0.92857
0.07143
0.07143
0.07143
0.07143
0.07143
0.07143
0.07143
0.07143
0.07143
0.07143
0.07143
0.07143
0.07143
0.07143
0.07143
0.07143
0.07143
0.07143
0.07143
0.07143
0.07143
0.07143
0.07143
0.07143
0.07143
0.07143
0.07143
0.07143
0.14286
0.14286
0.14286
0.14286
0.14286
0.14286
0.14286
0.14286
0.14286
0.14286
0.14286
0.14286
0.14286
0.14286
0.14286
0.14286
0.14286
0.14286
0.14286
0.14286
0.14286
0.14286
0.21429
0.14286
0.14286
0.07143
0.07143
0.07143
0.07143
0.07143
0.07143
0.07143
0.07143
0.07143
0.07143
0.07143
0.85714
0.85714
0.85714
0.85714
0.92857
0.92857
0.92857
0.92857
0.92857
0.92857
0.92857
0.92857
0.92857
0.92857
0.92857
0.92857
0.92857
0.92857
0.92857
0.92857
0.92857
0.92857
0.92857
0.92857
0.92857
0.92857
0.92857
0.92857
0.92857
0.92857
0.92857
0.92857
0.92857
0.92857
0.92857
0.92857
0.92857
0.92857
0.92857
0.92857
0.92857
0.92857
0.92857
0.92857
0.07143
0.07143
0.07143
0.07143
0.07143
0.07143
0.07143
0.07143
0.07143
0.07143
0.07143
0.07143
0.07143
0.07143
0.07143
0.07143
0.07143
0.07143
0.07143
0.07143
0.07143
0.07143
0.07143
0.07143
0.07143
0.07143
0.07143
0.07143
0.07143
0.07143
0.07143
0.07143
0.07143
0.07143
0.07143
0.07143
0.07143
0.07143
0.07143
0.07143
0.07143
0.07143
0.07143
0.07143
0.14286
0.21429
0.21429
0.35714
0.64286
0.64286
0.64286
0.64286
0.64286
0.50000
0.50000
0.50000
0.28571
0.07143
0.07143
0.07143
0.07143
0.07143
0.07143
0.07143
0.07143
0.07143
0.07143
0.07143
0.07143
0.07143
0.07143
0.07143
0.07143
0.07143
0.07143
0.07143
0.07143
0.07143
0.07143
0.07143
0.07143
0.07143
0.07143
0.07143
0.00000
0.00000
0.00000
0.00000
0.00000
0.00000
0.00000
0.00000
0.00000
0.00000
0.00000
0.00000
0.00000
0.00000
0.00000
0.00000
0.00000
0.00000
0.00000
0.00000
0.00000
0.00000
0.00000
0.00000
0.00000
0.00000
0.00000
0.00000
0.00000
0.00000
0.00000
0.00000
0.00000
0.00000
0.00000
0.00000
0.00000
0.00000
0.00000
0.00000
0.00000
0.00000
0.00000
0.00000
0.00000
0.00000
0.00000
0.00000
0.00000
0.00000
0.00000
0.00000
0.00000
0.00000
0.00000
0.00000
0.00000
0.00000
0.00000
0.00000
0.00000
0.00000
0.00000
0.00000
0.00000
0.00000
0.00000
0.00000
0.00000
0.00000
0.00000
0.00000
0.00000
0.00000
0.00000
0.00000
0.00000
0.00000
0.00000
0.00000
0.00000
0.00000
0.00000
0.00000
0.00000
0.00000
0.00000
0.00000
0.07143
0.00000
0.00000
0.00000
0.00000
0.00000
0.00000
0.00000
0.00000
0.00000
0.00000
0.00000
0.00000
0.00000
0.00000
0.00000
0.00000
0.14286
0.35714
0.35714
0.35714
0.35714
0.35714
0.35714
0.35714
0.35714
0.35714
0.35714
0.35714
0.35714
0.35714
0.35714
0.35714
0.35714
0.35714
0.35714
0.35714
0.35714
0.35714
0.35714
0.35714
0.35714
0.35714
0.35714
0.35714
0.35714
0.35714
0.35714
0.35714
0.35714
0.42857
0.42857
0.42857
0.42857
0.42857
0.42857
0.42857
0.42857
0.42857
0.42857
0.42857
0.50000
0.50000
0.50000
0.50000
0.50000
0.50000
0.50000
0.50000
0.50000
0.50000
0.57143
0.42857
0.42857
0.92857
0.92857
0.42857
0.42857
0.42857
0.42857
0.42857
0.42857
0.42857
0.35714
0.35714
0.35714
0.50000
0.35714
0.35714
0.35714
0.35714
0.35714
0.35714
0.35714
0.35714
0.35714
0.35714
0.35714
0.35714
0.35714
0.35714
0.35714
0.35714
0.35714
0.35714
0.35714
0.35714
0.35714
0.35714
0.35714
0.35714
0.35714
0.35714
0.35714
0.35714
0.35714
0.35714
0.35714
0.35714
0.35714
0.35714
0.35714
0.35714
0.35714
0.35714
0.35714
0.35714
0.35714
0.35714
0.35714
0.35714
0.35714
0.35714
0.35714
0.35714
0.35714
0.35714
0.35714
0.35714
0.35714
0.35714
0.35714
0.35714
0.35714
0.35714
0.35714
0.35714
0.35714
0.35714
0.35714
0.35714
0.35714
0.35714
0.35714
0.35714
0.35714
0.35714
0.35714
0.35714
0.35714
0.35714
0.35714
0.35714
0.35714
0.35714
0.35714
0.35714
0.35714
0.35714
0.35714
0.35714
0.35714
0.35714
0.35714
0.35714
0.35714
0.35714
0.35714
0.35714
0.35714
0.35714
0.35714
0.35714
0.35714
0.35714
0.35714
0.35714
0.35714
0.35714
0.35714
0.35714
0.35714
0.35714
0.35714
0.35714
0.35714
0.35714
0.35714
0.35714
0.42857
0.85714
0.92857
0.42857
0.35714
0.35714
0.35714
0.35714
0.35714
0.35714
0.35714
0.35714
0.35714
0.35714
0.35714
0.35714
0.35714
0.35714
0.35714
0.35714
0.35714
0.35714
0.35714
0.35714
0.35714
0.35714
0.35714
0.35714
0.35714
0.35714
0.35714
0.35714
0.35714
0.35714
0.42857
0.42857
0.50000
0.50000
0.57143
0.57143
0.57143
0.57143
0.92857
0.92857
0.92857
0.92857
0.92857
0.50000
0.50000
0.50000
0.50000
0.50000
0.50000
0.57143
0.57143
0.57143
0.57143
0.50000
0.50000
0.50000
0.50000
0.57143
0.57143
0.50000
0.57143
0.50000
0.50000
0.50000
0.50000
0.50000
0.50000
0.50000
0.50000
0.50000
0.50000
0.57143
0.57143
0.64286
0.64286
0.71429
0.92857
