pos	Sd	Nd	Sd_tip	Nd_tip	S	N	comparisons
001	0.0	0.0	0.0	0.0	0.0	0.0	0.0
002	0.0	0.0	0.0	0.0	0.0	0.0	0.0
003	0.0	0.0	0.0	0.0	0.0	0.0	0.0
004	0.0	0.0	0.0	0.0	0.0	0.0	0.0
005	0.0	0.0	0.0	0.0	0.0	0.0	0.0
006	0.0	0.0	0.0	0.0	0.0	0.0	0.0
007	0.0	0.0	0.0	0.0	0.0	0.0	0.0
008	0.0	0.0	0.0	0.0	0.0	0.0	0.0
009	0.0	0.0	0.0	0.0	0.0	0.0	0.0
010	0.0	0.0	0.0	0.0	0.0	0.0	0.0
011	0.0	0.0	0.0	0.0	0.0	0.0	0.0
012	0.0	0.0	0.0	0.0	0.0	0.0	0.0
013	0.0	0.0	0.0	0.0	0.0	0.0	0.0
014	0.0	0.0	0.0	0.0	0.0	0.0	0.0
015	0.0	0.0	0.0	0.0	0.0	0.0	0.0
016	0.0	0.0	0.0	0.0	0.0	0.0	0.0
017	0.0	0.0	0.0	0.0	0.0	0.0	0.0
018	0.0	0.0	0.0	0.0	0.0	0.0	0.0
019	0.0	0.0	0.0	0.0	0.0	0.0	0.0
020	0.0	0.0	0.0	0.0	0.0	0.0	0.0
021	0.0	0.0	0.0	0.0	0.0	0.0	0.0
022	0.0	0.0	0.0	0.0	0.0	0.0	0.0
023	0.0	0.0	0.0	0.0	0.0	0.0	0.0
024	0.0	0.0	0.0	0.0	0.0	0.0	0.0
025	0.0	0.0	0.0	0.0	0.0	0.0	0.0
026	0.0	0.0	0.0	0.0	0.0	0.0	0.0
027	0.0	0.0	0.0	0.0	0.0	0.0	0.0
028	0.0	0.0	0.0	0.0	0.0	0.0	0.0
029	0.0	0.0	0.0	0.0	0.0	0.0	0.0
030	0.0	0.0	0.0	0.0	0.0	0.0	0.0
031	1.0	1.0	0.0	0.0	1.0	2.0	0.0
032	0.0	1.0	0.0	0.0	0.3330000000000002	2.667	0.0
033	1.0	0.0	0.0	0.0	1.0	2.0	0.0
034	1.0	2.0	0.0	0.0	1.0	2.0	0.0
035	0.0	1.0	0.0	0.0	0.3330000000000002	2.667	0.0
036	1.0	1.0	0.0	0.0	1.0	2.0	0.0
037	0.0	0.0	0.0	0.0	0.0	0.0	0.0
038	1.0	0.0	0.0	0.0	0.3330000000000002	2.667	0.0
039	1.0	2.0	0.0	0.0	0.6680000000000001	2.332	0.0
040	1.0	0.0	0.0	0.0	0.3330000000000002	2.667	0.0
041	0.0	0.0	0.0	0.0	0.0	0.0	0.0
042	1.0	0.0	0.0	0.0	1.0	2.0	0.0
043	1.0	0.0	0.0	0.0	0.3330000000000002	2.667	0.0
044	1.0	0.0	0.0	0.0	1.0	2.0	0.0
045	1.0	0.0	0.0	0.0	0.3330000000000002	2.667	0.0
046	2.0	0.0	2.0	0.0	2.0	4.0	2.0
047	0.0	0.0	0.0	0.0	0.0	0.0	0.0
048	1.0	0.0	0.0	0.0	0.3330000000000002	2.667	0.0
049	1.0	2.0	0.0	0.0	1.0	2.0	0.0
050	0.0	0.0	0.0	0.0	0.0	0.0	0.0
051	1.0	2.0	0.0	0.0	1.0	2.0	0.0
052	0.0	0.0	0.0	0.0	0.0	0.0	0.0
053	3.0	2.0	1.0	0.0	2.333	6.667	1.0
054	0.0	0.0	0.0	0.0	0.0	0.0	0.0
055	2.0	1.0	0.0	0.0	0.9990000000000006	8.001	0.0
056	1.0	0.0	0.0	0.0	1.0	2.0	0.0
057	1.0	0.0	0.0	0.0	0.3330000000000002	2.667	0.0
058	0.0	0.0	0.0	0.0	0.0	0.0	0.0
059	1.0	0.0	0.0	0.0	0.6680000000000001	2.332	0.0
060	1.0	0.0	0.0	0.0	1.0	2.0	0.0
061	2.0	0.0	1.0	0.0	0.6660000000000004	5.334	1.0
062	1.0	0.0	0.0	0.0	1.0	2.0	0.0
063	0.0	0.0	0.0	0.0	0.0	0.0	0.0
064	1.0	0.0	0.0	0.0	1.0	2.0	0.0
065	1.0	0.0	0.0	0.0	1.0	2.0	0.0
066	1.0	0.0	0.0	0.0	0.3330000000000002	2.667	0.0
067	1.0	0.0	0.0	0.0	1.0	2.0	0.0
068	0.0	0.0	0.0	0.0	0.0	0.0	0.0
069	1.0	0.0	0.0	0.0	0.3330000000000002	2.667	0.0
070	1.0	1.0	0.0	0.0	1.0	2.0	0.0
071	1.0	2.0	1.0	0.0	1.6680000000000001	4.332	1.0
072	0.0	1.0	0.0	0.0	1.0	2.0	0.0
073	0.0	0.0	0.0	0.0	0.0	0.0	0.0
074	1.0	0.0	0.0	0.0	0.3330000000000002	2.667	0.0
075	0.0	0.0	0.0	0.0	0.0	0.0	0.0
076	3.0	0.0	1.0	0.0	3.8	5.2	1.0
077	2.0	1.0	0.0	0.0	3.0	6.0	0.0
078	1.0	0.0	0.0	0.0	0.3330000000000002	2.667	0.0
079	1.0	1.0	0.0	0.0	1.0	2.0	0.0
080	1.0	2.0	1.0	2.0	1.3330000000000002	4.667	2.0
081	2.0	2.0	2.0	1.0	3.0	6.0	2.0
082	1.0	0.0	0.0	0.0	1.0	2.0	0.0
083	1.0	1.0	0.0	0.0	1.3360000000000003	4.664	0.0
084	2.0	0.0	0.0	0.0	2.4	3.6	0.0
085	0.0	1.0	0.0	0.0	0.3330000000000002	2.667	0.0
086	1.0	0.0	0.0	0.0	1.4	1.6	0.0
087	1.0	0.0	1.0	0.0	0.6680000000000001	2.332	1.0
088	2.0	1.0	0.0	0.0	1.3330000000000002	4.667	0.0
089	2.0	0.0	1.0	0.0	2.0	4.0	1.0
090	0.0	2.0	0.0	0.0	0.6660000000000004	5.334	0.0
091	1.0	1.0	1.0	0.0	2.0	4.0	1.0
092	1.0	0.0	0.0	0.0	0.3330000000000002	2.667	0.0
093	1.0	0.0	1.0	0.0	1.0	2.0	1.0
094	1.0	0.0	0.0	0.0	0.3330000000000002	2.667	0.0
095	0.0	0.0	0.0	0.0	0.0	0.0	0.0
096	2.0	2.0	1.0	2.0	0.3330000000000002	5.667	1.0
097	2.0	1.0	1.0	1.0	1.3330000000000002	4.667	1.0
098	2.0	1.0	1.0	1.0	3.0	6.0	2.0
099	1.0	2.0	1.0	2.0	0.3330000000000002	2.667	1.0
100	2.0	2.0	2.0	2.0	1.6680000000000001	4.332	2.0
101	3.0	1.0	1.0	1.0	1.3330000000000002	4.667	1.0
102	3.0	2.0	1.0	2.0	1.6660000000000004	7.334	1.0
103	2.0	4.0	2.0	2.0	2.6660000000000004	9.334	3.0
104	2.0	2.0	1.0	2.0	1.3330000000000002	4.667	1.0
105	0.0	2.0	0.0	2.0	1.0	2.0	1.0
106	2.0	0.0	1.0	0.0	2.0	4.0	1.0
107	1.0	0.0	1.0	0.0	1.0	2.0	1.0
108	1.0	0.0	1.0	0.0	1.0	2.0	1.0
109	2.0	0.0	0.0	0.0	0.6660000000000004	5.334	0.0
110	2.0	0.0	1.0	0.0	1.3360000000000003	4.664	1.0
111	2.0	0.0	2.0	0.0	0.6660000000000004	5.334	2.0
112	0.0	0.0	0.0	0.0	0.0	0.0	0.0
113	0.0	0.0	0.0	0.0	0.0	0.0	0.0
114	1.0	0.0	0.0	0.0	1.0	2.0	0.0
115	2.0	0.0	2.0	0.0	2.0	4.0	2.0
116	1.0	0.0	1.0	0.0	1.0	2.0	1.0
117	2.0	0.0	0.0	0.0	0.6660000000000004	5.334	0.0
118	1.0	0.0	1.0	0.0	1.4	1.6	1.0
119	1.0	0.0	1.0	0.0	1.0	2.0	1.0
120	0.0	0.0	0.0	0.0	0.0	0.0	0.0
121	0.0	0.0	0.0	0.0	0.0	0.0	0.0
122	2.0	0.0	2.0	0.0	1.6680000000000001	4.332	2.0
123	1.0	0.0	1.0	0.0	1.0	2.0	1.0
124	1.0	0.0	1.0	0.0	1.0	2.0	1.0
125	0.0	0.0	0.0	0.0	0.0	0.0	0.0
126	2.0	0.0	2.0	0.0	2.0	4.0	2.0
127	1.0	0.0	1.0	0.0	0.6680000000000001	2.332	1.0
128	4.0	0.0	3.0	0.0	4.068	7.932	3.0
129	0.0	1.0	0.0	1.0	0.6680000000000001	2.332	1.0
130	2.0	0.0	1.0	0.0	2.0	4.0	1.0
131	0.0	0.0	0.0	0.0	0.0	0.0	0.0
132	1.0	0.0	1.0	0.0	0.3330000000000002	2.667	1.0
133	3.0	0.0	1.0	0.0	3.0	6.0	1.0
134	2.0	1.0	2.0	1.0	2.0	4.0	2.0
135	2.0	0.0	2.0	0.0	0.6660000000000004	5.334	2.0
136	2.0	0.0	2.0	0.0	0.6660000000000004	5.334	2.0
137	2.0	0.0	2.0	0.0	2.0	4.0	2.0
138	2.0	0.0	1.0	0.0	2.0	4.0	1.0
139	0.0	0.0	0.0	0.0	0.0	0.0	0.0
140	1.0	0.0	1.0	0.0	0.6680000000000001	2.332	1.0
141	2.0	1.0	1.0	1.0	2.0	4.0	1.0
142	2.0	2.0	1.0	2.0	1.6660000000000004	7.334	2.0
143	2.0	0.0	1.0	0.0	2.0	4.0	1.0
144	1.0	1.0	1.0	1.0	1.0	2.0	1.0
145	2.0	1.0	1.0	1.0	3.0	6.0	2.0
146	2.0	2.0	2.0	2.0	2.0	4.0	2.0
147	2.0	0.0	2.0	0.0	0.6660000000000004	5.334	2.0
148	2.0	2.0	1.0	2.0	2.333	6.667	2.0
149	0.0	0.0	0.0	0.0	0.0	0.0	0.0
150	0.0	0.0	0.0	0.0	0.0	0.0	0.0
151	3.0	3.0	2.0	2.0	4.333	10.667	3.0
152	2.0	0.0	1.0	0.0	2.0	4.0	1.0
153	3.0	0.0	1.0	0.0	3.0	6.0	1.0
154	2.0	2.0	1.0	2.0	2.3360000000000003	6.664	2.0
155	0.0	2.0	0.0	1.0	1.3330000000000002	4.667	1.0
156	0.0	0.0	0.0	0.0	0.0	0.0	0.0
157	3.0	0.0	3.0	0.0	3.4	5.6	3.0
158	1.0	0.0	1.0	0.0	0.3330000000000002	2.667	1.0
159	2.0	1.0	1.0	1.0	2.3360000000000003	6.664	2.0
160	1.0	0.0	1.0	0.0	1.0	2.0	1.0
161	2.0	0.0	1.0	0.0	2.0	4.0	1.0
162	1.0	0.0	1.0	0.0	0.3330000000000002	2.667	1.0
163	1.0	0.0	1.0	0.0	1.0	2.0	1.0
164	3.0	1.0	3.0	1.0	1.3330000000000002	4.667	2.0
165	1.0	1.0	1.0	1.0	1.0	2.0	1.0
166	1.0	0.0	0.0	0.0	0.3330000000000002	2.667	0.0
167	2.0	1.0	2.0	1.0	2.0	4.0	2.0
168	1.0	1.0	1.0	0.0	0.6660000000000004	5.334	1.0
169	1.0	0.0	1.0	0.0	0.3330000000000002	2.667	1.0
170	1.0	0.0	1.0	0.0	0.3330000000000002	2.667	1.0
171	2.0	1.0	2.0	1.0	2.668	6.332	3.0
172	1.0	0.0	1.0	0.0	0.6680000000000001	2.332	1.0
173	2.0	0.0	1.0	0.0	2.0	4.0	1.0
174	2.0	0.0	2.0	0.0	2.0	4.0	2.0
175	3.0	2.0	1.0	2.0	2.333	6.667	1.0
176	2.0	2.0	2.0	2.0	1.6660000000000004	7.334	3.0
177	2.0	0.0	2.0	0.0	0.6660000000000004	5.334	2.0
178	1.0	0.0	1.0	0.0	1.0	2.0	1.0
179	2.0	0.0	2.0	0.0	0.6660000000000004	5.334	2.0
180	2.0	0.0	1.0	0.0	2.0	4.0	1.0
181	1.0	1.0	1.0	1.0	1.0	2.0	1.0
182	1.0	0.0	1.0	0.0	0.3330000000000002	2.667	1.0
183	1.0	0.0	1.0	0.0	0.3330000000000002	2.667	1.0
184	0.0	0.0	0.0	0.0	0.0	0.0	0.0
185	0.0	1.0	0.0	1.0	0.3330000000000002	2.667	1.0
186	2.0	0.0	0.0	0.0	2.0	4.0	0.0
187	1.0	0.0	0.0	0.0	0.3330000000000002	2.667	0.0
188	1.0	0.0	0.0	0.0	1.0	2.0	0.0
189	1.0	4.0	1.0	2.0	4.336	10.664000000000001	3.0
190	1.0	0.0	0.0	0.0	0.3330000000000002	2.667	0.0
191	2.0	1.0	2.0	0.0	2.668	6.332	2.0
192	1.0	0.0	1.0	0.0	0.3330000000000002	2.667	1.0
193	2.0	0.0	1.0	0.0	1.3360000000000003	4.664	1.0
194	3.0	0.0	3.0	0.0	1.6680000000000001	4.332	2.0
195	1.0	0.0	0.0	0.0	0.3330000000000002	2.667	0.0
196	1.0	0.0	0.0	0.0	0.3330000000000002	2.667	0.0
197	0.0	0.0	0.0	0.0	0.0	0.0	0.0
198	0.0	0.0	0.0	0.0	0.0	0.0	0.0
199	2.0	0.0	1.0	0.0	2.0	4.0	1.0
200	2.0	0.0	1.0	0.0	2.8	3.2	1.0
201	2.0	0.0	1.0	0.0	1.3360000000000003	4.664	1.0
202	0.0	1.0	0.0	1.0	1.0	2.0	1.0
203	1.0	0.0	0.0	0.0	0.3330000000000002	2.667	0.0
204	2.0	0.0	2.0	0.0	2.0	4.0	2.0
205	2.0	1.0	1.0	1.0	2.0	4.0	1.0
206	4.0	0.0	3.0	0.0	2.668	6.332	2.0
207	0.0	0.0	0.0	0.0	0.0	0.0	0.0
208	4.0	0.0	4.0	0.0	2.3360000000000003	6.664	3.0
209	2.0	0.0	1.0	0.0	0.6660000000000004	5.334	1.0
210	1.0	0.0	1.0	0.0	1.0	2.0	1.0
211	1.0	2.0	1.0	1.0	1.0010000000000003	4.999	1.0
212	2.0	1.0	1.0	1.0	2.0	4.0	1.0
213	3.0	0.0	2.0	0.0	3.0	6.0	2.0
214	1.0	1.0	1.0	1.0	0.3330000000000002	2.667	1.0
215	2.0	0.0	1.0	0.0	2.0	4.0	1.0
216	3.0	0.0	2.0	0.0	3.0	6.0	2.0
217	4.0	0.0	3.0	0.0	3.736	8.264	3.0
218	2.0	0.0	2.0	0.0	0.6660000000000004	5.334	2.0
219	1.0	0.0	0.0	0.0	0.3330000000000002	2.667	0.0
220	1.0	0.0	0.0	0.0	0.3330000000000002	2.667	0.0
221	1.0	0.0	1.0	0.0	0.3330000000000002	2.667	1.0
222	1.0	0.0	1.0	0.0	1.0	2.0	1.0
223	3.0	0.0	1.0	0.0	3.0	6.0	1.0
224	1.0	0.0	1.0	0.0	0.3330000000000002	2.667	1.0
225	1.0	1.0	0.0	1.0	2.4	3.6	1.0
226	1.0	0.0	1.0	0.0	1.0	2.0	1.0
227	1.0	0.0	0.0	0.0	1.0	2.0	0.0
228	2.0	0.0	1.0	0.0	2.0	4.0	1.0
229	0.0	2.0	0.0	1.0	0.6660000000000004	5.334	1.0
230	3.0	0.0	3.0	0.0	2.0040000000000004	6.9959999999999996	3.0
231	2.0	0.0	1.0	0.0	2.0	4.0	1.0
232	2.0	0.0	2.0	0.0	0.6660000000000004	5.334	2.0
233	0.0	1.0	0.0	1.0	0.3330000000000002	2.667	1.0
234	3.0	0.0	2.0	0.0	1.6680000000000001	4.332	1.0
235	3.0	0.0	3.0	0.0	2.068	3.932	2.0
236	0.0	0.0	0.0	0.0	0.0	0.0	0.0
237	2.0	0.0	2.0	0.0	2.0	4.0	2.0
238	1.0	0.0	1.0	0.0	1.0	2.0	1.0
239	1.0	0.0	0.0	0.0	0.6680000000000001	2.332	0.0
240	1.0	0.0	1.0	0.0	0.3330000000000002	2.667	1.0
241	1.0	0.0	1.0	0.0	0.3330000000000002	2.667	1.0
242	1.0	0.0	1.0	0.0	1.0	2.0	1.0
243	2.0	0.0	1.0	0.0	0.6660000000000004	5.334	1.0
244	2.0	0.0	2.0	0.0	0.6660000000000004	5.334	2.0
245	1.0	1.0	0.0	1.0	1.6680000000000001	4.332	1.0
246	0.0	0.0	0.0	0.0	0.0	0.0	0.0
247	0.0	0.0	0.0	0.0	0.0	0.0	0.0
248	0.0	0.0	0.0	0.0	0.0	0.0	0.0
249	2.0	0.0	2.0	0.0	2.0	4.0	2.0
250	2.0	0.0	0.0	0.0	2.0	4.0	0.0
251	2.0	0.0	1.0	0.0	0.6660000000000004	5.334	1.0
252	1.0	0.0	1.0	0.0	0.6680000000000001	2.332	1.0
253	1.0	0.0	1.0	0.0	0.3330000000000002	2.667	1.0
254	1.0	0.0	1.0	0.0	0.3330000000000002	2.667	1.0
255	2.0	0.0	2.0	0.0	0.6660000000000004	5.334	2.0
256	3.0	0.0	2.0	0.0	2.736	6.263999999999999	2.0
257	1.0	0.0	1.0	0.0	0.3330000000000002	2.667	1.0
258	0.0	0.0	0.0	0.0	0.0	0.0	0.0
259	2.0	0.0	2.0	0.0	2.0	4.0	2.0
260	1.0	2.0	1.0	2.0	0.6660000000000004	5.334	2.0
261	3.0	0.0	2.0	0.0	3.0	6.0	2.0
262	0.0	3.0	0.0	2.0	3.0	6.0	2.0
263	0.0	0.0	0.0	0.0	0.0	0.0	0.0
264	1.0	1.0	0.0	1.0	0.6660000000000004	5.334	1.0
265	1.0	0.0	1.0	0.0	1.0	2.0	1.0
266	5.0	0.0	5.0	0.0	3.3360000000000003	8.664	4.0
267	2.0	0.0	1.0	0.0	0.6660000000000004	5.334	1.0
268	1.0	4.0	0.0	3.0	2.333	6.667	2.0
269	2.0	1.0	1.0	1.0	2.333	6.667	2.0
270	3.0	2.0	2.0	2.0	0.9990000000000006	8.001	2.0
271	1.0	4.0	1.0	4.0	2.0	4.0	2.0
272	2.0	2.0	1.0	2.0	1.3330000000000002	4.667	1.0
273	0.0	0.0	0.0	0.0	0.0	0.0	0.0
274	1.0	2.0	1.0	2.0	1.0	2.0	1.0
275	0.0	1.0	0.0	1.0	1.0	2.0	1.0
276	1.0	1.0	1.0	1.0	2.0	4.0	2.0
277	2.0	0.0	2.0	0.0	0.6660000000000004	5.334	2.0
278	2.0	1.0	0.0	1.0	0.9990000000000006	8.001	1.0
279	2.0	2.0	1.0	2.0	4.0	8.0	3.0
280	2.0	0.0	2.0	0.0	2.0	4.0	2.0
281	0.0	2.0	0.0	2.0	1.0	2.0	1.0
282	1.0	2.0	1.0	2.0	1.3330000000000002	4.667	2.0
283	2.0	3.0	1.0	2.0	4.0	8.0	2.0
284	5.0	2.0	4.0	2.0	1.3340000000000005	7.6659999999999995	2.0
285	3.0	2.0	1.0	1.0	4.0	8.0	1.0
286	0.0	0.0	0.0	0.0	0.0	0.0	0.0
287	1.0	2.0	0.0	0.0	0.6660000000000004	5.334	0.0
288	2.0	2.0	1.0	1.0	3.0	6.0	1.0
289	1.0	4.0	1.0	3.0	3.0	6.0	2.0
290	2.0	1.0	1.0	1.0	1.3330000000000002	4.667	1.0
291	1.0	0.0	1.0	0.0	1.0	2.0	1.0
292	1.0	2.0	1.0	2.0	3.0	6.0	3.0
293	1.0	1.0	0.0	1.0	1.3330000000000002	4.667	1.0
294	2.0	0.0	2.0	0.0	0.6660000000000004	5.334	2.0
295	1.0	0.0	1.0	0.0	0.3330000000000002	2.667	1.0
296	2.0	0.0	1.0	0.0	2.4	3.6	1.0
297	1.0	1.0	0.0	1.0	1.3330000000000002	4.667	1.0
298	1.0	0.0	0.0	0.0	1.0	2.0	0.0
299	1.0	0.0	1.0	0.0	0.3330000000000002	2.667	1.0
300	3.0	0.0	2.0	0.0	2.668	6.332	2.0
301	4.0	0.0	2.0	0.0	2.668	6.332	1.0
302	0.0	0.0	0.0	0.0	0.0	0.0	0.0
303	1.0	0.0	0.0	0.0	0.3330000000000002	2.667	0.0
304	1.0	0.0	1.0	0.0	0.3330000000000002	2.667	1.0
305	3.0	2.0	2.0	2.0	3.068	5.932	2.0
306	3.0	1.0	3.0	1.0	3.0	6.0	3.0
307	2.0	1.0	1.0	1.0	1.3330000000000002	4.667	1.0
308	1.0	1.0	0.0	1.0	2.0	4.0	1.0
309	1.0	2.0	1.0	2.0	1.0	2.0	1.0
310	0.0	0.0	0.0	0.0	0.0	0.0	0.0
311	2.0	2.0	1.0	1.0	3.0	6.0	1.0
312	1.0	2.0	0.0	2.0	1.0010000000000003	4.999	1.0
313	1.0	1.0	1.0	1.0	1.0	2.0	1.0
314	2.0	1.0	2.0	1.0	1.3330000000000002	4.667	2.0
315	3.0	0.0	3.0	0.0	3.0	6.0	3.0
316	3.0	2.0	2.0	2.0	4.0	8.0	3.0
317	3.0	0.0	3.0	0.0	3.0	6.0	3.0
318	1.0	1.0	1.0	1.0	1.0	2.0	1.0
319	2.0	2.0	2.0	2.0	1.3330000000000002	4.667	2.0
320	1.0	2.0	1.0	2.0	1.3330000000000002	4.667	2.0
321	2.0	2.0	1.0	2.0	2.0	4.0	1.0
322	1.0	1.0	1.0	1.0	0.3330000000000002	2.667	1.0
323	0.0	1.0	0.0	1.0	0.3330000000000002	2.667	1.0
324	3.0	3.0	1.0	2.0	5.0	10.0	3.0
325	2.0	1.0	2.0	1.0	2.0	4.0	2.0
326	2.0	1.0	1.0	1.0	1.6660000000000004	7.334	2.0
327	2.0	2.0	2.0	2.0	2.668	6.332	3.0
328	1.0	2.0	1.0	1.0	2.0	4.0	1.0
329	1.0	0.0	1.0	0.0	0.3330000000000002	2.667	1.0
330	3.0	2.0	2.0	2.0	3.333	8.667	3.0
331	0.0	0.0	0.0	0.0	0.0	0.0	0.0
332	2.0	0.0	1.0	0.0	0.6660000000000004	5.334	1.0
333	0.0	0.0	0.0	0.0	0.0	0.0	0.0
334	1.0	0.0	1.0	0.0	1.0	2.0	1.0
335	3.0	1.0	3.0	1.0	1.6680000000000001	4.332	2.0
336	0.0	1.0	0.0	1.0	1.0	2.0	1.0
337	3.0	2.0	1.0	2.0	3.333	8.667	2.0
338	2.0	0.0	2.0	0.0	2.0	4.0	2.0
339	1.0	2.0	1.0	2.0	1.0	2.0	1.0
340	0.0	2.0	0.0	2.0	0.3330000000000002	2.667	1.0
341	2.0	0.0	0.0	0.0	0.6660000000000004	5.334	0.0
342	2.0	1.0	2.0	1.0	2.0	4.0	2.0
343	1.0	1.0	0.0	1.0	0.6660000000000004	5.334	1.0
344	1.0	2.0	0.0	2.0	1.3330000000000002	4.667	1.0
345	1.0	0.0	1.0	0.0	1.4	1.6	1.0
346	3.0	0.0	2.0	0.0	3.0	6.0	2.0
347	2.0	2.0	0.0	2.0	1.6680000000000001	4.332	1.0
348	1.0	0.0	1.0	0.0	0.3330000000000002	2.667	1.0
349	0.0	0.0	0.0	0.0	0.0	0.0	0.0
350	2.0	2.0	2.0	0.0	2.333	6.667	2.0
351	1.0	0.0	1.0	0.0	1.0	2.0	1.0
352	3.0	1.0	1.0	1.0	3.0	6.0	1.0
353	2.0	2.0	1.0	2.0	3.0	6.0	2.0
354	1.0	3.0	1.0	2.0	1.6680000000000001	7.332	2.0
355	0.0	3.0	0.0	2.0	1.0	5.0	1.0
356	1.0	3.0	1.0	3.0	1.6660000000000004	7.334	3.0
357	1.0	0.0	1.0	0.0	1.0	2.0	1.0
358	2.0	2.0	1.0	1.0	2.0	4.0	1.0
359	1.0	0.0	0.0	0.0	1.0	2.0	0.0
360	1.0	3.0	1.0	1.0	2.668	9.332	2.0
361	1.0	2.0	0.0	0.0	2.0	4.0	0.0
362	2.0	0.0	2.0	0.0	2.0	4.0	2.0
363	1.0	1.0	1.0	1.0	0.6660000000000004	5.334	2.0
364	3.0	0.0	1.0	0.0	3.0	6.0	1.0
365	1.0	2.0	1.0	2.0	0.6680000000000001	2.332	1.0
366	3.0	2.0	3.0	2.0	2.333	6.667	3.0
367	3.0	0.0	3.0	0.0	3.0	6.0	3.0
368	2.0	1.0	2.0	1.0	0.9990000000000006	8.001	3.0
369	1.0	0.0	0.0	0.0	0.3330000000000002	2.667	0.0
370	2.0	0.0	1.0	0.0	2.0	4.0	1.0
371	3.0	0.0	2.0	0.0	3.0	6.0	2.0
372	1.0	1.0	1.0	1.0	1.0	2.0	1.0
373	2.0	1.0	1.0	1.0	2.0	4.0	1.0
374	1.0	0.0	1.0	0.0	0.3330000000000002	2.667	1.0
375	2.0	0.0	2.0	0.0	1.0	2.0	1.0
376	2.0	2.0	2.0	2.0	2.0	4.0	2.0
377	1.0	3.0	1.0	2.0	1.6680000000000001	4.332	1.0
378	0.0	1.0	0.0	1.0	0.0	3.0	1.0
379	2.0	0.0	2.0	0.0	2.0	4.0	2.0
380	3.0	1.0	3.0	1.0	3.0	6.0	3.0
381	4.0	0.0	3.0	0.0	2.668	6.332	2.0
382	0.0	0.0	0.0	0.0	0.0	0.0	0.0
383	1.0	0.0	1.0	0.0	0.3330000000000002	2.667	1.0
384	1.0	1.0	0.0	1.0	1.0010000000000003	4.999	1.0
385	2.0	0.0	1.0	0.0	2.4	3.6	1.0
386	0.0	2.0	0.0	2.0	0.6660000000000004	5.334	2.0
387	3.0	0.0	3.0	0.0	0.9990000000000006	8.001	3.0
388	2.0	0.0	2.0	0.0	2.0	4.0	2.0
389	1.0	2.0	0.0	2.0	0.6660000000000004	5.334	1.0
390	2.0	1.0	2.0	1.0	1.6660000000000004	7.334	3.0
391	2.0	0.0	2.0	0.0	1.3360000000000003	4.664	2.0
392	0.0	2.0	0.0	2.0	0.3330000000000002	2.667	1.0
393	2.0	0.0	0.0	0.0	2.0	4.0	0.0
394	2.0	0.0	2.0	0.0	2.0	4.0	2.0
395	2.0	0.0	1.0	0.0	0.6660000000000004	5.334	1.0
396	0.0	0.0	0.0	0.0	0.0	0.0	0.0
397	3.0	0.0	1.0	0.0	3.0	6.0	1.0
398	0.0	0.0	0.0	0.0	0.0	0.0	0.0
399	1.0	0.0	1.0	0.0	1.0	2.0	1.0
400	2.0	0.0	2.0	0.0	1.6680000000000001	4.332	2.0
401	2.0	0.0	2.0	0.0	2.8	3.2	2.0
402	1.0	0.0	1.0	0.0	0.3330000000000002	2.667	1.0
403	2.0	0.0	1.0	0.0	2.0	4.0	1.0
404	2.0	0.0	2.0	0.0	2.0	4.0	2.0
405	0.0	0.0	0.0	0.0	0.0	0.0	0.0
406	1.0	0.0	1.0	0.0	0.6680000000000001	2.332	1.0
407	1.0	0.0	1.0	0.0	0.3330000000000002	2.667	1.0
408	0.0	0.0	0.0	0.0	0.0	0.0	0.0
409	3.0	0.0	2.0	0.0	3.068	5.932	2.0
410	1.0	0.0	1.0	0.0	1.0	2.0	1.0
411	2.0	0.0	1.0	0.0	2.0	4.0	1.0
412	2.0	0.0	2.0	0.0	0.6660000000000004	5.334	2.0
413	1.0	0.0	1.0	0.0	0.3330000000000002	2.667	1.0
414	2.0	0.0	2.0	0.0	2.0	4.0	2.0
415	1.0	0.0	1.0	0.0	0.3330000000000002	2.667	1.0
416	1.0	0.0	1.0	0.0	1.0	2.0	1.0
417	2.0	0.0	1.0	0.0	0.6660000000000004	5.334	1.0
418	2.0	0.0	1.0	0.0	0.6660000000000004	5.334	1.0
419	1.0	0.0	0.0	0.0	0.3330000000000002	2.667	0.0
420	2.0	0.0	2.0	0.0	2.0	4.0	2.0
421	1.0	0.0	0.0	0.0	0.3330000000000002	2.667	0.0
422	2.0	0.0	1.0	0.0	0.6660000000000004	5.334	1.0
423	1.0	2.0	1.0	2.0	1.0	2.0	1.0
424	0.0	0.0	0.0	0.0	0.0	0.0	0.0
425	1.0	0.0	0.0	0.0	0.3330000000000002	2.667	0.0
426	1.0	0.0	1.0	0.0	1.0	2.0	1.0
427	2.0	0.0	1.0	0.0	1.3360000000000003	4.664	1.0
428	2.0	0.0	1.0	0.0	2.0	4.0	1.0
429	2.0	0.0	2.0	0.0	0.6660000000000004	5.334	2.0
430	1.0	2.0	1.0	2.0	1.0	2.0	1.0
431	2.0	0.0	2.0	0.0	0.6660000000000004	5.334	2.0
432	2.0	0.0	1.0	0.0	1.3360000000000003	4.664	1.0
433	2.0	0.0	1.0	0.0	2.0	4.0	1.0
434	0.0	0.0	0.0	0.0	0.0	0.0	0.0
435	1.0	1.0	1.0	1.0	1.3330000000000002	4.667	2.0
436	1.0	2.0	0.0	2.0	0.6660000000000004	5.334	1.0
437	3.0	0.0	2.0	0.0	3.0	6.0	2.0
438	2.0	0.0	2.0	0.0	0.6660000000000004	5.334	2.0
439	1.0	2.0	1.0	2.0	2.333	6.667	3.0
440	1.0	1.0	1.0	1.0	0.6660000000000004	5.334	2.0
441	2.0	1.0	0.0	1.0	0.9990000000000006	8.001	1.0
442	2.0	2.0	2.0	2.0	1.3330000000000002	4.667	2.0
443	1.0	2.0	1.0	2.0	2.0	4.0	2.0
444	2.0	0.0	2.0	0.0	0.6660000000000004	5.334	2.0
445	2.0	1.0	1.0	1.0	1.3330000000000002	4.667	1.0
446	0.0	2.0	0.0	2.0	1.3330000000000002	4.667	2.0
447	1.0	0.0	0.0	0.0	0.3330000000000002	2.667	0.0
448	3.0	2.0	2.0	2.0	3.0	9.0	3.0
449	1.0	0.0	0.0	0.0	0.3330000000000002	2.667	0.0
450	1.0	4.0	1.0	2.0	2.333	6.667	1.0
451	1.0	2.0	1.0	1.0	1.3340000000000005	7.6659999999999995	2.0
452	1.0	3.0	1.0	3.0	2.4	3.6	2.0
453	1.0	3.0	1.0	2.0	3.0	6.0	2.0
454	1.0	3.0	1.0	2.0	1.3330000000000002	4.667	1.0
455	3.0	3.0	2.0	3.0	4.333	10.667	4.0
456	2.0	3.0	1.0	2.0	5.0	10.0	3.0
457	1.0	1.0	1.0	1.0	0.3330000000000002	2.667	1.0
458	1.0	3.0	0.0	1.0	2.333	6.667	1.0
459	2.0	3.0	1.0	2.0	2.3340000000000005	9.666	2.0
460	2.0	4.0	1.0	2.0	4.4	10.6	3.0
461	4.0	1.0	2.0	1.0	1.0010000000000003	4.999	1.0
462	3.0	3.0	2.0	2.0	3.6660000000000004	11.334	3.0
463	1.0	2.0	1.0	2.0	1.3330000000000002	4.667	2.0
464	0.0	2.0	0.0	2.0	0.3330000000000002	2.667	1.0
465	2.0	1.0	1.0	1.0	2.0	4.0	1.0
466	2.0	3.0	1.0	2.0	3.0010000000000003	8.998999999999999	2.0
467	2.0	2.0	1.0	2.0	1.3320000000000007	10.668	3.0
468	1.0	1.0	1.0	1.0	1.3330000000000002	4.667	2.0
469	0.0	2.0	0.0	2.0	0.6660000000000004	5.334	2.0
470	2.0	3.0	0.0	1.0	1.6660000000000004	7.334	1.0
471	1.0	2.0	1.0	2.0	1.0	2.0	1.0
472	1.0	3.0	1.0	2.0	2.333	6.667	2.0
473	2.0	1.0	1.0	0.0	2.333	6.667	1.0
474	2.0	3.0	1.0	1.0	1.9990000000000006	10.001	1.0
475	1.0	3.0	0.0	0.0	2.333	6.667	0.0
476	1.0	3.0	1.0	2.0	2.333	6.667	2.0
477	3.0	1.0	1.0	0.0	3.0	6.0	1.0
478	2.0	0.0	2.0	0.0	2.0	4.0	2.0
479	1.0	2.0	0.0	0.0	2.0	4.0	0.0
480	0.0	2.0	0.0	0.0	0.3330000000000002	2.667	0.0
481	3.0	2.0	2.0	0.0	1.6660000000000004	7.334	2.0
482	4.0	1.0	3.0	1.0	5.4	9.6	4.0
483	2.0	4.0	1.0	1.0	2.668	9.332	1.0
484	2.0	1.0	2.0	0.0	3.0	6.0	2.0
485	1.0	2.0	0.0	1.0	2.0	4.0	1.0
486	0.0	0.0	0.0	0.0	0.0	0.0	0.0
487	2.0	1.0	2.0	0.0	0.9990000000000006	8.001	2.0
488	2.0	3.0	1.0	1.0	3.333	8.667	2.0
489	2.0	0.0	1.0	0.0	2.0	4.0	1.0
490	3.0	0.0	2.0	0.0	2.668	6.332	2.0
491	2.0	0.0	1.0	0.0	2.0	4.0	1.0
492	0.0	1.0	0.0	0.0	1.0	2.0	0.0
493	1.0	0.0	1.0	0.0	0.3330000000000002	2.667	1.0
494	2.0	0.0	1.0	0.0	1.6680000000000001	4.332	1.0
495	2.0	0.0	1.0	0.0	2.0	4.0	1.0
496	0.0	4.0	0.0	1.0	0.9990000000000006	8.001	1.0
497	3.0	1.0	0.0	0.0	0.9990000000000006	8.001	0.0
498	2.0	5.0	1.0	2.0	2.9990000000000006	12.001	2.0
499	1.0	2.0	0.0	0.0	1.0	2.0	0.0
500	0.0	0.0	0.0	0.0	0.0	0.0	0.0
501	1.0	0.0	0.0	0.0	1.0	2.0	0.0
502	1.0	1.0	0.0	0.0	1.0	2.0	0.0
503	2.0	1.0	1.0	0.0	2.0	4.0	1.0
504	2.0	0.0	0.0	0.0	2.0	4.0	0.0
505	2.0	0.0	0.0	0.0	2.0	4.0	0.0
506	3.0	2.0	2.0	0.0	3.068	5.932	2.0
507	1.0	1.0	1.0	0.0	0.6660000000000004	5.334	1.0
508	1.0	1.0	0.0	0.0	2.0	4.0	0.0
509	2.0	1.0	0.0	0.0	2.0	4.0	0.0
510	0.0	0.0	0.0	0.0	0.0	0.0	0.0
511	2.0	2.0	1.0	0.0	1.3330000000000002	4.667	1.0
512	2.0	0.0	0.0	0.0	0.6680000000000001	2.332	0.0
513	2.0	2.0	1.0	0.0	1.3330000000000002	4.667	1.0
514	2.0	1.0	0.0	0.0	1.0	2.0	0.0
515	1.0	1.0	0.0	0.0	1.0	2.0	0.0
516	1.0	1.0	0.0	0.0	0.6660000000000004	5.334	0.0
517	2.0	0.0	1.0	0.0	0.6660000000000004	5.334	1.0
518	1.0	1.0	0.0	0.0	1.4	1.6	0.0
519	0.0	2.0	0.0	0.0	1.0	2.0	0.0
520	1.0	1.0	1.0	0.0	0.6660000000000004	5.334	1.0
521	2.0	2.0	0.0	1.0	3.668	8.332	1.0
522	0.0	4.0	0.0	0.0	1.6660000000000004	7.334	0.0
523	2.0	2.0	0.0	0.0	1.3330000000000002	4.667	0.0
524	2.0	2.0	1.0	0.0	1.3330000000000002	4.667	1.0
525	2.0	2.0	1.0	0.0	2.0	4.0	1.0
526	2.0	1.0	2.0	0.0	3.0	6.0	2.0
527	0.0	0.0	0.0	0.0	0.0	0.0	0.0
528	0.0	1.0	0.0	0.0	1.0	2.0	0.0
529	2.0	2.0	1.0	0.0	2.333	6.667	1.0
530	1.0	2.0	0.0	0.0	0.3330000000000002	2.667	0.0
531	1.0	0.0	1.0	0.0	0.3330000000000002	2.667	1.0
532	2.0	0.0	2.0	0.0	2.0	4.0	2.0
533	0.0	0.0	0.0	0.0	0.0	0.0	0.0
534	1.0	3.0	0.0	1.0	1.6680000000000001	4.332	1.0
535	0.0	1.0	0.0	0.0	1.0	2.0	0.0
536	0.0	1.0	0.0	0.0	0.3330000000000002	2.667	0.0
537	2.0	3.0	1.0	1.0	3.668	8.332	2.0
538	0.0	2.0	0.0	0.0	1.3330000000000002	4.667	0.0
539	1.0	1.0	0.0	0.0	0.3330000000000002	2.667	0.0
540	3.0	1.0	1.0	0.0	4.0	8.0	1.0
541	0.0	1.0	0.0	0.0	0.3330000000000002	2.667	0.0
542	1.0	2.0	0.0	0.0	0.6660000000000004	5.334	0.0
543	3.0	1.0	2.0	0.0	2.0010000000000003	6.999	1.0
544	1.0	0.0	0.0	0.0	1.0	2.0	0.0
545	2.0	1.0	0.0	0.0	1.6660000000000004	7.334	0.0
546	1.0	2.0	0.0	0.0	1.6680000000000001	4.332	0.0
547	1.0	2.0	0.0	0.0	0.6660000000000004	5.334	0.0
548	1.0	0.0	1.0	0.0	0.6680000000000001	2.332	1.0
549	1.0	0.0	0.0	0.0	0.3330000000000002	2.667	0.0
550	0.0	0.0	0.0	0.0	0.0	0.0	0.0
551	2.0	2.0	0.0	0.0	1.6680000000000001	4.332	0.0
552	2.0	1.0	1.0	0.0	1.6680000000000001	4.332	1.0
553	1.0	0.0	0.0	0.0	1.0	2.0	0.0
554	0.0	0.0	0.0	0.0	0.0	0.0	0.0
555	1.0	0.0	0.0	0.0	0.3330000000000002	2.667	0.0
556	0.0	0.0	0.0	0.0	0.0	0.0	0.0
557	1.0	0.0	0.0	0.0	1.0	2.0	0.0
558	0.0	0.0	0.0	0.0	0.0	0.0	0.0
559	2.0	1.0	1.0	0.0	2.0	4.0	1.0
560	1.0	0.0	0.0	0.0	1.0	2.0	0.0
561	1.0	0.0	0.0	0.0	1.0	2.0	0.0
562	1.0	0.0	0.0	0.0	1.0	2.0	0.0
563	1.0	0.0	0.0	0.0	1.0	2.0	0.0
564	1.0	0.0	0.0	0.0	1.0	2.0	0.0
565	1.0	0.0	0.0	0.0	0.3330000000000002	2.667	0.0
566	2.0	0.0	1.0	0.0	2.0	4.0	1.0
567	1.0	0.0	0.0	0.0	1.0	2.0	0.0
568	1.0	0.0	0.0	0.0	0.3330000000000002	2.667	0.0
569	2.0	1.0	0.0	0.0	3.0	6.0	0.0
570	0.0	2.0	0.0	0.0	1.0	2.0	0.0
571	2.0	2.0	0.0	0.0	2.668	6.332	0.0
572	1.0	2.0	1.0	1.0	2.668	6.332	2.0
573	2.0	1.0	0.0	0.0	2.333	6.667	0.0
574	2.0	0.0	1.0	0.0	2.0	4.0	1.0
575	1.0	2.0	0.0	0.0	1.0	2.0	0.0
576	1.0	3.0	0.0	1.0	1.6660000000000004	7.334	1.0
577	2.0	2.0	1.0	0.0	2.0	7.0	1.0
578	1.0	2.0	0.0	1.0	3.0	6.0	1.0
579	1.0	0.0	0.0	0.0	1.0	2.0	0.0
580	1.0	1.0	0.0	0.0	0.3330000000000002	2.667	0.0
581	0.0	0.0	0.0	0.0	0.0	0.0	0.0
