all_syn	all_nonSyn	tip_syn	tip_nonSyn	S	N	comparisons
001	0.0	0.0	0.0	0.0	0.0	0.0	0.0
002	2.0	2.0	0.0	1.0	3.0	6.0	1.0
003	3.0	1.0	2.0	0.0	4.0	8.0	2.0
004	1.0	1.0	1.0	1.0	0.0	3.0	1.0
005	0.0	2.0	0.0	2.0	2.4	3.6	2.0
006	0.0	3.0	0.0	2.0	0.6660000000000004	5.334	1.0
007	1.0	2.0	1.0	1.0	2.0010000000000003	6.999	2.0
008	1.0	0.0	1.0	0.0	0.3330000000000002	2.667	1.0
009	2.0	1.0	1.0	0.0	3.068	5.932	1.0
010	3.0	0.0	3.0	0.0	3.0	6.0	3.0
011	2.0	2.0	1.0	1.0	1.6660000000000004	7.334	2.0
012	1.0	3.0	1.0	3.0	1.6690000000000005	7.3309999999999995	3.0
013	1.0	0.0	1.0	0.0	1.0	2.0	1.0
014	2.0	1.0	2.0	1.0	1.3330000000000002	4.667	2.0
015	0.0	2.0	0.0	2.0	1.0	2.0	1.0
016	0.0	0.0	0.0	0.0	0.0	0.0	0.0
017	1.0	1.0	0.0	1.0	2.0	4.0	1.0
018	1.0	1.0	1.0	1.0	2.0	4.0	2.0
019	1.0	2.0	1.0	1.0	2.333	6.667	2.0
020	2.0	2.0	2.0	2.0	3.0	6.0	3.0
021	0.0	0.0	0.0	0.0	0.0	0.0	0.0
022	1.0	1.0	1.0	1.0	0.6680000000000001	2.332	1.0
023	1.0	0.0	1.0	0.0	0.3330000000000002	2.667	1.0
024	1.0	0.0	1.0	0.0	1.4	1.6	1.0
025	1.0	0.0	1.0	0.0	0.3330000000000002	2.667	1.0
026	1.0	0.0	1.0	0.0	0.6680000000000001	2.332	1.0
027	2.0	3.0	2.0	1.0	5.0	10.0	3.0
028	1.0	0.0	1.0	0.0	1.0	2.0	1.0
029	0.0	0.0	0.0	0.0	0.0	0.0	0.0
030	2.0	0.0	1.0	0.0	2.0	4.0	1.0
031	2.0	0.0	0.0	0.0	0.6660000000000004	5.334	0.0
032	2.0	0.0	1.0	0.0	2.0	4.0	1.0
033	1.0	0.0	1.0	0.0	0.3330000000000002	2.667	1.0
034	4.0	2.0	3.0	2.0	5.0	10.0	4.0
035	2.0	0.0	2.0	0.0	2.0	4.0	2.0
036	3.0	0.0	1.0	0.0	3.8	5.2	1.0
037	1.0	1.0	1.0	1.0	1.733	4.2669999999999995	2.0
038	2.0	1.0	0.0	1.0	3.0	6.0	1.0
039	0.0	1.0	0.0	0.0	0.3330000000000002	2.667	0.0
040	2.0	0.0	1.0	0.0	0.6660000000000004	5.334	1.0
041	1.0	0.0	1.0	0.0	1.0	2.0	1.0
042	1.0	0.0	1.0	0.0	0.3330000000000002	2.667	1.0
043	1.0	0.0	0.0	0.0	0.3330000000000002	2.667	0.0
044	0.0	0.0	0.0	0.0	0.0	0.0	0.0
045	3.0	3.0	1.0	3.0	5.0	10.0	3.0
046	0.0	0.0	0.0	0.0	0.0	0.0	0.0
047	1.0	0.0	1.0	0.0	0.3330000000000002	2.667	1.0
048	0.0	0.0	0.0	0.0	0.0	0.0	0.0
049	0.0	0.0	0.0	0.0	0.0	0.0	0.0
050	3.0	0.0	3.0	0.0	3.0	6.0	3.0
051	2.0	1.0	1.0	1.0	2.3360000000000003	6.664	2.0
052	1.0	1.0	1.0	1.0	2.0	4.0	2.0
053	2.0	5.0	2.0	3.0	3.333	8.667	2.0
054	0.0	0.0	0.0	0.0	0.0	0.0	0.0
055	3.0	0.0	3.0	0.0	3.0	6.0	3.0
056	2.0	1.0	1.0	1.0	1.3330000000000002	4.667	1.0
057	1.0	0.0	0.0	0.0	0.3330000000000002	2.667	0.0
058	0.0	0.0	0.0	0.0	0.0	0.0	0.0
059	2.0	2.0	2.0	2.0	3.0	6.0	3.0
060	1.0	1.0	1.0	1.0	0.6660000000000004	5.334	2.0
061	1.0	0.0	1.0	0.0	0.3330000000000002	2.667	1.0
062	1.0	0.0	0.0	0.0	1.0	2.0	0.0
063	2.0	0.0	1.0	0.0	2.0	4.0	1.0
064	0.0	0.0	0.0	0.0	0.0	0.0	0.0
065	1.0	0.0	1.0	0.0	0.6680000000000001	2.332	1.0
066	1.0	0.0	1.0	0.0	0.6680000000000001	2.332	1.0
067	3.0	0.0	1.0	0.0	3.0	6.0	1.0
068	2.0	0.0	2.0	0.0	2.0	4.0	2.0
069	2.0	0.0	1.0	0.0	1.3360000000000003	4.664	1.0
070	1.0	0.0	1.0	0.0	0.3330000000000002	2.667	1.0
071	1.0	0.0	0.0	0.0	0.3330000000000002	2.667	0.0
072	0.0	0.0	0.0	0.0	0.0	0.0	0.0
073	2.0	0.0	2.0	0.0	0.6660000000000004	5.334	2.0
074	0.0	0.0	0.0	0.0	0.0	0.0	0.0
075	1.0	0.0	1.0	0.0	0.3330000000000002	2.667	1.0
076	2.0	0.0	1.0	0.0	2.0	4.0	1.0
077	2.0	0.0	1.0	0.0	2.0	4.0	1.0
078	2.0	0.0	1.0	0.0	2.0	4.0	1.0
079	1.0	0.0	1.0	0.0	1.0	2.0	1.0
080	2.0	0.0	2.0	0.0	2.4	3.6	2.0
081	1.0	2.0	1.0	2.0	0.3330000000000002	2.667	1.0
082	0.0	0.0	0.0	0.0	0.0	0.0	0.0
083	1.0	0.0	1.0	0.0	0.6680000000000001	2.332	1.0
084	1.0	1.0	1.0	0.0	2.0	4.0	1.0
085	0.0	2.0	0.0	2.0	2.0	4.0	2.0
086	0.0	0.0	0.0	0.0	0.0	0.0	0.0
087	1.0	2.0	1.0	1.0	0.9990000000000006	8.001	2.0
088	2.0	0.0	1.0	0.0	2.0	4.0	1.0
089	1.0	3.0	1.0	3.0	1.6660000000000004	7.334	3.0
090	2.0	1.0	2.0	1.0	3.0	6.0	3.0
091	4.0	0.0	2.0	0.0	4.068	7.932	2.0
092	1.0	2.0	1.0	2.0	1.6680000000000001	4.332	2.0
093	2.0	0.0	0.0	0.0	2.0	4.0	0.0
094	3.0	0.0	3.0	0.0	3.0	6.0	3.0
095	0.0	0.0	0.0	0.0	0.0	0.0	0.0
096	1.0	0.0	1.0	0.0	1.0	2.0	1.0
097	1.0	3.0	1.0	2.0	2.668	6.332	2.0
098	1.0	1.0	1.0	1.0	0.6660000000000004	5.334	2.0
099	0.0	0.0	0.0	0.0	0.0	0.0	0.0
100	2.0	1.0	0.0	1.0	0.9990000000000006	8.001	1.0
101	3.0	2.0	1.0	2.0	3.333	8.667	2.0
102	2.0	1.0	1.0	1.0	2.0	4.0	1.0
103	2.0	0.0	1.0	0.0	2.0	4.0	1.0
104	1.0	1.0	1.0	1.0	1.0	2.0	1.0
105	1.0	0.0	1.0	0.0	0.3330000000000002	2.667	1.0
106	3.0	0.0	2.0	0.0	3.4	5.6	2.0
107	4.0	0.0	3.0	0.0	4.0	8.0	3.0
108	3.0	3.0	1.0	3.0	3.733	8.267	3.0
109	1.0	1.0	1.0	1.0	1.0	2.0	1.0
110	2.0	0.0	1.0	0.0	2.4	3.6	1.0
111	2.0	1.0	2.0	1.0	1.3330000000000002	4.667	2.0
112	3.0	0.0	1.0	0.0	0.9990000000000006	8.001	1.0
113	1.0	2.0	1.0	0.0	3.0	6.0	1.0
114	3.0	0.0	2.0	0.0	0.9990000000000006	8.001	2.0
115	1.0	0.0	1.0	0.0	1.0	2.0	1.0
116	2.0	0.0	1.0	0.0	0.6660000000000004	5.334	1.0
117	2.0	0.0	1.0	0.0	2.0	4.0	1.0
118	1.0	2.0	1.0	2.0	1.4	1.6	1.0
119	2.0	0.0	1.0	0.0	2.0	4.0	1.0
120	1.0	0.0	1.0	0.0	1.0	2.0	1.0
121	2.0	0.0	0.0	0.0	2.0	4.0	0.0
122	1.0	0.0	1.0	0.0	0.6680000000000001	2.332	1.0
123	0.0	0.0	0.0	0.0	0.0	0.0	0.0
124	1.0	0.0	1.0	0.0	0.3330000000000002	2.667	1.0
125	1.0	0.0	1.0	0.0	0.3330000000000002	2.667	1.0
126	2.0	0.0	1.0	0.0	2.0	4.0	1.0
127	2.0	0.0	0.0	0.0	2.0	4.0	0.0
128	1.0	0.0	0.0	0.0	0.3330000000000002	2.667	0.0
129	2.0	0.0	2.0	0.0	2.0	4.0	2.0
130	1.0	0.0	1.0	0.0	0.3330000000000002	2.667	1.0
131	0.0	0.0	0.0	0.0	0.0	0.0	0.0
132	2.0	0.0	0.0	0.0	2.0	4.0	0.0
133	2.0	0.0	1.0	0.0	2.4	3.6	1.0
134	1.0	0.0	1.0	0.0	1.0	2.0	1.0
135	0.0	1.0	0.0	1.0	0.3330000000000002	2.667	1.0
136	3.0	0.0	1.0	0.0	3.0	6.0	1.0
137	1.0	1.0	1.0	1.0	1.0	2.0	1.0
138	2.0	0.0	2.0	0.0	2.0	4.0	2.0
139	1.0	0.0	1.0	0.0	0.3330000000000002	2.667	1.0
140	0.0	0.0	0.0	0.0	0.0	0.0	0.0
141	0.0	0.0	0.0	0.0	0.0	0.0	0.0
142	1.0	0.0	1.0	0.0	0.6680000000000001	2.332	1.0
143	0.0	0.0	0.0	0.0	0.0	0.0	0.0
144	2.0	0.0	1.0	0.0	2.0	4.0	1.0
145	2.0	0.0	1.0	0.0	0.6660000000000004	5.334	1.0
146	1.0	0.0	1.0	0.0	0.3330000000000002	2.667	1.0
147	1.0	0.0	1.0	0.0	0.3330000000000002	2.667	1.0
148	2.0	0.0	2.0	0.0	2.0	4.0	2.0
149	1.0	0.0	0.0	0.0	1.0	2.0	0.0
150	0.0	0.0	0.0	0.0	0.0	0.0	0.0
151	1.0	0.0	1.0	0.0	1.0	2.0	1.0
152	2.0	2.0	1.0	2.0	1.3330000000000002	4.667	1.0
153	3.0	0.0	2.0	0.0	3.0	6.0	2.0
154	3.0	1.0	3.0	1.0	2.3360000000000003	6.664	3.0
155	0.0	0.0	0.0	0.0	0.0	0.0	0.0
156	2.0	0.0	2.0	0.0	2.0	4.0	2.0
157	0.0	0.0	0.0	0.0	0.0	0.0	0.0
158	3.0	2.0	1.0	1.0	2.736	6.263999999999999	1.0
159	2.0	0.0	2.0	0.0	0.6680000000000001	2.332	1.0
160	1.0	0.0	1.0	0.0	1.0	2.0	1.0
161	1.0	0.0	1.0	0.0	1.0	2.0	1.0
162	1.0	0.0	1.0	0.0	0.3330000000000002	2.667	1.0
163	0.0	0.0	0.0	0.0	0.0	0.0	0.0
164	1.0	0.0	1.0	0.0	0.3330000000000002	2.667	1.0
165	1.0	0.0	1.0	0.0	1.0	2.0	1.0
166	1.0	0.0	1.0	0.0	0.3330000000000002	2.667	1.0
167	1.0	1.0	0.0	1.0	0.6680000000000001	5.332	1.0
168	2.0	0.0	1.0	0.0	2.0	4.0	1.0
169	2.0	0.0	1.0	0.0	2.0	4.0	1.0
170	1.0	0.0	1.0	0.0	1.0	2.0	1.0
171	0.0	0.0	0.0	0.0	0.0	0.0	0.0
172	2.0	0.0	2.0	0.0	2.0	4.0	2.0
173	1.0	0.0	1.0	0.0	0.3330000000000002	2.667	1.0
174	0.0	0.0	0.0	0.0	0.0	0.0	0.0
175	2.0	0.0	1.0	0.0	1.3360000000000003	4.664	1.0
176	3.0	0.0	2.0	0.0	3.0	6.0	2.0
177	0.0	1.0	0.0	1.0	0.6680000000000001	2.332	1.0
178	1.0	0.0	1.0	0.0	1.0	2.0	1.0
179	1.0	0.0	1.0	0.0	1.0	2.0	1.0
180	0.0	0.0	0.0	0.0	0.0	0.0	0.0
181	1.0	2.0	0.0	2.0	0.9990000000000006	8.001	2.0
182	3.0	0.0	2.0	0.0	3.0	6.0	2.0
183	1.0	2.0	1.0	2.0	0.3330000000000002	2.667	1.0
184	0.0	3.0	0.0	0.0	1.4	4.6	0.0
185	1.0	0.0	1.0	0.0	1.0	2.0	1.0
186	1.0	0.0	1.0	0.0	1.0	2.0	1.0
187	2.0	0.0	1.0	0.0	2.0	4.0	1.0
188	0.0	0.0	0.0	0.0	0.0	0.0	0.0
189	0.0	1.0	0.0	1.0	0.3330000000000002	2.667	1.0
190	1.0	0.0	1.0	0.0	0.3330000000000002	2.667	1.0
191	0.0	0.0	0.0	0.0	0.0	0.0	0.0
192	3.0	0.0	3.0	0.0	3.4	5.6	3.0
193	3.0	0.0	2.0	0.0	3.0	6.0	2.0
194	2.0	0.0	2.0	0.0	2.0	4.0	2.0
195	1.0	0.0	1.0	0.0	1.0	2.0	1.0
196	0.0	0.0	0.0	0.0	0.0	0.0	0.0
197	1.0	0.0	0.0	0.0	0.6680000000000001	2.332	0.0
198	0.0	0.0	0.0	0.0	0.0	0.0	0.0
199	2.0	0.0	1.0	0.0	2.0	4.0	1.0
200	1.0	0.0	1.0	0.0	1.0	2.0	1.0
201	1.0	0.0	1.0	0.0	0.3330000000000002	2.667	1.0
202	2.0	0.0	0.0	0.0	0.6660000000000004	5.334	0.0
203	0.0	0.0	0.0	0.0	0.0	0.0	0.0
204	1.0	0.0	1.0	0.0	0.6680000000000001	2.332	1.0
205	3.0	0.0	2.0	0.0	3.0	6.0	2.0
206	1.0	0.0	1.0	0.0	1.0	2.0	1.0
207	2.0	0.0	1.0	0.0	2.0	4.0	1.0
208	0.0	0.0	0.0	0.0	0.0	0.0	0.0
209	0.0	0.0	0.0	0.0	0.0	0.0	0.0
210	1.0	0.0	1.0	0.0	0.6680000000000001	2.332	1.0
211	2.0	0.0	2.0	0.0	0.6660000000000004	5.334	2.0
212	1.0	0.0	1.0	0.0	1.0	2.0	1.0
213	2.0	0.0	1.0	0.0	2.0	4.0	1.0
214	1.0	0.0	1.0	0.0	1.0	2.0	1.0
215	2.0	0.0	2.0	0.0	2.0	4.0	2.0
216	0.0	0.0	0.0	0.0	0.0	0.0	0.0
217	0.0	0.0	0.0	0.0	0.0	0.0	0.0
218	2.0	0.0	2.0	0.0	2.0	4.0	2.0
219	3.0	0.0	2.0	0.0	3.0	6.0	2.0
220	4.0	0.0	3.0	0.0	2.3360000000000003	6.664	2.0
221	1.0	0.0	1.0	0.0	1.0	2.0	1.0
222	0.0	0.0	0.0	0.0	0.0	0.0	0.0
223	0.0	0.0	0.0	0.0	0.0	0.0	0.0
224	1.0	0.0	1.0	0.0	0.3330000000000002	2.667	1.0
225	3.0	0.0	1.0	0.0	3.0	6.0	1.0
226	2.0	0.0	1.0	0.0	2.0	4.0	1.0
227	0.0	0.0	0.0	0.0	0.0	0.0	0.0
228	2.0	0.0	1.0	0.0	1.3360000000000003	4.664	1.0
229	2.0	0.0	2.0	0.0	2.4	3.6	2.0
230	2.0	0.0	2.0	0.0	2.0	4.0	2.0
231	0.0	0.0	0.0	0.0	0.0	0.0	0.0
232	1.0	0.0	1.0	0.0	0.3330000000000002	2.667	1.0
233	0.0	0.0	0.0	0.0	0.0	0.0	0.0
234	2.0	0.0	1.0	0.0	0.6660000000000004	5.334	1.0
235	0.0	0.0	0.0	0.0	0.0	0.0	0.0
236	0.0	0.0	0.0	0.0	0.0	0.0	0.0
237	1.0	0.0	1.0	0.0	1.0	2.0	1.0
238	1.0	0.0	1.0	0.0	0.3330000000000002	2.667	1.0
239	0.0	0.0	0.0	0.0	0.0	0.0	0.0
240	3.0	0.0	1.0	0.0	3.0	6.0	1.0
241	1.0	0.0	1.0	0.0	0.3330000000000002	2.667	1.0
242	2.0	0.0	2.0	0.0	0.6660000000000004	5.334	2.0
243	0.0	0.0	0.0	0.0	0.0	0.0	0.0
244	1.0	0.0	1.0	0.0	1.0	2.0	1.0
245	1.0	2.0	0.0	2.0	1.3330000000000002	4.667	1.0
246	0.0	0.0	0.0	0.0	0.0	0.0	0.0
247	2.0	0.0	2.0	0.0	1.3360000000000003	4.664	2.0
248	2.0	0.0	1.0	0.0	2.068	3.932	1.0
249	2.0	0.0	1.0	0.0	0.6660000000000004	5.334	1.0
250	1.0	0.0	1.0	0.0	1.0	2.0	1.0
251	2.0	0.0	1.0	0.0	0.6660000000000004	5.334	1.0
252	1.0	0.0	0.0	0.0	0.3330000000000002	2.667	0.0
253	1.0	0.0	1.0	0.0	0.3330000000000002	2.667	1.0
254	0.0	0.0	0.0	0.0	0.0	0.0	0.0
255	1.0	0.0	1.0	0.0	0.3330000000000002	2.667	1.0
256	1.0	0.0	1.0	0.0	1.0	2.0	1.0
257	0.0	0.0	0.0	0.0	0.0	0.0	0.0
258	0.0	0.0	0.0	0.0	0.0	0.0	0.0
259	0.0	0.0	0.0	0.0	0.0	0.0	0.0
260	2.0	0.0	1.0	0.0	2.0	4.0	1.0
261	1.0	0.0	1.0	0.0	1.0	2.0	1.0
262	1.0	0.0	1.0	0.0	0.3330000000000002	2.667	1.0
263	2.0	0.0	0.0	0.0	0.6660000000000004	5.334	0.0
264	1.0	0.0	0.0	0.0	0.3330000000000002	2.667	0.0
265	0.0	0.0	0.0	0.0	0.0	0.0	0.0
266	1.0	0.0	1.0	0.0	0.3330000000000002	2.667	1.0
267	2.0	0.0	2.0	0.0	2.0	4.0	2.0
268	0.0	0.0	0.0	0.0	0.0	0.0	0.0
269	1.0	0.0	0.0	0.0	0.6680000000000001	2.332	0.0
270	1.0	0.0	0.0	0.0	0.3330000000000002	2.667	0.0
271	2.0	0.0	2.0	0.0	0.6660000000000004	5.334	2.0
272	0.0	0.0	0.0	0.0	0.0	0.0	0.0
273	3.0	2.0	1.0	1.0	2.333	6.667	2.0
274	2.0	0.0	2.0	0.0	0.6660000000000004	5.334	2.0
275	3.0	0.0	3.0	0.0	0.9990000000000006	8.001	3.0
276	0.0	0.0	0.0	0.0	0.0	0.0	0.0
277	3.0	1.0	2.0	1.0	4.068	7.932	3.0
278	0.0	0.0	0.0	0.0	0.0	0.0	0.0
279	1.0	0.0	1.0	0.0	1.0	2.0	1.0
280	2.0	0.0	1.0	0.0	2.0	4.0	1.0
281	3.0	0.0	0.0	0.0	3.0	6.0	0.0
282	1.0	0.0	1.0	0.0	0.3330000000000002	2.667	1.0
283	1.0	0.0	1.0	0.0	0.3330000000000002	2.667	1.0
284	0.0	1.0	0.0	1.0	1.0	2.0	1.0
285	1.0	1.0	1.0	1.0	0.0	3.0	1.0
286	0.0	1.0	0.0	1.0	0.3330000000000002	2.667	1.0
287	0.0	0.0	0.0	0.0	0.0	0.0	0.0
288	2.0	0.0	1.0	0.0	2.4	3.6	1.0
289	0.0	0.0	0.0	0.0	0.0	0.0	0.0
290	2.0	0.0	1.0	0.0	0.6660000000000004	5.334	1.0
291	2.0	0.0	1.0	0.0	0.6660000000000004	5.334	1.0
292	1.0	0.0	0.0	0.0	1.0	2.0	0.0
293	1.0	0.0	0.0	0.0	1.0	2.0	0.0
294	0.0	0.0	0.0	0.0	0.0	0.0	0.0
295	1.0	0.0	1.0	0.0	1.0	2.0	1.0
296	2.0	0.0	1.0	0.0	2.0	4.0	1.0
297	0.0	0.0	0.0	0.0	0.0	0.0	0.0
298	1.0	0.0	1.0	0.0	0.3330000000000002	2.667	1.0
299	0.0	0.0	0.0	0.0	0.0	0.0	0.0
300	2.0	0.0	1.0	0.0	2.0	4.0	1.0
301	1.0	0.0	1.0	0.0	0.3330000000000002	2.667	1.0
302	2.0	0.0	2.0	0.0	0.6660000000000004	5.334	2.0
303	0.0	0.0	0.0	0.0	0.0	0.0	0.0
304	2.0	0.0	2.0	0.0	2.0	4.0	2.0
305	2.0	0.0	2.0	0.0	0.6660000000000004	5.334	2.0
306	3.0	0.0	2.0	0.0	3.4	5.6	2.0
307	2.0	0.0	2.0	0.0	2.0	4.0	2.0
308	3.0	2.0	1.0	1.0	3.0010000000000003	8.998999999999999	2.0
309	0.0	0.0	0.0	0.0	0.0	0.0	0.0
310	2.0	0.0	2.0	0.0	2.0	4.0	2.0
311	1.0	0.0	1.0	0.0	0.3330000000000002	2.667	1.0
312	2.0	0.0	1.0	0.0	2.0	4.0	1.0
313	2.0	0.0	2.0	0.0	2.4	3.6	2.0
314	0.0	0.0	0.0	0.0	0.0	0.0	0.0
315	1.0	0.0	1.0	0.0	0.3330000000000002	2.667	1.0
316	2.0	0.0	2.0	0.0	0.6660000000000004	5.334	2.0
317	1.0	2.0	1.0	2.0	0.0	3.0	1.0
318	0.0	0.0	0.0	0.0	0.0	0.0	0.0
319	0.0	0.0	0.0	0.0	0.0	0.0	0.0
320	2.0	0.0	0.0	0.0	2.0	4.0	0.0
321	0.0	0.0	0.0	0.0	0.0	0.0	0.0
322	1.0	0.0	1.0	0.0	1.0	2.0	1.0
323	2.0	0.0	1.0	0.0	2.4	3.6	1.0
324	0.0	0.0	0.0	0.0	0.0	0.0	0.0
325	0.0	0.0	0.0	0.0	0.0	0.0	0.0
326	2.0	0.0	2.0	0.0	2.0	4.0	2.0
327	1.0	0.0	0.0	0.0	1.0	2.0	0.0
328	1.0	0.0	1.0	0.0	0.3330000000000002	2.667	1.0
329	2.0	0.0	1.0	0.0	2.0	4.0	1.0
330	2.0	0.0	1.0	0.0	2.0	4.0	1.0
331	2.0	0.0	1.0	0.0	2.068	3.932	1.0
332	1.0	0.0	1.0	0.0	1.0	2.0	1.0
333	2.0	0.0	2.0	0.0	0.6660000000000004	5.334	2.0
334	3.0	1.0	2.0	1.0	3.0	6.0	2.0
335	1.0	2.0	1.0	2.0	0.3330000000000002	5.667	2.0
336	2.0	0.0	1.0	0.0	0.6660000000000004	5.334	1.0
337	2.0	0.0	1.0	0.0	2.0	4.0	1.0
338	1.0	1.0	1.0	1.0	0.3330000000000002	2.667	1.0
339	1.0	0.0	1.0	0.0	0.6680000000000001	2.332	1.0
340	0.0	0.0	0.0	0.0	0.0	0.0	0.0
341	3.0	2.0	2.0	1.0	4.133	7.866999999999999	2.0
342	3.0	0.0	3.0	0.0	3.0	6.0	3.0
343	4.0	0.0	3.0	0.0	2.668	6.332	2.0
344	0.0	0.0	0.0	0.0	0.0	0.0	0.0
345	0.0	0.0	0.0	0.0	0.0	0.0	0.0
346	1.0	0.0	1.0	0.0	1.0	2.0	1.0
347	2.0	0.0	0.0	0.0	2.0	4.0	0.0
348	1.0	0.0	0.0	0.0	1.0	2.0	0.0
349	1.0	2.0	1.0	1.0	0.9990000000000006	8.001	2.0
350	0.0	0.0	0.0	0.0	0.0	0.0	0.0
351	1.0	0.0	1.0	0.0	0.3330000000000002	2.667	1.0
352	1.0	6.0	1.0	6.0	4.068	7.932	4.0
353	0.0	0.0	0.0	0.0	0.0	0.0	0.0
354	0.0	1.0	0.0	1.0	0.3330000000000002	2.667	1.0
355	2.0	0.0	2.0	0.0	2.0	4.0	2.0
356	3.0	3.0	3.0	3.0	2.0010000000000003	6.999	3.0
357	2.0	2.0	1.0	2.0	1.0010000000000003	4.999	1.0
358	3.0	0.0	1.0	0.0	3.0	6.0	1.0
359	3.0	1.0	2.0	1.0	2.333	6.667	2.0
360	0.0	0.0	0.0	0.0	0.0	0.0	0.0
361	2.0	0.0	2.0	0.0	2.0	4.0	2.0
362	0.0	0.0	0.0	0.0	0.0	0.0	0.0
363	2.0	0.0	2.0	0.0	1.3360000000000003	4.664	2.0
364	1.0	2.0	1.0	2.0	1.6680000000000001	4.332	2.0
365	2.0	0.0	0.0	0.0	0.6660000000000004	5.334	0.0
366	0.0	0.0	0.0	0.0	0.0	0.0	0.0
367	2.0	0.0	1.0	0.0	0.6660000000000004	5.334	1.0
368	1.0	1.0	1.0	1.0	1.0	2.0	1.0
369	0.0	0.0	0.0	0.0	0.0	0.0	0.0
370	1.0	1.0	1.0	1.0	1.0	2.0	1.0
371	0.0	0.0	0.0	0.0	0.0	0.0	0.0
372	1.0	0.0	1.0	0.0	1.0	2.0	1.0
373	0.0	0.0	0.0	0.0	0.0	0.0	0.0
374	1.0	0.0	0.0	0.0	0.3330000000000002	2.667	0.0
375	1.0	0.0	1.0	0.0	1.0	2.0	1.0
376	0.0	0.0	0.0	0.0	0.0	0.0	0.0
377	2.0	0.0	1.0	0.0	2.0	4.0	1.0
378	3.0	0.0	3.0	0.0	3.4	5.6	3.0
379	0.0	0.0	0.0	0.0	0.0	0.0	0.0
380	5.0	1.0	3.0	1.0	3.333	8.667	2.0
381	2.0	0.0	2.0	0.0	2.0	4.0	2.0
382	0.0	0.0	0.0	0.0	0.0	0.0	0.0
383	3.0	0.0	1.0	0.0	3.0	6.0	1.0
384	0.0	0.0	0.0	0.0	0.0	0.0	0.0
385	1.0	0.0	1.0	0.0	0.3330000000000002	2.667	1.0
386	1.0	2.0	1.0	2.0	2.0010000000000003	6.999	3.0
387	1.0	2.0	0.0	2.0	1.6680000000000001	7.332	2.0
388	0.0	0.0	0.0	0.0	0.0	0.0	0.0
389	2.0	0.0	2.0	0.0	1.6680000000000001	4.332	2.0
390	3.0	0.0	2.0	0.0	3.0	6.0	2.0
391	2.0	1.0	1.0	1.0	3.0	6.0	2.0
392	2.0	0.0	1.0	0.0	2.0	4.0	1.0
393	1.0	0.0	1.0	0.0	0.6680000000000001	2.332	1.0
394	1.0	2.0	0.0	2.0	2.668	6.332	2.0
395	1.0	0.0	0.0	0.0	0.3330000000000002	2.667	0.0
396	1.0	0.0	1.0	0.0	1.0	2.0	1.0
397	0.0	3.0	0.0	1.0	0.6660000000000004	8.334	1.0
398	2.0	3.0	0.0	2.0	3.333	8.667	2.0
399	1.0	0.0	1.0	0.0	0.3330000000000002	2.667	1.0
400	2.0	0.0	2.0	0.0	2.0	4.0	2.0
401	1.0	1.0	1.0	0.0	2.0	4.0	1.0
402	1.0	0.0	1.0	0.0	0.6680000000000001	2.332	1.0
403	1.0	0.0	1.0	0.0	0.3330000000000002	2.667	1.0
404	1.0	0.0	1.0	0.0	1.4	1.6	1.0
405	2.0	0.0	1.0	0.0	0.6660000000000004	5.334	1.0
406	2.0	0.0	1.0	0.0	2.0	4.0	1.0
407	2.0	0.0	0.0	0.0	2.8	3.2	0.0
408	3.0	1.0	3.0	1.0	2.333	6.667	3.0
409	3.0	0.0	2.0	0.0	3.0	6.0	2.0
410	2.0	0.0	1.0	0.0	2.4	3.6	1.0
411	0.0	0.0	0.0	0.0	0.0	0.0	0.0
412	0.0	0.0	0.0	0.0	0.0	0.0	0.0
413	3.0	0.0	2.0	0.0	3.0	6.0	2.0
414	2.0	0.0	1.0	0.0	2.0	4.0	1.0
415	0.0	0.0	0.0	0.0	0.0	0.0	0.0
416	1.0	0.0	1.0	0.0	1.0	2.0	1.0
417	0.0	0.0	0.0	0.0	0.0	0.0	0.0
418	2.0	0.0	2.0	0.0	1.0	2.0	1.0
419	1.0	0.0	0.0	0.0	1.0	2.0	0.0
420	1.0	0.0	0.0	0.0	0.3330000000000002	2.667	0.0
421	0.0	0.0	0.0	0.0	0.0	0.0	0.0
422	1.0	0.0	1.0	0.0	0.3330000000000002	2.667	1.0
423	1.0	1.0	1.0	1.0	2.0	4.0	2.0
424	0.0	0.0	0.0	0.0	0.0	0.0	0.0
425	2.0	0.0	0.0	0.0	0.6660000000000004	5.334	0.0
426	0.0	0.0	0.0	0.0	0.0	0.0	0.0
427	2.0	0.0	2.0	0.0	1.3360000000000003	4.664	2.0
428	0.0	0.0	0.0	0.0	0.0	0.0	0.0
429	2.0	0.0	2.0	0.0	2.8	3.2	2.0
430	3.0	2.0	2.0	2.0	2.333	6.667	2.0
431	1.0	0.0	1.0	0.0	1.0	2.0	1.0
432	2.0	0.0	2.0	0.0	2.0	4.0	2.0
433	2.0	0.0	2.0	0.0	2.0	4.0	2.0
434	0.0	0.0	0.0	0.0	0.0	0.0	0.0
435	1.0	0.0	0.0	0.0	1.0	2.0	0.0
436	0.0	0.0	0.0	0.0	0.0	0.0	0.0
437	1.0	1.0	1.0	1.0	1.0	2.0	1.0
438	1.0	0.0	1.0	0.0	0.3330000000000002	2.667	1.0
439	1.0	1.0	0.0	1.0	0.6680000000000001	5.332	1.0
440	2.0	0.0	2.0	0.0	2.0	4.0	2.0
441	3.0	0.0	2.0	0.0	3.0	6.0	2.0
442	1.0	0.0	1.0	0.0	1.0	2.0	1.0
443	2.0	0.0	2.0	0.0	2.0	4.0	2.0
444	0.0	2.0	0.0	2.0	0.3330000000000002	2.667	1.0
445	2.0	0.0	2.0	0.0	2.0	4.0	2.0
446	0.0	0.0	0.0	0.0	0.0	0.0	0.0
447	2.0	0.0	1.0	0.0	0.6660000000000004	5.334	1.0
448	2.0	0.0	2.0	0.0	2.0	4.0	2.0
449	2.0	1.0	1.0	1.0	2.668	6.332	2.0
450	1.0	0.0	1.0	0.0	1.0	2.0	1.0
451	0.0	0.0	0.0	0.0	0.0	0.0	0.0
452	0.0	0.0	0.0	0.0	0.0	0.0	0.0
453	1.0	3.0	1.0	2.0	0.6660000000000004	8.334	2.0
454	2.0	2.0	1.0	0.0	2.0	4.0	1.0
455	2.0	4.0	1.0	2.0	2.333	6.667	2.0
456	1.0	2.0	1.0	1.0	0.9990000000000006	8.001	2.0
457	0.0	1.0	0.0	0.0	0.3330000000000002	2.667	0.0
458	1.0	1.0	1.0	0.0	1.3330000000000002	4.667	1.0
459	0.0	1.0	0.0	0.0	1.0	2.0	0.0
460	0.0	4.0	0.0	3.0	1.6660000000000004	7.334	2.0
461	1.0	1.0	1.0	1.0	1.6680000000000001	4.332	2.0
462	3.0	3.0	1.0	3.0	3.333	8.667	2.0
463	1.0	2.0	1.0	1.0	1.3330000000000002	4.667	1.0
464	1.0	1.0	1.0	1.0	1.0	2.0	1.0
465	0.0	1.0	0.0	0.0	0.3330000000000002	2.667	0.0
466	1.0	3.0	0.0	1.0	0.6660000000000004	5.334	1.0
467	1.0	0.0	0.0	0.0	1.0	2.0	0.0
468	2.0	1.0	0.0	0.0	2.0	4.0	0.0
469	1.0	1.0	1.0	0.0	1.3330000000000002	4.667	1.0
470	0.0	0.0	0.0	0.0	0.0	0.0	0.0
471	1.0	1.0	0.0	1.0	2.0	4.0	1.0
472	1.0	1.0	1.0	1.0	1.3330000000000002	4.667	2.0
473	1.0	0.0	1.0	0.0	0.6680000000000001	2.332	1.0
474	2.0	0.0	1.0	0.0	2.0	4.0	1.0
475	1.0	0.0	1.0	0.0	0.3330000000000002	2.667	1.0
476	1.0	1.0	1.0	0.0	2.0	4.0	1.0
477	3.0	0.0	1.0	0.0	3.0	6.0	1.0
478	0.0	0.0	0.0	0.0	0.0	0.0	0.0
479	0.0	0.0	0.0	0.0	0.0	0.0	0.0
480	0.0	0.0	0.0	0.0	0.0	0.0	0.0
481	2.0	0.0	2.0	0.0	2.0	4.0	2.0
482	1.0	2.0	0.0	0.0	0.6660000000000004	5.334	0.0
483	2.0	0.0	0.0	0.0	2.0	4.0	0.0
484	0.0	1.0	0.0	1.0	1.0	2.0	1.0
485	0.0	0.0	0.0	0.0	0.0	0.0	0.0
486	0.0	1.0	0.0	0.0	1.0	2.0	0.0
487	1.0	2.0	1.0	2.0	1.0010000000000003	7.999	3.0
488	0.0	1.0	0.0	1.0	0.6680000000000001	2.332	1.0
489	1.0	2.0	0.0	0.0	0.3330000000000002	2.667	0.0
490	1.0	0.0	0.0	0.0	1.0	2.0	0.0
491	0.0	0.0	0.0	0.0	0.0	0.0	0.0
492	0.0	1.0	0.0	1.0	0.6680000000000001	2.332	1.0
493	0.0	0.0	0.0	0.0	0.0	0.0	0.0
494	1.0	0.0	0.0	0.0	0.3330000000000002	2.667	0.0
495	1.0	0.0	1.0	0.0	1.0	2.0	1.0
496	2.0	0.0	2.0	0.0	2.4	3.6	2.0
497	2.0	0.0	1.0	0.0	2.068	3.932	1.0
498	0.0	0.0	0.0	0.0	0.0	0.0	0.0
499	1.0	0.0	0.0	0.0	0.3330000000000002	2.667	0.0
500	1.0	0.0	0.0	0.0	1.0	2.0	0.0
501	2.0	0.0	0.0	0.0	2.0	4.0	0.0
502	1.0	1.0	1.0	0.0	1.3330000000000002	4.667	1.0
503	0.0	0.0	0.0	0.0	0.0	0.0	0.0
