all_syn	all_nonSyn	tip_syn	tip_nonSyn	S	N	comparisons
001	0.0	0.0	0.0	0.0	0.0	0.0	0.0
002	0.0	0.0	0.0	0.0	0.0	0.0	0.0
003	0.0	0.0	0.0	0.0	0.0	0.0	0.0
004	0.0	0.0	0.0	0.0	0.0	0.0	0.0
005	0.0	0.0	0.0	0.0	0.0	0.0	0.0
006	0.0	0.0	0.0	0.0	0.0	0.0	0.0
007	0.0	0.0	0.0	0.0	0.0	0.0	0.0
008	0.0	0.0	0.0	0.0	0.0	0.0	0.0
009	0.0	0.0	0.0	0.0	0.0	0.0	0.0
010	0.0	0.0	0.0	0.0	0.0	0.0	0.0
011	0.0	0.0	0.0	0.0	0.0	0.0	0.0
012	0.0	0.0	0.0	0.0	0.0	0.0	0.0
013	0.0	0.0	0.0	0.0	0.0	0.0	0.0
014	0.0	0.0	0.0	0.0	0.0	0.0	0.0
015	0.0	0.0	0.0	0.0	0.0	0.0	0.0
016	0.0	0.0	0.0	0.0	0.0	0.0	0.0
017	0.0	2.0	0.0	2.0	2.0	4.0	2.0
018	0.0	0.0	0.0	0.0	0.0	0.0	0.0
019	0.0	0.0	0.0	0.0	0.0	0.0	0.0
020	0.0	0.0	0.0	0.0	0.0	0.0	0.0
021	0.0	0.0	0.0	0.0	0.0	0.0	0.0
022	0.0	0.0	0.0	0.0	0.0	0.0	0.0
023	0.0	0.0	0.0	0.0	0.0	0.0	0.0
024	0.0	0.0	0.0	0.0	0.0	0.0	0.0
025	0.0	0.0	0.0	0.0	0.0	0.0	0.0
026	0.0	0.0	0.0	0.0	0.0	0.0	0.0
027	0.0	0.0	0.0	0.0	0.0	0.0	0.0
028	0.0	0.0	0.0	0.0	0.0	0.0	0.0
029	0.0	0.0	0.0	0.0	0.0	0.0	0.0
030	0.0	0.0	0.0	0.0	0.0	0.0	0.0
031	0.0	0.0	0.0	0.0	0.0	0.0	0.0
032	0.0	0.0	0.0	0.0	0.0	0.0	0.0
033	0.0	0.0	0.0	0.0	0.0	0.0	0.0
034	0.0	0.0	0.0	0.0	0.0	0.0	0.0
035	0.0	0.0	0.0	0.0	0.0	0.0	0.0
036	0.0	0.0	0.0	0.0	0.0	0.0	0.0
037	0.0	0.0	0.0	0.0	0.0	0.0	0.0
038	0.0	0.0	0.0	0.0	0.0	0.0	0.0
039	0.0	0.0	0.0	0.0	0.0	0.0	0.0
040	0.0	0.0	0.0	0.0	0.0	0.0	0.0
041	0.0	0.0	0.0	0.0	0.0	0.0	0.0
042	0.0	0.0	0.0	0.0	0.0	0.0	0.0
043	0.0	0.0	0.0	0.0	0.0	0.0	0.0
044	0.0	0.0	0.0	0.0	0.0	0.0	0.0
045	0.0	0.0	0.0	0.0	0.0	0.0	0.0
046	0.0	0.0	0.0	0.0	0.0	0.0	0.0
047	0.0	0.0	0.0	0.0	0.0	0.0	0.0
048	0.0	0.0	0.0	0.0	0.0	0.0	0.0
049	0.0	0.0	0.0	0.0	0.0	0.0	0.0
050	0.0	0.0	0.0	0.0	0.0	0.0	0.0
051	0.0	0.0	0.0	0.0	0.0	0.0	0.0
052	0.0	0.0	0.0	0.0	0.0	0.0	0.0
053	0.0	0.0	0.0	0.0	0.0	0.0	0.0
054	0.0	0.0	0.0	0.0	0.0	0.0	0.0
055	0.0	0.0	0.0	0.0	0.0	0.0	0.0
056	0.0	2.0	0.0	0.0	0.6680000000000001	2.332	0.0
057	0.0	1.0	0.0	0.0	1.0	2.0	0.0
058	0.0	0.0	0.0	0.0	0.0	0.0	0.0
059	0.0	0.0	0.0	0.0	0.0	0.0	0.0
060	0.0	0.0	0.0	0.0	0.0	0.0	0.0
061	0.0	1.0	0.0	0.0	1.0	2.0	0.0
062	0.0	0.0	0.0	0.0	0.0	0.0	0.0
063	0.0	1.0	0.0	0.0	0.3330000000000002	2.667	0.0
064	0.0	0.0	0.0	0.0	0.0	0.0	0.0
065	1.0	1.0	0.0	0.0	1.0	2.0	0.0
066	0.0	0.0	0.0	0.0	0.0	0.0	0.0
067	0.0	0.0	0.0	0.0	0.0	0.0	0.0
068	0.0	0.0	0.0	0.0	0.0	0.0	0.0
069	0.0	0.0	0.0	0.0	0.0	0.0	0.0
070	3.0	0.0	2.0	0.0	3.0	6.0	2.0
071	0.0	0.0	0.0	0.0	0.0	0.0	0.0
072	2.0	0.0	2.0	0.0	2.0	4.0	2.0
073	0.0	0.0	0.0	0.0	0.0	0.0	0.0
074	1.0	0.0	1.0	0.0	1.0	2.0	1.0
075	2.0	0.0	2.0	0.0	1.3360000000000003	4.664	2.0
076	1.0	0.0	1.0	0.0	1.0	2.0	1.0
077	2.0	1.0	1.0	1.0	0.9990000000000006	8.001	2.0
078	1.0	2.0	1.0	1.0	3.0	6.0	2.0
079	0.0	1.0	0.0	0.0	1.0	2.0	0.0
080	2.0	0.0	2.0	0.0	0.6660000000000004	5.334	2.0
081	0.0	0.0	0.0	0.0	0.0	0.0	0.0
082	4.0	0.0	2.0	0.0	4.0	8.0	2.0
083	0.0	0.0	0.0	0.0	0.0	0.0	0.0
084	1.0	0.0	1.0	0.0	0.3330000000000002	2.667	1.0
085	0.0	0.0	0.0	0.0	0.0	0.0	0.0
086	0.0	1.0	0.0	1.0	0.6680000000000001	2.332	1.0
087	0.0	0.0	0.0	0.0	0.0	0.0	0.0
088	3.0	0.0	2.0	0.0	2.0040000000000004	6.9959999999999996	2.0
089	0.0	0.0	0.0	0.0	0.0	0.0	0.0
090	0.0	0.0	0.0	0.0	0.0	0.0	0.0
091	1.0	1.0	1.0	1.0	2.0	4.0	2.0
092	0.0	0.0	0.0	0.0	0.0	0.0	0.0
093	1.0	0.0	1.0	0.0	1.4	1.6	1.0
094	0.0	0.0	0.0	0.0	0.0	0.0	0.0
095	3.0	0.0	2.0	0.0	3.0	6.0	2.0
096	3.0	0.0	3.0	0.0	2.668	6.332	3.0
097	0.0	0.0	0.0	0.0	0.0	0.0	0.0
098	2.0	0.0	1.0	0.0	2.0	4.0	1.0
099	0.0	0.0	0.0	0.0	0.0	0.0	0.0
100	1.0	0.0	1.0	0.0	0.3330000000000002	2.667	1.0
101	0.0	0.0	0.0	0.0	0.0	0.0	0.0
102	0.0	0.0	0.0	0.0	0.0	0.0	0.0
103	2.0	1.0	2.0	1.0	0.9990000000000006	8.001	3.0
104	1.0	1.0	1.0	1.0	0.6660000000000004	5.334	2.0
105	0.0	2.0	0.0	1.0	0.6660000000000004	5.334	1.0
106	2.0	0.0	1.0	0.0	0.6660000000000004	5.334	1.0
107	2.0	0.0	2.0	0.0	2.0	4.0	2.0
108	3.0	1.0	1.0	1.0	4.0	8.0	2.0
109	0.0	0.0	0.0	0.0	0.0	0.0	0.0
110	0.0	0.0	0.0	0.0	0.0	0.0	0.0
111	0.0	0.0	0.0	0.0	0.0	0.0	0.0
112	0.0	2.0	0.0	1.0	0.6660000000000004	5.334	1.0
113	0.0	0.0	0.0	0.0	0.0	0.0	0.0
114	0.0	0.0	0.0	0.0	0.0	0.0	0.0
115	0.0	2.0	0.0	2.0	0.6660000000000004	5.334	2.0
116	2.0	0.0	1.0	0.0	2.0	4.0	1.0
117	1.0	0.0	0.0	0.0	0.3330000000000002	2.667	0.0
118	0.0	0.0	0.0	0.0	0.0	0.0	0.0
119	1.0	0.0	1.0	0.0	0.3330000000000002	2.667	1.0
120	0.0	0.0	0.0	0.0	0.0	0.0	0.0
121	0.0	0.0	0.0	0.0	0.0	0.0	0.0
122	0.0	0.0	0.0	0.0	0.0	0.0	0.0
123	0.0	0.0	0.0	0.0	0.0	0.0	0.0
124	1.0	2.0	1.0	2.0	2.0	4.0	2.0
125	2.0	1.0	2.0	1.0	0.9990000000000006	8.001	3.0
126	0.0	0.0	0.0	0.0	0.0	0.0	0.0
127	2.0	0.0	2.0	0.0	0.6660000000000004	5.334	2.0
128	2.0	0.0	2.0	0.0	0.6660000000000004	5.334	2.0
129	2.0	0.0	2.0	0.0	2.0	4.0	2.0
130	1.0	0.0	1.0	0.0	1.0	2.0	1.0
131	0.0	3.0	0.0	2.0	0.9990000000000006	8.001	2.0
132	1.0	0.0	1.0	0.0	0.3330000000000002	2.667	1.0
133	0.0	0.0	0.0	0.0	0.0	0.0	0.0
134	0.0	0.0	0.0	0.0	0.0	0.0	0.0
135	0.0	1.0	0.0	1.0	0.3330000000000002	2.667	1.0
136	4.0	0.0	3.0	0.0	4.0	8.0	3.0
137	1.0	1.0	1.0	1.0	1.0	2.0	1.0
138	0.0	3.0	0.0	1.0	0.6660000000000004	5.334	1.0
139	2.0	3.0	1.0	2.0	3.0	6.0	2.0
140	2.0	0.0	2.0	0.0	1.3360000000000003	4.664	2.0
141	3.0	1.0	3.0	1.0	1.3330000000000002	4.667	2.0
142	1.0	4.0	0.0	3.0	2.9990000000000006	12.001	3.0
143	1.0	0.0	0.0	0.0	1.0	2.0	0.0
144	0.0	2.0	0.0	0.0	1.3360000000000003	4.664	0.0
145	3.0	0.0	3.0	0.0	0.9990000000000006	8.001	3.0
146	2.0	0.0	1.0	0.0	2.0	4.0	1.0
147	3.0	0.0	2.0	0.0	3.0	6.0	2.0
148	1.0	0.0	0.0	0.0	0.3330000000000002	2.667	0.0
149	0.0	1.0	0.0	1.0	0.3330000000000002	2.667	1.0
150	2.0	1.0	1.0	1.0	0.9990000000000006	8.001	2.0
151	1.0	0.0	1.0	0.0	1.0	2.0	1.0
152	0.0	0.0	0.0	0.0	0.0	0.0	0.0
153	1.0	2.0	1.0	1.0	0.9990000000000006	8.001	2.0
154	0.0	1.0	0.0	1.0	0.0	3.0	1.0
155	1.0	1.0	1.0	1.0	2.0	4.0	2.0
156	1.0	0.0	1.0	0.0	1.0	2.0	1.0
157	2.0	1.0	2.0	1.0	3.0	6.0	3.0
158	2.0	6.0	1.0	4.0	4.332000000000001	16.668	4.0
159	0.0	7.0	0.0	3.0	2.665000000000001	15.334999999999999	2.0
160	1.0	2.0	1.0	2.0	0.3330000000000002	2.667	1.0
161	1.0	3.0	1.0	2.0	2.333	6.667	2.0
162	1.0	2.0	1.0	2.0	1.3330000000000002	4.667	2.0
163	1.0	3.0	0.0	2.0	1.6660000000000004	7.334	1.0
164	0.0	2.0	0.0	2.0	0.6660000000000004	5.334	2.0
165	1.0	3.0	1.0	1.0	3.333	8.667	2.0
166	1.0	2.0	1.0	1.0	1.6660000000000004	7.334	2.0
167	1.0	5.0	1.0	3.0	3.6660000000000004	11.334	3.0
168	3.0	7.0	2.0	5.0	6.333	14.667	4.0
169	0.0	5.0	0.0	3.0	1.9990000000000006	10.001	2.0
170	0.0	0.0	0.0	0.0	0.0	0.0	0.0
171	0.0	5.0	0.0	5.0	4.0	8.0	4.0
172	1.0	1.0	1.0	1.0	0.3330000000000002	2.667	1.0
173	1.0	2.0	1.0	2.0	1.0	2.0	1.0
174	2.0	1.0	2.0	1.0	2.4	3.6	2.0
175	1.0	2.0	1.0	2.0	1.0	2.0	1.0
176	1.0	1.0	1.0	1.0	2.0	4.0	2.0
177	1.0	2.0	1.0	2.0	0.3330000000000002	2.667	1.0
178	3.0	2.0	2.0	2.0	3.333	8.667	3.0
179	2.0	2.0	1.0	2.0	1.3330000000000002	4.667	1.0
180	1.0	4.0	1.0	3.0	1.6660000000000004	7.334	2.0
181	2.0	1.0	2.0	1.0	0.6660000000000004	5.334	2.0
182	2.0	0.0	2.0	0.0	2.0	4.0	2.0
183	0.0	1.0	0.0	1.0	0.6680000000000001	2.332	1.0
184	2.0	1.0	2.0	1.0	1.3330000000000002	4.667	2.0
185	3.0	1.0	2.0	1.0	3.0040000000000004	8.995999999999999	3.0
186	1.0	0.0	1.0	0.0	0.3330000000000002	2.667	1.0
187	1.0	2.0	1.0	2.0	3.0	6.0	3.0
188	0.0	1.0	0.0	1.0	0.3330000000000002	2.667	1.0
189	1.0	0.0	1.0	0.0	1.4	1.6	1.0
190	0.0	0.0	0.0	0.0	0.0	0.0	0.0
191	0.0	2.0	0.0	2.0	0.3330000000000002	2.667	1.0
192	0.0	1.0	0.0	1.0	1.0	2.0	1.0
193	1.0	0.0	1.0	0.0	1.0	2.0	1.0
194	0.0	1.0	0.0	1.0	0.3330000000000002	2.667	1.0
195	0.0	1.0	0.0	1.0	0.3330000000000002	2.667	1.0
196	1.0	0.0	1.0	0.0	0.6680000000000001	2.332	1.0
197	1.0	2.0	1.0	2.0	1.0	2.0	1.0
198	0.0	0.0	0.0	0.0	0.0	0.0	0.0
199	2.0	0.0	2.0	0.0	2.4	3.6	2.0
200	0.0	0.0	0.0	0.0	0.0	0.0	0.0
201	1.0	0.0	1.0	0.0	0.3330000000000002	2.667	1.0
202	0.0	0.0	0.0	0.0	0.0	0.0	0.0
203	0.0	0.0	0.0	0.0	0.0	0.0	0.0
204	2.0	0.0	2.0	0.0	0.6660000000000004	5.334	2.0
205	0.0	0.0	0.0	0.0	0.0	0.0	0.0
206	0.0	0.0	0.0	0.0	0.0	0.0	0.0
207	0.0	0.0	0.0	0.0	0.0	0.0	0.0
208	2.0	0.0	2.0	0.0	2.0	4.0	2.0
209	2.0	1.0	2.0	1.0	3.0	6.0	3.0
210	1.0	0.0	1.0	0.0	0.3330000000000002	2.667	1.0
211	2.0	0.0	2.0	0.0	2.4	3.6	2.0
212	0.0	0.0	0.0	0.0	0.0	0.0	0.0
213	2.0	0.0	2.0	0.0	1.3360000000000003	4.664	2.0
214	1.0	0.0	1.0	0.0	1.0	2.0	1.0
215	1.0	0.0	1.0	0.0	0.3330000000000002	2.667	1.0
216	0.0	0.0	0.0	0.0	0.0	0.0	0.0
217	3.0	0.0	2.0	0.0	0.9990000000000006	8.001	2.0
218	1.0	0.0	0.0	0.0	0.3330000000000002	2.667	0.0
219	1.0	0.0	1.0	0.0	1.0	2.0	1.0
220	0.0	0.0	0.0	0.0	0.0	0.0	0.0
221	5.0	0.0	3.0	0.0	2.0040000000000004	6.9959999999999996	2.0
222	1.0	0.0	1.0	0.0	1.0	2.0	1.0
223	1.0	1.0	1.0	1.0	1.3330000000000002	4.667	2.0
224	0.0	4.0	0.0	3.0	3.3360000000000003	8.664	3.0
225	0.0	0.0	0.0	0.0	0.0	0.0	0.0
226	0.0	0.0	0.0	0.0	0.0	0.0	0.0
227	2.0	0.0	2.0	0.0	2.0	4.0	2.0
228	1.0	0.0	0.0	0.0	1.0	2.0	0.0
229	1.0	0.0	1.0	0.0	1.0	2.0	1.0
230	0.0	0.0	0.0	0.0	0.0	0.0	0.0
231	0.0	0.0	0.0	0.0	0.0	0.0	0.0
232	0.0	0.0	0.0	0.0	0.0	0.0	0.0
233	0.0	0.0	0.0	0.0	0.0	0.0	0.0
234	0.0	0.0	0.0	0.0	0.0	0.0	0.0
235	0.0	0.0	0.0	0.0	0.0	0.0	0.0
236	0.0	0.0	0.0	0.0	0.0	0.0	0.0
237	1.0	1.0	1.0	1.0	1.0	2.0	1.0
238	1.0	0.0	1.0	0.0	0.6680000000000001	2.332	1.0
239	0.0	1.0	0.0	1.0	1.0	2.0	1.0
240	0.0	0.0	0.0	0.0	0.0	0.0	0.0
241	1.0	0.0	1.0	0.0	0.3330000000000002	2.667	1.0
242	1.0	0.0	1.0	0.0	1.0	2.0	1.0
243	0.0	0.0	0.0	0.0	0.0	0.0	0.0
244	0.0	0.0	0.0	0.0	0.0	0.0	0.0
245	2.0	1.0	1.0	1.0	1.3330000000000002	4.667	1.0
246	1.0	0.0	1.0	0.0	0.3330000000000002	2.667	1.0
247	2.0	0.0	2.0	0.0	2.0	4.0	2.0
248	3.0	0.0	2.0	0.0	3.0	6.0	2.0
249	1.0	0.0	0.0	0.0	1.4	1.6	0.0
250	1.0	0.0	1.0	0.0	1.4	1.6	1.0
251	0.0	0.0	0.0	0.0	0.0	0.0	0.0
252	0.0	0.0	0.0	0.0	0.0	0.0	0.0
253	2.0	0.0	1.0	0.0	2.4	3.6	1.0
254	0.0	0.0	0.0	0.0	0.0	0.0	0.0
255	0.0	0.0	0.0	0.0	0.0	0.0	0.0
256	0.0	1.0	0.0	1.0	1.4	1.6	1.0
257	0.0	0.0	0.0	0.0	0.0	0.0	0.0
258	2.0	0.0	1.0	0.0	0.6660000000000004	5.334	1.0
259	2.0	0.0	2.0	0.0	2.0	4.0	2.0
260	2.0	1.0	2.0	1.0	2.068	3.932	2.0
261	3.0	0.0	2.0	0.0	3.0	6.0	2.0
262	1.0	0.0	1.0	0.0	0.3330000000000002	2.667	1.0
263	1.0	0.0	1.0	0.0	0.3330000000000002	2.667	1.0
264	2.0	0.0	2.0	0.0	2.0	4.0	2.0
265	1.0	1.0	1.0	1.0	0.6660000000000004	5.334	2.0
266	0.0	2.0	0.0	2.0	0.6660000000000004	5.334	2.0
267	0.0	4.0	0.0	3.0	2.6660000000000004	9.334	3.0
268	1.0	2.0	1.0	0.0	2.333	6.667	1.0
269	0.0	1.0	0.0	1.0	1.0	2.0	1.0
270	1.0	1.0	0.0	1.0	0.6660000000000004	5.334	1.0
271	0.0	0.0	0.0	0.0	0.0	0.0	0.0
272	1.0	0.0	1.0	0.0	0.3330000000000002	2.667	1.0
273	1.0	1.0	1.0	1.0	0.6680000000000001	2.332	1.0
274	2.0	0.0	1.0	0.0	2.0	4.0	1.0
275	3.0	2.0	3.0	2.0	2.4010000000000002	6.598999999999999	3.0
276	1.0	1.0	0.0	1.0	0.6660000000000004	5.334	1.0
277	2.0	0.0	2.0	0.0	1.6680000000000001	4.332	2.0
278	1.0	0.0	1.0	0.0	0.3330000000000002	2.667	1.0
279	3.0	2.0	2.0	2.0	0.9990000000000006	8.001	2.0
280	1.0	0.0	1.0	0.0	0.3330000000000002	2.667	1.0
281	0.0	0.0	0.0	0.0	0.0	0.0	0.0
282	0.0	0.0	0.0	0.0	0.0	0.0	0.0
283	2.0	0.0	2.0	0.0	2.0	4.0	2.0
284	2.0	1.0	2.0	0.0	2.333	6.667	2.0
285	0.0	2.0	0.0	1.0	1.3330000000000002	4.667	1.0
286	1.0	0.0	1.0	0.0	1.0	2.0	1.0
287	0.0	0.0	0.0	0.0	0.0	0.0	0.0
288	2.0	0.0	1.0	0.0	2.0	4.0	1.0
289	0.0	0.0	0.0	0.0	0.0	0.0	0.0
290	3.0	0.0	2.0	0.0	3.0	6.0	2.0
291	2.0	0.0	2.0	0.0	2.0	4.0	2.0
292	0.0	0.0	0.0	0.0	0.0	0.0	0.0
293	1.0	0.0	1.0	0.0	0.3330000000000002	2.667	1.0
294	0.0	0.0	0.0	0.0	0.0	0.0	0.0
295	0.0	0.0	0.0	0.0	0.0	0.0	0.0
296	2.0	0.0	2.0	0.0	2.0	4.0	2.0
297	1.0	0.0	1.0	0.0	0.3330000000000002	2.667	1.0
298	3.0	0.0	2.0	0.0	3.0	6.0	2.0
299	0.0	0.0	0.0	0.0	0.0	0.0	0.0
300	0.0	0.0	0.0	0.0	0.0	0.0	0.0
301	1.0	0.0	1.0	0.0	1.0	2.0	1.0
302	3.0	0.0	3.0	0.0	1.6680000000000001	4.332	2.0
303	0.0	0.0	0.0	0.0	0.0	0.0	0.0
304	1.0	0.0	1.0	0.0	1.0	2.0	1.0
305	0.0	0.0	0.0	0.0	0.0	0.0	0.0
306	0.0	0.0	0.0	0.0	0.0	0.0	0.0
307	1.0	0.0	1.0	0.0	0.3330000000000002	2.667	1.0
308	2.0	0.0	1.0	0.0	1.3360000000000003	4.664	1.0
309	0.0	1.0	0.0	1.0	1.4	1.6	1.0
310	3.0	0.0	3.0	0.0	1.6680000000000001	4.332	2.0
311	3.0	1.0	3.0	0.0	3.333	8.667	3.0
312	2.0	0.0	1.0	0.0	2.0	4.0	1.0
313	1.0	0.0	0.0	0.0	1.0	2.0	0.0
314	1.0	0.0	0.0	0.0	1.0	2.0	0.0
315	4.0	0.0	2.0	0.0	4.4	7.6	2.0
316	1.0	1.0	1.0	1.0	1.6680000000000001	4.332	2.0
317	1.0	0.0	1.0	0.0	0.3330000000000002	2.667	1.0
318	1.0	0.0	1.0	0.0	0.3330000000000002	2.667	1.0
319	1.0	0.0	1.0	0.0	0.3330000000000002	2.667	1.0
320	0.0	0.0	0.0	0.0	0.0	0.0	0.0
321	2.0	0.0	2.0	0.0	2.0	4.0	2.0
322	1.0	1.0	1.0	1.0	2.0	4.0	2.0
323	0.0	1.0	0.0	1.0	0.6680000000000001	2.332	1.0
324	3.0	1.0	3.0	1.0	1.6660000000000004	7.334	3.0
325	3.0	0.0	3.0	0.0	3.4	5.6	3.0
326	2.0	0.0	1.0	0.0	0.6660000000000004	5.334	1.0
327	3.0	1.0	3.0	1.0	4.0	8.0	4.0
328	3.0	3.0	1.0	2.0	3.9990000000000006	14.001	3.0
329	0.0	1.0	0.0	1.0	0.3330000000000002	2.667	1.0
330	0.0	0.0	0.0	0.0	0.0	0.0	0.0
331	4.0	0.0	3.0	0.0	4.0	8.0	3.0
332	1.0	1.0	1.0	0.0	2.0	4.0	1.0
333	1.0	0.0	1.0	0.0	0.6680000000000001	2.332	1.0
334	3.0	0.0	1.0	0.0	3.0	6.0	1.0
335	1.0	0.0	1.0	0.0	1.0	2.0	1.0
336	2.0	0.0	2.0	0.0	2.4	3.6	2.0
337	1.0	0.0	1.0	0.0	0.3330000000000002	2.667	1.0
338	1.0	0.0	1.0	0.0	0.3330000000000002	2.667	1.0
339	0.0	0.0	0.0	0.0	0.0	0.0	0.0
340	1.0	1.0	1.0	1.0	0.6660000000000004	5.334	2.0
341	1.0	2.0	1.0	2.0	1.3330000000000002	4.667	2.0
342	1.0	0.0	1.0	0.0	0.3330000000000002	2.667	1.0
343	1.0	0.0	1.0	0.0	0.3330000000000002	2.667	1.0
344	1.0	1.0	1.0	1.0	0.6660000000000004	5.334	2.0
345	4.0	0.0	4.0	0.0	3.668	8.332	4.0
346	1.0	0.0	1.0	0.0	0.3330000000000002	2.667	1.0
347	3.0	3.0	3.0	3.0	2.333	6.667	3.0
348	0.0	1.0	0.0	1.0	0.3330000000000002	2.667	1.0
349	0.0	0.0	0.0	0.0	0.0	0.0	0.0
350	1.0	0.0	1.0	0.0	1.0	2.0	1.0
351	0.0	1.0	0.0	1.0	0.3330000000000002	2.667	1.0
352	0.0	0.0	0.0	0.0	0.0	0.0	0.0
353	1.0	1.0	1.0	1.0	0.6660000000000004	5.334	2.0
354	2.0	2.0	1.0	2.0	4.0	8.0	3.0
355	1.0	0.0	1.0	0.0	0.3330000000000002	2.667	1.0
356	2.0	0.0	1.0	0.0	2.0	4.0	1.0
357	3.0	0.0	3.0	0.0	3.0	6.0	3.0
358	2.0	0.0	2.0	0.0	2.0	4.0	2.0
359	1.0	1.0	1.0	1.0	0.3330000000000002	2.667	1.0
360	1.0	0.0	1.0	0.0	1.0	2.0	1.0
361	1.0	0.0	0.0	0.0	1.0	2.0	0.0
362	2.0	0.0	1.0	0.0	2.0	4.0	1.0
363	0.0	0.0	0.0	0.0	0.0	0.0	0.0
364	0.0	0.0	0.0	0.0	0.0	0.0	0.0
365	2.0	0.0	1.0	0.0	2.0	4.0	1.0
366	0.0	0.0	0.0	0.0	0.0	0.0	0.0
367	1.0	0.0	0.0	0.0	0.6680000000000001	2.332	0.0
368	2.0	2.0	2.0	2.0	1.3330000000000002	4.667	2.0
369	3.0	2.0	2.0	2.0	4.0	8.0	3.0
370	1.0	0.0	1.0	0.0	0.3330000000000002	2.667	1.0
371	2.0	0.0	2.0	0.0	2.0	4.0	2.0
372	0.0	2.0	0.0	1.0	0.6660000000000004	5.334	1.0
373	2.0	0.0	1.0	0.0	2.8	3.2	1.0
374	0.0	4.0	0.0	3.0	2.333	6.667	2.0
375	0.0	2.0	0.0	1.0	1.3330000000000002	4.667	1.0
376	1.0	0.0	0.0	0.0	0.3330000000000002	2.667	0.0
377	2.0	0.0	1.0	0.0	0.6660000000000004	5.334	1.0
378	0.0	0.0	0.0	0.0	0.0	0.0	0.0
379	2.0	1.0	2.0	1.0	1.6680000000000001	4.332	2.0
380	1.0	0.0	1.0	0.0	1.0	2.0	1.0
381	3.0	1.0	2.0	1.0	4.0	8.0	3.0
382	0.0	1.0	0.0	1.0	0.3330000000000002	2.667	1.0
383	0.0	3.0	0.0	1.0	0.9990000000000006	8.001	1.0
384	4.0	0.0	4.0	0.0	4.0	8.0	4.0
385	3.0	0.0	2.0	0.0	3.0	6.0	2.0
386	0.0	0.0	0.0	0.0	0.0	0.0	0.0
387	0.0	0.0	0.0	0.0	0.0	0.0	0.0
388	0.0	0.0	0.0	0.0	0.0	0.0	0.0
389	0.0	0.0	0.0	0.0	0.0	0.0	0.0
390	2.0	1.0	2.0	1.0	1.0	2.0	1.0
391	0.0	2.0	0.0	2.0	0.0	3.0	1.0
392	1.0	3.0	1.0	3.0	3.0	6.0	3.0
393	0.0	0.0	0.0	0.0	0.0	0.0	0.0
394	1.0	0.0	1.0	0.0	0.3330000000000002	2.667	1.0
395	0.0	1.0	0.0	1.0	0.3330000000000002	2.667	1.0
396	1.0	0.0	1.0	0.0	0.3330000000000002	2.667	1.0
397	1.0	0.0	1.0	0.0	0.3330000000000002	2.667	1.0
398	2.0	3.0	2.0	3.0	3.0	6.0	3.0
399	0.0	0.0	0.0	0.0	0.0	0.0	0.0
400	2.0	0.0	2.0	0.0	2.0	4.0	2.0
401	0.0	0.0	0.0	0.0	0.0	0.0	0.0
402	1.0	1.0	1.0	1.0	1.6680000000000001	4.332	2.0
403	2.0	0.0	1.0	0.0	0.6660000000000004	5.334	1.0
404	1.0	0.0	1.0	0.0	1.0	2.0	1.0
405	3.0	2.0	3.0	2.0	2.333	6.667	3.0
406	0.0	0.0	0.0	0.0	0.0	0.0	0.0
407	0.0	0.0	0.0	0.0	0.0	0.0	0.0
408	0.0	0.0	0.0	0.0	0.0	0.0	0.0
409	0.0	1.0	0.0	1.0	0.3330000000000002	2.667	1.0
410	1.0	0.0	1.0	0.0	0.3330000000000002	2.667	1.0
411	0.0	1.0	0.0	1.0	1.0	2.0	1.0
412	1.0	1.0	1.0	1.0	0.6680000000000001	2.332	1.0
413	2.0	0.0	2.0	0.0	0.6660000000000004	5.334	2.0
414	0.0	0.0	0.0	0.0	0.0	0.0	0.0
415	0.0	0.0	0.0	0.0	0.0	0.0	0.0
416	0.0	1.0	0.0	1.0	0.3330000000000002	2.667	1.0
417	1.0	0.0	1.0	0.0	1.0	2.0	1.0
418	1.0	0.0	0.0	0.0	0.3330000000000002	2.667	0.0
419	2.0	1.0	1.0	1.0	2.333	6.667	2.0
420	1.0	2.0	1.0	2.0	1.0	2.0	1.0
421	1.0	2.0	1.0	2.0	1.0	2.0	1.0
422	1.0	2.0	1.0	2.0	3.0	6.0	3.0
423	1.0	4.0	1.0	2.0	1.3320000000000007	10.668	2.0
424	1.0	3.0	1.0	2.0	1.3320000000000007	10.668	3.0
425	3.0	2.0	1.0	1.0	3.6720000000000006	11.328	2.0
426	2.0	0.0	1.0	0.0	0.6660000000000004	5.334	1.0
427	0.0	3.0	0.0	1.0	1.6660000000000004	7.334	1.0
428	0.0	0.0	0.0	0.0	0.0	0.0	0.0
429	3.0	1.0	3.0	1.0	1.3330000000000002	4.667	2.0
430	0.0	2.0	0.0	2.0	0.6660000000000004	5.334	2.0
431	1.0	0.0	1.0	0.0	1.0	2.0	1.0
432	0.0	0.0	0.0	0.0	0.0	0.0	0.0
433	1.0	3.0	1.0	3.0	1.9990000000000006	10.001	4.0
434	2.0	4.0	1.0	2.0	5.4	9.6	3.0
435	3.0	1.0	2.0	1.0	3.068	5.932	2.0
436	1.0	0.0	1.0	0.0	0.3330000000000002	2.667	1.0
437	2.0	2.0	1.0	2.0	3.333	8.667	3.0
438	1.0	0.0	1.0	0.0	0.3330000000000002	2.667	1.0
439	4.0	0.0	3.0	0.0	4.0	8.0	3.0
440	2.0	0.0	1.0	0.0	0.6660000000000004	5.334	1.0
441	0.0	1.0	0.0	1.0	0.3330000000000002	2.667	1.0
442	0.0	1.0	0.0	1.0	0.3330000000000002	2.667	1.0
443	0.0	0.0	0.0	0.0	0.0	0.0	0.0
444	3.0	0.0	3.0	0.0	3.068	5.932	3.0
445	0.0	1.0	0.0	1.0	0.3330000000000002	2.667	1.0
446	2.0	0.0	2.0	0.0	2.0	4.0	2.0
447	3.0	0.0	2.0	0.0	3.0	6.0	2.0
448	3.0	0.0	3.0	0.0	3.068	5.932	3.0
449	2.0	0.0	2.0	0.0	2.0	4.0	2.0
450	0.0	0.0	0.0	0.0	0.0	0.0	0.0
451	0.0	0.0	0.0	0.0	0.0	0.0	0.0
452	0.0	0.0	0.0	0.0	0.0	0.0	0.0
453	2.0	2.0	2.0	1.0	3.0	6.0	2.0
454	2.0	0.0	1.0	0.0	2.0	4.0	1.0
455	2.0	0.0	1.0	0.0	2.0	4.0	1.0
456	3.0	0.0	3.0	0.0	3.0	6.0	3.0
457	1.0	0.0	1.0	0.0	0.3330000000000002	2.667	1.0
458	0.0	0.0	0.0	0.0	0.0	0.0	0.0
459	1.0	0.0	1.0	0.0	0.3330000000000002	2.667	1.0
460	0.0	0.0	0.0	0.0	0.0	0.0	0.0
461	3.0	0.0	2.0	0.0	3.0	6.0	2.0
462	0.0	0.0	0.0	0.0	0.0	0.0	0.0
463	0.0	0.0	0.0	0.0	0.0	0.0	0.0
464	3.0	0.0	2.0	0.0	3.0	6.0	2.0
465	1.0	0.0	1.0	0.0	1.0	2.0	1.0
466	1.0	0.0	1.0	0.0	1.0	2.0	1.0
467	1.0	0.0	1.0	0.0	0.6680000000000001	2.332	1.0
468	1.0	0.0	1.0	0.0	1.0	2.0	1.0
469	0.0	0.0	0.0	0.0	0.0	0.0	0.0
470	0.0	0.0	0.0	0.0	0.0	0.0	0.0
471	0.0	0.0	0.0	0.0	0.0	0.0	0.0
472	0.0	0.0	0.0	0.0	0.0	0.0	0.0
473	1.0	0.0	1.0	0.0	1.0	2.0	1.0
474	0.0	0.0	0.0	0.0	0.0	0.0	0.0
475	0.0	0.0	0.0	0.0	0.0	0.0	0.0
476	1.0	0.0	1.0	0.0	0.6680000000000001	2.332	1.0
477	2.0	0.0	2.0	0.0	2.0	4.0	2.0
478	3.0	0.0	2.0	0.0	0.9990000000000006	8.001	2.0
479	1.0	0.0	1.0	0.0	0.3330000000000002	2.667	1.0
480	3.0	0.0	1.0	0.0	3.0	6.0	1.0
481	2.0	0.0	1.0	0.0	1.3360000000000003	4.664	1.0
482	2.0	0.0	2.0	0.0	0.6660000000000004	5.334	2.0
483	2.0	2.0	0.0	1.0	2.0010000000000003	6.999	1.0
484	1.0	2.0	0.0	2.0	0.6660000000000004	5.334	1.0
485	0.0	0.0	0.0	0.0	0.0	0.0	0.0
486	3.0	0.0	1.0	0.0	3.0	6.0	1.0
487	0.0	0.0	0.0	0.0	0.0	0.0	0.0
488	1.0	0.0	1.0	0.0	1.0	2.0	1.0
489	0.0	0.0	0.0	0.0	0.0	0.0	0.0
490	1.0	0.0	1.0	0.0	1.0	2.0	1.0
491	2.0	1.0	1.0	0.0	2.0	4.0	1.0
492	1.0	2.0	1.0	1.0	0.9990000000000006	8.001	2.0
493	0.0	0.0	0.0	0.0	0.0	0.0	0.0
494	1.0	0.0	1.0	0.0	0.3330000000000002	2.667	1.0
495	1.0	0.0	0.0	0.0	1.0	2.0	0.0
496	0.0	4.0	0.0	2.0	2.6660000000000004	9.334	2.0
497	1.0	0.0	1.0	0.0	0.3330000000000002	2.667	1.0
498	2.0	0.0	1.0	0.0	1.3360000000000003	4.664	1.0
499	2.0	0.0	1.0	0.0	0.6660000000000004	5.334	1.0
500	2.0	1.0	1.0	1.0	2.333	6.667	2.0
501	3.0	3.0	2.0	1.0	3.0	6.0	2.0
502	1.0	0.0	1.0	0.0	0.3330000000000002	2.667	1.0
503	1.0	1.0	1.0	1.0	2.0	4.0	2.0
504	3.0	1.0	1.0	1.0	4.0	8.0	2.0
505	0.0	0.0	0.0	0.0	0.0	0.0	0.0
506	1.0	0.0	1.0	0.0	1.0	2.0	1.0
507	0.0	3.0	0.0	3.0	0.3330000000000002	2.667	1.0
508	2.0	1.0	2.0	1.0	1.6660000000000004	7.334	3.0
509	2.0	2.0	1.0	1.0	1.9990000000000006	10.001	2.0
510	0.0	0.0	0.0	0.0	0.0	0.0	0.0
511	1.0	0.0	1.0	0.0	0.3330000000000002	2.667	1.0
512	1.0	0.0	1.0	0.0	0.3330000000000002	2.667	1.0
513	0.0	0.0	0.0	0.0	0.0	0.0	0.0
514	0.0	0.0	0.0	0.0	0.0	0.0	0.0
515	1.0	0.0	0.0	0.0	1.0	2.0	0.0
516	2.0	0.0	2.0	0.0	2.0	4.0	2.0
517	4.0	0.0	2.0	0.0	1.6680000000000001	4.332	1.0
518	1.0	0.0	1.0	0.0	0.3330000000000002	2.667	1.0
519	3.0	0.0	2.0	0.0	3.0	6.0	2.0
520	0.0	0.0	0.0	0.0	0.0	0.0	0.0
521	1.0	0.0	1.0	0.0	1.0	2.0	1.0
522	2.0	1.0	2.0	1.0	1.6680000000000001	4.332	2.0
523	3.0	0.0	2.0	0.0	3.0	6.0	2.0
524	1.0	0.0	1.0	0.0	0.3330000000000002	2.667	1.0
525	0.0	1.0	0.0	1.0	0.0	3.0	1.0
526	0.0	0.0	0.0	0.0	0.0	0.0	0.0
527	2.0	0.0	0.0	0.0	2.4	3.6	0.0
528	2.0	1.0	2.0	1.0	1.0	2.0	1.0
529	2.0	1.0	1.0	1.0	0.9990000000000006	8.001	2.0
530	1.0	1.0	1.0	0.0	1.3330000000000002	4.667	1.0
531	1.0	3.0	1.0	3.0	4.0	8.0	4.0
532	1.0	3.0	1.0	3.0	1.6660000000000004	7.334	3.0
533	3.0	1.0	3.0	1.0	1.3330000000000002	4.667	2.0
534	1.0	0.0	1.0	0.0	0.3330000000000002	2.667	1.0
535	3.0	0.0	2.0	0.0	3.0	6.0	2.0
536	2.0	0.0	1.0	0.0	2.0	4.0	1.0
537	0.0	1.0	0.0	1.0	0.3330000000000002	2.667	1.0
538	0.0	0.0	0.0	0.0	0.0	0.0	0.0
539	1.0	2.0	0.0	2.0	2.668	6.332	2.0
540	1.0	3.0	1.0	2.0	2.333	6.667	2.0
541	1.0	0.0	1.0	0.0	0.3330000000000002	2.667	1.0
542	3.0	0.0	3.0	0.0	3.4	5.6	3.0
543	0.0	0.0	0.0	0.0	0.0	0.0	0.0
544	2.0	0.0	1.0	0.0	2.0	4.0	1.0
545	1.0	0.0	0.0	0.0	1.0	2.0	0.0
546	2.0	0.0	1.0	0.0	0.6660000000000004	5.334	1.0
547	4.0	0.0	4.0	0.0	3.3360000000000003	8.664	4.0
548	1.0	0.0	1.0	0.0	1.0	2.0	1.0
549	2.0	0.0	1.0	0.0	0.6660000000000004	5.334	1.0
550	2.0	0.0	1.0	0.0	2.0	4.0	1.0
551	4.0	1.0	2.0	1.0	5.0	10.0	3.0
552	3.0	0.0	3.0	0.0	3.0	6.0	3.0
553	1.0	0.0	1.0	0.0	1.0	2.0	1.0
554	1.0	0.0	1.0	0.0	0.3330000000000002	2.667	1.0
555	0.0	0.0	0.0	0.0	0.0	0.0	0.0
556	1.0	0.0	1.0	0.0	0.3330000000000002	2.667	1.0
557	2.0	0.0	1.0	0.0	0.6660000000000004	5.334	1.0
558	3.0	0.0	3.0	0.0	3.0	6.0	3.0
559	2.0	0.0	1.0	0.0	0.6660000000000004	5.334	1.0
560	1.0	0.0	1.0	0.0	1.0	2.0	1.0
561	2.0	0.0	1.0	0.0	2.0	4.0	1.0
562	0.0	0.0	0.0	0.0	0.0	0.0	0.0
563	2.0	0.0	2.0	0.0	2.0	4.0	2.0
564	4.0	0.0	4.0	0.0	4.4	7.6	4.0
565	2.0	0.0	2.0	0.0	0.6660000000000004	5.334	2.0
566	2.0	0.0	2.0	0.0	0.6660000000000004	5.334	2.0
567	0.0	0.0	0.0	0.0	0.0	0.0	0.0
568	1.0	0.0	1.0	0.0	0.3330000000000002	2.667	1.0
569	1.0	0.0	1.0	0.0	1.0	2.0	1.0
570	0.0	0.0	0.0	0.0	0.0	0.0	0.0
571	0.0	3.0	0.0	3.0	0.9990000000000006	8.001	3.0
572	2.0	0.0	1.0	0.0	2.068	3.932	1.0
573	1.0	0.0	1.0	0.0	1.0	2.0	1.0
574	1.0	0.0	1.0	0.0	0.3330000000000002	2.667	1.0
575	0.0	0.0	0.0	0.0	0.0	0.0	0.0
576	1.0	0.0	1.0	0.0	1.4	1.6	1.0
577	0.0	1.0	0.0	1.0	1.0	2.0	1.0
578	1.0	0.0	1.0	0.0	0.3330000000000002	2.667	1.0
579	1.0	0.0	1.0	0.0	1.0	2.0	1.0
580	1.0	0.0	1.0	0.0	0.3330000000000002	2.667	1.0
581	3.0	1.0	3.0	1.0	4.0	8.0	4.0
582	2.0	0.0	2.0	0.0	0.6660000000000004	5.334	2.0
583	0.0	0.0	0.0	0.0	0.0	0.0	0.0
584	1.0	0.0	1.0	0.0	1.0	2.0	1.0
585	1.0	0.0	1.0	0.0	0.3330000000000002	2.667	1.0
586	2.0	0.0	2.0	0.0	0.6660000000000004	5.334	2.0
587	3.0	0.0	3.0	0.0	3.0	6.0	3.0
588	2.0	0.0	2.0	0.0	0.6660000000000004	5.334	2.0
589	0.0	2.0	0.0	1.0	0.6660000000000004	5.334	1.0
590	1.0	0.0	1.0	0.0	1.0	2.0	1.0
591	1.0	0.0	1.0	0.0	0.3330000000000002	2.667	1.0
592	0.0	0.0	0.0	0.0	0.0	0.0	0.0
593	3.0	0.0	3.0	0.0	3.0	6.0	3.0
594	1.0	0.0	1.0	0.0	0.3330000000000002	2.667	1.0
595	0.0	0.0	0.0	0.0	0.0	0.0	0.0
596	0.0	1.0	0.0	1.0	0.3330000000000002	2.667	1.0
597	2.0	0.0	1.0	0.0	2.0	4.0	1.0
598	3.0	1.0	1.0	0.0	1.3330000000000002	4.667	1.0
599	3.0	1.0	2.0	1.0	4.0	8.0	3.0
600	0.0	0.0	0.0	0.0	0.0	0.0	0.0
601	4.0	0.0	3.0	0.0	3.3360000000000003	8.664	3.0
602	1.0	0.0	1.0	0.0	1.0	2.0	1.0
603	1.0	0.0	1.0	0.0	0.3330000000000002	2.667	1.0
604	1.0	0.0	1.0	0.0	0.3330000000000002	2.667	1.0
605	0.0	0.0	0.0	0.0	0.0	0.0	0.0
606	1.0	2.0	1.0	2.0	1.0	2.0	1.0
607	2.0	0.0	1.0	0.0	2.0	4.0	1.0
608	1.0	0.0	0.0	0.0	1.0	2.0	0.0
609	0.0	0.0	0.0	0.0	0.0	0.0	0.0
610	1.0	0.0	1.0	0.0	0.3330000000000002	2.667	1.0
611	2.0	0.0	2.0	0.0	0.6660000000000004	5.334	2.0
612	4.0	0.0	3.0	0.0	3.736	8.264	3.0
613	0.0	0.0	0.0	0.0	0.0	0.0	0.0
614	2.0	2.0	1.0	2.0	1.6660000000000004	7.334	2.0
615	0.0	4.0	0.0	2.0	1.6660000000000004	7.334	1.0
616	2.0	4.0	2.0	3.0	3.668	8.332	3.0
617	1.0	0.0	1.0	0.0	0.3330000000000002	2.667	1.0
618	2.0	0.0	2.0	0.0	2.0	4.0	2.0
619	0.0	0.0	0.0	0.0	0.0	0.0	0.0
620	0.0	0.0	0.0	0.0	0.0	0.0	0.0
621	2.0	1.0	1.0	1.0	3.0	6.0	2.0
622	3.0	0.0	3.0	0.0	3.0	6.0	3.0
623	2.0	1.0	2.0	1.0	1.0	2.0	1.0
624	0.0	0.0	0.0	0.0	0.0	0.0	0.0
625	3.0	0.0	3.0	0.0	3.0	6.0	3.0
626	3.0	0.0	3.0	0.0	3.0	6.0	3.0
627	1.0	0.0	0.0	0.0	1.0	2.0	0.0
628	0.0	0.0	0.0	0.0	0.0	0.0	0.0
629	1.0	3.0	1.0	3.0	1.6660000000000004	7.334	3.0
630	1.0	0.0	1.0	0.0	1.0	2.0	1.0
631	2.0	0.0	2.0	0.0	0.6660000000000004	5.334	2.0
632	0.0	0.0	0.0	0.0	0.0	0.0	0.0
633	2.0	0.0	1.0	0.0	2.0	4.0	1.0
634	0.0	1.0	0.0	1.0	0.3330000000000002	2.667	1.0
635	4.0	0.0	4.0	0.0	2.0	4.0	2.0
636	0.0	0.0	0.0	0.0	0.0	0.0	0.0
637	4.0	0.0	2.0	0.0	4.0	8.0	2.0
638	0.0	0.0	0.0	0.0	0.0	0.0	0.0
639	1.0	0.0	1.0	0.0	0.3330000000000002	2.667	1.0
640	3.0	2.0	2.0	1.0	4.0	8.0	3.0
641	0.0	0.0	0.0	0.0	0.0	0.0	0.0
642	2.0	3.0	1.0	2.0	4.0	8.0	2.0
643	2.0	2.0	2.0	2.0	2.0	4.0	2.0
644	3.0	3.0	3.0	2.0	5.0	10.0	4.0
645	5.0	3.0	4.0	3.0	3.0010000000000003	8.998999999999999	3.0
646	2.0	3.0	1.0	1.0	2.6660000000000004	9.334	2.0
647	2.0	5.0	1.0	3.0	6.333	14.667	4.0
648	1.0	6.0	1.0	3.0	3.3340000000000005	11.666	3.0
649	3.0	7.0	2.0	5.0	4.332000000000001	16.668	5.0
650	1.0	6.0	1.0	3.0	3.3320000000000007	14.668	4.0
651	0.0	0.0	0.0	0.0	0.0	0.0	0.0
652	4.0	5.0	2.0	3.0	7.333	16.667	4.0
653	0.0	4.0	0.0	4.0	1.6660000000000004	7.334	3.0
654	0.0	1.0	0.0	1.0	0.3330000000000002	2.667	1.0
655	2.0	2.0	1.0	0.0	1.3330000000000002	4.667	1.0
656	1.0	2.0	0.0	0.0	0.3330000000000002	2.667	0.0
657	0.0	1.0	0.0	0.0	0.3330000000000002	2.667	0.0
658	0.0	1.0	0.0	0.0	1.0	2.0	0.0
659	1.0	2.0	0.0	0.0	0.6660000000000004	5.334	0.0
660	0.0	1.0	0.0	0.0	0.3330000000000002	2.667	0.0
661	1.0	2.0	0.0	0.0	1.3330000000000002	4.667	0.0
662	0.0	1.0	0.0	0.0	0.3330000000000002	2.667	0.0
663	2.0	4.0	0.0	0.0	3.0	6.0	0.0
664	1.0	4.0	0.0	1.0	2.333	6.667	1.0
665	0.0	4.0	0.0	1.0	2.6660000000000004	9.334	1.0
666	1.0	1.0	0.0	1.0	0.6660000000000004	5.334	1.0
667	1.0	2.0	0.0	1.0	1.3330000000000002	4.667	1.0
668	1.0	8.0	1.0	6.0	3.6660000000000004	11.334	3.0
669	2.0	2.0	2.0	2.0	1.6660000000000004	7.334	3.0
670	1.0	8.0	0.0	7.0	2.998000000000001	18.002	5.0
671	1.0	2.0	0.0	2.0	1.3330000000000002	4.667	1.0
672	1.0	3.0	1.0	1.0	2.333	6.667	2.0
673	2.0	4.0	2.0	2.0	4.0	8.0	3.0
674	2.0	5.0	1.0	3.0	2.6660000000000004	9.334	2.0
675	3.0	6.0	2.0	5.0	3.9990000000000006	14.001	4.0
676	2.0	5.0	1.0	5.0	2.6660000000000004	9.334	3.0
677	0.0	6.0	0.0	5.0	1.9990000000000006	10.001	3.0
678	2.0	1.0	2.0	1.0	1.0010000000000003	4.999	2.0
679	2.0	3.0	2.0	1.0	3.0010000000000003	8.998999999999999	2.0
680	0.0	5.0	0.0	4.0	2.6690000000000005	9.331	3.0
681	1.0	2.0	1.0	2.0	2.333	6.667	3.0
682	1.0	0.0	1.0	0.0	0.3330000000000002	2.667	1.0
683	1.0	0.0	1.0	0.0	1.0	2.0	1.0
684	2.0	0.0	2.0	0.0	2.0	4.0	2.0
685	1.0	0.0	0.0	0.0	1.0	2.0	0.0
686	1.0	0.0	1.0	0.0	1.0	2.0	1.0
687	0.0	1.0	0.0	1.0	1.0	2.0	1.0
688	3.0	0.0	2.0	0.0	3.0	6.0	2.0
689	2.0	0.0	2.0	0.0	0.6680000000000001	2.332	1.0
690	3.0	0.0	2.0	0.0	3.0	6.0	2.0
691	2.0	1.0	2.0	1.0	2.333	6.667	3.0
692	1.0	0.0	1.0	0.0	0.3330000000000002	2.667	1.0
693	2.0	0.0	2.0	0.0	2.0	4.0	2.0
694	0.0	0.0	0.0	0.0	0.0	0.0	0.0
695	1.0	0.0	1.0	0.0	1.0	2.0	1.0
696	1.0	1.0	1.0	1.0	1.0	2.0	1.0
697	0.0	0.0	0.0	0.0	0.0	0.0	0.0
698	0.0	0.0	0.0	0.0	0.0	0.0	0.0
699	2.0	1.0	2.0	1.0	1.0	2.0	1.0
700	1.0	0.0	1.0	0.0	1.0	2.0	1.0
701	2.0	3.0	2.0	1.0	2.3340000000000005	9.666	2.0
702	3.0	1.0	2.0	1.0	2.0010000000000003	6.999	2.0
703	2.0	1.0	1.0	1.0	2.333	6.667	2.0
704	1.0	0.0	1.0	0.0	0.3330000000000002	2.667	1.0
705	0.0	4.0	0.0	3.0	1.3340000000000005	7.6659999999999995	2.0
706	0.0	2.0	0.0	2.0	1.0	2.0	1.0
707	0.0	1.0	0.0	1.0	0.3330000000000002	2.667	1.0
708	1.0	3.0	1.0	3.0	1.6680000000000001	4.332	2.0
709	0.0	1.0	0.0	1.0	1.0	2.0	1.0
710	1.0	0.0	1.0	0.0	1.0	2.0	1.0
711	1.0	0.0	1.0	0.0	1.0	2.0	1.0
712	1.0	0.0	1.0	0.0	0.3330000000000002	2.667	1.0
713	2.0	0.0	1.0	0.0	2.0	4.0	1.0
714	1.0	0.0	1.0	0.0	1.0	2.0	1.0
715	0.0	0.0	0.0	0.0	0.0	0.0	0.0
716	3.0	0.0	3.0	0.0	0.9990000000000006	8.001	3.0
717	0.0	0.0	0.0	0.0	0.0	0.0	0.0
718	1.0	3.0	1.0	3.0	1.3330000000000002	4.667	2.0
719	2.0	1.0	1.0	1.0	0.9990000000000006	8.001	2.0
720	0.0	0.0	0.0	0.0	0.0	0.0	0.0
721	1.0	1.0	1.0	1.0	1.6680000000000001	4.332	2.0
722	0.0	0.0	0.0	0.0	0.0	0.0	0.0
723	0.0	0.0	0.0	0.0	0.0	0.0	0.0
724	2.0	1.0	1.0	1.0	3.0	6.0	2.0
725	0.0	0.0	0.0	0.0	0.0	0.0	0.0
726	0.0	0.0	0.0	0.0	0.0	0.0	0.0
727	2.0	0.0	1.0	0.0	2.4	3.6	1.0
728	0.0	0.0	0.0	0.0	0.0	0.0	0.0
729	0.0	0.0	0.0	0.0	0.0	0.0	0.0
730	0.0	0.0	0.0	0.0	0.0	0.0	0.0
731	1.0	0.0	1.0	0.0	1.0	2.0	1.0
732	0.0	0.0	0.0	0.0	0.0	0.0	0.0
733	1.0	0.0	1.0	0.0	1.0	2.0	1.0
734	0.0	0.0	0.0	0.0	0.0	0.0	0.0
735	0.0	0.0	0.0	0.0	0.0	0.0	0.0
736	0.0	0.0	0.0	0.0	0.0	0.0	0.0
737	0.0	0.0	0.0	0.0	0.0	0.0	0.0
738	0.0	0.0	0.0	0.0	0.0	0.0	0.0
739	2.0	0.0	2.0	0.0	2.0	4.0	2.0
740	1.0	0.0	1.0	0.0	1.0	2.0	1.0
741	1.0	0.0	1.0	0.0	0.3330000000000002	2.667	1.0
742	0.0	0.0	0.0	0.0	0.0	0.0	0.0
743	1.0	0.0	1.0	0.0	0.3330000000000002	2.667	1.0
744	0.0	0.0	0.0	0.0	0.0	0.0	0.0
745	0.0	0.0	0.0	0.0	0.0	0.0	0.0
746	1.0	0.0	1.0	0.0	0.3330000000000002	2.667	1.0
747	0.0	0.0	0.0	0.0	0.0	0.0	0.0
748	0.0	0.0	0.0	0.0	0.0	0.0	0.0
749	2.0	0.0	2.0	0.0	1.3360000000000003	4.664	2.0
750	2.0	0.0	2.0	0.0	1.6680000000000001	4.332	2.0
751	2.0	0.0	1.0	0.0	2.4	3.6	1.0
752	1.0	0.0	1.0	0.0	1.0	2.0	1.0
753	3.0	1.0	1.0	1.0	4.0	8.0	2.0
754	3.0	0.0	1.0	0.0	3.8	5.2	1.0
755	0.0	1.0	0.0	1.0	1.0	2.0	1.0
756	2.0	0.0	1.0	0.0	2.0	4.0	1.0
757	1.0	2.0	1.0	2.0	0.3330000000000002	2.667	1.0
758	0.0	0.0	0.0	0.0	0.0	0.0	0.0
759	2.0	0.0	1.0	0.0	0.6660000000000004	5.334	1.0
760	1.0	1.0	0.0	1.0	2.0	4.0	1.0
761	1.0	0.0	1.0	0.0	1.0	2.0	1.0
762	3.0	0.0	2.0	0.0	3.0	6.0	2.0
763	2.0	0.0	1.0	0.0	2.0	4.0	1.0
764	1.0	3.0	1.0	3.0	1.3330000000000002	4.667	2.0
765	0.0	0.0	0.0	0.0	0.0	0.0	0.0
766	2.0	4.0	2.0	4.0	2.0	4.0	2.0
767	2.0	0.0	1.0	0.0	1.6680000000000001	4.332	1.0
768	2.0	0.0	2.0	0.0	2.0	4.0	2.0
769	1.0	0.0	1.0	0.0	0.3330000000000002	2.667	1.0
770	1.0	0.0	1.0	0.0	1.0	2.0	1.0
771	0.0	0.0	0.0	0.0	0.0	0.0	0.0
772	3.0	0.0	3.0	0.0	3.0	6.0	3.0
773	1.0	1.0	1.0	0.0	1.6680000000000001	4.332	1.0
774	1.0	6.0	1.0	3.0	4.0	11.0	2.0
775	0.0	0.0	0.0	0.0	0.0	0.0	0.0
776	2.0	0.0	2.0	0.0	1.3360000000000003	4.664	2.0
777	2.0	1.0	2.0	0.0	1.6680000000000001	4.332	1.0
778	2.0	0.0	1.0	0.0	1.3360000000000003	4.664	1.0
779	1.0	0.0	1.0	0.0	1.0	2.0	1.0
780	1.0	0.0	1.0	0.0	1.0	2.0	1.0
781	0.0	0.0	0.0	0.0	0.0	0.0	0.0
782	3.0	0.0	3.0	0.0	3.0	6.0	3.0
783	4.0	0.0	3.0	0.0	4.0	8.0	3.0
784	3.0	3.0	2.0	2.0	4.0	11.0	3.0
785	0.0	0.0	0.0	0.0	0.0	0.0	0.0
786	2.0	0.0	1.0	0.0	2.0	4.0	1.0
787	2.0	0.0	1.0	0.0	0.6660000000000004	5.334	1.0
788	0.0	4.0	0.0	3.0	1.6660000000000004	10.334	3.0
789	0.0	0.0	0.0	0.0	0.0	0.0	0.0
790	0.0	0.0	0.0	0.0	0.0	0.0	0.0
791	1.0	2.0	1.0	1.0	3.0	6.0	2.0
792	2.0	4.0	1.0	2.0	5.7330000000000005	12.267	3.0
793	2.0	0.0	2.0	0.0	1.6680000000000001	4.332	2.0
794	2.0	0.0	1.0	0.0	1.6680000000000001	4.332	1.0
795	1.0	3.0	1.0	2.0	1.6660000000000004	7.334	2.0
796	0.0	0.0	0.0	0.0	0.0	0.0	0.0
797	1.0	0.0	1.0	0.0	0.6680000000000001	2.332	1.0
798	1.0	4.0	1.0	3.0	2.668	12.332	4.0
799	0.0	5.0	0.0	4.0	2.9990000000000006	12.001	4.0
800	0.0	0.0	0.0	0.0	0.0	0.0	0.0
801	1.0	0.0	1.0	0.0	0.3330000000000002	2.667	1.0
802	2.0	0.0	2.0	0.0	2.0	4.0	2.0
803	0.0	0.0	0.0	0.0	0.0	0.0	0.0
804	1.0	0.0	0.0	0.0	0.3330000000000002	2.667	0.0
805	1.0	0.0	0.0	0.0	0.3330000000000002	2.667	0.0
806	3.0	0.0	2.0	0.0	0.9990000000000006	8.001	2.0
807	2.0	0.0	2.0	0.0	0.6660000000000004	5.334	2.0
808	2.0	1.0	2.0	1.0	2.0	4.0	2.0
809	1.0	1.0	0.0	0.0	1.6680000000000001	4.332	0.0
810	4.0	0.0	3.0	0.0	4.0	8.0	3.0
811	1.0	0.0	1.0	0.0	1.0	2.0	1.0
812	1.0	0.0	0.0	0.0	1.4	1.6	0.0
813	3.0	1.0	2.0	1.0	2.3360000000000003	6.664	2.0
814	0.0	0.0	0.0	0.0	0.0	0.0	0.0
815	0.0	0.0	0.0	0.0	0.0	0.0	0.0
816	2.0	2.0	2.0	2.0	2.668	6.332	3.0
817	3.0	0.0	2.0	0.0	3.0	6.0	2.0
818	1.0	1.0	0.0	1.0	0.6680000000000001	5.332	1.0
819	0.0	0.0	0.0	0.0	0.0	0.0	0.0
820	2.0	3.0	1.0	3.0	3.0010000000000003	8.998999999999999	3.0
821	0.0	0.0	0.0	0.0	0.0	0.0	0.0
822	3.0	0.0	2.0	0.0	3.068	5.932	2.0
823	2.0	1.0	2.0	1.0	1.6680000000000001	4.332	2.0
824	2.0	0.0	2.0	0.0	1.4	1.6	1.0
825	1.0	0.0	1.0	0.0	0.3330000000000002	2.667	1.0
826	1.0	0.0	1.0	0.0	0.3330000000000002	2.667	1.0
827	2.0	1.0	2.0	1.0	3.0	6.0	3.0
828	1.0	0.0	1.0	0.0	0.3330000000000002	2.667	1.0
829	4.0	0.0	3.0	0.0	4.0	8.0	3.0
830	0.0	0.0	0.0	0.0	0.0	0.0	0.0
831	1.0	0.0	1.0	0.0	1.0	2.0	1.0
832	2.0	3.0	2.0	2.0	4.333	10.667	4.0
833	3.0	0.0	3.0	0.0	3.0	6.0	3.0
834	2.0	3.0	1.0	1.0	1.3360000000000003	7.664	1.0
835	1.0	0.0	1.0	0.0	0.3330000000000002	2.667	1.0
836	1.0	2.0	1.0	2.0	1.6690000000000005	7.3309999999999995	3.0
837	0.0	4.0	0.0	4.0	2.068	6.932	3.0
838	1.0	3.0	1.0	0.0	1.9990000000000006	10.001	1.0
839	1.0	4.0	1.0	4.0	2.333	6.667	3.0
840	0.0	5.0	0.0	3.0	1.9990000000000006	10.001	3.0
841	0.0	5.0	0.0	3.0	1.9990000000000006	10.001	2.0
842	2.0	4.0	2.0	3.0	2.333	9.667	3.0
843	2.0	4.0	1.0	2.0	5.0	10.0	3.0
844	2.0	1.0	2.0	1.0	1.0	5.0	2.0
845	1.0	1.0	1.0	1.0	0.3330000000000002	2.667	1.0
846	0.0	1.0	0.0	1.0	1.0	2.0	1.0
847	2.0	3.0	2.0	1.0	3.0010000000000003	8.998999999999999	3.0
848	1.0	0.0	0.0	0.0	0.3330000000000002	2.667	0.0
849	0.0	3.0	0.0	3.0	1.3330000000000002	4.667	2.0
850	4.0	1.0	3.0	1.0	4.0	8.0	3.0
851	2.0	4.0	2.0	4.0	2.6660000000000004	9.334	4.0
852	0.0	2.0	0.0	1.0	1.3330000000000002	4.667	1.0
853	1.0	1.0	0.0	1.0	2.0	4.0	1.0
854	1.0	4.0	1.0	4.0	1.6660000000000004	7.334	3.0
855	3.0	1.0	2.0	1.0	3.333	8.667	3.0
856	0.0	2.0	0.0	2.0	1.733	4.2669999999999995	2.0
857	1.0	0.0	0.0	0.0	0.3330000000000002	2.667	0.0
858	2.0	0.0	2.0	0.0	0.6680000000000001	2.332	1.0
859	2.0	4.0	2.0	3.0	3.0040000000000004	8.995999999999999	3.0
860	0.0	0.0	0.0	0.0	0.0	0.0	0.0
