pos	Sd	Nd	Sd_tip	Nd_tip	S	N	comparisons
001	0.0	0.0	0.0	0.0	0.0	0.0	0.0
002	1.0	1.0	0.0	0.0	1.0	2.0	0.0
003	1.0	2.0	0.0	0.0	1.0	2.0	0.0
004	0.0	0.0	0.0	0.0	0.0	0.0	0.0
005	2.0	4.0	0.0	3.0	3.6660000000000004	11.334	2.0
006	1.0	2.0	1.0	1.0	2.333	6.667	2.0
007	2.0	0.0	1.0	0.0	2.0	4.0	1.0
008	0.0	0.0	0.0	0.0	0.0	0.0	0.0
009	1.0	1.0	1.0	0.0	1.6680000000000001	4.332	1.0
010	1.0	3.0	1.0	2.0	1.6660000000000004	7.334	2.0
011	0.0	1.0	0.0	1.0	1.0	2.0	1.0
012	1.0	1.0	0.0	1.0	2.0	4.0	1.0
013	0.0	0.0	0.0	0.0	0.0	0.0	0.0
014	0.0	0.0	0.0	0.0	0.0	0.0	0.0
015	0.0	0.0	0.0	0.0	0.0	0.0	0.0
016	0.0	0.0	0.0	0.0	0.0	0.0	0.0
017	1.0	0.0	1.0	0.0	1.0	2.0	1.0
018	2.0	1.0	2.0	1.0	0.9990000000000006	8.001	3.0
019	3.0	0.0	1.0	0.0	3.0	6.0	1.0
020	3.0	1.0	1.0	0.0	0.6660000000000004	5.334	1.0
021	0.0	0.0	0.0	0.0	0.0	0.0	0.0
022	1.0	0.0	1.0	0.0	1.0	2.0	1.0
023	0.0	0.0	0.0	0.0	0.0	0.0	0.0
024	0.0	0.0	0.0	0.0	0.0	0.0	0.0
025	1.0	0.0	1.0	0.0	0.3330000000000002	2.667	1.0
026	2.0	0.0	0.0	0.0	1.0	2.0	0.0
027	0.0	0.0	0.0	0.0	0.0	0.0	0.0
028	0.0	0.0	0.0	0.0	0.0	0.0	0.0
029	0.0	0.0	0.0	0.0	0.0	0.0	0.0
030	0.0	0.0	0.0	0.0	0.0	0.0	0.0
031	0.0	2.0	0.0	2.0	1.0	2.0	1.0
032	1.0	0.0	0.0	0.0	1.0	2.0	0.0
033	2.0	0.0	1.0	0.0	2.4	3.6	1.0
034	0.0	0.0	0.0	0.0	0.0	0.0	0.0
035	1.0	0.0	1.0	0.0	1.0	2.0	1.0
036	2.0	0.0	2.0	0.0	2.4	3.6	2.0
037	0.0	0.0	0.0	0.0	0.0	0.0	0.0
038	1.0	0.0	0.0	0.0	1.0	2.0	0.0
039	0.0	0.0	0.0	0.0	0.0	0.0	0.0
040	3.0	0.0	2.0	0.0	3.0	6.0	2.0
041	0.0	3.0	0.0	1.0	3.0	6.0	1.0
042	1.0	1.0	0.0	0.0	0.6660000000000004	5.334	0.0
043	1.0	1.0	0.0	0.0	2.0	4.0	0.0
044	0.0	2.0	0.0	2.0	0.3330000000000002	2.667	1.0
045	0.0	0.0	0.0	0.0	0.0	0.0	0.0
046	2.0	0.0	1.0	0.0	2.0	4.0	1.0
047	1.0	0.0	0.0	0.0	1.0	2.0	0.0
048	0.0	0.0	0.0	0.0	0.0	0.0	0.0
049	0.0	0.0	0.0	0.0	0.0	0.0	0.0
050	0.0	0.0	0.0	0.0	0.0	0.0	0.0
051	3.0	2.0	2.0	1.0	1.9990000000000006	10.001	2.0
052	3.0	0.0	2.0	0.0	0.9990000000000006	8.001	2.0
053	0.0	0.0	0.0	0.0	0.0	0.0	0.0
054	2.0	0.0	1.0	0.0	2.0	4.0	1.0
055	0.0	0.0	0.0	0.0	0.0	0.0	0.0
056	0.0	1.0	0.0	1.0	1.0	2.0	1.0
057	1.0	0.0	1.0	0.0	0.3330000000000002	2.667	1.0
058	0.0	0.0	0.0	0.0	0.0	0.0	0.0
059	0.0	0.0	0.0	0.0	0.0	0.0	0.0
060	0.0	0.0	0.0	0.0	0.0	0.0	0.0
061	2.0	0.0	1.0	0.0	0.6660000000000004	5.334	1.0
062	0.0	0.0	0.0	0.0	0.0	0.0	0.0
063	0.0	2.0	0.0	2.0	1.3330000000000002	4.667	2.0
064	0.0	0.0	0.0	0.0	0.0	0.0	0.0
065	0.0	0.0	0.0	0.0	0.0	0.0	0.0
066	0.0	0.0	0.0	0.0	0.0	0.0	0.0
067	0.0	0.0	0.0	0.0	0.0	0.0	0.0
068	2.0	0.0	0.0	0.0	2.0	4.0	0.0
069	1.0	0.0	0.0	0.0	1.0	2.0	0.0
070	2.0	0.0	1.0	0.0	2.0	4.0	1.0
071	0.0	0.0	0.0	0.0	0.0	0.0	0.0
072	0.0	0.0	0.0	0.0	0.0	0.0	0.0
073	0.0	1.0	0.0	1.0	0.3330000000000002	2.667	1.0
074	0.0	0.0	0.0	0.0	0.0	0.0	0.0
075	1.0	0.0	1.0	0.0	1.4	1.6	1.0
076	3.0	0.0	1.0	0.0	3.0	6.0	1.0
077	2.0	0.0	2.0	0.0	2.0	4.0	2.0
078	1.0	2.0	1.0	1.0	0.6660000000000004	5.334	1.0
079	0.0	0.0	0.0	0.0	0.0	0.0	0.0
080	2.0	1.0	2.0	0.0	3.0	6.0	2.0
081	3.0	2.0	1.0	0.0	3.0	6.0	1.0
082	0.0	0.0	0.0	0.0	0.0	0.0	0.0
083	1.0	0.0	0.0	0.0	0.6680000000000001	2.332	0.0
084	0.0	0.0	0.0	0.0	0.0	0.0	0.0
085	0.0	0.0	0.0	0.0	0.0	0.0	0.0
086	1.0	0.0	1.0	0.0	0.6680000000000001	2.332	1.0
