all_syn	all_nonSyn	tip_syn	tip_nonSyn	S	N	comparisons
001	0.0	0.0	0.0	0.0	0.0	0.0	0.0
002	2.0	0.0	2.0	0.0	2.0	4.0	2.0
003	0.0	0.0	0.0	0.0	0.0	0.0	0.0
004	3.0	0.0	3.0	0.0	0.9990000000000006	8.001	3.0
005	0.0	0.0	0.0	0.0	0.0	0.0	0.0
006	1.0	0.0	0.0	0.0	1.0	2.0	0.0
007	0.0	0.0	0.0	0.0	0.0	0.0	0.0
008	1.0	1.0	1.0	1.0	1.6680000000000001	4.332	2.0
009	3.0	0.0	3.0	0.0	3.0	6.0	3.0
010	1.0	0.0	0.0	0.0	0.6680000000000001	2.332	0.0
011	0.0	0.0	0.0	0.0	0.0	0.0	0.0
012	2.0	0.0	1.0	0.0	0.6660000000000004	5.334	1.0
013	1.0	0.0	1.0	0.0	0.3330000000000002	2.667	1.0
014	1.0	0.0	0.0	0.0	0.3330000000000002	2.667	0.0
015	1.0	0.0	1.0	0.0	0.3330000000000002	2.667	1.0
016	0.0	0.0	0.0	0.0	0.0	0.0	0.0
017	0.0	0.0	0.0	0.0	0.0	0.0	0.0
018	1.0	0.0	1.0	0.0	1.0	2.0	1.0
019	0.0	0.0	0.0	0.0	0.0	0.0	0.0
020	0.0	0.0	0.0	0.0	0.0	0.0	0.0
021	2.0	0.0	1.0	0.0	0.6660000000000004	5.334	1.0
022	3.0	0.0	2.0	0.0	3.0	6.0	2.0
023	0.0	0.0	0.0	0.0	0.0	0.0	0.0
024	1.0	0.0	1.0	0.0	0.3330000000000002	2.667	1.0
025	0.0	0.0	0.0	0.0	0.0	0.0	0.0
026	1.0	0.0	1.0	0.0	0.3330000000000002	2.667	1.0
027	1.0	0.0	0.0	0.0	0.3330000000000002	2.667	0.0
028	2.0	0.0	0.0	0.0	2.0	4.0	0.0
029	1.0	0.0	1.0	0.0	0.3330000000000002	2.667	1.0
030	3.0	0.0	3.0	0.0	3.0	6.0	3.0
031	0.0	0.0	0.0	0.0	0.0	0.0	0.0
032	3.0	0.0	3.0	0.0	3.0	6.0	3.0
033	1.0	0.0	1.0	0.0	1.0	2.0	1.0
034	2.0	0.0	1.0	0.0	2.0	4.0	1.0
035	2.0	0.0	1.0	0.0	2.0	4.0	1.0
036	0.0	0.0	0.0	0.0	0.0	0.0	0.0
037	2.0	0.0	2.0	0.0	2.0	4.0	2.0
038	1.0	0.0	1.0	0.0	0.3330000000000002	2.667	1.0
039	2.0	0.0	1.0	0.0	1.3360000000000003	4.664	1.0
040	1.0	0.0	0.0	0.0	0.3330000000000002	2.667	0.0
041	1.0	0.0	1.0	0.0	1.0	2.0	1.0
042	0.0	2.0	0.0	1.0	1.3330000000000002	4.667	1.0
043	0.0	0.0	0.0	0.0	0.0	0.0	0.0
044	1.0	1.0	1.0	0.0	0.6660000000000004	5.334	1.0
045	0.0	0.0	0.0	0.0	0.0	0.0	0.0
046	1.0	0.0	1.0	0.0	1.0	2.0	1.0
047	1.0	0.0	0.0	0.0	0.6680000000000001	2.332	0.0
048	0.0	0.0	0.0	0.0	0.0	0.0	0.0
049	0.0	0.0	0.0	0.0	0.0	0.0	0.0
050	2.0	0.0	1.0	0.0	2.068	3.932	1.0
051	0.0	0.0	0.0	0.0	0.0	0.0	0.0
052	1.0	0.0	1.0	0.0	0.3330000000000002	2.667	1.0
053	3.0	0.0	1.0	0.0	3.0	6.0	1.0
054	1.0	0.0	0.0	0.0	1.4	1.6	0.0
055	0.0	0.0	0.0	0.0	0.0	0.0	0.0
056	2.0	0.0	1.0	0.0	1.3360000000000003	4.664	1.0
057	0.0	0.0	0.0	0.0	0.0	0.0	0.0
058	1.0	0.0	1.0	0.0	0.3330000000000002	2.667	1.0
059	0.0	0.0	0.0	0.0	0.0	0.0	0.0
060	1.0	0.0	1.0	0.0	0.6680000000000001	2.332	1.0
061	1.0	0.0	1.0	0.0	0.3330000000000002	2.667	1.0
062	1.0	0.0	1.0	0.0	1.0	2.0	1.0
063	0.0	0.0	0.0	0.0	0.0	0.0	0.0
064	0.0	0.0	0.0	0.0	0.0	0.0	0.0
065	0.0	0.0	0.0	0.0	0.0	0.0	0.0
066	0.0	0.0	0.0	0.0	0.0	0.0	0.0
067	1.0	0.0	1.0	0.0	0.3330000000000002	2.667	1.0
068	0.0	1.0	0.0	0.0	0.3330000000000002	2.667	0.0
069	0.0	0.0	0.0	0.0	0.0	0.0	0.0
070	0.0	0.0	0.0	0.0	0.0	0.0	0.0
071	0.0	0.0	0.0	0.0	0.0	0.0	0.0
072	3.0	0.0	1.0	0.0	2.0040000000000004	6.9959999999999996	1.0
073	0.0	0.0	0.0	0.0	0.0	0.0	0.0
074	0.0	0.0	0.0	0.0	0.0	0.0	0.0
075	1.0	0.0	1.0	0.0	0.6680000000000001	2.332	1.0
076	1.0	0.0	1.0	0.0	1.0	2.0	1.0
077	0.0	0.0	0.0	0.0	0.0	0.0	0.0
078	0.0	0.0	0.0	0.0	0.0	0.0	0.0
079	2.0	0.0	2.0	0.0	2.0	4.0	2.0
080	0.0	0.0	0.0	0.0	0.0	0.0	0.0
081	1.0	0.0	0.0	0.0	1.0	2.0	0.0
082	0.0	0.0	0.0	0.0	0.0	0.0	0.0
083	1.0	0.0	1.0	0.0	1.0	2.0	1.0
084	0.0	0.0	0.0	0.0	0.0	0.0	0.0
085	1.0	0.0	1.0	0.0	0.3330000000000002	2.667	1.0
086	3.0	0.0	1.0	0.0	3.0	6.0	1.0
087	1.0	0.0	0.0	0.0	0.3330000000000002	2.667	0.0
088	3.0	0.0	1.0	0.0	3.0	6.0	1.0
089	0.0	0.0	0.0	0.0	0.0	0.0	0.0
090	0.0	0.0	0.0	0.0	0.0	0.0	0.0
091	2.0	2.0	2.0	2.0	1.3330000000000002	4.667	2.0
092	0.0	0.0	0.0	0.0	0.0	0.0	0.0
093	0.0	0.0	0.0	0.0	0.0	0.0	0.0
094	0.0	0.0	0.0	0.0	0.0	0.0	0.0
095	1.0	0.0	1.0	0.0	0.3330000000000002	2.667	1.0
096	2.0	0.0	2.0	0.0	2.0	4.0	2.0
097	1.0	0.0	1.0	0.0	0.6680000000000001	2.332	1.0
098	2.0	0.0	2.0	0.0	2.0	4.0	2.0
099	0.0	0.0	0.0	0.0	0.0	0.0	0.0
100	0.0	0.0	0.0	0.0	0.0	0.0	0.0
101	3.0	0.0	2.0	0.0	3.0	6.0	2.0
102	3.0	0.0	3.0	0.0	3.0	6.0	3.0
103	3.0	0.0	2.0	0.0	3.0	6.0	2.0
104	2.0	0.0	2.0	0.0	0.6660000000000004	5.334	2.0
105	2.0	0.0	1.0	0.0	2.0	4.0	1.0
106	4.0	0.0	4.0	0.0	4.068	7.932	4.0
107	0.0	0.0	0.0	0.0	0.0	0.0	0.0
108	2.0	0.0	2.0	0.0	2.0	4.0	2.0
109	1.0	0.0	1.0	0.0	1.0	2.0	1.0
110	1.0	0.0	0.0	0.0	1.0	2.0	0.0
111	0.0	0.0	0.0	0.0	0.0	0.0	0.0
112	0.0	0.0	0.0	0.0	0.0	0.0	0.0
113	0.0	0.0	0.0	0.0	0.0	0.0	0.0
114	2.0	0.0	2.0	0.0	1.3360000000000003	4.664	2.0
115	1.0	0.0	0.0	0.0	1.0	2.0	0.0
116	0.0	0.0	0.0	0.0	0.0	0.0	0.0
117	0.0	0.0	0.0	0.0	0.0	0.0	0.0
118	1.0	0.0	1.0	0.0	1.0	2.0	1.0
119	1.0	0.0	0.0	0.0	1.0	2.0	0.0
120	3.0	0.0	0.0	0.0	3.468	5.532	0.0
121	0.0	0.0	0.0	0.0	0.0	0.0	0.0
122	1.0	0.0	0.0	0.0	0.6680000000000001	2.332	0.0
123	0.0	0.0	0.0	0.0	0.0	0.0	0.0
124	2.0	2.0	2.0	2.0	1.6660000000000004	7.334	3.0
125	0.0	0.0	0.0	0.0	0.0	0.0	0.0
126	1.0	0.0	1.0	0.0	0.3330000000000002	2.667	1.0
127	1.0	0.0	1.0	0.0	1.0	2.0	1.0
128	0.0	0.0	0.0	0.0	0.0	0.0	0.0
129	1.0	0.0	1.0	0.0	1.0	2.0	1.0
130	0.0	0.0	0.0	0.0	0.0	0.0	0.0
131	2.0	0.0	1.0	0.0	2.068	3.932	1.0
132	1.0	0.0	1.0	0.0	1.0	2.0	1.0
133	1.0	2.0	0.0	1.0	1.3330000000000002	4.667	1.0
134	1.0	0.0	0.0	0.0	0.3330000000000002	2.667	0.0
135	0.0	0.0	0.0	0.0	0.0	0.0	0.0
136	0.0	0.0	0.0	0.0	0.0	0.0	0.0
137	2.0	0.0	1.0	0.0	2.0	4.0	1.0
138	2.0	0.0	2.0	0.0	2.0	4.0	2.0
139	0.0	0.0	0.0	0.0	0.0	0.0	0.0
140	0.0	0.0	0.0	0.0	0.0	0.0	0.0
141	1.0	0.0	1.0	0.0	0.3330000000000002	2.667	1.0
142	2.0	0.0	1.0	0.0	0.6660000000000004	5.334	1.0
143	0.0	0.0	0.0	0.0	0.0	0.0	0.0
144	1.0	0.0	1.0	0.0	0.6680000000000001	2.332	1.0
145	0.0	0.0	0.0	0.0	0.0	0.0	0.0
146	0.0	2.0	0.0	2.0	0.6660000000000004	5.334	2.0
147	0.0	0.0	0.0	0.0	0.0	0.0	0.0
148	0.0	0.0	0.0	0.0	0.0	0.0	0.0
149	1.0	0.0	1.0	0.0	1.0	2.0	1.0
150	2.0	0.0	2.0	0.0	2.0	4.0	2.0
151	2.0	0.0	1.0	0.0	0.6660000000000004	5.334	1.0
152	2.0	0.0	2.0	0.0	2.0	4.0	2.0
153	0.0	0.0	0.0	0.0	0.0	0.0	0.0
154	0.0	0.0	0.0	0.0	0.0	0.0	0.0
155	1.0	0.0	1.0	0.0	0.3330000000000002	2.667	1.0
156	1.0	0.0	1.0	0.0	0.3330000000000002	2.667	1.0
157	0.0	0.0	0.0	0.0	0.0	0.0	0.0
158	0.0	0.0	0.0	0.0	0.0	0.0	0.0
159	1.0	0.0	0.0	0.0	1.0	2.0	0.0
160	3.0	0.0	2.0	0.0	3.468	5.532	2.0
161	0.0	0.0	0.0	0.0	0.0	0.0	0.0
162	1.0	0.0	1.0	0.0	0.3330000000000002	2.667	1.0
163	1.0	0.0	1.0	0.0	0.3330000000000002	2.667	1.0
164	1.0	0.0	1.0	0.0	1.4	1.6	1.0
165	0.0	0.0	0.0	0.0	0.0	0.0	0.0
166	1.0	0.0	0.0	0.0	1.0	2.0	0.0
167	1.0	1.0	1.0	1.0	1.6680000000000001	4.332	2.0
168	1.0	0.0	1.0	0.0	1.0	2.0	1.0
169	1.0	0.0	1.0	0.0	0.3330000000000002	2.667	1.0
170	2.0	0.0	1.0	0.0	2.0	4.0	1.0
171	1.0	0.0	1.0	0.0	0.3330000000000002	2.667	1.0
172	1.0	0.0	1.0	0.0	0.3330000000000002	2.667	1.0
173	0.0	0.0	0.0	0.0	0.0	0.0	0.0
174	1.0	0.0	1.0	0.0	0.3330000000000002	2.667	1.0
175	1.0	0.0	1.0	0.0	0.3330000000000002	2.667	1.0
176	2.0	0.0	1.0	0.0	1.3360000000000003	4.664	1.0
177	2.0	0.0	2.0	0.0	2.0	4.0	2.0
178	4.0	1.0	1.0	0.0	4.0	8.0	1.0
179	1.0	0.0	1.0	0.0	1.0	2.0	1.0
180	0.0	0.0	0.0	0.0	0.0	0.0	0.0
181	1.0	2.0	1.0	1.0	1.3330000000000002	4.667	1.0
182	2.0	0.0	2.0	0.0	2.0	4.0	2.0
183	3.0	0.0	2.0	0.0	3.0	6.0	2.0
184	1.0	5.0	1.0	4.0	1.9990000000000006	10.001	3.0
185	1.0	1.0	1.0	1.0	1.0010000000000003	4.999	2.0
186	1.0	2.0	1.0	0.0	2.333	6.667	1.0
187	0.0	0.0	0.0	0.0	0.0	0.0	0.0
188	0.0	1.0	0.0	0.0	0.3330000000000002	2.667	0.0
189	2.0	3.0	2.0	0.0	2.6660000000000004	9.334	2.0
190	0.0	0.0	0.0	0.0	0.0	0.0	0.0
191	2.0	0.0	1.0	0.0	1.3360000000000003	4.664	1.0
192	2.0	0.0	1.0	0.0	0.6660000000000004	5.334	1.0
193	2.0	0.0	1.0	0.0	2.0	4.0	1.0
194	1.0	2.0	1.0	0.0	2.0	4.0	1.0
195	0.0	1.0	0.0	1.0	0.3330000000000002	2.667	1.0
196	0.0	2.0	0.0	1.0	1.3330000000000002	4.667	1.0
197	2.0	1.0	1.0	1.0	2.4	6.6	2.0
198	2.0	1.0	1.0	0.0	1.6660000000000004	7.334	1.0
199	0.0	0.0	0.0	0.0	0.0	0.0	0.0
200	0.0	3.0	0.0	2.0	1.3330000000000002	4.667	1.0
201	0.0	2.0	0.0	1.0	0.6660000000000004	5.334	1.0
202	0.0	0.0	0.0	0.0	0.0	0.0	0.0
203	2.0	0.0	0.0	0.0	2.0	4.0	0.0
204	2.0	0.0	1.0	0.0	0.6660000000000004	5.334	1.0
205	0.0	0.0	0.0	0.0	0.0	0.0	0.0
206	2.0	2.0	2.0	0.0	3.0	6.0	2.0
207	4.0	0.0	2.0	0.0	4.468	7.532	2.0
208	0.0	0.0	0.0	0.0	0.0	0.0	0.0
209	0.0	0.0	0.0	0.0	0.0	0.0	0.0
210	0.0	0.0	0.0	0.0	0.0	0.0	0.0
211	1.0	0.0	1.0	0.0	0.3330000000000002	2.667	1.0
212	1.0	0.0	1.0	0.0	0.6680000000000001	2.332	1.0
213	0.0	0.0	0.0	0.0	0.0	0.0	0.0
214	1.0	0.0	0.0	0.0	0.3330000000000002	2.667	0.0
215	2.0	0.0	2.0	0.0	2.0	4.0	2.0
216	1.0	0.0	1.0	0.0	0.3330000000000002	2.667	1.0
217	0.0	0.0	0.0	0.0	0.0	0.0	0.0
218	0.0	0.0	0.0	0.0	0.0	0.0	0.0
219	2.0	2.0	2.0	1.0	0.9990000000000006	8.001	2.0
220	2.0	0.0	2.0	0.0	1.3360000000000003	4.664	2.0
221	1.0	0.0	0.0	0.0	1.0	2.0	0.0
222	0.0	0.0	0.0	0.0	0.0	0.0	0.0
223	0.0	0.0	0.0	0.0	0.0	0.0	0.0
224	1.0	0.0	0.0	0.0	0.3330000000000002	2.667	0.0
225	2.0	0.0	2.0	0.0	1.3360000000000003	4.664	2.0
226	0.0	0.0	0.0	0.0	0.0	0.0	0.0
227	0.0	0.0	0.0	0.0	0.0	0.0	0.0
228	2.0	0.0	1.0	0.0	0.6660000000000004	5.334	1.0
229	1.0	0.0	1.0	0.0	1.0	2.0	1.0
230	1.0	0.0	0.0	0.0	0.6680000000000001	2.332	0.0
231	1.0	0.0	0.0	0.0	1.0	2.0	0.0
232	2.0	0.0	2.0	0.0	2.0	4.0	2.0
233	1.0	0.0	1.0	0.0	1.0	2.0	1.0
234	0.0	0.0	0.0	0.0	0.0	0.0	0.0
235	2.0	0.0	1.0	0.0	2.0	4.0	1.0
236	0.0	0.0	0.0	0.0	0.0	0.0	0.0
237	0.0	2.0	0.0	1.0	0.6660000000000004	5.334	1.0
238	1.0	0.0	1.0	0.0	1.0	2.0	1.0
239	2.0	0.0	2.0	0.0	0.6660000000000004	5.334	2.0
240	2.0	0.0	1.0	0.0	2.0	4.0	1.0
241	0.0	0.0	0.0	0.0	0.0	0.0	0.0
242	0.0	0.0	0.0	0.0	0.0	0.0	0.0
243	3.0	0.0	1.0	0.0	0.9990000000000006	8.001	1.0
244	0.0	0.0	0.0	0.0	0.0	0.0	0.0
245	0.0	0.0	0.0	0.0	0.0	0.0	0.0
246	1.0	0.0	1.0	0.0	1.0	2.0	1.0
247	1.0	0.0	0.0	0.0	1.0	2.0	0.0
248	0.0	0.0	0.0	0.0	0.0	0.0	0.0
249	0.0	0.0	0.0	0.0	0.0	0.0	0.0
250	0.0	0.0	0.0	0.0	0.0	0.0	0.0
251	1.0	0.0	1.0	0.0	0.3330000000000002	2.667	1.0
252	1.0	0.0	1.0	0.0	1.0	2.0	1.0
253	0.0	0.0	0.0	0.0	0.0	0.0	0.0
254	0.0	0.0	0.0	0.0	0.0	0.0	0.0
255	3.0	0.0	2.0	0.0	1.6680000000000001	4.332	1.0
256	4.0	0.0	3.0	0.0	3.736	8.264	3.0
257	2.0	2.0	1.0	1.0	3.333	8.667	2.0
258	1.0	0.0	0.0	0.0	1.0	2.0	0.0
259	1.0	0.0	1.0	0.0	1.0	2.0	1.0
260	1.0	0.0	1.0	0.0	1.0	2.0	1.0
261	1.0	0.0	1.0	0.0	0.6680000000000001	2.332	1.0
262	1.0	0.0	0.0	0.0	0.6680000000000001	2.332	0.0
263	0.0	0.0	0.0	0.0	0.0	0.0	0.0
264	2.0	0.0	1.0	0.0	2.0	4.0	1.0
265	2.0	0.0	0.0	0.0	2.0	4.0	0.0
266	3.0	0.0	2.0	0.0	3.0	6.0	2.0
267	2.0	1.0	2.0	1.0	1.3330000000000002	4.667	2.0
268	3.0	0.0	2.0	0.0	0.9990000000000006	8.001	2.0
269	1.0	1.0	1.0	1.0	0.6660000000000004	5.334	2.0
270	0.0	1.0	0.0	1.0	0.3330000000000002	2.667	1.0
271	0.0	0.0	0.0	0.0	0.0	0.0	0.0
272	0.0	1.0	0.0	0.0	0.6680000000000001	2.332	0.0
273	0.0	0.0	0.0	0.0	0.0	0.0	0.0
274	1.0	0.0	1.0	0.0	1.0	2.0	1.0
275	1.0	0.0	1.0	0.0	1.0	2.0	1.0
276	0.0	0.0	0.0	0.0	0.0	0.0	0.0
277	0.0	0.0	0.0	0.0	0.0	0.0	0.0
278	2.0	0.0	1.0	0.0	0.6660000000000004	5.334	1.0
279	0.0	0.0	0.0	0.0	0.0	0.0	0.0
280	2.0	0.0	1.0	0.0	2.0	4.0	1.0
281	0.0	0.0	0.0	0.0	0.0	0.0	0.0
282	2.0	0.0	1.0	0.0	2.4	3.6	1.0
283	2.0	0.0	2.0	0.0	0.6660000000000004	5.334	2.0
284	1.0	0.0	1.0	0.0	0.3330000000000002	2.667	1.0
285	1.0	0.0	1.0	0.0	1.0	2.0	1.0
286	1.0	0.0	0.0	0.0	1.0	2.0	0.0
287	2.0	0.0	1.0	0.0	0.6660000000000004	5.334	1.0
288	1.0	0.0	1.0	0.0	0.3330000000000002	2.667	1.0
289	1.0	0.0	1.0	0.0	0.6680000000000001	2.332	1.0
290	0.0	0.0	0.0	0.0	0.0	0.0	0.0
291	1.0	0.0	0.0	0.0	1.0	2.0	0.0
292	2.0	0.0	2.0	0.0	1.6680000000000001	4.332	2.0
293	1.0	0.0	1.0	0.0	0.3330000000000002	2.667	1.0
294	2.0	0.0	1.0	0.0	2.0	4.0	1.0
295	1.0	2.0	1.0	1.0	1.3330000000000002	4.667	1.0
296	2.0	0.0	2.0	0.0	2.0	4.0	2.0
297	1.0	0.0	0.0	0.0	1.0	2.0	0.0
298	1.0	1.0	1.0	1.0	1.6680000000000001	4.332	2.0
299	1.0	0.0	1.0	0.0	0.3330000000000002	2.667	1.0
300	1.0	0.0	1.0	0.0	1.0	2.0	1.0
301	1.0	0.0	1.0	0.0	1.0	2.0	1.0
302	0.0	0.0	0.0	0.0	0.0	0.0	0.0
303	4.0	0.0	3.0	0.0	4.0	8.0	3.0
304	2.0	0.0	1.0	0.0	2.4	3.6	1.0
305	1.0	0.0	1.0	0.0	1.0	2.0	1.0
306	0.0	0.0	0.0	0.0	0.0	0.0	0.0
307	2.0	0.0	1.0	0.0	2.0	4.0	1.0
308	2.0	0.0	1.0	0.0	2.0	4.0	1.0
309	1.0	0.0	1.0	0.0	1.0	2.0	1.0
310	0.0	0.0	0.0	0.0	0.0	0.0	0.0
311	1.0	0.0	0.0	0.0	1.0	2.0	0.0
312	0.0	0.0	0.0	0.0	0.0	0.0	0.0
313	1.0	0.0	1.0	0.0	0.3330000000000002	2.667	1.0
314	1.0	0.0	0.0	0.0	0.6680000000000001	2.332	0.0
315	0.0	0.0	0.0	0.0	0.0	0.0	0.0
316	1.0	0.0	1.0	0.0	1.0	2.0	1.0
317	0.0	0.0	0.0	0.0	0.0	0.0	0.0
318	2.0	0.0	1.0	0.0	2.0	4.0	1.0
319	0.0	0.0	0.0	0.0	0.0	0.0	0.0
320	1.0	0.0	1.0	0.0	0.6680000000000001	2.332	1.0
321	1.0	0.0	0.0	0.0	1.0	2.0	0.0
322	1.0	0.0	1.0	0.0	1.0	2.0	1.0
323	2.0	0.0	1.0	0.0	0.6660000000000004	5.334	1.0
324	0.0	0.0	0.0	0.0	0.0	0.0	0.0
325	1.0	0.0	0.0	0.0	0.6680000000000001	2.332	0.0
326	0.0	0.0	0.0	0.0	0.0	0.0	0.0
327	0.0	0.0	0.0	0.0	0.0	0.0	0.0
328	2.0	0.0	1.0	0.0	2.0	4.0	1.0
329	0.0	1.0	0.0	0.0	0.3330000000000002	2.667	0.0
330	2.0	0.0	2.0	0.0	0.6660000000000004	5.334	2.0
331	3.0	0.0	2.0	0.0	3.0	6.0	2.0
332	4.0	0.0	2.0	0.0	2.668	6.332	1.0
333	0.0	0.0	0.0	0.0	0.0	0.0	0.0
334	0.0	0.0	0.0	0.0	0.0	0.0	0.0
335	2.0	1.0	0.0	0.0	0.3330000000000002	2.667	0.0
336	3.0	1.0	1.0	0.0	4.8	7.199999999999999	1.0
337	4.0	1.0	2.0	0.0	5.0	10.0	2.0
338	0.0	0.0	0.0	0.0	0.0	0.0	0.0
339	1.0	1.0	1.0	0.0	2.0	4.0	1.0
340	0.0	0.0	0.0	0.0	0.0	0.0	0.0
341	0.0	2.0	0.0	1.0	0.6660000000000004	5.334	1.0
342	1.0	1.0	0.0	0.0	0.6660000000000004	5.334	0.0
343	0.0	1.0	0.0	0.0	0.3330000000000002	2.667	0.0
344	3.0	3.0	1.0	0.0	3.3360000000000003	11.664	1.0
345	2.0	3.0	2.0	1.0	3.0010000000000003	8.998999999999999	2.0
346	0.0	1.0	0.0	1.0	0.3330000000000002	2.667	1.0
347	0.0	0.0	0.0	0.0	0.0	0.0	0.0
348	3.0	0.0	1.0	0.0	3.0	6.0	1.0
349	2.0	0.0	0.0	0.0	2.0	4.0	0.0
350	1.0	0.0	1.0	0.0	1.0	2.0	1.0
351	0.0	0.0	0.0	0.0	0.0	0.0	0.0
352	0.0	0.0	0.0	0.0	0.0	0.0	0.0
353	1.0	0.0	1.0	0.0	0.3330000000000002	2.667	1.0
354	0.0	0.0	0.0	0.0	0.0	0.0	0.0
355	0.0	0.0	0.0	0.0	0.0	0.0	0.0
356	0.0	0.0	0.0	0.0	0.0	0.0	0.0
357	1.0	1.0	1.0	0.0	0.6660000000000004	5.334	1.0
358	0.0	0.0	0.0	0.0	0.0	0.0	0.0
359	3.0	0.0	1.0	0.0	3.0	6.0	1.0
360	3.0	0.0	3.0	0.0	3.068	5.932	3.0
361	2.0	0.0	1.0	0.0	2.0	4.0	1.0
362	0.0	0.0	0.0	0.0	0.0	0.0	0.0
363	0.0	0.0	0.0	0.0	0.0	0.0	0.0
364	0.0	0.0	0.0	0.0	0.0	0.0	0.0
365	2.0	0.0	0.0	0.0	2.068	3.932	0.0
366	1.0	3.0	1.0	2.0	2.0020000000000007	9.998	3.0
367	0.0	0.0	0.0	0.0	0.0	0.0	0.0
368	0.0	3.0	0.0	3.0	0.9990000000000006	8.001	3.0
369	2.0	1.0	1.0	1.0	3.0	6.0	2.0
370	2.0	0.0	2.0	0.0	2.0	4.0	2.0
371	0.0	0.0	0.0	0.0	0.0	0.0	0.0
372	2.0	0.0	1.0	0.0	0.6660000000000004	5.334	1.0
373	2.0	0.0	1.0	0.0	2.0	4.0	1.0
374	0.0	0.0	0.0	0.0	0.0	0.0	0.0
375	3.0	0.0	2.0	0.0	3.0	6.0	2.0
376	0.0	0.0	0.0	0.0	0.0	0.0	0.0
377	2.0	0.0	1.0	0.0	1.3360000000000003	4.664	1.0
378	3.0	0.0	1.0	0.0	2.0040000000000004	6.9959999999999996	1.0
379	0.0	0.0	0.0	0.0	0.0	0.0	0.0
380	0.0	0.0	0.0	0.0	0.0	0.0	0.0
381	0.0	0.0	0.0	0.0	0.0	0.0	0.0
382	1.0	0.0	0.0	0.0	1.0	2.0	0.0
383	0.0	0.0	0.0	0.0	0.0	0.0	0.0
384	0.0	0.0	0.0	0.0	0.0	0.0	0.0
385	1.0	0.0	1.0	0.0	1.0	2.0	1.0
386	1.0	0.0	0.0	0.0	1.0	2.0	0.0
387	3.0	0.0	2.0	0.0	3.0	6.0	2.0
388	0.0	0.0	0.0	0.0	0.0	0.0	0.0
389	3.0	0.0	1.0	0.0	3.0	6.0	1.0
390	3.0	0.0	3.0	0.0	3.0	6.0	3.0
391	2.0	0.0	2.0	0.0	0.6660000000000004	5.334	2.0
392	0.0	0.0	0.0	0.0	0.0	0.0	0.0
393	2.0	0.0	1.0	0.0	2.0	4.0	1.0
394	2.0	1.0	0.0	0.0	2.4	6.6	0.0
395	1.0	0.0	0.0	0.0	1.0	2.0	0.0
396	2.0	0.0	1.0	0.0	2.0	4.0	1.0
397	1.0	0.0	1.0	0.0	1.0	2.0	1.0
398	3.0	0.0	1.0	0.0	3.0	6.0	1.0
399	1.0	0.0	0.0	0.0	1.4	1.6	0.0
400	1.0	0.0	1.0	0.0	0.3330000000000002	2.667	1.0
401	2.0	0.0	2.0	0.0	2.0	4.0	2.0
402	2.0	0.0	2.0	0.0	0.6660000000000004	5.334	2.0
403	0.0	2.0	0.0	1.0	1.3330000000000002	4.667	1.0
404	0.0	0.0	0.0	0.0	0.0	0.0	0.0
405	3.0	2.0	2.0	1.0	5.0	10.0	3.0
406	2.0	2.0	1.0	2.0	3.0	6.0	2.0
407	1.0	0.0	1.0	0.0	1.0	2.0	1.0
408	2.0	0.0	1.0	0.0	2.0	4.0	1.0
409	0.0	0.0	0.0	0.0	0.0	0.0	0.0
410	0.0	0.0	0.0	0.0	0.0	0.0	0.0
411	0.0	3.0	0.0	1.0	1.3330000000000002	4.667	1.0
412	1.0	0.0	1.0	0.0	0.6680000000000001	2.332	1.0
413	0.0	2.0	0.0	2.0	1.0	2.0	1.0
414	0.0	0.0	0.0	0.0	0.0	0.0	0.0
415	0.0	0.0	0.0	0.0	0.0	0.0	0.0
416	2.0	0.0	1.0	0.0	2.0	4.0	1.0
417	0.0	0.0	0.0	0.0	0.0	0.0	0.0
418	0.0	0.0	0.0	0.0	0.0	0.0	0.0
419	2.0	0.0	0.0	0.0	1.3360000000000003	4.664	0.0
420	2.0	0.0	1.0	0.0	2.0	4.0	1.0
421	0.0	0.0	0.0	0.0	0.0	0.0	0.0
422	1.0	0.0	1.0	0.0	0.3330000000000002	2.667	1.0
423	2.0	0.0	2.0	0.0	0.6660000000000004	5.334	2.0
424	1.0	0.0	1.0	0.0	0.3330000000000002	2.667	1.0
425	1.0	0.0	0.0	0.0	1.0	2.0	0.0
426	3.0	0.0	3.0	0.0	3.0	6.0	3.0
427	2.0	0.0	1.0	0.0	2.0	4.0	1.0
428	1.0	0.0	0.0	0.0	1.0	2.0	0.0
429	1.0	0.0	1.0	0.0	0.3330000000000002	2.667	1.0
430	2.0	0.0	2.0	0.0	2.0	4.0	2.0
431	1.0	0.0	1.0	0.0	0.3330000000000002	2.667	1.0
432	0.0	0.0	0.0	0.0	0.0	0.0	0.0
433	0.0	0.0	0.0	0.0	0.0	0.0	0.0
434	0.0	0.0	0.0	0.0	0.0	0.0	0.0
435	1.0	0.0	1.0	0.0	0.6680000000000001	2.332	1.0
436	2.0	1.0	1.0	1.0	1.6690000000000005	7.3309999999999995	2.0
437	2.0	0.0	2.0	0.0	2.0	4.0	2.0
438	2.0	2.0	2.0	1.0	4.0	8.0	3.0
439	0.0	0.0	0.0	0.0	0.0	0.0	0.0
440	1.0	0.0	0.0	0.0	0.6680000000000001	2.332	0.0
441	3.0	0.0	1.0	0.0	3.0	6.0	1.0
442	1.0	0.0	0.0	0.0	1.0	2.0	0.0
443	1.0	0.0	1.0	0.0	0.3330000000000002	2.667	1.0
444	0.0	0.0	0.0	0.0	0.0	0.0	0.0
445	0.0	0.0	0.0	0.0	0.0	0.0	0.0
446	1.0	0.0	1.0	0.0	1.0	2.0	1.0
447	3.0	0.0	1.0	0.0	0.9990000000000006	8.001	1.0
448	0.0	0.0	0.0	0.0	0.0	0.0	0.0
449	1.0	0.0	1.0	0.0	1.0	2.0	1.0
450	0.0	0.0	0.0	0.0	0.0	0.0	0.0
451	1.0	0.0	1.0	0.0	1.0	2.0	1.0
452	3.0	0.0	1.0	0.0	3.468	5.532	1.0
453	0.0	0.0	0.0	0.0	0.0	0.0	0.0
454	2.0	0.0	2.0	0.0	2.4	3.6	2.0
455	1.0	0.0	1.0	0.0	0.3330000000000002	2.667	1.0
456	0.0	0.0	0.0	0.0	0.0	0.0	0.0
457	1.0	0.0	0.0	0.0	0.3330000000000002	2.667	0.0
458	1.0	0.0	0.0	0.0	0.6680000000000001	2.332	0.0
459	1.0	0.0	1.0	0.0	0.3330000000000002	2.667	1.0
460	0.0	0.0	0.0	0.0	0.0	0.0	0.0
461	2.0	0.0	2.0	0.0	0.6660000000000004	5.334	2.0
462	0.0	0.0	0.0	0.0	0.0	0.0	0.0
463	0.0	0.0	0.0	0.0	0.0	0.0	0.0
464	0.0	0.0	0.0	0.0	0.0	0.0	0.0
465	1.0	0.0	0.0	0.0	0.6680000000000001	2.332	0.0
466	0.0	0.0	0.0	0.0	0.0	0.0	0.0
467	0.0	0.0	0.0	0.0	0.0	0.0	0.0
468	0.0	0.0	0.0	0.0	0.0	0.0	0.0
469	0.0	0.0	0.0	0.0	0.0	0.0	0.0
470	1.0	0.0	0.0	0.0	0.6680000000000001	2.332	0.0
471	0.0	0.0	0.0	0.0	0.0	0.0	0.0
472	0.0	0.0	0.0	0.0	0.0	0.0	0.0
473	0.0	0.0	0.0	0.0	0.0	0.0	0.0
474	0.0	0.0	0.0	0.0	0.0	0.0	0.0
475	1.0	0.0	1.0	0.0	0.6680000000000001	2.332	1.0
476	3.0	0.0	2.0	0.0	3.0	6.0	2.0
477	4.0	0.0	2.0	0.0	4.8	7.199999999999999	2.0
478	2.0	2.0	0.0	1.0	3.0	6.0	1.0
479	2.0	0.0	0.0	0.0	2.4	3.6	0.0
480	2.0	0.0	1.0	0.0	2.0	4.0	1.0
481	0.0	0.0	0.0	0.0	0.0	0.0	0.0
482	1.0	0.0	1.0	0.0	1.0	2.0	1.0
483	1.0	0.0	1.0	0.0	1.0	2.0	1.0
484	0.0	0.0	0.0	0.0	0.0	0.0	0.0
485	3.0	0.0	3.0	0.0	2.0040000000000004	6.9959999999999996	3.0
486	1.0	0.0	1.0	0.0	0.3330000000000002	2.667	1.0
487	2.0	0.0	2.0	0.0	2.4	3.6	2.0
488	0.0	0.0	0.0	0.0	0.0	0.0	0.0
489	1.0	0.0	1.0	0.0	0.3330000000000002	2.667	1.0
490	0.0	0.0	0.0	0.0	0.0	0.0	0.0
491	2.0	0.0	1.0	0.0	2.0	4.0	1.0
492	3.0	0.0	1.0	0.0	3.0	6.0	1.0
493	0.0	0.0	0.0	0.0	0.0	0.0	0.0
494	0.0	0.0	0.0	0.0	0.0	0.0	0.0
495	0.0	0.0	0.0	0.0	0.0	0.0	0.0
496	2.0	0.0	2.0	0.0	0.6660000000000004	5.334	2.0
497	3.0	0.0	2.0	0.0	3.0	6.0	2.0
498	0.0	0.0	0.0	0.0	0.0	0.0	0.0
499	0.0	0.0	0.0	0.0	0.0	0.0	0.0
500	0.0	0.0	0.0	0.0	0.0	0.0	0.0
501	1.0	0.0	1.0	0.0	0.6680000000000001	2.332	1.0
502	2.0	0.0	1.0	0.0	1.3360000000000003	4.664	1.0
503	3.0	0.0	3.0	0.0	3.0	6.0	3.0
504	3.0	0.0	2.0	0.0	3.0	6.0	2.0
505	1.0	0.0	1.0	0.0	1.0	2.0	1.0
506	2.0	0.0	1.0	0.0	2.0	4.0	1.0
507	1.0	0.0	1.0	0.0	0.6680000000000001	2.332	1.0
508	0.0	0.0	0.0	0.0	0.0	0.0	0.0
509	1.0	0.0	1.0	0.0	1.0	2.0	1.0
510	0.0	0.0	0.0	0.0	0.0	0.0	0.0
511	1.0	0.0	1.0	0.0	0.6680000000000001	2.332	1.0
512	0.0	0.0	0.0	0.0	0.0	0.0	0.0
513	2.0	0.0	1.0	0.0	0.6660000000000004	5.334	1.0
514	0.0	0.0	0.0	0.0	0.0	0.0	0.0
515	0.0	0.0	0.0	0.0	0.0	0.0	0.0
516	0.0	0.0	0.0	0.0	0.0	0.0	0.0
517	3.0	0.0	2.0	0.0	3.0	6.0	2.0
518	1.0	0.0	1.0	0.0	1.0	2.0	1.0
519	1.0	0.0	1.0	0.0	0.3330000000000002	2.667	1.0
520	0.0	0.0	0.0	0.0	0.0	0.0	0.0
521	1.0	0.0	1.0	0.0	1.0	2.0	1.0
522	0.0	0.0	0.0	0.0	0.0	0.0	0.0
523	0.0	0.0	0.0	0.0	0.0	0.0	0.0
524	2.0	0.0	1.0	0.0	0.6660000000000004	5.334	1.0
525	0.0	0.0	0.0	0.0	0.0	0.0	0.0
526	0.0	0.0	0.0	0.0	0.0	0.0	0.0
527	0.0	0.0	0.0	0.0	0.0	0.0	0.0
528	1.0	0.0	1.0	0.0	1.0	2.0	1.0
529	1.0	0.0	0.0	0.0	1.0	2.0	0.0
530	2.0	0.0	2.0	0.0	0.6660000000000004	5.334	2.0
531	2.0	0.0	2.0	0.0	2.4	3.6	2.0
532	1.0	0.0	0.0	0.0	1.0	2.0	0.0
533	0.0	0.0	0.0	0.0	0.0	0.0	0.0
534	2.0	0.0	2.0	0.0	2.0	4.0	2.0
535	0.0	0.0	0.0	0.0	0.0	0.0	0.0
536	2.0	0.0	2.0	0.0	1.3360000000000003	4.664	2.0
537	1.0	0.0	1.0	0.0	1.0	2.0	1.0
538	1.0	0.0	1.0	0.0	0.3330000000000002	2.667	1.0
539	0.0	0.0	0.0	0.0	0.0	0.0	0.0
540	0.0	0.0	0.0	0.0	0.0	0.0	0.0
541	0.0	1.0	0.0	0.0	0.3330000000000002	2.667	0.0
542	1.0	0.0	1.0	0.0	1.0	2.0	1.0
543	2.0	0.0	1.0	0.0	2.0	4.0	1.0
544	3.0	0.0	2.0	0.0	2.0040000000000004	6.9959999999999996	2.0
545	1.0	0.0	1.0	0.0	0.3330000000000002	2.667	1.0
546	3.0	0.0	2.0	0.0	3.0	6.0	2.0
547	1.0	0.0	1.0	0.0	0.3330000000000002	2.667	1.0
548	3.0	0.0	1.0	0.0	3.0	6.0	1.0
549	0.0	0.0	0.0	0.0	0.0	0.0	0.0
550	0.0	1.0	0.0	0.0	0.3330000000000002	2.667	0.0
551	2.0	0.0	0.0	0.0	2.0	4.0	0.0
552	0.0	0.0	0.0	0.0	0.0	0.0	0.0
553	3.0	0.0	3.0	0.0	3.0	6.0	3.0
554	4.0	0.0	4.0	0.0	3.068	5.932	3.0
555	2.0	0.0	2.0	0.0	1.6680000000000001	4.332	2.0
556	3.0	0.0	1.0	0.0	3.0	6.0	1.0
557	1.0	0.0	1.0	0.0	1.0	2.0	1.0
558	1.0	0.0	0.0	0.0	0.3330000000000002	2.667	0.0
559	1.0	0.0	1.0	0.0	0.3330000000000002	2.667	1.0
560	3.0	1.0	3.0	1.0	4.0	8.0	4.0
561	0.0	0.0	0.0	0.0	0.0	0.0	0.0
562	3.0	0.0	2.0	0.0	3.4	5.6	2.0
563	1.0	0.0	1.0	0.0	0.3330000000000002	2.667	1.0
564	0.0	0.0	0.0	0.0	0.0	0.0	0.0
565	2.0	0.0	2.0	0.0	2.0	4.0	2.0
566	1.0	0.0	1.0	0.0	0.3330000000000002	2.667	1.0
567	0.0	0.0	0.0	0.0	0.0	0.0	0.0
568	2.0	1.0	1.0	0.0	3.0	6.0	1.0
569	0.0	0.0	0.0	0.0	0.0	0.0	0.0
570	0.0	0.0	0.0	0.0	0.0	0.0	0.0
571	2.0	0.0	2.0	0.0	2.0	4.0	2.0
572	1.0	0.0	1.0	0.0	0.3330000000000002	2.667	1.0
573	2.0	0.0	1.0	0.0	2.0	4.0	1.0
574	1.0	0.0	1.0	0.0	1.0	2.0	1.0
575	0.0	0.0	0.0	0.0	0.0	0.0	0.0
576	0.0	1.0	0.0	1.0	0.3330000000000002	2.667	1.0
577	1.0	0.0	0.0	0.0	1.0	2.0	0.0
578	1.0	0.0	0.0	0.0	1.0	2.0	0.0
579	2.0	0.0	1.0	0.0	2.0	4.0	1.0
580	0.0	0.0	0.0	0.0	0.0	0.0	0.0
581	0.0	0.0	0.0	0.0	0.0	0.0	0.0
582	0.0	0.0	0.0	0.0	0.0	0.0	0.0
583	1.0	3.0	0.0	1.0	2.4	3.6	1.0
584	0.0	0.0	0.0	0.0	0.0	0.0	0.0
585	1.0	0.0	1.0	0.0	1.0	2.0	1.0
586	0.0	0.0	0.0	0.0	0.0	0.0	0.0
587	2.0	0.0	0.0	0.0	0.6680000000000001	2.332	0.0
588	0.0	0.0	0.0	0.0	0.0	0.0	0.0
589	0.0	0.0	0.0	0.0	0.0	0.0	0.0
590	0.0	0.0	0.0	0.0	0.0	0.0	0.0
591	0.0	0.0	0.0	0.0	0.0	0.0	0.0
592	1.0	0.0	1.0	0.0	0.3330000000000002	2.667	1.0
593	2.0	3.0	1.0	1.0	3.068	5.932	2.0
594	1.0	1.0	1.0	0.0	1.3330000000000002	4.667	1.0
595	0.0	0.0	0.0	0.0	0.0	0.0	0.0
596	1.0	0.0	1.0	0.0	0.3330000000000002	2.667	1.0
597	1.0	1.0	1.0	0.0	0.6660000000000004	5.334	1.0
598	0.0	0.0	0.0	0.0	0.0	0.0	0.0
599	0.0	0.0	0.0	0.0	0.0	0.0	0.0
600	1.0	0.0	1.0	0.0	0.6680000000000001	2.332	1.0
601	0.0	0.0	0.0	0.0	0.0	0.0	0.0
602	0.0	1.0	0.0	0.0	0.3330000000000002	2.667	0.0
603	2.0	4.0	2.0	2.0	3.6660000000000004	11.334	3.0
604	0.0	1.0	0.0	0.0	0.3330000000000002	2.667	0.0
605	0.0	2.0	0.0	0.0	0.3330000000000002	2.667	0.0
606	2.0	2.0	2.0	1.0	1.6660000000000004	7.334	2.0
607	1.0	3.0	0.0	1.0	2.6660000000000004	9.334	1.0
608	0.0	2.0	0.0	1.0	0.6660000000000004	5.334	1.0
609	0.0	0.0	0.0	0.0	0.0	0.0	0.0
