all_syn	all_nonSyn	tip_syn	tip_nonSyn	S	N	comparisons
001	0.0	0.0	0.0	0.0	0.0	0.0	0.0
002	0.0	0.0	0.0	0.0	0.0	0.0	0.0
003	0.0	0.0	0.0	0.0	0.0	0.0	0.0
004	0.0	0.0	0.0	0.0	0.0	0.0	0.0
005	0.0	0.0	0.0	0.0	0.0	0.0	0.0
006	0.0	0.0	0.0	0.0	0.0	0.0	0.0
007	0.0	0.0	0.0	0.0	0.0	0.0	0.0
008	0.0	0.0	0.0	0.0	0.0	0.0	0.0
009	0.0	0.0	0.0	0.0	0.0	0.0	0.0
010	0.0	0.0	0.0	0.0	0.0	0.0	0.0
011	0.0	0.0	0.0	0.0	0.0	0.0	0.0
012	0.0	0.0	0.0	0.0	0.0	0.0	0.0
013	0.0	0.0	0.0	0.0	0.0	0.0	0.0
014	0.0	0.0	0.0	0.0	0.0	0.0	0.0
015	0.0	0.0	0.0	0.0	0.0	0.0	0.0
016	0.0	0.0	0.0	0.0	0.0	0.0	0.0
017	0.0	0.0	0.0	0.0	0.0	0.0	0.0
018	0.0	0.0	0.0	0.0	0.0	0.0	0.0
019	0.0	0.0	0.0	0.0	0.0	0.0	0.0
020	0.0	0.0	0.0	0.0	0.0	0.0	0.0
021	0.0	0.0	0.0	0.0	0.0	0.0	0.0
022	0.0	0.0	0.0	0.0	0.0	0.0	0.0
023	0.0	0.0	0.0	0.0	0.0	0.0	0.0
024	0.0	0.0	0.0	0.0	0.0	0.0	0.0
025	0.0	0.0	0.0	0.0	0.0	0.0	0.0
026	0.0	0.0	0.0	0.0	0.0	0.0	0.0
027	0.0	0.0	0.0	0.0	0.0	0.0	0.0
028	0.0	0.0	0.0	0.0	0.0	0.0	0.0
029	0.0	0.0	0.0	0.0	0.0	0.0	0.0
030	0.0	0.0	0.0	0.0	0.0	0.0	0.0
031	0.0	0.0	0.0	0.0	0.0	0.0	0.0
032	0.0	0.0	0.0	0.0	0.0	0.0	0.0
033	0.0	0.0	0.0	0.0	0.0	0.0	0.0
034	0.0	0.0	0.0	0.0	0.0	0.0	0.0
035	0.0	0.0	0.0	0.0	0.0	0.0	0.0
036	0.0	0.0	0.0	0.0	0.0	0.0	0.0
037	0.0	0.0	0.0	0.0	0.0	0.0	0.0
038	0.0	0.0	0.0	0.0	0.0	0.0	0.0
039	0.0	0.0	0.0	0.0	0.0	0.0	0.0
040	0.0	0.0	0.0	0.0	0.0	0.0	0.0
041	0.0	0.0	0.0	0.0	0.0	0.0	0.0
042	0.0	0.0	0.0	0.0	0.0	0.0	0.0
043	0.0	0.0	0.0	0.0	0.0	0.0	0.0
044	0.0	0.0	0.0	0.0	0.0	0.0	0.0
045	0.0	0.0	0.0	0.0	0.0	0.0	0.0
046	0.0	0.0	0.0	0.0	0.0	0.0	0.0
047	0.0	0.0	0.0	0.0	0.0	0.0	0.0
048	0.0	0.0	0.0	0.0	0.0	0.0	0.0
049	0.0	0.0	0.0	0.0	0.0	0.0	0.0
050	0.0	0.0	0.0	0.0	0.0	0.0	0.0
051	0.0	0.0	0.0	0.0	0.0	0.0	0.0
052	0.0	0.0	0.0	0.0	0.0	0.0	0.0
053	0.0	0.0	0.0	0.0	0.0	0.0	0.0
054	0.0	0.0	0.0	0.0	0.0	0.0	0.0
055	0.0	0.0	0.0	0.0	0.0	0.0	0.0
056	0.0	0.0	0.0	0.0	0.0	0.0	0.0
057	0.0	0.0	0.0	0.0	0.0	0.0	0.0
058	0.0	0.0	0.0	0.0	0.0	0.0	0.0
059	0.0	0.0	0.0	0.0	0.0	0.0	0.0
060	0.0	0.0	0.0	0.0	0.0	0.0	0.0
061	0.0	0.0	0.0	0.0	0.0	0.0	0.0
062	0.0	0.0	0.0	0.0	0.0	0.0	0.0
063	0.0	0.0	0.0	0.0	0.0	0.0	0.0
064	0.0	0.0	0.0	0.0	0.0	0.0	0.0
065	0.0	0.0	0.0	0.0	0.0	0.0	0.0
066	0.0	0.0	0.0	0.0	0.0	0.0	0.0
067	0.0	0.0	0.0	0.0	0.0	0.0	0.0
068	0.0	0.0	0.0	0.0	0.0	0.0	0.0
069	0.0	0.0	0.0	0.0	0.0	0.0	0.0
070	0.0	0.0	0.0	0.0	0.0	0.0	0.0
071	0.0	0.0	0.0	0.0	0.0	0.0	0.0
072	0.0	0.0	0.0	0.0	0.0	0.0	0.0
073	0.0	0.0	0.0	0.0	0.0	0.0	0.0
074	0.0	0.0	0.0	0.0	0.0	0.0	0.0
075	0.0	0.0	0.0	0.0	0.0	0.0	0.0
076	0.0	0.0	0.0	0.0	0.0	0.0	0.0
077	0.0	0.0	0.0	0.0	0.0	0.0	0.0
078	0.0	0.0	0.0	0.0	0.0	0.0	0.0
079	0.0	0.0	0.0	0.0	0.0	0.0	0.0
080	0.0	0.0	0.0	0.0	0.0	0.0	0.0
081	0.0	0.0	0.0	0.0	0.0	0.0	0.0
082	0.0	0.0	0.0	0.0	0.0	0.0	0.0
083	0.0	0.0	0.0	0.0	0.0	0.0	0.0
084	0.0	0.0	0.0	0.0	0.0	0.0	0.0
085	0.0	0.0	0.0	0.0	0.0	0.0	0.0
086	0.0	0.0	0.0	0.0	0.0	0.0	0.0
087	1.0	0.0	0.0	0.0	1.0	2.0	0.0
088	1.0	0.0	0.0	0.0	0.3330000000000002	2.667	0.0
089	0.0	1.0	0.0	0.0	1.0	2.0	0.0
090	0.0	0.0	0.0	0.0	0.0	0.0	0.0
091	0.0	3.0	0.0	3.0	0.0	3.0	1.0
092	1.0	1.0	0.0	1.0	2.0	4.0	1.0
093	1.0	0.0	0.0	0.0	1.0	2.0	0.0
094	1.0	0.0	1.0	0.0	1.0	2.0	1.0
095	0.0	0.0	0.0	0.0	0.0	0.0	0.0
096	1.0	1.0	0.0	1.0	0.6660000000000004	5.334	1.0
097	1.0	0.0	1.0	0.0	1.0	2.0	1.0
098	0.0	0.0	0.0	0.0	0.0	0.0	0.0
099	3.0	1.0	1.0	0.0	2.0	4.0	1.0
100	0.0	0.0	0.0	0.0	0.0	0.0	0.0
101	2.0	0.0	1.0	0.0	1.3360000000000003	4.664	1.0
102	0.0	0.0	0.0	0.0	0.0	0.0	0.0
103	1.0	2.0	1.0	2.0	0.3330000000000002	2.667	1.0
104	1.0	0.0	1.0	0.0	1.0	2.0	1.0
105	1.0	1.0	1.0	0.0	0.6660000000000004	5.334	1.0
106	0.0	1.0	0.0	1.0	0.3330000000000002	2.667	1.0
107	1.0	0.0	0.0	0.0	0.3330000000000002	2.667	0.0
108	1.0	6.0	1.0	3.0	1.9990000000000006	10.001	2.0
109	1.0	3.0	0.0	3.0	2.0660000000000003	6.933999999999999	2.0
110	1.0	1.0	1.0	1.0	0.6660000000000004	5.334	2.0
111	1.0	1.0	0.0	0.0	1.0	2.0	0.0
112	2.0	0.0	0.0	0.0	0.6680000000000001	2.332	0.0
113	0.0	2.0	0.0	2.0	0.6660000000000004	5.334	2.0
114	1.0	2.0	1.0	2.0	1.3330000000000002	4.667	2.0
115	3.0	0.0	2.0	0.0	3.0	6.0	2.0
116	3.0	1.0	2.0	1.0	3.333	8.667	3.0
117	0.0	3.0	0.0	2.0	1.6660000000000004	7.334	2.0
118	0.0	2.0	0.0	2.0	0.3330000000000002	2.667	1.0
119	0.0	0.0	0.0	0.0	0.0	0.0	0.0
120	1.0	2.0	1.0	2.0	1.0	2.0	1.0
121	1.0	1.0	1.0	1.0	1.0	2.0	1.0
122	2.0	2.0	0.0	2.0	3.0	6.0	1.0
123	0.0	1.0	0.0	1.0	0.3330000000000002	2.667	1.0
124	1.0	3.0	1.0	2.0	2.333	6.667	2.0
125	0.0	3.0	0.0	2.0	0.6680000000000001	8.332	2.0
126	1.0	2.0	1.0	2.0	0.6680000000000001	2.332	1.0
127	0.0	1.0	0.0	0.0	1.0	2.0	0.0
128	3.0	1.0	2.0	1.0	2.333	6.667	2.0
129	3.0	0.0	2.0	0.0	2.668	6.332	2.0
130	0.0	0.0	0.0	0.0	0.0	0.0	0.0
131	0.0	1.0	0.0	0.0	0.3330000000000002	2.667	0.0
132	1.0	1.0	0.0	0.0	1.0	2.0	0.0
133	2.0	2.0	1.0	0.0	3.133	5.866999999999999	1.0
134	1.0	1.0	0.0	0.0	1.0	2.0	0.0
135	0.0	0.0	0.0	0.0	0.0	0.0	0.0
136	0.0	0.0	0.0	0.0	0.0	0.0	0.0
137	0.0	0.0	0.0	0.0	0.0	0.0	0.0
138	0.0	0.0	0.0	0.0	0.0	0.0	0.0
139	0.0	0.0	0.0	0.0	0.0	0.0	0.0
140	1.0	0.0	0.0	0.0	1.0	2.0	0.0
141	0.0	1.0	0.0	0.0	1.0	2.0	0.0
142	1.0	2.0	0.0	0.0	1.0	2.0	0.0
143	1.0	0.0	1.0	0.0	1.0	2.0	1.0
144	0.0	1.0	0.0	0.0	0.3330000000000002	2.667	0.0
145	1.0	2.0	0.0	0.0	1.0	2.0	0.0
146	0.0	1.0	0.0	0.0	0.3330000000000002	2.667	0.0
147	1.0	2.0	0.0	0.0	1.0	2.0	0.0
148	0.0	2.0	0.0	1.0	2.0	4.0	1.0
149	0.0	3.0	0.0	2.0	0.3330000000000002	5.667	1.0
150	2.0	3.0	2.0	1.0	4.0	8.0	3.0
151	1.0	1.0	1.0	1.0	2.0	4.0	2.0
152	2.0	1.0	1.0	0.0	0.6660000000000004	5.334	1.0
153	1.0	3.0	1.0	1.0	1.3330000000000002	4.667	1.0
154	0.0	1.0	0.0	1.0	0.3330000000000002	2.667	1.0
155	0.0	1.0	0.0	1.0	1.0	2.0	1.0
156	1.0	0.0	1.0	0.0	1.0	2.0	1.0
157	1.0	1.0	1.0	1.0	0.3330000000000002	2.667	1.0
158	2.0	2.0	1.0	1.0	0.6660000000000004	5.334	1.0
159	1.0	2.0	1.0	1.0	1.0	5.0	1.0
160	2.0	0.0	1.0	0.0	2.4	3.6	1.0
161	2.0	1.0	1.0	1.0	1.3330000000000002	4.667	1.0
162	0.0	0.0	0.0	0.0	0.0	0.0	0.0
163	1.0	0.0	0.0	0.0	0.6680000000000001	2.332	0.0
164	2.0	0.0	1.0	0.0	2.0	4.0	1.0
165	1.0	1.0	0.0	1.0	0.6660000000000004	5.334	1.0
166	1.0	3.0	0.0	1.0	0.6660000000000004	5.334	1.0
167	0.0	3.0	0.0	1.0	0.6660000000000004	5.334	1.0
168	1.0	1.0	1.0	1.0	0.6660000000000004	5.334	2.0
169	1.0	0.0	0.0	0.0	1.0	2.0	0.0
170	1.0	1.0	0.0	1.0	1.3330000000000002	4.667	1.0
171	0.0	2.0	0.0	1.0	0.6660000000000004	5.334	1.0
172	0.0	1.0	0.0	1.0	0.3330000000000002	2.667	1.0
173	1.0	1.0	1.0	1.0	1.3330000000000002	4.667	2.0
174	2.0	0.0	2.0	0.0	1.0	2.0	1.0
175	0.0	1.0	0.0	1.0	1.0	2.0	1.0
176	1.0	3.0	1.0	2.0	1.3330000000000002	4.667	1.0
177	0.0	0.0	0.0	0.0	0.0	0.0	0.0
178	1.0	0.0	0.0	0.0	1.0	2.0	0.0
179	2.0	0.0	1.0	0.0	2.0	4.0	1.0
180	1.0	2.0	0.0	2.0	1.3330000000000002	4.667	1.0
181	1.0	1.0	1.0	1.0	0.3330000000000002	2.667	1.0
182	1.0	0.0	1.0	0.0	0.3330000000000002	2.667	1.0
183	1.0	1.0	1.0	1.0	1.0	2.0	1.0
184	2.0	2.0	1.0	1.0	2.3360000000000003	6.664	2.0
185	1.0	2.0	0.0	2.0	0.6660000000000004	5.334	1.0
186	1.0	1.0	1.0	1.0	1.0	2.0	1.0
187	0.0	1.0	0.0	1.0	1.0	2.0	1.0
188	1.0	1.0	1.0	1.0	1.0	2.0	1.0
189	2.0	1.0	1.0	0.0	2.0	4.0	1.0
190	1.0	3.0	1.0	2.0	1.6660000000000004	7.334	2.0
191	1.0	4.0	1.0	2.0	2.0010000000000003	6.999	2.0
192	0.0	4.0	0.0	3.0	1.6660000000000004	7.334	2.0
193	1.0	4.0	0.0	2.0	2.0010000000000003	6.999	2.0
194	1.0	2.0	1.0	1.0	1.3330000000000002	4.667	1.0
195	1.0	2.0	1.0	2.0	0.3330000000000002	2.667	1.0
196	2.0	1.0	1.0	1.0	1.3330000000000002	4.667	1.0
197	2.0	2.0	1.0	2.0	3.0	6.0	2.0
198	1.0	3.0	1.0	2.0	2.0	4.0	1.0
199	2.0	3.0	2.0	1.0	1.9990000000000006	10.001	3.0
200	1.0	1.0	1.0	1.0	1.0	2.0	1.0
201	0.0	3.0	0.0	3.0	1.3330000000000002	4.667	2.0
202	1.0	2.0	1.0	2.0	2.0	4.0	2.0
203	0.0	2.0	0.0	2.0	1.0	2.0	1.0
204	1.0	1.0	1.0	1.0	2.0	4.0	2.0
205	0.0	3.0	0.0	3.0	1.3330000000000002	4.667	2.0
206	1.0	2.0	0.0	2.0	0.6660000000000004	5.334	1.0
207	0.0	1.0	0.0	1.0	1.0	2.0	1.0
208	2.0	1.0	1.0	1.0	1.3330000000000002	4.667	1.0
209	2.0	0.0	1.0	0.0	2.0	4.0	1.0
210	1.0	3.0	1.0	1.0	3.0	6.0	2.0
211	2.0	2.0	1.0	1.0	3.0	6.0	2.0
212	1.0	1.0	1.0	1.0	1.0	2.0	1.0
213	0.0	1.0	0.0	1.0	1.0	2.0	1.0
214	0.0	3.0	0.0	3.0	1.3330000000000002	4.667	2.0
215	1.0	2.0	1.0	2.0	2.0	4.0	2.0
216	1.0	1.0	1.0	1.0	1.0	2.0	1.0
217	2.0	1.0	1.0	1.0	2.0	4.0	1.0
218	0.0	2.0	0.0	2.0	2.0	4.0	2.0
219	1.0	1.0	1.0	1.0	2.0	4.0	2.0
220	0.0	0.0	0.0	0.0	0.0	0.0	0.0
221	1.0	0.0	1.0	0.0	1.0	2.0	1.0
222	0.0	0.0	0.0	0.0	0.0	0.0	0.0
223	0.0	0.0	0.0	0.0	0.0	0.0	0.0
224	0.0	0.0	0.0	0.0	0.0	0.0	0.0
225	1.0	3.0	1.0	2.0	1.3330000000000002	4.667	1.0
226	1.0	2.0	1.0	2.0	1.3330000000000002	4.667	2.0
227	0.0	1.0	0.0	1.0	0.3330000000000002	2.667	1.0
228	2.0	3.0	1.0	1.0	2.0	4.0	1.0
229	1.0	2.0	1.0	1.0	0.6660000000000004	5.334	1.0
230	1.0	2.0	1.0	1.0	3.0	6.0	2.0
231	1.0	4.0	1.0	2.0	1.6660000000000004	7.334	2.0
232	1.0	1.0	1.0	1.0	0.3330000000000002	2.667	1.0
233	1.0	3.0	1.0	2.0	3.0	6.0	2.0
234	0.0	3.0	0.0	3.0	1.3330000000000002	4.667	2.0
235	0.0	3.0	0.0	1.0	0.6660000000000004	5.334	1.0
236	1.0	2.0	0.0	1.0	1.0010000000000003	4.999	1.0
237	1.0	1.0	1.0	1.0	0.6660000000000004	5.334	2.0
238	3.0	0.0	2.0	0.0	1.6680000000000001	4.332	1.0
239	1.0	0.0	1.0	0.0	1.0	2.0	1.0
240	2.0	1.0	1.0	1.0	1.6680000000000001	4.332	1.0
241	1.0	0.0	1.0	0.0	0.3330000000000002	2.667	1.0
242	0.0	0.0	0.0	0.0	0.0	0.0	0.0
243	0.0	0.0	0.0	0.0	0.0	0.0	0.0
244	0.0	0.0	0.0	0.0	0.0	0.0	0.0
245	0.0	0.0	0.0	0.0	0.0	0.0	0.0
246	3.0	1.0	2.0	0.0	4.0	8.0	2.0
247	0.0	2.0	0.0	1.0	0.6660000000000004	5.334	1.0
248	1.0	0.0	1.0	0.0	0.3330000000000002	2.667	1.0
249	0.0	0.0	0.0	0.0	0.0	0.0	0.0
250	0.0	0.0	0.0	0.0	0.0	0.0	0.0
251	1.0	1.0	0.0	1.0	0.6660000000000004	5.334	1.0
252	1.0	0.0	0.0	0.0	1.0	2.0	0.0
253	1.0	0.0	1.0	0.0	1.0	2.0	1.0
254	1.0	0.0	1.0	0.0	1.0	2.0	1.0
255	1.0	2.0	1.0	2.0	0.3330000000000002	2.667	1.0
256	0.0	0.0	0.0	0.0	0.0	0.0	0.0
257	2.0	0.0	2.0	0.0	2.0	4.0	2.0
258	0.0	0.0	0.0	0.0	0.0	0.0	0.0
259	0.0	0.0	0.0	0.0	0.0	0.0	0.0
260	1.0	0.0	0.0	0.0	0.3330000000000002	2.667	0.0
261	2.0	0.0	1.0	0.0	2.0	4.0	1.0
262	1.0	0.0	1.0	0.0	0.3330000000000002	2.667	1.0
263	1.0	2.0	1.0	2.0	1.3330000000000002	4.667	2.0
264	1.0	1.0	0.0	0.0	0.3330000000000002	2.667	0.0
265	1.0	2.0	1.0	2.0	1.0	2.0	1.0
266	2.0	3.0	1.0	2.0	1.9990000000000006	10.001	2.0
267	2.0	0.0	1.0	0.0	0.6660000000000004	5.334	1.0
268	1.0	2.0	1.0	2.0	1.0	2.0	1.0
269	1.0	0.0	0.0	0.0	1.0	2.0	0.0
270	1.0	0.0	0.0	0.0	1.0	2.0	0.0
271	1.0	0.0	0.0	0.0	0.3330000000000002	2.667	0.0
272	0.0	2.0	0.0	2.0	0.3330000000000002	2.667	1.0
273	1.0	0.0	1.0	0.0	1.0	2.0	1.0
274	0.0	1.0	0.0	1.0	0.3330000000000002	2.667	1.0
275	1.0	0.0	0.0	0.0	0.3330000000000002	2.667	0.0
276	0.0	0.0	0.0	0.0	0.0	0.0	0.0
277	1.0	0.0	1.0	0.0	1.0	2.0	1.0
278	0.0	0.0	0.0	0.0	0.0	0.0	0.0
279	1.0	1.0	1.0	1.0	0.6660000000000004	5.334	2.0
280	0.0	0.0	0.0	0.0	0.0	0.0	0.0
281	1.0	0.0	1.0	0.0	1.4	1.6	1.0
282	0.0	2.0	0.0	2.0	0.6660000000000004	5.334	2.0
283	0.0	1.0	0.0	0.0	0.0	3.0	0.0
284	0.0	0.0	0.0	0.0	0.0	0.0	0.0
285	1.0	0.0	1.0	0.0	0.3330000000000002	2.667	1.0
286	0.0	1.0	0.0	1.0	0.3330000000000002	2.667	1.0
287	1.0	1.0	1.0	0.0	1.0010000000000003	4.999	1.0
288	1.0	0.0	1.0	0.0	0.3330000000000002	2.667	1.0
289	2.0	1.0	1.0	0.0	1.6660000000000004	7.334	1.0
290	0.0	0.0	0.0	0.0	0.0	0.0	0.0
291	1.0	2.0	0.0	1.0	2.0	4.0	1.0
292	1.0	0.0	0.0	0.0	1.0	2.0	0.0
293	1.0	0.0	1.0	0.0	0.6680000000000001	2.332	1.0
294	1.0	0.0	1.0	0.0	0.3330000000000002	2.667	1.0
295	0.0	0.0	0.0	0.0	0.0	0.0	0.0
296	0.0	2.0	0.0	1.0	0.6680000000000001	5.332	1.0
297	1.0	0.0	1.0	0.0	0.3330000000000002	2.667	1.0
298	0.0	0.0	0.0	0.0	0.0	0.0	0.0
299	0.0	1.0	0.0	1.0	0.3330000000000002	2.667	1.0
300	0.0	0.0	0.0	0.0	0.0	0.0	0.0
301	0.0	2.0	0.0	1.0	1.6680000000000001	4.332	1.0
302	0.0	0.0	0.0	0.0	0.0	0.0	0.0
303	1.0	0.0	0.0	0.0	1.0	2.0	0.0
304	2.0	0.0	1.0	0.0	2.0	4.0	1.0
305	1.0	0.0	0.0	0.0	0.3330000000000002	2.667	0.0
306	2.0	0.0	2.0	0.0	0.6660000000000004	5.334	2.0
307	1.0	0.0	1.0	0.0	1.0	2.0	1.0
308	0.0	0.0	0.0	0.0	0.0	0.0	0.0
309	0.0	0.0	0.0	0.0	0.0	0.0	0.0
310	1.0	0.0	0.0	0.0	0.3330000000000002	2.667	0.0
311	1.0	0.0	1.0	0.0	0.3330000000000002	2.667	1.0
312	0.0	0.0	0.0	0.0	0.0	0.0	0.0
313	1.0	0.0	1.0	0.0	1.0	2.0	1.0
314	0.0	0.0	0.0	0.0	0.0	0.0	0.0
315	0.0	0.0	0.0	0.0	0.0	0.0	0.0
316	1.0	0.0	1.0	0.0	0.3330000000000002	2.667	1.0
317	1.0	0.0	0.0	0.0	1.0	2.0	0.0
318	1.0	0.0	1.0	0.0	0.3330000000000002	2.667	1.0
319	3.0	0.0	1.0	0.0	2.0	4.0	1.0
320	0.0	1.0	0.0	1.0	1.4	1.6	1.0
321	1.0	0.0	0.0	0.0	0.3330000000000002	2.667	0.0
322	0.0	0.0	0.0	0.0	0.0	0.0	0.0
323	2.0	0.0	1.0	0.0	2.0	4.0	1.0
324	1.0	0.0	0.0	0.0	0.3330000000000002	2.667	0.0
325	2.0	0.0	1.0	0.0	2.0	4.0	1.0
326	0.0	0.0	0.0	0.0	0.0	0.0	0.0
327	1.0	0.0	0.0	0.0	1.0	2.0	0.0
328	0.0	0.0	0.0	0.0	0.0	0.0	0.0
329	0.0	0.0	0.0	0.0	0.0	0.0	0.0
330	1.0	0.0	1.0	0.0	0.3330000000000002	2.667	1.0
331	1.0	0.0	1.0	0.0	1.0	2.0	1.0
332	1.0	0.0	1.0	0.0	0.3330000000000002	2.667	1.0
333	0.0	0.0	0.0	0.0	0.0	0.0	0.0
334	1.0	0.0	0.0	0.0	0.3330000000000002	2.667	0.0
335	1.0	0.0	0.0	0.0	1.0	2.0	0.0
336	0.0	0.0	0.0	0.0	0.0	0.0	0.0
337	1.0	0.0	1.0	0.0	1.0	2.0	1.0
338	0.0	0.0	0.0	0.0	0.0	0.0	0.0
339	1.0	0.0	1.0	0.0	0.3330000000000002	2.667	1.0
340	0.0	0.0	0.0	0.0	0.0	0.0	0.0
341	0.0	0.0	0.0	0.0	0.0	0.0	0.0
342	2.0	0.0	1.0	0.0	2.0	4.0	1.0
343	0.0	0.0	0.0	0.0	0.0	0.0	0.0
344	1.0	0.0	1.0	0.0	0.3330000000000002	2.667	1.0
345	2.0	0.0	2.0	0.0	0.6680000000000001	2.332	1.0
346	1.0	0.0	0.0	0.0	1.0	2.0	0.0
347	0.0	0.0	0.0	0.0	0.0	0.0	0.0
348	1.0	0.0	1.0	0.0	1.0	2.0	1.0
349	1.0	0.0	1.0	0.0	1.0	2.0	1.0
350	1.0	0.0	0.0	0.0	1.0	2.0	0.0
351	0.0	0.0	0.0	0.0	0.0	0.0	0.0
352	0.0	0.0	0.0	0.0	0.0	0.0	0.0
353	0.0	0.0	0.0	0.0	0.0	0.0	0.0
354	1.0	0.0	1.0	0.0	0.3330000000000002	2.667	1.0
355	0.0	0.0	0.0	0.0	0.0	0.0	0.0
356	1.0	0.0	0.0	0.0	1.4	1.6	0.0
357	0.0	0.0	0.0	0.0	0.0	0.0	0.0
358	0.0	0.0	0.0	0.0	0.0	0.0	0.0
359	0.0	1.0	0.0	1.0	0.3330000000000002	2.667	1.0
360	0.0	0.0	0.0	0.0	0.0	0.0	0.0
361	0.0	0.0	0.0	0.0	0.0	0.0	0.0
362	0.0	0.0	0.0	0.0	0.0	0.0	0.0
363	1.0	0.0	0.0	0.0	1.0	2.0	0.0
364	1.0	0.0	1.0	0.0	1.0	2.0	1.0
365	1.0	0.0	1.0	0.0	1.4	1.6	1.0
366	1.0	0.0	0.0	0.0	0.3330000000000002	2.667	0.0
367	0.0	0.0	0.0	0.0	0.0	0.0	0.0
368	1.0	0.0	1.0	0.0	0.3330000000000002	2.667	1.0
369	2.0	0.0	1.0	0.0	2.0	4.0	1.0
370	1.0	0.0	1.0	0.0	1.0	2.0	1.0
371	0.0	0.0	0.0	0.0	0.0	0.0	0.0
372	1.0	0.0	1.0	0.0	1.0	2.0	1.0
373	1.0	0.0	0.0	0.0	0.3330000000000002	2.667	0.0
374	0.0	0.0	0.0	0.0	0.0	0.0	0.0
375	0.0	0.0	0.0	0.0	0.0	0.0	0.0
376	0.0	1.0	0.0	0.0	0.0	3.0	0.0
377	1.0	0.0	0.0	0.0	1.0	2.0	0.0
378	0.0	0.0	0.0	0.0	0.0	0.0	0.0
379	2.0	0.0	2.0	0.0	0.6660000000000004	5.334	2.0
380	1.0	0.0	1.0	0.0	0.6680000000000001	2.332	1.0
381	0.0	1.0	0.0	1.0	0.3330000000000002	2.667	1.0
382	0.0	0.0	0.0	0.0	0.0	0.0	0.0
383	1.0	1.0	0.0	1.0	0.6660000000000004	5.334	1.0
384	2.0	0.0	2.0	0.0	0.6660000000000004	5.334	2.0
385	0.0	3.0	0.0	2.0	1.6660000000000004	7.334	2.0
386	1.0	1.0	1.0	1.0	2.0	4.0	2.0
387	0.0	3.0	0.0	3.0	0.6660000000000004	5.334	2.0
388	0.0	1.0	0.0	1.0	0.3330000000000002	2.667	1.0
389	0.0	0.0	0.0	0.0	0.0	0.0	0.0
390	0.0	0.0	0.0	0.0	0.0	0.0	0.0
391	0.0	0.0	0.0	0.0	0.0	0.0	0.0
392	1.0	0.0	1.0	0.0	1.0	2.0	1.0
393	0.0	0.0	0.0	0.0	0.0	0.0	0.0
394	0.0	0.0	0.0	0.0	0.0	0.0	0.0
395	1.0	0.0	1.0	0.0	0.3330000000000002	2.667	1.0
396	1.0	0.0	1.0	0.0	1.0	2.0	1.0
397	0.0	0.0	0.0	0.0	0.0	0.0	0.0
398	0.0	0.0	0.0	0.0	0.0	0.0	0.0
399	0.0	0.0	0.0	0.0	0.0	0.0	0.0
400	2.0	0.0	1.0	0.0	2.0	4.0	1.0
401	1.0	0.0	1.0	0.0	1.0	2.0	1.0
402	0.0	0.0	0.0	0.0	0.0	0.0	0.0
403	0.0	0.0	0.0	0.0	0.0	0.0	0.0
404	1.0	0.0	1.0	0.0	1.0	2.0	1.0
405	1.0	0.0	1.0	0.0	1.0	2.0	1.0
406	1.0	0.0	1.0	0.0	1.0	2.0	1.0
407	1.0	0.0	1.0	0.0	1.0	2.0	1.0
408	1.0	0.0	1.0	0.0	1.0	2.0	1.0
409	0.0	0.0	0.0	0.0	0.0	0.0	0.0
410	0.0	0.0	0.0	0.0	0.0	0.0	0.0
411	1.0	1.0	1.0	0.0	0.6660000000000004	5.334	1.0
412	0.0	2.0	0.0	0.0	0.3330000000000002	2.667	0.0
413	1.0	0.0	1.0	0.0	1.0	2.0	1.0
414	2.0	0.0	1.0	0.0	2.0	4.0	1.0
415	0.0	0.0	0.0	0.0	0.0	0.0	0.0
416	1.0	0.0	0.0	0.0	1.0	2.0	0.0
417	1.0	0.0	0.0	0.0	0.3330000000000002	2.667	0.0
418	0.0	1.0	0.0	0.0	0.3330000000000002	2.667	0.0
419	1.0	0.0	1.0	0.0	0.3330000000000002	2.667	1.0
420	1.0	0.0	1.0	0.0	1.0	2.0	1.0
421	2.0	0.0	1.0	0.0	2.0	4.0	1.0
422	1.0	0.0	0.0	0.0	0.3330000000000002	2.667	0.0
423	1.0	0.0	1.0	0.0	1.0	2.0	1.0
424	0.0	0.0	0.0	0.0	0.0	0.0	0.0
425	1.0	0.0	0.0	0.0	0.3330000000000002	2.667	0.0
426	0.0	0.0	0.0	0.0	0.0	0.0	0.0
427	2.0	0.0	2.0	0.0	0.6660000000000004	5.334	2.0
428	1.0	0.0	0.0	0.0	1.0	2.0	0.0
429	1.0	3.0	1.0	1.0	0.9990000000000006	8.001	2.0
430	0.0	1.0	0.0	1.0	0.3330000000000002	2.667	1.0
431	0.0	0.0	0.0	0.0	0.0	0.0	0.0
432	0.0	1.0	0.0	1.0	0.6680000000000001	2.332	1.0
433	0.0	0.0	0.0	0.0	0.0	0.0	0.0
434	0.0	0.0	0.0	0.0	0.0	0.0	0.0
435	1.0	0.0	1.0	0.0	1.0	2.0	1.0
436	1.0	0.0	1.0	0.0	1.0	2.0	1.0
437	1.0	0.0	1.0	0.0	1.0	2.0	1.0
438	0.0	0.0	0.0	0.0	0.0	0.0	0.0
439	0.0	0.0	0.0	0.0	0.0	0.0	0.0
440	0.0	0.0	0.0	0.0	0.0	0.0	0.0
441	2.0	0.0	1.0	0.0	0.6660000000000004	5.334	1.0
442	0.0	0.0	0.0	0.0	0.0	0.0	0.0
443	0.0	0.0	0.0	0.0	0.0	0.0	0.0
444	1.0	0.0	1.0	0.0	1.0	2.0	1.0
445	1.0	0.0	1.0	0.0	0.3330000000000002	2.667	1.0
446	0.0	0.0	0.0	0.0	0.0	0.0	0.0
447	0.0	0.0	0.0	0.0	0.0	0.0	0.0
448	1.0	0.0	1.0	0.0	1.0	2.0	1.0
449	1.0	0.0	1.0	0.0	1.0	2.0	1.0
450	1.0	0.0	1.0	0.0	0.6680000000000001	2.332	1.0
451	1.0	0.0	0.0	0.0	1.0	2.0	0.0
452	0.0	0.0	0.0	0.0	0.0	0.0	0.0
453	1.0	1.0	0.0	0.0	0.3330000000000002	2.667	0.0
454	1.0	0.0	1.0	0.0	1.0	2.0	1.0
455	1.0	0.0	1.0	0.0	0.3330000000000002	2.667	1.0
456	0.0	0.0	0.0	0.0	0.0	0.0	0.0
457	2.0	0.0	1.0	0.0	2.8	3.2	1.0
458	1.0	1.0	0.0	0.0	1.0	2.0	0.0
459	2.0	1.0	1.0	1.0	2.0	4.0	1.0
460	0.0	3.0	0.0	3.0	1.3330000000000002	4.667	2.0
461	1.0	1.0	1.0	0.0	2.0	4.0	1.0
462	1.0	1.0	0.0	1.0	1.3330000000000002	4.667	1.0
463	2.0	0.0	1.0	0.0	2.0	4.0	1.0
464	1.0	0.0	0.0	0.0	1.0	2.0	0.0
465	0.0	0.0	0.0	0.0	0.0	0.0	0.0
466	1.0	0.0	1.0	0.0	1.0	2.0	1.0
467	0.0	0.0	0.0	0.0	0.0	0.0	0.0
468	1.0	0.0	0.0	0.0	0.3330000000000002	2.667	0.0
469	0.0	0.0	0.0	0.0	0.0	0.0	0.0
470	1.0	0.0	1.0	0.0	1.0	2.0	1.0
471	1.0	0.0	1.0	0.0	1.0	2.0	1.0
472	1.0	0.0	1.0	0.0	1.0	2.0	1.0
473	0.0	0.0	0.0	0.0	0.0	0.0	0.0
474	0.0	0.0	0.0	0.0	0.0	0.0	0.0
475	0.0	0.0	0.0	0.0	0.0	0.0	0.0
476	1.0	1.0	0.0	1.0	1.0010000000000003	4.999	1.0
477	0.0	1.0	0.0	0.0	1.0	2.0	0.0
478	0.0	1.0	0.0	0.0	0.0	3.0	0.0
479	2.0	2.0	1.0	2.0	1.3330000000000002	4.667	1.0
480	2.0	0.0	1.0	0.0	2.0	4.0	1.0
481	1.0	0.0	0.0	0.0	1.0	2.0	0.0
482	1.0	0.0	0.0	0.0	1.0	2.0	0.0
483	2.0	1.0	1.0	1.0	1.6680000000000001	4.332	1.0
484	1.0	0.0	1.0	0.0	1.0	2.0	1.0
485	1.0	1.0	1.0	0.0	2.0	4.0	1.0
486	1.0	2.0	1.0	2.0	1.0	2.0	1.0
487	1.0	0.0	1.0	0.0	0.3330000000000002	2.667	1.0
488	0.0	1.0	0.0	1.0	0.3330000000000002	2.667	1.0
489	1.0	0.0	1.0	0.0	0.3330000000000002	2.667	1.0
490	2.0	2.0	1.0	1.0	3.068	5.932	2.0
491	0.0	0.0	0.0	0.0	0.0	0.0	0.0
492	1.0	0.0	1.0	0.0	0.3330000000000002	2.667	1.0
493	1.0	0.0	1.0	0.0	1.0	2.0	1.0
494	2.0	0.0	1.0	0.0	0.6660000000000004	5.334	1.0
495	1.0	1.0	1.0	1.0	0.6680000000000001	2.332	1.0
496	1.0	0.0	1.0	0.0	1.0	2.0	1.0
497	1.0	2.0	1.0	0.0	2.0	4.0	1.0
498	1.0	0.0	0.0	0.0	0.3330000000000002	2.667	0.0
499	1.0	2.0	0.0	0.0	1.0	2.0	0.0
500	0.0	0.0	0.0	0.0	0.0	0.0	0.0
501	0.0	0.0	0.0	0.0	0.0	0.0	0.0
502	0.0	0.0	0.0	0.0	0.0	0.0	0.0
503	1.0	1.0	1.0	0.0	2.4	3.6	1.0
504	0.0	0.0	0.0	0.0	0.0	0.0	0.0
505	0.0	0.0	0.0	0.0	0.0	0.0	0.0
506	1.0	1.0	0.0	1.0	1.3330000000000002	4.667	1.0
507	0.0	1.0	0.0	1.0	0.3330000000000002	2.667	1.0
508	2.0	0.0	0.0	0.0	2.0	4.0	0.0
509	2.0	0.0	1.0	0.0	2.0	4.0	1.0
510	1.0	0.0	1.0	0.0	0.3330000000000002	2.667	1.0
511	2.0	2.0	1.0	2.0	3.0	6.0	2.0
512	0.0	0.0	0.0	0.0	0.0	0.0	0.0
513	2.0	0.0	0.0	0.0	1.0	2.0	0.0
514	0.0	3.0	0.0	3.0	0.6660000000000004	5.334	2.0
515	1.0	0.0	1.0	0.0	1.0	2.0	1.0
516	0.0	0.0	0.0	0.0	0.0	0.0	0.0
517	1.0	1.0	1.0	1.0	0.6660000000000004	5.334	2.0
518	0.0	1.0	0.0	1.0	0.3330000000000002	2.667	1.0
519	1.0	0.0	0.0	0.0	1.0	2.0	0.0
520	2.0	0.0	1.0	0.0	2.0	4.0	1.0
521	0.0	0.0	0.0	0.0	0.0	0.0	0.0
522	1.0	1.0	0.0	0.0	1.0	2.0	0.0
523	1.0	1.0	1.0	1.0	1.0010000000000003	4.999	2.0
524	0.0	2.0	0.0	2.0	0.3330000000000002	2.667	1.0
525	2.0	0.0	1.0	0.0	2.0	4.0	1.0
526	0.0	1.0	0.0	1.0	0.3330000000000002	2.667	1.0
527	1.0	2.0	1.0	0.0	1.0010000000000003	4.999	1.0
