pos	Sd	Nd	Sd_tip	Nd_tip	S	N	comparisons
001	0.0	0.0	0.0	0.0	0.0	0.0	0.0
002	0.0	0.0	0.0	0.0	0.0	0.0	0.0
003	0.0	1.0	0.0	1.0	1.0	2.0	1.0
004	0.0	0.0	0.0	0.0	0.0	0.0	0.0
005	0.0	0.0	0.0	0.0	0.0	0.0	0.0
006	0.0	0.0	0.0	0.0	0.0	0.0	0.0
007	0.0	0.0	0.0	0.0	0.0	0.0	0.0
008	2.0	1.0	2.0	1.0	1.3330000000000002	4.667	2.0
009	3.0	1.0	2.0	1.0	4.0	8.0	3.0
010	2.0	3.0	1.0	3.0	3.333	8.667	3.0
011	0.0	0.0	0.0	0.0	0.0	0.0	0.0
012	2.0	3.0	1.0	2.0	4.0	8.0	2.0
013	3.0	1.0	3.0	1.0	4.8	7.2	4.0
014	3.0	1.0	3.0	0.0	2.668	6.332	2.0
015	3.0	2.0	1.0	2.0	4.8	7.199999999999999	2.0
016	1.0	1.0	1.0	1.0	1.0	2.0	1.0
017	1.0	0.0	1.0	0.0	1.0	2.0	1.0
018	3.0	0.0	1.0	0.0	3.0	6.0	1.0
019	1.0	1.0	1.0	1.0	1.0	2.0	1.0
020	0.0	0.0	0.0	0.0	0.0	0.0	0.0
021	0.0	0.0	0.0	0.0	0.0	0.0	0.0
022	1.0	0.0	0.0	0.0	1.0	2.0	0.0
023	1.0	3.0	1.0	3.0	2.668	6.332	3.0
024	3.0	2.0	3.0	2.0	3.0	6.0	3.0
025	2.0	2.0	2.0	2.0	2.668	6.332	3.0
026	3.0	2.0	3.0	2.0	2.668	6.332	3.0
027	1.0	0.0	1.0	0.0	0.3330000000000002	2.667	1.0
028	0.0	1.0	0.0	1.0	0.3330000000000002	2.667	1.0
029	2.0	1.0	2.0	1.0	1.0	2.0	1.0
030	2.0	1.0	1.0	1.0	2.3360000000000003	6.664	2.0
031	2.0	3.0	1.0	3.0	2.6660000000000004	9.334	3.0
032	1.0	0.0	1.0	0.0	0.3330000000000002	2.667	1.0
033	2.0	0.0	0.0	0.0	0.6660000000000004	5.334	0.0
034	3.0	0.0	2.0	0.0	3.0	6.0	2.0
035	0.0	1.0	0.0	1.0	0.3330000000000002	2.667	1.0
036	0.0	0.0	0.0	0.0	0.0	0.0	0.0
037	2.0	1.0	1.0	1.0	2.0	4.0	1.0
038	0.0	0.0	0.0	0.0	0.0	0.0	0.0
039	2.0	0.0	1.0	0.0	2.0	4.0	1.0
040	2.0	0.0	1.0	0.0	1.3360000000000003	4.664	1.0
041	1.0	3.0	0.0	3.0	3.333	8.667	3.0
042	3.0	1.0	2.0	1.0	4.0	8.0	3.0
043	0.0	0.0	0.0	0.0	0.0	0.0	0.0
044	2.0	2.0	1.0	2.0	0.9990000000000006	8.001	2.0
045	2.0	0.0	1.0	0.0	0.6660000000000004	5.334	1.0
046	4.0	3.0	4.0	2.0	6.0	12.0	5.0
047	1.0	0.0	1.0	0.0	1.0	2.0	1.0
048	1.0	2.0	0.0	2.0	1.3330000000000002	4.667	1.0
049	0.0	0.0	0.0	0.0	0.0	0.0	0.0
050	0.0	2.0	0.0	2.0	0.3330000000000002	2.667	1.0
051	1.0	2.0	1.0	2.0	1.0	2.0	1.0
052	0.0	1.0	0.0	1.0	0.3330000000000002	2.667	1.0
053	3.0	1.0	2.0	1.0	3.0040000000000004	8.995999999999999	3.0
054	3.0	1.0	1.0	1.0	2.333	6.667	1.0
055	0.0	2.0	0.0	2.0	1.0	2.0	1.0
056	0.0	1.0	0.0	1.0	1.0	2.0	1.0
057	4.0	1.0	3.0	1.0	4.0	8.0	3.0
058	3.0	1.0	1.0	1.0	4.0	8.0	2.0
059	1.0	1.0	1.0	1.0	1.6680000000000001	4.332	2.0
060	2.0	1.0	1.0	1.0	2.0	4.0	1.0
061	1.0	1.0	0.0	1.0	1.3330000000000002	4.667	1.0
062	0.0	2.0	0.0	2.0	1.0	2.0	1.0
063	2.0	2.0	1.0	2.0	2.733	6.2669999999999995	2.0
064	0.0	0.0	0.0	0.0	0.0	0.0	0.0
065	2.0	1.0	2.0	1.0	1.6660000000000004	7.334	3.0
066	0.0	2.0	0.0	2.0	0.3330000000000002	2.667	1.0
067	1.0	1.0	1.0	1.0	1.3330000000000002	4.667	2.0
068	1.0	1.0	0.0	1.0	0.6660000000000004	5.334	1.0
069	2.0	0.0	1.0	0.0	0.6660000000000004	5.334	1.0
070	2.0	1.0	1.0	1.0	2.4	3.6	1.0
071	1.0	1.0	1.0	1.0	0.6660000000000004	5.334	2.0
072	2.0	1.0	2.0	1.0	1.6680000000000001	4.332	2.0
073	0.0	0.0	0.0	0.0	0.0	0.0	0.0
074	1.0	2.0	1.0	2.0	2.0	4.0	2.0
075	2.0	1.0	2.0	1.0	2.0	4.0	2.0
076	3.0	1.0	3.0	1.0	4.0	8.0	4.0
077	3.0	2.0	3.0	2.0	1.6660000000000004	7.334	3.0
078	2.0	0.0	1.0	0.0	0.6660000000000004	5.334	1.0
079	2.0	3.0	2.0	2.0	3.668	8.332	3.0
080	2.0	3.0	1.0	3.0	2.333	6.667	2.0
081	1.0	2.0	1.0	2.0	1.0	2.0	1.0
082	1.0	1.0	1.0	1.0	1.0	2.0	1.0
083	1.0	1.0	1.0	1.0	1.0	2.0	1.0
084	1.0	2.0	1.0	2.0	1.0	2.0	1.0
085	2.0	0.0	0.0	0.0	2.4	3.6	0.0
086	3.0	1.0	2.0	1.0	2.333	6.667	2.0
087	2.0	0.0	2.0	0.0	2.4	3.6	2.0
088	0.0	1.0	0.0	1.0	0.3330000000000002	2.667	1.0
089	2.0	2.0	1.0	2.0	4.0	8.0	3.0
090	2.0	2.0	1.0	1.0	2.333	6.667	1.0
091	2.0	1.0	1.0	0.0	1.6680000000000001	4.332	1.0
092	2.0	1.0	1.0	1.0	1.6680000000000001	4.332	1.0
093	2.0	1.0	1.0	1.0	0.9990000000000006	8.001	2.0
094	0.0	0.0	0.0	0.0	0.0	0.0	0.0
095	2.0	0.0	1.0	0.0	0.6660000000000004	5.334	1.0
096	2.0	0.0	1.0	0.0	2.4	3.6	1.0
097	2.0	0.0	2.0	0.0	2.0	4.0	2.0
098	1.0	1.0	1.0	1.0	0.3330000000000002	2.667	1.0
099	2.0	3.0	1.0	3.0	2.333	6.667	2.0
100	2.0	1.0	1.0	1.0	2.3360000000000003	6.664	2.0
101	2.0	0.0	0.0	0.0	2.0	4.0	0.0
102	1.0	2.0	1.0	2.0	1.0	2.0	1.0
103	1.0	0.0	1.0	0.0	0.3330000000000002	2.667	1.0
104	1.0	0.0	1.0	0.0	1.0	2.0	1.0
105	2.0	2.0	2.0	2.0	2.333	6.667	3.0
106	1.0	1.0	1.0	1.0	1.3330000000000002	4.667	2.0
107	3.0	2.0	2.0	2.0	3.333	8.667	3.0
108	2.0	2.0	1.0	2.0	1.3330000000000002	4.667	1.0
109	2.0	1.0	2.0	1.0	0.9990000000000006	8.001	3.0
110	0.0	3.0	0.0	3.0	1.3330000000000002	4.667	2.0
111	0.0	2.0	0.0	2.0	1.6680000000000001	4.332	2.0
112	1.0	4.0	0.0	2.0	2.3320000000000007	12.668	2.0
113	0.0	3.0	0.0	3.0	0.6660000000000004	5.334	2.0
114	0.0	0.0	0.0	0.0	0.0	0.0	0.0
115	0.0	1.0	0.0	1.0	1.0	2.0	1.0
116	2.0	4.0	2.0	3.0	3.3340000000000005	11.666	4.0
117	0.0	2.0	0.0	1.0	0.6660000000000004	5.334	1.0
118	1.0	4.0	1.0	3.0	2.333	6.667	2.0
119	2.0	3.0	2.0	2.0	3.333	8.667	3.0
120	3.0	4.0	2.0	3.0	4.001	10.998999999999999	3.0
121	2.0	2.0	2.0	2.0	1.3330000000000002	4.667	2.0
122	2.0	1.0	2.0	1.0	3.0	6.0	3.0
123	2.0	0.0	1.0	0.0	2.4	3.6	1.0
124	2.0	0.0	2.0	0.0	2.0	4.0	2.0
125	1.0	4.0	0.0	3.0	2.9990000000000006	12.001	3.0
126	0.0	3.0	0.0	2.0	2.668	6.332	2.0
127	2.0	2.0	1.0	1.0	4.0	8.0	2.0
128	0.0	0.0	0.0	0.0	0.0	0.0	0.0
129	1.0	0.0	1.0	0.0	0.3330000000000002	2.667	1.0
130	1.0	1.0	1.0	1.0	1.0	2.0	1.0
131	2.0	1.0	1.0	1.0	2.0	4.0	1.0
132	0.0	0.0	0.0	0.0	0.0	0.0	0.0
133	0.0	1.0	0.0	1.0	1.0	2.0	1.0
134	0.0	2.0	0.0	2.0	2.0	4.0	2.0
135	2.0	2.0	2.0	2.0	0.6660000000000004	8.334	3.0
136	1.0	0.0	1.0	0.0	1.0	2.0	1.0
137	0.0	1.0	0.0	1.0	0.3330000000000002	2.667	1.0
138	1.0	0.0	1.0	0.0	0.3330000000000002	2.667	1.0
139	1.0	2.0	1.0	2.0	1.0	2.0	1.0
140	2.0	2.0	1.0	2.0	1.3330000000000002	4.667	1.0
141	0.0	0.0	0.0	0.0	0.0	0.0	0.0
142	0.0	1.0	0.0	1.0	0.3330000000000002	2.667	1.0
143	2.0	2.0	1.0	2.0	2.333	6.667	2.0
144	0.0	2.0	0.0	2.0	0.3330000000000002	2.667	1.0
145	3.0	2.0	2.0	2.0	3.0040000000000004	8.995999999999999	3.0
146	0.0	0.0	0.0	0.0	0.0	0.0	0.0
147	2.0	1.0	1.0	0.0	2.0	4.0	1.0
148	1.0	2.0	1.0	2.0	1.0	2.0	1.0
149	2.0	1.0	1.0	1.0	1.733	4.2669999999999995	1.0
150	3.0	0.0	1.0	0.0	3.0	6.0	1.0
151	0.0	1.0	0.0	1.0	1.0	2.0	1.0
152	2.0	0.0	2.0	0.0	0.6660000000000004	5.334	2.0
153	2.0	0.0	2.0	0.0	2.0	4.0	2.0
154	0.0	0.0	0.0	0.0	0.0	0.0	0.0
155	3.0	2.0	1.0	0.0	2.668	6.332	1.0
156	2.0	2.0	2.0	1.0	3.333	8.667	3.0
157	1.0	0.0	1.0	0.0	0.3330000000000002	2.667	1.0
158	2.0	1.0	2.0	1.0	3.0	6.0	3.0
159	3.0	0.0	1.0	0.0	3.0	6.0	1.0
160	1.0	3.0	1.0	2.0	0.6660000000000004	5.334	1.0
161	3.0	0.0	1.0	0.0	3.0	6.0	1.0
162	2.0	1.0	2.0	1.0	0.9990000000000006	8.001	3.0
163	3.0	2.0	2.0	2.0	2.333	6.667	2.0
164	1.0	0.0	1.0	0.0	1.0	2.0	1.0
165	1.0	0.0	0.0	0.0	1.0	2.0	0.0
166	2.0	1.0	1.0	1.0	3.0	6.0	2.0
167	3.0	1.0	2.0	0.0	3.736	8.264	2.0
168	2.0	2.0	2.0	2.0	2.733	6.2669999999999995	3.0
169	2.0	0.0	1.0	0.0	2.0	4.0	1.0
170	2.0	0.0	2.0	0.0	1.3360000000000003	4.664	2.0
171	1.0	0.0	1.0	0.0	0.3330000000000002	2.667	1.0
172	1.0	0.0	1.0	0.0	1.0	2.0	1.0
173	0.0	0.0	0.0	0.0	0.0	0.0	0.0
174	1.0	0.0	0.0	0.0	1.0	2.0	0.0
175	0.0	2.0	0.0	2.0	1.0	2.0	1.0
176	1.0	2.0	1.0	2.0	1.3330000000000002	4.667	2.0
177	0.0	0.0	0.0	0.0	0.0	0.0	0.0
178	0.0	0.0	0.0	0.0	0.0	0.0	0.0
179	2.0	1.0	1.0	1.0	2.333	6.667	2.0
180	3.0	0.0	3.0	0.0	3.0	6.0	3.0
181	4.0	1.0	2.0	1.0	1.6660000000000004	7.334	1.0
182	2.0	0.0	1.0	0.0	2.0	4.0	1.0
183	1.0	0.0	1.0	0.0	1.0	2.0	1.0
184	1.0	0.0	1.0	0.0	0.6680000000000001	2.332	1.0
185	0.0	2.0	0.0	2.0	1.0	2.0	1.0
186	0.0	2.0	0.0	2.0	0.3330000000000002	2.667	1.0
187	1.0	0.0	0.0	0.0	0.3330000000000002	2.667	0.0
188	2.0	0.0	1.0	0.0	2.0	4.0	1.0
189	4.0	0.0	3.0	0.0	4.0	8.0	3.0
190	0.0	0.0	0.0	0.0	0.0	0.0	0.0
191	0.0	0.0	0.0	0.0	0.0	0.0	0.0
192	1.0	0.0	1.0	0.0	1.0	2.0	1.0
193	0.0	0.0	0.0	0.0	0.0	0.0	0.0
194	2.0	0.0	2.0	0.0	0.6660000000000004	5.334	2.0
195	0.0	0.0	0.0	0.0	0.0	0.0	0.0
196	1.0	3.0	1.0	2.0	3.3360000000000003	8.664	3.0
197	2.0	1.0	2.0	1.0	2.0	4.0	2.0
198	2.0	2.0	1.0	2.0	4.0	8.0	3.0
199	1.0	2.0	1.0	2.0	1.0	2.0	1.0
200	0.0	0.0	0.0	0.0	0.0	0.0	0.0
201	0.0	0.0	0.0	0.0	0.0	0.0	0.0
202	0.0	0.0	0.0	0.0	0.0	0.0	0.0
203	0.0	0.0	0.0	0.0	0.0	0.0	0.0
204	0.0	0.0	0.0	0.0	0.0	0.0	0.0
205	0.0	0.0	0.0	0.0	0.0	0.0	0.0
206	0.0	0.0	0.0	0.0	0.0	0.0	0.0
207	0.0	0.0	0.0	0.0	0.0	0.0	0.0
208	0.0	0.0	0.0	0.0	0.0	0.0	0.0
209	4.0	0.0	3.0	0.0	4.0	8.0	3.0
210	3.0	0.0	1.0	0.0	3.0	6.0	1.0
211	0.0	0.0	0.0	0.0	0.0	0.0	0.0
212	1.0	0.0	0.0	0.0	0.3330000000000002	2.667	0.0
213	0.0	5.0	0.0	4.0	4.0040000000000004	10.995999999999999	4.0
214	4.0	0.0	4.0	0.0	4.0	8.0	4.0
215	2.0	2.0	1.0	2.0	1.6660000000000004	7.334	2.0
216	2.0	1.0	2.0	1.0	0.9990000000000006	8.001	3.0
217	2.0	1.0	2.0	1.0	2.668	6.332	3.0
218	3.0	2.0	1.0	2.0	2.3360000000000003	6.664	1.0
219	2.0	1.0	2.0	1.0	1.6660000000000004	7.334	3.0
220	2.0	0.0	2.0	0.0	2.0	4.0	2.0
221	0.0	0.0	0.0	0.0	0.0	0.0	0.0
222	3.0	1.0	2.0	1.0	1.6660000000000004	7.334	2.0
223	1.0	1.0	1.0	1.0	0.6660000000000004	5.334	2.0
224	1.0	0.0	1.0	0.0	0.3330000000000002	2.667	1.0
225	2.0	0.0	0.0	0.0	0.6660000000000004	5.334	0.0
226	1.0	0.0	1.0	0.0	1.0	2.0	1.0
227	2.0	2.0	1.0	2.0	4.0	8.0	3.0
228	0.0	0.0	0.0	0.0	0.0	0.0	0.0
229	2.0	1.0	2.0	1.0	1.0	2.0	1.0
230	2.0	0.0	1.0	0.0	2.0	4.0	1.0
231	4.0	3.0	3.0	3.0	4.736000000000001	13.264	5.0
232	3.0	1.0	2.0	1.0	3.733	8.267	3.0
233	0.0	1.0	0.0	1.0	1.0	2.0	1.0
234	1.0	0.0	1.0	0.0	0.3330000000000002	2.667	1.0
235	1.0	0.0	1.0	0.0	0.3330000000000002	2.667	1.0
236	1.0	0.0	1.0	0.0	0.3330000000000002	2.667	1.0
237	1.0	1.0	1.0	1.0	0.6680000000000001	2.332	1.0
238	0.0	0.0	0.0	0.0	0.0	0.0	0.0
239	3.0	2.0	1.0	1.0	3.3370000000000006	11.663	2.0
240	2.0	1.0	1.0	1.0	3.068	5.932	2.0
241	2.0	0.0	2.0	0.0	2.0	4.0	2.0
242	1.0	1.0	1.0	1.0	1.0010000000000003	4.999	2.0
243	2.0	0.0	1.0	0.0	2.0	4.0	1.0
244	0.0	0.0	0.0	0.0	0.0	0.0	0.0
245	2.0	0.0	1.0	0.0	2.0	4.0	1.0
246	2.0	0.0	2.0	0.0	0.6660000000000004	5.334	2.0
247	3.0	0.0	3.0	0.0	3.0	6.0	3.0
248	2.0	0.0	1.0	0.0	0.6660000000000004	5.334	1.0
249	1.0	1.0	1.0	1.0	2.0	4.0	2.0
250	0.0	0.0	0.0	0.0	0.0	0.0	0.0
251	3.0	2.0	1.0	2.0	3.333	8.667	2.0
252	1.0	0.0	1.0	0.0	0.3330000000000002	2.667	1.0
253	0.0	1.0	0.0	1.0	1.0	2.0	1.0
254	0.0	1.0	0.0	1.0	1.0	2.0	1.0
255	0.0	1.0	0.0	1.0	0.3330000000000002	2.667	1.0
256	2.0	0.0	2.0	0.0	2.0	4.0	2.0
257	2.0	0.0	1.0	0.0	2.0	4.0	1.0
258	0.0	0.0	0.0	0.0	0.0	0.0	0.0
259	1.0	0.0	1.0	0.0	1.0	2.0	1.0
260	0.0	0.0	0.0	0.0	0.0	0.0	0.0
261	0.0	0.0	0.0	0.0	0.0	0.0	0.0
262	1.0	0.0	0.0	0.0	1.0	2.0	0.0
263	2.0	0.0	2.0	0.0	0.6660000000000004	5.334	2.0
264	3.0	1.0	3.0	1.0	4.0	8.0	4.0
265	3.0	0.0	3.0	0.0	2.668	6.332	3.0
266	2.0	1.0	2.0	1.0	3.0	6.0	3.0
267	3.0	0.0	1.0	0.0	3.0	6.0	1.0
268	0.0	1.0	0.0	1.0	1.0	2.0	1.0
269	3.0	0.0	1.0	0.0	3.0	6.0	1.0
270	1.0	0.0	1.0	0.0	0.3330000000000002	2.667	1.0
271	2.0	3.0	1.0	2.0	3.0020000000000007	11.998000000000001	3.0
272	1.0	0.0	0.0	0.0	1.0	2.0	0.0
273	1.0	0.0	1.0	0.0	1.0	2.0	1.0
274	3.0	0.0	2.0	0.0	0.9990000000000006	8.001	2.0
275	0.0	2.0	0.0	2.0	1.0	2.0	1.0
276	0.0	0.0	0.0	0.0	0.0	0.0	0.0
277	3.0	0.0	3.0	0.0	2.0	4.0	2.0
278	1.0	0.0	0.0	0.0	0.3330000000000002	2.667	0.0
279	0.0	0.0	0.0	0.0	0.0	0.0	0.0
280	1.0	2.0	1.0	2.0	1.3330000000000002	4.667	2.0
281	1.0	0.0	1.0	0.0	0.3330000000000002	2.667	1.0
282	1.0	0.0	1.0	0.0	0.3330000000000002	2.667	1.0
283	0.0	0.0	0.0	0.0	0.0	0.0	0.0
284	1.0	2.0	1.0	2.0	1.0	2.0	1.0
285	0.0	0.0	0.0	0.0	0.0	0.0	0.0
286	2.0	1.0	1.0	1.0	2.0	4.0	1.0
287	3.0	0.0	3.0	0.0	3.0	6.0	3.0
288	1.0	0.0	0.0	0.0	1.0	2.0	0.0
289	1.0	0.0	1.0	0.0	1.0	2.0	1.0
290	0.0	0.0	0.0	0.0	0.0	0.0	0.0
291	1.0	0.0	1.0	0.0	1.0	2.0	1.0
292	0.0	2.0	0.0	2.0	0.6660000000000004	5.334	2.0
293	2.0	3.0	1.0	1.0	2.6660000000000004	9.334	2.0
294	0.0	0.0	0.0	0.0	0.0	0.0	0.0
295	2.0	2.0	1.0	2.0	2.333	6.667	2.0
296	1.0	0.0	1.0	0.0	0.3330000000000002	2.667	1.0
297	3.0	0.0	2.0	0.0	3.0	6.0	2.0
298	0.0	0.0	0.0	0.0	0.0	0.0	0.0
299	0.0	0.0	0.0	0.0	0.0	0.0	0.0
300	2.0	0.0	2.0	0.0	2.0	4.0	2.0
301	2.0	2.0	1.0	1.0	4.4	7.6	2.0
302	3.0	0.0	3.0	0.0	3.0	6.0	3.0
303	3.0	0.0	1.0	0.0	3.0	6.0	1.0
304	1.0	0.0	0.0	0.0	1.0	2.0	0.0
305	2.0	0.0	1.0	0.0	0.6660000000000004	5.334	1.0
306	3.0	0.0	2.0	0.0	3.0	6.0	2.0
307	2.0	1.0	2.0	1.0	3.0	6.0	3.0
308	0.0	0.0	0.0	0.0	0.0	0.0	0.0
309	0.0	1.0	0.0	1.0	0.6680000000000001	2.332	1.0
310	3.0	4.0	2.0	2.0	4.333	10.667	3.0
311	2.0	0.0	1.0	0.0	2.0	4.0	1.0
312	3.0	0.0	2.0	0.0	2.668	6.332	2.0
313	0.0	1.0	0.0	1.0	0.3330000000000002	2.667	1.0
314	2.0	3.0	1.0	2.0	5.0	10.0	3.0
315	0.0	1.0	0.0	0.0	0.3330000000000002	2.667	0.0
316	1.0	0.0	1.0	0.0	1.0	2.0	1.0
317	0.0	2.0	0.0	2.0	0.3330000000000002	2.667	1.0
318	3.0	1.0	3.0	1.0	2.668	6.332	3.0
319	2.0	0.0	1.0	0.0	2.4	3.6	1.0
320	2.0	2.0	1.0	2.0	3.0	6.0	2.0
321	1.0	1.0	1.0	1.0	2.0	4.0	2.0
322	2.0	3.0	1.0	3.0	2.333	6.667	2.0
323	1.0	3.0	1.0	3.0	0.6660000000000004	5.334	2.0
324	3.0	0.0	2.0	0.0	3.0	6.0	2.0
325	1.0	1.0	1.0	1.0	1.0	2.0	1.0
326	0.0	0.0	0.0	0.0	0.0	0.0	0.0
327	1.0	0.0	1.0	0.0	1.0	2.0	1.0
328	1.0	1.0	1.0	1.0	0.6660000000000004	5.334	2.0
329	2.0	0.0	2.0	0.0	1.3360000000000003	4.664	2.0
330	0.0	0.0	0.0	0.0	0.0	0.0	0.0
331	0.0	0.0	0.0	0.0	0.0	0.0	0.0
332	0.0	0.0	0.0	0.0	0.0	0.0	0.0
333	1.0	0.0	1.0	0.0	0.3330000000000002	2.667	1.0
334	2.0	0.0	1.0	0.0	0.6660000000000004	5.334	1.0
335	1.0	0.0	1.0	0.0	1.0	2.0	1.0
336	1.0	0.0	1.0	0.0	0.3330000000000002	2.667	1.0
337	1.0	0.0	0.0	0.0	0.3330000000000002	2.667	0.0
338	2.0	0.0	1.0	0.0	1.3360000000000003	4.664	1.0
339	3.0	0.0	3.0	0.0	2.3360000000000003	6.664	3.0
340	2.0	0.0	2.0	0.0	2.0	4.0	2.0
341	2.0	0.0	1.0	0.0	2.0	4.0	1.0
342	0.0	1.0	0.0	1.0	0.3330000000000002	2.667	1.0
343	1.0	0.0	1.0	0.0	1.0	2.0	1.0
344	0.0	0.0	0.0	0.0	0.0	0.0	0.0
345	0.0	2.0	0.0	2.0	0.3330000000000002	2.667	1.0
346	0.0	0.0	0.0	0.0	0.0	0.0	0.0
347	2.0	2.0	1.0	2.0	2.333	6.667	2.0
348	1.0	0.0	1.0	0.0	1.0	2.0	1.0
349	6.0	0.0	4.0	0.0	4.336	10.664	3.0
350	0.0	0.0	0.0	0.0	0.0	0.0	0.0
351	1.0	6.0	0.0	5.0	4.666	13.334	4.0
352	1.0	0.0	1.0	0.0	0.3330000000000002	2.667	1.0
353	0.0	0.0	0.0	0.0	0.0	0.0	0.0
354	4.0	0.0	4.0	0.0	4.0	8.0	4.0
355	1.0	2.0	1.0	2.0	2.0	4.0	2.0
356	1.0	0.0	0.0	0.0	0.3330000000000002	2.667	0.0
357	0.0	0.0	0.0	0.0	0.0	0.0	0.0
358	2.0	1.0	1.0	1.0	2.0	4.0	1.0
359	2.0	1.0	1.0	1.0	3.8	5.2	2.0
360	1.0	0.0	1.0	0.0	1.0	2.0	1.0
361	2.0	2.0	2.0	0.0	3.0	6.0	2.0
362	1.0	2.0	1.0	2.0	1.3330000000000002	4.667	2.0
363	4.0	2.0	2.0	2.0	4.333	10.667	3.0
364	3.0	1.0	3.0	1.0	4.0	8.0	4.0
365	1.0	2.0	1.0	2.0	1.3330000000000002	4.667	2.0
366	1.0	1.0	1.0	1.0	2.0	4.0	2.0
367	1.0	0.0	0.0	0.0	0.6680000000000001	2.332	0.0
368	3.0	2.0	1.0	2.0	3.0	6.0	1.0
369	2.0	3.0	1.0	3.0	2.333	6.667	2.0
370	4.0	2.0	3.0	1.0	5.0	10.0	3.0
371	1.0	1.0	0.0	1.0	1.3330000000000002	4.667	1.0
372	1.0	0.0	1.0	0.0	1.0	2.0	1.0
373	1.0	0.0	1.0	0.0	1.0	2.0	1.0
374	1.0	1.0	1.0	1.0	1.3330000000000002	4.667	2.0
375	0.0	0.0	0.0	0.0	0.0	0.0	0.0
376	1.0	0.0	1.0	0.0	1.0	2.0	1.0
377	0.0	0.0	0.0	0.0	0.0	0.0	0.0
378	3.0	0.0	3.0	0.0	3.0	6.0	3.0
379	2.0	0.0	1.0	0.0	2.0	4.0	1.0
380	0.0	0.0	0.0	0.0	0.0	0.0	0.0
381	1.0	0.0	1.0	0.0	0.3330000000000002	2.667	1.0
382	2.0	0.0	1.0	0.0	2.0	4.0	1.0
383	2.0	0.0	2.0	0.0	2.0	4.0	2.0
384	1.0	0.0	1.0	0.0	1.0	2.0	1.0
385	3.0	0.0	1.0	0.0	0.9990000000000006	8.001	1.0
386	1.0	0.0	1.0	0.0	1.0	2.0	1.0
387	1.0	0.0	1.0	0.0	1.0	2.0	1.0
388	2.0	0.0	1.0	0.0	2.0	4.0	1.0
389	3.0	0.0	2.0	0.0	3.0	6.0	2.0
390	2.0	0.0	1.0	0.0	0.6660000000000004	5.334	1.0
391	4.0	1.0	3.0	1.0	4.0	8.0	3.0
392	2.0	0.0	2.0	0.0	2.0	4.0	2.0
393	1.0	0.0	0.0	0.0	0.3330000000000002	2.667	0.0
394	2.0	0.0	1.0	0.0	0.6660000000000004	5.334	1.0
395	0.0	1.0	0.0	1.0	0.3330000000000002	2.667	1.0
396	2.0	1.0	1.0	1.0	2.333	6.667	2.0
397	3.0	0.0	1.0	0.0	3.0	6.0	1.0
398	2.0	0.0	2.0	0.0	2.0	4.0	2.0
399	3.0	2.0	2.0	2.0	3.668	8.332	3.0
400	0.0	3.0	0.0	3.0	1.3330000000000002	4.667	2.0
401	2.0	0.0	2.0	0.0	2.0	4.0	2.0
402	1.0	0.0	1.0	0.0	0.3330000000000002	2.667	1.0
403	2.0	2.0	2.0	2.0	2.6660000000000004	9.334	4.0
404	1.0	1.0	1.0	1.0	2.0	4.0	2.0
405	0.0	0.0	0.0	0.0	0.0	0.0	0.0
406	2.0	0.0	2.0	0.0	2.0	4.0	2.0
407	2.0	1.0	1.0	1.0	2.3360000000000003	6.664	2.0
408	0.0	0.0	0.0	0.0	0.0	0.0	0.0
409	2.0	0.0	1.0	0.0	2.4	3.6	1.0
410	4.0	0.0	4.0	0.0	2.668	6.332	3.0
411	3.0	0.0	3.0	0.0	3.0	6.0	3.0
412	3.0	3.0	2.0	3.0	4.0	8.0	3.0
413	1.0	2.0	1.0	2.0	2.0	4.0	2.0
414	3.0	4.0	2.0	3.0	4.333	10.667	3.0
415	2.0	3.0	1.0	3.0	5.0	10.0	4.0
416	1.0	2.0	1.0	2.0	2.0	4.0	2.0
417	3.0	2.0	2.0	2.0	2.333	6.667	2.0
418	2.0	0.0	1.0	0.0	2.0	4.0	1.0
419	1.0	0.0	0.0	0.0	0.3330000000000002	2.667	0.0
420	3.0	1.0	1.0	1.0	3.668	8.332	2.0
421	0.0	0.0	0.0	0.0	0.0	0.0	0.0
422	3.0	0.0	2.0	0.0	3.0	6.0	2.0
423	2.0	0.0	0.0	0.0	2.0	4.0	0.0
424	3.0	2.0	1.0	2.0	2.333	6.667	1.0
425	2.0	0.0	0.0	0.0	0.6660000000000004	5.334	0.0
426	3.0	0.0	2.0	0.0	2.0040000000000004	6.9959999999999996	2.0
427	3.0	2.0	1.0	2.0	3.668	8.332	2.0
428	1.0	2.0	1.0	2.0	2.0	4.0	2.0
429	3.0	0.0	1.0	0.0	0.9990000000000006	8.001	1.0
430	2.0	1.0	1.0	1.0	3.0	6.0	2.0
431	2.0	2.0	2.0	2.0	1.6680000000000001	4.332	2.0
432	1.0	0.0	0.0	0.0	0.3330000000000002	2.667	0.0
433	1.0	0.0	0.0	0.0	0.3330000000000002	2.667	0.0
434	0.0	0.0	0.0	0.0	0.0	0.0	0.0
435	2.0	2.0	1.0	2.0	1.6660000000000004	7.334	2.0
436	3.0	0.0	2.0	0.0	3.0	6.0	2.0
437	0.0	2.0	0.0	2.0	0.0	6.0	2.0
438	1.0	1.0	1.0	1.0	1.0010000000000003	4.999	2.0
439	0.0	0.0	0.0	0.0	0.0	0.0	0.0
440	3.0	2.0	2.0	1.0	4.336	10.664	3.0
441	3.0	0.0	2.0	0.0	3.4	5.6	2.0
442	1.0	2.0	1.0	2.0	1.3330000000000002	4.667	2.0
443	0.0	1.0	0.0	1.0	1.0	2.0	1.0
444	3.0	2.0	2.0	1.0	3.668	8.332	2.0
445	0.0	0.0	0.0	0.0	0.0	0.0	0.0
