pos	Sd	Nd	Sd_tip	Nd_tip	S	N	comparisons
001	0.0	0.0	0.0	0.0	0.0	0.0	0.0
002	0.0	0.0	0.0	0.0	0.0	0.0	0.0
003	0.0	0.0	0.0	0.0	0.0	0.0	0.0
004	0.0	0.0	0.0	0.0	0.0	0.0	0.0
005	0.0	0.0	0.0	0.0	0.0	0.0	0.0
006	0.0	2.0	0.0	2.0	0.3330000000000002	2.667	1.0
007	2.0	2.0	1.0	1.0	4.0	8.0	2.0
008	1.0	4.0	0.0	3.0	3.0010000000000003	8.998999999999999	2.0
009	2.0	5.0	1.0	5.0	4.6690000000000005	13.331	5.0
010	1.0	1.0	1.0	1.0	0.6660000000000004	5.334	2.0
011	1.0	1.0	1.0	1.0	2.0	4.0	2.0
012	2.0	2.0	2.0	2.0	2.0	4.0	2.0
013	2.0	3.0	1.0	2.0	4.336	10.664000000000001	3.0
014	0.0	0.0	0.0	0.0	0.0	0.0	0.0
015	1.0	0.0	1.0	0.0	0.3330000000000002	2.667	1.0
016	3.0	0.0	3.0	0.0	2.3360000000000003	6.664	3.0
017	3.0	0.0	2.0	0.0	3.0	6.0	2.0
018	4.0	0.0	3.0	0.0	4.0	8.0	3.0
019	2.0	0.0	1.0	0.0	2.0	4.0	1.0
020	3.0	0.0	2.0	0.0	3.0	6.0	2.0
021	2.0	0.0	1.0	0.0	0.6660000000000004	5.334	1.0
022	3.0	1.0	3.0	1.0	2.668	6.332	3.0
023	0.0	1.0	0.0	1.0	0.3330000000000002	2.667	1.0
024	2.0	0.0	2.0	0.0	2.0	4.0	2.0
025	2.0	1.0	1.0	1.0	2.333	6.667	2.0
026	1.0	3.0	0.0	2.0	2.668	6.332	2.0
027	3.0	0.0	2.0	0.0	3.0	6.0	2.0
028	1.0	0.0	1.0	0.0	0.3330000000000002	2.667	1.0
029	0.0	0.0	0.0	0.0	0.0	0.0	0.0
030	3.0	0.0	1.0	0.0	0.9990000000000006	8.001	1.0
031	3.0	1.0	2.0	1.0	2.333	6.667	2.0
032	3.0	2.0	2.0	2.0	1.9990000000000006	10.001	3.0
033	2.0	0.0	2.0	0.0	2.0	4.0	2.0
034	3.0	1.0	2.0	1.0	4.4	7.6	3.0
035	2.0	0.0	1.0	0.0	2.0	4.0	1.0
036	1.0	0.0	1.0	0.0	1.0	2.0	1.0
037	1.0	1.0	1.0	1.0	0.6660000000000004	5.334	2.0
038	1.0	0.0	1.0	0.0	1.0	2.0	1.0
039	4.0	0.0	2.0	0.0	4.0	8.0	2.0
040	1.0	1.0	1.0	1.0	0.6660000000000004	5.334	2.0
041	0.0	0.0	0.0	0.0	0.0	0.0	0.0
042	1.0	0.0	1.0	0.0	0.3330000000000002	2.667	1.0
043	3.0	1.0	3.0	1.0	2.3360000000000003	6.664	3.0
044	1.0	2.0	1.0	2.0	1.3330000000000002	4.667	2.0
045	3.0	0.0	2.0	0.0	3.8	5.2	2.0
046	0.0	0.0	0.0	0.0	0.0	0.0	0.0
047	2.0	2.0	2.0	2.0	2.0	4.0	2.0
048	3.0	0.0	1.0	0.0	3.0	6.0	1.0
049	0.0	0.0	0.0	0.0	0.0	0.0	0.0
050	3.0	1.0	1.0	1.0	3.0	6.0	1.0
051	2.0	4.0	1.0	2.0	1.3320000000000007	10.668	1.0
052	0.0	1.0	0.0	1.0	0.3330000000000002	2.667	1.0
053	3.0	3.0	3.0	2.0	2.9990000000000006	12.001	4.0
054	2.0	1.0	1.0	1.0	1.3330000000000002	4.667	1.0
055	2.0	0.0	0.0	0.0	2.0	4.0	0.0
056	3.0	0.0	1.0	0.0	2.0040000000000004	6.9959999999999996	1.0
057	2.0	5.0	1.0	3.0	7.0	14.0	4.0
058	2.0	4.0	0.0	4.0	6.0	12.0	4.0
059	2.0	2.0	2.0	1.0	2.736	6.263999999999999	2.0
060	2.0	0.0	2.0	0.0	1.6680000000000001	4.332	2.0
061	1.0	0.0	0.0	0.0	0.3330000000000002	2.667	0.0
062	2.0	1.0	1.0	1.0	2.333	6.667	2.0
063	2.0	0.0	2.0	0.0	0.6660000000000004	5.334	2.0
064	2.0	0.0	1.0	0.0	0.6660000000000004	5.334	1.0
065	0.0	2.0	0.0	2.0	0.6660000000000004	5.334	2.0
066	3.0	1.0	1.0	1.0	3.0	6.0	1.0
067	2.0	0.0	2.0	0.0	2.0	4.0	2.0
068	2.0	0.0	2.0	0.0	0.6660000000000004	5.334	2.0
069	3.0	2.0	2.0	2.0	4.0	8.0	3.0
070	1.0	0.0	1.0	0.0	1.0	2.0	1.0
071	1.0	0.0	1.0	0.0	0.3330000000000002	2.667	1.0
072	3.0	0.0	2.0	0.0	0.9990000000000006	8.001	2.0
073	4.0	0.0	1.0	0.0	4.468	7.532	1.0
074	2.0	1.0	1.0	1.0	3.0	6.0	2.0
075	0.0	1.0	0.0	1.0	1.0	2.0	1.0
076	2.0	2.0	2.0	1.0	4.0	8.0	3.0
077	1.0	4.0	1.0	2.0	1.6660000000000004	7.334	2.0
078	2.0	0.0	2.0	0.0	2.0	4.0	2.0
079	2.0	1.0	2.0	1.0	1.3330000000000002	4.667	2.0
080	0.0	1.0	0.0	1.0	0.3330000000000002	2.667	1.0
081	0.0	0.0	0.0	0.0	0.0	0.0	0.0
082	1.0	3.0	0.0	3.0	1.6670000000000007	10.332999999999998	3.0
083	1.0	2.0	0.0	2.0	2.733	6.2669999999999995	2.0
084	1.0	1.0	1.0	0.0	1.3360000000000003	4.664	1.0
085	0.0	1.0	0.0	0.0	0.6680000000000001	2.332	0.0
086	1.0	0.0	1.0	0.0	0.3330000000000002	2.667	1.0
087	2.0	0.0	2.0	0.0	2.0	4.0	2.0
088	3.0	0.0	2.0	0.0	3.0	6.0	2.0
089	2.0	0.0	1.0	0.0	0.6660000000000004	5.334	1.0
090	0.0	0.0	0.0	0.0	0.0	0.0	0.0
091	1.0	1.0	1.0	1.0	0.6660000000000004	5.334	2.0
092	2.0	0.0	2.0	0.0	2.0	4.0	2.0
093	2.0	0.0	1.0	0.0	2.4	3.6	1.0
094	1.0	1.0	1.0	1.0	0.6680000000000001	2.332	1.0
095	1.0	2.0	1.0	1.0	3.068	5.932	2.0
096	0.0	0.0	0.0	0.0	0.0	0.0	0.0
097	2.0	2.0	1.0	1.0	2.333	6.667	1.0
098	1.0	0.0	1.0	0.0	1.0	2.0	1.0
099	0.0	1.0	0.0	1.0	0.3330000000000002	2.667	1.0
100	2.0	1.0	2.0	1.0	2.0	4.0	2.0
101	1.0	2.0	0.0	2.0	0.6660000000000004	5.334	1.0
102	0.0	2.0	0.0	1.0	0.6660000000000004	5.334	1.0
103	1.0	2.0	1.0	2.0	1.0	2.0	1.0
104	1.0	3.0	0.0	3.0	2.333	6.667	2.0
105	2.0	1.0	2.0	1.0	2.0	4.0	2.0
106	3.0	1.0	2.0	1.0	0.9990000000000006	8.001	2.0
107	0.0	0.0	0.0	0.0	0.0	0.0	0.0
108	2.0	3.0	2.0	1.0	3.668	8.332	2.0
109	2.0	0.0	1.0	0.0	0.6660000000000004	5.334	1.0
110	3.0	0.0	3.0	0.0	3.0	6.0	3.0
111	1.0	4.0	0.0	3.0	3.736	11.264	3.0
112	2.0	3.0	2.0	2.0	1.9990000000000006	10.001	3.0
113	0.0	3.0	0.0	2.0	0.9990000000000006	8.001	2.0
114	0.0	0.0	0.0	0.0	0.0	0.0	0.0
115	3.0	2.0	2.0	1.0	4.0	11.0	3.0
116	1.0	0.0	1.0	0.0	1.0	2.0	1.0
117	3.0	0.0	1.0	0.0	3.0	6.0	1.0
118	3.0	1.0	3.0	1.0	3.668	8.332	4.0
119	0.0	0.0	0.0	0.0	0.0	0.0	0.0
120	3.0	2.0	2.0	2.0	1.9990000000000006	10.001	3.0
121	1.0	0.0	1.0	0.0	0.6680000000000001	2.332	1.0
122	3.0	0.0	1.0	0.0	3.0	6.0	1.0
123	1.0	0.0	0.0	0.0	0.6680000000000001	2.332	0.0
124	4.0	0.0	2.0	0.0	1.6680000000000001	4.332	1.0
125	1.0	3.0	1.0	1.0	1.9990000000000006	10.001	2.0
126	3.0	0.0	1.0	0.0	3.0	6.0	1.0
127	1.0	2.0	1.0	2.0	0.6660000000000004	5.334	2.0
128	2.0	4.0	1.0	4.0	3.000000000000001	15.0	5.0
129	3.0	5.0	1.0	4.0	4.333	10.667	3.0
130	3.0	3.0	2.0	2.0	6.0	12.0	4.0
131	1.0	1.0	0.0	1.0	1.3330000000000002	4.667	1.0
132	1.0	2.0	1.0	2.0	1.3330000000000002	4.667	2.0
133	2.0	3.0	2.0	3.0	2.333	6.667	3.0
134	2.0	1.0	1.0	1.0	2.333	6.667	2.0
135	2.0	1.0	2.0	1.0	1.6680000000000001	4.332	2.0
136	2.0	0.0	1.0	0.0	2.0	4.0	1.0
137	2.0	1.0	2.0	1.0	2.0	4.0	2.0
138	2.0	0.0	2.0	0.0	2.0	4.0	2.0
139	1.0	0.0	1.0	0.0	1.0	2.0	1.0
140	1.0	0.0	1.0	0.0	1.0	2.0	1.0
141	2.0	0.0	1.0	0.0	0.6660000000000004	5.334	1.0
142	1.0	0.0	0.0	0.0	1.0	2.0	0.0
143	1.0	1.0	1.0	1.0	1.6680000000000001	4.332	2.0
144	1.0	1.0	1.0	1.0	1.0010000000000003	4.999	2.0
145	2.0	1.0	2.0	1.0	1.0	2.0	1.0
146	1.0	1.0	1.0	1.0	1.0	2.0	1.0
147	0.0	0.0	0.0	0.0	0.0	0.0	0.0
148	3.0	3.0	1.0	2.0	2.3320000000000007	12.668	2.0
149	1.0	3.0	1.0	2.0	2.6660000000000004	9.334	3.0
150	4.0	2.0	3.0	2.0	3.333	8.667	3.0
151	2.0	5.0	1.0	3.0	5.668	12.332	4.0
152	1.0	0.0	0.0	0.0	1.0	2.0	0.0
153	1.0	2.0	0.0	2.0	2.333	6.667	2.0
154	2.0	0.0	1.0	0.0	2.4	3.6	1.0
155	1.0	2.0	1.0	1.0	2.733	6.2669999999999995	2.0
156	4.0	0.0	3.0	0.0	4.068	7.932	3.0
157	2.0	1.0	2.0	1.0	2.4	3.6	2.0
158	2.0	2.0	1.0	2.0	0.6660000000000004	5.334	1.0
159	0.0	0.0	0.0	0.0	0.0	0.0	0.0
160	0.0	0.0	0.0	0.0	0.0	0.0	0.0
161	1.0	0.0	1.0	0.0	0.3330000000000002	2.667	1.0
162	1.0	2.0	1.0	1.0	2.0	4.0	1.0
163	4.0	3.0	1.0	1.0	2.6660000000000004	9.334	1.0
164	2.0	0.0	2.0	0.0	2.0	4.0	2.0
165	2.0	2.0	1.0	2.0	2.0020000000000007	9.998	3.0
166	1.0	1.0	1.0	1.0	0.6660000000000004	5.334	2.0
167	0.0	0.0	0.0	0.0	0.0	0.0	0.0
168	3.0	0.0	3.0	0.0	3.0	6.0	3.0
169	4.0	0.0	2.0	0.0	2.3360000000000003	6.664	2.0
170	2.0	2.0	1.0	2.0	1.6660000000000004	7.334	2.0
171	2.0	0.0	1.0	0.0	1.6680000000000001	4.332	1.0
172	4.0	1.0	3.0	1.0	4.0	8.0	3.0
173	1.0	0.0	1.0	0.0	1.0	2.0	1.0
174	3.0	1.0	1.0	1.0	2.333	6.667	1.0
175	3.0	2.0	0.0	2.0	5.0	10.0	2.0
176	3.0	0.0	3.0	0.0	2.668	6.332	3.0
177	1.0	0.0	1.0	0.0	0.3330000000000002	2.667	1.0
178	0.0	3.0	0.0	2.0	0.9990000000000006	8.001	2.0
179	3.0	2.0	2.0	2.0	3.333	8.667	3.0
180	0.0	2.0	0.0	2.0	1.3330000000000002	4.667	2.0
181	3.0	0.0	1.0	0.0	0.9990000000000006	8.001	1.0
182	1.0	0.0	1.0	0.0	1.0	2.0	1.0
183	1.0	3.0	0.0	3.0	2.6660000000000004	9.334	3.0
184	3.0	0.0	1.0	0.0	3.0	6.0	1.0
185	3.0	0.0	1.0	0.0	3.8	5.2	1.0
186	2.0	0.0	1.0	0.0	2.0	4.0	1.0
187	3.0	1.0	3.0	1.0	4.0	8.0	4.0
188	3.0	0.0	2.0	0.0	3.0	6.0	2.0
189	3.0	0.0	1.0	0.0	3.0	6.0	1.0
190	1.0	0.0	1.0	0.0	1.0	2.0	1.0
191	1.0	1.0	1.0	1.0	1.0010000000000003	4.999	2.0
192	3.0	2.0	2.0	2.0	3.333	8.667	3.0
193	1.0	3.0	0.0	2.0	2.0020000000000007	9.998	2.0
194	1.0	2.0	0.0	1.0	2.3360000000000003	6.664	1.0
195	2.0	0.0	2.0	0.0	0.6660000000000004	5.334	2.0
196	2.0	0.0	2.0	0.0	1.3360000000000003	4.664	2.0
197	3.0	2.0	2.0	2.0	1.3320000000000007	10.668	3.0
198	3.0	0.0	3.0	0.0	3.0	6.0	3.0
199	0.0	0.0	0.0	0.0	0.0	0.0	0.0
200	3.0	2.0	1.0	2.0	5.0	10.0	3.0
201	2.0	3.0	2.0	2.0	3.333	8.667	3.0
202	2.0	4.0	2.0	2.0	4.0	8.0	2.0
203	2.0	1.0	2.0	1.0	1.3330000000000002	4.667	2.0
204	1.0	2.0	0.0	1.0	1.6660000000000004	7.334	1.0
205	3.0	2.0	2.0	2.0	5.0	10.0	4.0
206	4.0	2.0	2.0	2.0	6.468	11.532	4.0
207	0.0	2.0	0.0	1.0	0.6660000000000004	5.334	1.0
208	0.0	0.0	0.0	0.0	0.0	0.0	0.0
209	2.0	2.0	1.0	1.0	1.9990000000000006	10.001	2.0
210	4.0	0.0	4.0	0.0	4.4	7.6	4.0
211	1.0	0.0	1.0	0.0	0.3330000000000002	2.667	1.0
212	2.0	0.0	0.0	0.0	2.0	4.0	0.0
213	4.0	0.0	3.0	0.0	4.0	8.0	3.0
214	3.0	1.0	1.0	0.0	3.468	8.532	1.0
215	3.0	1.0	2.0	1.0	3.0	6.0	2.0
216	0.0	0.0	0.0	0.0	0.0	0.0	0.0
217	1.0	0.0	1.0	0.0	0.3330000000000002	2.667	1.0
218	2.0	0.0	1.0	0.0	0.6660000000000004	5.334	1.0
219	2.0	0.0	2.0	0.0	2.0	4.0	2.0
220	0.0	0.0	0.0	0.0	0.0	0.0	0.0
221	1.0	1.0	0.0	1.0	0.6680000000000001	5.332	1.0
222	2.0	0.0	2.0	0.0	2.0	4.0	2.0
223	2.0	0.0	2.0	0.0	2.0	4.0	2.0
224	3.0	0.0	3.0	0.0	2.668	6.332	3.0
225	1.0	1.0	1.0	1.0	0.6660000000000004	5.334	2.0
226	1.0	0.0	1.0	0.0	0.3330000000000002	2.667	1.0
227	2.0	0.0	1.0	0.0	2.0	4.0	1.0
228	0.0	0.0	0.0	0.0	0.0	0.0	0.0
229	1.0	0.0	1.0	0.0	0.3330000000000002	2.667	1.0
230	0.0	4.0	0.0	3.0	2.3340000000000005	9.666	3.0
231	1.0	3.0	0.0	2.0	3.333	8.667	2.0
232	1.0	4.0	1.0	3.0	2.6660000000000004	9.334	3.0
233	3.0	3.0	1.0	1.0	5.0	10.0	2.0
234	2.0	2.0	1.0	2.0	1.3320000000000007	10.668	3.0
235	0.0	0.0	0.0	0.0	0.0	0.0	0.0
236	2.0	0.0	1.0	0.0	0.6660000000000004	5.334	1.0
237	4.0	1.0	3.0	1.0	4.736000000000001	10.264	4.0
238	3.0	0.0	2.0	0.0	3.0	6.0	2.0
239	4.0	0.0	3.0	0.0	4.4	7.6	3.0
240	2.0	0.0	0.0	0.0	2.0	4.0	0.0
241	2.0	0.0	1.0	0.0	2.0	4.0	1.0
242	2.0	0.0	1.0	0.0	2.0	4.0	1.0
243	1.0	0.0	0.0	0.0	0.3330000000000002	2.667	0.0
244	0.0	0.0	0.0	0.0	0.0	0.0	0.0
245	2.0	0.0	1.0	0.0	0.6660000000000004	5.334	1.0
246	1.0	0.0	1.0	0.0	0.3330000000000002	2.667	1.0
247	0.0	0.0	0.0	0.0	0.0	0.0	0.0
248	0.0	0.0	0.0	0.0	0.0	0.0	0.0
249	6.0	0.0	4.0	0.0	4.668	10.332	3.0
250	3.0	0.0	2.0	0.0	3.8	5.2	2.0
251	0.0	0.0	0.0	0.0	0.0	0.0	0.0
252	1.0	0.0	1.0	0.0	1.0	2.0	1.0
253	2.0	0.0	0.0	0.0	2.0	4.0	0.0
254	2.0	0.0	2.0	0.0	0.6660000000000004	5.334	2.0
255	3.0	2.0	3.0	1.0	2.0010000000000003	6.999	2.0
256	0.0	0.0	0.0	0.0	0.0	0.0	0.0
257	0.0	3.0	0.0	2.0	0.9990000000000006	8.001	2.0
258	1.0	1.0	0.0	1.0	0.6660000000000004	5.334	1.0
259	3.0	0.0	2.0	0.0	3.068	5.932	2.0
260	2.0	0.0	1.0	0.0	2.0	4.0	1.0
261	2.0	1.0	1.0	1.0	3.0	6.0	2.0
262	1.0	1.0	1.0	1.0	0.0	3.0	1.0
263	3.0	1.0	2.0	1.0	4.0	8.0	3.0
264	2.0	3.0	1.0	2.0	2.333	6.667	2.0
265	0.0	0.0	0.0	0.0	0.0	0.0	0.0
266	1.0	2.0	1.0	2.0	1.3330000000000002	4.667	2.0
267	2.0	1.0	1.0	1.0	2.0	4.0	1.0
268	2.0	0.0	1.0	0.0	0.6660000000000004	5.334	1.0
269	2.0	0.0	1.0	0.0	2.0	4.0	1.0
270	1.0	2.0	1.0	2.0	1.6680000000000001	4.332	2.0
271	3.0	1.0	3.0	1.0	1.6660000000000004	7.334	3.0
272	2.0	1.0	1.0	1.0	2.333	6.667	2.0
273	2.0	0.0	2.0	0.0	2.0	4.0	2.0
274	3.0	1.0	2.0	1.0	1.3320000000000007	10.668	3.0
275	4.0	0.0	2.0	0.0	3.068	5.932	1.0
276	3.0	0.0	3.0	0.0	3.0	6.0	3.0
277	2.0	0.0	0.0	0.0	2.0	4.0	0.0
278	3.0	2.0	1.0	1.0	2.335000000000001	12.665	2.0
279	3.0	0.0	2.0	0.0	3.0	6.0	2.0
280	3.0	0.0	2.0	0.0	3.0	6.0	2.0
281	2.0	1.0	0.0	1.0	3.0	6.0	1.0
282	0.0	0.0	0.0	0.0	0.0	0.0	0.0
283	1.0	0.0	1.0	0.0	0.3330000000000002	2.667	1.0
284	2.0	0.0	2.0	0.0	2.0	4.0	2.0
285	2.0	0.0	2.0	0.0	0.6660000000000004	5.334	2.0
286	5.0	0.0	4.0	0.0	5.0	10.0	4.0
287	3.0	0.0	2.0	0.0	3.4	5.6	2.0
288	3.0	0.0	2.0	0.0	0.9990000000000006	8.001	2.0
289	3.0	1.0	1.0	1.0	3.333	8.667	2.0
290	2.0	3.0	2.0	2.0	4.333	10.667	4.0
291	2.0	3.0	2.0	2.0	4.333	10.667	4.0
292	2.0	0.0	2.0	0.0	0.6660000000000004	5.334	2.0
293	1.0	1.0	1.0	1.0	1.3330000000000002	4.667	2.0
294	2.0	0.0	1.0	0.0	0.6660000000000004	5.334	1.0
295	0.0	0.0	0.0	0.0	0.0	0.0	0.0
296	1.0	1.0	1.0	1.0	1.6680000000000001	4.332	2.0
297	3.0	0.0	3.0	0.0	3.0	6.0	3.0
298	1.0	0.0	1.0	0.0	0.3330000000000002	2.667	1.0
299	2.0	0.0	1.0	0.0	0.6660000000000004	5.334	1.0
300	3.0	0.0	2.0	0.0	3.0	6.0	2.0
301	2.0	0.0	1.0	0.0	2.4	3.6	1.0
302	3.0	0.0	1.0	0.0	3.8	5.2	1.0
303	5.0	0.0	3.0	0.0	5.136	9.864	3.0
304	1.0	0.0	1.0	0.0	1.0	2.0	1.0
305	1.0	0.0	1.0	0.0	0.3330000000000002	2.667	1.0
306	2.0	0.0	0.0	0.0	0.6660000000000004	5.334	0.0
307	1.0	0.0	1.0	0.0	0.3330000000000002	2.667	1.0
308	0.0	0.0	0.0	0.0	0.0	0.0	0.0
309	0.0	0.0	0.0	0.0	0.0	0.0	0.0
310	0.0	0.0	0.0	0.0	0.0	0.0	0.0
311	0.0	0.0	0.0	0.0	0.0	0.0	0.0
312	1.0	0.0	1.0	0.0	1.0	2.0	1.0
313	2.0	1.0	2.0	1.0	1.3340000000000005	7.6659999999999995	3.0
314	0.0	0.0	0.0	0.0	0.0	0.0	0.0
315	0.0	1.0	0.0	1.0	0.3330000000000002	2.667	1.0
316	3.0	4.0	1.0	4.0	5.0	10.0	3.0
317	3.0	3.0	1.0	3.0	3.333	8.667	2.0
318	0.0	3.0	0.0	1.0	0.9990000000000006	8.001	1.0
319	0.0	0.0	0.0	0.0	0.0	0.0	0.0
320	0.0	0.0	0.0	0.0	0.0	0.0	0.0
321	0.0	0.0	0.0	0.0	0.0	0.0	0.0
322	0.0	0.0	0.0	0.0	0.0	0.0	0.0
323	0.0	0.0	0.0	0.0	0.0	0.0	0.0
324	0.0	0.0	0.0	0.0	0.0	0.0	0.0
325	0.0	0.0	0.0	0.0	0.0	0.0	0.0
326	0.0	0.0	0.0	0.0	0.0	0.0	0.0
327	0.0	0.0	0.0	0.0	0.0	0.0	0.0
328	1.0	6.0	1.0	5.0	2.6670000000000007	12.333	4.0
329	2.0	2.0	2.0	2.0	1.3330000000000002	4.667	2.0
330	3.0	0.0	2.0	0.0	3.8	5.2	2.0
331	2.0	0.0	1.0	0.0	0.6660000000000004	5.334	1.0
332	1.0	0.0	0.0	0.0	1.4	1.6	0.0
333	4.0	0.0	2.0	0.0	4.136	7.863999999999999	2.0
334	2.0	1.0	1.0	1.0	3.0	6.0	2.0
335	4.0	4.0	1.0	2.0	7.0	14.0	2.0
336	2.0	0.0	2.0	0.0	2.0	4.0	2.0
337	2.0	0.0	1.0	0.0	2.0	4.0	1.0
338	1.0	0.0	1.0	0.0	0.3330000000000002	2.667	1.0
339	1.0	0.0	1.0	0.0	0.3330000000000002	2.667	1.0
340	3.0	0.0	3.0	0.0	3.0	6.0	3.0
341	0.0	0.0	0.0	0.0	0.0	0.0	0.0
342	1.0	0.0	1.0	0.0	1.0	2.0	1.0
343	0.0	1.0	0.0	1.0	0.6680000000000001	2.332	1.0
344	0.0	0.0	0.0	0.0	0.0	0.0	0.0
345	1.0	0.0	1.0	0.0	0.3330000000000002	2.667	1.0
346	3.0	0.0	2.0	0.0	3.0	6.0	2.0
347	2.0	0.0	1.0	0.0	0.6660000000000004	5.334	1.0
348	2.0	3.0	1.0	2.0	4.333	10.667	3.0
349	2.0	2.0	1.0	1.0	3.0	6.0	1.0
350	3.0	0.0	3.0	0.0	3.0	6.0	3.0
351	1.0	0.0	1.0	0.0	1.0	2.0	1.0
352	0.0	0.0	0.0	0.0	0.0	0.0	0.0
353	0.0	0.0	0.0	0.0	0.0	0.0	0.0
354	2.0	0.0	0.0	0.0	2.0	4.0	0.0
355	0.0	0.0	0.0	0.0	0.0	0.0	0.0
356	0.0	0.0	0.0	0.0	0.0	0.0	0.0
357	3.0	1.0	3.0	1.0	3.0	6.0	3.0
358	3.0	0.0	1.0	0.0	2.668	6.332	1.0
359	3.0	0.0	2.0	0.0	3.4	5.6	2.0
360	1.0	0.0	0.0	0.0	1.0	2.0	0.0
361	1.0	1.0	1.0	1.0	0.6660000000000004	5.334	2.0
362	2.0	0.0	2.0	0.0	1.3360000000000003	4.664	2.0
363	0.0	0.0	0.0	0.0	0.0	0.0	0.0
364	3.0	0.0	3.0	0.0	2.0	4.0	2.0
365	1.0	0.0	1.0	0.0	0.3330000000000002	2.667	1.0
366	0.0	0.0	0.0	0.0	0.0	0.0	0.0
367	2.0	0.0	2.0	0.0	2.0	4.0	2.0
368	2.0	0.0	1.0	0.0	2.0	4.0	1.0
369	2.0	0.0	0.0	0.0	2.0	4.0	0.0
370	1.0	0.0	1.0	0.0	1.0	2.0	1.0
371	0.0	0.0	0.0	0.0	0.0	0.0	0.0
372	1.0	0.0	1.0	0.0	1.0	2.0	1.0
373	1.0	0.0	1.0	0.0	1.0	2.0	1.0
374	0.0	0.0	0.0	0.0	0.0	0.0	0.0
375	1.0	0.0	1.0	0.0	0.6680000000000001	2.332	1.0
376	1.0	0.0	1.0	0.0	1.0	2.0	1.0
377	2.0	0.0	2.0	0.0	2.0	4.0	2.0
378	0.0	0.0	0.0	0.0	0.0	0.0	0.0
379	0.0	0.0	0.0	0.0	0.0	0.0	0.0
380	1.0	0.0	1.0	0.0	1.0	2.0	1.0
381	3.0	0.0	2.0	0.0	3.0	6.0	2.0
382	4.0	0.0	2.0	0.0	4.8	7.2	2.0
383	0.0	0.0	0.0	0.0	0.0	0.0	0.0
384	2.0	2.0	1.0	2.0	4.0	8.0	3.0
385	2.0	0.0	1.0	0.0	2.0	4.0	1.0
386	1.0	0.0	1.0	0.0	0.3330000000000002	2.667	1.0
387	1.0	0.0	1.0	0.0	1.0	2.0	1.0
388	0.0	1.0	0.0	1.0	0.3330000000000002	2.667	1.0
389	3.0	0.0	2.0	0.0	3.0	6.0	2.0
390	3.0	0.0	2.0	0.0	3.0	6.0	2.0
391	2.0	0.0	2.0	0.0	2.0	4.0	2.0
392	2.0	0.0	1.0	0.0	0.6660000000000004	5.334	1.0
393	0.0	0.0	0.0	0.0	0.0	0.0	0.0
394	0.0	0.0	0.0	0.0	0.0	0.0	0.0
395	3.0	0.0	0.0	0.0	3.0	6.0	0.0
396	2.0	0.0	2.0	0.0	2.0	4.0	2.0
397	2.0	0.0	1.0	0.0	2.0	4.0	1.0
398	0.0	0.0	0.0	0.0	0.0	0.0	0.0
399	0.0	0.0	0.0	0.0	0.0	0.0	0.0
400	3.0	0.0	1.0	0.0	1.3360000000000003	4.664	1.0
401	4.0	0.0	4.0	0.0	2.668	6.332	3.0
402	0.0	0.0	0.0	0.0	0.0	0.0	0.0
403	2.0	0.0	1.0	0.0	2.0	4.0	1.0
404	0.0	2.0	0.0	2.0	0.0	3.0	1.0
405	0.0	5.0	0.0	3.0	1.3320000000000007	10.668	2.0
406	1.0	2.0	0.0	2.0	0.9990000000000006	8.001	2.0
407	0.0	1.0	0.0	1.0	1.0	2.0	1.0
408	4.0	0.0	3.0	0.0	2.668	6.332	2.0
409	1.0	1.0	1.0	1.0	1.3330000000000002	4.667	2.0
410	2.0	1.0	1.0	1.0	0.9990000000000006	8.001	2.0
411	0.0	0.0	0.0	0.0	0.0	0.0	0.0
412	1.0	3.0	1.0	3.0	1.9990000000000006	10.001	4.0
413	1.0	0.0	1.0	0.0	1.0	2.0	1.0
414	3.0	0.0	2.0	0.0	3.0	6.0	2.0
415	0.0	2.0	0.0	1.0	2.0	4.0	1.0
416	0.0	1.0	0.0	1.0	1.0	2.0	1.0
417	2.0	1.0	2.0	0.0	2.668	6.332	2.0
418	2.0	2.0	0.0	2.0	3.333	8.667	2.0
419	2.0	0.0	2.0	0.0	2.0	4.0	2.0
420	2.0	0.0	2.0	0.0	0.6660000000000004	5.334	2.0
421	1.0	0.0	0.0	0.0	1.0	2.0	0.0
422	2.0	2.0	2.0	1.0	2.3370000000000006	9.663	3.0
423	1.0	2.0	1.0	2.0	2.333	6.667	3.0
424	1.0	1.0	1.0	1.0	1.6680000000000001	4.332	2.0
425	0.0	0.0	0.0	0.0	0.0	0.0	0.0
426	1.0	0.0	1.0	0.0	1.0	2.0	1.0
427	2.0	0.0	1.0	0.0	1.3360000000000003	4.664	1.0
428	3.0	0.0	3.0	0.0	3.0	6.0	3.0
429	0.0	0.0	0.0	0.0	0.0	0.0	0.0
430	2.0	1.0	2.0	1.0	2.0	4.0	2.0
431	2.0	1.0	1.0	1.0	1.3330000000000002	4.667	1.0
432	2.0	2.0	2.0	2.0	1.9990000000000006	10.001	4.0
433	3.0	0.0	1.0	0.0	3.0	6.0	1.0
434	0.0	1.0	0.0	1.0	0.3330000000000002	2.667	1.0
435	0.0	1.0	0.0	1.0	1.0	2.0	1.0
436	1.0	0.0	1.0	0.0	1.4	1.6	1.0
437	0.0	1.0	0.0	1.0	1.0	2.0	1.0
438	2.0	0.0	1.0	0.0	2.0	4.0	1.0
439	0.0	0.0	0.0	0.0	0.0	0.0	0.0
440	0.0	0.0	0.0	0.0	0.0	0.0	0.0
441	0.0	2.0	0.0	2.0	1.0	2.0	1.0
442	0.0	0.0	0.0	0.0	0.0	0.0	0.0
443	0.0	0.0	0.0	0.0	0.0	0.0	0.0
444	3.0	0.0	1.0	0.0	3.0	6.0	1.0
445	3.0	0.0	3.0	0.0	3.0	6.0	3.0
446	2.0	0.0	2.0	0.0	0.6680000000000001	2.332	1.0
447	1.0	0.0	1.0	0.0	1.4	1.6	1.0
448	1.0	0.0	1.0	0.0	0.3330000000000002	2.667	1.0
449	2.0	2.0	0.0	2.0	4.0	8.0	2.0
450	2.0	1.0	1.0	1.0	2.333	6.667	2.0
451	0.0	0.0	0.0	0.0	0.0	0.0	0.0
452	0.0	1.0	0.0	1.0	0.3330000000000002	2.667	1.0
453	1.0	3.0	0.0	2.0	2.0010000000000003	6.999	2.0
454	2.0	4.0	1.0	3.0	3.6660000000000004	11.334	3.0
455	1.0	4.0	0.0	4.0	2.6660000000000004	9.334	3.0
456	1.0	0.0	0.0	0.0	1.0	2.0	0.0
457	0.0	0.0	0.0	0.0	0.0	0.0	0.0
458	0.0	0.0	0.0	0.0	0.0	0.0	0.0
459	1.0	1.0	0.0	0.0	2.0	4.0	0.0
460	3.0	1.0	2.0	0.0	3.0	6.0	2.0
461	2.0	2.0	1.0	2.0	2.333	6.667	2.0
462	2.0	1.0	2.0	1.0	3.0	6.0	3.0
463	0.0	0.0	0.0	0.0	0.0	0.0	0.0
464	1.0	0.0	1.0	0.0	0.3330000000000002	2.667	1.0
465	2.0	0.0	0.0	0.0	0.6660000000000004	5.334	0.0
466	0.0	0.0	0.0	0.0	0.0	0.0	0.0
467	1.0	0.0	1.0	0.0	1.0	2.0	1.0
468	3.0	0.0	2.0	0.0	2.668	6.332	2.0
469	2.0	0.0	2.0	0.0	2.0	4.0	2.0
470	0.0	0.0	0.0	0.0	0.0	0.0	0.0
471	1.0	0.0	1.0	0.0	0.6680000000000001	2.332	1.0
472	0.0	0.0	0.0	0.0	0.0	0.0	0.0
473	1.0	0.0	1.0	0.0	1.0	2.0	1.0
474	1.0	0.0	1.0	0.0	0.3330000000000002	2.667	1.0
475	0.0	0.0	0.0	0.0	0.0	0.0	0.0
476	1.0	0.0	0.0	0.0	1.0	2.0	0.0
477	0.0	0.0	0.0	0.0	0.0	0.0	0.0
478	0.0	0.0	0.0	0.0	0.0	0.0	0.0
479	0.0	0.0	0.0	0.0	0.0	0.0	0.0
480	1.0	0.0	1.0	0.0	0.3330000000000002	2.667	1.0
481	2.0	0.0	1.0	0.0	2.0	4.0	1.0
482	1.0	1.0	0.0	1.0	2.4	3.6	1.0
483	1.0	1.0	1.0	1.0	1.0	2.0	1.0
484	3.0	0.0	3.0	0.0	3.0	6.0	3.0
485	2.0	2.0	1.0	1.0	3.0	6.0	1.0
486	1.0	0.0	1.0	0.0	0.3330000000000002	2.667	1.0
487	2.0	0.0	1.0	0.0	0.6660000000000004	5.334	1.0
488	0.0	0.0	0.0	0.0	0.0	0.0	0.0
489	2.0	0.0	2.0	0.0	2.0	4.0	2.0
490	0.0	0.0	0.0	0.0	0.0	0.0	0.0
491	1.0	0.0	0.0	0.0	1.0	2.0	0.0
492	0.0	0.0	0.0	0.0	0.0	0.0	0.0
493	1.0	0.0	1.0	0.0	0.3330000000000002	2.667	1.0
494	0.0	0.0	0.0	0.0	0.0	0.0	0.0
495	0.0	0.0	0.0	0.0	0.0	0.0	0.0
496	0.0	0.0	0.0	0.0	0.0	0.0	0.0
497	0.0	0.0	0.0	0.0	0.0	0.0	0.0
498	0.0	0.0	0.0	0.0	0.0	0.0	0.0
499	1.0	2.0	0.0	2.0	0.6660000000000004	5.334	1.0
500	1.0	3.0	1.0	2.0	2.0	4.0	1.0
501	1.0	2.0	1.0	2.0	1.3330000000000002	4.667	2.0
502	2.0	0.0	1.0	0.0	2.0	4.0	1.0
503	1.0	0.0	1.0	0.0	1.0	2.0	1.0
504	0.0	0.0	0.0	0.0	0.0	0.0	0.0
505	2.0	0.0	2.0	0.0	2.0	4.0	2.0
506	3.0	0.0	2.0	0.0	3.0	6.0	2.0
507	1.0	1.0	1.0	1.0	0.6660000000000004	5.334	2.0
508	1.0	1.0	1.0	1.0	1.0	2.0	1.0
509	5.0	0.0	4.0	0.0	4.668	10.332	4.0
510	2.0	3.0	2.0	3.0	2.333	6.667	3.0
511	3.0	1.0	2.0	1.0	3.0	6.0	2.0
512	3.0	0.0	2.0	0.0	3.4	5.6	2.0
513	2.0	1.0	1.0	1.0	2.333	6.667	2.0
514	4.0	0.0	2.0	0.0	4.0	8.0	2.0
515	1.0	2.0	1.0	2.0	1.0	2.0	1.0
516	0.0	6.0	0.0	3.0	2.3320000000000007	12.668	2.0
517	2.0	1.0	1.0	1.0	3.0	6.0	2.0
518	0.0	0.0	0.0	0.0	0.0	0.0	0.0
519	0.0	0.0	0.0	0.0	0.0	0.0	0.0
520	1.0	2.0	1.0	2.0	2.0	4.0	2.0
521	2.0	0.0	0.0	0.0	2.0	4.0	0.0
522	1.0	2.0	0.0	0.0	2.0	4.0	0.0
523	2.0	2.0	1.0	2.0	3.0	6.0	2.0
524	1.0	3.0	0.0	2.0	1.3320000000000007	10.668	2.0
525	3.0	2.0	1.0	2.0	2.333	6.667	1.0
526	1.0	1.0	1.0	1.0	1.0	2.0	1.0
527	3.0	1.0	1.0	1.0	3.0	6.0	1.0
528	2.0	0.0	0.0	0.0	0.6660000000000004	5.334	0.0
529	1.0	1.0	0.0	1.0	2.0	4.0	1.0
530	1.0	0.0	1.0	0.0	1.0	2.0	1.0
531	0.0	1.0	0.0	1.0	0.3330000000000002	2.667	1.0
532	0.0	0.0	0.0	0.0	0.0	0.0	0.0
533	2.0	0.0	1.0	0.0	2.0	4.0	1.0
534	2.0	0.0	1.0	0.0	2.0	4.0	1.0
535	3.0	0.0	3.0	0.0	2.068	3.932	2.0
536	1.0	0.0	1.0	0.0	1.0	2.0	1.0
537	2.0	0.0	2.0	0.0	2.8	3.2	2.0
538	0.0	0.0	0.0	0.0	0.0	0.0	0.0
539	1.0	0.0	1.0	0.0	0.3330000000000002	2.667	1.0
540	0.0	0.0	0.0	0.0	0.0	0.0	0.0
541	0.0	0.0	0.0	0.0	0.0	0.0	0.0
542	1.0	0.0	1.0	0.0	0.6680000000000001	2.332	1.0
543	2.0	1.0	2.0	1.0	0.6660000000000004	5.334	2.0
544	2.0	0.0	2.0	0.0	2.0	4.0	2.0
545	2.0	1.0	2.0	1.0	2.0	4.0	2.0
546	0.0	0.0	0.0	0.0	0.0	0.0	0.0
547	1.0	2.0	1.0	2.0	1.0	2.0	1.0
548	2.0	2.0	2.0	1.0	2.6660000000000004	9.334	3.0
549	4.0	3.0	2.0	1.0	3.6660000000000004	11.334	3.0
550	2.0	2.0	2.0	2.0	0.9990000000000006	8.001	3.0
551	1.0	0.0	1.0	0.0	1.0	2.0	1.0
552	0.0	2.0	0.0	1.0	0.6660000000000004	5.334	1.0
553	1.0	0.0	1.0	0.0	1.0	2.0	1.0
554	0.0	3.0	0.0	2.0	1.6660000000000004	7.334	2.0
555	0.0	2.0	0.0	2.0	1.0	2.0	1.0
556	3.0	2.0	2.0	1.0	1.3320000000000007	10.668	2.0
557	0.0	0.0	0.0	0.0	0.0	0.0	0.0
558	0.0	0.0	0.0	0.0	0.0	0.0	0.0
559	0.0	0.0	0.0	0.0	0.0	0.0	0.0
560	0.0	1.0	0.0	0.0	0.3330000000000002	2.667	0.0
561	1.0	0.0	1.0	0.0	1.0	2.0	1.0
562	1.0	3.0	1.0	2.0	3.3360000000000003	8.664	3.0
563	1.0	0.0	1.0	0.0	0.3330000000000002	2.667	1.0
564	1.0	1.0	0.0	1.0	2.0	4.0	1.0
565	0.0	0.0	0.0	0.0	0.0	0.0	0.0
566	2.0	1.0	2.0	1.0	3.0	6.0	3.0
567	0.0	3.0	0.0	2.0	2.668	6.332	2.0
568	2.0	0.0	1.0	0.0	2.0	4.0	1.0
569	1.0	0.0	1.0	0.0	1.0	2.0	1.0
570	2.0	1.0	1.0	1.0	1.6660000000000004	7.334	2.0
571	2.0	1.0	1.0	1.0	3.0	6.0	2.0
572	1.0	2.0	1.0	2.0	1.0	2.0	1.0
573	1.0	0.0	1.0	0.0	1.0	2.0	1.0
574	1.0	0.0	1.0	0.0	0.3330000000000002	2.667	1.0
575	2.0	0.0	1.0	0.0	1.3360000000000003	4.664	1.0
576	0.0	0.0	0.0	0.0	0.0	0.0	0.0
577	0.0	0.0	0.0	0.0	0.0	0.0	0.0
578	1.0	0.0	1.0	0.0	1.0	2.0	1.0
579	1.0	0.0	1.0	0.0	1.0	2.0	1.0
580	1.0	1.0	1.0	1.0	0.6660000000000004	5.334	2.0
581	0.0	0.0	0.0	0.0	0.0	0.0	0.0
582	0.0	1.0	0.0	1.0	0.3330000000000002	2.667	1.0
583	2.0	2.0	1.0	2.0	2.333	6.667	2.0
584	2.0	0.0	1.0	0.0	2.4	3.6	1.0
585	2.0	0.0	1.0	0.0	2.0	4.0	1.0
586	1.0	0.0	0.0	0.0	1.0	2.0	0.0
587	1.0	0.0	1.0	0.0	0.3330000000000002	2.667	1.0
588	2.0	0.0	1.0	0.0	2.0	4.0	1.0
589	1.0	0.0	1.0	0.0	1.4	1.6	1.0
590	0.0	0.0	0.0	0.0	0.0	0.0	0.0
591	0.0	0.0	0.0	0.0	0.0	0.0	0.0
592	1.0	0.0	1.0	0.0	0.3330000000000002	2.667	1.0
593	1.0	2.0	1.0	2.0	1.0	2.0	1.0
594	0.0	0.0	0.0	0.0	0.0	0.0	0.0
595	0.0	0.0	0.0	0.0	0.0	0.0	0.0
596	2.0	0.0	1.0	0.0	2.8	3.2	1.0
597	0.0	0.0	0.0	0.0	0.0	0.0	0.0
598	1.0	0.0	1.0	0.0	1.0	2.0	1.0
599	0.0	0.0	0.0	0.0	0.0	0.0	0.0
600	0.0	0.0	0.0	0.0	0.0	0.0	0.0
601	0.0	0.0	0.0	0.0	0.0	0.0	0.0
602	2.0	0.0	1.0	0.0	0.6660000000000004	5.334	1.0
603	1.0	0.0	0.0	0.0	0.6680000000000001	2.332	0.0
604	2.0	0.0	1.0	0.0	2.0	4.0	1.0
605	2.0	0.0	1.0	0.0	0.6660000000000004	5.334	1.0
606	1.0	0.0	0.0	0.0	1.4	1.6	0.0
607	1.0	0.0	1.0	0.0	1.0	2.0	1.0
608	2.0	1.0	1.0	1.0	2.0	4.0	1.0
609	2.0	2.0	2.0	2.0	1.3330000000000002	4.667	2.0
610	0.0	0.0	0.0	0.0	0.0	0.0	0.0
611	1.0	0.0	1.0	0.0	0.3330000000000002	2.667	1.0
612	0.0	0.0	0.0	0.0	0.0	0.0	0.0
613	1.0	1.0	1.0	1.0	0.6660000000000004	5.334	2.0
614	2.0	0.0	1.0	0.0	2.8	3.2	1.0
615	2.0	2.0	2.0	1.0	2.0040000000000004	6.9959999999999996	2.0
616	2.0	0.0	2.0	0.0	2.0	4.0	2.0
617	2.0	0.0	2.0	0.0	0.6660000000000004	5.334	2.0
618	1.0	0.0	1.0	0.0	1.0	2.0	1.0
619	0.0	0.0	0.0	0.0	0.0	0.0	0.0
620	1.0	1.0	0.0	1.0	1.0010000000000003	4.999	1.0
621	2.0	0.0	0.0	0.0	2.0	4.0	0.0
622	2.0	0.0	2.0	0.0	0.6660000000000004	5.334	2.0
623	3.0	0.0	1.0	0.0	3.0	6.0	1.0
624	2.0	0.0	0.0	0.0	2.4	3.6	0.0
625	0.0	0.0	0.0	0.0	0.0	0.0	0.0
626	0.0	0.0	0.0	0.0	0.0	0.0	0.0
627	0.0	0.0	0.0	0.0	0.0	0.0	0.0
628	1.0	0.0	1.0	0.0	1.0	2.0	1.0
629	1.0	0.0	1.0	0.0	0.6680000000000001	2.332	1.0
630	0.0	0.0	0.0	0.0	0.0	0.0	0.0
631	0.0	1.0	0.0	1.0	1.0	2.0	1.0
632	1.0	0.0	1.0	0.0	0.3330000000000002	2.667	1.0
633	0.0	0.0	0.0	0.0	0.0	0.0	0.0
634	0.0	0.0	0.0	0.0	0.0	0.0	0.0
635	0.0	1.0	0.0	1.0	0.3330000000000002	2.667	1.0
636	3.0	1.0	3.0	1.0	3.0	6.0	3.0
637	0.0	0.0	0.0	0.0	0.0	0.0	0.0
638	1.0	2.0	1.0	2.0	2.0	4.0	2.0
639	2.0	0.0	1.0	0.0	0.6660000000000004	5.334	1.0
640	0.0	1.0	0.0	1.0	0.6680000000000001	2.332	1.0
641	0.0	1.0	0.0	1.0	0.3330000000000002	2.667	1.0
642	0.0	0.0	0.0	0.0	0.0	0.0	0.0
643	2.0	0.0	1.0	0.0	2.0	4.0	1.0
644	0.0	0.0	0.0	0.0	0.0	0.0	0.0
645	2.0	2.0	1.0	1.0	2.0	7.0	2.0
646	0.0	0.0	0.0	0.0	0.0	0.0	0.0
647	1.0	0.0	1.0	0.0	0.3330000000000002	2.667	1.0
648	1.0	1.0	1.0	0.0	2.0	4.0	1.0
649	3.0	0.0	2.0	0.0	3.468	5.532	2.0
650	4.0	0.0	3.0	0.0	4.0	8.0	3.0
651	1.0	0.0	1.0	0.0	1.0	2.0	1.0
652	1.0	0.0	1.0	0.0	1.0	2.0	1.0
653	4.0	0.0	2.0	0.0	3.0040000000000004	8.995999999999999	2.0
654	2.0	0.0	2.0	0.0	2.0	4.0	2.0
655	1.0	0.0	1.0	0.0	1.0	2.0	1.0
656	0.0	0.0	0.0	0.0	0.0	0.0	0.0
657	1.0	0.0	0.0	0.0	1.0	2.0	0.0
658	2.0	1.0	1.0	1.0	3.0	6.0	2.0
659	0.0	0.0	0.0	0.0	0.0	0.0	0.0
660	0.0	0.0	0.0	0.0	0.0	0.0	0.0
661	3.0	2.0	1.0	2.0	2.3340000000000005	9.666	3.0
662	1.0	2.0	1.0	2.0	1.6660000000000004	7.334	3.0
663	4.0	1.0	3.0	1.0	4.068	7.932	3.0
664	4.0	0.0	2.0	0.0	4.068	7.932	2.0
665	2.0	0.0	1.0	0.0	0.6660000000000004	5.334	1.0
666	0.0	0.0	0.0	0.0	0.0	0.0	0.0
667	3.0	0.0	2.0	0.0	3.0	6.0	2.0
668	3.0	0.0	1.0	0.0	2.668	6.332	1.0
669	0.0	0.0	0.0	0.0	0.0	0.0	0.0
670	1.0	0.0	1.0	0.0	1.0	2.0	1.0
671	2.0	0.0	2.0	0.0	0.6660000000000004	5.334	2.0
672	0.0	0.0	0.0	0.0	0.0	0.0	0.0
673	2.0	0.0	2.0	0.0	2.0	4.0	2.0
674	2.0	0.0	2.0	0.0	2.0	4.0	2.0
675	1.0	0.0	1.0	0.0	0.3330000000000002	2.667	1.0
676	1.0	1.0	1.0	1.0	0.3330000000000002	2.667	1.0
677	3.0	1.0	2.0	1.0	3.0	6.0	2.0
678	1.0	0.0	0.0	0.0	0.3330000000000002	2.667	0.0
679	1.0	2.0	1.0	2.0	2.0	4.0	2.0
680	1.0	4.0	1.0	4.0	2.3320000000000007	12.668	5.0
681	0.0	3.0	0.0	2.0	1.6660000000000004	7.334	2.0
682	2.0	5.0	2.0	2.0	5.333	12.667	4.0
683	3.0	1.0	1.0	1.0	3.0	6.0	1.0
684	3.0	2.0	3.0	1.0	1.6660000000000004	7.334	2.0
685	1.0	0.0	1.0	0.0	0.3330000000000002	2.667	1.0
686	0.0	3.0	0.0	2.0	1.6660000000000004	7.334	2.0
687	2.0	0.0	1.0	0.0	2.4	3.6	1.0
688	1.0	1.0	1.0	0.0	2.4	3.6	1.0
689	0.0	0.0	0.0	0.0	0.0	0.0	0.0
690	2.0	2.0	1.0	2.0	3.0	6.0	2.0
691	2.0	0.0	1.0	0.0	0.6660000000000004	5.334	1.0
692	1.0	0.0	1.0	0.0	1.0	2.0	1.0
693	2.0	0.0	1.0	0.0	0.6660000000000004	5.334	1.0
694	1.0	0.0	1.0	0.0	1.0	2.0	1.0
695	2.0	0.0	2.0	0.0	0.6660000000000004	5.334	2.0
696	2.0	1.0	1.0	1.0	2.333	6.667	2.0
697	1.0	0.0	1.0	0.0	1.0	2.0	1.0
698	0.0	0.0	0.0	0.0	0.0	0.0	0.0
699	3.0	0.0	2.0	0.0	2.0040000000000004	6.9959999999999996	2.0
700	2.0	0.0	1.0	0.0	2.0	4.0	1.0
701	1.0	0.0	1.0	0.0	0.3330000000000002	2.667	1.0
702	2.0	0.0	1.0	0.0	2.0	4.0	1.0
703	1.0	0.0	1.0	0.0	1.0	2.0	1.0
704	0.0	0.0	0.0	0.0	0.0	0.0	0.0
705	2.0	0.0	1.0	0.0	2.0	4.0	1.0
706	3.0	0.0	2.0	0.0	3.0	6.0	2.0
707	2.0	3.0	2.0	3.0	4.0	8.0	4.0
708	2.0	2.0	2.0	2.0	2.333	6.667	3.0
709	2.0	3.0	2.0	3.0	0.9990000000000006	8.001	3.0
710	2.0	3.0	1.0	3.0	5.0	10.0	4.0
711	2.0	4.0	1.0	3.0	4.0040000000000004	10.995999999999999	3.0
712	1.0	3.0	0.0	2.0	4.0	8.0	2.0
713	2.0	0.0	2.0	0.0	0.6660000000000004	5.334	2.0
714	2.0	3.0	1.0	2.0	5.0	10.0	3.0
715	2.0	0.0	1.0	0.0	2.0	4.0	1.0
716	2.0	0.0	1.0	0.0	2.0	4.0	1.0
717	1.0	0.0	1.0	0.0	1.0	2.0	1.0
718	2.0	0.0	2.0	0.0	2.0	4.0	2.0
719	1.0	0.0	1.0	0.0	0.3330000000000002	2.667	1.0
720	0.0	0.0	0.0	0.0	0.0	0.0	0.0
721	1.0	1.0	0.0	0.0	0.6660000000000004	5.334	0.0
722	1.0	1.0	1.0	1.0	1.0	2.0	1.0
723	1.0	3.0	1.0	2.0	1.6660000000000004	7.334	2.0
724	3.0	0.0	2.0	0.0	3.0	6.0	2.0
725	0.0	0.0	0.0	0.0	0.0	0.0	0.0
726	3.0	3.0	3.0	2.0	4.333	10.667	4.0
727	3.0	3.0	2.0	2.0	4.333	10.667	3.0
728	1.0	0.0	1.0	0.0	0.3330000000000002	2.667	1.0
729	2.0	1.0	1.0	0.0	3.0	6.0	1.0
730	0.0	4.0	0.0	3.0	1.6660000000000004	7.334	2.0
731	1.0	2.0	1.0	1.0	0.9990000000000006	8.001	2.0
732	1.0	1.0	0.0	1.0	1.3330000000000002	4.667	1.0
733	0.0	0.0	0.0	0.0	0.0	0.0	0.0
734	0.0	2.0	0.0	2.0	1.3330000000000002	4.667	2.0
735	1.0	1.0	1.0	1.0	1.0	5.0	2.0
736	0.0	1.0	0.0	1.0	1.0	2.0	1.0
737	2.0	0.0	1.0	0.0	0.6660000000000004	5.334	1.0
738	2.0	3.0	0.0	2.0	5.0	10.0	2.0
739	1.0	1.0	1.0	1.0	1.3330000000000002	4.667	2.0
740	2.0	0.0	1.0	0.0	2.0	4.0	1.0
741	2.0	1.0	2.0	1.0	2.0	4.0	2.0
742	1.0	2.0	1.0	2.0	0.3330000000000002	2.667	1.0
743	2.0	2.0	1.0	2.0	2.668	6.332	2.0
744	2.0	0.0	1.0	0.0	2.0	4.0	1.0
745	1.0	1.0	1.0	1.0	0.6660000000000004	5.334	2.0
746	1.0	2.0	0.0	1.0	1.6660000000000004	7.334	1.0
747	2.0	1.0	1.0	1.0	2.333	6.667	2.0
748	1.0	0.0	1.0	0.0	1.0	2.0	1.0
749	0.0	0.0	0.0	0.0	0.0	0.0	0.0
750	0.0	0.0	0.0	0.0	0.0	0.0	0.0
751	2.0	0.0	0.0	0.0	2.0	4.0	0.0
752	1.0	0.0	1.0	0.0	1.0	2.0	1.0
753	0.0	0.0	0.0	0.0	0.0	0.0	0.0
754	1.0	0.0	1.0	0.0	0.3330000000000002	2.667	1.0
755	2.0	0.0	2.0	0.0	2.8	3.2	2.0
756	3.0	0.0	3.0	0.0	3.0	6.0	3.0
757	1.0	0.0	1.0	0.0	0.6680000000000001	2.332	1.0
758	1.0	5.0	1.0	4.0	4.133	7.867	3.0
759	4.0	3.0	3.0	3.0	4.333	10.667	4.0
760	3.0	3.0	2.0	2.0	6.0	12.0	4.0
761	2.0	6.0	1.0	2.0	2.6660000000000004	9.334	1.0
762	3.0	0.0	2.0	0.0	3.0	6.0	2.0
763	2.0	1.0	1.0	1.0	1.6660000000000004	7.334	2.0
764	3.0	1.0	2.0	1.0	2.668	6.332	2.0
765	2.0	2.0	2.0	1.0	3.3360000000000003	8.664	3.0
766	3.0	0.0	2.0	0.0	3.4	5.6	2.0
767	3.0	0.0	1.0	0.0	3.0	6.0	1.0
768	2.0	0.0	2.0	0.0	2.0	4.0	2.0
769	2.0	0.0	2.0	0.0	2.0	4.0	2.0
770	2.0	0.0	2.0	0.0	2.0	4.0	2.0
771	2.0	0.0	2.0	0.0	0.6660000000000004	5.334	2.0
772	4.0	0.0	4.0	0.0	4.0	8.0	4.0
773	1.0	0.0	1.0	0.0	1.0	2.0	1.0
774	0.0	0.0	0.0	0.0	0.0	0.0	0.0
775	1.0	1.0	0.0	1.0	0.6680000000000001	5.332	1.0
776	3.0	2.0	1.0	2.0	3.668	8.332	2.0
777	4.0	2.0	2.0	1.0	5.468	9.532	2.0
778	2.0	3.0	1.0	1.0	1.3320000000000007	10.668	1.0
779	3.0	0.0	1.0	0.0	3.0	6.0	1.0
780	3.0	0.0	1.0	0.0	2.736	6.263999999999999	1.0
781	1.0	2.0	1.0	2.0	1.3330000000000002	4.667	2.0
782	3.0	3.0	1.0	2.0	5.333	12.667	3.0
783	0.0	3.0	0.0	3.0	2.0	4.0	2.0
784	2.0	3.0	1.0	1.0	3.3340000000000005	11.666	2.0
785	1.0	4.0	1.0	3.0	2.3360000000000003	6.664	2.0
786	2.0	0.0	1.0	0.0	0.6660000000000004	5.334	1.0
787	2.0	3.0	2.0	2.0	5.0	10.0	4.0
788	2.0	5.0	2.0	5.0	4.333	10.667	5.0
789	3.0	2.0	2.0	2.0	3.333	8.667	3.0
790	4.0	1.0	2.0	1.0	3.333	8.667	2.0
791	1.0	3.0	1.0	2.0	2.668	6.332	2.0
792	2.0	1.0	1.0	1.0	1.3330000000000002	4.667	1.0
793	3.0	0.0	2.0	0.0	4.199999999999999	4.800000000000001	2.0
794	2.0	2.0	1.0	2.0	3.0	6.0	2.0
795	1.0	4.0	1.0	3.0	3.333	8.667	3.0
796	2.0	2.0	2.0	2.0	1.3320000000000007	10.668	4.0
797	2.0	0.0	1.0	0.0	2.4	3.6	1.0
798	2.0	0.0	1.0	0.0	0.6660000000000004	5.334	1.0
799	3.0	0.0	1.0	0.0	4.199999999999999	4.800000000000001	1.0
800	1.0	0.0	0.0	0.0	1.0	2.0	0.0
801	1.0	1.0	1.0	0.0	1.3330000000000002	4.667	1.0
802	1.0	1.0	0.0	0.0	1.0	2.0	0.0
803	2.0	0.0	0.0	0.0	2.0	4.0	0.0
804	0.0	2.0	0.0	0.0	1.0	2.0	0.0
805	1.0	0.0	0.0	0.0	0.3330000000000002	2.667	0.0
806	2.0	0.0	2.0	0.0	2.8	3.2	2.0
807	3.0	0.0	1.0	0.0	3.0	6.0	1.0
808	0.0	0.0	0.0	0.0	0.0	0.0	0.0
809	2.0	0.0	1.0	0.0	2.0	4.0	1.0
810	2.0	0.0	1.0	0.0	2.0	4.0	1.0
811	3.0	3.0	1.0	2.0	4.333	10.667	2.0
812	2.0	4.0	1.0	2.0	2.9990000000000006	12.001	2.0
813	2.0	3.0	1.0	1.0	1.3330000000000002	4.667	1.0
814	1.0	4.0	0.0	4.0	1.6660000000000004	7.334	2.0
815	1.0	5.0	1.0	2.0	2.9990000000000006	12.001	3.0
816	1.0	3.0	1.0	1.0	1.6660000000000004	7.334	1.0
817	2.0	2.0	0.0	1.0	2.333	6.667	1.0
818	1.0	1.0	1.0	0.0	0.6660000000000004	5.334	1.0
819	1.0	1.0	0.0	0.0	0.3330000000000002	2.667	0.0
820	0.0	0.0	0.0	0.0	0.0	0.0	0.0
821	0.0	0.0	0.0	0.0	0.0	0.0	0.0
822	1.0	2.0	0.0	1.0	2.668	6.332	1.0
823	2.0	0.0	1.0	0.0	2.0	4.0	1.0
824	1.0	0.0	0.0	0.0	1.0	2.0	0.0
825	1.0	0.0	0.0	0.0	0.3330000000000002	2.667	0.0
826	1.0	0.0	0.0	0.0	0.3330000000000002	2.667	0.0
827	1.0	0.0	0.0	0.0	0.3330000000000002	2.667	0.0
828	0.0	0.0	0.0	0.0	0.0	0.0	0.0
829	0.0	2.0	0.0	0.0	1.0	2.0	0.0
830	0.0	0.0	0.0	0.0	0.0	0.0	0.0
831	1.0	0.0	0.0	0.0	0.6680000000000001	2.332	0.0
832	0.0	0.0	0.0	0.0	0.0	0.0	0.0
833	0.0	2.0	0.0	1.0	1.3330000000000002	4.667	1.0
834	0.0	1.0	0.0	0.0	0.6680000000000001	2.332	0.0
835	2.0	2.0	1.0	1.0	2.668	6.332	1.0
836	2.0	1.0	0.0	1.0	2.668	6.332	1.0
837	2.0	1.0	2.0	1.0	3.133	5.866999999999999	3.0
838	2.0	2.0	0.0	0.0	1.6680000000000001	4.332	0.0
839	2.0	1.0	2.0	0.0	3.0	6.0	2.0
840	2.0	1.0	1.0	0.0	2.0	4.0	1.0
841	0.0	6.0	0.0	4.0	2.6670000000000007	12.332999999999998	3.0
842	1.0	2.0	0.0	1.0	3.0	6.0	1.0
843	1.0	1.0	0.0	0.0	1.6680000000000001	4.332	0.0
844	0.0	2.0	0.0	1.0	1.3330000000000002	4.667	1.0
845	0.0	1.0	0.0	1.0	0.3330000000000002	2.667	1.0
846	0.0	0.0	0.0	0.0	0.0	0.0	0.0
