all_syn	all_nonSyn	tip_syn	tip_nonSyn	S	N	comparisons
001	0.0	0.0	0.0	0.0	0.0	0.0	0.0
002	2.0	2.0	1.0	0.0	2.0	7.0	1.0
003	1.0	2.0	0.0	0.0	1.0	2.0	0.0
004	1.0	0.0	0.0	0.0	1.0	2.0	0.0
005	3.0	1.0	2.0	0.0	3.668	8.332	2.0
006	2.0	0.0	0.0	0.0	2.0	4.0	0.0
007	2.0	0.0	0.0	0.0	2.0	4.0	0.0
008	0.0	0.0	0.0	0.0	0.0	0.0	0.0
009	1.0	0.0	0.0	0.0	1.0	2.0	0.0
010	1.0	1.0	0.0	1.0	2.0	4.0	1.0
011	2.0	0.0	1.0	0.0	2.0	4.0	1.0
012	1.0	1.0	0.0	1.0	0.6660000000000004	5.334	1.0
013	3.0	0.0	0.0	0.0	1.6680000000000001	4.332	0.0
014	2.0	0.0	1.0	0.0	2.0	4.0	1.0
015	2.0	2.0	0.0	2.0	3.4	5.6	1.0
016	1.0	1.0	0.0	0.0	0.6660000000000004	5.334	0.0
017	2.0	0.0	1.0	0.0	0.6660000000000004	5.334	1.0
018	0.0	2.0	0.0	0.0	1.0	2.0	0.0
019	0.0	2.0	0.0	1.0	1.733	4.2669999999999995	1.0
020	2.0	0.0	0.0	0.0	2.0	4.0	0.0
021	1.0	0.0	0.0	0.0	0.6680000000000001	2.332	0.0
022	0.0	0.0	0.0	0.0	0.0	0.0	0.0
023	1.0	0.0	0.0	0.0	0.3330000000000002	2.667	0.0
024	1.0	0.0	0.0	0.0	1.4	1.6	0.0
025	1.0	0.0	0.0	0.0	1.4	1.6	0.0
026	1.0	0.0	0.0	0.0	0.3330000000000002	2.667	0.0
027	1.0	0.0	1.0	0.0	1.4	1.6	1.0
028	2.0	0.0	1.0	0.0	0.6660000000000004	5.334	1.0
029	2.0	3.0	2.0	3.0	2.0	4.0	2.0
030	2.0	0.0	2.0	0.0	0.6660000000000004	5.334	2.0
031	1.0	0.0	0.0	0.0	0.3330000000000002	2.667	0.0
032	1.0	2.0	1.0	1.0	2.3360000000000003	6.664	2.0
033	0.0	0.0	0.0	0.0	0.0	0.0	0.0
034	2.0	0.0	1.0	0.0	2.0	4.0	1.0
035	1.0	0.0	0.0	0.0	0.3330000000000002	2.667	0.0
036	0.0	0.0	0.0	0.0	0.0	0.0	0.0
037	2.0	0.0	1.0	0.0	0.6660000000000004	5.334	1.0
038	1.0	1.0	1.0	0.0	1.3360000000000003	4.664	1.0
039	0.0	0.0	0.0	0.0	0.0	0.0	0.0
040	0.0	0.0	0.0	0.0	0.0	0.0	0.0
041	1.0	0.0	1.0	0.0	0.3330000000000002	2.667	1.0
042	2.0	0.0	0.0	0.0	2.0	4.0	0.0
043	0.0	0.0	0.0	0.0	0.0	0.0	0.0
044	0.0	0.0	0.0	0.0	0.0	0.0	0.0
045	2.0	0.0	1.0	0.0	2.0	4.0	1.0
046	2.0	0.0	1.0	0.0	0.6660000000000004	5.334	1.0
047	0.0	0.0	0.0	0.0	0.0	0.0	0.0
048	1.0	0.0	0.0	0.0	0.3330000000000002	2.667	0.0
049	2.0	0.0	1.0	0.0	2.0	4.0	1.0
050	2.0	0.0	2.0	0.0	2.0	4.0	2.0
051	0.0	0.0	0.0	0.0	0.0	0.0	0.0
052	3.0	0.0	0.0	0.0	0.9990000000000006	8.001	0.0
053	2.0	1.0	1.0	0.0	2.668	6.332	1.0
054	0.0	0.0	0.0	0.0	0.0	0.0	0.0
055	1.0	0.0	0.0	0.0	0.6680000000000001	2.332	0.0
056	1.0	0.0	0.0	0.0	1.0	2.0	0.0
057	1.0	0.0	0.0	0.0	0.3330000000000002	2.667	0.0
058	2.0	0.0	1.0	0.0	2.0	4.0	1.0
059	0.0	0.0	0.0	0.0	0.0	0.0	0.0
060	0.0	0.0	0.0	0.0	0.0	0.0	0.0
061	1.0	0.0	0.0	0.0	0.3330000000000002	2.667	0.0
062	2.0	0.0	0.0	0.0	0.6680000000000001	2.332	0.0
063	2.0	0.0	2.0	0.0	2.0	4.0	2.0
064	0.0	0.0	0.0	0.0	0.0	0.0	0.0
065	2.0	0.0	1.0	0.0	2.0	4.0	1.0
066	2.0	0.0	0.0	0.0	2.0	4.0	0.0
067	2.0	0.0	2.0	0.0	0.6660000000000004	5.334	2.0
068	1.0	0.0	0.0	0.0	0.6680000000000001	2.332	0.0
069	0.0	0.0	0.0	0.0	0.0	0.0	0.0
070	2.0	0.0	0.0	0.0	1.0	2.0	0.0
071	0.0	0.0	0.0	0.0	0.0	0.0	0.0
072	1.0	0.0	1.0	0.0	0.3330000000000002	2.667	1.0
073	2.0	0.0	1.0	0.0	2.0	4.0	1.0
074	2.0	0.0	1.0	0.0	2.0	4.0	1.0
075	0.0	0.0	0.0	0.0	0.0	0.0	0.0
076	0.0	0.0	0.0	0.0	0.0	0.0	0.0
077	0.0	0.0	0.0	0.0	0.0	0.0	0.0
078	1.0	0.0	1.0	0.0	1.0	2.0	1.0
079	0.0	0.0	0.0	0.0	0.0	0.0	0.0
080	0.0	0.0	0.0	0.0	0.0	0.0	0.0
081	1.0	0.0	0.0	0.0	0.3330000000000002	2.667	0.0
082	1.0	0.0	0.0	0.0	0.3330000000000002	2.667	0.0
083	1.0	0.0	0.0	0.0	0.3330000000000002	2.667	0.0
084	1.0	0.0	0.0	0.0	1.4	1.6	0.0
085	1.0	2.0	0.0	1.0	0.6660000000000004	5.334	1.0
086	0.0	0.0	0.0	0.0	0.0	0.0	0.0
087	1.0	0.0	0.0	0.0	0.6680000000000001	2.332	0.0
088	1.0	0.0	0.0	0.0	1.4	1.6	0.0
089	0.0	0.0	0.0	0.0	0.0	0.0	0.0
090	0.0	0.0	0.0	0.0	0.0	0.0	0.0
091	1.0	0.0	1.0	0.0	1.0	2.0	1.0
092	2.0	0.0	0.0	0.0	0.6660000000000004	5.334	0.0
093	1.0	0.0	1.0	0.0	1.0	2.0	1.0
094	0.0	0.0	0.0	0.0	0.0	0.0	0.0
095	1.0	0.0	1.0	0.0	1.0	2.0	1.0
096	2.0	2.0	1.0	0.0	0.9990000000000006	8.001	1.0
097	1.0	0.0	1.0	0.0	0.3330000000000002	2.667	1.0
098	0.0	0.0	0.0	0.0	0.0	0.0	0.0
099	0.0	0.0	0.0	0.0	0.0	0.0	0.0
100	0.0	0.0	0.0	0.0	0.0	0.0	0.0
101	0.0	0.0	0.0	0.0	0.0	0.0	0.0
102	0.0	0.0	0.0	0.0	0.0	0.0	0.0
103	1.0	0.0	0.0	0.0	1.0	2.0	0.0
104	3.0	0.0	1.0	0.0	3.0	6.0	1.0
105	2.0	1.0	0.0	0.0	2.0	4.0	0.0
106	1.0	0.0	1.0	0.0	1.0	2.0	1.0
107	1.0	0.0	1.0	0.0	0.3330000000000002	2.667	1.0
108	2.0	0.0	1.0	0.0	2.0	4.0	1.0
109	0.0	0.0	0.0	0.0	0.0	0.0	0.0
110	0.0	0.0	0.0	0.0	0.0	0.0	0.0
111	1.0	0.0	1.0	0.0	0.3330000000000002	2.667	1.0
112	0.0	1.0	0.0	0.0	1.0	2.0	0.0
113	1.0	0.0	1.0	0.0	0.3330000000000002	2.667	1.0
114	0.0	0.0	0.0	0.0	0.0	0.0	0.0
115	1.0	0.0	0.0	0.0	0.3330000000000002	2.667	0.0
116	2.0	0.0	2.0	0.0	0.6660000000000004	5.334	2.0
117	1.0	0.0	0.0	0.0	0.3330000000000002	2.667	0.0
118	0.0	0.0	0.0	0.0	0.0	0.0	0.0
119	1.0	0.0	0.0	0.0	1.0	2.0	0.0
120	0.0	0.0	0.0	0.0	0.0	0.0	0.0
121	1.0	0.0	0.0	0.0	0.3330000000000002	2.667	0.0
122	0.0	0.0	0.0	0.0	0.0	0.0	0.0
123	2.0	0.0	1.0	0.0	0.6660000000000004	5.334	1.0
124	2.0	0.0	0.0	0.0	2.4	3.6	0.0
125	1.0	0.0	1.0	0.0	0.3330000000000002	2.667	1.0
126	1.0	0.0	1.0	0.0	0.6680000000000001	2.332	1.0
127	0.0	0.0	0.0	0.0	0.0	0.0	0.0
128	2.0	2.0	0.0	0.0	2.0	4.0	0.0
129	0.0	0.0	0.0	0.0	0.0	0.0	0.0
130	1.0	0.0	1.0	0.0	0.3330000000000002	2.667	1.0
131	1.0	0.0	0.0	0.0	1.0	2.0	0.0
132	0.0	2.0	0.0	0.0	1.0	2.0	0.0
133	2.0	0.0	0.0	0.0	1.3360000000000003	4.664	0.0
134	0.0	0.0	0.0	0.0	0.0	0.0	0.0
135	1.0	0.0	0.0	0.0	0.3330000000000002	2.667	0.0
136	2.0	0.0	2.0	0.0	2.0	4.0	2.0
137	2.0	0.0	0.0	0.0	2.0	4.0	0.0
138	2.0	1.0	1.0	0.0	1.6660000000000004	7.334	1.0
139	1.0	0.0	1.0	0.0	1.0	2.0	1.0
140	1.0	0.0	1.0	0.0	0.3330000000000002	2.667	1.0
141	2.0	0.0	0.0	0.0	2.0	4.0	0.0
142	0.0	0.0	0.0	0.0	0.0	0.0	0.0
143	3.0	0.0	1.0	0.0	3.0	6.0	1.0
144	2.0	0.0	2.0	0.0	0.6660000000000004	5.334	2.0
145	0.0	0.0	0.0	0.0	0.0	0.0	0.0
146	2.0	0.0	1.0	0.0	0.6660000000000004	5.334	1.0
147	1.0	0.0	0.0	0.0	1.0	2.0	0.0
148	3.0	0.0	2.0	0.0	3.0	6.0	2.0
149	1.0	0.0	0.0	0.0	1.4	1.6	0.0
150	1.0	0.0	1.0	0.0	0.3330000000000002	2.667	1.0
151	2.0	1.0	0.0	0.0	1.6680000000000001	4.332	0.0
152	1.0	0.0	1.0	0.0	1.0	2.0	1.0
153	0.0	0.0	0.0	0.0	0.0	0.0	0.0
154	0.0	0.0	0.0	0.0	0.0	0.0	0.0
155	1.0	0.0	1.0	0.0	0.3330000000000002	2.667	1.0
156	0.0	0.0	0.0	0.0	0.0	0.0	0.0
157	1.0	2.0	0.0	0.0	1.3330000000000002	4.667	0.0
158	1.0	0.0	0.0	0.0	1.0	2.0	0.0
159	0.0	0.0	0.0	0.0	0.0	0.0	0.0
160	2.0	0.0	1.0	0.0	1.6680000000000001	4.332	1.0
161	1.0	0.0	1.0	0.0	0.6680000000000001	2.332	1.0
162	1.0	0.0	1.0	0.0	0.3330000000000002	2.667	1.0
163	1.0	0.0	1.0	0.0	1.0	2.0	1.0
164	1.0	0.0	1.0	0.0	1.0	2.0	1.0
165	0.0	0.0	0.0	0.0	0.0	0.0	0.0
166	1.0	0.0	0.0	0.0	0.3330000000000002	2.667	0.0
167	2.0	2.0	0.0	0.0	2.333	6.667	0.0
168	1.0	0.0	0.0	0.0	1.0	2.0	0.0
169	1.0	0.0	0.0	0.0	1.0	2.0	0.0
170	1.0	0.0	0.0	0.0	1.0	2.0	0.0
171	1.0	2.0	1.0	1.0	0.9990000000000006	8.001	2.0
172	1.0	1.0	1.0	1.0	1.0	2.0	1.0
173	1.0	0.0	0.0	0.0	1.0	2.0	0.0
174	1.0	0.0	0.0	0.0	1.0	2.0	0.0
175	1.0	0.0	0.0	0.0	1.0	2.0	0.0
176	2.0	2.0	0.0	0.0	1.6680000000000001	4.332	0.0
177	1.0	2.0	0.0	1.0	1.6660000000000004	7.334	1.0
178	1.0	0.0	0.0	0.0	0.3330000000000002	2.667	0.0
179	0.0	1.0	0.0	0.0	0.6680000000000001	2.332	0.0
180	0.0	1.0	0.0	0.0	1.0	2.0	0.0
181	0.0	2.0	0.0	0.0	0.6680000000000001	2.332	0.0
182	3.0	0.0	1.0	0.0	3.0	6.0	1.0
183	1.0	2.0	0.0	0.0	2.0	4.0	0.0
184	1.0	0.0	1.0	0.0	1.0	2.0	1.0
185	2.0	0.0	1.0	0.0	0.6660000000000004	5.334	1.0
186	2.0	1.0	1.0	0.0	3.0	6.0	1.0
187	1.0	0.0	0.0	0.0	0.3330000000000002	2.667	0.0
188	4.0	0.0	2.0	0.0	4.468	7.532	2.0
189	0.0	0.0	0.0	0.0	0.0	0.0	0.0
190	0.0	0.0	0.0	0.0	0.0	0.0	0.0
191	1.0	0.0	0.0	0.0	1.0	2.0	0.0
192	1.0	0.0	0.0	0.0	0.3330000000000002	2.667	0.0
193	2.0	2.0	0.0	0.0	1.3330000000000002	4.667	0.0
194	1.0	1.0	0.0	0.0	1.4	1.6	0.0
195	2.0	0.0	0.0	0.0	2.0	4.0	0.0
196	0.0	0.0	0.0	0.0	0.0	0.0	0.0
197	2.0	0.0	1.0	0.0	1.6680000000000001	4.332	1.0
198	3.0	0.0	2.0	0.0	3.0	6.0	2.0
199	1.0	0.0	1.0	0.0	0.3330000000000002	2.667	1.0
200	3.0	1.0	1.0	0.0	3.0	6.0	1.0
201	1.0	0.0	1.0	0.0	1.0	2.0	1.0
202	2.0	0.0	1.0	0.0	2.0	4.0	1.0
203	1.0	0.0	0.0	0.0	1.0	2.0	0.0
204	1.0	2.0	0.0	0.0	1.0	2.0	0.0
205	2.0	2.0	1.0	0.0	4.0	8.0	1.0
206	2.0	0.0	1.0	0.0	2.0	4.0	1.0
207	2.0	1.0	1.0	0.0	0.9990000000000006	8.001	1.0
208	1.0	0.0	0.0	0.0	1.0	2.0	0.0
209	2.0	1.0	1.0	1.0	3.0	6.0	2.0
210	1.0	0.0	0.0	0.0	1.0	2.0	0.0
211	2.0	0.0	1.0	0.0	0.6660000000000004	5.334	1.0
212	1.0	1.0	0.0	0.0	1.0	2.0	0.0
213	0.0	2.0	0.0	0.0	0.3330000000000002	2.667	0.0
214	3.0	0.0	2.0	0.0	3.0	6.0	2.0
215	1.0	0.0	0.0	0.0	1.0	2.0	0.0
216	2.0	0.0	1.0	0.0	2.0	4.0	1.0
217	1.0	0.0	0.0	0.0	1.0	2.0	0.0
218	0.0	0.0	0.0	0.0	0.0	0.0	0.0
219	2.0	3.0	1.0	1.0	3.333	8.667	2.0
220	0.0	0.0	0.0	0.0	0.0	0.0	0.0
221	1.0	0.0	0.0	0.0	0.3330000000000002	2.667	0.0
222	0.0	0.0	0.0	0.0	0.0	0.0	0.0
223	0.0	0.0	0.0	0.0	0.0	0.0	0.0
224	2.0	0.0	2.0	0.0	0.6660000000000004	5.334	2.0
225	1.0	0.0	0.0	0.0	1.0	2.0	0.0
226	4.0	0.0	2.0	0.0	4.468	7.532	2.0
227	2.0	0.0	1.0	0.0	1.6680000000000001	4.332	1.0
228	4.0	0.0	1.0	0.0	4.0	8.0	1.0
229	1.0	0.0	0.0	0.0	0.6680000000000001	2.332	0.0
230	1.0	0.0	0.0	0.0	0.3330000000000002	2.667	0.0
231	0.0	0.0	0.0	0.0	0.0	0.0	0.0
232	1.0	0.0	1.0	0.0	0.3330000000000002	2.667	1.0
233	2.0	0.0	2.0	0.0	2.0	4.0	2.0
234	2.0	0.0	1.0	0.0	0.6660000000000004	5.334	1.0
235	1.0	0.0	0.0	0.0	1.0	2.0	0.0
236	2.0	0.0	0.0	0.0	2.0	4.0	0.0
237	2.0	0.0	1.0	0.0	2.0	4.0	1.0
238	1.0	0.0	1.0	0.0	1.0	2.0	1.0
239	3.0	0.0	1.0	0.0	3.0	6.0	1.0
240	2.0	0.0	1.0	0.0	2.0	4.0	1.0
241	2.0	0.0	1.0	0.0	2.0	4.0	1.0
242	1.0	0.0	1.0	0.0	1.0	2.0	1.0
243	1.0	0.0	0.0	0.0	0.3330000000000002	2.667	0.0
244	1.0	0.0	0.0	0.0	1.0	2.0	0.0
245	0.0	1.0	0.0	0.0	1.0	2.0	0.0
246	2.0	3.0	1.0	0.0	2.6660000000000004	9.334	1.0
247	2.0	1.0	1.0	0.0	3.0	6.0	1.0
248	3.0	0.0	3.0	0.0	3.0	6.0	3.0
249	2.0	1.0	0.0	1.0	3.0	6.0	1.0
250	1.0	3.0	0.0	0.0	2.0	4.0	0.0
251	0.0	0.0	0.0	0.0	0.0	0.0	0.0
252	1.0	1.0	0.0	0.0	1.0	2.0	0.0
253	2.0	1.0	0.0	0.0	2.0	4.0	0.0
254	1.0	4.0	0.0	1.0	2.333	6.667	1.0
255	0.0	0.0	0.0	0.0	0.0	0.0	0.0
256	2.0	0.0	1.0	0.0	1.6680000000000001	4.332	1.0
257	1.0	0.0	0.0	0.0	1.0	2.0	0.0
258	0.0	0.0	0.0	0.0	0.0	0.0	0.0
259	3.0	0.0	2.0	0.0	3.068	5.932	2.0
260	0.0	0.0	0.0	0.0	0.0	0.0	0.0
261	2.0	0.0	1.0	0.0	0.6660000000000004	5.334	1.0
262	1.0	0.0	0.0	0.0	1.0	2.0	0.0
263	2.0	0.0	1.0	0.0	1.3360000000000003	4.664	1.0
264	2.0	0.0	1.0	0.0	2.4	3.6	1.0
265	2.0	0.0	0.0	0.0	2.0	4.0	0.0
266	0.0	0.0	0.0	0.0	0.0	0.0	0.0
267	2.0	0.0	2.0	0.0	0.6660000000000004	5.334	2.0
268	1.0	0.0	1.0	0.0	1.0	2.0	1.0
269	3.0	1.0	0.0	0.0	3.0	6.0	0.0
270	3.0	0.0	1.0	0.0	3.0	6.0	1.0
271	2.0	0.0	2.0	0.0	2.0	4.0	2.0
272	1.0	0.0	0.0	0.0	1.0	2.0	0.0
273	2.0	1.0	0.0	1.0	3.0	6.0	1.0
274	1.0	1.0	1.0	0.0	1.3330000000000002	4.667	1.0
275	2.0	1.0	1.0	0.0	2.0	4.0	1.0
276	2.0	2.0	1.0	2.0	1.9990000000000006	10.001	3.0
277	2.0	0.0	1.0	0.0	0.6660000000000004	5.334	1.0
278	1.0	0.0	1.0	0.0	0.3330000000000002	2.667	1.0
279	0.0	0.0	0.0	0.0	0.0	0.0	0.0
280	1.0	0.0	1.0	0.0	0.3330000000000002	2.667	1.0
281	1.0	0.0	1.0	0.0	0.3330000000000002	2.667	1.0
282	0.0	0.0	0.0	0.0	0.0	0.0	0.0
283	0.0	0.0	0.0	0.0	0.0	0.0	0.0
284	0.0	0.0	0.0	0.0	0.0	0.0	0.0
285	2.0	0.0	2.0	0.0	0.6660000000000004	5.334	2.0
286	1.0	0.0	1.0	0.0	0.3330000000000002	2.667	1.0
287	3.0	3.0	2.0	2.0	2.333	6.667	2.0
288	3.0	3.0	1.0	1.0	4.0	8.0	2.0
289	0.0	1.0	0.0	0.0	0.3330000000000002	2.667	0.0
290	1.0	1.0	1.0	1.0	2.0	4.0	2.0
291	2.0	3.0	0.0	1.0	2.333	6.667	1.0
292	2.0	2.0	1.0	0.0	2.333	6.667	1.0
293	3.0	0.0	2.0	0.0	3.0	6.0	2.0
294	1.0	1.0	0.0	0.0	2.0	4.0	0.0
295	2.0	0.0	0.0	0.0	0.6660000000000004	5.334	0.0
296	1.0	1.0	1.0	1.0	2.0	4.0	2.0
297	0.0	0.0	0.0	0.0	0.0	0.0	0.0
298	0.0	0.0	0.0	0.0	0.0	0.0	0.0
299	3.0	1.0	1.0	0.0	3.0	6.0	1.0
300	1.0	0.0	0.0	0.0	1.0	2.0	0.0
301	2.0	0.0	0.0	0.0	2.0	4.0	0.0
302	1.0	0.0	0.0	0.0	1.0	2.0	0.0
303	3.0	1.0	2.0	1.0	0.9990000000000006	8.001	2.0
304	2.0	2.0	1.0	0.0	2.333	6.667	1.0
305	1.0	1.0	0.0	0.0	0.6660000000000004	5.334	0.0
306	0.0	0.0	0.0	0.0	0.0	0.0	0.0
307	0.0	0.0	0.0	0.0	0.0	0.0	0.0
308	0.0	0.0	0.0	0.0	0.0	0.0	0.0
309	0.0	0.0	0.0	0.0	0.0	0.0	0.0
310	0.0	0.0	0.0	0.0	0.0	0.0	0.0
311	0.0	0.0	0.0	0.0	0.0	0.0	0.0
312	0.0	0.0	0.0	0.0	0.0	0.0	0.0
313	0.0	0.0	0.0	0.0	0.0	0.0	0.0
314	0.0	0.0	0.0	0.0	0.0	0.0	0.0
315	1.0	0.0	0.0	0.0	0.3330000000000002	2.667	0.0
316	1.0	0.0	0.0	0.0	0.3330000000000002	2.667	0.0
317	1.0	0.0	0.0	0.0	0.3330000000000002	2.667	0.0
318	2.0	2.0	0.0	0.0	1.3330000000000002	4.667	0.0
319	2.0	0.0	1.0	0.0	2.0	4.0	1.0
320	1.0	3.0	0.0	2.0	2.7340000000000004	9.266	2.0
321	2.0	0.0	1.0	0.0	2.0	4.0	1.0
322	1.0	0.0	1.0	0.0	1.0	2.0	1.0
323	0.0	1.0	0.0	0.0	0.6680000000000001	2.332	0.0
324	2.0	1.0	0.0	0.0	1.3330000000000002	4.667	0.0
325	1.0	0.0	0.0	0.0	0.3330000000000002	2.667	0.0
326	0.0	0.0	0.0	0.0	0.0	0.0	0.0
327	2.0	0.0	1.0	0.0	0.6660000000000004	5.334	1.0
328	1.0	1.0	0.0	0.0	1.3330000000000002	4.667	0.0
329	1.0	1.0	1.0	0.0	0.6660000000000004	5.334	1.0
330	1.0	0.0	1.0	0.0	1.0	2.0	1.0
331	1.0	1.0	1.0	0.0	2.0	4.0	1.0
332	0.0	0.0	0.0	0.0	0.0	0.0	0.0
333	1.0	0.0	1.0	0.0	1.0	2.0	1.0
334	1.0	0.0	1.0	0.0	0.3330000000000002	2.667	1.0
335	1.0	0.0	1.0	0.0	1.0	2.0	1.0
336	0.0	3.0	0.0	2.0	2.333	6.667	2.0
337	0.0	1.0	0.0	1.0	0.3330000000000002	2.667	1.0
338	1.0	1.0	0.0	0.0	2.0	4.0	0.0
339	0.0	0.0	0.0	0.0	0.0	0.0	0.0
340	1.0	0.0	0.0	0.0	1.0	2.0	0.0
341	2.0	0.0	1.0	0.0	2.0	4.0	1.0
342	1.0	2.0	1.0	0.0	1.3330000000000002	4.667	1.0
343	1.0	1.0	1.0	1.0	2.0	4.0	2.0
344	2.0	0.0	2.0	0.0	0.6660000000000004	5.334	2.0
345	2.0	0.0	0.0	0.0	2.0	4.0	0.0
346	1.0	0.0	1.0	0.0	0.3330000000000002	2.667	1.0
347	1.0	0.0	0.0	0.0	1.0	2.0	0.0
348	1.0	0.0	0.0	0.0	0.3330000000000002	2.667	0.0
349	1.0	1.0	0.0	0.0	1.733	4.2669999999999995	0.0
350	1.0	1.0	0.0	0.0	2.0	4.0	0.0
351	2.0	2.0	2.0	0.0	1.6660000000000004	7.334	2.0
352	2.0	0.0	0.0	0.0	2.0	4.0	0.0
353	1.0	2.0	0.0	0.0	0.3330000000000002	2.667	0.0
354	1.0	3.0	1.0	2.0	1.6660000000000004	7.334	2.0
355	1.0	1.0	0.0	1.0	0.6660000000000004	5.334	1.0
356	0.0	1.0	0.0	0.0	0.3330000000000002	2.667	0.0
357	2.0	1.0	2.0	0.0	1.3340000000000005	7.6659999999999995	2.0
358	1.0	1.0	0.0	0.0	1.0	2.0	0.0
359	1.0	1.0	1.0	0.0	2.0	4.0	1.0
360	3.0	2.0	2.0	0.0	3.333	8.667	2.0
361	2.0	2.0	1.0	1.0	2.333	6.667	2.0
362	1.0	0.0	0.0	0.0	1.0	2.0	0.0
363	3.0	0.0	0.0	0.0	3.0	6.0	0.0
364	1.0	2.0	0.0	0.0	1.0	2.0	0.0
365	1.0	1.0	0.0	1.0	0.6660000000000004	5.334	1.0
366	3.0	1.0	3.0	1.0	3.0	6.0	3.0
367	1.0	0.0	0.0	0.0	0.3330000000000002	2.667	0.0
368	2.0	1.0	1.0	1.0	1.3330000000000002	4.667	1.0
369	2.0	0.0	1.0	0.0	2.0	4.0	1.0
370	2.0	0.0	0.0	0.0	2.4	3.6	0.0
371	2.0	1.0	1.0	0.0	1.6660000000000004	7.334	1.0
372	2.0	0.0	1.0	0.0	2.0	4.0	1.0
373	3.0	0.0	3.0	0.0	3.0	6.0	3.0
374	0.0	0.0	0.0	0.0	0.0	0.0	0.0
375	0.0	0.0	0.0	0.0	0.0	0.0	0.0
376	0.0	0.0	0.0	0.0	0.0	0.0	0.0
377	1.0	0.0	0.0	0.0	0.3330000000000002	2.667	0.0
378	2.0	1.0	1.0	0.0	2.0	4.0	1.0
379	1.0	0.0	1.0	0.0	0.3330000000000002	2.667	1.0
380	1.0	0.0	0.0	0.0	1.0	2.0	0.0
381	4.0	1.0	3.0	0.0	5.0	10.0	3.0
382	2.0	1.0	0.0	0.0	2.0	4.0	0.0
383	2.0	0.0	0.0	0.0	2.0	4.0	0.0
384	2.0	0.0	2.0	0.0	2.0	4.0	2.0
385	2.0	1.0	1.0	0.0	3.0	6.0	1.0
386	1.0	3.0	1.0	2.0	2.668	6.332	2.0
387	3.0	3.0	1.0	1.0	3.333	8.667	1.0
388	1.0	0.0	0.0	0.0	0.3330000000000002	2.667	0.0
389	0.0	0.0	0.0	0.0	0.0	0.0	0.0
390	0.0	1.0	0.0	0.0	0.3330000000000002	2.667	0.0
391	2.0	0.0	1.0	0.0	0.6660000000000004	5.334	1.0
392	1.0	1.0	1.0	0.0	2.0	4.0	1.0
393	4.0	0.0	3.0	0.0	4.0	8.0	3.0
394	0.0	1.0	0.0	1.0	0.3330000000000002	2.667	1.0
395	1.0	0.0	0.0	0.0	0.3330000000000002	2.667	0.0
396	0.0	2.0	0.0	1.0	1.3330000000000002	4.667	1.0
397	1.0	1.0	0.0	1.0	1.3330000000000002	4.667	1.0
398	0.0	0.0	0.0	0.0	0.0	0.0	0.0
399	1.0	0.0	0.0	0.0	1.0	2.0	0.0
400	1.0	0.0	0.0	0.0	0.3330000000000002	2.667	0.0
401	1.0	1.0	0.0	1.0	2.0	4.0	1.0
402	0.0	0.0	0.0	0.0	0.0	0.0	0.0
403	1.0	0.0	0.0	0.0	1.0	2.0	0.0
404	1.0	0.0	0.0	0.0	0.3330000000000002	2.667	0.0
405	2.0	1.0	1.0	1.0	3.0	6.0	2.0
406	3.0	0.0	1.0	0.0	3.0	6.0	1.0
407	3.0	1.0	0.0	1.0	4.0	8.0	1.0
408	2.0	0.0	2.0	0.0	2.0	4.0	2.0
409	2.0	1.0	1.0	0.0	3.0	6.0	1.0
410	2.0	1.0	1.0	0.0	3.0	6.0	1.0
411	1.0	0.0	1.0	0.0	1.0	2.0	1.0
412	0.0	0.0	0.0	0.0	0.0	0.0	0.0
413	2.0	1.0	0.0	0.0	1.3330000000000002	4.667	0.0
414	2.0	1.0	0.0	0.0	2.0	4.0	0.0
415	1.0	0.0	0.0	0.0	0.3330000000000002	2.667	0.0
416	1.0	1.0	0.0	0.0	1.0	2.0	0.0
417	1.0	0.0	1.0	0.0	0.3330000000000002	2.667	1.0
418	2.0	0.0	2.0	0.0	2.0	4.0	2.0
419	1.0	1.0	0.0	0.0	2.0	4.0	0.0
420	1.0	0.0	1.0	0.0	0.3330000000000002	2.667	1.0
421	3.0	1.0	0.0	0.0	3.0	6.0	0.0
422	2.0	1.0	1.0	0.0	2.0	4.0	1.0
423	1.0	0.0	1.0	0.0	1.0	2.0	1.0
424	1.0	0.0	1.0	0.0	1.0	2.0	1.0
425	0.0	0.0	0.0	0.0	0.0	0.0	0.0
426	2.0	0.0	1.0	0.0	2.0	4.0	1.0
427	1.0	0.0	1.0	0.0	0.3330000000000002	2.667	1.0
428	4.0	0.0	4.0	0.0	4.8	7.2	4.0
429	0.0	0.0	0.0	0.0	0.0	0.0	0.0
430	1.0	0.0	1.0	0.0	0.3330000000000002	2.667	1.0
431	4.0	0.0	3.0	0.0	4.068	7.932	3.0
432	2.0	0.0	1.0	0.0	2.0	4.0	1.0
433	3.0	1.0	1.0	0.0	3.0	6.0	1.0
434	4.0	2.0	3.0	1.0	4.0	11.0	4.0
435	3.0	3.0	2.0	2.0	4.0	8.0	2.0
436	3.0	3.0	2.0	3.0	2.333	6.667	2.0
437	3.0	3.0	0.0	2.0	4.333	10.667	1.0
438	2.0	3.0	2.0	2.0	4.0	8.0	3.0
439	3.0	3.0	0.0	2.0	5.4	9.6	2.0
440	2.0	2.0	2.0	2.0	3.0	6.0	3.0
441	2.0	1.0	1.0	1.0	3.0	6.0	2.0
442	0.0	2.0	0.0	0.0	1.0	2.0	0.0
443	1.0	2.0	1.0	2.0	1.0	2.0	1.0
444	2.0	1.0	1.0	1.0	3.0	6.0	2.0
445	1.0	3.0	1.0	2.0	2.333	6.667	2.0
446	2.0	0.0	1.0	0.0	2.0	4.0	1.0
447	2.0	2.0	1.0	1.0	4.0	8.0	2.0
448	2.0	0.0	1.0	0.0	2.0	4.0	1.0
449	2.0	1.0	2.0	1.0	2.0	4.0	2.0
450	2.0	2.0	1.0	1.0	4.0	8.0	2.0
451	2.0	2.0	2.0	2.0	2.333	6.667	3.0
452	3.0	4.0	1.0	3.0	4.333	10.667	3.0
453	2.0	4.0	1.0	1.0	3.333	8.667	1.0
454	2.0	0.0	2.0	0.0	2.0	4.0	2.0
455	1.0	0.0	1.0	0.0	1.0	2.0	1.0
456	0.0	0.0	0.0	0.0	0.0	0.0	0.0
457	0.0	0.0	0.0	0.0	0.0	0.0	0.0
458	1.0	0.0	1.0	0.0	1.4	1.6	1.0
459	2.0	0.0	2.0	0.0	2.0	4.0	2.0
460	1.0	1.0	0.0	0.0	1.0	2.0	0.0
461	1.0	2.0	1.0	2.0	0.6660000000000004	5.334	2.0
462	1.0	0.0	0.0	0.0	0.3330000000000002	2.667	0.0
463	1.0	3.0	1.0	1.0	4.0	8.0	2.0
464	0.0	0.0	0.0	0.0	0.0	0.0	0.0
465	3.0	2.0	1.0	1.0	5.0	10.0	2.0
466	2.0	1.0	1.0	1.0	2.0	4.0	1.0
467	2.0	2.0	1.0	2.0	2.333	6.667	2.0
468	3.0	0.0	2.0	0.0	3.0	6.0	2.0
469	3.0	2.0	0.0	2.0	5.0	10.0	2.0
470	1.0	1.0	1.0	0.0	2.0	4.0	1.0
471	1.0	2.0	1.0	2.0	1.0	2.0	1.0
472	2.0	1.0	0.0	1.0	3.0	6.0	1.0
473	1.0	2.0	0.0	2.0	2.333	6.667	2.0
474	3.0	3.0	2.0	2.0	6.0	12.0	4.0
475	1.0	1.0	1.0	1.0	2.0	4.0	2.0
476	2.0	1.0	2.0	1.0	2.0	4.0	2.0
477	2.0	2.0	2.0	2.0	3.0	6.0	3.0
478	0.0	2.0	0.0	2.0	1.0	2.0	1.0
479	3.0	2.0	2.0	2.0	2.668	6.332	2.0
480	2.0	2.0	1.0	2.0	2.3360000000000003	6.664	2.0
481	2.0	4.0	2.0	2.0	3.333	8.667	2.0
482	3.0	1.0	2.0	1.0	4.0	8.0	3.0
483	2.0	2.0	1.0	2.0	3.0	6.0	2.0
484	0.0	0.0	0.0	0.0	0.0	0.0	0.0
485	0.0	2.0	0.0	2.0	0.3330000000000002	2.667	1.0
486	3.0	0.0	2.0	0.0	3.0	6.0	2.0
487	1.0	2.0	1.0	0.0	2.0	4.0	1.0
488	2.0	0.0	1.0	0.0	2.0	4.0	1.0
489	3.0	0.0	2.0	0.0	0.9990000000000006	8.001	2.0
490	1.0	0.0	1.0	0.0	1.0	2.0	1.0
491	0.0	0.0	0.0	0.0	0.0	0.0	0.0
492	2.0	0.0	1.0	0.0	2.0	4.0	1.0
493	0.0	2.0	0.0	2.0	1.0	2.0	1.0
494	1.0	2.0	1.0	2.0	0.6660000000000004	5.334	2.0
495	1.0	0.0	0.0	0.0	1.0	2.0	0.0
496	0.0	0.0	0.0	0.0	0.0	0.0	0.0
497	0.0	0.0	0.0	0.0	0.0	0.0	0.0
498	2.0	0.0	1.0	0.0	2.0	4.0	1.0
499	1.0	2.0	0.0	2.0	1.3330000000000002	4.667	1.0
500	1.0	1.0	0.0	1.0	0.6660000000000004	5.334	1.0
501	1.0	3.0	0.0	2.0	4.0	8.0	2.0
502	1.0	4.0	1.0	1.0	3.333	8.667	2.0
503	2.0	2.0	0.0	0.0	3.0	6.0	0.0
504	2.0	0.0	1.0	0.0	2.0	4.0	1.0
505	2.0	1.0	1.0	1.0	2.0	4.0	1.0
506	1.0	0.0	0.0	0.0	1.0	2.0	0.0
507	2.0	3.0	1.0	1.0	5.0	10.0	2.0
508	1.0	0.0	1.0	0.0	1.0	2.0	1.0
509	2.0	0.0	1.0	0.0	2.0	4.0	1.0
510	2.0	2.0	0.0	0.0	3.0	6.0	0.0
511	2.0	2.0	1.0	0.0	2.333	6.667	1.0
512	1.0	1.0	1.0	0.0	2.0	4.0	1.0
513	1.0	2.0	1.0	0.0	2.0	4.0	1.0
514	1.0	2.0	0.0	0.0	0.3330000000000002	2.667	0.0
515	3.0	2.0	1.0	1.0	5.0	10.0	2.0
516	1.0	2.0	0.0	0.0	1.0	2.0	0.0
517	3.0	3.0	2.0	0.0	4.333	10.667	2.0
518	1.0	0.0	1.0	0.0	1.0	2.0	1.0
519	1.0	2.0	0.0	0.0	1.0	2.0	0.0
520	2.0	3.0	1.0	1.0	4.0	8.0	2.0
521	1.0	1.0	0.0	0.0	2.0	4.0	0.0
522	1.0	1.0	0.0	1.0	1.3330000000000002	4.667	1.0
523	1.0	0.0	0.0	0.0	1.0	2.0	0.0
524	0.0	1.0	0.0	0.0	1.0	2.0	0.0
525	0.0	1.0	0.0	0.0	0.3330000000000002	2.667	0.0
526	2.0	2.0	0.0	0.0	3.0	6.0	0.0
527	1.0	0.0	0.0	0.0	0.3330000000000002	2.667	0.0
528	0.0	1.0	0.0	0.0	1.0	2.0	0.0
529	2.0	0.0	1.0	0.0	2.0	4.0	1.0
530	0.0	0.0	0.0	0.0	0.0	0.0	0.0
531	0.0	0.0	0.0	0.0	0.0	0.0	0.0
532	0.0	0.0	0.0	0.0	0.0	0.0	0.0
533	0.0	0.0	0.0	0.0	0.0	0.0	0.0
534	0.0	0.0	0.0	0.0	0.0	0.0	0.0
535	2.0	0.0	0.0	0.0	2.0	4.0	0.0
536	1.0	0.0	0.0	0.0	1.0	2.0	0.0
537	1.0	0.0	0.0	0.0	1.0	2.0	0.0
538	3.0	0.0	1.0	0.0	3.0	6.0	1.0
539	0.0	0.0	0.0	0.0	0.0	0.0	0.0
540	1.0	0.0	1.0	0.0	0.6680000000000001	2.332	1.0
541	1.0	1.0	0.0	0.0	2.0	4.0	0.0
542	2.0	0.0	0.0	0.0	2.0	4.0	0.0
543	0.0	0.0	0.0	0.0	0.0	0.0	0.0
544	2.0	0.0	1.0	0.0	2.0	4.0	1.0
545	1.0	0.0	0.0	0.0	0.3330000000000002	2.667	0.0
546	0.0	0.0	0.0	0.0	0.0	0.0	0.0
547	1.0	0.0	0.0	0.0	0.3330000000000002	2.667	0.0
548	1.0	0.0	0.0	0.0	1.0	2.0	0.0
549	0.0	0.0	0.0	0.0	0.0	0.0	0.0
550	1.0	0.0	0.0	0.0	0.6680000000000001	2.332	0.0
551	2.0	0.0	1.0	0.0	2.0	4.0	1.0
552	2.0	0.0	0.0	0.0	2.0	4.0	0.0
553	2.0	0.0	0.0	0.0	2.0	4.0	0.0
554	2.0	1.0	1.0	0.0	3.0	6.0	1.0
555	2.0	0.0	0.0	0.0	2.0	4.0	0.0
556	0.0	0.0	0.0	0.0	0.0	0.0	0.0
557	2.0	0.0	0.0	0.0	2.0	4.0	0.0
558	0.0	0.0	0.0	0.0	0.0	0.0	0.0
559	0.0	0.0	0.0	0.0	0.0	0.0	0.0
560	2.0	1.0	1.0	0.0	3.0	6.0	1.0
561	1.0	0.0	1.0	0.0	1.0	2.0	1.0
562	0.0	0.0	0.0	0.0	0.0	0.0	0.0
563	0.0	0.0	0.0	0.0	0.0	0.0	0.0
564	1.0	0.0	1.0	0.0	1.0	2.0	1.0
565	0.0	0.0	0.0	0.0	0.0	0.0	0.0
566	1.0	0.0	0.0	0.0	1.0	2.0	0.0
567	1.0	0.0	0.0	0.0	0.3330000000000002	2.667	0.0
568	1.0	0.0	1.0	0.0	0.3330000000000002	2.667	1.0
569	0.0	0.0	0.0	0.0	0.0	0.0	0.0
570	2.0	0.0	1.0	0.0	0.6660000000000004	5.334	1.0
571	2.0	0.0	0.0	0.0	2.0	4.0	0.0
572	2.0	0.0	1.0	0.0	2.0	4.0	1.0
573	0.0	0.0	0.0	0.0	0.0	0.0	0.0
574	1.0	0.0	0.0	0.0	1.0	2.0	0.0
575	0.0	0.0	0.0	0.0	0.0	0.0	0.0
576	2.0	0.0	1.0	0.0	0.6660000000000004	5.334	1.0
577	1.0	1.0	1.0	0.0	2.0	4.0	1.0
578	1.0	2.0	0.0	0.0	1.0	2.0	0.0
579	2.0	0.0	0.0	0.0	2.0	4.0	0.0
580	2.0	1.0	0.0	1.0	3.0	6.0	1.0
581	1.0	0.0	0.0	0.0	1.0	2.0	0.0
582	1.0	1.0	0.0	1.0	1.3330000000000002	4.667	1.0
583	2.0	1.0	1.0	1.0	3.0	6.0	2.0
584	2.0	0.0	2.0	0.0	2.0	4.0	2.0
585	2.0	0.0	1.0	0.0	2.0	4.0	1.0
586	0.0	0.0	0.0	0.0	0.0	0.0	0.0
587	2.0	0.0	1.0	0.0	0.6660000000000004	5.334	1.0
588	3.0	0.0	2.0	0.0	3.0	6.0	2.0
589	1.0	2.0	1.0	1.0	1.6680000000000001	4.332	1.0
590	3.0	0.0	2.0	0.0	3.0	6.0	2.0
591	2.0	0.0	1.0	0.0	2.0	4.0	1.0
592	2.0	1.0	2.0	0.0	0.9990000000000006	8.001	2.0
593	0.0	1.0	0.0	1.0	0.3330000000000002	2.667	1.0
594	1.0	0.0	0.0	0.0	0.3330000000000002	2.667	0.0
595	1.0	0.0	0.0	0.0	1.4	1.6	0.0
596	1.0	0.0	1.0	0.0	0.3330000000000002	2.667	1.0
597	1.0	0.0	0.0	0.0	1.0	2.0	0.0
598	1.0	0.0	0.0	0.0	0.3330000000000002	2.667	0.0
599	2.0	0.0	1.0	0.0	2.0	4.0	1.0
600	0.0	0.0	0.0	0.0	0.0	0.0	0.0
601	0.0	0.0	0.0	0.0	0.0	0.0	0.0
602	0.0	0.0	0.0	0.0	0.0	0.0	0.0
