all_syn	all_nonSyn	tip_syn	tip_nonSyn	S	N	comparisons
001	0.0	0.0	0.0	0.0	0.0	0.0	0.0
002	0.0	3.0	0.0	0.0	0.6660000000000004	5.334	0.0
003	0.0	0.0	0.0	0.0	0.0	0.0	0.0
004	1.0	1.0	0.0	0.0	1.0	2.0	0.0
005	0.0	2.0	0.0	0.0	2.0	4.0	0.0
006	1.0	0.0	0.0	0.0	1.0	2.0	0.0
007	0.0	0.0	0.0	0.0	0.0	0.0	0.0
008	1.0	1.0	0.0	0.0	1.3330000000000002	4.667	0.0
009	1.0	0.0	0.0	0.0	1.0	2.0	0.0
010	0.0	2.0	0.0	0.0	0.6660000000000004	5.334	0.0
011	0.0	1.0	0.0	0.0	1.0	2.0	0.0
012	0.0	1.0	0.0	0.0	0.3330000000000002	2.667	0.0
013	0.0	0.0	0.0	0.0	0.0	0.0	0.0
014	0.0	0.0	0.0	0.0	0.0	0.0	0.0
015	0.0	1.0	0.0	0.0	1.0	2.0	0.0
016	1.0	1.0	0.0	0.0	1.0	2.0	0.0
017	0.0	2.0	0.0	0.0	1.6680000000000001	4.332	0.0
018	1.0	0.0	0.0	0.0	1.4	1.6	0.0
019	1.0	1.0	0.0	0.0	0.3330000000000002	2.667	0.0
020	0.0	1.0	0.0	0.0	0.3330000000000002	2.667	0.0
021	0.0	0.0	0.0	0.0	0.0	0.0	0.0
022	0.0	1.0	0.0	0.0	1.4	1.6	0.0
023	0.0	1.0	0.0	0.0	0.3330000000000002	2.667	0.0
024	0.0	2.0	0.0	0.0	0.3330000000000002	2.667	0.0
025	0.0	0.0	0.0	0.0	0.0	0.0	0.0
026	1.0	0.0	0.0	0.0	0.3330000000000002	2.667	0.0
027	0.0	3.0	0.0	0.0	1.6680000000000001	4.332	0.0
028	0.0	0.0	0.0	0.0	0.0	0.0	0.0
029	1.0	2.0	1.0	1.0	1.0	5.0	1.0
030	1.0	2.0	1.0	1.0	0.6660000000000004	5.334	1.0
031	1.0	1.0	0.0	0.0	1.0	2.0	0.0
032	1.0	0.0	0.0	0.0	1.0	2.0	0.0
033	1.0	2.0	0.0	0.0	0.6660000000000004	5.334	0.0
034	2.0	2.0	1.0	2.0	1.0	5.0	1.0
035	1.0	4.0	0.0	2.0	2.6660000000000004	9.334	2.0
036	1.0	2.0	1.0	2.0	0.9990000000000006	8.001	3.0
037	2.0	3.0	1.0	2.0	4.0	8.0	2.0
038	2.0	4.0	1.0	2.0	4.333	10.667	3.0
039	0.0	3.0	0.0	1.0	1.6660000000000004	7.334	1.0
040	2.0	2.0	1.0	1.0	2.668	6.332	1.0
041	0.0	2.0	0.0	1.0	1.3330000000000002	4.667	1.0
042	1.0	0.0	0.0	0.0	1.0	2.0	0.0
043	0.0	3.0	0.0	1.0	1.3330000000000002	4.667	1.0
044	1.0	2.0	0.0	0.0	1.3330000000000002	4.667	0.0
045	1.0	0.0	0.0	0.0	0.3330000000000002	2.667	0.0
046	1.0	4.0	1.0	2.0	1.6660000000000004	7.334	2.0
047	2.0	4.0	1.0	2.0	3.333	8.667	2.0
048	2.0	3.0	1.0	1.0	0.6660000000000004	5.334	1.0
049	1.0	4.0	1.0	2.0	3.0010000000000003	8.998999999999999	2.0
050	0.0	5.0	0.0	3.0	1.9990000000000006	10.001	3.0
051	3.0	1.0	2.0	1.0	4.068	7.932	3.0
052	2.0	1.0	1.0	0.0	1.6680000000000001	4.332	1.0
053	3.0	5.0	2.0	4.0	2.9990000000000006	15.001	4.0
054	1.0	2.0	1.0	1.0	3.0	6.0	2.0
055	1.0	6.0	1.0	4.0	3.6660000000000004	11.334	4.0
056	3.0	5.0	3.0	3.0	3.9990000000000006	14.001	4.0
057	3.0	4.0	1.0	3.0	4.666	13.334	3.0
058	3.0	5.0	2.0	2.0	4.333	10.667	2.0
059	3.0	3.0	3.0	2.0	4.0	8.0	3.0
060	1.0	1.0	1.0	1.0	1.0	2.0	1.0
061	1.0	3.0	0.0	2.0	4.0	8.0	2.0
062	2.0	2.0	1.0	2.0	2.668	6.332	2.0
063	2.0	2.0	1.0	2.0	4.0	8.0	3.0
064	3.0	3.0	2.0	2.0	4.0	8.0	3.0
065	3.0	4.0	2.0	1.0	5.068	9.932	3.0
066	1.0	2.0	1.0	2.0	0.6660000000000004	5.334	2.0
067	1.0	2.0	1.0	0.0	0.9990000000000006	8.001	1.0
068	3.0	3.0	2.0	2.0	4.404	10.596	3.0
069	2.0	0.0	0.0	0.0	2.0	4.0	0.0
070	1.0	2.0	1.0	2.0	0.6660000000000004	5.334	2.0
071	3.0	2.0	1.0	2.0	3.333	8.667	2.0
072	1.0	1.0	1.0	1.0	1.6680000000000001	4.332	2.0
073	2.0	1.0	2.0	1.0	2.333	6.667	3.0
074	1.0	2.0	0.0	2.0	1.6660000000000004	7.334	2.0
075	1.0	2.0	1.0	2.0	1.0	2.0	1.0
076	1.0	1.0	1.0	1.0	1.0010000000000003	4.999	2.0
077	1.0	2.0	1.0	2.0	1.3330000000000002	4.667	2.0
078	1.0	0.0	1.0	0.0	0.3330000000000002	2.667	1.0
079	3.0	0.0	3.0	0.0	3.0	6.0	3.0
080	2.0	2.0	1.0	2.0	1.3330000000000002	4.667	1.0
081	0.0	0.0	0.0	0.0	0.0	0.0	0.0
082	1.0	2.0	0.0	2.0	1.3330000000000002	4.667	1.0
083	1.0	1.0	1.0	1.0	1.6680000000000001	4.332	2.0
084	2.0	4.0	2.0	4.0	2.333	6.667	3.0
085	1.0	0.0	1.0	0.0	1.0	2.0	1.0
086	2.0	3.0	1.0	3.0	4.0	8.0	3.0
087	3.0	0.0	2.0	0.0	3.0	6.0	2.0
088	2.0	0.0	2.0	0.0	2.0	4.0	2.0
089	0.0	2.0	0.0	2.0	2.068	3.932	2.0
090	1.0	4.0	1.0	3.0	2.0	7.0	2.0
091	2.0	3.0	1.0	2.0	3.333	8.667	2.0
092	1.0	1.0	1.0	1.0	0.3330000000000002	2.667	1.0
093	1.0	0.0	1.0	0.0	1.0	2.0	1.0
094	1.0	5.0	1.0	1.0	2.7340000000000004	9.266	2.0
095	1.0	4.0	1.0	1.0	2.6660000000000004	9.334	2.0
096	2.0	5.0	1.0	3.0	3.3340000000000005	11.666	3.0
097	0.0	2.0	0.0	2.0	0.6660000000000004	5.334	2.0
098	1.0	7.0	1.0	4.0	4.3340000000000005	13.666	4.0
099	2.0	3.0	1.0	0.0	3.333	8.667	1.0
100	2.0	3.0	1.0	3.0	3.333	8.667	3.0
101	1.0	1.0	0.0	1.0	0.6660000000000004	5.334	1.0
102	2.0	1.0	1.0	1.0	2.668	6.332	2.0
103	2.0	0.0	1.0	0.0	0.6660000000000004	5.334	1.0
104	1.0	0.0	1.0	0.0	0.6680000000000001	2.332	1.0
105	1.0	3.0	0.0	2.0	2.668	9.332	2.0
106	0.0	0.0	0.0	0.0	0.0	0.0	0.0
107	2.0	0.0	0.0	0.0	2.0	4.0	0.0
108	3.0	3.0	2.0	1.0	6.4	11.6	3.0
109	1.0	2.0	1.0	1.0	1.3330000000000002	4.667	1.0
110	1.0	2.0	1.0	1.0	2.0	4.0	1.0
111	4.0	3.0	3.0	2.0	3.335000000000001	14.665000000000001	4.0
112	1.0	2.0	0.0	2.0	0.9990000000000006	8.001	2.0
113	1.0	0.0	0.0	0.0	1.0	2.0	0.0
114	3.0	1.0	2.0	1.0	2.736	6.263999999999999	2.0
115	2.0	3.0	1.0	1.0	2.333	6.667	1.0
116	4.0	1.0	1.0	1.0	4.333	10.667	2.0
117	0.0	0.0	0.0	0.0	0.0	0.0	0.0
118	1.0	0.0	1.0	0.0	1.0	2.0	1.0
119	3.0	1.0	2.0	1.0	3.0	6.0	2.0
120	2.0	0.0	1.0	0.0	2.0	4.0	1.0
121	2.0	0.0	1.0	0.0	2.0	4.0	1.0
122	4.0	3.0	1.0	2.0	3.6660000000000004	11.334	2.0
123	3.0	1.0	2.0	1.0	3.333	8.667	3.0
124	0.0	0.0	0.0	0.0	0.0	0.0	0.0
125	0.0	4.0	0.0	3.0	1.0010000000000003	7.999	2.0
126	4.0	5.0	3.0	4.0	5.336	12.664	5.0
127	3.0	2.0	3.0	2.0	1.6660000000000004	7.334	3.0
128	4.0	1.0	3.0	1.0	5.0	10.0	4.0
129	3.0	4.0	2.0	2.0	4.668	10.332	3.0
130	1.0	6.0	0.0	2.0	2.0020000000000007	12.998000000000001	2.0
131	3.0	1.0	1.0	1.0	4.0	8.0	2.0
132	0.0	2.0	0.0	2.0	0.6660000000000004	5.334	2.0
133	2.0	5.0	1.0	5.0	2.3340000000000005	9.666	3.0
134	3.0	1.0	2.0	1.0	2.3370000000000006	9.663	3.0
135	1.0	2.0	0.0	2.0	1.3330000000000002	4.667	1.0
136	2.0	1.0	2.0	1.0	2.668	6.332	3.0
137	2.0	3.0	1.0	1.0	4.0	8.0	2.0
138	1.0	2.0	1.0	1.0	2.0	4.0	1.0
139	2.0	8.0	2.0	5.0	4.333	16.667	4.0
140	1.0	1.0	1.0	1.0	1.0	2.0	1.0
141	2.0	0.0	1.0	0.0	2.0	4.0	1.0
142	1.0	3.0	1.0	3.0	1.6660000000000004	7.334	3.0
143	2.0	3.0	2.0	2.0	3.668	8.332	3.0
144	1.0	1.0	1.0	1.0	1.0	2.0	1.0
145	2.0	2.0	1.0	2.0	2.6660000000000004	9.334	3.0
146	4.0	1.0	3.0	0.0	4.336	10.664	3.0
147	3.0	3.0	2.0	2.0	3.6670000000000007	14.332999999999998	4.0
148	3.0	2.0	1.0	0.0	3.736	8.264	1.0
149	1.0	4.0	1.0	3.0	3.3990000000000005	11.600999999999999	4.0
150	1.0	3.0	1.0	1.0	1.6660000000000004	7.334	2.0
151	1.0	4.0	1.0	1.0	3.3360000000000003	8.664	1.0
152	1.0	5.0	1.0	3.0	3.9990000000000006	14.001	4.0
153	2.0	5.0	1.0	5.0	4.3340000000000005	13.666	5.0
154	3.0	3.0	2.0	2.0	2.9990000000000006	12.001	3.0
155	1.0	4.0	1.0	1.0	3.6660000000000004	11.334	2.0
156	1.0	2.0	1.0	2.0	1.0	2.0	1.0
157	0.0	1.0	0.0	1.0	0.3330000000000002	2.667	1.0
158	1.0	5.0	0.0	3.0	4.3340000000000005	13.665999999999999	3.0
159	2.0	1.0	2.0	1.0	1.3330000000000002	4.667	2.0
160	1.0	4.0	0.0	2.0	2.3340000000000005	9.666	2.0
161	2.0	3.0	1.0	2.0	5.0	10.0	3.0
162	4.0	1.0	3.0	1.0	5.933	9.066999999999998	4.0
163	1.0	4.0	1.0	2.0	2.6660000000000004	9.334	3.0
164	2.0	4.0	1.0	3.0	4.0	11.0	3.0
165	3.0	3.0	2.0	3.0	3.0010000000000003	8.998999999999999	3.0
166	1.0	8.0	0.0	4.0	3.6660000000000013	20.334	3.0
167	0.0	5.0	0.0	3.0	0.6660000000000004	11.334	2.0
168	1.0	4.0	1.0	2.0	1.9990000000000006	10.001	2.0
169	2.0	0.0	1.0	0.0	0.6660000000000004	5.334	1.0
170	1.0	0.0	1.0	0.0	1.0	2.0	1.0
171	4.0	8.0	2.0	6.0	4.9990000000000006	19.000999999999998	5.0
172	3.0	1.0	1.0	1.0	1.6660000000000004	7.334	1.0
173	2.0	6.0	2.0	4.0	4.666	13.334	4.0
174	3.0	2.0	2.0	1.0	5.0	10.0	3.0
175	3.0	6.0	1.0	4.0	6.333	14.667	3.0
176	1.0	0.0	1.0	0.0	1.0	2.0	1.0
177	0.0	6.0	0.0	4.0	4.3340000000000005	13.665999999999999	4.0
178	3.0	2.0	1.0	1.0	3.3360000000000003	8.664	2.0
179	4.0	2.0	4.0	2.0	3.4	5.6	3.0
180	2.0	1.0	1.0	1.0	2.333	6.667	2.0
181	0.0	2.0	0.0	2.0	1.0	2.0	1.0
182	2.0	1.0	1.0	1.0	3.0	6.0	2.0
183	3.0	0.0	2.0	0.0	3.0	6.0	2.0
184	4.0	1.0	3.0	1.0	3.4010000000000002	8.599	3.0
185	3.0	2.0	2.0	1.0	4.068	7.932	3.0
186	1.0	3.0	1.0	2.0	1.3320000000000007	10.668	3.0
187	2.0	3.0	2.0	3.0	2.333	6.667	3.0
188	2.0	4.0	2.0	3.0	3.670000000000001	14.329999999999998	5.0
189	2.0	0.0	0.0	0.0	2.0	4.0	0.0
190	3.0	5.0	1.0	3.0	5.9990000000000006	18.000999999999998	4.0
191	3.0	4.0	2.0	4.0	4.668	10.332	4.0
192	1.0	0.0	0.0	0.0	0.3330000000000002	2.667	0.0
193	1.0	5.0	1.0	3.0	4.069000000000001	13.931	4.0
194	1.0	6.0	0.0	3.0	3.3320000000000007	14.668	2.0
195	3.0	6.0	1.0	4.0	5.666	15.334	3.0
196	0.0	0.0	0.0	0.0	0.0	0.0	0.0
197	0.0	0.0	0.0	0.0	0.0	0.0	0.0
198	1.0	4.0	0.0	2.0	3.333	11.667	2.0
199	1.0	4.0	1.0	1.0	1.9990000000000006	10.001	2.0
200	1.0	7.0	1.0	5.0	0.9990000000000006	11.001	3.0
201	3.0	5.0	3.0	4.0	4.666	13.334	5.0
202	2.0	5.0	1.0	3.0	2.3320000000000007	12.668	2.0
203	0.0	9.0	0.0	6.0	3.0020000000000007	14.998	4.0
204	1.0	8.0	1.0	3.0	3.3320000000000007	14.668	3.0
205	1.0	7.0	1.0	6.0	3.3320000000000007	14.668	5.0
206	2.0	3.0	2.0	1.0	2.0010000000000003	6.999	2.0
207	3.0	4.0	2.0	3.0	2.3320000000000007	12.668	3.0
208	2.0	6.0	2.0	4.0	5.3340000000000005	15.666	5.0
209	4.0	4.0	3.0	2.0	3.3360000000000003	11.664	3.0
210	3.0	2.0	2.0	1.0	4.0	8.0	3.0
211	2.0	2.0	2.0	2.0	2.668	6.332	3.0
212	2.0	0.0	0.0	0.0	0.6660000000000004	5.334	0.0
213	2.0	5.0	2.0	3.0	4.005000000000001	13.995000000000001	4.0
214	2.0	3.0	2.0	3.0	2.733	6.2669999999999995	3.0
215	0.0	0.0	0.0	0.0	0.0	0.0	0.0
216	3.0	0.0	2.0	0.0	3.4	5.6	2.0
217	4.0	1.0	1.0	1.0	5.136	9.864	2.0
218	0.0	5.0	0.0	4.0	1.3320000000000007	10.668	3.0
219	2.0	4.0	2.0	3.0	3.6670000000000007	14.333	5.0
220	2.0	2.0	0.0	1.0	2.0040000000000004	9.995999999999999	1.0
221	1.0	3.0	0.0	2.0	3.333	8.667	2.0
222	1.0	7.0	1.0	4.0	2.998000000000001	18.002	4.0
223	2.0	3.0	1.0	3.0	1.3320000000000007	10.668	3.0
224	4.0	2.0	3.0	1.0	3.6660000000000004	11.334	4.0
225	2.0	5.0	1.0	3.0	4.333	10.667	3.0
226	3.0	4.0	3.0	2.0	4.333	10.667	3.0
227	2.0	1.0	2.0	1.0	0.9990000000000006	8.001	3.0
228	0.0	0.0	0.0	0.0	0.0	0.0	0.0
229	0.0	0.0	0.0	0.0	0.0	0.0	0.0
230	0.0	3.0	0.0	3.0	0.3330000000000002	5.667	2.0
231	2.0	7.0	1.0	5.0	4.666	13.334	3.0
232	1.0	3.0	1.0	2.0	3.0010000000000003	8.998999999999999	3.0
233	2.0	3.0	1.0	3.0	3.668	8.332	3.0
234	4.0	5.0	2.0	3.0	4.666	13.334	3.0
235	1.0	2.0	1.0	0.0	2.333	6.667	1.0
236	3.0	6.0	2.0	4.0	4.002000000000001	16.997999999999998	5.0
237	3.0	1.0	2.0	1.0	2.668	6.332	2.0
238	3.0	0.0	1.0	0.0	3.0	6.0	1.0
239	2.0	3.0	1.0	2.0	3.333	8.667	3.0
240	3.0	2.0	1.0	2.0	4.336	10.664000000000001	3.0
241	1.0	3.0	1.0	2.0	2.3360000000000003	6.664	2.0
242	1.0	5.0	1.0	2.0	1.665000000000001	13.334999999999999	3.0
243	3.0	2.0	1.0	2.0	3.333	8.667	2.0
244	2.0	7.0	1.0	4.0	4.401	10.599	3.0
245	1.0	0.0	1.0	0.0	0.3330000000000002	2.667	1.0
246	0.0	0.0	0.0	0.0	0.0	0.0	0.0
247	3.0	5.0	2.0	3.0	5.002000000000001	15.997999999999998	4.0
248	3.0	4.0	3.0	2.0	4.333	10.667	4.0
249	1.0	0.0	1.0	0.0	0.3330000000000002	2.667	1.0
250	2.0	1.0	2.0	1.0	2.0	7.0	3.0
251	3.0	5.0	1.0	5.0	4.666	13.334	4.0
252	2.0	3.0	2.0	3.0	4.0	8.0	4.0
253	2.0	2.0	1.0	1.0	0.9990000000000006	8.001	1.0
254	3.0	6.0	2.0	4.0	3.9990000000000006	14.001	4.0
255	3.0	4.0	1.0	2.0	2.3320000000000007	12.668	2.0
256	3.0	3.0	2.0	1.0	5.0	10.0	3.0
257	3.0	3.0	3.0	2.0	4.333	10.667	4.0
258	2.0	4.0	1.0	2.0	2.333	6.667	1.0
259	3.0	3.0	2.0	2.0	3.6690000000000005	14.331	4.0
260	2.0	1.0	1.0	1.0	1.733	4.2669999999999995	1.0
261	1.0	3.0	1.0	3.0	2.333	6.667	3.0
262	2.0	0.0	2.0	0.0	0.6660000000000004	5.334	2.0
263	3.0	0.0	3.0	0.0	3.0	6.0	3.0
264	3.0	0.0	1.0	0.0	3.0	6.0	1.0
265	1.0	3.0	0.0	0.0	2.3340000000000005	9.666	0.0
266	2.0	3.0	1.0	2.0	3.668	11.332	3.0
267	3.0	5.0	2.0	4.0	4.666	13.334	4.0
268	2.0	8.0	0.0	6.0	4.665000000000001	19.335	4.0
269	3.0	6.0	1.0	4.0	4.3340000000000005	13.666	3.0
270	3.0	4.0	1.0	4.0	5.333	12.667	4.0
271	2.0	2.0	1.0	2.0	1.3320000000000007	10.668	3.0
272	2.0	6.0	1.0	4.0	4.666	13.334	4.0
273	2.0	7.0	1.0	4.0	5.666	15.334	3.0
274	5.0	5.0	3.0	4.0	7.6690000000000005	19.331	6.0
275	3.0	7.0	2.0	4.0	5.9990000000000006	18.000999999999998	5.0
276	3.0	8.0	1.0	5.0	5.002000000000001	15.997999999999998	4.0
277	1.0	8.0	1.0	4.0	2.3320000000000007	15.668	3.0
278	3.0	6.0	3.0	4.0	6.001	14.999	5.0
279	1.0	2.0	1.0	1.0	1.3330000000000002	4.667	1.0
280	1.0	1.0	1.0	1.0	1.0	2.0	1.0
281	0.0	6.0	0.0	3.0	5.001	12.998999999999999	3.0
282	0.0	5.0	0.0	3.0	1.6660000000000004	7.334	2.0
283	1.0	6.0	0.0	2.0	4.066000000000001	10.934	1.0
284	4.0	2.0	3.0	1.0	1.9990000000000006	10.001	3.0
285	0.0	4.0	0.0	4.0	1.6660000000000004	7.334	3.0
286	1.0	4.0	1.0	4.0	1.6660000000000004	7.334	3.0
287	2.0	3.0	2.0	3.0	1.3330000000000002	4.667	2.0
288	2.0	6.0	1.0	5.0	3.3990000000000005	11.600999999999999	4.0
289	3.0	5.0	3.0	4.0	3.4010000000000002	11.599	4.0
290	2.0	6.0	1.0	4.0	2.998000000000001	18.002	4.0
291	3.0	5.0	2.0	5.0	3.3320000000000007	14.668	5.0
292	3.0	7.0	3.0	3.0	4.9990000000000006	16.000999999999998	4.0
293	3.0	8.0	1.0	4.0	7.402	19.598	4.0
294	3.0	3.0	1.0	2.0	3.668	8.332	2.0
295	1.0	6.0	1.0	5.0	2.9990000000000006	12.001	4.0
296	3.0	5.0	2.0	4.0	2.3340000000000005	9.666	2.0
297	1.0	4.0	1.0	3.0	2.6660000000000004	9.334	3.0
298	2.0	5.0	1.0	4.0	3.9990000000000006	14.001	4.0
299	1.0	6.0	0.0	2.0	4.332000000000001	16.668	2.0
300	2.0	2.0	2.0	0.0	3.0	6.0	2.0
301	0.0	1.0	0.0	0.0	1.0	2.0	0.0
302	0.0	1.0	0.0	0.0	1.0	2.0	0.0
303	1.0	1.0	0.0	1.0	1.6680000000000001	4.332	1.0
304	1.0	4.0	1.0	1.0	0.9990000000000006	11.001	2.0
305	1.0	3.0	0.0	1.0	2.0010000000000003	6.999	1.0
306	3.0	1.0	1.0	0.0	2.0010000000000003	6.999	1.0
307	1.0	1.0	1.0	1.0	1.0	2.0	1.0
308	2.0	4.0	2.0	2.0	3.333	8.667	2.0
309	2.0	3.0	1.0	1.0	3.333	8.667	2.0
310	2.0	3.0	1.0	1.0	0.6660000000000004	5.334	1.0
311	2.0	2.0	2.0	1.0	2.6660000000000004	9.334	3.0
312	1.0	5.0	1.0	4.0	2.6660000000000004	9.334	3.0
313	1.0	3.0	1.0	3.0	0.3330000000000002	5.667	2.0
314	1.0	9.0	0.0	6.0	3.6670000000000007	14.332999999999998	3.0
315	2.0	3.0	2.0	2.0	1.6670000000000007	10.332999999999998	3.0
316	0.0	1.0	0.0	1.0	0.3330000000000002	2.667	1.0
317	0.0	3.0	0.0	2.0	0.3330000000000002	5.667	1.0
318	0.0	0.0	0.0	0.0	0.0	0.0	0.0
319	0.0	0.0	0.0	0.0	0.0	0.0	0.0
320	0.0	0.0	0.0	0.0	0.0	0.0	0.0
321	0.0	0.0	0.0	0.0	0.0	0.0	0.0
322	0.0	1.0	0.0	1.0	0.3330000000000002	2.667	1.0
323	1.0	2.0	1.0	1.0	1.3330000000000002	4.667	1.0
324	0.0	1.0	0.0	0.0	0.3330000000000002	2.667	0.0
325	1.0	2.0	1.0	2.0	0.3330000000000002	2.667	1.0
326	1.0	1.0	1.0	1.0	0.3330000000000002	2.667	1.0
327	0.0	0.0	0.0	0.0	0.0	0.0	0.0
328	4.0	3.0	3.0	0.0	6.0	12.0	3.0
329	0.0	8.0	0.0	8.0	3.0020000000000007	14.998000000000001	6.0
330	4.0	6.0	3.0	4.0	6.672000000000001	17.328	5.0
331	4.0	7.0	2.0	4.0	6.3340000000000005	17.665999999999997	4.0
332	2.0	7.0	1.0	2.0	5.002000000000001	15.997999999999998	3.0
333	2.0	5.0	1.0	3.0	4.9990000000000006	16.000999999999998	4.0
334	4.0	7.0	4.0	4.0	7.067	19.933	6.0
335	3.0	4.0	1.0	3.0	3.6660000000000004	11.334	2.0
336	1.0	4.0	0.0	3.0	3.3990000000000005	11.600999999999999	3.0
337	3.0	4.0	3.0	1.0	3.6660000000000004	11.334	3.0
338	3.0	4.0	1.0	2.0	2.6660000000000004	9.334	2.0
339	4.0	1.0	3.0	1.0	4.0	8.0	3.0
340	4.0	2.0	2.0	2.0	4.0	8.0	2.0
341	2.0	6.0	2.0	5.0	2.6660000000000004	9.334	3.0
342	1.0	6.0	1.0	4.0	3.7340000000000004	11.266	3.0
343	2.0	4.0	2.0	3.0	1.9990000000000006	10.001	3.0
344	3.0	2.0	2.0	1.0	2.6660000000000004	9.334	2.0
345	2.0	4.0	2.0	1.0	2.3320000000000007	12.668	3.0
346	0.0	3.0	0.0	2.0	1.6660000000000004	7.334	2.0
347	0.0	4.0	0.0	2.0	3.0	6.0	2.0
348	1.0	3.0	1.0	1.0	1.3330000000000002	4.667	1.0
349	3.0	2.0	1.0	1.0	2.333	6.667	1.0
350	3.0	2.0	3.0	2.0	3.333	8.667	4.0
351	2.0	3.0	2.0	3.0	2.3360000000000003	6.664	3.0
352	0.0	0.0	0.0	0.0	0.0	0.0	0.0
353	0.0	0.0	0.0	0.0	0.0	0.0	0.0
354	0.0	0.0	0.0	0.0	0.0	0.0	0.0
355	1.0	3.0	0.0	0.0	1.3330000000000002	4.667	0.0
356	1.0	4.0	0.0	2.0	2.6660000000000004	9.334	2.0
357	3.0	2.0	0.0	0.0	4.668	10.332	0.0
358	3.0	4.0	2.0	1.0	3.6660000000000004	11.334	2.0
359	2.0	3.0	1.0	2.0	2.6660000000000004	9.334	3.0
360	1.0	4.0	0.0	3.0	2.333	9.667	2.0
361	4.0	1.0	3.0	1.0	3.0010000000000003	8.998999999999999	3.0
362	1.0	2.0	0.0	0.0	1.0	2.0	0.0
363	3.0	3.0	2.0	3.0	3.068	5.932	2.0
364	2.0	3.0	1.0	1.0	4.333	10.667	2.0
365	2.0	2.0	1.0	2.0	1.3330000000000002	4.667	1.0
366	2.0	4.0	1.0	2.0	3.0	6.0	2.0
367	3.0	2.0	1.0	2.0	3.0	9.0	2.0
368	4.0	7.0	1.0	5.0	4.666	16.334	4.0
369	4.0	5.0	1.0	3.0	3.6660000000000004	11.334	2.0
370	0.0	0.0	0.0	0.0	0.0	0.0	0.0
371	0.0	0.0	0.0	0.0	0.0	0.0	0.0
372	0.0	0.0	0.0	0.0	0.0	0.0	0.0
373	0.0	0.0	0.0	0.0	0.0	0.0	0.0
374	0.0	0.0	0.0	0.0	0.0	0.0	0.0
375	1.0	5.0	0.0	1.0	2.6660000000000004	9.334	1.0
376	1.0	6.0	1.0	3.0	2.9990000000000006	12.001	2.0
377	2.0	4.0	0.0	0.0	1.6660000000000004	7.334	0.0
378	2.0	4.0	1.0	2.0	2.6660000000000004	9.334	2.0
379	1.0	5.0	0.0	2.0	2.9990000000000006	12.001	2.0
380	0.0	5.0	0.0	3.0	3.0010000000000003	8.998999999999999	2.0
381	3.0	3.0	0.0	2.0	4.001	10.999	2.0
382	2.0	4.0	0.0	1.0	3.0	6.0	1.0
383	1.0	3.0	0.0	0.0	1.6680000000000001	4.332	0.0
384	3.0	2.0	2.0	0.0	2.0010000000000003	6.999	1.0
385	0.0	1.0	0.0	1.0	0.3330000000000002	2.667	1.0
386	1.0	2.0	0.0	2.0	0.6660000000000004	5.334	1.0
387	1.0	5.0	0.0	1.0	3.6670000000000007	14.332999999999998	1.0
388	1.0	7.0	1.0	2.0	3.9990000000000006	14.001	2.0
389	2.0	3.0	2.0	2.0	2.333	6.667	2.0
390	3.0	5.0	1.0	2.0	5.0	10.0	2.0
391	2.0	4.0	1.0	1.0	2.6660000000000004	9.334	1.0
392	2.0	3.0	1.0	2.0	2.333	9.667	2.0
393	3.0	5.0	2.0	2.0	6.0	12.0	3.0
394	2.0	4.0	1.0	3.0	3.6660000000000004	11.334	3.0
395	3.0	3.0	2.0	1.0	5.4	9.6	2.0
396	2.0	4.0	1.0	2.0	2.0010000000000003	9.998999999999999	2.0
397	1.0	2.0	1.0	1.0	2.333	6.667	2.0
398	1.0	4.0	0.0	3.0	4.0	8.0	2.0
399	2.0	3.0	0.0	1.0	2.0010000000000003	6.999	1.0
400	1.0	2.0	0.0	1.0	1.6660000000000004	7.334	1.0
401	1.0	5.0	0.0	1.0	2.6660000000000004	12.334	1.0
402	2.0	4.0	0.0	1.0	3.6660000000000004	11.334	1.0
403	1.0	5.0	1.0	3.0	2.6690000000000005	9.331	2.0
404	2.0	4.0	1.0	0.0	2.333	6.667	1.0
405	1.0	2.0	1.0	1.0	1.3330000000000002	4.667	1.0
406	1.0	3.0	0.0	1.0	2.0010000000000003	6.999	1.0
407	2.0	2.0	1.0	2.0	2.668	9.332	3.0
408	2.0	1.0	0.0	0.0	1.733	4.2669999999999995	0.0
409	3.0	3.0	1.0	0.0	2.6660000000000004	9.334	1.0
410	0.0	5.0	0.0	4.0	1.3330000000000002	7.667	2.0
411	1.0	5.0	1.0	1.0	5.333	12.667	2.0
412	2.0	2.0	0.0	2.0	2.333	6.667	1.0
413	2.0	2.0	0.0	0.0	1.3330000000000002	4.667	0.0
414	2.0	2.0	1.0	0.0	4.068	7.932	1.0
415	1.0	2.0	0.0	0.0	2.4	3.6	0.0
416	1.0	1.0	0.0	1.0	1.0010000000000003	4.999	1.0
417	1.0	2.0	0.0	0.0	1.3330000000000002	4.667	0.0
418	1.0	1.0	0.0	0.0	2.0	4.0	0.0
419	1.0	2.0	0.0	0.0	1.0	2.0	0.0
420	0.0	3.0	0.0	1.0	1.0010000000000003	4.999	1.0
421	1.0	2.0	0.0	0.0	1.6660000000000004	7.334	0.0
422	1.0	3.0	1.0	0.0	3.333	8.667	1.0
423	1.0	2.0	1.0	1.0	1.3330000000000002	4.667	1.0
424	0.0	2.0	0.0	2.0	0.3330000000000002	2.667	1.0
425	0.0	3.0	0.0	1.0	0.3330000000000002	5.667	1.0
426	0.0	0.0	0.0	0.0	0.0	0.0	0.0
427	0.0	0.0	0.0	0.0	0.0	0.0	0.0
428	0.0	0.0	0.0	0.0	0.0	0.0	0.0
429	0.0	0.0	0.0	0.0	0.0	0.0	0.0
430	0.0	0.0	0.0	0.0	0.0	0.0	0.0
431	0.0	0.0	0.0	0.0	0.0	0.0	0.0
432	0.0	0.0	0.0	0.0	0.0	0.0	0.0
