all_syn	all_nonSyn	tip_syn	tip_nonSyn	S	N	comparisons
001	0.0	0.0	0.0	0.0	0.0	0.0	0.0
002	0.0	0.0	0.0	0.0	0.0	0.0	0.0
003	0.0	0.0	0.0	0.0	0.0	0.0	0.0
004	0.0	0.0	0.0	0.0	0.0	0.0	0.0
005	0.0	0.0	0.0	0.0	0.0	0.0	0.0
006	0.0	0.0	0.0	0.0	0.0	0.0	0.0
007	0.0	0.0	0.0	0.0	0.0	0.0	0.0
008	0.0	0.0	0.0	0.0	0.0	0.0	0.0
009	0.0	0.0	0.0	0.0	0.0	0.0	0.0
010	0.0	0.0	0.0	0.0	0.0	0.0	0.0
011	0.0	0.0	0.0	0.0	0.0	0.0	0.0
012	0.0	0.0	0.0	0.0	0.0	0.0	0.0
013	0.0	0.0	0.0	0.0	0.0	0.0	0.0
014	0.0	0.0	0.0	0.0	0.0	0.0	0.0
015	0.0	0.0	0.0	0.0	0.0	0.0	0.0
016	0.0	0.0	0.0	0.0	0.0	0.0	0.0
017	0.0	0.0	0.0	0.0	0.0	0.0	0.0
018	0.0	0.0	0.0	0.0	0.0	0.0	0.0
019	0.0	0.0	0.0	0.0	0.0	0.0	0.0
020	0.0	0.0	0.0	0.0	0.0	0.0	0.0
021	0.0	0.0	0.0	0.0	0.0	0.0	0.0
022	0.0	0.0	0.0	0.0	0.0	0.0	0.0
023	0.0	0.0	0.0	0.0	0.0	0.0	0.0
024	0.0	0.0	0.0	0.0	0.0	0.0	0.0
025	0.0	0.0	0.0	0.0	0.0	0.0	0.0
026	0.0	0.0	0.0	0.0	0.0	0.0	0.0
027	0.0	0.0	0.0	0.0	0.0	0.0	0.0
028	0.0	0.0	0.0	0.0	0.0	0.0	0.0
029	0.0	0.0	0.0	0.0	0.0	0.0	0.0
030	0.0	0.0	0.0	0.0	0.0	0.0	0.0
031	0.0	0.0	0.0	0.0	0.0	0.0	0.0
032	0.0	0.0	0.0	0.0	0.0	0.0	0.0
033	0.0	0.0	0.0	0.0	0.0	0.0	0.0
034	0.0	0.0	0.0	0.0	0.0	0.0	0.0
035	0.0	0.0	0.0	0.0	0.0	0.0	0.0
036	0.0	0.0	0.0	0.0	0.0	0.0	0.0
037	0.0	0.0	0.0	0.0	0.0	0.0	0.0
038	0.0	0.0	0.0	0.0	0.0	0.0	0.0
039	0.0	0.0	0.0	0.0	0.0	0.0	0.0
040	0.0	0.0	0.0	0.0	0.0	0.0	0.0
041	0.0	0.0	0.0	0.0	0.0	0.0	0.0
042	0.0	0.0	0.0	0.0	0.0	0.0	0.0
043	0.0	0.0	0.0	0.0	0.0	0.0	0.0
044	0.0	0.0	0.0	0.0	0.0	0.0	0.0
045	0.0	0.0	0.0	0.0	0.0	0.0	0.0
046	0.0	0.0	0.0	0.0	0.0	0.0	0.0
047	0.0	0.0	0.0	0.0	0.0	0.0	0.0
048	0.0	0.0	0.0	0.0	0.0	0.0	0.0
049	0.0	0.0	0.0	0.0	0.0	0.0	0.0
050	0.0	0.0	0.0	0.0	0.0	0.0	0.0
051	0.0	1.0	0.0	0.0	1.0	2.0	0.0
052	0.0	0.0	0.0	0.0	0.0	0.0	0.0
053	0.0	0.0	0.0	0.0	0.0	0.0	0.0
054	0.0	0.0	0.0	0.0	0.0	0.0	0.0
055	0.0	0.0	0.0	0.0	0.0	0.0	0.0
056	0.0	0.0	0.0	0.0	0.0	0.0	0.0
057	0.0	0.0	0.0	0.0	0.0	0.0	0.0
058	0.0	0.0	0.0	0.0	0.0	0.0	0.0
059	0.0	0.0	0.0	0.0	0.0	0.0	0.0
060	0.0	0.0	0.0	0.0	0.0	0.0	0.0
061	0.0	0.0	0.0	0.0	0.0	0.0	0.0
062	0.0	0.0	0.0	0.0	0.0	0.0	0.0
063	0.0	0.0	0.0	0.0	0.0	0.0	0.0
064	0.0	0.0	0.0	0.0	0.0	0.0	0.0
065	0.0	0.0	0.0	0.0	0.0	0.0	0.0
066	0.0	0.0	0.0	0.0	0.0	0.0	0.0
067	0.0	0.0	0.0	0.0	0.0	0.0	0.0
068	0.0	0.0	0.0	0.0	0.0	0.0	0.0
069	1.0	2.0	0.0	1.0	1.6660000000000004	7.334	1.0
070	3.0	1.0	2.0	1.0	3.0	6.0	2.0
071	1.0	0.0	0.0	0.0	1.0	2.0	0.0
072	1.0	0.0	0.0	0.0	0.3330000000000002	2.667	0.0
073	0.0	0.0	0.0	0.0	0.0	0.0	0.0
074	0.0	0.0	0.0	0.0	0.0	0.0	0.0
075	1.0	0.0	0.0	0.0	0.3330000000000002	2.667	0.0
076	1.0	2.0	0.0	0.0	0.3330000000000002	2.667	0.0
077	3.0	0.0	1.0	0.0	3.4	5.6	1.0
078	2.0	0.0	1.0	0.0	0.6660000000000004	5.334	1.0
079	3.0	0.0	3.0	0.0	3.0	6.0	3.0
080	3.0	0.0	2.0	0.0	3.0	6.0	2.0
081	2.0	0.0	0.0	0.0	2.0	4.0	0.0
082	2.0	0.0	1.0	0.0	2.0	4.0	1.0
083	1.0	0.0	1.0	0.0	0.3330000000000002	2.667	1.0
084	2.0	0.0	2.0	0.0	2.0	4.0	2.0
085	1.0	0.0	1.0	0.0	1.0	2.0	1.0
086	0.0	0.0	0.0	0.0	0.0	0.0	0.0
087	2.0	0.0	2.0	0.0	2.4	3.6	2.0
088	1.0	0.0	1.0	0.0	1.4	1.6	1.0
089	3.0	1.0	2.0	0.0	3.0	6.0	2.0
090	1.0	0.0	1.0	0.0	0.3330000000000002	2.667	1.0
091	0.0	0.0	0.0	0.0	0.0	0.0	0.0
092	1.0	0.0	0.0	0.0	0.6680000000000001	2.332	0.0
093	4.0	0.0	2.0	0.0	4.0	8.0	2.0
094	2.0	0.0	2.0	0.0	0.6660000000000004	5.334	2.0
095	1.0	0.0	0.0	0.0	1.0	2.0	0.0
096	0.0	1.0	0.0	1.0	0.3330000000000002	2.667	1.0
097	2.0	0.0	1.0	0.0	2.4	3.6	1.0
098	2.0	1.0	1.0	1.0	0.9990000000000006	8.001	2.0
099	0.0	0.0	0.0	0.0	0.0	0.0	0.0
100	1.0	0.0	1.0	0.0	0.3330000000000002	2.667	1.0
101	1.0	0.0	0.0	0.0	0.3330000000000002	2.667	0.0
102	2.0	0.0	1.0	0.0	2.4	3.6	1.0
103	1.0	0.0	0.0	0.0	1.0	2.0	0.0
104	3.0	0.0	2.0	0.0	3.0	6.0	2.0
105	0.0	0.0	0.0	0.0	0.0	0.0	0.0
106	0.0	0.0	0.0	0.0	0.0	0.0	0.0
107	0.0	0.0	0.0	0.0	0.0	0.0	0.0
108	1.0	0.0	1.0	0.0	1.0	2.0	1.0
109	1.0	2.0	1.0	2.0	0.9990000000000006	8.001	3.0
110	1.0	0.0	0.0	0.0	0.3330000000000002	2.667	0.0
111	1.0	0.0	1.0	0.0	1.0	2.0	1.0
112	0.0	0.0	0.0	0.0	0.0	0.0	0.0
113	1.0	2.0	0.0	1.0	1.6660000000000004	7.334	1.0
114	1.0	0.0	1.0	0.0	1.0	2.0	1.0
115	2.0	1.0	2.0	1.0	0.9990000000000006	8.001	3.0
116	0.0	0.0	0.0	0.0	0.0	0.0	0.0
117	1.0	1.0	1.0	1.0	1.6680000000000001	4.332	2.0
118	0.0	0.0	0.0	0.0	0.0	0.0	0.0
119	3.0	0.0	1.0	0.0	2.736	6.263999999999999	1.0
120	2.0	1.0	1.0	0.0	0.6660000000000004	5.334	1.0
121	2.0	0.0	1.0	0.0	1.3360000000000003	4.664	1.0
122	2.0	0.0	2.0	0.0	0.6680000000000001	2.332	1.0
123	0.0	0.0	0.0	0.0	0.0	0.0	0.0
124	1.0	5.0	0.0	2.0	3.333	8.667	2.0
125	3.0	1.0	1.0	1.0	1.3320000000000007	10.668	2.0
126	2.0	0.0	1.0	0.0	2.0	4.0	1.0
127	2.0	0.0	1.0	0.0	2.0	4.0	1.0
128	1.0	0.0	1.0	0.0	0.3330000000000002	2.667	1.0
129	1.0	0.0	0.0	0.0	0.3330000000000002	2.667	0.0
130	1.0	0.0	1.0	0.0	0.3330000000000002	2.667	1.0
131	3.0	0.0	2.0	0.0	3.0	6.0	2.0
132	2.0	0.0	1.0	0.0	0.6660000000000004	5.334	1.0
133	0.0	0.0	0.0	0.0	0.0	0.0	0.0
134	0.0	0.0	0.0	0.0	0.0	0.0	0.0
135	0.0	0.0	0.0	0.0	0.0	0.0	0.0
136	2.0	0.0	2.0	0.0	2.0	4.0	2.0
137	1.0	0.0	1.0	0.0	1.0	2.0	1.0
138	2.0	0.0	1.0	0.0	2.0	4.0	1.0
139	0.0	6.0	0.0	3.0	1.3320000000000007	10.668	2.0
140	0.0	2.0	0.0	1.0	1.3330000000000002	4.667	1.0
141	2.0	0.0	0.0	0.0	2.0	4.0	0.0
142	2.0	0.0	1.0	0.0	1.3360000000000003	4.664	1.0
143	0.0	0.0	0.0	0.0	0.0	0.0	0.0
144	2.0	1.0	1.0	1.0	3.0	6.0	2.0
145	4.0	1.0	3.0	0.0	5.0	10.0	3.0
146	1.0	0.0	1.0	0.0	0.6680000000000001	2.332	1.0
147	1.0	0.0	0.0	0.0	1.0	2.0	0.0
148	0.0	3.0	0.0	2.0	2.0010000000000003	6.999	2.0
149	2.0	0.0	1.0	0.0	2.0	4.0	1.0
150	1.0	0.0	0.0	0.0	0.3330000000000002	2.667	0.0
151	1.0	0.0	1.0	0.0	0.6680000000000001	2.332	1.0
152	1.0	0.0	1.0	0.0	1.4	1.6	1.0
153	0.0	0.0	0.0	0.0	0.0	0.0	0.0
154	1.0	0.0	0.0	0.0	0.3330000000000002	2.667	0.0
155	1.0	0.0	1.0	0.0	0.6680000000000001	2.332	1.0
156	0.0	2.0	0.0	1.0	1.3330000000000002	4.667	1.0
157	0.0	0.0	0.0	0.0	0.0	0.0	0.0
158	0.0	1.0	0.0	1.0	0.3330000000000002	2.667	1.0
159	0.0	0.0	0.0	0.0	0.0	0.0	0.0
160	1.0	2.0	1.0	0.0	0.6660000000000004	5.334	1.0
161	0.0	0.0	0.0	0.0	0.0	0.0	0.0
162	1.0	0.0	0.0	0.0	1.0	2.0	0.0
163	1.0	7.0	0.0	5.0	2.665000000000001	15.334999999999999	4.0
164	0.0	2.0	0.0	1.0	0.6660000000000004	5.334	1.0
165	1.0	2.0	0.0	2.0	0.9990000000000006	8.001	2.0
166	2.0	0.0	2.0	0.0	0.6660000000000004	5.334	2.0
167	1.0	2.0	1.0	0.0	0.6660000000000004	5.334	1.0
168	2.0	1.0	1.0	0.0	3.0	6.0	1.0
169	0.0	0.0	0.0	0.0	0.0	0.0	0.0
170	1.0	0.0	1.0	0.0	0.3330000000000002	2.667	1.0
171	1.0	1.0	0.0	1.0	0.6660000000000004	5.334	1.0
172	2.0	0.0	2.0	0.0	2.4	3.6	2.0
173	0.0	0.0	0.0	0.0	0.0	0.0	0.0
174	0.0	2.0	0.0	0.0	0.3330000000000002	2.667	0.0
175	0.0	0.0	0.0	0.0	0.0	0.0	0.0
176	1.0	1.0	1.0	1.0	2.0	4.0	2.0
177	3.0	0.0	2.0	0.0	3.0	6.0	2.0
178	2.0	0.0	2.0	0.0	2.0	4.0	2.0
179	3.0	0.0	3.0	0.0	0.9990000000000006	8.001	3.0
180	3.0	0.0	3.0	0.0	3.0	6.0	3.0
181	1.0	2.0	0.0	1.0	2.4	6.6	1.0
182	0.0	0.0	0.0	0.0	0.0	0.0	0.0
183	1.0	0.0	0.0	0.0	1.0	2.0	0.0
184	1.0	2.0	0.0	2.0	2.0010000000000003	6.999	2.0
185	0.0	2.0	0.0	2.0	0.3330000000000002	2.667	1.0
186	1.0	1.0	1.0	1.0	1.3330000000000002	4.667	2.0
187	2.0	2.0	1.0	2.0	3.8	5.2	2.0
188	2.0	0.0	2.0	0.0	2.0	4.0	2.0
189	1.0	2.0	0.0	2.0	2.0	4.0	1.0
190	3.0	0.0	2.0	0.0	3.068	5.932	2.0
191	2.0	0.0	1.0	0.0	2.0	4.0	1.0
192	0.0	0.0	0.0	0.0	0.0	0.0	0.0
193	1.0	0.0	0.0	0.0	0.3330000000000002	2.667	0.0
194	1.0	0.0	1.0	0.0	1.0	2.0	1.0
195	1.0	0.0	1.0	0.0	1.0	2.0	1.0
196	1.0	0.0	1.0	0.0	1.0	2.0	1.0
197	2.0	0.0	1.0	0.0	0.6660000000000004	5.334	1.0
198	1.0	0.0	0.0	0.0	0.3330000000000002	2.667	0.0
199	1.0	0.0	0.0	0.0	0.3330000000000002	2.667	0.0
200	0.0	1.0	0.0	1.0	0.3330000000000002	2.667	1.0
201	3.0	2.0	1.0	2.0	4.136	7.864	2.0
202	2.0	0.0	1.0	0.0	0.6660000000000004	5.334	1.0
203	0.0	0.0	0.0	0.0	0.0	0.0	0.0
204	1.0	2.0	1.0	1.0	0.9990000000000006	8.001	2.0
205	2.0	0.0	1.0	0.0	2.0	4.0	1.0
206	1.0	0.0	0.0	0.0	1.0	2.0	0.0
207	1.0	2.0	1.0	1.0	2.0660000000000003	6.933999999999999	2.0
208	0.0	1.0	0.0	0.0	0.3330000000000002	2.667	0.0
209	0.0	0.0	0.0	0.0	0.0	0.0	0.0
210	1.0	0.0	1.0	0.0	0.3330000000000002	2.667	1.0
211	0.0	0.0	0.0	0.0	0.0	0.0	0.0
212	1.0	1.0	1.0	0.0	1.6680000000000001	4.332	1.0
213	1.0	0.0	1.0	0.0	1.0	2.0	1.0
214	1.0	0.0	1.0	0.0	0.3330000000000002	2.667	1.0
215	2.0	0.0	2.0	0.0	0.6660000000000004	5.334	2.0
216	3.0	0.0	3.0	0.0	3.0	6.0	3.0
217	1.0	0.0	1.0	0.0	0.3330000000000002	2.667	1.0
218	2.0	0.0	2.0	0.0	2.0	4.0	2.0
219	3.0	0.0	2.0	0.0	0.9990000000000006	8.001	2.0
220	1.0	0.0	1.0	0.0	1.0	2.0	1.0
221	0.0	0.0	0.0	0.0	0.0	0.0	0.0
222	1.0	0.0	1.0	0.0	0.3330000000000002	2.667	1.0
223	0.0	0.0	0.0	0.0	0.0	0.0	0.0
224	3.0	0.0	2.0	0.0	3.0	6.0	2.0
225	0.0	0.0	0.0	0.0	0.0	0.0	0.0
226	3.0	0.0	2.0	0.0	3.0	6.0	2.0
227	2.0	0.0	1.0	0.0	2.0	4.0	1.0
228	0.0	0.0	0.0	0.0	0.0	0.0	0.0
229	2.0	0.0	2.0	0.0	1.6680000000000001	4.332	2.0
230	0.0	0.0	0.0	0.0	0.0	0.0	0.0
231	2.0	0.0	1.0	0.0	2.0	4.0	1.0
232	1.0	0.0	0.0	0.0	1.0	2.0	0.0
233	2.0	0.0	1.0	0.0	2.0	4.0	1.0
234	2.0	0.0	2.0	0.0	2.0	4.0	2.0
235	0.0	0.0	0.0	0.0	0.0	0.0	0.0
236	0.0	0.0	0.0	0.0	0.0	0.0	0.0
237	3.0	0.0	2.0	0.0	3.0	6.0	2.0
238	2.0	1.0	1.0	0.0	3.0	6.0	1.0
239	0.0	0.0	0.0	0.0	0.0	0.0	0.0
240	1.0	0.0	0.0	0.0	0.3330000000000002	2.667	0.0
241	3.0	0.0	2.0	0.0	3.0	6.0	2.0
242	3.0	0.0	2.0	0.0	0.9990000000000006	8.001	2.0
243	1.0	1.0	0.0	1.0	1.6680000000000001	4.332	1.0
244	1.0	2.0	1.0	1.0	3.468	5.532	2.0
245	1.0	0.0	1.0	0.0	0.3330000000000002	2.667	1.0
246	1.0	0.0	0.0	0.0	1.0	2.0	0.0
247	3.0	0.0	2.0	0.0	3.0	6.0	2.0
248	0.0	0.0	0.0	0.0	0.0	0.0	0.0
249	1.0	0.0	1.0	0.0	0.6680000000000001	2.332	1.0
250	2.0	0.0	1.0	0.0	2.0	4.0	1.0
251	1.0	0.0	1.0	0.0	1.0	2.0	1.0
252	2.0	0.0	1.0	0.0	2.0	4.0	1.0
253	1.0	0.0	1.0	0.0	0.3330000000000002	2.667	1.0
254	0.0	0.0	0.0	0.0	0.0	0.0	0.0
255	0.0	0.0	0.0	0.0	0.0	0.0	0.0
256	1.0	0.0	1.0	0.0	0.6680000000000001	2.332	1.0
257	2.0	0.0	1.0	0.0	2.0	4.0	1.0
258	3.0	0.0	3.0	0.0	3.0	6.0	3.0
259	2.0	0.0	2.0	0.0	1.0	2.0	1.0
260	2.0	0.0	2.0	0.0	2.0	4.0	2.0
261	0.0	0.0	0.0	0.0	0.0	0.0	0.0
262	2.0	2.0	2.0	1.0	2.0	7.0	2.0
263	2.0	0.0	1.0	0.0	2.0	4.0	1.0
264	2.0	1.0	1.0	1.0	3.0	6.0	2.0
265	1.0	0.0	0.0	0.0	0.3330000000000002	2.667	0.0
266	1.0	0.0	0.0	0.0	1.0	2.0	0.0
267	2.0	0.0	0.0	0.0	2.0	4.0	0.0
268	3.0	0.0	2.0	0.0	3.0	6.0	2.0
269	0.0	0.0	0.0	0.0	0.0	0.0	0.0
270	2.0	0.0	2.0	0.0	2.0	4.0	2.0
271	0.0	0.0	0.0	0.0	0.0	0.0	0.0
272	4.0	0.0	3.0	0.0	2.3360000000000003	6.664	2.0
273	0.0	1.0	0.0	0.0	0.6680000000000001	2.332	0.0
274	1.0	1.0	1.0	0.0	2.068	3.932	1.0
275	1.0	0.0	1.0	0.0	0.3330000000000002	2.667	1.0
276	0.0	0.0	0.0	0.0	0.0	0.0	0.0
277	1.0	0.0	1.0	0.0	0.3330000000000002	2.667	1.0
278	2.0	4.0	0.0	3.0	2.333	6.667	2.0
279	1.0	1.0	0.0	0.0	1.0	2.0	0.0
280	2.0	0.0	1.0	0.0	2.0	4.0	1.0
281	1.0	0.0	0.0	0.0	1.0	2.0	0.0
282	0.0	0.0	0.0	0.0	0.0	0.0	0.0
283	3.0	0.0	2.0	0.0	3.0	6.0	2.0
284	0.0	0.0	0.0	0.0	0.0	0.0	0.0
285	1.0	0.0	1.0	0.0	1.0	2.0	1.0
286	2.0	0.0	1.0	0.0	2.0	4.0	1.0
287	2.0	0.0	1.0	0.0	2.0	4.0	1.0
288	2.0	0.0	1.0	0.0	1.3360000000000003	4.664	1.0
289	2.0	0.0	1.0	0.0	1.6680000000000001	4.332	1.0
290	0.0	0.0	0.0	0.0	0.0	0.0	0.0
291	0.0	2.0	0.0	2.0	0.3330000000000002	5.667	2.0
292	1.0	1.0	0.0	1.0	0.6660000000000004	5.334	1.0
293	0.0	2.0	0.0	2.0	1.3330000000000002	4.667	2.0
294	1.0	0.0	0.0	0.0	0.3330000000000002	2.667	0.0
295	0.0	0.0	0.0	0.0	0.0	0.0	0.0
296	0.0	0.0	0.0	0.0	0.0	0.0	0.0
297	1.0	0.0	1.0	0.0	1.4	1.6	1.0
298	3.0	0.0	2.0	0.0	3.0	6.0	2.0
299	1.0	0.0	1.0	0.0	0.3330000000000002	2.667	1.0
300	2.0	0.0	1.0	0.0	2.0	4.0	1.0
301	1.0	0.0	0.0	0.0	0.3330000000000002	2.667	0.0
302	1.0	0.0	1.0	0.0	1.0	2.0	1.0
303	0.0	0.0	0.0	0.0	0.0	0.0	0.0
304	1.0	0.0	1.0	0.0	0.3330000000000002	2.667	1.0
305	1.0	0.0	1.0	0.0	0.6680000000000001	2.332	1.0
306	0.0	0.0	0.0	0.0	0.0	0.0	0.0
307	2.0	0.0	2.0	0.0	2.0	4.0	2.0
308	1.0	0.0	1.0	0.0	0.3330000000000002	2.667	1.0
309	1.0	0.0	1.0	0.0	0.3330000000000002	2.667	1.0
310	1.0	0.0	1.0	0.0	1.0	2.0	1.0
311	0.0	1.0	0.0	1.0	0.3330000000000002	2.667	1.0
312	1.0	0.0	0.0	0.0	0.3330000000000002	2.667	0.0
313	1.0	0.0	1.0	0.0	1.0	2.0	1.0
314	0.0	0.0	0.0	0.0	0.0	0.0	0.0
315	1.0	0.0	1.0	0.0	0.3330000000000002	2.667	1.0
316	2.0	0.0	2.0	0.0	0.6660000000000004	5.334	2.0
317	1.0	0.0	1.0	0.0	1.0	2.0	1.0
318	1.0	0.0	1.0	0.0	0.3330000000000002	2.667	1.0
319	1.0	0.0	1.0	0.0	0.6680000000000001	2.332	1.0
320	3.0	0.0	1.0	0.0	1.3360000000000003	4.664	1.0
321	2.0	0.0	1.0	0.0	2.4	3.6	1.0
322	1.0	0.0	0.0	0.0	0.3330000000000002	2.667	0.0
323	1.0	2.0	1.0	2.0	0.6660000000000004	5.334	2.0
324	0.0	0.0	0.0	0.0	0.0	0.0	0.0
325	0.0	0.0	0.0	0.0	0.0	0.0	0.0
326	1.0	1.0	0.0	1.0	1.6680000000000001	4.332	1.0
327	1.0	0.0	1.0	0.0	1.0	2.0	1.0
328	2.0	0.0	1.0	0.0	0.6660000000000004	5.334	1.0
329	0.0	0.0	0.0	0.0	0.0	0.0	0.0
330	0.0	0.0	0.0	0.0	0.0	0.0	0.0
331	0.0	0.0	0.0	0.0	0.0	0.0	0.0
332	1.0	0.0	1.0	0.0	1.0	2.0	1.0
333	0.0	0.0	0.0	0.0	0.0	0.0	0.0
334	2.0	0.0	1.0	0.0	2.0	4.0	1.0
335	1.0	0.0	1.0	0.0	0.3330000000000002	2.667	1.0
336	0.0	0.0	0.0	0.0	0.0	0.0	0.0
337	1.0	0.0	0.0	0.0	1.0	2.0	0.0
338	0.0	2.0	0.0	2.0	2.0	4.0	2.0
339	1.0	0.0	1.0	0.0	0.3330000000000002	2.667	1.0
340	0.0	0.0	0.0	0.0	0.0	0.0	0.0
341	1.0	2.0	1.0	0.0	0.6660000000000004	5.334	1.0
342	3.0	0.0	3.0	0.0	3.0	6.0	3.0
343	0.0	0.0	0.0	0.0	0.0	0.0	0.0
344	1.0	0.0	0.0	0.0	0.3330000000000002	2.667	0.0
345	1.0	0.0	0.0	0.0	0.3330000000000002	2.667	0.0
346	2.0	1.0	1.0	1.0	1.3330000000000002	4.667	1.0
347	1.0	0.0	0.0	0.0	0.6680000000000001	2.332	0.0
348	2.0	0.0	1.0	0.0	2.0	4.0	1.0
349	3.0	0.0	2.0	0.0	3.0	6.0	2.0
350	1.0	0.0	1.0	0.0	0.3330000000000002	2.667	1.0
351	1.0	0.0	1.0	0.0	1.0	2.0	1.0
352	1.0	0.0	0.0	0.0	1.0	2.0	0.0
353	1.0	0.0	1.0	0.0	0.6680000000000001	2.332	1.0
354	2.0	1.0	2.0	0.0	2.668	6.332	2.0
355	1.0	0.0	0.0	0.0	0.3330000000000002	2.667	0.0
356	0.0	0.0	0.0	0.0	0.0	0.0	0.0
357	1.0	0.0	1.0	0.0	1.0	2.0	1.0
358	1.0	0.0	0.0	0.0	1.0	2.0	0.0
359	2.0	0.0	1.0	0.0	2.0	4.0	1.0
360	0.0	0.0	0.0	0.0	0.0	0.0	0.0
361	1.0	0.0	0.0	0.0	1.0	2.0	0.0
362	2.0	0.0	1.0	0.0	2.0	4.0	1.0
363	3.0	0.0	2.0	0.0	3.0	6.0	2.0
364	2.0	0.0	1.0	0.0	0.6660000000000004	5.334	1.0
365	1.0	0.0	1.0	0.0	0.6680000000000001	2.332	1.0
366	1.0	0.0	1.0	0.0	1.0	2.0	1.0
367	1.0	0.0	1.0	0.0	1.4	1.6	1.0
368	1.0	0.0	1.0	0.0	0.3330000000000002	2.667	1.0
369	2.0	1.0	1.0	0.0	3.0	6.0	1.0
370	1.0	0.0	1.0	0.0	1.0	2.0	1.0
371	2.0	0.0	1.0	0.0	2.0	4.0	1.0
372	2.0	0.0	1.0	0.0	2.0	4.0	1.0
373	1.0	0.0	1.0	0.0	1.4	1.6	1.0
374	1.0	0.0	1.0	0.0	1.0	2.0	1.0
375	1.0	0.0	0.0	0.0	0.3330000000000002	2.667	0.0
376	1.0	0.0	0.0	0.0	1.0	2.0	0.0
377	1.0	0.0	1.0	0.0	1.0	2.0	1.0
378	0.0	0.0	0.0	0.0	0.0	0.0	0.0
379	1.0	0.0	1.0	0.0	0.6680000000000001	2.332	1.0
380	1.0	0.0	0.0	0.0	1.0	2.0	0.0
381	0.0	0.0	0.0	0.0	0.0	0.0	0.0
382	1.0	0.0	0.0	0.0	1.0	2.0	0.0
383	0.0	0.0	0.0	0.0	0.0	0.0	0.0
384	1.0	0.0	1.0	0.0	0.3330000000000002	2.667	1.0
385	1.0	0.0	1.0	0.0	1.0	2.0	1.0
386	1.0	0.0	0.0	0.0	1.0	2.0	0.0
387	2.0	0.0	1.0	0.0	2.0	4.0	1.0
388	1.0	0.0	1.0	0.0	1.0	2.0	1.0
389	1.0	0.0	1.0	0.0	0.3330000000000002	2.667	1.0
390	0.0	0.0	0.0	0.0	0.0	0.0	0.0
391	1.0	0.0	1.0	0.0	0.3330000000000002	2.667	1.0
392	1.0	0.0	1.0	0.0	0.3330000000000002	2.667	1.0
393	2.0	0.0	1.0	0.0	2.0	4.0	1.0
394	1.0	0.0	1.0	0.0	0.3330000000000002	2.667	1.0
395	2.0	0.0	1.0	0.0	2.0	4.0	1.0
396	4.0	0.0	2.0	0.0	4.0	8.0	2.0
397	1.0	0.0	1.0	0.0	1.0	2.0	1.0
398	0.0	0.0	0.0	0.0	0.0	0.0	0.0
399	2.0	0.0	1.0	0.0	0.6660000000000004	5.334	1.0
400	3.0	0.0	3.0	0.0	3.0	6.0	3.0
401	2.0	0.0	2.0	0.0	2.0	4.0	2.0
402	1.0	0.0	0.0	0.0	0.3330000000000002	2.667	0.0
403	0.0	0.0	0.0	0.0	0.0	0.0	0.0
404	0.0	0.0	0.0	0.0	0.0	0.0	0.0
405	3.0	0.0	2.0	0.0	3.0	6.0	2.0
406	0.0	0.0	0.0	0.0	0.0	0.0	0.0
407	0.0	0.0	0.0	0.0	0.0	0.0	0.0
408	0.0	0.0	0.0	0.0	0.0	0.0	0.0
409	1.0	0.0	1.0	0.0	1.0	2.0	1.0
410	0.0	0.0	0.0	0.0	0.0	0.0	0.0
411	2.0	0.0	1.0	0.0	2.0	4.0	1.0
412	0.0	0.0	0.0	0.0	0.0	0.0	0.0
413	0.0	0.0	0.0	0.0	0.0	0.0	0.0
414	3.0	0.0	2.0	0.0	1.6680000000000001	4.332	1.0
415	4.0	0.0	2.0	0.0	3.068	5.932	2.0
416	1.0	0.0	1.0	0.0	1.4	1.6	1.0
417	2.0	0.0	1.0	0.0	2.0	4.0	1.0
418	2.0	0.0	0.0	0.0	1.0	2.0	0.0
419	1.0	0.0	0.0	0.0	1.0	2.0	0.0
420	0.0	0.0	0.0	0.0	0.0	0.0	0.0
421	2.0	0.0	1.0	0.0	2.0	4.0	1.0
422	3.0	0.0	2.0	0.0	3.0	6.0	2.0
423	2.0	0.0	1.0	0.0	0.6660000000000004	5.334	1.0
424	1.0	0.0	1.0	0.0	1.0	2.0	1.0
425	2.0	0.0	1.0	0.0	2.4	3.6	1.0
426	1.0	0.0	0.0	0.0	0.3330000000000002	2.667	0.0
427	2.0	0.0	1.0	0.0	0.6660000000000004	5.334	1.0
428	1.0	0.0	0.0	0.0	1.0	2.0	0.0
429	2.0	0.0	2.0	0.0	2.0	4.0	2.0
430	1.0	0.0	0.0	0.0	1.0	2.0	0.0
431	1.0	0.0	1.0	0.0	1.0	2.0	1.0
432	0.0	0.0	0.0	0.0	0.0	0.0	0.0
433	0.0	0.0	0.0	0.0	0.0	0.0	0.0
434	0.0	1.0	0.0	0.0	0.3330000000000002	2.667	0.0
435	3.0	0.0	3.0	0.0	2.668	6.332	3.0
436	0.0	0.0	0.0	0.0	0.0	0.0	0.0
437	0.0	0.0	0.0	0.0	0.0	0.0	0.0
438	2.0	0.0	1.0	0.0	0.6660000000000004	5.334	1.0
439	1.0	0.0	0.0	0.0	0.3330000000000002	2.667	0.0
440	1.0	0.0	1.0	0.0	0.3330000000000002	2.667	1.0
441	2.0	0.0	1.0	0.0	0.6660000000000004	5.334	1.0
442	3.0	0.0	2.0	0.0	1.6680000000000001	4.332	1.0
443	0.0	1.0	0.0	1.0	1.0	2.0	1.0
444	0.0	2.0	0.0	2.0	0.3330000000000002	2.667	1.0
445	0.0	0.0	0.0	0.0	0.0	0.0	0.0
446	3.0	5.0	3.0	3.0	2.7320000000000007	12.267999999999999	3.0
447	2.0	1.0	1.0	0.0	3.0	6.0	1.0
448	0.0	0.0	0.0	0.0	0.0	0.0	0.0
449	0.0	0.0	0.0	0.0	0.0	0.0	0.0
450	3.0	1.0	3.0	0.0	2.668	6.332	2.0
451	1.0	1.0	0.0	0.0	0.6660000000000004	5.334	0.0
452	2.0	0.0	2.0	0.0	0.6660000000000004	5.334	2.0
453	3.0	2.0	2.0	1.0	4.0	8.0	2.0
454	0.0	1.0	0.0	1.0	1.0	2.0	1.0
455	1.0	0.0	1.0	0.0	1.0	2.0	1.0
456	1.0	0.0	0.0	0.0	0.3330000000000002	2.667	0.0
457	2.0	0.0	1.0	0.0	2.0	4.0	1.0
458	3.0	0.0	2.0	0.0	3.0	6.0	2.0
459	3.0	0.0	2.0	0.0	3.0	6.0	2.0
460	1.0	0.0	1.0	0.0	0.3330000000000002	2.667	1.0
461	1.0	0.0	0.0	0.0	0.3330000000000002	2.667	0.0
462	0.0	0.0	0.0	0.0	0.0	0.0	0.0
463	1.0	0.0	0.0	0.0	0.3330000000000002	2.667	0.0
464	1.0	0.0	1.0	0.0	1.0	2.0	1.0
465	3.0	0.0	2.0	0.0	3.0	6.0	2.0
466	2.0	0.0	2.0	0.0	2.0	4.0	2.0
467	1.0	0.0	1.0	0.0	0.3330000000000002	2.667	1.0
468	3.0	0.0	3.0	0.0	1.6680000000000001	4.332	2.0
469	2.0	0.0	2.0	0.0	2.4	3.6	2.0
470	1.0	0.0	1.0	0.0	1.0	2.0	1.0
471	1.0	0.0	0.0	0.0	0.3330000000000002	2.667	0.0
472	2.0	0.0	1.0	0.0	2.068	3.932	1.0
473	1.0	0.0	1.0	0.0	0.3330000000000002	2.667	1.0
474	2.0	0.0	1.0	0.0	2.0	4.0	1.0
475	1.0	0.0	1.0	0.0	1.0	2.0	1.0
476	2.0	0.0	1.0	0.0	2.0	4.0	1.0
477	1.0	0.0	1.0	0.0	0.3330000000000002	2.667	1.0
478	3.0	0.0	2.0	0.0	3.0	6.0	2.0
479	1.0	0.0	1.0	0.0	1.4	1.6	1.0
480	0.0	0.0	0.0	0.0	0.0	0.0	0.0
481	2.0	0.0	1.0	0.0	2.0	4.0	1.0
482	1.0	0.0	1.0	0.0	0.3330000000000002	2.667	1.0
483	0.0	0.0	0.0	0.0	0.0	0.0	0.0
484	1.0	0.0	0.0	0.0	1.0	2.0	0.0
485	0.0	0.0	0.0	0.0	0.0	0.0	0.0
486	1.0	0.0	1.0	0.0	1.0	2.0	1.0
487	2.0	0.0	1.0	0.0	2.0	4.0	1.0
488	1.0	0.0	1.0	0.0	1.0	2.0	1.0
489	0.0	0.0	0.0	0.0	0.0	0.0	0.0
490	2.0	0.0	2.0	0.0	2.0	4.0	2.0
491	1.0	0.0	0.0	0.0	1.0	2.0	0.0
492	1.0	0.0	1.0	0.0	0.3330000000000002	2.667	1.0
493	1.0	1.0	1.0	0.0	1.6680000000000001	4.332	1.0
494	0.0	0.0	0.0	0.0	0.0	0.0	0.0
495	0.0	0.0	0.0	0.0	0.0	0.0	0.0
496	1.0	0.0	1.0	0.0	1.0	2.0	1.0
497	1.0	0.0	1.0	0.0	1.0	2.0	1.0
498	2.0	0.0	2.0	0.0	0.6660000000000004	5.334	2.0
499	1.0	0.0	0.0	0.0	1.0	2.0	0.0
500	2.0	0.0	2.0	0.0	2.0	4.0	2.0
501	0.0	0.0	0.0	0.0	0.0	0.0	0.0
502	2.0	0.0	1.0	0.0	2.0	4.0	1.0
503	2.0	0.0	1.0	0.0	0.6660000000000004	5.334	1.0
504	2.0	0.0	1.0	0.0	2.0	4.0	1.0
505	1.0	0.0	1.0	0.0	1.0	2.0	1.0
506	0.0	0.0	0.0	0.0	0.0	0.0	0.0
507	0.0	0.0	0.0	0.0	0.0	0.0	0.0
508	1.0	0.0	0.0	0.0	1.0	2.0	0.0
509	1.0	0.0	1.0	0.0	0.6680000000000001	2.332	1.0
510	2.0	0.0	1.0	0.0	2.0	4.0	1.0
511	4.0	2.0	3.0	2.0	4.333	10.667	4.0
512	0.0	0.0	0.0	0.0	0.0	0.0	0.0
513	2.0	0.0	1.0	0.0	0.6660000000000004	5.334	1.0
514	2.0	0.0	2.0	0.0	2.0	4.0	2.0
515	0.0	0.0	0.0	0.0	0.0	0.0	0.0
516	2.0	0.0	2.0	0.0	0.6660000000000004	5.334	2.0
517	2.0	0.0	2.0	0.0	2.0	4.0	2.0
518	2.0	0.0	2.0	0.0	2.0	4.0	2.0
519	3.0	0.0	2.0	0.0	3.0	6.0	2.0
520	2.0	0.0	0.0	0.0	2.068	3.932	0.0
521	2.0	0.0	1.0	0.0	2.0	4.0	1.0
522	0.0	0.0	0.0	0.0	0.0	0.0	0.0
523	2.0	0.0	1.0	0.0	0.6660000000000004	5.334	1.0
524	2.0	0.0	1.0	0.0	2.0	4.0	1.0
525	1.0	0.0	0.0	0.0	0.3330000000000002	2.667	0.0
526	1.0	0.0	1.0	0.0	0.3330000000000002	2.667	1.0
527	0.0	0.0	0.0	0.0	0.0	0.0	0.0
528	0.0	0.0	0.0	0.0	0.0	0.0	0.0
529	1.0	0.0	0.0	0.0	1.0	2.0	0.0
530	2.0	0.0	1.0	0.0	2.0	4.0	1.0
531	0.0	0.0	0.0	0.0	0.0	0.0	0.0
532	1.0	0.0	1.0	0.0	0.3330000000000002	2.667	1.0
533	2.0	0.0	1.0	0.0	2.0	4.0	1.0
534	2.0	0.0	1.0	0.0	2.0	4.0	1.0
535	2.0	0.0	1.0	0.0	2.0	4.0	1.0
536	1.0	0.0	1.0	0.0	0.3330000000000002	2.667	1.0
537	4.0	0.0	3.0	0.0	4.068	7.932	3.0
538	3.0	0.0	3.0	0.0	3.0	6.0	3.0
539	0.0	0.0	0.0	0.0	0.0	0.0	0.0
540	1.0	0.0	1.0	0.0	1.0	2.0	1.0
541	3.0	0.0	2.0	0.0	3.0	6.0	2.0
542	1.0	0.0	1.0	0.0	1.0	2.0	1.0
543	2.0	1.0	1.0	0.0	2.0	4.0	1.0
544	3.0	0.0	2.0	0.0	3.0	6.0	2.0
545	1.0	0.0	1.0	0.0	1.0	2.0	1.0
546	1.0	0.0	0.0	0.0	0.3330000000000002	2.667	0.0
547	2.0	0.0	2.0	0.0	2.0	4.0	2.0
548	0.0	1.0	0.0	0.0	0.3330000000000002	2.667	0.0
549	1.0	3.0	0.0	1.0	1.6660000000000004	7.334	1.0
550	1.0	0.0	0.0	0.0	1.0	2.0	0.0
551	1.0	0.0	1.0	0.0	0.3330000000000002	2.667	1.0
552	0.0	0.0	0.0	0.0	0.0	0.0	0.0
553	1.0	0.0	1.0	0.0	0.3330000000000002	2.667	1.0
554	0.0	0.0	0.0	0.0	0.0	0.0	0.0
555	2.0	0.0	2.0	0.0	2.0	4.0	2.0
556	2.0	0.0	0.0	0.0	0.6680000000000001	2.332	0.0
557	1.0	0.0	1.0	0.0	0.6680000000000001	2.332	1.0
558	1.0	0.0	1.0	0.0	1.0	2.0	1.0
559	1.0	1.0	1.0	1.0	2.0	4.0	2.0
560	0.0	0.0	0.0	0.0	0.0	0.0	0.0
561	1.0	0.0	1.0	0.0	0.3330000000000002	2.667	1.0
562	2.0	0.0	1.0	0.0	2.4	3.6	1.0
563	1.0	0.0	1.0	0.0	1.0	2.0	1.0
564	1.0	0.0	1.0	0.0	1.0	2.0	1.0
565	2.0	0.0	1.0	0.0	2.0	4.0	1.0
566	0.0	0.0	0.0	0.0	0.0	0.0	0.0
567	0.0	0.0	0.0	0.0	0.0	0.0	0.0
568	1.0	0.0	0.0	0.0	1.0	2.0	0.0
569	2.0	0.0	1.0	0.0	2.0	4.0	1.0
570	2.0	0.0	1.0	0.0	2.0	4.0	1.0
571	1.0	0.0	1.0	0.0	0.3330000000000002	2.667	1.0
572	0.0	0.0	0.0	0.0	0.0	0.0	0.0
573	1.0	0.0	0.0	0.0	1.0	2.0	0.0
574	1.0	0.0	1.0	0.0	1.4	1.6	1.0
575	0.0	1.0	0.0	0.0	1.0	2.0	0.0
576	3.0	0.0	2.0	0.0	3.0	6.0	2.0
577	2.0	0.0	1.0	0.0	0.6660000000000004	5.334	1.0
578	0.0	1.0	0.0	1.0	0.3330000000000002	2.667	1.0
579	0.0	0.0	0.0	0.0	0.0	0.0	0.0
580	2.0	0.0	1.0	0.0	2.068	3.932	1.0
581	0.0	0.0	0.0	0.0	0.0	0.0	0.0
582	2.0	1.0	1.0	1.0	2.0	4.0	1.0
583	2.0	0.0	1.0	0.0	2.0	4.0	1.0
584	2.0	0.0	2.0	0.0	0.6660000000000004	5.334	2.0
585	0.0	0.0	0.0	0.0	0.0	0.0	0.0
586	0.0	0.0	0.0	0.0	0.0	0.0	0.0
587	1.0	0.0	1.0	0.0	1.0	2.0	1.0
588	2.0	0.0	1.0	0.0	2.0	4.0	1.0
589	2.0	0.0	1.0	0.0	2.0	4.0	1.0
590	2.0	0.0	1.0	0.0	0.6660000000000004	5.334	1.0
591	3.0	0.0	3.0	0.0	3.068	5.932	3.0
592	2.0	0.0	0.0	0.0	2.0	4.0	0.0
593	0.0	0.0	0.0	0.0	0.0	0.0	0.0
594	2.0	0.0	1.0	0.0	0.6660000000000004	5.334	1.0
595	3.0	0.0	2.0	0.0	3.0	6.0	2.0
596	2.0	0.0	1.0	0.0	2.4	3.6	1.0
597	3.0	0.0	2.0	0.0	3.0	6.0	2.0
598	1.0	0.0	1.0	0.0	0.3330000000000002	2.667	1.0
599	1.0	0.0	1.0	0.0	0.6680000000000001	2.332	1.0
600	1.0	0.0	0.0	0.0	0.3330000000000002	2.667	0.0
601	1.0	0.0	1.0	0.0	0.3330000000000002	2.667	1.0
602	0.0	0.0	0.0	0.0	0.0	0.0	0.0
603	0.0	0.0	0.0	0.0	0.0	0.0	0.0
604	1.0	0.0	1.0	0.0	0.3330000000000002	2.667	1.0
605	0.0	0.0	0.0	0.0	0.0	0.0	0.0
606	0.0	0.0	0.0	0.0	0.0	0.0	0.0
607	0.0	0.0	0.0	0.0	0.0	0.0	0.0
608	2.0	0.0	1.0	0.0	0.6660000000000004	5.334	1.0
609	4.0	0.0	3.0	0.0	4.468	7.532	3.0
610	1.0	0.0	0.0	0.0	1.0	2.0	0.0
611	1.0	0.0	0.0	0.0	1.0	2.0	0.0
612	1.0	0.0	1.0	0.0	0.3330000000000002	2.667	1.0
613	0.0	0.0	0.0	0.0	0.0	0.0	0.0
614	0.0	2.0	0.0	2.0	0.3330000000000002	2.667	1.0
615	3.0	0.0	2.0	0.0	3.0	6.0	2.0
616	2.0	0.0	1.0	0.0	2.4	3.6	1.0
617	0.0	0.0	0.0	0.0	0.0	0.0	0.0
618	2.0	0.0	1.0	0.0	2.0	4.0	1.0
619	2.0	0.0	2.0	0.0	2.0	4.0	2.0
620	0.0	0.0	0.0	0.0	0.0	0.0	0.0
621	3.0	0.0	2.0	0.0	3.0	6.0	2.0
622	0.0	0.0	0.0	0.0	0.0	0.0	0.0
623	1.0	0.0	0.0	0.0	0.3330000000000002	2.667	0.0
624	0.0	0.0	0.0	0.0	0.0	0.0	0.0
625	2.0	0.0	1.0	0.0	2.0	4.0	1.0
626	1.0	0.0	1.0	0.0	1.0	2.0	1.0
627	0.0	0.0	0.0	0.0	0.0	0.0	0.0
628	0.0	0.0	0.0	0.0	0.0	0.0	0.0
629	2.0	0.0	2.0	0.0	0.6660000000000004	5.334	2.0
630	0.0	2.0	0.0	2.0	1.3330000000000002	4.667	2.0
631	1.0	2.0	1.0	2.0	0.6660000000000004	5.334	2.0
632	1.0	0.0	1.0	0.0	1.0	2.0	1.0
633	1.0	0.0	0.0	0.0	1.0	2.0	0.0
634	0.0	1.0	0.0	1.0	0.6680000000000001	2.332	1.0
635	0.0	0.0	0.0	0.0	0.0	0.0	0.0
636	0.0	1.0	0.0	1.0	0.3330000000000002	2.667	1.0
637	2.0	3.0	1.0	2.0	3.333	8.667	2.0
638	3.0	0.0	2.0	0.0	3.0	6.0	2.0
639	0.0	1.0	0.0	1.0	0.6680000000000001	2.332	1.0
640	1.0	1.0	1.0	0.0	0.6660000000000004	5.334	1.0
641	0.0	0.0	0.0	0.0	0.0	0.0	0.0
642	2.0	0.0	1.0	0.0	2.4	3.6	1.0
643	2.0	0.0	1.0	0.0	0.6660000000000004	5.334	1.0
644	1.0	1.0	1.0	1.0	0.3330000000000002	2.667	1.0
645	1.0	0.0	0.0	0.0	0.3330000000000002	2.667	0.0
646	2.0	0.0	1.0	0.0	2.0	4.0	1.0
647	1.0	0.0	1.0	0.0	1.0	2.0	1.0
648	2.0	0.0	1.0	0.0	2.0	4.0	1.0
649	2.0	0.0	1.0	0.0	2.4	3.6	1.0
650	2.0	0.0	2.0	0.0	2.4	3.6	2.0
651	2.0	0.0	2.0	0.0	0.6660000000000004	5.334	2.0
652	0.0	0.0	0.0	0.0	0.0	0.0	0.0
653	2.0	0.0	1.0	0.0	2.0	4.0	1.0
654	0.0	0.0	0.0	0.0	0.0	0.0	0.0
655	2.0	0.0	1.0	0.0	1.3360000000000003	4.664	1.0
656	2.0	0.0	1.0	0.0	2.068	3.932	1.0
657	0.0	0.0	0.0	0.0	0.0	0.0	0.0
658	1.0	0.0	0.0	0.0	1.0	2.0	0.0
659	1.0	0.0	0.0	0.0	1.4	1.6	0.0
660	1.0	1.0	1.0	1.0	1.0	2.0	1.0
661	2.0	0.0	1.0	0.0	2.0	4.0	1.0
662	2.0	0.0	1.0	0.0	2.0	4.0	1.0
663	0.0	0.0	0.0	0.0	0.0	0.0	0.0
664	2.0	1.0	1.0	0.0	2.0	4.0	1.0
665	1.0	0.0	1.0	0.0	0.3330000000000002	2.667	1.0
666	2.0	0.0	1.0	0.0	2.0	4.0	1.0
667	2.0	0.0	1.0	0.0	0.6660000000000004	5.334	1.0
668	1.0	0.0	1.0	0.0	0.3330000000000002	2.667	1.0
669	1.0	0.0	1.0	0.0	0.3330000000000002	2.667	1.0
670	0.0	0.0	0.0	0.0	0.0	0.0	0.0
671	0.0	0.0	0.0	0.0	0.0	0.0	0.0
672	1.0	0.0	0.0	0.0	1.0	2.0	0.0
673	0.0	0.0	0.0	0.0	0.0	0.0	0.0
674	1.0	0.0	1.0	0.0	1.0	2.0	1.0
675	1.0	0.0	0.0	0.0	1.0	2.0	0.0
676	2.0	0.0	2.0	0.0	2.0	4.0	2.0
677	2.0	0.0	1.0	0.0	2.0	4.0	1.0
678	1.0	0.0	0.0	0.0	1.0	2.0	0.0
679	2.0	0.0	1.0	0.0	0.6660000000000004	5.334	1.0
680	1.0	0.0	0.0	0.0	0.6680000000000001	2.332	0.0
681	1.0	0.0	0.0	0.0	1.0	2.0	0.0
682	2.0	2.0	2.0	1.0	2.668	6.332	2.0
683	1.0	0.0	1.0	0.0	1.0	2.0	1.0
684	2.0	0.0	1.0	0.0	1.3360000000000003	4.664	1.0
685	2.0	0.0	1.0	0.0	2.0	4.0	1.0
686	0.0	0.0	0.0	0.0	0.0	0.0	0.0
687	3.0	0.0	3.0	0.0	3.0	6.0	3.0
688	1.0	0.0	1.0	0.0	1.0	2.0	1.0
689	0.0	0.0	0.0	0.0	0.0	0.0	0.0
690	2.0	1.0	1.0	1.0	1.3330000000000002	4.667	1.0
691	2.0	0.0	1.0	0.0	2.068	3.932	1.0
692	2.0	0.0	2.0	0.0	1.6680000000000001	4.332	2.0
693	1.0	0.0	0.0	0.0	0.3330000000000002	2.667	0.0
694	1.0	0.0	1.0	0.0	0.3330000000000002	2.667	1.0
695	2.0	0.0	2.0	0.0	1.3360000000000003	4.664	2.0
696	3.0	0.0	3.0	0.0	1.6680000000000001	4.332	2.0
697	2.0	0.0	1.0	0.0	2.0	4.0	1.0
698	2.0	0.0	1.0	0.0	0.6660000000000004	5.334	1.0
699	1.0	0.0	0.0	0.0	1.0	2.0	0.0
700	1.0	0.0	1.0	0.0	1.0	2.0	1.0
701	2.0	0.0	1.0	0.0	2.0	4.0	1.0
702	4.0	0.0	3.0	0.0	3.068	5.932	2.0
703	1.0	1.0	1.0	1.0	1.6680000000000001	4.332	2.0
704	2.0	0.0	1.0	0.0	0.6660000000000004	5.334	1.0
705	3.0	0.0	2.0	0.0	3.0	6.0	2.0
706	0.0	0.0	0.0	0.0	0.0	0.0	0.0
707	0.0	0.0	0.0	0.0	0.0	0.0	0.0
708	2.0	0.0	2.0	0.0	0.6660000000000004	5.334	2.0
709	0.0	0.0	0.0	0.0	0.0	0.0	0.0
710	1.0	0.0	1.0	0.0	0.3330000000000002	2.667	1.0
711	0.0	0.0	0.0	0.0	0.0	0.0	0.0
712	2.0	0.0	1.0	0.0	2.0	4.0	1.0
713	4.0	0.0	2.0	0.0	4.068	7.932	2.0
714	0.0	0.0	0.0	0.0	0.0	0.0	0.0
715	0.0	0.0	0.0	0.0	0.0	0.0	0.0
716	1.0	0.0	1.0	0.0	0.3330000000000002	2.667	1.0
717	4.0	0.0	3.0	0.0	2.668	6.332	2.0
718	1.0	0.0	1.0	0.0	1.0	2.0	1.0
719	2.0	0.0	2.0	0.0	0.6680000000000001	2.332	1.0
720	1.0	1.0	1.0	1.0	0.3330000000000002	2.667	1.0
721	1.0	0.0	1.0	0.0	0.3330000000000002	2.667	1.0
722	1.0	0.0	1.0	0.0	1.0	2.0	1.0
723	0.0	0.0	0.0	0.0	0.0	0.0	0.0
724	3.0	0.0	2.0	0.0	3.0	6.0	2.0
725	0.0	0.0	0.0	0.0	0.0	0.0	0.0
726	0.0	0.0	0.0	0.0	0.0	0.0	0.0
727	2.0	0.0	2.0	0.0	0.6660000000000004	5.334	2.0
728	0.0	0.0	0.0	0.0	0.0	0.0	0.0
729	0.0	0.0	0.0	0.0	0.0	0.0	0.0
730	1.0	0.0	0.0	0.0	0.3330000000000002	2.667	0.0
731	1.0	0.0	1.0	0.0	1.0	2.0	1.0
732	2.0	0.0	1.0	0.0	2.0	4.0	1.0
733	0.0	0.0	0.0	0.0	0.0	0.0	0.0
734	1.0	0.0	0.0	0.0	0.3330000000000002	2.667	0.0
735	1.0	0.0	0.0	0.0	0.3330000000000002	2.667	0.0
736	1.0	0.0	1.0	0.0	0.3330000000000002	2.667	1.0
737	0.0	0.0	0.0	0.0	0.0	0.0	0.0
738	2.0	0.0	1.0	0.0	2.068	3.932	1.0
739	0.0	0.0	0.0	0.0	0.0	0.0	0.0
740	2.0	0.0	1.0	0.0	0.6660000000000004	5.334	1.0
741	2.0	0.0	2.0	0.0	2.0	4.0	2.0
742	1.0	2.0	0.0	2.0	2.0	4.0	1.0
743	1.0	0.0	1.0	0.0	0.3330000000000002	2.667	1.0
744	1.0	0.0	1.0	0.0	0.3330000000000002	2.667	1.0
745	1.0	0.0	0.0	0.0	1.0	2.0	0.0
746	0.0	1.0	0.0	1.0	0.3330000000000002	2.667	1.0
747	1.0	0.0	1.0	0.0	1.0	2.0	1.0
748	0.0	0.0	0.0	0.0	0.0	0.0	0.0
749	1.0	0.0	0.0	0.0	0.3330000000000002	2.667	0.0
750	0.0	0.0	0.0	0.0	0.0	0.0	0.0
751	1.0	0.0	0.0	0.0	1.0	2.0	0.0
752	2.0	0.0	1.0	0.0	2.4	3.6	1.0
753	0.0	0.0	0.0	0.0	0.0	0.0	0.0
754	0.0	1.0	0.0	1.0	0.6680000000000001	2.332	1.0
755	0.0	0.0	0.0	0.0	0.0	0.0	0.0
756	1.0	0.0	1.0	0.0	0.3330000000000002	2.667	1.0
757	1.0	1.0	1.0	1.0	0.6660000000000004	5.334	2.0
758	1.0	0.0	1.0	0.0	0.6680000000000001	2.332	1.0
759	1.0	0.0	1.0	0.0	0.3330000000000002	2.667	1.0
760	1.0	1.0	1.0	0.0	0.6660000000000004	5.334	1.0
761	2.0	0.0	1.0	0.0	2.4	3.6	1.0
762	1.0	0.0	0.0	0.0	0.6680000000000001	2.332	0.0
763	1.0	0.0	1.0	0.0	0.3330000000000002	2.667	1.0
764	0.0	0.0	0.0	0.0	0.0	0.0	0.0
765	3.0	0.0	1.0	0.0	1.6680000000000001	4.332	1.0
766	0.0	0.0	0.0	0.0	0.0	0.0	0.0
