all_syn	all_nonSyn	tip_syn	tip_nonSyn	S	N	comparisons
001	0.0	0.0	0.0	0.0	0.0	0.0	0.0
002	1.0	1.0	0.0	1.0	2.0	4.0	1.0
003	1.0	0.0	0.0	0.0	1.0	2.0	0.0
004	1.0	0.0	1.0	0.0	0.6680000000000001	2.332	1.0
005	0.0	0.0	0.0	0.0	0.0	0.0	0.0
006	0.0	1.0	0.0	1.0	1.0	2.0	1.0
007	1.0	1.0	1.0	1.0	1.3330000000000002	4.667	2.0
008	1.0	0.0	0.0	0.0	1.0	2.0	0.0
009	1.0	2.0	0.0	0.0	1.6680000000000001	4.332	0.0
010	0.0	1.0	0.0	1.0	0.3330000000000002	2.667	1.0
011	1.0	2.0	0.0	1.0	1.0	5.0	1.0
012	1.0	1.0	1.0	0.0	0.6660000000000004	5.334	1.0
013	0.0	5.0	0.0	4.0	2.6660000000000004	9.334	3.0
014	1.0	4.0	0.0	1.0	3.333	8.667	1.0
015	1.0	2.0	0.0	1.0	0.6660000000000004	5.334	1.0
016	2.0	3.0	2.0	1.0	1.6660000000000004	7.334	2.0
017	1.0	3.0	0.0	1.0	0.9990000000000006	8.001	1.0
018	0.0	0.0	0.0	0.0	0.0	0.0	0.0
019	0.0	0.0	0.0	0.0	0.0	0.0	0.0
020	0.0	0.0	0.0	0.0	0.0	0.0	0.0
021	0.0	0.0	0.0	0.0	0.0	0.0	0.0
022	0.0	0.0	0.0	0.0	0.0	0.0	0.0
023	0.0	0.0	0.0	0.0	0.0	0.0	0.0
024	2.0	0.0	1.0	0.0	2.8	3.2	1.0
025	2.0	3.0	1.0	2.0	2.6660000000000004	9.334	2.0
026	0.0	5.0	0.0	4.0	2.6660000000000004	9.334	3.0
027	3.0	2.0	1.0	0.0	5.199999999999999	6.800000000000001	1.0
028	2.0	0.0	1.0	0.0	2.0	4.0	1.0
029	1.0	1.0	1.0	1.0	1.0	2.0	1.0
030	2.0	2.0	2.0	2.0	2.668	6.332	3.0
031	1.0	0.0	1.0	0.0	1.0	2.0	1.0
032	2.0	3.0	0.0	2.0	1.9990000000000006	10.001	2.0
033	2.0	4.0	2.0	3.0	4.668	10.332	4.0
034	0.0	4.0	0.0	3.0	3.068	8.932	3.0
035	1.0	1.0	1.0	0.0	1.6680000000000001	4.332	1.0
036	1.0	0.0	0.0	0.0	0.3330000000000002	2.667	0.0
037	1.0	2.0	1.0	2.0	0.3330000000000002	2.667	1.0
038	1.0	0.0	1.0	0.0	1.0	2.0	1.0
039	1.0	3.0	1.0	1.0	4.0	8.0	2.0
040	0.0	1.0	0.0	1.0	1.4	1.6	1.0
041	2.0	4.0	0.0	2.0	4.333	10.667	1.0
042	2.0	2.0	1.0	2.0	4.0	8.0	3.0
043	1.0	2.0	0.0	0.0	1.0	2.0	0.0
044	1.0	1.0	0.0	1.0	0.6660000000000004	5.334	1.0
045	1.0	0.0	0.0	0.0	1.0	2.0	0.0
046	0.0	2.0	0.0	1.0	1.0010000000000003	4.999	1.0
047	1.0	1.0	1.0	0.0	1.3330000000000002	4.667	1.0
048	2.0	1.0	2.0	1.0	3.0	6.0	3.0
049	1.0	0.0	1.0	0.0	1.0	2.0	1.0
050	0.0	1.0	0.0	0.0	1.0	2.0	0.0
051	2.0	0.0	0.0	0.0	2.0	4.0	0.0
052	1.0	2.0	0.0	1.0	0.6660000000000004	5.334	1.0
053	1.0	4.0	0.0	1.0	3.0	6.0	1.0
054	0.0	2.0	0.0	1.0	1.6680000000000001	4.332	1.0
055	2.0	0.0	2.0	0.0	2.0	4.0	2.0
056	2.0	0.0	2.0	0.0	2.0	4.0	2.0
057	0.0	1.0	0.0	0.0	1.0	2.0	0.0
058	1.0	0.0	1.0	0.0	1.0	2.0	1.0
059	1.0	0.0	1.0	0.0	1.0	2.0	1.0
060	2.0	0.0	1.0	0.0	2.0	4.0	1.0
061	1.0	1.0	1.0	1.0	2.0	4.0	2.0
062	0.0	3.0	0.0	1.0	1.6680000000000001	7.332	1.0
063	3.0	4.0	3.0	2.0	5.401	12.599	4.0
064	0.0	2.0	0.0	1.0	2.0	4.0	1.0
065	1.0	3.0	1.0	1.0	1.6660000000000004	7.334	1.0
066	2.0	1.0	0.0	0.0	2.0	4.0	0.0
067	2.0	0.0	0.0	0.0	2.0	4.0	0.0
068	2.0	1.0	0.0	1.0	2.333	6.667	1.0
069	2.0	1.0	1.0	1.0	2.333	6.667	2.0
070	1.0	3.0	1.0	2.0	2.333	6.667	2.0
071	1.0	2.0	1.0	2.0	1.3330000000000002	4.667	2.0
072	1.0	0.0	1.0	0.0	0.3330000000000002	2.667	1.0
073	2.0	2.0	0.0	2.0	4.0	8.0	2.0
074	0.0	1.0	0.0	1.0	0.3330000000000002	2.667	1.0
075	2.0	0.0	1.0	0.0	2.0	4.0	1.0
076	0.0	6.0	0.0	4.0	2.9990000000000006	12.001	3.0
077	0.0	5.0	0.0	3.0	3.0010000000000003	8.998999999999999	2.0
078	2.0	4.0	0.0	0.0	3.333	8.667	0.0
079	0.0	3.0	0.0	1.0	1.6660000000000004	7.334	1.0
080	0.0	1.0	0.0	1.0	0.0	3.0	1.0
081	0.0	0.0	0.0	0.0	0.0	0.0	0.0
082	0.0	2.0	0.0	0.0	0.6660000000000004	5.334	0.0
083	1.0	1.0	1.0	1.0	0.6660000000000004	5.334	2.0
084	0.0	3.0	0.0	2.0	1.6680000000000001	7.332	2.0
085	0.0	7.0	0.0	2.0	3.3320000000000007	14.668	2.0
086	1.0	7.0	1.0	1.0	3.665000000000001	17.335	2.0
087	3.0	5.0	1.0	2.0	5.9990000000000006	18.000999999999998	3.0
088	1.0	3.0	0.0	2.0	1.3320000000000007	10.668	2.0
089	2.0	9.0	0.0	3.0	6.667000000000001	20.333	2.0
090	2.0	1.0	0.0	1.0	0.9990000000000006	8.001	1.0
091	0.0	2.0	0.0	2.0	1.3330000000000002	4.667	2.0
092	0.0	2.0	0.0	1.0	1.3330000000000002	4.667	1.0
093	0.0	1.0	0.0	1.0	1.0	2.0	1.0
094	0.0	2.0	0.0	2.0	1.3330000000000002	4.667	2.0
095	1.0	4.0	0.0	3.0	3.333	8.667	2.0
096	3.0	4.0	1.0	2.0	3.333	8.667	1.0
097	1.0	4.0	1.0	1.0	2.6690000000000005	9.331	2.0
098	2.0	0.0	0.0	0.0	2.0	4.0	0.0
099	1.0	2.0	1.0	1.0	3.0	6.0	2.0
100	0.0	4.0	0.0	2.0	2.6660000000000004	9.334	2.0
101	1.0	3.0	0.0	1.0	0.6660000000000004	5.334	1.0
102	2.0	4.0	1.0	1.0	4.333	10.667	2.0
103	4.0	7.0	2.0	3.0	6.666	17.334	4.0
104	0.0	6.0	0.0	5.0	2.668	9.332	3.0
105	1.0	1.0	0.0	1.0	2.0	4.0	1.0
106	1.0	4.0	0.0	2.0	4.0	8.0	2.0
107	1.0	2.0	0.0	0.0	3.0	6.0	0.0
108	1.0	2.0	1.0	1.0	2.333	6.667	2.0
109	2.0	2.0	1.0	2.0	2.333	6.667	2.0
110	1.0	2.0	0.0	2.0	3.4	5.6	2.0
111	1.0	2.0	0.0	0.0	1.3330000000000002	4.667	0.0
112	0.0	4.0	0.0	2.0	3.0010000000000003	8.998999999999999	2.0
113	2.0	5.0	1.0	2.0	3.6660000000000004	11.334	2.0
114	1.0	5.0	1.0	0.0	3.333	8.667	1.0
115	2.0	2.0	1.0	2.0	1.3330000000000002	4.667	1.0
116	1.0	4.0	1.0	1.0	2.9990000000000006	12.001	2.0
117	1.0	5.0	0.0	2.0	2.9990000000000006	12.001	2.0
118	2.0	3.0	1.0	2.0	2.6660000000000004	9.334	2.0
119	1.0	2.0	1.0	2.0	1.0	2.0	1.0
120	1.0	3.0	0.0	2.0	1.3340000000000005	7.6659999999999995	2.0
121	2.0	6.0	0.0	4.0	3.3320000000000007	14.668	3.0
122	4.0	6.0	3.0	4.0	4.401	10.598999999999998	3.0
123	3.0	9.0	1.0	3.0	6.666	20.334	3.0
124	4.0	9.0	0.0	3.0	5.9990000000000006	18.000999999999998	2.0
125	3.0	2.0	2.0	0.0	4.4	7.6	2.0
126	4.0	5.0	1.0	1.0	4.399000000000001	13.600999999999999	2.0
127	4.0	4.0	2.0	3.0	4.332000000000001	16.668	4.0
128	6.0	7.0	3.0	3.0	8.666	21.334	5.0
129	2.0	3.0	2.0	1.0	1.3320000000000007	10.668	2.0
130	4.0	6.0	0.0	4.0	7.7330000000000005	16.267	3.0
131	2.0	4.0	0.0	2.0	4.133	10.866999999999999	1.0
132	2.0	2.0	2.0	2.0	1.3330000000000002	4.667	2.0
133	4.0	6.0	2.0	2.0	5.735000000000001	18.265	3.0
134	1.0	5.0	0.0	0.0	1.3330000000000002	7.667	0.0
135	2.0	7.0	0.0	1.0	5.332000000000001	18.668	1.0
136	3.0	7.0	0.0	3.0	4.665000000000001	19.335	3.0
137	0.0	5.0	0.0	3.0	1.9990000000000006	10.001	2.0
138	2.0	8.0	0.0	5.0	5.667000000000001	18.333	4.0
139	3.0	3.0	1.0	0.0	4.333	10.667	1.0
140	6.0	4.0	2.0	2.0	8.0	16.0	3.0
141	3.0	4.0	2.0	2.0	2.9990000000000006	12.001	3.0
142	5.0	9.0	2.0	2.0	5.669000000000001	24.331	4.0
143	4.0	0.0	1.0	0.0	4.4	7.6	1.0
144	1.0	3.0	0.0	0.0	2.3340000000000005	9.666	0.0
145	2.0	6.0	0.0	4.0	2.6640000000000015	21.336	4.0
146	4.0	5.0	3.0	1.0	4.666	13.334	3.0
147	3.0	4.0	1.0	1.0	5.3340000000000005	15.666	2.0
148	3.0	6.0	3.0	2.0	4.666	13.334	3.0
149	3.0	5.0	2.0	3.0	3.3360000000000003	11.664	2.0
150	2.0	2.0	1.0	0.0	4.0	8.0	1.0
151	2.0	3.0	0.0	2.0	3.733	11.267	2.0
152	1.0	7.0	1.0	1.0	3.665000000000001	17.335	2.0
153	4.0	2.0	2.0	2.0	5.5329999999999995	9.466999999999999	3.0
154	8.0	0.0	6.0	0.0	5.736000000000001	12.264	4.0
155	0.0	4.0	0.0	0.0	1.6660000000000004	7.334	0.0
156	3.0	5.0	1.0	3.0	2.6640000000000015	21.336	4.0
157	2.0	2.0	0.0	1.0	2.3360000000000003	6.664	1.0
158	2.0	3.0	1.0	2.0	1.9990000000000006	10.001	2.0
159	3.0	10.0	1.0	6.0	7.9990000000000006	22.000999999999998	5.0
160	4.0	4.0	2.0	1.0	7.333	16.667	3.0
161	2.0	1.0	1.0	1.0	2.333	6.667	2.0
162	3.0	7.0	1.0	1.0	5.3340000000000005	15.666	1.0
163	3.0	8.0	2.0	1.0	6.332000000000001	20.668	3.0
164	2.0	5.0	0.0	1.0	4.668	10.332	1.0
165	3.0	3.0	0.0	1.0	5.0	10.0	1.0
166	4.0	6.0	1.0	3.0	7.333	16.667	2.0
167	1.0	5.0	1.0	2.0	3.3360000000000003	8.664	1.0
168	2.0	2.0	0.0	0.0	3.0	6.0	0.0
169	0.0	1.0	0.0	1.0	0.3330000000000002	2.667	1.0
170	1.0	2.0	1.0	0.0	2.333	6.667	1.0
171	5.0	1.0	3.0	0.0	3.9990000000000006	14.001	3.0
172	2.0	2.0	2.0	0.0	3.333	8.667	2.0
173	4.0	9.0	1.0	3.0	7.665000000000001	25.335	4.0
174	2.0	6.0	0.0	1.0	4.666	13.334	1.0
175	0.0	2.0	0.0	0.0	0.3330000000000002	5.667	0.0
176	5.0	3.0	4.0	1.0	5.466	12.534	4.0
177	1.0	4.0	0.0	3.0	1.3320000000000007	10.668	2.0
178	3.0	2.0	2.0	1.0	3.333	8.667	3.0
179	2.0	0.0	0.0	0.0	1.3360000000000003	4.664	0.0
180	1.0	5.0	0.0	1.0	1.998000000000001	16.002	1.0
181	2.0	3.0	2.0	0.0	1.665000000000001	13.334999999999999	2.0
182	5.0	2.0	1.0	1.0	3.0040000000000004	11.995999999999999	1.0
183	1.0	3.0	1.0	2.0	2.6660000000000004	9.334	3.0
184	2.0	6.0	0.0	3.0	6.333	14.667	2.0
185	3.0	2.0	1.0	0.0	2.333	6.667	1.0
186	2.0	2.0	0.0	0.0	3.333	8.667	0.0
187	2.0	3.0	1.0	1.0	2.000000000000001	13.0	2.0
188	3.0	4.0	1.0	2.0	4.0	8.0	2.0
189	4.0	3.0	1.0	1.0	6.0	12.0	2.0
190	6.0	2.0	4.0	1.0	3.6660000000000004	11.334	3.0
191	2.0	4.0	1.0	2.0	4.001	10.998999999999999	3.0
192	2.0	2.0	1.0	1.0	2.3360000000000003	6.664	1.0
193	6.0	1.0	2.0	0.0	5.336	12.664	2.0
194	6.0	0.0	3.0	0.0	6.0	12.0	3.0
195	3.0	0.0	2.0	0.0	3.0	6.0	2.0
196	6.0	1.0	3.0	0.0	7.068	13.932	3.0
197	2.0	0.0	1.0	0.0	2.0	4.0	1.0
198	2.0	2.0	1.0	1.0	0.9990000000000006	8.001	2.0
199	4.0	0.0	2.0	0.0	4.0	8.0	2.0
200	6.0	0.0	3.0	0.0	6.0	12.0	3.0
201	3.0	2.0	2.0	1.0	4.0	8.0	3.0
202	3.0	0.0	2.0	0.0	3.0	6.0	2.0
203	3.0	0.0	3.0	0.0	0.9990000000000006	8.001	3.0
204	2.0	0.0	2.0	0.0	0.6660000000000004	5.334	2.0
205	2.0	2.0	0.0	2.0	2.333	6.667	1.0
206	2.0	3.0	1.0	1.0	4.668	10.332	2.0
207	0.0	0.0	0.0	0.0	0.0	0.0	0.0
208	2.0	0.0	2.0	0.0	0.6660000000000004	5.334	2.0
209	4.0	0.0	3.0	0.0	4.0	8.0	3.0
210	4.0	4.0	1.0	1.0	5.337000000000001	15.663	2.0
211	5.0	0.0	3.0	0.0	3.3360000000000003	8.664	2.0
212	1.0	2.0	1.0	2.0	1.6660000000000004	7.334	3.0
213	2.0	0.0	1.0	0.0	0.6660000000000004	5.334	1.0
214	1.0	2.0	1.0	2.0	0.3330000000000002	2.667	1.0
215	5.0	3.0	0.0	2.0	7.001	16.999000000000002	2.0
216	4.0	1.0	3.0	0.0	5.4	9.6	3.0
217	3.0	1.0	1.0	0.0	3.4	5.6	1.0
218	5.0	0.0	3.0	0.0	5.0	10.0	3.0
219	1.0	1.0	1.0	1.0	2.0	4.0	2.0
220	3.0	2.0	1.0	2.0	1.665000000000001	13.334999999999999	3.0
221	2.0	0.0	0.0	0.0	0.6660000000000004	5.334	0.0
222	2.0	3.0	1.0	2.0	3.4010000000000002	8.599	2.0
223	8.0	0.0	5.0	0.0	6.336	14.664000000000001	4.0
224	3.0	0.0	1.0	0.0	3.0	6.0	1.0
225	3.0	0.0	0.0	0.0	0.9990000000000006	8.001	0.0
226	3.0	0.0	1.0	0.0	3.0	6.0	1.0
227	3.0	0.0	1.0	0.0	3.0	6.0	1.0
228	5.0	3.0	4.0	0.0	5.666	15.334	4.0
229	5.0	4.0	3.0	1.0	8.004000000000001	18.996	4.0
230	4.0	0.0	3.0	0.0	4.0	8.0	3.0
231	2.0	0.0	1.0	0.0	0.6660000000000004	5.334	1.0
232	2.0	0.0	0.0	0.0	1.3360000000000003	4.664	0.0
233	4.0	1.0	2.0	1.0	5.0	10.0	3.0
234	1.0	4.0	1.0	2.0	0.9990000000000006	8.001	2.0
235	3.0	0.0	1.0	0.0	0.9990000000000006	8.001	1.0
236	2.0	8.0	2.0	3.0	5.332000000000001	18.668	4.0
237	4.0	4.0	2.0	4.0	3.6660000000000004	11.334	3.0
238	3.0	3.0	1.0	0.0	1.665000000000001	13.334999999999999	1.0
239	3.0	1.0	2.0	1.0	1.3320000000000007	10.668	3.0
240	2.0	2.0	1.0	2.0	4.0	8.0	3.0
241	5.0	9.0	4.0	2.0	9.334	23.666	5.0
242	1.0	1.0	1.0	0.0	0.6660000000000004	5.334	1.0
243	5.0	2.0	3.0	0.0	5.133	9.867	3.0
244	2.0	0.0	2.0	0.0	0.6660000000000004	5.334	2.0
245	2.0	2.0	0.0	1.0	3.0010000000000003	8.998999999999999	1.0
246	3.0	1.0	3.0	0.0	4.0	8.0	3.0
247	3.0	2.0	2.0	2.0	1.3320000000000007	10.668	3.0
248	2.0	1.0	2.0	1.0	2.3360000000000003	6.664	3.0
249	1.0	3.0	1.0	3.0	0.9990000000000006	8.001	3.0
250	2.0	0.0	2.0	0.0	0.6660000000000004	5.334	2.0
251	6.0	1.0	3.0	0.0	4.74	13.26	3.0
252	7.0	3.0	4.0	2.0	8.333	18.667	5.0
253	5.0	6.0	3.0	3.0	9.066	20.933999999999997	6.0
254	3.0	4.0	1.0	3.0	4.666	13.334	3.0
255	1.0	1.0	1.0	0.0	0.6660000000000004	5.334	1.0
256	0.0	0.0	0.0	0.0	0.0	0.0	0.0
257	2.0	11.0	1.0	5.0	7.671000000000001	25.329	5.0
258	2.0	6.0	2.0	3.0	4.332000000000001	16.668	4.0
259	1.0	0.0	1.0	0.0	0.3330000000000002	2.667	1.0
260	4.0	2.0	1.0	1.0	6.4	11.6	2.0
261	2.0	6.0	2.0	4.0	4.002000000000001	13.998000000000001	4.0
262	4.0	4.0	3.0	1.0	5.666	15.334	4.0
263	3.0	2.0	2.0	2.0	3.733	8.267	3.0
264	0.0	4.0	0.0	2.0	0.9990000000000006	8.001	2.0
265	7.0	2.0	5.0	1.0	6.333	14.667	5.0
266	3.0	0.0	1.0	0.0	0.9990000000000006	8.001	1.0
267	4.0	3.0	2.0	2.0	4.0040000000000004	10.995999999999999	3.0
268	7.0	4.0	3.0	1.0	8.071000000000002	24.929000000000002	4.0
269	3.0	1.0	2.0	1.0	1.9990000000000006	10.001	3.0
270	2.0	7.0	2.0	4.0	5.399000000000001	15.600999999999999	4.0
271	2.0	4.0	1.0	3.0	2.000000000000001	13.0	3.0
272	5.0	0.0	2.0	0.0	5.0	10.0	2.0
273	3.0	3.0	1.0	2.0	2.3320000000000007	12.668	2.0
274	3.0	4.0	1.0	2.0	4.6690000000000005	13.331	3.0
275	3.0	0.0	1.0	0.0	3.0	6.0	1.0
276	4.0	5.0	1.0	1.0	5.332000000000001	18.668	2.0
277	0.0	0.0	0.0	0.0	0.0	0.0	0.0
278	1.0	2.0	1.0	1.0	0.9990000000000006	8.001	2.0
279	2.0	4.0	1.0	2.0	3.6690000000000005	11.331	3.0
280	3.0	1.0	1.0	0.0	3.0	6.0	1.0
281	2.0	2.0	1.0	2.0	1.9990000000000006	10.001	3.0
282	5.0	7.0	1.0	3.0	7.667000000000001	22.333	3.0
283	1.0	2.0	0.0	2.0	0.6660000000000004	5.334	1.0
284	3.0	3.0	2.0	1.0	3.6660000000000004	11.334	2.0
285	2.0	1.0	1.0	0.0	0.9990000000000006	8.001	1.0
286	4.0	1.0	3.0	1.0	4.0	8.0	3.0
287	4.0	2.0	4.0	2.0	4.333	10.667	5.0
288	3.0	1.0	2.0	0.0	3.0040000000000004	8.995999999999999	2.0
289	4.0	0.0	2.0	0.0	4.0	8.0	2.0
290	2.0	0.0	1.0	0.0	0.6660000000000004	5.334	1.0
291	3.0	0.0	1.0	0.0	3.0	6.0	1.0
292	5.0	3.0	1.0	1.0	4.3340000000000005	13.666	1.0
293	3.0	3.0	2.0	1.0	4.404	10.596	3.0
294	2.0	7.0	1.0	4.0	5.001000000000001	21.999	5.0
295	3.0	2.0	1.0	1.0	4.0	8.0	1.0
296	5.0	0.0	4.0	0.0	5.0	10.0	4.0
297	4.0	1.0	3.0	1.0	1.665000000000001	13.334999999999999	4.0
298	3.0	0.0	2.0	0.0	3.0	6.0	2.0
299	0.0	7.0	0.0	3.0	3.665000000000001	17.335	3.0
300	3.0	3.0	1.0	0.0	2.333000000000001	15.666999999999998	1.0
301	5.0	0.0	2.0	0.0	5.0	10.0	2.0
302	2.0	7.0	1.0	3.0	3.668000000000001	17.332	3.0
303	2.0	6.0	0.0	3.0	3.000000000000001	14.999999999999998	3.0
304	0.0	3.0	0.0	0.0	0.3330000000000002	5.667	0.0
305	2.0	2.0	1.0	1.0	3.0690000000000004	8.931	2.0
306	2.0	4.0	1.0	1.0	4.3340000000000005	13.666	2.0
307	2.0	4.0	1.0	1.0	1.998000000000001	16.002	2.0
308	4.0	3.0	2.0	2.0	3.6660000000000004	11.334	2.0
309	2.0	6.0	1.0	3.0	3.665000000000001	17.335	4.0
310	6.0	0.0	3.0	0.0	6.0	12.0	3.0
311	3.0	8.0	2.0	2.0	3.998000000000001	20.002	3.0
312	4.0	8.0	2.0	5.0	6.665000000000001	23.335	5.0
313	5.0	1.0	4.0	1.0	4.069000000000001	10.931000000000001	4.0
314	4.0	0.0	2.0	0.0	4.0	8.0	2.0
315	3.0	4.0	1.0	2.0	2.665000000000001	15.334999999999999	2.0
316	1.0	5.0	1.0	0.0	1.9990000000000006	10.001	1.0
317	3.0	8.0	2.0	3.0	10.668	22.332	5.0
318	3.0	9.0	2.0	3.0	7.9990000000000006	22.000999999999998	4.0
319	4.0	1.0	3.0	1.0	4.668	10.332	4.0
320	5.0	3.0	3.0	1.0	5.001	12.999	4.0
321	4.0	4.0	2.0	1.0	5.333	12.667	2.0
322	3.0	0.0	1.0	0.0	3.0	6.0	1.0
323	4.0	3.0	2.0	2.0	5.736000000000001	12.264	3.0
324	4.0	0.0	3.0	0.0	4.0	8.0	3.0
325	2.0	5.0	1.0	2.0	2.9990000000000006	12.001	2.0
326	1.0	3.0	0.0	1.0	3.0	6.0	1.0
327	2.0	2.0	1.0	1.0	0.9990000000000006	11.001	2.0
328	4.0	6.0	3.0	3.0	4.3340000000000005	13.666	4.0
329	4.0	2.0	2.0	0.0	4.336	10.664	2.0
330	3.0	2.0	1.0	1.0	2.3320000000000007	12.668	2.0
331	3.0	3.0	2.0	0.0	5.0	10.0	2.0
332	4.0	4.0	2.0	3.0	3.6660000000000004	11.334	3.0
333	4.0	7.0	3.0	4.0	5.332000000000001	18.668	5.0
334	3.0	3.0	2.0	1.0	2.9990000000000006	12.001	3.0
335	3.0	6.0	2.0	3.0	4.332000000000001	16.668	3.0
336	4.0	4.0	3.0	2.0	3.9990000000000006	14.001	4.0
337	3.0	2.0	2.0	1.0	4.4	7.6	3.0
338	2.0	2.0	1.0	2.0	0.9990000000000006	8.001	2.0
339	5.0	6.0	2.0	2.0	6.333	14.667	3.0
340	1.0	4.0	1.0	1.0	1.9990000000000006	13.001	2.0
341	3.0	3.0	1.0	2.0	4.404	13.596	3.0
342	1.0	0.0	1.0	0.0	0.3330000000000002	2.667	1.0
343	4.0	3.0	3.0	0.0	6.0	12.0	3.0
344	2.0	1.0	1.0	0.0	0.9990000000000006	8.001	1.0
345	3.0	0.0	2.0	0.0	3.0	6.0	2.0
346	2.0	0.0	2.0	0.0	0.6660000000000004	5.334	2.0
347	3.0	2.0	1.0	0.0	2.6660000000000004	9.334	1.0
348	3.0	2.0	3.0	1.0	1.9990000000000006	10.001	3.0
349	3.0	2.0	2.0	2.0	2.3320000000000007	12.668	4.0
350	1.0	3.0	1.0	2.0	1.3330000000000002	4.667	1.0
351	2.0	4.0	1.0	2.0	3.000000000000001	14.999999999999998	3.0
352	1.0	4.0	0.0	0.0	1.6660000000000004	7.334	0.0
353	0.0	1.0	0.0	1.0	0.3330000000000002	2.667	1.0
354	1.0	0.0	1.0	0.0	0.3330000000000002	2.667	1.0
355	1.0	1.0	1.0	1.0	1.0	2.0	1.0
356	1.0	2.0	0.0	1.0	3.0	6.0	1.0
357	0.0	2.0	0.0	2.0	0.6660000000000004	5.334	2.0
358	0.0	2.0	0.0	1.0	2.0	4.0	1.0
359	2.0	0.0	1.0	0.0	2.0	4.0	1.0
360	0.0	0.0	0.0	0.0	0.0	0.0	0.0
361	0.0	0.0	0.0	0.0	0.0	0.0	0.0
362	0.0	0.0	0.0	0.0	0.0	0.0	0.0
363	0.0	0.0	0.0	0.0	0.0	0.0	0.0
364	2.0	7.0	0.0	4.0	4.665000000000001	19.335	4.0
365	3.0	10.0	2.0	6.0	8.334	21.665999999999997	5.0
366	5.0	7.0	3.0	3.0	6.9990000000000006	20.000999999999998	4.0
367	3.0	3.0	2.0	2.0	1.665000000000001	13.334999999999999	3.0
368	2.0	6.0	0.0	5.0	3.665000000000001	17.335	4.0
369	4.0	6.0	1.0	3.0	6.333	14.667	3.0
370	5.0	7.0	3.0	4.0	7.667000000000001	22.333	6.0
371	0.0	2.0	0.0	2.0	1.3360000000000003	4.664	2.0
372	3.0	1.0	2.0	0.0	2.333	6.667	2.0
373	3.0	2.0	1.0	0.0	1.3320000000000007	10.668	1.0
374	0.0	0.0	0.0	0.0	0.0	0.0	0.0
375	3.0	0.0	0.0	0.0	3.0	6.0	0.0
376	5.0	0.0	3.0	0.0	5.468	9.532	3.0
377	3.0	1.0	3.0	0.0	3.3360000000000003	8.664	3.0
378	4.0	1.0	1.0	1.0	2.000000000000001	13.0	2.0
379	6.0	2.0	3.0	1.0	7.0	14.0	3.0
380	2.0	0.0	1.0	0.0	2.0	4.0	1.0
381	3.0	0.0	2.0	0.0	3.0	6.0	2.0
382	0.0	3.0	0.0	1.0	1.6680000000000001	4.332	1.0
383	2.0	3.0	2.0	2.0	2.3320000000000007	12.668	4.0
384	2.0	2.0	1.0	0.0	2.4	3.6	1.0
385	2.0	0.0	1.0	0.0	0.6660000000000004	5.334	1.0
386	5.0	1.0	4.0	0.0	5.0	10.0	4.0
387	2.0	5.0	1.0	3.0	2.998000000000001	18.002	4.0
388	3.0	1.0	1.0	0.0	4.0	8.0	1.0
389	5.0	1.0	4.0	0.0	5.336	12.664000000000001	4.0
390	5.0	0.0	3.0	0.0	5.0	10.0	3.0
391	1.0	1.0	1.0	1.0	1.3330000000000002	4.667	2.0
392	4.0	0.0	2.0	0.0	4.0	8.0	2.0
393	4.0	1.0	1.0	0.0	4.0	8.0	1.0
394	5.0	1.0	2.0	1.0	5.668	12.332	3.0
395	5.0	2.0	3.0	0.0	7.136000000000001	13.863999999999999	3.0
396	3.0	0.0	2.0	0.0	3.0	6.0	2.0
397	3.0	0.0	1.0	0.0	0.9990000000000006	8.001	1.0
398	4.0	0.0	2.0	0.0	3.736	8.264	2.0
399	6.0	0.0	3.0	0.0	6.0	12.0	3.0
400	5.0	0.0	3.0	0.0	5.0	10.0	3.0
401	5.0	5.0	1.0	3.0	6.6690000000000005	17.331	3.0
402	5.0	2.0	2.0	1.0	4.332000000000001	16.668	3.0
403	2.0	0.0	0.0	0.0	0.6660000000000004	5.334	0.0
404	0.0	0.0	0.0	0.0	0.0	0.0	0.0
405	3.0	0.0	1.0	0.0	0.9990000000000006	8.001	1.0
406	3.0	4.0	2.0	2.0	3.9990000000000006	14.001	3.0
407	4.0	1.0	3.0	0.0	5.0	10.0	3.0
408	5.0	0.0	4.0	0.0	3.3360000000000003	8.664	3.0
409	1.0	1.0	0.0	1.0	2.0	4.0	1.0
410	4.0	1.0	2.0	1.0	5.0	10.0	3.0
411	4.0	0.0	2.0	0.0	4.0	8.0	2.0
412	3.0	0.0	2.0	0.0	3.0	6.0	2.0
413	2.0	3.0	0.0	1.0	2.6660000000000004	9.334	1.0
414	1.0	3.0	0.0	2.0	1.3320000000000007	10.668	2.0
415	2.0	0.0	1.0	0.0	0.6660000000000004	5.334	1.0
416	1.0	4.0	0.0	2.0	2.0	10.0	2.0
417	1.0	2.0	1.0	2.0	0.9990000000000006	8.001	3.0
418	3.0	4.0	1.0	2.0	4.666	13.334	3.0
419	2.0	0.0	1.0	0.0	0.6660000000000004	5.334	1.0
420	5.0	2.0	1.0	1.0	7.0	14.0	2.0
421	6.0	1.0	3.0	0.0	4.668	10.332	2.0
422	4.0	0.0	3.0	0.0	3.068	5.932	2.0
423	0.0	0.0	0.0	0.0	0.0	0.0	0.0
424	3.0	2.0	2.0	1.0	3.668	8.332	2.0
425	2.0	1.0	1.0	1.0	2.668	6.332	2.0
426	6.0	0.0	3.0	0.0	6.0	12.0	3.0
427	2.0	2.0	1.0	2.0	2.333	6.667	2.0
428	1.0	1.0	1.0	1.0	1.6680000000000001	4.332	2.0
429	3.0	3.0	3.0	1.0	4.3340000000000005	13.666	4.0
430	6.0	0.0	4.0	0.0	6.0	12.0	4.0
431	3.0	0.0	1.0	0.0	3.0	6.0	1.0
432	2.0	0.0	1.0	0.0	2.0	4.0	1.0
433	2.0	1.0	1.0	0.0	0.9990000000000006	8.001	1.0
434	3.0	1.0	2.0	1.0	1.3320000000000007	10.668	3.0
435	0.0	1.0	0.0	1.0	0.6680000000000001	2.332	1.0
436	4.0	0.0	1.0	0.0	4.0	8.0	1.0
437	0.0	0.0	0.0	0.0	0.0	0.0	0.0
438	2.0	0.0	1.0	0.0	0.6660000000000004	5.334	1.0
439	3.0	2.0	2.0	1.0	3.333	8.667	3.0
440	8.0	0.0	6.0	0.0	7.536	13.464	5.0
441	6.0	0.0	3.0	0.0	5.468	9.532	2.0
442	3.0	0.0	1.0	0.0	3.0	6.0	1.0
443	1.0	2.0	0.0	0.0	0.9990000000000006	8.001	0.0
444	4.0	3.0	4.0	1.0	4.666	13.334	5.0
445	1.0	1.0	1.0	1.0	1.0	2.0	1.0
446	1.0	3.0	0.0	3.0	2.3370000000000006	9.663	3.0
447	1.0	1.0	0.0	0.0	1.0	2.0	0.0
448	0.0	0.0	0.0	0.0	0.0	0.0	0.0
449	1.0	0.0	1.0	0.0	1.4	1.6	1.0
450	1.0	0.0	1.0	0.0	0.3330000000000002	2.667	1.0
451	2.0	2.0	1.0	1.0	2.0660000000000003	6.933999999999999	1.0
452	2.0	0.0	1.0	0.0	0.6660000000000004	5.334	1.0
453	3.0	0.0	3.0	0.0	3.0	6.0	3.0
454	4.0	4.0	1.0	2.0	4.0040000000000004	10.995999999999999	2.0
455	2.0	4.0	1.0	4.0	0.9990000000000006	11.001	3.0
456	2.0	4.0	2.0	2.0	2.6660000000000004	9.334	3.0
457	4.0	4.0	3.0	1.0	4.9990000000000006	16.000999999999998	4.0
458	4.0	1.0	3.0	0.0	4.336	10.664	3.0
459	4.0	0.0	2.0	0.0	4.0	8.0	2.0
460	0.0	1.0	0.0	1.0	0.3330000000000002	2.667	1.0
461	3.0	1.0	3.0	1.0	3.0040000000000004	8.995999999999999	4.0
462	2.0	0.0	2.0	0.0	0.6660000000000004	5.334	2.0
463	1.0	1.0	1.0	0.0	2.0	4.0	1.0
464	2.0	0.0	2.0	0.0	0.6660000000000004	5.334	2.0
465	4.0	2.0	3.0	1.0	6.0	12.0	4.0
466	3.0	0.0	2.0	0.0	0.9990000000000006	8.001	2.0
467	5.0	2.0	1.0	2.0	2.000000000000001	13.0	1.0
468	2.0	1.0	0.0	1.0	2.3360000000000003	6.664	1.0
469	5.0	3.0	4.0	2.0	6.333	14.667	5.0
470	4.0	2.0	3.0	1.0	5.668	12.332	4.0
471	3.0	4.0	1.0	2.0	2.6660000000000004	9.334	2.0
472	2.0	0.0	2.0	0.0	0.6660000000000004	5.334	2.0
473	3.0	0.0	1.0	0.0	3.0	6.0	1.0
474	2.0	0.0	0.0	0.0	2.0	4.0	0.0
475	4.0	6.0	2.0	4.0	4.666	13.334	3.0
476	2.0	2.0	2.0	1.0	1.9990000000000006	10.001	3.0
477	5.0	0.0	4.0	0.0	5.800000000000001	9.2	4.0
478	1.0	3.0	1.0	1.0	1.9990000000000006	10.001	2.0
479	4.0	1.0	3.0	1.0	3.6720000000000006	11.328	4.0
480	2.0	4.0	1.0	3.0	2.6670000000000007	12.332999999999998	3.0
481	7.0	6.0	4.0	2.0	6.668000000000001	23.332	5.0
482	3.0	6.0	3.0	0.0	4.665000000000001	19.335	3.0
483	3.0	3.0	1.0	1.0	2.3360000000000003	9.664	2.0
484	6.0	5.0	4.0	3.0	7.666	19.334	5.0
485	3.0	6.0	2.0	4.0	2.6640000000000015	21.336	5.0
486	2.0	5.0	1.0	1.0	4.7330000000000005	13.267	2.0
487	1.0	4.0	0.0	1.0	0.6660000000000004	8.334	1.0
488	4.0	4.0	3.0	1.0	6.666	17.334	4.0
489	3.0	3.0	1.0	2.0	3.0010000000000003	8.998999999999999	2.0
490	3.0	5.0	1.0	3.0	2.3370000000000006	12.663	2.0
491	4.0	6.0	2.0	4.0	5.333000000000001	21.666999999999998	6.0
492	1.0	8.0	1.0	5.0	4.331000000000001	22.668999999999997	6.0
493	4.0	5.0	2.0	2.0	6.069000000000001	17.931	4.0
494	3.0	3.0	2.0	0.0	4.666	13.334	2.0
495	3.0	9.0	2.0	4.0	7.665000000000001	25.335	5.0
496	3.0	5.0	3.0	2.0	2.6640000000000015	21.336	5.0
497	4.0	5.0	3.0	2.0	6.340000000000001	20.660000000000004	5.0
498	3.0	6.0	3.0	3.0	4.998000000000001	22.002000000000002	6.0
499	3.0	7.0	2.0	1.0	4.668000000000001	19.332	3.0
500	5.0	6.0	3.0	2.0	7.732000000000001	22.268	5.0
501	4.0	2.0	3.0	2.0	1.998000000000001	16.002	5.0
502	2.0	9.0	2.0	5.0	4.998000000000001	22.002000000000002	5.0
503	3.0	7.0	2.0	4.0	4.332000000000001	16.668	4.0
504	3.0	2.0	2.0	0.0	4.068	7.932	2.0
505	2.0	9.0	1.0	6.0	4.667000000000001	19.333	4.0
506	4.0	7.0	1.0	4.0	5.998000000000001	24.002	5.0
507	5.0	5.0	4.0	2.0	6.6690000000000005	17.331	5.0
508	1.0	2.0	1.0	0.0	1.6690000000000005	7.3309999999999995	1.0
509	4.0	6.0	2.0	3.0	6.332000000000001	20.668	4.0
510	1.0	6.0	0.0	5.0	1.3320000000000007	13.668	3.0
511	0.0	2.0	0.0	2.0	0.6680000000000001	2.332	1.0
512	3.0	8.0	3.0	6.0	5.001	12.998999999999999	4.0
513	3.0	4.0	2.0	2.0	1.665000000000001	13.334999999999999	3.0
514	5.0	1.0	5.0	0.0	6.136	11.863999999999999	5.0
515	1.0	9.0	1.0	5.0	5.735000000000001	18.265	5.0
516	2.0	3.0	1.0	2.0	1.9990000000000006	10.001	2.0
517	1.0	10.0	0.0	6.0	5.000000000000001	19.0	5.0
518	4.0	5.0	2.0	2.0	6.802	17.198	3.0
519	2.0	6.0	2.0	2.0	3.9990000000000006	14.001	3.0
520	3.0	4.0	2.0	1.0	3.333000000000001	17.666999999999998	3.0
521	2.0	7.0	1.0	1.0	8.068999999999999	18.930999999999997	2.0
522	1.0	7.0	0.0	2.0	4.665000000000001	19.335	2.0
523	2.0	4.0	0.0	0.0	2.668000000000001	15.331999999999999	0.0
524	1.0	3.0	1.0	2.0	0.9990000000000006	8.001	2.0
525	0.0	7.0	0.0	1.0	2.6670000000000007	15.332999999999998	1.0
526	0.0	7.0	0.0	3.0	2.3310000000000013	18.668999999999997	3.0
527	0.0	6.0	0.0	3.0	2.9990000000000006	12.001	2.0
528	0.0	0.0	0.0	0.0	0.0	0.0	0.0
529	1.0	5.0	0.0	2.0	1.665000000000001	13.334999999999999	1.0
530	2.0	2.0	1.0	0.0	2.6660000000000004	9.334	1.0
531	5.0	0.0	3.0	0.0	6.199999999999999	8.8	3.0
532	3.0	3.0	1.0	1.0	4.0	8.0	1.0
533	1.0	8.0	1.0	4.0	4.000000000000001	17.0	4.0
534	2.0	6.0	1.0	5.0	4.065000000000001	16.935	5.0
535	4.0	5.0	4.0	1.0	5.665000000000001	21.335	5.0
536	6.0	5.0	3.0	5.0	6.333	17.667	5.0
537	4.0	5.0	1.0	3.0	2.9970000000000017	24.002999999999997	4.0
538	1.0	0.0	0.0	0.0	1.0	2.0	0.0
539	2.0	5.0	1.0	2.0	2.665000000000001	15.334999999999999	2.0
540	3.0	9.0	1.0	4.0	7.670000000000001	22.33	4.0
541	4.0	3.0	2.0	2.0	7.0	14.0	4.0
542	4.0	3.0	2.0	2.0	2.3320000000000007	12.668	3.0
543	5.0	2.0	4.0	2.0	5.333	12.667	5.0
544	4.0	0.0	2.0	0.0	4.0	8.0	2.0
545	3.0	7.0	2.0	5.0	5.6690000000000005	18.331	5.0
546	5.0	9.0	5.0	7.0	6.3340000000000005	17.666	6.0
547	2.0	1.0	1.0	1.0	3.0	6.0	2.0
548	0.0	2.0	0.0	1.0	1.3330000000000002	4.667	1.0
549	1.0	1.0	1.0	1.0	1.0	2.0	1.0
550	0.0	0.0	0.0	0.0	0.0	0.0	0.0
551	0.0	3.0	0.0	3.0	0.6660000000000004	5.334	2.0
552	3.0	3.0	1.0	1.0	3.6660000000000004	11.334	2.0
553	5.0	4.0	4.0	2.0	4.002000000000001	13.998000000000001	3.0
554	4.0	0.0	3.0	0.0	1.3320000000000007	10.668	3.0
555	6.0	0.0	4.0	0.0	4.668	10.332	3.0
556	2.0	0.0	2.0	0.0	0.6660000000000004	5.334	2.0
557	5.0	2.0	2.0	2.0	5.7330000000000005	12.267	3.0
558	3.0	8.0	1.0	3.0	5.332000000000001	18.668	3.0
559	5.0	7.0	1.0	3.0	8.734	21.266	3.0
560	4.0	8.0	2.0	4.0	7.667000000000001	22.333	5.0
561	4.0	8.0	3.0	4.0	7.065000000000001	22.935	6.0
562	3.0	3.0	0.0	1.0	4.333	10.667	1.0
563	2.0	8.0	0.0	5.0	6.668000000000001	23.332	5.0
564	1.0	3.0	1.0	1.0	0.9990000000000006	8.001	1.0
565	3.0	3.0	1.0	1.0	3.9990000000000006	14.001	2.0
566	1.0	2.0	0.0	0.0	2.0	4.0	0.0
567	3.0	5.0	2.0	2.0	5.3340000000000005	15.666	3.0
568	4.0	7.0	1.0	5.0	6.9990000000000006	20.000999999999998	5.0
569	3.0	6.0	2.0	1.0	5.666	15.334	3.0
570	2.0	3.0	2.0	1.0	0.9990000000000006	11.001	3.0
571	3.0	6.0	2.0	1.0	4.672000000000001	13.328	3.0
572	2.0	4.0	1.0	1.0	6.0	12.0	2.0
573	2.0	6.0	0.0	3.0	5.0	10.0	2.0
574	1.0	5.0	0.0	3.0	3.000000000000001	15.0	3.0
575	6.0	8.0	2.0	3.0	5.998000000000001	24.002000000000002	4.0
576	3.0	4.0	2.0	3.0	3.000000000000001	14.999999999999998	4.0
577	3.0	6.0	1.0	3.0	5.3340000000000005	15.666	3.0
578	6.0	5.0	5.0	2.0	6.332000000000001	20.668	6.0
579	3.0	3.0	2.0	1.0	2.0010000000000003	6.999	2.0
580	2.0	1.0	2.0	1.0	0.6660000000000004	5.334	2.0
581	3.0	2.0	1.0	1.0	4.0	8.0	1.0
582	2.0	1.0	1.0	0.0	0.9990000000000006	8.001	1.0
583	2.0	2.0	1.0	2.0	1.6660000000000004	7.334	2.0
584	1.0	3.0	0.0	0.0	1.3330000000000002	4.667	0.0
585	1.0	2.0	0.0	1.0	3.0	6.0	1.0
586	2.0	2.0	1.0	2.0	2.333	6.667	2.0
587	2.0	0.0	2.0	0.0	0.6660000000000004	5.334	2.0
588	3.0	3.0	3.0	0.0	2.9990000000000006	12.001	3.0
589	2.0	3.0	1.0	0.0	3.6660000000000004	11.334	1.0
590	0.0	5.0	0.0	2.0	3.6660000000000004	11.334	2.0
591	3.0	4.0	1.0	1.0	3.9990000000000006	14.001	2.0
592	0.0	1.0	0.0	1.0	1.0	2.0	1.0
593	3.0	6.0	1.0	3.0	3.9990000000000006	14.001	2.0
594	2.0	4.0	1.0	2.0	1.9990000000000006	10.001	2.0
595	4.0	8.0	1.0	4.0	5.332000000000002	27.667999999999996	4.0
596	1.0	5.0	0.0	3.0	1.998000000000001	16.002	3.0
597	2.0	6.0	0.0	2.0	3.3320000000000007	14.668	2.0
598	4.0	4.0	1.0	1.0	3.3320000000000007	14.668	2.0
599	5.0	7.0	3.0	2.0	4.665000000000001	19.335	4.0
600	2.0	10.0	1.0	7.0	5.665000000000001	21.335	5.0
601	1.0	8.0	0.0	4.0	3.998000000000001	20.002000000000002	3.0
602	3.0	8.0	2.0	6.0	4.000000000000001	17.0	4.0
603	2.0	3.0	0.0	2.0	1.665000000000001	13.334999999999999	2.0
604	2.0	5.0	0.0	2.0	2.665000000000001	15.334999999999999	2.0
605	3.0	3.0	1.0	1.0	5.333	12.667	2.0
606	2.0	3.0	0.0	2.0	2.3320000000000007	12.668	2.0
607	4.0	1.0	2.0	1.0	5.0	10.0	3.0
608	3.0	1.0	2.0	1.0	3.8	5.2	2.0
609	3.0	2.0	0.0	2.0	5.0	10.0	2.0
610	6.0	4.0	3.0	1.0	6.3340000000000005	17.666	3.0
611	1.0	3.0	0.0	2.0	0.9990000000000006	8.001	1.0
612	2.0	8.0	2.0	6.0	3.9990000000000006	20.000999999999998	6.0
613	3.0	2.0	1.0	0.0	3.3360000000000003	8.664	1.0
614	3.0	5.0	2.0	3.0	3.6660000000000004	11.334	3.0
615	2.0	4.0	1.0	2.0	3.6670000000000007	14.332999999999998	3.0
616	4.0	1.0	2.0	1.0	2.000000000000001	12.999999999999998	3.0
617	6.0	1.0	3.0	1.0	6.469	14.530999999999999	4.0
618	4.0	6.0	3.0	3.0	4.9990000000000006	16.000999999999998	4.0
619	4.0	6.0	3.0	5.0	3.6660000000000013	20.333999999999996	6.0
620	2.0	0.0	2.0	0.0	0.6680000000000001	2.332	1.0
621	3.0	1.0	3.0	1.0	1.3320000000000007	10.668	4.0
622	3.0	7.0	1.0	3.0	4.9990000000000006	19.000999999999998	4.0
623	2.0	7.0	0.0	4.0	6.069000000000001	20.931	4.0
624	5.0	2.0	5.0	1.0	2.6670000000000007	12.333	4.0
625	4.0	2.0	3.0	2.0	2.668000000000001	15.331999999999997	5.0
626	1.0	6.0	0.0	4.0	5.666	15.334	4.0
627	3.0	5.0	0.0	3.0	3.0010000000000003	11.998999999999999	2.0
628	4.0	1.0	1.0	0.0	2.6660000000000004	9.334	1.0
629	2.0	5.0	2.0	3.0	2.998000000000001	18.002	5.0
630	1.0	6.0	1.0	1.0	2.3990000000000005	12.600999999999999	2.0
631	4.0	3.0	1.0	1.0	3.6660000000000004	11.334	2.0
632	4.0	1.0	2.0	0.0	2.333	6.667	2.0
633	2.0	7.0	1.0	4.0	3.6660000000000013	20.333999999999996	4.0
634	2.0	2.0	1.0	1.0	3.4	8.6	2.0
635	4.0	8.0	1.0	5.0	5.998000000000001	24.002000000000002	4.0
636	3.0	11.0	2.0	6.0	6.331000000000001	26.668999999999997	5.0
637	3.0	6.0	2.0	4.0	3.6670000000000007	14.333	4.0
638	2.0	8.0	1.0	5.0	7.672000000000001	22.328	6.0
639	3.0	6.0	0.0	3.0	6.002000000000001	17.997999999999998	2.0
640	1.0	6.0	1.0	3.0	2.998000000000001	18.002	4.0
641	4.0	3.0	2.0	1.0	4.404	13.595999999999998	3.0
642	3.0	1.0	1.0	0.0	2.333	6.667	1.0
643	3.0	6.0	2.0	3.0	3.3320000000000007	14.668	3.0
644	3.0	7.0	2.0	5.0	4.332000000000001	16.668	4.0
645	3.0	6.0	0.0	3.0	4.005000000000001	16.994999999999997	2.0
646	4.0	8.0	3.0	3.0	3.998000000000001	20.002	5.0
647	3.0	8.0	3.0	5.0	3.665000000000001	17.335	5.0
648	1.0	2.0	0.0	1.0	2.668	6.332	1.0
649	3.0	5.0	1.0	1.0	4.333000000000001	19.666999999999998	2.0
650	5.0	5.0	3.0	2.0	5.666	15.334	4.0
651	3.0	4.0	2.0	2.0	2.998000000000001	18.002	4.0
652	1.0	5.0	0.0	2.0	1.3340000000000005	7.6659999999999995	1.0
653	4.0	7.0	3.0	4.0	7.666	19.334	5.0
654	3.0	6.0	1.0	0.0	7.066000000000001	16.933999999999997	1.0
655	4.0	5.0	2.0	2.0	8.404	18.596	4.0
656	2.0	4.0	0.0	1.0	4.066000000000001	10.934	1.0
657	2.0	7.0	2.0	3.0	5.3340000000000005	15.665999999999999	3.0
658	1.0	8.0	1.0	5.0	3.3320000000000007	17.668	4.0
659	1.0	2.0	1.0	0.0	2.668	6.332	1.0
660	2.0	4.0	1.0	0.0	1.998000000000001	16.002	1.0
661	3.0	4.0	1.0	1.0	5.068	9.932	2.0
662	3.0	7.0	3.0	1.0	8.135000000000002	21.865	4.0
663	2.0	0.0	1.0	0.0	0.6660000000000004	5.334	1.0
664	4.0	1.0	2.0	1.0	3.6720000000000006	11.328	3.0
665	3.0	2.0	1.0	2.0	1.9990000000000006	10.001	2.0
666	5.0	0.0	2.0	0.0	5.0	10.0	2.0
667	5.0	0.0	1.0	0.0	2.668	6.332	1.0
668	4.0	0.0	2.0	0.0	1.3320000000000007	10.668	2.0
669	3.0	11.0	0.0	7.0	8.0	28.0	5.0
670	2.0	0.0	1.0	0.0	0.6660000000000004	5.334	1.0
671	6.0	1.0	3.0	1.0	6.0	12.0	3.0
672	6.0	1.0	4.0	0.0	4.666	13.334	4.0
673	3.0	6.0	2.0	4.0	5.666	15.334	4.0
674	4.0	2.0	1.0	1.0	6.0	12.0	2.0
675	3.0	0.0	1.0	0.0	2.0040000000000004	6.9959999999999996	1.0
676	2.0	1.0	1.0	0.0	0.9990000000000006	8.001	1.0
677	3.0	4.0	1.0	1.0	3.6670000000000007	14.332999999999998	2.0
678	3.0	0.0	3.0	0.0	0.9990000000000006	8.001	3.0
679	2.0	0.0	1.0	0.0	0.6660000000000004	5.334	1.0
680	4.0	2.0	3.0	2.0	6.0	12.0	5.0
681	2.0	5.0	2.0	3.0	2.333	9.667	3.0
682	2.0	0.0	1.0	0.0	2.0	4.0	1.0
683	2.0	2.0	1.0	1.0	3.0040000000000004	8.995999999999999	2.0
684	5.0	0.0	4.0	0.0	1.665000000000001	13.334999999999999	4.0
685	4.0	0.0	2.0	0.0	1.3320000000000007	10.668	2.0
686	3.0	1.0	1.0	0.0	3.4010000000000002	8.599	1.0
687	2.0	0.0	0.0	0.0	0.6660000000000004	5.334	0.0
688	2.0	2.0	1.0	0.0	1.3320000000000007	10.668	1.0
689	1.0	2.0	0.0	1.0	0.9990000000000006	8.001	1.0
690	5.0	2.0	3.0	0.0	6.4	11.6	3.0
691	3.0	3.0	1.0	1.0	3.0	6.0	1.0
692	4.0	2.0	2.0	0.0	4.336	10.664	2.0
693	3.0	2.0	3.0	2.0	1.6660000000000004	7.334	3.0
694	2.0	2.0	1.0	1.0	1.3320000000000007	10.668	2.0
695	3.0	6.0	2.0	4.0	2.998000000000001	18.002	5.0
696	3.0	2.0	2.0	1.0	2.3320000000000007	12.668	3.0
697	1.0	8.0	0.0	4.0	3.9990000000000014	23.000999999999998	4.0
698	2.0	8.0	1.0	5.0	5.332000000000001	18.668	4.0
699	3.0	7.0	2.0	2.0	4.332000000000001	16.668	2.0
700	0.0	0.0	0.0	0.0	0.0	0.0	0.0
701	0.0	0.0	0.0	0.0	0.0	0.0	0.0
702	0.0	0.0	0.0	0.0	0.0	0.0	0.0
703	0.0	0.0	0.0	0.0	0.0	0.0	0.0
704	1.0	2.0	0.0	2.0	0.6660000000000004	5.334	1.0
705	2.0	5.0	1.0	3.0	2.3320000000000007	12.668	3.0
706	4.0	4.0	2.0	3.0	6.333	14.667	4.0
707	2.0	5.0	1.0	3.0	1.998000000000001	16.002	4.0
708	5.0	5.0	4.0	3.0	5.665000000000001	21.335	6.0
709	4.0	2.0	2.0	1.0	2.3320000000000007	12.668	2.0
710	2.0	8.0	1.0	3.0	5.002000000000001	18.997999999999998	3.0
711	3.0	6.0	2.0	2.0	7.672000000000001	19.328	4.0
712	1.0	0.0	1.0	0.0	0.3330000000000002	2.667	1.0
713	4.0	0.0	3.0	0.0	1.3320000000000007	10.668	3.0
714	4.0	2.0	3.0	1.0	2.3320000000000007	12.668	3.0
715	1.0	3.0	0.0	2.0	1.3340000000000005	7.6659999999999995	1.0
716	1.0	1.0	0.0	0.0	2.0	4.0	0.0
717	2.0	1.0	1.0	0.0	3.0	6.0	1.0
718	5.0	5.0	4.0	2.0	6.667000000000001	20.333	6.0
719	3.0	3.0	2.0	1.0	2.3320000000000007	12.668	2.0
720	5.0	0.0	2.0	0.0	4.668	10.332	2.0
721	6.0	0.0	3.0	0.0	6.0	12.0	3.0
722	3.0	0.0	2.0	0.0	3.0	6.0	2.0
723	1.0	1.0	1.0	1.0	0.3330000000000002	2.667	1.0
724	3.0	0.0	3.0	0.0	0.9990000000000006	8.001	3.0
725	1.0	2.0	1.0	1.0	1.3360000000000003	4.664	1.0
726	2.0	0.0	1.0	0.0	0.6660000000000004	5.334	1.0
727	4.0	0.0	1.0	0.0	1.3320000000000007	10.668	1.0
728	4.0	0.0	1.0	0.0	4.0	8.0	1.0
729	6.0	2.0	2.0	1.0	6.333	14.667	3.0
730	2.0	1.0	0.0	1.0	0.9990000000000006	8.001	1.0
731	2.0	1.0	2.0	1.0	2.0660000000000003	6.933999999999999	3.0
732	2.0	4.0	1.0	3.0	1.9990000000000006	10.001	2.0
733	4.0	1.0	2.0	0.0	4.068	10.931999999999999	2.0
734	4.0	3.0	3.0	3.0	3.6690000000000005	11.331	4.0
735	4.0	4.0	4.0	2.0	4.333	10.667	4.0
736	7.0	2.0	4.0	2.0	3.6690000000000005	11.331	3.0
737	3.0	6.0	2.0	4.0	5.466	18.534	5.0
738	2.0	3.0	2.0	2.0	1.9990000000000006	10.001	3.0
739	1.0	2.0	1.0	1.0	1.3340000000000005	7.6659999999999995	2.0
740	4.0	2.0	3.0	2.0	1.9990000000000006	10.001	3.0
741	4.0	5.0	3.0	2.0	3.3320000000000016	23.667999999999996	5.0
742	0.0	0.0	0.0	0.0	0.0	0.0	0.0
743	2.0	6.0	1.0	3.0	5.667000000000001	18.333	4.0
744	1.0	5.0	0.0	2.0	2.6670000000000007	12.332999999999998	2.0
745	1.0	5.0	1.0	3.0	3.9990000000000006	14.001	4.0
746	5.0	0.0	3.0	0.0	5.0	10.0	3.0
747	3.0	1.0	2.0	1.0	2.0660000000000003	6.933999999999999	2.0
748	4.0	3.0	2.0	1.0	5.333	12.667	3.0
749	3.0	5.0	2.0	1.0	4.332000000000001	16.668	3.0
750	2.0	3.0	1.0	2.0	3.0	6.0	2.0
751	2.0	6.0	1.0	3.0	2.6640000000000015	21.336	4.0
752	3.0	2.0	2.0	1.0	1.665000000000001	13.334999999999999	3.0
753	5.0	1.0	4.0	0.0	6.0	12.0	4.0
754	2.0	1.0	1.0	1.0	0.6660000000000004	5.334	1.0
755	5.0	3.0	3.0	2.0	5.336	12.664	3.0
756	5.0	0.0	2.0	0.0	5.0	10.0	2.0
757	6.0	2.0	2.0	0.0	3.9990000000000006	14.001	2.0
758	6.0	0.0	4.0	0.0	6.068	11.932	4.0
759	4.0	1.0	1.0	0.0	2.6660000000000004	9.334	1.0
760	1.0	5.0	1.0	2.0	2.333000000000001	15.666999999999998	3.0
761	3.0	0.0	2.0	0.0	0.9990000000000006	8.001	2.0
762	3.0	2.0	1.0	1.0	5.0	10.0	2.0
763	6.0	3.0	5.0	0.0	6.4670000000000005	20.533	5.0
764	2.0	3.0	0.0	2.0	1.665000000000001	13.334999999999999	2.0
765	7.0	3.0	4.0	2.0	7.869	19.131	5.0
766	5.0	1.0	3.0	0.0	6.0	12.0	3.0
767	3.0	2.0	2.0	1.0	3.6660000000000004	11.334	3.0
768	4.0	5.0	2.0	2.0	4.9990000000000006	16.000999999999998	4.0
769	3.0	6.0	1.0	2.0	5.6690000000000005	15.331	2.0
770	2.0	5.0	1.0	3.0	3.6670000000000007	14.332999999999998	3.0
771	5.0	2.0	1.0	1.0	5.333	12.667	2.0
772	1.0	5.0	1.0	3.0	2.3340000000000005	9.666	2.0
773	3.0	5.0	1.0	2.0	3.665000000000001	17.335	3.0
774	2.0	4.0	1.0	2.0	1.665000000000001	13.334999999999999	2.0
775	3.0	2.0	0.0	1.0	3.333	8.667	1.0
776	4.0	5.0	3.0	3.0	5.332000000000001	18.668	5.0
777	4.0	3.0	2.0	1.0	1.3340000000000005	7.6659999999999995	1.0
778	4.0	0.0	2.0	0.0	4.468	7.532	2.0
779	0.0	2.0	0.0	1.0	1.3330000000000002	4.667	1.0
780	1.0	6.0	0.0	4.0	1.998000000000001	16.002	3.0
781	6.0	3.0	1.0	2.0	6.804	17.195999999999998	3.0
782	1.0	5.0	0.0	2.0	2.6670000000000007	12.332999999999998	2.0
783	2.0	1.0	0.0	0.0	1.3330000000000002	4.667	0.0
784	8.0	1.0	4.0	1.0	9.601	17.399	5.0
785	7.0	0.0	3.0	0.0	7.136	13.863999999999999	3.0
786	1.0	3.0	0.0	0.0	1.6660000000000004	7.334	0.0
787	4.0	2.0	1.0	0.0	6.0	12.0	1.0
788	3.0	4.0	2.0	2.0	4.737	16.263	4.0
789	2.0	5.0	2.0	2.0	2.6670000000000007	12.333	3.0
790	3.0	2.0	2.0	1.0	3.3360000000000003	11.664000000000001	3.0
791	2.0	2.0	1.0	0.0	0.6660000000000004	8.334	1.0
792	3.0	3.0	2.0	1.0	4.333	10.667	3.0
793	4.0	3.0	2.0	3.0	5.333	12.667	4.0
794	4.0	5.0	1.0	3.0	4.332000000000001	16.668	3.0
795	2.0	3.0	0.0	2.0	2.9990000000000006	12.001	2.0
796	3.0	4.0	1.0	2.0	5.001	12.999	2.0
797	4.0	4.0	3.0	2.0	6.0	12.0	4.0
798	2.0	10.0	1.0	5.0	6.667000000000001	20.333	4.0
799	4.0	6.0	2.0	4.0	7.333	16.667	5.0
800	3.0	7.0	2.0	4.0	3.6670000000000007	14.332999999999998	3.0
801	2.0	4.0	1.0	2.0	3.3360000000000003	8.664	2.0
802	4.0	5.0	3.0	2.0	6.001	14.998999999999999	4.0
803	4.0	3.0	4.0	3.0	2.665000000000001	15.334999999999999	6.0
804	2.0	7.0	1.0	1.0	5.332000000000001	18.668	2.0
805	2.0	3.0	1.0	1.0	1.665000000000001	13.334999999999999	2.0
806	2.0	4.0	1.0	2.0	1.9990000000000006	10.001	2.0
807	1.0	6.0	1.0	4.0	2.335000000000001	18.665	5.0
808	3.0	6.0	2.0	2.0	2.9970000000000017	24.003	4.0
809	2.0	3.0	1.0	3.0	2.3320000000000007	12.668	4.0
810	4.0	5.0	2.0	2.0	2.9990000000000006	12.001	2.0
811	4.0	8.0	4.0	4.0	6.665000000000001	23.334999999999997	6.0
812	2.0	7.0	2.0	5.0	3.335000000000001	14.665	4.0
813	4.0	1.0	4.0	1.0	3.736	8.264	4.0
814	4.0	3.0	1.0	1.0	2.6670000000000007	12.332999999999998	2.0
815	4.0	7.0	2.0	4.0	5.9990000000000006	18.000999999999998	4.0
816	5.0	5.0	3.0	2.0	3.9990000000000006	14.001	4.0
817	5.0	1.0	4.0	1.0	6.868	11.132	5.0
818	4.0	3.0	2.0	0.0	7.0	14.0	2.0
819	3.0	5.0	3.0	3.0	5.333	12.667	4.0
820	8.0	1.0	5.0	1.0	8.536	15.464	5.0
821	3.0	7.0	3.0	3.0	3.333000000000001	17.666999999999998	3.0
822	1.0	5.0	1.0	5.0	3.068	5.932	3.0
823	0.0	0.0	0.0	0.0	0.0	0.0	0.0
824	0.0	0.0	0.0	0.0	0.0	0.0	0.0
825	0.0	0.0	0.0	0.0	0.0	0.0	0.0
826	0.0	0.0	0.0	0.0	0.0	0.0	0.0
827	0.0	0.0	0.0	0.0	0.0	0.0	0.0
828	0.0	0.0	0.0	0.0	0.0	0.0	0.0
829	0.0	0.0	0.0	0.0	0.0	0.0	0.0
830	0.0	0.0	0.0	0.0	0.0	0.0	0.0
831	0.0	0.0	0.0	0.0	0.0	0.0	0.0
832	0.0	0.0	0.0	0.0	0.0	0.0	0.0
833	0.0	0.0	0.0	0.0	0.0	0.0	0.0
834	0.0	0.0	0.0	0.0	0.0	0.0	0.0
835	0.0	0.0	0.0	0.0	0.0	0.0	0.0
836	0.0	0.0	0.0	0.0	0.0	0.0	0.0
837	0.0	0.0	0.0	0.0	0.0	0.0	0.0
838	0.0	0.0	0.0	0.0	0.0	0.0	0.0
839	0.0	0.0	0.0	0.0	0.0	0.0	0.0
840	3.0	6.0	3.0	2.0	6.9990000000000006	20.000999999999998	5.0
841	3.0	2.0	2.0	1.0	3.7340000000000004	11.265999999999998	3.0
842	3.0	10.0	1.0	4.0	7.9990000000000006	22.000999999999998	4.0
843	2.0	4.0	2.0	2.0	1.998000000000001	16.002	4.0
844	6.0	6.0	4.0	3.0	9.333	20.667	6.0
845	5.0	2.0	3.0	0.0	5.668	12.332	3.0
846	5.0	3.0	3.0	0.0	5.332000000000001	18.668	3.0
847	3.0	4.0	1.0	2.0	3.3320000000000007	14.668	2.0
848	2.0	0.0	1.0	0.0	0.6660000000000004	5.334	1.0
849	2.0	4.0	1.0	1.0	4.336	10.664000000000001	2.0
850	2.0	6.0	0.0	3.0	5.001	12.999	2.0
851	2.0	7.0	0.0	0.0	4.667000000000001	16.333	0.0
852	3.0	3.0	2.0	0.0	3.3360000000000003	8.664	2.0
853	2.0	5.0	1.0	3.0	1.998000000000001	16.002	3.0
854	1.0	7.0	0.0	6.0	4.332000000000001	16.668	5.0
855	4.0	5.0	2.0	2.0	7.668	16.332	4.0
856	5.0	3.0	2.0	1.0	6.8	11.2	2.0
857	4.0	5.0	2.0	2.0	5.3340000000000005	15.665999999999999	3.0
858	2.0	2.0	1.0	1.0	1.9990000000000006	10.001	2.0
859	1.0	7.0	0.0	6.0	4.667000000000001	16.333	5.0
860	5.0	2.0	5.0	0.0	6.0040000000000004	14.995999999999999	5.0
861	2.0	3.0	1.0	0.0	4.066000000000001	10.934	1.0
862	2.0	3.0	2.0	1.0	0.9990000000000006	8.001	2.0
863	2.0	7.0	2.0	3.0	4.332000000000001	16.668	4.0
864	5.0	4.0	2.0	1.0	4.667000000000001	16.333	2.0
865	4.0	5.0	2.0	1.0	4.9990000000000006	16.000999999999998	3.0
866	2.0	9.0	2.0	4.0	6.733000000000001	23.267	5.0
867	5.0	4.0	3.0	2.0	7.668	16.332	4.0
868	3.0	3.0	0.0	1.0	4.0040000000000004	10.995999999999999	1.0
869	4.0	3.0	0.0	2.0	5.333	12.667	1.0
870	4.0	6.0	2.0	4.0	7.666	19.334	5.0
871	4.0	2.0	2.0	2.0	6.0	12.0	4.0
872	5.0	2.0	2.0	2.0	6.0	12.0	3.0
873	4.0	6.0	2.0	4.0	4.665000000000001	19.335	5.0
874	4.0	4.0	2.0	2.0	5.3340000000000005	15.666	4.0
875	5.0	0.0	4.0	0.0	5.0	10.0	4.0
876	5.0	4.0	3.0	3.0	6.336	14.664000000000001	5.0
877	4.0	2.0	4.0	1.0	6.0	12.0	5.0
878	6.0	1.0	3.0	1.0	5.0	13.0	3.0
879	6.0	0.0	2.0	0.0	6.0	12.0	2.0
880	2.0	8.0	1.0	3.0	5.332000000000001	18.668	4.0
881	1.0	7.0	1.0	3.0	5.666	15.334	4.0
882	0.0	0.0	0.0	0.0	0.0	0.0	0.0
883	3.0	3.0	1.0	2.0	4.666	13.334	3.0
884	4.0	2.0	0.0	2.0	4.668	10.332	1.0
885	2.0	5.0	2.0	3.0	2.9990000000000006	12.001	4.0
886	3.0	3.0	3.0	1.0	4.666	13.334	4.0
887	1.0	4.0	1.0	0.0	0.9990000000000006	8.001	1.0
888	4.0	3.0	2.0	2.0	4.332000000000001	16.668	4.0
889	5.0	0.0	2.0	0.0	5.0	10.0	2.0
890	2.0	0.0	0.0	0.0	2.0	4.0	0.0
891	3.0	3.0	1.0	2.0	3.736	11.264	3.0
892	2.0	7.0	2.0	3.0	4.9990000000000006	16.000999999999998	4.0
893	0.0	4.0	0.0	2.0	0.6660000000000004	5.334	1.0
894	4.0	4.0	1.0	2.0	5.0	13.0	2.0
895	2.0	0.0	2.0	0.0	2.0	4.0	2.0
896	3.0	0.0	1.0	0.0	0.9990000000000006	8.001	1.0
897	2.0	1.0	1.0	0.0	1.3330000000000002	4.667	1.0
898	4.0	0.0	3.0	0.0	4.0	8.0	3.0
899	3.0	0.0	2.0	0.0	3.0	6.0	2.0
900	4.0	0.0	3.0	0.0	1.3320000000000007	10.668	3.0
901	2.0	2.0	2.0	2.0	1.6660000000000004	7.334	3.0
902	5.0	0.0	3.0	0.0	3.668	8.332	2.0
903	3.0	8.0	2.0	5.0	8.669	21.331	6.0
904	6.0	0.0	2.0	0.0	6.0	12.0	2.0
905	3.0	0.0	1.0	0.0	3.0	6.0	1.0
906	2.0	2.0	2.0	1.0	1.3320000000000007	10.668	3.0
907	3.0	3.0	2.0	1.0	4.333	10.667	3.0
908	4.0	2.0	3.0	2.0	4.333	10.667	4.0
909	4.0	3.0	1.0	1.0	7.0	14.0	2.0
910	4.0	4.0	3.0	2.0	6.333	14.667	4.0
911	5.0	0.0	1.0	0.0	5.0	10.0	1.0
912	4.0	3.0	2.0	2.0	6.333	14.667	4.0
913	4.0	1.0	2.0	1.0	4.333	10.667	3.0
914	2.0	0.0	1.0	0.0	0.6660000000000004	5.334	1.0
915	1.0	3.0	1.0	3.0	1.0010000000000003	7.999	3.0
916	4.0	0.0	1.0	0.0	1.3320000000000007	10.668	1.0
917	5.0	1.0	3.0	0.0	3.6660000000000004	11.334	3.0
918	0.0	0.0	0.0	0.0	0.0	0.0	0.0
919	0.0	0.0	0.0	0.0	0.0	0.0	0.0
920	1.0	1.0	0.0	0.0	0.6660000000000004	5.334	0.0
921	1.0	1.0	1.0	1.0	1.0	2.0	1.0
922	0.0	0.0	0.0	0.0	0.0	0.0	0.0
923	1.0	0.0	1.0	0.0	1.0	2.0	1.0
924	0.0	0.0	0.0	0.0	0.0	0.0	0.0
925	0.0	0.0	0.0	0.0	0.0	0.0	0.0
926	0.0	0.0	0.0	0.0	0.0	0.0	0.0
927	0.0	0.0	0.0	0.0	0.0	0.0	0.0
928	0.0	0.0	0.0	0.0	0.0	0.0	0.0
929	0.0	0.0	0.0	0.0	0.0	0.0	0.0
930	0.0	1.0	0.0	1.0	1.0	2.0	1.0
931	0.0	0.0	0.0	0.0	0.0	0.0	0.0
932	0.0	0.0	0.0	0.0	0.0	0.0	0.0
933	0.0	0.0	0.0	0.0	0.0	0.0	0.0
934	0.0	0.0	0.0	0.0	0.0	0.0	0.0
935	0.0	1.0	0.0	1.0	1.0	2.0	1.0
936	2.0	4.0	2.0	2.0	1.998000000000001	16.002	4.0
937	7.0	0.0	3.0	0.0	5.468	9.532	2.0
938	3.0	3.0	1.0	1.0	3.3340000000000005	11.666	2.0
939	2.0	3.0	0.0	2.0	1.3320000000000007	10.668	1.0
940	4.0	1.0	2.0	1.0	5.0	10.0	3.0
941	2.0	2.0	1.0	1.0	3.068	8.932	2.0
942	2.0	4.0	1.0	0.0	2.6660000000000004	9.334	1.0
943	4.0	6.0	1.0	3.0	4.9990000000000006	16.000999999999998	2.0
944	3.0	7.0	3.0	4.0	3.6670000000000007	14.332999999999998	4.0
945	3.0	5.0	2.0	2.0	4.001	10.998999999999999	2.0
946	4.0	0.0	2.0	0.0	4.0	8.0	2.0
947	3.0	9.0	3.0	6.0	5.9990000000000006	18.000999999999998	6.0
948	2.0	5.0	1.0	2.0	4.9990000000000006	16.000999999999998	3.0
949	0.0	0.0	0.0	0.0	0.0	0.0	0.0
950	0.0	2.0	0.0	0.0	1.3330000000000002	4.667	0.0
951	5.0	6.0	4.0	2.0	7.399000000000001	19.601	6.0
952	5.0	3.0	4.0	2.0	6.0	12.0	4.0
953	2.0	0.0	1.0	0.0	0.6660000000000004	5.334	1.0
954	3.0	3.0	3.0	0.0	3.3320000000000007	14.668	3.0
955	6.0	6.0	3.0	3.0	6.065000000000001	20.935000000000002	5.0
956	4.0	2.0	3.0	2.0	2.6660000000000004	9.334	3.0
957	4.0	2.0	2.0	1.0	5.0680000000000005	9.931999999999999	2.0
958	5.0	0.0	3.0	0.0	5.0	10.0	3.0
959	3.0	2.0	1.0	1.0	1.3320000000000007	10.668	1.0
960	6.0	5.0	4.0	1.0	6.333	14.667	3.0
961	5.0	0.0	2.0	0.0	5.068	9.932	2.0
962	4.0	6.0	2.0	2.0	4.331000000000001	22.668999999999997	3.0
963	3.0	8.0	1.0	5.0	6.000000000000001	21.0	4.0
964	3.0	5.0	1.0	3.0	4.3340000000000005	13.666	3.0
965	3.0	1.0	0.0	1.0	4.0	8.0	1.0
966	2.0	8.0	0.0	4.0	5.001	15.998999999999999	2.0
967	2.0	7.0	2.0	5.0	3.3320000000000007	14.668	4.0
968	3.0	4.0	2.0	2.0	2.333	9.667	3.0
969	3.0	5.0	0.0	1.0	4.332000000000001	16.668	1.0
970	4.0	3.0	1.0	2.0	4.402000000000001	13.597999999999999	3.0
971	6.0	3.0	2.0	1.0	5.801	15.199	3.0
972	3.0	1.0	2.0	0.0	2.736	6.263999999999999	2.0
973	2.0	7.0	0.0	6.0	3.998000000000001	20.002	5.0
974	3.0	8.0	1.0	4.0	5.665000000000001	21.335	4.0
975	4.0	0.0	3.0	0.0	1.3320000000000007	10.668	3.0
976	2.0	1.0	1.0	1.0	0.9990000000000006	8.001	2.0
977	3.0	6.0	1.0	1.0	3.3320000000000007	14.668	1.0
978	4.0	8.0	3.0	4.0	5.665000000000001	21.335	5.0
979	3.0	3.0	1.0	0.0	4.068	7.932	1.0
980	4.0	3.0	2.0	2.0	3.3370000000000006	11.662999999999998	3.0
981	3.0	5.0	1.0	2.0	5.9990000000000006	18.000999999999998	3.0
982	3.0	3.0	2.0	2.0	4.333	10.667	3.0
983	4.0	3.0	2.0	1.0	6.0	12.0	2.0
984	2.0	6.0	1.0	2.0	4.399000000000001	13.600999999999999	3.0
985	3.0	3.0	0.0	1.0	4.067	13.933	1.0
986	5.0	4.0	1.0	1.0	6.668	14.332	2.0
987	0.0	6.0	0.0	4.0	2.3320000000000007	12.668	3.0
988	2.0	4.0	2.0	2.0	2.9990000000000006	12.001	3.0
989	1.0	3.0	0.0	2.0	2.6660000000000004	9.334	2.0
990	2.0	5.0	1.0	4.0	3.3320000000000007	14.668	4.0
991	6.0	7.0	3.0	4.0	8.672	21.328	5.0
992	4.0	2.0	3.0	1.0	5.668	12.332	4.0
993	2.0	4.0	1.0	1.0	2.668000000000001	15.331999999999999	2.0
994	1.0	5.0	1.0	4.0	2.3320000000000007	12.668	4.0
995	2.0	1.0	0.0	0.0	1.3360000000000003	7.664	0.0
996	6.0	1.0	3.0	1.0	6.0040000000000004	14.995999999999999	4.0
997	3.0	7.0	2.0	4.0	6.7330000000000005	14.267	4.0
998	1.0	3.0	1.0	0.0	0.9990000000000006	8.001	1.0
999	1.0	3.0	0.0	1.0	2.6660000000000004	9.334	1.0
1000	3.0	2.0	1.0	1.0	5.136	9.864	2.0
1001	3.0	3.0	2.0	1.0	4.0	8.0	3.0
1002	4.0	3.0	3.0	2.0	7.0	14.0	5.0
1003	3.0	4.0	1.0	2.0	3.000000000000001	18.0	3.0
1004	1.0	3.0	0.0	2.0	3.0010000000000003	8.998999999999999	2.0
1005	4.0	8.0	1.0	6.0	7.335000000000001	22.665	6.0
1006	4.0	6.0	1.0	4.0	8.001000000000001	18.999	5.0
1007	7.0	4.0	4.0	4.0	7.4700000000000015	19.529999999999998	6.0
1008	4.0	6.0	3.0	3.0	4.335000000000001	16.665	5.0
1009	2.0	3.0	2.0	1.0	1.3320000000000007	10.668	3.0
1010	4.0	3.0	3.0	2.0	4.0040000000000004	10.995999999999999	4.0
1011	5.0	3.0	3.0	1.0	5.333	12.667	3.0
1012	3.0	7.0	1.0	4.0	6.667000000000001	20.333	5.0
1013	1.0	4.0	0.0	2.0	1.6670000000000007	13.333	2.0
1014	2.0	4.0	1.0	2.0	5.001	12.999	3.0
1015	1.0	6.0	0.0	3.0	3.3990000000000005	11.600999999999999	2.0
1016	4.0	5.0	3.0	4.0	5.3340000000000005	15.666	5.0
1017	3.0	5.0	0.0	3.0	4.6690000000000005	16.331	3.0
1018	4.0	5.0	2.0	5.0	6.736000000000001	14.264	5.0
1019	1.0	1.0	0.0	1.0	0.6660000000000004	5.334	1.0
1020	3.0	4.0	2.0	2.0	2.6660000000000013	18.333999999999996	4.0
1021	4.0	8.0	1.0	3.0	8.135000000000002	21.865	4.0
1022	3.0	3.0	2.0	1.0	3.6660000000000004	11.334	3.0
1023	5.0	2.0	0.0	1.0	4.7330000000000005	10.267	1.0
1024	4.0	5.0	3.0	4.0	4.665000000000001	19.335	6.0
1025	2.0	0.0	0.0	0.0	2.0	4.0	0.0
1026	2.0	3.0	1.0	2.0	1.665000000000001	13.334999999999999	3.0
1027	6.0	0.0	1.0	0.0	4.668	10.332	1.0
1028	4.0	4.0	2.0	1.0	6.069000000000001	14.931	3.0
1029	3.0	3.0	1.0	2.0	4.066000000000001	10.934	3.0
1030	5.0	4.0	2.0	1.0	3.998000000000001	20.002	3.0
1031	4.0	2.0	1.0	2.0	5.0	10.0	2.0
1032	3.0	4.0	3.0	2.0	6.4	11.6	4.0
1033	4.0	1.0	3.0	1.0	3.6720000000000006	11.328	4.0
1034	5.0	5.0	2.0	2.0	4.665000000000001	19.335	3.0
1035	2.0	8.0	1.0	4.0	5.332000000000001	18.668	4.0
1036	1.0	8.0	1.0	4.0	4.998000000000001	22.002	5.0
1037	1.0	1.0	1.0	0.0	2.4	3.6	1.0
1038	4.0	2.0	1.0	0.0	4.069000000000001	10.931	1.0
1039	2.0	5.0	2.0	1.0	4.666	13.334	3.0
1040	5.0	2.0	4.0	1.0	6.0	12.0	4.0
1041	2.0	0.0	0.0	0.0	0.6660000000000004	5.334	0.0
1042	3.0	5.0	0.0	3.0	4.667000000000001	16.333	3.0
1043	5.0	9.0	1.0	4.0	6.668000000000001	23.332	4.0
1044	2.0	0.0	1.0	0.0	0.6660000000000004	5.334	1.0
1045	4.0	1.0	2.0	0.0	5.0	10.0	2.0
1046	6.0	5.0	6.0	0.0	6.332000000000001	20.668	6.0
1047	3.0	2.0	2.0	0.0	2.3320000000000007	12.668	2.0
1048	4.0	8.0	2.0	3.0	5.331000000000001	24.669	5.0
1049	3.0	0.0	0.0	0.0	3.0	6.0	0.0
1050	0.0	0.0	0.0	0.0	0.0	0.0	0.0
1051	0.0	0.0	0.0	0.0	0.0	0.0	0.0
1052	0.0	0.0	0.0	0.0	0.0	0.0	0.0
1053	0.0	0.0	0.0	0.0	0.0	0.0	0.0
1054	0.0	0.0	0.0	0.0	0.0	0.0	0.0
1055	0.0	0.0	0.0	0.0	0.0	0.0	0.0
1056	0.0	0.0	0.0	0.0	0.0	0.0	0.0
1057	0.0	0.0	0.0	0.0	0.0	0.0	0.0
1058	0.0	0.0	0.0	0.0	0.0	0.0	0.0
1059	0.0	0.0	0.0	0.0	0.0	0.0	0.0
1060	0.0	0.0	0.0	0.0	0.0	0.0	0.0
1061	0.0	0.0	0.0	0.0	0.0	0.0	0.0
1062	0.0	0.0	0.0	0.0	0.0	0.0	0.0
1063	0.0	0.0	0.0	0.0	0.0	0.0	0.0
1064	0.0	0.0	0.0	0.0	0.0	0.0	0.0
1065	0.0	0.0	0.0	0.0	0.0	0.0	0.0
1066	0.0	0.0	0.0	0.0	0.0	0.0	0.0
1067	0.0	0.0	0.0	0.0	0.0	0.0	0.0
1068	0.0	0.0	0.0	0.0	0.0	0.0	0.0
1069	3.0	8.0	2.0	6.0	6.666	17.334	5.0
1070	3.0	0.0	2.0	0.0	3.0	6.0	2.0
1071	3.0	1.0	2.0	0.0	3.0	6.0	2.0
1072	3.0	1.0	2.0	0.0	1.3320000000000007	10.668	2.0
1073	5.0	6.0	3.0	4.0	8.337	21.663	6.0
1074	3.0	5.0	2.0	2.0	6.001	14.998999999999999	3.0
1075	0.0	1.0	0.0	1.0	0.6680000000000001	2.332	1.0
1076	4.0	4.0	2.0	2.0	2.998000000000001	18.002	3.0
1077	4.0	9.0	2.0	3.0	5.331000000000001	24.669000000000004	4.0
1078	2.0	7.0	2.0	3.0	4.003000000000001	16.997	4.0
1079	0.0	1.0	0.0	1.0	0.6680000000000001	2.332	1.0
1080	3.0	7.0	3.0	2.0	4.333000000000001	19.666999999999998	4.0
1081	2.0	6.0	0.0	4.0	2.3320000000000007	15.668	3.0
1082	0.0	4.0	0.0	2.0	1.6670000000000007	10.332999999999998	2.0
1083	6.0	3.0	1.0	2.0	7.336	16.664	2.0
1084	2.0	0.0	0.0	0.0	0.6660000000000004	5.334	0.0
1085	2.0	7.0	1.0	4.0	4.332000000000001	16.668	3.0
1086	4.0	7.0	2.0	3.0	8.002	21.998	5.0
1087	5.0	2.0	2.0	1.0	4.001	10.998999999999999	2.0
1088	4.0	3.0	2.0	1.0	2.665000000000001	15.334999999999999	2.0
1089	3.0	3.0	1.0	2.0	3.333	8.667	2.0
1090	1.0	1.0	1.0	1.0	1.0	2.0	1.0
1091	0.0	0.0	0.0	0.0	0.0	0.0	0.0
1092	2.0	6.0	2.0	2.0	4.667000000000001	16.333	4.0
1093	1.0	6.0	0.0	5.0	3.3320000000000007	14.668	4.0
1094	4.0	2.0	3.0	1.0	6.0	12.0	4.0
1095	2.0	1.0	2.0	0.0	3.0	6.0	2.0
1096	3.0	8.0	0.0	3.0	4.667000000000002	25.333	3.0
1097	3.0	5.0	3.0	3.0	1.665000000000001	13.334999999999999	4.0
1098	4.0	3.0	3.0	3.0	5.336	12.664	5.0
1099	2.0	3.0	2.0	2.0	2.3320000000000007	12.668	4.0
1100	2.0	7.0	1.0	3.0	3.3310000000000013	20.668999999999997	4.0
1101	4.0	2.0	2.0	0.0	1.9990000000000006	10.001	2.0
1102	5.0	2.0	3.0	0.0	6.336	14.664	3.0
1103	0.0	6.0	0.0	3.0	3.000000000000001	14.999999999999998	3.0
1104	5.0	11.0	3.0	8.0	7.332000000000001	22.668	7.0
1105	4.0	3.0	3.0	0.0	5.868	12.132	2.0
1106	4.0	5.0	3.0	2.0	5.667000000000001	18.333	5.0
1107	4.0	8.0	4.0	3.0	4.668000000000001	19.332	5.0
1108	5.0	5.0	3.0	4.0	5.666	15.334	5.0
1109	4.0	3.0	3.0	2.0	4.736	10.264	3.0
1110	3.0	2.0	1.0	2.0	2.3320000000000007	12.668	3.0
1111	3.0	8.0	2.0	4.0	4.331000000000001	25.668999999999997	5.0
1112	4.0	6.0	1.0	4.0	6.666	20.334	5.0
1113	0.0	7.0	0.0	4.0	5.336	15.664	4.0
1114	3.0	8.0	2.0	4.0	8.337	21.662999999999997	5.0
1115	4.0	8.0	1.0	1.0	7.666	19.334	2.0
1116	3.0	3.0	2.0	1.0	1.998000000000001	16.002	3.0
1117	3.0	4.0	1.0	1.0	5.333	12.667	2.0
1118	3.0	4.0	3.0	2.0	2.665000000000001	15.334999999999999	5.0
1119	2.0	6.0	2.0	3.0	3.665000000000001	17.335	4.0
1120	4.0	2.0	2.0	1.0	3.3360000000000003	8.664	2.0
1121	0.0	2.0	0.0	0.0	0.3330000000000002	2.667	0.0
1122	0.0	2.0	0.0	2.0	0.6660000000000004	5.334	2.0
1123	3.0	5.0	1.0	1.0	6.736	14.264	2.0
1124	3.0	2.0	2.0	1.0	4.068	7.9319999999999995	3.0
1125	2.0	3.0	0.0	1.0	2.6660000000000004	9.334	1.0
1126	5.0	3.0	5.0	1.0	4.9990000000000006	16.000999999999998	6.0
1127	0.0	0.0	0.0	0.0	0.0	0.0	0.0
1128	2.0	0.0	2.0	0.0	0.6660000000000004	5.334	2.0
1129	3.0	5.0	0.0	4.0	5.336	15.664	4.0
1130	6.0	5.0	3.0	4.0	8.333	18.667	6.0
1131	3.0	2.0	2.0	1.0	3.668	8.332	2.0
1132	4.0	3.0	2.0	1.0	6.804	14.196000000000002	3.0
1133	3.0	2.0	1.0	1.0	5.0	10.0	2.0
1134	5.0	3.0	2.0	0.0	5.666	15.334	2.0
1135	5.0	4.0	3.0	2.0	7.668	16.332	4.0
1136	4.0	2.0	2.0	1.0	3.9990000000000006	14.001	3.0
1137	2.0	6.0	2.0	5.0	2.9990000000000006	12.001	4.0
1138	3.0	5.0	3.0	3.0	2.6660000000000013	18.333999999999996	5.0
1139	4.0	5.0	3.0	4.0	7.668	16.332	6.0
1140	3.0	5.0	3.0	3.0	3.3310000000000013	20.668999999999997	6.0
1141	2.0	4.0	2.0	0.0	3.6660000000000004	11.334	2.0
1142	2.0	5.0	2.0	2.0	4.333	10.667	2.0
1143	1.0	1.0	1.0	1.0	0.3330000000000002	2.667	1.0
1144	2.0	2.0	1.0	0.0	3.0	6.0	1.0
1145	2.0	0.0	1.0	0.0	2.0	4.0	1.0
1146	1.0	2.0	1.0	1.0	2.668	6.332	2.0
1147	2.0	2.0	2.0	1.0	3.0	6.0	2.0
1148	0.0	1.0	0.0	0.0	0.3330000000000002	2.667	0.0
1149	2.0	1.0	2.0	1.0	1.3330000000000002	4.667	2.0
1150	6.0	4.0	3.0	3.0	4.001	10.999	2.0
1151	4.0	4.0	2.0	2.0	7.001	16.999	4.0
1152	4.0	2.0	1.0	2.0	5.668	12.332	3.0
1153	2.0	4.0	1.0	2.0	3.6660000000000004	11.334	3.0
1154	4.0	4.0	2.0	1.0	3.6660000000000004	14.334	3.0
1155	1.0	3.0	0.0	1.0	2.733	9.267	1.0
1156	4.0	8.0	1.0	3.0	8.665000000000001	27.335	4.0
1157	3.0	3.0	1.0	3.0	5.0	10.0	3.0
1158	3.0	4.0	2.0	2.0	4.736000000000001	13.264	3.0
1159	4.0	1.0	3.0	1.0	2.736	9.264	3.0
1160	3.0	7.0	2.0	5.0	3.3340000000000005	11.665999999999999	4.0
1161	2.0	8.0	2.0	4.0	4.665000000000001	19.335	5.0
1162	5.0	5.0	4.0	1.0	6.333	14.667	4.0
1163	2.0	5.0	1.0	3.0	3.333	8.667	2.0
1164	1.0	4.0	1.0	4.0	1.3320000000000007	10.668	4.0
1165	0.0	6.0	0.0	4.0	2.665000000000001	15.334999999999999	4.0
1166	0.0	6.0	0.0	1.0	2.3360000000000003	12.664	1.0
1167	4.0	5.0	3.0	2.0	4.001000000000001	19.999	5.0
1168	3.0	1.0	2.0	1.0	4.0	8.0	3.0
1169	2.0	0.0	1.0	0.0	2.0	4.0	1.0
1170	2.0	0.0	1.0	0.0	1.6680000000000001	4.332	1.0
1171	4.0	4.0	2.0	2.0	5.333	12.667	3.0
1172	3.0	5.0	1.0	2.0	4.9990000000000006	16.000999999999998	3.0
1173	5.0	6.0	3.0	5.0	9.333	20.667	7.0
1174	5.0	9.0	4.0	4.0	8.0	25.0	6.0
1175	2.0	6.0	1.0	3.0	5.332000000000001	18.668	4.0
1176	1.0	8.0	0.0	3.0	4.665000000000001	19.335	3.0
1177	2.0	7.0	2.0	5.0	3.665000000000001	17.335	5.0
1178	1.0	2.0	1.0	2.0	0.3330000000000002	2.667	1.0
1179	2.0	2.0	1.0	1.0	1.3330000000000002	4.667	1.0
1180	1.0	5.0	0.0	2.0	3.6660000000000004	11.334	2.0
1181	2.0	3.0	1.0	3.0	1.6660000000000004	7.334	2.0
1182	2.0	4.0	1.0	3.0	4.333	10.667	3.0
1183	1.0	4.0	0.0	3.0	3.0010000000000003	8.998999999999999	2.0
1184	3.0	4.0	1.0	3.0	3.9990000000000006	14.001	3.0
1185	4.0	7.0	3.0	4.0	9.004000000000001	20.996000000000002	6.0
1186	2.0	4.0	1.0	2.0	1.9990000000000006	10.001	2.0
1187	0.0	5.0	0.0	1.0	2.0020000000000007	12.998	1.0
1188	2.0	7.0	0.0	3.0	4.066000000000001	16.933999999999997	3.0
1189	2.0	3.0	1.0	2.0	3.333	8.667	2.0
1190	1.0	3.0	1.0	2.0	2.333	6.667	2.0
1191	2.0	5.0	2.0	2.0	3.333	8.667	2.0
1192	3.0	4.0	1.0	1.0	2.6660000000000004	9.334	1.0
1193	1.0	5.0	1.0	0.0	4.668	10.332	1.0
1194	3.0	3.0	0.0	1.0	4.0	8.0	1.0
1195	3.0	10.0	1.0	8.0	5.665000000000001	21.335	6.0
1196	3.0	4.0	1.0	3.0	6.0	12.0	4.0
1197	2.0	8.0	0.0	4.0	5.9990000000000006	18.000999999999998	3.0
1198	2.0	8.0	2.0	3.0	4.000000000000001	17.0	3.0
1199	1.0	4.0	0.0	1.0	1.665000000000001	13.334999999999999	1.0
1200	1.0	11.0	1.0	4.0	3.998000000000001	20.002	3.0
1201	3.0	8.0	2.0	6.0	4.998000000000001	22.002000000000002	6.0
1202	2.0	1.0	0.0	1.0	0.9990000000000006	8.001	1.0
1203	4.0	3.0	2.0	1.0	4.0	8.0	2.0
1204	3.0	4.0	2.0	3.0	2.6670000000000007	12.332999999999998	3.0
1205	3.0	6.0	2.0	0.0	6.333	14.667	2.0
1206	3.0	5.0	1.0	2.0	3.3320000000000007	14.668	3.0
1207	3.0	3.0	0.0	1.0	3.6660000000000004	11.334	1.0
1208	2.0	5.0	0.0	4.0	4.9990000000000006	16.000999999999998	4.0
1209	1.0	5.0	1.0	3.0	2.3320000000000007	12.668	3.0
1210	3.0	7.0	0.0	5.0	6.666	17.334	4.0
1211	2.0	4.0	1.0	0.0	3.6660000000000004	11.334	1.0
1212	3.0	3.0	1.0	0.0	2.3340000000000005	9.666	1.0
1213	2.0	5.0	0.0	1.0	1.9990000000000006	10.001	1.0
1214	1.0	2.0	1.0	1.0	0.9990000000000006	8.001	2.0
1215	2.0	1.0	2.0	1.0	1.6680000000000001	4.332	2.0
1216	1.0	3.0	1.0	2.0	3.4010000000000002	8.599	3.0
1217	1.0	3.0	1.0	2.0	3.333	8.667	3.0
1218	1.0	3.0	1.0	2.0	1.0	5.0	1.0
1219	0.0	3.0	0.0	3.0	1.6660000000000004	7.334	3.0
1220	1.0	3.0	1.0	1.0	3.0010000000000003	8.998999999999999	2.0
1221	2.0	3.0	1.0	2.0	2.6660000000000004	9.334	2.0
1222	1.0	4.0	0.0	3.0	2.9990000000000006	12.001	3.0
1223	1.0	1.0	0.0	1.0	2.0	4.0	1.0
1224	1.0	4.0	1.0	3.0	2.9990000000000006	12.001	4.0
1225	0.0	2.0	0.0	1.0	0.6660000000000004	5.334	1.0
1226	2.0	4.0	2.0	2.0	2.6660000000000004	9.334	2.0
1227	1.0	3.0	1.0	2.0	2.0	7.0	2.0
1228	1.0	2.0	1.0	1.0	3.0	6.0	2.0
1229	2.0	1.0	0.0	1.0	2.668	6.332	1.0
1230	0.0	0.0	0.0	0.0	0.0	0.0	0.0
1231	0.0	2.0	0.0	2.0	1.6680000000000001	4.332	2.0
1232	1.0	1.0	0.0	1.0	1.3330000000000002	4.667	1.0
1233	2.0	1.0	1.0	0.0	3.0	6.0	1.0
1234	2.0	1.0	1.0	1.0	2.668	6.332	2.0
1235	1.0	1.0	0.0	1.0	0.6660000000000004	5.334	1.0
1236	0.0	0.0	0.0	0.0	0.0	0.0	0.0
