all_syn	all_nonSyn	tip_syn	tip_nonSyn	S	N	comparisons
001	0.0	0.0	0.0	0.0	0.0	0.0	0.0
002	1.0	2.0	1.0	2.0	0.9990000000000006	8.001	3.0
003	2.0	3.0	1.0	3.0	5.0	10.0	4.0
004	1.0	0.0	0.0	0.0	0.3330000000000002	2.667	0.0
005	2.0	2.0	2.0	1.0	3.0	6.0	2.0
006	2.0	3.0	1.0	0.0	3.333	8.667	1.0
007	2.0	3.0	2.0	1.0	4.336	10.664	3.0
008	3.0	2.0	1.0	2.0	5.0	10.0	3.0
009	1.0	3.0	1.0	2.0	4.068	7.932	3.0
010	2.0	3.0	1.0	2.0	2.333	9.667	2.0
011	1.0	0.0	1.0	0.0	1.0	2.0	1.0
012	1.0	0.0	0.0	0.0	1.0	2.0	0.0
013	3.0	1.0	3.0	1.0	4.0	8.0	4.0
014	2.0	2.0	0.0	0.0	2.0	4.0	0.0
015	1.0	3.0	1.0	0.0	3.333	8.667	1.0
016	3.0	2.0	2.0	0.0	5.0	10.0	2.0
017	2.0	0.0	1.0	0.0	2.0	4.0	1.0
018	1.0	0.0	0.0	0.0	1.0	2.0	0.0
019	0.0	0.0	0.0	0.0	0.0	0.0	0.0
020	2.0	0.0	1.0	0.0	2.8	3.2	1.0
021	1.0	1.0	1.0	0.0	0.6660000000000004	5.334	1.0
022	2.0	2.0	2.0	0.0	3.333	8.667	2.0
023	3.0	0.0	1.0	0.0	3.068	5.932	1.0
024	3.0	0.0	2.0	0.0	3.0	6.0	2.0
025	2.0	0.0	1.0	0.0	2.0	4.0	1.0
026	4.0	2.0	1.0	2.0	4.668	10.332	2.0
027	2.0	0.0	1.0	0.0	2.0	4.0	1.0
028	2.0	0.0	1.0	0.0	2.0	4.0	1.0
029	3.0	0.0	3.0	0.0	3.068	5.932	3.0
030	0.0	2.0	0.0	1.0	0.6660000000000004	5.334	1.0
031	2.0	0.0	1.0	0.0	0.6660000000000004	5.334	1.0
032	2.0	0.0	2.0	0.0	0.6660000000000004	5.334	2.0
033	3.0	0.0	1.0	0.0	3.0	6.0	1.0
034	2.0	0.0	1.0	0.0	2.0	4.0	1.0
035	1.0	0.0	0.0	0.0	1.0	2.0	0.0
036	2.0	0.0	1.0	0.0	2.0	4.0	1.0
037	3.0	2.0	3.0	1.0	2.6660000000000004	9.334	3.0
038	1.0	0.0	0.0	0.0	0.3330000000000002	2.667	0.0
039	2.0	2.0	1.0	1.0	3.333	8.667	2.0
040	1.0	1.0	1.0	0.0	2.0	4.0	1.0
041	4.0	4.0	3.0	2.0	5.0	10.0	3.0
042	1.0	0.0	0.0	0.0	1.0	2.0	0.0
043	2.0	2.0	2.0	0.0	2.6660000000000004	9.334	2.0
044	2.0	0.0	1.0	0.0	0.6660000000000004	5.334	1.0
045	2.0	1.0	1.0	0.0	2.0	4.0	1.0
046	3.0	4.0	1.0	1.0	5.333	12.667	2.0
047	1.0	0.0	0.0	0.0	0.3330000000000002	2.667	0.0
048	2.0	2.0	1.0	0.0	2.3360000000000003	9.664	1.0
049	1.0	2.0	0.0	2.0	3.0	6.0	2.0
050	2.0	2.0	2.0	1.0	2.3360000000000003	6.664	2.0
051	4.0	0.0	2.0	0.0	4.0	8.0	2.0
052	0.0	1.0	0.0	0.0	0.3330000000000002	2.667	0.0
053	1.0	1.0	0.0	1.0	0.6660000000000004	5.334	1.0
054	4.0	1.0	3.0	0.0	3.6660000000000004	11.334	3.0
055	1.0	5.0	1.0	4.0	2.333	6.667	2.0
056	0.0	0.0	0.0	0.0	0.0	0.0	0.0
057	1.0	0.0	0.0	0.0	0.3330000000000002	2.667	0.0
058	3.0	0.0	2.0	0.0	3.0	6.0	2.0
059	5.0	2.0	2.0	1.0	5.333	12.667	2.0
060	3.0	2.0	0.0	1.0	3.736	8.264	1.0
061	4.0	0.0	3.0	0.0	4.0	8.0	3.0
062	1.0	0.0	0.0	0.0	1.0	2.0	0.0
063	1.0	0.0	0.0	0.0	0.3330000000000002	2.667	0.0
064	1.0	0.0	1.0	0.0	0.3330000000000002	2.667	1.0
065	4.0	0.0	2.0	0.0	4.0	8.0	2.0
066	1.0	0.0	1.0	0.0	0.3330000000000002	2.667	1.0
067	1.0	0.0	0.0	0.0	0.3330000000000002	2.667	0.0
068	0.0	0.0	0.0	0.0	0.0	0.0	0.0
069	1.0	5.0	1.0	3.0	2.9990000000000006	12.001	3.0
070	1.0	5.0	0.0	3.0	2.3320000000000007	12.668	2.0
071	2.0	0.0	2.0	0.0	2.0	4.0	2.0
072	1.0	0.0	0.0	0.0	0.3330000000000002	2.667	0.0
073	3.0	1.0	3.0	1.0	4.0	8.0	4.0
074	1.0	3.0	1.0	2.0	1.3330000000000002	4.667	1.0
075	4.0	2.0	3.0	2.0	4.666	13.334	5.0
076	1.0	2.0	0.0	0.0	1.3330000000000002	4.667	0.0
077	3.0	3.0	2.0	2.0	4.0	8.0	3.0
078	2.0	0.0	2.0	0.0	0.6660000000000004	5.334	2.0
079	3.0	2.0	2.0	2.0	4.0	8.0	3.0
080	2.0	1.0	2.0	1.0	0.6660000000000004	5.334	2.0
081	3.0	2.0	2.0	0.0	3.333	8.667	2.0
082	3.0	4.0	2.0	2.0	2.9990000000000006	12.001	3.0
083	3.0	1.0	2.0	0.0	4.0	8.0	2.0
084	1.0	0.0	1.0	0.0	0.3330000000000002	2.667	1.0
085	3.0	1.0	3.0	1.0	2.3360000000000003	6.664	3.0
086	3.0	1.0	0.0	0.0	3.668	8.332	0.0
087	2.0	0.0	1.0	0.0	2.0	4.0	1.0
088	2.0	0.0	0.0	0.0	0.6660000000000004	5.334	0.0
089	2.0	1.0	2.0	0.0	2.0040000000000004	6.9959999999999996	2.0
090	1.0	0.0	0.0	0.0	1.0	2.0	0.0
091	0.0	0.0	0.0	0.0	0.0	0.0	0.0
092	3.0	0.0	1.0	0.0	3.0	6.0	1.0
093	1.0	1.0	1.0	1.0	0.6660000000000004	5.334	2.0
094	1.0	3.0	1.0	2.0	2.333	6.667	2.0
095	2.0	0.0	0.0	0.0	0.6660000000000004	5.334	0.0
096	1.0	1.0	0.0	1.0	1.6680000000000001	4.332	1.0
097	2.0	0.0	1.0	0.0	2.068	3.932	1.0
098	2.0	0.0	0.0	0.0	1.6680000000000001	4.332	0.0
099	2.0	0.0	1.0	0.0	0.6660000000000004	5.334	1.0
100	0.0	0.0	0.0	0.0	0.0	0.0	0.0
101	3.0	0.0	2.0	0.0	3.0	6.0	2.0
102	5.0	0.0	4.0	0.0	3.3360000000000003	8.664	3.0
103	2.0	0.0	1.0	0.0	2.0	4.0	1.0
104	0.0	0.0	0.0	0.0	0.0	0.0	0.0
105	1.0	0.0	1.0	0.0	0.3330000000000002	2.667	1.0
106	1.0	0.0	0.0	0.0	1.0	2.0	0.0
107	3.0	0.0	2.0	0.0	0.9990000000000006	8.001	2.0
108	3.0	0.0	1.0	0.0	3.0	6.0	1.0
109	3.0	0.0	1.0	0.0	3.0	6.0	1.0
110	0.0	0.0	0.0	0.0	0.0	0.0	0.0
111	0.0	0.0	0.0	0.0	0.0	0.0	0.0
112	3.0	0.0	3.0	0.0	3.0	6.0	3.0
113	3.0	1.0	2.0	1.0	4.0	8.0	3.0
114	2.0	1.0	0.0	0.0	0.9990000000000006	8.001	0.0
115	2.0	0.0	1.0	0.0	2.0	4.0	1.0
116	2.0	3.0	1.0	0.0	2.333	6.667	1.0
117	0.0	0.0	0.0	0.0	0.0	0.0	0.0
118	1.0	0.0	1.0	0.0	1.0	2.0	1.0
119	2.0	3.0	1.0	2.0	3.668	8.332	2.0
120	3.0	2.0	1.0	0.0	3.333	8.667	1.0
121	2.0	3.0	1.0	2.0	3.333	8.667	2.0
122	2.0	0.0	1.0	0.0	1.6680000000000001	4.332	1.0
123	2.0	0.0	1.0	0.0	2.0	4.0	1.0
124	2.0	1.0	1.0	0.0	3.0	6.0	1.0
125	3.0	1.0	2.0	0.0	4.0	8.0	2.0
126	2.0	0.0	1.0	0.0	1.3360000000000003	4.664	1.0
127	1.0	1.0	0.0	1.0	0.6660000000000004	5.334	1.0
128	4.0	2.0	2.0	2.0	5.0	10.0	3.0
129	1.0	0.0	0.0	0.0	0.3330000000000002	2.667	0.0
130	1.0	0.0	0.0	0.0	0.6680000000000001	2.332	0.0
131	2.0	3.0	1.0	3.0	4.0	8.0	3.0
132	1.0	0.0	1.0	0.0	0.3330000000000002	2.667	1.0
133	1.0	0.0	0.0	0.0	1.0	2.0	0.0
134	0.0	3.0	0.0	1.0	2.736	6.263999999999999	1.0
135	1.0	2.0	0.0	0.0	0.6660000000000004	5.334	0.0
136	2.0	0.0	1.0	0.0	0.6660000000000004	5.334	1.0
137	0.0	0.0	0.0	0.0	0.0	0.0	0.0
138	5.0	0.0	2.0	0.0	4.336	10.664	2.0
139	1.0	0.0	1.0	0.0	1.0	2.0	1.0
140	1.0	0.0	0.0	0.0	0.3330000000000002	2.667	0.0
141	0.0	0.0	0.0	0.0	0.0	0.0	0.0
142	1.0	2.0	0.0	2.0	1.3330000000000002	4.667	1.0
143	0.0	2.0	0.0	2.0	0.3330000000000002	2.667	1.0
144	0.0	0.0	0.0	0.0	0.0	0.0	0.0
145	2.0	0.0	1.0	0.0	0.6660000000000004	5.334	1.0
146	2.0	0.0	0.0	0.0	2.0	4.0	0.0
147	1.0	0.0	0.0	0.0	1.0	2.0	0.0
148	1.0	0.0	0.0	0.0	0.3330000000000002	2.667	0.0
149	2.0	0.0	0.0	0.0	0.6660000000000004	5.334	0.0
150	4.0	0.0	2.0	0.0	4.0	8.0	2.0
151	3.0	0.0	1.0	0.0	3.0	6.0	1.0
152	3.0	1.0	1.0	0.0	3.333	8.667	1.0
153	2.0	0.0	1.0	0.0	0.6660000000000004	5.334	1.0
154	3.0	2.0	1.0	2.0	1.3320000000000007	10.668	2.0
155	3.0	0.0	2.0	0.0	3.0	6.0	2.0
156	1.0	2.0	1.0	1.0	1.3330000000000002	4.667	1.0
157	0.0	0.0	0.0	0.0	0.0	0.0	0.0
158	2.0	0.0	1.0	0.0	2.0	4.0	1.0
159	2.0	3.0	1.0	1.0	3.333	8.667	2.0
160	1.0	0.0	0.0	0.0	0.3330000000000002	2.667	0.0
161	2.0	1.0	2.0	1.0	1.6680000000000001	4.332	2.0
162	1.0	0.0	0.0	0.0	0.3330000000000002	2.667	0.0
163	2.0	0.0	0.0	0.0	0.6660000000000004	5.334	0.0
164	2.0	4.0	1.0	2.0	3.9990000000000006	14.001	3.0
165	1.0	2.0	0.0	2.0	2.0	4.0	1.0
166	4.0	0.0	3.0	0.0	4.8	7.199999999999999	3.0
167	0.0	0.0	0.0	0.0	0.0	0.0	0.0
168	2.0	0.0	1.0	0.0	2.0	4.0	1.0
169	2.0	4.0	1.0	1.0	1.3320000000000007	10.668	1.0
170	2.0	1.0	1.0	0.0	0.9990000000000006	8.001	1.0
171	3.0	0.0	1.0	0.0	3.4	5.6	1.0
172	3.0	0.0	3.0	0.0	3.0	6.0	3.0
173	1.0	0.0	1.0	0.0	0.6680000000000001	2.332	1.0
174	1.0	0.0	1.0	0.0	1.0	2.0	1.0
175	1.0	0.0	1.0	0.0	0.3330000000000002	2.667	1.0
176	1.0	2.0	1.0	1.0	1.6690000000000005	7.3309999999999995	2.0
177	3.0	0.0	2.0	0.0	3.0	6.0	2.0
178	2.0	0.0	1.0	0.0	2.0	4.0	1.0
179	3.0	3.0	1.0	1.0	2.6660000000000004	9.334	1.0
180	1.0	2.0	1.0	1.0	1.3330000000000002	4.667	1.0
181	2.0	0.0	1.0	0.0	2.0	4.0	1.0
182	1.0	0.0	0.0	0.0	0.3330000000000002	2.667	0.0
183	2.0	0.0	1.0	0.0	2.0	4.0	1.0
184	0.0	4.0	0.0	2.0	1.6660000000000004	7.334	1.0
185	3.0	1.0	1.0	1.0	3.0	6.0	1.0
186	0.0	0.0	0.0	0.0	0.0	0.0	0.0
187	3.0	0.0	2.0	0.0	2.3360000000000003	6.664	2.0
188	0.0	0.0	0.0	0.0	0.0	0.0	0.0
189	0.0	0.0	0.0	0.0	0.0	0.0	0.0
190	0.0	0.0	0.0	0.0	0.0	0.0	0.0
191	0.0	0.0	0.0	0.0	0.0	0.0	0.0
192	0.0	0.0	0.0	0.0	0.0	0.0	0.0
193	0.0	0.0	0.0	0.0	0.0	0.0	0.0
194	0.0	0.0	0.0	0.0	0.0	0.0	0.0
195	1.0	0.0	1.0	0.0	0.3330000000000002	2.667	1.0
196	1.0	2.0	1.0	2.0	1.0010000000000003	4.999	2.0
197	0.0	0.0	0.0	0.0	0.0	0.0	0.0
198	0.0	0.0	0.0	0.0	0.0	0.0	0.0
199	1.0	0.0	0.0	0.0	0.3330000000000002	2.667	0.0
200	1.0	0.0	0.0	0.0	0.3330000000000002	2.667	0.0
201	3.0	0.0	1.0	0.0	3.8	5.2	1.0
202	0.0	0.0	0.0	0.0	0.0	0.0	0.0
203	2.0	0.0	1.0	0.0	0.6660000000000004	5.334	1.0
204	2.0	0.0	1.0	0.0	0.6660000000000004	5.334	1.0
205	4.0	1.0	4.0	1.0	4.333	10.667	5.0
206	2.0	0.0	1.0	0.0	2.0	4.0	1.0
207	1.0	0.0	0.0	0.0	0.3330000000000002	2.667	0.0
208	2.0	0.0	1.0	0.0	2.0	4.0	1.0
209	1.0	2.0	0.0	1.0	0.9990000000000006	8.001	1.0
210	0.0	0.0	0.0	0.0	0.0	0.0	0.0
211	2.0	2.0	0.0	1.0	4.0	8.0	1.0
212	1.0	2.0	1.0	1.0	1.6660000000000004	7.334	2.0
213	2.0	0.0	0.0	0.0	0.6660000000000004	5.334	0.0
214	2.0	1.0	1.0	1.0	3.0	6.0	2.0
215	1.0	1.0	0.0	1.0	2.0	4.0	1.0
216	2.0	1.0	1.0	0.0	3.0	6.0	1.0
217	1.0	0.0	1.0	0.0	0.6680000000000001	2.332	1.0
218	3.0	1.0	1.0	1.0	3.668	8.332	2.0
219	1.0	0.0	1.0	0.0	0.3330000000000002	2.667	1.0
220	1.0	3.0	0.0	2.0	1.6660000000000004	7.334	1.0
221	1.0	0.0	0.0	0.0	1.0	2.0	0.0
222	3.0	0.0	2.0	0.0	3.0	6.0	2.0
223	3.0	0.0	2.0	0.0	3.0	6.0	2.0
224	2.0	0.0	1.0	0.0	2.0	4.0	1.0
225	3.0	0.0	3.0	0.0	2.0040000000000004	6.9959999999999996	3.0
226	2.0	0.0	1.0	0.0	0.6660000000000004	5.334	1.0
227	3.0	0.0	2.0	0.0	3.0	6.0	2.0
228	4.0	0.0	0.0	0.0	4.0	8.0	0.0
229	3.0	0.0	1.0	0.0	3.0	6.0	1.0
230	1.0	1.0	1.0	0.0	1.0010000000000003	4.999	1.0
231	2.0	0.0	1.0	0.0	0.6660000000000004	5.334	1.0
232	1.0	0.0	1.0	0.0	1.0	2.0	1.0
233	2.0	0.0	2.0	0.0	0.6660000000000004	5.334	2.0
234	2.0	0.0	0.0	0.0	1.6680000000000001	4.332	0.0
235	1.0	0.0	1.0	0.0	0.6680000000000001	2.332	1.0
236	1.0	0.0	0.0	0.0	1.0	2.0	0.0
237	0.0	0.0	0.0	0.0	0.0	0.0	0.0
238	2.0	2.0	1.0	0.0	2.333	6.667	1.0
239	3.0	0.0	1.0	0.0	3.0	6.0	1.0
240	1.0	0.0	1.0	0.0	1.0	2.0	1.0
241	2.0	1.0	2.0	0.0	1.6660000000000004	7.334	2.0
242	2.0	0.0	0.0	0.0	2.0	4.0	0.0
243	0.0	3.0	0.0	2.0	2.333	6.667	2.0
244	1.0	0.0	0.0	0.0	1.0	2.0	0.0
245	0.0	0.0	0.0	0.0	0.0	0.0	0.0
246	4.0	0.0	2.0	0.0	4.0	8.0	2.0
247	1.0	0.0	1.0	0.0	1.0	2.0	1.0
248	2.0	1.0	1.0	0.0	2.0	4.0	1.0
249	2.0	0.0	1.0	0.0	2.0	4.0	1.0
250	1.0	0.0	1.0	0.0	1.0	2.0	1.0
251	0.0	0.0	0.0	0.0	0.0	0.0	0.0
252	2.0	0.0	0.0	0.0	0.6660000000000004	5.334	0.0
253	2.0	0.0	2.0	0.0	2.0	4.0	2.0
254	1.0	0.0	0.0	0.0	1.0	2.0	0.0
255	3.0	0.0	2.0	0.0	3.8	5.2	2.0
256	0.0	2.0	0.0	0.0	1.0	2.0	0.0
257	2.0	1.0	0.0	0.0	3.8	5.2	0.0
258	0.0	1.0	0.0	1.0	0.3330000000000002	2.667	1.0
259	1.0	0.0	0.0	0.0	1.0	2.0	0.0
260	3.0	0.0	1.0	0.0	3.0	6.0	1.0
261	0.0	1.0	0.0	0.0	0.3330000000000002	2.667	0.0
262	2.0	0.0	1.0	0.0	2.0	4.0	1.0
263	0.0	0.0	0.0	0.0	0.0	0.0	0.0
264	1.0	0.0	0.0	0.0	1.0	2.0	0.0
265	0.0	0.0	0.0	0.0	0.0	0.0	0.0
266	1.0	0.0	0.0	0.0	0.6680000000000001	2.332	0.0
267	3.0	0.0	1.0	0.0	3.0	6.0	1.0
268	0.0	0.0	0.0	0.0	0.0	0.0	0.0
269	0.0	0.0	0.0	0.0	0.0	0.0	0.0
270	0.0	4.0	0.0	2.0	2.333	6.667	2.0
271	1.0	1.0	0.0	1.0	2.068	3.932	1.0
272	4.0	0.0	1.0	0.0	4.0	8.0	1.0
273	1.0	0.0	1.0	0.0	1.0	2.0	1.0
274	2.0	0.0	2.0	0.0	2.0	4.0	2.0
275	2.0	5.0	1.0	3.0	3.333	8.667	2.0
276	2.0	2.0	1.0	1.0	4.0	8.0	2.0
277	1.0	0.0	1.0	0.0	1.0	2.0	1.0
278	1.0	4.0	1.0	1.0	1.3320000000000007	10.668	2.0
279	3.0	2.0	0.0	2.0	5.0	10.0	2.0
280	1.0	2.0	1.0	1.0	3.0	6.0	2.0
281	0.0	0.0	0.0	0.0	0.0	0.0	0.0
282	0.0	0.0	0.0	0.0	0.0	0.0	0.0
283	1.0	0.0	1.0	0.0	0.3330000000000002	2.667	1.0
284	1.0	0.0	1.0	0.0	0.3330000000000002	2.667	1.0
285	2.0	1.0	1.0	1.0	0.9990000000000006	8.001	2.0
286	1.0	1.0	1.0	1.0	2.0	4.0	2.0
287	1.0	0.0	1.0	0.0	0.3330000000000002	2.667	1.0
288	1.0	0.0	1.0	0.0	1.0	2.0	1.0
289	3.0	0.0	2.0	0.0	3.0	6.0	2.0
290	1.0	0.0	1.0	0.0	1.0	2.0	1.0
291	4.0	0.0	3.0	0.0	4.0	8.0	3.0
292	0.0	0.0	0.0	0.0	0.0	0.0	0.0
293	2.0	2.0	0.0	1.0	4.068	7.932	1.0
294	2.0	0.0	2.0	0.0	0.6660000000000004	5.334	2.0
295	1.0	0.0	0.0	0.0	1.0	2.0	0.0
296	1.0	1.0	0.0	0.0	1.0	2.0	0.0
297	1.0	1.0	1.0	0.0	2.0	4.0	1.0
298	2.0	0.0	1.0	0.0	0.6660000000000004	5.334	1.0
299	3.0	0.0	2.0	0.0	3.0	6.0	2.0
300	2.0	0.0	2.0	0.0	2.0	4.0	2.0
301	2.0	0.0	1.0	0.0	2.0	4.0	1.0
302	2.0	0.0	2.0	0.0	2.0	4.0	2.0
303	0.0	1.0	0.0	1.0	1.0	2.0	1.0
304	0.0	0.0	0.0	0.0	0.0	0.0	0.0
305	2.0	0.0	0.0	0.0	2.0	4.0	0.0
306	1.0	0.0	1.0	0.0	0.3330000000000002	2.667	1.0
307	3.0	0.0	3.0	0.0	3.0	6.0	3.0
308	0.0	0.0	0.0	0.0	0.0	0.0	0.0
309	0.0	0.0	0.0	0.0	0.0	0.0	0.0
310	2.0	0.0	1.0	0.0	0.6660000000000004	5.334	1.0
311	1.0	4.0	1.0	3.0	2.333	6.667	2.0
312	0.0	0.0	0.0	0.0	0.0	0.0	0.0
313	1.0	0.0	1.0	0.0	0.6680000000000001	2.332	1.0
314	1.0	0.0	0.0	0.0	1.0	2.0	0.0
315	1.0	3.0	0.0	2.0	2.6660000000000004	9.334	2.0
316	2.0	0.0	2.0	0.0	2.0	4.0	2.0
317	2.0	0.0	0.0	0.0	0.6660000000000004	5.334	0.0
318	1.0	2.0	1.0	0.0	1.3330000000000002	4.667	1.0
319	4.0	0.0	2.0	0.0	4.0	8.0	2.0
320	0.0	2.0	0.0	0.0	1.0	2.0	0.0
321	1.0	0.0	0.0	0.0	1.0	2.0	0.0
322	1.0	0.0	0.0	0.0	0.3330000000000002	2.667	0.0
323	2.0	0.0	1.0	0.0	2.0	4.0	1.0
324	4.0	0.0	3.0	0.0	4.4	7.6	3.0
325	2.0	0.0	1.0	0.0	2.4	3.6	1.0
326	0.0	1.0	0.0	1.0	0.6680000000000001	2.332	1.0
327	2.0	2.0	1.0	1.0	1.3340000000000005	7.6659999999999995	1.0
328	2.0	3.0	0.0	2.0	3.0	6.0	1.0
329	2.0	4.0	1.0	3.0	1.9990000000000006	10.001	2.0
330	2.0	4.0	1.0	2.0	2.3320000000000007	12.668	3.0
331	1.0	4.0	1.0	3.0	2.6660000000000004	9.334	3.0
332	1.0	1.0	0.0	1.0	1.0010000000000003	4.999	1.0
333	1.0	0.0	1.0	0.0	0.3330000000000002	2.667	1.0
334	3.0	2.0	1.0	1.0	4.333	10.667	2.0
335	2.0	0.0	0.0	0.0	2.0	4.0	0.0
336	0.0	2.0	0.0	1.0	0.3330000000000002	5.667	1.0
337	3.0	2.0	1.0	2.0	4.0	8.0	2.0
338	2.0	2.0	1.0	0.0	2.0	4.0	1.0
339	2.0	1.0	1.0	1.0	3.0	6.0	2.0
340	3.0	0.0	1.0	0.0	3.0	6.0	1.0
341	1.0	3.0	0.0	2.0	3.0	6.0	1.0
342	2.0	2.0	1.0	1.0	4.068	7.932	2.0
343	4.0	2.0	2.0	2.0	3.4010000000000002	8.599	2.0
344	2.0	2.0	2.0	0.0	3.0	6.0	2.0
345	3.0	2.0	0.0	2.0	4.0	8.0	1.0
346	3.0	2.0	2.0	2.0	4.0	8.0	3.0
347	3.0	2.0	1.0	1.0	4.0	8.0	1.0
348	2.0	3.0	0.0	0.0	4.0	8.0	0.0
349	1.0	5.0	0.0	3.0	2.333	6.667	2.0
350	2.0	2.0	2.0	2.0	2.0	4.0	2.0
351	1.0	4.0	1.0	1.0	5.0	10.0	2.0
352	3.0	3.0	2.0	0.0	4.333	10.667	2.0
353	4.0	5.0	2.0	1.0	7.0	14.0	3.0
354	2.0	2.0	1.0	0.0	3.0	6.0	1.0
355	2.0	2.0	1.0	0.0	2.668	6.332	1.0
356	2.0	4.0	1.0	2.0	5.0	10.0	2.0
357	2.0	2.0	1.0	0.0	4.0	8.0	1.0
358	2.0	3.0	1.0	1.0	3.0	6.0	1.0
359	1.0	4.0	0.0	1.0	3.0	6.0	1.0
360	2.0	1.0	1.0	0.0	3.0	6.0	1.0
361	3.0	2.0	1.0	0.0	3.0	6.0	1.0
362	3.0	4.0	2.0	0.0	6.0	12.0	2.0
363	3.0	2.0	2.0	1.0	3.668	8.332	2.0
364	0.0	0.0	0.0	0.0	0.0	0.0	0.0
365	0.0	0.0	0.0	0.0	0.0	0.0	0.0
366	0.0	0.0	0.0	0.0	0.0	0.0	0.0
367	0.0	0.0	0.0	0.0	0.0	0.0	0.0
368	0.0	0.0	0.0	0.0	0.0	0.0	0.0
369	0.0	0.0	0.0	0.0	0.0	0.0	0.0
370	0.0	0.0	0.0	0.0	0.0	0.0	0.0
371	0.0	0.0	0.0	0.0	0.0	0.0	0.0
372	0.0	0.0	0.0	0.0	0.0	0.0	0.0
373	0.0	0.0	0.0	0.0	0.0	0.0	0.0
374	0.0	0.0	0.0	0.0	0.0	0.0	0.0
375	0.0	0.0	0.0	0.0	0.0	0.0	0.0
376	0.0	0.0	0.0	0.0	0.0	0.0	0.0
377	0.0	0.0	0.0	0.0	0.0	0.0	0.0
378	1.0	1.0	0.0	0.0	2.0	4.0	0.0
379	1.0	3.0	1.0	1.0	4.0	8.0	2.0
380	3.0	2.0	1.0	1.0	4.333	10.667	2.0
381	3.0	4.0	2.0	2.0	5.0	10.0	3.0
382	2.0	6.0	2.0	4.0	4.001	13.999	4.0
383	4.0	1.0	2.0	0.0	5.0	10.0	2.0
384	4.0	4.0	3.0	2.0	4.0040000000000004	10.995999999999999	3.0
385	0.0	3.0	0.0	1.0	2.668	6.332	1.0
386	4.0	1.0	2.0	1.0	4.0	8.0	2.0
387	3.0	5.0	1.0	1.0	5.333	12.667	2.0
388	0.0	0.0	0.0	0.0	0.0	0.0	0.0
389	0.0	0.0	0.0	0.0	0.0	0.0	0.0
390	0.0	0.0	0.0	0.0	0.0	0.0	0.0
391	0.0	0.0	0.0	0.0	0.0	0.0	0.0
392	2.0	1.0	2.0	1.0	1.0	2.0	1.0
393	3.0	2.0	1.0	0.0	4.0	8.0	1.0
394	4.0	1.0	1.0	0.0	5.0	10.0	1.0
395	1.0	4.0	1.0	3.0	4.333	10.667	4.0
396	4.0	3.0	2.0	0.0	4.668	10.332	1.0
397	3.0	3.0	2.0	1.0	5.0	10.0	3.0
398	3.0	2.0	1.0	1.0	4.333	10.667	2.0
399	2.0	1.0	0.0	0.0	2.0	4.0	0.0
400	3.0	2.0	1.0	1.0	5.0	10.0	2.0
401	3.0	2.0	2.0	1.0	4.0	8.0	2.0
402	3.0	1.0	2.0	0.0	4.0	8.0	2.0
403	3.0	2.0	1.0	1.0	4.0	8.0	2.0
404	3.0	2.0	2.0	0.0	5.0	10.0	2.0
405	2.0	0.0	1.0	0.0	2.0	4.0	1.0
406	4.0	5.0	1.0	3.0	7.0	14.0	3.0
407	1.0	2.0	0.0	0.0	0.9990000000000006	8.001	0.0
408	3.0	2.0	1.0	0.0	1.6660000000000004	7.334	1.0
409	3.0	4.0	1.0	1.0	4.666	13.334	2.0
410	3.0	3.0	1.0	1.0	2.333	6.667	1.0
411	0.0	2.0	0.0	0.0	0.3330000000000002	2.667	0.0
412	1.0	0.0	0.0	0.0	1.0	2.0	0.0
413	1.0	0.0	1.0	0.0	0.3330000000000002	2.667	1.0
414	0.0	0.0	0.0	0.0	0.0	0.0	0.0
415	5.0	0.0	3.0	0.0	5.0	10.0	3.0
416	1.0	1.0	1.0	0.0	2.0	4.0	1.0
417	3.0	4.0	1.0	1.0	1.998000000000001	16.002	2.0
418	4.0	3.0	1.0	2.0	7.0	14.0	3.0
419	0.0	2.0	0.0	1.0	1.0	5.0	1.0
420	0.0	0.0	0.0	0.0	0.0	0.0	0.0
421	0.0	0.0	0.0	0.0	0.0	0.0	0.0
422	2.0	4.0	1.0	1.0	5.333	12.667	2.0
423	2.0	1.0	1.0	1.0	2.333	6.667	2.0
424	2.0	1.0	1.0	0.0	3.0	6.0	1.0
425	3.0	3.0	2.0	0.0	3.6660000000000004	11.334	2.0
426	3.0	3.0	1.0	1.0	2.333	6.667	1.0
427	3.0	2.0	2.0	2.0	2.0660000000000003	6.933999999999999	2.0
428	2.0	3.0	1.0	0.0	2.333	6.667	1.0
429	2.0	2.0	1.0	2.0	1.3330000000000002	4.667	1.0
430	2.0	4.0	1.0	1.0	4.333	10.667	2.0
431	3.0	5.0	2.0	2.0	3.3320000000000007	17.668	3.0
432	1.0	3.0	0.0	3.0	3.0	6.0	2.0
433	2.0	2.0	0.0	0.0	0.6660000000000004	5.334	0.0
434	1.0	1.0	0.0	0.0	1.6680000000000001	4.332	0.0
435	0.0	8.0	0.0	5.0	2.3320000000000007	12.668	3.0
436	1.0	3.0	0.0	0.0	2.333	6.667	0.0
437	0.0	2.0	0.0	0.0	0.3330000000000002	2.667	0.0
438	1.0	6.0	0.0	4.0	2.9990000000000006	12.001	3.0
439	1.0	3.0	0.0	0.0	0.3330000000000002	5.667	0.0
440	1.0	2.0	0.0	1.0	1.3330000000000002	4.667	1.0
441	2.0	2.0	1.0	0.0	3.333	8.667	1.0
442	2.0	2.0	2.0	0.0	1.6660000000000004	7.334	2.0
443	1.0	2.0	0.0	1.0	1.6660000000000004	7.334	1.0
444	4.0	0.0	1.0	0.0	3.736	8.264	1.0
445	1.0	3.0	0.0	3.0	1.0010000000000003	4.999	1.0
446	0.0	0.0	0.0	0.0	0.0	0.0	0.0
447	0.0	0.0	0.0	0.0	0.0	0.0	0.0
448	0.0	0.0	0.0	0.0	0.0	0.0	0.0
449	0.0	0.0	0.0	0.0	0.0	0.0	0.0
450	0.0	0.0	0.0	0.0	0.0	0.0	0.0
451	0.0	0.0	0.0	0.0	0.0	0.0	0.0
452	0.0	0.0	0.0	0.0	0.0	0.0	0.0
