all_syn	all_nonSyn	tip_syn	tip_nonSyn	S	N	comparisons
001	0.0	0.0	0.0	0.0	0.0	0.0	0.0
002	0.0	0.0	0.0	0.0	0.0	0.0	0.0
003	0.0	0.0	0.0	0.0	0.0	0.0	0.0
004	0.0	0.0	0.0	0.0	0.0	0.0	0.0
005	1.0	0.0	0.0	0.0	0.3330000000000002	2.667	0.0
006	0.0	0.0	0.0	0.0	0.0	0.0	0.0
007	0.0	0.0	0.0	0.0	0.0	0.0	0.0
008	0.0	0.0	0.0	0.0	0.0	0.0	0.0
009	0.0	0.0	0.0	0.0	0.0	0.0	0.0
010	0.0	0.0	0.0	0.0	0.0	0.0	0.0
011	0.0	0.0	0.0	0.0	0.0	0.0	0.0
012	0.0	0.0	0.0	0.0	0.0	0.0	0.0
013	0.0	0.0	0.0	0.0	0.0	0.0	0.0
014	1.0	2.0	0.0	0.0	2.0	4.0	0.0
015	2.0	3.0	1.0	1.0	3.0	6.0	1.0
016	0.0	2.0	0.0	0.0	0.6680000000000001	2.332	0.0
017	1.0	1.0	0.0	0.0	0.3330000000000002	2.667	0.0
018	2.0	3.0	1.0	1.0	2.333	6.667	1.0
019	2.0	3.0	1.0	1.0	2.333	6.667	1.0
020	3.0	2.0	0.0	1.0	3.4010000000000002	8.599	1.0
021	3.0	3.0	1.0	0.0	3.0010000000000003	8.998999999999999	1.0
022	1.0	2.0	0.0	1.0	2.333	6.667	1.0
023	2.0	3.0	1.0	1.0	2.333	6.667	1.0
024	2.0	4.0	0.0	0.0	2.0	4.0	0.0
025	1.0	3.0	0.0	1.0	1.6660000000000004	7.334	1.0
026	0.0	3.0	0.0	3.0	0.3330000000000002	2.667	1.0
027	1.0	3.0	1.0	0.0	1.733	7.2669999999999995	1.0
028	0.0	2.0	0.0	1.0	1.6680000000000001	4.332	1.0
029	1.0	0.0	1.0	0.0	0.6680000000000001	2.332	1.0
030	1.0	1.0	0.0	1.0	2.0	4.0	1.0
031	1.0	1.0	0.0	0.0	1.0	2.0	0.0
032	1.0	0.0	0.0	0.0	0.3330000000000002	2.667	0.0
033	1.0	1.0	1.0	0.0	1.6680000000000001	4.332	1.0
034	1.0	2.0	0.0	0.0	1.0	2.0	0.0
035	0.0	2.0	0.0	0.0	1.0	2.0	0.0
036	0.0	2.0	0.0	1.0	2.0	4.0	1.0
037	2.0	1.0	0.0	0.0	1.6680000000000001	4.332	0.0
038	0.0	0.0	0.0	0.0	0.0	0.0	0.0
039	1.0	0.0	0.0	0.0	0.3330000000000002	2.667	0.0
040	1.0	3.0	0.0	0.0	1.3330000000000002	4.667	0.0
041	1.0	1.0	0.0	0.0	1.0	2.0	0.0
042	0.0	0.0	0.0	0.0	0.0	0.0	0.0
043	1.0	2.0	0.0	0.0	1.0	2.0	0.0
044	0.0	0.0	0.0	0.0	0.0	0.0	0.0
045	0.0	0.0	0.0	0.0	0.0	0.0	0.0
046	2.0	1.0	0.0	0.0	1.0	2.0	0.0
047	0.0	2.0	0.0	0.0	0.3330000000000002	2.667	0.0
048	1.0	2.0	0.0	0.0	0.3330000000000002	2.667	0.0
049	0.0	0.0	0.0	0.0	0.0	0.0	0.0
050	2.0	2.0	0.0	0.0	1.0	5.0	0.0
051	1.0	2.0	0.0	1.0	3.0	6.0	1.0
052	1.0	2.0	0.0	0.0	0.3330000000000002	2.667	0.0
053	1.0	2.0	0.0	0.0	1.3330000000000002	4.667	0.0
054	1.0	1.0	0.0	0.0	1.0	2.0	0.0
055	1.0	2.0	0.0	0.0	0.6680000000000001	2.332	0.0
056	1.0	0.0	0.0	0.0	1.0	2.0	0.0
057	0.0	0.0	0.0	0.0	0.0	0.0	0.0
058	1.0	0.0	0.0	0.0	0.3330000000000002	2.667	0.0
059	2.0	1.0	1.0	0.0	0.9990000000000006	8.001	1.0
060	0.0	0.0	0.0	0.0	0.0	0.0	0.0
061	0.0	0.0	0.0	0.0	0.0	0.0	0.0
062	0.0	2.0	0.0	0.0	0.3330000000000002	2.667	0.0
063	1.0	1.0	0.0	0.0	1.0	2.0	0.0
064	1.0	2.0	0.0	1.0	2.0	4.0	1.0
065	0.0	1.0	0.0	1.0	0.3330000000000002	2.667	1.0
066	0.0	0.0	0.0	0.0	0.0	0.0	0.0
067	0.0	2.0	0.0	0.0	0.3330000000000002	2.667	0.0
068	0.0	0.0	0.0	0.0	0.0	0.0	0.0
069	0.0	0.0	0.0	0.0	0.0	0.0	0.0
070	1.0	2.0	0.0	0.0	1.0	2.0	0.0
071	2.0	2.0	0.0	1.0	1.6660000000000004	7.334	1.0
072	1.0	0.0	1.0	0.0	1.4	1.6	1.0
073	0.0	0.0	0.0	0.0	0.0	0.0	0.0
074	2.0	0.0	2.0	0.0	2.8	3.2	2.0
075	1.0	1.0	0.0	0.0	1.0	2.0	0.0
076	0.0	1.0	0.0	0.0	1.0	2.0	0.0
077	1.0	1.0	0.0	1.0	2.0	4.0	1.0
078	0.0	0.0	0.0	0.0	0.0	0.0	0.0
079	2.0	0.0	1.0	0.0	2.4	3.6	1.0
080	0.0	1.0	0.0	0.0	0.3330000000000002	2.667	0.0
081	0.0	2.0	0.0	0.0	0.3330000000000002	2.667	0.0
082	0.0	0.0	0.0	0.0	0.0	0.0	0.0
083	1.0	0.0	0.0	0.0	0.3330000000000002	2.667	0.0
084	1.0	2.0	0.0	0.0	0.3330000000000002	2.667	0.0
085	0.0	1.0	0.0	0.0	1.0	2.0	0.0
086	0.0	2.0	0.0	0.0	1.0	2.0	0.0
087	1.0	1.0	1.0	0.0	1.0010000000000003	4.999	1.0
088	0.0	0.0	0.0	0.0	0.0	0.0	0.0
089	2.0	1.0	2.0	1.0	1.0	5.0	2.0
090	2.0	3.0	1.0	2.0	1.6660000000000004	7.334	1.0
091	2.0	1.0	1.0	0.0	2.0	4.0	1.0
092	1.0	2.0	1.0	1.0	1.6660000000000004	7.334	2.0
093	0.0	1.0	0.0	1.0	0.3330000000000002	2.667	1.0
094	2.0	0.0	1.0	0.0	2.0	4.0	1.0
095	2.0	2.0	2.0	1.0	1.3340000000000005	7.6659999999999995	2.0
096	1.0	0.0	0.0	0.0	0.3330000000000002	2.667	0.0
097	1.0	2.0	0.0	1.0	2.3360000000000003	6.664	1.0
098	0.0	1.0	0.0	1.0	1.0	2.0	1.0
099	0.0	1.0	0.0	1.0	0.3330000000000002	2.667	1.0
100	1.0	1.0	0.0	0.0	0.3330000000000002	2.667	0.0
101	1.0	1.0	1.0	1.0	1.0	2.0	1.0
102	0.0	1.0	0.0	1.0	0.3330000000000002	2.667	1.0
103	2.0	1.0	1.0	1.0	2.0	4.0	1.0
104	1.0	2.0	1.0	1.0	2.4010000000000002	6.598999999999999	2.0
105	1.0	3.0	1.0	2.0	1.3330000000000002	4.667	1.0
106	0.0	0.0	0.0	0.0	0.0	0.0	0.0
107	1.0	3.0	1.0	1.0	1.6660000000000004	7.334	1.0
108	0.0	2.0	0.0	2.0	0.3330000000000002	2.667	1.0
109	1.0	3.0	0.0	2.0	1.3330000000000002	4.667	1.0
110	1.0	5.0	1.0	3.0	1.6660000000000004	10.334	3.0
111	1.0	3.0	1.0	2.0	0.6660000000000004	5.334	1.0
112	1.0	2.0	0.0	0.0	0.0	3.0	0.0
113	3.0	0.0	1.0	0.0	1.6680000000000001	4.332	1.0
114	0.0	1.0	0.0	0.0	0.3330000000000002	2.667	0.0
115	0.0	0.0	0.0	0.0	0.0	0.0	0.0
116	0.0	0.0	0.0	0.0	0.0	0.0	0.0
117	1.0	1.0	0.0	0.0	0.3330000000000002	2.667	0.0
118	1.0	3.0	1.0	2.0	2.333	6.667	2.0
119	1.0	2.0	0.0	0.0	0.3330000000000002	2.667	0.0
120	2.0	2.0	1.0	1.0	3.0	6.0	1.0
121	1.0	3.0	1.0	2.0	3.0	6.0	2.0
122	1.0	4.0	0.0	2.0	2.668	6.332	2.0
123	0.0	2.0	0.0	2.0	0.3330000000000002	2.667	1.0
124	2.0	2.0	1.0	1.0	1.3330000000000002	4.667	1.0
125	2.0	2.0	1.0	2.0	3.333	8.667	3.0
126	1.0	2.0	1.0	2.0	1.6680000000000001	7.332	3.0
127	0.0	2.0	0.0	2.0	1.0	5.0	2.0
128	1.0	5.0	1.0	2.0	3.3340000000000005	11.665999999999999	3.0
129	0.0	3.0	0.0	3.0	1.3330000000000002	4.667	2.0
130	1.0	1.0	1.0	0.0	2.0	4.0	1.0
131	1.0	3.0	1.0	3.0	2.0	4.0	2.0
132	0.0	2.0	0.0	1.0	2.0	4.0	1.0
133	0.0	0.0	0.0	0.0	0.0	0.0	0.0
134	1.0	1.0	0.0	1.0	1.6680000000000001	4.332	1.0
135	1.0	1.0	0.0	1.0	1.0010000000000003	4.999	1.0
136	2.0	3.0	2.0	1.0	4.0	8.0	3.0
137	2.0	4.0	1.0	2.0	3.0020000000000007	11.998	3.0
138	3.0	2.0	3.0	2.0	1.0010000000000003	4.999	2.0
139	1.0	3.0	1.0	2.0	2.3340000000000005	9.666	3.0
140	2.0	2.0	2.0	2.0	1.3330000000000002	4.667	2.0
141	0.0	2.0	0.0	2.0	1.0	2.0	1.0
142	1.0	3.0	1.0	3.0	1.6680000000000001	4.332	2.0
143	0.0	0.0	0.0	0.0	0.0	0.0	0.0
144	1.0	2.0	1.0	2.0	2.4	3.6	2.0
145	2.0	3.0	2.0	2.0	2.668	6.332	2.0
146	1.0	3.0	0.0	2.0	0.6660000000000004	5.334	1.0
147	1.0	1.0	1.0	1.0	0.3330000000000002	2.667	1.0
148	1.0	0.0	0.0	0.0	0.6680000000000001	2.332	0.0
149	2.0	0.0	1.0	0.0	2.0	4.0	1.0
150	2.0	0.0	1.0	0.0	2.4	3.6	1.0
151	0.0	0.0	0.0	0.0	0.0	0.0	0.0
152	1.0	0.0	1.0	0.0	1.4	1.6	1.0
153	0.0	4.0	0.0	4.0	2.0010000000000003	6.999	3.0
154	2.0	1.0	2.0	1.0	2.0	4.0	2.0
155	0.0	5.0	0.0	4.0	1.6660000000000004	7.334	2.0
156	2.0	2.0	2.0	2.0	3.0	6.0	3.0
157	1.0	0.0	1.0	0.0	1.0	2.0	1.0
158	1.0	1.0	0.0	1.0	1.3330000000000002	4.667	1.0
159	2.0	1.0	2.0	1.0	1.3330000000000002	4.667	2.0
160	1.0	4.0	1.0	2.0	3.733	8.267	3.0
161	1.0	4.0	1.0	3.0	2.333	6.667	2.0
162	1.0	3.0	0.0	2.0	0.6660000000000004	8.334	1.0
163	0.0	4.0	0.0	2.0	0.3330000000000002	8.667	1.0
164	1.0	4.0	1.0	4.0	1.6680000000000001	4.332	2.0
165	0.0	4.0	0.0	3.0	1.3320000000000007	10.668	3.0
166	0.0	2.0	0.0	0.0	1.3330000000000002	4.667	0.0
167	0.0	2.0	0.0	1.0	1.0010000000000003	4.999	1.0
168	1.0	2.0	1.0	2.0	1.3330000000000002	4.667	2.0
169	1.0	1.0	1.0	1.0	0.3330000000000002	2.667	1.0
170	1.0	1.0	1.0	1.0	1.0	2.0	1.0
171	1.0	2.0	1.0	1.0	3.0	6.0	2.0
172	0.0	2.0	0.0	1.0	1.3330000000000002	4.667	1.0
173	1.0	2.0	1.0	1.0	2.0	4.0	1.0
174	0.0	0.0	0.0	0.0	0.0	0.0	0.0
175	0.0	0.0	0.0	0.0	0.0	0.0	0.0
176	0.0	0.0	0.0	0.0	0.0	0.0	0.0
177	0.0	0.0	0.0	0.0	0.0	0.0	0.0
178	0.0	0.0	0.0	0.0	0.0	0.0	0.0
179	1.0	0.0	0.0	0.0	1.0	2.0	0.0
180	0.0	2.0	0.0	2.0	0.6680000000000001	2.332	1.0
181	0.0	2.0	0.0	1.0	0.6660000000000004	5.334	1.0
182	1.0	1.0	1.0	1.0	1.3330000000000002	4.667	2.0
183	0.0	2.0	0.0	1.0	1.3330000000000002	4.667	1.0
184	0.0	2.0	0.0	1.0	0.6680000000000001	5.332	1.0
185	2.0	3.0	1.0	2.0	2.6660000000000004	9.334	2.0
186	3.0	3.0	1.0	2.0	3.333	8.667	2.0
187	1.0	4.0	1.0	3.0	1.9990000000000006	10.001	3.0
188	2.0	4.0	2.0	3.0	2.6660000000000004	9.334	3.0
189	2.0	2.0	1.0	2.0	4.0	8.0	3.0
190	1.0	3.0	0.0	2.0	1.6670000000000007	10.332999999999998	2.0
191	2.0	4.0	1.0	2.0	3.333	8.667	2.0
192	0.0	5.0	0.0	2.0	2.333	9.667	2.0
193	1.0	4.0	1.0	1.0	0.9990000000000006	11.001	2.0
194	1.0	2.0	0.0	0.0	1.3330000000000002	4.667	0.0
195	0.0	0.0	0.0	0.0	0.0	0.0	0.0
196	0.0	1.0	0.0	0.0	1.0	2.0	0.0
197	0.0	2.0	0.0	0.0	0.6660000000000004	5.334	0.0
198	2.0	2.0	0.0	1.0	3.0660000000000003	8.934	1.0
199	1.0	4.0	0.0	2.0	2.333	6.667	1.0
200	0.0	0.0	0.0	0.0	0.0	0.0	0.0
201	0.0	2.0	0.0	0.0	1.0010000000000003	4.999	0.0
202	1.0	3.0	0.0	1.0	1.6660000000000004	7.334	1.0
203	2.0	2.0	1.0	2.0	2.0	4.0	1.0
204	2.0	3.0	0.0	2.0	3.333	8.667	1.0
205	0.0	2.0	0.0	2.0	0.3330000000000002	2.667	1.0
206	1.0	3.0	0.0	1.0	2.0010000000000003	6.999	1.0
207	2.0	3.0	0.0	1.0	3.0	6.0	1.0
208	2.0	3.0	0.0	1.0	2.0660000000000003	6.933999999999999	1.0
209	1.0	1.0	0.0	0.0	1.0	2.0	0.0
210	1.0	1.0	0.0	0.0	1.0	2.0	0.0
211	2.0	1.0	0.0	0.0	1.0010000000000003	4.999	0.0
212	1.0	2.0	0.0	0.0	1.3330000000000002	4.667	0.0
213	0.0	1.0	0.0	0.0	1.0	2.0	0.0
214	0.0	1.0	0.0	0.0	1.4	1.6	0.0
215	1.0	2.0	0.0	0.0	2.4	3.6	0.0
216	1.0	0.0	0.0	0.0	1.0	2.0	0.0
217	1.0	1.0	0.0	0.0	1.6680000000000001	4.332	0.0
218	0.0	2.0	0.0	0.0	0.3330000000000002	2.667	0.0
219	1.0	1.0	0.0	0.0	1.0	2.0	0.0
220	0.0	0.0	0.0	0.0	0.0	0.0	0.0
221	1.0	3.0	1.0	1.0	2.0010000000000003	6.999	1.0
222	2.0	3.0	0.0	0.0	1.3340000000000005	7.6659999999999995	0.0
223	1.0	2.0	0.0	0.0	1.733	4.2669999999999995	0.0
224	1.0	3.0	0.0	1.0	4.4	7.6	1.0
225	1.0	1.0	0.0	0.0	0.3330000000000002	2.667	0.0
226	1.0	1.0	1.0	0.0	2.0	4.0	1.0
227	1.0	1.0	0.0	0.0	0.6660000000000004	5.334	0.0
228	0.0	0.0	0.0	0.0	0.0	0.0	0.0
229	0.0	2.0	0.0	0.0	1.6680000000000001	4.332	0.0
230	1.0	0.0	0.0	0.0	1.0	2.0	0.0
231	0.0	0.0	0.0	0.0	0.0	0.0	0.0
232	0.0	0.0	0.0	0.0	0.0	0.0	0.0
233	1.0	0.0	0.0	0.0	0.3330000000000002	2.667	0.0
234	1.0	1.0	0.0	0.0	2.0	4.0	0.0
235	1.0	0.0	0.0	0.0	1.0	2.0	0.0
236	1.0	0.0	0.0	0.0	1.0	2.0	0.0
237	1.0	1.0	0.0	0.0	1.0	2.0	0.0
238	0.0	1.0	0.0	0.0	0.3330000000000002	2.667	0.0
239	1.0	1.0	0.0	0.0	1.6680000000000001	4.332	0.0
240	1.0	1.0	0.0	0.0	1.6680000000000001	4.332	0.0
241	0.0	0.0	0.0	0.0	0.0	0.0	0.0
242	1.0	0.0	0.0	0.0	1.0	2.0	0.0
243	1.0	0.0	1.0	0.0	0.3330000000000002	2.667	1.0
244	1.0	1.0	0.0	0.0	1.733	4.2669999999999995	0.0
245	1.0	0.0	0.0	0.0	1.0	2.0	0.0
246	1.0	0.0	0.0	0.0	1.0	2.0	0.0
247	1.0	3.0	0.0	0.0	0.9990000000000006	8.001	0.0
248	0.0	1.0	0.0	0.0	0.3330000000000002	2.667	0.0
249	1.0	2.0	0.0	0.0	0.6660000000000004	5.334	0.0
250	1.0	2.0	0.0	0.0	1.0	2.0	0.0
251	0.0	0.0	0.0	0.0	0.0	0.0	0.0
252	0.0	1.0	0.0	1.0	1.0	2.0	1.0
253	1.0	0.0	0.0	0.0	1.4	1.6	0.0
254	0.0	1.0	0.0	0.0	0.3330000000000002	2.667	0.0
255	0.0	0.0	0.0	0.0	0.0	0.0	0.0
256	0.0	0.0	0.0	0.0	0.0	0.0	0.0
257	0.0	0.0	0.0	0.0	0.0	0.0	0.0
258	0.0	0.0	0.0	0.0	0.0	0.0	0.0
259	0.0	0.0	0.0	0.0	0.0	0.0	0.0
260	0.0	0.0	0.0	0.0	0.0	0.0	0.0
261	0.0	0.0	0.0	0.0	0.0	0.0	0.0
262	2.0	0.0	0.0	0.0	0.6680000000000001	2.332	0.0
263	1.0	3.0	1.0	0.0	1.6690000000000005	7.3309999999999995	1.0
264	1.0	1.0	0.0	0.0	0.3330000000000002	2.667	0.0
265	1.0	2.0	0.0	0.0	0.3330000000000002	2.667	0.0
266	0.0	1.0	0.0	0.0	1.4	1.6	0.0
267	0.0	1.0	0.0	0.0	1.0	2.0	0.0
268	0.0	0.0	0.0	0.0	0.0	0.0	0.0
269	0.0	2.0	0.0	0.0	1.3330000000000002	4.667	0.0
270	0.0	1.0	0.0	0.0	1.0	2.0	0.0
271	0.0	0.0	0.0	0.0	0.0	0.0	0.0
272	1.0	1.0	0.0	0.0	1.0	2.0	0.0
273	1.0	2.0	0.0	1.0	3.0	6.0	1.0
274	0.0	0.0	0.0	0.0	0.0	0.0	0.0
275	0.0	0.0	0.0	0.0	0.0	0.0	0.0
276	0.0	0.0	0.0	0.0	0.0	0.0	0.0
277	0.0	0.0	0.0	0.0	0.0	0.0	0.0
278	0.0	0.0	0.0	0.0	0.0	0.0	0.0
279	0.0	0.0	0.0	0.0	0.0	0.0	0.0
280	0.0	2.0	0.0	0.0	0.0	6.0	0.0
281	0.0	1.0	0.0	0.0	0.3330000000000002	2.667	0.0
282	1.0	1.0	1.0	0.0	0.6660000000000004	5.334	1.0
283	1.0	2.0	0.0	1.0	1.0010000000000003	4.999	1.0
284	1.0	2.0	1.0	0.0	2.0	7.0	1.0
285	2.0	1.0	0.0	0.0	0.6680000000000001	2.332	0.0
286	1.0	1.0	0.0	0.0	1.3330000000000002	4.667	0.0
287	1.0	0.0	0.0	0.0	1.4	1.6	0.0
288	2.0	3.0	1.0	0.0	3.333	8.667	1.0
289	1.0	3.0	1.0	2.0	2.733	6.2669999999999995	2.0
290	0.0	3.0	0.0	2.0	2.4	6.6	2.0
291	2.0	4.0	2.0	3.0	2.333	6.667	2.0
292	0.0	5.0	0.0	4.0	1.9990000000000006	10.001	3.0
293	1.0	3.0	0.0	3.0	1.3320000000000007	10.668	3.0
294	2.0	3.0	1.0	2.0	2.4	3.6	1.0
295	1.0	2.0	0.0	2.0	2.0	4.0	1.0
296	1.0	0.0	1.0	0.0	1.0	2.0	1.0
297	0.0	3.0	0.0	2.0	1.3330000000000002	4.667	1.0
298	2.0	0.0	1.0	0.0	2.0	4.0	1.0
299	0.0	1.0	0.0	1.0	1.0	2.0	1.0
300	0.0	0.0	0.0	0.0	0.0	0.0	0.0
301	1.0	3.0	1.0	2.0	2.6690000000000005	9.331	3.0
302	2.0	1.0	2.0	1.0	1.6680000000000001	4.332	2.0
303	2.0	2.0	2.0	1.0	4.0	8.0	3.0
304	1.0	4.0	1.0	2.0	3.3360000000000003	8.664	2.0
305	1.0	0.0	1.0	0.0	0.3330000000000002	2.667	1.0
306	0.0	0.0	0.0	0.0	0.0	0.0	0.0
307	0.0	1.0	0.0	1.0	0.3330000000000002	2.667	1.0
308	1.0	2.0	0.0	2.0	1.3330000000000002	4.667	1.0
309	0.0	2.0	0.0	1.0	0.6660000000000004	5.334	1.0
310	0.0	2.0	0.0	1.0	0.6660000000000004	5.334	1.0
311	2.0	3.0	2.0	2.0	2.3320000000000007	12.668	4.0
312	2.0	2.0	1.0	1.0	3.333	8.667	2.0
313	1.0	1.0	1.0	1.0	0.3330000000000002	2.667	1.0
314	2.0	2.0	1.0	2.0	2.0	4.0	1.0
315	1.0	2.0	1.0	0.0	2.3360000000000003	6.664	1.0
316	1.0	1.0	1.0	1.0	1.0	2.0	1.0
317	2.0	2.0	2.0	1.0	4.0	8.0	3.0
318	2.0	3.0	1.0	1.0	3.333	8.667	2.0
319	1.0	3.0	0.0	2.0	1.3330000000000002	4.667	1.0
320	0.0	3.0	0.0	2.0	1.6660000000000004	7.334	2.0
321	2.0	3.0	1.0	1.0	1.3330000000000002	4.667	1.0
322	2.0	2.0	2.0	2.0	2.0010000000000003	6.999	3.0
323	1.0	4.0	1.0	3.0	2.333	6.667	2.0
324	0.0	2.0	0.0	2.0	0.3330000000000002	2.667	1.0
325	0.0	1.0	0.0	0.0	0.3330000000000002	2.667	0.0
326	1.0	2.0	0.0	0.0	0.3330000000000002	2.667	0.0
327	1.0	2.0	0.0	0.0	0.3330000000000002	2.667	0.0
328	1.0	1.0	0.0	1.0	1.6680000000000001	4.332	1.0
329	1.0	2.0	1.0	1.0	3.0	6.0	2.0
330	1.0	4.0	1.0	3.0	3.333	8.667	3.0
331	0.0	2.0	0.0	2.0	1.0010000000000003	4.999	2.0
332	2.0	2.0	1.0	2.0	1.3330000000000002	4.667	1.0
333	2.0	4.0	1.0	4.0	3.6690000000000005	11.331	4.0
334	1.0	4.0	0.0	3.0	1.6660000000000004	7.334	2.0
335	2.0	2.0	2.0	2.0	1.3330000000000002	4.667	2.0
336	2.0	1.0	2.0	1.0	3.0	6.0	3.0
337	2.0	3.0	1.0	2.0	2.333	6.667	2.0
338	0.0	3.0	0.0	1.0	1.6680000000000001	4.332	1.0
339	2.0	2.0	1.0	2.0	2.0	4.0	1.0
340	1.0	1.0	1.0	1.0	0.3330000000000002	2.667	1.0
341	1.0	3.0	0.0	3.0	2.668	6.332	2.0
342	1.0	1.0	1.0	1.0	1.0	2.0	1.0
343	0.0	1.0	0.0	1.0	1.0	2.0	1.0
344	2.0	3.0	1.0	2.0	4.0	8.0	2.0
345	1.0	2.0	0.0	2.0	2.333	6.667	2.0
346	1.0	0.0	1.0	0.0	0.3330000000000002	2.667	1.0
347	0.0	2.0	0.0	1.0	1.3330000000000002	4.667	1.0
348	0.0	4.0	0.0	2.0	0.6660000000000004	5.334	1.0
349	1.0	0.0	1.0	0.0	1.0	2.0	1.0
350	1.0	0.0	1.0	0.0	0.3330000000000002	2.667	1.0
351	1.0	2.0	0.0	1.0	1.6660000000000004	7.334	1.0
352	2.0	0.0	2.0	0.0	0.6680000000000001	2.332	1.0
353	0.0	0.0	0.0	0.0	0.0	0.0	0.0
354	2.0	0.0	1.0	0.0	2.0	4.0	1.0
355	1.0	1.0	1.0	1.0	1.0	2.0	1.0
356	1.0	1.0	1.0	0.0	0.6660000000000004	5.334	1.0
357	0.0	1.0	0.0	1.0	0.6680000000000001	2.332	1.0
358	1.0	0.0	1.0	0.0	1.0	2.0	1.0
359	0.0	2.0	0.0	1.0	0.6660000000000004	5.334	1.0
360	1.0	0.0	1.0	0.0	1.0	2.0	1.0
361	0.0	2.0	0.0	1.0	0.6660000000000004	5.334	1.0
362	1.0	1.0	0.0	1.0	0.6660000000000004	5.334	1.0
363	0.0	0.0	0.0	0.0	0.0	0.0	0.0
364	2.0	1.0	2.0	0.0	1.3340000000000005	7.6659999999999995	2.0
365	1.0	2.0	1.0	1.0	0.6660000000000004	5.334	1.0
366	3.0	3.0	2.0	2.0	4.333	10.667	3.0
367	1.0	0.0	1.0	0.0	0.3330000000000002	2.667	1.0
368	2.0	3.0	1.0	2.0	3.0	6.0	2.0
369	2.0	4.0	0.0	3.0	4.333	10.667	3.0
370	1.0	2.0	0.0	0.0	0.3330000000000002	2.667	0.0
371	0.0	0.0	0.0	0.0	0.0	0.0	0.0
372	0.0	3.0	0.0	2.0	2.333	6.667	2.0
373	2.0	1.0	1.0	1.0	2.668	6.332	2.0
374	0.0	0.0	0.0	0.0	0.0	0.0	0.0
375	1.0	2.0	1.0	2.0	1.3330000000000002	4.667	2.0
376	0.0	1.0	0.0	1.0	0.3330000000000002	2.667	1.0
377	3.0	0.0	2.0	0.0	2.736	6.263999999999999	2.0
378	1.0	1.0	1.0	0.0	0.6660000000000004	5.334	1.0
379	1.0	1.0	1.0	1.0	2.0	4.0	2.0
380	0.0	0.0	0.0	0.0	0.0	0.0	0.0
381	1.0	1.0	0.0	1.0	2.0	4.0	1.0
382	1.0	0.0	1.0	0.0	1.4	1.6	1.0
383	2.0	0.0	2.0	0.0	2.0	4.0	2.0
384	2.0	2.0	1.0	2.0	3.0	6.0	2.0
385	1.0	3.0	1.0	2.0	3.0	6.0	2.0
386	0.0	0.0	0.0	0.0	0.0	0.0	0.0
387	1.0	1.0	0.0	1.0	1.3330000000000002	4.667	1.0
388	2.0	2.0	1.0	2.0	2.333	6.667	2.0
389	1.0	4.0	0.0	3.0	2.9990000000000006	12.001	3.0
390	2.0	2.0	1.0	1.0	2.333	6.667	1.0
391	1.0	3.0	0.0	1.0	2.0	7.0	1.0
392	0.0	4.0	0.0	2.0	1.6660000000000004	7.334	2.0
393	1.0	3.0	0.0	2.0	2.333	6.667	2.0
394	0.0	0.0	0.0	0.0	0.0	0.0	0.0
395	0.0	0.0	0.0	0.0	0.0	0.0	0.0
396	0.0	0.0	0.0	0.0	0.0	0.0	0.0
397	0.0	5.0	0.0	3.0	3.0660000000000003	8.934	2.0
398	1.0	2.0	1.0	2.0	1.3330000000000002	4.667	2.0
399	2.0	1.0	2.0	1.0	1.6680000000000001	4.332	2.0
400	1.0	3.0	1.0	2.0	1.6660000000000004	7.334	2.0
401	1.0	2.0	0.0	1.0	1.3330000000000002	4.667	1.0
402	2.0	3.0	1.0	1.0	2.0	7.0	1.0
403	2.0	0.0	1.0	0.0	2.4	3.6	1.0
404	0.0	3.0	0.0	1.0	2.0	4.0	1.0
405	0.0	4.0	0.0	3.0	1.6660000000000004	7.334	2.0
406	2.0	0.0	1.0	0.0	2.0	4.0	1.0
407	0.0	1.0	0.0	1.0	0.3330000000000002	2.667	1.0
408	2.0	3.0	1.0	1.0	1.3330000000000002	4.667	1.0
409	3.0	2.0	2.0	2.0	3.668	8.332	3.0
410	1.0	0.0	0.0	0.0	1.0	2.0	0.0
411	2.0	1.0	1.0	1.0	2.0	4.0	1.0
412	0.0	1.0	0.0	0.0	1.0	2.0	0.0
413	0.0	0.0	0.0	0.0	0.0	0.0	0.0
414	0.0	0.0	0.0	0.0	0.0	0.0	0.0
415	2.0	2.0	1.0	1.0	2.0020000000000007	9.998	2.0
416	3.0	1.0	2.0	1.0	2.6690000000000005	9.331	3.0
417	0.0	1.0	0.0	0.0	1.0	2.0	0.0
418	2.0	1.0	0.0	1.0	3.0	6.0	1.0
419	2.0	1.0	1.0	0.0	2.068	6.932	1.0
420	1.0	1.0	1.0	1.0	1.0	2.0	1.0
421	0.0	2.0	0.0	2.0	1.6680000000000001	4.332	2.0
422	0.0	0.0	0.0	0.0	0.0	0.0	0.0
423	2.0	0.0	2.0	0.0	0.6660000000000004	5.334	2.0
424	1.0	1.0	1.0	1.0	1.0	2.0	1.0
425	1.0	3.0	1.0	1.0	4.0	8.0	2.0
426	1.0	3.0	1.0	2.0	2.3360000000000003	6.664	2.0
427	3.0	1.0	3.0	1.0	2.333	6.667	3.0
428	0.0	5.0	0.0	3.0	1.6670000000000007	13.333	3.0
429	3.0	1.0	1.0	1.0	4.0	8.0	2.0
430	2.0	3.0	0.0	2.0	3.333	8.667	2.0
431	2.0	3.0	1.0	3.0	2.333	6.667	2.0
432	1.0	1.0	1.0	1.0	1.0	2.0	1.0
433	2.0	4.0	0.0	3.0	3.4010000000000002	8.599	2.0
434	1.0	3.0	1.0	3.0	1.6660000000000004	7.334	3.0
435	0.0	1.0	0.0	0.0	0.3330000000000002	2.667	0.0
436	1.0	2.0	1.0	2.0	2.668	6.332	3.0
437	1.0	4.0	1.0	3.0	1.6670000000000007	10.332999999999998	3.0
438	2.0	2.0	1.0	0.0	3.0	6.0	1.0
439	1.0	4.0	1.0	1.0	3.6660000000000004	11.334	2.0
440	3.0	5.0	2.0	3.0	2.6670000000000007	12.332999999999998	3.0
441	3.0	1.0	2.0	1.0	4.0	8.0	3.0
442	0.0	5.0	0.0	3.0	2.6660000000000004	9.334	3.0
443	2.0	2.0	1.0	2.0	1.6690000000000005	7.3309999999999995	2.0
444	1.0	1.0	1.0	1.0	2.0	4.0	2.0
445	1.0	1.0	1.0	1.0	0.6680000000000001	2.332	1.0
446	2.0	2.0	2.0	2.0	3.333	8.667	4.0
447	2.0	1.0	0.0	1.0	2.333	6.667	1.0
448	2.0	1.0	1.0	1.0	3.0	6.0	2.0
449	0.0	0.0	0.0	0.0	0.0	0.0	0.0
450	2.0	2.0	2.0	2.0	0.9990000000000006	8.001	3.0
451	1.0	4.0	0.0	2.0	2.333	9.667	2.0
452	2.0	4.0	1.0	3.0	4.399000000000001	13.600999999999999	4.0
453	4.0	2.0	2.0	2.0	3.7370000000000005	11.263	3.0
454	0.0	5.0	0.0	4.0	1.6660000000000004	7.334	2.0
455	1.0	3.0	1.0	2.0	2.6660000000000004	9.334	3.0
456	3.0	1.0	2.0	1.0	2.668	6.332	2.0
457	3.0	2.0	3.0	2.0	2.333	6.667	3.0
458	1.0	3.0	0.0	1.0	2.333	6.667	1.0
459	1.0	5.0	0.0	3.0	2.9990000000000006	12.001	2.0
460	0.0	5.0	0.0	1.0	2.333	6.667	1.0
461	1.0	4.0	1.0	1.0	2.0	7.0	1.0
462	2.0	2.0	1.0	2.0	1.6660000000000004	7.334	2.0
463	0.0	4.0	0.0	2.0	1.3340000000000005	10.666	2.0
464	2.0	3.0	1.0	2.0	4.668	10.332	3.0
465	3.0	2.0	2.0	0.0	4.668	10.332	2.0
466	1.0	4.0	0.0	3.0	2.733	9.267	2.0
467	1.0	3.0	1.0	1.0	1.3330000000000002	4.667	1.0
468	2.0	4.0	2.0	2.0	1.3340000000000005	7.6659999999999995	2.0
469	1.0	3.0	1.0	2.0	0.9990000000000006	8.001	2.0
470	1.0	2.0	0.0	1.0	2.333	6.667	1.0
471	2.0	3.0	1.0	1.0	4.4	7.6	2.0
472	0.0	3.0	0.0	1.0	1.6660000000000004	7.334	1.0
473	0.0	0.0	0.0	0.0	0.0	0.0	0.0
474	0.0	0.0	0.0	0.0	0.0	0.0	0.0
475	1.0	1.0	1.0	1.0	1.0	2.0	1.0
476	1.0	2.0	1.0	2.0	0.3330000000000002	2.667	1.0
477	0.0	2.0	0.0	2.0	1.0	2.0	1.0
478	2.0	2.0	1.0	1.0	1.9990000000000006	10.001	2.0
479	1.0	4.0	0.0	2.0	2.0	4.0	1.0
480	1.0	3.0	0.0	2.0	2.333	6.667	2.0
481	0.0	4.0	0.0	1.0	2.0010000000000003	6.999	1.0
482	1.0	4.0	1.0	2.0	2.668	9.332	2.0
483	1.0	2.0	1.0	2.0	1.0010000000000003	4.999	2.0
484	1.0	1.0	1.0	1.0	1.0	2.0	1.0
485	0.0	2.0	0.0	2.0	0.3330000000000002	2.667	1.0
486	1.0	0.0	1.0	0.0	1.0	2.0	1.0
487	1.0	1.0	1.0	1.0	0.3330000000000002	2.667	1.0
488	1.0	1.0	1.0	1.0	1.0	2.0	1.0
489	0.0	1.0	0.0	1.0	0.3330000000000002	2.667	1.0
490	1.0	1.0	1.0	1.0	1.3330000000000002	4.667	2.0
491	1.0	0.0	1.0	0.0	0.3330000000000002	2.667	1.0
492	0.0	0.0	0.0	0.0	0.0	0.0	0.0
493	1.0	0.0	1.0	0.0	0.6680000000000001	2.332	1.0
494	0.0	0.0	0.0	0.0	0.0	0.0	0.0
495	2.0	2.0	1.0	2.0	2.0	4.0	1.0
496	3.0	0.0	1.0	0.0	1.6680000000000001	4.332	1.0
497	0.0	3.0	0.0	2.0	2.0	4.0	1.0
498	1.0	0.0	1.0	0.0	0.6680000000000001	2.332	1.0
499	1.0	0.0	1.0	0.0	1.0	2.0	1.0
500	1.0	2.0	1.0	2.0	0.6660000000000004	5.334	2.0
501	1.0	3.0	0.0	2.0	2.0	4.0	1.0
502	2.0	1.0	1.0	0.0	2.0	4.0	1.0
503	1.0	1.0	1.0	1.0	0.6680000000000001	2.332	1.0
504	0.0	3.0	0.0	1.0	1.6660000000000004	7.334	1.0
505	2.0	1.0	1.0	0.0	2.0	4.0	1.0
506	2.0	2.0	1.0	1.0	3.0	6.0	1.0
507	1.0	2.0	1.0	0.0	3.0	6.0	1.0
508	1.0	1.0	0.0	0.0	1.0	2.0	0.0
509	0.0	2.0	0.0	0.0	0.0	3.0	0.0
510	0.0	2.0	0.0	0.0	0.3330000000000002	2.667	0.0
511	0.0	3.0	0.0	1.0	1.0010000000000003	7.999	1.0
512	1.0	2.0	1.0	2.0	1.3330000000000002	4.667	2.0
513	3.0	1.0	2.0	0.0	1.0010000000000003	4.999	1.0
514	1.0	4.0	1.0	1.0	1.6660000000000004	7.334	1.0
515	2.0	4.0	1.0	4.0	2.333	6.667	2.0
516	1.0	5.0	1.0	2.0	2.9990000000000006	12.001	3.0
517	1.0	3.0	1.0	1.0	3.0660000000000003	8.934	2.0
518	2.0	2.0	2.0	2.0	1.3330000000000002	4.667	2.0
519	1.0	6.0	1.0	4.0	4.067	13.933	4.0
520	1.0	4.0	1.0	3.0	1.6660000000000004	7.334	2.0
521	0.0	3.0	0.0	3.0	1.3330000000000002	4.667	2.0
522	1.0	1.0	1.0	1.0	1.0	2.0	1.0
523	1.0	1.0	1.0	1.0	1.6680000000000001	4.332	2.0
524	1.0	2.0	1.0	2.0	1.3330000000000002	4.667	2.0
525	0.0	1.0	0.0	1.0	0.3330000000000002	2.667	1.0
526	0.0	2.0	0.0	2.0	1.3330000000000002	4.667	2.0
527	1.0	2.0	1.0	2.0	0.6680000000000001	2.332	1.0
528	0.0	2.0	0.0	2.0	1.3330000000000002	4.667	2.0
529	1.0	2.0	1.0	2.0	2.0	4.0	2.0
530	1.0	1.0	1.0	1.0	2.0	4.0	2.0
531	0.0	0.0	0.0	0.0	0.0	0.0	0.0
532	0.0	0.0	0.0	0.0	0.0	0.0	0.0
533	0.0	0.0	0.0	0.0	0.0	0.0	0.0
534	0.0	0.0	0.0	0.0	0.0	0.0	0.0
535	0.0	0.0	0.0	0.0	0.0	0.0	0.0
536	1.0	0.0	1.0	0.0	1.0	2.0	1.0
537	0.0	3.0	0.0	3.0	1.3330000000000002	4.667	2.0
538	0.0	0.0	0.0	0.0	0.0	0.0	0.0
539	0.0	0.0	0.0	0.0	0.0	0.0	0.0
540	0.0	0.0	0.0	0.0	0.0	0.0	0.0
541	0.0	0.0	0.0	0.0	0.0	0.0	0.0
542	0.0	0.0	0.0	0.0	0.0	0.0	0.0
543	0.0	0.0	0.0	0.0	0.0	0.0	0.0
544	0.0	0.0	0.0	0.0	0.0	0.0	0.0
545	0.0	0.0	0.0	0.0	0.0	0.0	0.0
546	0.0	2.0	0.0	2.0	0.3330000000000002	2.667	1.0
547	1.0	3.0	1.0	2.0	1.6660000000000004	7.334	2.0
548	2.0	2.0	0.0	0.0	1.6660000000000004	7.334	0.0
549	1.0	5.0	1.0	2.0	2.6660000000000004	9.334	2.0
550	2.0	0.0	2.0	0.0	0.6660000000000004	5.334	2.0
551	1.0	4.0	1.0	2.0	2.6660000000000004	12.334	3.0
552	2.0	5.0	2.0	4.0	2.6660000000000004	9.334	3.0
553	2.0	3.0	1.0	2.0	0.9990000000000006	8.001	2.0
554	2.0	3.0	1.0	1.0	1.3330000000000002	4.667	1.0
555	1.0	4.0	0.0	2.0	2.4	3.6	1.0
556	0.0	0.0	0.0	0.0	0.0	0.0	0.0
557	0.0	0.0	0.0	0.0	0.0	0.0	0.0
558	0.0	0.0	0.0	0.0	0.0	0.0	0.0
559	0.0	0.0	0.0	0.0	0.0	0.0	0.0
560	0.0	0.0	0.0	0.0	0.0	0.0	0.0
561	0.0	0.0	0.0	0.0	0.0	0.0	0.0
562	0.0	0.0	0.0	0.0	0.0	0.0	0.0
563	0.0	0.0	0.0	0.0	0.0	0.0	0.0
564	0.0	0.0	0.0	0.0	0.0	0.0	0.0
565	0.0	0.0	0.0	0.0	0.0	0.0	0.0
566	0.0	0.0	0.0	0.0	0.0	0.0	0.0
567	0.0	0.0	0.0	0.0	0.0	0.0	0.0
568	0.0	0.0	0.0	0.0	0.0	0.0	0.0
569	0.0	0.0	0.0	0.0	0.0	0.0	0.0
570	0.0	0.0	0.0	0.0	0.0	0.0	0.0
571	0.0	0.0	0.0	0.0	0.0	0.0	0.0
572	0.0	0.0	0.0	0.0	0.0	0.0	0.0
573	0.0	5.0	0.0	2.0	2.6670000000000007	12.332999999999998	2.0
574	1.0	2.0	0.0	2.0	1.3330000000000002	4.667	1.0
575	2.0	2.0	0.0	0.0	2.0	4.0	0.0
576	1.0	4.0	0.0	1.0	2.668	9.332	1.0
577	0.0	5.0	0.0	0.0	1.6680000000000001	4.332	0.0
578	1.0	0.0	0.0	0.0	1.0	2.0	0.0
579	1.0	2.0	0.0	0.0	1.3330000000000002	4.667	0.0
580	1.0	1.0	0.0	0.0	2.0	4.0	0.0
581	1.0	1.0	0.0	0.0	2.4	3.6	0.0
582	1.0	0.0	0.0	0.0	1.0	2.0	0.0
583	1.0	2.0	0.0	0.0	1.0010000000000003	4.999	0.0
584	0.0	0.0	0.0	0.0	0.0	0.0	0.0
585	0.0	0.0	0.0	0.0	0.0	0.0	0.0
586	0.0	0.0	0.0	0.0	0.0	0.0	0.0
587	0.0	0.0	0.0	0.0	0.0	0.0	0.0
588	0.0	0.0	0.0	0.0	0.0	0.0	0.0
589	0.0	0.0	0.0	0.0	0.0	0.0	0.0
590	0.0	0.0	0.0	0.0	0.0	0.0	0.0
591	0.0	0.0	0.0	0.0	0.0	0.0	0.0
592	0.0	0.0	0.0	0.0	0.0	0.0	0.0
593	0.0	0.0	0.0	0.0	0.0	0.0	0.0
594	0.0	0.0	0.0	0.0	0.0	0.0	0.0
595	0.0	0.0	0.0	0.0	0.0	0.0	0.0
596	0.0	0.0	0.0	0.0	0.0	0.0	0.0
597	0.0	0.0	0.0	0.0	0.0	0.0	0.0
598	0.0	0.0	0.0	0.0	0.0	0.0	0.0
599	0.0	2.0	0.0	2.0	1.3330000000000002	4.667	2.0
600	0.0	3.0	0.0	3.0	1.0010000000000003	4.999	2.0
601	1.0	0.0	1.0	0.0	1.0	2.0	1.0
602	0.0	2.0	0.0	2.0	0.3330000000000002	5.667	2.0
603	0.0	0.0	0.0	0.0	0.0	0.0	0.0
604	0.0	1.0	0.0	1.0	1.0	2.0	1.0
605	0.0	2.0	0.0	2.0	1.3330000000000002	4.667	2.0
606	0.0	2.0	0.0	2.0	0.3330000000000002	2.667	1.0
607	1.0	0.0	1.0	0.0	1.0	2.0	1.0
608	0.0	2.0	0.0	2.0	1.3330000000000002	4.667	2.0
609	0.0	0.0	0.0	0.0	0.0	0.0	0.0
610	0.0	0.0	0.0	0.0	0.0	0.0	0.0
611	0.0	0.0	0.0	0.0	0.0	0.0	0.0
612	0.0	0.0	0.0	0.0	0.0	0.0	0.0
613	0.0	0.0	0.0	0.0	0.0	0.0	0.0
614	0.0	0.0	0.0	0.0	0.0	0.0	0.0
615	0.0	0.0	0.0	0.0	0.0	0.0	0.0
616	0.0	0.0	0.0	0.0	0.0	0.0	0.0
617	0.0	0.0	0.0	0.0	0.0	0.0	0.0
