pos	Sd	Nd	Sd_tip	Nd_tip	S	N	comparisons
001	0.0	0.0	0.0	0.0	0.0	0.0	0.0
002	0.0	0.0	0.0	0.0	0.0	0.0	0.0
003	0.0	0.0	0.0	0.0	0.0	0.0	0.0
004	0.0	1.0	0.0	0.0	1.0	2.0	0.0
005	0.0	0.0	0.0	0.0	0.0	0.0	0.0
006	0.0	0.0	0.0	0.0	0.0	0.0	0.0
007	0.0	0.0	0.0	0.0	0.0	0.0	0.0
008	0.0	0.0	0.0	0.0	0.0	0.0	0.0
009	0.0	0.0	0.0	0.0	0.0	0.0	0.0
010	0.0	0.0	0.0	0.0	0.0	0.0	0.0
011	0.0	1.0	0.0	0.0	1.0	2.0	0.0
012	0.0	0.0	0.0	0.0	0.0	0.0	0.0
013	0.0	0.0	0.0	0.0	0.0	0.0	0.0
014	0.0	0.0	0.0	0.0	0.0	0.0	0.0
015	0.0	0.0	0.0	0.0	0.0	0.0	0.0
016	0.0	2.0	0.0	2.0	1.0	2.0	1.0
017	0.0	0.0	0.0	0.0	0.0	0.0	0.0
018	0.0	0.0	0.0	0.0	0.0	0.0	0.0
019	0.0	0.0	0.0	0.0	0.0	0.0	0.0
020	0.0	0.0	0.0	0.0	0.0	0.0	0.0
021	0.0	1.0	0.0	1.0	1.0	2.0	1.0
022	0.0	0.0	0.0	0.0	0.0	0.0	0.0
023	0.0	0.0	0.0	0.0	0.0	0.0	0.0
024	0.0	0.0	0.0	0.0	0.0	0.0	0.0
025	0.0	0.0	0.0	0.0	0.0	0.0	0.0
026	0.0	0.0	0.0	0.0	0.0	0.0	0.0
027	0.0	0.0	0.0	0.0	0.0	0.0	0.0
028	0.0	1.0	0.0	0.0	1.0	2.0	0.0
029	0.0	0.0	0.0	0.0	0.0	0.0	0.0
030	0.0	1.0	0.0	0.0	1.0	2.0	0.0
031	0.0	0.0	0.0	0.0	0.0	0.0	0.0
032	0.0	0.0	0.0	0.0	0.0	0.0	0.0
033	0.0	0.0	0.0	0.0	0.0	0.0	0.0
034	1.0	1.0	0.0	0.0	1.0	2.0	0.0
035	0.0	2.0	0.0	0.0	0.3330000000000002	2.667	0.0
036	0.0	1.0	0.0	0.0	1.0	2.0	0.0
037	0.0	0.0	0.0	0.0	0.0	0.0	0.0
038	0.0	0.0	0.0	0.0	0.0	0.0	0.0
039	1.0	0.0	0.0	0.0	1.0	2.0	0.0
040	0.0	0.0	0.0	0.0	0.0	0.0	0.0
041	0.0	0.0	0.0	0.0	0.0	0.0	0.0
042	0.0	0.0	0.0	0.0	0.0	0.0	0.0
043	0.0	1.0	0.0	0.0	0.6680000000000001	2.332	0.0
044	0.0	1.0	0.0	0.0	1.0	2.0	0.0
045	0.0	0.0	0.0	0.0	0.0	0.0	0.0
046	0.0	0.0	0.0	0.0	0.0	0.0	0.0
047	0.0	0.0	0.0	0.0	0.0	0.0	0.0
048	0.0	3.0	0.0	0.0	0.6660000000000004	5.334	0.0
049	1.0	1.0	0.0	0.0	2.0	4.0	0.0
050	0.0	0.0	0.0	0.0	0.0	0.0	0.0
051	0.0	0.0	0.0	0.0	0.0	0.0	0.0
052	0.0	0.0	0.0	0.0	0.0	0.0	0.0
053	0.0	1.0	0.0	0.0	0.6680000000000001	2.332	0.0
054	1.0	0.0	0.0	0.0	1.0	2.0	0.0
055	0.0	1.0	0.0	0.0	1.0	2.0	0.0
056	0.0	0.0	0.0	0.0	0.0	0.0	0.0
057	0.0	0.0	0.0	0.0	0.0	0.0	0.0
058	0.0	2.0	0.0	0.0	1.6680000000000001	4.332	0.0
059	0.0	1.0	0.0	0.0	1.0	2.0	0.0
060	0.0	0.0	0.0	0.0	0.0	0.0	0.0
061	0.0	1.0	0.0	0.0	0.3330000000000002	2.667	0.0
062	0.0	1.0	0.0	0.0	1.0	2.0	0.0
063	0.0	0.0	0.0	0.0	0.0	0.0	0.0
064	0.0	0.0	0.0	0.0	0.0	0.0	0.0
065	0.0	0.0	0.0	0.0	0.0	0.0	0.0
066	0.0	0.0	0.0	0.0	0.0	0.0	0.0
067	1.0	1.0	0.0	0.0	1.0	2.0	0.0
068	1.0	0.0	0.0	0.0	1.0	2.0	0.0
069	0.0	0.0	0.0	0.0	0.0	0.0	0.0
070	0.0	0.0	0.0	0.0	0.0	0.0	0.0
071	0.0	0.0	0.0	0.0	0.0	0.0	0.0
072	0.0	0.0	0.0	0.0	0.0	0.0	0.0
073	0.0	1.0	0.0	0.0	1.0	2.0	0.0
074	0.0	0.0	0.0	0.0	0.0	0.0	0.0
075	0.0	0.0	0.0	0.0	0.0	0.0	0.0
076	1.0	0.0	0.0	0.0	1.0	2.0	0.0
077	0.0	0.0	0.0	0.0	0.0	0.0	0.0
078	1.0	0.0	0.0	0.0	1.0	2.0	0.0
079	1.0	0.0	0.0	0.0	1.0	2.0	0.0
080	1.0	0.0	0.0	0.0	0.3330000000000002	2.667	0.0
081	2.0	0.0	1.0	0.0	1.6680000000000001	4.332	1.0
082	0.0	0.0	0.0	0.0	0.0	0.0	0.0
083	0.0	0.0	0.0	0.0	0.0	0.0	0.0
084	0.0	0.0	0.0	0.0	0.0	0.0	0.0
085	1.0	1.0	0.0	0.0	1.0	2.0	0.0
086	0.0	1.0	0.0	0.0	1.4	1.6	0.0
087	0.0	0.0	0.0	0.0	0.0	0.0	0.0
088	0.0	0.0	0.0	0.0	0.0	0.0	0.0
089	0.0	0.0	0.0	0.0	0.0	0.0	0.0
090	1.0	0.0	0.0	0.0	0.3330000000000002	2.667	0.0
091	0.0	0.0	0.0	0.0	0.0	0.0	0.0
092	0.0	0.0	0.0	0.0	0.0	0.0	0.0
093	0.0	0.0	0.0	0.0	0.0	0.0	0.0
094	0.0	0.0	0.0	0.0	0.0	0.0	0.0
095	0.0	0.0	0.0	0.0	0.0	0.0	0.0
096	2.0	0.0	1.0	0.0	2.0	4.0	1.0
097	0.0	0.0	0.0	0.0	0.0	0.0	0.0
098	0.0	0.0	0.0	0.0	0.0	0.0	0.0
099	1.0	0.0	0.0	0.0	0.3330000000000002	2.667	0.0
100	0.0	0.0	0.0	0.0	0.0	0.0	0.0
101	1.0	0.0	0.0	0.0	1.0	2.0	0.0
102	0.0	0.0	0.0	0.0	0.0	0.0	0.0
103	0.0	1.0	0.0	0.0	1.0	2.0	0.0
104	2.0	2.0	1.0	0.0	1.3330000000000002	4.667	1.0
105	0.0	1.0	0.0	0.0	0.3330000000000002	2.667	0.0
106	0.0	1.0	0.0	0.0	0.3330000000000002	2.667	0.0
107	0.0	1.0	0.0	0.0	1.0	2.0	0.0
108	1.0	2.0	0.0	0.0	0.6660000000000004	5.334	0.0
109	0.0	0.0	0.0	0.0	0.0	0.0	0.0
110	0.0	0.0	0.0	0.0	0.0	0.0	0.0
111	1.0	0.0	0.0	0.0	1.0	2.0	0.0
112	1.0	0.0	0.0	0.0	0.3330000000000002	2.667	0.0
113	0.0	0.0	0.0	0.0	0.0	0.0	0.0
114	1.0	0.0	0.0	0.0	1.0	2.0	0.0
115	1.0	0.0	0.0	0.0	1.0	2.0	0.0
116	0.0	0.0	0.0	0.0	0.0	0.0	0.0
117	0.0	0.0	0.0	0.0	0.0	0.0	0.0
118	1.0	0.0	1.0	0.0	1.0	2.0	1.0
119	0.0	1.0	0.0	0.0	0.6680000000000001	2.332	0.0
120	0.0	0.0	0.0	0.0	0.0	0.0	0.0
121	1.0	0.0	0.0	0.0	0.6680000000000001	2.332	0.0
122	0.0	0.0	0.0	0.0	0.0	0.0	0.0
123	0.0	1.0	0.0	0.0	0.3330000000000002	2.667	0.0
124	0.0	0.0	0.0	0.0	0.0	0.0	0.0
125	0.0	0.0	0.0	0.0	0.0	0.0	0.0
126	0.0	0.0	0.0	0.0	0.0	0.0	0.0
127	2.0	0.0	0.0	0.0	2.068	3.932	0.0
128	0.0	0.0	0.0	0.0	0.0	0.0	0.0
129	0.0	0.0	0.0	0.0	0.0	0.0	0.0
130	1.0	1.0	0.0	0.0	1.0	2.0	0.0
131	0.0	0.0	0.0	0.0	0.0	0.0	0.0
132	2.0	0.0	1.0	0.0	2.0	4.0	1.0
133	1.0	1.0	0.0	1.0	1.3330000000000002	4.667	1.0
134	2.0	0.0	1.0	0.0	2.0	4.0	1.0
135	1.0	0.0	1.0	0.0	1.0	2.0	1.0
136	3.0	0.0	2.0	0.0	0.9990000000000006	8.001	2.0
137	0.0	2.0	0.0	1.0	1.3330000000000002	4.667	1.0
138	1.0	1.0	0.0	0.0	1.3360000000000003	4.664	0.0
139	2.0	0.0	2.0	0.0	0.6660000000000004	5.334	2.0
140	2.0	2.0	1.0	2.0	1.3330000000000002	4.667	1.0
141	2.0	0.0	1.0	0.0	2.0	4.0	1.0
142	2.0	1.0	1.0	0.0	1.3340000000000005	7.6659999999999995	1.0
143	1.0	0.0	1.0	0.0	1.0	2.0	1.0
144	0.0	1.0	0.0	0.0	1.0	2.0	0.0
145	1.0	0.0	0.0	0.0	0.3330000000000002	2.667	0.0
146	1.0	0.0	1.0	0.0	1.0	2.0	1.0
147	2.0	2.0	1.0	1.0	2.668	6.332	2.0
148	1.0	0.0	1.0	0.0	0.6680000000000001	2.332	1.0
149	3.0	0.0	1.0	0.0	3.0	6.0	1.0
150	1.0	0.0	1.0	0.0	1.0	2.0	1.0
151	2.0	1.0	1.0	1.0	2.3360000000000003	6.664	2.0
152	1.0	0.0	1.0	0.0	1.4	1.6	1.0
153	1.0	0.0	1.0	0.0	0.3330000000000002	2.667	1.0
154	2.0	1.0	1.0	1.0	2.333	6.667	2.0
155	0.0	0.0	0.0	0.0	0.0	0.0	0.0
156	0.0	0.0	0.0	0.0	0.0	0.0	0.0
157	2.0	2.0	1.0	2.0	2.0	4.0	1.0
158	0.0	0.0	0.0	0.0	0.0	0.0	0.0
159	1.0	1.0	1.0	0.0	2.0	4.0	1.0
160	2.0	0.0	0.0	0.0	2.0	4.0	0.0
161	1.0	1.0	1.0	1.0	1.0	2.0	1.0
162	2.0	1.0	1.0	0.0	3.0	6.0	1.0
163	1.0	1.0	0.0	1.0	1.3330000000000002	4.667	1.0
164	2.0	2.0	0.0	0.0	2.333	6.667	0.0
165	1.0	2.0	1.0	0.0	3.0	6.0	1.0
166	1.0	1.0	0.0	1.0	0.6660000000000004	5.334	1.0
167	1.0	3.0	1.0	1.0	2.6660000000000004	9.334	2.0
168	1.0	1.0	1.0	0.0	1.3330000000000002	4.667	1.0
169	1.0	1.0	1.0	0.0	1.3330000000000002	4.667	1.0
170	2.0	2.0	0.0	1.0	4.0	8.0	1.0
171	1.0	1.0	1.0	0.0	2.0	4.0	1.0
172	1.0	2.0	0.0	0.0	2.333	6.667	0.0
173	1.0	4.0	1.0	2.0	2.3320000000000007	12.668	3.0
174	2.0	3.0	1.0	1.0	3.0	6.0	1.0
175	2.0	2.0	1.0	1.0	3.333	8.667	2.0
176	1.0	1.0	0.0	0.0	0.3330000000000002	2.667	0.0
177	0.0	2.0	0.0	0.0	0.6680000000000001	5.332	0.0
178	0.0	0.0	0.0	0.0	0.0	0.0	0.0
179	0.0	2.0	0.0	0.0	0.6660000000000004	5.334	0.0
180	0.0	2.0	0.0	0.0	1.0	2.0	0.0
181	1.0	2.0	0.0	0.0	0.3330000000000002	2.667	0.0
182	0.0	2.0	0.0	0.0	2.4	3.6	0.0
183	1.0	1.0	0.0	0.0	0.6660000000000004	5.334	0.0
184	1.0	0.0	0.0	0.0	1.0	2.0	0.0
185	1.0	4.0	1.0	2.0	3.333	8.667	2.0
186	2.0	2.0	1.0	2.0	2.333	6.667	2.0
187	3.0	2.0	1.0	2.0	5.0	10.0	3.0
188	0.0	2.0	0.0	0.0	1.0010000000000003	4.999	0.0
189	1.0	3.0	0.0	0.0	1.0010000000000003	7.999	0.0
190	3.0	2.0	1.0	1.0	2.0010000000000003	6.999	2.0
191	2.0	0.0	0.0	0.0	0.6680000000000001	2.332	0.0
192	1.0	0.0	0.0	0.0	0.6680000000000001	2.332	0.0
193	2.0	2.0	1.0	0.0	2.668	6.332	1.0
194	1.0	0.0	0.0	0.0	0.3330000000000002	2.667	0.0
195	0.0	0.0	0.0	0.0	0.0	0.0	0.0
196	1.0	0.0	0.0	0.0	1.0	2.0	0.0
197	1.0	1.0	0.0	0.0	1.0	2.0	0.0
198	1.0	1.0	1.0	0.0	2.0	4.0	1.0
199	0.0	2.0	0.0	1.0	1.3330000000000002	4.667	1.0
200	2.0	3.0	2.0	1.0	1.6660000000000004	7.334	2.0
201	1.0	0.0	0.0	0.0	1.0	2.0	0.0
202	2.0	1.0	1.0	0.0	3.0	6.0	1.0
203	3.0	0.0	2.0	0.0	0.9990000000000006	8.001	2.0
204	2.0	2.0	1.0	1.0	2.333	6.667	1.0
205	2.0	0.0	1.0	0.0	2.0	4.0	1.0
206	1.0	0.0	1.0	0.0	1.0	2.0	1.0
207	1.0	0.0	0.0	0.0	1.0	2.0	0.0
208	1.0	1.0	1.0	0.0	0.6660000000000004	5.334	1.0
209	3.0	0.0	1.0	0.0	3.0	6.0	1.0
210	3.0	0.0	2.0	0.0	3.0	6.0	2.0
211	3.0	0.0	2.0	0.0	2.668	6.332	2.0
212	0.0	0.0	0.0	0.0	0.0	0.0	0.0
213	0.0	0.0	0.0	0.0	0.0	0.0	0.0
214	0.0	0.0	0.0	0.0	0.0	0.0	0.0
215	0.0	0.0	0.0	0.0	0.0	0.0	0.0
216	1.0	0.0	1.0	0.0	0.3330000000000002	2.667	1.0
217	1.0	1.0	1.0	1.0	2.0	4.0	2.0
218	1.0	1.0	1.0	0.0	2.0	4.0	1.0
219	0.0	2.0	0.0	2.0	0.0	3.0	1.0
220	0.0	0.0	0.0	0.0	0.0	0.0	0.0
221	1.0	3.0	1.0	2.0	2.0	4.0	1.0
222	2.0	0.0	2.0	0.0	0.6660000000000004	5.334	2.0
223	2.0	2.0	1.0	1.0	0.6660000000000004	5.334	1.0
224	1.0	2.0	1.0	0.0	2.333	6.667	1.0
225	2.0	3.0	1.0	2.0	3.333	8.667	2.0
226	2.0	3.0	1.0	2.0	4.0	8.0	3.0
227	1.0	6.0	1.0	3.0	4.666	13.334	3.0
228	1.0	2.0	1.0	2.0	2.0	4.0	2.0
229	1.0	0.0	0.0	0.0	0.3330000000000002	2.667	0.0
230	3.0	2.0	1.0	1.0	3.0	6.0	1.0
231	0.0	2.0	0.0	1.0	1.3330000000000002	4.667	1.0
232	1.0	1.0	1.0	0.0	1.3330000000000002	4.667	1.0
233	0.0	0.0	0.0	0.0	0.0	0.0	0.0
234	1.0	0.0	0.0	0.0	0.3330000000000002	2.667	0.0
235	1.0	0.0	1.0	0.0	0.3330000000000002	2.667	1.0
236	3.0	0.0	2.0	0.0	3.468	5.532	2.0
237	4.0	0.0	3.0	0.0	4.468	7.532	3.0
238	1.0	2.0	0.0	0.0	0.3330000000000002	2.667	0.0
239	5.0	1.0	3.0	1.0	3.468	8.532	3.0
240	2.0	1.0	1.0	1.0	0.9990000000000006	8.001	2.0
241	2.0	2.0	1.0	2.0	3.3360000000000003	8.664	3.0
242	2.0	1.0	1.0	1.0	0.9990000000000006	8.001	2.0
243	1.0	3.0	0.0	2.0	0.9990000000000006	8.001	1.0
244	3.0	0.0	3.0	0.0	3.0	6.0	3.0
245	4.0	0.0	3.0	0.0	4.8	7.199999999999999	3.0
246	3.0	0.0	1.0	0.0	0.9990000000000006	8.001	1.0
247	3.0	0.0	3.0	0.0	3.0	6.0	3.0
248	3.0	0.0	2.0	0.0	3.0	6.0	2.0
249	3.0	0.0	2.0	0.0	3.0	6.0	2.0
250	4.0	1.0	2.0	1.0	5.0	10.0	3.0
251	3.0	1.0	2.0	1.0	4.0	8.0	3.0
252	0.0	0.0	0.0	0.0	0.0	0.0	0.0
253	0.0	0.0	0.0	0.0	0.0	0.0	0.0
254	4.0	2.0	2.0	2.0	5.0	10.0	3.0
255	2.0	3.0	2.0	3.0	1.6660000000000004	7.334	3.0
256	3.0	0.0	2.0	0.0	3.0	6.0	2.0
257	2.0	0.0	1.0	0.0	0.6660000000000004	5.334	1.0
258	1.0	0.0	1.0	0.0	1.0	2.0	1.0
259	3.0	0.0	3.0	0.0	0.9990000000000006	8.001	3.0
260	4.0	0.0	2.0	0.0	4.0	8.0	2.0
261	2.0	0.0	2.0	0.0	2.0	4.0	2.0
262	4.0	0.0	3.0	0.0	4.0	8.0	3.0
263	3.0	0.0	2.0	0.0	3.0	6.0	2.0
264	1.0	0.0	1.0	0.0	0.3330000000000002	2.667	1.0
265	0.0	0.0	0.0	0.0	0.0	0.0	0.0
266	0.0	0.0	0.0	0.0	0.0	0.0	0.0
267	1.0	0.0	1.0	0.0	1.0	2.0	1.0
268	1.0	0.0	1.0	0.0	0.3330000000000002	2.667	1.0
269	2.0	4.0	1.0	2.0	4.0	11.0	2.0
270	3.0	0.0	2.0	0.0	3.0	6.0	2.0
271	1.0	0.0	1.0	0.0	1.0	2.0	1.0
272	3.0	2.0	1.0	1.0	2.3360000000000003	6.664	1.0
273	1.0	1.0	1.0	1.0	1.0	2.0	1.0
274	2.0	0.0	2.0	0.0	2.4	3.6	2.0
275	3.0	0.0	3.0	0.0	4.199999999999999	4.800000000000001	3.0
276	3.0	0.0	2.0	0.0	3.0	6.0	2.0
277	2.0	2.0	2.0	2.0	1.6690000000000005	7.3309999999999995	3.0
278	2.0	1.0	2.0	1.0	0.9990000000000006	8.001	3.0
279	0.0	0.0	0.0	0.0	0.0	0.0	0.0
280	1.0	2.0	1.0	1.0	0.9990000000000006	8.001	2.0
281	1.0	0.0	1.0	0.0	1.0	2.0	1.0
282	1.0	1.0	1.0	1.0	0.6660000000000004	5.334	2.0
283	3.0	1.0	2.0	1.0	1.3320000000000007	10.668	3.0
284	3.0	2.0	3.0	2.0	2.0	4.0	2.0
285	0.0	0.0	0.0	0.0	0.0	0.0	0.0
286	2.0	3.0	2.0	3.0	0.9990000000000006	8.001	3.0
287	1.0	1.0	0.0	1.0	2.0	4.0	1.0
288	3.0	3.0	2.0	1.0	6.0	12.0	3.0
289	6.0	1.0	4.0	1.0	3.3360000000000003	8.664	3.0
290	1.0	2.0	0.0	1.0	2.333	6.667	1.0
291	2.0	0.0	2.0	0.0	0.6660000000000004	5.334	2.0
292	2.0	3.0	1.0	2.0	2.068	6.9319999999999995	2.0
293	4.0	2.0	3.0	2.0	4.333	10.667	4.0
294	1.0	6.0	0.0	5.0	4.002000000000001	13.998000000000001	4.0
295	3.0	1.0	2.0	1.0	1.3320000000000007	10.668	3.0
296	4.0	2.0	3.0	2.0	2.333	6.667	2.0
297	1.0	0.0	0.0	0.0	0.3330000000000002	2.667	0.0
298	2.0	1.0	1.0	1.0	3.0	6.0	2.0
299	2.0	0.0	2.0	0.0	0.6660000000000004	5.334	2.0
300	0.0	7.0	0.0	6.0	3.3340000000000005	11.666	4.0
301	0.0	2.0	0.0	2.0	0.6660000000000004	5.334	2.0
302	1.0	0.0	1.0	0.0	0.3330000000000002	2.667	1.0
303	2.0	4.0	2.0	3.0	1.6660000000000004	7.334	2.0
304	2.0	2.0	2.0	1.0	1.3320000000000007	10.668	3.0
305	1.0	0.0	1.0	0.0	0.3330000000000002	2.667	1.0
306	3.0	0.0	2.0	0.0	3.0	6.0	2.0
307	2.0	1.0	2.0	1.0	1.6660000000000004	7.334	3.0
308	4.0	0.0	4.0	0.0	4.0	8.0	4.0
309	3.0	0.0	2.0	0.0	3.0	6.0	2.0
310	2.0	1.0	1.0	1.0	1.6680000000000001	4.332	1.0
311	0.0	1.0	0.0	1.0	0.3330000000000002	2.667	1.0
312	2.0	0.0	1.0	0.0	0.6660000000000004	5.334	1.0
313	3.0	0.0	2.0	0.0	3.468	5.532	2.0
314	3.0	2.0	3.0	1.0	2.3370000000000006	9.663	3.0
315	2.0	1.0	1.0	1.0	2.4	3.6	1.0
316	1.0	0.0	0.0	0.0	0.3330000000000002	2.667	0.0
317	5.0	0.0	2.0	0.0	5.468	9.532	2.0
318	3.0	0.0	3.0	0.0	0.9990000000000006	8.001	3.0
319	0.0	0.0	0.0	0.0	0.0	0.0	0.0
320	0.0	0.0	0.0	0.0	0.0	0.0	0.0
321	3.0	0.0	1.0	0.0	3.0	6.0	1.0
322	0.0	4.0	0.0	4.0	1.3330000000000002	4.667	2.0
323	0.0	1.0	0.0	1.0	0.3330000000000002	2.667	1.0
324	0.0	1.0	0.0	1.0	1.0	2.0	1.0
325	0.0	1.0	0.0	1.0	1.0	2.0	1.0
326	1.0	0.0	1.0	0.0	0.3330000000000002	2.667	1.0
327	1.0	1.0	1.0	1.0	1.0	2.0	1.0
328	0.0	0.0	0.0	0.0	0.0	0.0	0.0
329	0.0	2.0	0.0	2.0	0.6660000000000004	5.334	2.0
330	2.0	2.0	1.0	2.0	1.3330000000000002	4.667	1.0
331	0.0	0.0	0.0	0.0	0.0	0.0	0.0
332	2.0	0.0	2.0	0.0	0.6660000000000004	5.334	2.0
333	2.0	2.0	1.0	2.0	1.3330000000000002	4.667	1.0
334	3.0	0.0	2.0	0.0	3.4	5.6	2.0
335	0.0	1.0	0.0	1.0	1.4	1.6	1.0
336	1.0	1.0	1.0	0.0	2.0	4.0	1.0
337	3.0	1.0	2.0	1.0	1.6660000000000004	7.334	2.0
338	4.0	0.0	2.0	0.0	5.199999999999999	6.800000000000001	2.0
339	3.0	4.0	3.0	1.0	2.9990000000000006	12.001	3.0
340	1.0	2.0	1.0	2.0	2.0	4.0	2.0
341	1.0	0.0	0.0	0.0	0.3330000000000002	2.667	0.0
342	1.0	0.0	1.0	0.0	0.3330000000000002	2.667	1.0
343	1.0	2.0	1.0	2.0	1.0	2.0	1.0
344	2.0	0.0	2.0	0.0	2.0	4.0	2.0
345	1.0	2.0	1.0	2.0	1.3330000000000002	4.667	2.0
346	0.0	3.0	0.0	2.0	1.6660000000000004	7.334	2.0
347	3.0	2.0	2.0	2.0	0.9990000000000006	8.001	2.0
348	0.0	0.0	0.0	0.0	0.0	0.0	0.0
349	2.0	0.0	1.0	0.0	2.0	4.0	1.0
350	0.0	3.0	0.0	2.0	2.3360000000000003	6.664	2.0
351	0.0	2.0	0.0	2.0	1.0	2.0	1.0
352	0.0	2.0	0.0	1.0	1.0010000000000003	4.999	1.0
353	1.0	1.0	1.0	1.0	0.6660000000000004	5.334	2.0
354	1.0	0.0	1.0	0.0	1.0	2.0	1.0
355	0.0	3.0	0.0	1.0	1.3330000000000002	4.667	1.0
356	3.0	1.0	3.0	1.0	3.4	5.6	3.0
357	2.0	1.0	2.0	1.0	2.0	4.0	2.0
358	1.0	3.0	0.0	3.0	2.668	6.332	2.0
359	1.0	2.0	1.0	2.0	1.3330000000000002	4.667	2.0
360	3.0	2.0	3.0	2.0	0.9990000000000006	8.001	3.0
361	3.0	1.0	2.0	1.0	4.0	8.0	3.0
362	2.0	1.0	1.0	1.0	3.0	6.0	2.0
363	2.0	3.0	1.0	3.0	2.668	6.332	2.0
364	1.0	1.0	1.0	1.0	1.0	2.0	1.0
365	1.0	0.0	0.0	0.0	1.0	2.0	0.0
366	1.0	0.0	0.0	0.0	0.3330000000000002	2.667	0.0
367	2.0	0.0	1.0	0.0	0.6660000000000004	5.334	1.0
368	2.0	0.0	1.0	0.0	2.4	3.6	1.0
369	2.0	0.0	1.0	0.0	2.0	4.0	1.0
370	1.0	1.0	0.0	1.0	2.0	4.0	1.0
371	2.0	2.0	1.0	2.0	1.3320000000000007	10.668	3.0
372	2.0	2.0	2.0	0.0	1.3320000000000007	10.668	2.0
373	1.0	0.0	0.0	0.0	0.3330000000000002	2.667	0.0
374	0.0	2.0	0.0	0.0	0.3330000000000002	2.667	0.0
375	2.0	4.0	2.0	3.0	3.333	8.667	3.0
376	3.0	0.0	3.0	0.0	1.6680000000000001	4.332	2.0
377	4.0	0.0	2.0	0.0	3.3360000000000003	8.664	2.0
378	1.0	2.0	1.0	2.0	1.0	2.0	1.0
379	0.0	0.0	0.0	0.0	0.0	0.0	0.0
380	3.0	0.0	2.0	0.0	1.6680000000000001	4.332	1.0
381	0.0	0.0	0.0	0.0	0.0	0.0	0.0
382	1.0	0.0	1.0	0.0	0.3330000000000002	2.667	1.0
383	2.0	2.0	1.0	2.0	2.668	6.332	2.0
384	2.0	2.0	1.0	2.0	3.0	6.0	2.0
385	2.0	3.0	2.0	3.0	0.6660000000000004	5.334	2.0
386	1.0	0.0	1.0	0.0	0.3330000000000002	2.667	1.0
387	1.0	0.0	1.0	0.0	1.0	2.0	1.0
388	1.0	0.0	1.0	0.0	0.3330000000000002	2.667	1.0
389	0.0	1.0	0.0	1.0	0.3330000000000002	2.667	1.0
390	2.0	0.0	1.0	0.0	0.6660000000000004	5.334	1.0
391	0.0	0.0	0.0	0.0	0.0	0.0	0.0
392	2.0	0.0	2.0	0.0	2.0	4.0	2.0
393	3.0	1.0	2.0	1.0	1.6660000000000004	7.334	2.0
394	2.0	0.0	2.0	0.0	0.6660000000000004	5.334	2.0
395	1.0	1.0	0.0	1.0	2.0	4.0	1.0
396	0.0	0.0	0.0	0.0	0.0	0.0	0.0
397	2.0	0.0	2.0	0.0	0.6660000000000004	5.334	2.0
398	0.0	0.0	0.0	0.0	0.0	0.0	0.0
399	1.0	0.0	1.0	0.0	0.3330000000000002	2.667	1.0
400	0.0	0.0	0.0	0.0	0.0	0.0	0.0
401	3.0	0.0	2.0	0.0	2.668	6.332	2.0
402	1.0	0.0	0.0	0.0	1.0	2.0	0.0
403	3.0	0.0	1.0	0.0	2.668	6.332	1.0
404	1.0	0.0	1.0	0.0	0.3330000000000002	2.667	1.0
405	3.0	0.0	2.0	0.0	3.0	6.0	2.0
406	0.0	0.0	0.0	0.0	0.0	0.0	0.0
407	1.0	2.0	1.0	2.0	2.0	4.0	2.0
408	1.0	0.0	1.0	0.0	1.0	2.0	1.0
409	2.0	0.0	1.0	0.0	2.0	4.0	1.0
410	2.0	1.0	1.0	1.0	1.3330000000000002	4.667	1.0
411	1.0	2.0	1.0	2.0	1.0	2.0	1.0
412	1.0	1.0	0.0	1.0	2.4	3.6	1.0
413	2.0	2.0	2.0	2.0	1.6660000000000004	7.334	3.0
414	3.0	2.0	1.0	2.0	2.3990000000000005	9.600999999999999	2.0
415	4.0	2.0	3.0	2.0	4.333	10.667	4.0
416	0.0	3.0	0.0	3.0	1.3330000000000002	4.667	2.0
417	2.0	4.0	1.0	4.0	1.3340000000000005	7.6659999999999995	2.0
418	1.0	4.0	1.0	4.0	3.333	8.667	4.0
419	2.0	4.0	1.0	3.0	2.3320000000000007	12.668	3.0
420	2.0	4.0	1.0	1.0	2.668	6.332	1.0
421	2.0	1.0	1.0	1.0	3.0	6.0	2.0
422	2.0	1.0	1.0	1.0	2.0	4.0	1.0
423	0.0	1.0	0.0	0.0	1.0	2.0	0.0
424	2.0	2.0	1.0	1.0	2.0	4.0	1.0
425	2.0	2.0	2.0	1.0	1.6680000000000001	4.332	1.0
426	2.0	5.0	1.0	3.0	3.333	8.667	3.0
427	3.0	4.0	2.0	2.0	2.9990000000000006	12.001	3.0
428	2.0	3.0	1.0	1.0	2.0010000000000003	6.999	1.0
429	0.0	2.0	0.0	2.0	2.0	4.0	2.0
430	1.0	2.0	1.0	1.0	0.9990000000000006	8.001	2.0
431	2.0	1.0	1.0	1.0	2.0	4.0	1.0
432	2.0	0.0	1.0	0.0	2.4	3.6	1.0
433	4.0	1.0	2.0	1.0	3.333	8.667	2.0
434	2.0	1.0	1.0	1.0	3.0	6.0	2.0
435	4.0	2.0	2.0	1.0	5.333	12.667	3.0
436	2.0	1.0	1.0	0.0	1.3340000000000005	7.6659999999999995	1.0
437	2.0	4.0	2.0	4.0	3.333	8.667	4.0
438	1.0	4.0	1.0	3.0	3.0	9.0	3.0
439	3.0	2.0	3.0	2.0	3.0	6.0	3.0
440	1.0	3.0	0.0	2.0	2.333	6.667	2.0
441	1.0	6.0	0.0	4.0	5.668	12.332	4.0
442	1.0	4.0	1.0	2.0	3.6690000000000005	11.331	3.0
443	2.0	3.0	2.0	3.0	2.333	6.667	3.0
444	0.0	1.0	0.0	1.0	0.0	3.0	1.0
445	4.0	3.0	3.0	3.0	4.333	10.667	4.0
446	0.0	1.0	0.0	1.0	1.0	2.0	1.0
447	2.0	2.0	1.0	2.0	2.6660000000000004	9.334	3.0
448	1.0	3.0	1.0	2.0	3.733	8.267	3.0
449	0.0	0.0	0.0	0.0	0.0	0.0	0.0
450	2.0	4.0	1.0	4.0	3.668	8.332	3.0
451	0.0	0.0	0.0	0.0	0.0	0.0	0.0
452	2.0	1.0	1.0	1.0	3.0	6.0	2.0
453	0.0	0.0	0.0	0.0	0.0	0.0	0.0
454	2.0	0.0	2.0	0.0	0.6660000000000004	5.334	2.0
455	1.0	0.0	0.0	0.0	0.3330000000000002	2.667	0.0
456	3.0	0.0	3.0	0.0	2.068	3.932	2.0
457	0.0	1.0	0.0	1.0	0.6680000000000001	2.332	1.0
458	3.0	1.0	3.0	1.0	2.333	6.667	3.0
459	2.0	0.0	1.0	0.0	2.0	4.0	1.0
460	3.0	1.0	2.0	1.0	3.333	8.667	3.0
461	2.0	2.0	0.0	2.0	3.0	6.0	1.0
462	2.0	1.0	2.0	1.0	1.3330000000000002	4.667	2.0
463	2.0	1.0	2.0	1.0	1.3330000000000002	4.667	2.0
464	4.0	1.0	3.0	1.0	4.0	8.0	3.0
465	2.0	3.0	1.0	1.0	2.6660000000000004	9.334	2.0
466	0.0	5.0	0.0	4.0	1.9990000000000006	10.001	3.0
467	0.0	6.0	0.0	4.0	1.665000000000001	13.334999999999999	3.0
468	2.0	3.0	1.0	2.0	1.9990000000000006	10.001	2.0
469	2.0	2.0	1.0	1.0	2.333	6.667	2.0
470	2.0	0.0	1.0	0.0	2.0	4.0	1.0
471	3.0	4.0	2.0	3.0	6.0	12.0	4.0
472	2.0	3.0	2.0	2.0	4.0	8.0	3.0
473	2.0	1.0	2.0	1.0	3.0	6.0	3.0
474	2.0	0.0	2.0	0.0	0.6660000000000004	5.334	2.0
475	0.0	3.0	0.0	3.0	1.3330000000000002	4.667	2.0
476	1.0	2.0	1.0	2.0	1.0010000000000003	4.999	2.0
477	1.0	0.0	0.0	0.0	0.3330000000000002	2.667	0.0
478	3.0	3.0	2.0	3.0	2.9990000000000006	12.001	4.0
479	3.0	0.0	2.0	0.0	3.0	6.0	2.0
480	2.0	1.0	2.0	1.0	1.3330000000000002	4.667	2.0
481	0.0	0.0	0.0	0.0	0.0	0.0	0.0
482	1.0	2.0	1.0	2.0	1.3330000000000002	4.667	2.0
483	3.0	0.0	2.0	0.0	3.0	6.0	2.0
484	1.0	0.0	1.0	0.0	1.0	2.0	1.0
485	2.0	0.0	2.0	0.0	2.0	4.0	2.0
486	0.0	0.0	0.0	0.0	0.0	0.0	0.0
487	2.0	0.0	2.0	0.0	0.6660000000000004	5.334	2.0
488	1.0	0.0	1.0	0.0	1.0	2.0	1.0
489	1.0	1.0	1.0	1.0	1.0	2.0	1.0
490	3.0	2.0	2.0	2.0	1.9990000000000006	10.001	3.0
491	2.0	0.0	2.0	0.0	2.4	3.6	2.0
492	4.0	0.0	3.0	0.0	3.068	5.932	2.0
493	2.0	0.0	1.0	0.0	1.3360000000000003	4.664	1.0
494	1.0	0.0	1.0	0.0	0.3330000000000002	2.667	1.0
495	0.0	0.0	0.0	0.0	0.0	0.0	0.0
496	3.0	0.0	1.0	0.0	0.9990000000000006	8.001	1.0
497	3.0	0.0	2.0	0.0	3.0	6.0	2.0
498	4.0	0.0	4.0	0.0	4.0	8.0	4.0
499	3.0	0.0	3.0	0.0	4.199999999999999	4.800000000000001	3.0
500	0.0	0.0	0.0	0.0	0.0	0.0	0.0
501	1.0	2.0	1.0	2.0	1.0010000000000003	4.999	2.0
502	4.0	0.0	3.0	0.0	3.668	8.332	3.0
503	2.0	0.0	2.0	0.0	2.0	4.0	2.0
504	3.0	2.0	1.0	2.0	4.333	10.667	3.0
505	1.0	0.0	1.0	0.0	0.3330000000000002	2.667	1.0
506	3.0	0.0	3.0	0.0	3.4	5.6	3.0
507	1.0	0.0	1.0	0.0	0.3330000000000002	2.667	1.0
508	1.0	0.0	1.0	0.0	1.0	2.0	1.0
509	1.0	0.0	0.0	0.0	0.3330000000000002	2.667	0.0
510	1.0	0.0	1.0	0.0	1.0	2.0	1.0
511	2.0	0.0	1.0	0.0	0.6660000000000004	5.334	1.0
512	2.0	4.0	2.0	4.0	2.6660000000000004	9.334	4.0
513	3.0	0.0	2.0	0.0	3.0	6.0	2.0
514	1.0	0.0	0.0	0.0	0.6680000000000001	2.332	0.0
515	2.0	0.0	1.0	0.0	0.6660000000000004	5.334	1.0
516	3.0	1.0	2.0	1.0	4.0	8.0	3.0
517	2.0	0.0	1.0	0.0	2.0	4.0	1.0
518	1.0	1.0	1.0	1.0	0.6660000000000004	5.334	2.0
519	3.0	0.0	2.0	0.0	3.0	6.0	2.0
520	2.0	2.0	2.0	1.0	3.0690000000000004	8.931	3.0
521	3.0	1.0	2.0	1.0	2.668	6.332	2.0
522	5.0	0.0	4.0	0.0	3.668	8.332	3.0
523	2.0	4.0	1.0	4.0	1.6670000000000007	10.332999999999998	3.0
524	0.0	0.0	0.0	0.0	0.0	0.0	0.0
