pos	Sd	Nd	Sd_tip	Nd_tip	S	N	comparisons
001	0.0	0.0	0.0	0.0	0.0	0.0	0.0
002	0.0	0.0	0.0	0.0	0.0	0.0	0.0
003	1.0	2.0	1.0	1.0	2.0	4.0	1.0
004	0.0	2.0	0.0	2.0	0.6660000000000004	5.334	2.0
005	1.0	1.0	0.0	0.0	0.6680000000000001	2.332	0.0
006	1.0	0.0	0.0	0.0	0.3330000000000002	2.667	0.0
007	0.0	0.0	0.0	0.0	0.0	0.0	0.0
008	0.0	1.0	0.0	1.0	1.0	2.0	1.0
009	0.0	0.0	0.0	0.0	0.0	0.0	0.0
010	1.0	0.0	1.0	0.0	1.0	2.0	1.0
011	1.0	0.0	0.0	0.0	1.0	2.0	0.0
012	2.0	3.0	2.0	3.0	3.068	5.932	3.0
013	1.0	1.0	1.0	0.0	1.3360000000000003	4.664	1.0
014	0.0	0.0	0.0	0.0	0.0	0.0	0.0
015	0.0	1.0	0.0	0.0	1.0	2.0	0.0
016	0.0	0.0	0.0	0.0	0.0	0.0	0.0
017	1.0	0.0	0.0	0.0	1.0	2.0	0.0
018	1.0	0.0	1.0	0.0	1.0	2.0	1.0
019	0.0	0.0	0.0	0.0	0.0	0.0	0.0
020	2.0	0.0	2.0	0.0	2.0	4.0	2.0
021	0.0	0.0	0.0	0.0	0.0	0.0	0.0
022	0.0	0.0	0.0	0.0	0.0	0.0	0.0
023	1.0	0.0	1.0	0.0	0.3330000000000002	2.667	1.0
024	0.0	2.0	0.0	0.0	0.3330000000000002	2.667	0.0
025	1.0	0.0	1.0	0.0	0.3330000000000002	2.667	1.0
026	1.0	1.0	1.0	1.0	1.6680000000000001	4.332	2.0
027	0.0	2.0	0.0	1.0	1.0010000000000003	4.999	1.0
028	1.0	0.0	1.0	0.0	0.3330000000000002	2.667	1.0
029	1.0	0.0	1.0	0.0	0.3330000000000002	2.667	1.0
030	1.0	0.0	1.0	0.0	0.3330000000000002	2.667	1.0
031	0.0	0.0	0.0	0.0	0.0	0.0	0.0
032	0.0	0.0	0.0	0.0	0.0	0.0	0.0
033	0.0	1.0	0.0	1.0	1.0	2.0	1.0
034	1.0	0.0	1.0	0.0	1.0	2.0	1.0
035	1.0	0.0	1.0	0.0	0.3330000000000002	2.667	1.0
036	1.0	0.0	1.0	0.0	1.0	2.0	1.0
037	1.0	0.0	1.0	0.0	0.3330000000000002	2.667	1.0
038	1.0	0.0	1.0	0.0	0.3330000000000002	2.667	1.0
039	1.0	0.0	1.0	0.0	1.0	2.0	1.0
040	1.0	0.0	1.0	0.0	1.0	2.0	1.0
041	1.0	1.0	1.0	1.0	1.3330000000000002	4.667	2.0
042	0.0	0.0	0.0	0.0	0.0	0.0	0.0
043	1.0	1.0	1.0	1.0	2.0	4.0	2.0
044	1.0	1.0	0.0	0.0	0.3330000000000002	2.667	0.0
045	0.0	1.0	0.0	1.0	0.3330000000000002	2.667	1.0
046	1.0	0.0	0.0	0.0	1.0	2.0	0.0
047	1.0	2.0	0.0	2.0	2.333	6.667	2.0
048	2.0	2.0	2.0	2.0	1.3330000000000002	4.667	2.0
049	1.0	2.0	1.0	2.0	0.9990000000000006	8.001	3.0
050	1.0	0.0	1.0	0.0	1.4	1.6	1.0
051	1.0	1.0	1.0	1.0	2.0	4.0	2.0
052	0.0	0.0	0.0	0.0	0.0	0.0	0.0
053	0.0	1.0	0.0	0.0	0.3330000000000002	2.667	0.0
054	1.0	1.0	1.0	1.0	0.6660000000000004	5.334	2.0
055	0.0	0.0	0.0	0.0	0.0	0.0	0.0
056	1.0	0.0	1.0	0.0	1.4	1.6	1.0
057	1.0	0.0	1.0	0.0	0.3330000000000002	2.667	1.0
058	1.0	0.0	1.0	0.0	1.0	2.0	1.0
059	0.0	0.0	0.0	0.0	0.0	0.0	0.0
060	1.0	0.0	1.0	0.0	0.6680000000000001	2.332	1.0
061	1.0	0.0	0.0	0.0	1.0	2.0	0.0
062	0.0	0.0	0.0	0.0	0.0	0.0	0.0
063	1.0	0.0	0.0	0.0	0.6680000000000001	2.332	0.0
064	0.0	1.0	0.0	1.0	0.3330000000000002	2.667	1.0
065	0.0	1.0	0.0	0.0	0.3330000000000002	2.667	0.0
066	1.0	2.0	1.0	2.0	0.3330000000000002	2.667	1.0
067	1.0	0.0	1.0	0.0	1.0	2.0	1.0
068	2.0	0.0	2.0	0.0	2.0	4.0	2.0
069	0.0	1.0	0.0	0.0	0.3330000000000002	2.667	0.0
070	0.0	0.0	0.0	0.0	0.0	0.0	0.0
071	0.0	0.0	0.0	0.0	0.0	0.0	0.0
072	0.0	0.0	0.0	0.0	0.0	0.0	0.0
073	0.0	0.0	0.0	0.0	0.0	0.0	0.0
074	1.0	2.0	1.0	1.0	2.0	4.0	1.0
075	2.0	0.0	2.0	0.0	2.0	4.0	2.0
076	2.0	0.0	2.0	0.0	2.0	4.0	2.0
077	0.0	0.0	0.0	0.0	0.0	0.0	0.0
078	1.0	0.0	0.0	0.0	0.3330000000000002	2.667	0.0
079	1.0	1.0	0.0	1.0	1.6680000000000001	4.332	1.0
080	1.0	0.0	1.0	0.0	0.3330000000000002	2.667	1.0
081	0.0	0.0	0.0	0.0	0.0	0.0	0.0
082	1.0	0.0	0.0	0.0	0.3330000000000002	2.667	0.0
083	1.0	0.0	1.0	0.0	1.4	1.6	1.0
084	0.0	0.0	0.0	0.0	0.0	0.0	0.0
085	1.0	0.0	0.0	0.0	1.4	1.6	0.0
086	1.0	0.0	1.0	0.0	0.3330000000000002	2.667	1.0
087	1.0	0.0	0.0	0.0	1.0	2.0	0.0
088	0.0	0.0	0.0	0.0	0.0	0.0	0.0
089	0.0	1.0	0.0	1.0	1.0	2.0	1.0
090	1.0	0.0	1.0	0.0	1.0	2.0	1.0
091	0.0	0.0	0.0	0.0	0.0	0.0	0.0
092	2.0	0.0	1.0	0.0	2.0	4.0	1.0
093	1.0	0.0	1.0	0.0	0.3330000000000002	2.667	1.0
094	0.0	1.0	0.0	1.0	1.0	2.0	1.0
095	0.0	0.0	0.0	0.0	0.0	0.0	0.0
096	0.0	3.0	0.0	2.0	1.3330000000000002	4.667	1.0
097	0.0	1.0	0.0	1.0	0.3330000000000002	2.667	1.0
098	1.0	0.0	1.0	0.0	0.3330000000000002	2.667	1.0
099	1.0	1.0	0.0	1.0	2.0	4.0	1.0
100	1.0	1.0	1.0	1.0	0.3330000000000002	2.667	1.0
101	1.0	0.0	1.0	0.0	0.3330000000000002	2.667	1.0
102	2.0	1.0	2.0	0.0	2.668	6.332	2.0
103	1.0	0.0	1.0	0.0	1.0	2.0	1.0
104	1.0	1.0	0.0	1.0	0.6680000000000001	5.332	1.0
105	1.0	1.0	1.0	1.0	1.3330000000000002	4.667	2.0
106	0.0	2.0	0.0	2.0	0.6660000000000004	5.334	2.0
107	0.0	2.0	0.0	2.0	0.3330000000000002	2.667	1.0
108	0.0	0.0	0.0	0.0	0.0	0.0	0.0
109	1.0	1.0	1.0	1.0	0.6660000000000004	5.334	2.0
110	1.0	0.0	0.0	0.0	1.0	2.0	0.0
111	1.0	3.0	1.0	2.0	1.6680000000000001	7.332	2.0
112	1.0	3.0	1.0	3.0	2.4	3.6	2.0
113	0.0	0.0	0.0	0.0	0.0	0.0	0.0
114	1.0	1.0	1.0	1.0	1.0	2.0	1.0
115	1.0	0.0	1.0	0.0	1.4	1.6	1.0
116	1.0	1.0	1.0	0.0	2.0	4.0	1.0
117	2.0	1.0	2.0	0.0	3.0	6.0	2.0
118	1.0	0.0	0.0	0.0	0.6680000000000001	2.332	0.0
119	0.0	1.0	0.0	1.0	0.6680000000000001	2.332	1.0
120	0.0	0.0	0.0	0.0	0.0	0.0	0.0
121	0.0	2.0	0.0	1.0	1.6680000000000001	4.332	1.0
122	0.0	0.0	0.0	0.0	0.0	0.0	0.0
123	1.0	3.0	1.0	3.0	1.6660000000000004	7.334	3.0
124	1.0	1.0	1.0	1.0	1.3330000000000002	4.667	2.0
125	0.0	0.0	0.0	0.0	0.0	0.0	0.0
126	0.0	1.0	0.0	0.0	0.3330000000000002	2.667	0.0
127	1.0	0.0	0.0	0.0	0.3330000000000002	2.667	0.0
128	1.0	0.0	1.0	0.0	0.3330000000000002	2.667	1.0
129	0.0	0.0	0.0	0.0	0.0	0.0	0.0
130	1.0	1.0	1.0	1.0	0.6680000000000001	2.332	1.0
131	1.0	0.0	0.0	0.0	1.0	2.0	0.0
132	0.0	1.0	0.0	1.0	0.3330000000000002	2.667	1.0
133	0.0	1.0	0.0	0.0	1.0	2.0	0.0
134	0.0	0.0	0.0	0.0	0.0	0.0	0.0
135	0.0	1.0	0.0	1.0	0.3330000000000002	2.667	1.0
136	0.0	0.0	0.0	0.0	0.0	0.0	0.0
137	0.0	1.0	0.0	1.0	0.6680000000000001	2.332	1.0
138	0.0	0.0	0.0	0.0	0.0	0.0	0.0
139	0.0	2.0	0.0	1.0	1.3330000000000002	4.667	1.0
140	1.0	2.0	1.0	2.0	1.0	2.0	1.0
141	1.0	1.0	1.0	1.0	1.0	2.0	1.0
142	1.0	0.0	1.0	0.0	1.4	1.6	1.0
143	2.0	0.0	1.0	0.0	2.068	3.932	1.0
144	0.0	0.0	0.0	0.0	0.0	0.0	0.0
145	1.0	0.0	1.0	0.0	0.3330000000000002	2.667	1.0
146	1.0	1.0	1.0	1.0	1.0	2.0	1.0
147	1.0	0.0	1.0	0.0	1.0	2.0	1.0
148	1.0	0.0	1.0	0.0	0.3330000000000002	2.667	1.0
149	1.0	0.0	0.0	0.0	1.0	2.0	0.0
150	0.0	2.0	0.0	2.0	0.6680000000000001	2.332	1.0
151	1.0	0.0	1.0	0.0	1.4	1.6	1.0
152	0.0	0.0	0.0	0.0	0.0	0.0	0.0
153	1.0	1.0	1.0	1.0	1.6680000000000001	4.332	2.0
154	0.0	0.0	0.0	0.0	0.0	0.0	0.0
155	0.0	0.0	0.0	0.0	0.0	0.0	0.0
156	1.0	1.0	1.0	1.0	2.0	4.0	2.0
157	1.0	0.0	0.0	0.0	0.6680000000000001	2.332	0.0
158	0.0	0.0	0.0	0.0	0.0	0.0	0.0
159	0.0	0.0	0.0	0.0	0.0	0.0	0.0
160	1.0	1.0	1.0	1.0	1.0	2.0	1.0
161	2.0	1.0	1.0	1.0	3.068	5.932	2.0
162	0.0	0.0	0.0	0.0	0.0	0.0	0.0
163	0.0	0.0	0.0	0.0	0.0	0.0	0.0
164	0.0	0.0	0.0	0.0	0.0	0.0	0.0
165	1.0	1.0	0.0	1.0	0.6660000000000004	5.334	1.0
166	1.0	0.0	1.0	0.0	1.0	2.0	1.0
167	1.0	0.0	1.0	0.0	0.6680000000000001	2.332	1.0
168	0.0	0.0	0.0	0.0	0.0	0.0	0.0
169	0.0	1.0	0.0	1.0	1.0	2.0	1.0
170	0.0	1.0	0.0	0.0	0.6680000000000001	2.332	0.0
171	0.0	0.0	0.0	0.0	0.0	0.0	0.0
172	2.0	0.0	1.0	0.0	2.0	4.0	1.0
173	1.0	0.0	0.0	0.0	1.0	2.0	0.0
174	1.0	0.0	1.0	0.0	1.0	2.0	1.0
175	0.0	4.0	0.0	3.0	1.3320000000000007	10.668	3.0
176	0.0	1.0	0.0	0.0	0.6680000000000001	2.332	0.0
177	1.0	0.0	0.0	0.0	1.0	2.0	0.0
178	1.0	0.0	1.0	0.0	1.0	2.0	1.0
179	1.0	0.0	1.0	0.0	0.3330000000000002	2.667	1.0
180	1.0	0.0	1.0	0.0	0.3330000000000002	2.667	1.0
181	0.0	0.0	0.0	0.0	0.0	0.0	0.0
182	0.0	1.0	0.0	1.0	1.4	1.6	1.0
183	1.0	0.0	1.0	0.0	0.3330000000000002	2.667	1.0
184	1.0	0.0	1.0	0.0	0.3330000000000002	2.667	1.0
185	0.0	0.0	0.0	0.0	0.0	0.0	0.0
186	1.0	0.0	1.0	0.0	1.0	2.0	1.0
187	2.0	0.0	1.0	0.0	2.8	3.2	1.0
188	1.0	0.0	1.0	0.0	0.3330000000000002	2.667	1.0
189	1.0	0.0	0.0	0.0	1.0	2.0	0.0
190	1.0	0.0	0.0	0.0	1.0	2.0	0.0
191	0.0	0.0	0.0	0.0	0.0	0.0	0.0
192	1.0	0.0	1.0	0.0	1.0	2.0	1.0
193	1.0	0.0	0.0	0.0	0.3330000000000002	2.667	0.0
194	0.0	0.0	0.0	0.0	0.0	0.0	0.0
195	1.0	0.0	1.0	0.0	1.0	2.0	1.0
196	1.0	0.0	1.0	0.0	1.0	2.0	1.0
197	1.0	0.0	1.0	0.0	0.6680000000000001	2.332	1.0
198	0.0	2.0	0.0	2.0	1.3330000000000002	4.667	2.0
199	0.0	0.0	0.0	0.0	0.0	0.0	0.0
200	1.0	0.0	1.0	0.0	0.3330000000000002	2.667	1.0
201	2.0	0.0	2.0	0.0	2.0	4.0	2.0
202	1.0	0.0	1.0	0.0	1.0	2.0	1.0
203	1.0	1.0	1.0	1.0	0.3330000000000002	2.667	1.0
204	1.0	0.0	1.0	0.0	0.3330000000000002	2.667	1.0
205	0.0	0.0	0.0	0.0	0.0	0.0	0.0
206	1.0	0.0	1.0	0.0	0.3330000000000002	2.667	1.0
207	0.0	0.0	0.0	0.0	0.0	0.0	0.0
208	0.0	0.0	0.0	0.0	0.0	0.0	0.0
209	1.0	0.0	1.0	0.0	1.0	2.0	1.0
210	1.0	0.0	0.0	0.0	0.3330000000000002	2.667	0.0
211	1.0	0.0	1.0	0.0	0.3330000000000002	2.667	1.0
212	1.0	0.0	1.0	0.0	0.6680000000000001	2.332	1.0
213	0.0	0.0	0.0	0.0	0.0	0.0	0.0
214	0.0	1.0	0.0	1.0	1.4	1.6	1.0
215	0.0	0.0	0.0	0.0	0.0	0.0	0.0
216	2.0	0.0	1.0	0.0	2.0	4.0	1.0
217	1.0	0.0	1.0	0.0	0.3330000000000002	2.667	1.0
218	0.0	0.0	0.0	0.0	0.0	0.0	0.0
219	1.0	0.0	0.0	0.0	1.0	2.0	0.0
220	0.0	1.0	0.0	1.0	0.3330000000000002	2.667	1.0
221	1.0	1.0	1.0	1.0	1.0	2.0	1.0
222	0.0	0.0	0.0	0.0	0.0	0.0	0.0
223	0.0	0.0	0.0	0.0	0.0	0.0	0.0
224	1.0	1.0	1.0	1.0	0.6680000000000001	2.332	1.0
225	1.0	0.0	1.0	0.0	0.3330000000000002	2.667	1.0
226	0.0	0.0	0.0	0.0	0.0	0.0	0.0
227	1.0	0.0	1.0	0.0	1.0	2.0	1.0
228	1.0	1.0	1.0	1.0	0.6680000000000001	2.332	1.0
229	0.0	0.0	0.0	0.0	0.0	0.0	0.0
230	1.0	1.0	1.0	1.0	1.0	2.0	1.0
231	1.0	0.0	1.0	0.0	0.3330000000000002	2.667	1.0
232	1.0	0.0	1.0	0.0	1.0	2.0	1.0
233	0.0	1.0	0.0	1.0	0.3330000000000002	2.667	1.0
234	1.0	0.0	1.0	0.0	1.0	2.0	1.0
235	0.0	0.0	0.0	0.0	0.0	0.0	0.0
236	0.0	0.0	0.0	0.0	0.0	0.0	0.0
237	0.0	1.0	0.0	1.0	0.3330000000000002	2.667	1.0
238	1.0	0.0	1.0	0.0	0.3330000000000002	2.667	1.0
239	1.0	0.0	1.0	0.0	1.0	2.0	1.0
240	1.0	0.0	0.0	0.0	0.6680000000000001	2.332	0.0
241	0.0	1.0	0.0	0.0	1.0	2.0	0.0
242	0.0	0.0	0.0	0.0	0.0	0.0	0.0
243	1.0	0.0	1.0	0.0	0.3330000000000002	2.667	1.0
244	1.0	0.0	1.0	0.0	0.3330000000000002	2.667	1.0
245	2.0	0.0	2.0	0.0	2.0	4.0	2.0
246	2.0	2.0	2.0	1.0	4.0	8.0	3.0
247	1.0	1.0	1.0	0.0	2.0	4.0	1.0
248	1.0	1.0	0.0	1.0	1.3330000000000002	4.667	1.0
249	1.0	0.0	1.0	0.0	0.6680000000000001	2.332	1.0
250	0.0	0.0	0.0	0.0	0.0	0.0	0.0
251	0.0	2.0	0.0	2.0	1.0	2.0	1.0
252	1.0	0.0	0.0	0.0	0.3330000000000002	2.667	0.0
253	0.0	0.0	0.0	0.0	0.0	0.0	0.0
254	1.0	3.0	1.0	3.0	0.3330000000000002	5.667	2.0
255	1.0	0.0	1.0	0.0	0.3330000000000002	2.667	1.0
256	0.0	0.0	0.0	0.0	0.0	0.0	0.0
257	1.0	1.0	1.0	0.0	1.3330000000000002	4.667	1.0
258	0.0	1.0	0.0	1.0	1.0	2.0	1.0
259	0.0	0.0	0.0	0.0	0.0	0.0	0.0
260	0.0	0.0	0.0	0.0	0.0	0.0	0.0
261	1.0	0.0	1.0	0.0	0.6680000000000001	2.332	1.0
262	0.0	2.0	0.0	1.0	1.3330000000000002	4.667	1.0
263	1.0	2.0	1.0	2.0	1.6680000000000001	4.332	2.0
264	1.0	0.0	0.0	0.0	0.3330000000000002	2.667	0.0
265	1.0	1.0	1.0	1.0	2.0	4.0	2.0
266	0.0	0.0	0.0	0.0	0.0	0.0	0.0
267	2.0	0.0	2.0	0.0	2.068	3.932	2.0
268	1.0	0.0	1.0	0.0	1.0	2.0	1.0
269	2.0	2.0	2.0	0.0	3.0	6.0	2.0
270	2.0	0.0	1.0	0.0	1.3360000000000003	4.664	1.0
271	1.0	0.0	1.0	0.0	1.0	2.0	1.0
272	3.0	0.0	2.0	0.0	2.668	6.332	2.0
273	1.0	0.0	1.0	0.0	0.3330000000000002	2.667	1.0
274	1.0	0.0	1.0	0.0	0.3330000000000002	2.667	1.0
275	1.0	2.0	1.0	2.0	0.3330000000000002	2.667	1.0
276	0.0	0.0	0.0	0.0	0.0	0.0	0.0
277	1.0	1.0	1.0	1.0	2.0	4.0	2.0
278	0.0	1.0	0.0	1.0	1.0	2.0	1.0
279	1.0	1.0	1.0	1.0	1.3330000000000002	4.667	2.0
280	1.0	0.0	1.0	0.0	1.0	2.0	1.0
281	1.0	1.0	1.0	1.0	0.3330000000000002	2.667	1.0
282	1.0	0.0	1.0	0.0	0.3330000000000002	2.667	1.0
283	2.0	0.0	2.0	0.0	1.6680000000000001	4.332	2.0
284	1.0	0.0	0.0	0.0	1.0	2.0	0.0
285	0.0	0.0	0.0	0.0	0.0	0.0	0.0
286	0.0	0.0	0.0	0.0	0.0	0.0	0.0
287	0.0	0.0	0.0	0.0	0.0	0.0	0.0
288	1.0	0.0	1.0	0.0	1.0	2.0	1.0
289	0.0	0.0	0.0	0.0	0.0	0.0	0.0
290	0.0	1.0	0.0	0.0	0.3330000000000002	2.667	0.0
291	1.0	1.0	1.0	0.0	0.6660000000000004	5.334	1.0
292	1.0	0.0	1.0	0.0	1.0	2.0	1.0
293	1.0	1.0	1.0	1.0	1.733	4.2669999999999995	2.0
294	1.0	0.0	0.0	0.0	0.3330000000000002	2.667	0.0
295	1.0	0.0	0.0	0.0	0.3330000000000002	2.667	0.0
296	1.0	0.0	1.0	0.0	1.4	1.6	1.0
297	1.0	0.0	0.0	0.0	1.0	2.0	0.0
298	0.0	1.0	0.0	1.0	0.6680000000000001	2.332	1.0
299	1.0	0.0	0.0	0.0	0.3330000000000002	2.667	0.0
300	0.0	0.0	0.0	0.0	0.0	0.0	0.0
301	2.0	0.0	1.0	0.0	2.0	4.0	1.0
302	0.0	0.0	0.0	0.0	0.0	0.0	0.0
303	1.0	1.0	1.0	1.0	0.6660000000000004	5.334	2.0
304	0.0	0.0	0.0	0.0	0.0	0.0	0.0
305	0.0	0.0	0.0	0.0	0.0	0.0	0.0
306	0.0	0.0	0.0	0.0	0.0	0.0	0.0
307	1.0	1.0	0.0	0.0	1.0	2.0	0.0
308	1.0	0.0	1.0	0.0	1.0	2.0	1.0
309	1.0	0.0	1.0	0.0	1.0	2.0	1.0
310	0.0	1.0	0.0	1.0	0.3330000000000002	2.667	1.0
311	1.0	0.0	1.0	0.0	1.4	1.6	1.0
312	0.0	0.0	0.0	0.0	0.0	0.0	0.0
313	0.0	1.0	0.0	1.0	0.3330000000000002	2.667	1.0
314	0.0	0.0	0.0	0.0	0.0	0.0	0.0
315	0.0	0.0	0.0	0.0	0.0	0.0	0.0
316	1.0	0.0	0.0	0.0	1.0	2.0	0.0
317	1.0	0.0	1.0	0.0	1.0	2.0	1.0
318	1.0	0.0	1.0	0.0	1.0	2.0	1.0
319	1.0	0.0	0.0	0.0	1.4	1.6	0.0
320	0.0	1.0	0.0	0.0	1.0	2.0	0.0
321	1.0	0.0	1.0	0.0	1.0	2.0	1.0
322	0.0	2.0	0.0	2.0	1.0	2.0	1.0
323	1.0	0.0	1.0	0.0	0.6680000000000001	2.332	1.0
324	1.0	0.0	0.0	0.0	1.0	2.0	0.0
325	1.0	2.0	1.0	2.0	0.6660000000000004	5.334	2.0
326	1.0	0.0	1.0	0.0	1.0	2.0	1.0
327	1.0	0.0	0.0	0.0	1.0	2.0	0.0
328	0.0	1.0	0.0	1.0	1.0	2.0	1.0
329	0.0	1.0	0.0	1.0	0.3330000000000002	2.667	1.0
330	1.0	0.0	1.0	0.0	0.3330000000000002	2.667	1.0
331	1.0	0.0	1.0	0.0	1.0	2.0	1.0
332	0.0	0.0	0.0	0.0	0.0	0.0	0.0
333	0.0	0.0	0.0	0.0	0.0	0.0	0.0
334	0.0	0.0	0.0	0.0	0.0	0.0	0.0
335	1.0	0.0	0.0	0.0	1.0	2.0	0.0
336	1.0	0.0	1.0	0.0	0.3330000000000002	2.667	1.0
337	0.0	1.0	0.0	1.0	1.0	2.0	1.0
338	0.0	0.0	0.0	0.0	0.0	0.0	0.0
339	1.0	2.0	1.0	0.0	1.3360000000000003	4.664	1.0
340	0.0	0.0	0.0	0.0	0.0	0.0	0.0
341	1.0	0.0	0.0	0.0	1.0	2.0	0.0
342	1.0	0.0	1.0	0.0	1.0	2.0	1.0
343	1.0	3.0	1.0	2.0	0.6660000000000004	5.334	1.0
344	0.0	1.0	0.0	0.0	1.0	2.0	0.0
345	0.0	1.0	0.0	1.0	0.6680000000000001	2.332	1.0
346	0.0	1.0	0.0	1.0	0.3330000000000002	2.667	1.0
347	1.0	0.0	0.0	0.0	1.0	2.0	0.0
348	1.0	0.0	1.0	0.0	1.0	2.0	1.0
349	1.0	0.0	1.0	0.0	0.3330000000000002	2.667	1.0
350	0.0	0.0	0.0	0.0	0.0	0.0	0.0
351	0.0	0.0	0.0	0.0	0.0	0.0	0.0
352	0.0	0.0	0.0	0.0	0.0	0.0	0.0
353	2.0	0.0	2.0	0.0	2.0	4.0	2.0
354	1.0	0.0	1.0	0.0	0.3330000000000002	2.667	1.0
355	0.0	0.0	0.0	0.0	0.0	0.0	0.0
356	0.0	1.0	0.0	1.0	1.0	2.0	1.0
357	1.0	1.0	1.0	1.0	0.6660000000000004	5.334	2.0
358	1.0	2.0	1.0	2.0	2.0	4.0	2.0
359	0.0	0.0	0.0	0.0	0.0	0.0	0.0
360	1.0	0.0	1.0	0.0	0.3330000000000002	2.667	1.0
361	0.0	0.0	0.0	0.0	0.0	0.0	0.0
362	0.0	0.0	0.0	0.0	0.0	0.0	0.0
363	0.0	3.0	0.0	2.0	2.068	6.9319999999999995	2.0
364	1.0	0.0	1.0	0.0	1.0	2.0	1.0
365	1.0	0.0	0.0	0.0	1.0	2.0	0.0
366	0.0	2.0	0.0	1.0	1.0010000000000003	4.999	1.0
367	0.0	1.0	0.0	1.0	0.3330000000000002	2.667	1.0
368	1.0	1.0	1.0	1.0	2.0	4.0	2.0
369	1.0	1.0	0.0	1.0	1.0	5.0	1.0
370	2.0	1.0	1.0	1.0	2.333	6.667	2.0
371	0.0	1.0	0.0	1.0	0.3330000000000002	2.667	1.0
372	0.0	0.0	0.0	0.0	0.0	0.0	0.0
373	1.0	0.0	1.0	0.0	1.0	2.0	1.0
374	1.0	1.0	0.0	0.0	1.0	2.0	0.0
375	1.0	0.0	1.0	0.0	1.4	1.6	1.0
376	1.0	0.0	1.0	0.0	0.3330000000000002	2.667	1.0
377	1.0	0.0	0.0	0.0	1.0	2.0	0.0
378	1.0	0.0	1.0	0.0	1.0	2.0	1.0
379	2.0	0.0	2.0	0.0	2.0	4.0	2.0
380	0.0	0.0	0.0	0.0	0.0	0.0	0.0
381	1.0	0.0	1.0	0.0	0.3330000000000002	2.667	1.0
382	1.0	0.0	1.0	0.0	1.0	2.0	1.0
383	0.0	0.0	0.0	0.0	0.0	0.0	0.0
384	0.0	1.0	0.0	1.0	0.3330000000000002	2.667	1.0
385	0.0	1.0	0.0	0.0	0.3330000000000002	2.667	0.0
386	1.0	0.0	1.0	0.0	1.0	2.0	1.0
387	1.0	0.0	0.0	0.0	1.0	2.0	0.0
388	0.0	0.0	0.0	0.0	0.0	0.0	0.0
389	1.0	0.0	1.0	0.0	1.0	2.0	1.0
390	2.0	0.0	2.0	0.0	2.4	3.6	2.0
391	0.0	1.0	0.0	1.0	1.0	2.0	1.0
392	1.0	2.0	1.0	1.0	2.733	6.2669999999999995	2.0
393	0.0	1.0	0.0	1.0	0.3330000000000002	2.667	1.0
394	1.0	0.0	1.0	0.0	1.0	2.0	1.0
395	0.0	0.0	0.0	0.0	0.0	0.0	0.0
396	1.0	0.0	1.0	0.0	0.6680000000000001	2.332	1.0
397	2.0	1.0	1.0	1.0	3.0	6.0	2.0
398	0.0	0.0	0.0	0.0	0.0	0.0	0.0
399	0.0	1.0	0.0	1.0	1.0	2.0	1.0
400	0.0	0.0	0.0	0.0	0.0	0.0	0.0
401	0.0	0.0	0.0	0.0	0.0	0.0	0.0
402	0.0	1.0	0.0	1.0	0.3330000000000002	2.667	1.0
403	1.0	1.0	1.0	1.0	0.6680000000000001	2.332	1.0
404	1.0	0.0	1.0	0.0	1.0	2.0	1.0
405	1.0	0.0	0.0	0.0	1.0	2.0	0.0
406	1.0	0.0	1.0	0.0	1.4	1.6	1.0
407	1.0	2.0	1.0	0.0	0.6660000000000004	5.334	1.0
408	2.0	0.0	1.0	0.0	2.0	4.0	1.0
409	1.0	0.0	1.0	0.0	1.0	2.0	1.0
410	1.0	0.0	1.0	0.0	1.0	2.0	1.0
411	1.0	0.0	1.0	0.0	0.3330000000000002	2.667	1.0
412	0.0	0.0	0.0	0.0	0.0	0.0	0.0
413	1.0	0.0	1.0	0.0	1.0	2.0	1.0
414	2.0	1.0	2.0	1.0	1.3330000000000002	4.667	2.0
415	1.0	1.0	1.0	1.0	0.3330000000000002	2.667	1.0
416	0.0	0.0	0.0	0.0	0.0	0.0	0.0
417	0.0	0.0	0.0	0.0	0.0	0.0	0.0
418	1.0	2.0	0.0	2.0	2.0	4.0	1.0
419	2.0	1.0	2.0	1.0	1.3330000000000002	4.667	2.0
420	0.0	1.0	0.0	0.0	0.6680000000000001	2.332	0.0
421	1.0	0.0	1.0	0.0	1.0	2.0	1.0
422	1.0	0.0	1.0	0.0	0.3330000000000002	2.667	1.0
423	0.0	0.0	0.0	0.0	0.0	0.0	0.0
424	1.0	0.0	1.0	0.0	1.4	1.6	1.0
425	1.0	0.0	1.0	0.0	0.3330000000000002	2.667	1.0
426	1.0	1.0	1.0	0.0	2.0	4.0	1.0
427	2.0	1.0	2.0	1.0	3.068	5.932	3.0
428	0.0	2.0	0.0	1.0	2.0	4.0	1.0
429	0.0	1.0	0.0	1.0	0.3330000000000002	2.667	1.0
430	0.0	1.0	0.0	1.0	0.3330000000000002	2.667	1.0
431	0.0	0.0	0.0	0.0	0.0	0.0	0.0
