all_syn	all_nonSyn	tip_syn	tip_nonSyn	S	N	comparisons
001	0.0	0.0	0.0	0.0	0.0	0.0	0.0
002	0.0	0.0	0.0	0.0	0.0	0.0	0.0
003	0.0	0.0	0.0	0.0	0.0	0.0	0.0
004	0.0	0.0	0.0	0.0	0.0	0.0	0.0
005	0.0	0.0	0.0	0.0	0.0	0.0	0.0
006	0.0	0.0	0.0	0.0	0.0	0.0	0.0
007	0.0	0.0	0.0	0.0	0.0	0.0	0.0
008	0.0	0.0	0.0	0.0	0.0	0.0	0.0
009	0.0	0.0	0.0	0.0	0.0	0.0	0.0
010	0.0	0.0	0.0	0.0	0.0	0.0	0.0
011	0.0	0.0	0.0	0.0	0.0	0.0	0.0
012	0.0	0.0	0.0	0.0	0.0	0.0	0.0
013	0.0	0.0	0.0	0.0	0.0	0.0	0.0
014	0.0	0.0	0.0	0.0	0.0	0.0	0.0
015	0.0	0.0	0.0	0.0	0.0	0.0	0.0
016	0.0	0.0	0.0	0.0	0.0	0.0	0.0
017	0.0	0.0	0.0	0.0	0.0	0.0	0.0
018	0.0	0.0	0.0	0.0	0.0	0.0	0.0
019	0.0	0.0	0.0	0.0	0.0	0.0	0.0
020	0.0	0.0	0.0	0.0	0.0	0.0	0.0
021	0.0	0.0	0.0	0.0	0.0	0.0	0.0
022	0.0	0.0	0.0	0.0	0.0	0.0	0.0
023	0.0	0.0	0.0	0.0	0.0	0.0	0.0
024	0.0	0.0	0.0	0.0	0.0	0.0	0.0
025	0.0	0.0	0.0	0.0	0.0	0.0	0.0
026	0.0	0.0	0.0	0.0	0.0	0.0	0.0
027	0.0	0.0	0.0	0.0	0.0	0.0	0.0
028	0.0	0.0	0.0	0.0	0.0	0.0	0.0
029	0.0	0.0	0.0	0.0	0.0	0.0	0.0
030	0.0	0.0	0.0	0.0	0.0	0.0	0.0
031	0.0	0.0	0.0	0.0	0.0	0.0	0.0
032	0.0	0.0	0.0	0.0	0.0	0.0	0.0
033	0.0	0.0	0.0	0.0	0.0	0.0	0.0
034	0.0	0.0	0.0	0.0	0.0	0.0	0.0
035	0.0	0.0	0.0	0.0	0.0	0.0	0.0
036	0.0	0.0	0.0	0.0	0.0	0.0	0.0
037	0.0	0.0	0.0	0.0	0.0	0.0	0.0
038	0.0	0.0	0.0	0.0	0.0	0.0	0.0
039	0.0	0.0	0.0	0.0	0.0	0.0	0.0
040	0.0	0.0	0.0	0.0	0.0	0.0	0.0
041	0.0	0.0	0.0	0.0	0.0	0.0	0.0
042	0.0	0.0	0.0	0.0	0.0	0.0	0.0
043	0.0	0.0	0.0	0.0	0.0	0.0	0.0
044	0.0	0.0	0.0	0.0	0.0	0.0	0.0
045	0.0	0.0	0.0	0.0	0.0	0.0	0.0
046	0.0	0.0	0.0	0.0	0.0	0.0	0.0
047	0.0	0.0	0.0	0.0	0.0	0.0	0.0
048	0.0	0.0	0.0	0.0	0.0	0.0	0.0
049	0.0	0.0	0.0	0.0	0.0	0.0	0.0
050	0.0	0.0	0.0	0.0	0.0	0.0	0.0
051	0.0	0.0	0.0	0.0	0.0	0.0	0.0
052	0.0	0.0	0.0	0.0	0.0	0.0	0.0
053	0.0	0.0	0.0	0.0	0.0	0.0	0.0
054	0.0	0.0	0.0	0.0	0.0	0.0	0.0
055	0.0	0.0	0.0	0.0	0.0	0.0	0.0
056	0.0	0.0	0.0	0.0	0.0	0.0	0.0
057	0.0	0.0	0.0	0.0	0.0	0.0	0.0
058	0.0	0.0	0.0	0.0	0.0	0.0	0.0
059	0.0	0.0	0.0	0.0	0.0	0.0	0.0
060	0.0	0.0	0.0	0.0	0.0	0.0	0.0
061	0.0	0.0	0.0	0.0	0.0	0.0	0.0
062	0.0	0.0	0.0	0.0	0.0	0.0	0.0
063	0.0	0.0	0.0	0.0	0.0	0.0	0.0
064	0.0	0.0	0.0	0.0	0.0	0.0	0.0
065	0.0	0.0	0.0	0.0	0.0	0.0	0.0
066	0.0	0.0	0.0	0.0	0.0	0.0	0.0
067	0.0	0.0	0.0	0.0	0.0	0.0	0.0
068	0.0	0.0	0.0	0.0	0.0	0.0	0.0
069	0.0	0.0	0.0	0.0	0.0	0.0	0.0
070	0.0	0.0	0.0	0.0	0.0	0.0	0.0
071	1.0	0.0	1.0	0.0	1.0	2.0	1.0
072	1.0	0.0	1.0	0.0	0.3330000000000002	2.667	1.0
073	0.0	0.0	0.0	0.0	0.0	0.0	0.0
074	0.0	1.0	0.0	1.0	0.3330000000000002	2.667	1.0
075	1.0	0.0	1.0	0.0	1.0	2.0	1.0
076	1.0	0.0	1.0	0.0	1.0	2.0	1.0
077	1.0	0.0	1.0	0.0	1.0	2.0	1.0
078	0.0	0.0	0.0	0.0	0.0	0.0	0.0
079	0.0	0.0	0.0	0.0	0.0	0.0	0.0
080	0.0	0.0	0.0	0.0	0.0	0.0	0.0
081	1.0	0.0	1.0	0.0	1.0	2.0	1.0
082	0.0	0.0	0.0	0.0	0.0	0.0	0.0
083	1.0	0.0	1.0	0.0	1.0	2.0	1.0
084	1.0	0.0	1.0	0.0	0.3330000000000002	2.667	1.0
085	1.0	0.0	1.0	0.0	1.0	2.0	1.0
086	0.0	0.0	0.0	0.0	0.0	0.0	0.0
087	0.0	0.0	0.0	0.0	0.0	0.0	0.0
088	1.0	0.0	1.0	0.0	0.3330000000000002	2.667	1.0
089	1.0	0.0	1.0	0.0	1.4	1.6	1.0
090	1.0	0.0	1.0	0.0	1.0	2.0	1.0
091	1.0	0.0	1.0	0.0	1.0	2.0	1.0
092	0.0	1.0	0.0	1.0	0.3330000000000002	2.667	1.0
093	1.0	1.0	1.0	1.0	0.6660000000000004	5.334	2.0
094	0.0	1.0	0.0	1.0	0.3330000000000002	2.667	1.0
095	1.0	2.0	1.0	2.0	0.3330000000000002	2.667	1.0
096	1.0	0.0	1.0	0.0	0.3330000000000002	2.667	1.0
097	1.0	1.0	1.0	1.0	0.3330000000000002	2.667	1.0
098	1.0	1.0	1.0	1.0	2.4	3.6	2.0
099	1.0	1.0	1.0	1.0	2.0	4.0	2.0
100	1.0	0.0	1.0	0.0	1.0	2.0	1.0
101	0.0	0.0	0.0	0.0	0.0	0.0	0.0
102	0.0	1.0	0.0	1.0	0.3330000000000002	2.667	1.0
103	0.0	0.0	0.0	0.0	0.0	0.0	0.0
104	1.0	2.0	1.0	2.0	1.3330000000000002	4.667	2.0
105	1.0	0.0	1.0	0.0	1.0	2.0	1.0
106	1.0	2.0	1.0	2.0	1.4	1.6	1.0
107	0.0	0.0	0.0	0.0	0.0	0.0	0.0
108	1.0	1.0	1.0	1.0	1.4	1.6	1.0
109	0.0	1.0	0.0	1.0	1.0	2.0	1.0
110	0.0	0.0	0.0	0.0	0.0	0.0	0.0
111	1.0	0.0	1.0	0.0	1.4	1.6	1.0
112	1.0	0.0	1.0	0.0	0.3330000000000002	2.667	1.0
113	0.0	0.0	0.0	0.0	0.0	0.0	0.0
114	1.0	0.0	1.0	0.0	1.0	2.0	1.0
115	0.0	0.0	0.0	0.0	0.0	0.0	0.0
116	0.0	0.0	0.0	0.0	0.0	0.0	0.0
117	1.0	1.0	1.0	1.0	0.6680000000000001	2.332	1.0
118	0.0	0.0	0.0	0.0	0.0	0.0	0.0
119	1.0	0.0	1.0	0.0	1.0	2.0	1.0
120	0.0	2.0	0.0	2.0	1.0	5.0	2.0
121	0.0	1.0	0.0	1.0	1.0	2.0	1.0
122	1.0	0.0	1.0	0.0	0.6680000000000001	2.332	1.0
123	0.0	0.0	0.0	0.0	0.0	0.0	0.0
124	0.0	0.0	0.0	0.0	0.0	0.0	0.0
125	0.0	0.0	0.0	0.0	0.0	0.0	0.0
126	1.0	0.0	1.0	0.0	1.0	2.0	1.0
127	0.0	0.0	0.0	0.0	0.0	0.0	0.0
128	1.0	1.0	1.0	1.0	2.0	4.0	2.0
129	1.0	0.0	1.0	0.0	1.0	2.0	1.0
130	2.0	0.0	2.0	0.0	0.6680000000000001	2.332	1.0
131	1.0	0.0	1.0	0.0	1.0	2.0	1.0
132	0.0	0.0	0.0	0.0	0.0	0.0	0.0
133	0.0	0.0	0.0	0.0	0.0	0.0	0.0
134	1.0	0.0	1.0	0.0	1.0	2.0	1.0
135	0.0	0.0	0.0	0.0	0.0	0.0	0.0
136	0.0	0.0	0.0	0.0	0.0	0.0	0.0
137	0.0	0.0	0.0	0.0	0.0	0.0	0.0
138	1.0	0.0	1.0	0.0	0.6680000000000001	2.332	1.0
139	1.0	0.0	1.0	0.0	1.0	2.0	1.0
140	0.0	0.0	0.0	0.0	0.0	0.0	0.0
141	0.0	0.0	0.0	0.0	0.0	0.0	0.0
142	0.0	0.0	0.0	0.0	0.0	0.0	0.0
143	0.0	0.0	0.0	0.0	0.0	0.0	0.0
144	0.0	1.0	0.0	1.0	0.3330000000000002	2.667	1.0
145	0.0	0.0	0.0	0.0	0.0	0.0	0.0
146	0.0	2.0	0.0	2.0	0.3330000000000002	2.667	1.0
147	1.0	0.0	1.0	0.0	0.3330000000000002	2.667	1.0
148	0.0	0.0	0.0	0.0	0.0	0.0	0.0
149	2.0	0.0	2.0	0.0	0.6680000000000001	2.332	1.0
150	1.0	0.0	1.0	0.0	1.0	2.0	1.0
151	1.0	0.0	1.0	0.0	1.0	2.0	1.0
152	0.0	0.0	0.0	0.0	0.0	0.0	0.0
153	1.0	0.0	1.0	0.0	1.0	2.0	1.0
154	1.0	0.0	1.0	0.0	1.0	2.0	1.0
155	0.0	0.0	0.0	0.0	0.0	0.0	0.0
156	1.0	0.0	1.0	0.0	1.0	2.0	1.0
157	1.0	1.0	1.0	1.0	0.3330000000000002	2.667	1.0
158	0.0	1.0	0.0	1.0	0.3330000000000002	2.667	1.0
159	0.0	2.0	0.0	2.0	1.0	2.0	1.0
160	0.0	0.0	0.0	0.0	0.0	0.0	0.0
161	0.0	1.0	0.0	1.0	0.6680000000000001	2.332	1.0
162	1.0	1.0	1.0	1.0	1.3330000000000002	4.667	2.0
163	1.0	1.0	1.0	1.0	1.0	2.0	1.0
164	1.0	0.0	1.0	0.0	0.3330000000000002	2.667	1.0
165	0.0	0.0	0.0	0.0	0.0	0.0	0.0
166	0.0	0.0	0.0	0.0	0.0	0.0	0.0
167	0.0	0.0	0.0	0.0	0.0	0.0	0.0
168	0.0	0.0	0.0	0.0	0.0	0.0	0.0
169	0.0	0.0	0.0	0.0	0.0	0.0	0.0
170	0.0	0.0	0.0	0.0	0.0	0.0	0.0
171	0.0	0.0	0.0	0.0	0.0	0.0	0.0
172	0.0	0.0	0.0	0.0	0.0	0.0	0.0
173	0.0	0.0	0.0	0.0	0.0	0.0	0.0
174	0.0	0.0	0.0	0.0	0.0	0.0	0.0
175	1.0	1.0	1.0	1.0	1.0	2.0	1.0
176	0.0	3.0	0.0	3.0	1.3330000000000002	4.667	2.0
177	0.0	1.0	0.0	1.0	0.3330000000000002	2.667	1.0
178	0.0	0.0	0.0	0.0	0.0	0.0	0.0
179	1.0	0.0	1.0	0.0	1.0	2.0	1.0
180	1.0	0.0	1.0	0.0	0.3330000000000002	2.667	1.0
181	1.0	2.0	1.0	2.0	1.0	2.0	1.0
182	0.0	2.0	0.0	2.0	1.6680000000000001	4.332	2.0
183	1.0	0.0	1.0	0.0	1.0	2.0	1.0
184	1.0	2.0	1.0	2.0	2.4	3.6	2.0
185	1.0	1.0	1.0	1.0	0.3330000000000002	2.667	1.0
186	1.0	1.0	1.0	1.0	0.3330000000000002	2.667	1.0
187	0.0	0.0	0.0	0.0	0.0	0.0	0.0
188	0.0	0.0	0.0	0.0	0.0	0.0	0.0
189	1.0	0.0	1.0	0.0	1.0	2.0	1.0
190	0.0	0.0	0.0	0.0	0.0	0.0	0.0
191	0.0	0.0	0.0	0.0	0.0	0.0	0.0
192	1.0	0.0	1.0	0.0	1.0	2.0	1.0
193	0.0	0.0	0.0	0.0	0.0	0.0	0.0
194	1.0	0.0	1.0	0.0	1.0	2.0	1.0
195	0.0	0.0	0.0	0.0	0.0	0.0	0.0
196	1.0	0.0	1.0	0.0	0.3330000000000002	2.667	1.0
197	1.0	0.0	1.0	0.0	1.0	2.0	1.0
198	1.0	0.0	1.0	0.0	0.3330000000000002	2.667	1.0
199	0.0	0.0	0.0	0.0	0.0	0.0	0.0
200	0.0	0.0	0.0	0.0	0.0	0.0	0.0
201	1.0	0.0	1.0	0.0	0.6680000000000001	2.332	1.0
202	0.0	0.0	0.0	0.0	0.0	0.0	0.0
203	0.0	2.0	0.0	2.0	1.0	2.0	1.0
204	1.0	0.0	1.0	0.0	0.3330000000000002	2.667	1.0
205	0.0	0.0	0.0	0.0	0.0	0.0	0.0
206	1.0	0.0	1.0	0.0	1.0	2.0	1.0
207	1.0	0.0	1.0	0.0	1.0	2.0	1.0
208	1.0	0.0	1.0	0.0	0.3330000000000002	2.667	1.0
209	1.0	1.0	1.0	1.0	1.0	2.0	1.0
210	2.0	0.0	2.0	0.0	1.0	2.0	1.0
211	1.0	0.0	1.0	0.0	1.0	2.0	1.0
212	1.0	2.0	1.0	2.0	0.3330000000000002	5.667	2.0
213	0.0	2.0	0.0	2.0	1.6680000000000001	4.332	2.0
214	1.0	1.0	1.0	1.0	1.0	2.0	1.0
215	1.0	2.0	1.0	2.0	1.0	2.0	1.0
216	0.0	0.0	0.0	0.0	0.0	0.0	0.0
217	1.0	0.0	1.0	0.0	0.3330000000000002	2.667	1.0
218	0.0	0.0	0.0	0.0	0.0	0.0	0.0
219	1.0	2.0	1.0	2.0	0.3330000000000002	2.667	1.0
220	1.0	0.0	1.0	0.0	1.0	2.0	1.0
221	1.0	1.0	1.0	1.0	1.3330000000000002	4.667	2.0
222	1.0	2.0	1.0	2.0	1.3330000000000002	4.667	2.0
223	1.0	1.0	1.0	1.0	1.0	2.0	1.0
224	1.0	2.0	1.0	2.0	1.3330000000000002	4.667	2.0
225	1.0	0.0	1.0	0.0	1.0	2.0	1.0
226	1.0	0.0	1.0	0.0	1.0	2.0	1.0
227	1.0	0.0	1.0	0.0	0.3330000000000002	2.667	1.0
228	1.0	0.0	1.0	0.0	1.0	2.0	1.0
229	1.0	0.0	1.0	0.0	0.3330000000000002	2.667	1.0
230	1.0	0.0	1.0	0.0	0.3330000000000002	2.667	1.0
231	1.0	0.0	1.0	0.0	1.0	2.0	1.0
232	0.0	0.0	0.0	0.0	0.0	0.0	0.0
233	1.0	0.0	1.0	0.0	1.0	2.0	1.0
234	0.0	0.0	0.0	0.0	0.0	0.0	0.0
235	0.0	0.0	0.0	0.0	0.0	0.0	0.0
236	1.0	0.0	1.0	0.0	1.0	2.0	1.0
237	1.0	0.0	1.0	0.0	0.6680000000000001	2.332	1.0
238	0.0	1.0	0.0	1.0	0.3330000000000002	2.667	1.0
239	0.0	0.0	0.0	0.0	0.0	0.0	0.0
240	1.0	0.0	1.0	0.0	0.6680000000000001	2.332	1.0
241	1.0	0.0	1.0	0.0	1.0	2.0	1.0
242	1.0	0.0	1.0	0.0	0.3330000000000002	2.667	1.0
243	0.0	0.0	0.0	0.0	0.0	0.0	0.0
244	1.0	0.0	1.0	0.0	0.3330000000000002	2.667	1.0
245	1.0	2.0	1.0	2.0	1.0	2.0	1.0
246	0.0	0.0	0.0	0.0	0.0	0.0	0.0
247	0.0	0.0	0.0	0.0	0.0	0.0	0.0
248	1.0	0.0	1.0	0.0	1.0	2.0	1.0
249	1.0	0.0	1.0	0.0	0.3330000000000002	2.667	1.0
250	0.0	0.0	0.0	0.0	0.0	0.0	0.0
251	1.0	1.0	1.0	1.0	1.0	2.0	1.0
252	1.0	0.0	1.0	0.0	1.0	2.0	1.0
253	1.0	2.0	1.0	2.0	1.6680000000000001	4.332	2.0
254	1.0	0.0	1.0	0.0	1.0	2.0	1.0
255	1.0	1.0	1.0	1.0	1.0	2.0	1.0
256	1.0	2.0	1.0	2.0	1.3330000000000002	4.667	2.0
257	1.0	2.0	1.0	2.0	2.0	4.0	2.0
258	1.0	1.0	1.0	1.0	2.0	4.0	2.0
259	0.0	0.0	0.0	0.0	0.0	0.0	0.0
260	0.0	0.0	0.0	0.0	0.0	0.0	0.0
261	0.0	0.0	0.0	0.0	0.0	0.0	0.0
262	0.0	0.0	0.0	0.0	0.0	0.0	0.0
263	0.0	0.0	0.0	0.0	0.0	0.0	0.0
264	1.0	1.0	1.0	1.0	1.0	2.0	1.0
265	1.0	2.0	1.0	2.0	2.0	4.0	2.0
266	1.0	1.0	1.0	1.0	2.0	4.0	2.0
267	0.0	2.0	0.0	2.0	2.0	4.0	2.0
268	1.0	1.0	1.0	1.0	1.0	2.0	1.0
269	0.0	2.0	0.0	2.0	1.0	5.0	2.0
270	1.0	2.0	1.0	2.0	0.6680000000000001	2.332	1.0
271	0.0	2.0	0.0	2.0	0.3330000000000002	2.667	1.0
272	0.0	1.0	0.0	1.0	1.0	2.0	1.0
273	1.0	2.0	1.0	2.0	1.3330000000000002	4.667	2.0
274	0.0	1.0	0.0	1.0	1.0	2.0	1.0
275	2.0	0.0	2.0	0.0	1.6680000000000001	4.332	2.0
276	1.0	1.0	1.0	1.0	1.0	2.0	1.0
277	1.0	0.0	1.0	0.0	0.6680000000000001	2.332	1.0
278	1.0	2.0	1.0	2.0	0.3330000000000002	2.667	1.0
279	1.0	1.0	1.0	1.0	1.4	1.6	1.0
280	0.0	0.0	0.0	0.0	0.0	0.0	0.0
281	1.0	1.0	1.0	1.0	1.0	2.0	1.0
282	0.0	0.0	0.0	0.0	0.0	0.0	0.0
283	1.0	0.0	1.0	0.0	1.0	2.0	1.0
284	1.0	1.0	1.0	1.0	2.4	3.6	2.0
285	0.0	2.0	0.0	2.0	0.3330000000000002	2.667	1.0
286	0.0	0.0	0.0	0.0	0.0	0.0	0.0
287	0.0	1.0	0.0	1.0	0.3330000000000002	2.667	1.0
288	0.0	0.0	0.0	0.0	0.0	0.0	0.0
289	1.0	1.0	1.0	1.0	1.0	2.0	1.0
290	1.0	1.0	1.0	1.0	1.0	2.0	1.0
291	0.0	3.0	0.0	3.0	1.3330000000000002	4.667	2.0
292	1.0	2.0	1.0	2.0	1.3330000000000002	4.667	2.0
293	0.0	1.0	0.0	1.0	1.0	2.0	1.0
294	0.0	0.0	0.0	0.0	0.0	0.0	0.0
295	0.0	2.0	0.0	2.0	1.3330000000000002	4.667	2.0
296	0.0	0.0	0.0	0.0	0.0	0.0	0.0
297	0.0	2.0	0.0	2.0	1.6680000000000001	4.332	2.0
298	1.0	0.0	1.0	0.0	1.0	2.0	1.0
299	1.0	2.0	1.0	2.0	2.4	3.6	2.0
300	0.0	0.0	0.0	0.0	0.0	0.0	0.0
301	0.0	0.0	0.0	0.0	0.0	0.0	0.0
302	0.0	0.0	0.0	0.0	0.0	0.0	0.0
303	1.0	0.0	1.0	0.0	1.0	2.0	1.0
304	0.0	0.0	0.0	0.0	0.0	0.0	0.0
305	1.0	0.0	1.0	0.0	1.0	2.0	1.0
306	1.0	0.0	1.0	0.0	0.3330000000000002	2.667	1.0
307	1.0	0.0	1.0	0.0	1.0	2.0	1.0
308	0.0	0.0	0.0	0.0	0.0	0.0	0.0
309	1.0	0.0	1.0	0.0	1.4	1.6	1.0
310	1.0	0.0	1.0	0.0	0.6680000000000001	2.332	1.0
311	0.0	0.0	0.0	0.0	0.0	0.0	0.0
312	1.0	0.0	1.0	0.0	1.0	2.0	1.0
313	0.0	0.0	0.0	0.0	0.0	0.0	0.0
314	1.0	0.0	1.0	0.0	1.0	2.0	1.0
315	0.0	1.0	0.0	1.0	1.0	2.0	1.0
316	1.0	0.0	1.0	0.0	1.0	2.0	1.0
317	1.0	0.0	1.0	0.0	1.0	2.0	1.0
318	2.0	0.0	2.0	0.0	0.6680000000000001	2.332	1.0
319	1.0	0.0	1.0	0.0	0.3330000000000002	2.667	1.0
320	1.0	1.0	1.0	1.0	1.0	2.0	1.0
321	1.0	0.0	1.0	0.0	1.0	2.0	1.0
322	1.0	2.0	1.0	2.0	1.3330000000000002	4.667	2.0
323	0.0	0.0	0.0	0.0	0.0	0.0	0.0
324	1.0	2.0	1.0	2.0	1.6680000000000001	4.332	2.0
325	0.0	1.0	0.0	1.0	0.3330000000000002	2.667	1.0
326	1.0	1.0	1.0	1.0	2.0	4.0	2.0
327	0.0	2.0	0.0	2.0	2.068	3.932	2.0
328	0.0	1.0	0.0	1.0	1.0	2.0	1.0
329	2.0	1.0	2.0	1.0	0.3330000000000002	2.667	1.0
330	0.0	0.0	0.0	0.0	0.0	0.0	0.0
331	0.0	2.0	0.0	2.0	1.6680000000000001	4.332	2.0
332	1.0	2.0	1.0	2.0	2.0	4.0	2.0
333	1.0	1.0	1.0	1.0	0.3330000000000002	2.667	1.0
334	1.0	0.0	1.0	0.0	1.0	2.0	1.0
335	1.0	0.0	1.0	0.0	1.0	2.0	1.0
336	0.0	1.0	0.0	1.0	1.0	2.0	1.0
337	0.0	0.0	0.0	0.0	0.0	0.0	0.0
338	0.0	0.0	0.0	0.0	0.0	0.0	0.0
339	0.0	0.0	0.0	0.0	0.0	0.0	0.0
340	0.0	1.0	0.0	1.0	1.0	2.0	1.0
341	0.0	2.0	0.0	2.0	1.6680000000000001	4.332	2.0
342	1.0	0.0	1.0	0.0	1.0	2.0	1.0
343	0.0	2.0	0.0	2.0	0.6660000000000004	5.334	2.0
344	0.0	1.0	0.0	1.0	1.0	2.0	1.0
345	0.0	0.0	0.0	0.0	0.0	0.0	0.0
346	1.0	1.0	1.0	1.0	1.0	2.0	1.0
347	1.0	0.0	1.0	0.0	0.6680000000000001	2.332	1.0
348	1.0	0.0	1.0	0.0	1.0	2.0	1.0
349	0.0	0.0	0.0	0.0	0.0	0.0	0.0
350	1.0	0.0	1.0	0.0	0.3330000000000002	2.667	1.0
351	0.0	0.0	0.0	0.0	0.0	0.0	0.0
352	0.0	0.0	0.0	0.0	0.0	0.0	0.0
353	1.0	0.0	1.0	0.0	1.0	2.0	1.0
354	1.0	0.0	1.0	0.0	1.0	2.0	1.0
355	0.0	0.0	0.0	0.0	0.0	0.0	0.0
356	1.0	0.0	1.0	0.0	0.6680000000000001	2.332	1.0
357	1.0	0.0	1.0	0.0	0.3330000000000002	2.667	1.0
358	1.0	0.0	1.0	0.0	1.0	2.0	1.0
359	1.0	0.0	1.0	0.0	1.4	1.6	1.0
360	0.0	0.0	0.0	0.0	0.0	0.0	0.0
361	0.0	1.0	0.0	1.0	0.0	3.0	1.0
362	1.0	0.0	1.0	0.0	1.0	2.0	1.0
363	0.0	0.0	0.0	0.0	0.0	0.0	0.0
364	1.0	0.0	1.0	0.0	1.0	2.0	1.0
365	0.0	0.0	0.0	0.0	0.0	0.0	0.0
366	0.0	0.0	0.0	0.0	0.0	0.0	0.0
367	0.0	1.0	0.0	1.0	0.3330000000000002	2.667	1.0
368	1.0	0.0	1.0	0.0	1.0	2.0	1.0
369	0.0	1.0	0.0	1.0	1.0	2.0	1.0
370	0.0	1.0	0.0	1.0	0.3330000000000002	2.667	1.0
371	0.0	2.0	0.0	2.0	0.3330000000000002	2.667	1.0
372	0.0	2.0	0.0	2.0	1.6680000000000001	4.332	2.0
373	0.0	1.0	0.0	1.0	0.3330000000000002	2.667	1.0
374	0.0	1.0	0.0	1.0	1.0	2.0	1.0
375	0.0	1.0	0.0	1.0	1.0	2.0	1.0
376	1.0	0.0	1.0	0.0	0.6680000000000001	2.332	1.0
377	0.0	0.0	0.0	0.0	0.0	0.0	0.0
378	1.0	1.0	1.0	1.0	2.0	4.0	2.0
379	0.0	2.0	0.0	2.0	1.6680000000000001	4.332	2.0
380	0.0	0.0	0.0	0.0	0.0	0.0	0.0
381	1.0	0.0	1.0	0.0	1.0	2.0	1.0
382	1.0	0.0	1.0	0.0	1.4	1.6	1.0
383	0.0	0.0	0.0	0.0	0.0	0.0	0.0
384	1.0	1.0	1.0	1.0	1.0	2.0	1.0
385	0.0	2.0	0.0	2.0	0.6660000000000004	5.334	2.0
386	0.0	0.0	0.0	0.0	0.0	0.0	0.0
387	1.0	0.0	1.0	0.0	0.6680000000000001	2.332	1.0
388	1.0	0.0	1.0	0.0	0.3330000000000002	2.667	1.0
389	0.0	0.0	0.0	0.0	0.0	0.0	0.0
390	0.0	0.0	0.0	0.0	0.0	0.0	0.0
391	0.0	1.0	0.0	1.0	1.0	2.0	1.0
392	0.0	1.0	0.0	1.0	0.3330000000000002	2.667	1.0
393	0.0	0.0	0.0	0.0	0.0	0.0	0.0
394	1.0	0.0	1.0	0.0	0.3330000000000002	2.667	1.0
395	1.0	0.0	1.0	0.0	1.0	2.0	1.0
396	1.0	0.0	1.0	0.0	0.3330000000000002	2.667	1.0
397	0.0	0.0	0.0	0.0	0.0	0.0	0.0
398	0.0	0.0	0.0	0.0	0.0	0.0	0.0
399	0.0	0.0	0.0	0.0	0.0	0.0	0.0
400	1.0	0.0	1.0	0.0	0.3330000000000002	2.667	1.0
401	1.0	1.0	1.0	1.0	0.6680000000000001	2.332	1.0
402	0.0	0.0	0.0	0.0	0.0	0.0	0.0
403	1.0	1.0	1.0	1.0	0.3330000000000002	2.667	1.0
404	1.0	1.0	1.0	1.0	2.4	3.6	2.0
405	1.0	1.0	1.0	1.0	1.0	2.0	1.0
406	1.0	1.0	1.0	1.0	1.0	2.0	1.0
407	0.0	2.0	0.0	2.0	0.3330000000000002	2.667	1.0
408	1.0	0.0	1.0	0.0	1.0	2.0	1.0
409	1.0	1.0	1.0	1.0	1.0	2.0	1.0
410	1.0	2.0	1.0	2.0	1.3330000000000002	4.667	2.0
411	1.0	2.0	1.0	2.0	1.3330000000000002	4.667	2.0
412	0.0	2.0	0.0	2.0	0.6660000000000004	5.334	2.0
413	0.0	0.0	0.0	0.0	0.0	0.0	0.0
414	0.0	0.0	0.0	0.0	0.0	0.0	0.0
415	1.0	2.0	1.0	2.0	1.0	2.0	1.0
416	0.0	2.0	0.0	2.0	1.3330000000000002	4.667	2.0
417	0.0	2.0	0.0	2.0	1.3330000000000002	4.667	2.0
418	0.0	2.0	0.0	2.0	0.3330000000000002	2.667	1.0
419	0.0	1.0	0.0	1.0	1.0	2.0	1.0
420	1.0	0.0	1.0	0.0	0.3330000000000002	2.667	1.0
421	0.0	0.0	0.0	0.0	0.0	0.0	0.0
422	0.0	0.0	0.0	0.0	0.0	0.0	0.0
423	0.0	0.0	0.0	0.0	0.0	0.0	0.0
424	1.0	1.0	1.0	1.0	1.6680000000000001	4.332	2.0
425	0.0	1.0	0.0	1.0	1.0	2.0	1.0
426	1.0	0.0	1.0	0.0	0.3330000000000002	2.667	1.0
427	0.0	2.0	0.0	2.0	2.0	4.0	2.0
428	0.0	0.0	0.0	0.0	0.0	0.0	0.0
429	0.0	2.0	0.0	2.0	1.3330000000000002	4.667	2.0
430	0.0	0.0	0.0	0.0	0.0	0.0	0.0
431	0.0	0.0	0.0	0.0	0.0	0.0	0.0
432	0.0	1.0	0.0	1.0	1.4	1.6	1.0
433	1.0	0.0	1.0	0.0	1.0	2.0	1.0
434	2.0	0.0	2.0	0.0	1.6680000000000001	4.332	2.0
435	1.0	0.0	1.0	0.0	0.3330000000000002	2.667	1.0
