all_syn	all_nonSyn	tip_syn	tip_nonSyn	S	N	comparisons
001	0.0	0.0	0.0	0.0	0.0	0.0	0.0
002	2.0	2.0	0.0	1.0	3.0	6.0	1.0
003	0.0	3.0	0.0	1.0	2.0010000000000003	6.999	1.0
004	1.0	4.0	0.0	2.0	1.9990000000000006	10.001	1.0
005	0.0	1.0	0.0	0.0	0.3330000000000002	2.667	0.0
006	0.0	3.0	0.0	0.0	1.6690000000000005	7.3309999999999995	0.0
007	1.0	3.0	1.0	1.0	2.333	6.667	1.0
008	0.0	3.0	0.0	0.0	2.0	4.0	0.0
009	2.0	2.0	1.0	1.0	3.0	6.0	1.0
010	1.0	3.0	0.0	1.0	1.6660000000000004	7.334	1.0
011	1.0	1.0	0.0	0.0	1.0	2.0	0.0
012	2.0	4.0	1.0	1.0	3.333	8.667	1.0
013	0.0	3.0	0.0	2.0	0.6660000000000004	5.334	1.0
014	1.0	1.0	0.0	0.0	2.0	4.0	0.0
015	2.0	3.0	1.0	1.0	2.333	6.667	1.0
016	1.0	4.0	0.0	2.0	2.333	6.667	1.0
017	1.0	3.0	0.0	1.0	3.333	8.667	1.0
018	1.0	4.0	0.0	0.0	1.3330000000000002	4.667	0.0
019	1.0	2.0	1.0	0.0	3.0	6.0	1.0
020	1.0	2.0	0.0	0.0	0.6660000000000004	5.334	0.0
021	1.0	1.0	0.0	0.0	1.0	2.0	0.0
022	1.0	0.0	1.0	0.0	0.3330000000000002	2.667	1.0
023	0.0	4.0	0.0	2.0	0.9990000000000006	8.001	1.0
024	1.0	1.0	1.0	0.0	0.6660000000000004	5.334	1.0
025	1.0	3.0	1.0	0.0	2.668	6.332	1.0
026	1.0	2.0	1.0	0.0	2.333	6.667	1.0
027	1.0	3.0	0.0	0.0	1.3330000000000002	4.667	0.0
028	1.0	2.0	1.0	2.0	1.0	2.0	1.0
029	1.0	1.0	0.0	0.0	0.6660000000000004	5.334	0.0
030	1.0	0.0	1.0	0.0	1.0	2.0	1.0
031	0.0	0.0	0.0	0.0	0.0	0.0	0.0
032	0.0	0.0	0.0	0.0	0.0	0.0	0.0
033	1.0	2.0	0.0	1.0	1.3330000000000002	7.667	1.0
034	1.0	5.0	1.0	2.0	2.6660000000000004	9.334	2.0
035	2.0	1.0	0.0	0.0	1.3330000000000002	4.667	0.0
036	1.0	2.0	0.0	0.0	1.0	2.0	0.0
037	0.0	2.0	0.0	0.0	0.3330000000000002	2.667	0.0
038	1.0	4.0	0.0	1.0	3.3360000000000003	8.664	1.0
039	1.0	2.0	0.0	0.0	1.0	2.0	0.0
040	1.0	2.0	0.0	0.0	1.6680000000000001	4.332	0.0
041	2.0	2.0	0.0	0.0	1.3330000000000002	4.667	0.0
042	1.0	3.0	0.0	0.0	1.3330000000000002	4.667	0.0
043	1.0	1.0	1.0	0.0	1.0010000000000003	4.999	1.0
044	2.0	0.0	0.0	0.0	1.4	1.6	0.0
045	1.0	0.0	1.0	0.0	0.3330000000000002	2.667	1.0
046	1.0	0.0	0.0	0.0	1.0	2.0	0.0
047	1.0	0.0	0.0	0.0	0.6680000000000001	2.332	0.0
048	1.0	0.0	0.0	0.0	0.6680000000000001	2.332	0.0
049	0.0	0.0	0.0	0.0	0.0	0.0	0.0
050	2.0	0.0	0.0	0.0	2.0	4.0	0.0
051	2.0	2.0	1.0	1.0	2.736	6.263999999999999	1.0
052	3.0	0.0	2.0	0.0	2.668	6.332	2.0
053	1.0	0.0	0.0	0.0	1.0	2.0	0.0
054	2.0	0.0	0.0	0.0	2.4	3.6	0.0
055	1.0	0.0	0.0	0.0	1.0	2.0	0.0
056	1.0	0.0	0.0	0.0	0.3330000000000002	2.667	0.0
057	0.0	0.0	0.0	0.0	0.0	0.0	0.0
058	1.0	0.0	0.0	0.0	0.3330000000000002	2.667	0.0
059	2.0	0.0	0.0	0.0	2.4	3.6	0.0
060	2.0	0.0	0.0	0.0	0.6660000000000004	5.334	0.0
061	1.0	0.0	0.0	0.0	1.0	2.0	0.0
062	1.0	0.0	0.0	0.0	0.3330000000000002	2.667	0.0
063	1.0	0.0	1.0	0.0	1.0	2.0	1.0
064	1.0	0.0	0.0	0.0	1.0	2.0	0.0
065	0.0	0.0	0.0	0.0	0.0	0.0	0.0
066	0.0	0.0	0.0	0.0	0.0	0.0	0.0
067	2.0	0.0	1.0	0.0	2.0	4.0	1.0
068	2.0	0.0	1.0	0.0	0.6660000000000004	5.334	1.0
069	0.0	0.0	0.0	0.0	0.0	0.0	0.0
070	2.0	0.0	1.0	0.0	1.3360000000000003	4.664	1.0
071	2.0	0.0	0.0	0.0	2.0	4.0	0.0
072	1.0	0.0	0.0	0.0	0.3330000000000002	2.667	0.0
073	2.0	2.0	1.0	1.0	2.333	6.667	1.0
074	1.0	0.0	0.0	0.0	0.3330000000000002	2.667	0.0
075	0.0	0.0	0.0	0.0	0.0	0.0	0.0
076	1.0	0.0	0.0	0.0	0.3330000000000002	2.667	0.0
077	1.0	0.0	1.0	0.0	0.3330000000000002	2.667	1.0
078	1.0	0.0	1.0	0.0	1.0	2.0	1.0
079	2.0	0.0	0.0	0.0	2.0	4.0	0.0
080	1.0	0.0	0.0	0.0	0.6680000000000001	2.332	0.0
081	2.0	2.0	1.0	1.0	2.333	6.667	1.0
082	1.0	0.0	1.0	0.0	0.3330000000000002	2.667	1.0
083	2.0	2.0	2.0	2.0	0.9990000000000006	8.001	3.0
084	2.0	0.0	1.0	0.0	0.6660000000000004	5.334	1.0
085	0.0	0.0	0.0	0.0	0.0	0.0	0.0
086	2.0	0.0	2.0	0.0	0.6660000000000004	5.334	2.0
087	2.0	0.0	2.0	0.0	2.0	4.0	2.0
088	1.0	0.0	0.0	0.0	1.0	2.0	0.0
089	2.0	0.0	1.0	0.0	0.6660000000000004	5.334	1.0
090	1.0	1.0	1.0	1.0	0.3330000000000002	2.667	1.0
091	2.0	1.0	1.0	1.0	2.068	6.9319999999999995	2.0
092	2.0	0.0	1.0	0.0	2.0	4.0	1.0
093	3.0	0.0	2.0	0.0	3.0	6.0	2.0
094	5.0	0.0	1.0	0.0	4.8	7.2	1.0
095	2.0	0.0	1.0	0.0	2.0	4.0	1.0
096	2.0	0.0	1.0	0.0	1.3360000000000003	4.664	1.0
097	2.0	0.0	2.0	0.0	2.0	4.0	2.0
098	1.0	0.0	1.0	0.0	1.4	1.6	1.0
099	1.0	0.0	1.0	0.0	0.3330000000000002	2.667	1.0
100	1.0	0.0	1.0	0.0	0.3330000000000002	2.667	1.0
101	1.0	0.0	1.0	0.0	0.6680000000000001	2.332	1.0
102	2.0	0.0	1.0	0.0	2.0	4.0	1.0
103	2.0	0.0	1.0	0.0	2.0	4.0	1.0
104	0.0	0.0	0.0	0.0	0.0	0.0	0.0
105	0.0	0.0	0.0	0.0	0.0	0.0	0.0
106	2.0	0.0	1.0	0.0	1.3360000000000003	4.664	1.0
107	3.0	0.0	3.0	0.0	1.6680000000000001	4.332	2.0
108	0.0	0.0	0.0	0.0	0.0	0.0	0.0
109	3.0	2.0	3.0	2.0	2.0010000000000003	6.999	3.0
110	3.0	0.0	2.0	0.0	3.0	6.0	2.0
111	1.0	0.0	1.0	0.0	1.0	2.0	1.0
112	2.0	0.0	1.0	0.0	2.0	4.0	1.0
113	1.0	0.0	1.0	0.0	1.0	2.0	1.0
114	0.0	0.0	0.0	0.0	0.0	0.0	0.0
115	0.0	0.0	0.0	0.0	0.0	0.0	0.0
116	3.0	0.0	2.0	0.0	1.6680000000000001	4.332	1.0
117	1.0	0.0	1.0	0.0	1.0	2.0	1.0
118	3.0	1.0	2.0	0.0	3.733	8.267	2.0
119	1.0	1.0	1.0	1.0	0.6660000000000004	5.334	2.0
120	2.0	0.0	2.0	0.0	0.6680000000000001	2.332	1.0
121	2.0	0.0	1.0	0.0	0.6660000000000004	5.334	1.0
122	3.0	2.0	1.0	1.0	4.133	7.866999999999999	1.0
123	1.0	0.0	0.0	0.0	0.3330000000000002	2.667	0.0
124	1.0	0.0	0.0	0.0	1.0	2.0	0.0
125	1.0	5.0	0.0	4.0	4.001	10.998999999999999	3.0
126	1.0	0.0	1.0	0.0	1.0	2.0	1.0
127	1.0	0.0	0.0	0.0	0.3330000000000002	2.667	0.0
128	1.0	2.0	1.0	2.0	2.4	3.6	2.0
129	1.0	0.0	0.0	0.0	0.3330000000000002	2.667	0.0
130	2.0	0.0	1.0	0.0	0.6660000000000004	5.334	1.0
131	2.0	0.0	1.0	0.0	2.0	4.0	1.0
132	1.0	0.0	0.0	0.0	0.3330000000000002	2.667	0.0
133	1.0	0.0	1.0	0.0	0.3330000000000002	2.667	1.0
134	1.0	6.0	0.0	3.0	2.9990000000000006	12.001	2.0
135	1.0	2.0	1.0	2.0	1.0	2.0	1.0
136	1.0	1.0	0.0	1.0	0.6660000000000004	5.334	1.0
137	3.0	2.0	2.0	1.0	4.0	8.0	2.0
138	0.0	3.0	0.0	2.0	2.333	6.667	2.0
139	0.0	2.0	0.0	2.0	0.6660000000000004	5.334	2.0
140	1.0	1.0	0.0	1.0	1.6680000000000001	4.332	1.0
141	2.0	1.0	1.0	1.0	3.0	6.0	2.0
142	2.0	0.0	1.0	0.0	2.0	4.0	1.0
143	3.0	0.0	1.0	0.0	2.668	6.332	1.0
144	1.0	0.0	0.0	0.0	0.3330000000000002	2.667	0.0
145	0.0	1.0	0.0	1.0	0.3330000000000002	2.667	1.0
146	1.0	0.0	1.0	0.0	1.0	2.0	1.0
147	3.0	0.0	2.0	0.0	3.0	6.0	2.0
148	2.0	1.0	1.0	1.0	2.0	7.0	2.0
149	3.0	2.0	3.0	2.0	2.333	6.667	3.0
150	2.0	0.0	1.0	0.0	0.6660000000000004	5.334	1.0
151	2.0	4.0	0.0	2.0	2.6660000000000004	9.334	1.0
152	3.0	0.0	3.0	0.0	3.0	6.0	3.0
153	0.0	1.0	0.0	1.0	0.3330000000000002	2.667	1.0
154	2.0	0.0	2.0	0.0	1.3360000000000003	4.664	2.0
155	1.0	0.0	0.0	0.0	1.0	2.0	0.0
156	2.0	0.0	1.0	0.0	2.0	4.0	1.0
157	2.0	0.0	0.0	0.0	2.0	4.0	0.0
158	3.0	0.0	3.0	0.0	3.4	5.6	3.0
159	0.0	0.0	0.0	0.0	0.0	0.0	0.0
160	1.0	0.0	0.0	0.0	1.0	2.0	0.0
161	4.0	0.0	3.0	0.0	4.468	7.532	3.0
162	2.0	0.0	1.0	0.0	2.0	4.0	1.0
163	3.0	0.0	1.0	0.0	3.0	6.0	1.0
164	0.0	0.0	0.0	0.0	0.0	0.0	0.0
165	0.0	0.0	0.0	0.0	0.0	0.0	0.0
166	3.0	0.0	1.0	0.0	3.0	6.0	1.0
167	0.0	0.0	0.0	0.0	0.0	0.0	0.0
168	1.0	1.0	0.0	1.0	1.3330000000000002	4.667	1.0
169	2.0	0.0	1.0	0.0	0.6660000000000004	5.334	1.0
170	2.0	0.0	1.0	0.0	2.0	4.0	1.0
171	4.0	0.0	1.0	0.0	4.0	8.0	1.0
172	2.0	0.0	1.0	0.0	0.6660000000000004	5.334	1.0
173	2.0	0.0	2.0	0.0	2.0	4.0	2.0
174	1.0	0.0	1.0	0.0	1.0	2.0	1.0
175	0.0	0.0	0.0	0.0	0.0	0.0	0.0
176	3.0	1.0	2.0	0.0	2.3360000000000003	6.664	2.0
177	1.0	0.0	1.0	0.0	0.3330000000000002	2.667	1.0
178	0.0	1.0	0.0	1.0	0.3330000000000002	2.667	1.0
179	1.0	0.0	0.0	0.0	0.3330000000000002	2.667	0.0
180	1.0	0.0	1.0	0.0	1.0	2.0	1.0
181	0.0	0.0	0.0	0.0	0.0	0.0	0.0
182	3.0	0.0	2.0	0.0	0.9990000000000006	8.001	2.0
183	3.0	1.0	2.0	1.0	4.133	7.866999999999999	3.0
184	3.0	0.0	2.0	0.0	3.0	6.0	2.0
185	2.0	0.0	1.0	0.0	0.6660000000000004	5.334	1.0
186	3.0	0.0	2.0	0.0	3.0	6.0	2.0
187	1.0	1.0	1.0	1.0	0.3330000000000002	2.667	1.0
188	3.0	1.0	1.0	1.0	4.0	8.0	2.0
189	0.0	0.0	0.0	0.0	0.0	0.0	0.0
190	2.0	0.0	2.0	0.0	2.4	3.6	2.0
191	1.0	1.0	0.0	1.0	1.6680000000000001	4.332	1.0
192	2.0	0.0	1.0	0.0	2.0	4.0	1.0
193	2.0	0.0	1.0	0.0	0.6660000000000004	5.334	1.0
194	3.0	0.0	2.0	0.0	3.0	6.0	2.0
195	1.0	0.0	1.0	0.0	0.6680000000000001	2.332	1.0
196	4.0	0.0	4.0	0.0	4.8	7.199999999999999	4.0
197	1.0	0.0	1.0	0.0	0.3330000000000002	2.667	1.0
198	0.0	0.0	0.0	0.0	0.0	0.0	0.0
199	2.0	1.0	2.0	1.0	1.0	2.0	1.0
200	3.0	1.0	2.0	1.0	3.333	8.667	3.0
201	2.0	0.0	2.0	0.0	2.0	4.0	2.0
202	3.0	1.0	1.0	1.0	3.0	6.0	1.0
203	3.0	0.0	1.0	0.0	3.0	6.0	1.0
204	0.0	3.0	0.0	2.0	0.9990000000000006	8.001	2.0
205	3.0	1.0	0.0	1.0	4.0	8.0	1.0
206	2.0	0.0	2.0	0.0	2.0	4.0	2.0
207	0.0	0.0	0.0	0.0	0.0	0.0	0.0
208	0.0	0.0	0.0	0.0	0.0	0.0	0.0
209	0.0	0.0	0.0	0.0	0.0	0.0	0.0
210	3.0	0.0	2.0	0.0	3.068	5.932	2.0
211	0.0	0.0	0.0	0.0	0.0	0.0	0.0
212	1.0	3.0	1.0	2.0	2.3360000000000003	6.664	2.0
213	2.0	2.0	2.0	1.0	3.668	8.332	3.0
214	0.0	1.0	0.0	1.0	0.6680000000000001	2.332	1.0
215	3.0	0.0	3.0	0.0	3.0	6.0	3.0
216	2.0	1.0	1.0	1.0	3.0	6.0	2.0
217	1.0	0.0	0.0	0.0	0.3330000000000002	2.667	0.0
218	2.0	0.0	1.0	0.0	2.0	4.0	1.0
219	1.0	2.0	1.0	1.0	1.6680000000000001	4.332	1.0
220	0.0	2.0	0.0	2.0	1.0	2.0	1.0
221	0.0	0.0	0.0	0.0	0.0	0.0	0.0
222	1.0	0.0	1.0	0.0	1.0	2.0	1.0
223	3.0	3.0	3.0	3.0	3.0010000000000003	8.998999999999999	4.0
224	3.0	1.0	3.0	0.0	4.0	8.0	3.0
225	3.0	3.0	2.0	2.0	4.133	7.866999999999999	2.0
226	3.0	0.0	2.0	0.0	3.0	6.0	2.0
227	1.0	0.0	1.0	0.0	0.3330000000000002	2.667	1.0
228	2.0	1.0	1.0	1.0	0.9990000000000006	8.001	2.0
229	1.0	0.0	1.0	0.0	1.0	2.0	1.0
230	3.0	0.0	2.0	0.0	3.0	6.0	2.0
231	1.0	0.0	1.0	0.0	0.3330000000000002	2.667	1.0
232	2.0	1.0	2.0	1.0	2.0	4.0	2.0
233	0.0	0.0	0.0	0.0	0.0	0.0	0.0
234	0.0	3.0	0.0	2.0	0.9990000000000006	8.001	2.0
235	1.0	0.0	1.0	0.0	0.3330000000000002	2.667	1.0
236	3.0	0.0	2.0	0.0	3.0	6.0	2.0
237	1.0	3.0	1.0	2.0	1.3340000000000005	7.6659999999999995	2.0
238	1.0	0.0	1.0	0.0	0.3330000000000002	2.667	1.0
239	1.0	2.0	1.0	2.0	1.0	2.0	1.0
240	2.0	0.0	1.0	0.0	0.6660000000000004	5.334	1.0
241	2.0	4.0	1.0	4.0	4.401	10.599	4.0
242	3.0	0.0	1.0	0.0	3.0	6.0	1.0
243	3.0	2.0	2.0	2.0	3.333	8.667	3.0
244	1.0	5.0	0.0	2.0	3.0010000000000003	8.998999999999999	2.0
245	0.0	2.0	0.0	1.0	0.6660000000000004	5.334	1.0
246	0.0	3.0	0.0	2.0	2.0010000000000003	6.999	2.0
247	3.0	0.0	3.0	0.0	0.9990000000000006	8.001	3.0
248	2.0	0.0	2.0	0.0	2.0	4.0	2.0
249	1.0	2.0	0.0	1.0	0.9990000000000006	8.001	1.0
250	3.0	0.0	2.0	0.0	2.668	6.332	2.0
251	1.0	0.0	0.0	0.0	0.3330000000000002	2.667	0.0
252	1.0	0.0	1.0	0.0	1.0	2.0	1.0
253	1.0	0.0	0.0	0.0	0.3330000000000002	2.667	0.0
254	2.0	0.0	1.0	0.0	1.3360000000000003	4.664	1.0
255	3.0	0.0	3.0	0.0	3.068	5.932	3.0
256	0.0	0.0	0.0	0.0	0.0	0.0	0.0
257	2.0	0.0	2.0	0.0	2.0	4.0	2.0
258	1.0	0.0	0.0	0.0	1.0	2.0	0.0
259	1.0	0.0	1.0	0.0	1.0	2.0	1.0
260	3.0	3.0	3.0	1.0	5.136	9.864	3.0
261	0.0	1.0	0.0	0.0	0.6680000000000001	2.332	0.0
262	1.0	1.0	0.0	1.0	0.6660000000000004	5.334	1.0
263	2.0	0.0	1.0	0.0	0.6660000000000004	5.334	1.0
264	2.0	1.0	0.0	0.0	2.0	4.0	0.0
265	1.0	2.0	1.0	2.0	0.3330000000000002	5.667	2.0
266	2.0	0.0	1.0	0.0	0.6660000000000004	5.334	1.0
267	1.0	6.0	0.0	3.0	2.333	9.667	2.0
268	0.0	4.0	0.0	2.0	2.0020000000000007	9.998	2.0
269	1.0	0.0	1.0	0.0	0.3330000000000002	2.667	1.0
270	0.0	3.0	0.0	0.0	1.3330000000000002	4.667	0.0
271	1.0	1.0	0.0	1.0	0.6660000000000004	5.334	1.0
272	0.0	2.0	0.0	2.0	0.3330000000000002	2.667	1.0
273	1.0	0.0	0.0	0.0	0.6680000000000001	2.332	0.0
274	2.0	0.0	1.0	0.0	2.0	4.0	1.0
275	2.0	2.0	2.0	1.0	2.736	6.263999999999999	2.0
276	0.0	1.0	0.0	1.0	0.3330000000000002	2.667	1.0
277	2.0	1.0	0.0	0.0	3.0	6.0	0.0
278	0.0	0.0	0.0	0.0	0.0	0.0	0.0
279	2.0	0.0	1.0	0.0	0.6660000000000004	5.334	1.0
280	1.0	0.0	1.0	0.0	0.3330000000000002	2.667	1.0
281	2.0	0.0	0.0	0.0	2.0	4.0	0.0
282	1.0	0.0	0.0	0.0	0.3330000000000002	2.667	0.0
283	2.0	2.0	1.0	2.0	3.0	6.0	2.0
284	1.0	0.0	0.0	0.0	0.3330000000000002	2.667	0.0
285	0.0	0.0	0.0	0.0	0.0	0.0	0.0
286	3.0	0.0	1.0	0.0	3.0	6.0	1.0
287	1.0	1.0	1.0	1.0	1.6680000000000001	4.332	2.0
288	0.0	0.0	0.0	0.0	0.0	0.0	0.0
289	4.0	1.0	3.0	1.0	3.668	8.332	3.0
290	1.0	0.0	1.0	0.0	0.3330000000000002	2.667	1.0
291	3.0	2.0	3.0	1.0	4.668	10.332	4.0
292	1.0	0.0	0.0	0.0	0.3330000000000002	2.667	0.0
293	2.0	0.0	1.0	0.0	1.3360000000000003	4.664	1.0
294	3.0	0.0	2.0	0.0	3.0	6.0	2.0
295	3.0	1.0	2.0	1.0	3.4	8.6	3.0
296	2.0	2.0	1.0	2.0	3.0	6.0	2.0
297	0.0	0.0	0.0	0.0	0.0	0.0	0.0
298	2.0	0.0	0.0	0.0	0.6660000000000004	5.334	0.0
299	4.0	0.0	3.0	0.0	4.0	8.0	3.0
300	2.0	0.0	0.0	0.0	2.0	4.0	0.0
301	2.0	2.0	1.0	2.0	0.6660000000000004	5.334	1.0
302	1.0	3.0	0.0	2.0	2.6690000000000005	9.331	2.0
303	4.0	1.0	3.0	1.0	5.0	10.0	4.0
304	1.0	0.0	1.0	0.0	0.3330000000000002	2.667	1.0
305	2.0	0.0	1.0	0.0	0.6660000000000004	5.334	1.0
306	2.0	0.0	0.0	0.0	2.0	4.0	0.0
307	2.0	0.0	1.0	0.0	0.6660000000000004	5.334	1.0
308	3.0	2.0	2.0	2.0	3.0	6.0	2.0
309	1.0	0.0	1.0	0.0	1.0	2.0	1.0
310	1.0	1.0	1.0	1.0	1.0	2.0	1.0
311	1.0	0.0	1.0	0.0	0.6680000000000001	2.332	1.0
312	1.0	1.0	1.0	1.0	1.0	2.0	1.0
313	4.0	0.0	3.0	0.0	2.3360000000000003	6.664	2.0
314	0.0	2.0	0.0	2.0	0.3330000000000002	2.667	1.0
315	2.0	0.0	1.0	0.0	0.6660000000000004	5.334	1.0
316	3.0	0.0	2.0	0.0	3.0	6.0	2.0
317	1.0	0.0	1.0	0.0	0.3330000000000002	2.667	1.0
318	2.0	1.0	1.0	1.0	2.0	4.0	1.0
319	2.0	1.0	1.0	1.0	2.0	4.0	1.0
320	3.0	0.0	1.0	0.0	2.668	6.332	1.0
321	1.0	0.0	1.0	0.0	1.0	2.0	1.0
322	2.0	0.0	1.0	0.0	0.6660000000000004	5.334	1.0
323	1.0	0.0	1.0	0.0	0.3330000000000002	2.667	1.0
324	3.0	0.0	2.0	0.0	3.0	6.0	2.0
325	2.0	1.0	0.0	1.0	0.6680000000000001	5.332	1.0
326	2.0	0.0	1.0	0.0	2.0	4.0	1.0
327	2.0	1.0	2.0	1.0	3.0	6.0	3.0
328	3.0	0.0	2.0	0.0	3.0	6.0	2.0
329	2.0	0.0	2.0	0.0	2.0	4.0	2.0
330	4.0	0.0	3.0	0.0	4.068	7.932	3.0
331	2.0	0.0	2.0	0.0	0.6660000000000004	5.334	2.0
332	3.0	0.0	2.0	0.0	3.4	5.6	2.0
333	2.0	0.0	2.0	0.0	0.6660000000000004	5.334	2.0
334	2.0	2.0	1.0	1.0	1.6680000000000001	4.332	1.0
335	2.0	0.0	1.0	0.0	2.0	4.0	1.0
336	2.0	3.0	0.0	3.0	3.0	9.0	2.0
337	1.0	0.0	0.0	0.0	1.0	2.0	0.0
338	1.0	0.0	1.0	0.0	0.3330000000000002	2.667	1.0
339	1.0	1.0	1.0	1.0	2.0	4.0	2.0
340	0.0	0.0	0.0	0.0	0.0	0.0	0.0
341	0.0	0.0	0.0	0.0	0.0	0.0	0.0
342	1.0	2.0	1.0	0.0	0.6660000000000004	5.334	1.0
343	2.0	1.0	1.0	1.0	2.668	6.332	2.0
344	3.0	0.0	3.0	0.0	3.0	6.0	3.0
345	1.0	0.0	1.0	0.0	0.3330000000000002	2.667	1.0
346	2.0	1.0	2.0	1.0	1.3330000000000002	4.667	2.0
347	2.0	1.0	1.0	1.0	0.9990000000000006	8.001	2.0
348	1.0	0.0	0.0	0.0	0.3330000000000002	2.667	0.0
349	1.0	0.0	0.0	0.0	0.3330000000000002	2.667	0.0
350	3.0	0.0	1.0	0.0	3.0	6.0	1.0
351	2.0	2.0	1.0	2.0	2.0	4.0	1.0
352	0.0	0.0	0.0	0.0	0.0	0.0	0.0
353	3.0	0.0	1.0	0.0	3.0	6.0	1.0
354	1.0	2.0	0.0	2.0	2.0	4.0	1.0
355	2.0	2.0	1.0	1.0	2.668	6.332	2.0
356	2.0	3.0	2.0	3.0	3.4	5.6	3.0
357	2.0	1.0	1.0	1.0	3.0	6.0	2.0
358	2.0	3.0	1.0	2.0	4.4	7.6	3.0
359	3.0	2.0	2.0	2.0	3.333	8.667	3.0
360	0.0	1.0	0.0	1.0	0.6680000000000001	2.332	1.0
361	1.0	0.0	0.0	0.0	0.3330000000000002	2.667	0.0
362	0.0	1.0	0.0	1.0	0.6680000000000001	2.332	1.0
363	2.0	2.0	0.0	2.0	1.9990000000000006	10.001	2.0
364	2.0	0.0	2.0	0.0	2.0	4.0	2.0
365	1.0	0.0	1.0	0.0	0.3330000000000002	2.667	1.0
366	2.0	2.0	1.0	2.0	3.3360000000000003	8.664	3.0
367	1.0	1.0	0.0	1.0	1.3330000000000002	4.667	1.0
368	0.0	0.0	0.0	0.0	0.0	0.0	0.0
369	2.0	0.0	2.0	0.0	2.0	4.0	2.0
370	1.0	0.0	1.0	0.0	0.6680000000000001	2.332	1.0
371	1.0	0.0	0.0	0.0	0.3330000000000002	2.667	0.0
372	1.0	0.0	1.0	0.0	1.0	2.0	1.0
373	1.0	1.0	1.0	1.0	0.6660000000000004	5.334	2.0
374	0.0	2.0	0.0	2.0	0.6680000000000001	2.332	1.0
375	2.0	1.0	2.0	1.0	0.6660000000000004	5.334	2.0
376	1.0	2.0	0.0	1.0	0.6660000000000004	8.334	1.0
377	2.0	0.0	1.0	0.0	2.0	4.0	1.0
378	3.0	0.0	1.0	0.0	3.0	6.0	1.0
379	1.0	1.0	1.0	1.0	1.6680000000000001	4.332	2.0
380	5.0	0.0	3.0	0.0	4.336	10.664	3.0
381	2.0	0.0	1.0	0.0	0.6660000000000004	5.334	1.0
382	1.0	0.0	0.0	0.0	0.3330000000000002	2.667	0.0
383	1.0	0.0	1.0	0.0	1.0	2.0	1.0
384	0.0	0.0	0.0	0.0	0.0	0.0	0.0
385	1.0	0.0	1.0	0.0	1.0	2.0	1.0
386	0.0	0.0	0.0	0.0	0.0	0.0	0.0
387	2.0	0.0	1.0	0.0	2.0	4.0	1.0
388	1.0	0.0	1.0	0.0	0.3330000000000002	2.667	1.0
389	2.0	2.0	0.0	1.0	3.668	8.332	1.0
390	1.0	0.0	1.0	0.0	0.3330000000000002	2.667	1.0
391	2.0	1.0	2.0	1.0	3.0	6.0	3.0
392	3.0	1.0	1.0	1.0	4.0	8.0	2.0
393	2.0	0.0	1.0	0.0	0.6660000000000004	5.334	1.0
394	2.0	1.0	0.0	1.0	3.0	6.0	1.0
395	2.0	0.0	1.0	0.0	0.6660000000000004	5.334	1.0
396	2.0	0.0	1.0	0.0	2.0	4.0	1.0
397	1.0	0.0	1.0	0.0	1.4	1.6	1.0
398	1.0	0.0	1.0	0.0	0.3330000000000002	2.667	1.0
399	2.0	0.0	1.0	0.0	1.3360000000000003	4.664	1.0
400	2.0	1.0	1.0	1.0	2.0	4.0	1.0
401	0.0	0.0	0.0	0.0	0.0	0.0	0.0
402	0.0	0.0	0.0	0.0	0.0	0.0	0.0
403	1.0	0.0	1.0	0.0	1.0	2.0	1.0
404	3.0	0.0	1.0	0.0	3.068	5.932	1.0
405	3.0	1.0	1.0	1.0	4.0	8.0	2.0
406	2.0	0.0	1.0	0.0	0.6660000000000004	5.334	1.0
407	3.0	3.0	2.0	2.0	1.9990000000000006	10.001	2.0
408	1.0	0.0	0.0	0.0	0.3330000000000002	2.667	0.0
409	3.0	2.0	2.0	1.0	5.0	10.0	3.0
410	1.0	0.0	1.0	0.0	0.3330000000000002	2.667	1.0
411	1.0	0.0	0.0	0.0	0.3330000000000002	2.667	0.0
412	4.0	0.0	4.0	0.0	2.3360000000000003	6.664	3.0
413	2.0	3.0	1.0	3.0	3.668	8.332	3.0
414	3.0	1.0	2.0	1.0	3.068	5.932	2.0
415	3.0	2.0	3.0	2.0	2.0	7.0	3.0
416	0.0	2.0	0.0	2.0	0.3330000000000002	2.667	1.0
417	2.0	0.0	1.0	0.0	2.0	4.0	1.0
418	0.0	0.0	0.0	0.0	0.0	0.0	0.0
419	1.0	1.0	0.0	0.0	1.6680000000000001	4.332	0.0
420	1.0	0.0	0.0	0.0	0.6680000000000001	2.332	0.0
421	0.0	0.0	0.0	0.0	0.0	0.0	0.0
422	1.0	1.0	1.0	0.0	1.3330000000000002	4.667	1.0
423	3.0	0.0	1.0	0.0	3.0	6.0	1.0
424	1.0	2.0	1.0	2.0	0.3330000000000002	5.667	2.0
425	1.0	0.0	1.0	0.0	0.6680000000000001	2.332	1.0
426	2.0	0.0	1.0	0.0	2.0	4.0	1.0
427	2.0	1.0	0.0	0.0	2.0	4.0	0.0
428	1.0	0.0	1.0	0.0	0.6680000000000001	2.332	1.0
429	2.0	0.0	1.0	0.0	0.6660000000000004	5.334	1.0
430	2.0	0.0	2.0	0.0	2.0	4.0	2.0
431	3.0	0.0	1.0	0.0	3.0	6.0	1.0
432	1.0	0.0	1.0	0.0	0.3330000000000002	2.667	1.0
433	1.0	1.0	0.0	0.0	0.6680000000000001	2.332	0.0
434	0.0	0.0	0.0	0.0	0.0	0.0	0.0
435	1.0	1.0	0.0	0.0	1.0	2.0	0.0
436	1.0	1.0	0.0	0.0	1.0	2.0	0.0
437	0.0	0.0	0.0	0.0	0.0	0.0	0.0
438	1.0	0.0	0.0	0.0	0.3330000000000002	2.667	0.0
439	2.0	0.0	2.0	0.0	0.6660000000000004	5.334	2.0
440	2.0	0.0	1.0	0.0	2.0	4.0	1.0
441	0.0	1.0	0.0	1.0	1.0	2.0	1.0
442	1.0	0.0	1.0	0.0	0.3330000000000002	2.667	1.0
443	0.0	0.0	0.0	0.0	0.0	0.0	0.0
444	3.0	0.0	1.0	0.0	2.0	4.0	1.0
445	2.0	1.0	0.0	0.0	3.0	6.0	0.0
446	1.0	0.0	0.0	0.0	0.3330000000000002	2.667	0.0
447	2.0	2.0	2.0	0.0	1.6660000000000004	7.334	2.0
448	3.0	2.0	2.0	0.0	2.668	6.332	2.0
449	0.0	0.0	0.0	0.0	0.0	0.0	0.0
450	1.0	0.0	0.0	0.0	0.6680000000000001	2.332	0.0
451	2.0	2.0	0.0	1.0	3.0	6.0	1.0
452	2.0	1.0	1.0	0.0	1.6680000000000001	4.332	1.0
453	2.0	0.0	1.0	0.0	2.4	3.6	1.0
454	3.0	1.0	1.0	0.0	4.0	8.0	1.0
455	0.0	0.0	0.0	0.0	0.0	0.0	0.0
456	1.0	1.0	1.0	0.0	2.0	4.0	1.0
457	2.0	0.0	1.0	0.0	2.068	3.932	1.0
458	1.0	2.0	1.0	0.0	2.0	4.0	1.0
459	2.0	0.0	1.0	0.0	2.068	3.932	1.0
460	1.0	0.0	0.0	0.0	1.0	2.0	0.0
461	1.0	3.0	1.0	2.0	2.668	6.332	2.0
462	3.0	2.0	0.0	0.0	4.068	7.932	0.0
463	3.0	0.0	1.0	0.0	2.0	4.0	1.0
464	1.0	2.0	0.0	0.0	1.0	2.0	0.0
465	2.0	1.0	0.0	0.0	2.0	4.0	0.0
466	1.0	1.0	1.0	0.0	0.6660000000000004	5.334	1.0
467	1.0	0.0	0.0	0.0	0.3330000000000002	2.667	0.0
468	2.0	2.0	0.0	1.0	1.6680000000000001	7.332	1.0
469	2.0	3.0	2.0	2.0	1.6660000000000004	10.334	3.0
470	0.0	0.0	0.0	0.0	0.0	0.0	0.0
471	3.0	3.0	0.0	0.0	3.668	8.332	0.0
472	3.0	1.0	0.0	0.0	2.0010000000000003	6.999	0.0
473	3.0	0.0	0.0	0.0	2.0	4.0	0.0
474	1.0	2.0	0.0	1.0	2.0010000000000003	6.999	1.0
475	1.0	2.0	0.0	0.0	2.0	4.0	0.0
476	2.0	2.0	0.0	1.0	2.668	6.332	1.0
477	2.0	5.0	1.0	2.0	2.0010000000000003	9.998999999999999	2.0
478	2.0	3.0	2.0	1.0	3.668	8.332	3.0
479	2.0	4.0	1.0	1.0	2.3360000000000003	6.664	1.0
480	2.0	4.0	1.0	2.0	0.6660000000000004	8.334	1.0
481	1.0	2.0	1.0	0.0	1.3330000000000002	4.667	1.0
482	1.0	2.0	1.0	0.0	2.0	4.0	1.0
483	1.0	1.0	0.0	0.0	1.0	2.0	0.0
484	0.0	0.0	0.0	0.0	0.0	0.0	0.0
485	0.0	0.0	0.0	0.0	0.0	0.0	0.0
486	0.0	0.0	0.0	0.0	0.0	0.0	0.0
487	0.0	0.0	0.0	0.0	0.0	0.0	0.0
488	0.0	0.0	0.0	0.0	0.0	0.0	0.0
489	0.0	0.0	0.0	0.0	0.0	0.0	0.0
490	0.0	0.0	0.0	0.0	0.0	0.0	0.0
491	0.0	0.0	0.0	0.0	0.0	0.0	0.0
492	0.0	0.0	0.0	0.0	0.0	0.0	0.0
493	0.0	0.0	0.0	0.0	0.0	0.0	0.0
494	0.0	0.0	0.0	0.0	0.0	0.0	0.0
495	0.0	0.0	0.0	0.0	0.0	0.0	0.0
496	0.0	0.0	0.0	0.0	0.0	0.0	0.0
497	0.0	0.0	0.0	0.0	0.0	0.0	0.0
498	0.0	0.0	0.0	0.0	0.0	0.0	0.0
499	0.0	0.0	0.0	0.0	0.0	0.0	0.0
500	0.0	0.0	0.0	0.0	0.0	0.0	0.0
501	0.0	0.0	0.0	0.0	0.0	0.0	0.0
502	0.0	0.0	0.0	0.0	0.0	0.0	0.0
503	0.0	0.0	0.0	0.0	0.0	0.0	0.0
504	0.0	0.0	0.0	0.0	0.0	0.0	0.0
505	0.0	0.0	0.0	0.0	0.0	0.0	0.0
506	0.0	0.0	0.0	0.0	0.0	0.0	0.0
507	0.0	0.0	0.0	0.0	0.0	0.0	0.0
508	0.0	0.0	0.0	0.0	0.0	0.0	0.0
509	0.0	0.0	0.0	0.0	0.0	0.0	0.0
510	0.0	0.0	0.0	0.0	0.0	0.0	0.0
511	0.0	0.0	0.0	0.0	0.0	0.0	0.0
512	0.0	0.0	0.0	0.0	0.0	0.0	0.0
513	0.0	0.0	0.0	0.0	0.0	0.0	0.0
514	0.0	0.0	0.0	0.0	0.0	0.0	0.0
515	0.0	0.0	0.0	0.0	0.0	0.0	0.0
516	0.0	0.0	0.0	0.0	0.0	0.0	0.0
517	0.0	0.0	0.0	0.0	0.0	0.0	0.0
518	0.0	0.0	0.0	0.0	0.0	0.0	0.0
519	0.0	0.0	0.0	0.0	0.0	0.0	0.0
