all_syn	all_nonSyn	tip_syn	tip_nonSyn	S	N	comparisons
001	0.0	0.0	0.0	0.0	0.0	0.0	0.0
002	0.0	0.0	0.0	0.0	0.0	0.0	0.0
003	3.0	3.0	2.0	3.0	3.333	8.667	3.0
004	2.0	1.0	2.0	1.0	2.3360000000000003	6.664	3.0
005	1.0	0.0	0.0	0.0	0.3330000000000002	2.667	0.0
006	0.0	0.0	0.0	0.0	0.0	0.0	0.0
007	0.0	0.0	0.0	0.0	0.0	0.0	0.0
008	0.0	0.0	0.0	0.0	0.0	0.0	0.0
009	0.0	0.0	0.0	0.0	0.0	0.0	0.0
010	0.0	0.0	0.0	0.0	0.0	0.0	0.0
011	2.0	0.0	1.0	0.0	0.6660000000000004	5.334	1.0
012	2.0	0.0	2.0	0.0	2.4	3.6	2.0
013	3.0	0.0	2.0	0.0	2.668	6.332	2.0
014	0.0	0.0	0.0	0.0	0.0	0.0	0.0
015	2.0	0.0	2.0	0.0	2.0	4.0	2.0
016	3.0	2.0	2.0	2.0	3.0	9.0	3.0
017	0.0	1.0	0.0	1.0	0.6680000000000001	2.332	1.0
018	3.0	0.0	1.0	0.0	3.0	6.0	1.0
019	2.0	0.0	1.0	0.0	2.0	4.0	1.0
020	4.0	1.0	2.0	1.0	4.668	10.332	3.0
021	0.0	4.0	0.0	3.0	3.0	9.0	3.0
022	3.0	1.0	2.0	1.0	3.0	6.0	2.0
023	1.0	1.0	1.0	1.0	1.0	2.0	1.0
024	0.0	4.0	0.0	4.0	2.6720000000000006	9.328	4.0
025	1.0	0.0	1.0	0.0	1.0	2.0	1.0
026	1.0	1.0	1.0	1.0	1.3330000000000002	4.667	2.0
027	3.0	2.0	2.0	1.0	3.333	8.667	3.0
028	3.0	2.0	2.0	2.0	3.068	5.932	2.0
029	0.0	1.0	0.0	1.0	0.3330000000000002	2.667	1.0
030	1.0	4.0	1.0	2.0	1.9990000000000006	10.001	3.0
031	0.0	0.0	0.0	0.0	0.0	0.0	0.0
032	2.0	2.0	1.0	0.0	2.333	6.667	1.0
033	0.0	1.0	0.0	1.0	1.0	2.0	1.0
034	2.0	1.0	2.0	0.0	2.0	7.0	2.0
035	1.0	2.0	1.0	0.0	1.3330000000000002	4.667	1.0
036	2.0	1.0	1.0	1.0	3.0	6.0	2.0
037	3.0	1.0	2.0	1.0	3.668	8.332	3.0
038	0.0	4.0	0.0	2.0	1.6660000000000004	7.334	2.0
039	2.0	0.0	2.0	0.0	0.6660000000000004	5.334	2.0
040	2.0	2.0	2.0	1.0	4.0	8.0	3.0
041	2.0	0.0	1.0	0.0	2.0	4.0	1.0
042	0.0	1.0	0.0	0.0	0.3330000000000002	2.667	0.0
043	1.0	4.0	1.0	3.0	3.333	8.667	3.0
044	2.0	1.0	1.0	0.0	3.0	6.0	1.0
045	1.0	1.0	1.0	1.0	0.6660000000000004	5.334	2.0
046	1.0	0.0	1.0	0.0	0.3330000000000002	2.667	1.0
047	0.0	0.0	0.0	0.0	0.0	0.0	0.0
048	0.0	0.0	0.0	0.0	0.0	0.0	0.0
049	0.0	0.0	0.0	0.0	0.0	0.0	0.0
050	0.0	0.0	0.0	0.0	0.0	0.0	0.0
051	0.0	0.0	0.0	0.0	0.0	0.0	0.0
052	0.0	0.0	0.0	0.0	0.0	0.0	0.0
053	0.0	0.0	0.0	0.0	0.0	0.0	0.0
054	2.0	1.0	2.0	1.0	1.6680000000000001	4.332	2.0
055	0.0	1.0	0.0	1.0	0.6680000000000001	2.332	1.0
056	1.0	1.0	1.0	1.0	1.3330000000000002	4.667	2.0
057	1.0	0.0	1.0	0.0	1.0	2.0	1.0
058	2.0	2.0	2.0	2.0	2.4	3.6	2.0
059	3.0	0.0	0.0	0.0	3.0	6.0	0.0
060	1.0	0.0	0.0	0.0	0.3330000000000002	2.667	0.0
061	0.0	0.0	0.0	0.0	0.0	0.0	0.0
062	0.0	0.0	0.0	0.0	0.0	0.0	0.0
063	0.0	0.0	0.0	0.0	0.0	0.0	0.0
064	0.0	0.0	0.0	0.0	0.0	0.0	0.0
065	0.0	0.0	0.0	0.0	0.0	0.0	0.0
066	3.0	3.0	2.0	2.0	3.333	8.667	2.0
067	0.0	1.0	0.0	1.0	1.0	2.0	1.0
068	2.0	3.0	1.0	1.0	2.9990000000000006	12.001	2.0
069	0.0	3.0	0.0	1.0	0.6660000000000004	8.334	1.0
070	0.0	0.0	0.0	0.0	0.0	0.0	0.0
071	0.0	0.0	0.0	0.0	0.0	0.0	0.0
072	0.0	0.0	0.0	0.0	0.0	0.0	0.0
073	2.0	0.0	2.0	0.0	2.0	4.0	2.0
074	2.0	0.0	1.0	0.0	2.0	4.0	1.0
075	3.0	0.0	0.0	0.0	2.0040000000000004	6.9959999999999996	0.0
076	2.0	2.0	0.0	2.0	3.0	6.0	1.0
077	1.0	1.0	0.0	1.0	1.6680000000000001	4.332	1.0
078	0.0	2.0	0.0	2.0	1.3360000000000003	4.664	2.0
079	0.0	1.0	0.0	1.0	1.0	2.0	1.0
080	3.0	1.0	3.0	1.0	2.333	6.667	3.0
081	2.0	2.0	2.0	2.0	2.668	6.332	3.0
082	3.0	1.0	2.0	1.0	3.333	8.667	3.0
083	2.0	0.0	0.0	0.0	2.068	3.932	0.0
084	1.0	0.0	1.0	0.0	0.6680000000000001	2.332	1.0
085	0.0	1.0	0.0	1.0	1.0	2.0	1.0
086	2.0	0.0	1.0	0.0	0.6660000000000004	5.334	1.0
087	2.0	0.0	2.0	0.0	2.0	4.0	2.0
088	2.0	1.0	2.0	1.0	1.6680000000000001	4.332	2.0
089	3.0	0.0	1.0	0.0	3.0	6.0	1.0
090	0.0	0.0	0.0	0.0	0.0	0.0	0.0
091	3.0	0.0	1.0	0.0	0.9990000000000006	8.001	1.0
092	2.0	1.0	1.0	1.0	2.3360000000000003	6.664	2.0
093	2.0	0.0	1.0	0.0	1.3360000000000003	4.664	1.0
094	2.0	0.0	2.0	0.0	2.0	4.0	2.0
095	0.0	0.0	0.0	0.0	0.0	0.0	0.0
096	4.0	2.0	3.0	2.0	3.0	9.0	3.0
097	0.0	0.0	0.0	0.0	0.0	0.0	0.0
098	0.0	0.0	0.0	0.0	0.0	0.0	0.0
099	3.0	0.0	1.0	0.0	3.0	6.0	1.0
100	5.0	0.0	3.0	0.0	5.136	9.864	3.0
101	2.0	0.0	1.0	0.0	2.0	4.0	1.0
102	0.0	0.0	0.0	0.0	0.0	0.0	0.0
103	1.0	0.0	1.0	0.0	0.3330000000000002	2.667	1.0
104	1.0	0.0	1.0	0.0	0.3330000000000002	2.667	1.0
105	2.0	2.0	0.0	2.0	1.6660000000000004	7.334	1.0
106	0.0	0.0	0.0	0.0	0.0	0.0	0.0
107	0.0	1.0	0.0	1.0	0.3330000000000002	2.667	1.0
108	1.0	1.0	1.0	1.0	1.0	2.0	1.0
109	0.0	0.0	0.0	0.0	0.0	0.0	0.0
110	3.0	0.0	2.0	0.0	1.6680000000000001	4.332	1.0
111	0.0	0.0	0.0	0.0	0.0	0.0	0.0
112	0.0	0.0	0.0	0.0	0.0	0.0	0.0
113	1.0	0.0	1.0	0.0	0.3330000000000002	2.667	1.0
114	2.0	0.0	1.0	0.0	2.0	4.0	1.0
115	0.0	2.0	0.0	2.0	0.3330000000000002	2.667	1.0
116	0.0	0.0	0.0	0.0	0.0	0.0	0.0
117	0.0	0.0	0.0	0.0	0.0	0.0	0.0
118	3.0	0.0	2.0	0.0	3.0	6.0	2.0
119	0.0	0.0	0.0	0.0	0.0	0.0	0.0
120	0.0	0.0	0.0	0.0	0.0	0.0	0.0
121	3.0	0.0	2.0	0.0	0.9990000000000006	8.001	2.0
122	3.0	2.0	2.0	2.0	3.0	6.0	2.0
123	2.0	0.0	2.0	0.0	2.0	4.0	2.0
124	3.0	2.0	2.0	2.0	1.6660000000000004	7.334	2.0
125	3.0	1.0	0.0	1.0	3.333	8.667	1.0
126	2.0	1.0	1.0	1.0	2.333	6.667	2.0
127	1.0	2.0	1.0	2.0	0.3330000000000002	2.667	1.0
128	2.0	0.0	0.0	0.0	0.6660000000000004	5.334	0.0
129	1.0	0.0	1.0	0.0	0.3330000000000002	2.667	1.0
130	2.0	2.0	1.0	1.0	1.3320000000000007	10.668	2.0
131	0.0	0.0	0.0	0.0	0.0	0.0	0.0
132	0.0	0.0	0.0	0.0	0.0	0.0	0.0
133	2.0	1.0	1.0	0.0	0.9990000000000006	8.001	1.0
134	4.0	3.0	2.0	2.0	4.333	10.667	3.0
135	0.0	0.0	0.0	0.0	0.0	0.0	0.0
136	1.0	0.0	0.0	0.0	0.3330000000000002	2.667	0.0
137	1.0	1.0	1.0	0.0	2.0	4.0	1.0
138	0.0	0.0	0.0	0.0	0.0	0.0	0.0
139	0.0	0.0	0.0	0.0	0.0	0.0	0.0
140	0.0	0.0	0.0	0.0	0.0	0.0	0.0
141	1.0	1.0	0.0	1.0	2.4	3.6	1.0
142	2.0	1.0	2.0	1.0	2.0	4.0	2.0
143	0.0	2.0	0.0	2.0	2.0	4.0	2.0
144	3.0	2.0	1.0	2.0	1.9990000000000006	10.001	2.0
145	1.0	0.0	1.0	0.0	0.3330000000000002	2.667	1.0
146	3.0	0.0	1.0	0.0	3.0	6.0	1.0
147	0.0	0.0	0.0	0.0	0.0	0.0	0.0
148	1.0	0.0	1.0	0.0	0.3330000000000002	2.667	1.0
149	3.0	0.0	2.0	0.0	3.0	6.0	2.0
150	1.0	0.0	1.0	0.0	0.3330000000000002	2.667	1.0
151	3.0	1.0	3.0	1.0	3.0	6.0	3.0
152	2.0	1.0	1.0	1.0	3.0	6.0	2.0
153	0.0	0.0	0.0	0.0	0.0	0.0	0.0
154	3.0	5.0	2.0	3.0	4.666	13.334	4.0
155	1.0	0.0	0.0	0.0	1.0	2.0	0.0
156	2.0	3.0	1.0	3.0	3.333	8.667	3.0
157	1.0	1.0	1.0	0.0	2.0	4.0	1.0
158	0.0	1.0	0.0	1.0	0.6680000000000001	2.332	1.0
159	1.0	2.0	1.0	0.0	2.0	4.0	1.0
160	1.0	2.0	1.0	1.0	3.0	6.0	2.0
161	2.0	0.0	2.0	0.0	2.0	4.0	2.0
162	1.0	0.0	1.0	0.0	0.3330000000000002	2.667	1.0
163	1.0	2.0	0.0	0.0	1.3330000000000002	4.667	0.0
164	1.0	2.0	1.0	0.0	0.6660000000000004	5.334	1.0
165	0.0	3.0	0.0	2.0	2.333	6.667	2.0
166	2.0	2.0	2.0	0.0	1.6660000000000004	7.334	2.0
167	1.0	0.0	1.0	0.0	1.0	2.0	1.0
168	1.0	3.0	1.0	2.0	4.0	8.0	3.0
169	1.0	2.0	1.0	2.0	1.0	2.0	1.0
170	1.0	4.0	0.0	3.0	3.333	8.667	3.0
171	1.0	1.0	1.0	1.0	2.0	4.0	2.0
172	1.0	1.0	0.0	1.0	0.6660000000000004	5.334	1.0
173	2.0	1.0	2.0	1.0	1.3330000000000002	4.667	2.0
174	1.0	0.0	1.0	0.0	1.0	2.0	1.0
175	2.0	0.0	2.0	0.0	2.0	4.0	2.0
176	3.0	0.0	2.0	0.0	3.0	6.0	2.0
177	2.0	2.0	1.0	1.0	4.0	8.0	2.0
178	1.0	1.0	0.0	1.0	2.0	4.0	1.0
179	1.0	1.0	1.0	0.0	2.0	4.0	1.0
180	0.0	2.0	0.0	1.0	1.3330000000000002	4.667	1.0
181	1.0	1.0	1.0	1.0	1.0	2.0	1.0
182	0.0	0.0	0.0	0.0	0.0	0.0	0.0
183	0.0	1.0	0.0	0.0	1.0	2.0	0.0
184	0.0	1.0	0.0	0.0	1.0	2.0	0.0
185	3.0	4.0	2.0	2.0	3.333	8.667	2.0
186	3.0	1.0	1.0	1.0	4.0	8.0	2.0
187	2.0	4.0	1.0	2.0	4.0	8.0	3.0
188	4.0	3.0	2.0	2.0	6.0	12.0	3.0
189	2.0	2.0	1.0	1.0	4.0	8.0	2.0
190	3.0	2.0	2.0	1.0	4.0	8.0	2.0
191	2.0	1.0	2.0	1.0	3.0	6.0	3.0
192	3.0	0.0	2.0	0.0	3.0	6.0	2.0
193	4.0	0.0	2.0	0.0	4.0	8.0	2.0
194	0.0	0.0	0.0	0.0	0.0	0.0	0.0
195	1.0	0.0	0.0	0.0	0.3330000000000002	2.667	0.0
196	0.0	0.0	0.0	0.0	0.0	0.0	0.0
197	2.0	0.0	1.0	0.0	0.6660000000000004	5.334	1.0
198	2.0	0.0	2.0	0.0	0.6660000000000004	5.334	2.0
199	1.0	2.0	1.0	2.0	0.9990000000000006	8.001	3.0
200	2.0	0.0	2.0	0.0	2.0	4.0	2.0
201	1.0	3.0	1.0	3.0	1.3330000000000002	4.667	2.0
202	1.0	0.0	1.0	0.0	0.3330000000000002	2.667	1.0
203	3.0	2.0	3.0	2.0	2.333	6.667	3.0
204	4.0	2.0	3.0	2.0	4.668	10.332	4.0
205	0.0	3.0	0.0	2.0	2.0	4.0	1.0
206	0.0	1.0	0.0	1.0	0.3330000000000002	2.667	1.0
207	0.0	0.0	0.0	0.0	0.0	0.0	0.0
208	2.0	1.0	1.0	1.0	2.333	6.667	2.0
209	2.0	2.0	1.0	2.0	1.733	4.2669999999999995	1.0
210	2.0	2.0	1.0	2.0	3.0	6.0	2.0
211	2.0	0.0	0.0	0.0	0.6660000000000004	5.334	0.0
212	2.0	1.0	1.0	1.0	3.0	6.0	2.0
213	3.0	0.0	2.0	0.0	3.4	5.6	2.0
214	2.0	0.0	2.0	0.0	2.0	4.0	2.0
215	3.0	0.0	2.0	0.0	3.0	6.0	2.0
216	0.0	0.0	0.0	0.0	0.0	0.0	0.0
217	0.0	0.0	0.0	0.0	0.0	0.0	0.0
218	2.0	1.0	2.0	1.0	1.3330000000000002	4.667	2.0
219	0.0	0.0	0.0	0.0	0.0	0.0	0.0
220	1.0	0.0	1.0	0.0	0.3330000000000002	2.667	1.0
221	1.0	1.0	1.0	1.0	1.3330000000000002	4.667	2.0
222	4.0	0.0	3.0	0.0	4.0	8.0	3.0
223	2.0	0.0	1.0	0.0	2.0	4.0	1.0
224	3.0	0.0	2.0	0.0	3.0	6.0	2.0
225	0.0	0.0	0.0	0.0	0.0	0.0	0.0
226	1.0	1.0	1.0	1.0	1.0	2.0	1.0
227	1.0	1.0	0.0	1.0	1.6680000000000001	4.332	1.0
228	2.0	1.0	1.0	1.0	3.0	6.0	2.0
229	2.0	2.0	2.0	1.0	4.068	7.932	3.0
230	0.0	2.0	0.0	2.0	1.0	2.0	1.0
231	1.0	1.0	1.0	1.0	0.3330000000000002	2.667	1.0
232	0.0	0.0	0.0	0.0	0.0	0.0	0.0
233	1.0	2.0	1.0	1.0	2.0	4.0	1.0
234	1.0	0.0	1.0	0.0	1.0	2.0	1.0
235	1.0	0.0	1.0	0.0	0.3330000000000002	2.667	1.0
236	3.0	1.0	2.0	1.0	3.468	8.532	3.0
237	2.0	1.0	1.0	1.0	0.9990000000000006	8.001	2.0
238	0.0	2.0	0.0	2.0	1.0	2.0	1.0
239	0.0	0.0	0.0	0.0	0.0	0.0	0.0
240	0.0	1.0	0.0	1.0	0.3330000000000002	2.667	1.0
241	0.0	0.0	0.0	0.0	0.0	0.0	0.0
242	2.0	0.0	1.0	0.0	2.0	4.0	1.0
243	2.0	1.0	1.0	1.0	3.0	6.0	2.0
244	3.0	1.0	1.0	1.0	4.0	8.0	2.0
245	2.0	1.0	1.0	1.0	3.0	6.0	2.0
246	2.0	1.0	0.0	1.0	2.333	6.667	1.0
247	0.0	1.0	0.0	1.0	0.3330000000000002	2.667	1.0
248	1.0	3.0	0.0	1.0	1.0	5.0	1.0
249	0.0	0.0	0.0	0.0	0.0	0.0	0.0
250	0.0	0.0	0.0	0.0	0.0	0.0	0.0
251	0.0	0.0	0.0	0.0	0.0	0.0	0.0
252	0.0	0.0	0.0	0.0	0.0	0.0	0.0
253	0.0	0.0	0.0	0.0	0.0	0.0	0.0
254	2.0	3.0	1.0	3.0	3.333	8.667	3.0
255	3.0	1.0	3.0	0.0	3.333	8.667	3.0
256	1.0	2.0	1.0	1.0	1.6660000000000004	7.334	2.0
257	0.0	4.0	0.0	3.0	1.6680000000000001	7.332	2.0
258	2.0	0.0	0.0	0.0	2.0	4.0	0.0
259	2.0	0.0	2.0	0.0	2.4	3.6	2.0
260	0.0	1.0	0.0	1.0	1.4	1.6	1.0
261	2.0	0.0	1.0	0.0	2.0	4.0	1.0
262	3.0	1.0	2.0	1.0	4.0	8.0	3.0
263	1.0	2.0	1.0	2.0	1.3330000000000002	4.667	2.0
264	3.0	0.0	3.0	0.0	3.0	6.0	3.0
265	1.0	2.0	1.0	1.0	1.0	5.0	1.0
266	1.0	2.0	0.0	2.0	1.3330000000000002	4.667	1.0
267	2.0	1.0	1.0	1.0	1.3330000000000002	4.667	1.0
268	3.0	1.0	3.0	1.0	2.333	6.667	3.0
269	0.0	4.0	0.0	3.0	1.6660000000000004	7.334	2.0
270	0.0	2.0	0.0	2.0	1.0	2.0	1.0
271	3.0	1.0	2.0	1.0	3.0	6.0	2.0
272	0.0	2.0	0.0	2.0	2.4	3.6	2.0
273	2.0	2.0	1.0	2.0	2.333	6.667	2.0
274	4.0	4.0	4.0	4.0	3.333	8.667	4.0
275	1.0	4.0	1.0	3.0	3.333	8.667	3.0
276	0.0	5.0	0.0	3.0	1.3340000000000005	7.6659999999999995	2.0
277	0.0	3.0	0.0	2.0	2.0010000000000003	6.999	2.0
278	3.0	2.0	3.0	2.0	3.0	6.0	3.0
279	2.0	3.0	1.0	3.0	1.3320000000000007	10.668	3.0
280	3.0	2.0	2.0	2.0	4.4	7.6	3.0
281	1.0	3.0	0.0	3.0	2.333	6.667	2.0
282	0.0	4.0	0.0	3.0	1.6660000000000004	7.334	2.0
283	3.0	2.0	2.0	1.0	4.333	10.667	3.0
284	0.0	0.0	0.0	0.0	0.0	0.0	0.0
285	1.0	0.0	0.0	0.0	1.0	2.0	0.0
286	1.0	0.0	1.0	0.0	1.0	2.0	1.0
287	2.0	1.0	2.0	1.0	2.0	4.0	2.0
288	0.0	2.0	0.0	2.0	1.0	2.0	1.0
289	1.0	2.0	1.0	2.0	1.0	2.0	1.0
290	0.0	2.0	0.0	2.0	0.6680000000000001	2.332	1.0
291	0.0	0.0	0.0	0.0	0.0	0.0	0.0
292	1.0	2.0	1.0	1.0	2.0	4.0	1.0
293	1.0	1.0	0.0	1.0	0.6660000000000004	5.334	1.0
294	0.0	2.0	0.0	1.0	2.0	4.0	1.0
295	0.0	0.0	0.0	0.0	0.0	0.0	0.0
296	2.0	3.0	0.0	1.0	2.333	6.667	1.0
297	1.0	2.0	0.0	0.0	2.0	4.0	0.0
298	1.0	1.0	1.0	0.0	2.0	4.0	1.0
299	2.0	2.0	0.0	0.0	0.6660000000000004	5.334	0.0
300	0.0	1.0	0.0	1.0	1.0	2.0	1.0
301	2.0	0.0	1.0	0.0	0.6660000000000004	5.334	1.0
302	1.0	1.0	1.0	1.0	2.0	4.0	2.0
303	1.0	2.0	0.0	1.0	2.0	4.0	1.0
304	1.0	2.0	0.0	0.0	1.3330000000000002	4.667	0.0
305	1.0	1.0	1.0	1.0	1.0	2.0	1.0
306	0.0	0.0	0.0	0.0	0.0	0.0	0.0
307	2.0	0.0	2.0	0.0	2.0	4.0	2.0
308	0.0	2.0	0.0	0.0	0.3330000000000002	2.667	0.0
309	1.0	2.0	1.0	1.0	1.3330000000000002	4.667	1.0
310	0.0	2.0	0.0	0.0	0.3330000000000002	2.667	0.0
311	0.0	0.0	0.0	0.0	0.0	0.0	0.0
312	2.0	1.0	1.0	0.0	0.9990000000000006	8.001	1.0
313	0.0	0.0	0.0	0.0	0.0	0.0	0.0
314	1.0	2.0	1.0	0.0	1.3330000000000002	4.667	1.0
315	1.0	1.0	0.0	0.0	2.0	4.0	0.0
316	0.0	0.0	0.0	0.0	0.0	0.0	0.0
317	1.0	0.0	0.0	0.0	1.0	2.0	0.0
318	2.0	0.0	2.0	0.0	0.6660000000000004	5.334	2.0
319	2.0	2.0	2.0	1.0	3.0	6.0	2.0
320	3.0	4.0	1.0	2.0	3.6660000000000004	11.334	1.0
321	2.0	2.0	1.0	2.0	2.0	4.0	1.0
322	2.0	3.0	1.0	3.0	3.0	6.0	2.0
323	0.0	1.0	0.0	0.0	1.0	2.0	0.0
324	1.0	0.0	1.0	0.0	1.0	2.0	1.0
325	3.0	2.0	2.0	1.0	3.0	6.0	2.0
326	0.0	3.0	0.0	1.0	0.9990000000000006	8.001	1.0
327	2.0	2.0	2.0	2.0	1.3330000000000002	4.667	2.0
328	1.0	3.0	1.0	1.0	2.333	6.667	2.0
329	1.0	2.0	0.0	0.0	1.0	2.0	0.0
330	0.0	1.0	0.0	1.0	0.3330000000000002	2.667	1.0
331	1.0	2.0	1.0	1.0	2.333	6.667	2.0
332	2.0	1.0	1.0	0.0	2.0	4.0	1.0
333	1.0	0.0	1.0	0.0	1.0	2.0	1.0
334	0.0	0.0	0.0	0.0	0.0	0.0	0.0
335	0.0	1.0	0.0	1.0	1.0	2.0	1.0
336	1.0	0.0	0.0	0.0	1.0	2.0	0.0
337	2.0	1.0	1.0	0.0	3.0	6.0	1.0
338	1.0	1.0	1.0	0.0	2.0	4.0	1.0
339	1.0	2.0	0.0	0.0	1.0	2.0	0.0
340	1.0	1.0	0.0	0.0	2.0	4.0	0.0
341	1.0	2.0	0.0	0.0	2.0	4.0	0.0
342	1.0	0.0	0.0	0.0	1.0	2.0	0.0
343	1.0	0.0	0.0	0.0	1.0	2.0	0.0
344	0.0	0.0	0.0	0.0	0.0	0.0	0.0
345	0.0	0.0	0.0	0.0	0.0	0.0	0.0
346	2.0	0.0	1.0	0.0	2.0	4.0	1.0
347	0.0	0.0	0.0	0.0	0.0	0.0	0.0
348	0.0	2.0	0.0	1.0	2.0	4.0	1.0
349	1.0	0.0	1.0	0.0	0.3330000000000002	2.667	1.0
350	1.0	0.0	1.0	0.0	1.0	2.0	1.0
351	1.0	5.0	0.0	3.0	4.002000000000001	13.998	3.0
352	0.0	0.0	0.0	0.0	0.0	0.0	0.0
353	1.0	3.0	0.0	2.0	4.0	8.0	2.0
354	1.0	0.0	0.0	0.0	1.0	2.0	0.0
355	1.0	0.0	0.0	0.0	0.3330000000000002	2.667	0.0
356	0.0	2.0	0.0	0.0	1.3330000000000002	4.667	0.0
357	2.0	1.0	0.0	0.0	1.3330000000000002	4.667	0.0
358	0.0	2.0	0.0	1.0	1.3330000000000002	4.667	1.0
359	0.0	0.0	0.0	0.0	0.0	0.0	0.0
360	0.0	0.0	0.0	0.0	0.0	0.0	0.0
361	0.0	0.0	0.0	0.0	0.0	0.0	0.0
362	0.0	4.0	0.0	2.0	1.3330000000000002	4.667	1.0
363	2.0	0.0	1.0	0.0	2.0	4.0	1.0
364	2.0	0.0	0.0	0.0	0.6660000000000004	5.334	0.0
365	2.0	0.0	1.0	0.0	2.0	4.0	1.0
366	0.0	3.0	0.0	3.0	1.6660000000000004	7.334	3.0
367	1.0	0.0	0.0	0.0	0.3330000000000002	2.667	0.0
368	1.0	0.0	0.0	0.0	1.0	2.0	0.0
369	2.0	0.0	1.0	0.0	2.0	4.0	1.0
370	1.0	0.0	1.0	0.0	0.3330000000000002	2.667	1.0
371	2.0	0.0	0.0	0.0	2.0	4.0	0.0
372	0.0	1.0	0.0	0.0	0.3330000000000002	2.667	0.0
373	0.0	0.0	0.0	0.0	0.0	0.0	0.0
374	1.0	1.0	1.0	0.0	2.0	4.0	1.0
375	2.0	0.0	0.0	0.0	2.0	4.0	0.0
376	1.0	1.0	0.0	0.0	1.0	2.0	0.0
377	1.0	0.0	0.0	0.0	0.3330000000000002	2.667	0.0
378	0.0	0.0	0.0	0.0	0.0	0.0	0.0
379	1.0	1.0	1.0	0.0	1.3330000000000002	4.667	1.0
380	0.0	0.0	0.0	0.0	0.0	0.0	0.0
381	0.0	4.0	0.0	1.0	1.6660000000000004	7.334	1.0
382	1.0	0.0	1.0	0.0	1.0	2.0	1.0
383	2.0	1.0	1.0	0.0	0.9990000000000006	8.001	1.0
384	2.0	2.0	1.0	0.0	2.6660000000000004	9.334	1.0
385	0.0	2.0	0.0	1.0	1.3330000000000002	4.667	1.0
386	1.0	0.0	1.0	0.0	0.3330000000000002	2.667	1.0
387	2.0	0.0	0.0	0.0	0.6660000000000004	5.334	0.0
388	0.0	0.0	0.0	0.0	0.0	0.0	0.0
389	1.0	1.0	0.0	0.0	0.3330000000000002	2.667	0.0
390	1.0	0.0	0.0	0.0	1.0	2.0	0.0
391	1.0	0.0	1.0	0.0	0.3330000000000002	2.667	1.0
392	2.0	0.0	1.0	0.0	2.0	4.0	1.0
393	0.0	1.0	0.0	0.0	0.6680000000000001	2.332	0.0
394	1.0	0.0	1.0	0.0	1.0	2.0	1.0
395	1.0	1.0	0.0	0.0	1.3330000000000002	4.667	0.0
396	0.0	0.0	0.0	0.0	0.0	0.0	0.0
397	1.0	0.0	0.0	0.0	1.0	2.0	0.0
398	2.0	0.0	0.0	0.0	0.6680000000000001	2.332	0.0
399	0.0	3.0	0.0	2.0	2.0010000000000003	6.999	2.0
400	1.0	0.0	0.0	0.0	1.0	2.0	0.0
401	1.0	0.0	1.0	0.0	1.0	2.0	1.0
402	2.0	0.0	1.0	0.0	0.6660000000000004	5.334	1.0
403	0.0	0.0	0.0	0.0	0.0	0.0	0.0
404	1.0	0.0	0.0	0.0	1.0	2.0	0.0
405	2.0	1.0	1.0	0.0	3.0	6.0	1.0
406	1.0	2.0	1.0	1.0	1.6680000000000001	4.332	1.0
407	1.0	0.0	0.0	0.0	1.0	2.0	0.0
408	2.0	0.0	1.0	0.0	2.0	4.0	1.0
409	1.0	0.0	1.0	0.0	0.3330000000000002	2.667	1.0
410	0.0	0.0	0.0	0.0	0.0	0.0	0.0
411	1.0	0.0	0.0	0.0	1.0	2.0	0.0
412	1.0	0.0	0.0	0.0	1.0	2.0	0.0
413	0.0	0.0	0.0	0.0	0.0	0.0	0.0
414	3.0	0.0	2.0	0.0	3.0	6.0	2.0
415	2.0	1.0	0.0	1.0	3.0	6.0	1.0
416	2.0	0.0	1.0	0.0	2.0	4.0	1.0
417	1.0	0.0	0.0	0.0	0.3330000000000002	2.667	0.0
418	2.0	0.0	0.0	0.0	2.0	4.0	0.0
419	1.0	0.0	0.0	0.0	1.0	2.0	0.0
420	2.0	2.0	2.0	2.0	1.3330000000000002	4.667	2.0
421	1.0	1.0	0.0	1.0	2.0	4.0	1.0
422	3.0	2.0	1.0	2.0	2.333	6.667	1.0
423	1.0	1.0	1.0	1.0	1.0	2.0	1.0
424	1.0	1.0	1.0	0.0	2.0	4.0	1.0
425	1.0	0.0	1.0	0.0	1.0	2.0	1.0
426	0.0	2.0	0.0	1.0	1.3330000000000002	4.667	1.0
427	1.0	0.0	0.0	0.0	1.0	2.0	0.0
428	0.0	0.0	0.0	0.0	0.0	0.0	0.0
429	2.0	0.0	2.0	0.0	2.0	4.0	2.0
430	2.0	0.0	1.0	0.0	2.0	4.0	1.0
431	4.0	0.0	1.0	0.0	4.0	8.0	1.0
432	2.0	0.0	0.0	0.0	2.0	4.0	0.0
433	0.0	4.0	0.0	2.0	1.9990000000000006	10.001	2.0
434	0.0	3.0	0.0	3.0	1.3330000000000002	4.667	2.0
435	2.0	0.0	1.0	0.0	0.6660000000000004	5.334	1.0
436	1.0	1.0	0.0	0.0	0.6660000000000004	5.334	0.0
437	1.0	0.0	0.0	0.0	1.0	2.0	0.0
438	2.0	0.0	0.0	0.0	2.0	4.0	0.0
439	0.0	2.0	0.0	1.0	1.3330000000000002	4.667	1.0
440	1.0	1.0	1.0	1.0	1.0	2.0	1.0
441	1.0	0.0	1.0	0.0	1.0	2.0	1.0
442	0.0	0.0	0.0	0.0	0.0	0.0	0.0
443	1.0	0.0	1.0	0.0	1.0	2.0	1.0
444	1.0	2.0	1.0	2.0	1.0	2.0	1.0
445	1.0	0.0	0.0	0.0	0.3330000000000002	2.667	0.0
446	0.0	0.0	0.0	0.0	0.0	0.0	0.0
447	1.0	0.0	0.0	0.0	1.0	2.0	0.0
448	0.0	1.0	0.0	0.0	0.6680000000000001	2.332	0.0
449	1.0	0.0	0.0	0.0	1.0	2.0	0.0
450	0.0	0.0	0.0	0.0	0.0	0.0	0.0
451	0.0	0.0	0.0	0.0	0.0	0.0	0.0
452	0.0	0.0	0.0	0.0	0.0	0.0	0.0
453	0.0	1.0	0.0	0.0	1.0	2.0	0.0
454	1.0	2.0	0.0	0.0	1.0	2.0	0.0
455	0.0	1.0	0.0	0.0	0.3330000000000002	2.667	0.0
456	0.0	0.0	0.0	0.0	0.0	0.0	0.0
457	1.0	0.0	0.0	0.0	1.0	2.0	0.0
458	2.0	0.0	0.0	0.0	0.6680000000000001	2.332	0.0
459	0.0	0.0	0.0	0.0	0.0	0.0	0.0
460	1.0	0.0	0.0	0.0	1.0	2.0	0.0
461	1.0	0.0	0.0	0.0	1.0	2.0	0.0
462	1.0	0.0	0.0	0.0	1.0	2.0	0.0
463	1.0	0.0	1.0	0.0	0.3330000000000002	2.667	1.0
464	0.0	0.0	0.0	0.0	0.0	0.0	0.0
465	1.0	0.0	1.0	0.0	0.3330000000000002	2.667	1.0
466	1.0	2.0	1.0	2.0	0.6660000000000004	5.334	2.0
467	0.0	2.0	0.0	2.0	1.3330000000000002	4.667	2.0
468	1.0	0.0	0.0	0.0	0.3330000000000002	2.667	0.0
469	0.0	0.0	0.0	0.0	0.0	0.0	0.0
470	1.0	0.0	0.0	0.0	0.3330000000000002	2.667	0.0
471	0.0	1.0	0.0	1.0	0.3330000000000002	2.667	1.0
472	1.0	0.0	0.0	0.0	0.3330000000000002	2.667	0.0
473	0.0	0.0	0.0	0.0	0.0	0.0	0.0
474	0.0	0.0	0.0	0.0	0.0	0.0	0.0
475	1.0	2.0	1.0	0.0	3.0	6.0	1.0
476	3.0	2.0	2.0	2.0	1.6660000000000004	7.334	2.0
477	1.0	0.0	1.0	0.0	0.3330000000000002	2.667	1.0
478	0.0	0.0	0.0	0.0	0.0	0.0	0.0
479	1.0	0.0	1.0	0.0	0.3330000000000002	2.667	1.0
480	1.0	2.0	0.0	1.0	1.3330000000000002	4.667	1.0
481	2.0	0.0	0.0	0.0	2.0	4.0	0.0
482	1.0	1.0	0.0	0.0	0.3330000000000002	2.667	0.0
483	1.0	0.0	0.0	0.0	0.3330000000000002	2.667	0.0
484	2.0	0.0	0.0	0.0	0.6660000000000004	5.334	0.0
485	1.0	2.0	0.0	2.0	2.0	4.0	1.0
486	2.0	2.0	2.0	2.0	1.3330000000000002	4.667	2.0
487	2.0	1.0	1.0	0.0	2.0	4.0	1.0
488	1.0	2.0	1.0	1.0	1.3330000000000002	4.667	1.0
489	3.0	0.0	1.0	0.0	2.668	6.332	1.0
490	1.0	0.0	0.0	0.0	0.3330000000000002	2.667	0.0
491	0.0	0.0	0.0	0.0	0.0	0.0	0.0
492	1.0	0.0	0.0	0.0	1.0	2.0	0.0
493	1.0	0.0	1.0	0.0	1.0	2.0	1.0
494	1.0	1.0	1.0	1.0	0.6660000000000004	5.334	2.0
495	2.0	1.0	0.0	1.0	3.0	6.0	1.0
496	1.0	1.0	0.0	1.0	1.3330000000000002	4.667	1.0
497	2.0	0.0	1.0	0.0	2.0	4.0	1.0
498	3.0	0.0	2.0	0.0	3.0	6.0	2.0
499	1.0	0.0	0.0	0.0	1.4	1.6	0.0
500	2.0	0.0	1.0	0.0	2.0	4.0	1.0
501	1.0	2.0	0.0	1.0	1.3330000000000002	4.667	1.0
502	2.0	0.0	1.0	0.0	2.0	4.0	1.0
503	0.0	2.0	0.0	2.0	1.0	2.0	1.0
504	2.0	3.0	2.0	3.0	2.0	4.0	2.0
505	0.0	0.0	0.0	0.0	0.0	0.0	0.0
506	0.0	2.0	0.0	0.0	0.6660000000000004	5.334	0.0
507	0.0	1.0	0.0	1.0	0.6680000000000001	2.332	1.0
508	1.0	2.0	1.0	1.0	2.0	4.0	1.0
509	0.0	0.0	0.0	0.0	0.0	0.0	0.0
510	0.0	0.0	0.0	0.0	0.0	0.0	0.0
511	2.0	2.0	0.0	0.0	1.3330000000000002	4.667	0.0
512	2.0	2.0	1.0	2.0	3.0	6.0	2.0
513	1.0	3.0	0.0	1.0	4.4	7.6	1.0
514	2.0	0.0	0.0	0.0	2.0	4.0	0.0
515	1.0	0.0	0.0	0.0	1.0	2.0	0.0
516	1.0	3.0	1.0	2.0	1.6660000000000004	7.334	2.0
517	0.0	0.0	0.0	0.0	0.0	0.0	0.0
518	0.0	1.0	0.0	1.0	1.0	2.0	1.0
519	0.0	1.0	0.0	1.0	0.3330000000000002	2.667	1.0
520	1.0	4.0	0.0	3.0	1.9990000000000006	10.001	2.0
521	2.0	3.0	2.0	3.0	1.3330000000000002	4.667	2.0
522	1.0	0.0	1.0	0.0	1.0	2.0	1.0
523	1.0	0.0	0.0	0.0	0.3330000000000002	2.667	0.0
524	1.0	0.0	0.0	0.0	0.3330000000000002	2.667	0.0
525	2.0	0.0	0.0	0.0	0.6660000000000004	5.334	0.0
526	2.0	3.0	1.0	0.0	1.6660000000000004	7.334	1.0
527	1.0	2.0	1.0	2.0	1.0	2.0	1.0
528	1.0	1.0	1.0	1.0	1.3330000000000002	4.667	2.0
529	0.0	0.0	0.0	0.0	0.0	0.0	0.0
530	0.0	0.0	0.0	0.0	0.0	0.0	0.0
531	0.0	0.0	0.0	0.0	0.0	0.0	0.0
532	0.0	0.0	0.0	0.0	0.0	0.0	0.0
533	0.0	0.0	0.0	0.0	0.0	0.0	0.0
534	0.0	0.0	0.0	0.0	0.0	0.0	0.0
535	0.0	0.0	0.0	0.0	0.0	0.0	0.0
536	0.0	0.0	0.0	0.0	0.0	0.0	0.0
537	0.0	0.0	0.0	0.0	0.0	0.0	0.0
538	0.0	4.0	0.0	2.0	0.9990000000000006	8.001	1.0
539	1.0	2.0	1.0	2.0	0.3330000000000002	2.667	1.0
540	3.0	1.0	2.0	1.0	2.333	6.667	2.0
541	1.0	1.0	0.0	1.0	1.3330000000000002	4.667	1.0
542	1.0	0.0	0.0	0.0	0.3330000000000002	2.667	0.0
543	1.0	2.0	1.0	2.0	0.3330000000000002	2.667	1.0
544	0.0	0.0	0.0	0.0	0.0	0.0	0.0
545	1.0	2.0	1.0	2.0	1.3330000000000002	4.667	2.0
546	1.0	0.0	1.0	0.0	0.3330000000000002	2.667	1.0
547	0.0	1.0	0.0	1.0	0.3330000000000002	2.667	1.0
548	0.0	0.0	0.0	0.0	0.0	0.0	0.0
549	1.0	1.0	0.0	1.0	1.3330000000000002	4.667	1.0
550	2.0	0.0	0.0	0.0	2.0	4.0	0.0
551	1.0	1.0	1.0	1.0	1.3330000000000002	4.667	2.0
552	0.0	0.0	0.0	0.0	0.0	0.0	0.0
553	1.0	1.0	1.0	0.0	2.0	4.0	1.0
554	1.0	2.0	0.0	2.0	2.333	6.667	2.0
555	4.0	3.0	2.0	2.0	2.9990000000000006	12.001	2.0
556	1.0	1.0	0.0	0.0	1.3330000000000002	4.667	0.0
557	0.0	0.0	0.0	0.0	0.0	0.0	0.0
558	1.0	4.0	0.0	2.0	2.333	6.667	1.0
559	1.0	1.0	1.0	1.0	0.3330000000000002	2.667	1.0
560	1.0	2.0	0.0	0.0	1.6660000000000004	7.334	0.0
561	0.0	1.0	0.0	0.0	0.3330000000000002	2.667	0.0
562	1.0	2.0	1.0	2.0	0.6660000000000004	5.334	2.0
563	1.0	1.0	1.0	1.0	0.6660000000000004	5.334	2.0
564	0.0	0.0	0.0	0.0	0.0	0.0	0.0
565	2.0	0.0	1.0	0.0	2.0	4.0	1.0
566	2.0	0.0	2.0	0.0	2.0	4.0	2.0
567	2.0	0.0	2.0	0.0	2.0	4.0	2.0
568	1.0	1.0	0.0	1.0	0.6660000000000004	5.334	1.0
569	1.0	0.0	0.0	0.0	0.3330000000000002	2.667	0.0
570	2.0	0.0	1.0	0.0	0.6660000000000004	5.334	1.0
571	0.0	0.0	0.0	0.0	0.0	0.0	0.0
572	0.0	2.0	0.0	2.0	1.0	2.0	1.0
573	0.0	0.0	0.0	0.0	0.0	0.0	0.0
574	0.0	0.0	0.0	0.0	0.0	0.0	0.0
575	1.0	1.0	0.0	1.0	2.0	4.0	1.0
576	0.0	0.0	0.0	0.0	0.0	0.0	0.0
577	1.0	0.0	1.0	0.0	1.0	2.0	1.0
578	1.0	0.0	1.0	0.0	1.0	2.0	1.0
579	0.0	1.0	0.0	1.0	0.3330000000000002	2.667	1.0
580	0.0	1.0	0.0	1.0	0.6680000000000001	2.332	1.0
581	1.0	0.0	0.0	0.0	1.0	2.0	0.0
582	0.0	0.0	0.0	0.0	0.0	0.0	0.0
583	0.0	0.0	0.0	0.0	0.0	0.0	0.0
584	1.0	0.0	0.0	0.0	1.0	2.0	0.0
585	2.0	1.0	2.0	1.0	2.0	4.0	2.0
586	0.0	1.0	0.0	1.0	0.3330000000000002	2.667	1.0
587	0.0	2.0	0.0	2.0	0.3330000000000002	2.667	1.0
588	3.0	0.0	1.0	0.0	3.0	6.0	1.0
589	0.0	0.0	0.0	0.0	0.0	0.0	0.0
590	0.0	0.0	0.0	0.0	0.0	0.0	0.0
591	1.0	0.0	0.0	0.0	1.0	2.0	0.0
592	1.0	0.0	1.0	0.0	1.0	2.0	1.0
593	1.0	0.0	0.0	0.0	0.6680000000000001	2.332	0.0
