all_syn	all_nonSyn	tip_syn	tip_nonSyn	S	N	comparisons
001	0.0	0.0	0.0	0.0	0.0	0.0	0.0
002	0.0	0.0	0.0	0.0	0.0	0.0	0.0
003	0.0	0.0	0.0	0.0	0.0	0.0	0.0
004	0.0	0.0	0.0	0.0	0.0	0.0	0.0
005	0.0	0.0	0.0	0.0	0.0	0.0	0.0
006	0.0	0.0	0.0	0.0	0.0	0.0	0.0
007	0.0	0.0	0.0	0.0	0.0	0.0	0.0
008	0.0	0.0	0.0	0.0	0.0	0.0	0.0
009	1.0	0.0	1.0	0.0	1.0	2.0	1.0
010	3.0	1.0	1.0	0.0	4.0	8.0	1.0
011	2.0	0.0	1.0	0.0	2.4	3.6	1.0
012	2.0	0.0	2.0	0.0	2.0	4.0	2.0
013	1.0	0.0	1.0	0.0	0.6680000000000001	2.332	1.0
014	0.0	1.0	0.0	0.0	0.6680000000000001	2.332	0.0
015	0.0	0.0	0.0	0.0	0.0	0.0	0.0
016	0.0	1.0	0.0	0.0	0.3330000000000002	2.667	0.0
017	0.0	0.0	0.0	0.0	0.0	0.0	0.0
018	1.0	0.0	0.0	0.0	1.0	2.0	0.0
019	1.0	1.0	0.0	0.0	1.0	2.0	0.0
020	0.0	0.0	0.0	0.0	0.0	0.0	0.0
021	0.0	0.0	0.0	0.0	0.0	0.0	0.0
022	0.0	1.0	0.0	0.0	0.3330000000000002	2.667	0.0
023	3.0	1.0	1.0	0.0	3.333	8.667	1.0
024	1.0	1.0	1.0	0.0	2.0	4.0	1.0
025	1.0	0.0	1.0	0.0	1.0	2.0	1.0
026	3.0	0.0	0.0	0.0	3.0	6.0	0.0
027	0.0	0.0	0.0	0.0	0.0	0.0	0.0
028	2.0	1.0	2.0	1.0	0.9990000000000006	8.001	3.0
029	3.0	2.0	2.0	2.0	4.0	8.0	3.0
030	3.0	0.0	2.0	0.0	3.0	6.0	2.0
031	0.0	0.0	0.0	0.0	0.0	0.0	0.0
032	1.0	2.0	0.0	0.0	1.0	2.0	0.0
033	0.0	0.0	0.0	0.0	0.0	0.0	0.0
034	0.0	0.0	0.0	0.0	0.0	0.0	0.0
035	1.0	0.0	1.0	0.0	1.0	2.0	1.0
036	0.0	0.0	0.0	0.0	0.0	0.0	0.0
037	0.0	0.0	0.0	0.0	0.0	0.0	0.0
038	0.0	0.0	0.0	0.0	0.0	0.0	0.0
039	1.0	0.0	0.0	0.0	0.3330000000000002	2.667	0.0
040	1.0	0.0	1.0	0.0	1.0	2.0	1.0
041	2.0	0.0	1.0	0.0	0.6660000000000004	5.334	1.0
042	1.0	1.0	1.0	0.0	2.0	4.0	1.0
043	1.0	1.0	0.0	1.0	0.6660000000000004	5.334	1.0
044	2.0	0.0	1.0	0.0	2.0	4.0	1.0
045	2.0	0.0	1.0	0.0	0.6660000000000004	5.334	1.0
046	1.0	0.0	1.0	0.0	0.6680000000000001	2.332	1.0
047	3.0	0.0	2.0	0.0	3.0	6.0	2.0
048	0.0	0.0	0.0	0.0	0.0	0.0	0.0
049	0.0	1.0	0.0	0.0	0.3330000000000002	2.667	0.0
050	0.0	0.0	0.0	0.0	0.0	0.0	0.0
051	1.0	2.0	0.0	0.0	1.0	2.0	0.0
052	0.0	1.0	0.0	0.0	0.3330000000000002	2.667	0.0
053	0.0	0.0	0.0	0.0	0.0	0.0	0.0
054	0.0	0.0	0.0	0.0	0.0	0.0	0.0
055	0.0	2.0	0.0	0.0	1.0	2.0	0.0
056	1.0	0.0	1.0	0.0	1.0	2.0	1.0
057	2.0	0.0	1.0	0.0	0.6660000000000004	5.334	1.0
058	2.0	0.0	2.0	0.0	2.0	4.0	2.0
059	0.0	0.0	0.0	0.0	0.0	0.0	0.0
060	1.0	0.0	1.0	0.0	0.6680000000000001	2.332	1.0
061	1.0	0.0	0.0	0.0	1.0	2.0	0.0
062	0.0	0.0	0.0	0.0	0.0	0.0	0.0
063	2.0	0.0	1.0	0.0	2.0	4.0	1.0
064	0.0	0.0	0.0	0.0	0.0	0.0	0.0
065	2.0	0.0	1.0	0.0	0.6660000000000004	5.334	1.0
066	1.0	0.0	1.0	0.0	1.0	2.0	1.0
067	2.0	0.0	2.0	0.0	0.6660000000000004	5.334	2.0
068	0.0	0.0	0.0	0.0	0.0	0.0	0.0
069	1.0	0.0	0.0	0.0	1.0	2.0	0.0
070	2.0	0.0	1.0	0.0	2.0	4.0	1.0
071	3.0	0.0	2.0	0.0	3.0	6.0	2.0
072	2.0	0.0	2.0	0.0	2.0	4.0	2.0
073	2.0	0.0	2.0	0.0	2.0	4.0	2.0
074	1.0	0.0	1.0	0.0	0.6680000000000001	2.332	1.0
075	0.0	0.0	0.0	0.0	0.0	0.0	0.0
076	0.0	0.0	0.0	0.0	0.0	0.0	0.0
077	0.0	0.0	0.0	0.0	0.0	0.0	0.0
078	1.0	0.0	0.0	0.0	0.3330000000000002	2.667	0.0
079	0.0	0.0	0.0	0.0	0.0	0.0	0.0
080	0.0	0.0	0.0	0.0	0.0	0.0	0.0
081	0.0	0.0	0.0	0.0	0.0	0.0	0.0
082	1.0	0.0	1.0	0.0	0.3330000000000002	2.667	1.0
083	0.0	0.0	0.0	0.0	0.0	0.0	0.0
084	4.0	1.0	2.0	0.0	4.0	8.0	2.0
085	5.0	2.0	1.0	0.0	3.0	6.0	1.0
086	2.0	0.0	0.0	0.0	0.6660000000000004	5.334	0.0
087	1.0	0.0	1.0	0.0	1.0	2.0	1.0
088	1.0	0.0	0.0	0.0	0.6680000000000001	2.332	0.0
089	1.0	0.0	0.0	0.0	1.0	2.0	0.0
090	3.0	0.0	2.0	0.0	2.668	6.332	2.0
091	1.0	0.0	0.0	0.0	0.3330000000000002	2.667	0.0
092	0.0	0.0	0.0	0.0	0.0	0.0	0.0
093	0.0	0.0	0.0	0.0	0.0	0.0	0.0
094	3.0	0.0	0.0	0.0	3.0	6.0	0.0
095	0.0	0.0	0.0	0.0	0.0	0.0	0.0
096	1.0	0.0	0.0	0.0	1.0	2.0	0.0
097	1.0	0.0	1.0	0.0	1.0	2.0	1.0
098	1.0	0.0	1.0	0.0	0.3330000000000002	2.667	1.0
099	1.0	0.0	1.0	0.0	0.6680000000000001	2.332	1.0
100	1.0	0.0	1.0	0.0	0.3330000000000002	2.667	1.0
101	1.0	0.0	0.0	0.0	0.3330000000000002	2.667	0.0
102	0.0	0.0	0.0	0.0	0.0	0.0	0.0
103	0.0	0.0	0.0	0.0	0.0	0.0	0.0
104	0.0	1.0	0.0	0.0	0.3330000000000002	2.667	0.0
105	0.0	0.0	0.0	0.0	0.0	0.0	0.0
106	4.0	4.0	3.0	2.0	4.666	13.334	4.0
107	1.0	0.0	1.0	0.0	0.3330000000000002	2.667	1.0
108	1.0	0.0	0.0	0.0	1.4	1.6	0.0
109	2.0	0.0	1.0	0.0	0.6660000000000004	5.334	1.0
110	3.0	0.0	2.0	0.0	3.0	6.0	2.0
111	3.0	1.0	3.0	0.0	4.0	8.0	3.0
112	1.0	0.0	0.0	0.0	1.0	2.0	0.0
113	0.0	0.0	0.0	0.0	0.0	0.0	0.0
114	0.0	0.0	0.0	0.0	0.0	0.0	0.0
115	0.0	0.0	0.0	0.0	0.0	0.0	0.0
116	0.0	0.0	0.0	0.0	0.0	0.0	0.0
117	0.0	0.0	0.0	0.0	0.0	0.0	0.0
118	0.0	0.0	0.0	0.0	0.0	0.0	0.0
119	1.0	0.0	0.0	0.0	0.3330000000000002	2.667	0.0
120	0.0	0.0	0.0	0.0	0.0	0.0	0.0
121	0.0	0.0	0.0	0.0	0.0	0.0	0.0
122	0.0	0.0	0.0	0.0	0.0	0.0	0.0
123	0.0	1.0	0.0	0.0	1.0	2.0	0.0
124	0.0	2.0	0.0	1.0	1.3330000000000002	4.667	1.0
125	0.0	1.0	0.0	1.0	0.3330000000000002	2.667	1.0
126	0.0	0.0	0.0	0.0	0.0	0.0	0.0
127	4.0	1.0	3.0	0.0	4.0	8.0	3.0
128	3.0	0.0	1.0	0.0	3.4	5.6	1.0
129	1.0	0.0	1.0	0.0	1.0	2.0	1.0
130	5.0	0.0	3.0	0.0	4.336	10.664	3.0
131	3.0	0.0	2.0	0.0	3.0	6.0	2.0
132	1.0	0.0	0.0	0.0	1.0	2.0	0.0
133	1.0	1.0	1.0	0.0	0.6660000000000004	5.334	1.0
134	4.0	2.0	2.0	1.0	5.0	10.0	2.0
135	3.0	1.0	2.0	0.0	4.0	8.0	2.0
136	2.0	0.0	1.0	0.0	2.0	4.0	1.0
137	0.0	1.0	0.0	0.0	0.3330000000000002	2.667	0.0
138	1.0	0.0	1.0	0.0	0.3330000000000002	2.667	1.0
139	0.0	0.0	0.0	0.0	0.0	0.0	0.0
140	2.0	0.0	2.0	0.0	0.6660000000000004	5.334	2.0
141	2.0	0.0	1.0	0.0	2.0	4.0	1.0
142	0.0	0.0	0.0	0.0	0.0	0.0	0.0
143	1.0	0.0	1.0	0.0	0.3330000000000002	2.667	1.0
144	2.0	2.0	1.0	2.0	3.0	6.0	2.0
145	0.0	3.0	0.0	3.0	2.0	4.0	2.0
146	2.0	0.0	0.0	0.0	0.6660000000000004	5.334	0.0
147	1.0	0.0	0.0	0.0	1.0	2.0	0.0
148	1.0	5.0	0.0	2.0	2.6660000000000004	9.334	1.0
149	3.0	0.0	2.0	0.0	3.0	6.0	2.0
150	0.0	0.0	0.0	0.0	0.0	0.0	0.0
151	1.0	1.0	1.0	0.0	0.6660000000000004	5.334	1.0
152	3.0	1.0	2.0	0.0	3.668	8.332	2.0
153	0.0	0.0	0.0	0.0	0.0	0.0	0.0
154	1.0	1.0	1.0	0.0	0.6660000000000004	5.334	1.0
155	2.0	0.0	2.0	0.0	2.0	4.0	2.0
156	2.0	0.0	0.0	0.0	0.6660000000000004	5.334	0.0
157	2.0	0.0	2.0	0.0	2.0	4.0	2.0
158	0.0	0.0	0.0	0.0	0.0	0.0	0.0
159	2.0	0.0	2.0	0.0	2.4	3.6	2.0
160	2.0	1.0	1.0	0.0	0.6660000000000004	5.334	1.0
161	2.0	0.0	0.0	0.0	2.0	4.0	0.0
162	0.0	0.0	0.0	0.0	0.0	0.0	0.0
163	0.0	0.0	0.0	0.0	0.0	0.0	0.0
164	0.0	0.0	0.0	0.0	0.0	0.0	0.0
165	0.0	0.0	0.0	0.0	0.0	0.0	0.0
166	1.0	0.0	0.0	0.0	0.3330000000000002	2.667	0.0
167	0.0	0.0	0.0	0.0	0.0	0.0	0.0
168	1.0	0.0	1.0	0.0	1.0	2.0	1.0
169	3.0	0.0	2.0	0.0	3.0	6.0	2.0
170	1.0	0.0	0.0	0.0	0.3330000000000002	2.667	0.0
171	0.0	2.0	0.0	1.0	2.0	4.0	1.0
172	0.0	2.0	0.0	1.0	0.6660000000000004	5.334	1.0
173	0.0	2.0	0.0	0.0	0.3330000000000002	2.667	0.0
174	1.0	0.0	1.0	0.0	0.3330000000000002	2.667	1.0
175	0.0	0.0	0.0	0.0	0.0	0.0	0.0
176	0.0	0.0	0.0	0.0	0.0	0.0	0.0
177	1.0	0.0	0.0	0.0	1.0	2.0	0.0
178	2.0	0.0	2.0	0.0	2.0	4.0	2.0
179	2.0	0.0	1.0	0.0	2.0	4.0	1.0
180	1.0	0.0	0.0	0.0	1.0	2.0	0.0
181	1.0	0.0	1.0	0.0	0.6680000000000001	2.332	1.0
182	3.0	1.0	1.0	0.0	3.0	6.0	1.0
183	2.0	0.0	2.0	0.0	0.6660000000000004	5.334	2.0
184	3.0	1.0	2.0	0.0	1.6660000000000004	7.334	2.0
185	2.0	1.0	1.0	0.0	0.9990000000000006	8.001	1.0
186	3.0	0.0	0.0	0.0	3.0	6.0	0.0
187	1.0	0.0	1.0	0.0	1.0	2.0	1.0
188	1.0	1.0	0.0	0.0	1.6680000000000001	4.332	0.0
189	2.0	0.0	0.0	0.0	2.0	4.0	0.0
190	3.0	0.0	2.0	0.0	3.0	6.0	2.0
191	1.0	2.0	0.0	1.0	3.0	6.0	1.0
192	0.0	0.0	0.0	0.0	0.0	0.0	0.0
193	0.0	0.0	0.0	0.0	0.0	0.0	0.0
194	2.0	0.0	1.0	0.0	2.8	3.2	1.0
195	0.0	0.0	0.0	0.0	0.0	0.0	0.0
196	0.0	0.0	0.0	0.0	0.0	0.0	0.0
197	2.0	0.0	1.0	0.0	0.6660000000000004	5.334	1.0
198	0.0	0.0	0.0	0.0	0.0	0.0	0.0
199	3.0	0.0	1.0	0.0	3.0	6.0	1.0
200	2.0	0.0	1.0	0.0	2.0	4.0	1.0
201	1.0	0.0	1.0	0.0	0.6680000000000001	2.332	1.0
202	2.0	0.0	0.0	0.0	0.6660000000000004	5.334	0.0
203	0.0	0.0	0.0	0.0	0.0	0.0	0.0
204	1.0	0.0	0.0	0.0	1.0	2.0	0.0
205	3.0	0.0	1.0	0.0	2.0040000000000004	6.9959999999999996	1.0
206	0.0	0.0	0.0	0.0	0.0	0.0	0.0
207	2.0	0.0	2.0	0.0	2.0	4.0	2.0
208	1.0	0.0	1.0	0.0	0.3330000000000002	2.667	1.0
209	2.0	0.0	0.0	0.0	2.0	4.0	0.0
210	3.0	0.0	2.0	0.0	3.0	6.0	2.0
211	3.0	0.0	2.0	0.0	3.0	6.0	2.0
212	0.0	0.0	0.0	0.0	0.0	0.0	0.0
213	2.0	0.0	2.0	0.0	2.0	4.0	2.0
214	2.0	1.0	1.0	1.0	3.0	6.0	2.0
215	2.0	2.0	1.0	1.0	1.3360000000000003	4.664	1.0
216	1.0	0.0	0.0	0.0	1.0	2.0	0.0
217	3.0	0.0	1.0	0.0	2.068	3.932	1.0
218	0.0	0.0	0.0	0.0	0.0	0.0	0.0
219	0.0	0.0	0.0	0.0	0.0	0.0	0.0
220	1.0	0.0	1.0	0.0	1.0	2.0	1.0
221	4.0	0.0	2.0	0.0	4.0	8.0	2.0
222	2.0	0.0	1.0	0.0	2.0	4.0	1.0
223	1.0	0.0	0.0	0.0	0.3330000000000002	2.667	0.0
224	3.0	0.0	0.0	0.0	3.0	6.0	0.0
225	0.0	0.0	0.0	0.0	0.0	0.0	0.0
226	1.0	0.0	1.0	0.0	1.0	2.0	1.0
227	0.0	0.0	0.0	0.0	0.0	0.0	0.0
228	1.0	0.0	0.0	0.0	1.0	2.0	0.0
229	0.0	0.0	0.0	0.0	0.0	0.0	0.0
230	1.0	1.0	1.0	0.0	2.0	4.0	1.0
231	2.0	0.0	1.0	0.0	2.0	4.0	1.0
232	1.0	0.0	0.0	0.0	0.6680000000000001	2.332	0.0
233	3.0	0.0	2.0	0.0	3.0	6.0	2.0
234	2.0	0.0	2.0	0.0	2.0	4.0	2.0
235	0.0	0.0	0.0	0.0	0.0	0.0	0.0
236	1.0	0.0	1.0	0.0	1.0	2.0	1.0
237	2.0	0.0	2.0	0.0	2.0	4.0	2.0
238	0.0	0.0	0.0	0.0	0.0	0.0	0.0
239	2.0	0.0	0.0	0.0	2.0	4.0	0.0
240	0.0	0.0	0.0	0.0	0.0	0.0	0.0
241	2.0	1.0	1.0	0.0	2.3360000000000003	6.664	1.0
242	0.0	0.0	0.0	0.0	0.0	0.0	0.0
243	1.0	0.0	0.0	0.0	0.3330000000000002	2.667	0.0
244	2.0	0.0	1.0	0.0	2.0	4.0	1.0
245	0.0	0.0	0.0	0.0	0.0	0.0	0.0
246	0.0	0.0	0.0	0.0	0.0	0.0	0.0
247	3.0	0.0	2.0	0.0	3.0	6.0	2.0
248	1.0	0.0	0.0	0.0	0.3330000000000002	2.667	0.0
249	1.0	0.0	0.0	0.0	1.0	2.0	0.0
250	0.0	0.0	0.0	0.0	0.0	0.0	0.0
251	1.0	0.0	0.0	0.0	1.0	2.0	0.0
252	2.0	0.0	2.0	0.0	2.0	4.0	2.0
253	0.0	0.0	0.0	0.0	0.0	0.0	0.0
254	3.0	2.0	3.0	1.0	2.6660000000000004	9.334	3.0
255	0.0	0.0	0.0	0.0	0.0	0.0	0.0
256	0.0	0.0	0.0	0.0	0.0	0.0	0.0
257	3.0	0.0	1.0	0.0	3.0	6.0	1.0
258	0.0	0.0	0.0	0.0	0.0	0.0	0.0
259	1.0	0.0	0.0	0.0	0.3330000000000002	2.667	0.0
260	1.0	1.0	0.0	0.0	1.6680000000000001	4.332	0.0
261	1.0	1.0	1.0	0.0	0.6660000000000004	5.334	1.0
262	1.0	0.0	1.0	0.0	0.3330000000000002	2.667	1.0
263	2.0	0.0	0.0	0.0	2.0	4.0	0.0
264	2.0	0.0	1.0	0.0	2.0	4.0	1.0
265	1.0	0.0	0.0	0.0	0.3330000000000002	2.667	0.0
266	3.0	0.0	0.0	0.0	3.0	6.0	0.0
267	2.0	2.0	1.0	0.0	3.0	6.0	1.0
268	0.0	1.0	0.0	0.0	0.3330000000000002	2.667	0.0
269	0.0	0.0	0.0	0.0	0.0	0.0	0.0
270	0.0	0.0	0.0	0.0	0.0	0.0	0.0
271	2.0	0.0	0.0	0.0	2.0	4.0	0.0
272	2.0	0.0	1.0	0.0	2.0	4.0	1.0
273	2.0	0.0	1.0	0.0	2.0	4.0	1.0
274	0.0	0.0	0.0	0.0	0.0	0.0	0.0
275	1.0	0.0	1.0	0.0	0.3330000000000002	2.667	1.0
276	2.0	0.0	1.0	0.0	2.0	4.0	1.0
277	1.0	0.0	1.0	0.0	1.0	2.0	1.0
278	1.0	0.0	1.0	0.0	0.3330000000000002	2.667	1.0
279	1.0	0.0	0.0	0.0	0.3330000000000002	2.667	0.0
280	0.0	0.0	0.0	0.0	0.0	0.0	0.0
281	1.0	0.0	0.0	0.0	1.0	2.0	0.0
282	1.0	0.0	0.0	0.0	1.0	2.0	0.0
283	3.0	0.0	1.0	0.0	2.0040000000000004	6.9959999999999996	1.0
284	1.0	0.0	1.0	0.0	0.3330000000000002	2.667	1.0
285	0.0	0.0	0.0	0.0	0.0	0.0	0.0
286	2.0	0.0	1.0	0.0	2.0	4.0	1.0
287	1.0	0.0	1.0	0.0	1.0	2.0	1.0
288	2.0	0.0	1.0	0.0	0.6660000000000004	5.334	1.0
289	1.0	0.0	1.0	0.0	0.3330000000000002	2.667	1.0
290	2.0	0.0	0.0	0.0	2.0	4.0	0.0
291	1.0	0.0	1.0	0.0	0.3330000000000002	2.667	1.0
292	1.0	0.0	1.0	0.0	0.6680000000000001	2.332	1.0
293	1.0	0.0	1.0	0.0	0.3330000000000002	2.667	1.0
294	2.0	0.0	1.0	0.0	2.0	4.0	1.0
295	1.0	0.0	1.0	0.0	0.3330000000000002	2.667	1.0
296	2.0	0.0	1.0	0.0	0.6660000000000004	5.334	1.0
297	0.0	0.0	0.0	0.0	0.0	0.0	0.0
298	0.0	0.0	0.0	0.0	0.0	0.0	0.0
299	2.0	1.0	1.0	0.0	2.333	6.667	1.0
300	2.0	1.0	0.0	0.0	3.0	6.0	0.0
301	1.0	1.0	0.0	0.0	1.0	2.0	0.0
302	0.0	0.0	0.0	0.0	0.0	0.0	0.0
303	0.0	0.0	0.0	0.0	0.0	0.0	0.0
304	0.0	0.0	0.0	0.0	0.0	0.0	0.0
305	0.0	0.0	0.0	0.0	0.0	0.0	0.0
306	0.0	0.0	0.0	0.0	0.0	0.0	0.0
307	2.0	0.0	1.0	0.0	2.0	4.0	1.0
308	2.0	0.0	1.0	0.0	1.3360000000000003	4.664	1.0
309	2.0	0.0	1.0	0.0	2.0	4.0	1.0
310	1.0	0.0	1.0	0.0	0.3330000000000002	2.667	1.0
311	2.0	0.0	2.0	0.0	0.6660000000000004	5.334	2.0
312	2.0	0.0	1.0	0.0	2.0	4.0	1.0
313	1.0	0.0	0.0	0.0	0.6680000000000001	2.332	0.0
314	0.0	0.0	0.0	0.0	0.0	0.0	0.0
315	3.0	0.0	2.0	0.0	3.0	6.0	2.0
316	1.0	0.0	1.0	0.0	1.0	2.0	1.0
317	1.0	1.0	1.0	1.0	1.0	2.0	1.0
318	2.0	0.0	1.0	0.0	2.0	4.0	1.0
319	1.0	0.0	1.0	0.0	0.3330000000000002	2.667	1.0
320	2.0	4.0	1.0	3.0	4.001	10.998999999999999	3.0
321	0.0	1.0	0.0	0.0	0.3330000000000002	2.667	0.0
322	2.0	0.0	0.0	0.0	2.0	4.0	0.0
323	3.0	2.0	1.0	0.0	4.0	8.0	1.0
324	1.0	0.0	0.0	0.0	1.0	2.0	0.0
325	1.0	0.0	0.0	0.0	0.6680000000000001	2.332	0.0
326	0.0	0.0	0.0	0.0	0.0	0.0	0.0
327	1.0	0.0	0.0	0.0	1.0	2.0	0.0
328	0.0	0.0	0.0	0.0	0.0	0.0	0.0
329	0.0	0.0	0.0	0.0	0.0	0.0	0.0
330	0.0	0.0	0.0	0.0	0.0	0.0	0.0
331	0.0	0.0	0.0	0.0	0.0	0.0	0.0
332	0.0	0.0	0.0	0.0	0.0	0.0	0.0
333	2.0	0.0	1.0	0.0	0.6660000000000004	5.334	1.0
334	2.0	0.0	1.0	0.0	2.0	4.0	1.0
335	1.0	0.0	1.0	0.0	1.4	1.6	1.0
336	0.0	0.0	0.0	0.0	0.0	0.0	0.0
337	3.0	0.0	0.0	0.0	3.0	6.0	0.0
338	1.0	1.0	1.0	0.0	2.0	4.0	1.0
339	2.0	0.0	1.0	0.0	1.3360000000000003	4.664	1.0
340	0.0	0.0	0.0	0.0	0.0	0.0	0.0
341	0.0	0.0	0.0	0.0	0.0	0.0	0.0
342	1.0	2.0	1.0	2.0	1.3330000000000002	4.667	2.0
343	3.0	0.0	0.0	0.0	0.9990000000000006	8.001	0.0
344	1.0	1.0	1.0	0.0	1.6680000000000001	4.332	1.0
345	1.0	0.0	1.0	0.0	0.6680000000000001	2.332	1.0
346	2.0	1.0	0.0	0.0	2.0	4.0	0.0
347	1.0	0.0	0.0	0.0	0.3330000000000002	2.667	0.0
348	2.0	0.0	1.0	0.0	2.0	4.0	1.0
349	0.0	0.0	0.0	0.0	0.0	0.0	0.0
350	1.0	0.0	0.0	0.0	0.3330000000000002	2.667	0.0
351	0.0	0.0	0.0	0.0	0.0	0.0	0.0
352	3.0	0.0	0.0	0.0	3.0	6.0	0.0
353	0.0	0.0	0.0	0.0	0.0	0.0	0.0
354	0.0	0.0	0.0	0.0	0.0	0.0	0.0
355	2.0	0.0	1.0	0.0	2.0	4.0	1.0
356	1.0	3.0	0.0	2.0	1.3320000000000007	10.668	2.0
357	0.0	0.0	0.0	0.0	0.0	0.0	0.0
358	1.0	0.0	0.0	0.0	1.0	2.0	0.0
359	0.0	0.0	0.0	0.0	0.0	0.0	0.0
360	0.0	0.0	0.0	0.0	0.0	0.0	0.0
361	0.0	0.0	0.0	0.0	0.0	0.0	0.0
362	1.0	0.0	0.0	0.0	1.0	2.0	0.0
363	1.0	0.0	0.0	0.0	1.0	2.0	0.0
364	1.0	0.0	0.0	0.0	1.0	2.0	0.0
365	0.0	0.0	0.0	0.0	0.0	0.0	0.0
366	1.0	0.0	0.0	0.0	1.0	2.0	0.0
367	1.0	0.0	0.0	0.0	1.4	1.6	0.0
368	2.0	0.0	2.0	0.0	2.0	4.0	2.0
369	0.0	0.0	0.0	0.0	0.0	0.0	0.0
370	1.0	0.0	0.0	0.0	1.0	2.0	0.0
371	0.0	0.0	0.0	0.0	0.0	0.0	0.0
372	1.0	1.0	0.0	0.0	0.3330000000000002	2.667	0.0
373	3.0	0.0	3.0	0.0	1.6680000000000001	4.332	2.0
374	2.0	0.0	1.0	0.0	0.6660000000000004	5.334	1.0
375	2.0	2.0	1.0	0.0	2.333	6.667	1.0
376	2.0	0.0	1.0	0.0	2.0	4.0	1.0
377	1.0	0.0	1.0	0.0	0.3330000000000002	2.667	1.0
378	0.0	0.0	0.0	0.0	0.0	0.0	0.0
379	0.0	0.0	0.0	0.0	0.0	0.0	0.0
380	0.0	0.0	0.0	0.0	0.0	0.0	0.0
381	2.0	0.0	0.0	0.0	2.0	4.0	0.0
382	0.0	0.0	0.0	0.0	0.0	0.0	0.0
383	0.0	1.0	0.0	1.0	0.3330000000000002	2.667	1.0
384	2.0	2.0	2.0	1.0	1.6660000000000004	7.334	2.0
385	2.0	0.0	0.0	0.0	2.0	4.0	0.0
386	0.0	6.0	0.0	3.0	1.9990000000000006	10.001	2.0
387	0.0	2.0	0.0	1.0	0.6660000000000004	5.334	1.0
388	0.0	0.0	0.0	0.0	0.0	0.0	0.0
389	1.0	0.0	0.0	0.0	0.3330000000000002	2.667	0.0
390	3.0	0.0	1.0	0.0	3.0	6.0	1.0
391	1.0	0.0	0.0	0.0	1.0	2.0	0.0
392	0.0	0.0	0.0	0.0	0.0	0.0	0.0
393	1.0	2.0	1.0	1.0	2.0	4.0	1.0
394	4.0	0.0	1.0	0.0	4.0	8.0	1.0
395	0.0	0.0	0.0	0.0	0.0	0.0	0.0
396	0.0	0.0	0.0	0.0	0.0	0.0	0.0
397	2.0	0.0	1.0	0.0	2.0	4.0	1.0
398	2.0	0.0	1.0	0.0	2.0	4.0	1.0
399	0.0	0.0	0.0	0.0	0.0	0.0	0.0
400	2.0	2.0	1.0	0.0	1.3330000000000002	4.667	1.0
401	1.0	0.0	0.0	0.0	0.3330000000000002	2.667	0.0
402	2.0	0.0	1.0	0.0	2.0	4.0	1.0
403	2.0	0.0	2.0	0.0	1.3360000000000003	4.664	2.0
404	1.0	1.0	0.0	0.0	2.0	4.0	0.0
405	0.0	2.0	0.0	1.0	2.0	4.0	1.0
406	2.0	0.0	0.0	0.0	0.6660000000000004	5.334	0.0
407	1.0	0.0	0.0	0.0	1.0	2.0	0.0
408	3.0	0.0	1.0	0.0	2.0040000000000004	6.9959999999999996	1.0
409	1.0	0.0	0.0	0.0	0.3330000000000002	2.667	0.0
410	3.0	2.0	3.0	2.0	1.6680000000000001	4.332	2.0
411	0.0	0.0	0.0	0.0	0.0	0.0	0.0
412	0.0	0.0	0.0	0.0	0.0	0.0	0.0
413	3.0	3.0	1.0	1.0	5.0	10.0	2.0
414	3.0	0.0	2.0	0.0	3.4	5.6	2.0
415	2.0	0.0	1.0	0.0	2.0	4.0	1.0
416	1.0	0.0	1.0	0.0	0.3330000000000002	2.667	1.0
417	1.0	0.0	1.0	0.0	0.3330000000000002	2.667	1.0
418	2.0	0.0	0.0	0.0	2.0	4.0	0.0
419	3.0	0.0	1.0	0.0	3.0	6.0	1.0
420	0.0	2.0	0.0	0.0	1.0	2.0	0.0
421	0.0	0.0	0.0	0.0	0.0	0.0	0.0
422	2.0	0.0	1.0	0.0	2.0	4.0	1.0
423	2.0	0.0	1.0	0.0	0.6660000000000004	5.334	1.0
424	2.0	1.0	1.0	0.0	1.6680000000000001	4.332	1.0
425	4.0	0.0	1.0	0.0	2.736	6.263999999999999	1.0
426	2.0	0.0	2.0	0.0	0.6660000000000004	5.334	2.0
427	1.0	0.0	1.0	0.0	0.3330000000000002	2.667	1.0
428	2.0	0.0	1.0	0.0	0.6660000000000004	5.334	1.0
429	1.0	0.0	0.0	0.0	1.0	2.0	0.0
430	3.0	1.0	1.0	0.0	3.4	8.6	1.0
431	2.0	0.0	1.0	0.0	2.0	4.0	1.0
432	4.0	0.0	4.0	0.0	2.668	6.332	3.0
433	0.0	0.0	0.0	0.0	0.0	0.0	0.0
434	0.0	0.0	0.0	0.0	0.0	0.0	0.0
435	2.0	0.0	0.0	0.0	2.0	4.0	0.0
436	3.0	1.0	2.0	1.0	3.0	6.0	2.0
437	4.0	0.0	3.0	0.0	3.068	5.932	2.0
438	1.0	0.0	0.0	0.0	0.3330000000000002	2.667	0.0
439	0.0	0.0	0.0	0.0	0.0	0.0	0.0
440	2.0	0.0	1.0	0.0	0.6660000000000004	5.334	1.0
441	1.0	0.0	0.0	0.0	0.3330000000000002	2.667	0.0
442	2.0	1.0	0.0	0.0	3.0	6.0	0.0
443	2.0	1.0	0.0	0.0	1.6680000000000001	4.332	0.0
444	2.0	0.0	1.0	0.0	0.6660000000000004	5.334	1.0
445	3.0	0.0	3.0	0.0	3.0	6.0	3.0
446	3.0	0.0	2.0	0.0	3.0	6.0	2.0
447	0.0	0.0	0.0	0.0	0.0	0.0	0.0
448	2.0	0.0	1.0	0.0	2.0	4.0	1.0
449	3.0	0.0	2.0	0.0	3.0	6.0	2.0
450	4.0	0.0	3.0	0.0	4.4	7.6	3.0
451	2.0	0.0	2.0	0.0	2.0	4.0	2.0
452	0.0	0.0	0.0	0.0	0.0	0.0	0.0
453	0.0	0.0	0.0	0.0	0.0	0.0	0.0
454	3.0	0.0	1.0	0.0	1.6680000000000001	4.332	1.0
455	4.0	1.0	2.0	0.0	4.0	11.0	2.0
456	0.0	0.0	0.0	0.0	0.0	0.0	0.0
457	3.0	0.0	3.0	0.0	2.3360000000000003	6.664	3.0
458	3.0	0.0	2.0	0.0	4.199999999999999	4.800000000000001	2.0
459	0.0	0.0	0.0	0.0	0.0	0.0	0.0
460	0.0	0.0	0.0	0.0	0.0	0.0	0.0
461	0.0	0.0	0.0	0.0	0.0	0.0	0.0
462	1.0	2.0	1.0	0.0	0.3330000000000002	5.667	1.0
463	0.0	0.0	0.0	0.0	0.0	0.0	0.0
464	1.0	0.0	1.0	0.0	0.3330000000000002	2.667	1.0
465	0.0	4.0	0.0	2.0	0.6660000000000004	5.334	1.0
466	0.0	0.0	0.0	0.0	0.0	0.0	0.0
467	3.0	0.0	2.0	0.0	3.0	6.0	2.0
468	2.0	2.0	1.0	0.0	2.333	6.667	1.0
469	3.0	5.0	1.0	2.0	5.333	12.667	3.0
470	4.0	0.0	2.0	0.0	4.0	8.0	2.0
471	0.0	0.0	0.0	0.0	0.0	0.0	0.0
472	4.0	0.0	2.0	0.0	2.3360000000000003	6.664	2.0
473	3.0	0.0	3.0	0.0	1.6680000000000001	4.332	2.0
474	0.0	0.0	0.0	0.0	0.0	0.0	0.0
475	2.0	0.0	1.0	0.0	0.6660000000000004	5.334	1.0
476	2.0	0.0	1.0	0.0	2.4	3.6	1.0
477	2.0	1.0	1.0	0.0	2.668	6.332	1.0
478	3.0	0.0	2.0	0.0	3.0	6.0	2.0
479	2.0	0.0	0.0	0.0	2.0	4.0	0.0
480	2.0	0.0	2.0	0.0	0.6660000000000004	5.334	2.0
481	1.0	0.0	0.0	0.0	0.3330000000000002	2.667	0.0
482	3.0	2.0	1.0	0.0	3.0040000000000004	8.995999999999999	1.0
483	0.0	0.0	0.0	0.0	0.0	0.0	0.0
484	0.0	1.0	0.0	0.0	1.0	2.0	0.0
485	2.0	0.0	1.0	0.0	2.0	4.0	1.0
486	3.0	0.0	0.0	0.0	2.068	3.932	0.0
487	1.0	2.0	0.0	0.0	3.0	6.0	0.0
488	0.0	1.0	0.0	0.0	1.0	2.0	0.0
489	0.0	0.0	0.0	0.0	0.0	0.0	0.0
490	1.0	2.0	0.0	1.0	3.068	5.932	1.0
491	0.0	0.0	0.0	0.0	0.0	0.0	0.0
492	0.0	0.0	0.0	0.0	0.0	0.0	0.0
493	2.0	0.0	2.0	0.0	0.6660000000000004	5.334	2.0
494	2.0	1.0	1.0	1.0	2.668	6.332	2.0
495	2.0	1.0	2.0	1.0	2.0	4.0	2.0
496	0.0	1.0	0.0	0.0	0.3330000000000002	2.667	0.0
497	0.0	0.0	0.0	0.0	0.0	0.0	0.0
498	1.0	0.0	0.0	0.0	1.0	2.0	0.0
499	2.0	0.0	1.0	0.0	2.0	4.0	1.0
500	3.0	0.0	2.0	0.0	3.0	6.0	2.0
501	1.0	0.0	1.0	0.0	1.0	2.0	1.0
502	2.0	1.0	0.0	1.0	1.6660000000000004	7.334	1.0
503	1.0	0.0	1.0	0.0	1.0	2.0	1.0
504	3.0	0.0	2.0	0.0	0.9990000000000006	8.001	2.0
505	4.0	0.0	2.0	0.0	4.0	8.0	2.0
506	1.0	0.0	1.0	0.0	1.0	2.0	1.0
507	1.0	0.0	1.0	0.0	0.3330000000000002	2.667	1.0
508	0.0	0.0	0.0	0.0	0.0	0.0	0.0
509	0.0	2.0	0.0	2.0	0.6660000000000004	5.334	2.0
510	0.0	0.0	0.0	0.0	0.0	0.0	0.0
511	1.0	0.0	0.0	0.0	0.6680000000000001	2.332	0.0
512	0.0	0.0	0.0	0.0	0.0	0.0	0.0
513	3.0	0.0	2.0	0.0	3.0	6.0	2.0
514	0.0	0.0	0.0	0.0	0.0	0.0	0.0
515	3.0	3.0	2.0	2.0	5.0	10.0	3.0
516	2.0	5.0	1.0	3.0	5.333	12.667	4.0
517	0.0	0.0	0.0	0.0	0.0	0.0	0.0
518	3.0	3.0	0.0	2.0	4.0	8.0	1.0
519	1.0	0.0	1.0	0.0	1.0	2.0	1.0
520	0.0	0.0	0.0	0.0	0.0	0.0	0.0
521	1.0	2.0	0.0	0.0	1.0	2.0	0.0
522	4.0	0.0	3.0	0.0	4.0	8.0	3.0
523	1.0	0.0	1.0	0.0	0.3330000000000002	2.667	1.0
524	1.0	0.0	1.0	0.0	0.3330000000000002	2.667	1.0
525	3.0	0.0	2.0	0.0	3.0	6.0	2.0
526	0.0	0.0	0.0	0.0	0.0	0.0	0.0
527	3.0	0.0	2.0	0.0	3.8	5.2	2.0
528	2.0	0.0	1.0	0.0	2.8	3.2	1.0
529	1.0	0.0	1.0	0.0	0.3330000000000002	2.667	1.0
530	0.0	0.0	0.0	0.0	0.0	0.0	0.0
531	1.0	0.0	1.0	0.0	0.6680000000000001	2.332	1.0
532	3.0	0.0	1.0	0.0	3.0	6.0	1.0
533	2.0	0.0	1.0	0.0	2.0	4.0	1.0
534	1.0	1.0	1.0	0.0	1.6680000000000001	4.332	1.0
535	0.0	0.0	0.0	0.0	0.0	0.0	0.0
536	3.0	0.0	1.0	0.0	3.0	6.0	1.0
537	1.0	0.0	1.0	0.0	0.3330000000000002	2.667	1.0
538	0.0	0.0	0.0	0.0	0.0	0.0	0.0
539	2.0	0.0	1.0	0.0	2.0	4.0	1.0
540	3.0	0.0	0.0	0.0	3.0	6.0	0.0
541	1.0	0.0	1.0	0.0	0.3330000000000002	2.667	1.0
542	1.0	0.0	1.0	0.0	0.3330000000000002	2.667	1.0
543	0.0	0.0	0.0	0.0	0.0	0.0	0.0
544	4.0	0.0	3.0	0.0	4.0	8.0	3.0
545	3.0	1.0	3.0	0.0	4.0	8.0	3.0
546	3.0	0.0	1.0	0.0	2.3360000000000003	6.664	1.0
547	3.0	0.0	1.0	0.0	3.0	6.0	1.0
548	1.0	0.0	0.0	0.0	0.3330000000000002	2.667	0.0
549	1.0	2.0	1.0	1.0	0.9990000000000006	8.001	2.0
550	0.0	0.0	0.0	0.0	0.0	0.0	0.0
551	1.0	0.0	1.0	0.0	1.0	2.0	1.0
552	2.0	0.0	1.0	0.0	2.0	4.0	1.0
553	2.0	0.0	0.0	0.0	2.0	4.0	0.0
554	5.0	0.0	3.0	0.0	4.736000000000001	10.264	3.0
555	3.0	0.0	0.0	0.0	3.0	6.0	0.0
556	1.0	0.0	0.0	0.0	0.3330000000000002	2.667	0.0
557	3.0	0.0	1.0	0.0	2.0040000000000004	6.9959999999999996	1.0
558	0.0	1.0	0.0	0.0	1.0	2.0	0.0
559	3.0	0.0	1.0	0.0	2.3360000000000003	6.664	1.0
560	3.0	0.0	1.0	0.0	3.0	6.0	1.0
561	2.0	0.0	1.0	0.0	2.0	4.0	1.0
562	2.0	0.0	1.0	0.0	0.6660000000000004	5.334	1.0
563	2.0	0.0	2.0	0.0	1.3360000000000003	4.664	2.0
564	0.0	0.0	0.0	0.0	0.0	0.0	0.0
565	0.0	0.0	0.0	0.0	0.0	0.0	0.0
566	1.0	0.0	0.0	0.0	1.0	2.0	0.0
567	1.0	0.0	0.0	0.0	0.3330000000000002	2.667	0.0
568	0.0	2.0	0.0	2.0	0.3330000000000002	2.667	1.0
569	0.0	0.0	0.0	0.0	0.0	0.0	0.0
570	2.0	0.0	2.0	0.0	1.3360000000000003	4.664	2.0
571	1.0	0.0	1.0	0.0	0.3330000000000002	2.667	1.0
572	1.0	0.0	0.0	0.0	0.3330000000000002	2.667	0.0
573	4.0	0.0	1.0	0.0	4.0	8.0	1.0
574	1.0	0.0	0.0	0.0	1.0	2.0	0.0
575	1.0	0.0	1.0	0.0	1.0	2.0	1.0
576	0.0	0.0	0.0	0.0	0.0	0.0	0.0
577	3.0	0.0	0.0	0.0	3.4	5.6	0.0
578	2.0	0.0	2.0	0.0	1.0	2.0	1.0
579	2.0	0.0	0.0	0.0	0.6660000000000004	5.334	0.0
580	3.0	0.0	1.0	0.0	3.0	6.0	1.0
581	3.0	0.0	1.0	0.0	2.068	3.932	1.0
582	1.0	0.0	1.0	0.0	0.3330000000000002	2.667	1.0
583	1.0	1.0	1.0	0.0	0.6660000000000004	5.334	1.0
584	0.0	0.0	0.0	0.0	0.0	0.0	0.0
585	1.0	1.0	1.0	0.0	1.0010000000000003	4.999	1.0
586	3.0	0.0	2.0	0.0	3.0	6.0	2.0
587	1.0	3.0	0.0	1.0	1.3320000000000007	10.668	1.0
588	0.0	0.0	0.0	0.0	0.0	0.0	0.0
589	1.0	0.0	1.0	0.0	1.0	2.0	1.0
590	0.0	1.0	0.0	0.0	0.3330000000000002	2.667	0.0
591	3.0	0.0	0.0	0.0	3.4	5.6	0.0
592	0.0	0.0	0.0	0.0	0.0	0.0	0.0
593	2.0	0.0	2.0	0.0	2.0	4.0	2.0
594	2.0	0.0	0.0	0.0	2.0	4.0	0.0
595	2.0	0.0	1.0	0.0	2.4	3.6	1.0
596	4.0	0.0	1.0	0.0	4.068	7.932	1.0
597	0.0	0.0	0.0	0.0	0.0	0.0	0.0
598	0.0	0.0	0.0	0.0	0.0	0.0	0.0
599	0.0	0.0	0.0	0.0	0.0	0.0	0.0
600	2.0	0.0	2.0	0.0	1.6680000000000001	4.332	2.0
601	0.0	0.0	0.0	0.0	0.0	0.0	0.0
602	1.0	0.0	0.0	0.0	0.3330000000000002	2.667	0.0
603	3.0	0.0	1.0	0.0	3.0	6.0	1.0
604	2.0	0.0	1.0	0.0	2.0	4.0	1.0
605	1.0	0.0	0.0	0.0	0.3330000000000002	2.667	0.0
606	2.0	0.0	1.0	0.0	2.0	4.0	1.0
607	3.0	0.0	1.0	0.0	3.0	6.0	1.0
608	2.0	0.0	2.0	0.0	0.6660000000000004	5.334	2.0
609	2.0	0.0	2.0	0.0	2.0	4.0	2.0
610	0.0	0.0	0.0	0.0	0.0	0.0	0.0
611	1.0	0.0	1.0	0.0	1.0	2.0	1.0
612	1.0	0.0	0.0	0.0	1.0	2.0	0.0
613	2.0	0.0	0.0	0.0	0.6660000000000004	5.334	0.0
614	0.0	1.0	0.0	0.0	0.3330000000000002	2.667	0.0
615	0.0	0.0	0.0	0.0	0.0	0.0	0.0
616	0.0	0.0	0.0	0.0	0.0	0.0	0.0
617	2.0	0.0	2.0	0.0	2.0	4.0	2.0
618	0.0	0.0	0.0	0.0	0.0	0.0	0.0
619	0.0	0.0	0.0	0.0	0.0	0.0	0.0
620	0.0	0.0	0.0	0.0	0.0	0.0	0.0
621	0.0	0.0	0.0	0.0	0.0	0.0	0.0
622	2.0	1.0	1.0	0.0	2.0	4.0	1.0
623	0.0	4.0	0.0	2.0	3.3360000000000003	8.664	2.0
624	1.0	0.0	0.0	0.0	0.6680000000000001	2.332	0.0
625	2.0	0.0	1.0	0.0	2.0	4.0	1.0
626	1.0	1.0	0.0	0.0	2.0	4.0	0.0
627	1.0	0.0	0.0	0.0	1.4	1.6	0.0
628	2.0	0.0	1.0	0.0	0.6660000000000004	5.334	1.0
629	2.0	0.0	0.0	0.0	0.6660000000000004	5.334	0.0
630	0.0	0.0	0.0	0.0	0.0	0.0	0.0
631	1.0	0.0	0.0	0.0	1.0	2.0	0.0
632	0.0	0.0	0.0	0.0	0.0	0.0	0.0
633	2.0	0.0	0.0	0.0	1.0	2.0	0.0
634	2.0	1.0	1.0	0.0	2.0	4.0	1.0
635	1.0	0.0	1.0	0.0	0.3330000000000002	2.667	1.0
636	0.0	0.0	0.0	0.0	0.0	0.0	0.0
637	1.0	0.0	0.0	0.0	1.0	2.0	0.0
638	1.0	0.0	0.0	0.0	0.6680000000000001	2.332	0.0
639	1.0	0.0	0.0	0.0	0.3330000000000002	2.667	0.0
640	0.0	0.0	0.0	0.0	0.0	0.0	0.0
641	0.0	0.0	0.0	0.0	0.0	0.0	0.0
642	1.0	0.0	0.0	0.0	0.3330000000000002	2.667	0.0
643	0.0	0.0	0.0	0.0	0.0	0.0	0.0
644	0.0	0.0	0.0	0.0	0.0	0.0	0.0
645	1.0	1.0	0.0	0.0	0.3330000000000002	2.667	0.0
646	3.0	0.0	2.0	0.0	3.0	6.0	2.0
647	0.0	1.0	0.0	0.0	0.6680000000000001	2.332	0.0
648	0.0	0.0	0.0	0.0	0.0	0.0	0.0
649	1.0	0.0	0.0	0.0	1.0	2.0	0.0
650	1.0	0.0	0.0	0.0	1.0	2.0	0.0
651	2.0	0.0	1.0	0.0	2.0	4.0	1.0
652	2.0	1.0	1.0	1.0	2.668	6.332	2.0
653	0.0	0.0	0.0	0.0	0.0	0.0	0.0
654	1.0	0.0	0.0	0.0	0.6680000000000001	2.332	0.0
655	3.0	2.0	2.0	2.0	2.333	6.667	2.0
656	1.0	1.0	1.0	0.0	2.0	4.0	1.0
657	3.0	0.0	0.0	0.0	3.0	6.0	0.0
658	1.0	0.0	0.0	0.0	1.0	2.0	0.0
659	0.0	0.0	0.0	0.0	0.0	0.0	0.0
660	0.0	0.0	0.0	0.0	0.0	0.0	0.0
661	1.0	0.0	0.0	0.0	0.3330000000000002	2.667	0.0
662	2.0	2.0	1.0	1.0	2.0010000000000003	6.999	1.0
663	2.0	0.0	1.0	0.0	0.6660000000000004	5.334	1.0
664	0.0	0.0	0.0	0.0	0.0	0.0	0.0
665	1.0	0.0	0.0	0.0	1.4	1.6	0.0
666	2.0	1.0	1.0	0.0	1.3330000000000002	4.667	1.0
667	1.0	0.0	0.0	0.0	1.0	2.0	0.0
668	0.0	0.0	0.0	0.0	0.0	0.0	0.0
669	2.0	0.0	2.0	0.0	0.6660000000000004	5.334	2.0
670	1.0	0.0	1.0	0.0	1.0	2.0	1.0
671	0.0	0.0	0.0	0.0	0.0	0.0	0.0
672	1.0	0.0	0.0	0.0	1.0	2.0	0.0
673	1.0	0.0	0.0	0.0	1.0	2.0	0.0
674	1.0	0.0	0.0	0.0	1.0	2.0	0.0
675	1.0	0.0	0.0	0.0	0.3330000000000002	2.667	0.0
676	0.0	0.0	0.0	0.0	0.0	0.0	0.0
677	2.0	0.0	0.0	0.0	2.0	4.0	0.0
678	3.0	0.0	2.0	0.0	3.068	5.932	2.0
679	0.0	0.0	0.0	0.0	0.0	0.0	0.0
680	1.0	0.0	1.0	0.0	0.3330000000000002	2.667	1.0
681	3.0	0.0	1.0	0.0	1.6680000000000001	4.332	1.0
682	1.0	0.0	0.0	0.0	0.3330000000000002	2.667	0.0
683	2.0	0.0	0.0	0.0	2.0	4.0	0.0
684	0.0	0.0	0.0	0.0	0.0	0.0	0.0
685	0.0	3.0	0.0	2.0	2.0040000000000004	6.9959999999999996	2.0
686	0.0	0.0	0.0	0.0	0.0	0.0	0.0
687	1.0	0.0	1.0	0.0	0.3330000000000002	2.667	1.0
688	0.0	0.0	0.0	0.0	0.0	0.0	0.0
689	2.0	0.0	2.0	0.0	1.3360000000000003	4.664	2.0
690	0.0	0.0	0.0	0.0	0.0	0.0	0.0
691	0.0	0.0	0.0	0.0	0.0	0.0	0.0
692	0.0	0.0	0.0	0.0	0.0	0.0	0.0
693	3.0	0.0	1.0	0.0	3.4	5.6	1.0
694	0.0	0.0	0.0	0.0	0.0	0.0	0.0
695	1.0	2.0	1.0	2.0	2.0	4.0	2.0
696	4.0	0.0	3.0	0.0	4.0	8.0	3.0
697	3.0	0.0	2.0	0.0	3.0	6.0	2.0
698	1.0	2.0	0.0	2.0	1.3330000000000002	4.667	1.0
699	1.0	1.0	1.0	1.0	0.6680000000000001	2.332	1.0
700	1.0	0.0	0.0	0.0	1.0	2.0	0.0
701	0.0	0.0	0.0	0.0	0.0	0.0	0.0
702	1.0	0.0	1.0	0.0	0.3330000000000002	2.667	1.0
703	1.0	0.0	1.0	0.0	0.3330000000000002	2.667	1.0
704	2.0	2.0	2.0	2.0	2.333	6.667	3.0
705	3.0	0.0	2.0	0.0	0.9990000000000006	8.001	2.0
706	2.0	2.0	2.0	0.0	3.736	8.264	2.0
707	2.0	0.0	2.0	0.0	2.4	3.6	2.0
708	3.0	0.0	1.0	0.0	3.0	6.0	1.0
709	3.0	0.0	2.0	0.0	3.0	6.0	2.0
710	1.0	0.0	0.0	0.0	1.0	2.0	0.0
711	5.0	2.0	5.0	2.0	2.6660000000000004	9.334	4.0
712	2.0	0.0	2.0	0.0	2.4	3.6	2.0
713	2.0	1.0	2.0	1.0	2.3360000000000003	6.664	3.0
714	2.0	0.0	1.0	0.0	0.6660000000000004	5.334	1.0
715	3.0	0.0	3.0	0.0	3.4	5.6	3.0
716	3.0	0.0	2.0	0.0	0.9990000000000006	8.001	2.0
717	0.0	0.0	0.0	0.0	0.0	0.0	0.0
718	0.0	0.0	0.0	0.0	0.0	0.0	0.0
719	0.0	1.0	0.0	1.0	0.3330000000000002	2.667	1.0
720	0.0	0.0	0.0	0.0	0.0	0.0	0.0
721	2.0	0.0	2.0	0.0	2.0	4.0	2.0
722	1.0	3.0	0.0	3.0	2.333	6.667	2.0
723	0.0	0.0	0.0	0.0	0.0	0.0	0.0
724	0.0	0.0	0.0	0.0	0.0	0.0	0.0
725	2.0	0.0	1.0	0.0	2.4	3.6	1.0
726	0.0	0.0	0.0	0.0	0.0	0.0	0.0
727	0.0	0.0	0.0	0.0	0.0	0.0	0.0
728	0.0	0.0	0.0	0.0	0.0	0.0	0.0
729	3.0	0.0	2.0	0.0	3.0	6.0	2.0
730	2.0	0.0	2.0	0.0	2.0	4.0	2.0
731	1.0	0.0	1.0	0.0	0.3330000000000002	2.667	1.0
732	1.0	1.0	1.0	1.0	1.0	2.0	1.0
733	1.0	0.0	1.0	0.0	1.0	2.0	1.0
734	0.0	0.0	0.0	0.0	0.0	0.0	0.0
735	3.0	0.0	1.0	0.0	2.668	6.332	1.0
736	4.0	0.0	2.0	0.0	4.0	8.0	2.0
737	1.0	0.0	1.0	0.0	0.3330000000000002	2.667	1.0
738	0.0	1.0	0.0	1.0	0.3330000000000002	2.667	1.0
739	3.0	0.0	2.0	0.0	3.0	6.0	2.0
740	1.0	0.0	0.0	0.0	0.3330000000000002	2.667	0.0
741	1.0	0.0	0.0	0.0	1.0	2.0	0.0
742	0.0	2.0	0.0	2.0	0.6680000000000001	2.332	1.0
743	0.0	0.0	0.0	0.0	0.0	0.0	0.0
744	0.0	0.0	0.0	0.0	0.0	0.0	0.0
745	0.0	0.0	0.0	0.0	0.0	0.0	0.0
746	3.0	0.0	2.0	0.0	2.0040000000000004	6.9959999999999996	2.0
747	0.0	0.0	0.0	0.0	0.0	0.0	0.0
748	0.0	2.0	0.0	1.0	2.0	4.0	1.0
749	0.0	0.0	0.0	0.0	0.0	0.0	0.0
750	1.0	0.0	1.0	0.0	1.0	2.0	1.0
751	0.0	1.0	0.0	1.0	0.6680000000000001	2.332	1.0
752	0.0	0.0	0.0	0.0	0.0	0.0	0.0
753	3.0	0.0	2.0	0.0	3.0	6.0	2.0
754	1.0	0.0	0.0	0.0	0.3330000000000002	2.667	0.0
755	0.0	0.0	0.0	0.0	0.0	0.0	0.0
756	1.0	0.0	0.0	0.0	0.3330000000000002	2.667	0.0
757	0.0	0.0	0.0	0.0	0.0	0.0	0.0
758	2.0	0.0	0.0	0.0	2.0	4.0	0.0
759	0.0	0.0	0.0	0.0	0.0	0.0	0.0
760	0.0	0.0	0.0	0.0	0.0	0.0	0.0
761	1.0	0.0	1.0	0.0	0.6680000000000001	2.332	1.0
762	0.0	0.0	0.0	0.0	0.0	0.0	0.0
763	0.0	5.0	0.0	4.0	4.0040000000000004	10.995999999999999	4.0
764	1.0	0.0	1.0	0.0	0.3330000000000002	2.667	1.0
765	0.0	1.0	0.0	1.0	0.3330000000000002	2.667	1.0
766	0.0	0.0	0.0	0.0	0.0	0.0	0.0
767	1.0	1.0	1.0	0.0	0.6660000000000004	5.334	1.0
768	0.0	0.0	0.0	0.0	0.0	0.0	0.0
769	3.0	0.0	2.0	0.0	0.9990000000000006	8.001	2.0
770	0.0	0.0	0.0	0.0	0.0	0.0	0.0
771	0.0	0.0	0.0	0.0	0.0	0.0	0.0
772	0.0	0.0	0.0	0.0	0.0	0.0	0.0
773	2.0	0.0	1.0	0.0	2.0	4.0	1.0
774	0.0	0.0	0.0	0.0	0.0	0.0	0.0
775	0.0	0.0	0.0	0.0	0.0	0.0	0.0
776	0.0	0.0	0.0	0.0	0.0	0.0	0.0
777	4.0	0.0	3.0	0.0	2.736	6.263999999999999	2.0
778	0.0	0.0	0.0	0.0	0.0	0.0	0.0
779	0.0	0.0	0.0	0.0	0.0	0.0	0.0
780	1.0	0.0	1.0	0.0	1.0	2.0	1.0
781	3.0	2.0	1.0	2.0	2.0020000000000007	9.998	2.0
782	1.0	0.0	1.0	0.0	1.0	2.0	1.0
783	0.0	0.0	0.0	0.0	0.0	0.0	0.0
784	0.0	0.0	0.0	0.0	0.0	0.0	0.0
785	1.0	0.0	0.0	0.0	0.3330000000000002	2.667	0.0
786	3.0	0.0	3.0	0.0	2.668	6.332	3.0
787	2.0	0.0	2.0	0.0	2.0	4.0	2.0
788	4.0	0.0	4.0	0.0	2.668	6.332	3.0
789	0.0	0.0	0.0	0.0	0.0	0.0	0.0
790	2.0	0.0	2.0	0.0	1.3360000000000003	4.664	2.0
791	1.0	0.0	1.0	0.0	1.0	2.0	1.0
792	1.0	0.0	1.0	0.0	0.3330000000000002	2.667	1.0
793	2.0	0.0	2.0	0.0	0.6660000000000004	5.334	2.0
794	2.0	0.0	1.0	0.0	2.0	4.0	1.0
795	1.0	0.0	0.0	0.0	0.3330000000000002	2.667	0.0
796	1.0	0.0	1.0	0.0	0.3330000000000002	2.667	1.0
797	2.0	0.0	1.0	0.0	0.6660000000000004	5.334	1.0
798	1.0	0.0	1.0	0.0	1.0	2.0	1.0
799	0.0	0.0	0.0	0.0	0.0	0.0	0.0
800	1.0	0.0	1.0	0.0	0.3330000000000002	2.667	1.0
801	2.0	0.0	2.0	0.0	1.0	2.0	1.0
802	2.0	0.0	0.0	0.0	2.0	4.0	0.0
803	1.0	0.0	1.0	0.0	1.4	1.6	1.0
804	0.0	0.0	0.0	0.0	0.0	0.0	0.0
805	3.0	0.0	1.0	0.0	3.4	5.6	1.0
806	0.0	0.0	0.0	0.0	0.0	0.0	0.0
807	2.0	0.0	2.0	0.0	0.6660000000000004	5.334	2.0
808	0.0	2.0	0.0	2.0	0.3330000000000002	2.667	1.0
809	1.0	0.0	1.0	0.0	0.3330000000000002	2.667	1.0
810	1.0	0.0	1.0	0.0	0.3330000000000002	2.667	1.0
811	0.0	0.0	0.0	0.0	0.0	0.0	0.0
812	0.0	1.0	0.0	1.0	0.3330000000000002	2.667	1.0
813	1.0	0.0	1.0	0.0	1.0	2.0	1.0
814	1.0	0.0	1.0	0.0	0.6680000000000001	2.332	1.0
815	0.0	0.0	0.0	0.0	0.0	0.0	0.0
816	2.0	0.0	1.0	0.0	2.0	4.0	1.0
817	1.0	0.0	1.0	0.0	0.3330000000000002	2.667	1.0
818	2.0	0.0	0.0	0.0	2.0	4.0	0.0
819	0.0	0.0	0.0	0.0	0.0	0.0	0.0
820	2.0	0.0	1.0	0.0	2.0	4.0	1.0
821	1.0	0.0	1.0	0.0	1.0	2.0	1.0
822	1.0	0.0	1.0	0.0	0.3330000000000002	2.667	1.0
823	2.0	0.0	1.0	0.0	2.0	4.0	1.0
824	1.0	2.0	1.0	2.0	1.0	2.0	1.0
825	4.0	0.0	3.0	0.0	3.668	8.332	3.0
826	3.0	0.0	3.0	0.0	3.0	6.0	3.0
827	2.0	0.0	1.0	0.0	2.0	4.0	1.0
828	0.0	1.0	0.0	1.0	1.0	2.0	1.0
829	0.0	0.0	0.0	0.0	0.0	0.0	0.0
830	1.0	0.0	1.0	0.0	0.6680000000000001	2.332	1.0
831	2.0	0.0	2.0	0.0	2.0	4.0	2.0
832	2.0	0.0	1.0	0.0	2.0	4.0	1.0
833	3.0	0.0	3.0	0.0	3.4	5.6	3.0
834	2.0	0.0	2.0	0.0	1.6680000000000001	4.332	2.0
835	2.0	0.0	1.0	0.0	0.6660000000000004	5.334	1.0
836	2.0	0.0	2.0	0.0	2.0	4.0	2.0
837	0.0	0.0	0.0	0.0	0.0	0.0	0.0
838	1.0	0.0	1.0	0.0	0.3330000000000002	2.667	1.0
839	1.0	0.0	1.0	0.0	0.3330000000000002	2.667	1.0
840	1.0	0.0	1.0	0.0	0.3330000000000002	2.667	1.0
841	1.0	2.0	1.0	2.0	1.3330000000000002	4.667	2.0
842	2.0	0.0	2.0	0.0	1.3360000000000003	4.664	2.0
843	0.0	0.0	0.0	0.0	0.0	0.0	0.0
844	0.0	0.0	0.0	0.0	0.0	0.0	0.0
845	0.0	0.0	0.0	0.0	0.0	0.0	0.0
846	1.0	0.0	1.0	0.0	1.0	2.0	1.0
847	3.0	0.0	3.0	0.0	2.4	3.6	2.0
848	3.0	0.0	3.0	0.0	3.0	6.0	3.0
849	2.0	0.0	1.0	0.0	2.0	4.0	1.0
850	1.0	0.0	1.0	0.0	1.0	2.0	1.0
851	0.0	0.0	0.0	0.0	0.0	0.0	0.0
852	4.0	0.0	3.0	0.0	4.0	8.0	3.0
853	3.0	2.0	3.0	2.0	3.333	8.667	4.0
854	0.0	0.0	0.0	0.0	0.0	0.0	0.0
855	2.0	0.0	1.0	0.0	1.3360000000000003	4.664	1.0
856	1.0	0.0	0.0	0.0	1.0	2.0	0.0
857	2.0	0.0	1.0	0.0	1.3360000000000003	4.664	1.0
858	2.0	0.0	1.0	0.0	0.6660000000000004	5.334	1.0
859	0.0	1.0	0.0	1.0	0.3330000000000002	2.667	1.0
860	3.0	0.0	3.0	0.0	1.6680000000000001	4.332	2.0
861	2.0	0.0	2.0	0.0	2.0	4.0	2.0
862	2.0	3.0	2.0	3.0	2.333	6.667	3.0
863	0.0	0.0	0.0	0.0	0.0	0.0	0.0
864	2.0	0.0	0.0	0.0	2.0	4.0	0.0
865	0.0	0.0	0.0	0.0	0.0	0.0	0.0
866	3.0	2.0	1.0	2.0	3.333	8.667	2.0
867	3.0	0.0	3.0	0.0	1.6680000000000001	4.332	2.0
868	0.0	0.0	0.0	0.0	0.0	0.0	0.0
869	2.0	0.0	1.0	0.0	2.0	4.0	1.0
870	0.0	0.0	0.0	0.0	0.0	0.0	0.0
871	0.0	0.0	0.0	0.0	0.0	0.0	0.0
872	2.0	0.0	1.0	0.0	2.4	3.6	1.0
873	1.0	0.0	1.0	0.0	1.0	2.0	1.0
874	0.0	0.0	0.0	0.0	0.0	0.0	0.0
875	1.0	0.0	1.0	0.0	1.0	2.0	1.0
876	0.0	0.0	0.0	0.0	0.0	0.0	0.0
877	0.0	0.0	0.0	0.0	0.0	0.0	0.0
878	0.0	0.0	0.0	0.0	0.0	0.0	0.0
879	2.0	2.0	1.0	2.0	1.3330000000000002	4.667	1.0
880	1.0	1.0	1.0	1.0	0.0	3.0	1.0
881	3.0	0.0	3.0	0.0	1.6680000000000001	4.332	2.0
882	2.0	1.0	1.0	1.0	3.0	6.0	2.0
883	2.0	0.0	2.0	0.0	2.0	4.0	2.0
884	2.0	0.0	1.0	0.0	2.0	4.0	1.0
885	0.0	2.0	0.0	2.0	0.0	3.0	1.0
886	0.0	1.0	0.0	1.0	0.3330000000000002	2.667	1.0
887	1.0	0.0	1.0	0.0	0.3330000000000002	2.667	1.0
888	2.0	0.0	2.0	0.0	0.6660000000000004	5.334	2.0
889	2.0	0.0	0.0	0.0	2.0	4.0	0.0
890	3.0	0.0	3.0	0.0	3.0	6.0	3.0
891	1.0	2.0	1.0	1.0	0.9990000000000006	8.001	2.0
892	0.0	0.0	0.0	0.0	0.0	0.0	0.0
893	3.0	0.0	3.0	0.0	3.0	6.0	3.0
894	1.0	0.0	1.0	0.0	1.4	1.6	1.0
895	2.0	0.0	2.0	0.0	2.0	4.0	2.0
896	0.0	0.0	0.0	0.0	0.0	0.0	0.0
897	2.0	0.0	1.0	0.0	1.3360000000000003	4.664	1.0
898	0.0	0.0	0.0	0.0	0.0	0.0	0.0
899	3.0	0.0	1.0	0.0	2.0040000000000004	6.9959999999999996	1.0
900	0.0	0.0	0.0	0.0	0.0	0.0	0.0
901	3.0	0.0	2.0	0.0	3.0	6.0	2.0
902	0.0	0.0	0.0	0.0	0.0	0.0	0.0
903	1.0	0.0	0.0	0.0	0.3330000000000002	2.667	0.0
904	0.0	0.0	0.0	0.0	0.0	0.0	0.0
905	2.0	0.0	1.0	0.0	2.0	4.0	1.0
906	0.0	0.0	0.0	0.0	0.0	0.0	0.0
907	0.0	0.0	0.0	0.0	0.0	0.0	0.0
908	0.0	0.0	0.0	0.0	0.0	0.0	0.0
909	1.0	0.0	1.0	0.0	1.4	1.6	1.0
910	0.0	0.0	0.0	0.0	0.0	0.0	0.0
911	0.0	0.0	0.0	0.0	0.0	0.0	0.0
912	1.0	0.0	1.0	0.0	0.3330000000000002	2.667	1.0
913	0.0	0.0	0.0	0.0	0.0	0.0	0.0
914	0.0	1.0	0.0	1.0	0.3330000000000002	2.667	1.0
915	1.0	0.0	1.0	0.0	0.3330000000000002	2.667	1.0
916	1.0	0.0	1.0	0.0	0.3330000000000002	2.667	1.0
917	2.0	1.0	1.0	1.0	3.0	6.0	2.0
918	2.0	0.0	2.0	0.0	2.8	3.2	2.0
919	2.0	3.0	2.0	3.0	3.333	8.667	4.0
920	2.0	0.0	1.0	0.0	2.0	4.0	1.0
921	1.0	0.0	1.0	0.0	1.0	2.0	1.0
922	2.0	0.0	2.0	0.0	0.6660000000000004	5.334	2.0
923	0.0	0.0	0.0	0.0	0.0	0.0	0.0
924	2.0	0.0	1.0	0.0	0.6660000000000004	5.334	1.0
925	0.0	0.0	0.0	0.0	0.0	0.0	0.0
926	1.0	0.0	1.0	0.0	0.3330000000000002	2.667	1.0
927	2.0	0.0	0.0	0.0	2.0	4.0	0.0
928	2.0	0.0	1.0	0.0	0.6660000000000004	5.334	1.0
929	0.0	0.0	0.0	0.0	0.0	0.0	0.0
930	2.0	0.0	2.0	0.0	0.6660000000000004	5.334	2.0
931	3.0	0.0	2.0	0.0	3.068	5.932	2.0
932	2.0	0.0	1.0	0.0	2.0	4.0	1.0
933	1.0	1.0	1.0	1.0	0.6660000000000004	5.334	2.0
934	2.0	1.0	2.0	1.0	2.068	3.932	2.0
935	1.0	0.0	1.0	0.0	1.0	2.0	1.0
936	0.0	0.0	0.0	0.0	0.0	0.0	0.0
937	2.0	0.0	0.0	0.0	2.0	4.0	0.0
938	0.0	0.0	0.0	0.0	0.0	0.0	0.0
939	2.0	0.0	1.0	0.0	2.0	4.0	1.0
940	0.0	0.0	0.0	0.0	0.0	0.0	0.0
941	0.0	0.0	0.0	0.0	0.0	0.0	0.0
942	0.0	0.0	0.0	0.0	0.0	0.0	0.0
943	1.0	0.0	0.0	0.0	1.0	2.0	0.0
944	0.0	0.0	0.0	0.0	0.0	0.0	0.0
945	1.0	0.0	0.0	0.0	1.0	2.0	0.0
946	0.0	0.0	0.0	0.0	0.0	0.0	0.0
947	0.0	0.0	0.0	0.0	0.0	0.0	0.0
948	1.0	0.0	1.0	0.0	0.6680000000000001	2.332	1.0
949	2.0	0.0	1.0	0.0	2.0	4.0	1.0
950	2.0	0.0	1.0	0.0	0.6660000000000004	5.334	1.0
951	0.0	0.0	0.0	0.0	0.0	0.0	0.0
952	0.0	0.0	0.0	0.0	0.0	0.0	0.0
953	0.0	2.0	0.0	2.0	1.0	2.0	1.0
954	0.0	0.0	0.0	0.0	0.0	0.0	0.0
955	1.0	0.0	1.0	0.0	0.3330000000000002	2.667	1.0
956	2.0	0.0	1.0	0.0	2.0	4.0	1.0
957	1.0	2.0	1.0	2.0	1.0	2.0	1.0
958	1.0	0.0	1.0	0.0	0.3330000000000002	2.667	1.0
959	1.0	0.0	0.0	0.0	1.0	2.0	0.0
960	1.0	0.0	1.0	0.0	1.0	2.0	1.0
961	0.0	0.0	0.0	0.0	0.0	0.0	0.0
962	1.0	0.0	1.0	0.0	0.6680000000000001	2.332	1.0
963	4.0	0.0	2.0	0.0	2.668	6.332	1.0
964	0.0	0.0	0.0	0.0	0.0	0.0	0.0
965	3.0	0.0	3.0	0.0	2.668	6.332	3.0
966	2.0	1.0	2.0	1.0	3.0	6.0	3.0
967	1.0	0.0	1.0	0.0	0.3330000000000002	2.667	1.0
968	2.0	0.0	1.0	0.0	2.0	4.0	1.0
969	0.0	0.0	0.0	0.0	0.0	0.0	0.0
970	4.0	0.0	3.0	0.0	4.068	7.932	3.0
971	0.0	0.0	0.0	0.0	0.0	0.0	0.0
972	2.0	2.0	2.0	2.0	2.333	6.667	3.0
973	1.0	0.0	1.0	0.0	0.3330000000000002	2.667	1.0
974	2.0	0.0	1.0	0.0	2.0	4.0	1.0
975	4.0	0.0	3.0	0.0	4.068	7.932	3.0
976	0.0	0.0	0.0	0.0	0.0	0.0	0.0
977	1.0	0.0	1.0	0.0	0.3330000000000002	2.667	1.0
978	0.0	0.0	0.0	0.0	0.0	0.0	0.0
979	0.0	0.0	0.0	0.0	0.0	0.0	0.0
980	2.0	0.0	2.0	0.0	1.3360000000000003	4.664	2.0
981	1.0	0.0	0.0	0.0	0.3330000000000002	2.667	0.0
982	2.0	0.0	2.0	0.0	2.0	4.0	2.0
983	1.0	0.0	1.0	0.0	1.0	2.0	1.0
984	2.0	0.0	2.0	0.0	2.0	4.0	2.0
985	2.0	0.0	2.0	0.0	2.0	4.0	2.0
986	2.0	0.0	2.0	0.0	1.3360000000000003	4.664	2.0
987	0.0	0.0	0.0	0.0	0.0	0.0	0.0
988	0.0	0.0	0.0	0.0	0.0	0.0	0.0
989	2.0	0.0	2.0	0.0	2.0	4.0	2.0
990	3.0	2.0	2.0	0.0	3.333	8.667	2.0
991	1.0	1.0	1.0	1.0	1.0	2.0	1.0
992	3.0	0.0	3.0	0.0	3.0	6.0	3.0
993	3.0	0.0	1.0	0.0	3.0	6.0	1.0
994	1.0	0.0	1.0	0.0	1.0	2.0	1.0
995	2.0	0.0	1.0	0.0	2.0	4.0	1.0
996	1.0	0.0	1.0	0.0	0.3330000000000002	2.667	1.0
997	2.0	0.0	1.0	0.0	2.0	4.0	1.0
998	2.0	0.0	1.0	0.0	2.0	4.0	1.0
999	2.0	0.0	1.0	0.0	0.6660000000000004	5.334	1.0
1000	2.0	0.0	2.0	0.0	2.0	4.0	2.0
1001	0.0	3.0	0.0	3.0	1.3330000000000002	4.667	2.0
1002	0.0	0.0	0.0	0.0	0.0	0.0	0.0
1003	2.0	0.0	2.0	0.0	2.0	4.0	2.0
1004	2.0	0.0	2.0	0.0	2.0	4.0	2.0
1005	0.0	1.0	0.0	1.0	1.0	2.0	1.0
1006	0.0	0.0	0.0	0.0	0.0	0.0	0.0
1007	3.0	0.0	2.0	0.0	3.0	6.0	2.0
1008	2.0	0.0	1.0	0.0	2.0	4.0	1.0
1009	2.0	0.0	2.0	0.0	2.0	4.0	2.0
1010	1.0	1.0	1.0	1.0	1.4	1.6	1.0
1011	3.0	0.0	2.0	0.0	1.6680000000000001	4.332	1.0
1012	2.0	1.0	0.0	1.0	3.0	6.0	1.0
1013	1.0	3.0	1.0	2.0	1.3330000000000002	4.667	1.0
1014	2.0	0.0	1.0	0.0	0.6660000000000004	5.334	1.0
1015	3.0	0.0	2.0	0.0	3.4	5.6	2.0
1016	2.0	0.0	2.0	0.0	2.0	4.0	2.0
1017	3.0	0.0	3.0	0.0	3.4	5.6	3.0
1018	1.0	0.0	1.0	0.0	0.3330000000000002	2.667	1.0
1019	1.0	0.0	0.0	0.0	1.0	2.0	0.0
1020	3.0	0.0	2.0	0.0	2.0040000000000004	6.9959999999999996	2.0
1021	0.0	0.0	0.0	0.0	0.0	0.0	0.0
1022	5.0	0.0	4.0	0.0	4.668	10.332	4.0
1023	1.0	0.0	1.0	0.0	1.0	2.0	1.0
1024	0.0	0.0	0.0	0.0	0.0	0.0	0.0
1025	0.0	0.0	0.0	0.0	0.0	0.0	0.0
1026	1.0	0.0	1.0	0.0	0.6680000000000001	2.332	1.0
1027	1.0	0.0	1.0	0.0	1.0	2.0	1.0
1028	3.0	0.0	2.0	0.0	3.0	6.0	2.0
1029	0.0	0.0	0.0	0.0	0.0	0.0	0.0
1030	2.0	0.0	2.0	0.0	2.0	4.0	2.0
1031	2.0	0.0	1.0	0.0	2.0	4.0	1.0
1032	4.0	0.0	4.0	0.0	4.0	8.0	4.0
1033	0.0	0.0	0.0	0.0	0.0	0.0	0.0
1034	1.0	0.0	1.0	0.0	0.3330000000000002	2.667	1.0
1035	0.0	0.0	0.0	0.0	0.0	0.0	0.0
1036	0.0	0.0	0.0	0.0	0.0	0.0	0.0
1037	2.0	2.0	2.0	2.0	1.3330000000000002	4.667	2.0
1038	0.0	0.0	0.0	0.0	0.0	0.0	0.0
1039	5.0	0.0	3.0	0.0	5.068	9.931999999999999	3.0
1040	1.0	0.0	1.0	0.0	0.3330000000000002	2.667	1.0
1041	0.0	0.0	0.0	0.0	0.0	0.0	0.0
1042	4.0	0.0	3.0	0.0	2.668	6.332	2.0
1043	2.0	0.0	2.0	0.0	2.8	3.2	2.0
1044	3.0	0.0	1.0	0.0	4.199999999999999	4.800000000000001	1.0
1045	1.0	0.0	1.0	0.0	0.3330000000000002	2.667	1.0
1046	3.0	0.0	2.0	0.0	3.0	6.0	2.0
1047	0.0	0.0	0.0	0.0	0.0	0.0	0.0
1048	0.0	0.0	0.0	0.0	0.0	0.0	0.0
1049	0.0	0.0	0.0	0.0	0.0	0.0	0.0
1050	2.0	0.0	2.0	0.0	2.0	4.0	2.0
1051	1.0	0.0	1.0	0.0	0.3330000000000002	2.667	1.0
1052	0.0	0.0	0.0	0.0	0.0	0.0	0.0
1053	2.0	2.0	1.0	2.0	3.333	8.667	3.0
1054	0.0	0.0	0.0	0.0	0.0	0.0	0.0
1055	1.0	0.0	1.0	0.0	1.0	2.0	1.0
1056	0.0	0.0	0.0	0.0	0.0	0.0	0.0
1057	0.0	0.0	0.0	0.0	0.0	0.0	0.0
1058	0.0	0.0	0.0	0.0	0.0	0.0	0.0
1059	1.0	0.0	1.0	0.0	0.6680000000000001	2.332	1.0
1060	0.0	0.0	0.0	0.0	0.0	0.0	0.0
1061	3.0	1.0	3.0	1.0	1.3330000000000002	4.667	2.0
1062	3.0	0.0	3.0	0.0	2.668	6.332	3.0
1063	1.0	0.0	1.0	0.0	0.3330000000000002	2.667	1.0
1064	1.0	3.0	1.0	2.0	1.6660000000000004	7.334	2.0
1065	0.0	1.0	0.0	1.0	0.3330000000000002	2.667	1.0
1066	0.0	0.0	0.0	0.0	0.0	0.0	0.0
1067	3.0	0.0	1.0	0.0	3.0	6.0	1.0
1068	0.0	2.0	0.0	2.0	0.3330000000000002	2.667	1.0
1069	3.0	0.0	2.0	0.0	0.9990000000000006	8.001	2.0
1070	2.0	0.0	1.0	0.0	1.3360000000000003	4.664	1.0
1071	2.0	0.0	1.0	0.0	2.0	4.0	1.0
1072	2.0	2.0	2.0	2.0	1.3330000000000002	4.667	2.0
1073	1.0	0.0	1.0	0.0	1.0	2.0	1.0
1074	0.0	0.0	0.0	0.0	0.0	0.0	0.0
1075	1.0	0.0	1.0	0.0	0.6680000000000001	2.332	1.0
1076	1.0	3.0	1.0	3.0	1.3320000000000007	10.668	4.0
1077	1.0	0.0	1.0	0.0	1.0	2.0	1.0
1078	2.0	0.0	0.0	0.0	2.0	4.0	0.0
1079	3.0	0.0	2.0	0.0	1.6680000000000001	4.332	1.0
1080	2.0	0.0	2.0	0.0	0.6660000000000004	5.334	2.0
1081	0.0	0.0	0.0	0.0	0.0	0.0	0.0
1082	1.0	0.0	1.0	0.0	0.3330000000000002	2.667	1.0
1083	2.0	0.0	2.0	0.0	2.0	4.0	2.0
1084	1.0	0.0	0.0	0.0	0.3330000000000002	2.667	0.0
1085	0.0	0.0	0.0	0.0	0.0	0.0	0.0
1086	0.0	0.0	0.0	0.0	0.0	0.0	0.0
1087	1.0	1.0	1.0	0.0	0.6660000000000004	5.334	1.0
1088	0.0	0.0	0.0	0.0	0.0	0.0	0.0
1089	0.0	0.0	0.0	0.0	0.0	0.0	0.0
1090	1.0	0.0	1.0	0.0	1.0	2.0	1.0
1091	1.0	0.0	1.0	0.0	1.0	2.0	1.0
1092	1.0	0.0	1.0	0.0	0.3330000000000002	2.667	1.0
1093	0.0	0.0	0.0	0.0	0.0	0.0	0.0
1094	2.0	2.0	1.0	2.0	2.0	4.0	1.0
1095	3.0	2.0	3.0	0.0	5.0	10.0	3.0
1096	1.0	0.0	1.0	0.0	1.0	2.0	1.0
1097	0.0	0.0	0.0	0.0	0.0	0.0	0.0
1098	1.0	0.0	1.0	0.0	0.3330000000000002	2.667	1.0
1099	1.0	0.0	1.0	0.0	1.0	2.0	1.0
1100	2.0	0.0	0.0	0.0	2.4	3.6	0.0
1101	1.0	1.0	1.0	1.0	1.6680000000000001	4.332	2.0
1102	0.0	1.0	0.0	1.0	0.3330000000000002	2.667	1.0
1103	2.0	2.0	0.0	1.0	0.9990000000000006	8.001	1.0
1104	2.0	0.0	2.0	0.0	2.0	4.0	2.0
1105	2.0	0.0	2.0	0.0	2.0	4.0	2.0
1106	1.0	0.0	1.0	0.0	0.3330000000000002	2.667	1.0
1107	0.0	0.0	0.0	0.0	0.0	0.0	0.0
1108	0.0	0.0	0.0	0.0	0.0	0.0	0.0
1109	2.0	0.0	1.0	0.0	2.0	4.0	1.0
1110	3.0	0.0	2.0	0.0	3.0	6.0	2.0
1111	1.0	0.0	1.0	0.0	0.3330000000000002	2.667	1.0
1112	2.0	0.0	2.0	0.0	2.0	4.0	2.0
1113	1.0	1.0	1.0	0.0	0.6660000000000004	5.334	1.0
1114	3.0	0.0	2.0	0.0	3.0	6.0	2.0
1115	1.0	0.0	1.0	0.0	0.3330000000000002	2.667	1.0
1116	1.0	0.0	1.0	0.0	0.3330000000000002	2.667	1.0
1117	2.0	0.0	1.0	0.0	2.0	4.0	1.0
1118	0.0	0.0	0.0	0.0	0.0	0.0	0.0
1119	1.0	1.0	1.0	1.0	1.733	4.2669999999999995	2.0
1120	3.0	0.0	1.0	0.0	3.0	6.0	1.0
1121	0.0	0.0	0.0	0.0	0.0	0.0	0.0
1122	2.0	0.0	0.0	0.0	2.0	4.0	0.0
1123	0.0	0.0	0.0	0.0	0.0	0.0	0.0
1124	1.0	3.0	1.0	3.0	2.0	4.0	2.0
1125	0.0	0.0	0.0	0.0	0.0	0.0	0.0
1126	3.0	0.0	1.0	0.0	3.0	6.0	1.0
1127	1.0	0.0	1.0	0.0	1.0	2.0	1.0
1128	1.0	0.0	0.0	0.0	0.3330000000000002	2.667	0.0
1129	2.0	0.0	1.0	0.0	2.0	4.0	1.0
1130	0.0	0.0	0.0	0.0	0.0	0.0	0.0
1131	1.0	0.0	1.0	0.0	1.0	2.0	1.0
1132	1.0	0.0	1.0	0.0	0.3330000000000002	2.667	1.0
1133	2.0	0.0	2.0	0.0	2.0	4.0	2.0
1134	1.0	1.0	1.0	1.0	1.0	2.0	1.0
1135	2.0	0.0	0.0	0.0	2.0	4.0	0.0
1136	2.0	0.0	0.0	0.0	2.0	4.0	0.0
1137	0.0	0.0	0.0	0.0	0.0	0.0	0.0
1138	2.0	0.0	1.0	0.0	0.6660000000000004	5.334	1.0
1139	2.0	1.0	1.0	1.0	3.0	6.0	2.0
1140	1.0	0.0	1.0	0.0	0.6680000000000001	2.332	1.0
1141	0.0	0.0	0.0	0.0	0.0	0.0	0.0
1142	1.0	0.0	0.0	0.0	1.0	2.0	0.0
1143	0.0	0.0	0.0	0.0	0.0	0.0	0.0
1144	1.0	0.0	1.0	0.0	0.6680000000000001	2.332	1.0
1145	0.0	0.0	0.0	0.0	0.0	0.0	0.0
1146	1.0	0.0	0.0	0.0	1.0	2.0	0.0
1147	0.0	2.0	0.0	2.0	0.6660000000000004	5.334	2.0
1148	2.0	0.0	2.0	0.0	0.6660000000000004	5.334	2.0
1149	0.0	0.0	0.0	0.0	0.0	0.0	0.0
1150	0.0	1.0	0.0	1.0	0.6680000000000001	2.332	1.0
1151	1.0	0.0	1.0	0.0	0.3330000000000002	2.667	1.0
1152	0.0	0.0	0.0	0.0	0.0	0.0	0.0
1153	1.0	0.0	1.0	0.0	0.3330000000000002	2.667	1.0
1154	0.0	0.0	0.0	0.0	0.0	0.0	0.0
1155	2.0	0.0	0.0	0.0	2.0	4.0	0.0
1156	1.0	0.0	1.0	0.0	0.6680000000000001	2.332	1.0
1157	0.0	0.0	0.0	0.0	0.0	0.0	0.0
1158	2.0	0.0	1.0	0.0	2.0	4.0	1.0
1159	2.0	0.0	2.0	0.0	2.0	4.0	2.0
1160	2.0	0.0	2.0	0.0	2.0	4.0	2.0
1161	1.0	1.0	1.0	1.0	1.3330000000000002	4.667	2.0
1162	3.0	0.0	2.0	0.0	3.0	6.0	2.0
1163	1.0	0.0	1.0	0.0	1.0	2.0	1.0
1164	0.0	0.0	0.0	0.0	0.0	0.0	0.0
1165	0.0	2.0	0.0	1.0	0.6660000000000004	5.334	1.0
1166	0.0	0.0	0.0	0.0	0.0	0.0	0.0
1167	2.0	0.0	1.0	0.0	0.6660000000000004	5.334	1.0
1168	2.0	0.0	1.0	0.0	2.0	4.0	1.0
1169	1.0	0.0	1.0	0.0	1.0	2.0	1.0
1170	0.0	0.0	0.0	0.0	0.0	0.0	0.0
1171	1.0	0.0	1.0	0.0	0.3330000000000002	2.667	1.0
1172	1.0	0.0	1.0	0.0	1.0	2.0	1.0
1173	0.0	0.0	0.0	0.0	0.0	0.0	0.0
1174	0.0	0.0	0.0	0.0	0.0	0.0	0.0
1175	3.0	0.0	2.0	0.0	3.0	6.0	2.0
1176	3.0	0.0	3.0	0.0	1.6680000000000001	4.332	2.0
1177	0.0	0.0	0.0	0.0	0.0	0.0	0.0
1178	2.0	0.0	1.0	0.0	2.0	4.0	1.0
1179	1.0	0.0	1.0	0.0	0.6680000000000001	2.332	1.0
1180	2.0	0.0	0.0	0.0	2.0	4.0	0.0
1181	1.0	0.0	1.0	0.0	0.3330000000000002	2.667	1.0
1182	2.0	0.0	2.0	0.0	2.0	4.0	2.0
1183	2.0	1.0	2.0	1.0	2.0	4.0	2.0
1184	2.0	0.0	2.0	0.0	1.3360000000000003	4.664	2.0
1185	3.0	0.0	2.0	0.0	0.9990000000000006	8.001	2.0
1186	3.0	0.0	3.0	0.0	3.0	6.0	3.0
1187	2.0	0.0	2.0	0.0	2.0	4.0	2.0
1188	1.0	0.0	0.0	0.0	1.0	2.0	0.0
1189	0.0	0.0	0.0	0.0	0.0	0.0	0.0
1190	0.0	0.0	0.0	0.0	0.0	0.0	0.0
1191	1.0	0.0	1.0	0.0	0.3330000000000002	2.667	1.0
1192	2.0	1.0	1.0	1.0	0.9990000000000006	8.001	2.0
1193	2.0	0.0	1.0	0.0	2.0	4.0	1.0
1194	1.0	0.0	1.0	0.0	1.0	2.0	1.0
1195	1.0	4.0	1.0	3.0	3.736	8.264	3.0
1196	1.0	0.0	1.0	0.0	0.3330000000000002	2.667	1.0
1197	1.0	1.0	1.0	1.0	0.6660000000000004	5.334	2.0
1198	2.0	0.0	1.0	0.0	2.0	4.0	1.0
1199	0.0	1.0	0.0	1.0	0.3330000000000002	2.667	1.0
1200	0.0	0.0	0.0	0.0	0.0	0.0	0.0
1201	1.0	0.0	1.0	0.0	0.6680000000000001	2.332	1.0
1202	1.0	0.0	1.0	0.0	0.3330000000000002	2.667	1.0
1203	0.0	0.0	0.0	0.0	0.0	0.0	0.0
1204	0.0	0.0	0.0	0.0	0.0	0.0	0.0
1205	1.0	0.0	1.0	0.0	1.4	1.6	1.0
1206	2.0	0.0	2.0	0.0	2.0	4.0	2.0
1207	2.0	0.0	2.0	0.0	2.0	4.0	2.0
1208	2.0	0.0	2.0	0.0	2.0	4.0	2.0
1209	2.0	0.0	1.0	0.0	0.6660000000000004	5.334	1.0
1210	3.0	0.0	2.0	0.0	3.0	6.0	2.0
1211	0.0	0.0	0.0	0.0	0.0	0.0	0.0
1212	2.0	0.0	1.0	0.0	0.6660000000000004	5.334	1.0
1213	2.0	3.0	2.0	1.0	4.0040000000000004	10.995999999999999	3.0
1214	0.0	0.0	0.0	0.0	0.0	0.0	0.0
1215	2.0	0.0	2.0	0.0	0.6660000000000004	5.334	2.0
1216	3.0	0.0	3.0	0.0	3.0	6.0	3.0
1217	2.0	0.0	2.0	0.0	2.0	4.0	2.0
1218	1.0	0.0	1.0	0.0	0.3330000000000002	2.667	1.0
1219	1.0	0.0	1.0	0.0	0.3330000000000002	2.667	1.0
1220	3.0	0.0	0.0	0.0	3.0	6.0	0.0
1221	0.0	0.0	0.0	0.0	0.0	0.0	0.0
1222	2.0	0.0	2.0	0.0	0.6660000000000004	5.334	2.0
1223	0.0	0.0	0.0	0.0	0.0	0.0	0.0
1224	0.0	0.0	0.0	0.0	0.0	0.0	0.0
1225	0.0	2.0	0.0	1.0	2.0	4.0	1.0
1226	0.0	2.0	0.0	2.0	0.6660000000000004	5.334	2.0
1227	1.0	1.0	0.0	1.0	0.6660000000000004	5.334	1.0
1228	1.0	0.0	0.0	0.0	1.0	2.0	0.0
1229	0.0	2.0	0.0	1.0	2.0	4.0	1.0
1230	0.0	0.0	0.0	0.0	0.0	0.0	0.0
1231	0.0	0.0	0.0	0.0	0.0	0.0	0.0
1232	0.0	0.0	0.0	0.0	0.0	0.0	0.0
1233	0.0	3.0	0.0	1.0	0.9990000000000006	8.001	1.0
1234	1.0	0.0	1.0	0.0	1.0	2.0	1.0
1235	0.0	0.0	0.0	0.0	0.0	0.0	0.0
1236	2.0	0.0	1.0	0.0	1.3360000000000003	4.664	1.0
1237	1.0	0.0	1.0	0.0	1.0	2.0	1.0
1238	0.0	0.0	0.0	0.0	0.0	0.0	0.0
1239	0.0	0.0	0.0	0.0	0.0	0.0	0.0
1240	1.0	0.0	1.0	0.0	1.0	2.0	1.0
1241	0.0	0.0	0.0	0.0	0.0	0.0	0.0
1242	2.0	0.0	2.0	0.0	2.0	4.0	2.0
1243	2.0	0.0	2.0	0.0	2.0	4.0	2.0
1244	2.0	0.0	2.0	0.0	2.0	4.0	2.0
1245	3.0	0.0	3.0	0.0	3.0	6.0	3.0
1246	2.0	0.0	2.0	0.0	2.4	3.6	2.0
1247	2.0	0.0	2.0	0.0	2.0	4.0	2.0
1248	0.0	1.0	0.0	1.0	0.3330000000000002	2.667	1.0
1249	2.0	0.0	2.0	0.0	2.0	4.0	2.0
1250	1.0	1.0	1.0	0.0	2.0	4.0	1.0
1251	0.0	1.0	0.0	1.0	0.3330000000000002	2.667	1.0
1252	0.0	0.0	0.0	0.0	0.0	0.0	0.0
1253	0.0	0.0	0.0	0.0	0.0	0.0	0.0
1254	1.0	0.0	0.0	0.0	1.0	2.0	0.0
1255	2.0	0.0	1.0	0.0	2.0	4.0	1.0
1256	1.0	0.0	1.0	0.0	1.0	2.0	1.0
1257	0.0	0.0	0.0	0.0	0.0	0.0	0.0
1258	1.0	0.0	1.0	0.0	0.3330000000000002	2.667	1.0
1259	3.0	0.0	3.0	0.0	3.0	6.0	3.0
1260	0.0	0.0	0.0	0.0	0.0	0.0	0.0
1261	0.0	0.0	0.0	0.0	0.0	0.0	0.0
1262	1.0	0.0	0.0	0.0	1.0	2.0	0.0
1263	0.0	0.0	0.0	0.0	0.0	0.0	0.0
1264	0.0	0.0	0.0	0.0	0.0	0.0	0.0
1265	2.0	0.0	1.0	0.0	1.3360000000000003	4.664	1.0
1266	0.0	0.0	0.0	0.0	0.0	0.0	0.0
1267	1.0	0.0	1.0	0.0	1.0	2.0	1.0
1268	0.0	0.0	0.0	0.0	0.0	0.0	0.0
1269	1.0	1.0	1.0	1.0	1.0010000000000003	4.999	2.0
1270	0.0	0.0	0.0	0.0	0.0	0.0	0.0
1271	2.0	0.0	2.0	0.0	2.0	4.0	2.0
1272	0.0	0.0	0.0	0.0	0.0	0.0	0.0
1273	0.0	0.0	0.0	0.0	0.0	0.0	0.0
1274	3.0	0.0	3.0	0.0	3.0	6.0	3.0
1275	0.0	0.0	0.0	0.0	0.0	0.0	0.0
1276	3.0	0.0	1.0	0.0	3.0	6.0	1.0
1277	0.0	2.0	0.0	2.0	0.3330000000000002	2.667	1.0
1278	0.0	0.0	0.0	0.0	0.0	0.0	0.0
1279	0.0	0.0	0.0	0.0	0.0	0.0	0.0
1280	1.0	0.0	1.0	0.0	0.3330000000000002	2.667	1.0
1281	1.0	0.0	1.0	0.0	0.3330000000000002	2.667	1.0
1282	2.0	0.0	1.0	0.0	2.0	4.0	1.0
1283	1.0	0.0	1.0	0.0	1.0	2.0	1.0
1284	1.0	0.0	1.0	0.0	1.0	2.0	1.0
1285	0.0	0.0	0.0	0.0	0.0	0.0	0.0
1286	1.0	0.0	1.0	0.0	0.6680000000000001	2.332	1.0
1287	1.0	0.0	0.0	0.0	0.3330000000000002	2.667	0.0
1288	0.0	0.0	0.0	0.0	0.0	0.0	0.0
1289	2.0	0.0	1.0	0.0	2.0	4.0	1.0
1290	0.0	0.0	0.0	0.0	0.0	0.0	0.0
1291	3.0	0.0	2.0	0.0	3.8	5.2	2.0
1292	3.0	0.0	2.0	0.0	2.0040000000000004	6.9959999999999996	2.0
1293	3.0	0.0	2.0	0.0	3.0	6.0	2.0
1294	1.0	0.0	1.0	0.0	0.3330000000000002	2.667	1.0
1295	0.0	0.0	0.0	0.0	0.0	0.0	0.0
1296	0.0	0.0	0.0	0.0	0.0	0.0	0.0
1297	2.0	0.0	1.0	0.0	0.6660000000000004	5.334	1.0
1298	3.0	0.0	2.0	0.0	3.8	5.2	2.0
1299	2.0	2.0	1.0	2.0	1.6660000000000004	7.334	2.0
1300	2.0	0.0	2.0	0.0	2.0	4.0	2.0
1301	1.0	0.0	1.0	0.0	1.0	2.0	1.0
1302	1.0	0.0	1.0	0.0	1.0	2.0	1.0
1303	0.0	0.0	0.0	0.0	0.0	0.0	0.0
1304	2.0	0.0	1.0	0.0	0.6660000000000004	5.334	1.0
1305	0.0	0.0	0.0	0.0	0.0	0.0	0.0
1306	0.0	0.0	0.0	0.0	0.0	0.0	0.0
1307	1.0	0.0	1.0	0.0	1.0	2.0	1.0
1308	1.0	0.0	1.0	0.0	0.3330000000000002	2.667	1.0
1309	2.0	0.0	0.0	0.0	2.0	4.0	0.0
1310	0.0	0.0	0.0	0.0	0.0	0.0	0.0
1311	2.0	0.0	2.0	0.0	0.6660000000000004	5.334	2.0
1312	1.0	0.0	0.0	0.0	0.3330000000000002	2.667	0.0
1313	0.0	0.0	0.0	0.0	0.0	0.0	0.0
1314	3.0	0.0	2.0	0.0	3.4	5.6	2.0
1315	2.0	0.0	0.0	0.0	1.3360000000000003	4.664	0.0
1316	2.0	2.0	1.0	1.0	3.333	8.667	2.0
1317	3.0	0.0	2.0	0.0	2.068	3.932	1.0
1318	0.0	0.0	0.0	0.0	0.0	0.0	0.0
1319	0.0	0.0	0.0	0.0	0.0	0.0	0.0
1320	0.0	0.0	0.0	0.0	0.0	0.0	0.0
1321	2.0	0.0	2.0	0.0	2.0	4.0	2.0
1322	4.0	0.0	4.0	0.0	3.068	5.932	3.0
1323	3.0	0.0	2.0	0.0	3.0	6.0	2.0
1324	2.0	0.0	1.0	0.0	2.0	4.0	1.0
1325	0.0	0.0	0.0	0.0	0.0	0.0	0.0
1326	2.0	0.0	1.0	0.0	2.0	4.0	1.0
1327	2.0	0.0	1.0	0.0	2.0	4.0	1.0
1328	1.0	0.0	1.0	0.0	0.3330000000000002	2.667	1.0
1329	0.0	0.0	0.0	0.0	0.0	0.0	0.0
1330	3.0	0.0	2.0	0.0	3.0	6.0	2.0
1331	0.0	0.0	0.0	0.0	0.0	0.0	0.0
1332	1.0	0.0	1.0	0.0	0.3330000000000002	2.667	1.0
1333	2.0	0.0	1.0	0.0	2.0	4.0	1.0
1334	1.0	0.0	1.0	0.0	0.3330000000000002	2.667	1.0
1335	1.0	0.0	1.0	0.0	1.0	2.0	1.0
1336	2.0	0.0	1.0	0.0	2.0	4.0	1.0
1337	1.0	0.0	0.0	0.0	0.6680000000000001	2.332	0.0
1338	2.0	0.0	2.0	0.0	2.0	4.0	2.0
1339	0.0	0.0	0.0	0.0	0.0	0.0	0.0
1340	0.0	0.0	0.0	0.0	0.0	0.0	0.0
1341	2.0	1.0	2.0	1.0	1.0	2.0	1.0
1342	0.0	0.0	0.0	0.0	0.0	0.0	0.0
1343	1.0	1.0	1.0	1.0	1.0	2.0	1.0
1344	2.0	0.0	1.0	0.0	2.0	4.0	1.0
1345	0.0	0.0	0.0	0.0	0.0	0.0	0.0
1346	2.0	0.0	1.0	0.0	2.0	4.0	1.0
1347	1.0	0.0	1.0	0.0	1.4	1.6	1.0
1348	0.0	0.0	0.0	0.0	0.0	0.0	0.0
1349	1.0	0.0	1.0	0.0	0.3330000000000002	2.667	1.0
1350	1.0	0.0	1.0	0.0	0.3330000000000002	2.667	1.0
1351	2.0	0.0	1.0	0.0	2.8	3.2	1.0
1352	0.0	0.0	0.0	0.0	0.0	0.0	0.0
1353	1.0	0.0	1.0	0.0	1.4	1.6	1.0
1354	0.0	0.0	0.0	0.0	0.0	0.0	0.0
1355	0.0	0.0	0.0	0.0	0.0	0.0	0.0
1356	0.0	0.0	0.0	0.0	0.0	0.0	0.0
1357	2.0	0.0	2.0	0.0	1.0	2.0	1.0
1358	1.0	1.0	1.0	1.0	1.0	2.0	1.0
1359	0.0	0.0	0.0	0.0	0.0	0.0	0.0
1360	3.0	1.0	3.0	1.0	2.3360000000000003	9.664	4.0
1361	0.0	0.0	0.0	0.0	0.0	0.0	0.0
1362	0.0	0.0	0.0	0.0	0.0	0.0	0.0
1363	3.0	2.0	2.0	2.0	2.6720000000000006	9.328	3.0
1364	1.0	0.0	1.0	0.0	0.6680000000000001	2.332	1.0
1365	1.0	0.0	1.0	0.0	1.0	2.0	1.0
1366	2.0	0.0	2.0	0.0	2.0	4.0	2.0
1367	0.0	0.0	0.0	0.0	0.0	0.0	0.0
1368	0.0	0.0	0.0	0.0	0.0	0.0	0.0
1369	1.0	0.0	1.0	0.0	0.3330000000000002	2.667	1.0
1370	3.0	0.0	3.0	0.0	3.0	6.0	3.0
1371	0.0	1.0	0.0	1.0	1.0	2.0	1.0
1372	0.0	0.0	0.0	0.0	0.0	0.0	0.0
1373	0.0	0.0	0.0	0.0	0.0	0.0	0.0
1374	0.0	0.0	0.0	0.0	0.0	0.0	0.0
1375	0.0	0.0	0.0	0.0	0.0	0.0	0.0
1376	2.0	0.0	2.0	0.0	1.6680000000000001	4.332	2.0
1377	1.0	0.0	1.0	0.0	1.0	2.0	1.0
1378	0.0	0.0	0.0	0.0	0.0	0.0	0.0
1379	0.0	0.0	0.0	0.0	0.0	0.0	0.0
1380	0.0	0.0	0.0	0.0	0.0	0.0	0.0
1381	0.0	0.0	0.0	0.0	0.0	0.0	0.0
1382	0.0	0.0	0.0	0.0	0.0	0.0	0.0
1383	0.0	0.0	0.0	0.0	0.0	0.0	0.0
1384	1.0	0.0	1.0	0.0	0.3330000000000002	2.667	1.0
1385	0.0	0.0	0.0	0.0	0.0	0.0	0.0
1386	2.0	1.0	2.0	1.0	0.6660000000000004	5.334	2.0
1387	1.0	0.0	0.0	0.0	0.3330000000000002	2.667	0.0
1388	1.0	0.0	0.0	0.0	0.3330000000000002	2.667	0.0
1389	2.0	0.0	2.0	0.0	2.0	4.0	2.0
1390	3.0	0.0	2.0	0.0	3.0	6.0	2.0
1391	2.0	0.0	2.0	0.0	2.0	4.0	2.0
1392	4.0	0.0	2.0	0.0	4.0	8.0	2.0
1393	2.0	0.0	2.0	0.0	2.0	4.0	2.0
1394	1.0	0.0	1.0	0.0	0.6680000000000001	2.332	1.0
1395	0.0	0.0	0.0	0.0	0.0	0.0	0.0
1396	2.0	0.0	2.0	0.0	0.6680000000000001	2.332	1.0
1397	0.0	0.0	0.0	0.0	0.0	0.0	0.0
1398	0.0	0.0	0.0	0.0	0.0	0.0	0.0
1399	0.0	0.0	0.0	0.0	0.0	0.0	0.0
1400	2.0	0.0	0.0	0.0	2.0	4.0	0.0
1401	0.0	0.0	0.0	0.0	0.0	0.0	0.0
1402	1.0	0.0	1.0	0.0	0.3330000000000002	2.667	1.0
1403	1.0	0.0	0.0	0.0	0.3330000000000002	2.667	0.0
1404	1.0	1.0	0.0	1.0	0.6660000000000004	5.334	1.0
1405	0.0	0.0	0.0	0.0	0.0	0.0	0.0
1406	0.0	0.0	0.0	0.0	0.0	0.0	0.0
1407	0.0	0.0	0.0	0.0	0.0	0.0	0.0
1408	2.0	0.0	2.0	0.0	0.6660000000000004	5.334	2.0
1409	2.0	0.0	1.0	0.0	1.3360000000000003	4.664	1.0
1410	2.0	1.0	0.0	1.0	2.668	6.332	1.0
1411	1.0	0.0	1.0	0.0	1.0	2.0	1.0
1412	0.0	0.0	0.0	0.0	0.0	0.0	0.0
1413	2.0	0.0	2.0	0.0	2.0	4.0	2.0
1414	0.0	0.0	0.0	0.0	0.0	0.0	0.0
1415	0.0	0.0	0.0	0.0	0.0	0.0	0.0
1416	2.0	0.0	0.0	0.0	1.3360000000000003	4.664	0.0
1417	0.0	0.0	0.0	0.0	0.0	0.0	0.0
1418	1.0	0.0	1.0	0.0	0.6680000000000001	2.332	1.0
1419	0.0	0.0	0.0	0.0	0.0	0.0	0.0
1420	0.0	0.0	0.0	0.0	0.0	0.0	0.0
1421	0.0	0.0	0.0	0.0	0.0	0.0	0.0
1422	1.0	0.0	1.0	0.0	1.0	2.0	1.0
1423	0.0	0.0	0.0	0.0	0.0	0.0	0.0
1424	0.0	1.0	0.0	1.0	0.3330000000000002	2.667	1.0
1425	0.0	0.0	0.0	0.0	0.0	0.0	0.0
1426	0.0	0.0	0.0	0.0	0.0	0.0	0.0
1427	3.0	1.0	1.0	1.0	3.068	5.932	1.0
1428	0.0	0.0	0.0	0.0	0.0	0.0	0.0
1429	0.0	0.0	0.0	0.0	0.0	0.0	0.0
1430	0.0	0.0	0.0	0.0	0.0	0.0	0.0
1431	3.0	0.0	2.0	0.0	3.0	6.0	2.0
1432	2.0	0.0	0.0	0.0	2.0	4.0	0.0
1433	3.0	0.0	2.0	0.0	2.3360000000000003	6.664	2.0
1434	2.0	0.0	1.0	0.0	2.0	4.0	1.0
1435	2.0	0.0	1.0	0.0	2.0	4.0	1.0
1436	1.0	0.0	1.0	0.0	0.3330000000000002	2.667	1.0
1437	3.0	0.0	2.0	0.0	3.4	5.6	2.0
1438	0.0	0.0	0.0	0.0	0.0	0.0	0.0
1439	0.0	0.0	0.0	0.0	0.0	0.0	0.0
1440	3.0	1.0	3.0	1.0	3.0	6.0	3.0
1441	1.0	0.0	1.0	0.0	1.0	2.0	1.0
1442	1.0	0.0	1.0	0.0	1.0	2.0	1.0
1443	4.0	3.0	1.0	1.0	6.0	12.0	2.0
1444	2.0	0.0	1.0	0.0	2.0	4.0	1.0
1445	2.0	0.0	1.0	0.0	1.3360000000000003	4.664	1.0
1446	1.0	0.0	1.0	0.0	0.3330000000000002	2.667	1.0
1447	2.0	0.0	1.0	0.0	2.0	4.0	1.0
1448	0.0	0.0	0.0	0.0	0.0	0.0	0.0
1449	1.0	0.0	1.0	0.0	1.0	2.0	1.0
1450	3.0	0.0	2.0	0.0	3.0	6.0	2.0
1451	1.0	0.0	1.0	0.0	1.0	2.0	1.0
1452	1.0	0.0	0.0	0.0	0.3330000000000002	2.667	0.0
1453	0.0	1.0	0.0	1.0	1.4	1.6	1.0
1454	2.0	0.0	2.0	0.0	0.6660000000000004	5.334	2.0
1455	0.0	0.0	0.0	0.0	0.0	0.0	0.0
1456	0.0	0.0	0.0	0.0	0.0	0.0	0.0
1457	1.0	1.0	1.0	1.0	0.6660000000000004	5.334	2.0
1458	0.0	0.0	0.0	0.0	0.0	0.0	0.0
1459	0.0	1.0	0.0	1.0	0.3330000000000002	2.667	1.0
1460	2.0	0.0	2.0	0.0	2.0	4.0	2.0
1461	2.0	0.0	1.0	0.0	2.0	4.0	1.0
1462	4.0	0.0	3.0	0.0	4.468	7.532	3.0
1463	0.0	0.0	0.0	0.0	0.0	0.0	0.0
1464	0.0	0.0	0.0	0.0	0.0	0.0	0.0
1465	1.0	0.0	1.0	0.0	1.0	2.0	1.0
1466	0.0	0.0	0.0	0.0	0.0	0.0	0.0
1467	1.0	0.0	1.0	0.0	1.4	1.6	1.0
1468	1.0	1.0	1.0	1.0	2.0	4.0	2.0
1469	1.0	0.0	1.0	0.0	0.3330000000000002	2.667	1.0
1470	2.0	0.0	1.0	0.0	2.0	4.0	1.0
1471	0.0	0.0	0.0	0.0	0.0	0.0	0.0
1472	2.0	5.0	0.0	3.0	4.333	10.667	2.0
1473	1.0	0.0	0.0	0.0	0.3330000000000002	2.667	0.0
1474	0.0	0.0	0.0	0.0	0.0	0.0	0.0
1475	0.0	0.0	0.0	0.0	0.0	0.0	0.0
1476	1.0	0.0	1.0	0.0	1.0	2.0	1.0
1477	3.0	0.0	2.0	0.0	3.0	6.0	2.0
1478	1.0	0.0	1.0	0.0	1.0	2.0	1.0
1479	0.0	0.0	0.0	0.0	0.0	0.0	0.0
1480	1.0	0.0	0.0	0.0	0.3330000000000002	2.667	0.0
1481	0.0	0.0	0.0	0.0	0.0	0.0	0.0
1482	0.0	0.0	0.0	0.0	0.0	0.0	0.0
1483	0.0	0.0	0.0	0.0	0.0	0.0	0.0
1484	1.0	0.0	1.0	0.0	0.3330000000000002	2.667	1.0
1485	5.0	0.0	4.0	0.0	4.336	10.664	4.0
1486	2.0	0.0	1.0	0.0	2.068	3.932	1.0
1487	1.0	0.0	1.0	0.0	0.6680000000000001	2.332	1.0
1488	2.0	0.0	2.0	0.0	0.6660000000000004	5.334	2.0
1489	1.0	0.0	1.0	0.0	0.3330000000000002	2.667	1.0
1490	1.0	0.0	1.0	0.0	0.3330000000000002	2.667	1.0
1491	1.0	0.0	1.0	0.0	0.3330000000000002	2.667	1.0
1492	0.0	1.0	0.0	1.0	0.3330000000000002	2.667	1.0
1493	1.0	0.0	1.0	0.0	0.3330000000000002	2.667	1.0
1494	1.0	0.0	1.0	0.0	1.0	2.0	1.0
1495	2.0	0.0	2.0	0.0	2.8	3.2	2.0
1496	2.0	0.0	1.0	0.0	2.0	4.0	1.0
1497	1.0	0.0	1.0	0.0	0.3330000000000002	2.667	1.0
1498	3.0	0.0	1.0	0.0	3.0	6.0	1.0
1499	3.0	0.0	2.0	0.0	3.0	6.0	2.0
1500	0.0	0.0	0.0	0.0	0.0	0.0	0.0
1501	0.0	0.0	0.0	0.0	0.0	0.0	0.0
1502	2.0	0.0	0.0	0.0	0.6660000000000004	5.334	0.0
1503	0.0	0.0	0.0	0.0	0.0	0.0	0.0
1504	0.0	0.0	0.0	0.0	0.0	0.0	0.0
1505	0.0	0.0	0.0	0.0	0.0	0.0	0.0
1506	3.0	0.0	1.0	0.0	0.9990000000000006	8.001	1.0
1507	2.0	0.0	1.0	0.0	2.0	4.0	1.0
1508	2.0	0.0	1.0	0.0	2.0	4.0	1.0
1509	0.0	2.0	0.0	1.0	0.6660000000000004	5.334	1.0
1510	2.0	0.0	2.0	0.0	2.4	3.6	2.0
1511	0.0	0.0	0.0	0.0	0.0	0.0	0.0
1512	3.0	1.0	1.0	1.0	4.0	8.0	2.0
1513	1.0	0.0	1.0	0.0	1.0	2.0	1.0
1514	2.0	0.0	2.0	0.0	2.0	4.0	2.0
1515	0.0	0.0	0.0	0.0	0.0	0.0	0.0
1516	0.0	0.0	0.0	0.0	0.0	0.0	0.0
1517	0.0	0.0	0.0	0.0	0.0	0.0	0.0
1518	0.0	0.0	0.0	0.0	0.0	0.0	0.0
1519	3.0	0.0	2.0	0.0	2.736	6.263999999999999	2.0
1520	0.0	0.0	0.0	0.0	0.0	0.0	0.0
1521	1.0	0.0	1.0	0.0	0.3330000000000002	2.667	1.0
1522	0.0	0.0	0.0	0.0	0.0	0.0	0.0
1523	0.0	0.0	0.0	0.0	0.0	0.0	0.0
1524	0.0	0.0	0.0	0.0	0.0	0.0	0.0
1525	2.0	0.0	0.0	0.0	1.3360000000000003	4.664	0.0
1526	4.0	0.0	4.0	0.0	4.0	8.0	4.0
1527	2.0	0.0	2.0	0.0	2.0	4.0	2.0
1528	0.0	2.0	0.0	1.0	0.6660000000000004	5.334	1.0
1529	1.0	0.0	1.0	0.0	0.6680000000000001	2.332	1.0
1530	0.0	0.0	0.0	0.0	0.0	0.0	0.0
1531	1.0	0.0	1.0	0.0	1.0	2.0	1.0
1532	0.0	0.0	0.0	0.0	0.0	0.0	0.0
1533	0.0	0.0	0.0	0.0	0.0	0.0	0.0
1534	0.0	0.0	0.0	0.0	0.0	0.0	0.0
1535	4.0	0.0	4.0	0.0	3.668	8.332	4.0
1536	0.0	0.0	0.0	0.0	0.0	0.0	0.0
1537	0.0	0.0	0.0	0.0	0.0	0.0	0.0
1538	0.0	0.0	0.0	0.0	0.0	0.0	0.0
1539	3.0	0.0	1.0	0.0	3.0	6.0	1.0
1540	1.0	0.0	1.0	0.0	0.6680000000000001	2.332	1.0
1541	1.0	0.0	1.0	0.0	1.0	2.0	1.0
1542	1.0	0.0	1.0	0.0	1.4	1.6	1.0
1543	0.0	0.0	0.0	0.0	0.0	0.0	0.0
1544	0.0	0.0	0.0	0.0	0.0	0.0	0.0
1545	1.0	0.0	1.0	0.0	0.3330000000000002	2.667	1.0
1546	0.0	0.0	0.0	0.0	0.0	0.0	0.0
1547	0.0	0.0	0.0	0.0	0.0	0.0	0.0
1548	2.0	0.0	1.0	0.0	2.0	4.0	1.0
1549	1.0	1.0	1.0	1.0	0.6660000000000004	5.334	2.0
1550	0.0	0.0	0.0	0.0	0.0	0.0	0.0
1551	3.0	0.0	2.0	0.0	0.9990000000000006	8.001	2.0
1552	0.0	0.0	0.0	0.0	0.0	0.0	0.0
1553	3.0	0.0	1.0	0.0	2.0040000000000004	6.9959999999999996	1.0
1554	0.0	0.0	0.0	0.0	0.0	0.0	0.0
1555	2.0	0.0	1.0	0.0	2.0	4.0	1.0
1556	2.0	1.0	1.0	1.0	3.0	6.0	2.0
1557	1.0	0.0	1.0	0.0	1.0	2.0	1.0
1558	3.0	0.0	2.0	0.0	2.0040000000000004	6.9959999999999996	2.0
1559	2.0	0.0	2.0	0.0	2.0	4.0	2.0
1560	0.0	1.0	0.0	1.0	0.3330000000000002	2.667	1.0
1561	0.0	0.0	0.0	0.0	0.0	0.0	0.0
1562	1.0	1.0	1.0	1.0	1.3330000000000002	4.667	2.0
1563	1.0	1.0	1.0	1.0	0.6660000000000004	5.334	2.0
1564	0.0	1.0	0.0	1.0	0.6680000000000001	2.332	1.0
1565	0.0	0.0	0.0	0.0	0.0	0.0	0.0
1566	2.0	0.0	1.0	0.0	0.6660000000000004	5.334	1.0
1567	1.0	0.0	1.0	0.0	0.3330000000000002	2.667	1.0
1568	3.0	0.0	2.0	0.0	2.736	6.263999999999999	2.0
1569	2.0	1.0	2.0	1.0	3.4	5.6	3.0
1570	1.0	0.0	1.0	0.0	1.0	2.0	1.0
1571	1.0	0.0	1.0	0.0	0.3330000000000002	2.667	1.0
1572	0.0	0.0	0.0	0.0	0.0	0.0	0.0
1573	0.0	0.0	0.0	0.0	0.0	0.0	0.0
1574	0.0	0.0	0.0	0.0	0.0	0.0	0.0
1575	0.0	1.0	0.0	1.0	1.0	2.0	1.0
1576	1.0	0.0	1.0	0.0	1.0	2.0	1.0
1577	0.0	0.0	0.0	0.0	0.0	0.0	0.0
1578	0.0	0.0	0.0	0.0	0.0	0.0	0.0
1579	1.0	0.0	1.0	0.0	0.3330000000000002	2.667	1.0
1580	0.0	0.0	0.0	0.0	0.0	0.0	0.0
1581	1.0	0.0	1.0	0.0	0.3330000000000002	2.667	1.0
1582	2.0	0.0	2.0	0.0	2.0	4.0	2.0
1583	0.0	0.0	0.0	0.0	0.0	0.0	0.0
1584	0.0	0.0	0.0	0.0	0.0	0.0	0.0
1585	2.0	0.0	1.0	0.0	2.4	3.6	1.0
1586	2.0	0.0	2.0	0.0	0.6660000000000004	5.334	2.0
1587	3.0	2.0	1.0	1.0	5.0	10.0	2.0
1588	1.0	0.0	1.0	0.0	0.3330000000000002	2.667	1.0
1589	0.0	0.0	0.0	0.0	0.0	0.0	0.0
1590	2.0	0.0	2.0	0.0	0.6660000000000004	5.334	2.0
1591	1.0	0.0	1.0	0.0	1.0	2.0	1.0
1592	2.0	0.0	2.0	0.0	1.3360000000000003	4.664	2.0
1593	1.0	0.0	1.0	0.0	1.0	2.0	1.0
1594	3.0	0.0	2.0	0.0	3.0	6.0	2.0
1595	1.0	0.0	1.0	0.0	0.3330000000000002	2.667	1.0
1596	3.0	0.0	1.0	0.0	3.4	5.6	1.0
1597	2.0	0.0	2.0	0.0	2.0	4.0	2.0
1598	3.0	0.0	3.0	0.0	3.8	5.2	3.0
1599	0.0	0.0	0.0	0.0	0.0	0.0	0.0
1600	0.0	1.0	0.0	1.0	0.0	3.0	1.0
1601	2.0	0.0	2.0	0.0	2.0	4.0	2.0
1602	0.0	0.0	0.0	0.0	0.0	0.0	0.0
1603	1.0	0.0	1.0	0.0	1.0	2.0	1.0
1604	1.0	3.0	1.0	1.0	1.3320000000000007	10.668	2.0
1605	2.0	0.0	0.0	0.0	2.0	4.0	0.0
1606	0.0	0.0	0.0	0.0	0.0	0.0	0.0
1607	0.0	2.0	0.0	1.0	2.0	4.0	1.0
1608	2.0	0.0	2.0	0.0	0.6660000000000004	5.334	2.0
1609	2.0	0.0	1.0	0.0	0.6660000000000004	5.334	1.0
1610	2.0	2.0	2.0	1.0	3.0	6.0	2.0
1611	0.0	0.0	0.0	0.0	0.0	0.0	0.0
1612	2.0	0.0	1.0	0.0	2.0	4.0	1.0
1613	1.0	0.0	1.0	0.0	0.3330000000000002	2.667	1.0
1614	0.0	0.0	0.0	0.0	0.0	0.0	0.0
1615	0.0	0.0	0.0	0.0	0.0	0.0	0.0
1616	0.0	0.0	0.0	0.0	0.0	0.0	0.0
1617	0.0	0.0	0.0	0.0	0.0	0.0	0.0
1618	2.0	0.0	1.0	0.0	1.3360000000000003	4.664	1.0
1619	0.0	0.0	0.0	0.0	0.0	0.0	0.0
1620	0.0	0.0	0.0	0.0	0.0	0.0	0.0
1621	1.0	0.0	1.0	0.0	0.3330000000000002	2.667	1.0
1622	3.0	0.0	3.0	0.0	3.0	6.0	3.0
1623	1.0	0.0	1.0	0.0	0.3330000000000002	2.667	1.0
1624	0.0	2.0	0.0	1.0	0.6660000000000004	5.334	1.0
1625	2.0	0.0	2.0	0.0	1.6680000000000001	4.332	2.0
1626	3.0	0.0	2.0	0.0	3.0	6.0	2.0
1627	2.0	3.0	1.0	1.0	5.0	10.0	2.0
1628	1.0	0.0	1.0	0.0	1.4	1.6	1.0
1629	0.0	0.0	0.0	0.0	0.0	0.0	0.0
1630	2.0	0.0	2.0	0.0	2.0	4.0	2.0
1631	0.0	0.0	0.0	0.0	0.0	0.0	0.0
1632	0.0	0.0	0.0	0.0	0.0	0.0	0.0
1633	0.0	0.0	0.0	0.0	0.0	0.0	0.0
1634	3.0	0.0	1.0	0.0	3.0	6.0	1.0
1635	2.0	0.0	1.0	0.0	2.0	4.0	1.0
1636	0.0	0.0	0.0	0.0	0.0	0.0	0.0
1637	0.0	4.0	0.0	2.0	1.6660000000000004	7.334	1.0
1638	0.0	0.0	0.0	0.0	0.0	0.0	0.0
1639	0.0	1.0	0.0	1.0	0.3330000000000002	2.667	1.0
1640	0.0	0.0	0.0	0.0	0.0	0.0	0.0
1641	1.0	0.0	0.0	0.0	0.3330000000000002	2.667	0.0
1642	2.0	1.0	2.0	1.0	0.9990000000000006	8.001	3.0
1643	1.0	0.0	1.0	0.0	0.3330000000000002	2.667	1.0
1644	0.0	0.0	0.0	0.0	0.0	0.0	0.0
1645	1.0	0.0	0.0	0.0	0.3330000000000002	2.667	0.0
1646	1.0	2.0	1.0	2.0	0.9990000000000006	8.001	3.0
1647	1.0	2.0	1.0	2.0	1.3330000000000002	4.667	2.0
1648	0.0	0.0	0.0	0.0	0.0	0.0	0.0
1649	4.0	0.0	1.0	0.0	4.0	8.0	1.0
1650	1.0	0.0	1.0	0.0	1.0	2.0	1.0
1651	1.0	0.0	0.0	0.0	0.6680000000000001	2.332	0.0
1652	2.0	0.0	1.0	0.0	2.0	4.0	1.0
1653	0.0	0.0	0.0	0.0	0.0	0.0	0.0
1654	1.0	0.0	0.0	0.0	1.0	2.0	0.0
1655	0.0	0.0	0.0	0.0	0.0	0.0	0.0
1656	1.0	0.0	1.0	0.0	1.0	2.0	1.0
1657	2.0	0.0	2.0	0.0	2.4	3.6	2.0
1658	0.0	0.0	0.0	0.0	0.0	0.0	0.0
1659	1.0	0.0	1.0	0.0	0.6680000000000001	2.332	1.0
1660	0.0	0.0	0.0	0.0	0.0	0.0	0.0
1661	0.0	0.0	0.0	0.0	0.0	0.0	0.0
1662	2.0	0.0	1.0	0.0	2.0	4.0	1.0
1663	1.0	0.0	1.0	0.0	1.0	2.0	1.0
1664	0.0	0.0	0.0	0.0	0.0	0.0	0.0
1665	0.0	0.0	0.0	0.0	0.0	0.0	0.0
1666	0.0	2.0	0.0	2.0	0.3330000000000002	2.667	1.0
1667	2.0	0.0	2.0	0.0	2.0	4.0	2.0
1668	1.0	1.0	1.0	1.0	2.0	4.0	2.0
1669	4.0	5.0	3.0	3.0	6.333	14.667	4.0
1670	2.0	2.0	2.0	1.0	4.0	8.0	3.0
1671	1.0	1.0	1.0	1.0	0.3330000000000002	2.667	1.0
1672	2.0	1.0	2.0	1.0	3.0	6.0	3.0
1673	2.0	0.0	2.0	0.0	2.0	4.0	2.0
1674	2.0	0.0	0.0	0.0	0.6660000000000004	5.334	0.0
1675	2.0	0.0	2.0	0.0	2.0	4.0	2.0
1676	2.0	0.0	1.0	0.0	0.6660000000000004	5.334	1.0
1677	2.0	0.0	2.0	0.0	2.0	4.0	2.0
1678	2.0	0.0	0.0	0.0	0.6660000000000004	5.334	0.0
1679	2.0	0.0	2.0	0.0	2.0	4.0	2.0
1680	1.0	0.0	1.0	0.0	0.3330000000000002	2.667	1.0
1681	2.0	0.0	2.0	0.0	2.0	4.0	2.0
1682	2.0	0.0	2.0	0.0	2.0	4.0	2.0
1683	0.0	0.0	0.0	0.0	0.0	0.0	0.0
1684	3.0	1.0	2.0	1.0	4.0	8.0	3.0
1685	2.0	0.0	2.0	0.0	2.0	4.0	2.0
1686	1.0	0.0	1.0	0.0	1.0	2.0	1.0
1687	1.0	1.0	0.0	1.0	0.6660000000000004	5.334	1.0
1688	3.0	0.0	2.0	0.0	3.0	6.0	2.0
1689	0.0	0.0	0.0	0.0	0.0	0.0	0.0
1690	0.0	0.0	0.0	0.0	0.0	0.0	0.0
