pos	Sd	Nd	Sd_tip	Nd_tip	S	N	comparisons
001	0.0	0.0	0.0	0.0	0.0	0.0	0.0
002	1.0	0.0	1.0	0.0	1.0	2.0	1.0
003	2.0	0.0	2.0	0.0	1.6680000000000001	4.332	2.0
004	1.0	0.0	1.0	0.0	1.0	2.0	1.0
005	1.0	1.0	1.0	1.0	1.0	2.0	1.0
006	1.0	0.0	1.0	0.0	0.3330000000000002	2.667	1.0
007	2.0	1.0	2.0	1.0	1.3330000000000002	4.667	2.0
008	0.0	0.0	0.0	0.0	0.0	0.0	0.0
009	1.0	0.0	1.0	0.0	1.0	2.0	1.0
010	0.0	0.0	0.0	0.0	0.0	0.0	0.0
011	2.0	0.0	1.0	0.0	2.0	4.0	1.0
012	1.0	3.0	1.0	3.0	2.668	6.332	3.0
013	0.0	0.0	0.0	0.0	0.0	0.0	0.0
014	0.0	0.0	0.0	0.0	0.0	0.0	0.0
015	2.0	0.0	2.0	0.0	2.0	4.0	2.0
016	2.0	2.0	2.0	2.0	2.0	4.0	2.0
017	1.0	1.0	1.0	0.0	1.3360000000000003	4.664	1.0
018	2.0	0.0	2.0	0.0	2.0	4.0	2.0
019	0.0	0.0	0.0	0.0	0.0	0.0	0.0
020	1.0	0.0	1.0	0.0	1.0	2.0	1.0
021	0.0	0.0	0.0	0.0	0.0	0.0	0.0
022	0.0	3.0	0.0	3.0	0.6660000000000004	5.334	2.0
023	1.0	0.0	1.0	0.0	1.0	2.0	1.0
024	1.0	2.0	1.0	1.0	1.3340000000000005	7.6659999999999995	2.0
025	2.0	0.0	2.0	0.0	2.0	4.0	2.0
026	1.0	0.0	1.0	0.0	0.3330000000000002	2.667	1.0
027	2.0	0.0	2.0	0.0	2.0	4.0	2.0
028	0.0	0.0	0.0	0.0	0.0	0.0	0.0
029	1.0	0.0	1.0	0.0	0.6680000000000001	2.332	1.0
030	2.0	1.0	1.0	1.0	2.3360000000000003	6.664	2.0
031	1.0	0.0	1.0	0.0	1.0	2.0	1.0
032	1.0	0.0	1.0	0.0	1.0	2.0	1.0
033	1.0	0.0	1.0	0.0	1.0	2.0	1.0
034	2.0	0.0	1.0	0.0	2.0	4.0	1.0
035	1.0	0.0	1.0	0.0	0.3330000000000002	2.667	1.0
036	0.0	0.0	0.0	0.0	0.0	0.0	0.0
037	0.0	0.0	0.0	0.0	0.0	0.0	0.0
038	0.0	0.0	0.0	0.0	0.0	0.0	0.0
039	1.0	0.0	0.0	0.0	0.3330000000000002	2.667	0.0
040	2.0	1.0	1.0	1.0	2.333	6.667	2.0
041	0.0	0.0	0.0	0.0	0.0	0.0	0.0
042	2.0	0.0	2.0	0.0	2.0	4.0	2.0
043	1.0	0.0	1.0	0.0	1.0	2.0	1.0
044	1.0	2.0	1.0	1.0	2.333	6.667	2.0
045	1.0	0.0	1.0	0.0	0.3330000000000002	2.667	1.0
046	1.0	0.0	1.0	0.0	1.0	2.0	1.0
047	2.0	1.0	1.0	1.0	2.333	6.667	2.0
048	2.0	1.0	2.0	1.0	3.0	6.0	3.0
049	1.0	0.0	1.0	0.0	1.0	2.0	1.0
050	1.0	0.0	1.0	0.0	1.0	2.0	1.0
051	1.0	0.0	1.0	0.0	0.3330000000000002	2.667	1.0
052	1.0	0.0	1.0	0.0	1.0	2.0	1.0
053	1.0	0.0	1.0	0.0	1.0	2.0	1.0
054	1.0	1.0	0.0	0.0	0.3330000000000002	2.667	0.0
055	1.0	0.0	1.0	0.0	1.0	2.0	1.0
056	1.0	0.0	1.0	0.0	0.3330000000000002	2.667	1.0
057	2.0	0.0	2.0	0.0	2.0	4.0	2.0
058	0.0	0.0	0.0	0.0	0.0	0.0	0.0
059	3.0	3.0	3.0	3.0	1.3330000000000002	4.667	2.0
060	3.0	0.0	2.0	0.0	2.3360000000000003	6.664	2.0
061	1.0	0.0	1.0	0.0	1.0	2.0	1.0
062	2.0	2.0	2.0	1.0	1.9990000000000006	10.001	3.0
063	1.0	2.0	1.0	1.0	1.6660000000000004	7.334	2.0
064	1.0	1.0	1.0	0.0	1.3360000000000003	4.664	1.0
065	1.0	0.0	1.0	0.0	0.3330000000000002	2.667	1.0
066	1.0	1.0	1.0	1.0	1.0010000000000003	4.999	2.0
067	0.0	0.0	0.0	0.0	0.0	0.0	0.0
068	2.0	0.0	2.0	0.0	1.0	2.0	1.0
069	1.0	0.0	1.0	0.0	0.3330000000000002	2.667	1.0
070	2.0	1.0	2.0	1.0	2.0	4.0	2.0
071	1.0	1.0	1.0	1.0	0.6660000000000004	5.334	2.0
072	1.0	1.0	1.0	1.0	2.0	4.0	2.0
073	1.0	1.0	1.0	1.0	0.3330000000000002	2.667	1.0
074	1.0	1.0	1.0	1.0	1.3330000000000002	4.667	2.0
075	1.0	1.0	1.0	1.0	1.3330000000000002	4.667	2.0
076	2.0	1.0	2.0	1.0	2.0	4.0	2.0
077	1.0	0.0	1.0	0.0	0.3330000000000002	2.667	1.0
078	1.0	0.0	1.0	0.0	1.0	2.0	1.0
079	0.0	1.0	0.0	1.0	0.3330000000000002	2.667	1.0
080	0.0	0.0	0.0	0.0	0.0	0.0	0.0
081	0.0	0.0	0.0	0.0	0.0	0.0	0.0
082	1.0	0.0	0.0	0.0	0.6680000000000001	2.332	0.0
083	2.0	0.0	2.0	0.0	1.6680000000000001	4.332	2.0
084	1.0	0.0	1.0	0.0	0.3330000000000002	2.667	1.0
085	0.0	0.0	0.0	0.0	0.0	0.0	0.0
086	0.0	1.0	0.0	1.0	0.3330000000000002	2.667	1.0
087	0.0	0.0	0.0	0.0	0.0	0.0	0.0
088	1.0	0.0	1.0	0.0	0.3330000000000002	2.667	1.0
089	1.0	0.0	1.0	0.0	0.3330000000000002	2.667	1.0
090	1.0	3.0	1.0	3.0	1.3330000000000002	4.667	2.0
091	0.0	1.0	0.0	1.0	0.6680000000000001	2.332	1.0
092	1.0	0.0	1.0	0.0	0.3330000000000002	2.667	1.0
093	1.0	1.0	1.0	1.0	0.6660000000000004	5.334	2.0
094	1.0	0.0	1.0	0.0	1.0	2.0	1.0
095	1.0	0.0	0.0	0.0	1.0	2.0	0.0
096	1.0	0.0	1.0	0.0	0.3330000000000002	2.667	1.0
097	1.0	2.0	1.0	2.0	1.6660000000000004	7.334	3.0
098	1.0	1.0	0.0	0.0	1.0	2.0	0.0
099	1.0	0.0	1.0	0.0	0.3330000000000002	2.667	1.0
100	1.0	0.0	1.0	0.0	1.0	2.0	1.0
101	0.0	4.0	0.0	4.0	1.6660000000000004	7.334	3.0
102	1.0	3.0	0.0	3.0	1.3340000000000005	7.6659999999999995	2.0
103	1.0	0.0	0.0	0.0	0.3330000000000002	2.667	0.0
104	1.0	1.0	0.0	1.0	1.6680000000000001	4.332	1.0
105	0.0	0.0	0.0	0.0	0.0	0.0	0.0
106	1.0	0.0	1.0	0.0	0.6680000000000001	2.332	1.0
107	1.0	0.0	1.0	0.0	1.0	2.0	1.0
108	1.0	0.0	1.0	0.0	0.6680000000000001	2.332	1.0
109	2.0	0.0	1.0	0.0	2.0	4.0	1.0
110	1.0	0.0	1.0	0.0	0.3330000000000002	2.667	1.0
111	1.0	0.0	1.0	0.0	1.0	2.0	1.0
112	1.0	0.0	1.0	0.0	1.0	2.0	1.0
113	0.0	0.0	0.0	0.0	0.0	0.0	0.0
114	1.0	0.0	0.0	0.0	0.3330000000000002	2.667	0.0
115	2.0	0.0	1.0	0.0	2.0	4.0	1.0
116	1.0	0.0	1.0	0.0	0.3330000000000002	2.667	1.0
117	2.0	0.0	2.0	0.0	2.0	4.0	2.0
118	1.0	0.0	1.0	0.0	1.0	2.0	1.0
119	0.0	0.0	0.0	0.0	0.0	0.0	0.0
120	1.0	0.0	1.0	0.0	0.3330000000000002	2.667	1.0
121	1.0	0.0	1.0	0.0	1.0	2.0	1.0
122	0.0	0.0	0.0	0.0	0.0	0.0	0.0
123	1.0	0.0	1.0	0.0	0.3330000000000002	2.667	1.0
124	1.0	0.0	1.0	0.0	1.4	1.6	1.0
125	0.0	1.0	0.0	1.0	0.3330000000000002	2.667	1.0
126	1.0	0.0	1.0	0.0	0.3330000000000002	2.667	1.0
127	2.0	0.0	2.0	0.0	2.0	4.0	2.0
128	1.0	2.0	1.0	2.0	1.3330000000000002	4.667	2.0
129	1.0	3.0	1.0	3.0	2.0	4.0	2.0
130	1.0	1.0	1.0	1.0	0.6660000000000004	5.334	2.0
131	2.0	0.0	1.0	0.0	2.0	4.0	1.0
132	2.0	0.0	2.0	0.0	2.0	4.0	2.0
133	1.0	0.0	1.0	0.0	0.3330000000000002	2.667	1.0
134	1.0	0.0	1.0	0.0	1.0	2.0	1.0
135	0.0	1.0	0.0	1.0	0.3330000000000002	2.667	1.0
136	0.0	0.0	0.0	0.0	0.0	0.0	0.0
137	0.0	0.0	0.0	0.0	0.0	0.0	0.0
138	1.0	0.0	1.0	0.0	0.6680000000000001	2.332	1.0
139	2.0	0.0	2.0	0.0	2.0	4.0	2.0
140	0.0	1.0	0.0	1.0	0.3330000000000002	2.667	1.0
141	1.0	0.0	1.0	0.0	1.0	2.0	1.0
142	1.0	0.0	1.0	0.0	0.3330000000000002	2.667	1.0
143	2.0	0.0	2.0	0.0	2.4	3.6	2.0
144	2.0	4.0	2.0	3.0	2.3340000000000005	9.666	3.0
145	2.0	0.0	1.0	0.0	2.0	4.0	1.0
146	1.0	2.0	1.0	1.0	2.333	6.667	2.0
147	2.0	0.0	2.0	0.0	1.0	2.0	1.0
148	1.0	0.0	0.0	0.0	0.3330000000000002	2.667	0.0
149	1.0	0.0	0.0	0.0	1.0	2.0	0.0
150	0.0	0.0	0.0	0.0	0.0	0.0	0.0
151	1.0	0.0	1.0	0.0	0.3330000000000002	2.667	1.0
152	1.0	0.0	0.0	0.0	1.0	2.0	0.0
153	1.0	0.0	1.0	0.0	1.0	2.0	1.0
154	1.0	0.0	1.0	0.0	1.0	2.0	1.0
155	1.0	0.0	1.0	0.0	0.3330000000000002	2.667	1.0
156	0.0	0.0	0.0	0.0	0.0	0.0	0.0
157	0.0	0.0	0.0	0.0	0.0	0.0	0.0
158	2.0	0.0	2.0	0.0	1.6680000000000001	4.332	2.0
159	0.0	2.0	0.0	2.0	0.0	3.0	1.0
160	0.0	0.0	0.0	0.0	0.0	0.0	0.0
161	1.0	0.0	1.0	0.0	1.0	2.0	1.0
162	1.0	1.0	1.0	1.0	0.6660000000000004	5.334	2.0
163	0.0	2.0	0.0	1.0	2.0	4.0	1.0
164	0.0	1.0	0.0	1.0	0.3330000000000002	2.667	1.0
165	0.0	1.0	0.0	1.0	0.3330000000000002	2.667	1.0
166	1.0	0.0	1.0	0.0	1.0	2.0	1.0
167	1.0	0.0	0.0	0.0	0.3330000000000002	2.667	0.0
168	2.0	0.0	2.0	0.0	1.6680000000000001	4.332	2.0
169	1.0	0.0	0.0	0.0	0.3330000000000002	2.667	0.0
170	1.0	0.0	0.0	0.0	0.3330000000000002	2.667	0.0
171	0.0	0.0	0.0	0.0	0.0	0.0	0.0
172	1.0	0.0	0.0	0.0	0.6680000000000001	2.332	0.0
173	1.0	0.0	1.0	0.0	1.0	2.0	1.0
174	1.0	0.0	0.0	0.0	1.0	2.0	0.0
175	0.0	0.0	0.0	0.0	0.0	0.0	0.0
176	0.0	0.0	0.0	0.0	0.0	0.0	0.0
177	1.0	0.0	1.0	0.0	1.0	2.0	1.0
178	1.0	0.0	1.0	0.0	1.0	2.0	1.0
179	0.0	0.0	0.0	0.0	0.0	0.0	0.0
180	2.0	0.0	2.0	0.0	1.3360000000000003	4.664	2.0
181	1.0	0.0	1.0	0.0	0.3330000000000002	2.667	1.0
182	1.0	0.0	1.0	0.0	1.0	2.0	1.0
183	2.0	0.0	2.0	0.0	2.0	4.0	2.0
184	2.0	0.0	1.0	0.0	2.0	4.0	1.0
185	1.0	0.0	1.0	0.0	0.3330000000000002	2.667	1.0
186	0.0	0.0	0.0	0.0	0.0	0.0	0.0
187	1.0	0.0	1.0	0.0	0.3330000000000002	2.667	1.0
188	0.0	0.0	0.0	0.0	0.0	0.0	0.0
189	2.0	0.0	2.0	0.0	2.0	4.0	2.0
190	1.0	1.0	0.0	0.0	1.0	2.0	0.0
191	1.0	0.0	1.0	0.0	1.0	2.0	1.0
192	1.0	0.0	1.0	0.0	0.3330000000000002	2.667	1.0
193	1.0	0.0	1.0	0.0	0.3330000000000002	2.667	1.0
194	2.0	0.0	2.0	0.0	2.0	4.0	2.0
195	1.0	0.0	1.0	0.0	1.4	1.6	1.0
196	1.0	0.0	0.0	0.0	0.3330000000000002	2.667	0.0
197	1.0	0.0	1.0	0.0	1.0	2.0	1.0
198	1.0	0.0	1.0	0.0	0.3330000000000002	2.667	1.0
199	0.0	0.0	0.0	0.0	0.0	0.0	0.0
200	2.0	1.0	2.0	1.0	1.3330000000000002	4.667	2.0
201	1.0	0.0	1.0	0.0	1.0	2.0	1.0
202	0.0	1.0	0.0	1.0	1.0	2.0	1.0
203	0.0	0.0	0.0	0.0	0.0	0.0	0.0
204	2.0	0.0	2.0	0.0	1.6680000000000001	4.332	2.0
205	1.0	2.0	1.0	2.0	1.3330000000000002	4.667	2.0
206	1.0	0.0	0.0	0.0	0.3330000000000002	2.667	0.0
207	0.0	0.0	0.0	0.0	0.0	0.0	0.0
208	1.0	0.0	1.0	0.0	0.3330000000000002	2.667	1.0
209	1.0	1.0	1.0	1.0	1.3330000000000002	4.667	2.0
210	1.0	0.0	1.0	0.0	1.0	2.0	1.0
211	1.0	0.0	1.0	0.0	0.6680000000000001	2.332	1.0
212	2.0	0.0	2.0	0.0	0.6680000000000001	2.332	1.0
213	1.0	0.0	1.0	0.0	0.6680000000000001	2.332	1.0
214	2.0	2.0	2.0	0.0	3.0	6.0	2.0
215	1.0	0.0	0.0	0.0	0.3330000000000002	2.667	0.0
216	2.0	0.0	2.0	0.0	2.0	4.0	2.0
217	2.0	0.0	2.0	0.0	2.0	4.0	2.0
218	1.0	0.0	1.0	0.0	1.0	2.0	1.0
219	1.0	0.0	1.0	0.0	0.3330000000000002	2.667	1.0
220	0.0	0.0	0.0	0.0	0.0	0.0	0.0
221	1.0	0.0	1.0	0.0	0.6680000000000001	2.332	1.0
222	0.0	4.0	0.0	3.0	2.3340000000000005	9.666	3.0
223	1.0	0.0	1.0	0.0	0.3330000000000002	2.667	1.0
224	2.0	0.0	2.0	0.0	2.0	4.0	2.0
225	1.0	0.0	1.0	0.0	0.6680000000000001	2.332	1.0
226	2.0	0.0	1.0	0.0	1.6680000000000001	4.332	1.0
227	2.0	0.0	2.0	0.0	2.0	4.0	2.0
228	1.0	0.0	1.0	0.0	1.0	2.0	1.0
229	0.0	2.0	0.0	1.0	0.6660000000000004	5.334	1.0
230	0.0	0.0	0.0	0.0	0.0	0.0	0.0
231	1.0	0.0	1.0	0.0	0.3330000000000002	2.667	1.0
232	0.0	0.0	0.0	0.0	0.0	0.0	0.0
233	0.0	0.0	0.0	0.0	0.0	0.0	0.0
234	3.0	0.0	3.0	0.0	1.6680000000000001	4.332	2.0
235	1.0	2.0	1.0	2.0	1.6680000000000001	7.332	3.0
236	1.0	0.0	1.0	0.0	0.3330000000000002	2.667	1.0
237	1.0	3.0	1.0	2.0	2.0010000000000003	6.999	2.0
238	1.0	0.0	1.0	0.0	1.0	2.0	1.0
239	1.0	0.0	0.0	0.0	1.0	2.0	0.0
240	1.0	0.0	1.0	0.0	0.3330000000000002	2.667	1.0
241	1.0	0.0	1.0	0.0	0.3330000000000002	2.667	1.0
242	1.0	0.0	1.0	0.0	1.0	2.0	1.0
243	0.0	0.0	0.0	0.0	0.0	0.0	0.0
244	1.0	0.0	1.0	0.0	0.3330000000000002	2.667	1.0
245	0.0	0.0	0.0	0.0	0.0	0.0	0.0
246	0.0	0.0	0.0	0.0	0.0	0.0	0.0
247	0.0	0.0	0.0	0.0	0.0	0.0	0.0
248	1.0	1.0	1.0	1.0	2.0	4.0	2.0
249	0.0	2.0	0.0	1.0	1.3330000000000002	4.667	1.0
250	0.0	0.0	0.0	0.0	0.0	0.0	0.0
251	0.0	0.0	0.0	0.0	0.0	0.0	0.0
252	0.0	0.0	0.0	0.0	0.0	0.0	0.0
253	2.0	0.0	2.0	0.0	1.6680000000000001	4.332	2.0
254	1.0	0.0	1.0	0.0	1.0	2.0	1.0
255	2.0	0.0	1.0	0.0	2.0	4.0	1.0
256	1.0	0.0	1.0	0.0	0.3330000000000002	2.667	1.0
257	1.0	0.0	1.0	0.0	0.3330000000000002	2.667	1.0
258	1.0	0.0	0.0	0.0	0.3330000000000002	2.667	0.0
259	1.0	1.0	1.0	1.0	1.0	2.0	1.0
260	0.0	0.0	0.0	0.0	0.0	0.0	0.0
261	0.0	0.0	0.0	0.0	0.0	0.0	0.0
262	1.0	0.0	1.0	0.0	1.0	2.0	1.0
263	2.0	0.0	2.0	0.0	2.0	4.0	2.0
264	2.0	0.0	2.0	0.0	2.0	4.0	2.0
265	2.0	0.0	2.0	0.0	2.068	3.932	2.0
266	0.0	0.0	0.0	0.0	0.0	0.0	0.0
267	2.0	0.0	2.0	0.0	1.3360000000000003	4.664	2.0
268	1.0	0.0	0.0	0.0	1.0	2.0	0.0
269	0.0	0.0	0.0	0.0	0.0	0.0	0.0
270	2.0	0.0	2.0	0.0	2.0	4.0	2.0
271	1.0	1.0	1.0	1.0	1.0	2.0	1.0
272	1.0	1.0	1.0	0.0	1.3360000000000003	4.664	1.0
273	1.0	1.0	1.0	1.0	2.0	4.0	2.0
274	1.0	0.0	1.0	0.0	0.3330000000000002	2.667	1.0
275	1.0	0.0	1.0	0.0	0.3330000000000002	2.667	1.0
276	1.0	0.0	0.0	0.0	1.0	2.0	0.0
277	0.0	1.0	0.0	1.0	0.3330000000000002	2.667	1.0
278	0.0	0.0	0.0	0.0	0.0	0.0	0.0
279	0.0	0.0	0.0	0.0	0.0	0.0	0.0
280	1.0	0.0	1.0	0.0	0.6680000000000001	2.332	1.0
281	0.0	1.0	0.0	0.0	0.3330000000000002	2.667	0.0
282	2.0	0.0	1.0	0.0	1.6680000000000001	4.332	1.0
283	1.0	0.0	0.0	0.0	0.3330000000000002	2.667	0.0
284	0.0	0.0	0.0	0.0	0.0	0.0	0.0
285	1.0	1.0	1.0	1.0	0.6660000000000004	5.334	2.0
286	0.0	2.0	0.0	0.0	0.3330000000000002	2.667	0.0
287	1.0	0.0	1.0	0.0	0.3330000000000002	2.667	1.0
288	1.0	2.0	0.0	1.0	2.0	4.0	1.0
289	1.0	1.0	0.0	1.0	2.0	4.0	1.0
290	1.0	0.0	1.0	0.0	0.3330000000000002	2.667	1.0
291	1.0	0.0	1.0	0.0	0.3330000000000002	2.667	1.0
292	0.0	4.0	0.0	3.0	1.6660000000000004	7.334	2.0
293	0.0	0.0	0.0	0.0	0.0	0.0	0.0
294	1.0	1.0	1.0	1.0	0.3330000000000002	2.667	1.0
295	1.0	0.0	1.0	0.0	0.3330000000000002	2.667	1.0
296	1.0	1.0	1.0	1.0	1.0010000000000003	4.999	2.0
297	2.0	1.0	2.0	1.0	2.0	4.0	2.0
298	1.0	0.0	1.0	0.0	0.3330000000000002	2.667	1.0
299	0.0	1.0	0.0	1.0	0.3330000000000002	2.667	1.0
300	1.0	3.0	1.0	2.0	2.333	6.667	2.0
301	1.0	0.0	1.0	0.0	0.3330000000000002	2.667	1.0
302	0.0	0.0	0.0	0.0	0.0	0.0	0.0
303	1.0	1.0	1.0	1.0	0.6680000000000001	2.332	1.0
304	1.0	0.0	1.0	0.0	0.6680000000000001	2.332	1.0
305	0.0	0.0	0.0	0.0	0.0	0.0	0.0
306	1.0	0.0	1.0	0.0	0.3330000000000002	2.667	1.0
307	1.0	0.0	1.0	0.0	0.3330000000000002	2.667	1.0
308	0.0	2.0	0.0	2.0	0.6660000000000004	5.334	2.0
309	0.0	0.0	0.0	0.0	0.0	0.0	0.0
310	0.0	0.0	0.0	0.0	0.0	0.0	0.0
311	1.0	0.0	1.0	0.0	0.3330000000000002	2.667	1.0
312	1.0	1.0	1.0	1.0	0.6660000000000004	5.334	2.0
313	0.0	1.0	0.0	0.0	0.3330000000000002	2.667	0.0
314	0.0	1.0	0.0	1.0	0.3330000000000002	2.667	1.0
315	1.0	0.0	1.0	0.0	1.0	2.0	1.0
316	2.0	0.0	2.0	0.0	1.6680000000000001	4.332	2.0
317	1.0	1.0	1.0	1.0	1.0	2.0	1.0
318	0.0	0.0	0.0	0.0	0.0	0.0	0.0
319	1.0	0.0	1.0	0.0	0.3330000000000002	2.667	1.0
320	0.0	2.0	0.0	2.0	1.3330000000000002	4.667	2.0
321	0.0	0.0	0.0	0.0	0.0	0.0	0.0
