all_syn	all_nonSyn	tip_syn	tip_nonSyn	S	N	comparisons
001	0.0	0.0	0.0	0.0	0.0	0.0	0.0
002	1.0	4.0	0.0	2.0	1.9990000000000006	10.001	2.0
003	1.0	3.0	0.0	2.0	4.0	8.0	2.0
004	1.0	3.0	1.0	3.0	0.9990000000000006	8.001	3.0
005	0.0	2.0	0.0	1.0	1.3330000000000002	4.667	1.0
006	2.0	2.0	0.0	2.0	3.0	6.0	1.0
007	0.0	3.0	0.0	1.0	1.6660000000000004	7.334	1.0
008	0.0	3.0	0.0	2.0	1.6660000000000004	7.334	2.0
009	1.0	4.0	1.0	3.0	2.333	6.667	2.0
010	1.0	1.0	0.0	0.0	2.0	4.0	0.0
011	0.0	2.0	0.0	2.0	1.0	2.0	1.0
012	1.0	1.0	0.0	1.0	1.3330000000000002	4.667	1.0
013	0.0	0.0	0.0	0.0	0.0	0.0	0.0
014	1.0	3.0	0.0	1.0	1.6660000000000004	7.334	1.0
015	0.0	1.0	0.0	0.0	1.0	2.0	0.0
016	1.0	1.0	0.0	1.0	2.0	4.0	1.0
017	3.0	4.0	2.0	4.0	4.333	10.667	4.0
018	2.0	3.0	1.0	0.0	3.4	5.6	1.0
019	1.0	2.0	0.0	2.0	0.9990000000000006	8.001	2.0
020	1.0	4.0	0.0	1.0	1.9990000000000006	10.001	1.0
021	1.0	1.0	1.0	1.0	0.6660000000000004	5.334	2.0
022	2.0	3.0	0.0	2.0	5.0	10.0	2.0
023	1.0	3.0	0.0	2.0	1.3320000000000007	10.668	2.0
024	1.0	6.0	1.0	1.0	6.001	14.998999999999999	2.0
025	3.0	4.0	2.0	1.0	4.7330000000000005	10.267	3.0
026	3.0	2.0	1.0	1.0	3.668	8.332	2.0
027	1.0	1.0	0.0	1.0	2.0	4.0	1.0
028	1.0	3.0	0.0	1.0	3.4	5.6	1.0
029	1.0	2.0	0.0	0.0	1.6660000000000004	7.334	0.0
030	0.0	2.0	0.0	1.0	1.3330000000000002	4.667	1.0
031	2.0	0.0	1.0	0.0	1.6680000000000001	4.332	1.0
032	3.0	2.0	3.0	1.0	3.333	8.667	3.0
033	2.0	3.0	1.0	2.0	3.6720000000000006	11.328	3.0
034	1.0	1.0	0.0	0.0	0.0	3.0	0.0
035	1.0	0.0	1.0	0.0	1.0	2.0	1.0
036	2.0	0.0	0.0	0.0	2.0	4.0	0.0
037	2.0	2.0	1.0	1.0	4.0	8.0	2.0
038	2.0	3.0	1.0	3.0	2.0	7.0	2.0
039	2.0	3.0	1.0	2.0	3.333	8.667	3.0
040	2.0	3.0	1.0	0.0	2.9990000000000006	12.001	1.0
041	1.0	2.0	0.0	1.0	1.3330000000000002	4.667	1.0
042	1.0	3.0	1.0	1.0	2.668	6.332	2.0
043	2.0	3.0	2.0	1.0	4.0	8.0	2.0
044	1.0	1.0	0.0	1.0	0.6660000000000004	5.334	1.0
045	1.0	1.0	0.0	0.0	0.3330000000000002	2.667	0.0
046	1.0	0.0	0.0	0.0	1.0	2.0	0.0
047	1.0	2.0	0.0	1.0	3.0	6.0	1.0
048	0.0	3.0	0.0	0.0	1.6680000000000001	7.332	0.0
049	2.0	5.0	0.0	1.0	4.001	13.999	1.0
050	0.0	0.0	0.0	0.0	0.0	0.0	0.0
051	1.0	4.0	0.0	3.0	3.333	8.667	2.0
052	3.0	1.0	0.0	1.0	4.0	8.0	1.0
053	2.0	1.0	1.0	0.0	0.9990000000000006	8.001	1.0
054	3.0	4.0	2.0	2.0	5.666	15.334	4.0
055	1.0	1.0	1.0	1.0	1.6680000000000001	4.332	2.0
056	1.0	2.0	1.0	1.0	2.668	6.332	2.0
057	0.0	3.0	0.0	1.0	1.6690000000000005	7.3309999999999995	1.0
058	1.0	3.0	0.0	1.0	2.333	6.667	1.0
059	0.0	4.0	0.0	1.0	3.333	8.667	1.0
060	1.0	0.0	0.0	0.0	1.0	2.0	0.0
061	0.0	1.0	0.0	1.0	0.3330000000000002	2.667	1.0
062	0.0	0.0	0.0	0.0	0.0	0.0	0.0
063	0.0	0.0	0.0	0.0	0.0	0.0	0.0
064	1.0	1.0	0.0	0.0	2.0	4.0	0.0
065	3.0	1.0	1.0	0.0	4.0	8.0	1.0
066	1.0	0.0	0.0	0.0	1.0	2.0	0.0
067	1.0	0.0	1.0	0.0	0.3330000000000002	2.667	1.0
068	2.0	0.0	1.0	0.0	2.8	3.2	1.0
069	1.0	0.0	0.0	0.0	0.3330000000000002	2.667	0.0
070	0.0	0.0	0.0	0.0	0.0	0.0	0.0
071	1.0	0.0	0.0	0.0	1.0	2.0	0.0
072	0.0	0.0	0.0	0.0	0.0	0.0	0.0
073	0.0	0.0	0.0	0.0	0.0	0.0	0.0
074	1.0	0.0	1.0	0.0	0.3330000000000002	2.667	1.0
075	2.0	0.0	0.0	0.0	2.0	4.0	0.0
076	0.0	0.0	0.0	0.0	0.0	0.0	0.0
077	2.0	0.0	0.0	0.0	0.6660000000000004	5.334	0.0
078	3.0	0.0	2.0	0.0	3.0	6.0	2.0
079	1.0	0.0	1.0	0.0	1.0	2.0	1.0
080	2.0	6.0	1.0	3.0	4.000000000000001	17.0	3.0
081	2.0	0.0	0.0	0.0	1.0	2.0	0.0
082	1.0	0.0	1.0	0.0	1.0	2.0	1.0
083	2.0	3.0	1.0	2.0	4.668	10.332	3.0
084	1.0	0.0	0.0	0.0	0.3330000000000002	2.667	0.0
085	2.0	2.0	0.0	0.0	2.0	4.0	0.0
086	2.0	0.0	2.0	0.0	2.0	4.0	2.0
087	0.0	0.0	0.0	0.0	0.0	0.0	0.0
088	2.0	2.0	2.0	1.0	3.668	8.332	3.0
089	2.0	4.0	1.0	3.0	1.3330000000000002	7.667	2.0
090	0.0	3.0	0.0	2.0	0.6660000000000004	5.334	1.0
091	1.0	1.0	0.0	1.0	0.6660000000000004	5.334	1.0
092	2.0	3.0	0.0	3.0	4.0040000000000004	10.995999999999999	3.0
093	1.0	2.0	0.0	0.0	1.3330000000000002	4.667	0.0
094	0.0	0.0	0.0	0.0	0.0	0.0	0.0
095	1.0	1.0	1.0	0.0	0.6660000000000004	5.334	1.0
096	0.0	0.0	0.0	0.0	0.0	0.0	0.0
097	1.0	0.0	0.0	0.0	0.3330000000000002	2.667	0.0
098	2.0	0.0	0.0	0.0	2.0	4.0	0.0
099	2.0	0.0	0.0	0.0	0.6660000000000004	5.334	0.0
100	2.0	0.0	0.0	0.0	2.0	4.0	0.0
101	1.0	0.0	1.0	0.0	0.3330000000000002	2.667	1.0
102	3.0	1.0	1.0	1.0	3.668	8.332	2.0
103	1.0	0.0	1.0	0.0	1.0	2.0	1.0
104	1.0	0.0	1.0	0.0	1.0	2.0	1.0
105	1.0	2.0	0.0	0.0	2.0	4.0	0.0
106	1.0	1.0	0.0	0.0	2.0	4.0	0.0
107	3.0	1.0	0.0	1.0	3.333	8.667	1.0
108	2.0	0.0	1.0	0.0	1.3360000000000003	4.664	1.0
109	1.0	0.0	0.0	0.0	1.0	2.0	0.0
110	2.0	1.0	1.0	1.0	0.9990000000000006	8.001	2.0
111	1.0	0.0	0.0	0.0	1.0	2.0	0.0
112	1.0	0.0	1.0	0.0	0.3330000000000002	2.667	1.0
113	2.0	0.0	0.0	0.0	0.6660000000000004	5.334	0.0
114	2.0	0.0	0.0	0.0	0.6660000000000004	5.334	0.0
115	0.0	0.0	0.0	0.0	0.0	0.0	0.0
116	1.0	0.0	1.0	0.0	0.3330000000000002	2.667	1.0
117	0.0	0.0	0.0	0.0	0.0	0.0	0.0
118	0.0	0.0	0.0	0.0	0.0	0.0	0.0
119	1.0	0.0	1.0	0.0	0.3330000000000002	2.667	1.0
120	1.0	1.0	1.0	0.0	0.6660000000000004	5.334	1.0
121	1.0	1.0	1.0	1.0	0.6660000000000004	5.334	2.0
122	2.0	0.0	1.0	0.0	2.4	3.6	1.0
123	0.0	1.0	0.0	1.0	1.0	2.0	1.0
124	1.0	2.0	0.0	0.0	0.6660000000000004	5.334	0.0
125	0.0	2.0	0.0	1.0	1.6680000000000001	4.332	1.0
126	2.0	0.0	1.0	0.0	2.8	3.2	1.0
127	3.0	1.0	1.0	0.0	4.0	8.0	1.0
128	1.0	2.0	1.0	1.0	2.0010000000000003	6.999	2.0
129	2.0	0.0	1.0	0.0	2.8	3.2	1.0
130	2.0	4.0	1.0	4.0	1.6670000000000007	10.332999999999998	3.0
131	4.0	2.0	3.0	2.0	6.199999999999999	8.8	4.0
132	1.0	0.0	0.0	0.0	1.0	2.0	0.0
133	2.0	0.0	2.0	0.0	2.0	4.0	2.0
134	1.0	0.0	1.0	0.0	0.3330000000000002	2.667	1.0
135	1.0	1.0	1.0	0.0	0.6660000000000004	5.334	1.0
136	1.0	0.0	1.0	0.0	0.3330000000000002	2.667	1.0
137	1.0	0.0	0.0	0.0	1.0	2.0	0.0
138	1.0	1.0	0.0	0.0	2.0	4.0	0.0
139	1.0	0.0	0.0	0.0	0.3330000000000002	2.667	0.0
140	1.0	0.0	0.0	0.0	0.6680000000000001	2.332	0.0
141	0.0	1.0	0.0	0.0	0.6680000000000001	2.332	0.0
142	2.0	0.0	1.0	0.0	0.6660000000000004	5.334	1.0
143	3.0	0.0	0.0	0.0	1.6680000000000001	4.332	0.0
144	1.0	1.0	0.0	0.0	1.733	4.2669999999999995	0.0
145	0.0	0.0	0.0	0.0	0.0	0.0	0.0
146	0.0	4.0	0.0	2.0	2.3360000000000003	9.664	2.0
147	1.0	0.0	0.0	0.0	1.0	2.0	0.0
148	1.0	0.0	0.0	0.0	1.0	2.0	0.0
149	2.0	1.0	0.0	1.0	0.9990000000000006	8.001	1.0
150	0.0	0.0	0.0	0.0	0.0	0.0	0.0
151	3.0	0.0	0.0	0.0	3.8	5.2	0.0
152	2.0	2.0	1.0	1.0	1.3320000000000007	10.668	2.0
153	2.0	2.0	1.0	0.0	3.0	6.0	1.0
154	1.0	0.0	0.0	0.0	1.0	2.0	0.0
155	1.0	3.0	0.0	3.0	1.3320000000000007	10.668	3.0
156	1.0	2.0	0.0	1.0	2.0010000000000003	6.999	1.0
157	1.0	0.0	0.0	0.0	1.0	2.0	0.0
158	1.0	0.0	0.0	0.0	1.0	2.0	0.0
159	0.0	2.0	0.0	1.0	1.3330000000000002	4.667	1.0
160	1.0	2.0	1.0	1.0	3.0	6.0	2.0
161	2.0	0.0	1.0	0.0	0.6660000000000004	5.334	1.0
162	4.0	0.0	2.0	0.0	3.736	8.264	2.0
163	4.0	0.0	3.0	0.0	4.468	7.532	3.0
164	1.0	0.0	0.0	0.0	1.4	1.6	0.0
165	0.0	0.0	0.0	0.0	0.0	0.0	0.0
166	0.0	2.0	0.0	2.0	1.3330000000000002	4.667	2.0
167	4.0	2.0	1.0	0.0	3.3360000000000003	8.664	1.0
168	2.0	4.0	1.0	2.0	2.9990000000000006	12.001	2.0
169	1.0	2.0	0.0	1.0	3.0	6.0	1.0
170	0.0	3.0	0.0	1.0	0.9990000000000006	8.001	1.0
171	3.0	4.0	2.0	1.0	3.6670000000000007	14.332999999999998	3.0
172	1.0	3.0	1.0	3.0	1.6660000000000004	7.334	3.0
173	2.0	1.0	1.0	0.0	2.0	4.0	1.0
174	1.0	1.0	1.0	1.0	0.6660000000000004	5.334	2.0
175	2.0	2.0	1.0	0.0	3.333	8.667	1.0
176	1.0	4.0	0.0	1.0	4.333	10.667	1.0
177	1.0	3.0	0.0	2.0	1.6660000000000004	7.334	1.0
178	2.0	1.0	0.0	1.0	3.0	6.0	1.0
179	1.0	4.0	1.0	2.0	2.0010000000000003	9.998999999999999	2.0
180	3.0	4.0	2.0	2.0	4.134	13.866	3.0
181	2.0	2.0	1.0	1.0	2.668	6.332	1.0
182	2.0	4.0	1.0	2.0	2.6670000000000007	12.332999999999998	2.0
183	2.0	2.0	1.0	0.0	3.0	6.0	1.0
184	1.0	1.0	1.0	0.0	0.6660000000000004	5.334	1.0
185	3.0	3.0	2.0	2.0	4.668	10.332	3.0
186	2.0	3.0	1.0	2.0	2.333	6.667	2.0
187	1.0	1.0	1.0	0.0	1.3330000000000002	4.667	1.0
188	3.0	4.0	2.0	0.0	2.6670000000000007	12.333	2.0
189	2.0	4.0	1.0	1.0	3.6660000000000004	11.334	1.0
190	3.0	3.0	3.0	1.0	4.666	13.334	4.0
191	2.0	3.0	1.0	1.0	3.6660000000000004	11.334	2.0
192	0.0	6.0	0.0	2.0	2.9990000000000006	12.001	2.0
193	2.0	5.0	0.0	2.0	3.6660000000000004	11.334	1.0
194	5.0	2.0	2.0	2.0	5.401	12.599	3.0
195	0.0	4.0	0.0	2.0	1.9990000000000006	10.001	2.0
196	3.0	1.0	0.0	1.0	4.0	8.0	1.0
197	1.0	2.0	0.0	1.0	3.0	6.0	1.0
198	2.0	0.0	0.0	0.0	2.0	4.0	0.0
199	1.0	3.0	0.0	3.0	1.3340000000000005	7.6659999999999995	2.0
200	2.0	0.0	1.0	0.0	2.0	4.0	1.0
201	0.0	0.0	0.0	0.0	0.0	0.0	0.0
202	4.0	0.0	2.0	0.0	4.0	8.0	2.0
203	2.0	4.0	2.0	1.0	2.3320000000000007	12.668	2.0
204	3.0	0.0	0.0	0.0	2.068	3.932	0.0
205	1.0	0.0	0.0	0.0	1.0	2.0	0.0
206	1.0	1.0	0.0	0.0	0.6660000000000004	5.334	0.0
207	2.0	0.0	2.0	0.0	0.6660000000000004	5.334	2.0
208	2.0	3.0	1.0	1.0	3.668	8.332	2.0
209	2.0	1.0	1.0	1.0	2.668	6.332	2.0
210	2.0	0.0	1.0	0.0	2.0	4.0	1.0
211	3.0	0.0	2.0	0.0	3.0	6.0	2.0
212	0.0	2.0	0.0	2.0	0.6660000000000004	5.334	2.0
213	3.0	0.0	2.0	0.0	3.468	5.532	2.0
214	0.0	3.0	0.0	1.0	1.3360000000000003	7.664	1.0
215	3.0	2.0	2.0	1.0	5.0	10.0	3.0
216	1.0	3.0	0.0	1.0	2.6660000000000004	9.334	1.0
217	0.0	0.0	0.0	0.0	0.0	0.0	0.0
218	0.0	0.0	0.0	0.0	0.0	0.0	0.0
219	2.0	4.0	1.0	2.0	3.9990000000000006	14.001	3.0
220	0.0	0.0	0.0	0.0	0.0	0.0	0.0
221	2.0	1.0	0.0	0.0	0.9990000000000006	8.001	0.0
222	1.0	2.0	1.0	2.0	1.3330000000000002	4.667	2.0
223	4.0	0.0	0.0	0.0	4.0	8.0	0.0
224	1.0	0.0	1.0	0.0	0.3330000000000002	2.667	1.0
225	2.0	3.0	2.0	1.0	3.733	8.267	2.0
226	0.0	0.0	0.0	0.0	0.0	0.0	0.0
227	1.0	2.0	0.0	1.0	3.0	6.0	1.0
228	2.0	0.0	2.0	0.0	0.6660000000000004	5.334	2.0
229	2.0	0.0	1.0	0.0	2.0	4.0	1.0
230	0.0	0.0	0.0	0.0	0.0	0.0	0.0
231	2.0	2.0	1.0	2.0	1.6660000000000004	7.334	2.0
232	1.0	3.0	0.0	1.0	1.3320000000000007	10.668	1.0
233	2.0	2.0	1.0	0.0	1.6660000000000004	7.334	1.0
234	0.0	0.0	0.0	0.0	0.0	0.0	0.0
235	0.0	0.0	0.0	0.0	0.0	0.0	0.0
236	1.0	1.0	0.0	1.0	0.6660000000000004	5.334	1.0
237	2.0	0.0	2.0	0.0	0.6660000000000004	5.334	2.0
238	0.0	0.0	0.0	0.0	0.0	0.0	0.0
239	0.0	0.0	0.0	0.0	0.0	0.0	0.0
240	2.0	5.0	2.0	2.0	1.665000000000001	13.334999999999999	3.0
241	1.0	2.0	0.0	2.0	1.3330000000000002	4.667	1.0
242	2.0	0.0	0.0	0.0	2.0	4.0	0.0
243	3.0	1.0	3.0	1.0	3.0	6.0	3.0
244	2.0	0.0	2.0	0.0	0.6660000000000004	5.334	2.0
245	1.0	1.0	0.0	1.0	1.0	5.0	1.0
246	2.0	0.0	2.0	0.0	2.0	4.0	2.0
247	2.0	3.0	1.0	3.0	2.0010000000000003	6.999	2.0
248	2.0	1.0	1.0	1.0	0.9990000000000006	8.001	2.0
249	1.0	0.0	1.0	0.0	0.3330000000000002	2.667	1.0
250	1.0	0.0	0.0	0.0	1.0	2.0	0.0
251	3.0	0.0	1.0	0.0	3.0	6.0	1.0
252	1.0	4.0	1.0	3.0	2.668	6.332	2.0
253	3.0	0.0	0.0	0.0	4.199999999999999	4.800000000000001	0.0
254	3.0	1.0	1.0	1.0	3.668	8.332	2.0
255	1.0	1.0	0.0	0.0	0.6660000000000004	5.334	0.0
256	2.0	0.0	2.0	0.0	2.0	4.0	2.0
257	2.0	0.0	2.0	0.0	1.3360000000000003	4.664	2.0
258	1.0	0.0	1.0	0.0	0.3330000000000002	2.667	1.0
259	1.0	0.0	0.0	0.0	1.0	2.0	0.0
260	2.0	0.0	0.0	0.0	2.4	3.6	0.0
261	0.0	0.0	0.0	0.0	0.0	0.0	0.0
262	1.0	0.0	0.0	0.0	0.3330000000000002	2.667	0.0
263	1.0	2.0	0.0	1.0	0.9990000000000006	8.001	1.0
264	0.0	0.0	0.0	0.0	0.0	0.0	0.0
265	0.0	1.0	0.0	1.0	0.6680000000000001	2.332	1.0
266	1.0	3.0	1.0	0.0	1.6690000000000005	7.3309999999999995	1.0
267	2.0	1.0	0.0	0.0	2.4	3.6	0.0
268	1.0	1.0	0.0	1.0	2.0	4.0	1.0
269	2.0	1.0	1.0	0.0	0.9990000000000006	8.001	1.0
270	1.0	2.0	0.0	2.0	3.0	6.0	2.0
271	1.0	1.0	0.0	1.0	0.6660000000000004	5.334	1.0
272	1.0	2.0	0.0	2.0	2.0010000000000003	6.999	2.0
273	3.0	3.0	3.0	3.0	1.6660000000000004	7.334	3.0
274	2.0	2.0	0.0	2.0	4.0	8.0	2.0
275	1.0	1.0	1.0	0.0	0.6660000000000004	5.334	1.0
276	1.0	0.0	0.0	0.0	1.0	2.0	0.0
277	1.0	1.0	0.0	1.0	1.3330000000000002	4.667	1.0
278	1.0	0.0	1.0	0.0	0.3330000000000002	2.667	1.0
279	0.0	1.0	0.0	0.0	0.0	3.0	0.0
280	3.0	1.0	2.0	1.0	2.0010000000000003	6.999	2.0
281	3.0	1.0	1.0	1.0	2.4	6.6	1.0
282	2.0	5.0	1.0	3.0	4.4	10.6	2.0
283	1.0	0.0	0.0	0.0	0.3330000000000002	2.667	0.0
284	1.0	1.0	0.0	1.0	1.3330000000000002	4.667	1.0
285	1.0	2.0	0.0	1.0	0.9990000000000006	8.001	1.0
286	0.0	0.0	0.0	0.0	0.0	0.0	0.0
287	0.0	0.0	0.0	0.0	0.0	0.0	0.0
288	1.0	1.0	0.0	1.0	1.0010000000000003	4.999	1.0
289	2.0	0.0	2.0	0.0	2.0	4.0	2.0
290	1.0	0.0	1.0	0.0	0.3330000000000002	2.667	1.0
291	1.0	1.0	0.0	1.0	1.4	4.6	1.0
292	0.0	3.0	0.0	1.0	0.9990000000000006	8.001	1.0
293	4.0	1.0	2.0	0.0	5.468	9.532	2.0
294	1.0	0.0	1.0	0.0	0.3330000000000002	2.667	1.0
295	1.0	4.0	0.0	2.0	2.6670000000000007	12.332999999999998	2.0
296	1.0	0.0	1.0	0.0	1.0	2.0	1.0
297	2.0	2.0	1.0	1.0	2.333	6.667	2.0
298	3.0	2.0	2.0	0.0	3.0	9.0	2.0
299	1.0	1.0	1.0	0.0	2.4	3.6	1.0
300	1.0	0.0	0.0	0.0	0.6680000000000001	2.332	0.0
301	3.0	2.0	2.0	1.0	5.0	10.0	3.0
302	3.0	0.0	0.0	0.0	3.0	6.0	0.0
303	1.0	0.0	0.0	0.0	1.0	2.0	0.0
304	1.0	1.0	0.0	1.0	0.6660000000000004	5.334	1.0
305	4.0	0.0	2.0	0.0	4.0	8.0	2.0
306	2.0	0.0	1.0	0.0	2.4	3.6	1.0
307	2.0	1.0	2.0	1.0	1.733	4.2669999999999995	2.0
308	2.0	0.0	2.0	0.0	1.3360000000000003	4.664	2.0
309	1.0	2.0	1.0	1.0	2.068	3.932	1.0
310	1.0	1.0	0.0	0.0	0.6660000000000004	5.334	0.0
311	2.0	1.0	1.0	1.0	3.8	5.2	2.0
312	0.0	2.0	0.0	1.0	1.0	5.0	1.0
313	2.0	1.0	0.0	1.0	3.0	6.0	1.0
314	1.0	2.0	0.0	1.0	3.4	5.6	1.0
315	4.0	1.0	1.0	1.0	5.0	10.0	2.0
316	3.0	4.0	2.0	2.0	3.4010000000000002	8.599	2.0
317	2.0	0.0	1.0	0.0	2.0	4.0	1.0
318	1.0	1.0	1.0	1.0	1.0	2.0	1.0
319	2.0	1.0	2.0	0.0	0.9990000000000006	8.001	2.0
320	2.0	1.0	0.0	0.0	1.0	2.0	0.0
321	3.0	1.0	1.0	1.0	4.0	8.0	2.0
322	1.0	2.0	1.0	1.0	3.0	6.0	2.0
323	4.0	2.0	2.0	0.0	4.333	10.667	2.0
324	0.0	4.0	0.0	3.0	1.3330000000000002	7.667	2.0
325	3.0	1.0	1.0	1.0	1.3320000000000007	10.668	2.0
326	0.0	2.0	0.0	2.0	1.3330000000000002	4.667	2.0
327	2.0	0.0	1.0	0.0	2.0	4.0	1.0
328	3.0	2.0	1.0	2.0	3.668	8.332	2.0
329	3.0	0.0	0.0	0.0	3.0	6.0	0.0
330	3.0	2.0	0.0	2.0	1.3320000000000007	10.668	1.0
331	1.0	0.0	0.0	0.0	0.3330000000000002	2.667	0.0
332	0.0	0.0	0.0	0.0	0.0	0.0	0.0
333	2.0	1.0	0.0	0.0	2.0	4.0	0.0
334	2.0	1.0	0.0	1.0	0.9990000000000006	8.001	1.0
335	3.0	4.0	2.0	3.0	2.9990000000000006	12.001	3.0
336	2.0	0.0	1.0	0.0	2.068	3.932	1.0
337	2.0	4.0	1.0	3.0	2.6660000000000004	9.334	3.0
338	1.0	4.0	0.0	2.0	3.668	8.332	2.0
339	4.0	4.0	4.0	1.0	6.333	14.667	4.0
340	1.0	2.0	0.0	1.0	2.0	4.0	1.0
341	0.0	7.0	0.0	5.0	3.3320000000000007	14.668	4.0
342	2.0	4.0	1.0	1.0	4.001	10.998999999999999	2.0
343	2.0	2.0	0.0	1.0	1.9990000000000006	10.001	1.0
344	2.0	3.0	1.0	1.0	4.0	8.0	2.0
345	2.0	3.0	1.0	1.0	1.665000000000001	13.334999999999999	2.0
346	2.0	4.0	0.0	2.0	2.9990000000000006	12.001	2.0
347	3.0	4.0	2.0	2.0	3.3320000000000007	14.668	3.0
348	3.0	5.0	1.0	1.0	5.001	12.999	1.0
349	3.0	1.0	2.0	1.0	2.3360000000000003	6.664	2.0
350	2.0	3.0	1.0	3.0	1.6660000000000004	7.334	2.0
351	3.0	3.0	2.0	3.0	2.3340000000000005	9.666	3.0
352	3.0	3.0	2.0	0.0	1.6670000000000007	10.332999999999998	2.0
353	3.0	2.0	2.0	0.0	4.0040000000000004	10.995999999999999	2.0
354	2.0	5.0	1.0	2.0	3.3340000000000005	11.666	2.0
355	2.0	0.0	2.0	0.0	2.0	4.0	2.0
356	0.0	3.0	0.0	1.0	1.3360000000000003	7.664	1.0
357	1.0	1.0	0.0	0.0	1.0	2.0	0.0
358	2.0	2.0	2.0	0.0	3.8	5.2	1.0
359	0.0	0.0	0.0	0.0	0.0	0.0	0.0
360	2.0	0.0	0.0	0.0	2.0	4.0	0.0
361	0.0	0.0	0.0	0.0	0.0	0.0	0.0
362	0.0	0.0	0.0	0.0	0.0	0.0	0.0
363	1.0	2.0	1.0	2.0	1.3330000000000002	4.667	2.0
364	1.0	0.0	0.0	0.0	0.3330000000000002	2.667	0.0
365	1.0	0.0	0.0	0.0	0.3330000000000002	2.667	0.0
366	1.0	1.0	1.0	1.0	1.0010000000000003	4.999	2.0
367	0.0	0.0	0.0	0.0	0.0	0.0	0.0
368	0.0	0.0	0.0	0.0	0.0	0.0	0.0
369	0.0	0.0	0.0	0.0	0.0	0.0	0.0
370	0.0	0.0	0.0	0.0	0.0	0.0	0.0
371	0.0	0.0	0.0	0.0	0.0	0.0	0.0
372	0.0	0.0	0.0	0.0	0.0	0.0	0.0
373	0.0	0.0	0.0	0.0	0.0	0.0	0.0
374	0.0	0.0	0.0	0.0	0.0	0.0	0.0
375	0.0	0.0	0.0	0.0	0.0	0.0	0.0
376	0.0	0.0	0.0	0.0	0.0	0.0	0.0
377	0.0	0.0	0.0	0.0	0.0	0.0	0.0
378	0.0	0.0	0.0	0.0	0.0	0.0	0.0
379	0.0	0.0	0.0	0.0	0.0	0.0	0.0
380	0.0	0.0	0.0	0.0	0.0	0.0	0.0
381	0.0	0.0	0.0	0.0	0.0	0.0	0.0
382	0.0	0.0	0.0	0.0	0.0	0.0	0.0
383	0.0	0.0	0.0	0.0	0.0	0.0	0.0
384	0.0	0.0	0.0	0.0	0.0	0.0	0.0
385	0.0	0.0	0.0	0.0	0.0	0.0	0.0
386	0.0	0.0	0.0	0.0	0.0	0.0	0.0
387	0.0	0.0	0.0	0.0	0.0	0.0	0.0
388	3.0	1.0	1.0	0.0	2.0040000000000004	9.995999999999999	1.0
389	1.0	3.0	0.0	2.0	2.6660000000000004	9.334	2.0
390	2.0	0.0	2.0	0.0	2.0	4.0	2.0
391	1.0	0.0	1.0	0.0	0.3330000000000002	2.667	1.0
392	3.0	2.0	2.0	1.0	3.736	11.264	3.0
393	1.0	0.0	0.0	0.0	0.3330000000000002	2.667	0.0
394	2.0	0.0	2.0	0.0	2.4	3.6	2.0
395	0.0	0.0	0.0	0.0	0.0	0.0	0.0
396	1.0	0.0	1.0	0.0	1.0	2.0	1.0
397	1.0	0.0	0.0	0.0	1.0	2.0	0.0
398	1.0	5.0	0.0	2.0	2.3340000000000005	9.666	2.0
399	3.0	1.0	0.0	1.0	2.0010000000000003	6.999	1.0
400	1.0	2.0	1.0	0.0	3.0	6.0	1.0
401	0.0	3.0	0.0	2.0	1.0010000000000003	7.999	2.0
402	1.0	0.0	0.0	0.0	1.0	2.0	0.0
403	1.0	1.0	1.0	0.0	2.0	4.0	1.0
404	2.0	4.0	0.0	2.0	3.3370000000000006	11.662999999999998	1.0
405	2.0	2.0	1.0	1.0	3.733	8.267	2.0
406	2.0	0.0	1.0	0.0	2.0	4.0	1.0
407	2.0	3.0	2.0	1.0	3.0660000000000003	8.934	2.0
408	2.0	0.0	2.0	0.0	0.6660000000000004	5.334	2.0
409	2.0	4.0	1.0	3.0	3.333	8.667	3.0
410	0.0	1.0	0.0	0.0	1.0	2.0	0.0
411	1.0	4.0	0.0	2.0	1.3320000000000007	10.668	2.0
412	2.0	5.0	2.0	1.0	3.9990000000000006	14.001	3.0
413	1.0	5.0	1.0	2.0	1.6660000000000004	7.334	1.0
414	2.0	6.0	0.0	4.0	5.667000000000001	18.333	4.0
415	3.0	2.0	1.0	2.0	3.333	8.667	2.0
416	1.0	2.0	0.0	1.0	1.3340000000000005	7.6659999999999995	1.0
417	2.0	4.0	2.0	3.0	3.068	8.931999999999999	3.0
418	1.0	1.0	0.0	0.0	2.0	4.0	0.0
419	2.0	4.0	2.0	1.0	2.3320000000000007	12.668	2.0
420	1.0	4.0	0.0	1.0	4.001	10.998999999999999	1.0
421	2.0	2.0	2.0	1.0	3.0	6.0	2.0
422	4.0	4.0	4.0	2.0	6.001	14.999	5.0
423	0.0	0.0	0.0	0.0	0.0	0.0	0.0
424	1.0	0.0	1.0	0.0	0.3330000000000002	2.667	1.0
425	0.0	2.0	0.0	0.0	0.3330000000000002	2.667	0.0
426	1.0	1.0	1.0	0.0	2.0	4.0	1.0
427	1.0	2.0	0.0	1.0	2.0	4.0	1.0
428	1.0	8.0	0.0	4.0	5.335000000000001	18.665	4.0
429	4.0	6.0	2.0	3.0	3.6660000000000004	17.334	3.0
430	3.0	3.0	1.0	2.0	4.668	10.332	2.0
431	1.0	4.0	1.0	1.0	1.9990000000000006	10.001	1.0
432	0.0	6.0	0.0	3.0	5.001	12.998999999999999	3.0
433	2.0	3.0	0.0	2.0	3.6660000000000004	11.334	2.0
434	1.0	5.0	1.0	3.0	3.6690000000000005	11.331	3.0
435	2.0	2.0	2.0	0.0	3.3360000000000003	8.664	2.0
436	4.0	1.0	1.0	1.0	4.469	10.530999999999999	2.0
437	1.0	2.0	0.0	2.0	0.6660000000000004	5.334	1.0
438	2.0	1.0	1.0	0.0	3.0	6.0	1.0
439	3.0	2.0	2.0	1.0	4.0	8.0	2.0
440	1.0	0.0	1.0	0.0	0.3330000000000002	2.667	1.0
441	1.0	0.0	0.0	0.0	0.3330000000000002	2.667	0.0
442	2.0	0.0	0.0	0.0	2.068	3.932	0.0
443	3.0	0.0	0.0	0.0	3.0	6.0	0.0
444	4.0	3.0	2.0	1.0	4.0040000000000004	10.995999999999999	2.0
445	3.0	2.0	3.0	2.0	2.6690000000000005	9.331	4.0
446	1.0	3.0	0.0	1.0	1.9990000000000006	10.001	1.0
447	2.0	0.0	0.0	0.0	0.6660000000000004	5.334	0.0
448	1.0	2.0	1.0	1.0	0.9990000000000006	8.001	2.0
449	3.0	3.0	3.0	2.0	5.0	10.0	4.0
450	0.0	0.0	0.0	0.0	0.0	0.0	0.0
451	0.0	3.0	0.0	3.0	0.9990000000000006	8.001	3.0
452	0.0	0.0	0.0	0.0	0.0	0.0	0.0
453	2.0	0.0	0.0	0.0	0.6660000000000004	5.334	0.0
454	2.0	5.0	2.0	4.0	1.665000000000001	13.334999999999999	4.0
455	2.0	5.0	1.0	1.0	2.9990000000000006	12.001	1.0
456	0.0	4.0	0.0	3.0	1.6680000000000001	10.332	3.0
457	1.0	4.0	1.0	3.0	2.6660000000000004	9.334	3.0
458	2.0	8.0	2.0	4.0	6.335000000000001	20.665	5.0
459	0.0	4.0	0.0	3.0	1.9990000000000006	10.001	3.0
460	1.0	6.0	1.0	3.0	2.3310000000000013	18.668999999999997	4.0
461	2.0	1.0	1.0	0.0	2.0040000000000004	6.9959999999999996	1.0
462	2.0	2.0	1.0	2.0	2.333	6.667	2.0
463	1.0	6.0	0.0	2.0	3.3320000000000007	14.668	2.0
464	0.0	3.0	0.0	1.0	0.9990000000000006	8.001	1.0
465	2.0	4.0	0.0	0.0	3.6660000000000004	11.334	0.0
466	2.0	0.0	0.0	0.0	0.6660000000000004	5.334	0.0
467	1.0	2.0	1.0	0.0	2.0010000000000003	6.999	1.0
468	1.0	3.0	1.0	0.0	1.6660000000000004	7.334	1.0
469	1.0	2.0	0.0	1.0	1.6660000000000004	7.334	1.0
470	3.0	0.0	3.0	0.0	3.0	6.0	3.0
471	3.0	4.0	2.0	1.0	4.336	13.664	2.0
472	1.0	7.0	0.0	3.0	2.3320000000000007	12.668	2.0
473	3.0	1.0	1.0	0.0	4.8	7.199999999999999	1.0
474	1.0	2.0	0.0	2.0	1.3330000000000002	4.667	1.0
475	0.0	0.0	0.0	0.0	0.0	0.0	0.0
476	0.0	0.0	0.0	0.0	0.0	0.0	0.0
477	0.0	0.0	0.0	0.0	0.0	0.0	0.0
478	0.0	0.0	0.0	0.0	0.0	0.0	0.0
479	0.0	0.0	0.0	0.0	0.0	0.0	0.0
480	0.0	0.0	0.0	0.0	0.0	0.0	0.0
481	0.0	0.0	0.0	0.0	0.0	0.0	0.0
482	0.0	0.0	0.0	0.0	0.0	0.0	0.0
483	0.0	0.0	0.0	0.0	0.0	0.0	0.0
484	0.0	0.0	0.0	0.0	0.0	0.0	0.0
485	0.0	0.0	0.0	0.0	0.0	0.0	0.0
486	0.0	0.0	0.0	0.0	0.0	0.0	0.0
487	0.0	0.0	0.0	0.0	0.0	0.0	0.0
488	0.0	0.0	0.0	0.0	0.0	0.0	0.0
489	0.0	0.0	0.0	0.0	0.0	0.0	0.0
490	0.0	0.0	0.0	0.0	0.0	0.0	0.0
491	0.0	0.0	0.0	0.0	0.0	0.0	0.0
492	0.0	0.0	0.0	0.0	0.0	0.0	0.0
493	0.0	0.0	0.0	0.0	0.0	0.0	0.0
494	0.0	0.0	0.0	0.0	0.0	0.0	0.0
495	0.0	0.0	0.0	0.0	0.0	0.0	0.0
496	0.0	0.0	0.0	0.0	0.0	0.0	0.0
497	3.0	2.0	1.0	1.0	3.668	8.332	1.0
498	1.0	3.0	0.0	1.0	1.3340000000000005	7.6659999999999995	1.0
499	3.0	2.0	1.0	1.0	3.0690000000000004	8.931	2.0
500	2.0	3.0	0.0	1.0	1.9990000000000006	10.001	1.0
501	0.0	4.0	0.0	1.0	3.0	6.0	1.0
502	0.0	0.0	0.0	0.0	0.0	0.0	0.0
503	4.0	3.0	1.0	1.0	5.001	12.998999999999999	2.0
504	1.0	3.0	0.0	1.0	1.6660000000000004	7.334	1.0
505	1.0	5.0	0.0	4.0	3.733	8.267	2.0
506	3.0	2.0	2.0	0.0	3.4040000000000004	11.595999999999998	2.0
507	0.0	1.0	0.0	1.0	1.0	2.0	1.0
508	1.0	3.0	0.0	2.0	1.3320000000000007	10.668	2.0
509	1.0	2.0	1.0	1.0	1.6660000000000004	7.334	2.0
510	2.0	4.0	2.0	2.0	3.6720000000000006	11.328	3.0
511	1.0	4.0	0.0	2.0	1.3320000000000007	10.668	2.0
512	0.0	4.0	0.0	3.0	2.0010000000000003	6.999	2.0
513	2.0	6.0	1.0	2.0	5.668	12.332	2.0
514	3.0	3.0	1.0	1.0	3.6690000000000005	11.331	1.0
515	0.0	0.0	0.0	0.0	0.0	0.0	0.0
516	0.0	0.0	0.0	0.0	0.0	0.0	0.0
517	0.0	0.0	0.0	0.0	0.0	0.0	0.0
518	0.0	0.0	0.0	0.0	0.0	0.0	0.0
519	0.0	0.0	0.0	0.0	0.0	0.0	0.0
520	0.0	0.0	0.0	0.0	0.0	0.0	0.0
521	0.0	0.0	0.0	0.0	0.0	0.0	0.0
522	0.0	0.0	0.0	0.0	0.0	0.0	0.0
523	0.0	0.0	0.0	0.0	0.0	0.0	0.0
524	0.0	0.0	0.0	0.0	0.0	0.0	0.0
525	0.0	0.0	0.0	0.0	0.0	0.0	0.0
526	0.0	0.0	0.0	0.0	0.0	0.0	0.0
527	0.0	0.0	0.0	0.0	0.0	0.0	0.0
528	0.0	0.0	0.0	0.0	0.0	0.0	0.0
529	0.0	0.0	0.0	0.0	0.0	0.0	0.0
530	0.0	0.0	0.0	0.0	0.0	0.0	0.0
531	0.0	0.0	0.0	0.0	0.0	0.0	0.0
532	2.0	2.0	0.0	0.0	2.0	4.0	0.0
533	2.0	1.0	2.0	1.0	1.3330000000000002	4.667	2.0
534	0.0	2.0	0.0	1.0	0.6660000000000004	5.334	1.0
535	1.0	4.0	1.0	1.0	3.6660000000000004	11.334	2.0
536	2.0	2.0	1.0	2.0	2.333	6.667	2.0
537	4.0	5.0	1.0	2.0	6.7330000000000005	14.267	3.0
538	1.0	3.0	0.0	0.0	0.9990000000000006	8.001	0.0
539	0.0	2.0	0.0	1.0	1.0010000000000003	4.999	1.0
540	2.0	2.0	1.0	1.0	3.068	5.932	2.0
541	2.0	0.0	1.0	0.0	1.3360000000000003	4.664	1.0
542	4.0	4.0	2.0	3.0	3.3340000000000005	11.666	2.0
543	0.0	0.0	0.0	0.0	0.0	0.0	0.0
544	0.0	0.0	0.0	0.0	0.0	0.0	0.0
545	1.0	0.0	1.0	0.0	0.3330000000000002	2.667	1.0
546	1.0	0.0	0.0	0.0	0.3330000000000002	2.667	0.0
547	1.0	0.0	1.0	0.0	1.0	2.0	1.0
548	0.0	1.0	0.0	1.0	0.0	3.0	1.0
549	1.0	0.0	0.0	0.0	1.0	2.0	0.0
550	0.0	0.0	0.0	0.0	0.0	0.0	0.0
551	1.0	1.0	0.0	1.0	2.068	3.932	1.0
552	0.0	2.0	0.0	1.0	0.3330000000000002	5.667	1.0
553	2.0	2.0	1.0	2.0	1.3330000000000002	4.667	1.0
554	1.0	3.0	1.0	1.0	2.668	6.332	2.0
555	1.0	2.0	1.0	1.0	1.3330000000000002	4.667	1.0
556	1.0	1.0	1.0	1.0	0.3330000000000002	2.667	1.0
557	1.0	2.0	0.0	2.0	1.3330000000000002	4.667	1.0
558	1.0	3.0	1.0	1.0	2.333	6.667	1.0
559	1.0	1.0	0.0	0.0	0.6680000000000001	2.332	0.0
560	1.0	0.0	1.0	0.0	1.0	2.0	1.0
561	1.0	0.0	1.0	0.0	1.4	1.6	1.0
562	1.0	0.0	0.0	0.0	1.0	2.0	0.0
563	1.0	1.0	0.0	1.0	0.6660000000000004	5.334	1.0
564	0.0	1.0	0.0	1.0	0.3330000000000002	2.667	1.0
565	1.0	1.0	0.0	0.0	2.0	4.0	0.0
566	1.0	2.0	0.0	0.0	0.6660000000000004	5.334	0.0
567	0.0	0.0	0.0	0.0	0.0	0.0	0.0
568	0.0	0.0	0.0	0.0	0.0	0.0	0.0
569	1.0	0.0	1.0	0.0	0.3330000000000002	2.667	1.0
570	1.0	0.0	1.0	0.0	1.0	2.0	1.0
571	0.0	0.0	0.0	0.0	0.0	0.0	0.0
572	1.0	1.0	0.0	0.0	0.0	3.0	0.0
573	1.0	2.0	1.0	2.0	1.0	2.0	1.0
574	0.0	0.0	0.0	0.0	0.0	0.0	0.0
575	1.0	0.0	0.0	0.0	0.3330000000000002	2.667	0.0
576	1.0	0.0	1.0	0.0	0.3330000000000002	2.667	1.0
577	1.0	0.0	0.0	0.0	1.0	2.0	0.0
578	0.0	0.0	0.0	0.0	0.0	0.0	0.0
579	0.0	1.0	0.0	1.0	0.6680000000000001	2.332	1.0
580	1.0	2.0	1.0	1.0	0.6660000000000004	5.334	1.0
581	0.0	0.0	0.0	0.0	0.0	0.0	0.0
582	0.0	0.0	0.0	0.0	0.0	0.0	0.0
583	1.0	0.0	0.0	0.0	0.3330000000000002	2.667	0.0
584	1.0	0.0	1.0	0.0	1.0	2.0	1.0
585	0.0	1.0	0.0	0.0	0.3330000000000002	2.667	0.0
586	0.0	0.0	0.0	0.0	0.0	0.0	0.0
587	0.0	0.0	0.0	0.0	0.0	0.0	0.0
588	1.0	1.0	1.0	1.0	0.3330000000000002	2.667	1.0
589	1.0	1.0	0.0	0.0	0.6680000000000001	2.332	0.0
590	1.0	1.0	0.0	0.0	1.0	2.0	0.0
591	1.0	2.0	1.0	2.0	1.0	2.0	1.0
592	0.0	1.0	0.0	0.0	0.3330000000000002	2.667	0.0
593	0.0	1.0	0.0	1.0	0.3330000000000002	2.667	1.0
594	1.0	2.0	1.0	1.0	1.733	4.2669999999999995	1.0
595	1.0	0.0	1.0	0.0	1.0	2.0	1.0
596	0.0	1.0	0.0	1.0	1.0	2.0	1.0
597	0.0	0.0	0.0	0.0	0.0	0.0	0.0
598	1.0	0.0	1.0	0.0	1.0	2.0	1.0
599	1.0	0.0	1.0	0.0	1.4	1.6	1.0
600	0.0	3.0	0.0	2.0	1.3330000000000002	4.667	1.0
601	1.0	0.0	1.0	0.0	1.0	2.0	1.0
602	2.0	0.0	2.0	0.0	1.4	1.6	1.0
603	1.0	1.0	0.0	1.0	0.6660000000000004	5.334	1.0
604	1.0	0.0	0.0	0.0	0.3330000000000002	2.667	0.0
605	1.0	1.0	1.0	0.0	2.0	4.0	1.0
606	1.0	1.0	0.0	1.0	2.0	4.0	1.0
607	1.0	1.0	1.0	1.0	0.6680000000000001	2.332	1.0
608	1.0	0.0	1.0	0.0	1.0	2.0	1.0
609	1.0	2.0	1.0	1.0	2.0	4.0	1.0
610	0.0	1.0	0.0	0.0	1.0	2.0	0.0
611	1.0	1.0	1.0	1.0	1.0	2.0	1.0
612	0.0	0.0	0.0	0.0	0.0	0.0	0.0
613	2.0	0.0	1.0	0.0	2.068	3.932	1.0
614	1.0	0.0	0.0	0.0	0.3330000000000002	2.667	0.0
615	1.0	1.0	0.0	0.0	0.3330000000000002	2.667	0.0
616	0.0	0.0	0.0	0.0	0.0	0.0	0.0
617	0.0	0.0	0.0	0.0	0.0	0.0	0.0
618	1.0	0.0	1.0	0.0	0.3330000000000002	2.667	1.0
619	0.0	0.0	0.0	0.0	0.0	0.0	0.0
620	1.0	0.0	1.0	0.0	0.3330000000000002	2.667	1.0
621	0.0	0.0	0.0	0.0	0.0	0.0	0.0
622	0.0	0.0	0.0	0.0	0.0	0.0	0.0
623	0.0	1.0	0.0	0.0	1.0	2.0	0.0
624	1.0	0.0	0.0	0.0	1.0	2.0	0.0
625	1.0	1.0	0.0	1.0	2.0	4.0	1.0
626	0.0	0.0	0.0	0.0	0.0	0.0	0.0
627	1.0	0.0	1.0	0.0	1.0	2.0	1.0
628	0.0	0.0	0.0	0.0	0.0	0.0	0.0
629	0.0	0.0	0.0	0.0	0.0	0.0	0.0
630	0.0	0.0	0.0	0.0	0.0	0.0	0.0
631	0.0	0.0	0.0	0.0	0.0	0.0	0.0
632	0.0	0.0	0.0	0.0	0.0	0.0	0.0
633	0.0	0.0	0.0	0.0	0.0	0.0	0.0
634	0.0	0.0	0.0	0.0	0.0	0.0	0.0
635	0.0	0.0	0.0	0.0	0.0	0.0	0.0
636	0.0	0.0	0.0	0.0	0.0	0.0	0.0
637	0.0	0.0	0.0	0.0	0.0	0.0	0.0
638	0.0	0.0	0.0	0.0	0.0	0.0	0.0
639	0.0	0.0	0.0	0.0	0.0	0.0	0.0
640	0.0	0.0	0.0	0.0	0.0	0.0	0.0
641	0.0	0.0	0.0	0.0	0.0	0.0	0.0
642	0.0	0.0	0.0	0.0	0.0	0.0	0.0
643	0.0	0.0	0.0	0.0	0.0	0.0	0.0
644	0.0	0.0	0.0	0.0	0.0	0.0	0.0
645	1.0	0.0	1.0	0.0	1.0	2.0	1.0
646	1.0	1.0	1.0	0.0	2.0	4.0	1.0
647	0.0	1.0	0.0	0.0	0.0	3.0	0.0
648	1.0	0.0	0.0	0.0	1.0	2.0	0.0
649	1.0	1.0	0.0	1.0	1.6680000000000001	4.332	1.0
650	1.0	0.0	1.0	0.0	1.0	2.0	1.0
651	0.0	0.0	0.0	0.0	0.0	0.0	0.0
652	0.0	1.0	0.0	1.0	1.0	2.0	1.0
653	0.0	0.0	0.0	0.0	0.0	0.0	0.0
654	1.0	0.0	0.0	0.0	1.0	2.0	0.0
655	0.0	1.0	0.0	1.0	0.3330000000000002	2.667	1.0
656	1.0	1.0	1.0	1.0	0.3330000000000002	2.667	1.0
657	1.0	0.0	0.0	0.0	0.6680000000000001	2.332	0.0
658	1.0	0.0	0.0	0.0	1.0	2.0	0.0
659	0.0	0.0	0.0	0.0	0.0	0.0	0.0
660	0.0	0.0	0.0	0.0	0.0	0.0	0.0
661	1.0	0.0	1.0	0.0	1.0	2.0	1.0
662	1.0	0.0	1.0	0.0	0.3330000000000002	2.667	1.0
663	1.0	2.0	0.0	1.0	1.3330000000000002	4.667	1.0
664	1.0	1.0	0.0	0.0	0.0	3.0	0.0
665	1.0	0.0	1.0	0.0	0.3330000000000002	2.667	1.0
666	0.0	1.0	0.0	0.0	0.3330000000000002	2.667	0.0
667	1.0	0.0	1.0	0.0	1.0	2.0	1.0
668	1.0	0.0	0.0	0.0	1.4	1.6	0.0
669	0.0	0.0	0.0	0.0	0.0	0.0	0.0
670	2.0	1.0	2.0	1.0	0.6680000000000001	2.332	1.0
671	0.0	0.0	0.0	0.0	0.0	0.0	0.0
672	1.0	0.0	1.0	0.0	0.3330000000000002	2.667	1.0
673	0.0	1.0	0.0	0.0	0.3330000000000002	2.667	0.0
674	1.0	2.0	1.0	1.0	1.3330000000000002	4.667	1.0
675	2.0	1.0	0.0	0.0	0.3330000000000002	2.667	0.0
676	0.0	0.0	0.0	0.0	0.0	0.0	0.0
677	0.0	0.0	0.0	0.0	0.0	0.0	0.0
678	0.0	0.0	0.0	0.0	0.0	0.0	0.0
679	0.0	0.0	0.0	0.0	0.0	0.0	0.0
680	0.0	0.0	0.0	0.0	0.0	0.0	0.0
681	0.0	0.0	0.0	0.0	0.0	0.0	0.0
682	0.0	0.0	0.0	0.0	0.0	0.0	0.0
683	0.0	0.0	0.0	0.0	0.0	0.0	0.0
684	0.0	0.0	0.0	0.0	0.0	0.0	0.0
685	0.0	0.0	0.0	0.0	0.0	0.0	0.0
686	0.0	0.0	0.0	0.0	0.0	0.0	0.0
687	0.0	0.0	0.0	0.0	0.0	0.0	0.0
688	0.0	0.0	0.0	0.0	0.0	0.0	0.0
689	0.0	0.0	0.0	0.0	0.0	0.0	0.0
690	0.0	0.0	0.0	0.0	0.0	0.0	0.0
691	0.0	0.0	0.0	0.0	0.0	0.0	0.0
692	0.0	0.0	0.0	0.0	0.0	0.0	0.0
693	0.0	0.0	0.0	0.0	0.0	0.0	0.0
694	0.0	0.0	0.0	0.0	0.0	0.0	0.0
695	0.0	0.0	0.0	0.0	0.0	0.0	0.0
696	0.0	0.0	0.0	0.0	0.0	0.0	0.0
697	0.0	0.0	0.0	0.0	0.0	0.0	0.0
698	0.0	0.0	0.0	0.0	0.0	0.0	0.0
699	0.0	0.0	0.0	0.0	0.0	0.0	0.0
700	0.0	0.0	0.0	0.0	0.0	0.0	0.0
701	0.0	0.0	0.0	0.0	0.0	0.0	0.0
702	0.0	0.0	0.0	0.0	0.0	0.0	0.0
703	0.0	0.0	0.0	0.0	0.0	0.0	0.0
704	0.0	0.0	0.0	0.0	0.0	0.0	0.0
705	0.0	0.0	0.0	0.0	0.0	0.0	0.0
706	0.0	0.0	0.0	0.0	0.0	0.0	0.0
707	0.0	0.0	0.0	0.0	0.0	0.0	0.0
708	0.0	0.0	0.0	0.0	0.0	0.0	0.0
709	0.0	0.0	0.0	0.0	0.0	0.0	0.0
710	0.0	0.0	0.0	0.0	0.0	0.0	0.0
711	0.0	0.0	0.0	0.0	0.0	0.0	0.0
712	0.0	0.0	0.0	0.0	0.0	0.0	0.0
713	0.0	0.0	0.0	0.0	0.0	0.0	0.0
714	0.0	0.0	0.0	0.0	0.0	0.0	0.0
715	0.0	0.0	0.0	0.0	0.0	0.0	0.0
716	0.0	0.0	0.0	0.0	0.0	0.0	0.0
717	0.0	0.0	0.0	0.0	0.0	0.0	0.0
