all_syn	all_nonSyn	tip_syn	tip_nonSyn	S	N	comparisons
001	0.0	0.0	0.0	0.0	0.0	0.0	0.0
002	0.0	0.0	0.0	0.0	0.0	0.0	0.0
003	0.0	1.0	0.0	1.0	1.0	2.0	1.0
004	0.0	1.0	0.0	1.0	1.0	2.0	1.0
005	0.0	0.0	0.0	0.0	0.0	0.0	0.0
006	1.0	1.0	1.0	1.0	0.6680000000000001	2.332	1.0
007	1.0	0.0	1.0	0.0	1.0	2.0	1.0
008	0.0	0.0	0.0	0.0	0.0	0.0	0.0
009	1.0	1.0	0.0	1.0	1.6680000000000001	4.332	1.0
010	1.0	0.0	0.0	0.0	1.0	2.0	0.0
011	2.0	0.0	1.0	0.0	2.4	3.6	1.0
012	2.0	0.0	2.0	0.0	2.068	3.932	2.0
013	1.0	1.0	1.0	1.0	2.0	4.0	2.0
014	2.0	1.0	1.0	1.0	3.0	6.0	2.0
015	1.0	0.0	1.0	0.0	1.0	2.0	1.0
016	2.0	0.0	1.0	0.0	2.0	4.0	1.0
017	1.0	0.0	1.0	0.0	1.0	2.0	1.0
018	2.0	0.0	2.0	0.0	2.0	4.0	2.0
019	1.0	2.0	0.0	0.0	1.0	2.0	0.0
020	2.0	0.0	1.0	0.0	2.0	4.0	1.0
021	2.0	1.0	1.0	0.0	2.0	4.0	1.0
022	2.0	0.0	1.0	0.0	2.0	4.0	1.0
023	0.0	0.0	0.0	0.0	0.0	0.0	0.0
024	0.0	3.0	0.0	1.0	0.6660000000000004	5.334	1.0
025	1.0	3.0	1.0	1.0	1.6660000000000004	7.334	2.0
026	1.0	1.0	0.0	0.0	1.3330000000000002	4.667	0.0
027	1.0	1.0	0.0	0.0	1.0	2.0	0.0
028	0.0	1.0	0.0	1.0	1.0	2.0	1.0
029	3.0	0.0	2.0	0.0	3.068	5.932	2.0
030	2.0	3.0	1.0	2.0	2.333	6.667	2.0
031	1.0	1.0	1.0	1.0	1.0	2.0	1.0
032	2.0	0.0	2.0	0.0	1.0	2.0	1.0
033	1.0	1.0	1.0	1.0	2.0	4.0	2.0
034	1.0	2.0	0.0	0.0	1.3330000000000002	4.667	0.0
035	2.0	0.0	1.0	0.0	2.0	4.0	1.0
036	0.0	3.0	0.0	2.0	1.6660000000000004	7.334	2.0
037	1.0	2.0	1.0	2.0	1.3330000000000002	4.667	2.0
038	2.0	2.0	1.0	1.0	2.333	6.667	1.0
039	0.0	1.0	0.0	1.0	0.3330000000000002	2.667	1.0
040	1.0	0.0	0.0	0.0	0.3330000000000002	2.667	0.0
041	1.0	1.0	0.0	1.0	2.0	4.0	1.0
042	0.0	2.0	0.0	0.0	1.0	2.0	0.0
043	0.0	0.0	0.0	0.0	0.0	0.0	0.0
044	0.0	0.0	0.0	0.0	0.0	0.0	0.0
045	0.0	0.0	0.0	0.0	0.0	0.0	0.0
046	0.0	0.0	0.0	0.0	0.0	0.0	0.0
047	0.0	0.0	0.0	0.0	0.0	0.0	0.0
048	1.0	0.0	1.0	0.0	1.0	2.0	1.0
049	0.0	0.0	0.0	0.0	0.0	0.0	0.0
050	0.0	1.0	0.0	0.0	0.3330000000000002	2.667	0.0
051	0.0	0.0	0.0	0.0	0.0	0.0	0.0
052	0.0	0.0	0.0	0.0	0.0	0.0	0.0
053	0.0	0.0	0.0	0.0	0.0	0.0	0.0
054	1.0	0.0	0.0	0.0	1.0	2.0	0.0
055	0.0	0.0	0.0	0.0	0.0	0.0	0.0
056	0.0	1.0	0.0	0.0	0.3330000000000002	2.667	0.0
057	0.0	0.0	0.0	0.0	0.0	0.0	0.0
058	0.0	1.0	0.0	1.0	0.3330000000000002	2.667	1.0
059	0.0	0.0	0.0	0.0	0.0	0.0	0.0
060	1.0	2.0	1.0	0.0	1.3330000000000002	4.667	1.0
061	0.0	0.0	0.0	0.0	0.0	0.0	0.0
062	0.0	0.0	0.0	0.0	0.0	0.0	0.0
063	0.0	0.0	0.0	0.0	0.0	0.0	0.0
064	0.0	0.0	0.0	0.0	0.0	0.0	0.0
065	0.0	0.0	0.0	0.0	0.0	0.0	0.0
066	0.0	0.0	0.0	0.0	0.0	0.0	0.0
067	0.0	0.0	0.0	0.0	0.0	0.0	0.0
068	0.0	0.0	0.0	0.0	0.0	0.0	0.0
069	0.0	0.0	0.0	0.0	0.0	0.0	0.0
070	1.0	0.0	1.0	0.0	0.3330000000000002	2.667	1.0
071	0.0	0.0	0.0	0.0	0.0	0.0	0.0
072	0.0	0.0	0.0	0.0	0.0	0.0	0.0
073	0.0	0.0	0.0	0.0	0.0	0.0	0.0
074	1.0	0.0	1.0	0.0	0.3330000000000002	2.667	1.0
075	0.0	0.0	0.0	0.0	0.0	0.0	0.0
076	0.0	0.0	0.0	0.0	0.0	0.0	0.0
077	0.0	0.0	0.0	0.0	0.0	0.0	0.0
078	0.0	0.0	0.0	0.0	0.0	0.0	0.0
079	0.0	0.0	0.0	0.0	0.0	0.0	0.0
080	0.0	0.0	0.0	0.0	0.0	0.0	0.0
081	0.0	0.0	0.0	0.0	0.0	0.0	0.0
082	1.0	0.0	1.0	0.0	0.3330000000000002	2.667	1.0
083	0.0	0.0	0.0	0.0	0.0	0.0	0.0
084	0.0	0.0	0.0	0.0	0.0	0.0	0.0
085	1.0	0.0	0.0	0.0	0.3330000000000002	2.667	0.0
086	0.0	3.0	0.0	3.0	0.6660000000000004	5.334	2.0
087	1.0	2.0	1.0	0.0	2.0	4.0	1.0
088	1.0	0.0	1.0	0.0	1.0	2.0	1.0
089	1.0	2.0	1.0	2.0	1.0	2.0	1.0
090	1.0	1.0	0.0	0.0	0.3330000000000002	2.667	0.0
091	0.0	2.0	0.0	0.0	1.0	2.0	0.0
092	0.0	0.0	0.0	0.0	0.0	0.0	0.0
093	0.0	0.0	0.0	0.0	0.0	0.0	0.0
094	0.0	0.0	0.0	0.0	0.0	0.0	0.0
095	1.0	0.0	0.0	0.0	1.0	2.0	0.0
096	0.0	0.0	0.0	0.0	0.0	0.0	0.0
097	0.0	2.0	0.0	0.0	0.3330000000000002	2.667	0.0
098	1.0	2.0	0.0	0.0	0.3330000000000002	2.667	0.0
099	1.0	0.0	0.0	0.0	1.0	2.0	0.0
100	1.0	0.0	0.0	0.0	1.0	2.0	0.0
101	0.0	0.0	0.0	0.0	0.0	0.0	0.0
102	0.0	0.0	0.0	0.0	0.0	0.0	0.0
103	0.0	0.0	0.0	0.0	0.0	0.0	0.0
104	0.0	0.0	0.0	0.0	0.0	0.0	0.0
105	1.0	1.0	0.0	0.0	1.0	2.0	0.0
106	2.0	2.0	1.0	0.0	1.3330000000000002	4.667	1.0
107	1.0	1.0	1.0	0.0	0.6660000000000004	5.334	1.0
108	0.0	0.0	0.0	0.0	0.0	0.0	0.0
109	1.0	1.0	0.0	0.0	0.3330000000000002	2.667	0.0
110	1.0	0.0	0.0	0.0	1.0	2.0	0.0
111	1.0	0.0	0.0	0.0	1.0	2.0	0.0
112	0.0	0.0	0.0	0.0	0.0	0.0	0.0
113	0.0	0.0	0.0	0.0	0.0	0.0	0.0
114	2.0	2.0	1.0	2.0	1.3330000000000002	4.667	1.0
115	2.0	0.0	1.0	0.0	2.0	4.0	1.0
116	1.0	1.0	1.0	1.0	1.0	2.0	1.0
117	0.0	2.0	0.0	2.0	2.0	4.0	2.0
118	2.0	1.0	1.0	0.0	2.0	4.0	1.0
119	1.0	2.0	0.0	2.0	2.0	4.0	1.0
120	2.0	1.0	2.0	0.0	3.0	6.0	2.0
121	1.0	1.0	0.0	0.0	1.0	2.0	0.0
122	1.0	0.0	1.0	0.0	1.0	2.0	1.0
123	1.0	1.0	1.0	0.0	2.0	4.0	1.0
124	1.0	2.0	1.0	1.0	2.333	6.667	2.0
125	1.0	1.0	1.0	1.0	2.0	4.0	2.0
126	0.0	0.0	0.0	0.0	0.0	0.0	0.0
127	1.0	0.0	0.0	0.0	1.0	2.0	0.0
128	1.0	2.0	0.0	0.0	1.3330000000000002	4.667	0.0
129	1.0	2.0	1.0	0.0	2.0	4.0	1.0
130	1.0	1.0	1.0	0.0	2.0	4.0	1.0
131	1.0	1.0	0.0	0.0	1.3330000000000002	4.667	0.0
132	1.0	1.0	1.0	0.0	2.0	4.0	1.0
133	2.0	3.0	1.0	1.0	2.0	4.0	1.0
134	2.0	0.0	1.0	0.0	2.0	4.0	1.0
135	2.0	1.0	2.0	0.0	2.668	6.332	2.0
136	2.0	0.0	1.0	0.0	2.0	4.0	1.0
137	2.0	0.0	2.0	0.0	1.6680000000000001	4.332	2.0
138	1.0	0.0	1.0	0.0	1.0	2.0	1.0
139	1.0	0.0	1.0	0.0	0.3330000000000002	2.667	1.0
140	1.0	0.0	1.0	0.0	1.0	2.0	1.0
141	0.0	0.0	0.0	0.0	0.0	0.0	0.0
142	0.0	0.0	0.0	0.0	0.0	0.0	0.0
143	1.0	0.0	0.0	0.0	0.3330000000000002	2.667	0.0
144	3.0	2.0	2.0	2.0	2.333	6.667	2.0
145	1.0	0.0	0.0	0.0	0.3330000000000002	2.667	0.0
146	1.0	0.0	0.0	0.0	1.0	2.0	0.0
147	2.0	2.0	1.0	0.0	2.0	4.0	1.0
148	1.0	0.0	1.0	0.0	1.0	2.0	1.0
149	1.0	0.0	1.0	0.0	0.3330000000000002	2.667	1.0
150	0.0	2.0	0.0	1.0	0.6660000000000004	5.334	1.0
151	0.0	0.0	0.0	0.0	0.0	0.0	0.0
152	1.0	0.0	0.0	0.0	0.3330000000000002	2.667	0.0
153	1.0	0.0	1.0	0.0	1.0	2.0	1.0
154	1.0	0.0	1.0	0.0	1.4	1.6	1.0
155	1.0	1.0	1.0	0.0	1.3330000000000002	4.667	1.0
156	0.0	0.0	0.0	0.0	0.0	0.0	0.0
157	1.0	0.0	1.0	0.0	1.0	2.0	1.0
158	0.0	0.0	0.0	0.0	0.0	0.0	0.0
159	0.0	0.0	0.0	0.0	0.0	0.0	0.0
160	1.0	0.0	1.0	0.0	0.3330000000000002	2.667	1.0
161	1.0	0.0	1.0	0.0	1.0	2.0	1.0
162	1.0	0.0	1.0	0.0	1.0	2.0	1.0
163	0.0	0.0	0.0	0.0	0.0	0.0	0.0
164	1.0	0.0	1.0	0.0	0.3330000000000002	2.667	1.0
165	0.0	0.0	0.0	0.0	0.0	0.0	0.0
166	1.0	0.0	1.0	0.0	0.3330000000000002	2.667	1.0
167	2.0	0.0	1.0	0.0	2.0	4.0	1.0
168	2.0	0.0	1.0	0.0	2.0	4.0	1.0
169	2.0	4.0	1.0	2.0	3.4010000000000002	8.599	2.0
170	0.0	0.0	0.0	0.0	0.0	0.0	0.0
171	0.0	0.0	0.0	0.0	0.0	0.0	0.0
172	1.0	1.0	0.0	0.0	0.6660000000000004	5.334	0.0
173	0.0	0.0	0.0	0.0	0.0	0.0	0.0
174	1.0	0.0	1.0	0.0	0.6680000000000001	2.332	1.0
175	1.0	0.0	1.0	0.0	1.0	2.0	1.0
176	1.0	0.0	1.0	0.0	0.3330000000000002	2.667	1.0
177	1.0	0.0	1.0	0.0	1.0	2.0	1.0
178	0.0	3.0	0.0	1.0	0.9990000000000006	8.001	1.0
179	1.0	0.0	1.0	0.0	1.0	2.0	1.0
180	0.0	2.0	0.0	1.0	0.6660000000000004	5.334	1.0
181	2.0	2.0	1.0	1.0	4.0	8.0	2.0
182	1.0	0.0	1.0	0.0	1.0	2.0	1.0
183	2.0	1.0	2.0	0.0	1.3360000000000003	4.664	1.0
184	1.0	0.0	1.0	0.0	0.3330000000000002	2.667	1.0
185	0.0	0.0	0.0	0.0	0.0	0.0	0.0
186	1.0	0.0	1.0	0.0	0.3330000000000002	2.667	1.0
187	2.0	1.0	1.0	1.0	2.0	4.0	1.0
188	1.0	0.0	1.0	0.0	1.0	2.0	1.0
189	0.0	0.0	0.0	0.0	0.0	0.0	0.0
190	1.0	0.0	0.0	0.0	1.0	2.0	0.0
191	0.0	0.0	0.0	0.0	0.0	0.0	0.0
192	1.0	0.0	1.0	0.0	1.0	2.0	1.0
193	1.0	0.0	1.0	0.0	0.3330000000000002	2.667	1.0
194	1.0	0.0	1.0	0.0	1.0	2.0	1.0
195	1.0	0.0	1.0	0.0	0.6680000000000001	2.332	1.0
196	0.0	0.0	0.0	0.0	0.0	0.0	0.0
197	1.0	0.0	0.0	0.0	0.6680000000000001	2.332	0.0
198	1.0	0.0	1.0	0.0	0.3330000000000002	2.667	1.0
199	0.0	0.0	0.0	0.0	0.0	0.0	0.0
200	0.0	0.0	0.0	0.0	0.0	0.0	0.0
201	1.0	0.0	1.0	0.0	1.0	2.0	1.0
202	2.0	0.0	1.0	0.0	2.0	4.0	1.0
203	0.0	0.0	0.0	0.0	0.0	0.0	0.0
204	1.0	1.0	0.0	1.0	1.6680000000000001	4.332	1.0
205	2.0	0.0	1.0	0.0	2.0	4.0	1.0
206	0.0	1.0	0.0	0.0	0.3330000000000002	2.667	0.0
207	1.0	0.0	1.0	0.0	1.0	2.0	1.0
208	0.0	0.0	0.0	0.0	0.0	0.0	0.0
209	1.0	0.0	0.0	0.0	0.3330000000000002	2.667	0.0
210	1.0	0.0	1.0	0.0	1.0	2.0	1.0
211	0.0	0.0	0.0	0.0	0.0	0.0	0.0
212	0.0	0.0	0.0	0.0	0.0	0.0	0.0
213	0.0	0.0	0.0	0.0	0.0	0.0	0.0
214	1.0	0.0	0.0	0.0	0.6680000000000001	2.332	0.0
215	0.0	0.0	0.0	0.0	0.0	0.0	0.0
216	0.0	0.0	0.0	0.0	0.0	0.0	0.0
217	0.0	0.0	0.0	0.0	0.0	0.0	0.0
218	1.0	0.0	1.0	0.0	0.3330000000000002	2.667	1.0
219	3.0	0.0	2.0	0.0	1.6680000000000001	4.332	1.0
220	1.0	0.0	0.0	0.0	0.6680000000000001	2.332	0.0
221	0.0	0.0	0.0	0.0	0.0	0.0	0.0
222	1.0	0.0	1.0	0.0	0.3330000000000002	2.667	1.0
223	0.0	0.0	0.0	0.0	0.0	0.0	0.0
224	1.0	0.0	1.0	0.0	1.0	2.0	1.0
225	3.0	0.0	2.0	0.0	3.0	6.0	2.0
226	1.0	0.0	1.0	0.0	0.3330000000000002	2.667	1.0
227	1.0	3.0	1.0	2.0	2.668	6.332	2.0
228	0.0	0.0	0.0	0.0	0.0	0.0	0.0
229	1.0	0.0	1.0	0.0	0.3330000000000002	2.667	1.0
230	1.0	0.0	0.0	0.0	1.0	2.0	0.0
231	1.0	0.0	1.0	0.0	1.0	2.0	1.0
232	2.0	1.0	1.0	1.0	2.0	4.0	1.0
233	1.0	0.0	0.0	0.0	1.0	2.0	0.0
234	1.0	0.0	1.0	0.0	1.0	2.0	1.0
235	2.0	0.0	1.0	0.0	2.0	4.0	1.0
236	1.0	0.0	1.0	0.0	1.0	2.0	1.0
237	1.0	0.0	1.0	0.0	1.0	2.0	1.0
238	0.0	1.0	0.0	0.0	1.4	1.6	0.0
239	1.0	0.0	1.0	0.0	0.3330000000000002	2.667	1.0
240	0.0	0.0	0.0	0.0	0.0	0.0	0.0
241	2.0	0.0	1.0	0.0	2.0	4.0	1.0
242	1.0	1.0	0.0	0.0	0.6680000000000001	2.332	0.0
243	0.0	0.0	0.0	0.0	0.0	0.0	0.0
244	1.0	0.0	1.0	0.0	1.0	2.0	1.0
245	1.0	0.0	0.0	0.0	0.3330000000000002	2.667	0.0
246	2.0	1.0	1.0	0.0	3.0	6.0	1.0
247	0.0	1.0	0.0	0.0	1.0	2.0	0.0
248	0.0	0.0	0.0	0.0	0.0	0.0	0.0
249	2.0	0.0	2.0	0.0	2.0	4.0	2.0
250	1.0	0.0	1.0	0.0	1.4	1.6	1.0
251	0.0	0.0	0.0	0.0	0.0	0.0	0.0
252	0.0	2.0	0.0	1.0	2.4	3.6	1.0
253	2.0	0.0	1.0	0.0	2.0	4.0	1.0
254	0.0	0.0	0.0	0.0	0.0	0.0	0.0
255	0.0	0.0	0.0	0.0	0.0	0.0	0.0
256	1.0	0.0	1.0	0.0	0.3330000000000002	2.667	1.0
257	1.0	0.0	1.0	0.0	0.3330000000000002	2.667	1.0
258	1.0	1.0	1.0	0.0	2.0	4.0	1.0
259	0.0	3.0	0.0	2.0	1.3330000000000002	4.667	1.0
260	1.0	0.0	0.0	0.0	0.3330000000000002	2.667	0.0
261	3.0	0.0	2.0	0.0	3.068	5.932	2.0
262	0.0	0.0	0.0	0.0	0.0	0.0	0.0
263	1.0	0.0	0.0	0.0	1.0	2.0	0.0
264	0.0	0.0	0.0	0.0	0.0	0.0	0.0
265	0.0	0.0	0.0	0.0	0.0	0.0	0.0
266	2.0	0.0	1.0	0.0	0.6660000000000004	5.334	1.0
267	0.0	0.0	0.0	0.0	0.0	0.0	0.0
268	1.0	0.0	1.0	0.0	0.3330000000000002	2.667	1.0
269	1.0	0.0	1.0	0.0	0.3330000000000002	2.667	1.0
270	1.0	0.0	0.0	0.0	0.3330000000000002	2.667	0.0
271	1.0	2.0	1.0	2.0	1.3330000000000002	4.667	2.0
272	1.0	0.0	1.0	0.0	0.3330000000000002	2.667	1.0
273	1.0	0.0	1.0	0.0	1.0	2.0	1.0
274	0.0	0.0	0.0	0.0	0.0	0.0	0.0
275	0.0	0.0	0.0	0.0	0.0	0.0	0.0
276	1.0	0.0	0.0	0.0	1.0	2.0	0.0
277	1.0	0.0	1.0	0.0	1.0	2.0	1.0
278	0.0	1.0	0.0	0.0	0.3330000000000002	2.667	0.0
279	0.0	0.0	0.0	0.0	0.0	0.0	0.0
280	1.0	0.0	1.0	0.0	1.0	2.0	1.0
281	0.0	1.0	0.0	1.0	0.3330000000000002	2.667	1.0
282	1.0	1.0	0.0	1.0	0.6660000000000004	5.334	1.0
283	1.0	0.0	1.0	0.0	0.6680000000000001	2.332	1.0
284	1.0	0.0	0.0	0.0	1.0	2.0	0.0
285	2.0	1.0	1.0	0.0	1.6680000000000001	4.332	1.0
286	1.0	1.0	1.0	0.0	1.3330000000000002	4.667	1.0
287	0.0	0.0	0.0	0.0	0.0	0.0	0.0
288	0.0	0.0	0.0	0.0	0.0	0.0	0.0
289	1.0	0.0	1.0	0.0	1.0	2.0	1.0
290	0.0	0.0	0.0	0.0	0.0	0.0	0.0
291	1.0	1.0	1.0	1.0	2.0	4.0	2.0
292	2.0	1.0	1.0	1.0	3.0	6.0	2.0
293	0.0	2.0	0.0	1.0	2.0	4.0	1.0
294	1.0	3.0	0.0	2.0	1.6660000000000004	7.334	2.0
295	1.0	1.0	1.0	1.0	1.0	2.0	1.0
296	1.0	1.0	1.0	1.0	1.0	2.0	1.0
297	0.0	0.0	0.0	0.0	0.0	0.0	0.0
298	0.0	0.0	0.0	0.0	0.0	0.0	0.0
299	1.0	0.0	1.0	0.0	0.3330000000000002	2.667	1.0
300	1.0	0.0	0.0	0.0	1.0	2.0	0.0
301	2.0	1.0	1.0	0.0	2.0	4.0	1.0
302	1.0	0.0	1.0	0.0	1.0	2.0	1.0
303	1.0	0.0	1.0	0.0	0.3330000000000002	2.667	1.0
304	1.0	0.0	1.0	0.0	1.0	2.0	1.0
305	1.0	0.0	0.0	0.0	0.3330000000000002	2.667	0.0
306	1.0	0.0	1.0	0.0	1.0	2.0	1.0
307	0.0	1.0	0.0	0.0	0.3330000000000002	2.667	0.0
308	0.0	0.0	0.0	0.0	0.0	0.0	0.0
309	1.0	0.0	1.0	0.0	0.3330000000000002	2.667	1.0
310	1.0	0.0	0.0	0.0	0.3330000000000002	2.667	0.0
311	0.0	0.0	0.0	0.0	0.0	0.0	0.0
312	2.0	0.0	1.0	0.0	2.0	4.0	1.0
313	1.0	1.0	0.0	0.0	0.6680000000000001	2.332	0.0
314	0.0	0.0	0.0	0.0	0.0	0.0	0.0
315	0.0	0.0	0.0	0.0	0.0	0.0	0.0
316	1.0	0.0	1.0	0.0	0.3330000000000002	2.667	1.0
317	1.0	0.0	1.0	0.0	0.3330000000000002	2.667	1.0
318	1.0	1.0	1.0	0.0	2.0	4.0	1.0
319	1.0	0.0	1.0	0.0	1.0	2.0	1.0
320	0.0	0.0	0.0	0.0	0.0	0.0	0.0
321	0.0	0.0	0.0	0.0	0.0	0.0	0.0
322	0.0	0.0	0.0	0.0	0.0	0.0	0.0
323	1.0	0.0	1.0	0.0	0.3330000000000002	2.667	1.0
324	0.0	0.0	0.0	0.0	0.0	0.0	0.0
325	0.0	0.0	0.0	0.0	0.0	0.0	0.0
326	0.0	0.0	0.0	0.0	0.0	0.0	0.0
327	0.0	0.0	0.0	0.0	0.0	0.0	0.0
328	1.0	0.0	1.0	0.0	1.0	2.0	1.0
329	0.0	1.0	0.0	0.0	0.3330000000000002	2.667	0.0
330	0.0	1.0	0.0	0.0	1.0	2.0	0.0
331	0.0	0.0	0.0	0.0	0.0	0.0	0.0
332	0.0	1.0	0.0	1.0	0.3330000000000002	2.667	1.0
333	0.0	0.0	0.0	0.0	0.0	0.0	0.0
334	0.0	0.0	0.0	0.0	0.0	0.0	0.0
335	0.0	0.0	0.0	0.0	0.0	0.0	0.0
336	0.0	0.0	0.0	0.0	0.0	0.0	0.0
337	1.0	0.0	1.0	0.0	0.6680000000000001	2.332	1.0
338	1.0	0.0	0.0	0.0	0.3330000000000002	2.667	0.0
339	0.0	1.0	0.0	0.0	0.3330000000000002	2.667	0.0
340	1.0	0.0	0.0	0.0	1.0	2.0	0.0
341	1.0	1.0	1.0	1.0	0.0	3.0	1.0
342	0.0	0.0	0.0	0.0	0.0	0.0	0.0
343	2.0	0.0	1.0	0.0	2.0	4.0	1.0
344	1.0	0.0	1.0	0.0	0.3330000000000002	2.667	1.0
345	0.0	0.0	0.0	0.0	0.0	0.0	0.0
346	0.0	0.0	0.0	0.0	0.0	0.0	0.0
347	1.0	1.0	0.0	1.0	2.0	4.0	1.0
348	1.0	0.0	0.0	0.0	1.0	2.0	0.0
349	0.0	3.0	0.0	1.0	1.3330000000000002	4.667	1.0
350	1.0	2.0	1.0	0.0	1.6660000000000004	7.334	1.0
351	1.0	0.0	1.0	0.0	1.0	2.0	1.0
352	0.0	0.0	0.0	0.0	0.0	0.0	0.0
353	0.0	1.0	0.0	0.0	0.3330000000000002	2.667	0.0
354	0.0	0.0	0.0	0.0	0.0	0.0	0.0
355	1.0	1.0	1.0	0.0	2.0	4.0	1.0
356	1.0	0.0	1.0	0.0	1.0	2.0	1.0
357	0.0	0.0	0.0	0.0	0.0	0.0	0.0
358	2.0	0.0	2.0	0.0	2.0	4.0	2.0
359	1.0	1.0	1.0	0.0	2.0	4.0	1.0
360	1.0	3.0	0.0	1.0	0.6660000000000004	5.334	1.0
361	1.0	0.0	1.0	0.0	0.3330000000000002	2.667	1.0
362	1.0	0.0	1.0	0.0	0.3330000000000002	2.667	1.0
363	1.0	1.0	1.0	1.0	0.0	3.0	1.0
364	1.0	0.0	1.0	0.0	1.0	2.0	1.0
365	2.0	0.0	1.0	0.0	2.0	4.0	1.0
366	1.0	0.0	1.0	0.0	1.0	2.0	1.0
367	1.0	0.0	1.0	0.0	1.0	2.0	1.0
368	1.0	0.0	0.0	0.0	0.3330000000000002	2.667	0.0
369	0.0	0.0	0.0	0.0	0.0	0.0	0.0
370	0.0	0.0	0.0	0.0	0.0	0.0	0.0
371	1.0	0.0	1.0	0.0	0.3330000000000002	2.667	1.0
372	1.0	1.0	0.0	0.0	2.0	4.0	0.0
373	2.0	0.0	1.0	0.0	2.4	3.6	1.0
374	0.0	0.0	0.0	0.0	0.0	0.0	0.0
375	0.0	0.0	0.0	0.0	0.0	0.0	0.0
376	1.0	0.0	0.0	0.0	0.3330000000000002	2.667	0.0
377	1.0	1.0	1.0	0.0	2.0	4.0	1.0
378	1.0	0.0	1.0	0.0	1.0	2.0	1.0
379	1.0	0.0	1.0	0.0	1.0	2.0	1.0
380	0.0	4.0	0.0	2.0	1.3330000000000002	4.667	1.0
381	0.0	1.0	0.0	1.0	1.0	2.0	1.0
382	1.0	1.0	0.0	1.0	2.0	4.0	1.0
383	0.0	0.0	0.0	0.0	0.0	0.0	0.0
384	2.0	0.0	1.0	0.0	2.0	4.0	1.0
385	2.0	1.0	1.0	1.0	2.0	4.0	1.0
386	1.0	0.0	0.0	0.0	1.0	2.0	0.0
387	1.0	0.0	0.0	0.0	0.6680000000000001	2.332	0.0
388	1.0	1.0	0.0	0.0	0.3330000000000002	2.667	0.0
389	1.0	0.0	1.0	0.0	0.3330000000000002	2.667	1.0
390	2.0	0.0	1.0	0.0	2.0	4.0	1.0
391	2.0	2.0	2.0	1.0	2.668	6.332	2.0
392	1.0	2.0	0.0	1.0	1.6680000000000001	4.332	1.0
393	1.0	0.0	1.0	0.0	0.3330000000000002	2.667	1.0
394	1.0	1.0	1.0	0.0	2.0	4.0	1.0
395	1.0	0.0	1.0	0.0	1.0	2.0	1.0
396	1.0	0.0	0.0	0.0	0.6680000000000001	2.332	0.0
397	1.0	0.0	1.0	0.0	0.3330000000000002	2.667	1.0
398	0.0	0.0	0.0	0.0	0.0	0.0	0.0
399	0.0	0.0	0.0	0.0	0.0	0.0	0.0
400	0.0	0.0	0.0	0.0	0.0	0.0	0.0
401	2.0	0.0	1.0	0.0	2.0	4.0	1.0
402	0.0	0.0	0.0	0.0	0.0	0.0	0.0
403	1.0	2.0	1.0	1.0	0.6660000000000004	5.334	1.0
404	2.0	2.0	2.0	2.0	2.333	6.667	3.0
405	0.0	2.0	0.0	1.0	1.3330000000000002	4.667	1.0
406	0.0	0.0	0.0	0.0	0.0	0.0	0.0
407	1.0	0.0	0.0	0.0	1.0	2.0	0.0
408	1.0	0.0	1.0	0.0	1.0	2.0	1.0
409	0.0	0.0	0.0	0.0	0.0	0.0	0.0
410	0.0	0.0	0.0	0.0	0.0	0.0	0.0
