all_syn	all_nonSyn	tip_syn	tip_nonSyn	S	N	comparisons
001	0.0	0.0	0.0	0.0	0.0	0.0	0.0
002	1.0	0.0	1.0	0.0	1.0	2.0	1.0
003	1.0	1.0	1.0	1.0	2.0	4.0	2.0
004	1.0	2.0	1.0	2.0	1.0	2.0	1.0
005	0.0	3.0	0.0	3.0	0.6660000000000004	5.334	2.0
006	2.0	2.0	1.0	2.0	1.6660000000000004	7.334	2.0
007	2.0	1.0	1.0	1.0	2.733	6.2669999999999995	2.0
008	2.0	1.0	1.0	1.0	1.6680000000000001	4.332	1.0
009	1.0	0.0	0.0	0.0	0.6680000000000001	2.332	0.0
010	0.0	0.0	0.0	0.0	0.0	0.0	0.0
011	1.0	1.0	1.0	1.0	1.0	2.0	1.0
012	1.0	0.0	0.0	0.0	1.0	2.0	0.0
013	3.0	1.0	2.0	1.0	3.8	8.2	3.0
014	1.0	0.0	1.0	0.0	1.0	2.0	1.0
015	1.0	3.0	1.0	1.0	2.0	4.0	1.0
016	1.0	4.0	0.0	2.0	2.0	4.0	1.0
017	1.0	1.0	0.0	1.0	1.6680000000000001	4.332	1.0
018	2.0	0.0	1.0	0.0	2.0	4.0	1.0
019	1.0	1.0	0.0	1.0	2.0	4.0	1.0
020	2.0	2.0	1.0	1.0	2.333	6.667	2.0
021	1.0	1.0	1.0	1.0	2.0	4.0	2.0
022	1.0	0.0	1.0	0.0	1.0	2.0	1.0
023	0.0	2.0	0.0	2.0	2.0	4.0	2.0
024	2.0	1.0	1.0	1.0	1.3330000000000002	4.667	1.0
025	2.0	4.0	0.0	2.0	3.333	11.667	2.0
026	2.0	0.0	2.0	0.0	2.0	4.0	2.0
027	2.0	1.0	1.0	1.0	0.9990000000000006	8.001	2.0
028	2.0	2.0	1.0	2.0	1.3330000000000002	4.667	1.0
029	2.0	1.0	0.0	1.0	0.9990000000000006	8.001	1.0
030	2.0	2.0	2.0	2.0	3.0	6.0	3.0
031	1.0	0.0	1.0	0.0	1.0	2.0	1.0
032	1.0	2.0	1.0	2.0	1.0	5.0	2.0
033	0.0	2.0	0.0	1.0	1.0010000000000003	4.999	1.0
034	0.0	0.0	0.0	0.0	0.0	0.0	0.0
035	2.0	2.0	0.0	2.0	1.6660000000000004	7.334	1.0
036	1.0	2.0	0.0	2.0	1.6660000000000004	7.334	2.0
037	1.0	2.0	0.0	2.0	1.3330000000000002	4.667	1.0
038	1.0	2.0	0.0	2.0	2.0	4.0	1.0
039	2.0	1.0	1.0	0.0	1.6680000000000001	4.332	1.0
040	2.0	0.0	2.0	0.0	2.0	4.0	2.0
041	2.0	2.0	1.0	2.0	3.0	6.0	2.0
042	1.0	3.0	1.0	2.0	0.6660000000000004	8.334	2.0
043	1.0	1.0	1.0	1.0	0.6660000000000004	5.334	2.0
044	2.0	3.0	1.0	2.0	3.0	6.0	2.0
045	3.0	1.0	2.0	1.0	2.668	6.332	2.0
046	0.0	0.0	0.0	0.0	0.0	0.0	0.0
047	1.0	0.0	1.0	0.0	1.0	2.0	1.0
048	3.0	3.0	2.0	1.0	3.0	6.0	2.0
049	0.0	2.0	0.0	2.0	0.3330000000000002	2.667	1.0
050	0.0	3.0	0.0	1.0	1.3330000000000002	4.667	1.0
051	0.0	2.0	0.0	2.0	1.0	2.0	1.0
052	0.0	2.0	0.0	2.0	1.3360000000000003	4.664	2.0
053	0.0	1.0	0.0	1.0	1.0	2.0	1.0
054	0.0	2.0	0.0	2.0	1.3330000000000002	4.667	2.0
055	0.0	0.0	0.0	0.0	0.0	0.0	0.0
056	0.0	5.0	0.0	1.0	2.6660000000000004	9.334	1.0
057	0.0	4.0	0.0	4.0	0.6660000000000004	5.334	2.0
058	3.0	0.0	2.0	0.0	0.9990000000000006	8.001	2.0
059	0.0	0.0	0.0	0.0	0.0	0.0	0.0
060	1.0	3.0	1.0	3.0	1.6660000000000004	7.334	3.0
061	1.0	2.0	0.0	2.0	1.3330000000000002	4.667	1.0
062	1.0	1.0	1.0	1.0	2.0	4.0	2.0
063	0.0	4.0	0.0	2.0	1.6660000000000004	7.334	1.0
064	1.0	2.0	0.0	2.0	0.6660000000000004	5.334	1.0
065	0.0	0.0	0.0	0.0	0.0	0.0	0.0
066	0.0	3.0	0.0	3.0	3.0	6.0	3.0
067	2.0	1.0	1.0	1.0	2.0	4.0	1.0
068	1.0	0.0	1.0	0.0	0.3330000000000002	2.667	1.0
069	1.0	4.0	0.0	2.0	2.333	6.667	1.0
070	0.0	3.0	0.0	3.0	3.0	6.0	3.0
071	0.0	2.0	0.0	2.0	1.0	2.0	1.0
072	2.0	0.0	2.0	0.0	0.6660000000000004	5.334	2.0
073	1.0	2.0	1.0	1.0	2.668	6.332	2.0
074	0.0	1.0	0.0	1.0	0.6680000000000001	2.332	1.0
075	1.0	1.0	1.0	1.0	2.0	4.0	2.0
076	1.0	1.0	1.0	1.0	1.6680000000000001	4.332	2.0
077	1.0	2.0	1.0	1.0	3.0	6.0	2.0
078	1.0	0.0	0.0	0.0	1.0	2.0	0.0
079	0.0	0.0	0.0	0.0	0.0	0.0	0.0
080	1.0	3.0	1.0	3.0	2.668	6.332	3.0
081	0.0	0.0	0.0	0.0	0.0	0.0	0.0
082	2.0	1.0	2.0	1.0	1.0	2.0	1.0
083	0.0	3.0	0.0	3.0	1.6660000000000004	7.334	3.0
084	2.0	2.0	1.0	2.0	1.6660000000000004	7.334	2.0
085	0.0	1.0	0.0	1.0	1.0	2.0	1.0
086	1.0	5.0	1.0	3.0	2.9990000000000006	12.001	3.0
087	0.0	0.0	0.0	0.0	0.0	0.0	0.0
088	2.0	0.0	1.0	0.0	2.0	4.0	1.0
089	3.0	0.0	2.0	0.0	3.0	6.0	2.0
090	2.0	0.0	2.0	0.0	2.0	4.0	2.0
091	2.0	1.0	2.0	1.0	1.3330000000000002	4.667	2.0
092	1.0	0.0	1.0	0.0	0.3330000000000002	2.667	1.0
093	1.0	2.0	1.0	2.0	1.0	2.0	1.0
094	2.0	2.0	1.0	2.0	1.6680000000000001	4.332	1.0
095	1.0	0.0	0.0	0.0	1.0	2.0	0.0
096	2.0	3.0	1.0	2.0	2.6660000000000004	9.334	2.0
097	3.0	0.0	2.0	0.0	3.0	6.0	2.0
098	1.0	2.0	1.0	1.0	1.6680000000000001	7.332	2.0
099	3.0	0.0	1.0	0.0	2.668	6.332	1.0
100	2.0	3.0	2.0	2.0	4.0	8.0	3.0
101	3.0	0.0	3.0	0.0	2.668	6.332	3.0
102	0.0	1.0	0.0	1.0	1.0	2.0	1.0
103	0.0	4.0	0.0	2.0	1.9990000000000006	10.001	2.0
104	1.0	0.0	0.0	0.0	1.0	2.0	0.0
105	2.0	0.0	2.0	0.0	2.0	4.0	2.0
106	1.0	1.0	1.0	0.0	2.0	4.0	1.0
107	0.0	0.0	0.0	0.0	0.0	0.0	0.0
108	1.0	0.0	0.0	0.0	1.0	2.0	0.0
109	3.0	2.0	2.0	0.0	2.668	6.332	1.0
110	2.0	0.0	2.0	0.0	2.0	4.0	2.0
111	0.0	1.0	0.0	0.0	0.0	3.0	0.0
112	1.0	3.0	1.0	1.0	3.333	8.667	2.0
113	0.0	1.0	0.0	1.0	0.3330000000000002	2.667	1.0
114	0.0	2.0	0.0	2.0	0.3330000000000002	2.667	1.0
115	0.0	1.0	0.0	0.0	0.6680000000000001	2.332	0.0
116	1.0	0.0	1.0	0.0	1.0	2.0	1.0
117	0.0	2.0	0.0	2.0	1.0	2.0	1.0
118	1.0	2.0	0.0	2.0	1.3330000000000002	4.667	1.0
119	3.0	0.0	3.0	0.0	2.668	6.332	3.0
120	2.0	3.0	1.0	3.0	4.0	8.0	3.0
121	0.0	2.0	0.0	2.0	1.0	2.0	1.0
122	2.0	1.0	1.0	1.0	1.3330000000000002	4.667	1.0
123	2.0	1.0	1.0	1.0	3.0	6.0	2.0
124	1.0	1.0	1.0	1.0	1.4	1.6	1.0
125	2.0	0.0	0.0	0.0	2.0	4.0	0.0
126	0.0	0.0	0.0	0.0	0.0	0.0	0.0
127	1.0	0.0	1.0	0.0	0.3330000000000002	2.667	1.0
128	0.0	3.0	0.0	1.0	1.0010000000000003	4.999	1.0
129	2.0	2.0	1.0	1.0	2.0	4.0	1.0
130	0.0	3.0	0.0	3.0	1.3330000000000002	4.667	2.0
131	1.0	2.0	1.0	1.0	3.0	6.0	2.0
132	2.0	0.0	1.0	0.0	2.0	4.0	1.0
133	1.0	2.0	1.0	2.0	1.0	2.0	1.0
134	3.0	3.0	3.0	2.0	5.001	12.998999999999999	5.0
135	1.0	1.0	0.0	1.0	1.3330000000000002	4.667	1.0
136	1.0	2.0	0.0	1.0	2.0	4.0	1.0
137	1.0	3.0	0.0	2.0	0.6660000000000004	8.334	1.0
138	0.0	0.0	0.0	0.0	0.0	0.0	0.0
139	0.0	0.0	0.0	0.0	0.0	0.0	0.0
140	0.0	0.0	0.0	0.0	0.0	0.0	0.0
141	0.0	0.0	0.0	0.0	0.0	0.0	0.0
142	0.0	0.0	0.0	0.0	0.0	0.0	0.0
143	0.0	0.0	0.0	0.0	0.0	0.0	0.0
144	0.0	0.0	0.0	0.0	0.0	0.0	0.0
145	0.0	0.0	0.0	0.0	0.0	0.0	0.0
146	1.0	1.0	1.0	1.0	1.3330000000000002	4.667	2.0
147	1.0	3.0	1.0	2.0	0.6660000000000004	5.334	1.0
148	2.0	1.0	1.0	1.0	1.6680000000000001	4.332	1.0
149	1.0	2.0	1.0	1.0	1.3330000000000002	4.667	1.0
150	1.0	3.0	1.0	2.0	0.9990000000000006	11.001	3.0
151	0.0	2.0	0.0	1.0	0.6660000000000004	5.334	1.0
152	2.0	1.0	1.0	1.0	1.0	5.0	1.0
153	2.0	0.0	1.0	0.0	2.0	4.0	1.0
154	0.0	0.0	0.0	0.0	0.0	0.0	0.0
155	2.0	2.0	1.0	1.0	3.668	8.332	2.0
156	2.0	4.0	2.0	2.0	4.4	7.6	3.0
157	1.0	0.0	0.0	0.0	1.0	2.0	0.0
158	1.0	2.0	0.0	1.0	0.6680000000000001	5.332	1.0
159	0.0	1.0	0.0	0.0	0.3330000000000002	2.667	0.0
160	0.0	2.0	0.0	2.0	1.0	2.0	1.0
161	0.0	2.0	0.0	2.0	1.0	2.0	1.0
162	2.0	0.0	2.0	0.0	1.6680000000000001	4.332	2.0
163	0.0	2.0	0.0	2.0	1.3360000000000003	4.664	2.0
164	1.0	1.0	1.0	1.0	0.3330000000000002	2.667	1.0
165	0.0	0.0	0.0	0.0	0.0	0.0	0.0
166	1.0	0.0	1.0	0.0	1.0	2.0	1.0
167	1.0	1.0	0.0	1.0	1.733	4.2669999999999995	1.0
168	1.0	1.0	1.0	1.0	1.0	2.0	1.0
169	1.0	2.0	1.0	2.0	1.0	2.0	1.0
170	1.0	0.0	1.0	0.0	1.0	2.0	1.0
171	0.0	0.0	0.0	0.0	0.0	0.0	0.0
172	0.0	2.0	0.0	2.0	1.0	2.0	1.0
173	0.0	1.0	0.0	1.0	0.3330000000000002	2.667	1.0
174	1.0	4.0	0.0	4.0	2.6660000000000004	9.334	3.0
175	2.0	1.0	1.0	1.0	3.0	6.0	2.0
176	1.0	0.0	0.0	0.0	0.3330000000000002	2.667	0.0
177	2.0	1.0	1.0	1.0	1.3330000000000002	4.667	1.0
178	0.0	3.0	0.0	2.0	0.9990000000000006	8.001	2.0
179	0.0	4.0	0.0	4.0	1.6690000000000005	7.3309999999999995	3.0
180	0.0	4.0	0.0	1.0	1.6660000000000004	7.334	1.0
181	2.0	4.0	1.0	2.0	1.3330000000000002	4.667	1.0
182	1.0	0.0	1.0	0.0	0.3330000000000002	2.667	1.0
183	1.0	2.0	1.0	1.0	1.3330000000000002	4.667	1.0
184	1.0	1.0	0.0	1.0	1.4	4.6	1.0
185	0.0	2.0	0.0	2.0	0.3330000000000002	2.667	1.0
186	0.0	1.0	0.0	1.0	0.3330000000000002	2.667	1.0
187	1.0	1.0	1.0	1.0	2.0	4.0	2.0
188	1.0	1.0	1.0	1.0	1.0	2.0	1.0
189	1.0	2.0	0.0	2.0	0.6660000000000004	5.334	1.0
190	2.0	3.0	2.0	2.0	2.0010000000000003	6.999	2.0
191	0.0	0.0	0.0	0.0	0.0	0.0	0.0
192	2.0	3.0	1.0	2.0	2.0010000000000003	6.999	2.0
193	2.0	0.0	0.0	0.0	2.0	4.0	0.0
194	1.0	1.0	1.0	1.0	0.3330000000000002	2.667	1.0
195	2.0	1.0	1.0	0.0	3.0	6.0	1.0
196	0.0	1.0	0.0	1.0	0.3330000000000002	2.667	1.0
197	0.0	2.0	0.0	1.0	2.0	4.0	1.0
198	0.0	2.0	0.0	0.0	0.3330000000000002	2.667	0.0
199	0.0	0.0	0.0	0.0	0.0	0.0	0.0
200	0.0	0.0	0.0	0.0	0.0	0.0	0.0
201	0.0	0.0	0.0	0.0	0.0	0.0	0.0
202	0.0	0.0	0.0	0.0	0.0	0.0	0.0
203	0.0	0.0	0.0	0.0	0.0	0.0	0.0
204	0.0	0.0	0.0	0.0	0.0	0.0	0.0
