pos	Sd	Nd	Sd_tip	Nd_tip	S	N	comparisons
001	0.0	0.0	0.0	0.0	0.0	0.0	0.0
002	2.0	0.0	2.0	0.0	2.0	4.0	2.0
003	2.0	2.0	2.0	2.0	4.0	8.0	4.0
004	4.0	0.0	2.0	0.0	2.668	6.332	1.0
005	2.0	0.0	1.0	0.0	0.6660000000000004	5.334	1.0
006	3.0	1.0	2.0	1.0	2.0010000000000003	6.999	2.0
007	2.0	2.0	1.0	0.0	2.0	4.0	1.0
008	2.0	0.0	1.0	0.0	2.0	4.0	1.0
009	2.0	1.0	2.0	1.0	3.0	6.0	3.0
010	2.0	0.0	1.0	0.0	2.0	4.0	1.0
011	0.0	0.0	0.0	0.0	0.0	0.0	0.0
012	2.0	0.0	1.0	0.0	2.0	4.0	1.0
013	1.0	2.0	1.0	1.0	2.333	6.667	2.0
014	0.0	1.0	0.0	0.0	0.3330000000000002	2.667	0.0
015	0.0	4.0	0.0	2.0	3.333	8.667	2.0
016	0.0	1.0	0.0	1.0	0.3330000000000002	2.667	1.0
017	1.0	5.0	0.0	1.0	1.9990000000000006	10.001	1.0
018	3.0	3.0	1.0	1.0	2.9990000000000006	12.001	2.0
019	1.0	3.0	1.0	2.0	4.0	8.0	3.0
020	3.0	1.0	3.0	1.0	2.0010000000000003	6.999	3.0
021	1.0	0.0	0.0	0.0	1.0	2.0	0.0
022	1.0	0.0	1.0	0.0	1.0	2.0	1.0
023	1.0	1.0	1.0	1.0	1.0	2.0	1.0
024	1.0	1.0	1.0	0.0	2.0	4.0	1.0
025	2.0	0.0	1.0	0.0	2.0	4.0	1.0
026	2.0	2.0	1.0	2.0	3.3360000000000003	8.664	3.0
027	1.0	1.0	1.0	1.0	2.0	4.0	2.0
028	1.0	0.0	1.0	0.0	0.3330000000000002	2.667	1.0
029	0.0	0.0	0.0	0.0	0.0	0.0	0.0
030	1.0	0.0	0.0	0.0	1.0	2.0	0.0
031	0.0	0.0	0.0	0.0	0.0	0.0	0.0
032	0.0	0.0	0.0	0.0	0.0	0.0	0.0
033	0.0	0.0	0.0	0.0	0.0	0.0	0.0
034	0.0	5.0	0.0	4.0	2.0010000000000003	6.999	2.0
035	3.0	0.0	1.0	0.0	0.9990000000000006	8.001	1.0
036	2.0	0.0	2.0	0.0	0.6660000000000004	5.334	2.0
037	0.0	2.0	0.0	2.0	0.6660000000000004	5.334	2.0
038	1.0	1.0	0.0	1.0	1.3330000000000002	4.667	1.0
039	2.0	3.0	1.0	1.0	3.6660000000000004	11.334	2.0
040	1.0	5.0	1.0	4.0	1.9990000000000006	10.001	3.0
041	2.0	0.0	0.0	0.0	0.6660000000000004	5.334	0.0
042	1.0	3.0	1.0	2.0	1.6660000000000004	7.334	2.0
043	2.0	3.0	0.0	3.0	1.3320000000000007	10.668	2.0
044	1.0	3.0	0.0	2.0	2.6660000000000004	9.334	2.0
045	2.0	3.0	1.0	3.0	1.3320000000000007	10.668	3.0
046	3.0	2.0	1.0	2.0	1.9990000000000006	10.001	2.0
047	1.0	4.0	1.0	3.0	1.665000000000001	13.334999999999999	4.0
048	3.0	1.0	1.0	1.0	3.333	8.667	2.0
049	2.0	2.0	1.0	1.0	1.9990000000000006	10.001	2.0
050	2.0	2.0	0.0	1.0	3.333	8.667	1.0
051	0.0	4.0	0.0	1.0	1.3340000000000005	7.6659999999999995	1.0
052	4.0	5.0	2.0	2.0	6.7330000000000005	14.267	3.0
053	3.0	2.0	1.0	0.0	0.9990000000000006	8.001	1.0
054	0.0	0.0	0.0	0.0	0.0	0.0	0.0
055	1.0	1.0	1.0	1.0	0.6660000000000004	5.334	2.0
056	2.0	6.0	2.0	5.0	2.3320000000000007	12.668	4.0
057	0.0	1.0	0.0	0.0	0.3330000000000002	2.667	0.0
058	2.0	2.0	1.0	1.0	2.6660000000000004	9.334	2.0
059	1.0	1.0	0.0	1.0	1.3330000000000002	4.667	1.0
060	2.0	4.0	1.0	2.0	3.6660000000000004	11.334	3.0
061	0.0	0.0	0.0	0.0	0.0	0.0	0.0
062	1.0	2.0	1.0	2.0	0.3330000000000002	2.667	1.0
063	1.0	1.0	0.0	1.0	0.6660000000000004	5.334	1.0
064	1.0	1.0	1.0	1.0	1.6680000000000001	4.332	2.0
065	2.0	2.0	0.0	0.0	1.6660000000000004	7.334	0.0
066	1.0	3.0	1.0	2.0	1.3320000000000007	10.668	3.0
067	1.0	2.0	1.0	0.0	0.9990000000000006	8.001	1.0
068	1.0	4.0	1.0	3.0	2.333	6.667	2.0
069	1.0	0.0	1.0	0.0	0.3330000000000002	2.667	1.0
070	2.0	2.0	2.0	2.0	1.3330000000000002	4.667	2.0
071	1.0	1.0	1.0	1.0	1.3330000000000002	4.667	2.0
072	0.0	2.0	0.0	2.0	0.6660000000000004	5.334	2.0
073	0.0	6.0	0.0	3.0	2.3320000000000007	12.668	2.0
074	3.0	2.0	1.0	2.0	3.333	8.667	2.0
075	0.0	4.0	0.0	2.0	0.6660000000000004	5.334	1.0
076	0.0	0.0	0.0	0.0	0.0	0.0	0.0
077	2.0	0.0	2.0	0.0	2.0	4.0	2.0
078	3.0	0.0	2.0	0.0	3.0	6.0	2.0
079	3.0	0.0	3.0	0.0	2.668	6.332	3.0
080	0.0	0.0	0.0	0.0	0.0	0.0	0.0
081	2.0	1.0	1.0	1.0	3.0	6.0	2.0
082	3.0	0.0	3.0	0.0	3.0	6.0	3.0
083	1.0	2.0	1.0	2.0	1.0	2.0	1.0
084	1.0	4.0	0.0	2.0	3.333	8.667	2.0
085	2.0	3.0	1.0	1.0	2.333	6.667	1.0
086	2.0	3.0	1.0	2.0	3.333	8.667	2.0
087	2.0	2.0	1.0	2.0	1.3330000000000002	4.667	1.0
088	1.0	0.0	0.0	0.0	0.3330000000000002	2.667	0.0
089	2.0	3.0	1.0	3.0	2.333	6.667	2.0
090	1.0	0.0	1.0	0.0	0.3330000000000002	2.667	1.0
091	2.0	2.0	0.0	1.0	4.0	8.0	1.0
092	1.0	2.0	1.0	2.0	1.0010000000000003	4.999	2.0
093	0.0	2.0	0.0	0.0	1.0	2.0	0.0
094	1.0	2.0	1.0	0.0	0.6660000000000004	5.334	1.0
095	2.0	3.0	1.0	0.0	2.333	6.667	1.0
096	1.0	2.0	0.0	0.0	1.3330000000000002	4.667	0.0
097	0.0	2.0	0.0	0.0	0.3330000000000002	2.667	0.0
098	1.0	0.0	0.0	0.0	1.0	2.0	0.0
099	0.0	0.0	0.0	0.0	0.0	0.0	0.0
100	0.0	2.0	0.0	1.0	2.0	4.0	1.0
101	2.0	3.0	2.0	1.0	1.6660000000000004	7.334	2.0
102	2.0	3.0	0.0	0.0	3.333	8.667	0.0
103	3.0	3.0	2.0	1.0	5.333	12.667	3.0
104	2.0	5.0	0.0	4.0	5.333	12.667	3.0
105	2.0	3.0	2.0	2.0	4.4	7.6	3.0
106	3.0	4.0	2.0	2.0	2.9990000000000006	12.001	3.0
107	1.0	2.0	1.0	0.0	2.333	6.667	1.0
108	1.0	3.0	1.0	3.0	1.6680000000000001	4.332	2.0
109	3.0	3.0	2.0	3.0	3.333	8.667	3.0
110	2.0	3.0	2.0	2.0	2.333	6.667	2.0
111	0.0	2.0	0.0	2.0	0.3330000000000002	2.667	1.0
112	1.0	0.0	0.0	0.0	0.3330000000000002	2.667	0.0
113	1.0	2.0	0.0	2.0	0.6660000000000004	5.334	1.0
114	2.0	2.0	2.0	2.0	1.3320000000000007	10.668	4.0
115	2.0	2.0	2.0	2.0	2.0010000000000003	6.999	3.0
116	1.0	0.0	1.0	0.0	0.3330000000000002	2.667	1.0
117	3.0	0.0	2.0	0.0	0.9990000000000006	8.001	2.0
118	2.0	5.0	0.0	3.0	5.001	12.998999999999999	3.0
119	1.0	1.0	0.0	1.0	1.3330000000000002	4.667	1.0
120	2.0	0.0	2.0	0.0	0.6660000000000004	5.334	2.0
121	0.0	2.0	0.0	2.0	0.6660000000000004	5.334	2.0
122	1.0	0.0	1.0	0.0	0.3330000000000002	2.667	1.0
123	1.0	1.0	0.0	1.0	0.6660000000000004	5.334	1.0
124	1.0	2.0	1.0	0.0	0.9990000000000006	8.001	1.0
125	2.0	2.0	2.0	0.0	1.3320000000000007	10.668	2.0
126	2.0	2.0	2.0	2.0	1.6660000000000004	7.334	3.0
127	2.0	3.0	2.0	1.0	4.333	10.667	3.0
128	1.0	3.0	1.0	2.0	1.3330000000000002	4.667	1.0
129	2.0	0.0	1.0	0.0	0.6660000000000004	5.334	1.0
130	1.0	1.0	1.0	1.0	0.6660000000000004	5.334	2.0
131	0.0	2.0	0.0	1.0	0.6660000000000004	5.334	1.0
132	0.0	6.0	0.0	2.0	1.665000000000001	13.334999999999999	2.0
133	1.0	2.0	0.0	2.0	1.6660000000000004	7.334	2.0
134	0.0	2.0	0.0	2.0	0.3330000000000002	2.667	1.0
135	0.0	1.0	0.0	1.0	0.3330000000000002	2.667	1.0
136	0.0	3.0	0.0	1.0	0.9990000000000006	8.001	1.0
137	1.0	2.0	1.0	1.0	1.6660000000000004	7.334	2.0
138	1.0	1.0	0.0	1.0	0.6660000000000004	5.334	1.0
139	3.0	2.0	1.0	2.0	2.6660000000000004	9.334	2.0
140	3.0	2.0	3.0	2.0	1.9990000000000006	10.001	4.0
141	2.0	0.0	1.0	0.0	0.6660000000000004	5.334	1.0
142	0.0	3.0	0.0	1.0	0.6660000000000004	5.334	1.0
143	1.0	2.0	1.0	2.0	0.9990000000000006	8.001	3.0
144	3.0	2.0	0.0	2.0	4.001	10.998999999999999	2.0
145	1.0	3.0	1.0	2.0	1.3330000000000002	7.667	2.0
146	2.0	1.0	1.0	0.0	2.0	4.0	1.0
147	2.0	1.0	2.0	1.0	1.3330000000000002	4.667	2.0
148	3.0	0.0	1.0	0.0	3.0	6.0	1.0
149	2.0	0.0	1.0	0.0	2.0	4.0	1.0
150	2.0	2.0	1.0	1.0	2.6690000000000005	9.331	2.0
151	3.0	1.0	3.0	1.0	2.3360000000000003	6.664	3.0
152	3.0	2.0	2.0	2.0	3.333	8.667	3.0
153	3.0	1.0	2.0	1.0	3.4010000000000002	8.599	3.0
154	2.0	3.0	2.0	3.0	2.0010000000000003	6.999	3.0
155	1.0	2.0	1.0	2.0	1.0	2.0	1.0
156	2.0	1.0	2.0	1.0	1.4	4.6	2.0
157	2.0	0.0	2.0	0.0	0.6680000000000001	2.332	1.0
158	1.0	3.0	1.0	1.0	2.333	6.667	2.0
159	3.0	0.0	1.0	0.0	3.4	5.6	1.0
160	2.0	1.0	1.0	1.0	1.6660000000000004	7.334	2.0
161	3.0	0.0	1.0	0.0	3.0	6.0	1.0
162	3.0	1.0	1.0	1.0	3.0	9.0	2.0
163	2.0	1.0	2.0	0.0	0.9990000000000006	8.001	2.0
164	1.0	0.0	0.0	0.0	0.3330000000000002	2.667	0.0
165	2.0	3.0	1.0	1.0	3.668	8.332	2.0
166	2.0	0.0	2.0	0.0	0.6660000000000004	5.334	2.0
167	1.0	3.0	0.0	3.0	1.6660000000000004	7.334	2.0
168	2.0	1.0	1.0	1.0	2.333	6.667	2.0
169	0.0	2.0	0.0	2.0	2.068	3.932	2.0
170	2.0	0.0	2.0	0.0	0.6660000000000004	5.334	2.0
171	0.0	0.0	0.0	0.0	0.0	0.0	0.0
172	1.0	0.0	1.0	0.0	0.3330000000000002	2.667	1.0
173	3.0	0.0	2.0	0.0	3.0	6.0	2.0
174	4.0	1.0	2.0	1.0	4.736000000000001	10.264	3.0
175	4.0	2.0	4.0	2.0	2.668	6.332	3.0
176	1.0	0.0	0.0	0.0	0.3330000000000002	2.667	0.0
177	2.0	0.0	2.0	0.0	1.0	2.0	1.0
178	2.0	1.0	2.0	1.0	1.3330000000000002	4.667	2.0
179	2.0	0.0	0.0	0.0	0.6660000000000004	5.334	0.0
180	1.0	0.0	1.0	0.0	0.6680000000000001	2.332	1.0
181	3.0	1.0	2.0	1.0	1.6660000000000004	7.334	2.0
182	2.0	2.0	1.0	2.0	2.333	6.667	2.0
183	1.0	1.0	1.0	0.0	0.6660000000000004	5.334	1.0
184	3.0	0.0	1.0	0.0	0.9990000000000006	8.001	1.0
185	1.0	4.0	1.0	4.0	2.333	6.667	3.0
186	2.0	0.0	2.0	0.0	1.6680000000000001	4.332	2.0
187	2.0	1.0	2.0	1.0	2.0	4.0	2.0
188	0.0	0.0	0.0	0.0	0.0	0.0	0.0
189	1.0	0.0	1.0	0.0	1.4	1.6	1.0
190	2.0	0.0	0.0	0.0	0.6660000000000004	5.334	0.0
191	3.0	3.0	1.0	3.0	2.9990000000000006	12.001	3.0
192	3.0	2.0	2.0	2.0	1.9990000000000006	10.001	3.0
193	1.0	4.0	0.0	2.0	0.9990000000000006	11.001	1.0
194	2.0	3.0	1.0	3.0	3.333	8.667	3.0
195	2.0	2.0	2.0	2.0	1.6660000000000004	7.334	3.0
196	1.0	0.0	1.0	0.0	0.3330000000000002	2.667	1.0
197	0.0	0.0	0.0	0.0	0.0	0.0	0.0
198	0.0	0.0	0.0	0.0	0.0	0.0	0.0
199	1.0	0.0	0.0	0.0	1.0	2.0	0.0
200	4.0	0.0	3.0	0.0	2.668	6.332	2.0
201	1.0	0.0	0.0	0.0	0.3330000000000002	2.667	0.0
202	1.0	0.0	0.0	0.0	0.3330000000000002	2.667	0.0
203	0.0	0.0	0.0	0.0	0.0	0.0	0.0
204	1.0	2.0	1.0	2.0	0.6660000000000004	5.334	2.0
205	3.0	1.0	2.0	1.0	4.0	8.0	3.0
206	1.0	0.0	1.0	0.0	0.3330000000000002	2.667	1.0
207	1.0	0.0	1.0	0.0	1.0	2.0	1.0
208	0.0	0.0	0.0	0.0	0.0	0.0	0.0
209	2.0	0.0	2.0	0.0	2.0	4.0	2.0
210	1.0	0.0	0.0	0.0	0.6680000000000001	2.332	0.0
211	1.0	1.0	1.0	1.0	1.0	2.0	1.0
212	0.0	3.0	0.0	0.0	1.3330000000000002	4.667	0.0
213	0.0	0.0	0.0	0.0	0.0	0.0	0.0
214	1.0	1.0	0.0	0.0	1.6680000000000001	4.332	0.0
215	1.0	1.0	1.0	1.0	1.0	2.0	1.0
216	1.0	0.0	1.0	0.0	0.3330000000000002	2.667	1.0
217	1.0	1.0	1.0	1.0	1.6680000000000001	4.332	2.0
218	0.0	0.0	0.0	0.0	0.0	0.0	0.0
219	2.0	0.0	1.0	0.0	0.6660000000000004	5.334	1.0
220	2.0	0.0	2.0	0.0	2.0	4.0	2.0
221	1.0	1.0	0.0	1.0	1.6680000000000001	4.332	1.0
222	1.0	0.0	1.0	0.0	1.0	2.0	1.0
223	1.0	0.0	0.0	0.0	0.3330000000000002	2.667	0.0
224	2.0	0.0	1.0	0.0	2.4	3.6	1.0
225	2.0	0.0	1.0	0.0	2.0	4.0	1.0
226	1.0	1.0	0.0	1.0	2.0	4.0	1.0
227	1.0	0.0	1.0	0.0	0.3330000000000002	2.667	1.0
228	2.0	0.0	2.0	0.0	0.6660000000000004	5.334	2.0
229	2.0	0.0	1.0	0.0	2.8	3.2	1.0
230	2.0	1.0	2.0	1.0	2.668	6.332	3.0
231	2.0	0.0	2.0	0.0	0.6660000000000004	5.334	2.0
232	3.0	0.0	2.0	0.0	3.0	6.0	2.0
233	2.0	0.0	1.0	0.0	1.3360000000000003	4.664	1.0
234	2.0	0.0	1.0	0.0	0.6660000000000004	5.334	1.0
235	2.0	0.0	2.0	0.0	2.0	4.0	2.0
236	0.0	0.0	0.0	0.0	0.0	0.0	0.0
237	0.0	0.0	0.0	0.0	0.0	0.0	0.0
238	3.0	0.0	2.0	0.0	3.0	6.0	2.0
239	0.0	0.0	0.0	0.0	0.0	0.0	0.0
240	1.0	0.0	1.0	0.0	0.3330000000000002	2.667	1.0
241	0.0	0.0	0.0	0.0	0.0	0.0	0.0
242	0.0	1.0	0.0	0.0	0.3330000000000002	2.667	0.0
243	1.0	0.0	0.0	0.0	1.0	2.0	0.0
244	2.0	0.0	1.0	0.0	2.0	4.0	1.0
245	2.0	0.0	1.0	0.0	2.0	4.0	1.0
246	0.0	0.0	0.0	0.0	0.0	0.0	0.0
247	0.0	0.0	0.0	0.0	0.0	0.0	0.0
248	0.0	1.0	0.0	1.0	1.0	2.0	1.0
249	2.0	0.0	2.0	0.0	0.6660000000000004	5.334	2.0
250	0.0	0.0	0.0	0.0	0.0	0.0	0.0
251	2.0	0.0	2.0	0.0	2.0	4.0	2.0
252	2.0	0.0	1.0	0.0	2.0	4.0	1.0
253	3.0	0.0	2.0	0.0	3.0	6.0	2.0
254	0.0	0.0	0.0	0.0	0.0	0.0	0.0
255	2.0	0.0	1.0	0.0	2.0	4.0	1.0
256	4.0	0.0	2.0	0.0	2.3360000000000003	6.664	1.0
257	4.0	0.0	2.0	0.0	4.0	8.0	2.0
258	3.0	0.0	2.0	0.0	3.0	6.0	2.0
259	1.0	0.0	1.0	0.0	0.3330000000000002	2.667	1.0
260	2.0	0.0	1.0	0.0	0.6660000000000004	5.334	1.0
261	2.0	0.0	1.0	0.0	2.0	4.0	1.0
262	2.0	2.0	1.0	2.0	2.333	6.667	2.0
263	0.0	2.0	0.0	2.0	1.0	2.0	1.0
264	3.0	2.0	1.0	2.0	4.0	8.0	2.0
265	0.0	2.0	0.0	2.0	1.0	2.0	1.0
266	2.0	2.0	2.0	2.0	1.3330000000000002	4.667	2.0
267	1.0	1.0	1.0	1.0	0.3330000000000002	2.667	1.0
268	1.0	1.0	1.0	1.0	1.0	2.0	1.0
269	1.0	2.0	1.0	2.0	1.0	2.0	1.0
270	3.0	2.0	3.0	2.0	3.133	5.866999999999999	3.0
271	2.0	2.0	1.0	2.0	1.9990000000000006	10.001	3.0
272	3.0	0.0	2.0	0.0	3.0	6.0	2.0
273	1.0	0.0	1.0	0.0	1.0	2.0	1.0
274	3.0	2.0	2.0	2.0	4.0	8.0	3.0
275	0.0	2.0	0.0	2.0	1.0	2.0	1.0
276	2.0	0.0	1.0	0.0	0.6660000000000004	5.334	1.0
277	2.0	2.0	1.0	2.0	3.668	8.332	3.0
278	0.0	0.0	0.0	0.0	0.0	0.0	0.0
279	2.0	0.0	1.0	0.0	2.0	4.0	1.0
280	2.0	0.0	0.0	0.0	2.0	4.0	0.0
281	3.0	0.0	2.0	0.0	2.736	6.263999999999999	2.0
282	0.0	0.0	0.0	0.0	0.0	0.0	0.0
283	3.0	0.0	1.0	0.0	0.9990000000000006	8.001	1.0
284	1.0	0.0	1.0	0.0	1.0	2.0	1.0
285	1.0	2.0	1.0	2.0	1.0	2.0	1.0
286	2.0	0.0	1.0	0.0	2.0	4.0	1.0
287	0.0	4.0	0.0	2.0	1.6660000000000004	7.334	2.0
288	1.0	1.0	1.0	1.0	0.6660000000000004	5.334	2.0
289	0.0	1.0	0.0	1.0	1.0	2.0	1.0
290	2.0	1.0	1.0	1.0	1.3330000000000002	4.667	1.0
291	2.0	4.0	2.0	2.0	2.6660000000000004	9.334	2.0
292	1.0	0.0	1.0	0.0	0.6680000000000001	2.332	1.0
293	5.0	0.0	3.0	0.0	3.3360000000000003	8.664	2.0
294	1.0	2.0	1.0	1.0	1.6660000000000004	7.334	2.0
295	1.0	0.0	0.0	0.0	0.3330000000000002	2.667	0.0
296	0.0	1.0	0.0	1.0	1.0	2.0	1.0
297	2.0	0.0	2.0	0.0	0.6660000000000004	5.334	2.0
298	1.0	1.0	1.0	1.0	1.3330000000000002	4.667	2.0
299	3.0	0.0	3.0	0.0	3.0	6.0	3.0
300	0.0	0.0	0.0	0.0	0.0	0.0	0.0
301	3.0	3.0	3.0	2.0	3.3340000000000005	11.666	4.0
302	2.0	0.0	0.0	0.0	2.0	4.0	0.0
303	0.0	0.0	0.0	0.0	0.0	0.0	0.0
304	2.0	0.0	1.0	0.0	1.6680000000000001	4.332	1.0
305	2.0	2.0	1.0	2.0	1.6680000000000001	4.332	1.0
306	3.0	2.0	3.0	0.0	5.0	10.0	3.0
307	0.0	2.0	0.0	0.0	1.6680000000000001	4.332	0.0
308	2.0	0.0	2.0	0.0	0.6660000000000004	5.334	2.0
309	1.0	3.0	1.0	1.0	1.6660000000000004	7.334	1.0
310	2.0	2.0	1.0	2.0	1.3330000000000002	4.667	1.0
311	2.0	2.0	1.0	2.0	2.0	4.0	1.0
312	0.0	0.0	0.0	0.0	0.0	0.0	0.0
313	0.0	0.0	0.0	0.0	0.0	0.0	0.0
314	1.0	2.0	1.0	1.0	1.3330000000000002	7.667	2.0
315	4.0	1.0	2.0	1.0	4.668	10.332	3.0
316	2.0	1.0	1.0	1.0	0.9990000000000006	8.001	2.0
317	4.0	0.0	3.0	0.0	3.068	5.932	2.0
318	2.0	2.0	1.0	2.0	2.333	6.667	2.0
319	1.0	2.0	1.0	2.0	1.0	2.0	1.0
320	2.0	5.0	1.0	3.0	4.001	10.998999999999999	3.0
321	1.0	2.0	1.0	2.0	3.0	6.0	3.0
322	1.0	0.0	1.0	0.0	0.3330000000000002	2.667	1.0
323	1.0	4.0	1.0	2.0	1.9990000000000006	10.001	2.0
324	2.0	2.0	1.0	2.0	2.333	6.667	2.0
325	1.0	0.0	1.0	0.0	1.0	2.0	1.0
326	0.0	2.0	0.0	2.0	0.6660000000000004	5.334	2.0
327	0.0	0.0	0.0	0.0	0.0	0.0	0.0
328	2.0	2.0	1.0	1.0	2.333	6.667	2.0
329	1.0	0.0	1.0	0.0	1.0	2.0	1.0
330	3.0	2.0	2.0	2.0	3.0040000000000004	8.995999999999999	3.0
331	1.0	4.0	1.0	1.0	2.7340000000000004	9.266	2.0
332	2.0	0.0	1.0	0.0	2.0	4.0	1.0
333	2.0	0.0	1.0	0.0	0.6660000000000004	5.334	1.0
334	3.0	2.0	2.0	2.0	2.333	6.667	2.0
335	0.0	2.0	0.0	1.0	0.6660000000000004	5.334	1.0
336	2.0	3.0	2.0	0.0	5.0	10.0	2.0
337	2.0	0.0	2.0	0.0	0.6660000000000004	5.334	2.0
338	2.0	1.0	2.0	1.0	0.9990000000000006	8.001	3.0
339	3.0	1.0	1.0	1.0	3.333	8.667	2.0
340	2.0	0.0	0.0	0.0	0.6660000000000004	5.334	0.0
341	1.0	0.0	1.0	0.0	1.0	2.0	1.0
342	2.0	0.0	2.0	0.0	2.0	4.0	2.0
343	1.0	0.0	1.0	0.0	0.3330000000000002	2.667	1.0
344	2.0	1.0	1.0	0.0	2.333	6.667	1.0
345	2.0	1.0	2.0	0.0	1.3340000000000005	7.6659999999999995	2.0
346	3.0	0.0	2.0	0.0	3.0	6.0	2.0
347	0.0	1.0	0.0	0.0	0.0	3.0	0.0
348	1.0	2.0	0.0	0.0	1.3330000000000002	4.667	0.0
349	0.0	3.0	0.0	0.0	1.0010000000000003	4.999	0.0
350	1.0	2.0	0.0	0.0	1.0	2.0	0.0
351	1.0	0.0	0.0	0.0	1.0	2.0	0.0
352	0.0	3.0	0.0	0.0	0.3330000000000002	5.667	0.0
353	0.0	3.0	0.0	0.0	0.3330000000000002	5.667	0.0
354	1.0	0.0	0.0	0.0	1.0	2.0	0.0
355	1.0	2.0	0.0	0.0	2.0	4.0	0.0
356	1.0	2.0	0.0	0.0	1.3330000000000002	4.667	0.0
357	0.0	0.0	0.0	0.0	0.0	0.0	0.0
358	0.0	0.0	0.0	0.0	0.0	0.0	0.0
359	0.0	0.0	0.0	0.0	0.0	0.0	0.0
360	1.0	2.0	0.0	0.0	1.3330000000000002	4.667	0.0
361	2.0	2.0	1.0	0.0	2.333	6.667	1.0
362	1.0	2.0	1.0	2.0	0.3330000000000002	5.667	2.0
363	3.0	3.0	2.0	1.0	4.066000000000001	10.934	3.0
364	2.0	2.0	0.0	2.0	4.0	8.0	2.0
365	2.0	0.0	0.0	0.0	0.6660000000000004	5.334	0.0
366	1.0	0.0	0.0	0.0	0.3330000000000002	2.667	0.0
367	1.0	0.0	1.0	0.0	1.0	2.0	1.0
368	2.0	0.0	1.0	0.0	0.6660000000000004	5.334	1.0
369	2.0	0.0	1.0	0.0	1.3360000000000003	4.664	1.0
370	0.0	0.0	0.0	0.0	0.0	0.0	0.0
371	3.0	0.0	2.0	0.0	3.4	5.6	2.0
372	4.0	0.0	2.0	0.0	1.3360000000000003	4.664	1.0
373	1.0	0.0	1.0	0.0	0.3330000000000002	2.667	1.0
374	1.0	0.0	0.0	0.0	1.4	1.6	0.0
375	2.0	5.0	2.0	4.0	4.3340000000000005	13.666	5.0
376	0.0	1.0	0.0	1.0	0.3330000000000002	2.667	1.0
377	0.0	1.0	0.0	1.0	0.3330000000000002	2.667	1.0
378	3.0	0.0	2.0	0.0	3.0	6.0	2.0
379	2.0	3.0	2.0	1.0	3.6720000000000006	11.328	3.0
380	1.0	1.0	1.0	1.0	1.0	2.0	1.0
381	2.0	2.0	2.0	2.0	1.3330000000000002	4.667	2.0
382	0.0	0.0	0.0	0.0	0.0	0.0	0.0
383	3.0	3.0	2.0	1.0	5.0040000000000004	12.995999999999999	3.0
384	1.0	1.0	1.0	1.0	0.6660000000000004	5.334	2.0
385	3.0	0.0	2.0	0.0	0.9990000000000006	8.001	2.0
386	1.0	4.0	1.0	2.0	2.9990000000000006	12.001	3.0
387	1.0	1.0	1.0	1.0	1.6680000000000001	4.332	2.0
388	1.0	0.0	1.0	0.0	0.3330000000000002	2.667	1.0
389	2.0	1.0	1.0	1.0	3.0	6.0	2.0
390	1.0	3.0	0.0	1.0	0.9990000000000006	8.001	1.0
391	1.0	2.0	1.0	2.0	0.9990000000000006	8.001	3.0
392	1.0	0.0	0.0	0.0	0.3330000000000002	2.667	0.0
393	3.0	0.0	1.0	0.0	3.0	6.0	1.0
394	2.0	0.0	2.0	0.0	0.6660000000000004	5.334	2.0
395	1.0	1.0	1.0	0.0	0.6660000000000004	5.334	1.0
396	0.0	1.0	0.0	1.0	0.6680000000000001	2.332	1.0
397	2.0	1.0	2.0	1.0	2.4	3.6	2.0
398	1.0	3.0	1.0	3.0	0.6660000000000004	5.334	2.0
399	0.0	1.0	0.0	1.0	0.3330000000000002	2.667	1.0
400	1.0	3.0	1.0	1.0	3.0	9.0	2.0
401	1.0	1.0	0.0	1.0	1.6680000000000001	4.332	1.0
402	3.0	2.0	2.0	2.0	4.0	8.0	3.0
403	3.0	0.0	3.0	0.0	3.0	6.0	3.0
404	0.0	0.0	0.0	0.0	0.0	0.0	0.0
405	1.0	2.0	1.0	0.0	0.6660000000000004	5.334	1.0
406	4.0	0.0	2.0	0.0	4.0	8.0	2.0
407	2.0	0.0	1.0	0.0	0.6660000000000004	5.334	1.0
408	1.0	0.0	1.0	0.0	0.6680000000000001	2.332	1.0
409	1.0	0.0	1.0	0.0	1.0	2.0	1.0
410	1.0	0.0	1.0	0.0	0.3330000000000002	2.667	1.0
411	3.0	0.0	2.0	0.0	2.3360000000000003	6.664	2.0
412	0.0	0.0	0.0	0.0	0.0	0.0	0.0
413	0.0	3.0	0.0	1.0	1.6660000000000004	7.334	1.0
414	2.0	1.0	2.0	0.0	2.3360000000000003	6.664	2.0
415	0.0	0.0	0.0	0.0	0.0	0.0	0.0
416	0.0	0.0	0.0	0.0	0.0	0.0	0.0
417	1.0	0.0	0.0	0.0	1.0	2.0	0.0
418	2.0	0.0	1.0	0.0	0.6660000000000004	5.334	1.0
419	3.0	2.0	3.0	1.0	4.4	7.6	3.0
420	1.0	3.0	1.0	1.0	1.6660000000000004	7.334	1.0
421	2.0	8.0	2.0	3.0	5.734	18.266	4.0
422	1.0	3.0	1.0	3.0	1.3330000000000002	4.667	2.0
423	1.0	3.0	0.0	2.0	0.9990000000000006	8.001	1.0
424	1.0	1.0	1.0	0.0	0.6660000000000004	5.334	1.0
425	1.0	5.0	0.0	5.0	2.3320000000000007	12.668	4.0
426	0.0	4.0	0.0	4.0	0.9990000000000006	8.001	3.0
427	1.0	4.0	0.0	0.0	0.9990000000000006	8.001	0.0
428	1.0	2.0	1.0	1.0	0.9990000000000006	8.001	2.0
429	2.0	1.0	0.0	0.0	1.3330000000000002	4.667	0.0
430	0.0	1.0	0.0	0.0	1.0	2.0	0.0
431	0.0	3.0	0.0	0.0	1.3330000000000002	4.667	0.0
432	1.0	3.0	0.0	2.0	0.9990000000000006	8.001	1.0
433	1.0	1.0	1.0	1.0	1.3330000000000002	4.667	2.0
434	1.0	4.0	1.0	3.0	0.9990000000000006	8.001	2.0
435	2.0	2.0	1.0	2.0	1.733	4.2669999999999995	1.0
436	3.0	3.0	3.0	1.0	3.9990000000000006	14.001	4.0
437	3.0	3.0	2.0	2.0	1.9990000000000006	10.001	2.0
438	0.0	3.0	0.0	3.0	1.6660000000000004	7.334	3.0
439	1.0	3.0	1.0	2.0	1.9990000000000006	10.001	3.0
440	1.0	2.0	1.0	2.0	0.3330000000000002	2.667	1.0
441	0.0	2.0	0.0	2.0	0.3330000000000002	2.667	1.0
442	3.0	2.0	2.0	2.0	3.6660000000000004	11.334	4.0
443	1.0	1.0	1.0	1.0	0.6660000000000004	5.334	2.0
444	2.0	3.0	0.0	2.0	4.0	8.0	2.0
445	1.0	2.0	0.0	1.0	1.6660000000000004	7.334	1.0
446	1.0	4.0	1.0	2.0	2.6660000000000004	9.334	2.0
447	0.0	4.0	0.0	3.0	1.6660000000000004	7.334	2.0
448	2.0	2.0	1.0	2.0	1.6660000000000004	7.334	2.0
449	2.0	3.0	1.0	0.0	2.333	6.667	1.0
450	2.0	1.0	2.0	1.0	2.0	4.0	2.0
451	2.0	1.0	2.0	1.0	0.3330000000000002	2.667	1.0
452	0.0	1.0	0.0	0.0	0.3330000000000002	2.667	0.0
453	2.0	1.0	1.0	1.0	2.333	6.667	2.0
454	1.0	3.0	0.0	2.0	2.6660000000000004	9.334	2.0
455	2.0	1.0	2.0	1.0	0.9990000000000006	8.001	3.0
456	0.0	1.0	0.0	1.0	0.3330000000000002	2.667	1.0
457	2.0	0.0	1.0	0.0	0.6660000000000004	5.334	1.0
458	2.0	0.0	2.0	0.0	0.6660000000000004	5.334	2.0
459	0.0	0.0	0.0	0.0	0.0	0.0	0.0
460	2.0	1.0	2.0	1.0	1.3330000000000002	4.667	2.0
461	2.0	0.0	2.0	0.0	0.6660000000000004	5.334	2.0
462	1.0	0.0	1.0	0.0	1.0	2.0	1.0
463	0.0	0.0	0.0	0.0	0.0	0.0	0.0
464	2.0	0.0	1.0	0.0	0.6660000000000004	5.334	1.0
465	0.0	0.0	0.0	0.0	0.0	0.0	0.0
466	0.0	0.0	0.0	0.0	0.0	0.0	0.0
467	1.0	1.0	0.0	1.0	1.3330000000000002	4.667	1.0
468	0.0	0.0	0.0	0.0	0.0	0.0	0.0
469	0.0	0.0	0.0	0.0	0.0	0.0	0.0
470	1.0	0.0	1.0	0.0	0.3330000000000002	2.667	1.0
471	0.0	0.0	0.0	0.0	0.0	0.0	0.0
