pos	Sd	Nd	Sd_tip	Nd_tip	S	N	comparisons
001	0.0	0.0	0.0	0.0	0.0	0.0	0.0
002	2.0	3.0	2.0	1.0	4.0	8.0	2.0
003	3.0	1.0	2.0	1.0	4.0	8.0	3.0
004	3.0	0.0	3.0	0.0	0.9990000000000006	8.001	3.0
005	2.0	0.0	1.0	0.0	1.3360000000000003	4.664	1.0
006	0.0	0.0	0.0	0.0	0.0	0.0	0.0
007	1.0	1.0	1.0	0.0	1.3360000000000003	4.664	1.0
008	3.0	3.0	3.0	3.0	3.0	6.0	3.0
009	2.0	0.0	1.0	0.0	0.6660000000000004	5.334	1.0
010	2.0	4.0	1.0	2.0	4.0040000000000004	10.995999999999999	2.0
011	1.0	0.0	0.0	0.0	1.0	2.0	0.0
012	0.0	4.0	0.0	2.0	0.9990000000000006	8.001	1.0
013	3.0	1.0	0.0	1.0	4.0	8.0	1.0
014	3.0	4.0	0.0	3.0	6.333	14.667	3.0
015	2.0	3.0	2.0	2.0	3.668	8.332	3.0
016	0.0	7.0	0.0	4.0	5.668	12.332	3.0
017	2.0	5.0	1.0	2.0	3.6660000000000004	11.334	2.0
018	0.0	0.0	0.0	0.0	0.0	0.0	0.0
019	1.0	3.0	1.0	2.0	1.6660000000000004	7.334	2.0
020	3.0	5.0	2.0	5.0	3.6660000000000004	11.334	4.0
021	2.0	2.0	1.0	1.0	3.333	8.667	2.0
022	2.0	1.0	2.0	1.0	3.0	6.0	3.0
023	1.0	2.0	0.0	2.0	3.0	6.0	2.0
024	2.0	0.0	1.0	0.0	0.6660000000000004	5.334	1.0
025	2.0	0.0	2.0	0.0	0.6660000000000004	5.334	2.0
026	1.0	1.0	0.0	1.0	2.0	4.0	1.0
027	1.0	0.0	1.0	0.0	0.3330000000000002	2.667	1.0
028	2.0	2.0	2.0	1.0	4.0	8.0	3.0
029	2.0	3.0	1.0	1.0	5.0	10.0	2.0
030	2.0	4.0	2.0	2.0	5.0	10.0	3.0
031	1.0	4.0	0.0	2.0	1.9990000000000006	10.001	2.0
032	1.0	3.0	0.0	1.0	3.0	6.0	1.0
033	2.0	1.0	1.0	0.0	3.0	6.0	1.0
034	1.0	2.0	1.0	1.0	3.0	6.0	2.0
035	1.0	2.0	0.0	2.0	1.3330000000000002	4.667	1.0
036	0.0	0.0	0.0	0.0	0.0	0.0	0.0
037	0.0	0.0	0.0	0.0	0.0	0.0	0.0
038	0.0	0.0	0.0	0.0	0.0	0.0	0.0
039	0.0	0.0	0.0	0.0	0.0	0.0	0.0
040	0.0	0.0	0.0	0.0	0.0	0.0	0.0
041	0.0	0.0	0.0	0.0	0.0	0.0	0.0
042	0.0	0.0	0.0	0.0	0.0	0.0	0.0
043	0.0	0.0	0.0	0.0	0.0	0.0	0.0
044	0.0	0.0	0.0	0.0	0.0	0.0	0.0
045	0.0	1.0	0.0	1.0	0.3330000000000002	2.667	1.0
046	1.0	1.0	1.0	1.0	1.0	2.0	1.0
047	3.0	3.0	3.0	3.0	1.6660000000000004	7.334	3.0
048	2.0	3.0	0.0	2.0	2.6670000000000007	12.332999999999998	2.0
049	2.0	5.0	2.0	2.0	3.9990000000000006	14.001	4.0
050	0.0	3.0	0.0	2.0	2.668	6.332	2.0
051	1.0	4.0	1.0	2.0	4.001	10.999	3.0
052	1.0	3.0	0.0	2.0	2.6660000000000004	9.334	2.0
053	2.0	3.0	1.0	1.0	3.333	8.667	2.0
054	2.0	5.0	2.0	3.0	4.001	10.998999999999999	3.0
055	1.0	2.0	1.0	2.0	3.0	6.0	3.0
056	1.0	4.0	1.0	4.0	3.333	8.667	4.0
057	2.0	1.0	1.0	1.0	0.9990000000000006	8.001	2.0
058	1.0	0.0	0.0	0.0	0.3330000000000002	2.667	0.0
059	1.0	1.0	1.0	0.0	2.068	3.932	1.0
060	2.0	2.0	1.0	2.0	1.3330000000000002	4.667	1.0
061	0.0	2.0	0.0	0.0	1.0010000000000003	4.999	0.0
062	1.0	0.0	1.0	0.0	0.3330000000000002	2.667	1.0
063	1.0	0.0	0.0	0.0	0.6680000000000001	2.332	0.0
064	3.0	0.0	2.0	0.0	3.0	6.0	2.0
065	1.0	1.0	1.0	1.0	2.0	4.0	2.0
066	3.0	0.0	2.0	0.0	3.0	6.0	2.0
067	2.0	0.0	2.0	0.0	2.0	4.0	2.0
068	2.0	0.0	1.0	0.0	0.6660000000000004	5.334	1.0
069	2.0	0.0	0.0	0.0	0.6660000000000004	5.334	0.0
070	3.0	0.0	1.0	0.0	2.668	6.332	1.0
071	2.0	1.0	2.0	1.0	2.668	6.332	3.0
072	3.0	0.0	2.0	0.0	2.668	6.332	2.0
073	1.0	0.0	1.0	0.0	0.3330000000000002	2.667	1.0
074	2.0	0.0	0.0	0.0	2.0	4.0	0.0
075	1.0	1.0	1.0	0.0	1.3360000000000003	4.664	1.0
076	2.0	3.0	1.0	2.0	4.001	10.998999999999999	3.0
077	1.0	0.0	0.0	0.0	1.0	2.0	0.0
078	3.0	1.0	2.0	1.0	3.333	8.667	3.0
079	2.0	1.0	0.0	0.0	2.0040000000000004	6.9959999999999996	0.0
080	1.0	0.0	0.0	0.0	0.3330000000000002	2.667	0.0
081	4.0	0.0	3.0	0.0	4.0	8.0	3.0
082	0.0	4.0	0.0	2.0	1.6660000000000004	7.334	1.0
083	2.0	0.0	2.0	0.0	2.0	4.0	2.0
084	1.0	4.0	1.0	2.0	2.6660000000000004	9.334	2.0
085	2.0	1.0	0.0	0.0	2.0	4.0	0.0
086	1.0	4.0	1.0	1.0	1.3320000000000007	10.668	2.0
087	1.0	0.0	0.0	0.0	0.3330000000000002	2.667	0.0
088	2.0	1.0	1.0	1.0	2.0	4.0	1.0
089	1.0	0.0	0.0	0.0	0.3330000000000002	2.667	0.0
090	3.0	0.0	3.0	0.0	3.0	6.0	3.0
091	1.0	0.0	1.0	0.0	0.3330000000000002	2.667	1.0
092	3.0	0.0	1.0	0.0	3.4	5.6	1.0
093	0.0	0.0	0.0	0.0	0.0	0.0	0.0
094	4.0	2.0	2.0	1.0	5.333	12.667	3.0
095	1.0	0.0	1.0	0.0	1.0	2.0	1.0
096	3.0	0.0	3.0	0.0	0.9990000000000006	8.001	3.0
097	1.0	1.0	0.0	0.0	2.0	4.0	0.0
098	3.0	0.0	2.0	0.0	3.0	6.0	2.0
099	3.0	0.0	3.0	0.0	3.0	6.0	3.0
100	1.0	0.0	1.0	0.0	0.6680000000000001	2.332	1.0
101	2.0	0.0	1.0	0.0	2.0	4.0	1.0
102	0.0	4.0	0.0	0.0	1.3330000000000002	4.667	0.0
103	1.0	1.0	1.0	0.0	1.6680000000000001	4.332	1.0
104	0.0	0.0	0.0	0.0	0.0	0.0	0.0
105	3.0	0.0	2.0	0.0	3.068	5.932	2.0
106	2.0	0.0	0.0	0.0	2.0	4.0	0.0
107	2.0	1.0	1.0	1.0	2.0	4.0	1.0
108	3.0	3.0	2.0	3.0	3.668	8.332	3.0
109	3.0	0.0	3.0	0.0	3.0	6.0	3.0
110	3.0	1.0	3.0	1.0	3.0	6.0	3.0
111	3.0	0.0	1.0	0.0	3.0	6.0	1.0
112	1.0	2.0	0.0	1.0	2.668	6.332	1.0
113	3.0	0.0	1.0	0.0	3.0	6.0	1.0
114	1.0	0.0	1.0	0.0	1.0	2.0	1.0
115	1.0	0.0	1.0	0.0	0.3330000000000002	2.667	1.0
116	2.0	2.0	2.0	2.0	1.6660000000000004	7.334	3.0
117	2.0	0.0	1.0	0.0	0.6660000000000004	5.334	1.0
118	0.0	0.0	0.0	0.0	0.0	0.0	0.0
119	3.0	0.0	1.0	0.0	3.0	6.0	1.0
120	1.0	0.0	1.0	0.0	1.0	2.0	1.0
121	2.0	0.0	2.0	0.0	2.068	3.932	2.0
122	2.0	0.0	0.0	0.0	2.0	4.0	0.0
123	2.0	0.0	1.0	0.0	2.0	4.0	1.0
124	3.0	0.0	2.0	0.0	3.0	6.0	2.0
125	0.0	0.0	0.0	0.0	0.0	0.0	0.0
126	2.0	0.0	2.0	0.0	2.0	4.0	2.0
127	0.0	0.0	0.0	0.0	0.0	0.0	0.0
128	1.0	3.0	0.0	2.0	1.6660000000000004	7.334	1.0
129	3.0	1.0	0.0	0.0	2.0	4.0	0.0
130	0.0	1.0	0.0	1.0	1.0	2.0	1.0
131	1.0	0.0	1.0	0.0	0.3330000000000002	2.667	1.0
132	1.0	2.0	0.0	1.0	3.068	5.932	1.0
133	1.0	0.0	0.0	0.0	0.3330000000000002	2.667	0.0
134	0.0	0.0	0.0	0.0	0.0	0.0	0.0
135	3.0	1.0	1.0	1.0	3.736	8.264	2.0
136	2.0	0.0	0.0	0.0	2.0	4.0	0.0
137	3.0	0.0	1.0	0.0	3.0	6.0	1.0
138	3.0	0.0	0.0	0.0	0.9990000000000006	8.001	0.0
139	2.0	0.0	1.0	0.0	2.0	4.0	1.0
140	2.0	0.0	1.0	0.0	2.0	4.0	1.0
141	1.0	2.0	1.0	0.0	0.9990000000000006	8.001	1.0
142	3.0	0.0	1.0	0.0	3.0	6.0	1.0
143	1.0	2.0	0.0	1.0	1.6660000000000004	7.334	1.0
144	1.0	2.0	0.0	1.0	0.6660000000000004	5.334	1.0
145	0.0	2.0	0.0	1.0	1.3330000000000002	4.667	1.0
146	0.0	1.0	0.0	1.0	0.3330000000000002	2.667	1.0
147	4.0	2.0	2.0	2.0	3.733	8.267	2.0
148	2.0	1.0	2.0	1.0	2.0	7.0	3.0
149	2.0	1.0	2.0	0.0	3.0	6.0	2.0
150	3.0	1.0	1.0	0.0	4.0	8.0	1.0
151	1.0	1.0	0.0	0.0	2.0	4.0	0.0
152	2.0	1.0	1.0	0.0	3.0	6.0	1.0
153	2.0	2.0	1.0	0.0	4.0	8.0	1.0
154	1.0	1.0	0.0	1.0	1.3330000000000002	4.667	1.0
155	3.0	0.0	3.0	0.0	3.0	6.0	3.0
156	2.0	0.0	2.0	0.0	1.3360000000000003	4.664	2.0
157	1.0	0.0	1.0	0.0	1.0	2.0	1.0
158	1.0	0.0	1.0	0.0	0.3330000000000002	2.667	1.0
159	0.0	0.0	0.0	0.0	0.0	0.0	0.0
160	2.0	1.0	1.0	0.0	2.0	4.0	1.0
161	0.0	0.0	0.0	0.0	0.0	0.0	0.0
162	1.0	0.0	1.0	0.0	0.3330000000000002	2.667	1.0
163	3.0	0.0	3.0	0.0	1.6680000000000001	4.332	2.0
164	1.0	0.0	1.0	0.0	0.3330000000000002	2.667	1.0
165	2.0	2.0	1.0	1.0	3.668	8.332	2.0
166	1.0	0.0	0.0	0.0	1.0	2.0	0.0
167	2.0	1.0	2.0	0.0	3.0	6.0	2.0
168	2.0	2.0	1.0	1.0	3.0690000000000004	8.931	2.0
169	2.0	3.0	2.0	1.0	3.4010000000000002	8.599	3.0
170	2.0	1.0	1.0	1.0	1.3330000000000002	4.667	1.0
171	2.0	0.0	2.0	0.0	0.6660000000000004	5.334	2.0
172	4.0	3.0	4.0	3.0	4.333	10.667	5.0
173	2.0	0.0	0.0	0.0	2.0	4.0	0.0
174	0.0	2.0	0.0	2.0	1.3330000000000002	4.667	2.0
175	0.0	1.0	0.0	0.0	0.6680000000000001	2.332	0.0
176	1.0	0.0	1.0	0.0	1.0	2.0	1.0
177	1.0	1.0	1.0	1.0	0.6680000000000001	2.332	1.0
178	3.0	0.0	2.0	0.0	3.068	5.932	2.0
179	2.0	1.0	1.0	0.0	2.0	4.0	1.0
180	2.0	0.0	1.0	0.0	0.6660000000000004	5.334	1.0
181	2.0	0.0	2.0	0.0	2.0	4.0	2.0
182	2.0	0.0	2.0	0.0	2.0	4.0	2.0
183	4.0	0.0	3.0	0.0	3.668	8.332	3.0
184	4.0	0.0	3.0	0.0	4.0	8.0	3.0
185	1.0	0.0	0.0	0.0	0.3330000000000002	2.667	0.0
186	2.0	0.0	1.0	0.0	2.8	3.2	1.0
187	2.0	1.0	0.0	1.0	2.668	6.332	1.0
188	3.0	0.0	1.0	0.0	3.0	6.0	1.0
189	4.0	1.0	1.0	0.0	5.0	10.0	1.0
190	1.0	1.0	1.0	1.0	1.3330000000000002	4.667	2.0
191	1.0	0.0	1.0	0.0	0.3330000000000002	2.667	1.0
192	2.0	0.0	1.0	0.0	0.6660000000000004	5.334	1.0
193	2.0	0.0	1.0	0.0	2.0	4.0	1.0
194	2.0	1.0	2.0	1.0	2.0	4.0	2.0
195	2.0	0.0	1.0	0.0	1.3360000000000003	4.664	1.0
196	0.0	0.0	0.0	0.0	0.0	0.0	0.0
197	2.0	1.0	2.0	1.0	2.668	6.332	3.0
198	2.0	2.0	1.0	0.0	4.0	8.0	1.0
199	2.0	1.0	2.0	1.0	1.0010000000000003	4.999	2.0
200	3.0	0.0	1.0	0.0	3.0	6.0	1.0
201	1.0	0.0	1.0	0.0	0.6680000000000001	2.332	1.0
202	2.0	1.0	1.0	0.0	0.6660000000000004	5.334	1.0
203	0.0	0.0	0.0	0.0	0.0	0.0	0.0
204	3.0	2.0	3.0	1.0	3.333	8.667	3.0
205	1.0	2.0	1.0	0.0	2.0	4.0	1.0
206	2.0	1.0	1.0	1.0	1.3360000000000003	7.664	2.0
207	1.0	3.0	1.0	2.0	2.333	6.667	2.0
208	1.0	0.0	0.0	0.0	1.0	2.0	0.0
209	3.0	1.0	1.0	1.0	3.0040000000000004	8.995999999999999	2.0
210	1.0	0.0	1.0	0.0	0.3330000000000002	2.667	1.0
211	1.0	1.0	1.0	1.0	2.0	4.0	2.0
212	4.0	0.0	4.0	0.0	4.0	8.0	4.0
213	1.0	1.0	1.0	1.0	0.3330000000000002	2.667	1.0
214	2.0	1.0	1.0	0.0	3.0	6.0	1.0
215	0.0	3.0	0.0	2.0	1.3330000000000002	4.667	1.0
216	3.0	4.0	3.0	1.0	6.0	12.0	4.0
217	1.0	5.0	1.0	2.0	2.333	9.667	2.0
218	1.0	0.0	1.0	0.0	1.0	2.0	1.0
219	2.0	0.0	2.0	0.0	1.3360000000000003	4.664	2.0
220	0.0	0.0	0.0	0.0	0.0	0.0	0.0
221	3.0	0.0	2.0	0.0	0.9990000000000006	8.001	2.0
222	1.0	0.0	1.0	0.0	1.0	2.0	1.0
223	1.0	0.0	1.0	0.0	0.3330000000000002	2.667	1.0
224	2.0	0.0	1.0	0.0	2.0	4.0	1.0
225	3.0	0.0	3.0	0.0	3.0	6.0	3.0
226	3.0	0.0	1.0	0.0	3.0	6.0	1.0
227	1.0	1.0	1.0	0.0	0.6660000000000004	5.334	1.0
228	1.0	0.0	1.0	0.0	1.0	2.0	1.0
229	2.0	0.0	2.0	0.0	2.0	4.0	2.0
230	2.0	0.0	0.0	0.0	2.0	4.0	0.0
231	3.0	0.0	2.0	0.0	3.0	6.0	2.0
232	2.0	1.0	1.0	1.0	3.0	6.0	2.0
233	1.0	0.0	1.0	0.0	1.0	2.0	1.0
234	1.0	1.0	1.0	1.0	1.6680000000000001	4.332	2.0
235	2.0	0.0	1.0	0.0	0.6660000000000004	5.334	1.0
236	1.0	0.0	1.0	0.0	0.3330000000000002	2.667	1.0
237	1.0	0.0	0.0	0.0	0.3330000000000002	2.667	0.0
238	1.0	0.0	1.0	0.0	1.0	2.0	1.0
239	2.0	1.0	1.0	0.0	2.3360000000000003	6.664	1.0
240	2.0	0.0	2.0	0.0	0.6660000000000004	5.334	2.0
241	3.0	0.0	2.0	0.0	3.0	6.0	2.0
242	1.0	0.0	1.0	0.0	0.3330000000000002	2.667	1.0
243	0.0	0.0	0.0	0.0	0.0	0.0	0.0
244	1.0	0.0	1.0	0.0	0.3330000000000002	2.667	1.0
245	3.0	0.0	2.0	0.0	2.3360000000000003	6.664	2.0
246	1.0	1.0	1.0	1.0	1.0	2.0	1.0
247	1.0	0.0	1.0	0.0	0.6680000000000001	2.332	1.0
248	3.0	0.0	2.0	0.0	0.9990000000000006	8.001	2.0
249	0.0	0.0	0.0	0.0	0.0	0.0	0.0
250	1.0	0.0	1.0	0.0	0.3330000000000002	2.667	1.0
251	1.0	0.0	1.0	0.0	0.3330000000000002	2.667	1.0
252	1.0	0.0	0.0	0.0	1.0	2.0	0.0
253	1.0	0.0	0.0	0.0	0.3330000000000002	2.667	0.0
254	5.0	1.0	2.0	1.0	5.001	12.998999999999999	3.0
255	1.0	3.0	1.0	3.0	0.6660000000000004	5.334	2.0
256	0.0	0.0	0.0	0.0	0.0	0.0	0.0
257	1.0	0.0	1.0	0.0	1.0	2.0	1.0
258	3.0	0.0	2.0	0.0	2.736	6.263999999999999	2.0
259	0.0	0.0	0.0	0.0	0.0	0.0	0.0
260	2.0	0.0	0.0	0.0	0.6660000000000004	5.334	0.0
261	2.0	0.0	1.0	0.0	2.0	4.0	1.0
262	1.0	2.0	1.0	1.0	2.668	6.332	2.0
263	3.0	0.0	2.0	0.0	3.0	6.0	2.0
264	2.0	0.0	0.0	0.0	2.0	4.0	0.0
265	0.0	0.0	0.0	0.0	0.0	0.0	0.0
266	1.0	0.0	1.0	0.0	0.3330000000000002	2.667	1.0
267	2.0	1.0	1.0	1.0	2.0	4.0	1.0
268	2.0	3.0	1.0	3.0	4.0	8.0	3.0
269	1.0	0.0	1.0	0.0	1.0	2.0	1.0
270	3.0	0.0	1.0	0.0	2.736	6.263999999999999	1.0
271	0.0	2.0	0.0	2.0	0.3330000000000002	2.667	1.0
272	0.0	0.0	0.0	0.0	0.0	0.0	0.0
273	2.0	0.0	1.0	0.0	0.6660000000000004	5.334	1.0
274	2.0	0.0	1.0	0.0	1.6680000000000001	4.332	1.0
275	2.0	3.0	2.0	1.0	1.3320000000000007	10.668	3.0
276	1.0	4.0	1.0	4.0	2.4010000000000002	6.599	3.0
277	3.0	0.0	1.0	0.0	2.736	6.263999999999999	1.0
278	2.0	0.0	2.0	0.0	0.6660000000000004	5.334	2.0
279	0.0	2.0	0.0	1.0	0.6660000000000004	5.334	1.0
280	3.0	1.0	1.0	1.0	4.0	8.0	2.0
281	2.0	0.0	1.0	0.0	2.0	4.0	1.0
282	1.0	0.0	1.0	0.0	0.3330000000000002	2.667	1.0
283	2.0	0.0	1.0	0.0	2.0	4.0	1.0
284	2.0	0.0	1.0	0.0	1.6680000000000001	4.332	1.0
285	1.0	3.0	1.0	1.0	2.0010000000000003	6.999	2.0
286	1.0	0.0	1.0	0.0	1.0	2.0	1.0
287	3.0	1.0	3.0	1.0	4.0	8.0	4.0
288	1.0	0.0	0.0	0.0	1.0	2.0	0.0
289	2.0	0.0	1.0	0.0	0.6660000000000004	5.334	1.0
290	3.0	1.0	2.0	1.0	4.0	8.0	3.0
291	3.0	0.0	2.0	0.0	1.6680000000000001	4.332	1.0
292	2.0	2.0	1.0	1.0	2.0	4.0	1.0
293	2.0	0.0	2.0	0.0	2.0	4.0	2.0
294	3.0	1.0	0.0	1.0	3.668	8.332	1.0
295	0.0	0.0	0.0	0.0	0.0	0.0	0.0
296	3.0	0.0	2.0	0.0	3.0	6.0	2.0
297	1.0	4.0	1.0	2.0	1.6660000000000004	7.334	2.0
298	2.0	1.0	1.0	1.0	3.0	6.0	2.0
299	1.0	2.0	1.0	2.0	2.0	4.0	2.0
300	2.0	2.0	1.0	1.0	3.333	8.667	2.0
301	0.0	0.0	0.0	0.0	0.0	0.0	0.0
302	0.0	0.0	0.0	0.0	0.0	0.0	0.0
303	0.0	0.0	0.0	0.0	0.0	0.0	0.0
304	1.0	3.0	0.0	1.0	0.9990000000000006	8.001	1.0
305	0.0	3.0	0.0	3.0	0.6660000000000004	5.334	2.0
306	0.0	0.0	0.0	0.0	0.0	0.0	0.0
307	2.0	0.0	2.0	0.0	0.6660000000000004	5.334	2.0
308	3.0	0.0	3.0	0.0	3.0	6.0	3.0
309	2.0	0.0	1.0	0.0	2.0	4.0	1.0
310	3.0	1.0	2.0	1.0	3.0	6.0	2.0
311	0.0	0.0	0.0	0.0	0.0	0.0	0.0
312	1.0	0.0	1.0	0.0	0.3330000000000002	2.667	1.0
313	3.0	0.0	1.0	0.0	3.0	6.0	1.0
314	2.0	1.0	2.0	1.0	0.9990000000000006	8.001	3.0
315	2.0	1.0	0.0	0.0	2.668	6.332	0.0
316	2.0	4.0	2.0	1.0	5.336	12.664	3.0
317	3.0	0.0	1.0	0.0	3.0	6.0	1.0
318	2.0	0.0	1.0	0.0	0.6660000000000004	5.334	1.0
319	1.0	0.0	0.0	0.0	1.0	2.0	0.0
320	0.0	0.0	0.0	0.0	0.0	0.0	0.0
321	1.0	1.0	1.0	1.0	0.3330000000000002	2.667	1.0
322	2.0	1.0	2.0	1.0	0.6660000000000004	5.334	2.0
323	3.0	4.0	1.0	3.0	4.3340000000000005	13.666	3.0
324	0.0	2.0	0.0	2.0	0.6680000000000001	2.332	1.0
325	1.0	3.0	1.0	2.0	1.6660000000000004	7.334	2.0
326	0.0	0.0	0.0	0.0	0.0	0.0	0.0
327	2.0	0.0	1.0	0.0	1.6680000000000001	4.332	1.0
328	0.0	1.0	0.0	1.0	0.6680000000000001	2.332	1.0
329	0.0	0.0	0.0	0.0	0.0	0.0	0.0
330	2.0	1.0	2.0	0.0	3.0	6.0	2.0
331	2.0	1.0	1.0	1.0	0.9990000000000006	8.001	2.0
332	2.0	3.0	1.0	2.0	3.0	6.0	2.0
333	2.0	0.0	1.0	0.0	2.0	4.0	1.0
334	0.0	2.0	0.0	2.0	1.0	2.0	1.0
335	0.0	0.0	0.0	0.0	0.0	0.0	0.0
336	2.0	0.0	2.0	0.0	1.3360000000000003	4.664	2.0
337	1.0	0.0	1.0	0.0	0.3330000000000002	2.667	1.0
338	1.0	3.0	1.0	3.0	1.3320000000000007	10.668	4.0
339	2.0	2.0	1.0	0.0	2.668	6.332	1.0
340	0.0	6.0	0.0	3.0	2.3320000000000007	12.668	3.0
341	1.0	0.0	1.0	0.0	0.3330000000000002	2.667	1.0
342	2.0	1.0	1.0	0.0	2.668	6.332	1.0
343	2.0	3.0	1.0	2.0	4.333	10.667	3.0
344	1.0	3.0	0.0	2.0	3.736	8.264	2.0
345	0.0	3.0	0.0	3.0	0.6660000000000004	5.334	2.0
346	2.0	2.0	2.0	1.0	2.6660000000000004	9.334	3.0
347	2.0	0.0	1.0	0.0	0.6660000000000004	5.334	1.0
348	2.0	4.0	1.0	4.0	2.9990000000000006	12.001	4.0
349	2.0	0.0	1.0	0.0	0.6660000000000004	5.334	1.0
350	0.0	5.0	0.0	3.0	2.333	6.667	2.0
351	0.0	0.0	0.0	0.0	0.0	0.0	0.0
352	0.0	0.0	0.0	0.0	0.0	0.0	0.0
353	2.0	3.0	1.0	1.0	1.9990000000000006	10.001	2.0
354	1.0	3.0	0.0	1.0	1.6690000000000005	7.3309999999999995	1.0
355	1.0	2.0	1.0	0.0	2.068	3.932	1.0
356	3.0	3.0	1.0	2.0	3.4	5.6	1.0
357	4.0	0.0	3.0	0.0	4.0	8.0	3.0
358	3.0	1.0	1.0	1.0	4.0	8.0	2.0
359	3.0	0.0	2.0	0.0	3.0	6.0	2.0
360	0.0	0.0	0.0	0.0	0.0	0.0	0.0
361	1.0	0.0	0.0	0.0	0.3330000000000002	2.667	0.0
362	2.0	0.0	1.0	0.0	2.0	4.0	1.0
363	2.0	0.0	1.0	0.0	2.0	4.0	1.0
364	1.0	3.0	0.0	1.0	2.668	6.332	1.0
365	4.0	2.0	3.0	1.0	5.804	12.195999999999998	4.0
366	0.0	2.0	0.0	1.0	1.3330000000000002	4.667	1.0
367	1.0	1.0	1.0	0.0	0.6660000000000004	5.334	1.0
368	2.0	0.0	1.0	0.0	2.0	4.0	1.0
369	2.0	0.0	1.0	0.0	2.0	4.0	1.0
370	2.0	4.0	1.0	4.0	1.6660000000000004	7.334	2.0
371	2.0	5.0	1.0	3.0	5.333	12.667	3.0
372	1.0	5.0	1.0	3.0	1.9990000000000006	10.001	3.0
373	1.0	0.0	1.0	0.0	0.3330000000000002	2.667	1.0
374	1.0	0.0	0.0	0.0	1.4	1.6	0.0
375	1.0	3.0	1.0	3.0	1.6660000000000004	7.334	3.0
376	3.0	1.0	0.0	0.0	1.3320000000000007	10.668	0.0
377	1.0	1.0	1.0	1.0	2.0	4.0	2.0
378	0.0	1.0	0.0	1.0	0.3330000000000002	2.667	1.0
379	2.0	4.0	1.0	3.0	4.001	10.998999999999999	3.0
380	0.0	0.0	0.0	0.0	0.0	0.0	0.0
381	0.0	0.0	0.0	0.0	0.0	0.0	0.0
382	0.0	0.0	0.0	0.0	0.0	0.0	0.0
383	0.0	0.0	0.0	0.0	0.0	0.0	0.0
384	1.0	1.0	1.0	0.0	0.6660000000000004	5.334	1.0
385	1.0	1.0	0.0	0.0	0.3330000000000002	2.667	0.0
386	1.0	2.0	1.0	2.0	1.0	2.0	1.0
387	2.0	3.0	2.0	1.0	2.333	6.667	2.0
388	4.0	0.0	2.0	0.0	4.136	7.864	2.0
389	2.0	1.0	2.0	1.0	3.0	6.0	3.0
390	2.0	1.0	0.0	0.0	1.3330000000000002	4.667	0.0
391	1.0	0.0	1.0	0.0	1.0	2.0	1.0
392	1.0	1.0	1.0	1.0	1.0010000000000003	4.999	2.0
393	3.0	0.0	2.0	0.0	3.468	5.532	2.0
394	2.0	1.0	1.0	1.0	2.668	6.332	2.0
395	2.0	1.0	1.0	1.0	2.0	4.0	1.0
396	2.0	0.0	1.0	0.0	0.6660000000000004	5.334	1.0
397	1.0	2.0	1.0	1.0	2.3360000000000003	6.664	2.0
398	2.0	0.0	1.0	0.0	2.0	4.0	1.0
399	1.0	0.0	1.0	0.0	1.0	2.0	1.0
400	0.0	0.0	0.0	0.0	0.0	0.0	0.0
401	0.0	1.0	0.0	0.0	0.3330000000000002	2.667	0.0
402	1.0	3.0	1.0	2.0	2.6660000000000004	9.334	3.0
403	2.0	0.0	2.0	0.0	2.0	4.0	2.0
404	3.0	0.0	2.0	0.0	3.0	6.0	2.0
405	2.0	4.0	2.0	0.0	4.668	10.332	2.0
406	3.0	0.0	1.0	0.0	3.0	6.0	1.0
407	2.0	0.0	2.0	0.0	2.0	4.0	2.0
408	0.0	1.0	0.0	1.0	1.0	2.0	1.0
409	0.0	0.0	0.0	0.0	0.0	0.0	0.0
410	2.0	4.0	2.0	1.0	2.9990000000000006	12.001	3.0
411	2.0	4.0	1.0	3.0	4.333	13.667	4.0
412	2.0	2.0	1.0	2.0	2.333	6.667	2.0
413	3.0	3.0	3.0	2.0	2.3340000000000005	9.666	3.0
414	1.0	3.0	1.0	1.0	3.068	8.932	2.0
415	2.0	2.0	1.0	1.0	1.3320000000000007	10.668	2.0
416	2.0	4.0	2.0	4.0	3.668	8.332	4.0
417	0.0	2.0	0.0	1.0	1.0010000000000003	4.999	1.0
418	1.0	4.0	1.0	1.0	2.9990000000000006	12.001	2.0
419	3.0	5.0	2.0	4.0	2.9990000000000006	12.001	3.0
420	1.0	4.0	1.0	3.0	1.6660000000000004	7.334	2.0
421	3.0	4.0	2.0	2.0	5.0	10.0	3.0
422	2.0	1.0	2.0	1.0	3.0	6.0	3.0
423	4.0	4.0	4.0	2.0	6.668	14.332	5.0
424	2.0	1.0	2.0	0.0	2.736	6.263999999999999	2.0
425	1.0	3.0	0.0	2.0	2.0020000000000007	9.998	2.0
426	3.0	1.0	1.0	0.0	4.0	8.0	1.0
427	2.0	2.0	1.0	1.0	2.3360000000000003	6.664	2.0
428	2.0	2.0	0.0	0.0	2.0	4.0	0.0
429	1.0	1.0	1.0	1.0	2.0	4.0	2.0
430	0.0	0.0	0.0	0.0	0.0	0.0	0.0
431	2.0	0.0	2.0	0.0	0.6660000000000004	5.334	2.0
432	1.0	0.0	1.0	0.0	0.3330000000000002	2.667	1.0
433	2.0	0.0	2.0	0.0	2.0	4.0	2.0
434	0.0	1.0	0.0	1.0	0.3330000000000002	2.667	1.0
435	2.0	1.0	0.0	0.0	2.0	4.0	0.0
436	2.0	0.0	2.0	0.0	2.0	4.0	2.0
437	2.0	3.0	1.0	1.0	2.736	9.264	2.0
438	0.0	0.0	0.0	0.0	0.0	0.0	0.0
439	1.0	2.0	0.0	2.0	1.6690000000000005	7.3309999999999995	2.0
440	4.0	1.0	1.0	1.0	3.668	8.332	1.0
441	3.0	4.0	2.0	3.0	4.333	10.667	3.0
442	2.0	3.0	0.0	2.0	3.333	8.667	2.0
443	1.0	3.0	0.0	3.0	1.3320000000000007	10.668	3.0
444	1.0	0.0	1.0	0.0	0.3330000000000002	2.667	1.0
445	3.0	0.0	3.0	0.0	1.6680000000000001	4.332	2.0
446	2.0	4.0	2.0	2.0	2.6660000000000004	9.334	2.0
447	2.0	1.0	2.0	1.0	3.0	6.0	3.0
448	0.0	3.0	0.0	1.0	2.0010000000000003	6.999	1.0
449	1.0	3.0	1.0	1.0	1.6670000000000007	10.332999999999998	2.0
450	2.0	4.0	1.0	2.0	3.333	8.667	2.0
451	1.0	2.0	1.0	1.0	1.3330000000000002	4.667	1.0
452	2.0	1.0	1.0	0.0	2.333	6.667	1.0
453	0.0	0.0	0.0	0.0	0.0	0.0	0.0
454	1.0	0.0	0.0	0.0	1.0	2.0	0.0
455	0.0	0.0	0.0	0.0	0.0	0.0	0.0
456	0.0	0.0	0.0	0.0	0.0	0.0	0.0
457	0.0	0.0	0.0	0.0	0.0	0.0	0.0
458	0.0	1.0	0.0	1.0	1.0	2.0	1.0
459	0.0	3.0	0.0	2.0	0.6660000000000004	5.334	1.0
460	1.0	2.0	1.0	1.0	2.0	4.0	1.0
461	0.0	2.0	0.0	1.0	1.3330000000000002	4.667	1.0
462	2.0	0.0	1.0	0.0	0.6660000000000004	5.334	1.0
463	2.0	3.0	2.0	2.0	3.4	5.6	2.0
464	2.0	0.0	1.0	0.0	2.0	4.0	1.0
465	1.0	3.0	1.0	2.0	2.0010000000000003	6.999	2.0
466	2.0	2.0	0.0	2.0	3.8	5.2	1.0
467	1.0	1.0	1.0	0.0	2.068	3.932	1.0
468	1.0	0.0	1.0	0.0	1.0	2.0	1.0
469	2.0	2.0	1.0	1.0	3.668	8.332	2.0
470	1.0	0.0	1.0	0.0	0.3330000000000002	2.667	1.0
471	1.0	2.0	1.0	0.0	0.9990000000000006	8.001	1.0
472	2.0	0.0	1.0	0.0	2.0	4.0	1.0
473	1.0	5.0	1.0	3.0	0.9990000000000006	8.001	2.0
474	1.0	0.0	1.0	0.0	0.3330000000000002	2.667	1.0
475	1.0	2.0	1.0	1.0	2.668	6.332	2.0
476	1.0	0.0	1.0	0.0	0.6680000000000001	2.332	1.0
477	1.0	0.0	1.0	0.0	1.0	2.0	1.0
478	3.0	0.0	1.0	0.0	0.9990000000000006	8.001	1.0
479	2.0	3.0	1.0	1.0	2.668	9.332	2.0
480	1.0	0.0	1.0	0.0	1.0	2.0	1.0
481	2.0	0.0	1.0	0.0	2.0	4.0	1.0
482	1.0	0.0	0.0	0.0	0.3330000000000002	2.667	0.0
483	1.0	3.0	1.0	2.0	4.0	8.0	3.0
484	0.0	0.0	0.0	0.0	0.0	0.0	0.0
485	0.0	0.0	0.0	0.0	0.0	0.0	0.0
486	0.0	0.0	0.0	0.0	0.0	0.0	0.0
487	1.0	0.0	0.0	0.0	1.0	2.0	0.0
488	1.0	0.0	1.0	0.0	1.0	2.0	1.0
489	1.0	1.0	1.0	0.0	0.6660000000000004	5.334	1.0
490	1.0	1.0	1.0	1.0	0.3330000000000002	2.667	1.0
491	1.0	0.0	0.0	0.0	1.0	2.0	0.0
492	1.0	1.0	1.0	1.0	1.3330000000000002	4.667	2.0
493	1.0	3.0	1.0	2.0	1.3340000000000005	7.6659999999999995	2.0
494	1.0	0.0	1.0	0.0	0.3330000000000002	2.667	1.0
495	1.0	1.0	1.0	1.0	0.6660000000000004	5.334	2.0
496	1.0	1.0	0.0	1.0	0.6660000000000004	5.334	1.0
497	2.0	0.0	2.0	0.0	0.6660000000000004	5.334	2.0
498	2.0	3.0	1.0	0.0	4.0	8.0	1.0
499	1.0	3.0	1.0	1.0	0.9990000000000006	11.001	2.0
500	0.0	3.0	0.0	1.0	0.9990000000000006	8.001	1.0
501	0.0	3.0	0.0	3.0	1.6660000000000004	7.334	3.0
502	2.0	4.0	1.0	3.0	3.333	8.667	3.0
503	0.0	3.0	0.0	2.0	1.3330000000000002	4.667	1.0
504	0.0	2.0	0.0	2.0	0.3330000000000002	2.667	1.0
505	0.0	1.0	0.0	0.0	0.3330000000000002	2.667	0.0
506	1.0	2.0	1.0	1.0	2.333	6.667	2.0
507	0.0	2.0	0.0	0.0	0.6660000000000004	5.334	0.0
508	2.0	1.0	0.0	0.0	0.6660000000000004	5.334	0.0
509	0.0	2.0	0.0	1.0	0.6660000000000004	5.334	1.0
510	1.0	3.0	1.0	1.0	0.9990000000000006	8.001	2.0
511	1.0	1.0	0.0	0.0	0.6660000000000004	5.334	0.0
512	0.0	2.0	0.0	2.0	0.6660000000000004	5.334	2.0
513	1.0	1.0	0.0	0.0	1.0010000000000003	4.999	0.0
514	0.0	0.0	0.0	0.0	0.0	0.0	0.0
515	0.0	0.0	0.0	0.0	0.0	0.0	0.0
516	0.0	0.0	0.0	0.0	0.0	0.0	0.0
