pos	Sd	Nd	Sd_tip	Nd_tip	S	N	comparisons
001	0.0	0.0	0.0	0.0	0.0	0.0	0.0
002	1.0	0.0	0.0	0.0	0.3330000000000002	2.667	0.0
003	2.0	0.0	1.0	0.0	2.0	4.0	1.0
004	1.0	1.0	0.0	0.0	0.3330000000000002	2.667	0.0
005	1.0	2.0	1.0	0.0	1.0	5.0	1.0
006	0.0	0.0	0.0	0.0	0.0	0.0	0.0
007	0.0	0.0	0.0	0.0	0.0	0.0	0.0
008	2.0	1.0	0.0	0.0	1.0010000000000003	4.999	0.0
009	1.0	1.0	1.0	1.0	0.3330000000000002	2.667	1.0
010	1.0	0.0	1.0	0.0	0.6680000000000001	2.332	1.0
011	1.0	1.0	1.0	1.0	1.3330000000000002	4.667	2.0
012	1.0	1.0	0.0	0.0	1.0	2.0	0.0
013	2.0	3.0	0.0	1.0	2.6660000000000004	9.334	1.0
014	0.0	0.0	0.0	0.0	0.0	0.0	0.0
015	2.0	2.0	0.0	2.0	2.333	6.667	1.0
016	1.0	3.0	1.0	1.0	3.4	5.6	1.0
017	1.0	2.0	0.0	2.0	1.3330000000000002	4.667	1.0
018	0.0	2.0	0.0	2.0	1.0	2.0	1.0
019	3.0	0.0	1.0	0.0	3.0	6.0	1.0
020	2.0	0.0	1.0	0.0	2.0	4.0	1.0
021	2.0	0.0	1.0	0.0	2.0	4.0	1.0
022	1.0	0.0	1.0	0.0	0.3330000000000002	2.667	1.0
023	2.0	0.0	1.0	0.0	2.0	4.0	1.0
024	1.0	2.0	1.0	2.0	1.0	2.0	1.0
025	1.0	0.0	0.0	0.0	1.0	2.0	0.0
026	2.0	0.0	1.0	0.0	2.0	4.0	1.0
027	0.0	0.0	0.0	0.0	0.0	0.0	0.0
028	1.0	0.0	1.0	0.0	1.0	2.0	1.0
029	1.0	0.0	0.0	0.0	1.0	2.0	0.0
030	1.0	3.0	0.0	3.0	2.333	6.667	2.0
031	3.0	3.0	1.0	2.0	5.0	10.0	2.0
032	4.0	3.0	3.0	2.0	5.668	12.332	4.0
033	1.0	2.0	0.0	2.0	0.6660000000000004	5.334	1.0
034	2.0	2.0	1.0	1.0	4.0	8.0	2.0
035	2.0	0.0	1.0	0.0	2.0	4.0	1.0
036	0.0	1.0	0.0	0.0	0.3330000000000002	2.667	0.0
037	2.0	2.0	1.0	0.0	1.3330000000000002	4.667	1.0
038	1.0	0.0	1.0	0.0	1.0	2.0	1.0
039	2.0	4.0	1.0	0.0	3.333	8.667	1.0
040	2.0	1.0	1.0	0.0	2.0	4.0	1.0
041	2.0	0.0	0.0	0.0	2.0	4.0	0.0
042	1.0	0.0	1.0	0.0	1.0	2.0	1.0
043	2.0	2.0	0.0	2.0	3.0	6.0	1.0
044	2.0	1.0	1.0	1.0	3.0	6.0	2.0
045	1.0	0.0	1.0	0.0	1.0	2.0	1.0
046	2.0	0.0	1.0	0.0	2.0	4.0	1.0
047	0.0	0.0	0.0	0.0	0.0	0.0	0.0
048	0.0	0.0	0.0	0.0	0.0	0.0	0.0
049	2.0	0.0	2.0	0.0	2.0	4.0	2.0
050	0.0	2.0	0.0	2.0	0.3330000000000002	2.667	1.0
051	1.0	0.0	1.0	0.0	1.0	2.0	1.0
052	3.0	0.0	1.0	0.0	3.0	6.0	1.0
053	4.0	0.0	0.0	0.0	1.6680000000000001	4.332	0.0
054	3.0	1.0	2.0	1.0	2.333	6.667	2.0
055	2.0	2.0	1.0	0.0	3.0	6.0	1.0
056	2.0	0.0	0.0	0.0	1.3360000000000003	4.664	0.0
057	2.0	0.0	1.0	0.0	2.0	4.0	1.0
058	1.0	0.0	1.0	0.0	1.0	2.0	1.0
059	2.0	0.0	0.0	0.0	2.0	4.0	0.0
060	3.0	0.0	1.0	0.0	3.0	6.0	1.0
061	0.0	1.0	0.0	1.0	1.0	2.0	1.0
062	2.0	0.0	0.0	0.0	0.6660000000000004	5.334	0.0
063	2.0	0.0	1.0	0.0	2.0	4.0	1.0
064	0.0	1.0	0.0	0.0	1.0	2.0	0.0
065	1.0	0.0	0.0	0.0	0.3330000000000002	2.667	0.0
066	2.0	0.0	0.0	0.0	2.0	4.0	0.0
067	0.0	1.0	0.0	1.0	0.3330000000000002	2.667	1.0
068	1.0	0.0	0.0	0.0	1.0	2.0	0.0
069	0.0	0.0	0.0	0.0	0.0	0.0	0.0
070	2.0	0.0	2.0	0.0	2.0	4.0	2.0
071	3.0	0.0	2.0	0.0	3.0	6.0	2.0
072	1.0	1.0	0.0	1.0	1.3330000000000002	4.667	1.0
073	3.0	2.0	0.0	0.0	1.3330000000000002	4.667	0.0
074	2.0	0.0	1.0	0.0	2.0	4.0	1.0
075	0.0	0.0	0.0	0.0	0.0	0.0	0.0
076	0.0	2.0	0.0	2.0	2.0	4.0	2.0
077	2.0	0.0	1.0	0.0	2.0	4.0	1.0
078	2.0	1.0	1.0	1.0	3.0	6.0	2.0
079	1.0	0.0	0.0	0.0	1.0	2.0	0.0
080	1.0	0.0	0.0	0.0	1.0	2.0	0.0
081	1.0	2.0	1.0	0.0	1.6660000000000004	7.334	1.0
082	1.0	2.0	0.0	0.0	1.3330000000000002	4.667	0.0
083	1.0	0.0	1.0	0.0	0.3330000000000002	2.667	1.0
084	1.0	0.0	0.0	0.0	0.3330000000000002	2.667	0.0
085	0.0	0.0	0.0	0.0	0.0	0.0	0.0
086	0.0	0.0	0.0	0.0	0.0	0.0	0.0
087	2.0	1.0	0.0	0.0	3.0	6.0	0.0
088	3.0	0.0	2.0	0.0	1.6680000000000001	4.332	1.0
089	2.0	1.0	2.0	1.0	1.0010000000000003	4.999	2.0
090	3.0	2.0	1.0	1.0	4.333	10.667	2.0
091	1.0	0.0	0.0	0.0	1.0	2.0	0.0
092	1.0	2.0	1.0	1.0	0.9990000000000006	8.001	2.0
093	2.0	0.0	0.0	0.0	1.3360000000000003	4.664	0.0
094	1.0	1.0	1.0	0.0	2.0	4.0	1.0
095	1.0	2.0	0.0	1.0	2.333	6.667	1.0
096	2.0	0.0	1.0	0.0	0.6660000000000004	5.334	1.0
097	0.0	0.0	0.0	0.0	0.0	0.0	0.0
098	1.0	2.0	1.0	0.0	2.333	6.667	1.0
099	2.0	0.0	0.0	0.0	2.0	4.0	0.0
100	0.0	0.0	0.0	0.0	0.0	0.0	0.0
101	1.0	1.0	0.0	1.0	1.3330000000000002	4.667	1.0
102	1.0	1.0	0.0	0.0	0.6660000000000004	5.334	0.0
103	4.0	0.0	0.0	0.0	2.3360000000000003	6.664	0.0
104	3.0	0.0	1.0	0.0	3.0	6.0	1.0
105	0.0	0.0	0.0	0.0	0.0	0.0	0.0
106	0.0	0.0	0.0	0.0	0.0	0.0	0.0
107	1.0	1.0	1.0	0.0	2.0	4.0	1.0
108	1.0	1.0	0.0	0.0	1.0	2.0	0.0
109	1.0	0.0	0.0	0.0	1.0	2.0	0.0
110	1.0	0.0	0.0	0.0	1.0	2.0	0.0
111	1.0	0.0	0.0	0.0	1.0	2.0	0.0
112	1.0	0.0	0.0	0.0	1.0	2.0	0.0
113	1.0	0.0	0.0	0.0	0.3330000000000002	2.667	0.0
114	4.0	0.0	3.0	0.0	2.668	6.332	2.0
115	3.0	1.0	3.0	0.0	4.0	8.0	3.0
116	2.0	2.0	0.0	0.0	2.0	4.0	0.0
117	0.0	4.0	0.0	1.0	3.0	6.0	1.0
118	2.0	3.0	0.0	0.0	4.0	8.0	0.0
119	2.0	3.0	0.0	1.0	3.0	6.0	1.0
120	0.0	0.0	0.0	0.0	0.0	0.0	0.0
121	2.0	3.0	1.0	1.0	1.6660000000000004	7.334	1.0
122	0.0	0.0	0.0	0.0	0.0	0.0	0.0
123	0.0	4.0	0.0	1.0	1.6660000000000004	7.334	1.0
124	1.0	1.0	0.0	0.0	2.0	4.0	0.0
125	0.0	0.0	0.0	0.0	0.0	0.0	0.0
126	1.0	0.0	1.0	0.0	1.0	2.0	1.0
127	2.0	0.0	1.0	0.0	2.0	4.0	1.0
128	1.0	0.0	0.0	0.0	1.0	2.0	0.0
129	0.0	2.0	0.0	1.0	2.0	4.0	1.0
130	2.0	0.0	0.0	0.0	1.3360000000000003	4.664	0.0
131	1.0	0.0	0.0	0.0	1.0	2.0	0.0
132	1.0	1.0	0.0	0.0	0.6660000000000004	5.334	0.0
133	1.0	1.0	1.0	1.0	0.6660000000000004	5.334	2.0
134	1.0	2.0	1.0	2.0	2.0	4.0	2.0
135	1.0	0.0	1.0	0.0	1.0	2.0	1.0
136	2.0	1.0	0.0	1.0	3.0	6.0	1.0
137	1.0	3.0	1.0	1.0	1.6670000000000007	10.332999999999998	2.0
138	3.0	4.0	1.0	1.0	4.333	10.667	2.0
139	3.0	1.0	2.0	0.0	3.0	6.0	2.0
140	0.0	0.0	0.0	0.0	0.0	0.0	0.0
141	0.0	6.0	0.0	3.0	2.335000000000001	12.665	2.0
142	3.0	2.0	0.0	0.0	3.333	8.667	0.0
143	2.0	1.0	0.0	0.0	3.0	6.0	0.0
144	0.0	1.0	0.0	1.0	1.0	2.0	1.0
145	1.0	3.0	1.0	3.0	2.0	4.0	2.0
146	3.0	0.0	0.0	0.0	2.0040000000000004	6.9959999999999996	0.0
147	3.0	3.0	1.0	1.0	5.0	10.0	2.0
148	1.0	0.0	1.0	0.0	1.0	2.0	1.0
149	1.0	0.0	1.0	0.0	0.3330000000000002	2.667	1.0
150	3.0	0.0	1.0	0.0	3.068	5.932	1.0
151	0.0	0.0	0.0	0.0	0.0	0.0	0.0
152	1.0	2.0	0.0	1.0	2.4	3.6	1.0
153	0.0	0.0	0.0	0.0	0.0	0.0	0.0
154	1.0	0.0	0.0	0.0	1.0	2.0	0.0
155	2.0	0.0	0.0	0.0	0.6660000000000004	5.334	0.0
156	2.0	0.0	1.0	0.0	2.0	4.0	1.0
157	1.0	0.0	0.0	0.0	1.0	2.0	0.0
158	2.0	0.0	2.0	0.0	2.0	4.0	2.0
159	1.0	0.0	0.0	0.0	0.3330000000000002	2.667	0.0
160	1.0	0.0	0.0	0.0	0.3330000000000002	2.667	0.0
161	1.0	1.0	0.0	0.0	0.6660000000000004	5.334	0.0
162	1.0	3.0	0.0	1.0	0.9990000000000006	8.001	1.0
163	2.0	3.0	1.0	1.0	1.665000000000001	13.334999999999999	2.0
164	1.0	2.0	0.0	0.0	1.3330000000000002	4.667	0.0
165	1.0	0.0	0.0	0.0	1.0	2.0	0.0
166	1.0	1.0	0.0	1.0	2.0	4.0	1.0
167	2.0	0.0	0.0	0.0	2.0	4.0	0.0
168	2.0	0.0	1.0	0.0	2.0	4.0	1.0
169	0.0	0.0	0.0	0.0	0.0	0.0	0.0
170	1.0	0.0	0.0	0.0	0.3330000000000002	2.667	0.0
171	2.0	0.0	1.0	0.0	2.0	4.0	1.0
172	2.0	0.0	2.0	0.0	2.0	4.0	2.0
173	2.0	0.0	1.0	0.0	2.0	4.0	1.0
174	3.0	2.0	0.0	1.0	4.0	8.0	1.0
175	0.0	0.0	0.0	0.0	0.0	0.0	0.0
176	2.0	0.0	2.0	0.0	2.0	4.0	2.0
177	2.0	3.0	0.0	0.0	1.3330000000000002	4.667	0.0
178	1.0	2.0	0.0	0.0	1.6680000000000001	4.332	0.0
179	0.0	3.0	0.0	1.0	3.0	6.0	1.0
180	1.0	0.0	0.0	0.0	0.3330000000000002	2.667	0.0
181	0.0	0.0	0.0	0.0	0.0	0.0	0.0
182	2.0	0.0	0.0	0.0	1.3360000000000003	4.664	0.0
183	2.0	2.0	0.0	0.0	1.3330000000000002	4.667	0.0
184	2.0	0.0	0.0	0.0	2.0	4.0	0.0
185	1.0	0.0	1.0	0.0	0.3330000000000002	2.667	1.0
186	2.0	1.0	0.0	1.0	2.333	6.667	1.0
187	3.0	1.0	1.0	0.0	2.668	6.332	1.0
188	1.0	4.0	1.0	1.0	5.068	9.931999999999999	2.0
189	1.0	3.0	0.0	1.0	2.333	6.667	1.0
190	2.0	3.0	0.0	1.0	3.333	8.667	1.0
191	2.0	3.0	1.0	2.0	3.668	8.332	2.0
192	2.0	2.0	0.0	0.0	1.6660000000000004	7.334	0.0
193	0.0	0.0	0.0	0.0	0.0	0.0	0.0
194	1.0	2.0	0.0	1.0	2.4	3.6	1.0
195	1.0	0.0	0.0	0.0	0.3330000000000002	2.667	0.0
196	3.0	0.0	0.0	0.0	3.0	6.0	0.0
197	2.0	0.0	1.0	0.0	2.0	4.0	1.0
198	2.0	2.0	0.0	2.0	2.333	6.667	1.0
199	0.0	0.0	0.0	0.0	0.0	0.0	0.0
200	1.0	0.0	0.0	0.0	1.0	2.0	0.0
201	0.0	0.0	0.0	0.0	0.0	0.0	0.0
202	0.0	0.0	0.0	0.0	0.0	0.0	0.0
203	0.0	0.0	0.0	0.0	0.0	0.0	0.0
204	0.0	1.0	0.0	1.0	1.0	2.0	1.0
205	0.0	0.0	0.0	0.0	0.0	0.0	0.0
206	1.0	0.0	1.0	0.0	1.0	2.0	1.0
207	1.0	2.0	0.0	0.0	2.668	6.332	0.0
208	1.0	0.0	0.0	0.0	0.3330000000000002	2.667	0.0
209	1.0	0.0	0.0	0.0	0.3330000000000002	2.667	0.0
210	2.0	0.0	0.0	0.0	2.0	4.0	0.0
211	1.0	2.0	0.0	0.0	1.3330000000000002	4.667	0.0
212	1.0	0.0	0.0	0.0	1.0	2.0	0.0
213	1.0	0.0	0.0	0.0	0.6680000000000001	2.332	0.0
214	1.0	3.0	0.0	0.0	3.0	6.0	0.0
215	1.0	0.0	0.0	0.0	0.6680000000000001	2.332	0.0
216	1.0	3.0	0.0	1.0	1.6660000000000004	7.334	1.0
217	1.0	2.0	1.0	1.0	2.0	4.0	1.0
218	1.0	3.0	0.0	2.0	1.6680000000000001	4.332	1.0
219	2.0	0.0	1.0	0.0	2.0	4.0	1.0
220	1.0	0.0	0.0	0.0	1.0	2.0	0.0
221	2.0	0.0	1.0	0.0	2.0	4.0	1.0
222	1.0	1.0	0.0	1.0	2.0	4.0	1.0
223	1.0	0.0	0.0	0.0	1.0	2.0	0.0
224	1.0	1.0	1.0	0.0	2.0	4.0	1.0
225	1.0	3.0	1.0	1.0	3.668	8.332	2.0
226	0.0	2.0	0.0	1.0	0.6660000000000004	5.334	1.0
227	1.0	0.0	0.0	0.0	0.3330000000000002	2.667	0.0
228	0.0	1.0	0.0	0.0	0.6680000000000001	2.332	0.0
229	0.0	1.0	0.0	1.0	0.6680000000000001	2.332	1.0
230	1.0	3.0	0.0	2.0	2.0010000000000003	6.999	2.0
231	0.0	0.0	0.0	0.0	0.0	0.0	0.0
232	0.0	1.0	0.0	0.0	1.0	2.0	0.0
233	0.0	0.0	0.0	0.0	0.0	0.0	0.0
234	1.0	4.0	0.0	0.0	2.6660000000000004	9.334	0.0
235	0.0	2.0	0.0	2.0	1.0	2.0	1.0
236	0.0	0.0	0.0	0.0	0.0	0.0	0.0
237	0.0	0.0	0.0	0.0	0.0	0.0	0.0
238	0.0	2.0	0.0	0.0	0.6660000000000004	5.334	0.0
239	1.0	2.0	0.0	1.0	2.0	4.0	1.0
240	1.0	1.0	0.0	0.0	1.0	2.0	0.0
241	0.0	0.0	0.0	0.0	0.0	0.0	0.0
242	3.0	3.0	1.0	1.0	2.6660000000000004	12.334	1.0
243	2.0	1.0	1.0	1.0	3.0	6.0	2.0
244	1.0	1.0	0.0	0.0	1.0	2.0	0.0
245	0.0	1.0	0.0	0.0	0.3330000000000002	2.667	0.0
246	2.0	0.0	0.0	0.0	2.0	4.0	0.0
247	1.0	0.0	0.0	0.0	1.0	2.0	0.0
248	2.0	2.0	1.0	1.0	3.0	6.0	2.0
249	2.0	0.0	2.0	0.0	2.0	4.0	2.0
250	3.0	2.0	1.0	0.0	3.0	6.0	1.0
251	0.0	0.0	0.0	0.0	0.0	0.0	0.0
252	2.0	1.0	0.0	0.0	2.0	4.0	0.0
253	2.0	2.0	0.0	1.0	3.0	6.0	1.0
254	2.0	2.0	1.0	0.0	3.0	6.0	1.0
255	1.0	3.0	1.0	2.0	3.0	6.0	2.0
256	3.0	0.0	1.0	0.0	3.0	6.0	1.0
257	1.0	3.0	1.0	0.0	1.3320000000000007	10.668	1.0
258	1.0	0.0	0.0	0.0	0.3330000000000002	2.667	0.0
259	2.0	2.0	2.0	2.0	3.0	6.0	3.0
260	4.0	1.0	0.0	1.0	2.668	9.332	1.0
261	3.0	0.0	3.0	0.0	3.0	6.0	3.0
262	1.0	0.0	0.0	0.0	0.3330000000000002	2.667	0.0
263	1.0	0.0	1.0	0.0	0.3330000000000002	2.667	1.0
264	1.0	2.0	0.0	2.0	3.0	6.0	2.0
265	1.0	0.0	0.0	0.0	0.3330000000000002	2.667	0.0
266	3.0	0.0	2.0	0.0	3.0	6.0	2.0
267	3.0	0.0	2.0	0.0	2.3360000000000003	6.664	2.0
268	2.0	0.0	0.0	0.0	1.6680000000000001	4.332	0.0
269	0.0	0.0	0.0	0.0	0.0	0.0	0.0
270	2.0	0.0	1.0	0.0	2.0	4.0	1.0
271	2.0	0.0	1.0	0.0	2.0	4.0	1.0
272	1.0	1.0	0.0	1.0	0.6660000000000004	5.334	1.0
273	2.0	1.0	0.0	0.0	2.0	4.0	0.0
274	0.0	2.0	0.0	2.0	0.6660000000000004	5.334	2.0
275	2.0	2.0	0.0	2.0	3.068	5.932	1.0
276	2.0	0.0	0.0	0.0	2.068	3.932	0.0
277	2.0	6.0	1.0	3.0	5.0	16.0	3.0
278	1.0	2.0	1.0	1.0	2.0010000000000003	6.999	2.0
279	1.0	0.0	1.0	0.0	0.3330000000000002	2.667	1.0
280	1.0	2.0	0.0	0.0	0.6660000000000004	5.334	0.0
281	2.0	4.0	0.0	2.0	1.9990000000000006	10.001	1.0
282	1.0	1.0	0.0	0.0	0.6680000000000001	2.332	0.0
283	2.0	2.0	0.0	0.0	1.3330000000000002	4.667	0.0
284	3.0	2.0	1.0	0.0	1.6660000000000004	7.334	1.0
285	3.0	2.0	2.0	0.0	3.333	8.667	2.0
286	3.0	1.0	2.0	0.0	4.0	8.0	2.0
287	1.0	0.0	1.0	0.0	0.3330000000000002	2.667	1.0
288	2.0	1.0	0.0	1.0	0.9990000000000006	8.001	1.0
289	2.0	2.0	0.0	2.0	4.0	8.0	2.0
290	3.0	2.0	1.0	2.0	4.0	8.0	2.0
291	0.0	0.0	0.0	0.0	0.0	0.0	0.0
292	1.0	1.0	0.0	0.0	0.6680000000000001	2.332	0.0
293	1.0	1.0	0.0	1.0	1.3330000000000002	4.667	1.0
294	1.0	1.0	1.0	1.0	0.6660000000000004	5.334	2.0
295	0.0	0.0	0.0	0.0	0.0	0.0	0.0
296	0.0	1.0	0.0	1.0	0.3330000000000002	2.667	1.0
297	0.0	0.0	0.0	0.0	0.0	0.0	0.0
298	1.0	3.0	1.0	3.0	1.0	5.0	2.0
299	2.0	0.0	0.0	0.0	0.6660000000000004	5.334	0.0
300	0.0	2.0	0.0	2.0	0.3330000000000002	2.667	1.0
301	3.0	2.0	0.0	1.0	3.4010000000000002	8.599	1.0
302	2.0	4.0	0.0	1.0	3.333	8.667	1.0
303	3.0	1.0	2.0	1.0	3.068	5.932	2.0
304	2.0	2.0	2.0	1.0	3.0	6.0	2.0
305	1.0	0.0	0.0	0.0	0.6680000000000001	2.332	0.0
306	2.0	1.0	2.0	1.0	1.3330000000000002	4.667	2.0
307	2.0	0.0	0.0	0.0	2.0	4.0	0.0
308	1.0	0.0	1.0	0.0	1.0	2.0	1.0
309	0.0	0.0	0.0	0.0	0.0	0.0	0.0
310	3.0	0.0	1.0	0.0	3.4	5.6	1.0
311	2.0	0.0	1.0	0.0	2.0	4.0	1.0
312	1.0	1.0	0.0	0.0	0.6660000000000004	5.334	0.0
313	2.0	0.0	0.0	0.0	2.0	4.0	0.0
314	3.0	0.0	2.0	0.0	3.0	6.0	2.0
315	1.0	2.0	0.0	0.0	1.0	5.0	0.0
316	3.0	2.0	1.0	1.0	2.333	6.667	1.0
317	2.0	1.0	1.0	1.0	1.0010000000000003	4.999	1.0
318	4.0	3.0	1.0	0.0	4.0	8.0	1.0
319	3.0	2.0	1.0	0.0	1.3340000000000005	7.6659999999999995	1.0
320	0.0	0.0	0.0	0.0	0.0	0.0	0.0
321	1.0	3.0	1.0	2.0	3.0	6.0	2.0
322	2.0	1.0	1.0	0.0	3.0	6.0	1.0
323	3.0	0.0	1.0	0.0	3.0	6.0	1.0
324	2.0	2.0	1.0	0.0	3.333	8.667	1.0
325	2.0	4.0	2.0	1.0	2.6660000000000004	9.334	2.0
326	1.0	2.0	0.0	2.0	1.6660000000000004	7.334	2.0
327	1.0	1.0	0.0	1.0	1.3330000000000002	4.667	1.0
328	3.0	3.0	1.0	0.0	5.0	10.0	1.0
329	2.0	2.0	1.0	0.0	2.333	6.667	1.0
330	3.0	4.0	3.0	2.0	5.0	10.0	3.0
331	3.0	3.0	0.0	0.0	3.0010000000000003	11.998999999999999	0.0
332	3.0	3.0	2.0	2.0	3.333	8.667	2.0
333	4.0	4.0	3.0	2.0	3.333	8.667	3.0
334	0.0	0.0	0.0	0.0	0.0	0.0	0.0
335	0.0	0.0	0.0	0.0	0.0	0.0	0.0
336	1.0	3.0	1.0	0.0	1.6660000000000004	7.334	1.0
337	2.0	2.0	0.0	2.0	1.9990000000000006	10.001	2.0
338	2.0	1.0	2.0	0.0	3.0	6.0	2.0
339	1.0	1.0	0.0	1.0	1.3330000000000002	4.667	1.0
340	3.0	2.0	1.0	1.0	5.0	10.0	2.0
341	2.0	2.0	1.0	0.0	1.6660000000000004	7.334	1.0
342	3.0	2.0	2.0	2.0	2.668	6.332	2.0
343	2.0	3.0	1.0	1.0	1.6660000000000004	7.334	1.0
344	2.0	2.0	2.0	1.0	2.668	6.332	2.0
345	0.0	0.0	0.0	0.0	0.0	0.0	0.0
346	0.0	0.0	0.0	0.0	0.0	0.0	0.0
347	0.0	0.0	0.0	0.0	0.0	0.0	0.0
348	0.0	0.0	0.0	0.0	0.0	0.0	0.0
349	0.0	0.0	0.0	0.0	0.0	0.0	0.0
350	0.0	0.0	0.0	0.0	0.0	0.0	0.0
351	2.0	6.0	1.0	3.0	3.9990000000000006	14.001	2.0
352	2.0	1.0	0.0	1.0	3.0	6.0	1.0
353	2.0	1.0	0.0	0.0	1.3330000000000002	4.667	0.0
354	1.0	3.0	0.0	1.0	1.3330000000000002	4.667	1.0
355	0.0	1.0	0.0	1.0	1.0	2.0	1.0
356	0.0	5.0	0.0	2.0	1.6660000000000004	10.334	2.0
357	2.0	3.0	1.0	1.0	4.0	8.0	2.0
358	3.0	2.0	1.0	1.0	3.4	5.6	1.0
359	1.0	4.0	0.0	3.0	2.6660000000000004	9.334	2.0
360	2.0	3.0	2.0	0.0	2.3320000000000007	12.668	2.0
361	2.0	0.0	1.0	0.0	0.6660000000000004	5.334	1.0
362	2.0	2.0	0.0	2.0	4.0	8.0	2.0
363	0.0	4.0	0.0	2.0	2.6660000000000004	9.334	2.0
364	2.0	3.0	0.0	0.0	2.668	6.332	0.0
365	3.0	4.0	1.0	2.0	2.668000000000001	15.331999999999999	3.0
366	2.0	2.0	1.0	0.0	1.6660000000000004	7.334	1.0
367	2.0	4.0	2.0	1.0	3.333	8.667	2.0
368	2.0	1.0	0.0	0.0	3.0	6.0	0.0
369	1.0	3.0	1.0	1.0	2.733	9.267	2.0
370	2.0	3.0	1.0	3.0	3.0	9.0	3.0
371	1.0	5.0	0.0	2.0	2.9990000000000006	12.001	2.0
372	3.0	3.0	1.0	0.0	3.333	8.667	1.0
373	1.0	2.0	0.0	0.0	3.0	6.0	0.0
374	1.0	4.0	1.0	1.0	2.6660000000000004	9.334	2.0
375	1.0	3.0	0.0	0.0	3.0	6.0	0.0
376	0.0	0.0	0.0	0.0	0.0	0.0	0.0
377	0.0	0.0	0.0	0.0	0.0	0.0	0.0
378	0.0	0.0	0.0	0.0	0.0	0.0	0.0
379	0.0	0.0	0.0	0.0	0.0	0.0	0.0
380	0.0	0.0	0.0	0.0	0.0	0.0	0.0
381	0.0	0.0	0.0	0.0	0.0	0.0	0.0
382	0.0	0.0	0.0	0.0	0.0	0.0	0.0
383	2.0	2.0	1.0	1.0	2.333	6.667	1.0
384	2.0	3.0	1.0	3.0	3.0	6.0	2.0
385	1.0	4.0	0.0	1.0	0.9990000000000006	8.001	1.0
386	1.0	3.0	0.0	1.0	0.9990000000000006	8.001	1.0
387	2.0	3.0	0.0	3.0	3.333	8.667	2.0
388	2.0	2.0	0.0	2.0	3.4	5.6	1.0
389	2.0	1.0	0.0	1.0	3.0	6.0	1.0
390	2.0	3.0	0.0	1.0	2.3360000000000003	9.664	1.0
391	2.0	5.0	1.0	3.0	3.3370000000000006	14.662999999999998	3.0
392	3.0	4.0	2.0	1.0	5.0	10.0	2.0
393	3.0	5.0	2.0	1.0	4.333	10.667	2.0
394	2.0	3.0	1.0	2.0	3.333	8.667	2.0
395	2.0	4.0	0.0	1.0	4.333	10.667	1.0
396	2.0	3.0	1.0	1.0	5.0	10.0	2.0
397	3.0	5.0	2.0	2.0	5.666	15.334	3.0
398	3.0	5.0	2.0	4.0	5.333	12.667	4.0
399	3.0	2.0	1.0	0.0	4.0	8.0	1.0
400	2.0	1.0	0.0	1.0	2.333	6.667	1.0
401	2.0	2.0	0.0	2.0	2.333	6.667	1.0
402	3.0	3.0	1.0	1.0	2.333	6.667	1.0
403	2.0	3.0	1.0	2.0	1.6660000000000004	7.334	1.0
404	1.0	2.0	0.0	1.0	2.668	6.332	1.0
405	0.0	1.0	0.0	0.0	1.0	2.0	0.0
406	0.0	6.0	0.0	3.0	2.9990000000000006	12.001	2.0
407	2.0	3.0	1.0	1.0	3.668	8.332	2.0
408	1.0	3.0	0.0	1.0	1.3330000000000002	4.667	1.0
409	0.0	0.0	0.0	0.0	0.0	0.0	0.0
410	0.0	0.0	0.0	0.0	0.0	0.0	0.0
411	1.0	2.0	1.0	0.0	2.0	4.0	1.0
412	2.0	4.0	1.0	2.0	4.001	10.999	2.0
413	1.0	3.0	0.0	0.0	1.3330000000000002	4.667	0.0
414	2.0	1.0	1.0	1.0	2.668	6.332	2.0
415	2.0	4.0	1.0	3.0	3.333	8.667	2.0
416	2.0	3.0	1.0	1.0	4.0	8.0	2.0
417	2.0	5.0	1.0	1.0	3.9990000000000006	14.001	2.0
418	1.0	4.0	0.0	1.0	2.6660000000000004	9.334	1.0
419	1.0	0.0	0.0	0.0	0.3330000000000002	2.667	0.0
420	1.0	1.0	1.0	0.0	0.6660000000000004	5.334	1.0
421	2.0	1.0	1.0	0.0	2.0	4.0	1.0
422	1.0	2.0	0.0	1.0	2.0	4.0	1.0
423	1.0	2.0	1.0	0.0	2.333	6.667	1.0
424	2.0	0.0	1.0	0.0	0.6660000000000004	5.334	1.0
425	1.0	0.0	0.0	0.0	1.0	2.0	0.0
426	1.0	1.0	0.0	1.0	1.3330000000000002	4.667	1.0
427	1.0	1.0	1.0	1.0	1.0	2.0	1.0
428	0.0	2.0	0.0	1.0	1.3330000000000002	4.667	1.0
429	2.0	1.0	1.0	1.0	2.0010000000000003	6.999	2.0
430	0.0	2.0	0.0	1.0	2.0	4.0	1.0
431	1.0	3.0	1.0	2.0	1.3330000000000002	4.667	1.0
432	3.0	3.0	2.0	1.0	5.0	10.0	3.0
433	2.0	2.0	0.0	0.0	1.3330000000000002	4.667	0.0
434	3.0	5.0	1.0	2.0	6.066000000000001	14.934	3.0
435	2.0	6.0	1.0	4.0	3.6660000000000004	11.334	3.0
436	0.0	2.0	0.0	1.0	2.0	4.0	1.0
437	1.0	3.0	0.0	2.0	2.6660000000000004	9.334	2.0
438	2.0	2.0	1.0	0.0	2.333	6.667	1.0
439	1.0	4.0	1.0	1.0	3.333	8.667	2.0
440	3.0	2.0	1.0	1.0	4.0	8.0	2.0
441	2.0	2.0	1.0	1.0	1.3340000000000005	7.6659999999999995	2.0
442	1.0	5.0	0.0	3.0	2.6690000000000005	12.331	3.0
443	2.0	1.0	0.0	1.0	0.9990000000000006	8.001	1.0
444	1.0	1.0	0.0	0.0	0.6660000000000004	5.334	0.0
445	2.0	0.0	1.0	0.0	2.0	4.0	1.0
446	0.0	3.0	0.0	1.0	3.0	6.0	1.0
447	2.0	3.0	0.0	2.0	5.0	10.0	2.0
448	1.0	4.0	1.0	2.0	3.333	8.667	2.0
449	2.0	1.0	1.0	0.0	3.0	6.0	1.0
450	2.0	2.0	1.0	0.0	3.0	6.0	1.0
451	2.0	2.0	1.0	0.0	2.333	6.667	1.0
452	1.0	2.0	0.0	1.0	3.0	6.0	1.0
453	1.0	2.0	0.0	0.0	0.9990000000000006	8.001	0.0
454	3.0	1.0	2.0	0.0	3.333	8.667	2.0
455	3.0	2.0	1.0	1.0	3.333	8.667	2.0
456	0.0	2.0	0.0	0.0	0.3330000000000002	2.667	0.0
457	2.0	1.0	0.0	0.0	2.333	6.667	0.0
458	2.0	1.0	0.0	1.0	3.0	6.0	1.0
459	1.0	0.0	0.0	0.0	1.0	2.0	0.0
460	2.0	4.0	1.0	1.0	5.668	12.332	2.0
461	2.0	4.0	0.0	1.0	3.4020000000000006	11.597999999999999	1.0
462	1.0	1.0	0.0	1.0	2.0	4.0	1.0
463	3.0	0.0	1.0	0.0	2.3360000000000003	6.664	1.0
464	2.0	2.0	0.0	0.0	1.3330000000000002	4.667	0.0
465	2.0	2.0	0.0	0.0	1.3330000000000002	4.667	0.0
466	2.0	2.0	1.0	0.0	2.0	4.0	1.0
467	1.0	2.0	0.0	0.0	0.3330000000000002	2.667	0.0
468	3.0	1.0	2.0	0.0	3.333	8.667	2.0
469	1.0	3.0	1.0	2.0	2.333	6.667	2.0
470	1.0	0.0	1.0	0.0	0.3330000000000002	2.667	1.0
471	0.0	0.0	0.0	0.0	0.0	0.0	0.0
472	0.0	0.0	0.0	0.0	0.0	0.0	0.0
473	0.0	0.0	0.0	0.0	0.0	0.0	0.0
474	0.0	0.0	0.0	0.0	0.0	0.0	0.0
475	0.0	0.0	0.0	0.0	0.0	0.0	0.0
476	0.0	0.0	0.0	0.0	0.0	0.0	0.0
477	1.0	0.0	0.0	0.0	0.3330000000000002	2.667	0.0
478	2.0	3.0	0.0	1.0	3.333	8.667	1.0
479	1.0	1.0	1.0	1.0	0.6660000000000004	5.334	2.0
480	0.0	1.0	0.0	0.0	0.3330000000000002	2.667	0.0
481	0.0	2.0	0.0	0.0	0.6660000000000004	5.334	0.0
482	3.0	3.0	1.0	0.0	3.466	8.533999999999999	1.0
483	3.0	3.0	2.0	0.0	5.068	9.932	2.0
484	1.0	6.0	0.0	4.0	5.001	12.999	3.0
485	1.0	2.0	0.0	0.0	0.3330000000000002	2.667	0.0
486	0.0	5.0	0.0	2.0	2.3320000000000007	12.668	2.0
487	1.0	1.0	0.0	0.0	1.0	2.0	0.0
488	2.0	2.0	0.0	0.0	1.3330000000000002	4.667	0.0
489	1.0	0.0	1.0	0.0	1.0	2.0	1.0
490	0.0	2.0	0.0	0.0	0.3330000000000002	2.667	0.0
491	2.0	2.0	1.0	1.0	1.3330000000000002	4.667	1.0
492	2.0	6.0	1.0	3.0	2.6640000000000015	21.336	4.0
493	1.0	6.0	1.0	4.0	2.6670000000000007	12.333	3.0
494	2.0	1.0	1.0	0.0	0.9990000000000006	8.001	1.0
495	2.0	0.0	1.0	0.0	2.0	4.0	1.0
496	2.0	6.0	1.0	3.0	3.9990000000000006	14.001	3.0
497	0.0	2.0	0.0	1.0	2.0	4.0	1.0
498	0.0	2.0	0.0	0.0	1.3330000000000002	4.667	0.0
499	1.0	3.0	0.0	0.0	0.6660000000000004	5.334	0.0
500	2.0	2.0	2.0	2.0	1.3330000000000002	4.667	2.0
501	0.0	0.0	0.0	0.0	0.0	0.0	0.0
502	0.0	0.0	0.0	0.0	0.0	0.0	0.0
503	0.0	1.0	0.0	1.0	0.3330000000000002	2.667	1.0
504	2.0	1.0	1.0	0.0	3.0	6.0	1.0
505	1.0	5.0	1.0	2.0	3.0010000000000003	8.998999999999999	2.0
506	1.0	3.0	1.0	0.0	1.3320000000000007	10.668	1.0
507	1.0	1.0	0.0	1.0	2.0	4.0	1.0
508	3.0	0.0	2.0	0.0	3.0	6.0	2.0
509	2.0	0.0	1.0	0.0	2.0	4.0	1.0
510	2.0	3.0	1.0	1.0	3.4	8.6	2.0
511	3.0	2.0	2.0	0.0	2.6690000000000005	9.331	2.0
512	3.0	3.0	3.0	0.0	6.0	12.0	3.0
513	3.0	1.0	2.0	0.0	4.0	8.0	2.0
514	3.0	3.0	3.0	1.0	5.0	10.0	3.0
515	1.0	1.0	0.0	0.0	1.3330000000000002	4.667	0.0
516	4.0	1.0	2.0	0.0	4.0	8.0	2.0
517	2.0	2.0	1.0	0.0	1.3330000000000002	4.667	1.0
518	1.0	2.0	0.0	1.0	1.3330000000000002	4.667	1.0
519	1.0	0.0	1.0	0.0	1.0	2.0	1.0
520	2.0	0.0	2.0	0.0	2.0	4.0	2.0
521	3.0	1.0	0.0	0.0	1.733	4.2669999999999995	0.0
522	2.0	0.0	2.0	0.0	2.0	4.0	2.0
523	2.0	1.0	1.0	0.0	3.0	6.0	1.0
524	2.0	2.0	1.0	0.0	0.6660000000000004	5.334	1.0
525	0.0	0.0	0.0	0.0	0.0	0.0	0.0
526	1.0	0.0	1.0	0.0	1.0	2.0	1.0
527	2.0	2.0	0.0	1.0	2.668	6.332	1.0
528	2.0	0.0	2.0	0.0	2.0	4.0	2.0
529	0.0	1.0	0.0	0.0	0.3330000000000002	2.667	0.0
530	2.0	3.0	2.0	1.0	2.333	6.667	2.0
531	2.0	3.0	0.0	1.0	1.6660000000000004	7.334	1.0
532	2.0	3.0	1.0	2.0	4.0	8.0	2.0
533	2.0	4.0	1.0	2.0	1.9990000000000006	10.001	2.0
534	1.0	5.0	1.0	3.0	3.733	8.267	3.0
535	2.0	2.0	1.0	0.0	2.0	4.0	1.0
536	1.0	0.0	0.0	0.0	1.0	2.0	0.0
537	1.0	2.0	0.0	0.0	0.6660000000000004	5.334	0.0
538	2.0	0.0	0.0	0.0	1.0	2.0	0.0
539	2.0	3.0	1.0	1.0	3.733	8.267	1.0
540	2.0	2.0	1.0	1.0	2.668	6.332	1.0
541	1.0	0.0	0.0	0.0	0.3330000000000002	2.667	0.0
542	2.0	0.0	0.0	0.0	2.0	4.0	0.0
543	1.0	1.0	0.0	1.0	2.0	4.0	1.0
544	0.0	1.0	0.0	0.0	1.0	2.0	0.0
545	1.0	4.0	1.0	3.0	3.333	8.667	3.0
546	3.0	2.0	1.0	1.0	4.7330000000000005	10.267	2.0
547	1.0	2.0	0.0	0.0	1.0010000000000003	4.999	0.0
548	1.0	1.0	1.0	1.0	0.6660000000000004	5.334	2.0
549	0.0	3.0	0.0	3.0	1.3330000000000002	4.667	2.0
550	4.0	0.0	2.0	0.0	4.0	8.0	2.0
551	0.0	1.0	0.0	1.0	0.3330000000000002	2.667	1.0
552	1.0	1.0	0.0	1.0	1.6680000000000001	4.332	1.0
553	3.0	0.0	2.0	0.0	2.668	6.332	2.0
554	1.0	1.0	0.0	0.0	0.3330000000000002	2.667	0.0
555	1.0	3.0	0.0	1.0	4.0	8.0	1.0
556	2.0	0.0	1.0	0.0	2.0	4.0	1.0
557	1.0	1.0	1.0	0.0	1.3330000000000002	4.667	1.0
558	1.0	1.0	0.0	1.0	0.6660000000000004	5.334	1.0
559	4.0	0.0	2.0	0.0	4.0	8.0	2.0
560	0.0	3.0	0.0	0.0	0.6660000000000004	5.334	0.0
561	1.0	0.0	0.0	0.0	0.3330000000000002	2.667	0.0
562	2.0	0.0	0.0	0.0	2.0	4.0	0.0
563	1.0	2.0	0.0	1.0	3.0	6.0	1.0
564	3.0	0.0	1.0	0.0	2.668	6.332	1.0
565	2.0	2.0	0.0	0.0	1.3330000000000002	4.667	0.0
566	1.0	0.0	0.0	0.0	1.0	2.0	0.0
567	1.0	0.0	1.0	0.0	1.0	2.0	1.0
568	1.0	0.0	1.0	0.0	0.3330000000000002	2.667	1.0
569	2.0	0.0	0.0	0.0	2.0	4.0	0.0
570	3.0	0.0	1.0	0.0	2.736	6.263999999999999	1.0
571	2.0	1.0	1.0	0.0	3.0	6.0	1.0
572	1.0	2.0	0.0	1.0	2.668	6.332	1.0
573	2.0	0.0	0.0	0.0	0.6660000000000004	5.334	0.0
574	3.0	1.0	3.0	1.0	1.6660000000000004	7.334	3.0
575	2.0	0.0	0.0	0.0	2.4	3.6	0.0
576	3.0	1.0	1.0	1.0	4.0	8.0	2.0
577	0.0	1.0	0.0	0.0	1.0	2.0	0.0
578	1.0	1.0	0.0	0.0	0.3330000000000002	2.667	0.0
579	2.0	0.0	2.0	0.0	0.6660000000000004	5.334	2.0
580	0.0	0.0	0.0	0.0	0.0	0.0	0.0
581	2.0	0.0	1.0	0.0	2.0	4.0	1.0
582	2.0	0.0	2.0	0.0	2.0	4.0	2.0
583	2.0	2.0	2.0	1.0	4.0	8.0	3.0
584	1.0	0.0	0.0	0.0	0.6680000000000001	2.332	0.0
585	1.0	0.0	0.0	0.0	1.0	2.0	0.0
586	2.0	0.0	0.0	0.0	2.0	4.0	0.0
587	3.0	0.0	2.0	0.0	3.0	6.0	2.0
588	1.0	0.0	1.0	0.0	1.0	2.0	1.0
589	2.0	0.0	2.0	0.0	2.0	4.0	2.0
590	2.0	0.0	0.0	0.0	0.6660000000000004	5.334	0.0
591	1.0	0.0	1.0	0.0	1.0	2.0	1.0
592	2.0	0.0	1.0	0.0	2.0	4.0	1.0
593	0.0	2.0	0.0	1.0	2.068	3.932	1.0
594	2.0	0.0	1.0	0.0	0.6660000000000004	5.334	1.0
595	1.0	1.0	1.0	0.0	0.6660000000000004	5.334	1.0
596	2.0	0.0	1.0	0.0	2.0	4.0	1.0
597	3.0	3.0	0.0	1.0	5.0	10.0	1.0
598	1.0	0.0	1.0	0.0	0.3330000000000002	2.667	1.0
599	2.0	0.0	0.0	0.0	2.0	4.0	0.0
600	2.0	0.0	0.0	0.0	2.0	4.0	0.0
601	2.0	0.0	1.0	0.0	2.0	4.0	1.0
602	2.0	0.0	0.0	0.0	2.0	4.0	0.0
603	2.0	0.0	2.0	0.0	2.0	4.0	2.0
604	1.0	0.0	0.0	0.0	1.0	2.0	0.0
605	2.0	0.0	1.0	0.0	2.0	4.0	1.0
606	3.0	2.0	0.0	0.0	3.0	6.0	0.0
607	1.0	1.0	0.0	0.0	0.6660000000000004	5.334	0.0
608	0.0	3.0	0.0	1.0	0.9990000000000006	8.001	1.0
609	3.0	2.0	0.0	0.0	3.333	8.667	0.0
610	2.0	0.0	0.0	0.0	2.0	4.0	0.0
611	0.0	2.0	0.0	1.0	0.6660000000000004	5.334	1.0
612	2.0	2.0	1.0	0.0	3.4	5.6	1.0
613	1.0	0.0	0.0	0.0	1.0	2.0	0.0
614	2.0	0.0	1.0	0.0	2.0	4.0	1.0
615	2.0	1.0	1.0	0.0	2.4	3.6	1.0
616	2.0	2.0	0.0	0.0	0.6660000000000004	5.334	0.0
617	3.0	1.0	1.0	0.0	2.333	6.667	1.0
618	1.0	1.0	0.0	0.0	0.6660000000000004	5.334	0.0
619	1.0	1.0	0.0	0.0	1.0	2.0	0.0
620	1.0	0.0	1.0	0.0	0.3330000000000002	2.667	1.0
621	0.0	2.0	0.0	0.0	0.3330000000000002	2.667	0.0
622	1.0	1.0	0.0	0.0	1.0	2.0	0.0
623	1.0	0.0	1.0	0.0	1.0	2.0	1.0
624	2.0	2.0	1.0	0.0	1.3330000000000002	4.667	1.0
625	2.0	2.0	1.0	1.0	1.0010000000000003	4.999	1.0
626	0.0	1.0	0.0	0.0	0.3330000000000002	2.667	0.0
627	3.0	3.0	2.0	1.0	4.4	7.6	2.0
628	2.0	2.0	0.0	1.0	3.333	8.667	1.0
629	2.0	5.0	2.0	2.0	4.4	10.6	2.0
630	1.0	3.0	1.0	3.0	1.3330000000000002	4.667	2.0
631	3.0	0.0	1.0	0.0	3.0	6.0	1.0
632	2.0	0.0	1.0	0.0	0.6660000000000004	5.334	1.0
633	0.0	0.0	0.0	0.0	0.0	0.0	0.0
634	2.0	0.0	1.0	0.0	0.6660000000000004	5.334	1.0
635	3.0	0.0	2.0	0.0	3.0	6.0	2.0
636	3.0	0.0	1.0	0.0	3.0	6.0	1.0
637	1.0	0.0	1.0	0.0	1.0	2.0	1.0
638	1.0	0.0	1.0	0.0	0.3330000000000002	2.667	1.0
639	2.0	0.0	2.0	0.0	0.6660000000000004	5.334	2.0
640	2.0	0.0	1.0	0.0	0.6660000000000004	5.334	1.0
641	1.0	2.0	0.0	2.0	0.9990000000000006	8.001	2.0
642	2.0	2.0	0.0	2.0	0.9990000000000006	8.001	1.0
643	1.0	1.0	1.0	1.0	0.6660000000000004	5.334	2.0
644	1.0	0.0	1.0	0.0	1.0	2.0	1.0
645	1.0	1.0	0.0	1.0	0.6660000000000004	5.334	1.0
646	2.0	1.0	2.0	1.0	2.668	6.332	3.0
647	3.0	2.0	1.0	2.0	4.668	10.332	3.0
648	2.0	0.0	2.0	0.0	2.0	4.0	2.0
649	2.0	2.0	1.0	2.0	2.3990000000000005	9.600999999999999	3.0
650	3.0	0.0	1.0	0.0	3.0	6.0	1.0
651	2.0	1.0	2.0	1.0	3.0	6.0	3.0
652	3.0	3.0	1.0	2.0	3.9990000000000006	14.001	3.0
653	2.0	1.0	1.0	1.0	0.9990000000000006	8.001	2.0
654	2.0	3.0	2.0	3.0	2.333	6.667	3.0
655	2.0	2.0	1.0	2.0	0.9990000000000006	8.001	2.0
656	0.0	0.0	0.0	0.0	0.0	0.0	0.0
657	3.0	7.0	1.0	4.0	5.3340000000000005	15.666	3.0
658	1.0	0.0	0.0	0.0	0.3330000000000002	2.667	0.0
659	1.0	0.0	0.0	0.0	1.0	2.0	0.0
660	2.0	1.0	2.0	1.0	3.0	6.0	3.0
661	3.0	3.0	2.0	2.0	4.336	10.664000000000001	3.0
662	2.0	3.0	1.0	3.0	3.0	6.0	2.0
663	2.0	1.0	1.0	1.0	3.0	6.0	2.0
664	2.0	0.0	1.0	0.0	0.6660000000000004	5.334	1.0
665	2.0	0.0	2.0	0.0	2.0	4.0	2.0
666	1.0	0.0	1.0	0.0	0.3330000000000002	2.667	1.0
667	2.0	4.0	0.0	2.0	2.333	6.667	1.0
668	3.0	3.0	1.0	2.0	5.0	10.0	2.0
669	3.0	2.0	1.0	1.0	3.0020000000000007	11.998	2.0
670	3.0	0.0	2.0	0.0	2.668	6.332	2.0
671	2.0	1.0	2.0	1.0	1.3330000000000002	4.667	2.0
672	0.0	0.0	0.0	0.0	0.0	0.0	0.0
673	1.0	1.0	0.0	1.0	0.6660000000000004	5.334	1.0
674	2.0	3.0	1.0	2.0	1.6660000000000004	7.334	2.0
675	2.0	1.0	2.0	1.0	0.6660000000000004	5.334	2.0
676	3.0	1.0	2.0	1.0	3.736	8.264	3.0
677	3.0	0.0	2.0	0.0	3.0	6.0	2.0
678	4.0	0.0	2.0	0.0	3.3360000000000003	8.664	2.0
679	1.0	0.0	1.0	0.0	0.3330000000000002	2.667	1.0
680	5.0	2.0	2.0	2.0	3.0020000000000007	11.998000000000001	3.0
681	1.0	0.0	1.0	0.0	0.3330000000000002	2.667	1.0
682	1.0	2.0	1.0	2.0	1.0010000000000003	4.999	2.0
683	2.0	0.0	1.0	0.0	0.6660000000000004	5.334	1.0
684	3.0	5.0	3.0	4.0	4.668	10.332	4.0
685	2.0	3.0	2.0	0.0	4.336	10.664	2.0
686	2.0	2.0	0.0	0.0	2.0	4.0	0.0
687	5.0	1.0	2.0	1.0	6.601000000000001	11.399	3.0
688	3.0	0.0	2.0	0.0	0.9990000000000006	8.001	2.0
689	3.0	1.0	2.0	1.0	1.6660000000000004	7.334	2.0
690	2.0	0.0	1.0	0.0	0.6660000000000004	5.334	1.0
691	2.0	0.0	1.0	0.0	0.6660000000000004	5.334	1.0
692	1.0	2.0	1.0	2.0	1.6680000000000001	4.332	2.0
693	0.0	0.0	0.0	0.0	0.0	0.0	0.0
694	2.0	1.0	1.0	1.0	0.9990000000000006	8.001	2.0
695	2.0	0.0	2.0	0.0	2.0	4.0	2.0
696	3.0	0.0	1.0	0.0	3.0	6.0	1.0
697	2.0	0.0	1.0	0.0	2.0	4.0	1.0
698	4.0	1.0	2.0	1.0	5.0	10.0	3.0
699	1.0	0.0	1.0	0.0	0.6680000000000001	2.332	1.0
700	4.0	0.0	3.0	0.0	4.0	8.0	3.0
701	2.0	0.0	2.0	0.0	2.0	4.0	2.0
702	1.0	0.0	1.0	0.0	0.3330000000000002	2.667	1.0
703	2.0	0.0	2.0	0.0	2.0	4.0	2.0
704	2.0	0.0	0.0	0.0	0.6660000000000004	5.334	0.0
705	2.0	0.0	2.0	0.0	2.0	4.0	2.0
706	3.0	0.0	3.0	0.0	3.0	6.0	3.0
707	2.0	2.0	1.0	1.0	1.3320000000000007	10.668	2.0
708	0.0	0.0	0.0	0.0	0.0	0.0	0.0
709	1.0	0.0	1.0	0.0	0.3330000000000002	2.667	1.0
710	2.0	1.0	2.0	1.0	2.0	4.0	2.0
711	2.0	1.0	1.0	1.0	2.0010000000000003	6.999	2.0
712	1.0	2.0	1.0	1.0	0.9990000000000006	8.001	2.0
713	2.0	6.0	1.0	4.0	7.668	16.332	5.0
714	1.0	0.0	1.0	0.0	0.3330000000000002	2.667	1.0
715	2.0	0.0	1.0	0.0	0.6660000000000004	5.334	1.0
716	2.0	0.0	1.0	0.0	0.6660000000000004	5.334	1.0
717	3.0	0.0	1.0	0.0	3.0	6.0	1.0
718	2.0	0.0	2.0	0.0	2.0	4.0	2.0
719	3.0	0.0	3.0	0.0	3.4	5.6	3.0
720	3.0	0.0	3.0	0.0	3.0	6.0	3.0
721	2.0	0.0	1.0	0.0	2.0	4.0	1.0
722	1.0	0.0	1.0	0.0	1.0	2.0	1.0
723	2.0	3.0	0.0	2.0	3.668	8.332	2.0
724	1.0	0.0	1.0	0.0	0.3330000000000002	2.667	1.0
725	4.0	3.0	2.0	2.0	6.0	12.0	3.0
726	3.0	2.0	3.0	2.0	2.333	6.667	3.0
727	3.0	3.0	1.0	2.0	3.333	8.667	2.0
728	2.0	3.0	2.0	2.0	5.0	10.0	4.0
729	3.0	4.0	2.0	3.0	4.333	10.667	4.0
730	3.0	3.0	1.0	2.0	3.333	8.667	2.0
731	1.0	3.0	0.0	3.0	2.668	6.332	2.0
732	2.0	5.0	2.0	3.0	3.6660000000000004	11.334	3.0
733	3.0	5.0	0.0	2.0	3.6660000000000004	11.334	2.0
734	1.0	3.0	1.0	2.0	2.333	6.667	2.0
735	1.0	1.0	0.0	1.0	2.0	4.0	1.0
736	1.0	1.0	0.0	1.0	2.0	4.0	1.0
737	0.0	1.0	0.0	0.0	1.0	2.0	0.0
738	1.0	2.0	0.0	0.0	1.0	2.0	0.0
739	1.0	2.0	1.0	2.0	0.3330000000000002	2.667	1.0
740	1.0	4.0	1.0	2.0	2.333	6.667	2.0
741	1.0	4.0	1.0	4.0	1.3330000000000002	4.667	2.0
742	2.0	5.0	2.0	4.0	3.6660000000000004	11.334	4.0
743	0.0	0.0	0.0	0.0	0.0	0.0	0.0
744	0.0	0.0	0.0	0.0	0.0	0.0	0.0
745	2.0	4.0	1.0	3.0	2.6660000000000004	9.334	3.0
746	1.0	5.0	1.0	3.0	2.6660000000000004	9.334	2.0
747	3.0	4.0	1.0	4.0	5.668	12.332	4.0
748	3.0	3.0	2.0	1.0	3.333	8.667	2.0
749	2.0	4.0	0.0	2.0	3.6660000000000004	11.334	2.0
750	3.0	0.0	2.0	0.0	3.0	6.0	2.0
751	2.0	5.0	2.0	2.0	3.6690000000000005	11.331	3.0
752	0.0	1.0	0.0	1.0	0.3330000000000002	2.667	1.0
753	1.0	4.0	0.0	2.0	2.6660000000000004	9.334	2.0
754	3.0	1.0	2.0	1.0	3.0	6.0	2.0
755	2.0	3.0	2.0	2.0	2.6660000000000004	9.334	3.0
756	2.0	0.0	1.0	0.0	0.6660000000000004	5.334	1.0
757	1.0	5.0	1.0	2.0	2.3320000000000007	12.668	2.0
758	2.0	0.0	1.0	0.0	0.6660000000000004	5.334	1.0
759	3.0	3.0	1.0	2.0	4.736000000000001	10.264	2.0
760	2.0	1.0	1.0	1.0	3.0	6.0	2.0
761	1.0	4.0	1.0	3.0	3.0	9.0	3.0
762	2.0	2.0	0.0	2.0	2.6690000000000005	9.331	2.0
763	4.0	1.0	1.0	1.0	3.4010000000000002	8.599	2.0
764	2.0	3.0	1.0	3.0	2.6660000000000004	9.334	3.0
765	2.0	2.0	2.0	2.0	1.6680000000000001	4.332	2.0
766	2.0	0.0	0.0	0.0	0.6660000000000004	5.334	0.0
767	0.0	5.0	0.0	3.0	0.9990000000000006	8.001	2.0
768	0.0	2.0	0.0	2.0	1.0	5.0	2.0
769	2.0	0.0	2.0	0.0	2.0	4.0	2.0
770	2.0	2.0	1.0	1.0	1.0010000000000003	4.999	1.0
771	1.0	0.0	0.0	0.0	0.3330000000000002	2.667	0.0
772	2.0	2.0	1.0	2.0	3.333	8.667	3.0
773	2.0	0.0	1.0	0.0	2.0	4.0	1.0
774	0.0	0.0	0.0	0.0	0.0	0.0	0.0
775	2.0	0.0	1.0	0.0	1.3360000000000003	4.664	1.0
776	3.0	0.0	1.0	0.0	3.0	6.0	1.0
777	1.0	1.0	1.0	1.0	1.0010000000000003	4.999	2.0
778	1.0	0.0	1.0	0.0	0.3330000000000002	2.667	1.0
779	4.0	0.0	0.0	0.0	2.668	6.332	0.0
780	1.0	0.0	1.0	0.0	0.3330000000000002	2.667	1.0
781	2.0	0.0	1.0	0.0	2.0	4.0	1.0
782	4.0	0.0	1.0	0.0	2.736	6.263999999999999	1.0
783	3.0	0.0	1.0	0.0	3.0	6.0	1.0
784	2.0	0.0	0.0	0.0	2.0	4.0	0.0
785	3.0	0.0	1.0	0.0	3.0	6.0	1.0
786	4.0	0.0	3.0	0.0	4.0	8.0	3.0
787	3.0	0.0	2.0	0.0	3.0	6.0	2.0
788	2.0	0.0	1.0	0.0	2.0	4.0	1.0
789	4.0	2.0	2.0	2.0	3.736	11.264	3.0
790	2.0	0.0	1.0	0.0	0.6660000000000004	5.334	1.0
791	2.0	0.0	2.0	0.0	2.0	4.0	2.0
792	1.0	3.0	0.0	2.0	1.9990000000000006	10.001	2.0
793	3.0	0.0	3.0	0.0	3.0	6.0	3.0
794	1.0	0.0	1.0	0.0	0.3330000000000002	2.667	1.0
795	1.0	2.0	1.0	2.0	0.9990000000000006	8.001	3.0
796	4.0	0.0	4.0	0.0	4.0	8.0	4.0
797	2.0	2.0	1.0	1.0	3.333	8.667	2.0
798	1.0	1.0	1.0	1.0	1.0	2.0	1.0
799	1.0	6.0	0.0	4.0	3.0010000000000003	8.998999999999999	2.0
800	2.0	2.0	2.0	2.0	2.0	4.0	2.0
801	2.0	3.0	1.0	2.0	1.9990000000000006	10.001	2.0
802	3.0	6.0	2.0	1.0	4.9990000000000006	16.000999999999998	3.0
803	1.0	4.0	0.0	2.0	1.9990000000000006	10.001	2.0
804	1.0	0.0	0.0	0.0	0.3330000000000002	2.667	0.0
805	2.0	3.0	1.0	1.0	3.6660000000000004	11.334	2.0
806	2.0	2.0	1.0	1.0	1.3320000000000007	10.668	2.0
807	1.0	2.0	0.0	2.0	1.6660000000000004	7.334	2.0
808	1.0	1.0	1.0	1.0	0.3330000000000002	2.667	1.0
809	3.0	1.0	2.0	1.0	1.6660000000000004	7.334	2.0
810	0.0	0.0	0.0	0.0	0.0	0.0	0.0
811	0.0	0.0	0.0	0.0	0.0	0.0	0.0
812	0.0	0.0	0.0	0.0	0.0	0.0	0.0
813	0.0	0.0	0.0	0.0	0.0	0.0	0.0
814	0.0	0.0	0.0	0.0	0.0	0.0	0.0
815	0.0	2.0	0.0	1.0	0.6660000000000004	5.334	1.0
816	1.0	3.0	1.0	2.0	2.668	6.332	2.0
817	1.0	0.0	1.0	0.0	0.3330000000000002	2.667	1.0
818	1.0	1.0	1.0	1.0	1.733	4.2669999999999995	2.0
819	0.0	2.0	0.0	0.0	0.6660000000000004	5.334	0.0
820	4.0	3.0	1.0	2.0	5.333	12.667	3.0
821	1.0	3.0	1.0	3.0	1.0010000000000003	4.999	2.0
822	2.0	4.0	2.0	2.0	4.668	10.332	3.0
823	2.0	3.0	1.0	2.0	3.3340000000000005	11.666	3.0
824	3.0	4.0	1.0	3.0	2.3320000000000007	12.668	2.0
825	3.0	3.0	1.0	3.0	2.3320000000000007	12.668	3.0
826	2.0	1.0	0.0	1.0	3.0	6.0	1.0
827	0.0	0.0	0.0	0.0	0.0	0.0	0.0
828	2.0	2.0	1.0	2.0	1.3330000000000002	4.667	1.0
829	4.0	2.0	4.0	1.0	6.0	12.0	5.0
830	2.0	1.0	2.0	1.0	2.068	6.932	3.0
831	2.0	3.0	0.0	3.0	3.333	8.667	2.0
832	2.0	1.0	2.0	1.0	3.0	6.0	3.0
833	0.0	3.0	0.0	3.0	2.4	3.6	2.0
834	1.0	2.0	0.0	2.0	0.6660000000000004	5.334	1.0
835	1.0	2.0	1.0	2.0	1.3330000000000002	4.667	2.0
836	1.0	3.0	1.0	2.0	2.0010000000000003	6.999	2.0
837	1.0	2.0	1.0	2.0	1.6660000000000004	7.334	3.0
838	0.0	0.0	0.0	0.0	0.0	0.0	0.0
839	0.0	0.0	0.0	0.0	0.0	0.0	0.0
840	2.0	0.0	1.0	0.0	0.6660000000000004	5.334	1.0
841	3.0	1.0	1.0	1.0	2.3360000000000003	6.664	1.0
842	1.0	4.0	0.0	2.0	4.668	10.332	2.0
843	2.0	2.0	0.0	2.0	4.0	8.0	2.0
844	2.0	2.0	1.0	2.0	2.333	6.667	2.0
845	1.0	2.0	1.0	2.0	0.9990000000000006	8.001	3.0
846	1.0	1.0	0.0	1.0	2.0	4.0	1.0
847	1.0	4.0	1.0	2.0	1.9990000000000006	10.001	2.0
848	2.0	4.0	1.0	2.0	4.468	10.531999999999998	2.0
849	2.0	5.0	2.0	2.0	4.668	10.332	2.0
850	1.0	2.0	1.0	2.0	1.3330000000000002	4.667	2.0
851	2.0	1.0	1.0	1.0	0.9990000000000006	8.001	2.0
852	3.0	3.0	1.0	1.0	5.333	12.667	2.0
853	2.0	4.0	2.0	3.0	3.333	8.667	3.0
854	3.0	3.0	3.0	2.0	6.0	12.0	5.0
855	2.0	6.0	1.0	3.0	5.333	12.667	3.0
856	4.0	5.0	2.0	2.0	6.0	12.0	3.0
857	2.0	5.0	2.0	3.0	4.336	13.664000000000001	4.0
858	2.0	5.0	1.0	2.0	3.333	8.667	1.0
859	2.0	4.0	1.0	1.0	4.0	11.0	2.0
860	3.0	3.0	2.0	3.0	4.0	8.0	3.0
861	1.0	2.0	0.0	2.0	2.333	6.667	2.0
862	2.0	5.0	2.0	2.0	3.6660000000000004	11.334	3.0
863	3.0	4.0	2.0	0.0	4.466	10.533999999999999	2.0
864	1.0	5.0	0.0	2.0	2.3320000000000007	12.668	2.0
865	2.0	5.0	2.0	4.0	2.9990000000000006	12.001	4.0
866	1.0	6.0	0.0	4.0	0.9990000000000006	8.001	2.0
867	2.0	3.0	2.0	2.0	2.668	6.332	2.0
868	2.0	5.0	2.0	4.0	3.3320000000000007	14.668	5.0
869	2.0	3.0	0.0	2.0	4.0	8.0	2.0
870	0.0	6.0	0.0	4.0	1.998000000000001	16.002	4.0
871	3.0	2.0	2.0	2.0	2.0010000000000003	6.999	2.0
872	2.0	7.0	1.0	5.0	4.335000000000001	16.665	4.0
873	2.0	2.0	2.0	2.0	1.6660000000000004	7.334	3.0
874	0.0	1.0	0.0	1.0	0.3330000000000002	2.667	1.0
875	2.0	3.0	2.0	2.0	2.9990000000000006	12.001	4.0
876	2.0	2.0	2.0	2.0	2.068	3.932	2.0
877	1.0	0.0	1.0	0.0	1.0	2.0	1.0
878	3.0	5.0	1.0	4.0	5.736000000000001	12.264	4.0
879	2.0	0.0	2.0	0.0	1.3360000000000003	4.664	2.0
880	3.0	1.0	0.0	1.0	4.0	8.0	1.0
881	1.0	2.0	1.0	1.0	2.668	6.332	2.0
882	3.0	0.0	2.0	0.0	2.0040000000000004	6.9959999999999996	2.0
883	1.0	1.0	1.0	1.0	0.6660000000000004	5.334	2.0
884	4.0	0.0	2.0	0.0	4.0	8.0	2.0
885	3.0	1.0	1.0	1.0	3.333	8.667	2.0
886	4.0	0.0	2.0	0.0	4.0	8.0	2.0
887	3.0	3.0	3.0	3.0	3.668	8.332	4.0
888	2.0	1.0	2.0	1.0	3.0	6.0	3.0
889	0.0	2.0	0.0	2.0	1.0010000000000003	4.999	2.0
890	1.0	0.0	0.0	0.0	0.3330000000000002	2.667	0.0
891	3.0	4.0	1.0	3.0	7.0	14.0	4.0
892	2.0	3.0	0.0	2.0	4.333	10.667	2.0
893	1.0	4.0	0.0	2.0	4.333	10.667	2.0
894	1.0	1.0	0.0	1.0	0.6660000000000004	5.334	1.0
895	2.0	3.0	2.0	3.0	2.0	4.0	2.0
896	3.0	4.0	1.0	4.0	2.6660000000000004	9.334	2.0
897	4.0	3.0	3.0	3.0	6.0	12.0	5.0
898	2.0	3.0	1.0	2.0	1.9990000000000006	10.001	2.0
899	3.0	6.0	2.0	5.0	4.001	10.998999999999999	4.0
900	2.0	2.0	0.0	1.0	4.0	8.0	1.0
901	2.0	2.0	1.0	1.0	1.3330000000000002	4.667	1.0
902	1.0	4.0	1.0	4.0	2.0	4.0	2.0
903	4.0	0.0	2.0	0.0	4.0	8.0	2.0
904	1.0	0.0	1.0	0.0	0.3330000000000002	2.667	1.0
905	2.0	0.0	1.0	0.0	0.6660000000000004	5.334	1.0
906	1.0	0.0	1.0	0.0	0.3330000000000002	2.667	1.0
907	1.0	0.0	1.0	0.0	1.0	2.0	1.0
908	2.0	0.0	2.0	0.0	2.0	4.0	2.0
909	1.0	0.0	1.0	0.0	1.0	2.0	1.0
910	3.0	0.0	2.0	0.0	3.0	6.0	2.0
911	2.0	0.0	2.0	0.0	0.6660000000000004	5.334	2.0
912	1.0	0.0	0.0	0.0	1.0	2.0	0.0
913	2.0	0.0	1.0	0.0	0.6660000000000004	5.334	1.0
914	2.0	0.0	0.0	0.0	0.6660000000000004	5.334	0.0
915	0.0	2.0	0.0	1.0	0.6660000000000004	5.334	1.0
916	2.0	1.0	1.0	1.0	0.9990000000000006	8.001	2.0
917	0.0	2.0	0.0	2.0	0.6660000000000004	5.334	2.0
918	4.0	3.0	2.0	2.0	3.3320000000000007	14.668	3.0
919	1.0	2.0	0.0	1.0	0.9990000000000006	8.001	1.0
920	1.0	7.0	1.0	3.0	4.001	13.998999999999999	3.0
921	3.0	7.0	2.0	5.0	8.0	16.0	5.0
922	0.0	10.0	0.0	5.0	5.333000000000001	21.667	4.0
923	3.0	6.0	2.0	4.0	7.001	16.999	5.0
924	3.0	5.0	1.0	3.0	4.666	13.334	3.0
925	2.0	3.0	0.0	3.0	5.0	10.0	3.0
926	0.0	0.0	0.0	0.0	0.0	0.0	0.0
927	3.0	4.0	1.0	2.0	4.066000000000001	10.934	2.0
928	3.0	1.0	3.0	1.0	3.333	8.667	4.0
929	2.0	3.0	1.0	3.0	2.333	6.667	2.0
930	1.0	7.0	0.0	3.0	4.336	10.664000000000001	2.0
931	2.0	5.0	2.0	3.0	5.333	12.667	4.0
932	0.0	0.0	0.0	0.0	0.0	0.0	0.0
933	0.0	0.0	0.0	0.0	0.0	0.0	0.0
934	0.0	0.0	0.0	0.0	0.0	0.0	0.0
935	0.0	0.0	0.0	0.0	0.0	0.0	0.0
936	0.0	0.0	0.0	0.0	0.0	0.0	0.0
937	3.0	5.0	2.0	3.0	6.001	14.998999999999999	4.0
938	3.0	6.0	3.0	3.0	6.668	14.332	5.0
939	2.0	9.0	1.0	4.0	6.670000000000001	20.33	4.0
940	3.0	6.0	2.0	5.0	2.665000000000001	15.334999999999999	4.0
941	2.0	6.0	1.0	5.0	5.001	12.998999999999999	4.0
942	2.0	1.0	2.0	0.0	2.668	6.332	2.0
943	0.0	2.0	0.0	1.0	0.6660000000000004	5.334	1.0
944	0.0	3.0	0.0	2.0	1.0010000000000003	4.999	1.0
945	1.0	0.0	0.0	0.0	1.0	2.0	0.0
946	1.0	5.0	1.0	4.0	5.0	10.0	4.0
947	3.0	5.0	1.0	2.0	3.9990000000000006	14.001	2.0
948	3.0	3.0	2.0	2.0	4.333	10.667	3.0
949	2.0	4.0	2.0	3.0	4.333	10.667	4.0
950	3.0	7.0	0.0	4.0	4.667000000000001	16.333	3.0
951	1.0	3.0	1.0	2.0	4.0	8.0	3.0
952	2.0	3.0	1.0	1.0	1.3330000000000002	4.667	1.0
953	2.0	5.0	1.0	2.0	5.001	12.999	3.0
954	0.0	0.0	0.0	0.0	0.0	0.0	0.0
955	0.0	0.0	0.0	0.0	0.0	0.0	0.0
956	0.0	0.0	0.0	0.0	0.0	0.0	0.0
957	0.0	0.0	0.0	0.0	0.0	0.0	0.0
958	0.0	2.0	0.0	2.0	1.3330000000000002	4.667	2.0
959	2.0	5.0	1.0	3.0	3.0010000000000003	8.998999999999999	2.0
960	3.0	3.0	1.0	2.0	4.0	8.0	2.0
961	1.0	7.0	1.0	4.0	6.3340000000000005	17.665999999999997	5.0
962	3.0	3.0	3.0	2.0	3.333	8.667	3.0
963	2.0	6.0	2.0	4.0	3.9990000000000006	14.001	4.0
964	1.0	2.0	1.0	0.0	3.0	6.0	1.0
965	2.0	3.0	2.0	2.0	4.0	8.0	3.0
966	0.0	8.0	0.0	3.0	3.3320000000000007	14.668	3.0
967	2.0	3.0	1.0	2.0	1.9990000000000006	10.001	2.0
968	1.0	3.0	1.0	2.0	3.0	6.0	2.0
969	2.0	4.0	2.0	1.0	5.0	10.0	2.0
970	1.0	6.0	1.0	2.0	2.9990000000000006	12.001	2.0
971	2.0	4.0	2.0	2.0	1.9990000000000006	10.001	3.0
972	4.0	3.0	2.0	1.0	4.336	10.664000000000001	2.0
973	3.0	5.0	1.0	5.0	7.0680000000000005	13.931999999999999	5.0
974	3.0	6.0	1.0	2.0	3.0010000000000003	8.998999999999999	1.0
975	0.0	5.0	0.0	3.0	2.6660000000000004	9.334	2.0
976	2.0	4.0	0.0	3.0	2.9990000000000006	12.001	2.0
977	3.0	2.0	3.0	2.0	1.6660000000000004	7.334	3.0
978	3.0	3.0	1.0	2.0	4.333	10.667	2.0
979	1.0	2.0	0.0	2.0	1.3330000000000002	4.667	1.0
980	1.0	0.0	1.0	0.0	1.0	2.0	1.0
981	3.0	2.0	3.0	2.0	1.6660000000000004	7.334	3.0
982	3.0	1.0	2.0	1.0	3.333	8.667	3.0
983	2.0	4.0	1.0	2.0	2.9990000000000006	12.001	2.0
984	3.0	0.0	1.0	0.0	0.9990000000000006	8.001	1.0
985	2.0	1.0	2.0	1.0	1.6680000000000001	4.332	2.0
986	2.0	0.0	1.0	0.0	0.6660000000000004	5.334	1.0
987	0.0	0.0	0.0	0.0	0.0	0.0	0.0
988	2.0	0.0	2.0	0.0	0.6660000000000004	5.334	2.0
989	3.0	0.0	1.0	0.0	3.0	6.0	1.0
990	3.0	0.0	1.0	0.0	0.9990000000000006	8.001	1.0
991	3.0	0.0	1.0	0.0	0.9990000000000006	8.001	1.0
992	3.0	0.0	2.0	0.0	0.9990000000000006	8.001	2.0
993	5.0	0.0	3.0	0.0	3.736	8.264	2.0
994	2.0	1.0	0.0	1.0	3.0	6.0	1.0
995	0.0	2.0	0.0	0.0	0.6660000000000004	5.334	0.0
996	3.0	3.0	2.0	2.0	3.4	8.6	2.0
997	1.0	2.0	1.0	1.0	0.9990000000000006	8.001	2.0
998	2.0	0.0	2.0	0.0	2.0	4.0	2.0
999	2.0	1.0	2.0	1.0	0.9990000000000006	8.001	3.0
1000	4.0	0.0	4.0	0.0	4.0	8.0	4.0
1001	0.0	0.0	0.0	0.0	0.0	0.0	0.0
1002	1.0	1.0	1.0	1.0	0.6680000000000001	2.332	1.0
1003	2.0	0.0	1.0	0.0	2.0	4.0	1.0
1004	4.0	0.0	1.0	0.0	3.068	5.932	1.0
1005	2.0	0.0	1.0	0.0	0.6660000000000004	5.334	1.0
1006	2.0	0.0	1.0	0.0	2.0	4.0	1.0
1007	2.0	0.0	1.0	0.0	2.0	4.0	1.0
1008	1.0	4.0	1.0	2.0	3.3370000000000006	11.663	3.0
1009	1.0	2.0	0.0	1.0	3.0	6.0	1.0
1010	3.0	4.0	3.0	3.0	6.333	14.667	6.0
1011	3.0	0.0	2.0	0.0	3.0	6.0	2.0
1012	2.0	1.0	1.0	0.0	2.668	6.332	1.0
1013	4.0	2.0	2.0	2.0	3.333	8.667	2.0
1014	0.0	5.0	0.0	3.0	1.3320000000000007	10.668	2.0
1015	0.0	2.0	0.0	1.0	1.3330000000000002	4.667	1.0
1016	3.0	2.0	2.0	0.0	4.0	8.0	2.0
1017	3.0	2.0	1.0	1.0	4.0	8.0	2.0
1018	2.0	3.0	0.0	2.0	1.665000000000001	13.334999999999999	2.0
1019	3.0	2.0	2.0	2.0	2.000000000000001	12.999999999999998	4.0
1020	3.0	1.0	1.0	1.0	3.733	8.267	2.0
1021	2.0	1.0	1.0	1.0	0.9990000000000006	8.001	2.0
1022	2.0	2.0	2.0	1.0	1.3320000000000007	10.668	3.0
1023	1.0	1.0	1.0	1.0	0.6660000000000004	5.334	2.0
1024	4.0	3.0	2.0	1.0	5.0	10.0	2.0
1025	2.0	4.0	2.0	2.0	4.4	10.6	3.0
1026	3.0	6.0	2.0	4.0	4.3340000000000005	13.665999999999999	3.0
1027	1.0	9.0	1.0	5.0	4.665000000000001	19.335	5.0
1028	3.0	4.0	0.0	0.0	5.0	10.0	0.0
1029	2.0	3.0	1.0	1.0	4.333	10.667	2.0
1030	1.0	4.0	1.0	2.0	2.3320000000000007	12.668	3.0
1031	0.0	2.0	0.0	1.0	1.3330000000000002	4.667	1.0
1032	1.0	2.0	0.0	0.0	1.0	2.0	0.0
1033	1.0	5.0	1.0	4.0	3.0	6.0	2.0
1034	2.0	3.0	2.0	3.0	1.6660000000000004	7.334	3.0
1035	3.0	3.0	1.0	3.0	3.333	8.667	2.0
1036	2.0	4.0	0.0	4.0	2.665000000000001	15.334999999999999	4.0
1037	2.0	5.0	1.0	4.0	2.665000000000001	15.334999999999999	4.0
1038	3.0	4.0	2.0	3.0	5.001	12.998999999999999	4.0
1039	2.0	5.0	2.0	4.0	1.9990000000000006	10.001	3.0
1040	2.0	4.0	2.0	3.0	4.668	10.332	4.0
1041	3.0	5.0	2.0	3.0	4.666	13.334	3.0
1042	2.0	3.0	1.0	3.0	1.6660000000000004	7.334	2.0
1043	2.0	3.0	0.0	2.0	2.668	9.332	2.0
1044	1.0	3.0	0.0	2.0	3.0	6.0	1.0
1045	1.0	4.0	0.0	2.0	1.3320000000000007	10.668	2.0
1046	1.0	4.0	1.0	1.0	1.9990000000000006	10.001	2.0
1047	2.0	2.0	0.0	2.0	3.0010000000000003	8.998999999999999	2.0
1048	0.0	0.0	0.0	0.0	0.0	0.0	0.0
1049	0.0	0.0	0.0	0.0	0.0	0.0	0.0
1050	0.0	0.0	0.0	0.0	0.0	0.0	0.0
1051	0.0	0.0	0.0	0.0	0.0	0.0	0.0
1052	0.0	0.0	0.0	0.0	0.0	0.0	0.0
1053	0.0	0.0	0.0	0.0	0.0	0.0	0.0
1054	0.0	0.0	0.0	0.0	0.0	0.0	0.0
1055	0.0	0.0	0.0	0.0	0.0	0.0	0.0
1056	0.0	0.0	0.0	0.0	0.0	0.0	0.0
1057	0.0	0.0	0.0	0.0	0.0	0.0	0.0
1058	0.0	0.0	0.0	0.0	0.0	0.0	0.0
1059	0.0	0.0	0.0	0.0	0.0	0.0	0.0
1060	0.0	0.0	0.0	0.0	0.0	0.0	0.0
1061	0.0	0.0	0.0	0.0	0.0	0.0	0.0
1062	0.0	2.0	0.0	2.0	0.3330000000000002	2.667	1.0
1063	1.0	0.0	1.0	0.0	1.4	1.6	1.0
1064	0.0	1.0	0.0	1.0	0.3330000000000002	2.667	1.0
1065	0.0	0.0	0.0	0.0	0.0	0.0	0.0
1066	0.0	0.0	0.0	0.0	0.0	0.0	0.0
1067	0.0	0.0	0.0	0.0	0.0	0.0	0.0
1068	0.0	0.0	0.0	0.0	0.0	0.0	0.0
1069	0.0	0.0	0.0	0.0	0.0	0.0	0.0
1070	0.0	0.0	0.0	0.0	0.0	0.0	0.0
1071	0.0	0.0	0.0	0.0	0.0	0.0	0.0
1072	0.0	0.0	0.0	0.0	0.0	0.0	0.0
1073	0.0	0.0	0.0	0.0	0.0	0.0	0.0
1074	0.0	0.0	0.0	0.0	0.0	0.0	0.0
1075	0.0	0.0	0.0	0.0	0.0	0.0	0.0
1076	0.0	0.0	0.0	0.0	0.0	0.0	0.0
1077	0.0	0.0	0.0	0.0	0.0	0.0	0.0
1078	0.0	0.0	0.0	0.0	0.0	0.0	0.0
1079	0.0	0.0	0.0	0.0	0.0	0.0	0.0
1080	0.0	0.0	0.0	0.0	0.0	0.0	0.0
1081	0.0	0.0	0.0	0.0	0.0	0.0	0.0
1082	0.0	0.0	0.0	0.0	0.0	0.0	0.0
1083	0.0	0.0	0.0	0.0	0.0	0.0	0.0
1084	0.0	0.0	0.0	0.0	0.0	0.0	0.0
1085	0.0	0.0	0.0	0.0	0.0	0.0	0.0
1086	0.0	0.0	0.0	0.0	0.0	0.0	0.0
1087	0.0	0.0	0.0	0.0	0.0	0.0	0.0
1088	0.0	0.0	0.0	0.0	0.0	0.0	0.0
1089	0.0	0.0	0.0	0.0	0.0	0.0	0.0
1090	0.0	0.0	0.0	0.0	0.0	0.0	0.0
1091	0.0	0.0	0.0	0.0	0.0	0.0	0.0
1092	0.0	0.0	0.0	0.0	0.0	0.0	0.0
1093	1.0	2.0	0.0	0.0	2.0	4.0	0.0
1094	0.0	4.0	0.0	2.0	1.6660000000000004	7.334	1.0
1095	1.0	3.0	1.0	1.0	2.333	6.667	1.0
1096	3.0	2.0	1.0	2.0	3.0	6.0	1.0
1097	2.0	3.0	1.0	3.0	1.6660000000000004	7.334	2.0
1098	3.0	4.0	2.0	3.0	3.4	5.6	2.0
1099	3.0	3.0	2.0	3.0	3.0	6.0	2.0
1100	0.0	0.0	0.0	0.0	0.0	0.0	0.0
1101	0.0	0.0	0.0	0.0	0.0	0.0	0.0
1102	0.0	0.0	0.0	0.0	0.0	0.0	0.0
1103	2.0	5.0	2.0	4.0	4.333	10.667	4.0
1104	2.0	6.0	1.0	5.0	3.9990000000000006	14.001	4.0
1105	2.0	3.0	1.0	3.0	5.0	10.0	4.0
1106	4.0	5.0	2.0	4.0	5.333	12.667	4.0
1107	2.0	3.0	1.0	0.0	4.0	8.0	1.0
1108	2.0	3.0	0.0	2.0	3.333	8.667	2.0
1109	0.0	5.0	0.0	2.0	3.6660000000000004	11.334	2.0
1110	2.0	4.0	2.0	2.0	3.333	8.667	3.0
1111	3.0	3.0	2.0	2.0	1.9990000000000006	10.001	2.0
1112	3.0	2.0	2.0	1.0	5.0	10.0	3.0
1113	1.0	2.0	1.0	2.0	0.9990000000000006	8.001	3.0
1114	2.0	0.0	1.0	0.0	0.6660000000000004	5.334	1.0
1115	1.0	2.0	1.0	2.0	0.9990000000000006	8.001	3.0
1116	0.0	0.0	0.0	0.0	0.0	0.0	0.0
1117	1.0	4.0	0.0	3.0	1.9990000000000006	10.001	2.0
1118	0.0	4.0	0.0	4.0	1.6690000000000005	7.3309999999999995	3.0
1119	3.0	0.0	2.0	0.0	3.0	6.0	2.0
1120	1.0	0.0	1.0	0.0	0.3330000000000002	2.667	1.0
1121	3.0	3.0	1.0	3.0	4.133	10.866999999999999	3.0
1122	3.0	1.0	1.0	1.0	1.3320000000000007	10.668	2.0
1123	0.0	0.0	0.0	0.0	0.0	0.0	0.0
1124	2.0	1.0	0.0	1.0	2.0010000000000003	6.999	1.0
1125	3.0	3.0	2.0	3.0	3.333	8.667	3.0
1126	1.0	0.0	1.0	0.0	1.4	1.6	1.0
1127	3.0	0.0	2.0	0.0	3.0	6.0	2.0
1128	1.0	3.0	1.0	3.0	1.6690000000000005	7.3309999999999995	3.0
1129	2.0	1.0	1.0	1.0	0.9990000000000006	8.001	2.0
1130	1.0	0.0	1.0	0.0	0.3330000000000002	2.667	1.0
1131	3.0	0.0	2.0	0.0	3.0	6.0	2.0
1132	2.0	0.0	0.0	0.0	0.6660000000000004	5.334	0.0
1133	2.0	0.0	2.0	0.0	0.6660000000000004	5.334	2.0
1134	5.0	0.0	3.0	0.0	5.468	9.532	3.0
1135	1.0	0.0	1.0	0.0	0.3330000000000002	2.667	1.0
1136	3.0	3.0	2.0	1.0	4.002000000000001	13.998	3.0
1137	3.0	0.0	2.0	0.0	0.9990000000000006	8.001	2.0
1138	3.0	0.0	2.0	0.0	3.0	6.0	2.0
1139	0.0	0.0	0.0	0.0	0.0	0.0	0.0
1140	1.0	8.0	1.0	6.0	6.199	14.800999999999998	5.0
1141	2.0	0.0	2.0	0.0	0.6660000000000004	5.334	2.0
1142	0.0	0.0	0.0	0.0	0.0	0.0	0.0
1143	4.0	0.0	2.0	0.0	4.0	8.0	2.0
1144	3.0	0.0	2.0	0.0	3.0	6.0	2.0
1145	3.0	3.0	3.0	3.0	4.0	8.0	4.0
1146	1.0	1.0	1.0	1.0	0.6660000000000004	5.334	2.0
1147	3.0	1.0	2.0	1.0	4.0	8.0	3.0
1148	2.0	0.0	0.0	0.0	0.6660000000000004	5.334	0.0
1149	3.0	2.0	2.0	2.0	4.133	7.866999999999999	3.0
1150	2.0	0.0	0.0	0.0	0.6660000000000004	5.334	0.0
1151	2.0	2.0	1.0	2.0	1.3320000000000007	10.668	3.0
1152	2.0	0.0	1.0	0.0	2.0	4.0	1.0
1153	4.0	5.0	2.0	2.0	5.336	12.664000000000001	3.0
1154	0.0	2.0	0.0	2.0	1.3330000000000002	4.667	2.0
1155	2.0	1.0	1.0	1.0	3.0	6.0	2.0
1156	2.0	4.0	2.0	2.0	2.6660000000000004	9.334	3.0
1157	0.0	0.0	0.0	0.0	0.0	0.0	0.0
1158	3.0	3.0	1.0	1.0	4.0	8.0	1.0
1159	1.0	1.0	1.0	1.0	1.0010000000000003	4.999	2.0
1160	2.0	1.0	2.0	1.0	1.0010000000000003	4.999	2.0
1161	1.0	0.0	1.0	0.0	0.3330000000000002	2.667	1.0
1162	1.0	1.0	0.0	1.0	1.0010000000000003	4.999	1.0
1163	4.0	1.0	2.0	1.0	4.4	7.6	2.0
1164	2.0	3.0	1.0	2.0	3.0	6.0	2.0
1165	5.0	0.0	3.0	0.0	4.668	10.332	3.0
1166	3.0	6.0	0.0	3.0	3.6660000000000004	11.334	2.0
1167	1.0	3.0	1.0	3.0	1.3330000000000002	4.667	2.0
1168	2.0	3.0	2.0	3.0	1.6660000000000004	7.334	3.0
1169	3.0	6.0	3.0	4.0	6.0	12.0	5.0
1170	3.0	3.0	2.0	2.0	5.333	12.667	4.0
1171	0.0	0.0	0.0	0.0	0.0	0.0	0.0
1172	0.0	0.0	0.0	0.0	0.0	0.0	0.0
1173	0.0	0.0	0.0	0.0	0.0	0.0	0.0
1174	0.0	0.0	0.0	0.0	0.0	0.0	0.0
1175	0.0	0.0	0.0	0.0	0.0	0.0	0.0
1176	0.0	0.0	0.0	0.0	0.0	0.0	0.0
1177	0.0	0.0	0.0	0.0	0.0	0.0	0.0
1178	0.0	0.0	0.0	0.0	0.0	0.0	0.0
1179	0.0	0.0	0.0	0.0	0.0	0.0	0.0
1180	0.0	0.0	0.0	0.0	0.0	0.0	0.0
1181	2.0	2.0	1.0	1.0	3.0	6.0	1.0
1182	1.0	3.0	0.0	2.0	1.9990000000000006	10.001	2.0
1183	3.0	1.0	1.0	1.0	1.3320000000000007	10.668	2.0
1184	2.0	1.0	2.0	1.0	0.9990000000000006	8.001	3.0
1185	3.0	3.0	2.0	3.0	5.0	10.0	4.0
1186	2.0	3.0	1.0	3.0	2.333	6.667	2.0
1187	3.0	5.0	3.0	3.0	6.0	12.0	4.0
1188	2.0	3.0	1.0	2.0	1.3320000000000007	10.668	2.0
1189	3.0	2.0	2.0	2.0	4.0	8.0	3.0
1190	2.0	0.0	0.0	0.0	0.6660000000000004	5.334	0.0
1191	5.0	1.0	3.0	1.0	4.336	10.664000000000001	3.0
1192	2.0	2.0	0.0	2.0	2.333	6.667	1.0
1193	3.0	1.0	2.0	1.0	1.3320000000000007	10.668	3.0
1194	1.0	0.0	1.0	0.0	0.3330000000000002	2.667	1.0
1195	1.0	1.0	0.0	1.0	1.6680000000000001	4.332	1.0
1196	1.0	3.0	1.0	2.0	1.6660000000000004	7.334	2.0
1197	3.0	0.0	1.0	0.0	3.0	6.0	1.0
1198	2.0	1.0	2.0	1.0	1.3330000000000002	4.667	2.0
1199	3.0	1.0	2.0	1.0	3.0	6.0	2.0
1200	2.0	4.0	2.0	3.0	2.9990000000000006	12.001	4.0
1201	1.0	6.0	0.0	4.0	3.6670000000000007	14.332999999999998	3.0
1202	2.0	5.0	2.0	3.0	4.333	10.667	4.0
1203	3.0	5.0	0.0	3.0	5.333	12.667	3.0
1204	0.0	4.0	0.0	3.0	1.6660000000000004	7.334	2.0
1205	1.0	3.0	1.0	2.0	0.6660000000000004	5.334	1.0
1206	2.0	4.0	2.0	3.0	1.998000000000001	16.002	5.0
1207	2.0	3.0	1.0	2.0	2.333	9.667	2.0
1208	1.0	3.0	0.0	2.0	0.9990000000000006	8.001	2.0
1209	2.0	3.0	1.0	2.0	3.6660000000000004	11.334	3.0
1210	4.0	4.0	2.0	3.0	6.0	12.0	3.0
1211	2.0	4.0	1.0	2.0	2.9990000000000006	12.001	2.0
1212	1.0	6.0	0.0	4.0	5.333	12.667	3.0
1213	1.0	6.0	1.0	4.0	4.336	13.664	4.0
1214	0.0	4.0	0.0	4.0	2.733	6.2669999999999995	3.0
1215	3.0	1.0	2.0	1.0	2.0	7.0	2.0
1216	1.0	1.0	0.0	0.0	0.3330000000000002	2.667	0.0
1217	1.0	2.0	1.0	1.0	2.333	6.667	2.0
1218	2.0	0.0	1.0	0.0	2.8	3.2	1.0
1219	2.0	1.0	2.0	1.0	2.0	4.0	2.0
1220	2.0	2.0	0.0	2.0	2.6660000000000004	9.334	2.0
1221	2.0	5.0	0.0	4.0	2.6660000000000004	12.334	3.0
1222	2.0	5.0	2.0	4.0	3.3320000000000007	14.668	5.0
1223	4.0	5.0	2.0	2.0	4.333	10.667	2.0
1224	2.0	4.0	1.0	3.0	3.333	8.667	3.0
1225	1.0	2.0	0.0	2.0	0.9990000000000006	8.001	2.0
1226	3.0	5.0	1.0	3.0	5.001	12.999	2.0
1227	1.0	2.0	0.0	2.0	1.3330000000000002	4.667	1.0
1228	3.0	1.0	2.0	1.0	3.333	8.667	3.0
1229	1.0	7.0	1.0	4.0	5.3340000000000005	15.665999999999999	4.0
1230	4.0	2.0	2.0	1.0	6.0	12.0	3.0
1231	4.0	4.0	2.0	2.0	2.6660000000000004	12.334	2.0
1232	3.0	5.0	2.0	2.0	4.333	10.667	2.0
1233	1.0	2.0	0.0	0.0	1.6690000000000005	7.3309999999999995	0.0
1234	3.0	0.0	0.0	0.0	3.4	5.6	0.0
1235	1.0	3.0	1.0	2.0	1.9990000000000006	10.001	3.0
1236	2.0	0.0	1.0	0.0	0.6660000000000004	5.334	1.0
1237	3.0	1.0	2.0	0.0	4.0	8.0	2.0
1238	0.0	1.0	0.0	1.0	0.6680000000000001	2.332	1.0
1239	3.0	0.0	1.0	0.0	1.3360000000000003	4.664	1.0
1240	3.0	1.0	3.0	0.0	4.0	8.0	3.0
1241	3.0	3.0	1.0	0.0	4.0	8.0	1.0
1242	2.0	2.0	2.0	2.0	1.3330000000000002	4.667	2.0
1243	3.0	3.0	1.0	2.0	5.0	10.0	2.0
1244	3.0	2.0	2.0	0.0	3.6660000000000004	11.334	2.0
1245	0.0	2.0	0.0	0.0	0.3330000000000002	2.667	0.0
1246	1.0	4.0	0.0	3.0	3.333	8.667	2.0
1247	2.0	6.0	0.0	2.0	6.333	14.667	2.0
1248	2.0	4.0	0.0	2.0	4.333	10.667	2.0
1249	3.0	1.0	3.0	0.0	4.0	8.0	3.0
1250	2.0	2.0	1.0	2.0	2.0	4.0	1.0
1251	2.0	1.0	0.0	0.0	1.3330000000000002	4.667	0.0
1252	2.0	4.0	0.0	1.0	2.0	7.0	1.0
1253	0.0	2.0	0.0	0.0	1.0	2.0	0.0
1254	0.0	0.0	0.0	0.0	0.0	0.0	0.0
1255	4.0	0.0	2.0	0.0	2.668	6.332	1.0
1256	1.0	1.0	0.0	0.0	1.0	2.0	0.0
1257	2.0	0.0	1.0	0.0	2.0	4.0	1.0
1258	4.0	0.0	1.0	0.0	4.136	7.864	1.0
1259	3.0	0.0	1.0	0.0	3.0	6.0	1.0
1260	2.0	1.0	1.0	0.0	3.0	6.0	1.0
1261	1.0	1.0	0.0	0.0	1.3330000000000002	4.667	0.0
1262	2.0	1.0	1.0	0.0	3.0	6.0	1.0
1263	3.0	3.0	1.0	1.0	6.0	12.0	2.0
1264	2.0	3.0	1.0	1.0	3.333	8.667	2.0
1265	1.0	2.0	0.0	1.0	2.0	4.0	1.0
1266	2.0	3.0	0.0	0.0	1.3330000000000002	4.667	0.0
1267	2.0	5.0	1.0	1.0	4.0	8.0	1.0
1268	2.0	6.0	1.0	1.0	3.000000000000001	14.999999999999998	1.0
1269	0.0	0.0	0.0	0.0	0.0	0.0	0.0
1270	0.0	0.0	0.0	0.0	0.0	0.0	0.0
1271	0.0	0.0	0.0	0.0	0.0	0.0	0.0
1272	0.0	0.0	0.0	0.0	0.0	0.0	0.0
1273	0.0	0.0	0.0	0.0	0.0	0.0	0.0
1274	1.0	3.0	1.0	2.0	3.0	6.0	2.0
1275	3.0	6.0	2.0	1.0	3.665000000000001	17.335	3.0
1276	2.0	2.0	2.0	0.0	3.333	8.667	2.0
1277	1.0	4.0	0.0	0.0	2.6660000000000004	9.334	0.0
1278	2.0	2.0	0.0	0.0	1.3330000000000002	4.667	0.0
1279	1.0	4.0	1.0	3.0	2.333	6.667	2.0
1280	2.0	5.0	1.0	2.0	4.333	10.667	2.0
1281	0.0	2.0	0.0	0.0	1.3330000000000002	4.667	0.0
1282	2.0	4.0	1.0	2.0	2.333	9.667	2.0
1283	2.0	3.0	0.0	3.0	2.333	9.667	2.0
1284	1.0	2.0	1.0	0.0	1.3330000000000002	4.667	1.0
1285	0.0	2.0	0.0	1.0	1.3360000000000003	4.664	1.0
1286	2.0	0.0	0.0	0.0	1.0	2.0	0.0
1287	1.0	1.0	1.0	1.0	0.3330000000000002	2.667	1.0
1288	2.0	0.0	2.0	0.0	2.0	4.0	2.0
1289	0.0	1.0	0.0	1.0	1.4	1.6	1.0
1290	1.0	0.0	0.0	0.0	0.6680000000000001	2.332	0.0
1291	0.0	0.0	0.0	0.0	0.0	0.0	0.0
1292	1.0	0.0	0.0	0.0	0.3330000000000002	2.667	0.0
1293	1.0	0.0	0.0	0.0	1.0	2.0	0.0
1294	2.0	2.0	2.0	0.0	1.6660000000000004	7.334	2.0
1295	3.0	2.0	1.0	1.0	4.0	8.0	1.0
1296	2.0	1.0	0.0	0.0	0.6660000000000004	5.334	0.0
1297	1.0	3.0	0.0	2.0	2.0	4.0	1.0
1298	1.0	1.0	0.0	0.0	1.0	2.0	0.0
1299	1.0	2.0	0.0	0.0	0.6680000000000001	2.332	0.0
1300	0.0	2.0	0.0	0.0	0.3330000000000002	2.667	0.0
1301	2.0	3.0	1.0	0.0	1.6660000000000004	7.334	1.0
1302	3.0	2.0	0.0	1.0	3.333	8.667	1.0
1303	0.0	1.0	0.0	0.0	0.3330000000000002	2.667	0.0
1304	1.0	2.0	0.0	2.0	2.333	6.667	2.0
1305	1.0	2.0	0.0	1.0	2.0	4.0	1.0
1306	1.0	3.0	0.0	1.0	2.0010000000000003	6.999	1.0
1307	0.0	5.0	0.0	1.0	2.3340000000000005	9.666	1.0
1308	2.0	2.0	0.0	1.0	4.0	8.0	1.0
1309	2.0	4.0	2.0	2.0	3.668	11.332	3.0
1310	2.0	3.0	1.0	1.0	2.333	6.667	1.0
1311	2.0	5.0	0.0	1.0	4.001	10.999	1.0
1312	1.0	2.0	0.0	1.0	1.3330000000000002	4.667	1.0
1313	3.0	0.0	2.0	0.0	1.6680000000000001	4.332	1.0
1314	3.0	0.0	0.0	0.0	3.0	6.0	0.0
1315	2.0	1.0	1.0	0.0	3.0	6.0	1.0
1316	3.0	2.0	0.0	0.0	2.333	6.667	0.0
1317	3.0	3.0	1.0	3.0	3.733	8.267	2.0
1318	1.0	0.0	0.0	0.0	0.3330000000000002	2.667	0.0
1319	1.0	2.0	0.0	0.0	0.3330000000000002	2.667	0.0
1320	2.0	1.0	1.0	0.0	3.0	6.0	1.0
1321	3.0	0.0	1.0	0.0	3.0	6.0	1.0
1322	2.0	3.0	1.0	2.0	3.668	8.332	2.0
1323	3.0	3.0	1.0	0.0	4.668	10.332	1.0
1324	0.0	3.0	0.0	1.0	1.6660000000000004	7.334	1.0
1325	1.0	0.0	0.0	0.0	0.3330000000000002	2.667	0.0
1326	2.0	2.0	1.0	1.0	1.3330000000000002	4.667	1.0
1327	2.0	3.0	1.0	1.0	1.9990000000000006	10.001	2.0
1328	0.0	4.0	0.0	1.0	1.6660000000000004	7.334	1.0
1329	1.0	5.0	1.0	4.0	2.6660000000000004	9.334	3.0
1330	3.0	1.0	2.0	0.0	3.333	8.667	2.0
1331	1.0	3.0	0.0	0.0	2.333	6.667	0.0
1332	2.0	1.0	1.0	0.0	1.0010000000000003	4.999	1.0
1333	1.0	4.0	1.0	3.0	1.6660000000000004	7.334	2.0
1334	2.0	4.0	0.0	0.0	5.0	10.0	0.0
1335	2.0	0.0	0.0	0.0	2.0	4.0	0.0
1336	1.0	3.0	0.0	2.0	4.068	7.9319999999999995	2.0
1337	1.0	0.0	0.0	0.0	0.3330000000000002	2.667	0.0
1338	3.0	4.0	2.0	1.0	4.0	8.0	2.0
1339	2.0	3.0	1.0	0.0	4.0	8.0	1.0
1340	1.0	2.0	0.0	1.0	1.6680000000000001	4.332	1.0
1341	0.0	2.0	0.0	1.0	0.6680000000000001	5.332	1.0
1342	2.0	2.0	1.0	0.0	3.333	8.667	1.0
1343	1.0	2.0	0.0	0.0	1.3330000000000002	4.667	0.0
1344	3.0	3.0	1.0	0.0	5.0	10.0	1.0
1345	2.0	1.0	1.0	0.0	1.3330000000000002	4.667	1.0
1346	1.0	2.0	0.0	0.0	1.0	2.0	0.0
1347	3.0	2.0	2.0	0.0	4.4	7.6	2.0
1348	3.0	2.0	1.0	0.0	1.6660000000000004	7.334	1.0
1349	1.0	3.0	0.0	1.0	4.0	8.0	1.0
1350	1.0	1.0	0.0	0.0	1.0	2.0	0.0
1351	1.0	1.0	0.0	1.0	0.6660000000000004	5.334	1.0
1352	1.0	1.0	0.0	0.0	2.0	4.0	0.0
1353	1.0	2.0	0.0	0.0	0.6660000000000004	5.334	0.0
1354	3.0	0.0	1.0	0.0	3.068	5.932	1.0
1355	3.0	0.0	1.0	0.0	3.0	6.0	1.0
1356	2.0	0.0	0.0	0.0	2.0	4.0	0.0
1357	1.0	0.0	0.0	0.0	1.0	2.0	0.0
1358	2.0	1.0	1.0	0.0	3.0	6.0	1.0
1359	3.0	0.0	0.0	0.0	3.0	6.0	0.0
1360	2.0	0.0	0.0	0.0	0.6660000000000004	5.334	0.0
1361	3.0	0.0	0.0	0.0	3.0	6.0	0.0
1362	2.0	0.0	0.0	0.0	0.6660000000000004	5.334	0.0
1363	2.0	0.0	0.0	0.0	0.6660000000000004	5.334	0.0
1364	0.0	1.0	0.0	1.0	1.0	2.0	1.0
1365	2.0	0.0	1.0	0.0	0.6660000000000004	5.334	1.0
1366	2.0	0.0	1.0	0.0	0.6660000000000004	5.334	1.0
1367	2.0	1.0	0.0	0.0	1.0010000000000003	4.999	0.0
1368	4.0	0.0	2.0	0.0	3.668	8.332	2.0
1369	2.0	3.0	1.0	0.0	4.0	8.0	1.0
1370	2.0	0.0	2.0	0.0	2.0	4.0	2.0
1371	2.0	0.0	0.0	0.0	2.0	4.0	0.0
1372	2.0	2.0	0.0	1.0	1.6660000000000004	7.334	1.0
1373	4.0	2.0	1.0	0.0	2.6660000000000004	9.334	1.0
1374	0.0	0.0	0.0	0.0	0.0	0.0	0.0
1375	0.0	0.0	0.0	0.0	0.0	0.0	0.0
1376	2.0	3.0	0.0	2.0	0.9990000000000006	8.001	1.0
1377	0.0	1.0	0.0	1.0	0.3330000000000002	2.667	1.0
1378	1.0	2.0	0.0	2.0	2.0010000000000003	6.999	2.0
1379	3.0	0.0	1.0	0.0	3.0	6.0	1.0
1380	2.0	0.0	1.0	0.0	0.6660000000000004	5.334	1.0
1381	4.0	0.0	2.0	0.0	3.668	8.332	2.0
1382	2.0	2.0	0.0	1.0	3.0010000000000003	8.998999999999999	1.0
1383	2.0	0.0	0.0	0.0	2.0	4.0	0.0
1384	0.0	0.0	0.0	0.0	0.0	0.0	0.0
1385	3.0	0.0	2.0	0.0	1.6680000000000001	4.332	1.0
1386	2.0	4.0	2.0	2.0	3.333	8.667	2.0
1387	1.0	2.0	0.0	0.0	1.0	2.0	0.0
1388	2.0	3.0	1.0	2.0	2.333	6.667	2.0
1389	2.0	3.0	1.0	1.0	4.0	8.0	2.0
1390	1.0	2.0	0.0	0.0	2.0	4.0	0.0
1391	1.0	2.0	1.0	1.0	0.9990000000000006	8.001	2.0
1392	3.0	3.0	2.0	2.0	4.068	7.932	3.0
1393	0.0	4.0	0.0	3.0	2.668	6.332	2.0
1394	3.0	2.0	1.0	1.0	4.0	11.0	2.0
1395	2.0	4.0	1.0	0.0	3.333	8.667	1.0
1396	2.0	2.0	0.0	0.0	1.3330000000000002	4.667	0.0
1397	1.0	2.0	0.0	1.0	1.3340000000000005	7.6659999999999995	1.0
1398	2.0	2.0	1.0	1.0	1.6660000000000004	7.334	1.0
1399	2.0	1.0	1.0	1.0	3.0	6.0	2.0
1400	2.0	0.0	1.0	0.0	2.0	4.0	1.0
1401	1.0	1.0	0.0	1.0	1.0010000000000003	4.999	1.0
1402	1.0	0.0	1.0	0.0	0.3330000000000002	2.667	1.0
1403	3.0	0.0	2.0	0.0	3.4	5.6	2.0
1404	2.0	1.0	0.0	1.0	2.333	6.667	1.0
1405	2.0	1.0	1.0	1.0	2.0	4.0	1.0
1406	2.0	5.0	1.0	2.0	5.736000000000001	12.264	3.0
1407	3.0	0.0	1.0	0.0	3.0	6.0	1.0
1408	3.0	0.0	2.0	0.0	3.0	6.0	2.0
1409	4.0	2.0	2.0	0.0	5.0	10.0	2.0
1410	2.0	1.0	1.0	0.0	3.0	6.0	1.0
1411	3.0	2.0	1.0	0.0	4.0	8.0	1.0
1412	2.0	1.0	0.0	0.0	2.333	6.667	0.0
1413	0.0	0.0	0.0	0.0	0.0	0.0	0.0
1414	0.0	0.0	0.0	0.0	0.0	0.0	0.0
1415	0.0	0.0	0.0	0.0	0.0	0.0	0.0
1416	3.0	5.0	2.0	2.0	4.3340000000000005	13.666	3.0
1417	2.0	1.0	0.0	0.0	2.0	4.0	0.0
1418	4.0	1.0	1.0	1.0	5.0	10.0	2.0
1419	1.0	0.0	1.0	0.0	1.0	2.0	1.0
1420	2.0	1.0	1.0	0.0	2.0	4.0	1.0
1421	3.0	2.0	1.0	0.0	3.0	6.0	1.0
1422	3.0	3.0	3.0	1.0	3.6660000000000004	11.334	3.0
1423	0.0	0.0	0.0	0.0	0.0	0.0	0.0
1424	1.0	1.0	1.0	1.0	0.3330000000000002	2.667	1.0
1425	2.0	0.0	1.0	0.0	0.6660000000000004	5.334	1.0
1426	3.0	0.0	1.0	0.0	2.668	6.332	1.0
1427	0.0	1.0	0.0	0.0	0.0	3.0	0.0
1428	2.0	1.0	0.0	0.0	1.3330000000000002	4.667	0.0
1429	0.0	0.0	0.0	0.0	0.0	0.0	0.0
1430	3.0	0.0	2.0	0.0	3.0	6.0	2.0
1431	2.0	3.0	2.0	1.0	4.0	8.0	2.0
1432	1.0	0.0	0.0	0.0	1.0	2.0	0.0
1433	0.0	2.0	0.0	0.0	0.6680000000000001	5.332	0.0
1434	1.0	0.0	1.0	0.0	1.0	2.0	1.0
1435	2.0	1.0	1.0	1.0	1.3330000000000002	4.667	1.0
1436	1.0	1.0	0.0	0.0	0.6660000000000004	5.334	0.0
1437	1.0	0.0	0.0	0.0	1.0	2.0	0.0
1438	3.0	2.0	2.0	0.0	1.6660000000000004	7.334	2.0
1439	0.0	1.0	0.0	1.0	0.3330000000000002	2.667	1.0
1440	0.0	3.0	0.0	2.0	2.0010000000000003	6.999	2.0
1441	1.0	1.0	1.0	0.0	1.3330000000000002	4.667	1.0
1442	3.0	1.0	1.0	0.0	4.0	8.0	1.0
1443	3.0	3.0	0.0	1.0	3.0010000000000003	8.998999999999999	1.0
1444	2.0	0.0	2.0	0.0	2.0	4.0	2.0
1445	1.0	2.0	1.0	2.0	2.4	3.6	2.0
1446	1.0	2.0	0.0	1.0	1.6660000000000004	7.334	1.0
1447	1.0	1.0	1.0	0.0	1.0	5.0	1.0
1448	0.0	1.0	0.0	1.0	1.0	2.0	1.0
1449	3.0	2.0	2.0	0.0	5.0	10.0	2.0
1450	0.0	0.0	0.0	0.0	0.0	0.0	0.0
1451	2.0	0.0	1.0	0.0	2.0	4.0	1.0
1452	3.0	3.0	2.0	2.0	3.3340000000000005	11.665999999999999	3.0
1453	3.0	2.0	0.0	2.0	3.333	8.667	1.0
1454	1.0	3.0	1.0	2.0	2.333	6.667	2.0
1455	2.0	1.0	0.0	0.0	3.0	6.0	0.0
1456	2.0	3.0	1.0	1.0	4.0	8.0	1.0
1457	0.0	0.0	0.0	0.0	0.0	0.0	0.0
1458	0.0	0.0	0.0	0.0	0.0	0.0	0.0
1459	2.0	3.0	0.0	2.0	3.333	8.667	2.0
1460	3.0	3.0	0.0	2.0	5.0	10.0	2.0
1461	2.0	5.0	0.0	3.0	3.3320000000000007	14.668	2.0
1462	1.0	2.0	1.0	2.0	1.3330000000000002	4.667	2.0
1463	3.0	5.0	1.0	3.0	4.3340000000000005	13.665999999999999	3.0
1464	0.0	5.0	0.0	3.0	1.0010000000000003	4.999	1.0
1465	0.0	0.0	0.0	0.0	0.0	0.0	0.0
1466	1.0	1.0	1.0	0.0	0.6660000000000004	5.334	1.0
1467	3.0	0.0	1.0	0.0	3.0	6.0	1.0
1468	1.0	1.0	0.0	0.0	0.6660000000000004	5.334	0.0
1469	2.0	1.0	2.0	1.0	1.3330000000000002	4.667	2.0
1470	1.0	0.0	1.0	0.0	0.3330000000000002	2.667	1.0
1471	3.0	0.0	1.0	0.0	3.0	6.0	1.0
1472	1.0	0.0	0.0	0.0	0.3330000000000002	2.667	0.0
1473	2.0	0.0	0.0	0.0	0.6660000000000004	5.334	0.0
1474	1.0	0.0	1.0	0.0	0.3330000000000002	2.667	1.0
1475	1.0	1.0	0.0	0.0	0.6660000000000004	5.334	0.0
1476	2.0	3.0	0.0	2.0	2.3320000000000007	12.668	2.0
1477	1.0	0.0	0.0	0.0	1.0	2.0	0.0
1478	1.0	0.0	0.0	0.0	1.0	2.0	0.0
1479	0.0	1.0	0.0	0.0	1.0	2.0	0.0
1480	2.0	0.0	0.0	0.0	2.0	4.0	0.0
1481	3.0	4.0	1.0	1.0	5.0	10.0	1.0
1482	1.0	0.0	1.0	0.0	0.3330000000000002	2.667	1.0
1483	1.0	2.0	0.0	2.0	2.0	4.0	1.0
1484	2.0	0.0	0.0	0.0	0.6660000000000004	5.334	0.0
1485	0.0	0.0	0.0	0.0	0.0	0.0	0.0
1486	1.0	0.0	0.0	0.0	0.3330000000000002	2.667	0.0
1487	2.0	2.0	0.0	1.0	3.333	8.667	1.0
1488	1.0	3.0	1.0	2.0	1.3330000000000002	4.667	1.0
1489	3.0	2.0	0.0	2.0	3.333	8.667	1.0
1490	2.0	2.0	0.0	2.0	0.9990000000000006	8.001	1.0
1491	2.0	0.0	0.0	0.0	0.6660000000000004	5.334	0.0
1492	1.0	1.0	0.0	0.0	0.6660000000000004	5.334	0.0
1493	2.0	3.0	1.0	2.0	1.3340000000000005	7.6659999999999995	1.0
1494	0.0	2.0	0.0	0.0	0.6660000000000004	5.334	0.0
1495	0.0	1.0	0.0	0.0	0.3330000000000002	2.667	0.0
1496	1.0	5.0	0.0	2.0	4.668	10.332	2.0
1497	3.0	4.0	1.0	3.0	7.800000000000001	13.2	4.0
1498	2.0	3.0	0.0	2.0	5.0	10.0	2.0
1499	3.0	2.0	0.0	2.0	5.0	10.0	2.0
1500	2.0	3.0	2.0	1.0	3.333	8.667	2.0
1501	1.0	1.0	1.0	1.0	2.0	4.0	2.0
1502	1.0	1.0	1.0	1.0	2.0	4.0	2.0
1503	2.0	3.0	1.0	3.0	4.0	8.0	3.0
1504	2.0	3.0	0.0	0.0	2.6660000000000004	9.334	0.0
1505	2.0	4.0	0.0	1.0	3.6660000000000004	11.334	1.0
1506	1.0	1.0	1.0	1.0	1.0	2.0	1.0
1507	2.0	0.0	1.0	0.0	2.0	4.0	1.0
1508	2.0	1.0	0.0	1.0	1.3340000000000005	7.6659999999999995	1.0
1509	2.0	2.0	1.0	0.0	2.333	6.667	1.0
1510	1.0	1.0	0.0	0.0	1.4	1.6	0.0
1511	3.0	0.0	1.0	0.0	3.0	6.0	1.0
1512	3.0	2.0	1.0	0.0	3.333	8.667	1.0
1513	0.0	0.0	0.0	0.0	0.0	0.0	0.0
1514	0.0	0.0	0.0	0.0	0.0	0.0	0.0
1515	0.0	0.0	0.0	0.0	0.0	0.0	0.0
1516	0.0	0.0	0.0	0.0	0.0	0.0	0.0
1517	1.0	0.0	1.0	0.0	1.0	2.0	1.0
1518	1.0	0.0	0.0	0.0	0.3330000000000002	2.667	0.0
1519	3.0	0.0	1.0	0.0	3.0	6.0	1.0
1520	1.0	0.0	0.0	0.0	1.0	2.0	0.0
1521	1.0	0.0	0.0	0.0	1.0	2.0	0.0
1522	2.0	0.0	1.0	0.0	2.0	4.0	1.0
1523	2.0	1.0	1.0	1.0	2.0	4.0	1.0
1524	3.0	0.0	0.0	0.0	3.0	6.0	0.0
1525	0.0	0.0	0.0	0.0	0.0	0.0	0.0
1526	0.0	2.0	0.0	1.0	0.6660000000000004	5.334	1.0
1527	1.0	2.0	0.0	0.0	1.4	4.6	0.0
1528	2.0	0.0	0.0	0.0	2.0	4.0	0.0
1529	3.0	2.0	2.0	0.0	4.0	8.0	2.0
1530	3.0	3.0	1.0	2.0	3.333	8.667	2.0
1531	3.0	2.0	1.0	2.0	3.6660000000000004	11.334	3.0
1532	0.0	4.0	0.0	1.0	0.9990000000000006	8.001	1.0
1533	1.0	5.0	0.0	2.0	2.000000000000001	12.999999999999998	2.0
1534	2.0	1.0	1.0	0.0	0.9990000000000006	8.001	1.0
1535	1.0	2.0	1.0	0.0	0.6660000000000004	5.334	1.0
1536	3.0	2.0	0.0	1.0	5.0	10.0	1.0
1537	1.0	2.0	1.0	1.0	2.0	4.0	1.0
1538	1.0	2.0	1.0	1.0	0.9990000000000006	8.001	2.0
1539	2.0	1.0	1.0	0.0	2.333	6.667	1.0
1540	2.0	1.0	1.0	0.0	3.0	6.0	1.0
1541	0.0	0.0	0.0	0.0	0.0	0.0	0.0
1542	0.0	1.0	0.0	0.0	0.3330000000000002	2.667	0.0
1543	2.0	2.0	0.0	2.0	3.4	5.6	1.0
1544	3.0	2.0	0.0	1.0	3.333	8.667	1.0
1545	1.0	0.0	1.0	0.0	0.3330000000000002	2.667	1.0
1546	1.0	2.0	1.0	2.0	0.3330000000000002	2.667	1.0
1547	2.0	0.0	0.0	0.0	0.6660000000000004	5.334	0.0
1548	1.0	2.0	1.0	2.0	0.6660000000000004	5.334	2.0
1549	1.0	3.0	1.0	3.0	1.3330000000000002	4.667	2.0
1550	1.0	1.0	0.0	0.0	0.6660000000000004	5.334	0.0
1551	3.0	2.0	2.0	1.0	3.733	8.267	2.0
1552	3.0	2.0	1.0	1.0	4.333	10.667	2.0
1553	3.0	3.0	1.0	3.0	3.333	8.667	2.0
1554	3.0	1.0	1.0	1.0	4.0	8.0	2.0
1555	2.0	2.0	2.0	1.0	2.333	6.667	2.0
1556	3.0	3.0	3.0	0.0	5.0	10.0	3.0
1557	1.0	2.0	0.0	0.0	1.3330000000000002	4.667	0.0
1558	0.0	1.0	0.0	0.0	0.3330000000000002	2.667	0.0
1559	0.0	0.0	0.0	0.0	0.0	0.0	0.0
1560	1.0	0.0	0.0	0.0	1.0	2.0	0.0
1561	1.0	0.0	0.0	0.0	1.4	1.6	0.0
1562	2.0	0.0	0.0	0.0	2.0	4.0	0.0
1563	0.0	1.0	0.0	0.0	1.0	2.0	0.0
1564	1.0	0.0	0.0	0.0	0.6680000000000001	2.332	0.0
1565	0.0	2.0	0.0	1.0	1.0010000000000003	4.999	1.0
1566	1.0	3.0	0.0	1.0	3.333	8.667	1.0
1567	2.0	0.0	0.0	0.0	2.0	4.0	0.0
1568	3.0	2.0	0.0	0.0	3.0	6.0	0.0
1569	2.0	2.0	0.0	1.0	3.0	6.0	1.0
1570	1.0	0.0	0.0	0.0	0.3330000000000002	2.667	0.0
1571	2.0	0.0	0.0	0.0	2.0	4.0	0.0
1572	3.0	0.0	0.0	0.0	1.6680000000000001	4.332	0.0
1573	2.0	0.0	0.0	0.0	2.4	3.6	0.0
1574	1.0	0.0	0.0	0.0	1.0	2.0	0.0
1575	1.0	1.0	1.0	0.0	1.0010000000000003	4.999	1.0
1576	1.0	3.0	0.0	1.0	3.0	6.0	1.0
1577	1.0	4.0	0.0	2.0	2.9990000000000006	12.001	2.0
1578	1.0	2.0	1.0	2.0	2.668	6.332	3.0
1579	1.0	1.0	1.0	0.0	0.6660000000000004	5.334	1.0
1580	1.0	1.0	0.0	1.0	1.3330000000000002	4.667	1.0
1581	1.0	3.0	0.0	1.0	1.6660000000000004	7.334	1.0
1582	2.0	0.0	1.0	0.0	2.0	4.0	1.0
1583	1.0	0.0	0.0	0.0	1.0	2.0	0.0
1584	2.0	2.0	0.0	1.0	1.9990000000000006	10.001	1.0
1585	3.0	0.0	1.0	0.0	3.0	6.0	1.0
1586	2.0	3.0	1.0	1.0	1.3330000000000002	4.667	1.0
1587	2.0	1.0	1.0	0.0	3.0	6.0	1.0
1588	0.0	0.0	0.0	0.0	0.0	0.0	0.0
1589	3.0	0.0	1.0	0.0	3.0	6.0	1.0
1590	0.0	0.0	0.0	0.0	0.0	0.0	0.0
1591	3.0	0.0	1.0	0.0	3.0	6.0	1.0
1592	2.0	1.0	1.0	0.0	2.333	6.667	1.0
1593	2.0	0.0	1.0	0.0	2.4	3.6	1.0
1594	2.0	3.0	1.0	1.0	1.0	5.0	1.0
1595	1.0	0.0	0.0	0.0	0.3330000000000002	2.667	0.0
1596	2.0	0.0	1.0	0.0	2.0	4.0	1.0
1597	2.0	3.0	1.0	2.0	2.333	6.667	1.0
1598	1.0	0.0	1.0	0.0	1.0	2.0	1.0
1599	2.0	1.0	1.0	1.0	2.0	4.0	1.0
1600	3.0	0.0	1.0	0.0	3.0	6.0	1.0
1601	2.0	1.0	0.0	1.0	3.0	6.0	1.0
1602	1.0	2.0	0.0	1.0	2.0	7.0	1.0
1603	2.0	2.0	1.0	0.0	2.333	6.667	1.0
1604	2.0	1.0	1.0	0.0	1.3330000000000002	4.667	1.0
1605	2.0	2.0	1.0	0.0	1.3330000000000002	4.667	1.0
1606	1.0	1.0	1.0	0.0	1.3330000000000002	4.667	1.0
1607	0.0	2.0	0.0	0.0	1.0	2.0	0.0
1608	3.0	2.0	1.0	1.0	4.0	8.0	2.0
1609	3.0	1.0	0.0	0.0	2.668	6.332	0.0
1610	2.0	1.0	2.0	0.0	3.0	6.0	2.0
1611	1.0	5.0	1.0	2.0	4.333	10.667	2.0
1612	3.0	5.0	1.0	3.0	3.6660000000000004	11.334	2.0
1613	1.0	0.0	0.0	0.0	0.3330000000000002	2.667	0.0
1614	2.0	2.0	1.0	0.0	1.3330000000000002	4.667	1.0
1615	2.0	0.0	1.0	0.0	2.0	4.0	1.0
1616	4.0	0.0	1.0	0.0	2.668	6.332	1.0
1617	2.0	0.0	1.0	0.0	2.0	4.0	1.0
1618	0.0	0.0	0.0	0.0	0.0	0.0	0.0
1619	2.0	2.0	1.0	0.0	1.6660000000000004	7.334	1.0
1620	2.0	1.0	1.0	0.0	1.3330000000000002	4.667	1.0
1621	3.0	0.0	2.0	0.0	3.0	6.0	2.0
1622	3.0	0.0	1.0	0.0	3.0	6.0	1.0
1623	3.0	0.0	3.0	0.0	3.8	5.2	3.0
1624	2.0	1.0	1.0	1.0	3.4	5.6	2.0
1625	1.0	0.0	0.0	0.0	1.0	2.0	0.0
1626	1.0	1.0	0.0	0.0	0.6680000000000001	2.332	0.0
1627	2.0	0.0	0.0	0.0	0.6660000000000004	5.334	0.0
1628	2.0	1.0	2.0	0.0	0.9990000000000006	8.001	2.0
1629	0.0	4.0	0.0	1.0	1.6660000000000004	7.334	1.0
1630	0.0	0.0	0.0	0.0	0.0	0.0	0.0
1631	1.0	2.0	1.0	0.0	1.6660000000000004	7.334	1.0
1632	4.0	3.0	4.0	2.0	5.0	10.0	4.0
1633	1.0	0.0	0.0	0.0	1.0	2.0	0.0
1634	1.0	0.0	0.0	0.0	0.3330000000000002	2.667	0.0
1635	1.0	0.0	0.0	0.0	0.6680000000000001	2.332	0.0
1636	2.0	1.0	0.0	1.0	2.668	6.332	1.0
1637	2.0	0.0	2.0	0.0	2.0	4.0	2.0
1638	2.0	1.0	1.0	1.0	3.0	6.0	2.0
1639	2.0	3.0	0.0	2.0	3.333	8.667	2.0
1640	1.0	2.0	0.0	1.0	2.333	6.667	1.0
1641	1.0	3.0	1.0	1.0	2.3340000000000005	9.666	2.0
1642	1.0	0.0	0.0	0.0	0.3330000000000002	2.667	0.0
1643	2.0	0.0	0.0	0.0	0.6660000000000004	5.334	0.0
1644	3.0	1.0	2.0	0.0	4.0	8.0	2.0
1645	4.0	0.0	2.0	0.0	4.0	8.0	2.0
1646	1.0	0.0	0.0	0.0	1.0	2.0	0.0
1647	1.0	3.0	0.0	1.0	1.0010000000000003	4.999	1.0
1648	0.0	1.0	0.0	0.0	1.0	2.0	0.0
1649	1.0	0.0	0.0	0.0	1.0	2.0	0.0
1650	2.0	1.0	0.0	1.0	1.3340000000000005	7.6659999999999995	1.0
1651	2.0	0.0	2.0	0.0	2.4	3.6	2.0
1652	2.0	0.0	1.0	0.0	0.6660000000000004	5.334	1.0
1653	1.0	0.0	0.0	0.0	1.0	2.0	0.0
1654	0.0	0.0	0.0	0.0	0.0	0.0	0.0
1655	1.0	3.0	1.0	0.0	2.333	6.667	1.0
1656	0.0	5.0	0.0	1.0	0.9990000000000006	8.001	1.0
1657	0.0	0.0	0.0	0.0	0.0	0.0	0.0
1658	2.0	1.0	2.0	1.0	1.3360000000000003	4.664	2.0
1659	3.0	0.0	1.0	0.0	3.0	6.0	1.0
1660	2.0	1.0	0.0	1.0	3.0	6.0	1.0
1661	1.0	0.0	0.0	0.0	1.0	2.0	0.0
1662	3.0	0.0	2.0	0.0	3.0	6.0	2.0
1663	3.0	3.0	2.0	2.0	4.001	10.998999999999999	3.0
1664	1.0	3.0	0.0	0.0	1.3330000000000002	4.667	0.0
1665	2.0	2.0	1.0	1.0	2.333	6.667	1.0
1666	3.0	4.0	1.0	2.0	5.668	12.332	2.0
1667	1.0	0.0	1.0	0.0	1.0	2.0	1.0
1668	1.0	1.0	1.0	1.0	2.0	4.0	2.0
1669	0.0	4.0	0.0	1.0	2.0010000000000003	6.999	1.0
1670	2.0	2.0	1.0	2.0	2.733	6.2669999999999995	2.0
1671	0.0	4.0	0.0	2.0	1.6660000000000004	7.334	1.0
1672	0.0	2.0	0.0	2.0	1.4	1.6	1.0
1673	1.0	5.0	1.0	3.0	2.6670000000000007	12.332999999999998	3.0
1674	1.0	5.0	1.0	3.0	3.6660000000000004	11.334	3.0
1675	1.0	2.0	1.0	1.0	2.0	4.0	1.0
1676	2.0	4.0	0.0	0.0	1.3330000000000002	7.667	0.0
1677	2.0	2.0	0.0	1.0	1.6660000000000004	7.334	1.0
1678	0.0	0.0	0.0	0.0	0.0	0.0	0.0
1679	0.0	0.0	0.0	0.0	0.0	0.0	0.0
1680	3.0	0.0	2.0	0.0	3.0	6.0	2.0
1681	1.0	0.0	1.0	0.0	1.4	1.6	1.0
1682	2.0	3.0	1.0	0.0	3.3360000000000003	8.664	1.0
1683	1.0	1.0	0.0	0.0	0.6660000000000004	5.334	0.0
1684	1.0	2.0	1.0	1.0	1.3330000000000002	4.667	1.0
1685	2.0	0.0	0.0	0.0	2.0	4.0	0.0
1686	2.0	2.0	1.0	0.0	2.668	6.332	1.0
1687	2.0	0.0	1.0	0.0	0.6660000000000004	5.334	1.0
1688	1.0	2.0	0.0	0.0	0.6660000000000004	5.334	0.0
1689	0.0	0.0	0.0	0.0	0.0	0.0	0.0
1690	0.0	0.0	0.0	0.0	0.0	0.0	0.0
1691	3.0	0.0	2.0	0.0	1.6680000000000001	4.332	1.0
1692	2.0	0.0	1.0	0.0	2.0	4.0	1.0
1693	1.0	6.0	0.0	3.0	4.0040000000000004	13.995999999999999	3.0
1694	2.0	0.0	0.0	0.0	2.0	4.0	0.0
1695	2.0	2.0	0.0	1.0	3.0	6.0	1.0
1696	2.0	1.0	1.0	0.0	1.6660000000000004	7.334	1.0
1697	1.0	4.0	0.0	2.0	3.0	6.0	1.0
1698	0.0	0.0	0.0	0.0	0.0	0.0	0.0
1699	1.0	3.0	1.0	1.0	3.333	8.667	2.0
1700	1.0	3.0	0.0	2.0	2.3340000000000005	9.666	2.0
1701	2.0	3.0	0.0	0.0	1.3330000000000002	4.667	0.0
1702	2.0	2.0	1.0	0.0	2.333	6.667	1.0
1703	2.0	2.0	1.0	0.0	1.6660000000000004	7.334	1.0
1704	3.0	1.0	2.0	1.0	4.0	8.0	3.0
1705	0.0	2.0	0.0	0.0	2.0	4.0	0.0
1706	4.0	1.0	2.0	0.0	2.6690000000000005	9.331	2.0
1707	2.0	0.0	0.0	0.0	2.0	4.0	0.0
1708	2.0	3.0	2.0	0.0	4.0	8.0	2.0
1709	2.0	0.0	2.0	0.0	0.6660000000000004	5.334	2.0
1710	1.0	4.0	1.0	0.0	2.0	7.0	1.0
1711	0.0	3.0	0.0	1.0	1.6660000000000004	7.334	1.0
1712	2.0	0.0	1.0	0.0	2.0	4.0	1.0
1713	2.0	1.0	1.0	0.0	3.0	6.0	1.0
1714	1.0	0.0	1.0	0.0	0.3330000000000002	2.667	1.0
1715	2.0	1.0	2.0	0.0	2.668	6.332	2.0
1716	2.0	1.0	2.0	0.0	0.9990000000000006	8.001	2.0
1717	1.0	1.0	0.0	0.0	0.6660000000000004	5.334	0.0
1718	1.0	3.0	0.0	0.0	2.4	3.6	0.0
1719	1.0	2.0	0.0	1.0	2.0010000000000003	6.999	1.0
1720	1.0	6.0	0.0	1.0	4.336	13.664000000000001	1.0
1721	0.0	1.0	0.0	1.0	1.0	2.0	1.0
1722	0.0	1.0	0.0	0.0	0.3330000000000002	2.667	0.0
1723	0.0	0.0	0.0	0.0	0.0	0.0	0.0
1724	0.0	0.0	0.0	0.0	0.0	0.0	0.0
1725	0.0	0.0	0.0	0.0	0.0	0.0	0.0
1726	0.0	0.0	0.0	0.0	0.0	0.0	0.0
1727	0.0	0.0	0.0	0.0	0.0	0.0	0.0
1728	0.0	0.0	0.0	0.0	0.0	0.0	0.0
1729	0.0	0.0	0.0	0.0	0.0	0.0	0.0
1730	0.0	0.0	0.0	0.0	0.0	0.0	0.0
1731	0.0	0.0	0.0	0.0	0.0	0.0	0.0
1732	0.0	0.0	0.0	0.0	0.0	0.0	0.0
1733	0.0	0.0	0.0	0.0	0.0	0.0	0.0
1734	0.0	0.0	0.0	0.0	0.0	0.0	0.0
1735	0.0	0.0	0.0	0.0	0.0	0.0	0.0
1736	0.0	0.0	0.0	0.0	0.0	0.0	0.0
1737	3.0	4.0	1.0	1.0	4.668	10.332	2.0
1738	0.0	3.0	0.0	2.0	2.333	6.667	2.0
1739	3.0	5.0	1.0	2.0	4.666	13.334	3.0
1740	1.0	1.0	1.0	1.0	0.6660000000000004	5.334	2.0
1741	2.0	3.0	1.0	2.0	1.733	4.2669999999999995	1.0
1742	0.0	2.0	0.0	1.0	0.6660000000000004	5.334	1.0
1743	2.0	3.0	0.0	1.0	2.333	6.667	1.0
1744	2.0	2.0	0.0	0.0	0.6660000000000004	5.334	0.0
1745	1.0	3.0	1.0	1.0	2.0	4.0	1.0
1746	2.0	2.0	2.0	2.0	1.3330000000000002	4.667	2.0
1747	2.0	2.0	1.0	0.0	3.0	6.0	1.0
1748	1.0	2.0	1.0	1.0	1.6660000000000004	7.334	2.0
1749	2.0	1.0	0.0	1.0	2.333	6.667	1.0
1750	2.0	0.0	1.0	0.0	2.0	4.0	1.0
1751	3.0	3.0	1.0	2.0	3.0	6.0	1.0
1752	2.0	2.0	2.0	1.0	1.0	5.0	1.0
1753	0.0	0.0	0.0	0.0	0.0	0.0	0.0
1754	0.0	0.0	0.0	0.0	0.0	0.0	0.0
1755	0.0	0.0	0.0	0.0	0.0	0.0	0.0
1756	2.0	0.0	1.0	0.0	0.6660000000000004	5.334	1.0
1757	1.0	0.0	1.0	0.0	0.3330000000000002	2.667	1.0
1758	1.0	2.0	1.0	2.0	0.3330000000000002	2.667	1.0
1759	0.0	2.0	0.0	1.0	1.3330000000000002	4.667	1.0
1760	1.0	0.0	0.0	0.0	1.4	1.6	0.0
1761	2.0	0.0	1.0	0.0	1.6680000000000001	4.332	1.0
1762	4.0	0.0	1.0	0.0	2.668	6.332	1.0
1763	0.0	0.0	0.0	0.0	0.0	0.0	0.0
1764	1.0	0.0	1.0	0.0	0.3330000000000002	2.667	1.0
1765	1.0	2.0	0.0	0.0	1.3330000000000002	4.667	0.0
1766	2.0	0.0	2.0	0.0	2.4	3.6	2.0
1767	1.0	2.0	0.0	1.0	0.9990000000000006	8.001	1.0
1768	0.0	0.0	0.0	0.0	0.0	0.0	0.0
1769	0.0	0.0	0.0	0.0	0.0	0.0	0.0
