all_syn	all_nonSyn	tip_syn	tip_nonSyn	S	N	comparisons
001	0.0	0.0	0.0	0.0	0.0	0.0	0.0
002	0.0	1.0	0.0	0.0	0.3330000000000002	2.667	0.0
003	0.0	0.0	0.0	0.0	0.0	0.0	0.0
004	1.0	1.0	0.0	0.0	2.0	4.0	0.0
005	0.0	2.0	0.0	2.0	2.0	4.0	2.0
006	0.0	1.0	0.0	1.0	1.0	2.0	1.0
007	0.0	1.0	0.0	1.0	0.3330000000000002	2.667	1.0
008	1.0	1.0	1.0	1.0	1.3330000000000002	4.667	2.0
009	1.0	3.0	1.0	2.0	2.0	4.0	1.0
010	1.0	2.0	1.0	2.0	2.0	4.0	2.0
011	0.0	0.0	0.0	0.0	0.0	0.0	0.0
012	2.0	2.0	1.0	1.0	3.0	6.0	2.0
013	0.0	2.0	0.0	2.0	1.0	2.0	1.0
014	0.0	1.0	0.0	0.0	1.0	2.0	0.0
015	0.0	1.0	0.0	1.0	1.0	2.0	1.0
016	0.0	1.0	0.0	1.0	1.0	2.0	1.0
017	1.0	0.0	1.0	0.0	1.0	2.0	1.0
018	0.0	4.0	0.0	3.0	1.6660000000000004	7.334	2.0
019	0.0	0.0	0.0	0.0	0.0	0.0	0.0
020	0.0	0.0	0.0	0.0	0.0	0.0	0.0
021	1.0	0.0	0.0	0.0	0.3330000000000002	2.667	0.0
022	1.0	0.0	1.0	0.0	1.0	2.0	1.0
023	1.0	0.0	0.0	0.0	1.0	2.0	0.0
024	1.0	1.0	1.0	0.0	2.0	4.0	1.0
025	0.0	0.0	0.0	0.0	0.0	0.0	0.0
026	1.0	3.0	1.0	1.0	0.6660000000000004	5.334	1.0
027	0.0	2.0	0.0	1.0	1.3330000000000002	4.667	1.0
028	1.0	2.0	0.0	2.0	1.3330000000000002	4.667	1.0
029	1.0	0.0	1.0	0.0	1.0	2.0	1.0
030	1.0	0.0	0.0	0.0	1.0	2.0	0.0
031	1.0	1.0	0.0	1.0	1.3330000000000002	4.667	1.0
032	1.0	1.0	0.0	1.0	2.0	4.0	1.0
033	1.0	0.0	1.0	0.0	1.0	2.0	1.0
034	0.0	0.0	0.0	0.0	0.0	0.0	0.0
035	1.0	0.0	1.0	0.0	1.0	2.0	1.0
036	0.0	0.0	0.0	0.0	0.0	0.0	0.0
037	2.0	0.0	1.0	0.0	2.0	4.0	1.0
038	0.0	2.0	0.0	2.0	1.0	2.0	1.0
039	0.0	0.0	0.0	0.0	0.0	0.0	0.0
040	1.0	2.0	0.0	2.0	1.6660000000000004	7.334	2.0
041	1.0	2.0	1.0	1.0	3.0	6.0	2.0
042	0.0	1.0	0.0	0.0	0.3330000000000002	2.667	0.0
043	0.0	2.0	0.0	1.0	1.3330000000000002	4.667	1.0
044	1.0	3.0	0.0	1.0	1.6680000000000001	4.332	1.0
045	0.0	1.0	0.0	1.0	1.0	2.0	1.0
046	0.0	0.0	0.0	0.0	0.0	0.0	0.0
047	0.0	3.0	0.0	2.0	0.6660000000000004	5.334	1.0
048	1.0	2.0	1.0	2.0	2.0	4.0	2.0
049	0.0	0.0	0.0	0.0	0.0	0.0	0.0
050	0.0	0.0	0.0	0.0	0.0	0.0	0.0
051	1.0	3.0	0.0	2.0	1.6660000000000004	7.334	2.0
052	0.0	0.0	0.0	0.0	0.0	0.0	0.0
053	0.0	1.0	0.0	1.0	1.0	2.0	1.0
054	0.0	3.0	0.0	2.0	1.3330000000000002	4.667	1.0
055	1.0	0.0	0.0	0.0	1.4	1.6	0.0
056	1.0	1.0	1.0	1.0	2.0	4.0	2.0
057	1.0	0.0	0.0	0.0	1.0	2.0	0.0
058	1.0	1.0	1.0	1.0	2.0	4.0	2.0
059	1.0	0.0	0.0	0.0	1.0	2.0	0.0
060	1.0	2.0	0.0	0.0	0.3330000000000002	2.667	0.0
061	1.0	1.0	1.0	1.0	1.0010000000000003	4.999	2.0
062	0.0	0.0	0.0	0.0	0.0	0.0	0.0
063	0.0	0.0	0.0	0.0	0.0	0.0	0.0
064	1.0	1.0	0.0	1.0	0.6660000000000004	5.334	1.0
065	1.0	1.0	0.0	1.0	1.6680000000000001	4.332	1.0
066	0.0	2.0	0.0	2.0	0.3330000000000002	2.667	1.0
067	1.0	2.0	1.0	2.0	1.3330000000000002	4.667	2.0
068	1.0	2.0	0.0	1.0	2.0	4.0	1.0
069	0.0	0.0	0.0	0.0	0.0	0.0	0.0
070	2.0	3.0	1.0	2.0	1.3330000000000002	4.667	1.0
071	2.0	0.0	1.0	0.0	1.3360000000000003	4.664	1.0
072	1.0	0.0	0.0	0.0	0.3330000000000002	2.667	0.0
073	1.0	0.0	1.0	0.0	1.0	2.0	1.0
074	0.0	0.0	0.0	0.0	0.0	0.0	0.0
075	1.0	0.0	1.0	0.0	1.0	2.0	1.0
076	2.0	0.0	1.0	0.0	2.0	4.0	1.0
077	1.0	0.0	1.0	0.0	0.3330000000000002	2.667	1.0
078	1.0	1.0	1.0	1.0	0.6680000000000001	2.332	1.0
079	0.0	1.0	0.0	1.0	1.0	2.0	1.0
080	0.0	0.0	0.0	0.0	0.0	0.0	0.0
081	0.0	0.0	0.0	0.0	0.0	0.0	0.0
082	0.0	2.0	0.0	2.0	1.3330000000000002	4.667	2.0
083	0.0	0.0	0.0	0.0	0.0	0.0	0.0
084	1.0	2.0	0.0	1.0	2.0	4.0	1.0
085	1.0	0.0	0.0	0.0	1.0	2.0	0.0
086	1.0	2.0	0.0	2.0	2.0	4.0	1.0
087	0.0	0.0	0.0	0.0	0.0	0.0	0.0
088	0.0	3.0	0.0	2.0	1.3330000000000002	4.667	1.0
089	0.0	0.0	0.0	0.0	0.0	0.0	0.0
090	0.0	2.0	0.0	2.0	1.0	2.0	1.0
091	1.0	1.0	0.0	0.0	0.6680000000000001	2.332	0.0
092	1.0	1.0	0.0	1.0	2.0	4.0	1.0
093	0.0	0.0	0.0	0.0	0.0	0.0	0.0
094	0.0	0.0	0.0	0.0	0.0	0.0	0.0
095	1.0	0.0	1.0	0.0	1.0	2.0	1.0
096	1.0	2.0	0.0	2.0	0.6660000000000004	5.334	1.0
097	1.0	0.0	1.0	0.0	0.3330000000000002	2.667	1.0
098	0.0	1.0	0.0	1.0	0.3330000000000002	2.667	1.0
099	0.0	0.0	0.0	0.0	0.0	0.0	0.0
100	0.0	1.0	0.0	1.0	1.0	2.0	1.0
101	1.0	0.0	1.0	0.0	1.0	2.0	1.0
102	1.0	1.0	0.0	0.0	0.3330000000000002	2.667	0.0
103	1.0	2.0	1.0	2.0	1.0	2.0	1.0
104	1.0	0.0	1.0	0.0	1.0	2.0	1.0
105	1.0	0.0	0.0	0.0	0.3330000000000002	2.667	0.0
106	1.0	0.0	0.0	0.0	0.3330000000000002	2.667	0.0
107	2.0	0.0	1.0	0.0	2.0	4.0	1.0
108	1.0	2.0	1.0	1.0	3.0	6.0	2.0
109	1.0	0.0	1.0	0.0	1.4	1.6	1.0
110	0.0	0.0	0.0	0.0	0.0	0.0	0.0
111	1.0	2.0	0.0	2.0	2.0	4.0	1.0
112	2.0	0.0	1.0	0.0	2.0	4.0	1.0
113	1.0	1.0	1.0	1.0	1.3330000000000002	4.667	2.0
114	0.0	0.0	0.0	0.0	0.0	0.0	0.0
115	1.0	1.0	0.0	1.0	1.3330000000000002	4.667	1.0
116	0.0	2.0	0.0	2.0	0.3330000000000002	2.667	1.0
117	0.0	0.0	0.0	0.0	0.0	0.0	0.0
118	1.0	1.0	0.0	1.0	1.6680000000000001	4.332	1.0
119	1.0	0.0	0.0	0.0	0.3330000000000002	2.667	0.0
120	1.0	0.0	1.0	0.0	1.0	2.0	1.0
121	0.0	0.0	0.0	0.0	0.0	0.0	0.0
122	0.0	0.0	0.0	0.0	0.0	0.0	0.0
123	1.0	0.0	1.0	0.0	0.3330000000000002	2.667	1.0
124	2.0	2.0	1.0	2.0	1.3330000000000002	4.667	1.0
125	0.0	0.0	0.0	0.0	0.0	0.0	0.0
126	0.0	0.0	0.0	0.0	0.0	0.0	0.0
127	0.0	1.0	0.0	1.0	1.0	2.0	1.0
128	2.0	2.0	1.0	2.0	1.3330000000000002	4.667	1.0
129	2.0	0.0	1.0	0.0	2.0	4.0	1.0
130	1.0	0.0	1.0	0.0	1.0	2.0	1.0
131	2.0	1.0	1.0	1.0	2.3360000000000003	6.664	2.0
132	1.0	1.0	0.0	1.0	2.0	4.0	1.0
133	1.0	0.0	1.0	0.0	1.0	2.0	1.0
134	0.0	0.0	0.0	0.0	0.0	0.0	0.0
135	0.0	2.0	0.0	2.0	0.3330000000000002	2.667	1.0
136	1.0	1.0	1.0	1.0	1.0	2.0	1.0
137	1.0	0.0	1.0	0.0	1.4	1.6	1.0
138	2.0	0.0	1.0	0.0	2.068	3.932	1.0
139	0.0	0.0	0.0	0.0	0.0	0.0	0.0
140	1.0	0.0	0.0	0.0	0.3330000000000002	2.667	0.0
141	1.0	0.0	0.0	0.0	1.0	2.0	0.0
142	1.0	1.0	0.0	1.0	0.6660000000000004	5.334	1.0
143	0.0	0.0	0.0	0.0	0.0	0.0	0.0
144	1.0	0.0	1.0	0.0	0.3330000000000002	2.667	1.0
145	0.0	1.0	0.0	1.0	1.0	2.0	1.0
146	0.0	0.0	0.0	0.0	0.0	0.0	0.0
147	1.0	0.0	1.0	0.0	1.4	1.6	1.0
148	2.0	0.0	1.0	0.0	2.0	4.0	1.0
149	1.0	0.0	0.0	0.0	0.3330000000000002	2.667	0.0
150	1.0	3.0	1.0	2.0	2.333	6.667	2.0
151	0.0	0.0	0.0	0.0	0.0	0.0	0.0
