all_syn	all_nonSyn	tip_syn	tip_nonSyn	S	N	comparisons
001	0.0	0.0	0.0	0.0	0.0	0.0	0.0
002	0.0	0.0	0.0	0.0	0.0	0.0	0.0
003	0.0	0.0	0.0	0.0	0.0	0.0	0.0
004	0.0	0.0	0.0	0.0	0.0	0.0	0.0
005	0.0	0.0	0.0	0.0	0.0	0.0	0.0
006	1.0	4.0	0.0	2.0	1.0	8.0	1.0
007	0.0	0.0	0.0	0.0	0.0	0.0	0.0
008	0.0	2.0	0.0	0.0	2.0	4.0	0.0
009	2.0	2.0	0.0	1.0	3.068	5.932	1.0
010	1.0	4.0	0.0	1.0	4.336	10.664	1.0
011	1.0	4.0	1.0	1.0	2.333	6.667	1.0
012	1.0	3.0	0.0	0.0	3.0	6.0	0.0
013	1.0	2.0	0.0	0.0	1.6680000000000001	7.332	0.0
014	0.0	4.0	0.0	0.0	3.068	5.932	0.0
015	3.0	4.0	0.0	2.0	5.0	10.0	2.0
016	1.0	4.0	1.0	1.0	3.736	8.264	1.0
017	1.0	3.0	0.0	1.0	2.333	6.667	1.0
018	0.0	7.0	0.0	3.0	3.3340000000000005	14.665999999999999	3.0
019	1.0	3.0	1.0	1.0	2.333	6.667	1.0
020	3.0	4.0	2.0	1.0	5.333	12.667	3.0
021	3.0	4.0	1.0	1.0	4.333	10.667	2.0
022	1.0	3.0	1.0	2.0	4.0	8.0	3.0
023	4.0	4.0	3.0	3.0	4.333	10.667	3.0
024	2.0	0.0	0.0	0.0	2.0	4.0	0.0
025	3.0	2.0	2.0	0.0	3.0	6.0	2.0
026	2.0	3.0	1.0	1.0	1.3320000000000007	10.668	2.0
027	3.0	1.0	1.0	0.0	2.3360000000000003	6.664	1.0
028	3.0	2.0	1.0	0.0	2.333	6.667	1.0
029	3.0	0.0	2.0	0.0	0.9990000000000006	8.001	2.0
030	2.0	1.0	0.0	0.0	2.668	6.332	0.0
031	3.0	0.0	1.0	0.0	3.0	6.0	1.0
032	2.0	0.0	1.0	0.0	0.6660000000000004	5.334	1.0
033	4.0	0.0	1.0	0.0	4.468	7.532	1.0
034	1.0	5.0	0.0	1.0	5.333	12.667	1.0
035	3.0	2.0	1.0	1.0	2.3360000000000003	6.664	1.0
036	0.0	0.0	0.0	0.0	0.0	0.0	0.0
037	2.0	1.0	2.0	0.0	3.0	6.0	2.0
038	5.0	0.0	3.0	0.0	5.136	9.863999999999999	3.0
039	1.0	0.0	0.0	0.0	1.4	1.6	0.0
040	2.0	0.0	0.0	0.0	2.0	4.0	0.0
041	0.0	0.0	0.0	0.0	0.0	0.0	0.0
042	2.0	0.0	1.0	0.0	0.6660000000000004	5.334	1.0
043	2.0	1.0	0.0	1.0	3.0	6.0	1.0
044	2.0	1.0	2.0	1.0	0.6660000000000004	5.334	2.0
045	2.0	1.0	0.0	0.0	2.333	6.667	0.0
046	2.0	0.0	1.0	0.0	2.0	4.0	1.0
047	1.0	1.0	0.0	0.0	1.6680000000000001	4.332	0.0
048	3.0	0.0	1.0	0.0	3.0	6.0	1.0
049	0.0	2.0	0.0	0.0	0.6660000000000004	5.334	0.0
050	1.0	0.0	0.0	0.0	0.3330000000000002	2.667	0.0
051	2.0	2.0	0.0	1.0	3.3360000000000003	8.664	1.0
052	1.0	2.0	0.0	0.0	0.6660000000000004	5.334	0.0
053	2.0	4.0	1.0	3.0	3.6660000000000004	11.334	3.0
054	2.0	0.0	1.0	0.0	0.6660000000000004	5.334	1.0
055	2.0	0.0	1.0	0.0	2.0	4.0	1.0
056	1.0	2.0	1.0	0.0	1.3340000000000005	7.6659999999999995	1.0
057	0.0	0.0	0.0	0.0	0.0	0.0	0.0
058	2.0	1.0	0.0	0.0	3.0	6.0	0.0
059	2.0	0.0	1.0	0.0	0.6660000000000004	5.334	1.0
060	1.0	0.0	0.0	0.0	1.0	2.0	0.0
061	3.0	0.0	2.0	0.0	0.9990000000000006	8.001	2.0
062	4.0	1.0	1.0	0.0	4.0	8.0	1.0
063	2.0	2.0	2.0	0.0	4.0	8.0	2.0
064	2.0	0.0	1.0	0.0	2.0	4.0	1.0
065	2.0	1.0	2.0	0.0	0.9990000000000006	8.001	2.0
066	3.0	0.0	2.0	0.0	2.0040000000000004	6.9959999999999996	2.0
067	0.0	0.0	0.0	0.0	0.0	0.0	0.0
068	1.0	0.0	0.0	0.0	1.0	2.0	0.0
069	2.0	0.0	1.0	0.0	0.6660000000000004	5.334	1.0
070	1.0	1.0	0.0	0.0	1.6680000000000001	4.332	0.0
071	1.0	0.0	0.0	0.0	0.3330000000000002	2.667	0.0
072	3.0	0.0	1.0	0.0	3.0	6.0	1.0
073	1.0	0.0	0.0	0.0	0.3330000000000002	2.667	0.0
074	0.0	2.0	0.0	0.0	0.3330000000000002	2.667	0.0
075	0.0	0.0	0.0	0.0	0.0	0.0	0.0
076	0.0	0.0	0.0	0.0	0.0	0.0	0.0
077	3.0	2.0	2.0	0.0	4.7330000000000005	10.267	2.0
078	3.0	1.0	1.0	1.0	3.333	8.667	2.0
079	2.0	1.0	1.0	0.0	2.0	4.0	1.0
080	2.0	1.0	0.0	0.0	1.6680000000000001	4.332	0.0
081	2.0	1.0	1.0	1.0	2.0	4.0	1.0
082	3.0	1.0	2.0	1.0	4.0	8.0	3.0
083	2.0	2.0	2.0	1.0	3.333	8.667	3.0
084	2.0	1.0	1.0	0.0	2.3360000000000003	6.664	1.0
085	3.0	0.0	2.0	0.0	3.0	6.0	2.0
086	1.0	2.0	1.0	0.0	0.9990000000000006	8.001	1.0
087	2.0	1.0	1.0	1.0	3.0	6.0	2.0
088	2.0	2.0	0.0	0.0	3.068	5.932	0.0
089	0.0	0.0	0.0	0.0	0.0	0.0	0.0
090	0.0	0.0	0.0	0.0	0.0	0.0	0.0
091	1.0	0.0	1.0	0.0	0.3330000000000002	2.667	1.0
092	2.0	0.0	0.0	0.0	0.6660000000000004	5.334	0.0
093	2.0	1.0	0.0	0.0	3.0	6.0	0.0
094	4.0	0.0	1.0	0.0	4.0	8.0	1.0
095	3.0	2.0	2.0	0.0	5.0	10.0	2.0
096	4.0	0.0	2.0	0.0	4.0	8.0	2.0
097	3.0	1.0	1.0	0.0	4.0	8.0	1.0
098	3.0	1.0	1.0	0.0	1.3320000000000007	10.668	1.0
099	0.0	0.0	0.0	0.0	0.0	0.0	0.0
100	2.0	2.0	1.0	0.0	0.9990000000000006	8.001	1.0
101	2.0	0.0	1.0	0.0	2.0	4.0	1.0
102	1.0	0.0	1.0	0.0	0.3330000000000002	2.667	1.0
103	0.0	1.0	0.0	1.0	1.0	2.0	1.0
104	1.0	3.0	1.0	0.0	2.333	6.667	1.0
105	4.0	1.0	2.0	0.0	5.0	10.0	2.0
106	2.0	0.0	2.0	0.0	2.0	4.0	2.0
107	2.0	4.0	0.0	1.0	3.0010000000000003	11.999	1.0
108	1.0	2.0	0.0	0.0	1.3330000000000002	4.667	0.0
109	2.0	2.0	0.0	0.0	0.6660000000000004	5.334	0.0
110	0.0	0.0	0.0	0.0	0.0	0.0	0.0
111	0.0	0.0	0.0	0.0	0.0	0.0	0.0
112	2.0	2.0	1.0	1.0	1.6660000000000004	7.334	2.0
113	3.0	0.0	2.0	0.0	3.0	6.0	2.0
114	1.0	0.0	0.0	0.0	0.3330000000000002	2.667	0.0
115	0.0	3.0	0.0	1.0	1.3330000000000002	4.667	1.0
116	2.0	2.0	2.0	2.0	1.6680000000000001	4.332	2.0
117	2.0	2.0	0.0	1.0	2.668	6.332	1.0
118	1.0	4.0	1.0	2.0	2.6660000000000004	9.334	2.0
119	1.0	1.0	0.0	0.0	1.3330000000000002	4.667	0.0
120	3.0	1.0	1.0	0.0	3.0	6.0	1.0
121	1.0	0.0	1.0	0.0	1.0	2.0	1.0
122	1.0	0.0	0.0	0.0	1.0	2.0	0.0
123	1.0	0.0	1.0	0.0	1.0	2.0	1.0
124	3.0	2.0	1.0	1.0	5.0	10.0	2.0
125	1.0	0.0	1.0	0.0	0.3330000000000002	2.667	1.0
126	0.0	0.0	0.0	0.0	0.0	0.0	0.0
127	0.0	0.0	0.0	0.0	0.0	0.0	0.0
128	1.0	1.0	0.0	0.0	2.0	4.0	0.0
129	2.0	2.0	2.0	0.0	1.3320000000000007	10.668	2.0
130	1.0	3.0	0.0	0.0	0.6660000000000004	8.334	0.0
131	3.0	2.0	1.0	0.0	3.668	8.332	1.0
132	2.0	0.0	2.0	0.0	2.0	4.0	2.0
133	1.0	0.0	0.0	0.0	0.3330000000000002	2.667	0.0
134	2.0	3.0	1.0	1.0	2.668	9.332	1.0
135	1.0	2.0	1.0	0.0	3.0	6.0	1.0
136	2.0	3.0	2.0	0.0	2.6660000000000004	9.334	2.0
137	1.0	1.0	1.0	1.0	0.6660000000000004	5.334	2.0
138	0.0	2.0	0.0	1.0	1.3330000000000002	4.667	1.0
139	0.0	1.0	0.0	0.0	0.3330000000000002	2.667	0.0
140	0.0	2.0	0.0	0.0	1.0	5.0	0.0
141	0.0	0.0	0.0	0.0	0.0	0.0	0.0
142	4.0	0.0	2.0	0.0	4.0	8.0	2.0
143	1.0	0.0	1.0	0.0	0.3330000000000002	2.667	1.0
144	3.0	0.0	1.0	0.0	3.0	6.0	1.0
145	2.0	0.0	1.0	0.0	0.6660000000000004	5.334	1.0
146	3.0	0.0	1.0	0.0	3.0	6.0	1.0
147	1.0	0.0	0.0	0.0	1.0	2.0	0.0
148	2.0	1.0	1.0	0.0	2.0	4.0	1.0
149	2.0	1.0	1.0	1.0	2.0	4.0	1.0
150	2.0	2.0	0.0	0.0	0.6660000000000004	5.334	0.0
151	2.0	0.0	1.0	0.0	2.0	4.0	1.0
152	3.0	2.0	1.0	0.0	3.736	8.264	1.0
153	0.0	1.0	0.0	0.0	0.3330000000000002	2.667	0.0
154	2.0	2.0	1.0	0.0	3.0	6.0	1.0
155	0.0	0.0	0.0	0.0	0.0	0.0	0.0
156	3.0	2.0	1.0	0.0	5.0	10.0	1.0
157	3.0	2.0	2.0	0.0	4.333	10.667	2.0
158	3.0	2.0	1.0	0.0	3.733	8.267	1.0
159	1.0	0.0	1.0	0.0	0.3330000000000002	2.667	1.0
160	1.0	0.0	0.0	0.0	1.0	2.0	0.0
161	1.0	0.0	0.0	0.0	0.3330000000000002	2.667	0.0
162	4.0	2.0	3.0	1.0	5.0	10.0	3.0
163	2.0	1.0	0.0	0.0	2.0	4.0	0.0
164	1.0	1.0	1.0	0.0	0.6660000000000004	5.334	1.0
165	2.0	1.0	1.0	0.0	3.8	5.2	1.0
166	0.0	3.0	0.0	0.0	0.3330000000000002	2.667	0.0
167	1.0	0.0	0.0	0.0	1.0	2.0	0.0
168	2.0	0.0	1.0	0.0	2.0	4.0	1.0
169	3.0	0.0	2.0	0.0	0.9990000000000006	8.001	2.0
170	0.0	0.0	0.0	0.0	0.0	0.0	0.0
171	1.0	0.0	1.0	0.0	0.3330000000000002	2.667	1.0
172	2.0	2.0	0.0	1.0	2.333	6.667	1.0
173	3.0	2.0	1.0	1.0	2.333	6.667	1.0
174	0.0	0.0	0.0	0.0	0.0	0.0	0.0
175	1.0	1.0	1.0	0.0	0.6660000000000004	5.334	1.0
176	0.0	0.0	0.0	0.0	0.0	0.0	0.0
177	0.0	0.0	0.0	0.0	0.0	0.0	0.0
178	1.0	0.0	0.0	0.0	1.0	2.0	0.0
179	2.0	2.0	1.0	0.0	4.0	8.0	1.0
180	3.0	1.0	1.0	0.0	4.0	8.0	1.0
181	1.0	0.0	1.0	0.0	0.3330000000000002	2.667	1.0
182	3.0	2.0	2.0	0.0	2.668	6.332	2.0
183	2.0	2.0	1.0	0.0	4.0	8.0	1.0
184	2.0	2.0	1.0	1.0	3.668	8.332	2.0
185	1.0	2.0	1.0	0.0	1.3330000000000002	4.667	1.0
186	2.0	0.0	1.0	0.0	2.0	4.0	1.0
187	2.0	2.0	1.0	0.0	3.733	8.267	1.0
188	2.0	0.0	0.0	0.0	2.0	4.0	0.0
189	4.0	2.0	2.0	0.0	4.336	10.664	2.0
190	1.0	0.0	1.0	0.0	0.3330000000000002	2.667	1.0
191	2.0	2.0	0.0	0.0	2.0	4.0	0.0
192	0.0	0.0	0.0	0.0	0.0	0.0	0.0
193	2.0	2.0	1.0	0.0	2.333	6.667	1.0
194	1.0	0.0	1.0	0.0	0.3330000000000002	2.667	1.0
195	1.0	1.0	1.0	0.0	2.0	4.0	1.0
196	3.0	3.0	2.0	1.0	5.0	10.0	3.0
197	1.0	0.0	0.0	0.0	0.3330000000000002	2.667	0.0
198	1.0	1.0	0.0	0.0	1.6680000000000001	4.332	0.0
199	2.0	0.0	0.0	0.0	2.0	4.0	0.0
200	3.0	1.0	1.0	1.0	3.0	6.0	1.0
201	3.0	2.0	1.0	0.0	5.0	10.0	1.0
202	1.0	3.0	0.0	0.0	2.333	6.667	0.0
203	2.0	2.0	0.0	1.0	2.6660000000000004	9.334	1.0
204	2.0	0.0	0.0	0.0	0.6660000000000004	5.334	0.0
205	1.0	1.0	1.0	0.0	0.6660000000000004	5.334	1.0
206	2.0	2.0	1.0	1.0	1.3320000000000007	10.668	2.0
207	2.0	0.0	1.0	0.0	2.0	4.0	1.0
208	1.0	0.0	1.0	0.0	0.3330000000000002	2.667	1.0
209	0.0	0.0	0.0	0.0	0.0	0.0	0.0
210	0.0	0.0	0.0	0.0	0.0	0.0	0.0
211	0.0	0.0	0.0	0.0	0.0	0.0	0.0
212	0.0	0.0	0.0	0.0	0.0	0.0	0.0
213	0.0	2.0	0.0	2.0	0.3330000000000002	2.667	1.0
214	0.0	0.0	0.0	0.0	0.0	0.0	0.0
215	2.0	0.0	2.0	0.0	2.0	4.0	2.0
216	2.0	0.0	1.0	0.0	2.0	4.0	1.0
217	4.0	0.0	2.0	0.0	4.0	8.0	2.0
218	2.0	1.0	2.0	1.0	1.733	4.2669999999999995	2.0
219	5.0	0.0	5.0	0.0	5.0	10.0	5.0
220	0.0	5.0	0.0	5.0	2.333	6.667	3.0
221	2.0	2.0	1.0	2.0	3.0	6.0	2.0
222	0.0	1.0	0.0	1.0	1.0	2.0	1.0
223	1.0	0.0	1.0	0.0	1.0	2.0	1.0
224	2.0	0.0	1.0	0.0	2.0	4.0	1.0
225	2.0	0.0	1.0	0.0	2.0	4.0	1.0
226	3.0	0.0	2.0	0.0	3.0	6.0	2.0
227	0.0	0.0	0.0	0.0	0.0	0.0	0.0
228	0.0	0.0	0.0	0.0	0.0	0.0	0.0
229	4.0	1.0	3.0	1.0	4.0	8.0	3.0
230	0.0	0.0	0.0	0.0	0.0	0.0	0.0
231	0.0	0.0	0.0	0.0	0.0	0.0	0.0
232	0.0	2.0	0.0	2.0	1.3360000000000003	4.664	2.0
233	3.0	0.0	2.0	0.0	3.0	6.0	2.0
234	2.0	0.0	1.0	0.0	2.0	4.0	1.0
235	3.0	1.0	3.0	1.0	3.4	8.6	4.0
236	1.0	3.0	0.0	3.0	2.333	6.667	2.0
237	1.0	3.0	1.0	3.0	2.0	4.0	2.0
238	0.0	0.0	0.0	0.0	0.0	0.0	0.0
239	1.0	2.0	1.0	2.0	1.3330000000000002	4.667	2.0
240	1.0	1.0	1.0	1.0	2.0	4.0	2.0
241	2.0	0.0	1.0	0.0	2.4	3.6	1.0
242	3.0	2.0	2.0	2.0	4.333	10.667	4.0
243	3.0	2.0	2.0	2.0	4.0	8.0	3.0
244	1.0	0.0	1.0	0.0	0.3330000000000002	2.667	1.0
245	2.0	0.0	1.0	0.0	2.0	4.0	1.0
246	0.0	0.0	0.0	0.0	0.0	0.0	0.0
247	1.0	0.0	0.0	0.0	1.0	2.0	0.0
248	2.0	1.0	2.0	1.0	2.0	4.0	2.0
249	0.0	4.0	0.0	3.0	2.736	9.264	3.0
250	2.0	0.0	0.0	0.0	2.0	4.0	0.0
251	0.0	3.0	0.0	3.0	1.3330000000000002	4.667	2.0
252	3.0	2.0	2.0	1.0	4.668	10.332	3.0
253	1.0	1.0	1.0	1.0	1.0	2.0	1.0
254	1.0	3.0	0.0	3.0	0.9990000000000006	8.001	2.0
255	4.0	1.0	2.0	1.0	4.333	10.667	3.0
256	1.0	2.0	1.0	2.0	1.0010000000000003	4.999	2.0
257	0.0	1.0	0.0	1.0	1.0	2.0	1.0
258	0.0	5.0	0.0	4.0	2.3370000000000006	9.663	3.0
259	1.0	2.0	1.0	2.0	0.9990000000000006	8.001	3.0
260	1.0	4.0	0.0	2.0	2.3320000000000007	12.668	2.0
261	1.0	0.0	1.0	0.0	0.3330000000000002	2.667	1.0
262	2.0	0.0	1.0	0.0	2.0	4.0	1.0
263	1.0	7.0	1.0	3.0	2.665000000000001	15.334999999999999	3.0
264	4.0	0.0	3.0	0.0	4.0	8.0	3.0
265	3.0	0.0	2.0	0.0	3.0	6.0	2.0
266	0.0	2.0	0.0	2.0	0.6660000000000004	5.334	2.0
267	2.0	0.0	2.0	0.0	2.0	4.0	2.0
268	2.0	1.0	2.0	1.0	1.6680000000000001	7.332	3.0
269	2.0	0.0	0.0	0.0	2.0	4.0	0.0
270	0.0	0.0	0.0	0.0	0.0	0.0	0.0
271	2.0	0.0	1.0	0.0	0.6660000000000004	5.334	1.0
272	0.0	3.0	0.0	2.0	1.0	8.0	2.0
273	2.0	0.0	1.0	0.0	0.6660000000000004	5.334	1.0
274	3.0	1.0	2.0	1.0	3.068	5.932	2.0
275	0.0	0.0	0.0	0.0	0.0	0.0	0.0
276	2.0	1.0	1.0	1.0	1.6660000000000004	7.334	2.0
277	2.0	0.0	1.0	0.0	2.0	4.0	1.0
278	1.0	2.0	1.0	2.0	2.0	4.0	2.0
279	3.0	2.0	3.0	2.0	2.333	6.667	3.0
280	1.0	3.0	1.0	3.0	1.3330000000000002	4.667	2.0
281	3.0	2.0	2.0	2.0	3.8	8.2	3.0
282	2.0	1.0	2.0	1.0	2.668	6.332	3.0
283	2.0	2.0	1.0	2.0	3.333	8.667	3.0
284	0.0	1.0	0.0	1.0	0.3330000000000002	2.667	1.0
285	3.0	1.0	3.0	1.0	3.0	6.0	3.0
286	2.0	3.0	2.0	2.0	4.068	7.932	3.0
287	0.0	0.0	0.0	0.0	0.0	0.0	0.0
288	2.0	0.0	0.0	0.0	2.0	4.0	0.0
289	2.0	3.0	1.0	3.0	1.3320000000000007	10.668	3.0
290	0.0	1.0	0.0	0.0	0.6680000000000001	2.332	0.0
291	0.0	0.0	0.0	0.0	0.0	0.0	0.0
292	0.0	4.0	0.0	4.0	0.0	6.0	2.0
293	1.0	1.0	1.0	1.0	0.6660000000000004	5.334	2.0
294	0.0	0.0	0.0	0.0	0.0	0.0	0.0
295	3.0	1.0	3.0	1.0	4.0	8.0	4.0
296	4.0	0.0	2.0	0.0	4.0	8.0	2.0
297	2.0	0.0	1.0	0.0	2.0	4.0	1.0
298	1.0	2.0	0.0	2.0	1.6680000000000001	4.332	1.0
299	2.0	2.0	1.0	2.0	2.333	6.667	2.0
300	0.0	0.0	0.0	0.0	0.0	0.0	0.0
301	1.0	2.0	1.0	2.0	1.6660000000000004	7.334	3.0
302	2.0	1.0	2.0	1.0	0.9990000000000006	8.001	3.0
303	3.0	1.0	2.0	1.0	2.668	6.332	2.0
304	3.0	2.0	1.0	2.0	4.0	8.0	2.0
305	2.0	0.0	1.0	0.0	2.0	4.0	1.0
306	2.0	0.0	1.0	0.0	2.0	4.0	1.0
307	2.0	1.0	1.0	1.0	2.068	6.932	2.0
308	3.0	2.0	2.0	2.0	4.333	10.667	4.0
309	2.0	0.0	1.0	0.0	2.0	4.0	1.0
310	4.0	0.0	3.0	0.0	3.4	5.6	2.0
311	1.0	0.0	1.0	0.0	0.3330000000000002	2.667	1.0
312	1.0	2.0	1.0	2.0	1.3330000000000002	4.667	2.0
313	1.0	0.0	1.0	0.0	0.3330000000000002	2.667	1.0
314	2.0	0.0	1.0	0.0	0.6660000000000004	5.334	1.0
315	0.0	4.0	0.0	3.0	1.3340000000000005	7.6659999999999995	2.0
316	2.0	0.0	0.0	0.0	2.0	4.0	0.0
317	0.0	0.0	0.0	0.0	0.0	0.0	0.0
318	1.0	2.0	1.0	1.0	0.9990000000000006	8.001	2.0
319	3.0	4.0	3.0	4.0	2.6660000000000004	9.334	4.0
320	1.0	4.0	1.0	3.0	2.3320000000000007	12.668	4.0
321	2.0	0.0	2.0	0.0	2.0	4.0	2.0
322	1.0	0.0	0.0	0.0	1.0	2.0	0.0
323	2.0	0.0	2.0	0.0	2.0	4.0	2.0
324	2.0	0.0	2.0	0.0	2.0	4.0	2.0
325	4.0	0.0	3.0	0.0	4.0	8.0	3.0
326	2.0	3.0	2.0	3.0	2.333	6.667	3.0
327	2.0	0.0	0.0	0.0	0.6660000000000004	5.334	0.0
328	4.0	0.0	2.0	0.0	4.0	8.0	2.0
329	2.0	0.0	1.0	0.0	1.3360000000000003	4.664	1.0
330	3.0	0.0	2.0	0.0	3.0	6.0	2.0
331	1.0	0.0	1.0	0.0	0.3330000000000002	2.667	1.0
332	3.0	1.0	1.0	1.0	4.0	8.0	2.0
333	2.0	0.0	2.0	0.0	0.6660000000000004	5.334	2.0
334	2.0	1.0	1.0	0.0	2.0	4.0	1.0
335	3.0	0.0	1.0	0.0	3.0	6.0	1.0
336	2.0	0.0	2.0	0.0	2.0	4.0	2.0
337	3.0	3.0	2.0	3.0	2.3320000000000007	12.668	4.0
338	3.0	2.0	2.0	2.0	3.0	6.0	2.0
339	4.0	1.0	2.0	1.0	5.0	10.0	3.0
340	4.0	0.0	3.0	0.0	4.0	8.0	3.0
341	3.0	2.0	2.0	2.0	3.333	8.667	3.0
342	4.0	2.0	3.0	2.0	4.333	10.667	4.0
343	3.0	3.0	3.0	3.0	1.6660000000000004	7.334	3.0
344	2.0	1.0	1.0	1.0	3.0	6.0	2.0
345	4.0	3.0	3.0	2.0	7.0	14.0	5.0
346	4.0	3.0	3.0	3.0	2.6660000000000004	9.334	3.0
347	3.0	3.0	2.0	3.0	5.0	10.0	4.0
348	1.0	1.0	1.0	1.0	1.733	4.2669999999999995	2.0
349	3.0	3.0	3.0	3.0	2.6660000000000004	9.334	4.0
350	4.0	1.0	3.0	1.0	4.0	8.0	3.0
351	4.0	3.0	2.0	2.0	3.6660000000000004	11.334	2.0
352	2.0	3.0	1.0	3.0	3.333	8.667	3.0
353	2.0	5.0	2.0	3.0	3.6660000000000004	11.334	3.0
354	2.0	3.0	1.0	2.0	4.668	10.332	3.0
355	1.0	6.0	1.0	4.0	5.001	12.998999999999999	4.0
356	4.0	4.0	2.0	3.0	6.001	14.998999999999999	4.0
357	0.0	0.0	0.0	0.0	0.0	0.0	0.0
358	2.0	3.0	1.0	1.0	3.333	8.667	2.0
359	2.0	1.0	1.0	1.0	3.0	6.0	2.0
360	3.0	4.0	1.0	2.0	4.666	13.334	2.0
361	3.0	5.0	2.0	4.0	4.7330000000000005	10.267	4.0
362	2.0	4.0	2.0	2.0	5.0	10.0	3.0
363	2.0	4.0	1.0	2.0	1.6660000000000004	7.334	1.0
364	2.0	7.0	2.0	4.0	5.332000000000001	18.668	5.0
365	0.0	0.0	0.0	0.0	0.0	0.0	0.0
366	0.0	0.0	0.0	0.0	0.0	0.0	0.0
367	0.0	0.0	0.0	0.0	0.0	0.0	0.0
368	0.0	0.0	0.0	0.0	0.0	0.0	0.0
369	0.0	0.0	0.0	0.0	0.0	0.0	0.0
370	0.0	0.0	0.0	0.0	0.0	0.0	0.0
371	0.0	0.0	0.0	0.0	0.0	0.0	0.0
372	0.0	0.0	0.0	0.0	0.0	0.0	0.0
373	0.0	0.0	0.0	0.0	0.0	0.0	0.0
374	0.0	0.0	0.0	0.0	0.0	0.0	0.0
375	0.0	0.0	0.0	0.0	0.0	0.0	0.0
376	0.0	0.0	0.0	0.0	0.0	0.0	0.0
377	0.0	0.0	0.0	0.0	0.0	0.0	0.0
378	0.0	0.0	0.0	0.0	0.0	0.0	0.0
379	3.0	4.0	2.0	3.0	2.6660000000000004	9.334	2.0
380	2.0	3.0	0.0	1.0	2.6660000000000004	9.334	1.0
381	2.0	3.0	1.0	3.0	2.6660000000000004	9.334	3.0
382	2.0	4.0	2.0	4.0	0.6660000000000004	5.334	2.0
383	3.0	3.0	2.0	3.0	3.333	8.667	3.0
384	3.0	4.0	3.0	3.0	3.333	8.667	3.0
385	4.0	3.0	3.0	3.0	6.0	12.0	5.0
386	3.0	2.0	2.0	1.0	4.0	8.0	2.0
387	2.0	2.0	1.0	2.0	2.6660000000000004	9.334	3.0
388	3.0	3.0	2.0	2.0	4.336	10.664	3.0
389	3.0	2.0	2.0	2.0	4.0	8.0	3.0
390	2.0	2.0	0.0	2.0	2.668	6.332	1.0
391	3.0	1.0	2.0	1.0	3.0040000000000004	8.995999999999999	3.0
392	2.0	2.0	1.0	0.0	3.3360000000000003	8.664	1.0
393	1.0	0.0	1.0	0.0	1.0	2.0	1.0
394	3.0	2.0	1.0	2.0	4.333	10.667	3.0
395	3.0	1.0	2.0	0.0	3.668	8.332	2.0
396	2.0	2.0	2.0	2.0	3.668	8.332	4.0
397	3.0	1.0	1.0	1.0	4.0	8.0	2.0
398	4.0	2.0	2.0	1.0	6.068	11.932	3.0
399	2.0	5.0	1.0	3.0	6.0040000000000004	14.996000000000002	4.0
400	3.0	0.0	2.0	0.0	3.0	6.0	2.0
401	2.0	1.0	1.0	1.0	3.0	6.0	2.0
402	1.0	4.0	0.0	2.0	3.3370000000000006	11.663	2.0
403	1.0	5.0	1.0	4.0	4.001	10.998999999999999	4.0
404	2.0	1.0	1.0	1.0	2.3360000000000003	6.664	2.0
405	2.0	4.0	1.0	2.0	4.668	10.332	2.0
406	1.0	0.0	1.0	0.0	1.0	2.0	1.0
407	2.0	1.0	2.0	1.0	2.4	3.6	2.0
408	3.0	1.0	2.0	1.0	4.4	7.6	3.0
409	2.0	3.0	2.0	3.0	3.0	9.0	4.0
410	1.0	3.0	1.0	2.0	1.3330000000000002	7.667	2.0
411	2.0	3.0	1.0	3.0	3.068	8.931999999999999	3.0
412	1.0	2.0	1.0	2.0	2.4	3.6	2.0
413	1.0	3.0	1.0	2.0	1.6670000000000007	10.332999999999998	3.0
414	4.0	1.0	4.0	1.0	2.0010000000000003	6.999	3.0
415	2.0	0.0	2.0	0.0	2.0	4.0	2.0
416	0.0	0.0	0.0	0.0	0.0	0.0	0.0
417	1.0	2.0	1.0	1.0	1.3360000000000003	4.664	1.0
418	1.0	0.0	0.0	0.0	0.3330000000000002	2.667	0.0
419	3.0	3.0	2.0	2.0	5.0	10.0	3.0
420	1.0	3.0	1.0	3.0	1.6660000000000004	7.334	3.0
421	1.0	1.0	0.0	1.0	2.0	4.0	1.0
422	3.0	3.0	2.0	3.0	3.0010000000000003	8.998999999999999	3.0
423	3.0	3.0	2.0	3.0	3.0660000000000003	8.934	3.0
424	3.0	1.0	2.0	1.0	3.0	6.0	2.0
425	3.0	3.0	2.0	3.0	3.736	8.264	3.0
426	3.0	3.0	2.0	3.0	4.333	10.667	4.0
427	2.0	2.0	2.0	2.0	1.3330000000000002	4.667	2.0
428	2.0	1.0	2.0	1.0	2.0	4.0	2.0
429	2.0	2.0	2.0	2.0	1.6680000000000001	4.332	2.0
430	1.0	2.0	1.0	2.0	1.0	2.0	1.0
431	2.0	0.0	1.0	0.0	2.0	4.0	1.0
432	3.0	1.0	2.0	1.0	4.0	8.0	3.0
433	0.0	2.0	0.0	2.0	0.6660000000000004	5.334	2.0
434	1.0	3.0	1.0	3.0	2.0	4.0	2.0
435	3.0	2.0	2.0	2.0	3.333	8.667	3.0
436	3.0	0.0	3.0	0.0	3.0	6.0	3.0
437	4.0	4.0	2.0	4.0	2.6660000000000004	9.334	2.0
438	3.0	0.0	2.0	0.0	3.0	6.0	2.0
439	1.0	2.0	1.0	2.0	0.6660000000000004	5.334	2.0
440	4.0	1.0	2.0	1.0	5.5329999999999995	9.466999999999999	3.0
441	1.0	3.0	1.0	2.0	2.333	6.667	2.0
442	3.0	2.0	2.0	2.0	4.0	8.0	3.0
443	3.0	2.0	3.0	2.0	4.0	8.0	4.0
444	0.0	1.0	0.0	1.0	0.3330000000000002	2.667	1.0
445	5.0	2.0	2.0	2.0	3.0010000000000003	8.998999999999999	2.0
446	2.0	3.0	1.0	3.0	2.333	6.667	2.0
447	3.0	2.0	1.0	2.0	2.333	6.667	1.0
448	2.0	0.0	1.0	0.0	2.8	3.2	1.0
449	2.0	0.0	1.0	0.0	2.0	4.0	1.0
450	3.0	0.0	1.0	0.0	3.0	6.0	1.0
451	1.0	0.0	1.0	0.0	0.3330000000000002	2.667	1.0
452	2.0	0.0	2.0	0.0	0.6660000000000004	5.334	2.0
453	0.0	0.0	0.0	0.0	0.0	0.0	0.0
454	2.0	3.0	2.0	1.0	2.333	6.667	2.0
455	0.0	1.0	0.0	1.0	0.6680000000000001	2.332	1.0
456	1.0	1.0	1.0	1.0	1.3330000000000002	4.667	2.0
457	2.0	1.0	2.0	1.0	2.668	6.332	3.0
458	2.0	0.0	1.0	0.0	2.0	4.0	1.0
459	1.0	4.0	1.0	3.0	0.9990000000000006	8.001	2.0
460	2.0	2.0	1.0	0.0	4.0	8.0	1.0
461	2.0	1.0	0.0	0.0	1.3330000000000002	4.667	0.0
462	1.0	0.0	1.0	0.0	1.0	2.0	1.0
463	2.0	3.0	1.0	2.0	2.333	6.667	2.0
464	2.0	0.0	2.0	0.0	1.6680000000000001	4.332	2.0
465	1.0	2.0	0.0	2.0	3.0	6.0	2.0
466	1.0	0.0	1.0	0.0	0.3330000000000002	2.667	1.0
467	2.0	0.0	2.0	0.0	2.0	4.0	2.0
468	2.0	2.0	1.0	1.0	2.3360000000000003	6.664	1.0
469	1.0	0.0	1.0	0.0	1.0	2.0	1.0
470	2.0	0.0	1.0	0.0	2.0	4.0	1.0
471	1.0	2.0	0.0	1.0	2.668	6.332	1.0
472	2.0	1.0	1.0	1.0	3.0	6.0	2.0
473	3.0	4.0	1.0	1.0	4.332000000000001	16.668	2.0
474	0.0	1.0	0.0	0.0	0.3330000000000002	2.667	0.0
475	2.0	2.0	1.0	0.0	3.0	6.0	1.0
476	1.0	5.0	1.0	2.0	3.6660000000000004	11.334	2.0
477	3.0	1.0	2.0	1.0	1.6660000000000004	7.334	2.0
478	1.0	2.0	1.0	0.0	2.0	4.0	1.0
479	1.0	0.0	0.0	0.0	0.3330000000000002	2.667	0.0
480	3.0	3.0	1.0	1.0	4.0	8.0	1.0
481	1.0	2.0	1.0	2.0	1.3330000000000002	4.667	2.0
482	1.0	2.0	1.0	2.0	3.0	6.0	3.0
483	1.0	0.0	1.0	0.0	1.0	2.0	1.0
484	2.0	4.0	2.0	3.0	4.736000000000001	10.264	4.0
485	2.0	2.0	2.0	2.0	3.0	6.0	3.0
486	2.0	3.0	2.0	3.0	1.6680000000000001	4.332	2.0
487	2.0	0.0	1.0	0.0	0.6660000000000004	5.334	1.0
488	3.0	0.0	2.0	0.0	4.199999999999999	4.800000000000001	2.0
489	2.0	1.0	1.0	1.0	1.6660000000000004	7.334	2.0
490	3.0	1.0	3.0	1.0	2.333	6.667	3.0
491	2.0	0.0	1.0	0.0	0.6660000000000004	5.334	1.0
492	1.0	5.0	0.0	1.0	3.333	8.667	1.0
493	3.0	3.0	3.0	2.0	2.6690000000000005	12.331	4.0
494	1.0	6.0	1.0	4.0	3.6690000000000005	14.331	4.0
495	3.0	1.0	2.0	1.0	3.0	6.0	2.0
496	1.0	3.0	0.0	2.0	4.0	8.0	2.0
497	0.0	3.0	0.0	1.0	2.668	6.332	1.0
498	2.0	4.0	2.0	3.0	3.6660000000000004	11.334	4.0
499	1.0	0.0	1.0	0.0	0.3330000000000002	2.667	1.0
500	0.0	2.0	0.0	2.0	1.0	2.0	1.0
501	2.0	0.0	2.0	0.0	2.0	4.0	2.0
502	2.0	1.0	2.0	1.0	2.0	4.0	2.0
503	0.0	3.0	0.0	3.0	1.3330000000000002	4.667	2.0
504	2.0	5.0	2.0	2.0	4.666	13.334	3.0
505	1.0	0.0	0.0	0.0	0.3330000000000002	2.667	0.0
506	1.0	4.0	0.0	1.0	1.9990000000000006	10.001	1.0
507	0.0	3.0	0.0	3.0	0.3330000000000002	5.667	2.0
508	2.0	2.0	0.0	1.0	4.4	7.6	1.0
509	0.0	1.0	0.0	0.0	0.3330000000000002	2.667	0.0
510	2.0	1.0	1.0	0.0	3.0	6.0	1.0
511	1.0	5.0	0.0	2.0	5.333	12.667	2.0
512	3.0	0.0	2.0	0.0	3.0	6.0	2.0
513	0.0	3.0	0.0	3.0	0.9990000000000006	8.001	3.0
514	1.0	4.0	1.0	3.0	1.9990000000000006	10.001	3.0
515	0.0	2.0	0.0	2.0	1.0	2.0	1.0
516	3.0	2.0	2.0	1.0	4.0	8.0	3.0
517	3.0	6.0	2.0	4.0	6.068	14.931999999999999	5.0
518	0.0	0.0	0.0	0.0	0.0	0.0	0.0
519	3.0	0.0	3.0	0.0	2.668	6.332	3.0
520	1.0	1.0	0.0	1.0	0.6660000000000004	5.334	1.0
521	3.0	3.0	3.0	3.0	4.0	8.0	4.0
522	2.0	3.0	2.0	2.0	1.6660000000000004	7.334	2.0
523	2.0	5.0	0.0	3.0	3.9990000000000006	17.000999999999998	3.0
524	2.0	3.0	0.0	1.0	2.6660000000000004	9.334	1.0
525	3.0	6.0	2.0	5.0	3.9990000000000006	14.001	4.0
526	3.0	4.0	2.0	4.0	2.6660000000000004	9.334	3.0
527	1.0	2.0	1.0	2.0	2.0	4.0	2.0
528	1.0	1.0	1.0	1.0	1.0	2.0	1.0
529	1.0	1.0	1.0	1.0	1.3330000000000002	4.667	2.0
530	0.0	2.0	0.0	2.0	1.0	2.0	1.0
531	0.0	0.0	0.0	0.0	0.0	0.0	0.0
532	1.0	3.0	1.0	1.0	0.6660000000000004	5.334	1.0
533	3.0	3.0	0.0	1.0	4.333	10.667	1.0
534	1.0	0.0	0.0	0.0	0.3330000000000002	2.667	0.0
535	1.0	0.0	0.0	0.0	1.0	2.0	0.0
536	0.0	0.0	0.0	0.0	0.0	0.0	0.0
537	1.0	0.0	0.0	0.0	0.3330000000000002	2.667	0.0
538	0.0	0.0	0.0	0.0	0.0	0.0	0.0
539	1.0	0.0	0.0	0.0	1.0	2.0	0.0
540	0.0	1.0	0.0	0.0	0.6680000000000001	2.332	0.0
541	1.0	0.0	0.0	0.0	1.0	2.0	0.0
542	0.0	0.0	0.0	0.0	0.0	0.0	0.0
543	1.0	5.0	0.0	2.0	2.3320000000000007	12.668	1.0
544	1.0	3.0	0.0	1.0	2.0660000000000003	6.933999999999999	1.0
545	2.0	2.0	0.0	0.0	2.333	6.667	0.0
546	0.0	5.0	0.0	1.0	1.9990000000000006	10.001	1.0
547	2.0	3.0	0.0	0.0	2.333	6.667	0.0
548	1.0	0.0	0.0	0.0	1.0	2.0	0.0
549	0.0	0.0	0.0	0.0	0.0	0.0	0.0
550	1.0	1.0	1.0	0.0	2.0	4.0	1.0
551	2.0	2.0	1.0	1.0	0.6660000000000004	5.334	1.0
552	3.0	5.0	2.0	2.0	5.066000000000001	12.934	3.0
553	0.0	1.0	0.0	0.0	0.3330000000000002	2.667	0.0
554	1.0	0.0	0.0	0.0	1.0	2.0	0.0
555	2.0	6.0	2.0	4.0	2.6660000000000004	9.334	2.0
556	3.0	3.0	1.0	2.0	4.0	8.0	1.0
557	2.0	4.0	0.0	2.0	5.0	10.0	2.0
558	1.0	4.0	0.0	2.0	3.668	8.332	1.0
559	3.0	2.0	1.0	1.0	3.0	6.0	1.0
560	0.0	0.0	0.0	0.0	0.0	0.0	0.0
561	3.0	0.0	1.0	0.0	3.0	6.0	1.0
562	1.0	0.0	0.0	0.0	0.3330000000000002	2.667	0.0
563	1.0	0.0	1.0	0.0	1.0	2.0	1.0
564	1.0	2.0	1.0	2.0	1.3330000000000002	4.667	2.0
565	2.0	1.0	1.0	1.0	3.0	6.0	2.0
566	2.0	3.0	1.0	2.0	2.0010000000000003	6.999	1.0
567	3.0	2.0	1.0	2.0	1.6660000000000004	7.334	1.0
568	1.0	2.0	1.0	2.0	0.3330000000000002	2.667	1.0
569	0.0	3.0	0.0	1.0	2.0	4.0	1.0
570	2.0	2.0	1.0	0.0	1.3330000000000002	4.667	1.0
571	1.0	2.0	0.0	0.0	2.333	6.667	0.0
572	2.0	1.0	1.0	0.0	2.0	4.0	1.0
573	2.0	1.0	0.0	0.0	2.333	6.667	0.0
574	0.0	1.0	0.0	1.0	0.3330000000000002	2.667	1.0
575	2.0	1.0	0.0	0.0	3.0	6.0	0.0
576	1.0	3.0	0.0	0.0	2.333	6.667	0.0
577	2.0	0.0	1.0	0.0	0.6660000000000004	5.334	1.0
578	1.0	2.0	0.0	1.0	1.6660000000000004	7.334	1.0
579	1.0	1.0	0.0	0.0	2.0	4.0	0.0
580	0.0	1.0	0.0	1.0	1.0	2.0	1.0
581	2.0	0.0	0.0	0.0	2.0	4.0	0.0
582	1.0	0.0	0.0	0.0	0.3330000000000002	2.667	0.0
583	1.0	0.0	0.0	0.0	0.3330000000000002	2.667	0.0
584	0.0	0.0	0.0	0.0	0.0	0.0	0.0
585	2.0	1.0	0.0	0.0	0.6660000000000004	5.334	0.0
586	0.0	2.0	0.0	0.0	1.0	2.0	0.0
587	1.0	2.0	0.0	0.0	1.3330000000000002	4.667	0.0
588	3.0	2.0	1.0	2.0	1.0010000000000003	7.999	2.0
589	2.0	1.0	2.0	1.0	2.0	4.0	2.0
590	2.0	1.0	1.0	1.0	0.9990000000000006	8.001	2.0
591	2.0	2.0	1.0	2.0	1.3330000000000002	4.667	1.0
592	0.0	1.0	0.0	1.0	0.3330000000000002	2.667	1.0
593	1.0	1.0	1.0	1.0	1.3330000000000002	4.667	2.0
594	0.0	0.0	0.0	0.0	0.0	0.0	0.0
595	2.0	0.0	1.0	0.0	2.0	4.0	1.0
596	0.0	0.0	0.0	0.0	0.0	0.0	0.0
597	1.0	1.0	0.0	1.0	0.6660000000000004	5.334	1.0
598	2.0	2.0	1.0	1.0	2.0	4.0	1.0
599	1.0	0.0	1.0	0.0	1.0	2.0	1.0
600	2.0	0.0	2.0	0.0	2.0	4.0	2.0
601	2.0	2.0	0.0	2.0	3.0	6.0	1.0
602	3.0	3.0	2.0	3.0	3.333	8.667	3.0
603	2.0	0.0	2.0	0.0	2.0	4.0	2.0
604	2.0	0.0	0.0	0.0	0.6660000000000004	5.334	0.0
605	3.0	2.0	3.0	2.0	2.333	6.667	3.0
606	2.0	0.0	1.0	0.0	0.6660000000000004	5.334	1.0
607	1.0	2.0	1.0	1.0	2.068	3.932	1.0
608	2.0	1.0	1.0	1.0	0.9990000000000006	8.001	2.0
609	3.0	3.0	1.0	1.0	4.0	8.0	2.0
610	2.0	5.0	1.0	2.0	4.666	13.334	2.0
611	1.0	2.0	0.0	1.0	0.9990000000000006	8.001	1.0
612	1.0	3.0	1.0	3.0	1.6660000000000004	7.334	3.0
613	5.0	1.0	1.0	1.0	3.668	8.332	1.0
614	3.0	2.0	1.0	2.0	3.668	8.332	2.0
615	1.0	2.0	0.0	0.0	2.0010000000000003	6.999	0.0
616	0.0	0.0	0.0	0.0	0.0	0.0	0.0
