pos	Sd	Nd	Sd_tip	Nd_tip	S	N	comparisons
001	0.0	0.0	0.0	0.0	0.0	0.0	0.0
002	0.0	0.0	0.0	0.0	0.0	0.0	0.0
003	0.0	0.0	0.0	0.0	0.0	0.0	0.0
004	0.0	0.0	0.0	0.0	0.0	0.0	0.0
005	0.0	1.0	0.0	1.0	0.3330000000000002	2.667	1.0
006	0.0	1.0	0.0	0.0	1.0	2.0	0.0
007	1.0	0.0	1.0	0.0	0.3330000000000002	2.667	1.0
008	0.0	1.0	0.0	0.0	1.0	2.0	0.0
009	0.0	0.0	0.0	0.0	0.0	0.0	0.0
010	0.0	0.0	0.0	0.0	0.0	0.0	0.0
011	0.0	1.0	0.0	1.0	0.3330000000000002	2.667	1.0
012	0.0	1.0	0.0	1.0	1.0	2.0	1.0
013	0.0	0.0	0.0	0.0	0.0	0.0	0.0
014	0.0	0.0	0.0	0.0	0.0	0.0	0.0
015	0.0	1.0	0.0	0.0	0.3330000000000002	2.667	0.0
016	0.0	0.0	0.0	0.0	0.0	0.0	0.0
017	0.0	0.0	0.0	0.0	0.0	0.0	0.0
018	0.0	1.0	0.0	0.0	1.0	2.0	0.0
019	0.0	0.0	0.0	0.0	0.0	0.0	0.0
020	0.0	1.0	0.0	1.0	1.0	2.0	1.0
021	0.0	0.0	0.0	0.0	0.0	0.0	0.0
022	0.0	1.0	0.0	1.0	0.6680000000000001	2.332	1.0
023	0.0	0.0	0.0	0.0	0.0	0.0	0.0
024	0.0	0.0	0.0	0.0	0.0	0.0	0.0
025	1.0	1.0	1.0	0.0	2.0	4.0	1.0
026	1.0	1.0	0.0	1.0	0.6660000000000004	5.334	1.0
027	3.0	4.0	2.0	2.0	6.0	12.0	3.0
028	0.0	1.0	0.0	1.0	0.3330000000000002	2.667	1.0
029	3.0	1.0	1.0	1.0	2.333	6.667	1.0
030	2.0	0.0	1.0	0.0	0.6660000000000004	5.334	1.0
031	1.0	3.0	1.0	2.0	1.3320000000000007	10.668	3.0
032	2.0	0.0	0.0	0.0	0.6660000000000004	5.334	0.0
033	1.0	1.0	1.0	1.0	0.6660000000000004	5.334	2.0
034	1.0	2.0	1.0	1.0	0.9990000000000006	8.001	2.0
035	0.0	2.0	0.0	2.0	0.0	3.0	1.0
036	2.0	0.0	2.0	0.0	2.0	4.0	2.0
037	0.0	0.0	0.0	0.0	0.0	0.0	0.0
038	0.0	0.0	0.0	0.0	0.0	0.0	0.0
039	0.0	0.0	0.0	0.0	0.0	0.0	0.0
040	0.0	0.0	0.0	0.0	0.0	0.0	0.0
041	1.0	2.0	1.0	1.0	0.9990000000000006	8.001	2.0
042	0.0	2.0	0.0	1.0	0.6660000000000004	5.334	1.0
043	0.0	1.0	0.0	1.0	0.3330000000000002	2.667	1.0
044	2.0	3.0	1.0	3.0	3.333	8.667	3.0
045	0.0	3.0	0.0	3.0	2.0	4.0	2.0
046	3.0	0.0	2.0	0.0	3.0	6.0	2.0
047	2.0	0.0	1.0	0.0	2.0	4.0	1.0
048	2.0	0.0	2.0	0.0	2.0	4.0	2.0
049	1.0	0.0	1.0	0.0	1.0	2.0	1.0
050	2.0	0.0	2.0	0.0	2.0	4.0	2.0
051	2.0	0.0	1.0	0.0	2.0	4.0	1.0
052	0.0	0.0	0.0	0.0	0.0	0.0	0.0
053	0.0	0.0	0.0	0.0	0.0	0.0	0.0
054	2.0	0.0	1.0	0.0	2.4	3.6	1.0
055	3.0	1.0	2.0	1.0	3.0	6.0	2.0
056	3.0	0.0	1.0	0.0	3.0	6.0	1.0
057	2.0	0.0	1.0	0.0	2.4	3.6	1.0
058	0.0	0.0	0.0	0.0	0.0	0.0	0.0
059	3.0	0.0	2.0	0.0	3.0	6.0	2.0
060	1.0	2.0	0.0	1.0	1.6680000000000001	4.332	1.0
061	3.0	0.0	1.0	0.0	3.0	6.0	1.0
062	4.0	0.0	2.0	0.0	4.0	8.0	2.0
063	1.0	0.0	0.0	0.0	0.6680000000000001	2.332	0.0
064	1.0	0.0	1.0	0.0	1.0	2.0	1.0
065	1.0	0.0	1.0	0.0	0.3330000000000002	2.667	1.0
066	2.0	0.0	2.0	0.0	2.0	4.0	2.0
067	2.0	0.0	1.0	0.0	0.6660000000000004	5.334	1.0
068	3.0	0.0	2.0	0.0	2.0040000000000004	6.9959999999999996	2.0
069	2.0	0.0	1.0	0.0	0.6660000000000004	5.334	1.0
070	2.0	1.0	2.0	0.0	2.0	7.0	2.0
071	2.0	1.0	1.0	1.0	2.668	6.332	2.0
072	2.0	1.0	2.0	1.0	2.668	6.332	3.0
073	2.0	0.0	2.0	0.0	0.6660000000000004	5.334	2.0
074	2.0	0.0	2.0	0.0	2.0	4.0	2.0
075	2.0	0.0	2.0	0.0	2.0	4.0	2.0
076	0.0	1.0	0.0	1.0	0.3330000000000002	2.667	1.0
077	0.0	0.0	0.0	0.0	0.0	0.0	0.0
078	3.0	0.0	2.0	0.0	3.0	6.0	2.0
079	2.0	1.0	2.0	1.0	1.6680000000000001	4.332	2.0
080	2.0	0.0	2.0	0.0	0.6660000000000004	5.334	2.0
081	3.0	0.0	1.0	0.0	3.0	6.0	1.0
082	1.0	0.0	1.0	0.0	1.0	2.0	1.0
083	1.0	0.0	1.0	0.0	1.0	2.0	1.0
084	2.0	0.0	1.0	0.0	0.6660000000000004	5.334	1.0
085	1.0	0.0	1.0	0.0	1.0	2.0	1.0
086	2.0	0.0	2.0	0.0	2.0	4.0	2.0
087	3.0	1.0	2.0	1.0	2.333	6.667	2.0
088	3.0	0.0	2.0	0.0	2.668	6.332	2.0
089	2.0	3.0	2.0	2.0	3.0	6.0	2.0
090	5.0	0.0	2.0	0.0	2.668	6.332	1.0
091	0.0	0.0	0.0	0.0	0.0	0.0	0.0
092	1.0	0.0	1.0	0.0	0.3330000000000002	2.667	1.0
093	0.0	0.0	0.0	0.0	0.0	0.0	0.0
094	0.0	0.0	0.0	0.0	0.0	0.0	0.0
095	3.0	0.0	3.0	0.0	3.0	6.0	3.0
096	1.0	0.0	0.0	0.0	0.6680000000000001	2.332	0.0
097	2.0	0.0	1.0	0.0	2.0	4.0	1.0
098	1.0	0.0	1.0	0.0	0.3330000000000002	2.667	1.0
099	3.0	0.0	1.0	0.0	0.9990000000000006	8.001	1.0
100	2.0	0.0	2.0	0.0	0.6660000000000004	5.334	2.0
101	2.0	0.0	2.0	0.0	2.0	4.0	2.0
102	0.0	2.0	0.0	1.0	2.0	4.0	1.0
103	0.0	0.0	0.0	0.0	0.0	0.0	0.0
104	0.0	0.0	0.0	0.0	0.0	0.0	0.0
105	2.0	0.0	1.0	0.0	2.0	4.0	1.0
106	2.0	0.0	2.0	0.0	2.0	4.0	2.0
107	0.0	0.0	0.0	0.0	0.0	0.0	0.0
108	3.0	0.0	2.0	0.0	3.0	6.0	2.0
109	2.0	0.0	0.0	0.0	2.0	4.0	0.0
110	1.0	0.0	0.0	0.0	0.3330000000000002	2.667	0.0
111	2.0	0.0	1.0	0.0	2.0	4.0	1.0
112	3.0	0.0	2.0	0.0	3.0	6.0	2.0
113	3.0	0.0	2.0	0.0	3.0	6.0	2.0
114	0.0	0.0	0.0	0.0	0.0	0.0	0.0
115	1.0	0.0	1.0	0.0	1.0	2.0	1.0
116	1.0	0.0	1.0	0.0	0.3330000000000002	2.667	1.0
117	4.0	0.0	1.0	0.0	4.0	8.0	1.0
118	3.0	0.0	2.0	0.0	3.0	6.0	2.0
119	2.0	0.0	2.0	0.0	2.0	4.0	2.0
120	3.0	0.0	2.0	0.0	3.0	6.0	2.0
121	1.0	0.0	1.0	0.0	0.3330000000000002	2.667	1.0
122	0.0	0.0	0.0	0.0	0.0	0.0	0.0
123	2.0	0.0	1.0	0.0	0.6660000000000004	5.334	1.0
124	0.0	0.0	0.0	0.0	0.0	0.0	0.0
125	1.0	0.0	0.0	0.0	1.0	2.0	0.0
126	2.0	0.0	1.0	0.0	2.0	4.0	1.0
127	1.0	0.0	1.0	0.0	0.3330000000000002	2.667	1.0
128	0.0	0.0	0.0	0.0	0.0	0.0	0.0
129	0.0	0.0	0.0	0.0	0.0	0.0	0.0
130	1.0	0.0	1.0	0.0	0.6680000000000001	2.332	1.0
131	3.0	0.0	1.0	0.0	3.0	6.0	1.0
132	1.0	0.0	1.0	0.0	0.6680000000000001	2.332	1.0
133	3.0	1.0	2.0	1.0	3.333	8.667	3.0
134	1.0	0.0	1.0	0.0	1.0	2.0	1.0
135	2.0	0.0	2.0	0.0	2.0	4.0	2.0
136	3.0	0.0	2.0	0.0	3.0	6.0	2.0
137	1.0	0.0	1.0	0.0	0.3330000000000002	2.667	1.0
138	0.0	0.0	0.0	0.0	0.0	0.0	0.0
139	4.0	0.0	2.0	0.0	4.8	7.199999999999999	2.0
140	2.0	0.0	2.0	0.0	0.6660000000000004	5.334	2.0
141	3.0	0.0	1.0	0.0	3.0	6.0	1.0
142	2.0	0.0	2.0	0.0	0.6680000000000001	2.332	1.0
143	2.0	0.0	2.0	0.0	2.0	4.0	2.0
144	0.0	0.0	0.0	0.0	0.0	0.0	0.0
145	1.0	0.0	1.0	0.0	1.0	2.0	1.0
146	0.0	0.0	0.0	0.0	0.0	0.0	0.0
147	1.0	0.0	1.0	0.0	0.6680000000000001	2.332	1.0
148	1.0	0.0	1.0	0.0	0.3330000000000002	2.667	1.0
149	0.0	0.0	0.0	0.0	0.0	0.0	0.0
150	3.0	0.0	2.0	0.0	3.0	6.0	2.0
151	3.0	0.0	1.0	0.0	3.0	6.0	1.0
152	2.0	1.0	2.0	1.0	1.6680000000000001	4.332	2.0
153	2.0	0.0	2.0	0.0	2.0	4.0	2.0
154	0.0	0.0	0.0	0.0	0.0	0.0	0.0
155	2.0	0.0	1.0	0.0	2.4	3.6	1.0
156	2.0	0.0	1.0	0.0	0.6660000000000004	5.334	1.0
157	1.0	0.0	0.0	0.0	1.0	2.0	0.0
158	0.0	0.0	0.0	0.0	0.0	0.0	0.0
159	1.0	0.0	1.0	0.0	0.3330000000000002	2.667	1.0
160	2.0	0.0	1.0	0.0	2.0	4.0	1.0
161	2.0	0.0	2.0	0.0	2.0	4.0	2.0
162	0.0	0.0	0.0	0.0	0.0	0.0	0.0
163	0.0	0.0	0.0	0.0	0.0	0.0	0.0
164	0.0	0.0	0.0	0.0	0.0	0.0	0.0
165	1.0	0.0	1.0	0.0	0.3330000000000002	2.667	1.0
166	0.0	0.0	0.0	0.0	0.0	0.0	0.0
167	1.0	0.0	1.0	0.0	0.3330000000000002	2.667	1.0
168	1.0	0.0	0.0	0.0	0.3330000000000002	2.667	0.0
169	2.0	0.0	1.0	0.0	2.0	4.0	1.0
170	2.0	0.0	1.0	0.0	2.4	3.6	1.0
171	3.0	0.0	2.0	0.0	3.0	6.0	2.0
172	2.0	0.0	1.0	0.0	2.0	4.0	1.0
173	3.0	0.0	2.0	0.0	3.0	6.0	2.0
174	0.0	0.0	0.0	0.0	0.0	0.0	0.0
175	1.0	0.0	0.0	0.0	0.3330000000000002	2.667	0.0
176	4.0	0.0	3.0	0.0	2.3360000000000003	6.664	2.0
177	2.0	0.0	1.0	0.0	2.0	4.0	1.0
178	0.0	0.0	0.0	0.0	0.0	0.0	0.0
179	1.0	0.0	1.0	0.0	0.3330000000000002	2.667	1.0
180	0.0	0.0	0.0	0.0	0.0	0.0	0.0
181	3.0	0.0	1.0	0.0	3.0	6.0	1.0
182	0.0	0.0	0.0	0.0	0.0	0.0	0.0
183	2.0	0.0	1.0	0.0	2.0	4.0	1.0
184	2.0	0.0	1.0	0.0	0.6660000000000004	5.334	1.0
185	0.0	0.0	0.0	0.0	0.0	0.0	0.0
186	3.0	0.0	2.0	0.0	0.9990000000000006	8.001	2.0
187	1.0	0.0	1.0	0.0	0.3330000000000002	2.667	1.0
188	3.0	0.0	3.0	0.0	1.6680000000000001	4.332	2.0
189	0.0	0.0	0.0	0.0	0.0	0.0	0.0
190	1.0	0.0	0.0	0.0	0.6680000000000001	2.332	0.0
191	1.0	0.0	0.0	0.0	0.3330000000000002	2.667	0.0
192	3.0	0.0	2.0	0.0	3.0	6.0	2.0
193	1.0	0.0	1.0	0.0	0.3330000000000002	2.667	1.0
194	1.0	0.0	1.0	0.0	1.0	2.0	1.0
195	2.0	0.0	1.0	0.0	2.0	4.0	1.0
196	0.0	0.0	0.0	0.0	0.0	0.0	0.0
197	3.0	0.0	2.0	0.0	2.668	6.332	2.0
198	1.0	0.0	1.0	0.0	1.0	2.0	1.0
199	3.0	0.0	2.0	0.0	3.0	6.0	2.0
200	3.0	0.0	2.0	0.0	1.6680000000000001	4.332	1.0
201	2.0	0.0	1.0	0.0	2.4	3.6	1.0
202	3.0	0.0	1.0	0.0	3.068	5.932	1.0
203	0.0	0.0	0.0	0.0	0.0	0.0	0.0
204	2.0	0.0	2.0	0.0	2.0	4.0	2.0
205	2.0	0.0	1.0	0.0	2.0	4.0	1.0
206	1.0	0.0	1.0	0.0	0.3330000000000002	2.667	1.0
207	3.0	0.0	2.0	0.0	1.6680000000000001	4.332	1.0
208	3.0	0.0	3.0	0.0	0.9990000000000006	8.001	3.0
209	1.0	0.0	1.0	0.0	1.0	2.0	1.0
210	3.0	0.0	1.0	0.0	3.8	5.2	1.0
211	3.0	0.0	2.0	0.0	3.0	6.0	2.0
212	1.0	0.0	1.0	0.0	1.0	2.0	1.0
213	3.0	0.0	2.0	0.0	0.9990000000000006	8.001	2.0
214	2.0	0.0	1.0	0.0	0.6660000000000004	5.334	1.0
215	3.0	0.0	2.0	0.0	3.0	6.0	2.0
216	1.0	0.0	1.0	0.0	1.4	1.6	1.0
217	0.0	0.0	0.0	0.0	0.0	0.0	0.0
218	3.0	0.0	1.0	0.0	0.9990000000000006	8.001	1.0
219	2.0	0.0	2.0	0.0	2.0	4.0	2.0
220	4.0	0.0	1.0	0.0	4.0	8.0	1.0
221	1.0	0.0	1.0	0.0	0.3330000000000002	2.667	1.0
222	0.0	0.0	0.0	0.0	0.0	0.0	0.0
223	1.0	0.0	0.0	0.0	1.0	2.0	0.0
224	2.0	0.0	0.0	0.0	2.0	4.0	0.0
225	1.0	0.0	1.0	0.0	0.3330000000000002	2.667	1.0
226	0.0	0.0	0.0	0.0	0.0	0.0	0.0
227	3.0	0.0	2.0	0.0	3.0	6.0	2.0
228	3.0	0.0	2.0	0.0	0.9990000000000006	8.001	2.0
229	1.0	0.0	0.0	0.0	0.3330000000000002	2.667	0.0
230	1.0	0.0	1.0	0.0	0.3330000000000002	2.667	1.0
231	3.0	0.0	1.0	0.0	3.4	5.6	1.0
232	1.0	0.0	1.0	0.0	0.3330000000000002	2.667	1.0
233	2.0	0.0	1.0	0.0	2.4	3.6	1.0
234	3.0	0.0	2.0	0.0	1.6680000000000001	4.332	1.0
235	0.0	0.0	0.0	0.0	0.0	0.0	0.0
236	0.0	0.0	0.0	0.0	0.0	0.0	0.0
237	2.0	0.0	1.0	0.0	2.0	4.0	1.0
238	2.0	2.0	2.0	0.0	3.0	6.0	2.0
239	2.0	0.0	2.0	0.0	2.0	4.0	2.0
240	0.0	0.0	0.0	0.0	0.0	0.0	0.0
241	0.0	0.0	0.0	0.0	0.0	0.0	0.0
242	1.0	0.0	1.0	0.0	0.3330000000000002	2.667	1.0
243	1.0	0.0	1.0	0.0	0.3330000000000002	2.667	1.0
244	1.0	0.0	1.0	0.0	1.0	2.0	1.0
245	3.0	0.0	2.0	0.0	1.6680000000000001	4.332	1.0
246	0.0	0.0	0.0	0.0	0.0	0.0	0.0
247	1.0	0.0	0.0	0.0	1.0	2.0	0.0
248	2.0	0.0	2.0	0.0	2.4	3.6	2.0
249	0.0	0.0	0.0	0.0	0.0	0.0	0.0
250	2.0	0.0	1.0	0.0	1.3360000000000003	4.664	1.0
251	1.0	0.0	1.0	0.0	1.0	2.0	1.0
252	0.0	0.0	0.0	0.0	0.0	0.0	0.0
253	3.0	2.0	1.0	2.0	1.9990000000000006	10.001	2.0
254	3.0	0.0	2.0	0.0	3.0	6.0	2.0
255	2.0	0.0	1.0	0.0	2.0	4.0	1.0
256	3.0	1.0	2.0	1.0	4.0	8.0	3.0
257	5.0	0.0	5.0	0.0	4.468	7.532	4.0
258	1.0	0.0	1.0	0.0	0.3330000000000002	2.667	1.0
259	2.0	0.0	2.0	0.0	1.0	2.0	1.0
260	1.0	0.0	1.0	0.0	1.0	2.0	1.0
261	1.0	0.0	1.0	0.0	0.3330000000000002	2.667	1.0
262	2.0	0.0	2.0	0.0	0.6660000000000004	5.334	2.0
263	2.0	2.0	2.0	1.0	4.068	7.9319999999999995	3.0
264	1.0	0.0	1.0	0.0	1.0	2.0	1.0
265	2.0	0.0	0.0	0.0	1.0	2.0	0.0
266	3.0	0.0	3.0	0.0	3.0	6.0	3.0
267	2.0	0.0	1.0	0.0	0.6660000000000004	5.334	1.0
268	1.0	0.0	1.0	0.0	0.6680000000000001	2.332	1.0
269	4.0	0.0	3.0	0.0	4.0	8.0	3.0
270	2.0	0.0	1.0	0.0	2.0	4.0	1.0
271	3.0	0.0	3.0	0.0	1.6680000000000001	4.332	2.0
272	1.0	0.0	1.0	0.0	0.3330000000000002	2.667	1.0
273	2.0	0.0	1.0	0.0	2.0	4.0	1.0
274	2.0	0.0	1.0	0.0	0.6660000000000004	5.334	1.0
275	2.0	0.0	1.0	0.0	2.4	3.6	1.0
276	1.0	0.0	1.0	0.0	1.0	2.0	1.0
277	1.0	0.0	1.0	0.0	0.3330000000000002	2.667	1.0
278	1.0	0.0	1.0	0.0	0.3330000000000002	2.667	1.0
279	0.0	1.0	0.0	1.0	0.6680000000000001	2.332	1.0
280	2.0	0.0	2.0	0.0	2.0	4.0	2.0
281	4.0	0.0	2.0	0.0	4.0	8.0	2.0
282	3.0	0.0	1.0	0.0	3.068	5.932	1.0
283	1.0	0.0	0.0	0.0	0.3330000000000002	2.667	0.0
284	2.0	0.0	2.0	0.0	0.6680000000000001	2.332	1.0
285	2.0	0.0	1.0	0.0	2.0	4.0	1.0
286	3.0	0.0	2.0	0.0	3.0	6.0	2.0
287	2.0	0.0	1.0	0.0	0.6660000000000004	5.334	1.0
288	2.0	0.0	1.0	0.0	0.6660000000000004	5.334	1.0
289	1.0	0.0	1.0	0.0	0.3330000000000002	2.667	1.0
290	3.0	0.0	1.0	0.0	3.0	6.0	1.0
291	2.0	0.0	2.0	0.0	1.3360000000000003	4.664	2.0
292	1.0	0.0	1.0	0.0	1.0	2.0	1.0
293	2.0	0.0	2.0	0.0	2.0	4.0	2.0
294	0.0	0.0	0.0	0.0	0.0	0.0	0.0
295	1.0	0.0	0.0	0.0	0.6680000000000001	2.332	0.0
296	2.0	0.0	1.0	0.0	2.0	4.0	1.0
297	1.0	0.0	0.0	0.0	0.3330000000000002	2.667	0.0
298	1.0	0.0	1.0	0.0	0.3330000000000002	2.667	1.0
299	2.0	0.0	1.0	0.0	2.0	4.0	1.0
300	1.0	0.0	0.0	0.0	1.0	2.0	0.0
301	1.0	0.0	1.0	0.0	1.0	2.0	1.0
302	0.0	0.0	0.0	0.0	0.0	0.0	0.0
303	2.0	0.0	1.0	0.0	2.0	4.0	1.0
304	1.0	0.0	0.0	0.0	0.3330000000000002	2.667	0.0
305	3.0	0.0	2.0	0.0	3.0	6.0	2.0
306	1.0	0.0	1.0	0.0	1.0	2.0	1.0
307	3.0	0.0	2.0	0.0	3.0	6.0	2.0
308	2.0	0.0	1.0	0.0	0.6660000000000004	5.334	1.0
309	0.0	0.0	0.0	0.0	0.0	0.0	0.0
310	0.0	0.0	0.0	0.0	0.0	0.0	0.0
311	0.0	0.0	0.0	0.0	0.0	0.0	0.0
312	1.0	0.0	1.0	0.0	0.3330000000000002	2.667	1.0
313	3.0	0.0	2.0	0.0	3.0	6.0	2.0
314	1.0	0.0	1.0	0.0	0.3330000000000002	2.667	1.0
315	1.0	0.0	1.0	0.0	1.0	2.0	1.0
316	0.0	0.0	0.0	0.0	0.0	0.0	0.0
317	1.0	0.0	1.0	0.0	0.3330000000000002	2.667	1.0
318	3.0	0.0	3.0	0.0	3.0	6.0	3.0
319	3.0	1.0	2.0	1.0	2.3360000000000003	6.664	2.0
320	2.0	0.0	1.0	0.0	2.0	4.0	1.0
321	2.0	0.0	2.0	0.0	2.0	4.0	2.0
322	1.0	0.0	1.0	0.0	0.3330000000000002	2.667	1.0
323	2.0	0.0	1.0	0.0	1.3360000000000003	4.664	1.0
324	1.0	0.0	1.0	0.0	0.6680000000000001	2.332	1.0
325	2.0	0.0	2.0	0.0	2.0	4.0	2.0
326	1.0	0.0	1.0	0.0	0.3330000000000002	2.667	1.0
327	1.0	0.0	1.0	0.0	1.0	2.0	1.0
328	3.0	0.0	1.0	0.0	0.9990000000000006	8.001	1.0
329	3.0	0.0	1.0	0.0	3.0	6.0	1.0
330	2.0	0.0	0.0	0.0	2.0	4.0	0.0
331	1.0	0.0	1.0	0.0	0.6680000000000001	2.332	1.0
332	1.0	0.0	1.0	0.0	0.6680000000000001	2.332	1.0
333	2.0	0.0	2.0	0.0	0.6660000000000004	5.334	2.0
334	3.0	0.0	1.0	0.0	2.736	6.263999999999999	1.0
335	2.0	2.0	1.0	2.0	1.3340000000000005	7.6659999999999995	2.0
336	0.0	0.0	0.0	0.0	0.0	0.0	0.0
337	4.0	0.0	4.0	0.0	4.0	8.0	4.0
338	3.0	0.0	3.0	0.0	1.6680000000000001	4.332	2.0
339	1.0	1.0	1.0	1.0	2.0	4.0	2.0
340	1.0	0.0	1.0	0.0	0.3330000000000002	2.667	1.0
341	3.0	0.0	2.0	0.0	3.0	6.0	2.0
342	1.0	0.0	1.0	0.0	1.0	2.0	1.0
343	0.0	2.0	0.0	2.0	1.3360000000000003	4.664	2.0
344	0.0	0.0	0.0	0.0	0.0	0.0	0.0
345	0.0	0.0	0.0	0.0	0.0	0.0	0.0
346	3.0	0.0	2.0	0.0	2.0040000000000004	6.9959999999999996	2.0
347	2.0	0.0	2.0	0.0	0.6660000000000004	5.334	2.0
348	3.0	0.0	2.0	0.0	0.9990000000000006	8.001	2.0
349	1.0	0.0	1.0	0.0	0.3330000000000002	2.667	1.0
350	3.0	0.0	2.0	0.0	3.0	6.0	2.0
351	1.0	0.0	1.0	0.0	0.3330000000000002	2.667	1.0
352	3.0	0.0	2.0	0.0	3.068	5.932	2.0
353	4.0	0.0	3.0	0.0	4.0	8.0	3.0
354	0.0	0.0	0.0	0.0	0.0	0.0	0.0
355	2.0	0.0	1.0	0.0	0.6660000000000004	5.334	1.0
356	1.0	0.0	1.0	0.0	0.3330000000000002	2.667	1.0
357	3.0	0.0	1.0	0.0	0.9990000000000006	8.001	1.0
358	3.0	0.0	3.0	0.0	2.668	6.332	3.0
359	2.0	0.0	1.0	0.0	0.6660000000000004	5.334	1.0
360	2.0	0.0	1.0	0.0	2.0	4.0	1.0
361	1.0	0.0	1.0	0.0	0.6680000000000001	2.332	1.0
362	1.0	0.0	1.0	0.0	0.3330000000000002	2.667	1.0
363	2.0	0.0	1.0	0.0	0.6660000000000004	5.334	1.0
364	2.0	0.0	1.0	0.0	0.6660000000000004	5.334	1.0
365	0.0	0.0	0.0	0.0	0.0	0.0	0.0
366	1.0	0.0	1.0	0.0	0.6680000000000001	2.332	1.0
367	2.0	0.0	1.0	0.0	2.0	4.0	1.0
368	1.0	0.0	1.0	0.0	0.3330000000000002	2.667	1.0
369	3.0	0.0	3.0	0.0	3.0	6.0	3.0
370	1.0	0.0	1.0	0.0	0.3330000000000002	2.667	1.0
371	0.0	0.0	0.0	0.0	0.0	0.0	0.0
372	1.0	0.0	1.0	0.0	0.3330000000000002	2.667	1.0
373	1.0	0.0	0.0	0.0	0.3330000000000002	2.667	0.0
374	2.0	0.0	2.0	0.0	2.0	4.0	2.0
375	0.0	0.0	0.0	0.0	0.0	0.0	0.0
376	1.0	0.0	1.0	0.0	0.3330000000000002	2.667	1.0
377	3.0	0.0	2.0	0.0	0.9990000000000006	8.001	2.0
378	0.0	3.0	0.0	2.0	1.3340000000000005	7.6659999999999995	2.0
