pos	Sd	Nd	Sd_tip	Nd_tip	S	N	comparisons
001	0.0	0.0	0.0	0.0	0.0	0.0	0.0
002	0.0	0.0	0.0	0.0	0.0	0.0	0.0
003	1.0	0.0	1.0	0.0	1.0	2.0	1.0
004	0.0	0.0	0.0	0.0	0.0	0.0	0.0
005	0.0	0.0	0.0	0.0	0.0	0.0	0.0
006	0.0	0.0	0.0	0.0	0.0	0.0	0.0
007	1.0	0.0	1.0	0.0	1.0	2.0	1.0
008	1.0	0.0	1.0	0.0	1.0	2.0	1.0
009	0.0	0.0	0.0	0.0	0.0	0.0	0.0
010	0.0	0.0	0.0	0.0	0.0	0.0	0.0
011	0.0	0.0	0.0	0.0	0.0	0.0	0.0
012	1.0	0.0	1.0	0.0	1.0	2.0	1.0
013	1.0	0.0	1.0	0.0	1.0	2.0	1.0
014	0.0	0.0	0.0	0.0	0.0	0.0	0.0
015	1.0	0.0	1.0	0.0	1.0	2.0	1.0
016	1.0	0.0	1.0	0.0	1.0	2.0	1.0
017	1.0	0.0	1.0	0.0	0.3330000000000002	2.667	1.0
018	1.0	0.0	1.0	0.0	0.3330000000000002	2.667	1.0
019	0.0	0.0	0.0	0.0	0.0	0.0	0.0
020	0.0	0.0	0.0	0.0	0.0	0.0	0.0
021	0.0	0.0	0.0	0.0	0.0	0.0	0.0
022	1.0	0.0	1.0	0.0	1.0	2.0	1.0
023	1.0	0.0	1.0	0.0	0.3330000000000002	2.667	1.0
024	1.0	0.0	1.0	0.0	1.0	2.0	1.0
025	1.0	0.0	1.0	0.0	0.6680000000000001	2.332	1.0
026	0.0	0.0	0.0	0.0	0.0	0.0	0.0
027	1.0	0.0	1.0	0.0	1.4	1.6	1.0
028	0.0	0.0	0.0	0.0	0.0	0.0	0.0
029	0.0	0.0	0.0	0.0	0.0	0.0	0.0
030	2.0	0.0	2.0	0.0	0.6680000000000001	2.332	1.0
031	0.0	0.0	0.0	0.0	0.0	0.0	0.0
032	0.0	0.0	0.0	0.0	0.0	0.0	0.0
033	0.0	0.0	0.0	0.0	0.0	0.0	0.0
034	0.0	0.0	0.0	0.0	0.0	0.0	0.0
035	0.0	0.0	0.0	0.0	0.0	0.0	0.0
036	1.0	0.0	1.0	0.0	1.0	2.0	1.0
037	1.0	0.0	1.0	0.0	0.3330000000000002	2.667	1.0
038	0.0	0.0	0.0	0.0	0.0	0.0	0.0
039	1.0	0.0	1.0	0.0	0.3330000000000002	2.667	1.0
040	0.0	0.0	0.0	0.0	0.0	0.0	0.0
041	2.0	0.0	2.0	0.0	1.6680000000000001	4.332	2.0
042	0.0	0.0	0.0	0.0	0.0	0.0	0.0
043	0.0	0.0	0.0	0.0	0.0	0.0	0.0
044	0.0	0.0	0.0	0.0	0.0	0.0	0.0
045	1.0	0.0	1.0	0.0	1.0	2.0	1.0
046	1.0	0.0	1.0	0.0	1.0	2.0	1.0
047	1.0	0.0	1.0	0.0	1.0	2.0	1.0
048	1.0	0.0	1.0	0.0	1.0	2.0	1.0
049	0.0	0.0	0.0	0.0	0.0	0.0	0.0
050	1.0	0.0	1.0	0.0	0.3330000000000002	2.667	1.0
051	1.0	0.0	1.0	0.0	1.0	2.0	1.0
052	1.0	0.0	1.0	0.0	0.6680000000000001	2.332	1.0
053	0.0	0.0	0.0	0.0	0.0	0.0	0.0
054	2.0	0.0	2.0	0.0	0.6680000000000001	2.332	1.0
055	0.0	0.0	0.0	0.0	0.0	0.0	0.0
056	0.0	0.0	0.0	0.0	0.0	0.0	0.0
057	1.0	0.0	1.0	0.0	1.0	2.0	1.0
058	0.0	0.0	0.0	0.0	0.0	0.0	0.0
059	0.0	0.0	0.0	0.0	0.0	0.0	0.0
060	0.0	0.0	0.0	0.0	0.0	0.0	0.0
061	0.0	0.0	0.0	0.0	0.0	0.0	0.0
062	1.0	0.0	1.0	0.0	1.4	1.6	1.0
063	0.0	0.0	0.0	0.0	0.0	0.0	0.0
064	0.0	0.0	0.0	0.0	0.0	0.0	0.0
065	0.0	0.0	0.0	0.0	0.0	0.0	0.0
066	0.0	0.0	0.0	0.0	0.0	0.0	0.0
067	0.0	0.0	0.0	0.0	0.0	0.0	0.0
068	0.0	0.0	0.0	0.0	0.0	0.0	0.0
069	0.0	0.0	0.0	0.0	0.0	0.0	0.0
070	1.0	0.0	1.0	0.0	1.0	2.0	1.0
071	1.0	0.0	1.0	0.0	1.0	2.0	1.0
072	0.0	0.0	0.0	0.0	0.0	0.0	0.0
073	0.0	0.0	0.0	0.0	0.0	0.0	0.0
074	1.0	0.0	1.0	0.0	0.3330000000000002	2.667	1.0
075	0.0	0.0	0.0	0.0	0.0	0.0	0.0
076	1.0	0.0	1.0	0.0	0.3330000000000002	2.667	1.0
077	1.0	0.0	1.0	0.0	1.0	2.0	1.0
078	0.0	0.0	0.0	0.0	0.0	0.0	0.0
079	1.0	0.0	1.0	0.0	0.3330000000000002	2.667	1.0
080	0.0	0.0	0.0	0.0	0.0	0.0	0.0
081	1.0	0.0	1.0	0.0	0.3330000000000002	2.667	1.0
082	0.0	0.0	0.0	0.0	0.0	0.0	0.0
083	0.0	0.0	0.0	0.0	0.0	0.0	0.0
084	0.0	0.0	0.0	0.0	0.0	0.0	0.0
085	1.0	0.0	1.0	0.0	1.0	2.0	1.0
086	1.0	0.0	1.0	0.0	0.3330000000000002	2.667	1.0
087	1.0	0.0	1.0	0.0	1.0	2.0	1.0
088	0.0	0.0	0.0	0.0	0.0	0.0	0.0
089	0.0	0.0	0.0	0.0	0.0	0.0	0.0
090	1.0	0.0	1.0	0.0	0.3330000000000002	2.667	1.0
091	1.0	0.0	1.0	0.0	1.0	2.0	1.0
092	0.0	1.0	0.0	1.0	0.3330000000000002	2.667	1.0
093	0.0	0.0	0.0	0.0	0.0	0.0	0.0
094	0.0	0.0	0.0	0.0	0.0	0.0	0.0
095	0.0	0.0	0.0	0.0	0.0	0.0	0.0
096	1.0	0.0	1.0	0.0	1.4	1.6	1.0
097	1.0	0.0	1.0	0.0	0.3330000000000002	2.667	1.0
098	1.0	0.0	1.0	0.0	1.0	2.0	1.0
099	0.0	0.0	0.0	0.0	0.0	0.0	0.0
100	0.0	0.0	0.0	0.0	0.0	0.0	0.0
101	0.0	0.0	0.0	0.0	0.0	0.0	0.0
102	0.0	0.0	0.0	0.0	0.0	0.0	0.0
103	1.0	0.0	1.0	0.0	1.0	2.0	1.0
104	1.0	0.0	1.0	0.0	0.3330000000000002	2.667	1.0
105	0.0	0.0	0.0	0.0	0.0	0.0	0.0
106	1.0	0.0	1.0	0.0	1.0	2.0	1.0
107	0.0	0.0	0.0	0.0	0.0	0.0	0.0
108	0.0	0.0	0.0	0.0	0.0	0.0	0.0
109	0.0	0.0	0.0	0.0	0.0	0.0	0.0
110	0.0	0.0	0.0	0.0	0.0	0.0	0.0
111	0.0	0.0	0.0	0.0	0.0	0.0	0.0
112	0.0	0.0	0.0	0.0	0.0	0.0	0.0
113	1.0	0.0	1.0	0.0	0.3330000000000002	2.667	1.0
114	1.0	0.0	1.0	0.0	1.0	2.0	1.0
115	1.0	0.0	1.0	0.0	0.3330000000000002	2.667	1.0
116	1.0	1.0	1.0	1.0	0.3330000000000002	2.667	1.0
117	0.0	0.0	0.0	0.0	0.0	0.0	0.0
118	1.0	1.0	1.0	1.0	2.0	4.0	2.0
119	1.0	0.0	1.0	0.0	0.3330000000000002	2.667	1.0
120	0.0	0.0	0.0	0.0	0.0	0.0	0.0
121	1.0	0.0	1.0	0.0	1.0	2.0	1.0
122	1.0	0.0	1.0	0.0	1.0	2.0	1.0
123	1.0	0.0	1.0	0.0	1.0	2.0	1.0
124	0.0	0.0	0.0	0.0	0.0	0.0	0.0
125	1.0	0.0	1.0	0.0	1.0	2.0	1.0
126	1.0	0.0	1.0	0.0	1.0	2.0	1.0
127	0.0	0.0	0.0	0.0	0.0	0.0	0.0
128	0.0	0.0	0.0	0.0	0.0	0.0	0.0
129	1.0	0.0	1.0	0.0	0.3330000000000002	2.667	1.0
130	0.0	0.0	0.0	0.0	0.0	0.0	0.0
131	1.0	0.0	1.0	0.0	1.0	2.0	1.0
132	1.0	1.0	1.0	1.0	1.4	1.6	1.0
