pos	Sd	Nd	Sd_tip	Nd_tip	S	N	comparisons
001	0.0	0.0	0.0	0.0	0.0	0.0	0.0
002	0.0	2.0	0.0	2.0	0.3330000000000002	2.667	1.0
003	5.0	4.0	2.0	2.0	4.9990000000000006	16.000999999999998	3.0
004	4.0	9.0	3.0	6.0	6.665000000000001	23.335	6.0
005	5.0	5.0	2.0	4.0	8.0	16.0	5.0
006	4.0	3.0	1.0	2.0	6.0	12.0	3.0
007	4.0	4.0	2.0	2.0	5.9990000000000006	18.000999999999998	4.0
008	3.0	0.0	3.0	0.0	3.8	5.2	3.0
009	0.0	3.0	0.0	1.0	0.6660000000000004	5.334	1.0
010	1.0	5.0	1.0	1.0	3.6660000000000004	14.334	2.0
011	1.0	2.0	1.0	0.0	2.333	6.667	1.0
012	2.0	4.0	1.0	1.0	3.3320000000000007	14.668	2.0
013	2.0	4.0	0.0	0.0	5.068	9.932	0.0
014	2.0	0.0	1.0	0.0	2.0	4.0	1.0
015	3.0	3.0	1.0	2.0	3.6660000000000004	11.334	3.0
016	3.0	0.0	0.0	0.0	3.0	6.0	0.0
017	1.0	2.0	0.0	1.0	1.6660000000000004	7.334	1.0
018	6.0	7.0	2.0	3.0	6.9990000000000006	23.000999999999998	4.0
019	4.0	2.0	2.0	0.0	4.666	13.334	2.0
020	1.0	6.0	0.0	4.0	5.001	12.998999999999999	3.0
021	4.0	2.0	3.0	0.0	4.0040000000000004	10.995999999999999	3.0
022	5.0	3.0	2.0	1.0	3.9990000000000006	14.001	3.0
023	1.0	4.0	1.0	3.0	3.0010000000000003	8.998999999999999	3.0
024	2.0	2.0	2.0	1.0	1.3320000000000007	10.668	3.0
025	5.0	4.0	4.0	2.0	5.333	12.667	5.0
026	4.0	6.0	1.0	1.0	6.001	17.999000000000002	2.0
027	2.0	8.0	1.0	3.0	4.6640000000000015	25.336	4.0
028	2.0	6.0	1.0	2.0	5.666	15.334	3.0
029	1.0	8.0	1.0	5.0	5.332000000000001	18.668	6.0
030	3.0	8.0	2.0	4.0	5.335000000000002	27.665	6.0
031	0.0	7.0	0.0	2.0	4.9990000000000006	16.000999999999998	2.0
032	7.0	8.0	5.0	3.0	11.337	27.663	7.0
033	4.0	9.0	3.0	5.0	6.665000000000001	23.334999999999997	6.0
034	4.0	10.0	2.0	4.0	9.999	26.000999999999998	6.0
035	5.0	8.0	4.0	7.0	7.332000000000001	22.668	8.0
036	3.0	11.0	2.0	6.0	5.331000000000001	24.669	6.0
037	1.0	5.0	1.0	4.0	3.3320000000000007	14.668	5.0
038	5.0	4.0	5.0	2.0	6.0	15.0	5.0
039	4.0	4.0	2.0	1.0	5.000000000000001	19.0	3.0
040	1.0	1.0	0.0	0.0	2.0	4.0	0.0
041	4.0	7.0	2.0	3.0	5.734	18.266	3.0
042	4.0	8.0	3.0	6.0	6.332000000000001	20.668	6.0
043	1.0	0.0	0.0	0.0	1.0	2.0	0.0
044	1.0	0.0	0.0	0.0	1.0	2.0	0.0
045	2.0	4.0	1.0	1.0	3.333	8.667	1.0
046	4.0	10.0	2.0	4.0	8.665000000000001	27.335	5.0
047	1.0	0.0	1.0	0.0	1.0	2.0	1.0
048	3.0	6.0	1.0	2.0	4.332000000000001	16.668	3.0
049	5.0	10.0	3.0	4.0	8.002	21.997999999999998	5.0
050	4.0	12.0	0.0	7.0	9.065000000000001	26.935	5.0
051	5.0	6.0	1.0	3.0	9.066	20.933999999999997	4.0
052	3.0	6.0	2.0	3.0	2.998000000000001	18.002	3.0
053	3.0	4.0	3.0	2.0	2.3320000000000007	12.668	3.0
054	3.0	6.0	2.0	3.0	5.9990000000000006	18.000999999999998	4.0
055	5.0	7.0	2.0	4.0	5.735000000000001	18.265	4.0
056	5.0	7.0	4.0	3.0	9.333	20.667	5.0
057	5.0	6.0	1.0	3.0	9.001000000000001	20.999	4.0
058	5.0	6.0	0.0	3.0	7.9990000000000006	22.000999999999998	3.0
059	4.0	7.0	3.0	2.0	3.6640000000000015	23.336	4.0
060	4.0	4.0	3.0	0.0	6.666	17.334	3.0
061	5.0	6.0	3.0	2.0	7.9990000000000006	22.000999999999998	5.0
062	5.0	2.0	3.0	1.0	5.3340000000000005	15.666	4.0
063	3.0	5.0	1.0	0.0	4.332000000000001	16.668	1.0
064	6.0	0.0	4.0	0.0	6.0	12.0	4.0
065	6.0	0.0	5.0	0.0	6.0	12.0	5.0
066	4.0	6.0	0.0	6.0	4.064000000000002	22.936	5.0
067	0.0	1.0	0.0	0.0	0.3330000000000002	2.667	0.0
068	2.0	1.0	2.0	1.0	0.9990000000000006	8.001	3.0
069	9.0	1.0	6.0	1.0	10.201	19.798999999999996	7.0
070	3.0	10.0	1.0	6.0	8.465	24.535	5.0
071	5.0	0.0	3.0	0.0	5.0	10.0	3.0
072	5.0	0.0	1.0	0.0	4.868	7.132	1.0
073	6.0	0.0	3.0	0.0	5.668	12.332	3.0
074	5.0	0.0	2.0	0.0	5.0	10.0	2.0
075	5.0	2.0	3.0	0.0	6.0	12.0	3.0
076	7.0	3.0	2.0	0.0	4.9990000000000006	16.000999999999998	2.0
077	5.0	1.0	3.0	0.0	4.666	13.334	3.0
078	2.0	5.0	1.0	2.0	4.333	10.667	2.0
079	3.0	2.0	1.0	1.0	4.668	10.332	2.0
080	5.0	10.0	4.0	6.0	6.665000000000001	23.335	6.0
081	0.0	2.0	0.0	0.0	0.3330000000000002	5.667	0.0
082	3.0	7.0	1.0	2.0	6.466	14.534	2.0
083	5.0	3.0	3.0	0.0	5.74	18.26	3.0
084	1.0	1.0	1.0	0.0	0.6660000000000004	5.334	1.0
085	1.0	2.0	1.0	1.0	2.333	6.667	2.0
086	4.0	0.0	1.0	0.0	2.6720000000000006	9.328	1.0
087	4.0	1.0	3.0	0.0	5.0	10.0	3.0
088	6.0	1.0	5.0	1.0	2.6660000000000013	18.334	6.0
089	5.0	1.0	5.0	0.0	6.0	12.0	5.0
090	2.0	0.0	1.0	0.0	0.6660000000000004	5.334	1.0
091	3.0	1.0	1.0	0.0	3.0	9.0	1.0
092	3.0	2.0	1.0	2.0	1.9990000000000006	10.001	2.0
093	0.0	0.0	0.0	0.0	0.0	0.0	0.0
094	8.0	0.0	5.0	0.0	7.668	16.332	5.0
095	2.0	0.0	1.0	0.0	0.6660000000000004	5.334	1.0
096	6.0	1.0	3.0	0.0	7.0	14.0	3.0
097	2.0	0.0	1.0	0.0	0.6660000000000004	5.334	1.0
098	6.0	0.0	3.0	0.0	1.998000000000001	16.002	3.0
099	6.0	0.0	4.0	0.0	6.0	12.0	4.0
100	7.0	1.0	3.0	0.0	8.0	16.0	3.0
101	3.0	3.0	2.0	0.0	6.0	12.0	2.0
102	7.0	2.0	4.0	0.0	8.336	18.664	4.0
103	0.0	0.0	0.0	0.0	0.0	0.0	0.0
104	0.0	0.0	0.0	0.0	0.0	0.0	0.0
105	5.0	3.0	3.0	2.0	5.4	15.6	4.0
106	1.0	3.0	1.0	1.0	1.6670000000000007	10.332999999999998	2.0
107	0.0	2.0	0.0	0.0	1.0	2.0	0.0
108	0.0	0.0	0.0	0.0	0.0	0.0	0.0
109	2.0	0.0	2.0	0.0	0.6660000000000004	5.334	2.0
110	0.0	1.0	0.0	0.0	1.0	2.0	0.0
111	1.0	6.0	1.0	2.0	2.9990000000000006	15.001	2.0
112	6.0	3.0	3.0	0.0	5.665000000000001	21.334999999999997	3.0
113	4.0	0.0	3.0	0.0	4.0	8.0	3.0
114	6.0	1.0	4.0	0.0	5.8	12.2	4.0
115	5.0	0.0	3.0	0.0	5.0	10.0	3.0
116	7.0	7.0	1.0	4.0	9.666	23.334	4.0
117	3.0	2.0	2.0	2.0	2.333	6.667	2.0
118	3.0	0.0	1.0	0.0	3.0	6.0	1.0
119	3.0	2.0	0.0	0.0	4.001	10.998999999999999	0.0
120	6.0	0.0	3.0	0.0	6.0	12.0	3.0
121	4.0	0.0	3.0	0.0	4.0	8.0	3.0
122	6.0	2.0	3.0	0.0	7.0	14.0	3.0
123	5.0	4.0	4.0	0.0	9.0	18.0	4.0
124	0.0	3.0	0.0	0.0	1.3330000000000002	4.667	0.0
125	0.0	2.0	0.0	0.0	1.3330000000000002	4.667	0.0
126	0.0	0.0	0.0	0.0	0.0	0.0	0.0
127	5.0	8.0	1.0	3.0	9.332	26.668	4.0
128	7.0	6.0	3.0	2.0	9.334	23.666	4.0
129	1.0	8.0	0.0	4.0	2.6660000000000013	18.334	3.0
130	5.0	6.0	2.0	1.0	4.667000000000001	16.333	2.0
131	2.0	6.0	0.0	2.0	4.001	10.999	1.0
132	6.0	3.0	6.0	1.0	8.0	16.0	6.0
133	6.0	0.0	3.0	0.0	6.0	12.0	3.0
134	6.0	0.0	4.0	0.0	6.0	12.0	4.0
135	11.0	0.0	6.0	0.0	12.004	20.996	6.0
136	6.0	2.0	1.0	2.0	6.333	14.667	2.0
137	2.0	1.0	1.0	0.0	3.8	5.2	1.0
138	4.0	0.0	4.0	0.0	4.0	8.0	4.0
139	3.0	1.0	2.0	1.0	1.6660000000000004	7.334	2.0
140	5.0	4.0	1.0	1.0	5.3340000000000005	15.665999999999999	1.0
141	7.0	1.0	4.0	1.0	8.0	16.0	5.0
142	8.0	1.0	4.0	1.0	9.0	18.0	5.0
143	3.0	2.0	1.0	0.0	3.333	8.667	1.0
144	5.0	1.0	2.0	0.0	6.0	12.0	2.0
145	4.0	4.0	1.0	2.0	7.404000000000001	16.596	3.0
146	7.0	2.0	5.0	1.0	7.333	16.667	6.0
147	6.0	2.0	4.0	0.0	6.468	11.532	4.0
148	1.0	1.0	0.0	0.0	2.0	4.0	0.0
149	1.0	0.0	1.0	0.0	0.3330000000000002	2.667	1.0
150	5.0	7.0	1.0	1.0	6.333	17.667	2.0
151	1.0	0.0	1.0	0.0	0.3330000000000002	2.667	1.0
152	0.0	2.0	0.0	2.0	0.3330000000000002	2.667	1.0
153	3.0	3.0	1.0	0.0	2.6660000000000004	9.334	1.0
154	3.0	0.0	2.0	0.0	0.9990000000000006	8.001	2.0
155	5.0	3.0	4.0	0.0	7.468	13.532	4.0
156	2.0	3.0	2.0	0.0	4.668	10.332	2.0
157	7.0	0.0	5.0	0.0	7.0	14.0	5.0
158	8.0	0.0	8.0	0.0	9.068	11.932	7.0
159	2.0	1.0	2.0	0.0	1.6660000000000004	7.334	2.0
160	4.0	0.0	1.0	0.0	4.0	8.0	1.0
161	4.0	2.0	2.0	0.0	6.0	12.0	2.0
162	0.0	2.0	0.0	0.0	0.3330000000000002	2.667	0.0
163	7.0	3.0	3.0	1.0	7.736000000000001	16.264	3.0
164	5.0	0.0	4.0	0.0	5.0	10.0	4.0
165	3.0	0.0	1.0	0.0	0.9990000000000006	8.001	1.0
166	5.0	3.0	3.0	1.0	5.333	12.667	3.0
167	1.0	2.0	1.0	0.0	0.6660000000000004	5.334	1.0
168	2.0	2.0	0.0	0.0	1.3330000000000002	4.667	0.0
169	4.0	0.0	3.0	0.0	4.0	8.0	3.0
170	5.0	0.0	4.0	0.0	5.0	10.0	4.0
171	0.0	1.0	0.0	1.0	0.3330000000000002	2.667	1.0
172	4.0	6.0	2.0	2.0	6.801	17.198999999999998	4.0
173	3.0	2.0	1.0	0.0	3.0	6.0	1.0
174	5.0	0.0	2.0	0.0	3.3400000000000007	11.66	2.0
175	3.0	3.0	1.0	0.0	1.998000000000001	16.002	1.0
176	2.0	4.0	0.0	0.0	1.0010000000000003	7.999	0.0
177	2.0	1.0	1.0	0.0	3.0	6.0	1.0
178	6.0	0.0	2.0	0.0	4.008000000000001	13.991999999999999	2.0
179	3.0	3.0	2.0	1.0	5.0	10.0	3.0
180	2.0	4.0	0.0	3.0	5.0040000000000004	12.995999999999999	3.0
181	5.0	2.0	2.0	0.0	5.333	12.667	2.0
182	2.0	2.0	1.0	0.0	3.4	5.6	1.0
183	5.0	6.0	3.0	1.0	6.671000000000001	23.329	4.0
184	4.0	1.0	4.0	0.0	5.0	10.0	4.0
185	1.0	0.0	1.0	0.0	0.3330000000000002	2.667	1.0
186	7.0	5.0	4.0	2.0	8.738000000000001	24.262	5.0
187	4.0	2.0	3.0	1.0	4.737000000000001	13.262999999999998	4.0
188	2.0	1.0	2.0	0.0	3.468	5.532	2.0
189	2.0	5.0	2.0	2.0	3.6690000000000005	11.331	3.0
190	5.0	8.0	2.0	3.0	9.337	23.662999999999997	4.0
191	5.0	3.0	3.0	2.0	8.0	16.0	5.0
192	5.0	1.0	4.0	1.0	5.0	10.0	4.0
193	8.0	3.0	5.0	1.0	9.004000000000001	20.996000000000002	5.0
194	5.0	0.0	2.0	0.0	5.0	10.0	2.0
195	7.0	9.0	7.0	3.0	12.666	29.334	8.0
196	3.0	0.0	3.0	0.0	3.0	6.0	3.0
197	5.0	1.0	4.0	0.0	4.736000000000001	10.264	4.0
198	5.0	8.0	2.0	4.0	8.999	24.000999999999998	6.0
199	3.0	5.0	3.0	2.0	2.998000000000001	18.002	4.0
200	5.0	4.0	3.0	0.0	8.0	16.0	3.0
201	3.0	4.0	2.0	1.0	3.6660000000000004	11.334	3.0
202	3.0	2.0	1.0	0.0	2.6660000000000004	9.334	1.0
203	1.0	6.0	1.0	3.0	4.666	13.334	3.0
204	7.0	4.0	3.0	3.0	10.0	20.0	5.0
205	7.0	1.0	7.0	0.0	5.4670000000000005	15.533000000000001	6.0
206	6.0	4.0	4.0	1.0	10.0	20.0	5.0
207	2.0	3.0	1.0	2.0	3.333	8.667	2.0
208	3.0	2.0	2.0	1.0	4.133	10.866999999999999	3.0
209	2.0	3.0	2.0	1.0	4.401	10.599	3.0
210	0.0	5.0	0.0	3.0	5.0	10.0	3.0
211	8.0	0.0	3.0	0.0	8.0	16.0	3.0
212	3.0	1.0	1.0	0.0	3.4	8.6	1.0
213	2.0	3.0	2.0	0.0	3.6690000000000005	11.331	2.0
214	2.0	4.0	2.0	1.0	4.7330000000000005	10.267	2.0
215	3.0	2.0	2.0	0.0	4.736000000000001	10.264	2.0
216	5.0	1.0	3.0	0.0	5.333	12.667	3.0
217	2.0	4.0	2.0	0.0	1.9990000000000006	10.001	2.0
218	5.0	1.0	2.0	0.0	6.0	12.0	2.0
219	6.0	2.0	4.0	0.0	7.0	14.0	4.0
220	6.0	0.0	3.0	0.0	6.0	12.0	3.0
221	2.0	6.0	2.0	2.0	3.6660000000000004	14.334	3.0
222	1.0	0.0	1.0	0.0	0.3330000000000002	2.667	1.0
223	2.0	0.0	2.0	0.0	0.6660000000000004	5.334	2.0
224	6.0	1.0	3.0	0.0	7.0	14.0	3.0
225	3.0	0.0	3.0	0.0	0.9990000000000006	8.001	3.0
226	2.0	0.0	2.0	0.0	1.3360000000000003	4.664	2.0
227	4.0	9.0	1.0	6.0	6.000000000000001	21.0	4.0
228	6.0	0.0	3.0	0.0	6.0	12.0	3.0
229	7.0	1.0	6.0	0.0	4.736	13.264	4.0
230	7.0	1.0	3.0	0.0	7.472	16.528	3.0
231	5.0	2.0	4.0	1.0	5.668	12.332	4.0
232	2.0	0.0	2.0	0.0	0.6660000000000004	5.334	2.0
233	1.0	0.0	1.0	0.0	0.3330000000000002	2.667	1.0
234	2.0	3.0	2.0	0.0	3.0660000000000003	8.934	2.0
235	3.0	7.0	3.0	5.0	2.9990000000000006	15.001	4.0
236	4.0	6.0	3.0	3.0	4.3340000000000005	16.666	4.0
237	6.0	5.0	4.0	2.0	7.332000000000001	22.668	6.0
238	3.0	4.0	3.0	2.0	2.9990000000000006	12.001	3.0
239	4.0	4.0	3.0	2.0	4.0	11.0	3.0
240	3.0	1.0	3.0	1.0	3.0	6.0	3.0
241	6.0	6.0	2.0	4.0	5.666	18.334	4.0
242	4.0	9.0	2.0	2.0	7.665000000000001	25.335	3.0
243	4.0	0.0	3.0	0.0	4.0	8.0	3.0
244	3.0	4.0	2.0	2.0	3.9990000000000006	14.001	4.0
245	4.0	0.0	4.0	0.0	4.0	8.0	4.0
246	4.0	2.0	3.0	1.0	4.668	13.332	4.0
247	5.0	8.0	4.0	6.0	6.666	17.334	6.0
248	1.0	6.0	1.0	5.0	2.6660000000000004	9.334	3.0
249	6.0	9.0	5.0	6.0	8.665000000000001	27.335	9.0
250	4.0	0.0	3.0	0.0	4.0	8.0	3.0
251	1.0	0.0	1.0	0.0	0.3330000000000002	2.667	1.0
252	7.0	3.0	7.0	0.0	8.001000000000001	18.999	6.0
253	4.0	0.0	4.0	0.0	4.0	8.0	4.0
254	6.0	2.0	1.0	2.0	6.008000000000001	17.991999999999997	3.0
255	4.0	3.0	4.0	2.0	4.668	10.332	4.0
256	2.0	0.0	2.0	0.0	0.6660000000000004	5.334	2.0
257	4.0	0.0	3.0	0.0	4.0	8.0	3.0
258	3.0	4.0	1.0	3.0	5.333	12.667	3.0
259	2.0	4.0	1.0	1.0	4.668	13.332	2.0
260	3.0	1.0	2.0	1.0	2.668	6.332	2.0
261	1.0	2.0	1.0	1.0	1.3340000000000005	7.6659999999999995	2.0
262	6.0	6.0	4.0	2.0	9.666	23.334000000000003	5.0
263	7.0	2.0	3.0	2.0	6.668	14.332	4.0
264	3.0	2.0	1.0	1.0	4.668	10.332	2.0
265	3.0	3.0	3.0	2.0	1.9990000000000006	10.001	3.0
266	1.0	4.0	1.0	1.0	3.4010000000000002	11.599	2.0
267	1.0	1.0	0.0	0.0	1.0	2.0	0.0
268	3.0	1.0	3.0	0.0	1.3320000000000007	10.668	3.0
269	2.0	0.0	0.0	0.0	0.6660000000000004	5.334	0.0
270	2.0	2.0	1.0	0.0	3.068	8.931999999999999	1.0
271	1.0	5.0	1.0	2.0	1.9990000000000006	10.001	2.0
272	1.0	1.0	1.0	1.0	1.6680000000000001	4.332	2.0
273	1.0	0.0	1.0	0.0	0.3330000000000002	2.667	1.0
274	4.0	7.0	4.0	5.0	7.001	16.999	6.0
275	6.0	0.0	4.0	0.0	6.0	12.0	4.0
276	4.0	0.0	3.0	0.0	4.0	8.0	3.0
277	3.0	7.0	3.0	3.0	6.336	14.664000000000001	4.0
278	4.0	4.0	4.0	2.0	6.333	14.667	5.0
279	8.0	0.0	3.0	0.0	8.0	16.0	3.0
280	2.0	0.0	2.0	0.0	0.6660000000000004	5.334	2.0
281	2.0	4.0	2.0	3.0	5.336	12.664000000000001	5.0
282	2.0	1.0	1.0	1.0	2.333	6.667	2.0
283	0.0	0.0	0.0	0.0	0.0	0.0	0.0
284	4.0	0.0	3.0	0.0	4.0	8.0	3.0
285	3.0	1.0	2.0	0.0	1.3320000000000007	10.668	2.0
286	3.0	2.0	2.0	1.0	4.0	8.0	2.0
287	4.0	0.0	2.0	0.0	1.3320000000000007	10.668	2.0
288	2.0	0.0	1.0	0.0	0.6660000000000004	5.334	1.0
289	1.0	2.0	0.0	1.0	0.6660000000000004	5.334	1.0
290	1.0	2.0	0.0	0.0	1.3330000000000002	4.667	0.0
291	2.0	3.0	1.0	2.0	3.333	8.667	2.0
292	1.0	0.0	1.0	0.0	0.3330000000000002	2.667	1.0
293	0.0	0.0	0.0	0.0	0.0	0.0	0.0
294	5.0	0.0	2.0	0.0	5.4	9.6	2.0
295	6.0	3.0	4.0	0.0	6.333	14.667	4.0
296	1.0	3.0	1.0	2.0	0.6660000000000004	8.334	2.0
297	8.0	4.0	3.0	2.0	11.201	21.799	5.0
298	5.0	0.0	3.0	0.0	4.736000000000001	10.264	3.0
299	3.0	0.0	1.0	0.0	3.0	6.0	1.0
300	4.0	0.0	3.0	0.0	4.0	8.0	3.0
301	2.0	4.0	2.0	0.0	3.0020000000000007	11.998	2.0
302	2.0	2.0	0.0	0.0	1.0	8.0	0.0
303	1.0	1.0	0.0	0.0	2.4	3.6	0.0
304	4.0	4.0	3.0	0.0	4.667000000000001	16.333	3.0
305	5.0	5.0	4.0	3.0	6.0710000000000015	20.929	6.0
306	3.0	0.0	3.0	0.0	0.9990000000000006	8.001	3.0
307	4.0	0.0	2.0	0.0	4.0	8.0	2.0
308	6.0	5.0	3.0	4.0	10.137	22.863	7.0
309	4.0	1.0	4.0	1.0	4.668	10.332	5.0
310	2.0	1.0	0.0	0.0	2.0	4.0	0.0
311	3.0	11.0	1.0	5.0	6.332000000000001	26.668	6.0
312	2.0	8.0	0.0	2.0	4.333	13.667	2.0
313	2.0	3.0	1.0	0.0	2.3320000000000007	12.668	1.0
314	2.0	1.0	0.0	0.0	1.0	2.0	0.0
315	2.0	6.0	2.0	2.0	2.998000000000001	18.002	4.0
316	3.0	8.0	3.0	3.0	6.002000000000002	26.997999999999998	6.0
317	2.0	0.0	2.0	0.0	0.6660000000000004	5.334	2.0
318	4.0	3.0	3.0	0.0	5.333	12.667	3.0
319	5.0	6.0	4.0	2.0	4.665000000000001	19.335	4.0
320	8.0	5.0	5.0	1.0	10.001000000000001	22.999000000000002	4.0
321	7.0	0.0	2.0	0.0	7.0	14.0	2.0
322	4.0	0.0	3.0	0.0	4.0	8.0	3.0
323	7.0	2.0	3.0	0.0	9.0	18.0	3.0
324	4.0	0.0	3.0	0.0	4.0	8.0	3.0
325	5.0	0.0	4.0	0.0	5.0	10.0	4.0
326	6.0	0.0	3.0	0.0	6.0	12.0	3.0
327	2.0	2.0	0.0	0.0	4.468	7.532	0.0
328	6.0	3.0	4.0	2.0	6.666	17.334	5.0
329	2.0	2.0	0.0	0.0	3.333	8.667	0.0
330	6.0	2.0	4.0	0.0	5.666	15.334	4.0
331	4.0	7.0	4.0	1.0	8.805000000000001	21.195	5.0
332	10.0	6.0	7.0	2.0	10.335	28.665	8.0
333	4.0	2.0	3.0	0.0	5.4	12.6	3.0
334	4.0	5.0	3.0	2.0	7.002000000000001	19.997999999999998	5.0
335	3.0	9.0	2.0	3.0	5.000000000000001	19.0	3.0
336	2.0	2.0	1.0	1.0	1.3320000000000007	10.668	2.0
337	4.0	1.0	2.0	0.0	5.0	10.0	2.0
338	3.0	9.0	2.0	1.0	6.667000000000001	20.333	3.0
339	4.0	4.0	4.0	1.0	3.6670000000000007	14.333	3.0
340	7.0	2.0	5.0	0.0	5.666	15.334	5.0
341	4.0	5.0	3.0	1.0	7.001	16.999	4.0
342	2.0	4.0	1.0	1.0	3.0	9.0	2.0
343	3.0	3.0	2.0	1.0	2.333	6.667	2.0
344	1.0	1.0	1.0	1.0	1.4	1.6	1.0
345	0.0	0.0	0.0	0.0	0.0	0.0	0.0
346	2.0	5.0	1.0	1.0	4.666	13.334	2.0
347	3.0	2.0	2.0	1.0	4.333	10.667	3.0
348	3.0	2.0	2.0	1.0	3.0010000000000003	8.998999999999999	2.0
349	3.0	2.0	1.0	0.0	4.0	8.0	1.0
350	0.0	4.0	0.0	1.0	2.0010000000000003	9.998999999999999	1.0
351	4.0	8.0	3.0	3.0	7.3340000000000005	19.666	4.0
352	2.0	5.0	1.0	1.0	4.666	13.334	2.0
353	0.0	0.0	0.0	0.0	0.0	0.0	0.0
354	2.0	9.0	1.0	4.0	5.666000000000001	24.334000000000003	4.0
355	2.0	9.0	0.0	4.0	4.665000000000001	19.335	2.0
356	2.0	6.0	1.0	3.0	4.666	13.334	3.0
357	5.0	9.0	3.0	4.0	10.401	25.599	5.0
358	2.0	2.0	1.0	0.0	0.9990000000000006	8.001	1.0
359	0.0	2.0	0.0	2.0	0.3330000000000002	2.667	1.0
360	1.0	3.0	1.0	2.0	1.3320000000000007	10.668	3.0
361	6.0	12.0	3.0	6.0	7.665000000000001	28.335	6.0
362	5.0	2.0	4.0	0.0	6.336	14.664	4.0
363	2.0	1.0	2.0	1.0	1.0	2.0	1.0
364	5.0	0.0	3.0	0.0	5.0	10.0	3.0
365	5.0	6.0	2.0	2.0	7.0	14.0	3.0
366	5.0	9.0	4.0	3.0	6.333000000000001	23.667	4.0
367	3.0	5.0	3.0	2.0	5.3340000000000005	15.666	4.0
368	2.0	6.0	1.0	3.0	6.666	17.334	4.0
369	3.0	6.0	2.0	5.0	4.332000000000001	16.668	5.0
370	6.0	0.0	4.0	0.0	6.0	12.0	4.0
371	6.0	6.0	3.0	1.0	7.332000000000001	22.668	4.0
372	7.0	3.0	5.0	3.0	6.335000000000001	20.665	7.0
373	7.0	0.0	4.0	0.0	7.0	14.0	4.0
374	3.0	9.0	1.0	6.0	7.332000000000001	22.668	6.0
375	0.0	0.0	0.0	0.0	0.0	0.0	0.0
376	0.0	2.0	0.0	1.0	0.6680000000000001	5.332	1.0
377	7.0	0.0	4.0	0.0	7.0	14.0	4.0
378	2.0	2.0	1.0	1.0	1.3320000000000007	10.668	2.0
379	3.0	0.0	3.0	0.0	0.9990000000000006	8.001	3.0
380	4.0	0.0	2.0	0.0	1.3320000000000007	10.668	2.0
381	3.0	0.0	2.0	0.0	3.0	6.0	2.0
382	0.0	0.0	0.0	0.0	0.0	0.0	0.0
383	5.0	0.0	4.0	0.0	5.0	10.0	4.0
384	2.0	0.0	2.0	0.0	0.6660000000000004	5.334	2.0
385	2.0	0.0	0.0	0.0	0.6660000000000004	5.334	0.0
386	7.0	3.0	3.0	0.0	6.801	14.199	3.0
387	8.0	1.0	5.0	1.0	5.001	12.998999999999999	3.0
388	3.0	0.0	2.0	0.0	3.0	6.0	2.0
389	5.0	0.0	3.0	0.0	5.0	10.0	3.0
390	5.0	2.0	3.0	0.0	5.799	15.201	3.0
391	2.0	4.0	1.0	1.0	3.333	14.667	2.0
392	3.0	0.0	2.0	0.0	3.0	6.0	2.0
393	1.0	2.0	1.0	2.0	1.3330000000000002	4.667	2.0
394	5.0	7.0	4.0	4.0	5.666	15.334	5.0
395	4.0	2.0	3.0	2.0	5.0	10.0	4.0
396	2.0	1.0	2.0	1.0	0.6660000000000004	5.334	2.0
397	4.0	4.0	3.0	2.0	6.0	12.0	3.0
398	1.0	4.0	1.0	2.0	0.9990000000000006	8.001	2.0
399	3.0	4.0	0.0	2.0	3.4010000000000002	8.599	1.0
400	6.0	2.0	3.0	2.0	6.333	14.667	4.0
401	3.0	5.0	2.0	3.0	5.672000000000001	15.328	4.0
402	0.0	2.0	0.0	1.0	0.6660000000000004	5.334	1.0
403	1.0	4.0	1.0	2.0	1.3330000000000002	4.667	1.0
404	4.0	2.0	2.0	2.0	5.4	9.6	3.0
405	6.0	3.0	2.0	2.0	6.333	14.667	3.0
406	1.0	2.0	1.0	2.0	0.6660000000000004	5.334	2.0
407	3.0	4.0	1.0	2.0	3.333	8.667	1.0
408	6.0	1.0	2.0	1.0	2.998000000000001	18.002	3.0
409	4.0	3.0	3.0	2.0	4.736	13.264	4.0
410	0.0	3.0	0.0	0.0	3.0	6.0	0.0
411	1.0	2.0	1.0	2.0	1.3330000000000002	4.667	2.0
412	2.0	0.0	2.0	0.0	0.6660000000000004	5.334	2.0
413	1.0	0.0	0.0	0.0	1.4	1.6	0.0
414	1.0	2.0	1.0	0.0	2.668	6.332	1.0
415	3.0	3.0	1.0	0.0	5.333	12.667	1.0
416	4.0	0.0	3.0	0.0	1.3320000000000007	10.668	3.0
417	5.0	0.0	3.0	0.0	5.0	10.0	3.0
418	6.0	1.0	3.0	0.0	7.0	14.0	3.0
419	3.0	3.0	2.0	2.0	5.0	10.0	3.0
420	0.0	0.0	0.0	0.0	0.0	0.0	0.0
421	6.0	9.0	3.0	4.0	9.333000000000002	29.666999999999998	5.0
422	3.0	0.0	3.0	0.0	1.6680000000000001	4.332	2.0
423	2.0	6.0	1.0	4.0	3.665000000000001	17.335	4.0
424	4.0	0.0	3.0	0.0	4.0	8.0	3.0
425	3.0	3.0	2.0	0.0	4.336	10.664	2.0
426	1.0	0.0	1.0	0.0	1.0	2.0	1.0
427	1.0	0.0	1.0	0.0	0.3330000000000002	2.667	1.0
428	2.0	0.0	2.0	0.0	0.6660000000000004	5.334	2.0
429	3.0	1.0	2.0	0.0	3.668	8.332	2.0
430	2.0	1.0	2.0	0.0	3.468	5.532	2.0
431	5.0	3.0	4.0	0.0	7.333	16.667	4.0
432	1.0	0.0	1.0	0.0	0.3330000000000002	2.667	1.0
433	4.0	0.0	3.0	0.0	5.6	6.4	3.0
434	1.0	1.0	1.0	0.0	0.6660000000000004	5.334	1.0
435	6.0	0.0	3.0	0.0	6.0	12.0	3.0
436	5.0	2.0	2.0	0.0	5.4670000000000005	15.533	2.0
437	5.0	2.0	2.0	0.0	7.0	14.0	2.0
438	3.0	1.0	1.0	0.0	2.3360000000000003	6.664	1.0
439	5.0	2.0	4.0	0.0	6.736000000000001	14.264	4.0
440	1.0	1.0	1.0	0.0	1.6680000000000001	4.332	1.0
441	1.0	3.0	1.0	0.0	2.0660000000000003	9.934	1.0
442	4.0	1.0	4.0	1.0	3.6720000000000006	11.328	5.0
443	4.0	0.0	3.0	0.0	4.0	8.0	3.0
444	1.0	2.0	0.0	1.0	2.668	6.332	1.0
445	3.0	4.0	2.0	0.0	3.733	11.267	2.0
446	1.0	0.0	1.0	0.0	0.3330000000000002	2.667	1.0
447	4.0	4.0	1.0	0.0	4.799	13.201	1.0
448	4.0	9.0	3.0	7.0	10.401	22.598999999999997	8.0
449	2.0	5.0	1.0	3.0	7.136	13.864	4.0
450	0.0	0.0	0.0	0.0	0.0	0.0	0.0
451	4.0	0.0	3.0	0.0	4.0	8.0	3.0
452	3.0	4.0	2.0	2.0	4.668	10.332	2.0
453	2.0	3.0	1.0	0.0	5.068	9.931999999999999	1.0
454	1.0	4.0	1.0	1.0	2.6660000000000004	9.334	2.0
455	4.0	2.0	2.0	1.0	2.0	4.0	1.0
456	4.0	6.0	3.0	3.0	6.8	17.2	5.0
457	5.0	3.0	4.0	1.0	4.666	13.334	3.0
458	3.0	2.0	3.0	0.0	5.133	9.867	3.0
459	2.0	6.0	2.0	3.0	5.333	12.667	4.0
460	0.0	0.0	0.0	0.0	0.0	0.0	0.0
461	4.0	0.0	3.0	0.0	4.0	8.0	3.0
462	2.0	0.0	0.0	0.0	2.0	4.0	0.0
463	2.0	1.0	1.0	1.0	2.3360000000000003	6.664	2.0
464	3.0	1.0	1.0	0.0	1.3330000000000002	4.667	1.0
465	4.0	1.0	1.0	0.0	2.333	6.667	1.0
466	1.0	1.0	1.0	0.0	0.6680000000000001	5.332	1.0
467	2.0	3.0	1.0	1.0	5.0	10.0	2.0
468	5.0	4.0	3.0	1.0	6.666	17.334	4.0
469	4.0	0.0	1.0	0.0	4.0	8.0	1.0
470	0.0	0.0	0.0	0.0	0.0	0.0	0.0
471	3.0	4.0	2.0	2.0	5.001	12.998999999999999	3.0
472	2.0	5.0	1.0	2.0	3.000000000000001	15.0	3.0
473	5.0	1.0	2.0	0.0	6.0	12.0	2.0
474	2.0	4.0	1.0	2.0	6.0	12.0	3.0
475	3.0	3.0	2.0	1.0	4.4	7.6	2.0
476	2.0	3.0	1.0	1.0	5.0	10.0	2.0
477	0.0	0.0	0.0	0.0	0.0	0.0	0.0
478	4.0	4.0	1.0	3.0	5.668	15.332	4.0
479	3.0	4.0	1.0	0.0	5.0	10.0	1.0
480	5.0	0.0	4.0	0.0	5.0	10.0	4.0
481	2.0	5.0	2.0	2.0	3.6660000000000004	11.334	2.0
482	4.0	3.0	2.0	3.0	6.0040000000000004	14.995999999999999	5.0
483	1.0	3.0	1.0	1.0	2.668	9.332	2.0
484	1.0	0.0	1.0	0.0	0.3330000000000002	2.667	1.0
485	0.0	2.0	0.0	1.0	0.6660000000000004	5.334	1.0
486	1.0	3.0	1.0	0.0	1.9990000000000006	10.001	1.0
487	2.0	0.0	2.0	0.0	1.3360000000000003	4.664	2.0
488	1.0	0.0	1.0	0.0	0.3330000000000002	2.667	1.0
489	1.0	7.0	1.0	6.0	4.732000000000001	16.268	6.0
490	6.0	5.0	3.0	2.0	2.9990000000000006	15.001	3.0
491	5.0	1.0	2.0	0.0	6.0	12.0	2.0
492	5.0	3.0	1.0	2.0	8.0	16.0	3.0
493	1.0	0.0	0.0	0.0	0.3330000000000002	2.667	0.0
494	5.0	3.0	3.0	3.0	6.333	14.667	5.0
495	1.0	14.0	1.0	7.0	5.997000000000002	33.003	7.0
496	3.0	11.0	2.0	5.0	6.332000000000002	29.668	6.0
497	3.0	0.0	3.0	0.0	3.0	6.0	3.0
498	2.0	5.0	1.0	2.0	3.9990000000000006	14.001	3.0
499	1.0	2.0	1.0	0.0	2.333	6.667	1.0
500	3.0	7.0	2.0	6.0	6.666	17.334	6.0
501	6.0	8.0	5.0	5.0	7.671000000000001	25.329	9.0
502	2.0	2.0	1.0	0.0	3.0	6.0	1.0
503	2.0	6.0	2.0	3.0	3.6670000000000007	14.332999999999998	3.0
504	0.0	0.0	0.0	0.0	0.0	0.0	0.0
505	1.0	1.0	0.0	1.0	2.0	4.0	1.0
506	3.0	7.0	3.0	3.0	3.998000000000001	20.002	5.0
507	4.0	2.0	3.0	0.0	3.333	8.667	3.0
508	2.0	5.0	2.0	2.0	1.9990000000000006	10.001	2.0
509	4.0	3.0	2.0	1.0	5.333	12.667	2.0
510	6.0	8.0	3.0	6.0	9.333	20.667	6.0
511	4.0	2.0	4.0	0.0	6.0	12.0	4.0
512	1.0	9.0	1.0	6.0	4.331000000000001	22.668999999999997	6.0
513	0.0	1.0	0.0	0.0	0.0	3.0	0.0
514	7.0	6.0	4.0	3.0	10.466000000000001	22.534	6.0
515	5.0	0.0	2.0	0.0	5.0	10.0	2.0
516	0.0	0.0	0.0	0.0	0.0	0.0	0.0
517	5.0	2.0	2.0	0.0	5.668	12.332	2.0
518	0.0	0.0	0.0	0.0	0.0	0.0	0.0
519	4.0	2.0	2.0	0.0	3.6660000000000004	11.334	2.0
520	4.0	3.0	2.0	0.0	6.4	11.6	2.0
521	5.0	3.0	2.0	0.0	5.666	15.334	2.0
522	1.0	0.0	1.0	0.0	0.3330000000000002	2.667	1.0
523	3.0	3.0	2.0	2.0	4.668	10.332	3.0
524	5.0	2.0	2.0	1.0	5.734	15.266	3.0
525	2.0	2.0	2.0	0.0	3.0040000000000004	8.995999999999999	2.0
526	4.0	1.0	2.0	0.0	4.0	8.0	2.0
527	6.0	2.0	3.0	2.0	6.737	17.262999999999998	5.0
528	5.0	3.0	3.0	0.0	6.333	14.667	3.0
529	0.0	0.0	0.0	0.0	0.0	0.0	0.0
530	2.0	1.0	2.0	1.0	2.3360000000000003	6.664	3.0
531	4.0	1.0	2.0	1.0	2.3320000000000007	12.668	3.0
532	6.0	1.0	3.0	0.0	7.0	14.0	3.0
533	2.0	3.0	2.0	0.0	3.6660000000000004	11.334	2.0
534	0.0	1.0	0.0	0.0	1.0	2.0	0.0
535	4.0	1.0	3.0	1.0	5.0	10.0	4.0
536	3.0	4.0	3.0	0.0	4.666	16.334	3.0
537	7.0	2.0	6.0	0.0	6.869	14.131	5.0
538	0.0	0.0	0.0	0.0	0.0	0.0	0.0
539	4.0	0.0	3.0	0.0	1.3320000000000007	10.668	3.0
540	5.0	0.0	3.0	0.0	5.0	10.0	3.0
541	1.0	0.0	1.0	0.0	0.3330000000000002	2.667	1.0
542	2.0	3.0	2.0	1.0	5.0	10.0	3.0
543	1.0	0.0	1.0	0.0	0.3330000000000002	2.667	1.0
544	2.0	0.0	0.0	0.0	2.0	4.0	0.0
545	4.0	0.0	2.0	0.0	4.0	8.0	2.0
546	6.0	4.0	3.0	1.0	3.333000000000001	17.666999999999998	3.0
547	1.0	0.0	1.0	0.0	0.3330000000000002	2.667	1.0
548	0.0	0.0	0.0	0.0	0.0	0.0	0.0
549	4.0	1.0	1.0	0.0	3.0010000000000003	8.998999999999999	1.0
550	5.0	2.0	3.0	0.0	6.0	12.0	3.0
551	4.0	1.0	2.0	0.0	5.199999999999999	9.8	2.0
552	3.0	0.0	2.0	0.0	3.0	6.0	2.0
553	4.0	3.0	3.0	0.0	3.6660000000000004	11.334	3.0
554	5.0	2.0	5.0	0.0	7.0	14.0	5.0
555	6.0	0.0	4.0	0.0	6.0	12.0	4.0
556	3.0	5.0	3.0	0.0	3.665000000000001	17.335	3.0
557	8.0	2.0	4.0	1.0	6.468	14.532	3.0
558	0.0	5.0	0.0	3.0	2.333	6.667	2.0
559	2.0	1.0	1.0	0.0	2.0	4.0	1.0
560	5.0	5.0	4.0	0.0	5.9990000000000006	18.000999999999998	4.0
561	2.0	0.0	2.0	0.0	2.0	4.0	2.0
562	2.0	3.0	2.0	1.0	3.3340000000000005	11.666	3.0
563	5.0	0.0	3.0	0.0	5.0	10.0	3.0
564	4.0	3.0	3.0	1.0	4.666	13.334	3.0
565	4.0	0.0	2.0	0.0	4.0	8.0	2.0
566	5.0	3.0	3.0	0.0	6.340000000000001	17.66	3.0
567	4.0	2.0	2.0	1.0	6.0	12.0	3.0
568	0.0	0.0	0.0	0.0	0.0	0.0	0.0
569	5.0	0.0	3.0	0.0	5.0	10.0	3.0
570	2.0	4.0	0.0	2.0	0.9990000000000006	11.001	1.0
571	5.0	2.0	3.0	0.0	6.0	12.0	3.0
572	6.0	2.0	4.0	0.0	7.0	14.0	4.0
573	5.0	1.0	4.0	1.0	4.0040000000000004	10.995999999999999	4.0
574	6.0	3.0	5.0	0.0	7.666	19.334	5.0
575	4.0	5.0	2.0	2.0	7.666	19.334	4.0
576	5.0	0.0	2.0	0.0	1.665000000000001	13.334999999999999	2.0
577	5.0	0.0	2.0	0.0	5.0	10.0	2.0
578	5.0	4.0	2.0	2.0	6.867000000000001	17.133	3.0
579	7.0	0.0	4.0	0.0	6.868	11.132	4.0
580	6.0	0.0	2.0	0.0	6.0	12.0	2.0
581	0.0	0.0	0.0	0.0	0.0	0.0	0.0
582	2.0	2.0	1.0	0.0	2.733	6.2669999999999995	1.0
583	2.0	0.0	1.0	0.0	0.6660000000000004	5.334	1.0
584	4.0	4.0	3.0	1.0	7.0	14.0	3.0
585	4.0	7.0	3.0	3.0	7.335000000000001	22.665	6.0
586	7.0	1.0	3.0	0.0	6.0040000000000004	14.995999999999999	3.0
587	3.0	2.0	2.0	1.0	4.0	8.0	2.0
588	4.0	5.0	3.0	4.0	4.333	10.667	4.0
589	5.0	2.0	3.0	0.0	4.74	13.26	2.0
590	2.0	4.0	2.0	2.0	3.333	8.667	3.0
591	6.0	5.0	5.0	2.0	6.333000000000001	23.666999999999998	6.0
592	5.0	6.0	3.0	3.0	10.136000000000001	19.864	6.0
593	6.0	1.0	4.0	0.0	6.0	12.0	4.0
594	5.0	0.0	3.0	0.0	5.0	10.0	3.0
595	3.0	9.0	1.0	5.0	10.336	25.664	6.0
596	5.0	4.0	4.0	1.0	7.336	16.664	4.0
597	2.0	0.0	2.0	0.0	0.6660000000000004	5.334	2.0
598	0.0	0.0	0.0	0.0	0.0	0.0	0.0
599	4.0	5.0	3.0	2.0	5.337000000000001	15.663	4.0
600	1.0	6.0	0.0	0.0	2.6660000000000004	12.334	0.0
601	1.0	0.0	1.0	0.0	0.3330000000000002	2.667	1.0
602	6.0	2.0	3.0	1.0	4.3340000000000005	13.666	3.0
603	3.0	5.0	0.0	2.0	3.998000000000001	20.002	2.0
604	9.0	0.0	6.0	0.0	8.936	15.064	6.0
605	2.0	0.0	2.0	0.0	0.6660000000000004	5.334	2.0
606	3.0	14.0	1.0	9.0	7.332000000000002	31.668	7.0
607	2.0	2.0	2.0	2.0	1.3320000000000007	10.668	4.0
608	4.0	0.0	2.0	0.0	1.3320000000000007	10.668	2.0
609	4.0	0.0	1.0	0.0	1.3320000000000007	10.668	1.0
610	4.0	5.0	3.0	4.0	5.332000000000001	18.668	6.0
611	3.0	2.0	2.0	0.0	4.4	10.6	2.0
612	3.0	0.0	1.0	0.0	0.9990000000000006	8.001	1.0
613	2.0	7.0	1.0	4.0	4.3340000000000005	16.666	3.0
614	4.0	0.0	3.0	0.0	3.0040000000000004	8.995999999999999	3.0
615	3.0	2.0	2.0	0.0	3.6660000000000004	11.334	2.0
616	1.0	1.0	1.0	0.0	0.6660000000000004	5.334	1.0
617	7.0	2.0	5.0	0.0	6.9990000000000006	20.000999999999998	5.0
618	7.0	6.0	3.0	3.0	10.0	29.0	6.0
619	3.0	3.0	1.0	0.0	3.3340000000000005	11.666	1.0
620	4.0	5.0	1.0	1.0	5.001	12.998999999999999	2.0
621	2.0	5.0	1.0	1.0	5.333	12.667	2.0
622	5.0	8.0	1.0	2.0	8.332	24.668	3.0
623	4.0	8.0	1.0	2.0	8.334	21.666	3.0
624	2.0	3.0	0.0	0.0	2.333	6.667	0.0
625	3.0	5.0	1.0	3.0	5.333	12.667	3.0
626	2.0	6.0	2.0	3.0	3.3320000000000007	14.668	3.0
627	4.0	1.0	3.0	0.0	4.0	8.0	3.0
628	4.0	8.0	3.0	6.0	7.666	19.334	6.0
629	5.0	14.0	4.0	9.0	10.668000000000001	31.332	8.0
630	5.0	12.0	5.0	7.0	6.731000000000002	26.269	7.0
631	4.0	7.0	3.0	5.0	4.665000000000001	19.335	6.0
632	2.0	10.0	0.0	4.0	6.333000000000001	23.667	4.0
633	2.0	3.0	0.0	1.0	3.333	8.667	1.0
634	6.0	9.0	3.0	5.0	7.331000000000001	34.669	8.0
635	7.0	12.0	5.0	8.0	8.332	24.668	6.0
636	1.0	12.0	1.0	7.0	5.999000000000001	27.000999999999998	6.0
637	9.0	10.0	5.0	7.0	13.001000000000001	31.999000000000002	9.0
638	4.0	14.0	1.0	5.0	10.998000000000001	34.002	5.0
639	3.0	8.0	2.0	2.0	6.3340000000000005	17.665999999999997	3.0
640	3.0	7.0	0.0	2.0	5.332000000000001	18.668	2.0
641	3.0	4.0	1.0	3.0	2.3340000000000005	9.666	2.0
642	1.0	0.0	1.0	0.0	0.3330000000000002	2.667	1.0
643	4.0	4.0	1.0	1.0	5.333	12.667	1.0
644	1.0	1.0	1.0	0.0	0.6660000000000004	5.334	1.0
645	0.0	0.0	0.0	0.0	0.0	0.0	0.0
