pos	Sd	Nd	Sd_tip	Nd_tip	S	N	comparisons
001	0.0	0.0	0.0	0.0	0.0	0.0	0.0
002	0.0	0.0	0.0	0.0	0.0	0.0	0.0
003	0.0	0.0	0.0	0.0	0.0	0.0	0.0
004	0.0	0.0	0.0	0.0	0.0	0.0	0.0
005	0.0	0.0	0.0	0.0	0.0	0.0	0.0
006	0.0	0.0	0.0	0.0	0.0	0.0	0.0
007	0.0	0.0	0.0	0.0	0.0	0.0	0.0
008	0.0	0.0	0.0	0.0	0.0	0.0	0.0
009	0.0	0.0	0.0	0.0	0.0	0.0	0.0
010	0.0	0.0	0.0	0.0	0.0	0.0	0.0
011	0.0	0.0	0.0	0.0	0.0	0.0	0.0
012	0.0	0.0	0.0	0.0	0.0	0.0	0.0
013	0.0	0.0	0.0	0.0	0.0	0.0	0.0
014	0.0	0.0	0.0	0.0	0.0	0.0	0.0
015	0.0	0.0	0.0	0.0	0.0	0.0	0.0
016	0.0	0.0	0.0	0.0	0.0	0.0	0.0
017	0.0	0.0	0.0	0.0	0.0	0.0	0.0
018	0.0	0.0	0.0	0.0	0.0	0.0	0.0
019	0.0	0.0	0.0	0.0	0.0	0.0	0.0
020	0.0	0.0	0.0	0.0	0.0	0.0	0.0
021	0.0	0.0	0.0	0.0	0.0	0.0	0.0
022	0.0	0.0	0.0	0.0	0.0	0.0	0.0
023	0.0	0.0	0.0	0.0	0.0	0.0	0.0
024	0.0	0.0	0.0	0.0	0.0	0.0	0.0
025	0.0	0.0	0.0	0.0	0.0	0.0	0.0
026	0.0	0.0	0.0	0.0	0.0	0.0	0.0
027	0.0	0.0	0.0	0.0	0.0	0.0	0.0
028	0.0	0.0	0.0	0.0	0.0	0.0	0.0
029	0.0	0.0	0.0	0.0	0.0	0.0	0.0
030	0.0	0.0	0.0	0.0	0.0	0.0	0.0
031	0.0	0.0	0.0	0.0	0.0	0.0	0.0
032	0.0	0.0	0.0	0.0	0.0	0.0	0.0
033	0.0	0.0	0.0	0.0	0.0	0.0	0.0
034	0.0	0.0	0.0	0.0	0.0	0.0	0.0
035	0.0	0.0	0.0	0.0	0.0	0.0	0.0
036	0.0	0.0	0.0	0.0	0.0	0.0	0.0
037	0.0	0.0	0.0	0.0	0.0	0.0	0.0
038	0.0	0.0	0.0	0.0	0.0	0.0	0.0
039	2.0	0.0	1.0	0.0	2.0	4.0	1.0
040	2.0	2.0	1.0	1.0	2.0010000000000003	6.999	1.0
041	2.0	1.0	1.0	0.0	2.0	4.0	1.0
042	0.0	0.0	0.0	0.0	0.0	0.0	0.0
043	1.0	2.0	0.0	1.0	0.9990000000000006	8.001	1.0
044	2.0	1.0	0.0	0.0	1.0	2.0	0.0
045	1.0	2.0	0.0	0.0	1.0	2.0	0.0
046	2.0	2.0	1.0	0.0	2.333	6.667	1.0
047	0.0	1.0	0.0	0.0	0.3330000000000002	2.667	0.0
048	2.0	0.0	1.0	0.0	2.0	4.0	1.0
049	1.0	1.0	1.0	0.0	0.6660000000000004	5.334	1.0
050	0.0	3.0	0.0	1.0	0.6660000000000004	5.334	1.0
051	0.0	2.0	0.0	0.0	0.0	3.0	0.0
052	1.0	0.0	0.0	0.0	1.0	2.0	0.0
053	1.0	0.0	0.0	0.0	0.3330000000000002	2.667	0.0
054	1.0	1.0	0.0	0.0	1.0	2.0	0.0
055	1.0	0.0	0.0	0.0	1.0	2.0	0.0
056	0.0	2.0	0.0	1.0	0.6660000000000004	5.334	1.0
057	1.0	0.0	0.0	0.0	0.3330000000000002	2.667	0.0
058	0.0	1.0	0.0	0.0	0.3330000000000002	2.667	0.0
059	0.0	0.0	0.0	0.0	0.0	0.0	0.0
060	1.0	1.0	0.0	0.0	1.0	2.0	0.0
061	1.0	1.0	0.0	0.0	1.0	2.0	0.0
062	1.0	1.0	1.0	0.0	0.6660000000000004	5.334	1.0
063	0.0	1.0	0.0	0.0	0.0	3.0	0.0
064	0.0	0.0	0.0	0.0	0.0	0.0	0.0
065	1.0	0.0	1.0	0.0	1.0	2.0	1.0
066	0.0	0.0	0.0	0.0	0.0	0.0	0.0
067	0.0	0.0	0.0	0.0	0.0	0.0	0.0
068	1.0	0.0	0.0	0.0	0.3330000000000002	2.667	0.0
069	2.0	0.0	1.0	0.0	0.6660000000000004	5.334	1.0
070	1.0	0.0	0.0	0.0	1.0	2.0	0.0
071	1.0	0.0	1.0	0.0	0.3330000000000002	2.667	1.0
072	3.0	0.0	1.0	0.0	2.668	6.332	1.0
073	1.0	0.0	0.0	0.0	1.0	2.0	0.0
074	1.0	0.0	0.0	0.0	0.3330000000000002	2.667	0.0
075	0.0	0.0	0.0	0.0	0.0	0.0	0.0
076	0.0	0.0	0.0	0.0	0.0	0.0	0.0
077	2.0	0.0	1.0	0.0	2.0	4.0	1.0
078	0.0	0.0	0.0	0.0	0.0	0.0	0.0
079	1.0	0.0	0.0	0.0	1.0	2.0	0.0
080	2.0	0.0	1.0	0.0	0.6660000000000004	5.334	1.0
081	2.0	0.0	1.0	0.0	0.6660000000000004	5.334	1.0
082	1.0	1.0	0.0	0.0	1.0	2.0	0.0
083	1.0	0.0	0.0	0.0	0.6680000000000001	2.332	0.0
084	1.0	1.0	0.0	0.0	1.0	2.0	0.0
085	0.0	0.0	0.0	0.0	0.0	0.0	0.0
086	1.0	0.0	0.0	0.0	1.0	2.0	0.0
087	1.0	1.0	0.0	0.0	1.0	2.0	0.0
088	0.0	0.0	0.0	0.0	0.0	0.0	0.0
089	0.0	0.0	0.0	0.0	0.0	0.0	0.0
090	0.0	1.0	0.0	0.0	0.3330000000000002	2.667	0.0
091	0.0	1.0	0.0	0.0	0.3330000000000002	2.667	0.0
092	0.0	0.0	0.0	0.0	0.0	0.0	0.0
093	1.0	1.0	1.0	0.0	0.6660000000000004	5.334	1.0
094	0.0	0.0	0.0	0.0	0.0	0.0	0.0
095	2.0	1.0	1.0	0.0	3.0	6.0	1.0
096	0.0	4.0	0.0	1.0	1.6660000000000004	7.334	1.0
097	1.0	1.0	0.0	0.0	0.3330000000000002	2.667	0.0
098	1.0	0.0	0.0	0.0	0.3330000000000002	2.667	0.0
099	2.0	0.0	1.0	0.0	2.0	4.0	1.0
100	1.0	1.0	1.0	0.0	2.0	4.0	1.0
101	0.0	0.0	0.0	0.0	0.0	0.0	0.0
102	1.0	2.0	0.0	1.0	2.0	4.0	1.0
103	1.0	2.0	0.0	2.0	3.0	6.0	2.0
104	1.0	3.0	0.0	0.0	0.6660000000000004	5.334	0.0
105	1.0	3.0	1.0	0.0	1.3340000000000005	7.6659999999999995	1.0
106	0.0	2.0	0.0	1.0	0.6660000000000004	5.334	1.0
107	2.0	5.0	1.0	2.0	2.6660000000000013	18.334	3.0
108	1.0	1.0	0.0	0.0	0.3330000000000002	2.667	0.0
109	3.0	4.0	2.0	3.0	3.668	8.332	2.0
110	1.0	4.0	0.0	3.0	4.668	10.332	3.0
111	4.0	3.0	1.0	0.0	5.4	9.6	1.0
112	1.0	5.0	0.0	1.0	2.6660000000000004	9.334	1.0
113	2.0	2.0	1.0	0.0	3.0	6.0	1.0
114	2.0	3.0	0.0	1.0	4.0	8.0	1.0
115	2.0	2.0	0.0	2.0	4.0	8.0	2.0
116	0.0	0.0	0.0	0.0	0.0	0.0	0.0
117	0.0	0.0	0.0	0.0	0.0	0.0	0.0
118	0.0	0.0	0.0	0.0	0.0	0.0	0.0
119	1.0	2.0	0.0	0.0	2.333	6.667	0.0
120	1.0	0.0	0.0	0.0	0.3330000000000002	2.667	0.0
121	1.0	1.0	0.0	0.0	2.0	4.0	0.0
122	2.0	3.0	1.0	1.0	1.9990000000000006	10.001	2.0
123	2.0	2.0	0.0	0.0	2.0	7.0	0.0
124	2.0	4.0	1.0	2.0	3.6690000000000005	11.331	2.0
125	3.0	4.0	2.0	2.0	4.335000000000001	16.665	4.0
126	3.0	4.0	2.0	3.0	3.0010000000000003	8.998999999999999	3.0
127	2.0	2.0	1.0	1.0	2.333	6.667	1.0
128	2.0	5.0	2.0	3.0	3.3340000000000005	11.665999999999999	3.0
129	2.0	3.0	1.0	2.0	3.333	8.667	3.0
130	0.0	3.0	0.0	2.0	2.0010000000000003	6.999	2.0
131	3.0	3.0	2.0	2.0	5.0	10.0	3.0
132	1.0	5.0	1.0	3.0	2.6670000000000007	12.333	3.0
133	2.0	3.0	2.0	2.0	2.6660000000000004	9.334	3.0
134	3.0	1.0	3.0	1.0	1.3360000000000003	7.664	3.0
135	0.0	6.0	0.0	4.0	2.9990000000000006	12.001	3.0
136	1.0	1.0	1.0	1.0	0.6660000000000004	5.334	2.0
137	2.0	1.0	1.0	1.0	0.6660000000000004	5.334	1.0
138	2.0	1.0	2.0	1.0	1.6680000000000001	4.332	2.0
139	2.0	0.0	1.0	0.0	0.6660000000000004	5.334	1.0
140	2.0	0.0	1.0	0.0	2.0	4.0	1.0
141	3.0	0.0	1.0	0.0	3.0	6.0	1.0
142	2.0	0.0	2.0	0.0	0.6660000000000004	5.334	2.0
143	1.0	0.0	1.0	0.0	0.6680000000000001	2.332	1.0
144	2.0	0.0	1.0	0.0	2.0	4.0	1.0
145	2.0	0.0	1.0	0.0	0.6660000000000004	5.334	1.0
146	2.0	0.0	1.0	0.0	2.0	4.0	1.0
147	3.0	0.0	2.0	0.0	0.9990000000000006	8.001	2.0
148	3.0	0.0	2.0	0.0	3.0	6.0	2.0
149	3.0	0.0	3.0	0.0	3.0	6.0	3.0
150	4.0	0.0	2.0	0.0	4.136	7.863999999999999	2.0
151	3.0	0.0	2.0	0.0	3.4	5.6	2.0
152	1.0	0.0	1.0	0.0	1.0	2.0	1.0
153	1.0	0.0	1.0	0.0	1.0	2.0	1.0
154	2.0	0.0	1.0	0.0	2.4	3.6	1.0
155	1.0	1.0	1.0	0.0	2.0	4.0	1.0
156	5.0	1.0	2.0	1.0	6.0	12.0	3.0
157	3.0	1.0	3.0	0.0	2.3360000000000003	6.664	2.0
158	1.0	1.0	0.0	1.0	0.6680000000000001	5.332	1.0
159	1.0	0.0	1.0	0.0	1.0	2.0	1.0
160	1.0	4.0	1.0	4.0	1.3320000000000007	10.668	4.0
161	2.0	1.0	1.0	1.0	2.333	6.667	2.0
162	5.0	0.0	4.0	0.0	4.068	7.932	3.0
163	2.0	2.0	1.0	2.0	2.668	6.332	2.0
164	1.0	0.0	1.0	0.0	1.0	2.0	1.0
165	1.0	0.0	0.0	0.0	1.0	2.0	0.0
166	4.0	0.0	3.0	0.0	4.468	7.532	3.0
167	1.0	0.0	0.0	0.0	0.3330000000000002	2.667	0.0
168	3.0	0.0	2.0	0.0	2.0040000000000004	6.9959999999999996	2.0
169	3.0	0.0	1.0	0.0	3.0	6.0	1.0
170	2.0	1.0	0.0	1.0	3.0	6.0	1.0
171	2.0	2.0	1.0	2.0	1.3330000000000002	4.667	1.0
172	3.0	0.0	2.0	0.0	3.0	6.0	2.0
173	3.0	1.0	1.0	1.0	4.0	8.0	2.0
174	1.0	0.0	1.0	0.0	0.3330000000000002	2.667	1.0
175	1.0	1.0	0.0	1.0	0.6660000000000004	5.334	1.0
176	2.0	0.0	1.0	0.0	2.0	4.0	1.0
177	1.0	0.0	1.0	0.0	0.3330000000000002	2.667	1.0
178	1.0	0.0	1.0	0.0	0.3330000000000002	2.667	1.0
179	4.0	1.0	3.0	1.0	3.333	8.667	3.0
180	2.0	0.0	1.0	0.0	1.3360000000000003	4.664	1.0
181	2.0	1.0	2.0	0.0	2.3360000000000003	6.664	2.0
182	2.0	0.0	2.0	0.0	2.0	4.0	2.0
183	2.0	0.0	1.0	0.0	2.4	3.6	1.0
184	3.0	0.0	2.0	0.0	3.0	6.0	2.0
185	2.0	1.0	1.0	1.0	3.0	6.0	2.0
186	1.0	0.0	1.0	0.0	0.3330000000000002	2.667	1.0
187	2.0	0.0	2.0	0.0	0.6660000000000004	5.334	2.0
188	2.0	2.0	1.0	1.0	1.6660000000000004	7.334	1.0
189	1.0	3.0	1.0	2.0	1.6660000000000004	7.334	2.0
190	1.0	2.0	1.0	0.0	2.0	4.0	1.0
191	2.0	1.0	2.0	1.0	2.0	4.0	2.0
192	5.0	0.0	5.0	0.0	5.136	9.864	5.0
193	0.0	0.0	0.0	0.0	0.0	0.0	0.0
194	1.0	0.0	1.0	0.0	0.3330000000000002	2.667	1.0
195	2.0	0.0	1.0	0.0	0.6660000000000004	5.334	1.0
196	1.0	0.0	0.0	0.0	0.6680000000000001	2.332	0.0
197	1.0	2.0	1.0	1.0	3.0	6.0	2.0
198	2.0	0.0	2.0	0.0	0.6660000000000004	5.334	2.0
199	1.0	1.0	0.0	1.0	1.6680000000000001	4.332	1.0
200	4.0	0.0	2.0	0.0	2.3360000000000003	6.664	2.0
201	2.0	0.0	1.0	0.0	2.0	4.0	1.0
202	1.0	0.0	1.0	0.0	0.3330000000000002	2.667	1.0
203	1.0	1.0	1.0	1.0	1.3330000000000002	4.667	2.0
204	0.0	0.0	0.0	0.0	0.0	0.0	0.0
205	1.0	0.0	1.0	0.0	0.3330000000000002	2.667	1.0
206	2.0	0.0	1.0	0.0	0.6660000000000004	5.334	1.0
207	2.0	0.0	1.0	0.0	2.4	3.6	1.0
208	0.0	0.0	0.0	0.0	0.0	0.0	0.0
209	2.0	0.0	1.0	0.0	0.6660000000000004	5.334	1.0
210	0.0	0.0	0.0	0.0	0.0	0.0	0.0
211	0.0	1.0	0.0	1.0	0.6680000000000001	2.332	1.0
212	2.0	4.0	1.0	3.0	3.0010000000000003	8.998999999999999	3.0
213	1.0	0.0	1.0	0.0	0.3330000000000002	2.667	1.0
214	3.0	2.0	2.0	2.0	4.0	8.0	3.0
215	2.0	0.0	2.0	0.0	0.6660000000000004	5.334	2.0
216	4.0	0.0	2.0	0.0	3.668	8.332	2.0
217	2.0	0.0	1.0	0.0	2.0	4.0	1.0
218	2.0	0.0	1.0	0.0	0.6660000000000004	5.334	1.0
219	2.0	1.0	1.0	1.0	2.3360000000000003	6.664	2.0
220	0.0	0.0	0.0	0.0	0.0	0.0	0.0
221	2.0	0.0	2.0	0.0	1.3360000000000003	4.664	2.0
222	1.0	0.0	0.0	0.0	0.3330000000000002	2.667	0.0
223	2.0	0.0	1.0	0.0	0.6660000000000004	5.334	1.0
224	3.0	0.0	2.0	0.0	3.0	6.0	2.0
225	2.0	0.0	2.0	0.0	0.6660000000000004	5.334	2.0
226	2.0	0.0	1.0	0.0	2.0	4.0	1.0
227	2.0	0.0	1.0	0.0	0.6660000000000004	5.334	1.0
228	0.0	0.0	0.0	0.0	0.0	0.0	0.0
229	1.0	0.0	1.0	0.0	0.3330000000000002	2.667	1.0
230	2.0	1.0	1.0	1.0	3.0	6.0	2.0
231	1.0	0.0	1.0	0.0	1.0	2.0	1.0
232	1.0	0.0	1.0	0.0	0.3330000000000002	2.667	1.0
233	2.0	0.0	2.0	0.0	0.6660000000000004	5.334	2.0
234	1.0	0.0	1.0	0.0	0.3330000000000002	2.667	1.0
235	0.0	0.0	0.0	0.0	0.0	0.0	0.0
236	2.0	0.0	2.0	0.0	1.3360000000000003	4.664	2.0
237	2.0	0.0	2.0	0.0	1.3360000000000003	4.664	2.0
238	3.0	0.0	2.0	0.0	3.0	6.0	2.0
239	2.0	0.0	2.0	0.0	2.0	4.0	2.0
240	3.0	2.0	1.0	1.0	4.0	8.0	2.0
241	2.0	0.0	2.0	0.0	2.0	4.0	2.0
242	4.0	0.0	3.0	0.0	4.468	7.532	3.0
243	1.0	0.0	1.0	0.0	0.3330000000000002	2.667	1.0
244	3.0	0.0	2.0	0.0	3.0	6.0	2.0
245	2.0	0.0	1.0	0.0	0.6660000000000004	5.334	1.0
246	1.0	0.0	1.0	0.0	0.3330000000000002	2.667	1.0
247	4.0	0.0	2.0	0.0	4.0	8.0	2.0
248	0.0	1.0	0.0	1.0	0.3330000000000002	2.667	1.0
249	2.0	1.0	1.0	1.0	2.0	4.0	1.0
250	4.0	0.0	2.0	0.0	3.736	8.264	2.0
251	3.0	0.0	2.0	0.0	3.0	6.0	2.0
252	3.0	0.0	3.0	0.0	3.0	6.0	3.0
253	1.0	0.0	1.0	0.0	1.0	2.0	1.0
254	2.0	0.0	2.0	0.0	2.0	4.0	2.0
255	3.0	0.0	2.0	0.0	2.0040000000000004	6.9959999999999996	2.0
256	2.0	0.0	2.0	0.0	2.0	4.0	2.0
257	2.0	0.0	1.0	0.0	0.6660000000000004	5.334	1.0
258	1.0	0.0	1.0	0.0	1.0	2.0	1.0
259	1.0	0.0	1.0	0.0	0.6680000000000001	2.332	1.0
260	2.0	0.0	0.0	0.0	2.0	4.0	0.0
261	1.0	0.0	0.0	0.0	0.3330000000000002	2.667	0.0
262	2.0	0.0	2.0	0.0	2.0	4.0	2.0
263	1.0	0.0	1.0	0.0	0.3330000000000002	2.667	1.0
264	2.0	1.0	1.0	1.0	2.0	4.0	1.0
265	3.0	0.0	2.0	0.0	1.6680000000000001	4.332	1.0
266	1.0	0.0	1.0	0.0	0.3330000000000002	2.667	1.0
267	2.0	0.0	1.0	0.0	0.6660000000000004	5.334	1.0
268	0.0	0.0	0.0	0.0	0.0	0.0	0.0
269	0.0	0.0	0.0	0.0	0.0	0.0	0.0
270	3.0	1.0	3.0	1.0	3.0	6.0	3.0
271	1.0	1.0	0.0	0.0	0.3330000000000002	2.667	0.0
272	2.0	0.0	1.0	0.0	0.6660000000000004	5.334	1.0
273	1.0	1.0	1.0	1.0	1.0010000000000003	4.999	2.0
274	1.0	5.0	1.0	3.0	2.9990000000000006	12.001	3.0
275	2.0	0.0	1.0	0.0	2.0	4.0	1.0
276	2.0	0.0	1.0	0.0	0.6660000000000004	5.334	1.0
277	2.0	1.0	1.0	0.0	3.0	6.0	1.0
278	3.0	1.0	2.0	1.0	3.0	6.0	2.0
279	1.0	0.0	0.0	0.0	0.3330000000000002	2.667	0.0
280	2.0	2.0	1.0	2.0	1.0010000000000003	4.999	1.0
281	4.0	0.0	2.0	0.0	3.668	8.332	2.0
282	2.0	3.0	1.0	2.0	5.068	9.932	3.0
283	3.0	3.0	3.0	2.0	4.0	8.0	3.0
284	0.0	4.0	0.0	3.0	1.6660000000000004	7.334	2.0
285	0.0	3.0	0.0	2.0	0.9990000000000006	8.001	2.0
286	0.0	2.0	0.0	1.0	0.6660000000000004	5.334	1.0
287	1.0	1.0	0.0	0.0	0.3330000000000002	2.667	0.0
288	1.0	6.0	1.0	3.0	3.3320000000000007	14.668	3.0
289	2.0	1.0	1.0	1.0	3.0	6.0	2.0
290	2.0	0.0	2.0	0.0	0.6660000000000004	5.334	2.0
291	2.0	0.0	2.0	0.0	0.6660000000000004	5.334	2.0
292	1.0	0.0	1.0	0.0	0.3330000000000002	2.667	1.0
293	1.0	0.0	0.0	0.0	1.0	2.0	0.0
294	2.0	1.0	2.0	1.0	0.6660000000000004	5.334	2.0
295	2.0	0.0	1.0	0.0	2.0	4.0	1.0
296	0.0	0.0	0.0	0.0	0.0	0.0	0.0
297	2.0	4.0	1.0	1.0	5.001	12.998999999999999	2.0
298	3.0	0.0	2.0	0.0	3.0	6.0	2.0
299	1.0	0.0	1.0	0.0	0.3330000000000002	2.667	1.0
300	1.0	0.0	0.0	0.0	1.0	2.0	0.0
301	0.0	0.0	0.0	0.0	0.0	0.0	0.0
302	1.0	0.0	0.0	0.0	0.3330000000000002	2.667	0.0
303	2.0	1.0	2.0	0.0	2.333	6.667	2.0
304	1.0	1.0	1.0	1.0	0.6680000000000001	2.332	1.0
305	1.0	0.0	0.0	0.0	0.3330000000000002	2.667	0.0
306	2.0	0.0	1.0	0.0	2.0	4.0	1.0
307	3.0	3.0	2.0	2.0	4.333	10.667	3.0
308	1.0	0.0	1.0	0.0	1.0	2.0	1.0
309	2.0	0.0	2.0	0.0	0.6660000000000004	5.334	2.0
310	3.0	2.0	2.0	2.0	0.9990000000000006	8.001	2.0
311	2.0	0.0	1.0	0.0	2.0	4.0	1.0
312	1.0	1.0	1.0	1.0	0.6660000000000004	5.334	2.0
313	2.0	0.0	2.0	0.0	0.6660000000000004	5.334	2.0
314	2.0	2.0	1.0	1.0	1.3320000000000007	10.668	2.0
315	1.0	0.0	1.0	0.0	1.0	2.0	1.0
316	2.0	0.0	2.0	0.0	2.0	4.0	2.0
317	1.0	1.0	1.0	1.0	2.068	3.932	2.0
318	0.0	0.0	0.0	0.0	0.0	0.0	0.0
319	1.0	0.0	1.0	0.0	1.0	2.0	1.0
320	1.0	0.0	0.0	0.0	0.6680000000000001	2.332	0.0
321	1.0	4.0	1.0	2.0	3.4010000000000002	11.599	3.0
322	1.0	0.0	1.0	0.0	0.3330000000000002	2.667	1.0
323	0.0	0.0	0.0	0.0	0.0	0.0	0.0
324	2.0	0.0	2.0	0.0	2.0	4.0	2.0
325	2.0	2.0	0.0	2.0	4.0	8.0	2.0
326	0.0	0.0	0.0	0.0	0.0	0.0	0.0
327	0.0	0.0	0.0	0.0	0.0	0.0	0.0
