all_syn	all_nonSyn	tip_syn	tip_nonSyn	S	N	comparisons
001	0.0	0.0	0.0	0.0	0.0	0.0	0.0
002	0.0	0.0	0.0	0.0	0.0	0.0	0.0
003	0.0	0.0	0.0	0.0	0.0	0.0	0.0
004	0.0	0.0	0.0	0.0	0.0	0.0	0.0
005	0.0	0.0	0.0	0.0	0.0	0.0	0.0
006	0.0	0.0	0.0	0.0	0.0	0.0	0.0
007	0.0	0.0	0.0	0.0	0.0	0.0	0.0
008	0.0	0.0	0.0	0.0	0.0	0.0	0.0
009	0.0	0.0	0.0	0.0	0.0	0.0	0.0
010	0.0	0.0	0.0	0.0	0.0	0.0	0.0
011	0.0	0.0	0.0	0.0	0.0	0.0	0.0
012	0.0	0.0	0.0	0.0	0.0	0.0	0.0
013	0.0	0.0	0.0	0.0	0.0	0.0	0.0
014	0.0	0.0	0.0	0.0	0.0	0.0	0.0
015	0.0	0.0	0.0	0.0	0.0	0.0	0.0
016	0.0	0.0	0.0	0.0	0.0	0.0	0.0
017	0.0	0.0	0.0	0.0	0.0	0.0	0.0
018	0.0	0.0	0.0	0.0	0.0	0.0	0.0
019	0.0	0.0	0.0	0.0	0.0	0.0	0.0
020	0.0	0.0	0.0	0.0	0.0	0.0	0.0
021	0.0	1.0	0.0	0.0	1.0	2.0	0.0
022	0.0	0.0	0.0	0.0	0.0	0.0	0.0
023	0.0	0.0	0.0	0.0	0.0	0.0	0.0
024	0.0	0.0	0.0	0.0	0.0	0.0	0.0
025	1.0	2.0	0.0	0.0	0.0	3.0	0.0
026	1.0	1.0	0.0	1.0	2.0	4.0	1.0
027	1.0	1.0	0.0	0.0	0.3330000000000002	2.667	0.0
028	0.0	0.0	0.0	0.0	0.0	0.0	0.0
029	0.0	1.0	0.0	0.0	0.3330000000000002	2.667	0.0
030	2.0	1.0	0.0	1.0	1.0010000000000003	4.999	1.0
031	0.0	1.0	0.0	0.0	1.0	2.0	0.0
032	0.0	0.0	0.0	0.0	0.0	0.0	0.0
033	0.0	0.0	0.0	0.0	0.0	0.0	0.0
034	0.0	0.0	0.0	0.0	0.0	0.0	0.0
035	0.0	0.0	0.0	0.0	0.0	0.0	0.0
036	0.0	0.0	0.0	0.0	0.0	0.0	0.0
037	0.0	0.0	0.0	0.0	0.0	0.0	0.0
038	1.0	0.0	1.0	0.0	0.6680000000000001	2.332	1.0
039	0.0	0.0	0.0	0.0	0.0	0.0	0.0
040	1.0	0.0	0.0	0.0	0.6680000000000001	2.332	0.0
041	0.0	0.0	0.0	0.0	0.0	0.0	0.0
042	0.0	0.0	0.0	0.0	0.0	0.0	0.0
043	1.0	0.0	0.0	0.0	0.3330000000000002	2.667	0.0
044	0.0	0.0	0.0	0.0	0.0	0.0	0.0
045	1.0	0.0	1.0	0.0	1.0	2.0	1.0
046	1.0	0.0	0.0	0.0	1.0	2.0	0.0
047	0.0	0.0	0.0	0.0	0.0	0.0	0.0
048	0.0	0.0	0.0	0.0	0.0	0.0	0.0
049	1.0	0.0	0.0	0.0	1.0	2.0	0.0
050	0.0	1.0	0.0	0.0	0.3330000000000002	2.667	0.0
051	2.0	0.0	0.0	0.0	1.6680000000000001	4.332	0.0
052	1.0	0.0	0.0	0.0	1.0	2.0	0.0
053	1.0	0.0	0.0	0.0	1.0	2.0	0.0
054	0.0	0.0	0.0	0.0	0.0	0.0	0.0
055	2.0	0.0	0.0	0.0	2.0	4.0	0.0
056	0.0	1.0	0.0	0.0	0.3330000000000002	2.667	0.0
057	2.0	0.0	1.0	0.0	2.068	3.932	1.0
058	0.0	0.0	0.0	0.0	0.0	0.0	0.0
059	1.0	0.0	1.0	0.0	0.3330000000000002	2.667	1.0
060	1.0	0.0	0.0	0.0	0.3330000000000002	2.667	0.0
061	0.0	0.0	0.0	0.0	0.0	0.0	0.0
062	0.0	0.0	0.0	0.0	0.0	0.0	0.0
063	0.0	0.0	0.0	0.0	0.0	0.0	0.0
064	2.0	0.0	0.0	0.0	2.4	3.6	0.0
065	1.0	0.0	0.0	0.0	0.6680000000000001	2.332	0.0
066	1.0	0.0	0.0	0.0	1.0	2.0	0.0
067	0.0	0.0	0.0	0.0	0.0	0.0	0.0
068	1.0	0.0	1.0	0.0	0.3330000000000002	2.667	1.0
069	0.0	0.0	0.0	0.0	0.0	0.0	0.0
070	0.0	0.0	0.0	0.0	0.0	0.0	0.0
071	1.0	0.0	0.0	0.0	1.0	2.0	0.0
072	0.0	0.0	0.0	0.0	0.0	0.0	0.0
073	1.0	0.0	0.0	0.0	0.3330000000000002	2.667	0.0
074	1.0	0.0	0.0	0.0	1.0	2.0	0.0
075	1.0	0.0	0.0	0.0	1.0	2.0	0.0
076	1.0	0.0	0.0	0.0	1.0	2.0	0.0
077	0.0	0.0	0.0	0.0	0.0	0.0	0.0
078	1.0	0.0	0.0	0.0	1.0	2.0	0.0
079	3.0	0.0	1.0	0.0	3.068	5.932	1.0
080	1.0	0.0	0.0	0.0	0.6680000000000001	2.332	0.0
081	1.0	0.0	0.0	0.0	1.0	2.0	0.0
082	2.0	0.0	1.0	0.0	2.4	3.6	1.0
083	1.0	0.0	0.0	0.0	1.0	2.0	0.0
084	2.0	0.0	1.0	0.0	2.068	3.932	1.0
085	1.0	0.0	0.0	0.0	1.0	2.0	0.0
086	0.0	0.0	0.0	0.0	0.0	0.0	0.0
087	0.0	0.0	0.0	0.0	0.0	0.0	0.0
088	1.0	0.0	0.0	0.0	0.3330000000000002	2.667	0.0
089	0.0	0.0	0.0	0.0	0.0	0.0	0.0
090	0.0	1.0	0.0	1.0	0.6680000000000001	2.332	1.0
091	0.0	0.0	0.0	0.0	0.0	0.0	0.0
092	0.0	0.0	0.0	0.0	0.0	0.0	0.0
093	1.0	0.0	0.0	0.0	0.6680000000000001	2.332	0.0
094	1.0	1.0	0.0	0.0	1.0	2.0	0.0
095	1.0	0.0	0.0	0.0	1.4	1.6	0.0
096	1.0	0.0	0.0	0.0	1.0	2.0	0.0
097	0.0	0.0	0.0	0.0	0.0	0.0	0.0
098	0.0	1.0	0.0	0.0	1.0	2.0	0.0
099	0.0	0.0	0.0	0.0	0.0	0.0	0.0
100	0.0	0.0	0.0	0.0	0.0	0.0	0.0
101	2.0	0.0	0.0	0.0	2.0	4.0	0.0
102	1.0	1.0	0.0	0.0	1.0	2.0	0.0
103	0.0	0.0	0.0	0.0	0.0	0.0	0.0
104	1.0	0.0	0.0	0.0	1.0	2.0	0.0
105	1.0	0.0	1.0	0.0	0.6680000000000001	2.332	1.0
106	0.0	1.0	0.0	0.0	0.6680000000000001	2.332	0.0
107	0.0	0.0	0.0	0.0	0.0	0.0	0.0
108	0.0	0.0	0.0	0.0	0.0	0.0	0.0
109	0.0	0.0	0.0	0.0	0.0	0.0	0.0
110	2.0	0.0	0.0	0.0	2.0	4.0	0.0
111	0.0	0.0	0.0	0.0	0.0	0.0	0.0
112	1.0	0.0	1.0	0.0	0.3330000000000002	2.667	1.0
113	1.0	2.0	0.0	0.0	1.3330000000000002	4.667	0.0
114	0.0	0.0	0.0	0.0	0.0	0.0	0.0
115	0.0	0.0	0.0	0.0	0.0	0.0	0.0
116	1.0	1.0	0.0	0.0	1.0	2.0	0.0
117	1.0	0.0	0.0	0.0	1.0	2.0	0.0
118	1.0	0.0	1.0	0.0	0.3330000000000002	2.667	1.0
119	2.0	0.0	1.0	0.0	2.0	4.0	1.0
120	0.0	0.0	0.0	0.0	0.0	0.0	0.0
121	0.0	0.0	0.0	0.0	0.0	0.0	0.0
122	1.0	0.0	0.0	0.0	0.3330000000000002	2.667	0.0
123	1.0	0.0	0.0	0.0	1.0	2.0	0.0
124	1.0	0.0	0.0	0.0	1.0	2.0	0.0
125	1.0	0.0	0.0	0.0	1.0	2.0	0.0
126	0.0	0.0	0.0	0.0	0.0	0.0	0.0
127	2.0	0.0	1.0	0.0	2.0	4.0	1.0
128	0.0	0.0	0.0	0.0	0.0	0.0	0.0
129	0.0	0.0	0.0	0.0	0.0	0.0	0.0
130	1.0	0.0	0.0	0.0	1.0	2.0	0.0
131	1.0	0.0	0.0	0.0	1.0	2.0	0.0
132	1.0	0.0	0.0	0.0	0.3330000000000002	2.667	0.0
133	1.0	0.0	0.0	0.0	0.3330000000000002	2.667	0.0
134	1.0	0.0	0.0	0.0	1.0	2.0	0.0
135	1.0	0.0	0.0	0.0	0.6680000000000001	2.332	0.0
136	0.0	0.0	0.0	0.0	0.0	0.0	0.0
137	1.0	0.0	0.0	0.0	0.3330000000000002	2.667	0.0
138	1.0	0.0	0.0	0.0	1.0	2.0	0.0
139	0.0	0.0	0.0	0.0	0.0	0.0	0.0
140	1.0	0.0	0.0	0.0	0.3330000000000002	2.667	0.0
141	1.0	0.0	0.0	0.0	1.4	1.6	0.0
142	1.0	0.0	0.0	0.0	1.0	2.0	0.0
143	1.0	0.0	0.0	0.0	1.0	2.0	0.0
144	0.0	1.0	0.0	0.0	1.0	2.0	0.0
145	0.0	0.0	0.0	0.0	0.0	0.0	0.0
146	0.0	0.0	0.0	0.0	0.0	0.0	0.0
147	1.0	1.0	0.0	0.0	0.0	3.0	0.0
148	0.0	0.0	0.0	0.0	0.0	0.0	0.0
149	0.0	0.0	0.0	0.0	0.0	0.0	0.0
150	0.0	0.0	0.0	0.0	0.0	0.0	0.0
151	0.0	0.0	0.0	0.0	0.0	0.0	0.0
152	1.0	0.0	0.0	0.0	1.0	2.0	0.0
153	0.0	0.0	0.0	0.0	0.0	0.0	0.0
154	0.0	0.0	0.0	0.0	0.0	0.0	0.0
155	1.0	0.0	0.0	0.0	1.0	2.0	0.0
156	1.0	0.0	0.0	0.0	1.0	2.0	0.0
157	0.0	0.0	0.0	0.0	0.0	0.0	0.0
158	0.0	0.0	0.0	0.0	0.0	0.0	0.0
159	0.0	0.0	0.0	0.0	0.0	0.0	0.0
160	1.0	0.0	0.0	0.0	0.3330000000000002	2.667	0.0
161	0.0	1.0	0.0	0.0	1.0	2.0	0.0
162	0.0	0.0	0.0	0.0	0.0	0.0	0.0
163	0.0	0.0	0.0	0.0	0.0	0.0	0.0
164	1.0	0.0	0.0	0.0	1.4	1.6	0.0
165	1.0	0.0	0.0	0.0	1.0	2.0	0.0
166	0.0	0.0	0.0	0.0	0.0	0.0	0.0
167	1.0	0.0	0.0	0.0	0.3330000000000002	2.667	0.0
168	1.0	0.0	0.0	0.0	1.0	2.0	0.0
169	3.0	0.0	0.0	0.0	1.6680000000000001	4.332	0.0
170	0.0	0.0	0.0	0.0	0.0	0.0	0.0
171	0.0	0.0	0.0	0.0	0.0	0.0	0.0
172	2.0	1.0	0.0	0.0	1.3330000000000002	4.667	0.0
173	1.0	0.0	0.0	0.0	0.3330000000000002	2.667	0.0
174	0.0	1.0	0.0	0.0	0.6680000000000001	2.332	0.0
175	0.0	0.0	0.0	0.0	0.0	0.0	0.0
176	0.0	0.0	0.0	0.0	0.0	0.0	0.0
177	0.0	3.0	0.0	1.0	2.0010000000000003	6.999	1.0
178	0.0	1.0	0.0	0.0	0.6680000000000001	2.332	0.0
179	0.0	0.0	0.0	0.0	0.0	0.0	0.0
180	1.0	2.0	1.0	0.0	3.0	6.0	1.0
181	0.0	0.0	0.0	0.0	0.0	0.0	0.0
182	2.0	0.0	0.0	0.0	2.0	4.0	0.0
183	0.0	0.0	0.0	0.0	0.0	0.0	0.0
184	0.0	0.0	0.0	0.0	0.0	0.0	0.0
185	1.0	0.0	0.0	0.0	1.0	2.0	0.0
186	1.0	0.0	0.0	0.0	1.0	2.0	0.0
187	2.0	0.0	0.0	0.0	2.0	4.0	0.0
188	0.0	0.0	0.0	0.0	0.0	0.0	0.0
189	1.0	0.0	0.0	0.0	0.3330000000000002	2.667	0.0
190	1.0	0.0	0.0	0.0	1.0	2.0	0.0
191	0.0	0.0	0.0	0.0	0.0	0.0	0.0
192	1.0	0.0	0.0	0.0	0.3330000000000002	2.667	0.0
193	1.0	0.0	1.0	0.0	0.6680000000000001	2.332	1.0
194	1.0	0.0	0.0	0.0	0.6680000000000001	2.332	0.0
195	0.0	0.0	0.0	0.0	0.0	0.0	0.0
196	1.0	0.0	0.0	0.0	0.3330000000000002	2.667	0.0
197	1.0	0.0	0.0	0.0	1.0	2.0	0.0
198	0.0	0.0	0.0	0.0	0.0	0.0	0.0
199	0.0	2.0	0.0	0.0	0.3330000000000002	2.667	0.0
200	2.0	0.0	0.0	0.0	0.6680000000000001	2.332	0.0
201	0.0	0.0	0.0	0.0	0.0	0.0	0.0
202	1.0	0.0	0.0	0.0	1.0	2.0	0.0
203	1.0	0.0	0.0	0.0	0.6680000000000001	2.332	0.0
204	0.0	0.0	0.0	0.0	0.0	0.0	0.0
205	0.0	0.0	0.0	0.0	0.0	0.0	0.0
206	0.0	0.0	0.0	0.0	0.0	0.0	0.0
207	0.0	0.0	0.0	0.0	0.0	0.0	0.0
208	1.0	0.0	0.0	0.0	0.3330000000000002	2.667	0.0
209	1.0	0.0	0.0	0.0	1.0	2.0	0.0
210	0.0	0.0	0.0	0.0	0.0	0.0	0.0
211	0.0	0.0	0.0	0.0	0.0	0.0	0.0
212	1.0	1.0	1.0	0.0	0.3330000000000002	5.667	1.0
213	1.0	0.0	1.0	0.0	0.3330000000000002	2.667	1.0
214	1.0	0.0	0.0	0.0	0.3330000000000002	2.667	0.0
215	0.0	0.0	0.0	0.0	0.0	0.0	0.0
216	0.0	0.0	0.0	0.0	0.0	0.0	0.0
217	0.0	0.0	0.0	0.0	0.0	0.0	0.0
218	1.0	0.0	1.0	0.0	0.3330000000000002	2.667	1.0
219	2.0	0.0	0.0	0.0	2.0	4.0	0.0
220	0.0	1.0	0.0	0.0	0.6680000000000001	2.332	0.0
221	0.0	0.0	0.0	0.0	0.0	0.0	0.0
222	0.0	1.0	0.0	0.0	1.0	2.0	0.0
223	1.0	0.0	0.0	0.0	1.0	2.0	0.0
224	0.0	0.0	0.0	0.0	0.0	0.0	0.0
225	1.0	0.0	0.0	0.0	0.3330000000000002	2.667	0.0
226	0.0	0.0	0.0	0.0	0.0	0.0	0.0
227	1.0	0.0	0.0	0.0	1.0	2.0	0.0
228	0.0	0.0	0.0	0.0	0.0	0.0	0.0
229	0.0	0.0	0.0	0.0	0.0	0.0	0.0
230	0.0	0.0	0.0	0.0	0.0	0.0	0.0
231	0.0	0.0	0.0	0.0	0.0	0.0	0.0
232	1.0	0.0	1.0	0.0	1.0	2.0	1.0
233	1.0	0.0	0.0	0.0	1.4	1.6	0.0
234	1.0	0.0	0.0	0.0	1.0	2.0	0.0
235	1.0	0.0	0.0	0.0	1.0	2.0	0.0
236	0.0	0.0	0.0	0.0	0.0	0.0	0.0
237	1.0	0.0	1.0	0.0	1.0	2.0	1.0
238	2.0	0.0	1.0	0.0	2.0	4.0	1.0
239	1.0	1.0	1.0	1.0	1.0	2.0	1.0
240	2.0	0.0	1.0	0.0	2.0	4.0	1.0
241	1.0	0.0	1.0	0.0	0.3330000000000002	2.667	1.0
242	1.0	0.0	1.0	0.0	1.0	2.0	1.0
243	1.0	0.0	1.0	0.0	0.3330000000000002	2.667	1.0
244	0.0	0.0	0.0	0.0	0.0	0.0	0.0
245	0.0	0.0	0.0	0.0	0.0	0.0	0.0
246	0.0	0.0	0.0	0.0	0.0	0.0	0.0
247	1.0	0.0	1.0	0.0	1.0	2.0	1.0
248	1.0	0.0	1.0	0.0	1.0	2.0	1.0
249	1.0	0.0	1.0	0.0	1.0	2.0	1.0
250	1.0	2.0	1.0	2.0	2.0	4.0	2.0
251	0.0	0.0	0.0	0.0	0.0	0.0	0.0
252	1.0	0.0	1.0	0.0	1.0	2.0	1.0
253	2.0	0.0	1.0	0.0	0.6660000000000004	5.334	1.0
254	1.0	0.0	1.0	0.0	1.0	2.0	1.0
255	1.0	0.0	1.0	0.0	1.0	2.0	1.0
256	1.0	1.0	1.0	1.0	2.0	4.0	2.0
257	1.0	0.0	1.0	0.0	1.0	2.0	1.0
258	0.0	0.0	0.0	0.0	0.0	0.0	0.0
259	0.0	0.0	0.0	0.0	0.0	0.0	0.0
260	0.0	0.0	0.0	0.0	0.0	0.0	0.0
261	1.0	0.0	1.0	0.0	1.0	2.0	1.0
262	0.0	0.0	0.0	0.0	0.0	0.0	0.0
263	2.0	0.0	2.0	0.0	1.4	1.6	1.0
264	0.0	0.0	0.0	0.0	0.0	0.0	0.0
265	1.0	0.0	1.0	0.0	1.0	2.0	1.0
266	1.0	0.0	1.0	0.0	0.3330000000000002	2.667	1.0
267	2.0	0.0	1.0	0.0	2.0	4.0	1.0
268	0.0	0.0	0.0	0.0	0.0	0.0	0.0
269	2.0	0.0	1.0	0.0	2.0	4.0	1.0
270	1.0	0.0	1.0	0.0	1.0	2.0	1.0
271	0.0	0.0	0.0	0.0	0.0	0.0	0.0
272	0.0	0.0	0.0	0.0	0.0	0.0	0.0
273	0.0	0.0	0.0	0.0	0.0	0.0	0.0
274	0.0	0.0	0.0	0.0	0.0	0.0	0.0
275	0.0	0.0	0.0	0.0	0.0	0.0	0.0
276	1.0	0.0	1.0	0.0	1.0	2.0	1.0
277	2.0	0.0	1.0	0.0	2.0	4.0	1.0
278	1.0	0.0	1.0	0.0	1.0	2.0	1.0
279	1.0	0.0	0.0	0.0	0.6680000000000001	2.332	0.0
280	2.0	0.0	2.0	0.0	0.6680000000000001	2.332	1.0
281	1.0	0.0	1.0	0.0	0.3330000000000002	2.667	1.0
282	1.0	0.0	1.0	0.0	0.3330000000000002	2.667	1.0
283	1.0	1.0	0.0	1.0	0.6660000000000004	5.334	1.0
284	0.0	0.0	0.0	0.0	0.0	0.0	0.0
285	0.0	0.0	0.0	0.0	0.0	0.0	0.0
286	0.0	0.0	0.0	0.0	0.0	0.0	0.0
287	1.0	0.0	1.0	0.0	1.0	2.0	1.0
288	2.0	0.0	1.0	0.0	0.6660000000000004	5.334	1.0
289	0.0	0.0	0.0	0.0	0.0	0.0	0.0
290	1.0	0.0	1.0	0.0	1.0	2.0	1.0
291	1.0	0.0	1.0	0.0	0.3330000000000002	2.667	1.0
292	1.0	0.0	1.0	0.0	1.0	2.0	1.0
293	0.0	1.0	0.0	1.0	0.6680000000000001	2.332	1.0
294	1.0	0.0	1.0	0.0	0.3330000000000002	2.667	1.0
295	1.0	0.0	1.0	0.0	1.0	2.0	1.0
296	1.0	2.0	1.0	2.0	1.6680000000000001	4.332	2.0
297	1.0	1.0	1.0	1.0	2.4	3.6	2.0
298	1.0	0.0	1.0	0.0	1.0	2.0	1.0
299	1.0	0.0	1.0	0.0	0.3330000000000002	2.667	1.0
300	1.0	0.0	1.0	0.0	1.0	2.0	1.0
301	1.0	2.0	1.0	1.0	2.668	6.332	2.0
302	2.0	0.0	1.0	0.0	2.0	4.0	1.0
303	0.0	0.0	0.0	0.0	0.0	0.0	0.0
304	2.0	0.0	1.0	0.0	2.0	4.0	1.0
305	0.0	0.0	0.0	0.0	0.0	0.0	0.0
306	1.0	0.0	1.0	0.0	0.3330000000000002	2.667	1.0
307	1.0	0.0	1.0	0.0	1.0	2.0	1.0
308	0.0	0.0	0.0	0.0	0.0	0.0	0.0
309	0.0	0.0	0.0	0.0	0.0	0.0	0.0
310	2.0	0.0	1.0	0.0	0.6660000000000004	5.334	1.0
311	1.0	0.0	1.0	0.0	1.0	2.0	1.0
312	0.0	0.0	0.0	0.0	0.0	0.0	0.0
313	0.0	0.0	0.0	0.0	0.0	0.0	0.0
314	0.0	0.0	0.0	0.0	0.0	0.0	0.0
315	1.0	0.0	1.0	0.0	0.6680000000000001	2.332	1.0
316	1.0	0.0	1.0	0.0	1.4	1.6	1.0
317	1.0	0.0	1.0	0.0	1.0	2.0	1.0
318	0.0	0.0	0.0	0.0	0.0	0.0	0.0
319	1.0	0.0	1.0	0.0	1.0	2.0	1.0
320	1.0	0.0	1.0	0.0	1.0	2.0	1.0
321	1.0	0.0	1.0	0.0	1.0	2.0	1.0
322	0.0	0.0	0.0	0.0	0.0	0.0	0.0
323	1.0	1.0	1.0	1.0	0.3330000000000002	2.667	1.0
324	2.0	0.0	2.0	0.0	2.0	4.0	2.0
325	1.0	0.0	1.0	0.0	0.3330000000000002	2.667	1.0
326	1.0	0.0	1.0	0.0	1.0	2.0	1.0
327	1.0	0.0	1.0	0.0	1.0	2.0	1.0
328	0.0	0.0	0.0	0.0	0.0	0.0	0.0
329	1.0	0.0	1.0	0.0	1.0	2.0	1.0
330	1.0	0.0	1.0	0.0	0.6680000000000001	2.332	1.0
331	0.0	0.0	0.0	0.0	0.0	0.0	0.0
332	1.0	0.0	1.0	0.0	0.3330000000000002	2.667	1.0
333	1.0	0.0	1.0	0.0	1.0	2.0	1.0
334	0.0	0.0	0.0	0.0	0.0	0.0	0.0
335	2.0	1.0	1.0	1.0	2.0	4.0	1.0
336	2.0	0.0	1.0	0.0	2.4	3.6	1.0
337	0.0	0.0	0.0	0.0	0.0	0.0	0.0
338	1.0	0.0	1.0	0.0	1.0	2.0	1.0
339	0.0	0.0	0.0	0.0	0.0	0.0	0.0
340	1.0	0.0	1.0	0.0	1.4	1.6	1.0
341	1.0	0.0	1.0	0.0	1.0	2.0	1.0
342	1.0	2.0	1.0	1.0	2.0	4.0	1.0
343	1.0	0.0	1.0	0.0	0.3330000000000002	2.667	1.0
344	1.0	2.0	0.0	1.0	0.9990000000000006	8.001	1.0
345	2.0	1.0	1.0	1.0	1.6660000000000004	7.334	2.0
346	1.0	0.0	1.0	0.0	1.0	2.0	1.0
347	2.0	1.0	1.0	1.0	3.0	6.0	2.0
348	1.0	0.0	1.0	0.0	1.0	2.0	1.0
349	0.0	0.0	0.0	0.0	0.0	0.0	0.0
350	2.0	0.0	1.0	0.0	1.6680000000000001	4.332	1.0
351	0.0	0.0	0.0	0.0	0.0	0.0	0.0
352	1.0	0.0	1.0	0.0	1.0	2.0	1.0
353	0.0	0.0	0.0	0.0	0.0	0.0	0.0
354	1.0	0.0	1.0	0.0	0.3330000000000002	2.667	1.0
355	1.0	0.0	1.0	0.0	0.3330000000000002	2.667	1.0
356	1.0	0.0	1.0	0.0	1.0	2.0	1.0
357	1.0	0.0	1.0	0.0	1.0	2.0	1.0
358	1.0	0.0	1.0	0.0	0.6680000000000001	2.332	1.0
359	0.0	0.0	0.0	0.0	0.0	0.0	0.0
360	2.0	0.0	2.0	0.0	1.0	2.0	1.0
361	1.0	0.0	1.0	0.0	1.0	2.0	1.0
362	1.0	0.0	1.0	0.0	0.6680000000000001	2.332	1.0
363	1.0	0.0	1.0	0.0	1.0	2.0	1.0
364	0.0	0.0	0.0	0.0	0.0	0.0	0.0
365	0.0	0.0	0.0	0.0	0.0	0.0	0.0
366	1.0	0.0	1.0	0.0	1.0	2.0	1.0
367	0.0	0.0	0.0	0.0	0.0	0.0	0.0
368	0.0	0.0	0.0	0.0	0.0	0.0	0.0
369	0.0	0.0	0.0	0.0	0.0	0.0	0.0
370	1.0	0.0	1.0	0.0	1.0	2.0	1.0
371	0.0	0.0	0.0	0.0	0.0	0.0	0.0
372	1.0	0.0	1.0	0.0	0.3330000000000002	2.667	1.0
373	0.0	0.0	0.0	0.0	0.0	0.0	0.0
374	0.0	0.0	0.0	0.0	0.0	0.0	0.0
375	1.0	0.0	0.0	0.0	1.0	2.0	0.0
376	2.0	0.0	2.0	0.0	2.0	4.0	2.0
377	2.0	0.0	1.0	0.0	2.0	4.0	1.0
378	0.0	0.0	0.0	0.0	0.0	0.0	0.0
379	2.0	0.0	1.0	0.0	0.6660000000000004	5.334	1.0
380	2.0	0.0	2.0	0.0	1.0	2.0	1.0
381	0.0	0.0	0.0	0.0	0.0	0.0	0.0
382	2.0	0.0	2.0	0.0	2.0	4.0	2.0
383	1.0	0.0	1.0	0.0	1.0	2.0	1.0
384	0.0	0.0	0.0	0.0	0.0	0.0	0.0
385	0.0	0.0	0.0	0.0	0.0	0.0	0.0
386	1.0	1.0	1.0	1.0	0.6680000000000001	2.332	1.0
387	1.0	0.0	1.0	0.0	0.3330000000000002	2.667	1.0
388	2.0	0.0	1.0	0.0	2.0	4.0	1.0
389	1.0	0.0	0.0	0.0	0.3330000000000002	2.667	0.0
390	0.0	0.0	0.0	0.0	0.0	0.0	0.0
391	2.0	0.0	1.0	0.0	2.0	4.0	1.0
392	0.0	0.0	0.0	0.0	0.0	0.0	0.0
393	1.0	0.0	1.0	0.0	1.0	2.0	1.0
394	0.0	0.0	0.0	0.0	0.0	0.0	0.0
395	1.0	0.0	1.0	0.0	0.3330000000000002	2.667	1.0
396	0.0	2.0	0.0	2.0	1.0	5.0	2.0
397	0.0	0.0	0.0	0.0	0.0	0.0	0.0
398	1.0	0.0	1.0	0.0	1.0	2.0	1.0
399	1.0	1.0	1.0	1.0	1.6680000000000001	4.332	2.0
400	0.0	0.0	0.0	0.0	0.0	0.0	0.0
401	2.0	0.0	1.0	0.0	0.6660000000000004	5.334	1.0
402	1.0	1.0	1.0	0.0	2.0	4.0	1.0
403	0.0	2.0	0.0	1.0	1.6680000000000001	4.332	1.0
404	0.0	0.0	0.0	0.0	0.0	0.0	0.0
405	1.0	0.0	1.0	0.0	0.3330000000000002	2.667	1.0
406	2.0	0.0	2.0	0.0	2.0	4.0	2.0
407	0.0	0.0	0.0	0.0	0.0	0.0	0.0
408	2.0	0.0	0.0	0.0	2.0	4.0	0.0
409	1.0	0.0	1.0	0.0	1.0	2.0	1.0
410	1.0	0.0	1.0	0.0	1.0	2.0	1.0
411	0.0	0.0	0.0	0.0	0.0	0.0	0.0
412	1.0	0.0	1.0	0.0	1.0	2.0	1.0
413	1.0	0.0	1.0	0.0	1.0	2.0	1.0
414	2.0	0.0	2.0	0.0	2.0	4.0	2.0
415	0.0	0.0	0.0	0.0	0.0	0.0	0.0
416	2.0	0.0	1.0	0.0	0.6660000000000004	5.334	1.0
417	1.0	0.0	1.0	0.0	1.0	2.0	1.0
418	2.0	0.0	2.0	0.0	2.0	4.0	2.0
419	1.0	0.0	1.0	0.0	1.0	2.0	1.0
420	3.0	0.0	3.0	0.0	1.6680000000000001	4.332	2.0
421	1.0	0.0	1.0	0.0	1.0	2.0	1.0
422	1.0	0.0	1.0	0.0	0.3330000000000002	2.667	1.0
423	0.0	0.0	0.0	0.0	0.0	0.0	0.0
424	1.0	0.0	0.0	0.0	0.3330000000000002	2.667	0.0
425	0.0	0.0	0.0	0.0	0.0	0.0	0.0
426	0.0	0.0	0.0	0.0	0.0	0.0	0.0
427	0.0	0.0	0.0	0.0	0.0	0.0	0.0
428	2.0	0.0	2.0	0.0	2.0	4.0	2.0
429	0.0	0.0	0.0	0.0	0.0	0.0	0.0
430	0.0	0.0	0.0	0.0	0.0	0.0	0.0
431	1.0	0.0	1.0	0.0	1.0	2.0	1.0
432	1.0	0.0	1.0	0.0	1.0	2.0	1.0
433	2.0	0.0	2.0	0.0	1.0	2.0	1.0
434	0.0	0.0	0.0	0.0	0.0	0.0	0.0
435	0.0	0.0	0.0	0.0	0.0	0.0	0.0
436	1.0	0.0	0.0	0.0	1.0	2.0	0.0
437	1.0	0.0	1.0	0.0	0.3330000000000002	2.667	1.0
438	0.0	0.0	0.0	0.0	0.0	0.0	0.0
439	1.0	0.0	1.0	0.0	1.4	1.6	1.0
440	1.0	0.0	1.0	0.0	0.6680000000000001	2.332	1.0
441	2.0	0.0	1.0	0.0	2.0	4.0	1.0
442	0.0	0.0	0.0	0.0	0.0	0.0	0.0
443	0.0	0.0	0.0	0.0	0.0	0.0	0.0
444	1.0	1.0	0.0	1.0	1.0010000000000003	4.999	1.0
445	0.0	0.0	0.0	0.0	0.0	0.0	0.0
446	0.0	0.0	0.0	0.0	0.0	0.0	0.0
447	2.0	1.0	1.0	1.0	0.9990000000000006	8.001	2.0
448	1.0	0.0	1.0	0.0	1.0	2.0	1.0
449	1.0	0.0	0.0	0.0	0.3330000000000002	2.667	0.0
450	1.0	0.0	1.0	0.0	0.3330000000000002	2.667	1.0
451	4.0	0.0	2.0	0.0	3.068	5.932	1.0
452	1.0	0.0	1.0	0.0	0.3330000000000002	2.667	1.0
453	1.0	1.0	1.0	1.0	1.3330000000000002	4.667	2.0
454	1.0	0.0	0.0	0.0	1.0	2.0	0.0
455	1.0	0.0	1.0	0.0	0.3330000000000002	2.667	1.0
456	1.0	0.0	1.0	0.0	1.0	2.0	1.0
457	1.0	2.0	1.0	2.0	1.0	2.0	1.0
458	0.0	0.0	0.0	0.0	0.0	0.0	0.0
459	1.0	1.0	1.0	1.0	0.6680000000000001	2.332	1.0
460	1.0	0.0	1.0	0.0	0.3330000000000002	2.667	1.0
461	0.0	0.0	0.0	0.0	0.0	0.0	0.0
462	1.0	0.0	1.0	0.0	0.3330000000000002	2.667	1.0
463	2.0	0.0	1.0	0.0	2.0	4.0	1.0
464	1.0	1.0	1.0	0.0	0.6660000000000004	5.334	1.0
465	2.0	0.0	1.0	0.0	2.0	4.0	1.0
466	1.0	1.0	1.0	1.0	0.3330000000000002	2.667	1.0
467	0.0	0.0	0.0	0.0	0.0	0.0	0.0
468	0.0	0.0	0.0	0.0	0.0	0.0	0.0
469	1.0	0.0	1.0	0.0	1.0	2.0	1.0
470	0.0	0.0	0.0	0.0	0.0	0.0	0.0
471	1.0	1.0	1.0	1.0	1.0	2.0	1.0
472	0.0	2.0	0.0	1.0	2.0	4.0	1.0
473	0.0	0.0	0.0	0.0	0.0	0.0	0.0
474	0.0	0.0	0.0	0.0	0.0	0.0	0.0
475	1.0	0.0	1.0	0.0	0.6680000000000001	2.332	1.0
476	1.0	1.0	1.0	1.0	1.0	2.0	1.0
477	1.0	0.0	1.0	0.0	1.0	2.0	1.0
478	1.0	0.0	1.0	0.0	1.0	2.0	1.0
479	1.0	0.0	1.0	0.0	1.0	2.0	1.0
480	0.0	0.0	0.0	0.0	0.0	0.0	0.0
481	0.0	0.0	0.0	0.0	0.0	0.0	0.0
482	0.0	1.0	0.0	0.0	0.0	3.0	0.0
483	0.0	0.0	0.0	0.0	0.0	0.0	0.0
484	2.0	0.0	1.0	0.0	2.0	4.0	1.0
485	2.0	0.0	1.0	0.0	0.6660000000000004	5.334	1.0
486	1.0	1.0	1.0	1.0	1.0	2.0	1.0
487	2.0	0.0	1.0	0.0	2.0	4.0	1.0
488	2.0	0.0	1.0	0.0	2.0	4.0	1.0
489	1.0	0.0	1.0	0.0	1.0	2.0	1.0
490	1.0	0.0	1.0	0.0	0.3330000000000002	2.667	1.0
491	1.0	1.0	1.0	0.0	2.0	4.0	1.0
492	2.0	0.0	1.0	0.0	2.0	4.0	1.0
493	1.0	0.0	1.0	0.0	1.0	2.0	1.0
494	1.0	0.0	1.0	0.0	1.0	2.0	1.0
495	2.0	0.0	2.0	0.0	2.0	4.0	2.0
496	2.0	0.0	1.0	0.0	0.6660000000000004	5.334	1.0
497	1.0	2.0	1.0	2.0	1.0	2.0	1.0
498	2.0	0.0	2.0	0.0	2.0	4.0	2.0
499	1.0	0.0	1.0	0.0	1.0	2.0	1.0
500	0.0	0.0	0.0	0.0	0.0	0.0	0.0
501	1.0	0.0	1.0	0.0	0.3330000000000002	2.667	1.0
502	0.0	0.0	0.0	0.0	0.0	0.0	0.0
503	2.0	0.0	1.0	0.0	0.6660000000000004	5.334	1.0
504	1.0	2.0	1.0	1.0	0.9990000000000006	8.001	2.0
505	0.0	0.0	0.0	0.0	0.0	0.0	0.0
506	1.0	0.0	1.0	0.0	1.0	2.0	1.0
507	0.0	0.0	0.0	0.0	0.0	0.0	0.0
508	2.0	1.0	1.0	1.0	3.068	5.932	2.0
509	0.0	0.0	0.0	0.0	0.0	0.0	0.0
510	2.0	0.0	2.0	0.0	2.0	4.0	2.0
511	1.0	0.0	1.0	0.0	1.4	1.6	1.0
512	1.0	1.0	1.0	1.0	1.733	4.2669999999999995	2.0
513	1.0	0.0	1.0	0.0	1.0	2.0	1.0
514	1.0	0.0	1.0	0.0	0.3330000000000002	2.667	1.0
515	2.0	0.0	2.0	0.0	2.0	4.0	2.0
516	1.0	0.0	0.0	0.0	1.4	1.6	0.0
517	1.0	0.0	1.0	0.0	1.0	2.0	1.0
518	1.0	0.0	1.0	0.0	0.3330000000000002	2.667	1.0
519	1.0	0.0	0.0	0.0	1.0	2.0	0.0
520	0.0	2.0	0.0	2.0	1.0	2.0	1.0
521	1.0	0.0	1.0	0.0	0.6680000000000001	2.332	1.0
522	0.0	0.0	0.0	0.0	0.0	0.0	0.0
523	2.0	1.0	2.0	1.0	1.3330000000000002	4.667	2.0
524	1.0	1.0	1.0	1.0	0.0	3.0	1.0
525	1.0	0.0	1.0	0.0	0.3330000000000002	2.667	1.0
526	1.0	1.0	1.0	1.0	2.0	4.0	2.0
527	1.0	0.0	1.0	0.0	1.0	2.0	1.0
528	0.0	1.0	0.0	1.0	0.3330000000000002	2.667	1.0
529	1.0	0.0	1.0	0.0	1.0	2.0	1.0
530	2.0	0.0	2.0	0.0	1.4	1.6	1.0
531	1.0	0.0	1.0	0.0	0.3330000000000002	2.667	1.0
532	2.0	1.0	1.0	1.0	3.0	6.0	2.0
533	0.0	0.0	0.0	0.0	0.0	0.0	0.0
534	0.0	0.0	0.0	0.0	0.0	0.0	0.0
535	1.0	1.0	1.0	1.0	0.3330000000000002	2.667	1.0
536	1.0	2.0	1.0	2.0	1.0	2.0	1.0
537	1.0	0.0	1.0	0.0	1.0	2.0	1.0
538	1.0	0.0	1.0	0.0	1.0	2.0	1.0
539	1.0	0.0	1.0	0.0	1.0	2.0	1.0
540	0.0	1.0	0.0	1.0	1.0	2.0	1.0
541	1.0	0.0	1.0	0.0	0.6680000000000001	2.332	1.0
542	0.0	0.0	0.0	0.0	0.0	0.0	0.0
543	1.0	0.0	1.0	0.0	1.0	2.0	1.0
544	0.0	0.0	0.0	0.0	0.0	0.0	0.0
545	0.0	0.0	0.0	0.0	0.0	0.0	0.0
546	0.0	2.0	0.0	2.0	0.3330000000000002	2.667	1.0
547	0.0	1.0	0.0	1.0	0.3330000000000002	2.667	1.0
548	1.0	2.0	1.0	2.0	1.0	2.0	1.0
549	1.0	1.0	1.0	1.0	1.6680000000000001	4.332	2.0
550	0.0	0.0	0.0	0.0	0.0	0.0	0.0
551	0.0	0.0	0.0	0.0	0.0	0.0	0.0
552	0.0	0.0	0.0	0.0	0.0	0.0	0.0
553	1.0	0.0	1.0	0.0	1.0	2.0	1.0
554	0.0	1.0	0.0	1.0	1.0	2.0	1.0
555	2.0	0.0	2.0	0.0	0.6680000000000001	2.332	1.0
556	1.0	0.0	1.0	0.0	1.0	2.0	1.0
557	1.0	0.0	1.0	0.0	0.3330000000000002	2.667	1.0
558	1.0	0.0	1.0	0.0	1.0	2.0	1.0
559	2.0	0.0	2.0	0.0	2.0	4.0	2.0
560	1.0	1.0	1.0	1.0	0.3330000000000002	2.667	1.0
561	1.0	1.0	1.0	1.0	1.0	2.0	1.0
562	1.0	2.0	1.0	2.0	2.668	6.332	3.0
563	0.0	2.0	0.0	2.0	1.3330000000000002	4.667	2.0
564	0.0	0.0	0.0	0.0	0.0	0.0	0.0
565	1.0	0.0	1.0	0.0	1.0	2.0	1.0
566	3.0	1.0	1.0	1.0	4.0	8.0	2.0
567	1.0	0.0	1.0	0.0	1.0	2.0	1.0
568	0.0	3.0	0.0	2.0	0.9990000000000006	8.001	2.0
569	0.0	1.0	0.0	1.0	0.3330000000000002	2.667	1.0
570	2.0	0.0	1.0	0.0	2.0	4.0	1.0
571	1.0	2.0	1.0	2.0	1.3340000000000005	7.6659999999999995	3.0
572	1.0	1.0	1.0	1.0	1.0	2.0	1.0
573	1.0	1.0	1.0	1.0	1.0	2.0	1.0
574	0.0	2.0	0.0	2.0	0.3330000000000002	2.667	1.0
575	1.0	1.0	1.0	1.0	1.0	2.0	1.0
576	1.0	2.0	1.0	2.0	1.0	2.0	1.0
577	1.0	0.0	1.0	0.0	1.0	2.0	1.0
578	1.0	4.0	1.0	3.0	3.333	8.667	3.0
579	1.0	3.0	1.0	3.0	0.6660000000000004	5.334	2.0
580	0.0	2.0	0.0	1.0	2.0	4.0	1.0
581	0.0	0.0	0.0	0.0	0.0	0.0	0.0
582	1.0	0.0	0.0	0.0	1.0	2.0	0.0
583	0.0	0.0	0.0	0.0	0.0	0.0	0.0
584	1.0	0.0	0.0	0.0	1.0	2.0	0.0
585	1.0	0.0	1.0	0.0	0.3330000000000002	2.667	1.0
586	1.0	0.0	0.0	0.0	1.0	2.0	0.0
587	0.0	0.0	0.0	0.0	0.0	0.0	0.0
