pos	Sd	Nd	Sd_tip	Nd_tip	S	N	comparisons
001	0.0	0.0	0.0	0.0	0.0	0.0	0.0
002	2.0	0.0	2.0	0.0	0.6660000000000004	5.334	2.0
003	0.0	0.0	0.0	0.0	0.0	0.0	0.0
004	4.0	0.0	3.0	0.0	2.3360000000000003	6.664	2.0
005	1.0	0.0	1.0	0.0	0.3330000000000002	2.667	1.0
006	0.0	0.0	0.0	0.0	0.0	0.0	0.0
007	2.0	0.0	1.0	0.0	2.0	4.0	1.0
008	0.0	0.0	0.0	0.0	0.0	0.0	0.0
009	0.0	0.0	0.0	0.0	0.0	0.0	0.0
010	0.0	0.0	0.0	0.0	0.0	0.0	0.0
011	2.0	0.0	1.0	0.0	1.3360000000000003	4.664	1.0
012	1.0	0.0	1.0	0.0	1.0	2.0	1.0
013	1.0	0.0	1.0	0.0	1.0	2.0	1.0
014	1.0	0.0	1.0	0.0	0.6680000000000001	2.332	1.0
015	2.0	0.0	1.0	0.0	0.6660000000000004	5.334	1.0
016	0.0	0.0	0.0	0.0	0.0	0.0	0.0
017	1.0	0.0	1.0	0.0	0.6680000000000001	2.332	1.0
018	1.0	0.0	1.0	0.0	1.4	1.6	1.0
019	0.0	0.0	0.0	0.0	0.0	0.0	0.0
020	1.0	0.0	0.0	0.0	0.3330000000000002	2.667	0.0
021	0.0	0.0	0.0	0.0	0.0	0.0	0.0
022	0.0	3.0	0.0	1.0	0.9990000000000006	8.001	1.0
023	0.0	0.0	0.0	0.0	0.0	0.0	0.0
024	1.0	0.0	1.0	0.0	1.0	2.0	1.0
025	3.0	0.0	2.0	0.0	3.0	6.0	2.0
026	1.0	0.0	1.0	0.0	0.3330000000000002	2.667	1.0
027	3.0	0.0	2.0	0.0	0.9990000000000006	8.001	2.0
028	3.0	0.0	3.0	0.0	3.8	5.2	3.0
029	0.0	0.0	0.0	0.0	0.0	0.0	0.0
030	1.0	0.0	0.0	0.0	0.3330000000000002	2.667	0.0
031	1.0	0.0	1.0	0.0	0.3330000000000002	2.667	1.0
032	0.0	0.0	0.0	0.0	0.0	0.0	0.0
033	2.0	0.0	1.0	0.0	0.6660000000000004	5.334	1.0
034	4.0	0.0	3.0	0.0	3.068	5.932	2.0
035	1.0	0.0	1.0	0.0	0.6680000000000001	2.332	1.0
036	3.0	0.0	1.0	0.0	0.9990000000000006	8.001	1.0
037	0.0	0.0	0.0	0.0	0.0	0.0	0.0
038	1.0	0.0	1.0	0.0	1.0	2.0	1.0
039	0.0	0.0	0.0	0.0	0.0	0.0	0.0
040	0.0	0.0	0.0	0.0	0.0	0.0	0.0
041	1.0	0.0	1.0	0.0	0.3330000000000002	2.667	1.0
042	1.0	0.0	0.0	0.0	0.3330000000000002	2.667	0.0
043	2.0	1.0	2.0	0.0	3.0	6.0	2.0
044	1.0	0.0	0.0	0.0	0.3330000000000002	2.667	0.0
045	3.0	0.0	2.0	0.0	3.4	5.6	2.0
046	1.0	0.0	1.0	0.0	0.6680000000000001	2.332	1.0
047	1.0	1.0	1.0	1.0	0.6660000000000004	5.334	2.0
048	1.0	0.0	1.0	0.0	0.3330000000000002	2.667	1.0
049	1.0	0.0	1.0	0.0	1.0	2.0	1.0
050	4.0	0.0	2.0	0.0	4.0	8.0	2.0
051	1.0	1.0	1.0	1.0	0.3330000000000002	2.667	1.0
052	2.0	0.0	2.0	0.0	0.6660000000000004	5.334	2.0
053	1.0	2.0	1.0	1.0	0.6660000000000004	5.334	1.0
054	0.0	0.0	0.0	0.0	0.0	0.0	0.0
055	0.0	0.0	0.0	0.0	0.0	0.0	0.0
056	0.0	1.0	0.0	1.0	0.3330000000000002	2.667	1.0
057	3.0	1.0	3.0	1.0	2.333	6.667	3.0
058	2.0	0.0	1.0	0.0	1.6680000000000001	4.332	1.0
059	1.0	0.0	1.0	0.0	1.4	1.6	1.0
060	1.0	1.0	1.0	1.0	1.0	2.0	1.0
061	3.0	0.0	2.0	0.0	0.9990000000000006	8.001	2.0
062	2.0	0.0	1.0	0.0	2.0	4.0	1.0
063	2.0	0.0	2.0	0.0	2.0	4.0	2.0
064	2.0	0.0	1.0	0.0	2.0	4.0	1.0
065	2.0	0.0	1.0	0.0	2.0	4.0	1.0
066	1.0	0.0	1.0	0.0	0.3330000000000002	2.667	1.0
067	3.0	0.0	2.0	0.0	3.0	6.0	2.0
068	1.0	0.0	1.0	0.0	0.3330000000000002	2.667	1.0
069	1.0	2.0	1.0	2.0	1.0	2.0	1.0
070	3.0	0.0	1.0	0.0	3.0	6.0	1.0
071	3.0	0.0	0.0	0.0	3.0	6.0	0.0
072	1.0	2.0	0.0	2.0	3.0	6.0	2.0
073	3.0	0.0	2.0	0.0	3.0	6.0	2.0
074	0.0	4.0	0.0	2.0	1.9990000000000006	10.001	2.0
075	2.0	6.0	2.0	4.0	5.333	12.667	4.0
076	0.0	2.0	0.0	2.0	1.0	2.0	1.0
077	0.0	1.0	0.0	1.0	0.3330000000000002	2.667	1.0
078	1.0	2.0	0.0	0.0	1.0	2.0	0.0
079	0.0	0.0	0.0	0.0	0.0	0.0	0.0
080	0.0	0.0	0.0	0.0	0.0	0.0	0.0
081	0.0	0.0	0.0	0.0	0.0	0.0	0.0
082	1.0	1.0	0.0	1.0	1.3330000000000002	4.667	1.0
083	2.0	2.0	1.0	2.0	2.333	6.667	2.0
084	1.0	4.0	1.0	2.0	1.9990000000000006	10.001	2.0
085	1.0	2.0	1.0	1.0	0.9990000000000006	8.001	2.0
086	1.0	2.0	1.0	2.0	1.3330000000000002	4.667	2.0
087	0.0	2.0	0.0	2.0	1.3330000000000002	4.667	2.0
088	3.0	0.0	2.0	0.0	0.9990000000000006	8.001	2.0
089	0.0	2.0	0.0	2.0	1.0	2.0	1.0
090	1.0	0.0	1.0	0.0	0.3330000000000002	2.667	1.0
091	1.0	0.0	1.0	0.0	1.0	2.0	1.0
092	1.0	1.0	0.0	1.0	2.0	4.0	1.0
093	2.0	0.0	1.0	0.0	1.6680000000000001	4.332	1.0
094	2.0	1.0	1.0	1.0	2.0	4.0	1.0
095	1.0	0.0	0.0	0.0	1.0	2.0	0.0
096	1.0	0.0	1.0	0.0	0.3330000000000002	2.667	1.0
097	1.0	0.0	0.0	0.0	1.0	2.0	0.0
098	2.0	0.0	2.0	0.0	1.0	2.0	1.0
099	3.0	0.0	1.0	0.0	3.0	6.0	1.0
100	2.0	0.0	2.0	0.0	2.0	4.0	2.0
101	4.0	0.0	4.0	0.0	4.0	8.0	4.0
102	3.0	0.0	1.0	0.0	3.0	6.0	1.0
103	2.0	0.0	2.0	0.0	2.0	4.0	2.0
104	4.0	1.0	3.0	1.0	3.333	8.667	3.0
105	3.0	0.0	2.0	0.0	3.0	6.0	2.0
106	2.0	1.0	2.0	1.0	3.0	6.0	3.0
107	0.0	4.0	0.0	3.0	1.3320000000000007	10.668	3.0
108	0.0	2.0	0.0	2.0	1.3330000000000002	4.667	2.0
109	1.0	2.0	1.0	2.0	0.9990000000000006	8.001	3.0
110	1.0	2.0	1.0	2.0	1.0	2.0	1.0
111	0.0	2.0	0.0	0.0	0.6660000000000004	5.334	0.0
112	1.0	0.0	1.0	0.0	0.3330000000000002	2.667	1.0
113	0.0	0.0	0.0	0.0	0.0	0.0	0.0
114	1.0	0.0	1.0	0.0	0.3330000000000002	2.667	1.0
115	2.0	2.0	2.0	2.0	1.3330000000000002	4.667	2.0
116	0.0	0.0	0.0	0.0	0.0	0.0	0.0
117	0.0	0.0	0.0	0.0	0.0	0.0	0.0
118	0.0	0.0	0.0	0.0	0.0	0.0	0.0
119	1.0	0.0	0.0	0.0	1.0	2.0	0.0
120	2.0	0.0	2.0	0.0	0.6660000000000004	5.334	2.0
121	1.0	0.0	1.0	0.0	1.0	2.0	1.0
122	1.0	0.0	0.0	0.0	0.3330000000000002	2.667	0.0
123	2.0	0.0	2.0	0.0	2.0	4.0	2.0
124	1.0	0.0	1.0	0.0	0.3330000000000002	2.667	1.0
125	3.0	0.0	2.0	0.0	3.0	6.0	2.0
126	3.0	0.0	2.0	0.0	3.0	6.0	2.0
127	1.0	0.0	1.0	0.0	1.0	2.0	1.0
128	2.0	0.0	1.0	0.0	0.6660000000000004	5.334	1.0
129	2.0	0.0	1.0	0.0	2.0	4.0	1.0
130	2.0	0.0	1.0	0.0	2.0	4.0	1.0
131	3.0	0.0	3.0	0.0	3.0	6.0	3.0
132	2.0	0.0	1.0	0.0	2.0	4.0	1.0
133	0.0	0.0	0.0	0.0	0.0	0.0	0.0
134	3.0	1.0	1.0	1.0	3.0	6.0	1.0
135	0.0	0.0	0.0	0.0	0.0	0.0	0.0
136	0.0	0.0	0.0	0.0	0.0	0.0	0.0
137	1.0	0.0	1.0	0.0	0.6680000000000001	2.332	1.0
138	0.0	1.0	0.0	1.0	0.3330000000000002	2.667	1.0
139	1.0	0.0	1.0	0.0	0.3330000000000002	2.667	1.0
140	0.0	0.0	0.0	0.0	0.0	0.0	0.0
141	0.0	2.0	0.0	2.0	2.068	3.932	2.0
142	0.0	0.0	0.0	0.0	0.0	0.0	0.0
143	2.0	0.0	1.0	0.0	0.6660000000000004	5.334	1.0
144	0.0	0.0	0.0	0.0	0.0	0.0	0.0
145	1.0	0.0	1.0	0.0	0.3330000000000002	2.667	1.0
146	2.0	1.0	1.0	1.0	1.3330000000000002	4.667	1.0
147	2.0	0.0	1.0	0.0	2.8	3.2	1.0
148	2.0	3.0	2.0	1.0	3.668	8.332	2.0
149	1.0	0.0	1.0	0.0	1.0	2.0	1.0
150	0.0	4.0	0.0	3.0	1.3320000000000007	10.668	3.0
151	1.0	0.0	1.0	0.0	0.3330000000000002	2.667	1.0
152	0.0	0.0	0.0	0.0	0.0	0.0	0.0
153	2.0	3.0	2.0	3.0	1.6660000000000004	7.334	3.0
154	1.0	0.0	0.0	0.0	0.3330000000000002	2.667	0.0
155	3.0	0.0	3.0	0.0	2.668	6.332	3.0
156	1.0	1.0	0.0	0.0	1.0	2.0	0.0
157	3.0	0.0	2.0	0.0	3.0	6.0	2.0
158	2.0	0.0	0.0	0.0	2.0	4.0	0.0
159	3.0	0.0	3.0	0.0	3.0	6.0	3.0
160	4.0	0.0	3.0	0.0	4.0	8.0	3.0
161	4.0	0.0	4.0	0.0	3.736	8.264	4.0
162	0.0	0.0	0.0	0.0	0.0	0.0	0.0
163	1.0	0.0	0.0	0.0	1.0	2.0	0.0
164	2.0	0.0	1.0	0.0	2.0	4.0	1.0
165	1.0	0.0	1.0	0.0	0.3330000000000002	2.667	1.0
166	0.0	0.0	0.0	0.0	0.0	0.0	0.0
167	1.0	0.0	1.0	0.0	0.3330000000000002	2.667	1.0
168	1.0	0.0	1.0	0.0	0.3330000000000002	2.667	1.0
169	1.0	0.0	1.0	0.0	0.3330000000000002	2.667	1.0
170	3.0	0.0	3.0	0.0	3.0	6.0	3.0
171	1.0	0.0	1.0	0.0	0.3330000000000002	2.667	1.0
172	0.0	0.0	0.0	0.0	0.0	0.0	0.0
173	2.0	0.0	2.0	0.0	0.6660000000000004	5.334	2.0
174	0.0	0.0	0.0	0.0	0.0	0.0	0.0
175	2.0	0.0	2.0	0.0	2.0	4.0	2.0
176	4.0	0.0	1.0	0.0	3.4040000000000004	8.596	1.0
177	1.0	0.0	1.0	0.0	0.3330000000000002	2.667	1.0
178	2.0	0.0	1.0	0.0	0.6660000000000004	5.334	1.0
179	1.0	0.0	0.0	0.0	0.3330000000000002	2.667	0.0
180	0.0	0.0	0.0	0.0	0.0	0.0	0.0
181	1.0	0.0	0.0	0.0	1.0	2.0	0.0
182	2.0	0.0	1.0	0.0	0.6660000000000004	5.334	1.0
183	1.0	0.0	1.0	0.0	0.3330000000000002	2.667	1.0
184	0.0	0.0	0.0	0.0	0.0	0.0	0.0
185	2.0	1.0	1.0	1.0	2.668	6.332	2.0
186	2.0	4.0	1.0	3.0	3.668	8.332	3.0
187	4.0	0.0	2.0	0.0	4.468	7.532	2.0
188	0.0	0.0	0.0	0.0	0.0	0.0	0.0
189	1.0	0.0	1.0	0.0	0.3330000000000002	2.667	1.0
190	3.0	0.0	1.0	0.0	3.0	6.0	1.0
191	5.0	0.0	3.0	0.0	4.736000000000001	10.264	3.0
192	3.0	0.0	2.0	0.0	3.0	6.0	2.0
193	2.0	0.0	1.0	0.0	0.6660000000000004	5.334	1.0
194	1.0	0.0	1.0	0.0	1.0	2.0	1.0
195	3.0	2.0	1.0	2.0	3.0	6.0	1.0
196	3.0	3.0	3.0	2.0	5.0	10.0	4.0
197	1.0	0.0	1.0	0.0	0.3330000000000002	2.667	1.0
198	3.0	0.0	2.0	0.0	3.4	5.6	2.0
199	3.0	0.0	2.0	0.0	3.068	5.932	2.0
200	3.0	0.0	0.0	0.0	3.0	6.0	0.0
201	2.0	0.0	1.0	0.0	0.6660000000000004	5.334	1.0
202	2.0	0.0	1.0	0.0	2.0	4.0	1.0
203	1.0	0.0	0.0	0.0	0.3330000000000002	2.667	0.0
204	2.0	0.0	2.0	0.0	0.6660000000000004	5.334	2.0
205	1.0	0.0	0.0	0.0	1.0	2.0	0.0
206	0.0	0.0	0.0	0.0	0.0	0.0	0.0
207	3.0	0.0	2.0	0.0	2.0040000000000004	6.9959999999999996	2.0
208	0.0	0.0	0.0	0.0	0.0	0.0	0.0
209	0.0	0.0	0.0	0.0	0.0	0.0	0.0
210	4.0	0.0	2.0	0.0	4.068	7.932	2.0
211	4.0	0.0	2.0	0.0	3.068	5.932	2.0
212	2.0	0.0	2.0	0.0	0.6680000000000001	2.332	1.0
213	1.0	0.0	1.0	0.0	0.3330000000000002	2.667	1.0
214	2.0	0.0	1.0	0.0	1.3360000000000003	4.664	1.0
215	1.0	0.0	1.0	0.0	0.6680000000000001	2.332	1.0
216	2.0	0.0	2.0	0.0	2.0	4.0	2.0
217	5.0	0.0	4.0	0.0	4.468	7.532	3.0
218	0.0	0.0	0.0	0.0	0.0	0.0	0.0
219	2.0	0.0	1.0	0.0	2.0	4.0	1.0
220	2.0	0.0	1.0	0.0	2.0	4.0	1.0
221	1.0	0.0	1.0	0.0	0.3330000000000002	2.667	1.0
222	2.0	0.0	2.0	0.0	2.0	4.0	2.0
223	2.0	0.0	1.0	0.0	2.0	4.0	1.0
224	0.0	2.0	0.0	2.0	0.3330000000000002	2.667	1.0
225	2.0	0.0	1.0	0.0	2.0	4.0	1.0
226	2.0	2.0	2.0	1.0	2.0040000000000004	6.9959999999999996	2.0
227	2.0	0.0	0.0	0.0	2.0	4.0	0.0
228	0.0	0.0	0.0	0.0	0.0	0.0	0.0
229	0.0	0.0	0.0	0.0	0.0	0.0	0.0
230	3.0	0.0	2.0	0.0	3.8	5.2	2.0
231	0.0	2.0	0.0	2.0	0.6660000000000004	5.334	2.0
232	1.0	0.0	0.0	0.0	1.0	2.0	0.0
233	2.0	1.0	0.0	1.0	0.9990000000000006	8.001	1.0
234	2.0	0.0	1.0	0.0	0.6660000000000004	5.334	1.0
235	2.0	0.0	1.0	0.0	2.0	4.0	1.0
236	2.0	1.0	2.0	1.0	1.6680000000000001	4.332	2.0
237	2.0	0.0	0.0	0.0	2.0	4.0	0.0
238	4.0	0.0	2.0	0.0	4.0	8.0	2.0
239	3.0	0.0	1.0	0.0	2.0040000000000004	6.9959999999999996	1.0
240	2.0	0.0	1.0	0.0	2.4	3.6	1.0
241	4.0	2.0	1.0	1.0	5.0	10.0	2.0
242	2.0	0.0	1.0	0.0	0.6660000000000004	5.334	1.0
243	1.0	0.0	0.0	0.0	1.4	1.6	0.0
244	1.0	2.0	1.0	2.0	2.0	4.0	2.0
245	1.0	0.0	1.0	0.0	1.0	2.0	1.0
246	2.0	0.0	2.0	0.0	0.6660000000000004	5.334	2.0
247	1.0	0.0	1.0	0.0	0.3330000000000002	2.667	1.0
248	1.0	1.0	1.0	1.0	0.6660000000000004	5.334	2.0
249	0.0	0.0	0.0	0.0	0.0	0.0	0.0
250	2.0	0.0	1.0	0.0	2.0	4.0	1.0
251	2.0	0.0	2.0	0.0	2.0	4.0	2.0
252	1.0	0.0	0.0	0.0	0.3330000000000002	2.667	0.0
253	3.0	0.0	1.0	0.0	3.0	6.0	1.0
254	3.0	0.0	1.0	0.0	3.0	6.0	1.0
255	2.0	0.0	1.0	0.0	2.0	4.0	1.0
256	1.0	0.0	1.0	0.0	1.0	2.0	1.0
257	1.0	0.0	1.0	0.0	0.3330000000000002	2.667	1.0
258	2.0	0.0	1.0	0.0	0.6660000000000004	5.334	1.0
259	0.0	0.0	0.0	0.0	0.0	0.0	0.0
260	0.0	0.0	0.0	0.0	0.0	0.0	0.0
261	1.0	0.0	1.0	0.0	1.0	2.0	1.0
262	2.0	0.0	0.0	0.0	1.3360000000000003	4.664	0.0
263	2.0	0.0	1.0	0.0	1.3360000000000003	4.664	1.0
264	3.0	0.0	1.0	0.0	3.0	6.0	1.0
265	3.0	0.0	2.0	0.0	2.0040000000000004	6.9959999999999996	2.0
266	2.0	0.0	2.0	0.0	2.0	4.0	2.0
267	1.0	0.0	1.0	0.0	1.0	2.0	1.0
268	0.0	0.0	0.0	0.0	0.0	0.0	0.0
269	4.0	0.0	1.0	0.0	4.0	8.0	1.0
270	4.0	0.0	4.0	0.0	4.0	8.0	4.0
271	3.0	0.0	1.0	0.0	0.9990000000000006	8.001	1.0
272	1.0	0.0	1.0	0.0	0.3330000000000002	2.667	1.0
273	1.0	1.0	0.0	1.0	0.6660000000000004	5.334	1.0
274	2.0	0.0	2.0	0.0	0.6660000000000004	5.334	2.0
275	1.0	0.0	1.0	0.0	0.3330000000000002	2.667	1.0
276	1.0	0.0	1.0	0.0	0.3330000000000002	2.667	1.0
277	2.0	0.0	1.0	0.0	1.3360000000000003	4.664	1.0
278	2.0	0.0	1.0	0.0	2.0	4.0	1.0
279	2.0	0.0	1.0	0.0	2.0	4.0	1.0
280	2.0	0.0	1.0	0.0	0.6660000000000004	5.334	1.0
281	2.0	0.0	1.0	0.0	0.6660000000000004	5.334	1.0
282	3.0	0.0	3.0	0.0	3.8	5.2	3.0
283	2.0	0.0	2.0	0.0	2.0	4.0	2.0
284	3.0	0.0	2.0	0.0	2.668	6.332	2.0
285	1.0	0.0	1.0	0.0	0.3330000000000002	2.667	1.0
286	3.0	0.0	2.0	0.0	3.8	5.2	2.0
287	4.0	0.0	2.0	0.0	4.0	8.0	2.0
288	1.0	0.0	1.0	0.0	1.0	2.0	1.0
289	1.0	1.0	1.0	1.0	0.6660000000000004	5.334	2.0
290	3.0	1.0	2.0	1.0	3.333	8.667	3.0
291	2.0	0.0	2.0	0.0	0.6660000000000004	5.334	2.0
292	2.0	2.0	2.0	0.0	3.3360000000000003	8.664	2.0
293	0.0	0.0	0.0	0.0	0.0	0.0	0.0
294	2.0	0.0	1.0	0.0	0.6660000000000004	5.334	1.0
295	3.0	0.0	2.0	0.0	2.068	3.932	1.0
296	0.0	1.0	0.0	1.0	1.0	2.0	1.0
297	0.0	0.0	0.0	0.0	0.0	0.0	0.0
298	1.0	0.0	1.0	0.0	0.3330000000000002	2.667	1.0
299	0.0	0.0	0.0	0.0	0.0	0.0	0.0
300	2.0	0.0	1.0	0.0	2.068	3.932	1.0
301	1.0	1.0	1.0	1.0	0.3330000000000002	2.667	1.0
302	2.0	0.0	1.0	0.0	2.0	4.0	1.0
303	2.0	0.0	2.0	0.0	2.0	4.0	2.0
304	0.0	0.0	0.0	0.0	0.0	0.0	0.0
305	1.0	0.0	1.0	0.0	1.0	2.0	1.0
306	6.0	0.0	4.0	0.0	4.736000000000001	10.264	3.0
307	3.0	0.0	2.0	0.0	3.0	6.0	2.0
308	3.0	0.0	2.0	0.0	3.0	6.0	2.0
309	2.0	0.0	1.0	0.0	2.0	4.0	1.0
310	4.0	0.0	3.0	0.0	4.0	8.0	3.0
311	2.0	0.0	1.0	0.0	2.0	4.0	1.0
312	0.0	0.0	0.0	0.0	0.0	0.0	0.0
313	2.0	2.0	1.0	1.0	3.3360000000000003	8.664	2.0
314	2.0	0.0	2.0	0.0	1.3360000000000003	4.664	2.0
315	1.0	0.0	0.0	0.0	0.3330000000000002	2.667	0.0
316	1.0	0.0	1.0	0.0	1.0	2.0	1.0
317	2.0	0.0	2.0	0.0	1.3360000000000003	4.664	2.0
318	5.0	0.0	4.0	0.0	3.3360000000000003	8.664	3.0
319	0.0	0.0	0.0	0.0	0.0	0.0	0.0
320	0.0	0.0	0.0	0.0	0.0	0.0	0.0
321	0.0	0.0	0.0	0.0	0.0	0.0	0.0
322	3.0	0.0	2.0	0.0	3.0	6.0	2.0
323	2.0	0.0	1.0	0.0	0.6660000000000004	5.334	1.0
324	2.0	0.0	1.0	0.0	0.6660000000000004	5.334	1.0
325	3.0	0.0	3.0	0.0	0.9990000000000006	8.001	3.0
326	4.0	0.0	2.0	0.0	4.0	8.0	2.0
327	2.0	0.0	1.0	0.0	0.6660000000000004	5.334	1.0
328	2.0	0.0	2.0	0.0	2.0	4.0	2.0
329	0.0	0.0	0.0	0.0	0.0	0.0	0.0
330	2.0	1.0	1.0	1.0	3.0	6.0	2.0
331	2.0	0.0	2.0	0.0	0.6660000000000004	5.334	2.0
332	2.0	3.0	1.0	3.0	5.0	10.0	4.0
333	0.0	2.0	0.0	2.0	0.6660000000000004	5.334	2.0
334	4.0	0.0	4.0	0.0	4.0	8.0	4.0
335	2.0	1.0	2.0	1.0	1.0	5.0	2.0
336	4.0	0.0	2.0	0.0	4.0	8.0	2.0
337	1.0	0.0	1.0	0.0	1.0	2.0	1.0
338	1.0	0.0	0.0	0.0	0.3330000000000002	2.667	0.0
339	5.0	0.0	1.0	0.0	4.336	10.664	1.0
340	2.0	0.0	2.0	0.0	0.6660000000000004	5.334	2.0
341	2.0	0.0	1.0	0.0	2.0	4.0	1.0
342	0.0	0.0	0.0	0.0	0.0	0.0	0.0
343	0.0	0.0	0.0	0.0	0.0	0.0	0.0
344	4.0	0.0	2.0	0.0	5.199999999999999	6.800000000000001	2.0
345	1.0	0.0	1.0	0.0	1.0	2.0	1.0
346	3.0	0.0	1.0	0.0	3.0	6.0	1.0
347	1.0	0.0	1.0	0.0	1.4	1.6	1.0
348	2.0	0.0	1.0	0.0	2.0	4.0	1.0
349	0.0	0.0	0.0	0.0	0.0	0.0	0.0
350	3.0	0.0	2.0	0.0	2.736	6.263999999999999	2.0
351	2.0	0.0	1.0	0.0	0.6660000000000004	5.334	1.0
352	3.0	0.0	2.0	0.0	3.0	6.0	2.0
353	2.0	0.0	1.0	0.0	0.6660000000000004	5.334	1.0
354	2.0	0.0	2.0	0.0	0.6660000000000004	5.334	2.0
355	3.0	0.0	1.0	0.0	3.0	6.0	1.0
356	1.0	0.0	1.0	0.0	1.0	2.0	1.0
357	1.0	0.0	1.0	0.0	0.3330000000000002	2.667	1.0
358	1.0	0.0	0.0	0.0	0.3330000000000002	2.667	0.0
359	0.0	0.0	0.0	0.0	0.0	0.0	0.0
360	0.0	0.0	0.0	0.0	0.0	0.0	0.0
361	2.0	0.0	0.0	0.0	2.4	3.6	0.0
362	1.0	0.0	1.0	0.0	0.6680000000000001	2.332	1.0
363	0.0	0.0	0.0	0.0	0.0	0.0	0.0
364	0.0	1.0	0.0	1.0	0.3330000000000002	2.667	1.0
365	2.0	4.0	1.0	3.0	3.668	8.332	2.0
366	2.0	0.0	2.0	0.0	2.0	4.0	2.0
367	3.0	4.0	2.0	3.0	6.0	12.0	4.0
368	0.0	4.0	0.0	2.0	0.9990000000000006	8.001	1.0
369	2.0	1.0	2.0	1.0	1.3340000000000005	7.6659999999999995	3.0
370	1.0	3.0	1.0	2.0	0.9990000000000006	8.001	2.0
371	3.0	1.0	1.0	1.0	3.0010000000000003	8.998999999999999	2.0
372	4.0	1.0	2.0	1.0	3.736	8.264	2.0
373	3.0	5.0	2.0	2.0	3.3320000000000007	14.668	3.0
374	1.0	0.0	0.0	0.0	1.0	2.0	0.0
375	1.0	0.0	1.0	0.0	1.0	2.0	1.0
376	1.0	0.0	0.0	0.0	0.3330000000000002	2.667	0.0
377	0.0	0.0	0.0	0.0	0.0	0.0	0.0
378	1.0	2.0	1.0	0.0	0.9990000000000006	8.001	1.0
379	0.0	0.0	0.0	0.0	0.0	0.0	0.0
380	2.0	0.0	1.0	0.0	1.3360000000000003	4.664	1.0
381	0.0	0.0	0.0	0.0	0.0	0.0	0.0
382	2.0	0.0	1.0	0.0	2.0	4.0	1.0
383	2.0	0.0	2.0	0.0	0.6680000000000001	2.332	1.0
384	2.0	0.0	2.0	0.0	2.0	4.0	2.0
385	0.0	0.0	0.0	0.0	0.0	0.0	0.0
386	0.0	0.0	0.0	0.0	0.0	0.0	0.0
387	2.0	0.0	2.0	0.0	1.6680000000000001	4.332	2.0
388	1.0	0.0	0.0	0.0	0.3330000000000002	2.667	0.0
389	0.0	0.0	0.0	0.0	0.0	0.0	0.0
390	4.0	0.0	1.0	0.0	4.0	8.0	1.0
391	0.0	0.0	0.0	0.0	0.0	0.0	0.0
392	0.0	0.0	0.0	0.0	0.0	0.0	0.0
393	2.0	0.0	2.0	0.0	1.0	2.0	1.0
394	0.0	0.0	0.0	0.0	0.0	0.0	0.0
395	0.0	0.0	0.0	0.0	0.0	0.0	0.0
396	0.0	0.0	0.0	0.0	0.0	0.0	0.0
397	2.0	0.0	2.0	0.0	1.3360000000000003	4.664	2.0
398	3.0	0.0	1.0	0.0	3.4	5.6	1.0
399	0.0	0.0	0.0	0.0	0.0	0.0	0.0
400	0.0	0.0	0.0	0.0	0.0	0.0	0.0
401	2.0	0.0	2.0	0.0	0.6660000000000004	5.334	2.0
402	1.0	0.0	1.0	0.0	0.3330000000000002	2.667	1.0
403	0.0	0.0	0.0	0.0	0.0	0.0	0.0
404	2.0	0.0	1.0	0.0	2.0	4.0	1.0
405	3.0	0.0	2.0	0.0	2.668	6.332	2.0
406	3.0	0.0	2.0	0.0	3.468	5.532	2.0
407	0.0	0.0	0.0	0.0	0.0	0.0	0.0
408	1.0	1.0	0.0	1.0	0.6660000000000004	5.334	1.0
409	2.0	0.0	1.0	0.0	2.0	4.0	1.0
410	2.0	0.0	1.0	0.0	2.0	4.0	1.0
411	0.0	0.0	0.0	0.0	0.0	0.0	0.0
412	1.0	0.0	0.0	0.0	0.3330000000000002	2.667	0.0
413	1.0	0.0	0.0	0.0	0.3330000000000002	2.667	0.0
414	2.0	1.0	2.0	0.0	2.668	6.332	2.0
415	1.0	0.0	0.0	0.0	0.6680000000000001	2.332	0.0
416	1.0	0.0	0.0	0.0	1.0	2.0	0.0
417	2.0	4.0	1.0	2.0	5.668	12.332	3.0
418	4.0	0.0	2.0	0.0	2.0040000000000004	6.9959999999999996	1.0
419	2.0	0.0	1.0	0.0	0.6660000000000004	5.334	1.0
420	0.0	2.0	0.0	2.0	0.3330000000000002	2.667	1.0
421	0.0	0.0	0.0	0.0	0.0	0.0	0.0
422	2.0	0.0	2.0	0.0	2.0	4.0	2.0
423	0.0	0.0	0.0	0.0	0.0	0.0	0.0
424	2.0	0.0	1.0	0.0	2.0	4.0	1.0
425	2.0	0.0	1.0	0.0	1.3360000000000003	4.664	1.0
426	3.0	0.0	2.0	0.0	2.3360000000000003	6.664	2.0
427	1.0	2.0	1.0	2.0	2.0	7.0	3.0
428	1.0	0.0	0.0	0.0	0.3330000000000002	2.667	0.0
429	1.0	0.0	0.0	0.0	1.0	2.0	0.0
430	1.0	0.0	1.0	0.0	0.3330000000000002	2.667	1.0
431	2.0	0.0	1.0	0.0	2.4	3.6	1.0
432	1.0	1.0	1.0	0.0	2.0	4.0	1.0
433	1.0	0.0	0.0	0.0	1.0	2.0	0.0
434	1.0	1.0	1.0	0.0	1.3330000000000002	4.667	1.0
435	4.0	0.0	3.0	0.0	3.668	8.332	3.0
436	2.0	0.0	1.0	0.0	2.0	4.0	1.0
437	1.0	0.0	0.0	0.0	0.3330000000000002	2.667	0.0
438	1.0	0.0	1.0	0.0	0.3330000000000002	2.667	1.0
439	2.0	0.0	1.0	0.0	2.0	4.0	1.0
440	2.0	2.0	1.0	2.0	3.333	8.667	3.0
441	1.0	1.0	0.0	0.0	1.6680000000000001	4.332	0.0
442	0.0	1.0	0.0	1.0	1.0	2.0	1.0
443	0.0	3.0	0.0	2.0	1.0010000000000003	7.999	2.0
444	1.0	1.0	0.0	1.0	0.6660000000000004	5.334	1.0
445	3.0	0.0	3.0	0.0	0.9990000000000006	8.001	3.0
446	1.0	2.0	0.0	2.0	1.6680000000000001	7.332	2.0
447	3.0	1.0	2.0	1.0	3.668	8.332	3.0
448	0.0	1.0	0.0	1.0	0.6680000000000001	2.332	1.0
449	0.0	1.0	0.0	1.0	0.3330000000000002	2.667	1.0
450	1.0	2.0	0.0	2.0	2.668	6.332	2.0
451	2.0	1.0	1.0	1.0	2.333	6.667	2.0
452	1.0	1.0	1.0	1.0	0.6660000000000004	5.334	2.0
453	2.0	0.0	2.0	0.0	2.0	4.0	2.0
454	3.0	0.0	3.0	0.0	3.0	6.0	3.0
455	0.0	0.0	0.0	0.0	0.0	0.0	0.0
456	1.0	0.0	1.0	0.0	0.3330000000000002	2.667	1.0
457	1.0	0.0	1.0	0.0	0.3330000000000002	2.667	1.0
458	2.0	0.0	2.0	0.0	2.0	4.0	2.0
459	3.0	0.0	1.0	0.0	3.0	6.0	1.0
460	3.0	0.0	3.0	0.0	1.6680000000000001	4.332	2.0
461	3.0	0.0	1.0	0.0	2.4	3.6	1.0
462	1.0	0.0	1.0	0.0	0.3330000000000002	2.667	1.0
463	1.0	0.0	0.0	0.0	1.0	2.0	0.0
464	0.0	0.0	0.0	0.0	0.0	0.0	0.0
465	1.0	0.0	0.0	0.0	0.3330000000000002	2.667	0.0
466	0.0	0.0	0.0	0.0	0.0	0.0	0.0
467	2.0	0.0	1.0	0.0	2.0	4.0	1.0
468	1.0	0.0	1.0	0.0	0.3330000000000002	2.667	1.0
469	2.0	0.0	1.0	0.0	0.6660000000000004	5.334	1.0
470	0.0	0.0	0.0	0.0	0.0	0.0	0.0
471	2.0	0.0	1.0	0.0	2.0	4.0	1.0
472	1.0	0.0	0.0	0.0	0.3330000000000002	2.667	0.0
473	2.0	0.0	1.0	0.0	0.6660000000000004	5.334	1.0
474	1.0	0.0	1.0	0.0	0.3330000000000002	2.667	1.0
475	1.0	0.0	0.0	0.0	1.0	2.0	0.0
476	2.0	0.0	2.0	0.0	0.6660000000000004	5.334	2.0
477	3.0	0.0	1.0	0.0	3.0	6.0	1.0
478	0.0	0.0	0.0	0.0	0.0	0.0	0.0
479	0.0	0.0	0.0	0.0	0.0	0.0	0.0
480	2.0	0.0	2.0	0.0	0.6660000000000004	5.334	2.0
481	0.0	0.0	0.0	0.0	0.0	0.0	0.0
482	2.0	0.0	2.0	0.0	0.6660000000000004	5.334	2.0
483	2.0	0.0	2.0	0.0	0.6660000000000004	5.334	2.0
484	2.0	0.0	1.0	0.0	0.6660000000000004	5.334	1.0
485	2.0	0.0	2.0	0.0	2.0	4.0	2.0
486	1.0	0.0	0.0	0.0	1.0	2.0	0.0
487	2.0	0.0	2.0	0.0	0.6660000000000004	5.334	2.0
488	2.0	0.0	2.0	0.0	0.6660000000000004	5.334	2.0
489	2.0	0.0	1.0	0.0	0.6660000000000004	5.334	1.0
490	2.0	2.0	1.0	2.0	3.3360000000000003	8.664	3.0
491	2.0	0.0	1.0	0.0	0.6660000000000004	5.334	1.0
492	0.0	0.0	0.0	0.0	0.0	0.0	0.0
493	2.0	0.0	1.0	0.0	0.6660000000000004	5.334	1.0
494	2.0	0.0	1.0	0.0	0.6660000000000004	5.334	1.0
495	1.0	0.0	1.0	0.0	0.3330000000000002	2.667	1.0
496	2.0	0.0	2.0	0.0	1.3360000000000003	4.664	2.0
497	1.0	1.0	1.0	0.0	2.0	4.0	1.0
498	2.0	1.0	2.0	1.0	3.0	6.0	3.0
499	3.0	0.0	2.0	0.0	3.0	6.0	2.0
500	3.0	0.0	1.0	0.0	3.0	6.0	1.0
501	2.0	0.0	1.0	0.0	2.0	4.0	1.0
502	5.0	3.0	5.0	0.0	8.0	16.0	5.0
503	3.0	1.0	1.0	1.0	4.0	8.0	2.0
504	2.0	1.0	2.0	1.0	3.0	6.0	3.0
505	3.0	2.0	2.0	2.0	3.333	8.667	3.0
506	1.0	0.0	0.0	0.0	0.3330000000000002	2.667	0.0
507	1.0	0.0	1.0	0.0	1.4	1.6	1.0
508	3.0	1.0	1.0	1.0	1.6660000000000004	7.334	1.0
509	2.0	2.0	2.0	1.0	2.0020000000000007	9.998	3.0
510	0.0	0.0	0.0	0.0	0.0	0.0	0.0
511	2.0	1.0	1.0	1.0	1.3330000000000002	4.667	1.0
512	0.0	0.0	0.0	0.0	0.0	0.0	0.0
513	2.0	0.0	1.0	0.0	0.6660000000000004	5.334	1.0
514	3.0	0.0	1.0	0.0	0.9990000000000006	8.001	1.0
515	2.0	0.0	2.0	0.0	2.0	4.0	2.0
516	2.0	0.0	1.0	0.0	0.6660000000000004	5.334	1.0
517	2.0	0.0	1.0	0.0	0.6660000000000004	5.334	1.0
518	3.0	0.0	1.0	0.0	3.0	6.0	1.0
519	3.0	0.0	2.0	0.0	3.8	5.2	2.0
520	0.0	0.0	0.0	0.0	0.0	0.0	0.0
521	2.0	0.0	1.0	0.0	2.0	4.0	1.0
522	3.0	0.0	2.0	0.0	3.0	6.0	2.0
523	2.0	1.0	2.0	1.0	1.0010000000000003	4.999	2.0
524	2.0	1.0	2.0	1.0	2.0	4.0	2.0
525	2.0	4.0	1.0	4.0	2.6660000000000004	9.334	3.0
526	1.0	0.0	1.0	0.0	1.0	2.0	1.0
527	2.0	1.0	2.0	1.0	3.0	6.0	3.0
528	0.0	0.0	0.0	0.0	0.0	0.0	0.0
529	0.0	4.0	0.0	3.0	2.0010000000000003	6.999	2.0
530	0.0	1.0	0.0	1.0	0.6680000000000001	2.332	1.0
531	1.0	2.0	1.0	2.0	1.6680000000000001	4.332	2.0
532	2.0	1.0	1.0	1.0	1.3330000000000002	4.667	1.0
533	2.0	0.0	1.0	0.0	0.6660000000000004	5.334	1.0
534	1.0	1.0	1.0	1.0	1.0	2.0	1.0
535	4.0	2.0	4.0	1.0	3.0010000000000003	8.998999999999999	3.0
536	3.0	0.0	2.0	0.0	0.9990000000000006	8.001	2.0
537	2.0	1.0	1.0	1.0	0.9990000000000006	8.001	2.0
538	1.0	0.0	1.0	0.0	0.3330000000000002	2.667	1.0
539	1.0	0.0	1.0	0.0	1.0	2.0	1.0
540	2.0	0.0	0.0	0.0	0.6660000000000004	5.334	0.0
541	2.0	0.0	1.0	0.0	2.0	4.0	1.0
542	3.0	1.0	2.0	0.0	3.3360000000000003	8.664	2.0
543	3.0	0.0	3.0	0.0	3.0	6.0	3.0
544	1.0	0.0	0.0	0.0	1.0	2.0	0.0
545	2.0	0.0	2.0	0.0	2.0	4.0	2.0
546	4.0	0.0	4.0	0.0	4.4	7.6	4.0
547	2.0	0.0	1.0	0.0	2.0	4.0	1.0
548	3.0	0.0	2.0	0.0	3.0	6.0	2.0
549	0.0	2.0	0.0	2.0	2.0	4.0	2.0
550	1.0	0.0	1.0	0.0	0.3330000000000002	2.667	1.0
551	1.0	3.0	1.0	3.0	1.3330000000000002	4.667	2.0
552	0.0	0.0	0.0	0.0	0.0	0.0	0.0
553	2.0	3.0	1.0	1.0	3.0	6.0	1.0
554	3.0	2.0	2.0	0.0	5.0	10.0	2.0
555	3.0	3.0	1.0	3.0	4.0	8.0	2.0
556	1.0	4.0	1.0	1.0	2.6660000000000004	9.334	2.0
557	2.0	2.0	1.0	2.0	1.3330000000000002	4.667	1.0
558	1.0	3.0	1.0	2.0	1.6660000000000004	7.334	2.0
559	2.0	6.0	1.0	2.0	3.9990000000000006	14.001	2.0
560	2.0	7.0	2.0	6.0	5.668	12.332	5.0
561	3.0	2.0	2.0	1.0	3.0	6.0	2.0
562	4.0	3.0	1.0	2.0	5.333	12.667	2.0
563	3.0	3.0	2.0	2.0	6.0	12.0	4.0
564	0.0	4.0	0.0	2.0	1.9990000000000006	10.001	2.0
565	2.0	3.0	2.0	2.0	5.0	10.0	4.0
566	1.0	6.0	1.0	4.0	3.3320000000000007	14.668	4.0
567	2.0	4.0	1.0	3.0	5.333	12.667	4.0
568	1.0	6.0	1.0	4.0	3.9990000000000006	14.001	4.0
569	4.0	4.0	3.0	2.0	5.7330000000000005	12.267	4.0
570	1.0	3.0	1.0	2.0	1.3330000000000002	4.667	1.0
571	3.0	0.0	2.0	0.0	0.9990000000000006	8.001	2.0
572	1.0	5.0	1.0	4.0	3.0010000000000003	8.998999999999999	3.0
573	0.0	3.0	0.0	2.0	2.0	7.0	2.0
574	1.0	5.0	1.0	3.0	1.9990000000000006	10.001	2.0
575	2.0	4.0	1.0	2.0	3.0	6.0	1.0
576	1.0	0.0	0.0	0.0	0.3330000000000002	2.667	0.0
577	1.0	4.0	0.0	2.0	3.6660000000000004	11.334	2.0
578	1.0	4.0	1.0	2.0	2.9990000000000006	12.001	3.0
579	0.0	3.0	0.0	1.0	1.6660000000000004	7.334	1.0
580	1.0	3.0	1.0	2.0	1.3330000000000002	4.667	1.0
581	0.0	1.0	0.0	1.0	1.0	2.0	1.0
582	1.0	3.0	1.0	1.0	1.6660000000000004	7.334	1.0
583	0.0	3.0	0.0	1.0	0.9990000000000006	8.001	1.0
584	2.0	3.0	1.0	2.0	0.3330000000000002	5.667	1.0
585	3.0	1.0	1.0	1.0	4.0	8.0	2.0
586	2.0	1.0	0.0	0.0	1.3330000000000002	4.667	0.0
587	2.0	2.0	1.0	0.0	3.0	6.0	1.0
588	1.0	1.0	0.0	0.0	0.6660000000000004	5.334	0.0
589	0.0	0.0	0.0	0.0	0.0	0.0	0.0
590	1.0	3.0	1.0	2.0	1.3330000000000002	4.667	1.0
591	0.0	4.0	0.0	1.0	1.6660000000000004	7.334	1.0
592	2.0	4.0	1.0	2.0	6.0	12.0	3.0
593	2.0	2.0	0.0	2.0	4.0	8.0	2.0
594	1.0	2.0	0.0	1.0	1.3330000000000002	4.667	1.0
595	2.0	1.0	0.0	0.0	1.3330000000000002	4.667	0.0
596	3.0	3.0	2.0	1.0	3.3340000000000005	11.666	3.0
597	0.0	5.0	0.0	3.0	1.6660000000000004	7.334	2.0
598	1.0	0.0	1.0	0.0	0.3330000000000002	2.667	1.0
599	2.0	3.0	1.0	2.0	1.6660000000000004	7.334	1.0
600	2.0	5.0	1.0	3.0	2.665000000000001	15.334999999999999	3.0
601	3.0	2.0	2.0	1.0	3.333	8.667	3.0
602	1.0	3.0	1.0	3.0	1.3330000000000002	4.667	2.0
603	0.0	5.0	0.0	2.0	2.6660000000000004	9.334	2.0
604	1.0	4.0	0.0	4.0	1.9990000000000006	10.001	3.0
605	2.0	4.0	1.0	4.0	5.333	12.667	5.0
606	1.0	2.0	1.0	1.0	1.6660000000000004	7.334	2.0
607	0.0	2.0	0.0	0.0	0.3330000000000002	2.667	0.0
608	3.0	2.0	2.0	1.0	2.9990000000000006	12.001	3.0
609	2.0	3.0	1.0	1.0	4.0	11.0	2.0
610	2.0	3.0	1.0	2.0	2.333	6.667	1.0
611	0.0	1.0	0.0	1.0	0.3330000000000002	2.667	1.0
612	1.0	4.0	0.0	2.0	1.9990000000000006	10.001	2.0
613	2.0	1.0	2.0	1.0	3.0	6.0	3.0
614	1.0	3.0	1.0	2.0	2.3360000000000003	6.664	2.0
615	2.0	3.0	2.0	2.0	3.0010000000000003	8.998999999999999	3.0
616	1.0	1.0	0.0	1.0	0.6660000000000004	5.334	1.0
617	2.0	0.0	2.0	0.0	2.0	4.0	2.0
618	1.0	3.0	0.0	2.0	1.6660000000000004	7.334	2.0
619	2.0	1.0	0.0	1.0	0.9990000000000006	8.001	1.0
620	1.0	1.0	0.0	1.0	1.4	4.6	1.0
621	2.0	0.0	1.0	0.0	2.0	4.0	1.0
622	3.0	0.0	2.0	0.0	2.668	6.332	2.0
623	2.0	1.0	1.0	1.0	0.9990000000000006	8.001	2.0
624	0.0	3.0	0.0	3.0	1.0010000000000003	4.999	2.0
625	0.0	2.0	0.0	2.0	0.3330000000000002	2.667	1.0
626	3.0	4.0	1.0	3.0	4.333	10.667	2.0
627	1.0	1.0	0.0	0.0	0.3330000000000002	2.667	0.0
628	2.0	2.0	1.0	2.0	1.6660000000000004	7.334	2.0
629	2.0	2.0	2.0	2.0	1.3330000000000002	4.667	2.0
630	2.0	3.0	2.0	1.0	5.0	10.0	3.0
631	2.0	4.0	2.0	4.0	4.4	7.6	4.0
632	2.0	0.0	0.0	0.0	2.0	4.0	0.0
633	1.0	1.0	1.0	1.0	0.6660000000000004	5.334	2.0
634	1.0	3.0	0.0	2.0	1.3320000000000007	10.668	2.0
635	1.0	2.0	1.0	2.0	0.3330000000000002	2.667	1.0
636	1.0	1.0	0.0	0.0	0.6660000000000004	5.334	0.0
637	0.0	4.0	0.0	3.0	1.6660000000000004	7.334	2.0
638	1.0	0.0	1.0	0.0	0.3330000000000002	2.667	1.0
639	3.0	0.0	1.0	0.0	3.0	6.0	1.0
640	1.0	0.0	1.0	0.0	0.3330000000000002	2.667	1.0
641	1.0	0.0	1.0	0.0	0.3330000000000002	2.667	1.0
642	1.0	1.0	0.0	1.0	2.0	4.0	1.0
643	0.0	0.0	0.0	0.0	0.0	0.0	0.0
644	3.0	0.0	3.0	0.0	3.0	6.0	3.0
645	2.0	0.0	1.0	0.0	2.0	4.0	1.0
646	1.0	0.0	1.0	0.0	1.0	2.0	1.0
647	2.0	2.0	2.0	2.0	3.0	6.0	3.0
648	1.0	0.0	0.0	0.0	0.3330000000000002	2.667	0.0
649	1.0	0.0	0.0	0.0	1.0	2.0	0.0
650	2.0	0.0	0.0	0.0	2.0	4.0	0.0
651	3.0	3.0	2.0	3.0	1.9990000000000006	10.001	3.0
652	3.0	1.0	1.0	1.0	3.0	6.0	1.0
653	2.0	2.0	2.0	1.0	4.0	8.0	3.0
654	0.0	2.0	0.0	2.0	1.0	2.0	1.0
655	3.0	1.0	2.0	1.0	3.0	6.0	2.0
656	2.0	0.0	2.0	0.0	0.6660000000000004	5.334	2.0
657	3.0	5.0	1.0	3.0	4.333	10.667	2.0
658	2.0	2.0	1.0	2.0	2.0660000000000003	6.933999999999999	2.0
659	2.0	3.0	2.0	3.0	3.333	8.667	4.0
660	1.0	4.0	1.0	3.0	2.6660000000000004	9.334	3.0
661	3.0	3.0	1.0	2.0	5.333	12.667	3.0
662	3.0	2.0	2.0	2.0	2.333	6.667	2.0
663	2.0	0.0	2.0	0.0	0.6660000000000004	5.334	2.0
664	3.0	1.0	2.0	1.0	3.0	6.0	2.0
665	4.0	3.0	3.0	3.0	5.0	10.0	4.0
666	3.0	3.0	2.0	3.0	3.333	8.667	3.0
667	3.0	3.0	0.0	0.0	3.0	6.0	0.0
668	1.0	3.0	1.0	1.0	2.333	6.667	1.0
669	3.0	4.0	2.0	3.0	6.0	12.0	4.0
670	0.0	0.0	0.0	0.0	0.0	0.0	0.0
671	0.0	0.0	0.0	0.0	0.0	0.0	0.0
672	2.0	6.0	2.0	4.0	3.9990000000000006	14.001	4.0
673	0.0	1.0	0.0	1.0	1.0	2.0	1.0
674	1.0	5.0	1.0	3.0	2.9990000000000006	12.001	3.0
675	2.0	5.0	1.0	4.0	4.3340000000000005	13.666	5.0
676	4.0	3.0	3.0	2.0	5.0	10.0	3.0
677	1.0	4.0	0.0	3.0	1.6660000000000004	7.334	2.0
678	1.0	3.0	1.0	2.0	1.6660000000000004	7.334	2.0
679	2.0	1.0	2.0	1.0	2.0	4.0	2.0
680	1.0	1.0	1.0	1.0	1.0	2.0	1.0
681	1.0	0.0	1.0	0.0	0.3330000000000002	2.667	1.0
682	2.0	3.0	1.0	2.0	3.3360000000000003	8.664	2.0
683	3.0	0.0	1.0	0.0	3.0	6.0	1.0
684	2.0	0.0	1.0	0.0	2.0	4.0	1.0
685	1.0	0.0	1.0	0.0	1.0	2.0	1.0
686	4.0	0.0	3.0	0.0	3.3360000000000003	8.664	3.0
687	2.0	0.0	1.0	0.0	0.6660000000000004	5.334	1.0
688	0.0	1.0	0.0	0.0	1.0	2.0	0.0
689	1.0	1.0	1.0	1.0	0.3330000000000002	5.667	2.0
690	3.0	0.0	2.0	0.0	3.0	6.0	2.0
691	2.0	4.0	2.0	3.0	4.0	8.0	3.0
692	3.0	5.0	1.0	3.0	4.0040000000000004	10.995999999999999	3.0
693	1.0	2.0	0.0	2.0	2.333	6.667	2.0
694	2.0	6.0	2.0	3.0	3.9990000000000006	14.001	4.0
695	0.0	3.0	0.0	1.0	1.6660000000000004	7.334	1.0
696	2.0	3.0	2.0	3.0	2.333	6.667	3.0
697	1.0	4.0	1.0	3.0	2.6690000000000005	9.331	3.0
698	2.0	3.0	2.0	3.0	3.0	6.0	3.0
699	2.0	3.0	1.0	2.0	3.0010000000000003	8.998999999999999	3.0
700	1.0	4.0	1.0	4.0	2.333	6.667	3.0
701	3.0	5.0	2.0	4.0	3.3320000000000007	14.668	4.0
702	0.0	2.0	0.0	2.0	1.3330000000000002	4.667	2.0
703	1.0	5.0	0.0	2.0	4.333	10.667	2.0
704	1.0	4.0	1.0	3.0	2.3320000000000007	12.668	4.0
705	0.0	3.0	0.0	1.0	1.6660000000000004	7.334	1.0
706	3.0	3.0	3.0	3.0	2.000000000000001	13.0	5.0
707	2.0	7.0	1.0	3.0	3.9990000000000006	14.001	2.0
708	1.0	3.0	1.0	2.0	1.6660000000000004	7.334	2.0
709	4.0	4.0	3.0	3.0	5.0	10.0	4.0
710	2.0	3.0	1.0	3.0	2.333	6.667	2.0
711	1.0	2.0	1.0	1.0	2.0	4.0	1.0
712	0.0	0.0	0.0	0.0	0.0	0.0	0.0
713	0.0	0.0	0.0	0.0	0.0	0.0	0.0
714	0.0	0.0	0.0	0.0	0.0	0.0	0.0
715	0.0	0.0	0.0	0.0	0.0	0.0	0.0
716	0.0	0.0	0.0	0.0	0.0	0.0	0.0
717	0.0	0.0	0.0	0.0	0.0	0.0	0.0
718	0.0	0.0	0.0	0.0	0.0	0.0	0.0
719	0.0	0.0	0.0	0.0	0.0	0.0	0.0
720	2.0	1.0	1.0	1.0	3.0	6.0	2.0
721	3.0	2.0	2.0	0.0	2.6660000000000004	9.334	2.0
722	3.0	2.0	3.0	2.0	3.333	8.667	4.0
723	4.0	2.0	4.0	1.0	5.0	10.0	4.0
724	1.0	3.0	0.0	1.0	1.9990000000000006	10.001	1.0
725	4.0	2.0	3.0	0.0	4.0	8.0	3.0
726	4.0	0.0	3.0	0.0	4.0	8.0	3.0
727	1.0	3.0	1.0	1.0	2.0	10.0	2.0
728	1.0	4.0	1.0	2.0	2.0010000000000003	9.998999999999999	3.0
729	1.0	1.0	1.0	1.0	2.0	4.0	2.0
730	3.0	3.0	2.0	3.0	4.333	10.667	4.0
731	2.0	1.0	1.0	1.0	3.0	6.0	2.0
732	2.0	2.0	1.0	2.0	2.333	6.667	2.0
733	1.0	2.0	0.0	2.0	0.9990000000000006	8.001	2.0
734	3.0	2.0	2.0	1.0	5.0	10.0	3.0
735	2.0	1.0	2.0	1.0	2.0	4.0	2.0
736	3.0	3.0	1.0	2.0	3.6660000000000004	11.334	2.0
737	2.0	1.0	1.0	1.0	2.0	4.0	1.0
738	1.0	1.0	0.0	0.0	1.3330000000000002	4.667	0.0
739	3.0	2.0	2.0	2.0	3.068	5.932	2.0
740	3.0	1.0	3.0	1.0	2.333	6.667	3.0
741	3.0	1.0	3.0	1.0	3.0	6.0	3.0
742	1.0	4.0	0.0	4.0	5.0	10.0	4.0
743	2.0	0.0	1.0	0.0	2.0	4.0	1.0
744	2.0	4.0	1.0	3.0	5.333	12.667	4.0
745	1.0	3.0	1.0	1.0	1.9990000000000006	10.001	2.0
746	1.0	3.0	1.0	1.0	1.6670000000000007	10.332999999999998	2.0
747	3.0	2.0	2.0	0.0	5.0	10.0	2.0
748	2.0	3.0	1.0	1.0	2.668	9.332	2.0
749	0.0	1.0	0.0	0.0	1.0	2.0	0.0
750	1.0	3.0	0.0	1.0	1.3330000000000002	7.667	1.0
751	2.0	2.0	1.0	1.0	2.333	6.667	2.0
752	3.0	4.0	1.0	2.0	4.0	8.0	2.0
753	1.0	4.0	1.0	3.0	4.333	10.667	4.0
754	2.0	3.0	2.0	3.0	2.0	4.0	2.0
755	2.0	2.0	1.0	1.0	2.4010000000000002	6.599	1.0
756	1.0	0.0	0.0	0.0	1.0	2.0	0.0
757	2.0	0.0	1.0	0.0	2.0	4.0	1.0
758	3.0	0.0	1.0	0.0	3.0	6.0	1.0
759	2.0	1.0	1.0	0.0	2.3360000000000003	6.664	1.0
760	1.0	0.0	0.0	0.0	1.0	2.0	0.0
761	1.0	3.0	0.0	2.0	1.9990000000000006	10.001	2.0
762	2.0	0.0	2.0	0.0	0.6680000000000001	2.332	1.0
763	2.0	0.0	0.0	0.0	2.0	4.0	0.0
764	0.0	1.0	0.0	1.0	0.3330000000000002	2.667	1.0
765	4.0	1.0	3.0	1.0	4.333	10.667	4.0
766	0.0	3.0	0.0	2.0	0.6660000000000004	5.334	1.0
767	1.0	2.0	1.0	2.0	0.3330000000000002	2.667	1.0
768	2.0	3.0	1.0	2.0	2.668	6.332	2.0
769	2.0	2.0	1.0	2.0	0.9990000000000006	8.001	2.0
770	2.0	1.0	1.0	1.0	2.0	4.0	1.0
771	3.0	0.0	1.0	0.0	3.0	6.0	1.0
772	3.0	0.0	3.0	0.0	3.0	6.0	3.0
773	1.0	0.0	1.0	0.0	1.0	2.0	1.0
774	3.0	0.0	1.0	0.0	0.9990000000000006	8.001	1.0
775	1.0	0.0	0.0	0.0	0.3330000000000002	2.667	0.0
776	1.0	0.0	1.0	0.0	1.4	1.6	1.0
777	1.0	0.0	1.0	0.0	0.3330000000000002	2.667	1.0
778	2.0	4.0	0.0	2.0	3.4010000000000002	11.599	2.0
779	1.0	0.0	1.0	0.0	0.3330000000000002	2.667	1.0
780	1.0	0.0	1.0	0.0	0.3330000000000002	2.667	1.0
781	2.0	0.0	1.0	0.0	2.0	4.0	1.0
782	1.0	0.0	0.0	0.0	0.3330000000000002	2.667	0.0
783	2.0	1.0	0.0	0.0	0.6660000000000004	5.334	0.0
784	2.0	0.0	0.0	0.0	2.0	4.0	0.0
785	1.0	0.0	1.0	0.0	1.0	2.0	1.0
786	2.0	0.0	2.0	0.0	2.0	4.0	2.0
787	1.0	0.0	1.0	0.0	1.0	2.0	1.0
788	2.0	1.0	0.0	1.0	2.333	6.667	1.0
789	2.0	0.0	2.0	0.0	1.3360000000000003	4.664	2.0
790	3.0	0.0	2.0	0.0	3.068	5.932	2.0
791	3.0	2.0	2.0	2.0	3.333	8.667	3.0
792	1.0	0.0	1.0	0.0	0.3330000000000002	2.667	1.0
793	2.0	0.0	1.0	0.0	0.6660000000000004	5.334	1.0
794	2.0	0.0	1.0	0.0	0.6660000000000004	5.334	1.0
795	2.0	2.0	2.0	2.0	3.0	6.0	3.0
796	1.0	0.0	0.0	0.0	0.3330000000000002	2.667	0.0
797	3.0	0.0	2.0	0.0	3.0	6.0	2.0
798	0.0	0.0	0.0	0.0	0.0	0.0	0.0
799	2.0	0.0	2.0	0.0	0.6660000000000004	5.334	2.0
800	1.0	0.0	1.0	0.0	0.3330000000000002	2.667	1.0
801	2.0	0.0	2.0	0.0	0.6660000000000004	5.334	2.0
802	2.0	0.0	2.0	0.0	0.6680000000000001	2.332	1.0
803	1.0	0.0	0.0	0.0	0.3330000000000002	2.667	0.0
804	2.0	0.0	1.0	0.0	0.6660000000000004	5.334	1.0
805	2.0	0.0	1.0	0.0	2.0	4.0	1.0
806	3.0	0.0	2.0	0.0	3.0	6.0	2.0
807	1.0	0.0	1.0	0.0	0.3330000000000002	2.667	1.0
808	2.0	0.0	2.0	0.0	0.6660000000000004	5.334	2.0
809	2.0	0.0	1.0	0.0	1.3360000000000003	4.664	1.0
810	2.0	0.0	1.0	0.0	2.0	4.0	1.0
811	2.0	0.0	1.0	0.0	0.6660000000000004	5.334	1.0
812	0.0	0.0	0.0	0.0	0.0	0.0	0.0
813	3.0	0.0	1.0	0.0	3.0	6.0	1.0
814	0.0	0.0	0.0	0.0	0.0	0.0	0.0
815	2.0	0.0	1.0	0.0	0.6660000000000004	5.334	1.0
816	2.0	0.0	1.0	0.0	2.0	4.0	1.0
817	3.0	0.0	2.0	0.0	3.0	6.0	2.0
818	0.0	0.0	0.0	0.0	0.0	0.0	0.0
819	0.0	0.0	0.0	0.0	0.0	0.0	0.0
820	2.0	0.0	2.0	0.0	2.0	4.0	2.0
821	2.0	0.0	1.0	0.0	2.0	4.0	1.0
822	0.0	2.0	0.0	1.0	0.6660000000000004	5.334	1.0
823	0.0	0.0	0.0	0.0	0.0	0.0	0.0
824	3.0	1.0	2.0	1.0	4.0	8.0	3.0
825	2.0	0.0	2.0	0.0	2.0	4.0	2.0
826	2.0	0.0	2.0	0.0	1.3360000000000003	4.664	2.0
827	2.0	0.0	1.0	0.0	2.0	4.0	1.0
828	2.0	2.0	1.0	1.0	2.3360000000000003	6.664	2.0
829	1.0	0.0	0.0	0.0	1.0	2.0	0.0
830	3.0	0.0	2.0	0.0	3.468	5.532	2.0
831	1.0	0.0	1.0	0.0	0.3330000000000002	2.667	1.0
832	0.0	0.0	0.0	0.0	0.0	0.0	0.0
833	1.0	0.0	1.0	0.0	1.0	2.0	1.0
834	3.0	0.0	3.0	0.0	3.0	6.0	3.0
835	0.0	0.0	0.0	0.0	0.0	0.0	0.0
836	1.0	1.0	0.0	1.0	1.6680000000000001	4.332	1.0
837	2.0	0.0	1.0	0.0	2.0	4.0	1.0
838	2.0	2.0	1.0	2.0	2.333	6.667	2.0
839	1.0	0.0	1.0	0.0	1.0	2.0	1.0
840	2.0	0.0	1.0	0.0	1.3360000000000003	4.664	1.0
841	1.0	0.0	1.0	0.0	0.6680000000000001	2.332	1.0
842	1.0	4.0	1.0	2.0	1.3320000000000007	10.668	2.0
843	0.0	0.0	0.0	0.0	0.0	0.0	0.0
844	1.0	0.0	0.0	0.0	0.3330000000000002	2.667	0.0
845	1.0	0.0	1.0	0.0	1.4	1.6	1.0
846	2.0	0.0	2.0	0.0	2.0	4.0	2.0
847	0.0	0.0	0.0	0.0	0.0	0.0	0.0
848	0.0	0.0	0.0	0.0	0.0	0.0	0.0
849	0.0	0.0	0.0	0.0	0.0	0.0	0.0
850	3.0	0.0	3.0	0.0	3.0	6.0	3.0
851	1.0	0.0	1.0	0.0	0.3330000000000002	2.667	1.0
852	0.0	0.0	0.0	0.0	0.0	0.0	0.0
853	0.0	2.0	0.0	1.0	1.3360000000000003	4.664	1.0
854	0.0	2.0	0.0	2.0	1.3360000000000003	4.664	2.0
855	0.0	0.0	0.0	0.0	0.0	0.0	0.0
856	3.0	0.0	3.0	0.0	3.0	6.0	3.0
857	1.0	0.0	1.0	0.0	1.0	2.0	1.0
858	0.0	0.0	0.0	0.0	0.0	0.0	0.0
859	1.0	0.0	1.0	0.0	1.0	2.0	1.0
860	0.0	0.0	0.0	0.0	0.0	0.0	0.0
861	0.0	0.0	0.0	0.0	0.0	0.0	0.0
862	3.0	0.0	1.0	0.0	3.0	6.0	1.0
863	2.0	0.0	1.0	0.0	0.6660000000000004	5.334	1.0
864	1.0	0.0	1.0	0.0	1.4	1.6	1.0
865	0.0	0.0	0.0	0.0	0.0	0.0	0.0
866	2.0	0.0	1.0	0.0	1.3360000000000003	4.664	1.0
867	1.0	0.0	1.0	0.0	0.6680000000000001	2.332	1.0
868	1.0	0.0	1.0	0.0	1.0	2.0	1.0
869	1.0	0.0	1.0	0.0	0.3330000000000002	2.667	1.0
870	1.0	0.0	1.0	0.0	0.3330000000000002	2.667	1.0
871	1.0	0.0	1.0	0.0	1.0	2.0	1.0
872	1.0	0.0	0.0	0.0	1.0	2.0	0.0
873	0.0	0.0	0.0	0.0	0.0	0.0	0.0
874	0.0	0.0	0.0	0.0	0.0	0.0	0.0
875	2.0	0.0	1.0	0.0	2.0	4.0	1.0
876	2.0	0.0	2.0	0.0	0.6660000000000004	5.334	2.0
877	4.0	0.0	2.0	0.0	2.668	6.332	1.0
878	1.0	0.0	0.0	0.0	0.3330000000000002	2.667	0.0
879	4.0	0.0	4.0	0.0	4.0	8.0	4.0
880	2.0	0.0	2.0	0.0	2.0	4.0	2.0
881	0.0	0.0	0.0	0.0	0.0	0.0	0.0
882	3.0	0.0	2.0	0.0	3.4	5.6	2.0
883	2.0	0.0	1.0	0.0	2.068	3.932	1.0
884	2.0	0.0	2.0	0.0	2.0	4.0	2.0
885	1.0	0.0	1.0	0.0	0.3330000000000002	2.667	1.0
886	3.0	0.0	1.0	0.0	3.0	6.0	1.0
887	2.0	0.0	1.0	0.0	2.0	4.0	1.0
888	2.0	0.0	2.0	0.0	2.0	4.0	2.0
889	1.0	1.0	0.0	1.0	0.6660000000000004	5.334	1.0
890	4.0	0.0	3.0	0.0	2.3360000000000003	6.664	2.0
891	2.0	0.0	0.0	0.0	2.0	4.0	0.0
892	0.0	0.0	0.0	0.0	0.0	0.0	0.0
893	1.0	0.0	1.0	0.0	0.3330000000000002	2.667	1.0
894	4.0	1.0	2.0	1.0	3.333	8.667	2.0
895	1.0	2.0	0.0	2.0	1.0010000000000003	4.999	1.0
896	0.0	0.0	0.0	0.0	0.0	0.0	0.0
897	0.0	0.0	0.0	0.0	0.0	0.0	0.0
898	1.0	2.0	1.0	1.0	0.6660000000000004	5.334	1.0
899	2.0	0.0	2.0	0.0	0.6660000000000004	5.334	2.0
900	2.0	0.0	2.0	0.0	2.0	4.0	2.0
901	0.0	0.0	0.0	0.0	0.0	0.0	0.0
902	4.0	0.0	3.0	0.0	4.0	8.0	3.0
903	3.0	0.0	2.0	0.0	3.0	6.0	2.0
904	4.0	0.0	1.0	0.0	4.068	7.9319999999999995	1.0
905	2.0	0.0	2.0	0.0	2.0	4.0	2.0
906	0.0	0.0	0.0	0.0	0.0	0.0	0.0
907	3.0	0.0	2.0	0.0	3.0	6.0	2.0
908	0.0	4.0	0.0	3.0	2.6690000000000005	9.331	3.0
909	1.0	0.0	1.0	0.0	0.3330000000000002	2.667	1.0
910	3.0	0.0	1.0	0.0	3.0	6.0	1.0
911	3.0	0.0	2.0	0.0	0.9990000000000006	8.001	2.0
912	1.0	0.0	1.0	0.0	0.3330000000000002	2.667	1.0
913	1.0	0.0	1.0	0.0	1.0	2.0	1.0
914	1.0	0.0	1.0	0.0	0.6680000000000001	2.332	1.0
915	4.0	0.0	4.0	0.0	4.8	7.2	4.0
916	2.0	0.0	1.0	0.0	2.0	4.0	1.0
917	2.0	0.0	2.0	0.0	2.0	4.0	2.0
918	1.0	0.0	1.0	0.0	1.0	2.0	1.0
919	3.0	0.0	1.0	0.0	3.0	6.0	1.0
920	3.0	0.0	2.0	0.0	3.0	6.0	2.0
921	1.0	0.0	1.0	0.0	0.3330000000000002	2.667	1.0
922	1.0	0.0	0.0	0.0	1.0	2.0	0.0
923	3.0	0.0	2.0	0.0	3.0	6.0	2.0
924	3.0	0.0	2.0	0.0	3.4	5.6	2.0
925	0.0	0.0	0.0	0.0	0.0	0.0	0.0
926	0.0	0.0	0.0	0.0	0.0	0.0	0.0
927	1.0	0.0	1.0	0.0	1.0	2.0	1.0
928	1.0	0.0	1.0	0.0	1.0	2.0	1.0
929	1.0	0.0	1.0	0.0	1.0	2.0	1.0
930	0.0	1.0	0.0	1.0	1.0	2.0	1.0
931	1.0	0.0	1.0	0.0	1.0	2.0	1.0
932	1.0	0.0	1.0	0.0	1.0	2.0	1.0
933	3.0	1.0	3.0	1.0	1.3320000000000007	10.668	4.0
934	3.0	0.0	2.0	0.0	3.0	6.0	2.0
935	3.0	0.0	2.0	0.0	2.668	6.332	2.0
936	2.0	0.0	1.0	0.0	2.0	4.0	1.0
937	2.0	1.0	2.0	1.0	2.0	4.0	2.0
938	1.0	1.0	1.0	1.0	1.0	2.0	1.0
939	3.0	0.0	2.0	0.0	3.0	6.0	2.0
940	2.0	0.0	2.0	0.0	2.4	3.6	2.0
941	3.0	0.0	1.0	0.0	3.0	6.0	1.0
942	1.0	0.0	1.0	0.0	1.0	2.0	1.0
943	2.0	1.0	1.0	1.0	2.4	6.6	2.0
944	3.0	0.0	2.0	0.0	3.0	6.0	2.0
945	3.0	0.0	1.0	0.0	3.0	6.0	1.0
946	1.0	0.0	1.0	0.0	1.0	2.0	1.0
947	1.0	0.0	0.0	0.0	0.3330000000000002	2.667	0.0
948	0.0	2.0	0.0	0.0	0.3330000000000002	2.667	0.0
949	0.0	0.0	0.0	0.0	0.0	0.0	0.0
950	0.0	0.0	0.0	0.0	0.0	0.0	0.0
951	4.0	0.0	3.0	0.0	4.0	8.0	3.0
952	2.0	4.0	1.0	2.0	1.6660000000000004	7.334	1.0
953	2.0	1.0	1.0	0.0	1.3330000000000002	4.667	1.0
954	1.0	0.0	1.0	0.0	0.3330000000000002	2.667	1.0
955	2.0	1.0	1.0	1.0	1.3330000000000002	4.667	1.0
956	1.0	0.0	1.0	0.0	1.0	2.0	1.0
957	3.0	0.0	1.0	0.0	3.0	6.0	1.0
958	2.0	1.0	2.0	0.0	0.9990000000000006	8.001	2.0
959	0.0	1.0	0.0	1.0	1.0	2.0	1.0
960	2.0	0.0	1.0	0.0	2.4	3.6	1.0
961	1.0	0.0	1.0	0.0	1.0	2.0	1.0
962	1.0	3.0	0.0	2.0	1.3320000000000007	10.668	2.0
963	2.0	0.0	1.0	0.0	2.0	4.0	1.0
964	4.0	0.0	3.0	0.0	4.0	8.0	3.0
965	1.0	0.0	1.0	0.0	1.4	1.6	1.0
966	1.0	0.0	0.0	0.0	0.3330000000000002	2.667	0.0
967	1.0	0.0	1.0	0.0	1.0	2.0	1.0
968	0.0	2.0	0.0	2.0	1.0	2.0	1.0
969	1.0	4.0	1.0	2.0	4.4	7.6	2.0
970	1.0	1.0	0.0	1.0	0.6660000000000004	5.334	1.0
971	3.0	4.0	0.0	3.0	4.734	13.265999999999998	2.0
972	2.0	0.0	1.0	0.0	0.6660000000000004	5.334	1.0
973	1.0	1.0	1.0	0.0	0.6660000000000004	5.334	1.0
974	0.0	2.0	0.0	1.0	1.3330000000000002	4.667	1.0
975	0.0	2.0	0.0	1.0	0.6660000000000004	5.334	1.0
976	0.0	2.0	0.0	2.0	0.3330000000000002	2.667	1.0
977	1.0	2.0	1.0	2.0	1.3330000000000002	4.667	2.0
978	2.0	0.0	2.0	0.0	2.0	4.0	2.0
979	3.0	0.0	2.0	0.0	2.0040000000000004	6.9959999999999996	2.0
980	3.0	0.0	1.0	0.0	3.0	6.0	1.0
981	3.0	0.0	1.0	0.0	3.0	6.0	1.0
982	1.0	0.0	1.0	0.0	0.3330000000000002	2.667	1.0
983	1.0	0.0	1.0	0.0	1.0	2.0	1.0
984	3.0	0.0	1.0	0.0	2.0040000000000004	6.9959999999999996	1.0
985	0.0	0.0	0.0	0.0	0.0	0.0	0.0
986	3.0	1.0	2.0	1.0	4.0	8.0	3.0
987	2.0	0.0	0.0	0.0	2.0	4.0	0.0
988	1.0	0.0	1.0	0.0	1.0	2.0	1.0
989	2.0	0.0	2.0	0.0	0.6680000000000001	2.332	1.0
990	0.0	0.0	0.0	0.0	0.0	0.0	0.0
991	3.0	0.0	1.0	0.0	3.0	6.0	1.0
992	1.0	0.0	1.0	0.0	1.0	2.0	1.0
993	2.0	0.0	1.0	0.0	0.6660000000000004	5.334	1.0
994	1.0	0.0	1.0	0.0	1.0	2.0	1.0
995	1.0	0.0	1.0	0.0	0.3330000000000002	2.667	1.0
996	2.0	0.0	0.0	0.0	2.0	4.0	0.0
997	1.0	0.0	0.0	0.0	0.3330000000000002	2.667	0.0
998	0.0	0.0	0.0	0.0	0.0	0.0	0.0
999	2.0	0.0	1.0	0.0	0.6660000000000004	5.334	1.0
1000	2.0	1.0	1.0	1.0	0.9990000000000006	8.001	2.0
1001	2.0	0.0	2.0	0.0	0.6660000000000004	5.334	2.0
1002	2.0	1.0	0.0	0.0	0.9990000000000006	8.001	0.0
1003	2.0	1.0	0.0	1.0	2.333	6.667	1.0
1004	0.0	1.0	0.0	1.0	1.0	2.0	1.0
1005	1.0	1.0	0.0	1.0	0.6660000000000004	5.334	1.0
1006	0.0	1.0	0.0	1.0	0.3330000000000002	2.667	1.0
1007	0.0	0.0	0.0	0.0	0.0	0.0	0.0
1008	1.0	3.0	0.0	2.0	1.3320000000000007	10.668	2.0
1009	1.0	2.0	0.0	2.0	0.9990000000000006	8.001	2.0
1010	2.0	1.0	1.0	1.0	0.9990000000000006	8.001	2.0
1011	3.0	0.0	3.0	0.0	3.0	6.0	3.0
1012	2.0	4.0	1.0	4.0	2.333	6.667	2.0
1013	2.0	0.0	1.0	0.0	0.6660000000000004	5.334	1.0
1014	0.0	0.0	0.0	0.0	0.0	0.0	0.0
1015	0.0	0.0	0.0	0.0	0.0	0.0	0.0
1016	0.0	0.0	0.0	0.0	0.0	0.0	0.0
1017	2.0	3.0	1.0	3.0	1.6660000000000004	7.334	2.0
1018	1.0	3.0	1.0	2.0	0.3330000000000002	8.667	2.0
1019	0.0	1.0	0.0	0.0	0.3330000000000002	2.667	0.0
1020	3.0	1.0	1.0	1.0	3.0	9.0	2.0
1021	1.0	2.0	1.0	2.0	0.3330000000000002	2.667	1.0
1022	3.0	1.0	3.0	1.0	2.0	4.0	2.0
1023	0.0	1.0	0.0	1.0	0.3330000000000002	2.667	1.0
1024	0.0	2.0	0.0	2.0	0.3330000000000002	2.667	1.0
1025	0.0	0.0	0.0	0.0	0.0	0.0	0.0
1026	0.0	2.0	0.0	2.0	1.0	5.0	2.0
1027	0.0	3.0	0.0	3.0	1.3330000000000002	4.667	2.0
1028	3.0	3.0	2.0	3.0	3.333	8.667	3.0
1029	2.0	0.0	1.0	0.0	2.0	4.0	1.0
1030	1.0	1.0	1.0	1.0	1.0	2.0	1.0
1031	3.0	1.0	2.0	1.0	2.3360000000000003	6.664	2.0
1032	2.0	1.0	0.0	1.0	0.9990000000000006	8.001	1.0
1033	0.0	0.0	0.0	0.0	0.0	0.0	0.0
1034	1.0	1.0	1.0	1.0	1.4	1.6	1.0
1035	1.0	1.0	1.0	1.0	1.0	2.0	1.0
1036	0.0	3.0	0.0	2.0	0.9990000000000006	8.001	2.0
1037	1.0	2.0	1.0	2.0	1.0	2.0	1.0
1038	2.0	1.0	1.0	1.0	2.736	6.263999999999999	2.0
1039	1.0	3.0	0.0	3.0	2.333	6.667	2.0
1040	1.0	1.0	1.0	1.0	1.0	2.0	1.0
1041	0.0	2.0	0.0	2.0	0.3330000000000002	2.667	1.0
1042	1.0	2.0	1.0	1.0	0.9990000000000006	8.001	2.0
1043	0.0	0.0	0.0	0.0	0.0	0.0	0.0
1044	1.0	0.0	0.0	0.0	0.3330000000000002	2.667	0.0
1045	1.0	0.0	0.0	0.0	1.0	2.0	0.0
1046	1.0	0.0	0.0	0.0	0.3330000000000002	2.667	0.0
1047	0.0	2.0	0.0	2.0	1.3330000000000002	4.667	2.0
1048	1.0	1.0	1.0	1.0	1.0	2.0	1.0
1049	2.0	2.0	2.0	2.0	1.3330000000000002	4.667	2.0
1050	1.0	0.0	1.0	0.0	0.3330000000000002	2.667	1.0
1051	3.0	2.0	1.0	1.0	4.0	8.0	2.0
1052	3.0	1.0	1.0	1.0	1.9990000000000006	10.001	2.0
1053	2.0	3.0	1.0	2.0	2.668	9.332	2.0
1054	0.0	3.0	0.0	2.0	0.6660000000000004	5.334	1.0
1055	1.0	0.0	0.0	0.0	1.0	2.0	0.0
1056	0.0	5.0	0.0	2.0	2.3340000000000005	9.666	2.0
1057	1.0	2.0	0.0	0.0	0.3330000000000002	2.667	0.0
1058	1.0	2.0	0.0	0.0	0.3330000000000002	2.667	0.0
1059	1.0	2.0	0.0	0.0	1.3330000000000002	4.667	0.0
1060	1.0	0.0	0.0	0.0	1.0	2.0	0.0
1061	1.0	2.0	0.0	0.0	2.4	3.6	0.0
1062	0.0	0.0	0.0	0.0	0.0	0.0	0.0
1063	1.0	0.0	0.0	0.0	1.0	2.0	0.0
1064	1.0	2.0	0.0	0.0	2.4	3.6	0.0
1065	0.0	0.0	0.0	0.0	0.0	0.0	0.0
1066	0.0	0.0	0.0	0.0	0.0	0.0	0.0
1067	0.0	0.0	0.0	0.0	0.0	0.0	0.0
1068	0.0	0.0	0.0	0.0	0.0	0.0	0.0
1069	0.0	0.0	0.0	0.0	0.0	0.0	0.0
1070	1.0	2.0	0.0	0.0	1.3330000000000002	4.667	0.0
1071	0.0	0.0	0.0	0.0	0.0	0.0	0.0
1072	1.0	2.0	0.0	0.0	0.6680000000000001	2.332	0.0
1073	1.0	0.0	0.0	0.0	0.3330000000000002	2.667	0.0
1074	0.0	0.0	0.0	0.0	0.0	0.0	0.0
1075	1.0	1.0	0.0	0.0	1.3330000000000002	4.667	0.0
1076	1.0	0.0	0.0	0.0	1.0	2.0	0.0
1077	1.0	0.0	0.0	0.0	0.3330000000000002	2.667	0.0
1078	1.0	2.0	0.0	0.0	0.6660000000000004	5.334	0.0
1079	1.0	1.0	0.0	0.0	0.3330000000000002	2.667	0.0
1080	0.0	1.0	0.0	0.0	0.3330000000000002	2.667	0.0
1081	1.0	0.0	0.0	0.0	0.3330000000000002	2.667	0.0
1082	0.0	1.0	0.0	0.0	1.0	2.0	0.0
1083	1.0	0.0	0.0	0.0	1.0	2.0	0.0
1084	0.0	1.0	0.0	0.0	1.0	2.0	0.0
1085	1.0	0.0	0.0	0.0	1.0	2.0	0.0
1086	1.0	1.0	0.0	0.0	0.3330000000000002	2.667	0.0
1087	0.0	1.0	0.0	0.0	0.3330000000000002	2.667	0.0
1088	1.0	1.0	0.0	0.0	0.3330000000000002	2.667	0.0
1089	0.0	0.0	0.0	0.0	0.0	0.0	0.0
1090	0.0	1.0	0.0	0.0	0.3330000000000002	2.667	0.0
1091	0.0	0.0	0.0	0.0	0.0	0.0	0.0
1092	0.0	1.0	0.0	0.0	1.0	2.0	0.0
1093	0.0	2.0	0.0	0.0	1.3360000000000003	4.664	0.0
1094	0.0	1.0	0.0	0.0	1.0	2.0	0.0
1095	1.0	1.0	0.0	0.0	0.3330000000000002	2.667	0.0
1096	1.0	0.0	0.0	0.0	0.3330000000000002	2.667	0.0
1097	1.0	1.0	0.0	0.0	2.0	4.0	0.0
1098	0.0	1.0	0.0	0.0	1.0	2.0	0.0
1099	0.0	1.0	0.0	0.0	1.0	2.0	0.0
1100	1.0	0.0	0.0	0.0	0.3330000000000002	2.667	0.0
1101	0.0	0.0	0.0	0.0	0.0	0.0	0.0
1102	1.0	1.0	0.0	0.0	2.4	3.6	0.0
1103	0.0	0.0	0.0	0.0	0.0	0.0	0.0
1104	0.0	0.0	0.0	0.0	0.0	0.0	0.0
1105	0.0	0.0	0.0	0.0	0.0	0.0	0.0
1106	0.0	1.0	0.0	0.0	0.0	3.0	0.0
1107	0.0	2.0	0.0	0.0	0.3330000000000002	2.667	0.0
1108	0.0	0.0	0.0	0.0	0.0	0.0	0.0
1109	0.0	0.0	0.0	0.0	0.0	0.0	0.0
1110	0.0	0.0	0.0	0.0	0.0	0.0	0.0
1111	0.0	0.0	0.0	0.0	0.0	0.0	0.0
1112	1.0	0.0	0.0	0.0	1.0	2.0	0.0
1113	1.0	0.0	0.0	0.0	1.0	2.0	0.0
1114	0.0	1.0	0.0	0.0	0.3330000000000002	2.667	0.0
1115	1.0	1.0	0.0	0.0	1.0	2.0	0.0
1116	0.0	1.0	0.0	0.0	1.4	1.6	0.0
1117	1.0	0.0	0.0	0.0	1.0	2.0	0.0
1118	0.0	0.0	0.0	0.0	0.0	0.0	0.0
1119	0.0	0.0	0.0	0.0	0.0	0.0	0.0
1120	0.0	0.0	0.0	0.0	0.0	0.0	0.0
1121	0.0	0.0	0.0	0.0	0.0	0.0	0.0
1122	0.0	1.0	0.0	0.0	1.0	2.0	0.0
1123	0.0	1.0	0.0	0.0	0.6680000000000001	2.332	0.0
1124	1.0	1.0	0.0	0.0	0.6660000000000004	5.334	0.0
1125	0.0	0.0	0.0	0.0	0.0	0.0	0.0
1126	0.0	0.0	0.0	0.0	0.0	0.0	0.0
1127	0.0	1.0	0.0	0.0	1.0	2.0	0.0
1128	1.0	0.0	0.0	0.0	0.3330000000000002	2.667	0.0
1129	0.0	0.0	0.0	0.0	0.0	0.0	0.0
1130	1.0	0.0	1.0	0.0	1.0	2.0	1.0
1131	1.0	0.0	0.0	0.0	0.3330000000000002	2.667	0.0
1132	0.0	0.0	0.0	0.0	0.0	0.0	0.0
1133	1.0	0.0	0.0	0.0	0.3330000000000002	2.667	0.0
1134	2.0	0.0	0.0	0.0	2.0	4.0	0.0
1135	1.0	0.0	1.0	0.0	0.6680000000000001	2.332	1.0
1136	0.0	1.0	0.0	0.0	0.3330000000000002	2.667	0.0
1137	0.0	0.0	0.0	0.0	0.0	0.0	0.0
1138	2.0	0.0	0.0	0.0	2.0	4.0	0.0
1139	1.0	1.0	0.0	1.0	2.0	4.0	1.0
1140	1.0	0.0	1.0	0.0	1.0	2.0	1.0
1141	1.0	0.0	0.0	0.0	1.0	2.0	0.0
1142	1.0	1.0	0.0	0.0	0.0	3.0	0.0
1143	0.0	0.0	0.0	0.0	0.0	0.0	0.0
1144	1.0	0.0	0.0	0.0	1.0	2.0	0.0
1145	0.0	0.0	0.0	0.0	0.0	0.0	0.0
1146	2.0	0.0	1.0	0.0	2.0	4.0	1.0
1147	0.0	0.0	0.0	0.0	0.0	0.0	0.0
1148	0.0	0.0	0.0	0.0	0.0	0.0	0.0
1149	1.0	0.0	1.0	0.0	1.0	2.0	1.0
1150	1.0	0.0	1.0	0.0	1.0	2.0	1.0
1151	1.0	0.0	0.0	0.0	1.0	2.0	0.0
1152	1.0	0.0	1.0	0.0	1.0	2.0	1.0
1153	1.0	0.0	1.0	0.0	1.0	2.0	1.0
1154	1.0	0.0	0.0	0.0	1.0	2.0	0.0
1155	1.0	0.0	0.0	0.0	1.0	2.0	0.0
1156	1.0	0.0	0.0	0.0	1.0	2.0	0.0
1157	0.0	0.0	0.0	0.0	0.0	0.0	0.0
1158	0.0	0.0	0.0	0.0	0.0	0.0	0.0
1159	1.0	1.0	0.0	0.0	0.6680000000000001	2.332	0.0
1160	0.0	0.0	0.0	0.0	0.0	0.0	0.0
1161	2.0	0.0	1.0	0.0	2.0	4.0	1.0
1162	1.0	0.0	0.0	0.0	1.0	2.0	0.0
1163	2.0	0.0	0.0	0.0	1.0	2.0	0.0
1164	0.0	0.0	0.0	0.0	0.0	0.0	0.0
1165	2.0	0.0	1.0	0.0	1.6680000000000001	4.332	1.0
1166	1.0	0.0	0.0	0.0	1.4	1.6	0.0
1167	0.0	0.0	0.0	0.0	0.0	0.0	0.0
1168	1.0	0.0	0.0	0.0	1.0	2.0	0.0
1169	1.0	0.0	0.0	0.0	1.0	2.0	0.0
1170	0.0	0.0	0.0	0.0	0.0	0.0	0.0
1171	1.0	0.0	0.0	0.0	0.6680000000000001	2.332	0.0
1172	1.0	0.0	0.0	0.0	1.0	2.0	0.0
1173	1.0	0.0	0.0	0.0	1.0	2.0	0.0
1174	0.0	0.0	0.0	0.0	0.0	0.0	0.0
1175	1.0	0.0	1.0	0.0	0.3330000000000002	2.667	1.0
1176	0.0	0.0	0.0	0.0	0.0	0.0	0.0
1177	1.0	0.0	0.0	0.0	0.3330000000000002	2.667	0.0
1178	0.0	0.0	0.0	0.0	0.0	0.0	0.0
1179	0.0	0.0	0.0	0.0	0.0	0.0	0.0
1180	1.0	0.0	0.0	0.0	1.0	2.0	0.0
1181	2.0	0.0	0.0	0.0	2.0	4.0	0.0
1182	1.0	0.0	0.0	0.0	1.0	2.0	0.0
1183	1.0	1.0	1.0	1.0	1.0	2.0	1.0
1184	2.0	2.0	0.0	0.0	1.3330000000000002	4.667	0.0
1185	1.0	0.0	0.0	0.0	1.0	2.0	0.0
1186	1.0	2.0	0.0	0.0	1.3330000000000002	4.667	0.0
1187	0.0	1.0	0.0	0.0	0.3330000000000002	2.667	0.0
1188	0.0	2.0	0.0	0.0	1.3330000000000002	4.667	0.0
1189	0.0	3.0	0.0	1.0	1.6660000000000004	7.334	1.0
1190	0.0	1.0	0.0	0.0	0.3330000000000002	2.667	0.0
1191	1.0	1.0	0.0	0.0	1.0	2.0	0.0
1192	1.0	1.0	0.0	0.0	1.0	2.0	0.0
1193	1.0	1.0	0.0	0.0	1.0	2.0	0.0
1194	0.0	0.0	0.0	0.0	0.0	0.0	0.0
1195	1.0	0.0	0.0	0.0	0.3330000000000002	2.667	0.0
1196	0.0	2.0	0.0	0.0	0.3330000000000002	2.667	0.0
1197	1.0	1.0	0.0	0.0	0.6660000000000004	5.334	0.0
1198	1.0	2.0	0.0	0.0	1.3330000000000002	4.667	0.0
1199	1.0	3.0	1.0	1.0	3.0	6.0	1.0
1200	1.0	2.0	0.0	0.0	0.3330000000000002	2.667	0.0
1201	1.0	4.0	0.0	1.0	2.6660000000000004	9.334	1.0
1202	0.0	0.0	0.0	0.0	0.0	0.0	0.0
1203	1.0	2.0	0.0	0.0	2.0	4.0	0.0
1204	1.0	0.0	1.0	0.0	0.3330000000000002	2.667	1.0
1205	2.0	1.0	1.0	0.0	2.668	6.332	1.0
1206	1.0	0.0	0.0	0.0	1.0	2.0	0.0
1207	1.0	1.0	0.0	0.0	0.6660000000000004	5.334	0.0
1208	1.0	1.0	1.0	0.0	0.6660000000000004	5.334	1.0
1209	1.0	0.0	0.0	0.0	1.0	2.0	0.0
1210	1.0	0.0	1.0	0.0	0.3330000000000002	2.667	1.0
1211	1.0	0.0	0.0	0.0	1.0	2.0	0.0
1212	0.0	0.0	0.0	0.0	0.0	0.0	0.0
1213	1.0	1.0	0.0	0.0	0.6660000000000004	5.334	0.0
1214	0.0	0.0	0.0	0.0	0.0	0.0	0.0
1215	1.0	1.0	0.0	0.0	0.6660000000000004	5.334	0.0
1216	1.0	0.0	0.0	0.0	0.3330000000000002	2.667	0.0
1217	1.0	0.0	0.0	0.0	0.3330000000000002	2.667	0.0
1218	1.0	1.0	0.0	0.0	0.6660000000000004	5.334	0.0
1219	1.0	2.0	0.0	0.0	2.333	6.667	0.0
1220	2.0	2.0	1.0	0.0	1.6660000000000004	7.334	1.0
1221	1.0	0.0	0.0	0.0	0.3330000000000002	2.667	0.0
1222	1.0	0.0	1.0	0.0	0.3330000000000002	2.667	1.0
1223	1.0	0.0	1.0	0.0	0.3330000000000002	2.667	1.0
1224	0.0	0.0	0.0	0.0	0.0	0.0	0.0
1225	0.0	1.0	0.0	0.0	0.3330000000000002	2.667	0.0
1226	0.0	2.0	0.0	1.0	1.3330000000000002	4.667	1.0
1227	1.0	2.0	1.0	0.0	1.6660000000000004	7.334	1.0
1228	0.0	2.0	0.0	1.0	1.3330000000000002	4.667	1.0
1229	1.0	1.0	0.0	0.0	0.3330000000000002	2.667	0.0
1230	0.0	2.0	0.0	1.0	1.3330000000000002	4.667	1.0
1231	0.0	0.0	0.0	0.0	0.0	0.0	0.0
1232	0.0	0.0	0.0	0.0	0.0	0.0	0.0
1233	2.0	1.0	1.0	1.0	2.0	4.0	1.0
1234	1.0	0.0	0.0	0.0	1.0	2.0	0.0
1235	0.0	0.0	0.0	0.0	0.0	0.0	0.0
1236	2.0	0.0	0.0	0.0	2.0	4.0	0.0
1237	1.0	2.0	1.0	0.0	2.333	6.667	1.0
1238	1.0	1.0	0.0	0.0	2.0	4.0	0.0
1239	2.0	1.0	0.0	0.0	2.0	4.0	0.0
1240	2.0	0.0	0.0	0.0	2.0	4.0	0.0
1241	1.0	0.0	0.0	0.0	1.0	2.0	0.0
1242	1.0	0.0	0.0	0.0	1.0	2.0	0.0
1243	0.0	0.0	0.0	0.0	0.0	0.0	0.0
1244	0.0	0.0	0.0	0.0	0.0	0.0	0.0
1245	1.0	2.0	1.0	0.0	2.0	4.0	1.0
1246	1.0	2.0	0.0	1.0	3.0	6.0	1.0
1247	1.0	0.0	0.0	0.0	1.0	2.0	0.0
1248	3.0	1.0	1.0	0.0	2.0010000000000003	6.999	1.0
1249	1.0	0.0	0.0	0.0	1.0	2.0	0.0
1250	2.0	0.0	1.0	0.0	2.0	4.0	1.0
1251	0.0	0.0	0.0	0.0	0.0	0.0	0.0
1252	0.0	0.0	0.0	0.0	0.0	0.0	0.0
1253	0.0	0.0	0.0	0.0	0.0	0.0	0.0
1254	1.0	0.0	1.0	0.0	1.0	2.0	1.0
1255	0.0	3.0	0.0	1.0	2.0	7.0	1.0
1256	1.0	2.0	1.0	0.0	3.0	6.0	1.0
1257	2.0	0.0	0.0	0.0	1.6680000000000001	4.332	0.0
1258	1.0	1.0	0.0	1.0	1.3330000000000002	4.667	1.0
1259	1.0	0.0	1.0	0.0	1.0	2.0	1.0
1260	1.0	3.0	0.0	2.0	1.6660000000000004	7.334	1.0
1261	0.0	1.0	0.0	1.0	0.3330000000000002	2.667	1.0
1262	0.0	1.0	0.0	0.0	1.0	2.0	0.0
1263	1.0	0.0	0.0	0.0	1.0	2.0	0.0
1264	1.0	0.0	0.0	0.0	0.3330000000000002	2.667	0.0
1265	0.0	0.0	0.0	0.0	0.0	0.0	0.0
1266	1.0	0.0	0.0	0.0	1.0	2.0	0.0
1267	1.0	0.0	0.0	0.0	0.3330000000000002	2.667	0.0
1268	0.0	0.0	0.0	0.0	0.0	0.0	0.0
1269	0.0	0.0	0.0	0.0	0.0	0.0	0.0
1270	1.0	0.0	1.0	0.0	1.0	2.0	1.0
1271	0.0	0.0	0.0	0.0	0.0	0.0	0.0
1272	1.0	1.0	0.0	1.0	0.6660000000000004	5.334	1.0
1273	0.0	0.0	0.0	0.0	0.0	0.0	0.0
1274	0.0	0.0	0.0	0.0	0.0	0.0	0.0
1275	0.0	0.0	0.0	0.0	0.0	0.0	0.0
1276	0.0	0.0	0.0	0.0	0.0	0.0	0.0
1277	0.0	1.0	0.0	0.0	0.3330000000000002	2.667	0.0
1278	1.0	0.0	1.0	0.0	0.3330000000000002	2.667	1.0
1279	0.0	0.0	0.0	0.0	0.0	0.0	0.0
1280	0.0	0.0	0.0	0.0	0.0	0.0	0.0
1281	0.0	0.0	0.0	0.0	0.0	0.0	0.0
1282	2.0	0.0	0.0	0.0	2.0	4.0	0.0
1283	0.0	0.0	0.0	0.0	0.0	0.0	0.0
1284	1.0	0.0	0.0	0.0	0.3330000000000002	2.667	0.0
1285	0.0	0.0	0.0	0.0	0.0	0.0	0.0
1286	0.0	0.0	0.0	0.0	0.0	0.0	0.0
1287	1.0	0.0	1.0	0.0	1.0	2.0	1.0
1288	0.0	0.0	0.0	0.0	0.0	0.0	0.0
1289	1.0	0.0	1.0	0.0	1.0	2.0	1.0
1290	0.0	1.0	0.0	0.0	0.3330000000000002	2.667	0.0
1291	1.0	2.0	1.0	1.0	2.0	4.0	1.0
1292	1.0	0.0	0.0	0.0	1.0	2.0	0.0
1293	1.0	0.0	0.0	0.0	1.0	2.0	0.0
1294	1.0	0.0	0.0	0.0	1.0	2.0	0.0
1295	2.0	1.0	0.0	0.0	2.0	4.0	0.0
1296	1.0	0.0	0.0	0.0	0.3330000000000002	2.667	0.0
1297	2.0	2.0	1.0	1.0	3.0	6.0	1.0
1298	0.0	1.0	0.0	0.0	0.3330000000000002	2.667	0.0
1299	1.0	0.0	0.0	0.0	0.3330000000000002	2.667	0.0
1300	0.0	2.0	0.0	0.0	0.6660000000000004	5.334	0.0
1301	1.0	2.0	1.0	0.0	1.3330000000000002	4.667	1.0
1302	1.0	1.0	0.0	0.0	1.0	2.0	0.0
1303	1.0	0.0	0.0	0.0	1.0	2.0	0.0
1304	0.0	0.0	0.0	0.0	0.0	0.0	0.0
1305	2.0	0.0	1.0	0.0	2.0	4.0	1.0
1306	1.0	0.0	0.0	0.0	1.4	1.6	0.0
1307	1.0	0.0	0.0	0.0	1.0	2.0	0.0
1308	0.0	0.0	0.0	0.0	0.0	0.0	0.0
1309	1.0	0.0	0.0	0.0	0.3330000000000002	2.667	0.0
1310	0.0	0.0	0.0	0.0	0.0	0.0	0.0
1311	1.0	0.0	1.0	0.0	1.0	2.0	1.0
1312	0.0	0.0	0.0	0.0	0.0	0.0	0.0
1313	1.0	1.0	0.0	0.0	1.0	2.0	0.0
1314	0.0	2.0	0.0	0.0	0.3330000000000002	2.667	0.0
1315	1.0	0.0	0.0	0.0	1.0	2.0	0.0
1316	1.0	0.0	0.0	0.0	1.0	2.0	0.0
1317	0.0	0.0	0.0	0.0	0.0	0.0	0.0
1318	1.0	0.0	0.0	0.0	0.3330000000000002	2.667	0.0
1319	2.0	0.0	1.0	0.0	2.0	4.0	1.0
1320	1.0	0.0	1.0	0.0	0.3330000000000002	2.667	1.0
1321	2.0	1.0	1.0	1.0	1.3330000000000002	4.667	1.0
1322	1.0	1.0	0.0	1.0	1.3330000000000002	4.667	1.0
1323	0.0	0.0	0.0	0.0	0.0	0.0	0.0
1324	0.0	0.0	0.0	0.0	0.0	0.0	0.0
1325	0.0	0.0	0.0	0.0	0.0	0.0	0.0
1326	1.0	0.0	1.0	0.0	0.3330000000000002	2.667	1.0
1327	1.0	2.0	1.0	1.0	2.0	4.0	1.0
1328	1.0	2.0	0.0	0.0	2.0	4.0	0.0
1329	1.0	3.0	1.0	0.0	2.333	6.667	1.0
1330	1.0	2.0	0.0	0.0	1.3330000000000002	4.667	0.0
1331	0.0	3.0	0.0	1.0	1.6660000000000004	7.334	1.0
1332	1.0	1.0	0.0	0.0	1.0	2.0	0.0
1333	1.0	0.0	0.0	0.0	0.3330000000000002	2.667	0.0
1334	0.0	1.0	0.0	0.0	0.3330000000000002	2.667	0.0
1335	0.0	1.0	0.0	0.0	0.3330000000000002	2.667	0.0
1336	0.0	0.0	0.0	0.0	0.0	0.0	0.0
1337	0.0	5.0	0.0	1.0	1.6660000000000004	7.334	1.0
1338	1.0	2.0	0.0	1.0	0.9990000000000006	8.001	1.0
1339	1.0	4.0	0.0	2.0	2.6660000000000004	9.334	1.0
1340	1.0	1.0	0.0	0.0	0.6660000000000004	5.334	0.0
1341	1.0	2.0	0.0	0.0	0.3330000000000002	2.667	0.0
1342	1.0	0.0	0.0	0.0	1.0	2.0	0.0
1343	0.0	1.0	0.0	0.0	1.0	2.0	0.0
1344	0.0	2.0	0.0	0.0	1.0	2.0	0.0
1345	0.0	1.0	0.0	0.0	0.3330000000000002	2.667	0.0
1346	0.0	1.0	0.0	0.0	0.3330000000000002	2.667	0.0
1347	1.0	2.0	0.0	0.0	1.3330000000000002	4.667	0.0
1348	2.0	2.0	1.0	0.0	4.0	8.0	1.0
1349	1.0	2.0	0.0	1.0	1.3330000000000002	4.667	1.0
1350	1.0	0.0	0.0	0.0	1.0	2.0	0.0
1351	0.0	1.0	0.0	0.0	0.3330000000000002	2.667	0.0
1352	0.0	0.0	0.0	0.0	0.0	0.0	0.0
1353	0.0	0.0	0.0	0.0	0.0	0.0	0.0
1354	0.0	0.0	0.0	0.0	0.0	0.0	0.0
1355	1.0	0.0	1.0	0.0	1.0	2.0	1.0
1356	2.0	0.0	1.0	0.0	2.0	4.0	1.0
1357	0.0	0.0	0.0	0.0	0.0	0.0	0.0
1358	1.0	0.0	0.0	0.0	1.0	2.0	0.0
1359	2.0	0.0	1.0	0.0	2.0	4.0	1.0
1360	1.0	0.0	1.0	0.0	1.0	2.0	1.0
1361	0.0	0.0	0.0	0.0	0.0	0.0	0.0
1362	1.0	0.0	0.0	0.0	1.0	2.0	0.0
1363	1.0	0.0	0.0	0.0	1.0	2.0	0.0
1364	1.0	0.0	0.0	0.0	1.0	2.0	0.0
1365	2.0	0.0	1.0	0.0	1.6680000000000001	4.332	1.0
1366	1.0	0.0	1.0	0.0	1.0	2.0	1.0
1367	0.0	0.0	0.0	0.0	0.0	0.0	0.0
1368	1.0	0.0	1.0	0.0	0.6680000000000001	2.332	1.0
1369	0.0	0.0	0.0	0.0	0.0	0.0	0.0
1370	0.0	1.0	0.0	1.0	0.3330000000000002	2.667	1.0
1371	1.0	1.0	1.0	1.0	1.0	2.0	1.0
1372	1.0	1.0	0.0	1.0	1.3330000000000002	4.667	1.0
1373	1.0	1.0	0.0	1.0	1.3330000000000002	4.667	1.0
1374	0.0	1.0	0.0	1.0	0.3330000000000002	2.667	1.0
1375	0.0	0.0	0.0	0.0	0.0	0.0	0.0
1376	1.0	1.0	0.0	1.0	1.3330000000000002	4.667	1.0
1377	1.0	1.0	1.0	1.0	1.0	2.0	1.0
1378	1.0	2.0	1.0	2.0	1.0	2.0	1.0
1379	1.0	2.0	1.0	2.0	1.0	2.0	1.0
1380	1.0	2.0	1.0	2.0	1.0	2.0	1.0
1381	0.0	3.0	0.0	3.0	0.3330000000000002	2.667	1.0
1382	1.0	2.0	0.0	1.0	1.3330000000000002	4.667	1.0
1383	0.0	2.0	0.0	1.0	1.0	5.0	1.0
1384	1.0	3.0	0.0	1.0	1.3330000000000002	4.667	1.0
1385	2.0	3.0	2.0	0.0	3.068	5.932	1.0
1386	1.0	1.0	0.0	0.0	0.6660000000000004	5.334	0.0
1387	1.0	0.0	0.0	0.0	1.0	2.0	0.0
1388	0.0	2.0	0.0	0.0	0.6660000000000004	5.334	0.0
1389	0.0	0.0	0.0	0.0	0.0	0.0	0.0
1390	0.0	0.0	0.0	0.0	0.0	0.0	0.0
1391	0.0	0.0	0.0	0.0	0.0	0.0	0.0
