all_syn	all_nonSyn	tip_syn	tip_nonSyn	S	N	comparisons
001	0.0	0.0	0.0	0.0	0.0	0.0	0.0
002	0.0	0.0	0.0	0.0	0.0	0.0	0.0
003	0.0	0.0	0.0	0.0	0.0	0.0	0.0
004	0.0	0.0	0.0	0.0	0.0	0.0	0.0
005	0.0	0.0	0.0	0.0	0.0	0.0	0.0
006	0.0	0.0	0.0	0.0	0.0	0.0	0.0
007	0.0	0.0	0.0	0.0	0.0	0.0	0.0
008	0.0	0.0	0.0	0.0	0.0	0.0	0.0
009	0.0	0.0	0.0	0.0	0.0	0.0	0.0
010	0.0	0.0	0.0	0.0	0.0	0.0	0.0
011	0.0	0.0	0.0	0.0	0.0	0.0	0.0
012	0.0	0.0	0.0	0.0	0.0	0.0	0.0
013	0.0	0.0	0.0	0.0	0.0	0.0	0.0
014	0.0	0.0	0.0	0.0	0.0	0.0	0.0
015	0.0	0.0	0.0	0.0	0.0	0.0	0.0
016	0.0	0.0	0.0	0.0	0.0	0.0	0.0
017	0.0	0.0	0.0	0.0	0.0	0.0	0.0
018	0.0	0.0	0.0	0.0	0.0	0.0	0.0
019	0.0	0.0	0.0	0.0	0.0	0.0	0.0
020	0.0	0.0	0.0	0.0	0.0	0.0	0.0
021	0.0	0.0	0.0	0.0	0.0	0.0	0.0
022	0.0	0.0	0.0	0.0	0.0	0.0	0.0
023	0.0	0.0	0.0	0.0	0.0	0.0	0.0
024	0.0	0.0	0.0	0.0	0.0	0.0	0.0
025	0.0	0.0	0.0	0.0	0.0	0.0	0.0
026	0.0	0.0	0.0	0.0	0.0	0.0	0.0
027	0.0	0.0	0.0	0.0	0.0	0.0	0.0
028	0.0	0.0	0.0	0.0	0.0	0.0	0.0
029	0.0	0.0	0.0	0.0	0.0	0.0	0.0
030	0.0	0.0	0.0	0.0	0.0	0.0	0.0
031	0.0	0.0	0.0	0.0	0.0	0.0	0.0
032	0.0	0.0	0.0	0.0	0.0	0.0	0.0
033	0.0	0.0	0.0	0.0	0.0	0.0	0.0
034	0.0	0.0	0.0	0.0	0.0	0.0	0.0
035	0.0	0.0	0.0	0.0	0.0	0.0	0.0
036	0.0	0.0	0.0	0.0	0.0	0.0	0.0
037	0.0	0.0	0.0	0.0	0.0	0.0	0.0
038	1.0	1.0	0.0	1.0	2.0	4.0	1.0
039	0.0	1.0	0.0	0.0	0.0	3.0	0.0
040	1.0	1.0	0.0	0.0	1.0	2.0	0.0
041	3.0	6.0	1.0	2.0	5.9990000000000006	18.000999999999998	3.0
042	5.0	5.0	2.0	3.0	7.668	16.332	4.0
043	1.0	1.0	1.0	1.0	0.6680000000000001	2.332	1.0
044	2.0	2.0	1.0	2.0	3.0	6.0	2.0
045	1.0	2.0	0.0	1.0	2.0	4.0	1.0
046	5.0	3.0	4.0	2.0	7.736	16.264	6.0
047	1.0	2.0	0.0	2.0	2.4	3.6	1.0
048	3.0	2.0	1.0	0.0	3.4	5.6	1.0
049	6.0	1.0	1.0	1.0	7.0	14.0	2.0
050	3.0	4.0	1.0	4.0	5.0	10.0	3.0
051	2.0	4.0	1.0	1.0	6.4	11.6	2.0
052	6.0	1.0	2.0	0.0	6.0	12.0	2.0
053	4.0	4.0	1.0	1.0	5.668	12.332	2.0
054	2.0	3.0	1.0	1.0	5.0	10.0	2.0
055	5.0	1.0	2.0	0.0	4.0	8.0	2.0
056	2.0	1.0	0.0	0.0	3.0	6.0	0.0
057	2.0	0.0	1.0	0.0	0.6660000000000004	5.334	1.0
058	4.0	0.0	2.0	0.0	4.0	8.0	2.0
059	1.0	1.0	1.0	0.0	0.6660000000000004	5.334	1.0
060	1.0	0.0	1.0	0.0	0.3330000000000002	2.667	1.0
061	8.0	0.0	6.0	0.0	7.0040000000000004	16.996	6.0
062	0.0	0.0	0.0	0.0	0.0	0.0	0.0
063	2.0	0.0	1.0	0.0	2.0	4.0	1.0
064	3.0	2.0	2.0	1.0	4.0	8.0	2.0
065	2.0	0.0	1.0	0.0	0.6660000000000004	5.334	1.0
066	7.0	0.0	3.0	0.0	7.0	14.0	3.0
067	1.0	0.0	1.0	0.0	0.3330000000000002	2.667	1.0
068	3.0	0.0	1.0	0.0	3.0	6.0	1.0
069	4.0	0.0	3.0	0.0	4.0	8.0	3.0
070	1.0	0.0	0.0	0.0	0.3330000000000002	2.667	0.0
071	0.0	0.0	0.0	0.0	0.0	0.0	0.0
072	3.0	1.0	1.0	0.0	3.068	5.932	1.0
073	2.0	0.0	0.0	0.0	2.0	4.0	0.0
074	2.0	0.0	1.0	0.0	2.0	4.0	1.0
075	1.0	0.0	0.0	0.0	0.3330000000000002	2.667	0.0
076	2.0	0.0	2.0	0.0	0.6660000000000004	5.334	2.0
077	2.0	1.0	2.0	0.0	3.0	6.0	2.0
078	3.0	2.0	2.0	0.0	1.3320000000000007	10.668	2.0
079	3.0	0.0	2.0	0.0	0.9990000000000006	8.001	2.0
080	5.0	0.0	2.0	0.0	5.468	9.532	2.0
081	5.0	0.0	2.0	0.0	5.0	10.0	2.0
082	2.0	0.0	1.0	0.0	2.0	4.0	1.0
083	0.0	0.0	0.0	0.0	0.0	0.0	0.0
084	2.0	8.0	0.0	5.0	6.066000000000001	14.934	3.0
085	2.0	0.0	0.0	0.0	0.6660000000000004	5.334	0.0
086	1.0	0.0	1.0	0.0	0.3330000000000002	2.667	1.0
087	2.0	4.0	2.0	2.0	4.6690000000000005	13.331	4.0
088	2.0	0.0	1.0	0.0	2.0	4.0	1.0
089	1.0	0.0	1.0	0.0	1.0	2.0	1.0
090	1.0	0.0	0.0	0.0	0.3330000000000002	2.667	0.0
091	2.0	1.0	2.0	0.0	2.3360000000000003	6.664	2.0
092	4.0	0.0	2.0	0.0	1.3320000000000007	10.668	2.0
093	3.0	0.0	2.0	0.0	3.0	6.0	2.0
094	2.0	0.0	1.0	0.0	2.0	4.0	1.0
095	3.0	0.0	2.0	0.0	3.0	6.0	2.0
096	0.0	0.0	0.0	0.0	0.0	0.0	0.0
097	2.0	0.0	1.0	0.0	2.0	4.0	1.0
098	3.0	1.0	3.0	0.0	4.0	8.0	3.0
099	0.0	0.0	0.0	0.0	0.0	0.0	0.0
100	4.0	1.0	2.0	0.0	5.0	10.0	2.0
101	0.0	0.0	0.0	0.0	0.0	0.0	0.0
102	0.0	0.0	0.0	0.0	0.0	0.0	0.0
103	0.0	7.0	0.0	4.0	3.3320000000000007	14.668	3.0
104	2.0	0.0	1.0	0.0	2.0	4.0	1.0
105	4.0	0.0	2.0	0.0	4.0	8.0	2.0
106	3.0	0.0	2.0	0.0	3.0	6.0	2.0
107	1.0	0.0	0.0	0.0	0.3330000000000002	2.667	0.0
108	2.0	3.0	1.0	1.0	3.6660000000000004	11.334	2.0
109	2.0	6.0	2.0	4.0	5.332000000000001	18.668	6.0
110	1.0	0.0	0.0	0.0	0.3330000000000002	2.667	0.0
111	2.0	3.0	1.0	1.0	5.0	10.0	2.0
112	1.0	3.0	1.0	2.0	3.668	8.332	3.0
113	2.0	5.0	2.0	3.0	6.333	14.667	5.0
114	0.0	2.0	0.0	2.0	2.0	4.0	2.0
115	3.0	2.0	2.0	2.0	5.0	10.0	4.0
116	0.0	2.0	0.0	0.0	0.3330000000000002	2.667	0.0
117	1.0	2.0	1.0	0.0	0.6660000000000004	5.334	1.0
118	1.0	3.0	1.0	2.0	3.0	6.0	2.0
119	0.0	5.0	0.0	2.0	1.9990000000000006	10.001	2.0
120	4.0	3.0	2.0	2.0	7.0	14.0	4.0
121	1.0	2.0	0.0	0.0	1.6660000000000004	7.334	0.0
122	1.0	3.0	1.0	2.0	3.333	8.667	3.0
123	0.0	5.0	0.0	3.0	2.6660000000000004	9.334	2.0
124	3.0	4.0	2.0	2.0	5.333	12.667	3.0
125	6.0	2.0	4.0	1.0	7.736000000000001	16.264	5.0
126	6.0	5.0	4.0	3.0	8.333	18.667	5.0
127	0.0	4.0	0.0	3.0	1.3320000000000007	10.668	3.0
128	0.0	0.0	0.0	0.0	0.0	0.0	0.0
129	1.0	0.0	0.0	0.0	0.3330000000000002	2.667	0.0
130	5.0	5.0	4.0	4.0	5.9990000000000006	18.000999999999998	6.0
131	2.0	4.0	1.0	3.0	4.0040000000000004	10.995999999999999	3.0
132	1.0	6.0	1.0	6.0	3.3320000000000007	14.668	6.0
133	0.0	2.0	0.0	1.0	0.6660000000000004	5.334	1.0
134	2.0	0.0	2.0	0.0	0.6660000000000004	5.334	2.0
135	2.0	0.0	1.0	0.0	2.0	4.0	1.0
136	2.0	6.0	2.0	6.0	4.332000000000001	16.668	7.0
137	4.0	0.0	3.0	0.0	4.0	8.0	3.0
138	1.0	0.0	1.0	0.0	0.3330000000000002	2.667	1.0
139	2.0	2.0	1.0	1.0	2.333	6.667	1.0
140	0.0	0.0	0.0	0.0	0.0	0.0	0.0
141	4.0	6.0	3.0	2.0	6.9990000000000006	20.000999999999998	5.0
142	2.0	0.0	2.0	0.0	0.6660000000000004	5.334	2.0
143	4.0	5.0	1.0	2.0	6.333	14.667	2.0
144	0.0	0.0	0.0	0.0	0.0	0.0	0.0
145	2.0	0.0	2.0	0.0	0.6660000000000004	5.334	2.0
146	1.0	0.0	1.0	0.0	0.3330000000000002	2.667	1.0
147	0.0	0.0	0.0	0.0	0.0	0.0	0.0
148	3.0	0.0	1.0	0.0	3.8	5.2	1.0
149	3.0	3.0	2.0	3.0	1.665000000000001	13.334999999999999	4.0
150	1.0	0.0	1.0	0.0	1.0	2.0	1.0
151	0.0	3.0	0.0	2.0	1.6660000000000004	7.334	2.0
152	3.0	0.0	2.0	0.0	0.9990000000000006	8.001	2.0
153	6.0	1.0	3.0	0.0	7.0	14.0	3.0
154	3.0	2.0	3.0	0.0	3.333	8.667	3.0
155	0.0	8.0	0.0	5.0	2.998000000000001	18.002	4.0
156	1.0	6.0	1.0	5.0	2.3320000000000007	12.668	4.0
157	3.0	5.0	1.0	3.0	4.333	10.667	2.0
158	5.0	2.0	4.0	2.0	5.0	13.0	5.0
159	2.0	0.0	2.0	0.0	2.0	4.0	2.0
160	4.0	0.0	4.0	0.0	1.3320000000000007	10.668	4.0
161	1.0	0.0	0.0	0.0	1.0	2.0	0.0
162	2.0	0.0	1.0	0.0	2.0	4.0	1.0
163	2.0	0.0	1.0	0.0	2.0	4.0	1.0
164	0.0	1.0	0.0	1.0	0.6680000000000001	2.332	1.0
165	2.0	2.0	1.0	0.0	2.3360000000000003	6.664	1.0
166	1.0	2.0	1.0	0.0	0.3330000000000002	5.667	1.0
167	2.0	0.0	1.0	0.0	2.0	4.0	1.0
168	3.0	4.0	2.0	4.0	3.3320000000000007	14.668	5.0
169	6.0	3.0	3.0	0.0	8.072	18.928	3.0
170	4.0	3.0	2.0	3.0	5.333	12.667	4.0
171	4.0	1.0	4.0	1.0	3.736	8.264	4.0
172	2.0	0.0	1.0	0.0	0.6660000000000004	5.334	1.0
173	2.0	0.0	1.0	0.0	0.6660000000000004	5.334	1.0
174	4.0	0.0	2.0	0.0	4.0	8.0	2.0
175	2.0	0.0	1.0	0.0	2.0	4.0	1.0
176	1.0	2.0	1.0	2.0	0.6660000000000004	5.334	2.0
177	2.0	0.0	2.0	0.0	0.6660000000000004	5.334	2.0
178	2.0	4.0	0.0	2.0	3.6660000000000004	11.334	2.0
179	4.0	0.0	1.0	0.0	4.0	8.0	1.0
180	3.0	6.0	2.0	4.0	4.000000000000001	17.0	5.0
181	4.0	0.0	3.0	0.0	3.068	5.932	2.0
182	3.0	7.0	3.0	5.0	3.998000000000001	20.002	6.0
183	0.0	0.0	0.0	0.0	0.0	0.0	0.0
184	1.0	0.0	1.0	0.0	0.3330000000000002	2.667	1.0
185	4.0	2.0	3.0	1.0	2.665000000000001	15.334999999999999	4.0
186	0.0	1.0	0.0	1.0	0.3330000000000002	2.667	1.0
187	4.0	3.0	3.0	2.0	4.3340000000000005	13.665999999999999	4.0
188	1.0	2.0	1.0	2.0	1.6680000000000001	4.332	2.0
189	2.0	3.0	1.0	2.0	2.9990000000000006	12.001	3.0
190	2.0	0.0	1.0	0.0	2.0	4.0	1.0
191	3.0	2.0	1.0	0.0	2.668	6.332	1.0
192	2.0	0.0	1.0	0.0	2.0	4.0	1.0
193	0.0	2.0	0.0	0.0	0.3330000000000002	2.667	0.0
194	0.0	0.0	0.0	0.0	0.0	0.0	0.0
195	4.0	1.0	1.0	0.0	3.6660000000000004	11.334	1.0
196	0.0	0.0	0.0	0.0	0.0	0.0	0.0
197	4.0	0.0	2.0	0.0	4.0	8.0	2.0
198	3.0	0.0	1.0	0.0	3.0	6.0	1.0
199	5.0	0.0	1.0	0.0	5.068	9.932	1.0
200	1.0	0.0	0.0	0.0	1.0	2.0	0.0
201	2.0	2.0	2.0	0.0	2.333	6.667	2.0
202	0.0	0.0	0.0	0.0	0.0	0.0	0.0
203	0.0	0.0	0.0	0.0	0.0	0.0	0.0
204	0.0	0.0	0.0	0.0	0.0	0.0	0.0
205	4.0	0.0	2.0	0.0	4.0	8.0	2.0
206	0.0	0.0	0.0	0.0	0.0	0.0	0.0
207	2.0	0.0	1.0	0.0	0.6660000000000004	5.334	1.0
208	3.0	1.0	1.0	1.0	3.668	8.332	2.0
209	2.0	0.0	0.0	0.0	1.3360000000000003	4.664	0.0
210	3.0	1.0	1.0	0.0	4.5329999999999995	7.4670000000000005	1.0
211	3.0	0.0	1.0	0.0	0.9990000000000006	8.001	1.0
212	6.0	0.0	4.0	0.0	4.008000000000001	13.992	4.0
213	5.0	0.0	3.0	0.0	5.0	10.0	3.0
214	2.0	0.0	2.0	0.0	0.6660000000000004	5.334	2.0
215	4.0	0.0	1.0	0.0	4.0	8.0	1.0
216	0.0	0.0	0.0	0.0	0.0	0.0	0.0
217	5.0	0.0	2.0	0.0	5.0	10.0	2.0
218	5.0	0.0	3.0	0.0	5.0	10.0	3.0
219	0.0	0.0	0.0	0.0	0.0	0.0	0.0
220	0.0	0.0	0.0	0.0	0.0	0.0	0.0
221	2.0	1.0	1.0	0.0	3.0	6.0	1.0
222	3.0	0.0	2.0	0.0	3.0	6.0	2.0
223	5.0	0.0	2.0	0.0	5.0	10.0	2.0
224	3.0	0.0	1.0	0.0	3.0	6.0	1.0
225	7.0	1.0	3.0	1.0	6.001	14.998999999999999	4.0
226	7.0	0.0	5.0	0.0	6.736	14.264	5.0
227	3.0	0.0	2.0	0.0	2.3360000000000003	6.664	2.0
228	5.0	0.0	4.0	0.0	5.0	10.0	4.0
229	0.0	0.0	0.0	0.0	0.0	0.0	0.0
230	0.0	0.0	0.0	0.0	0.0	0.0	0.0
231	2.0	0.0	2.0	0.0	0.6660000000000004	5.334	2.0
232	3.0	3.0	1.0	2.0	4.0040000000000004	10.995999999999999	3.0
233	2.0	0.0	1.0	0.0	0.6660000000000004	5.334	1.0
234	3.0	0.0	1.0	0.0	3.0	6.0	1.0
235	0.0	0.0	0.0	0.0	0.0	0.0	0.0
236	1.0	0.0	1.0	0.0	0.3330000000000002	2.667	1.0
237	1.0	0.0	0.0	0.0	0.3330000000000002	2.667	0.0
238	2.0	3.0	1.0	2.0	4.333	10.667	3.0
239	3.0	3.0	1.0	2.0	3.9990000000000006	14.001	3.0
240	0.0	1.0	0.0	0.0	1.4	1.6	0.0
241	3.0	2.0	1.0	0.0	2.333	6.667	1.0
242	2.0	1.0	1.0	0.0	3.4	5.6	1.0
243	1.0	0.0	0.0	0.0	0.3330000000000002	2.667	0.0
244	0.0	4.0	0.0	2.0	0.9990000000000006	8.001	1.0
245	2.0	0.0	1.0	0.0	0.6660000000000004	5.334	1.0
246	4.0	0.0	1.0	0.0	4.0	8.0	1.0
247	1.0	1.0	1.0	0.0	1.6680000000000001	4.332	1.0
248	5.0	2.0	3.0	1.0	6.804	14.196	4.0
249	6.0	0.0	2.0	0.0	6.0	12.0	2.0
250	3.0	0.0	2.0	0.0	0.9990000000000006	8.001	2.0
251	1.0	0.0	1.0	0.0	0.3330000000000002	2.667	1.0
252	0.0	0.0	0.0	0.0	0.0	0.0	0.0
253	4.0	0.0	4.0	0.0	4.0	8.0	4.0
254	2.0	0.0	1.0	0.0	0.6660000000000004	5.334	1.0
255	3.0	0.0	2.0	0.0	3.0	6.0	2.0
256	3.0	1.0	3.0	0.0	3.3360000000000003	8.664	3.0
257	1.0	0.0	1.0	0.0	0.3330000000000002	2.667	1.0
258	3.0	4.0	3.0	2.0	3.9990000000000006	14.001	4.0
259	1.0	1.0	1.0	0.0	0.6660000000000004	5.334	1.0
260	0.0	1.0	0.0	0.0	1.0	2.0	0.0
261	4.0	0.0	2.0	0.0	4.0	8.0	2.0
262	0.0	0.0	0.0	0.0	0.0	0.0	0.0
263	4.0	2.0	1.0	0.0	3.333	8.667	1.0
264	3.0	0.0	3.0	0.0	3.0	6.0	3.0
265	0.0	0.0	0.0	0.0	0.0	0.0	0.0
266	4.0	0.0	3.0	0.0	4.0	8.0	3.0
267	4.0	0.0	2.0	0.0	4.0	8.0	2.0
268	2.0	0.0	0.0	0.0	2.0	4.0	0.0
269	5.0	0.0	1.0	0.0	5.0	10.0	1.0
270	1.0	0.0	1.0	0.0	1.4	1.6	1.0
271	1.0	0.0	1.0	0.0	0.3330000000000002	2.667	1.0
272	3.0	1.0	2.0	1.0	4.0	8.0	3.0
273	3.0	0.0	2.0	0.0	3.0	6.0	2.0
274	1.0	0.0	1.0	0.0	0.3330000000000002	2.667	1.0
275	0.0	0.0	0.0	0.0	0.0	0.0	0.0
276	2.0	2.0	1.0	1.0	3.333	8.667	2.0
277	6.0	0.0	3.0	0.0	6.0	12.0	3.0
278	6.0	2.0	5.0	0.0	6.0	12.0	5.0
279	1.0	1.0	1.0	0.0	0.6660000000000004	5.334	1.0
280	3.0	1.0	2.0	0.0	4.0	8.0	2.0
281	0.0	0.0	0.0	0.0	0.0	0.0	0.0
282	5.0	0.0	4.0	0.0	5.0	10.0	4.0
283	3.0	0.0	1.0	0.0	3.0	6.0	1.0
284	2.0	0.0	2.0	0.0	0.6660000000000004	5.334	2.0
285	4.0	1.0	3.0	0.0	5.0	10.0	3.0
286	2.0	0.0	0.0	0.0	0.6660000000000004	5.334	0.0
287	5.0	0.0	4.0	0.0	5.0	10.0	4.0
288	5.0	0.0	1.0	0.0	5.0	10.0	1.0
289	6.0	4.0	3.0	2.0	7.9990000000000006	22.000999999999998	5.0
290	5.0	0.0	3.0	0.0	1.665000000000001	13.334999999999999	3.0
291	4.0	3.0	2.0	2.0	4.666	13.334	3.0
292	4.0	0.0	0.0	0.0	1.3320000000000007	10.668	0.0
293	1.0	0.0	1.0	0.0	0.3330000000000002	2.667	1.0
294	4.0	0.0	3.0	0.0	1.3320000000000007	10.668	3.0
295	1.0	0.0	1.0	0.0	1.0	2.0	1.0
296	2.0	0.0	2.0	0.0	0.6660000000000004	5.334	2.0
297	5.0	0.0	2.0	0.0	5.0	10.0	2.0
298	0.0	0.0	0.0	0.0	0.0	0.0	0.0
299	2.0	0.0	1.0	0.0	2.0	4.0	1.0
300	4.0	0.0	3.0	0.0	2.6720000000000006	9.328	3.0
301	4.0	1.0	2.0	1.0	4.668	10.332	3.0
302	2.0	0.0	0.0	0.0	0.6660000000000004	5.334	0.0
303	3.0	2.0	3.0	1.0	2.668	12.332	4.0
304	5.0	2.0	4.0	1.0	5.337000000000001	15.663	5.0
305	3.0	6.0	1.0	2.0	5.333	12.667	2.0
306	3.0	0.0	3.0	0.0	1.6680000000000001	4.332	2.0
307	0.0	2.0	0.0	1.0	2.0	4.0	1.0
308	0.0	0.0	0.0	0.0	0.0	0.0	0.0
309	3.0	0.0	2.0	0.0	3.0	6.0	2.0
310	5.0	1.0	3.0	1.0	6.0	12.0	4.0
311	5.0	2.0	3.0	2.0	5.668	12.332	4.0
312	0.0	0.0	0.0	0.0	0.0	0.0	0.0
313	3.0	0.0	2.0	0.0	3.0	6.0	2.0
314	5.0	0.0	4.0	0.0	5.0	10.0	4.0
315	4.0	0.0	4.0	0.0	4.0	8.0	4.0
316	5.0	1.0	3.0	0.0	6.0	12.0	3.0
317	5.0	0.0	2.0	0.0	5.0	10.0	2.0
318	4.0	0.0	4.0	0.0	4.0	8.0	4.0
319	2.0	2.0	0.0	0.0	2.333	6.667	0.0
320	4.0	3.0	1.0	1.0	4.0040000000000004	13.995999999999999	2.0
321	1.0	1.0	1.0	0.0	2.0	4.0	1.0
322	4.0	0.0	4.0	0.0	1.3320000000000007	10.668	4.0
323	2.0	0.0	1.0	0.0	2.0	4.0	1.0
324	5.0	0.0	1.0	0.0	5.0	10.0	1.0
325	5.0	0.0	3.0	0.0	5.0	10.0	3.0
326	3.0	2.0	2.0	0.0	3.3360000000000003	8.664	2.0
327	3.0	0.0	2.0	0.0	3.0	6.0	2.0
328	5.0	0.0	2.0	0.0	3.736	8.264	2.0
329	3.0	0.0	2.0	0.0	3.0	6.0	2.0
330	1.0	1.0	1.0	0.0	2.0	4.0	1.0
331	0.0	0.0	0.0	0.0	0.0	0.0	0.0
332	3.0	2.0	2.0	0.0	2.6660000000000004	9.334	2.0
333	5.0	0.0	3.0	0.0	4.668	10.332	3.0
334	4.0	1.0	3.0	1.0	4.0	8.0	3.0
335	4.0	0.0	2.0	0.0	2.3360000000000003	6.664	1.0
336	2.0	2.0	1.0	0.0	2.333	6.667	1.0
337	1.0	3.0	0.0	0.0	2.4010000000000002	6.599	0.0
338	1.0	2.0	1.0	0.0	1.3330000000000002	4.667	1.0
339	5.0	0.0	2.0	0.0	5.0	10.0	2.0
340	5.0	2.0	2.0	1.0	6.0	12.0	3.0
341	6.0	0.0	2.0	0.0	6.468	11.532	2.0
342	3.0	1.0	1.0	0.0	2.3360000000000003	6.664	1.0
343	1.0	2.0	1.0	2.0	0.9990000000000006	8.001	3.0
344	3.0	0.0	2.0	0.0	0.9990000000000006	8.001	2.0
345	3.0	0.0	3.0	0.0	3.0	6.0	3.0
346	3.0	0.0	3.0	0.0	3.8	5.2	3.0
347	2.0	0.0	0.0	0.0	0.6660000000000004	5.334	0.0
348	3.0	0.0	0.0	0.0	3.0	6.0	0.0
349	1.0	4.0	1.0	1.0	4.668	10.332	2.0
350	6.0	1.0	3.0	1.0	6.333	14.667	4.0
351	0.0	0.0	0.0	0.0	0.0	0.0	0.0
352	2.0	0.0	2.0	0.0	0.6660000000000004	5.334	2.0
353	3.0	1.0	2.0	0.0	4.0	8.0	2.0
354	0.0	0.0	0.0	0.0	0.0	0.0	0.0
355	2.0	4.0	2.0	3.0	3.333	8.667	3.0
356	1.0	5.0	1.0	2.0	3.6660000000000004	11.334	3.0
357	4.0	3.0	3.0	1.0	1.6660000000000004	10.334	3.0
358	3.0	9.0	2.0	4.0	5.998000000000001	24.002	5.0
359	4.0	0.0	1.0	0.0	4.0	8.0	1.0
360	4.0	0.0	3.0	0.0	4.0	8.0	3.0
361	1.0	0.0	1.0	0.0	0.3330000000000002	2.667	1.0
362	0.0	0.0	0.0	0.0	0.0	0.0	0.0
363	0.0	0.0	0.0	0.0	0.0	0.0	0.0
364	2.0	1.0	1.0	0.0	1.6660000000000004	7.334	1.0
365	5.0	0.0	3.0	0.0	5.0	10.0	3.0
366	3.0	0.0	2.0	0.0	3.0	6.0	2.0
367	2.0	0.0	1.0	0.0	2.0	4.0	1.0
368	4.0	0.0	3.0	0.0	4.0	8.0	3.0
369	4.0	2.0	3.0	0.0	2.9990000000000006	12.001	3.0
370	3.0	2.0	1.0	0.0	3.333	8.667	1.0
371	2.0	0.0	2.0	0.0	0.6660000000000004	5.334	2.0
372	1.0	3.0	1.0	1.0	2.3340000000000005	9.666	2.0
373	4.0	1.0	2.0	1.0	5.0	10.0	3.0
374	4.0	0.0	2.0	0.0	4.0	8.0	2.0
375	1.0	9.0	1.0	5.0	5.732000000000001	18.268	4.0
376	1.0	3.0	1.0	0.0	4.0	8.0	1.0
377	5.0	0.0	3.0	0.0	5.0	10.0	3.0
378	0.0	0.0	0.0	0.0	0.0	0.0	0.0
379	2.0	4.0	2.0	4.0	3.065000000000001	14.934999999999999	6.0
380	2.0	1.0	2.0	1.0	2.333	6.667	3.0
381	1.0	1.0	1.0	1.0	0.6680000000000001	2.332	1.0
382	2.0	1.0	1.0	1.0	0.9990000000000006	8.001	2.0
383	0.0	0.0	0.0	0.0	0.0	0.0	0.0
384	3.0	0.0	0.0	0.0	0.9990000000000006	8.001	0.0
385	1.0	5.0	1.0	2.0	2.9990000000000006	12.001	2.0
386	0.0	0.0	0.0	0.0	0.0	0.0	0.0
387	2.0	0.0	1.0	0.0	0.6660000000000004	5.334	1.0
388	3.0	2.0	2.0	0.0	4.0	8.0	2.0
389	0.0	4.0	0.0	2.0	1.6660000000000004	7.334	1.0
390	2.0	1.0	2.0	0.0	0.9990000000000006	8.001	2.0
391	2.0	0.0	2.0	0.0	2.0	4.0	2.0
392	1.0	0.0	1.0	0.0	0.3330000000000002	2.667	1.0
393	4.0	1.0	4.0	0.0	5.0	10.0	4.0
394	4.0	0.0	3.0	0.0	4.0	8.0	3.0
395	2.0	3.0	2.0	0.0	4.0	8.0	2.0
396	4.0	2.0	1.0	1.0	5.133	9.866999999999999	2.0
397	0.0	0.0	0.0	0.0	0.0	0.0	0.0
398	1.0	2.0	0.0	0.0	1.3330000000000002	4.667	0.0
399	3.0	0.0	2.0	0.0	3.0	6.0	2.0
400	5.0	2.0	4.0	1.0	6.0	12.0	4.0
401	1.0	0.0	1.0	0.0	1.0	2.0	1.0
402	0.0	6.0	0.0	3.0	2.6660000000000004	9.334	2.0
403	1.0	3.0	0.0	2.0	2.333	6.667	1.0
404	5.0	0.0	2.0	0.0	5.0	10.0	2.0
405	4.0	5.0	2.0	1.0	4.665000000000001	19.335	3.0
406	3.0	9.0	2.0	5.0	10.004000000000001	22.996000000000002	7.0
407	1.0	4.0	0.0	2.0	2.9990000000000006	12.001	2.0
408	2.0	6.0	0.0	1.0	4.666	13.334	1.0
409	2.0	4.0	1.0	2.0	2.6660000000000004	9.334	2.0
410	1.0	3.0	1.0	1.0	3.668	8.332	2.0
411	5.0	0.0	3.0	0.0	4.468	7.532	2.0
412	4.0	0.0	4.0	0.0	4.0	8.0	4.0
413	2.0	1.0	2.0	0.0	2.668	6.332	2.0
414	2.0	0.0	2.0	0.0	0.6660000000000004	5.334	2.0
415	2.0	3.0	1.0	2.0	4.333	10.667	3.0
416	4.0	4.0	2.0	2.0	3.9990000000000006	14.001	2.0
417	1.0	4.0	1.0	0.0	3.0	6.0	1.0
418	1.0	2.0	1.0	1.0	1.6660000000000004	7.334	2.0
419	6.0	0.0	4.0	0.0	5.736000000000001	12.264	4.0
420	0.0	0.0	0.0	0.0	0.0	0.0	0.0
421	3.0	2.0	3.0	2.0	4.0	8.0	4.0
422	0.0	0.0	0.0	0.0	0.0	0.0	0.0
423	1.0	0.0	1.0	0.0	1.0	2.0	1.0
424	1.0	0.0	1.0	0.0	0.3330000000000002	2.667	1.0
425	5.0	0.0	4.0	0.0	3.3360000000000003	8.664	3.0
426	1.0	1.0	1.0	0.0	0.6660000000000004	5.334	1.0
427	3.0	1.0	2.0	0.0	4.0	8.0	2.0
428	2.0	3.0	2.0	2.0	1.3340000000000005	7.6659999999999995	2.0
429	4.0	1.0	3.0	1.0	3.333	8.667	3.0
430	1.0	5.0	1.0	2.0	1.998000000000001	16.002	3.0
431	2.0	0.0	1.0	0.0	0.6660000000000004	5.334	1.0
432	3.0	1.0	1.0	0.0	3.736	8.264	1.0
433	4.0	5.0	2.0	3.0	5.666	15.334	5.0
434	3.0	9.0	3.0	6.0	6.000000000000001	21.0	7.0
435	3.0	1.0	2.0	1.0	3.733	8.267	3.0
436	4.0	2.0	2.0	0.0	2.9990000000000006	12.001	2.0
437	3.0	2.0	2.0	1.0	2.9990000000000006	12.001	3.0
438	3.0	3.0	2.0	2.0	1.665000000000001	13.334999999999999	3.0
439	4.0	0.0	2.0	0.0	4.0	8.0	2.0
440	5.0	3.0	3.0	1.0	6.333	14.667	4.0
441	5.0	0.0	5.0	0.0	5.0	10.0	5.0
442	1.0	2.0	1.0	1.0	1.3330000000000002	4.667	1.0
443	3.0	4.0	2.0	1.0	3.9990000000000006	14.001	3.0
444	3.0	4.0	2.0	2.0	5.666	15.334	4.0
445	5.0	2.0	4.0	2.0	6.333	14.667	6.0
446	3.0	1.0	1.0	0.0	4.0	8.0	1.0
447	4.0	4.0	2.0	2.0	5.7330000000000005	12.267	3.0
448	2.0	0.0	0.0	0.0	0.6660000000000004	5.334	0.0
449	6.0	2.0	4.0	0.0	5.672000000000001	15.328	4.0
450	4.0	0.0	2.0	0.0	4.0	8.0	2.0
451	4.0	0.0	2.0	0.0	4.0	8.0	2.0
452	4.0	0.0	3.0	0.0	3.468	5.532	2.0
453	1.0	0.0	1.0	0.0	0.3330000000000002	2.667	1.0
454	1.0	3.0	1.0	1.0	1.3320000000000007	10.668	2.0
455	0.0	0.0	0.0	0.0	0.0	0.0	0.0
456	5.0	0.0	4.0	0.0	5.0	10.0	4.0
457	3.0	0.0	3.0	0.0	3.8	5.2	3.0
458	1.0	0.0	0.0	0.0	0.3330000000000002	2.667	0.0
459	3.0	0.0	1.0	0.0	3.0	6.0	1.0
460	3.0	2.0	0.0	2.0	4.668	10.332	2.0
461	2.0	2.0	1.0	1.0	1.3320000000000007	10.668	2.0
462	2.0	2.0	1.0	1.0	3.3360000000000003	8.664	2.0
463	4.0	0.0	4.0	0.0	4.4	7.6	4.0
464	1.0	1.0	1.0	0.0	0.6660000000000004	5.334	1.0
465	0.0	3.0	0.0	1.0	1.3330000000000002	4.667	1.0
466	4.0	0.0	3.0	0.0	4.0	8.0	3.0
467	1.0	2.0	0.0	1.0	3.0	6.0	1.0
468	0.0	1.0	0.0	0.0	0.3330000000000002	2.667	0.0
469	0.0	1.0	0.0	0.0	0.6680000000000001	2.332	0.0
470	0.0	0.0	0.0	0.0	0.0	0.0	0.0
471	0.0	0.0	0.0	0.0	0.0	0.0	0.0
472	0.0	0.0	0.0	0.0	0.0	0.0	0.0
473	0.0	0.0	0.0	0.0	0.0	0.0	0.0
474	0.0	0.0	0.0	0.0	0.0	0.0	0.0
475	0.0	0.0	0.0	0.0	0.0	0.0	0.0
476	0.0	0.0	0.0	0.0	0.0	0.0	0.0
477	0.0	0.0	0.0	0.0	0.0	0.0	0.0
478	0.0	0.0	0.0	0.0	0.0	0.0	0.0
479	0.0	0.0	0.0	0.0	0.0	0.0	0.0
480	0.0	0.0	0.0	0.0	0.0	0.0	0.0
481	0.0	2.0	0.0	0.0	1.3330000000000002	4.667	0.0
482	2.0	3.0	1.0	1.0	3.6660000000000004	11.334	2.0
483	2.0	3.0	1.0	1.0	2.3320000000000007	12.668	2.0
484	4.0	5.0	2.0	0.0	3.9990000000000006	14.001	2.0
485	2.0	0.0	0.0	0.0	2.0	4.0	0.0
486	1.0	0.0	1.0	0.0	0.3330000000000002	2.667	1.0
487	3.0	0.0	1.0	0.0	0.9990000000000006	8.001	1.0
488	2.0	0.0	0.0	0.0	0.6680000000000001	2.332	0.0
489	0.0	0.0	0.0	0.0	0.0	0.0	0.0
490	5.0	0.0	3.0	0.0	5.0	10.0	3.0
491	1.0	0.0	1.0	0.0	0.3330000000000002	2.667	1.0
492	4.0	1.0	1.0	0.0	4.0	8.0	1.0
493	3.0	0.0	0.0	0.0	3.0	6.0	0.0
494	3.0	0.0	3.0	0.0	3.0	6.0	3.0
495	4.0	0.0	3.0	0.0	2.6720000000000006	9.328	3.0
496	2.0	0.0	1.0	0.0	0.6660000000000004	5.334	1.0
497	0.0	0.0	0.0	0.0	0.0	0.0	0.0
498	2.0	0.0	1.0	0.0	0.6660000000000004	5.334	1.0
499	0.0	0.0	0.0	0.0	0.0	0.0	0.0
500	1.0	0.0	1.0	0.0	0.3330000000000002	2.667	1.0
501	5.0	2.0	4.0	1.0	6.0	12.0	4.0
502	2.0	0.0	1.0	0.0	2.4	3.6	1.0
503	1.0	0.0	0.0	0.0	0.3330000000000002	2.667	0.0
504	2.0	0.0	2.0	0.0	0.6660000000000004	5.334	2.0
505	1.0	0.0	0.0	0.0	0.3330000000000002	2.667	0.0
506	5.0	0.0	3.0	0.0	4.668	10.332	3.0
507	4.0	0.0	2.0	0.0	4.0	8.0	2.0
508	4.0	0.0	2.0	0.0	4.0	8.0	2.0
509	6.0	0.0	1.0	0.0	6.0	12.0	1.0
510	1.0	0.0	1.0	0.0	0.3330000000000002	2.667	1.0
511	6.0	0.0	2.0	0.0	6.4	11.6	2.0
512	3.0	0.0	3.0	0.0	3.4	5.6	3.0
513	0.0	0.0	0.0	0.0	0.0	0.0	0.0
514	4.0	1.0	3.0	0.0	4.333	10.667	3.0
515	2.0	0.0	2.0	0.0	0.6660000000000004	5.334	2.0
516	2.0	0.0	2.0	0.0	0.6660000000000004	5.334	2.0
517	5.0	0.0	3.0	0.0	5.0	10.0	3.0
518	0.0	1.0	0.0	0.0	1.0	2.0	0.0
519	4.0	1.0	1.0	0.0	2.333	6.667	1.0
520	2.0	0.0	1.0	0.0	2.0	4.0	1.0
521	4.0	0.0	3.0	0.0	4.0	8.0	3.0
522	6.0	4.0	3.0	2.0	7.672000000000001	19.328	4.0
523	1.0	6.0	1.0	4.0	2.9990000000000006	12.001	3.0
524	1.0	0.0	1.0	0.0	0.3330000000000002	2.667	1.0
525	5.0	0.0	1.0	0.0	5.8	9.2	1.0
526	2.0	4.0	2.0	3.0	2.333	6.667	2.0
527	1.0	3.0	0.0	2.0	1.3320000000000007	10.668	2.0
528	2.0	3.0	1.0	1.0	4.0	8.0	2.0
529	3.0	0.0	2.0	0.0	3.0	6.0	2.0
530	4.0	3.0	1.0	1.0	3.3370000000000006	11.663	2.0
531	4.0	0.0	2.0	0.0	4.8	7.199999999999999	2.0
532	0.0	4.0	0.0	4.0	1.3320000000000007	10.668	4.0
533	1.0	5.0	1.0	4.0	1.998000000000001	16.002	5.0
534	5.0	0.0	1.0	0.0	5.0	10.0	1.0
535	4.0	0.0	2.0	0.0	4.468	7.532	2.0
536	1.0	2.0	0.0	1.0	2.3360000000000003	6.664	1.0
537	4.0	1.0	2.0	1.0	4.668	10.332	3.0
538	5.0	0.0	3.0	0.0	5.0	10.0	3.0
539	6.0	1.0	2.0	0.0	7.0	14.0	2.0
540	5.0	1.0	3.0	0.0	6.0	12.0	3.0
541	1.0	0.0	1.0	0.0	0.3330000000000002	2.667	1.0
542	2.0	0.0	1.0	0.0	0.6660000000000004	5.334	1.0
543	0.0	0.0	0.0	0.0	0.0	0.0	0.0
544	4.0	0.0	2.0	0.0	1.3320000000000007	10.668	2.0
545	2.0	0.0	2.0	0.0	2.0	4.0	2.0
546	3.0	0.0	1.0	0.0	0.9990000000000006	8.001	1.0
547	2.0	0.0	0.0	0.0	0.6660000000000004	5.334	0.0
548	2.0	0.0	1.0	0.0	2.0	4.0	1.0
549	5.0	0.0	4.0	0.0	1.665000000000001	13.334999999999999	4.0
550	2.0	0.0	0.0	0.0	2.0	4.0	0.0
551	2.0	4.0	2.0	2.0	2.9990000000000006	12.001	3.0
552	2.0	1.0	2.0	1.0	3.0	6.0	3.0
553	2.0	0.0	1.0	0.0	0.6660000000000004	5.334	1.0
554	3.0	0.0	2.0	0.0	3.0	6.0	2.0
555	0.0	3.0	0.0	1.0	0.9990000000000006	8.001	1.0
556	2.0	0.0	2.0	0.0	0.6660000000000004	5.334	2.0
557	1.0	0.0	1.0	0.0	1.0	2.0	1.0
558	1.0	0.0	0.0	0.0	1.0	2.0	0.0
559	4.0	1.0	2.0	0.0	4.333	10.667	2.0
560	3.0	0.0	3.0	0.0	0.9990000000000006	8.001	3.0
561	3.0	5.0	3.0	3.0	2.665000000000001	15.334999999999999	4.0
562	2.0	4.0	1.0	2.0	3.333	8.667	3.0
563	4.0	2.0	3.0	2.0	2.3320000000000007	12.668	4.0
564	0.0	0.0	0.0	0.0	0.0	0.0	0.0
565	0.0	8.0	0.0	4.0	4.9990000000000006	16.000999999999998	4.0
566	1.0	0.0	1.0	0.0	0.3330000000000002	2.667	1.0
567	1.0	0.0	1.0	0.0	1.0	2.0	1.0
568	0.0	6.0	0.0	3.0	2.6670000000000007	12.333	3.0
569	1.0	0.0	1.0	0.0	1.0	2.0	1.0
570	0.0	2.0	0.0	1.0	2.0	4.0	1.0
571	1.0	0.0	1.0	0.0	1.0	2.0	1.0
572	0.0	7.0	0.0	3.0	5.336	12.664000000000001	3.0
573	1.0	0.0	1.0	0.0	0.3330000000000002	2.667	1.0
574	3.0	1.0	1.0	0.0	2.333	6.667	1.0
575	0.0	5.0	0.0	0.0	1.665000000000001	13.334999999999999	0.0
576	4.0	0.0	3.0	0.0	4.0	8.0	3.0
577	4.0	0.0	4.0	0.0	4.0	8.0	4.0
578	3.0	1.0	2.0	1.0	3.333	8.667	3.0
579	4.0	0.0	3.0	0.0	4.0	8.0	3.0
580	2.0	1.0	2.0	0.0	0.9990000000000006	8.001	2.0
581	0.0	0.0	0.0	0.0	0.0	0.0	0.0
582	4.0	1.0	4.0	1.0	4.0	8.0	4.0
583	2.0	2.0	2.0	2.0	2.0	4.0	2.0
584	3.0	4.0	2.0	2.0	3.6660000000000004	11.334	2.0
585	2.0	3.0	2.0	1.0	2.9990000000000006	12.001	3.0
586	3.0	0.0	2.0	0.0	3.0	6.0	2.0
587	2.0	0.0	1.0	0.0	0.6660000000000004	5.334	1.0
588	1.0	2.0	1.0	2.0	1.3330000000000002	4.667	2.0
589	0.0	3.0	0.0	2.0	2.0040000000000004	6.9959999999999996	2.0
590	1.0	2.0	0.0	0.0	0.3330000000000002	2.667	0.0
591	2.0	0.0	2.0	0.0	0.6660000000000004	5.334	2.0
592	2.0	2.0	2.0	0.0	2.333	6.667	2.0
593	3.0	0.0	3.0	0.0	3.0	6.0	3.0
594	3.0	0.0	2.0	0.0	3.0	6.0	2.0
595	3.0	0.0	1.0	0.0	3.0	6.0	1.0
596	0.0	1.0	0.0	1.0	0.3330000000000002	2.667	1.0
597	0.0	0.0	0.0	0.0	0.0	0.0	0.0
598	2.0	0.0	1.0	0.0	2.0	4.0	1.0
599	5.0	0.0	3.0	0.0	4.136	7.864	2.0
600	0.0	0.0	0.0	0.0	0.0	0.0	0.0
601	0.0	0.0	0.0	0.0	0.0	0.0	0.0
602	1.0	2.0	1.0	1.0	1.3330000000000002	4.667	1.0
603	5.0	0.0	3.0	0.0	5.0	10.0	3.0
604	3.0	0.0	1.0	0.0	3.0	6.0	1.0
605	1.0	0.0	1.0	0.0	0.3330000000000002	2.667	1.0
606	0.0	0.0	0.0	0.0	0.0	0.0	0.0
607	3.0	0.0	1.0	0.0	2.0040000000000004	6.9959999999999996	1.0
608	4.0	0.0	3.0	0.0	4.0	8.0	3.0
609	3.0	1.0	2.0	0.0	4.0	8.0	2.0
610	5.0	1.0	2.0	0.0	6.0	12.0	2.0
611	1.0	2.0	1.0	0.0	1.6660000000000004	7.334	1.0
612	2.0	0.0	1.0	0.0	2.0	4.0	1.0
613	1.0	0.0	1.0	0.0	1.0	2.0	1.0
614	0.0	5.0	0.0	3.0	1.9990000000000006	10.001	2.0
615	6.0	0.0	5.0	0.0	6.0	12.0	5.0
616	3.0	0.0	2.0	0.0	0.9990000000000006	8.001	2.0
617	1.0	0.0	1.0	0.0	1.0	2.0	1.0
618	5.0	0.0	2.0	0.0	2.668	6.332	1.0
619	0.0	0.0	0.0	0.0	0.0	0.0	0.0
620	2.0	2.0	1.0	1.0	1.3320000000000007	10.668	2.0
621	1.0	2.0	1.0	1.0	0.9990000000000006	8.001	2.0
622	3.0	6.0	1.0	3.0	3.9990000000000006	14.001	3.0
623	6.0	0.0	3.0	0.0	5.468	9.532	2.0
624	1.0	0.0	1.0	0.0	0.3330000000000002	2.667	1.0
625	0.0	0.0	0.0	0.0	0.0	0.0	0.0
626	4.0	1.0	2.0	1.0	4.0	8.0	2.0
627	4.0	3.0	3.0	2.0	6.0	12.0	4.0
628	3.0	0.0	2.0	0.0	3.0	6.0	2.0
629	1.0	7.0	1.0	4.0	4.666	13.334	4.0
630	6.0	2.0	3.0	0.0	7.0	14.0	3.0
631	2.0	3.0	2.0	1.0	4.0	8.0	2.0
632	3.0	0.0	1.0	0.0	3.0	6.0	1.0
633	4.0	9.0	2.0	6.0	6.332000000000001	20.668	6.0
634	1.0	4.0	1.0	1.0	3.4	5.6	1.0
635	2.0	4.0	1.0	1.0	5.333	12.667	2.0
636	0.0	4.0	0.0	2.0	1.3320000000000007	10.668	2.0
637	2.0	6.0	2.0	2.0	4.9990000000000006	16.000999999999998	4.0
638	2.0	6.0	0.0	1.0	4.332000000000001	16.668	1.0
639	2.0	0.0	2.0	0.0	0.6660000000000004	5.334	2.0
640	2.0	1.0	1.0	0.0	2.333	6.667	1.0
641	1.0	1.0	1.0	1.0	0.6660000000000004	5.334	2.0
642	1.0	3.0	0.0	0.0	2.0010000000000003	6.999	0.0
643	3.0	3.0	2.0	0.0	6.0	12.0	2.0
644	1.0	1.0	0.0	1.0	0.6660000000000004	5.334	1.0
645	2.0	0.0	2.0	0.0	2.0	4.0	2.0
646	0.0	2.0	0.0	0.0	0.6660000000000004	5.334	0.0
647	2.0	0.0	1.0	0.0	0.6660000000000004	5.334	1.0
648	3.0	2.0	1.0	0.0	5.0	10.0	1.0
649	1.0	6.0	1.0	3.0	3.3320000000000007	14.668	3.0
650	5.0	3.0	1.0	2.0	2.665000000000001	15.334999999999999	2.0
651	3.0	0.0	3.0	0.0	3.0	6.0	3.0
652	2.0	0.0	1.0	0.0	0.6660000000000004	5.334	1.0
653	2.0	2.0	1.0	0.0	1.9990000000000006	10.001	1.0
654	4.0	0.0	3.0	0.0	4.0	8.0	3.0
655	1.0	3.0	0.0	0.0	2.6660000000000004	9.334	0.0
656	3.0	0.0	1.0	0.0	3.0	6.0	1.0
657	5.0	0.0	2.0	0.0	5.0	10.0	2.0
658	3.0	3.0	2.0	0.0	5.736000000000001	12.264000000000001	2.0
659	2.0	0.0	0.0	0.0	2.0	4.0	0.0
660	6.0	4.0	3.0	4.0	8.0	16.0	5.0
661	4.0	4.0	3.0	1.0	3.3320000000000007	14.668	4.0
662	1.0	2.0	0.0	0.0	1.3330000000000002	4.667	0.0
663	4.0	2.0	2.0	1.0	4.0	8.0	2.0
664	3.0	2.0	1.0	0.0	3.333	8.667	1.0
665	2.0	0.0	1.0	0.0	2.0	4.0	1.0
666	3.0	1.0	1.0	1.0	3.668	8.332	2.0
667	1.0	0.0	0.0	0.0	0.3330000000000002	2.667	0.0
668	5.0	0.0	3.0	0.0	5.0	10.0	3.0
669	6.0	1.0	3.0	0.0	6.404000000000001	14.595999999999998	3.0
670	1.0	0.0	0.0	0.0	1.0	2.0	0.0
671	2.0	0.0	1.0	0.0	0.6660000000000004	5.334	1.0
672	4.0	0.0	2.0	0.0	4.0	8.0	2.0
673	2.0	3.0	1.0	1.0	3.0	9.0	2.0
674	3.0	1.0	1.0	0.0	4.0	8.0	1.0
675	2.0	3.0	1.0	1.0	1.3320000000000007	13.668	2.0
676	3.0	0.0	3.0	0.0	3.0	6.0	3.0
677	2.0	1.0	0.0	0.0	1.0	2.0	0.0
678	5.0	0.0	5.0	0.0	5.0	10.0	5.0
679	4.0	0.0	2.0	0.0	4.0	8.0	2.0
680	0.0	0.0	0.0	0.0	0.0	0.0	0.0
681	1.0	0.0	1.0	0.0	0.3330000000000002	2.667	1.0
682	0.0	1.0	0.0	0.0	0.3330000000000002	2.667	0.0
683	4.0	0.0	2.0	0.0	4.0	8.0	2.0
684	3.0	0.0	2.0	0.0	0.9990000000000006	8.001	2.0
685	2.0	1.0	1.0	0.0	2.0	4.0	1.0
686	4.0	0.0	3.0	0.0	4.0	8.0	3.0
687	3.0	3.0	2.0	1.0	4.0	8.0	2.0
688	2.0	0.0	2.0	0.0	0.6660000000000004	5.334	2.0
689	0.0	1.0	0.0	0.0	0.3330000000000002	2.667	0.0
690	0.0	0.0	0.0	0.0	0.0	0.0	0.0
691	4.0	1.0	2.0	0.0	3.3360000000000003	8.664	2.0
692	4.0	0.0	2.0	0.0	1.3320000000000007	10.668	2.0
693	1.0	3.0	1.0	2.0	3.668	8.332	3.0
694	4.0	0.0	4.0	0.0	1.3320000000000007	10.668	4.0
695	1.0	1.0	1.0	0.0	0.6660000000000004	5.334	1.0
696	0.0	0.0	0.0	0.0	0.0	0.0	0.0
697	1.0	2.0	0.0	1.0	1.3360000000000003	7.664	1.0
698	4.0	0.0	2.0	0.0	4.0	8.0	2.0
699	3.0	2.0	1.0	0.0	2.333	6.667	1.0
700	3.0	0.0	1.0	0.0	0.9990000000000006	8.001	1.0
701	6.0	1.0	4.0	1.0	5.401	12.599	4.0
702	6.0	0.0	5.0	0.0	6.0	12.0	5.0
703	4.0	0.0	3.0	0.0	5.199999999999999	6.800000000000001	3.0
704	3.0	1.0	1.0	0.0	3.0	6.0	1.0
705	1.0	0.0	1.0	0.0	0.3330000000000002	2.667	1.0
706	5.0	3.0	3.0	1.0	7.0	14.0	3.0
707	3.0	6.0	3.0	3.0	6.3340000000000005	17.665999999999997	5.0
708	3.0	3.0	1.0	1.0	3.6660000000000004	11.334	2.0
709	2.0	8.0	1.0	4.0	5.666	18.334	4.0
710	4.0	3.0	2.0	2.0	6.333	14.667	4.0
711	5.0	8.0	2.0	5.0	6.665000000000001	23.335	5.0
712	5.0	5.0	2.0	2.0	5.002000000000001	15.998000000000001	4.0
713	1.0	9.0	0.0	3.0	3.333000000000001	17.666999999999998	3.0
714	4.0	10.0	2.0	6.0	6.333000000000001	23.666999999999998	5.0
715	1.0	5.0	0.0	0.0	3.0040000000000004	11.995999999999999	0.0
716	5.0	8.0	1.0	3.0	5.667000000000001	18.333	2.0
717	4.0	7.0	1.0	3.0	8.669	21.331	4.0
718	4.0	3.0	1.0	1.0	4.001	10.999	1.0
719	2.0	5.0	2.0	4.0	3.333	8.667	3.0
720	2.0	4.0	2.0	3.0	2.668	6.332	2.0
721	4.0	2.0	3.0	1.0	3.6690000000000005	11.331	3.0
722	2.0	2.0	2.0	2.0	3.0	6.0	3.0
723	2.0	2.0	1.0	1.0	2.0	4.0	1.0
724	1.0	4.0	0.0	3.0	2.000000000000001	13.0	3.0
725	4.0	2.0	1.0	2.0	4.0	8.0	1.0
726	0.0	0.0	0.0	0.0	0.0	0.0	0.0
727	0.0	2.0	0.0	0.0	0.3330000000000002	2.667	0.0
728	0.0	0.0	0.0	0.0	0.0	0.0	0.0
