all_syn	all_nonSyn	tip_syn	tip_nonSyn	S	N	comparisons
001	0.0	0.0	0.0	0.0	0.0	0.0	0.0
002	1.0	0.0	1.0	0.0	0.3330000000000002	2.667	1.0
003	0.0	1.0	0.0	1.0	0.3330000000000002	2.667	1.0
004	0.0	1.0	0.0	1.0	1.0	2.0	1.0
005	0.0	2.0	0.0	2.0	1.3330000000000002	4.667	2.0
006	0.0	0.0	0.0	0.0	0.0	0.0	0.0
007	0.0	0.0	0.0	0.0	0.0	0.0	0.0
008	1.0	2.0	1.0	2.0	1.0	2.0	1.0
009	0.0	1.0	0.0	1.0	1.0	2.0	1.0
010	0.0	0.0	0.0	0.0	0.0	0.0	0.0
011	0.0	2.0	0.0	2.0	2.0	4.0	2.0
012	0.0	1.0	0.0	1.0	1.0	2.0	1.0
013	0.0	0.0	0.0	0.0	0.0	0.0	0.0
014	0.0	0.0	0.0	0.0	0.0	0.0	0.0
015	0.0	1.0	0.0	1.0	0.3330000000000002	2.667	1.0
016	0.0	1.0	0.0	1.0	0.3330000000000002	2.667	1.0
017	0.0	1.0	0.0	1.0	0.3330000000000002	2.667	1.0
018	0.0	0.0	0.0	0.0	0.0	0.0	0.0
019	0.0	0.0	0.0	0.0	0.0	0.0	0.0
020	0.0	0.0	0.0	0.0	0.0	0.0	0.0
021	0.0	0.0	0.0	0.0	0.0	0.0	0.0
022	0.0	0.0	0.0	0.0	0.0	0.0	0.0
023	1.0	1.0	1.0	1.0	2.068	3.932	2.0
024	0.0	1.0	0.0	1.0	1.0	2.0	1.0
025	0.0	1.0	0.0	1.0	0.3330000000000002	2.667	1.0
026	0.0	0.0	0.0	0.0	0.0	0.0	0.0
027	0.0	0.0	0.0	0.0	0.0	0.0	0.0
028	0.0	0.0	0.0	0.0	0.0	0.0	0.0
029	0.0	0.0	0.0	0.0	0.0	0.0	0.0
030	1.0	1.0	1.0	1.0	0.3330000000000002	2.667	1.0
031	0.0	0.0	0.0	0.0	0.0	0.0	0.0
032	0.0	1.0	0.0	1.0	1.0	2.0	1.0
033	0.0	0.0	0.0	0.0	0.0	0.0	0.0
034	1.0	1.0	1.0	1.0	0.3330000000000002	2.667	1.0
035	0.0	0.0	0.0	0.0	0.0	0.0	0.0
036	0.0	0.0	0.0	0.0	0.0	0.0	0.0
037	0.0	0.0	0.0	0.0	0.0	0.0	0.0
038	0.0	0.0	0.0	0.0	0.0	0.0	0.0
039	0.0	0.0	0.0	0.0	0.0	0.0	0.0
040	0.0	0.0	0.0	0.0	0.0	0.0	0.0
041	0.0	0.0	0.0	0.0	0.0	0.0	0.0
042	0.0	0.0	0.0	0.0	0.0	0.0	0.0
043	0.0	0.0	0.0	0.0	0.0	0.0	0.0
044	2.0	0.0	2.0	0.0	2.068	3.932	2.0
045	0.0	2.0	0.0	2.0	1.0	2.0	1.0
046	1.0	0.0	1.0	0.0	1.0	2.0	1.0
047	1.0	0.0	1.0	0.0	1.0	2.0	1.0
048	1.0	0.0	1.0	0.0	0.3330000000000002	2.667	1.0
049	0.0	1.0	0.0	1.0	1.0	2.0	1.0
050	0.0	0.0	0.0	0.0	0.0	0.0	0.0
051	0.0	0.0	0.0	0.0	0.0	0.0	0.0
052	0.0	0.0	0.0	0.0	0.0	0.0	0.0
053	0.0	0.0	0.0	0.0	0.0	0.0	0.0
054	1.0	0.0	1.0	0.0	1.0	2.0	1.0
055	1.0	0.0	1.0	0.0	1.0	2.0	1.0
056	0.0	0.0	0.0	0.0	0.0	0.0	0.0
057	1.0	0.0	1.0	0.0	1.0	2.0	1.0
058	0.0	0.0	0.0	0.0	0.0	0.0	0.0
059	0.0	0.0	0.0	0.0	0.0	0.0	0.0
060	0.0	0.0	0.0	0.0	0.0	0.0	0.0
061	0.0	0.0	0.0	0.0	0.0	0.0	0.0
062	1.0	0.0	1.0	0.0	1.0	2.0	1.0
063	0.0	0.0	0.0	0.0	0.0	0.0	0.0
064	1.0	0.0	1.0	0.0	1.0	2.0	1.0
065	1.0	0.0	1.0	0.0	1.0	2.0	1.0
066	0.0	0.0	0.0	0.0	0.0	0.0	0.0
067	0.0	0.0	0.0	0.0	0.0	0.0	0.0
068	0.0	0.0	0.0	0.0	0.0	0.0	0.0
069	0.0	0.0	0.0	0.0	0.0	0.0	0.0
070	0.0	0.0	0.0	0.0	0.0	0.0	0.0
071	1.0	0.0	1.0	0.0	0.3330000000000002	2.667	1.0
072	1.0	0.0	1.0	0.0	1.4	1.6	1.0
073	0.0	0.0	0.0	0.0	0.0	0.0	0.0
074	2.0	0.0	2.0	0.0	2.068	3.932	2.0
075	0.0	0.0	0.0	0.0	0.0	0.0	0.0
076	1.0	0.0	1.0	0.0	1.0	2.0	1.0
077	0.0	0.0	0.0	0.0	0.0	0.0	0.0
078	1.0	0.0	1.0	0.0	1.0	2.0	1.0
079	1.0	0.0	1.0	0.0	1.0	2.0	1.0
080	1.0	1.0	1.0	1.0	1.0	2.0	1.0
081	1.0	0.0	1.0	0.0	1.0	2.0	1.0
082	0.0	0.0	0.0	0.0	0.0	0.0	0.0
083	1.0	0.0	1.0	0.0	1.4	1.6	1.0
084	1.0	0.0	1.0	0.0	1.0	2.0	1.0
085	1.0	0.0	1.0	0.0	0.3330000000000002	2.667	1.0
086	0.0	0.0	0.0	0.0	0.0	0.0	0.0
087	0.0	0.0	0.0	0.0	0.0	0.0	0.0
088	0.0	1.0	0.0	1.0	1.0	2.0	1.0
089	0.0	1.0	0.0	1.0	1.0	2.0	1.0
090	0.0	0.0	0.0	0.0	0.0	0.0	0.0
091	0.0	0.0	0.0	0.0	0.0	0.0	0.0
092	0.0	0.0	0.0	0.0	0.0	0.0	0.0
093	0.0	1.0	0.0	1.0	1.0	2.0	1.0
094	1.0	0.0	1.0	0.0	1.0	2.0	1.0
095	1.0	0.0	1.0	0.0	1.0	2.0	1.0
096	1.0	0.0	1.0	0.0	1.0	2.0	1.0
097	1.0	0.0	1.0	0.0	1.0	2.0	1.0
098	1.0	0.0	1.0	0.0	1.0	2.0	1.0
099	0.0	0.0	0.0	0.0	0.0	0.0	0.0
100	1.0	0.0	1.0	0.0	1.0	2.0	1.0
101	0.0	1.0	0.0	1.0	1.0	2.0	1.0
102	1.0	0.0	1.0	0.0	1.0	2.0	1.0
103	0.0	1.0	0.0	1.0	0.3330000000000002	2.667	1.0
104	1.0	1.0	1.0	1.0	2.0	4.0	2.0
105	0.0	0.0	0.0	0.0	0.0	0.0	0.0
106	0.0	0.0	0.0	0.0	0.0	0.0	0.0
107	0.0	0.0	0.0	0.0	0.0	0.0	0.0
108	1.0	1.0	1.0	1.0	1.3330000000000002	4.667	2.0
109	1.0	0.0	1.0	0.0	0.3330000000000002	2.667	1.0
110	1.0	0.0	1.0	0.0	1.0	2.0	1.0
111	0.0	0.0	0.0	0.0	0.0	0.0	0.0
112	0.0	0.0	0.0	0.0	0.0	0.0	0.0
113	0.0	0.0	0.0	0.0	0.0	0.0	0.0
114	1.0	1.0	1.0	1.0	2.0	4.0	2.0
115	1.0	2.0	1.0	2.0	0.3330000000000002	2.667	1.0
116	0.0	0.0	0.0	0.0	0.0	0.0	0.0
117	0.0	0.0	0.0	0.0	0.0	0.0	0.0
118	0.0	0.0	0.0	0.0	0.0	0.0	0.0
119	1.0	0.0	1.0	0.0	1.0	2.0	1.0
120	0.0	0.0	0.0	0.0	0.0	0.0	0.0
121	1.0	0.0	1.0	0.0	1.0	2.0	1.0
122	0.0	0.0	0.0	0.0	0.0	0.0	0.0
123	1.0	0.0	1.0	0.0	1.0	2.0	1.0
124	0.0	1.0	0.0	1.0	0.3330000000000002	2.667	1.0
125	1.0	0.0	1.0	0.0	1.0	2.0	1.0
126	0.0	1.0	0.0	1.0	0.3330000000000002	2.667	1.0
127	0.0	0.0	0.0	0.0	0.0	0.0	0.0
128	0.0	0.0	0.0	0.0	0.0	0.0	0.0
129	1.0	0.0	1.0	0.0	1.0	2.0	1.0
130	1.0	1.0	1.0	1.0	1.0	2.0	1.0
131	1.0	0.0	1.0	0.0	0.3330000000000002	2.667	1.0
132	0.0	0.0	0.0	0.0	0.0	0.0	0.0
133	1.0	0.0	1.0	0.0	0.6680000000000001	2.332	1.0
134	0.0	0.0	0.0	0.0	0.0	0.0	0.0
135	1.0	0.0	1.0	0.0	1.0	2.0	1.0
136	0.0	0.0	0.0	0.0	0.0	0.0	0.0
137	0.0	0.0	0.0	0.0	0.0	0.0	0.0
138	1.0	0.0	1.0	0.0	1.0	2.0	1.0
139	1.0	2.0	1.0	2.0	1.6680000000000001	4.332	2.0
140	0.0	0.0	0.0	0.0	0.0	0.0	0.0
141	0.0	0.0	0.0	0.0	0.0	0.0	0.0
142	0.0	0.0	0.0	0.0	0.0	0.0	0.0
143	0.0	0.0	0.0	0.0	0.0	0.0	0.0
144	0.0	1.0	0.0	1.0	0.3330000000000002	2.667	1.0
145	0.0	0.0	0.0	0.0	0.0	0.0	0.0
146	1.0	1.0	1.0	1.0	2.4	3.6	2.0
147	0.0	1.0	0.0	1.0	0.3330000000000002	2.667	1.0
148	1.0	0.0	1.0	0.0	0.3330000000000002	2.667	1.0
149	0.0	1.0	0.0	1.0	0.3330000000000002	2.667	1.0
150	0.0	1.0	0.0	1.0	1.0	2.0	1.0
151	0.0	0.0	0.0	0.0	0.0	0.0	0.0
152	1.0	1.0	1.0	1.0	1.0	2.0	1.0
153	0.0	1.0	0.0	1.0	0.3330000000000002	2.667	1.0
154	1.0	1.0	1.0	1.0	2.0	4.0	2.0
155	1.0	0.0	1.0	0.0	0.3330000000000002	2.667	1.0
156	0.0	1.0	0.0	1.0	1.0	2.0	1.0
157	0.0	1.0	0.0	1.0	1.4	1.6	1.0
158	1.0	1.0	1.0	1.0	0.3330000000000002	2.667	1.0
159	0.0	2.0	0.0	2.0	1.3330000000000002	4.667	2.0
160	0.0	1.0	0.0	1.0	0.3330000000000002	2.667	1.0
161	0.0	2.0	0.0	2.0	1.3330000000000002	4.667	2.0
162	0.0	1.0	0.0	1.0	0.3330000000000002	2.667	1.0
163	1.0	2.0	1.0	2.0	1.6680000000000001	4.332	2.0
164	0.0	1.0	0.0	1.0	0.3330000000000002	2.667	1.0
165	0.0	2.0	0.0	2.0	0.3330000000000002	2.667	1.0
166	1.0	0.0	1.0	0.0	1.0	2.0	1.0
167	0.0	1.0	0.0	1.0	0.3330000000000002	2.667	1.0
168	0.0	0.0	0.0	0.0	0.0	0.0	0.0
169	1.0	1.0	1.0	1.0	1.3330000000000002	4.667	2.0
170	0.0	1.0	0.0	1.0	0.3330000000000002	2.667	1.0
171	0.0	0.0	0.0	0.0	0.0	0.0	0.0
172	1.0	1.0	1.0	1.0	1.3330000000000002	4.667	2.0
173	0.0	0.0	0.0	0.0	0.0	0.0	0.0
174	0.0	1.0	0.0	1.0	0.6680000000000001	2.332	1.0
175	1.0	1.0	1.0	1.0	1.3330000000000002	4.667	2.0
176	1.0	2.0	1.0	2.0	1.0	2.0	1.0
177	1.0	1.0	1.0	1.0	0.6660000000000004	5.334	2.0
178	1.0	0.0	1.0	0.0	1.0	2.0	1.0
179	0.0	0.0	0.0	0.0	0.0	0.0	0.0
180	0.0	0.0	0.0	0.0	0.0	0.0	0.0
181	0.0	0.0	0.0	0.0	0.0	0.0	0.0
182	0.0	0.0	0.0	0.0	0.0	0.0	0.0
183	0.0	0.0	0.0	0.0	0.0	0.0	0.0
184	0.0	0.0	0.0	0.0	0.0	0.0	0.0
185	0.0	0.0	0.0	0.0	0.0	0.0	0.0
186	0.0	0.0	0.0	0.0	0.0	0.0	0.0
187	0.0	0.0	0.0	0.0	0.0	0.0	0.0
188	1.0	0.0	1.0	0.0	1.0	2.0	1.0
189	1.0	1.0	1.0	1.0	2.0	4.0	2.0
190	1.0	1.0	1.0	1.0	0.6660000000000004	5.334	2.0
191	0.0	1.0	0.0	1.0	0.3330000000000002	2.667	1.0
192	0.0	0.0	0.0	0.0	0.0	0.0	0.0
193	0.0	1.0	0.0	1.0	1.0	2.0	1.0
194	0.0	1.0	0.0	1.0	1.0	2.0	1.0
195	0.0	0.0	0.0	0.0	0.0	0.0	0.0
196	0.0	1.0	0.0	1.0	0.3330000000000002	2.667	1.0
197	1.0	1.0	1.0	1.0	0.3330000000000002	2.667	1.0
198	0.0	1.0	0.0	1.0	1.0	2.0	1.0
199	1.0	1.0	1.0	1.0	1.0	2.0	1.0
200	0.0	1.0	0.0	1.0	0.3330000000000002	2.667	1.0
201	1.0	1.0	1.0	1.0	0.3330000000000002	2.667	1.0
202	0.0	0.0	0.0	0.0	0.0	0.0	0.0
203	0.0	0.0	0.0	0.0	0.0	0.0	0.0
204	1.0	0.0	1.0	0.0	1.0	2.0	1.0
205	0.0	0.0	0.0	0.0	0.0	0.0	0.0
206	1.0	1.0	1.0	1.0	2.0	4.0	2.0
207	0.0	0.0	0.0	0.0	0.0	0.0	0.0
208	1.0	0.0	1.0	0.0	1.0	2.0	1.0
209	0.0	1.0	0.0	1.0	0.6680000000000001	2.332	1.0
210	0.0	0.0	0.0	0.0	0.0	0.0	0.0
211	0.0	0.0	0.0	0.0	0.0	0.0	0.0
212	1.0	1.0	1.0	1.0	1.0	2.0	1.0
213	1.0	1.0	1.0	1.0	1.0	2.0	1.0
214	1.0	0.0	1.0	0.0	1.0	2.0	1.0
215	0.0	1.0	0.0	1.0	1.0	2.0	1.0
216	1.0	1.0	1.0	1.0	2.0	4.0	2.0
217	1.0	2.0	1.0	2.0	1.733	4.2669999999999995	2.0
218	1.0	2.0	1.0	2.0	1.6680000000000001	4.332	2.0
219	1.0	2.0	1.0	2.0	1.733	4.2669999999999995	2.0
220	0.0	1.0	0.0	1.0	1.0	2.0	1.0
221	0.0	0.0	0.0	0.0	0.0	0.0	0.0
222	1.0	1.0	1.0	1.0	1.0	2.0	1.0
223	1.0	0.0	1.0	0.0	0.3330000000000002	2.667	1.0
224	1.0	0.0	1.0	0.0	0.3330000000000002	2.667	1.0
225	1.0	0.0	1.0	0.0	0.3330000000000002	2.667	1.0
226	0.0	2.0	0.0	2.0	1.3330000000000002	4.667	2.0
227	1.0	1.0	1.0	1.0	2.0	4.0	2.0
228	0.0	0.0	0.0	0.0	0.0	0.0	0.0
