all_syn	all_nonSyn	tip_syn	tip_nonSyn	S	N	comparisons
001	0.0	0.0	0.0	0.0	0.0	0.0	0.0
002	1.0	0.0	1.0	0.0	0.3330000000000002	2.667	1.0
003	0.0	1.0	0.0	1.0	1.0	2.0	1.0
004	0.0	0.0	0.0	0.0	0.0	0.0	0.0
005	1.0	0.0	1.0	0.0	1.0	2.0	1.0
006	1.0	0.0	1.0	0.0	1.0	2.0	1.0
007	1.0	0.0	1.0	0.0	1.0	2.0	1.0
008	0.0	0.0	0.0	0.0	0.0	0.0	0.0
009	1.0	0.0	1.0	0.0	1.0	2.0	1.0
010	0.0	1.0	0.0	1.0	1.0	2.0	1.0
011	1.0	0.0	1.0	0.0	1.0	2.0	1.0
012	1.0	1.0	1.0	1.0	1.733	4.2669999999999995	2.0
013	0.0	1.0	0.0	1.0	1.4	1.6	1.0
014	1.0	1.0	1.0	1.0	1.0	2.0	1.0
015	1.0	1.0	1.0	1.0	1.0	2.0	1.0
016	0.0	0.0	0.0	0.0	0.0	0.0	0.0
017	0.0	1.0	0.0	1.0	1.0	2.0	1.0
018	1.0	0.0	1.0	0.0	1.0	2.0	1.0
019	0.0	0.0	0.0	0.0	0.0	0.0	0.0
020	1.0	1.0	1.0	1.0	1.4	1.6	1.0
021	0.0	0.0	0.0	0.0	0.0	0.0	0.0
022	0.0	0.0	0.0	0.0	0.0	0.0	0.0
023	1.0	0.0	1.0	0.0	1.0	2.0	1.0
024	1.0	1.0	1.0	1.0	2.0	4.0	2.0
025	0.0	0.0	0.0	0.0	0.0	0.0	0.0
026	2.0	0.0	2.0	0.0	1.0	2.0	1.0
027	1.0	0.0	1.0	0.0	0.3330000000000002	2.667	1.0
028	1.0	1.0	1.0	1.0	1.0	2.0	1.0
029	0.0	0.0	0.0	0.0	0.0	0.0	0.0
030	0.0	1.0	0.0	1.0	0.3330000000000002	2.667	1.0
031	0.0	2.0	0.0	2.0	1.3330000000000002	4.667	2.0
032	0.0	0.0	0.0	0.0	0.0	0.0	0.0
033	1.0	0.0	1.0	0.0	1.0	2.0	1.0
034	0.0	0.0	0.0	0.0	0.0	0.0	0.0
035	0.0	0.0	0.0	0.0	0.0	0.0	0.0
036	1.0	0.0	1.0	0.0	0.3330000000000002	2.667	1.0
037	0.0	2.0	0.0	2.0	0.3330000000000002	2.667	1.0
038	0.0	2.0	0.0	2.0	0.3330000000000002	2.667	1.0
039	1.0	0.0	1.0	0.0	1.0	2.0	1.0
040	0.0	0.0	0.0	0.0	0.0	0.0	0.0
041	0.0	0.0	0.0	0.0	0.0	0.0	0.0
042	1.0	1.0	1.0	1.0	0.6680000000000001	2.332	1.0
043	1.0	2.0	1.0	2.0	1.0	2.0	1.0
044	1.0	1.0	1.0	1.0	1.6680000000000001	4.332	2.0
045	0.0	0.0	0.0	0.0	0.0	0.0	0.0
046	0.0	0.0	0.0	0.0	0.0	0.0	0.0
047	0.0	0.0	0.0	0.0	0.0	0.0	0.0
048	1.0	0.0	1.0	0.0	0.3330000000000002	2.667	1.0
049	0.0	1.0	0.0	1.0	0.3330000000000002	2.667	1.0
050	2.0	0.0	2.0	0.0	1.0	2.0	1.0
051	0.0	1.0	0.0	1.0	0.0	3.0	1.0
052	0.0	2.0	0.0	2.0	2.0	4.0	2.0
053	1.0	0.0	1.0	0.0	0.3330000000000002	2.667	1.0
054	1.0	0.0	1.0	0.0	1.0	2.0	1.0
055	0.0	2.0	0.0	2.0	0.3330000000000002	2.667	1.0
056	1.0	1.0	1.0	1.0	1.0	2.0	1.0
057	0.0	1.0	0.0	1.0	0.3330000000000002	2.667	1.0
058	1.0	0.0	1.0	0.0	1.0	2.0	1.0
059	1.0	0.0	1.0	0.0	1.0	2.0	1.0
060	1.0	0.0	1.0	0.0	1.0	2.0	1.0
061	1.0	0.0	1.0	0.0	1.0	2.0	1.0
062	0.0	0.0	0.0	0.0	0.0	0.0	0.0
063	1.0	1.0	1.0	1.0	0.3330000000000002	2.667	1.0
064	0.0	1.0	0.0	1.0	1.0	2.0	1.0
065	0.0	0.0	0.0	0.0	0.0	0.0	0.0
066	0.0	0.0	0.0	0.0	0.0	0.0	0.0
067	1.0	1.0	1.0	1.0	0.3330000000000002	2.667	1.0
068	1.0	1.0	1.0	1.0	0.6660000000000004	5.334	2.0
069	1.0	0.0	1.0	0.0	0.3330000000000002	2.667	1.0
070	1.0	0.0	1.0	0.0	1.0	2.0	1.0
071	0.0	2.0	0.0	2.0	0.6660000000000004	5.334	2.0
072	0.0	2.0	0.0	2.0	1.0010000000000003	4.999	2.0
073	0.0	0.0	0.0	0.0	0.0	0.0	0.0
074	0.0	0.0	0.0	0.0	0.0	0.0	0.0
075	1.0	1.0	1.0	1.0	0.3330000000000002	2.667	1.0
076	1.0	1.0	1.0	1.0	2.0	4.0	2.0
077	1.0	0.0	1.0	0.0	1.0	2.0	1.0
078	0.0	1.0	0.0	1.0	0.3330000000000002	2.667	1.0
079	1.0	2.0	1.0	2.0	1.3330000000000002	4.667	2.0
080	1.0	1.0	1.0	1.0	2.4	3.6	2.0
081	0.0	1.0	0.0	1.0	0.3330000000000002	2.667	1.0
082	0.0	1.0	0.0	1.0	1.0	2.0	1.0
083	1.0	1.0	1.0	1.0	0.3330000000000002	2.667	1.0
084	1.0	0.0	1.0	0.0	1.0	2.0	1.0
085	1.0	1.0	1.0	1.0	0.3330000000000002	2.667	1.0
086	0.0	0.0	0.0	0.0	0.0	0.0	0.0
087	0.0	1.0	0.0	1.0	0.6680000000000001	2.332	1.0
088	0.0	1.0	0.0	1.0	1.0	2.0	1.0
089	0.0	1.0	0.0	1.0	1.0	2.0	1.0
090	1.0	2.0	1.0	2.0	1.3330000000000002	4.667	2.0
091	0.0	1.0	0.0	1.0	0.3330000000000002	2.667	1.0
092	0.0	1.0	0.0	1.0	0.0	3.0	1.0
093	1.0	0.0	1.0	0.0	1.0	2.0	1.0
094	0.0	2.0	0.0	2.0	0.3330000000000002	2.667	1.0
095	0.0	2.0	0.0	2.0	1.3330000000000002	4.667	2.0
096	1.0	0.0	1.0	0.0	1.0	2.0	1.0
097	0.0	2.0	0.0	2.0	0.6660000000000004	5.334	2.0
098	0.0	1.0	0.0	1.0	1.4	1.6	1.0
099	1.0	1.0	1.0	1.0	1.0	2.0	1.0
100	0.0	0.0	0.0	0.0	0.0	0.0	0.0
101	1.0	0.0	1.0	0.0	1.0	2.0	1.0
102	1.0	0.0	1.0	0.0	1.0	2.0	1.0
103	0.0	0.0	0.0	0.0	0.0	0.0	0.0
104	1.0	0.0	1.0	0.0	1.0	2.0	1.0
105	1.0	1.0	1.0	1.0	1.3330000000000002	4.667	2.0
106	0.0	0.0	0.0	0.0	0.0	0.0	0.0
107	1.0	0.0	1.0	0.0	1.0	2.0	1.0
108	1.0	2.0	1.0	2.0	1.3330000000000002	4.667	2.0
109	1.0	2.0	1.0	2.0	1.3330000000000002	4.667	2.0
110	1.0	2.0	1.0	2.0	1.3330000000000002	4.667	2.0
111	0.0	1.0	0.0	1.0	0.3330000000000002	2.667	1.0
112	1.0	2.0	1.0	2.0	2.0	4.0	2.0
113	1.0	0.0	1.0	0.0	1.0	2.0	1.0
114	1.0	0.0	1.0	0.0	0.3330000000000002	2.667	1.0
115	1.0	0.0	1.0	0.0	0.3330000000000002	2.667	1.0
116	1.0	1.0	1.0	1.0	2.0	4.0	2.0
117	1.0	0.0	1.0	0.0	0.3330000000000002	2.667	1.0
118	1.0	0.0	1.0	0.0	1.0	2.0	1.0
119	0.0	0.0	0.0	0.0	0.0	0.0	0.0
120	1.0	1.0	1.0	1.0	1.3330000000000002	4.667	2.0
121	0.0	0.0	0.0	0.0	0.0	0.0	0.0
122	0.0	0.0	0.0	0.0	0.0	0.0	0.0
123	0.0	0.0	0.0	0.0	0.0	0.0	0.0
124	0.0	0.0	0.0	0.0	0.0	0.0	0.0
125	0.0	2.0	0.0	2.0	2.0	4.0	2.0
126	0.0	0.0	0.0	0.0	0.0	0.0	0.0
127	2.0	1.0	2.0	1.0	1.3330000000000002	4.667	2.0
128	1.0	1.0	1.0	1.0	0.3330000000000002	2.667	1.0
129	0.0	0.0	0.0	0.0	0.0	0.0	0.0
130	1.0	1.0	1.0	1.0	0.6660000000000004	5.334	2.0
131	0.0	2.0	0.0	2.0	0.3330000000000002	2.667	1.0
132	1.0	1.0	1.0	1.0	0.3330000000000002	2.667	1.0
133	0.0	2.0	0.0	2.0	1.3330000000000002	4.667	2.0
134	0.0	2.0	0.0	2.0	1.0	2.0	1.0
135	0.0	0.0	0.0	0.0	0.0	0.0	0.0
136	0.0	0.0	0.0	0.0	0.0	0.0	0.0
137	1.0	1.0	1.0	1.0	1.733	4.2669999999999995	2.0
138	0.0	2.0	0.0	2.0	0.3330000000000002	2.667	1.0
139	1.0	2.0	1.0	2.0	0.3330000000000002	2.667	1.0
140	1.0	2.0	1.0	2.0	1.0	2.0	1.0
141	1.0	0.0	1.0	0.0	1.0	2.0	1.0
142	0.0	3.0	0.0	3.0	1.3330000000000002	4.667	2.0
143	0.0	0.0	0.0	0.0	0.0	0.0	0.0
144	0.0	1.0	0.0	1.0	0.3330000000000002	2.667	1.0
145	0.0	1.0	0.0	1.0	1.0	2.0	1.0
146	0.0	0.0	0.0	0.0	0.0	0.0	0.0
147	1.0	0.0	1.0	0.0	1.0	2.0	1.0
148	0.0	0.0	0.0	0.0	0.0	0.0	0.0
149	1.0	1.0	1.0	1.0	1.0	2.0	1.0
150	0.0	0.0	0.0	0.0	0.0	0.0	0.0
151	1.0	0.0	1.0	0.0	1.0	2.0	1.0
152	0.0	0.0	0.0	0.0	0.0	0.0	0.0
153	0.0	0.0	0.0	0.0	0.0	0.0	0.0
154	1.0	0.0	1.0	0.0	1.0	2.0	1.0
155	1.0	0.0	1.0	0.0	0.3330000000000002	2.667	1.0
156	1.0	1.0	1.0	1.0	0.6680000000000001	2.332	1.0
157	1.0	1.0	1.0	1.0	0.6660000000000004	5.334	2.0
158	0.0	0.0	0.0	0.0	0.0	0.0	0.0
159	0.0	0.0	0.0	0.0	0.0	0.0	0.0
160	0.0	2.0	0.0	2.0	0.6660000000000004	5.334	2.0
161	0.0	0.0	0.0	0.0	0.0	0.0	0.0
162	1.0	0.0	1.0	0.0	0.3330000000000002	2.667	1.0
163	0.0	2.0	0.0	2.0	0.3330000000000002	2.667	1.0
164	0.0	3.0	0.0	3.0	1.3330000000000002	4.667	2.0
165	1.0	0.0	1.0	0.0	1.0	2.0	1.0
166	0.0	1.0	0.0	1.0	0.3330000000000002	2.667	1.0
167	1.0	0.0	1.0	0.0	0.3330000000000002	2.667	1.0
168	0.0	0.0	0.0	0.0	0.0	0.0	0.0
169	1.0	2.0	1.0	2.0	0.3330000000000002	5.667	2.0
170	0.0	0.0	0.0	0.0	0.0	0.0	0.0
171	1.0	0.0	1.0	0.0	1.0	2.0	1.0
172	1.0	0.0	1.0	0.0	0.3330000000000002	2.667	1.0
173	1.0	1.0	1.0	1.0	0.3330000000000002	2.667	1.0
174	0.0	0.0	0.0	0.0	0.0	0.0	0.0
175	1.0	1.0	1.0	1.0	1.0	2.0	1.0
176	0.0	0.0	0.0	0.0	0.0	0.0	0.0
177	1.0	0.0	1.0	0.0	1.0	2.0	1.0
178	1.0	0.0	1.0	0.0	0.3330000000000002	2.667	1.0
179	0.0	2.0	0.0	2.0	1.3330000000000002	4.667	2.0
180	0.0	0.0	0.0	0.0	0.0	0.0	0.0
181	0.0	1.0	0.0	1.0	0.3330000000000002	2.667	1.0
182	0.0	2.0	0.0	2.0	0.3330000000000002	2.667	1.0
183	1.0	2.0	1.0	2.0	1.3330000000000002	4.667	2.0
184	1.0	1.0	1.0	1.0	1.3330000000000002	4.667	2.0
185	0.0	1.0	0.0	1.0	1.0	2.0	1.0
186	1.0	1.0	1.0	1.0	0.3330000000000002	2.667	1.0
187	0.0	0.0	0.0	0.0	0.0	0.0	0.0
188	1.0	1.0	1.0	1.0	0.6660000000000004	5.334	2.0
189	1.0	0.0	1.0	0.0	1.0	2.0	1.0
190	1.0	0.0	1.0	0.0	0.3330000000000002	2.667	1.0
191	1.0	0.0	1.0	0.0	1.0	2.0	1.0
192	1.0	0.0	1.0	0.0	1.0	2.0	1.0
193	0.0	0.0	0.0	0.0	0.0	0.0	0.0
194	0.0	0.0	0.0	0.0	0.0	0.0	0.0
195	0.0	1.0	0.0	1.0	0.3330000000000002	2.667	1.0
196	0.0	2.0	0.0	2.0	1.3330000000000002	4.667	2.0
197	0.0	0.0	0.0	0.0	0.0	0.0	0.0
198	0.0	2.0	0.0	2.0	2.4	3.6	2.0
199	0.0	2.0	0.0	2.0	0.3330000000000002	2.667	1.0
200	1.0	1.0	1.0	1.0	1.0	2.0	1.0
201	1.0	0.0	1.0	0.0	1.4	1.6	1.0
202	1.0	0.0	1.0	0.0	0.3330000000000002	2.667	1.0
203	1.0	0.0	1.0	0.0	1.0	2.0	1.0
204	0.0	1.0	0.0	1.0	0.3330000000000002	2.667	1.0
205	0.0	0.0	0.0	0.0	0.0	0.0	0.0
206	0.0	0.0	0.0	0.0	0.0	0.0	0.0
207	1.0	1.0	1.0	1.0	2.0	4.0	2.0
208	1.0	0.0	1.0	0.0	1.0	2.0	1.0
209	1.0	1.0	1.0	1.0	1.6680000000000001	4.332	2.0
210	1.0	1.0	1.0	1.0	2.0	4.0	2.0
211	1.0	2.0	1.0	2.0	0.6660000000000004	5.334	2.0
212	1.0	1.0	1.0	1.0	1.0	2.0	1.0
213	1.0	0.0	1.0	0.0	1.0	2.0	1.0
214	1.0	0.0	1.0	0.0	1.0	2.0	1.0
215	0.0	1.0	0.0	1.0	1.0	2.0	1.0
216	1.0	1.0	1.0	1.0	1.0	5.0	2.0
217	1.0	0.0	1.0	0.0	1.0	2.0	1.0
218	0.0	1.0	0.0	1.0	1.0	2.0	1.0
219	1.0	0.0	1.0	0.0	1.0	2.0	1.0
220	1.0	0.0	1.0	0.0	0.6680000000000001	2.332	1.0
221	1.0	2.0	1.0	2.0	2.0	4.0	2.0
222	1.0	2.0	1.0	2.0	1.3330000000000002	4.667	2.0
223	1.0	1.0	1.0	1.0	1.0010000000000003	4.999	2.0
224	0.0	2.0	0.0	2.0	0.3330000000000002	2.667	1.0
225	0.0	0.0	0.0	0.0	0.0	0.0	0.0
226	0.0	1.0	0.0	1.0	1.0	2.0	1.0
227	1.0	0.0	1.0	0.0	1.0	2.0	1.0
228	0.0	0.0	0.0	0.0	0.0	0.0	0.0
229	1.0	1.0	1.0	1.0	0.6680000000000001	2.332	1.0
230	1.0	2.0	1.0	2.0	2.0	4.0	2.0
231	0.0	0.0	0.0	0.0	0.0	0.0	0.0
232	1.0	2.0	1.0	2.0	2.0	4.0	2.0
233	1.0	0.0	1.0	0.0	1.4	1.6	1.0
234	1.0	0.0	1.0	0.0	1.0	2.0	1.0
235	0.0	0.0	0.0	0.0	0.0	0.0	0.0
236	0.0	1.0	0.0	1.0	0.3330000000000002	2.667	1.0
237	1.0	1.0	1.0	1.0	2.0	4.0	2.0
238	1.0	0.0	1.0	0.0	0.3330000000000002	2.667	1.0
239	1.0	0.0	1.0	0.0	1.0	2.0	1.0
240	1.0	0.0	1.0	0.0	0.3330000000000002	2.667	1.0
241	0.0	2.0	0.0	2.0	2.0	4.0	2.0
242	0.0	0.0	0.0	0.0	0.0	0.0	0.0
