all_syn	all_nonSyn	tip_syn	tip_nonSyn	S	N	comparisons
001	0.0	0.0	0.0	0.0	0.0	0.0	0.0
002	0.0	0.0	0.0	0.0	0.0	0.0	0.0
003	0.0	0.0	0.0	0.0	0.0	0.0	0.0
004	0.0	0.0	0.0	0.0	0.0	0.0	0.0
005	0.0	0.0	0.0	0.0	0.0	0.0	0.0
006	0.0	0.0	0.0	0.0	0.0	0.0	0.0
007	0.0	0.0	0.0	0.0	0.0	0.0	0.0
008	0.0	0.0	0.0	0.0	0.0	0.0	0.0
009	0.0	0.0	0.0	0.0	0.0	0.0	0.0
010	0.0	0.0	0.0	0.0	0.0	0.0	0.0
011	0.0	0.0	0.0	0.0	0.0	0.0	0.0
012	0.0	0.0	0.0	0.0	0.0	0.0	0.0
013	0.0	0.0	0.0	0.0	0.0	0.0	0.0
014	0.0	0.0	0.0	0.0	0.0	0.0	0.0
015	0.0	0.0	0.0	0.0	0.0	0.0	0.0
016	0.0	0.0	0.0	0.0	0.0	0.0	0.0
017	0.0	0.0	0.0	0.0	0.0	0.0	0.0
018	0.0	0.0	0.0	0.0	0.0	0.0	0.0
019	0.0	0.0	0.0	0.0	0.0	0.0	0.0
020	0.0	0.0	0.0	0.0	0.0	0.0	0.0
021	0.0	0.0	0.0	0.0	0.0	0.0	0.0
022	0.0	0.0	0.0	0.0	0.0	0.0	0.0
023	0.0	0.0	0.0	0.0	0.0	0.0	0.0
024	0.0	0.0	0.0	0.0	0.0	0.0	0.0
025	0.0	0.0	0.0	0.0	0.0	0.0	0.0
026	0.0	0.0	0.0	0.0	0.0	0.0	0.0
027	0.0	0.0	0.0	0.0	0.0	0.0	0.0
028	0.0	0.0	0.0	0.0	0.0	0.0	0.0
029	0.0	0.0	0.0	0.0	0.0	0.0	0.0
030	0.0	0.0	0.0	0.0	0.0	0.0	0.0
031	0.0	0.0	0.0	0.0	0.0	0.0	0.0
032	0.0	1.0	0.0	0.0	1.0	2.0	0.0
033	1.0	1.0	0.0	0.0	1.0	2.0	0.0
034	1.0	0.0	0.0	0.0	0.6680000000000001	2.332	0.0
035	1.0	1.0	0.0	0.0	0.3330000000000002	2.667	0.0
036	0.0	2.0	0.0	0.0	1.0	2.0	0.0
037	1.0	0.0	0.0	0.0	1.0	2.0	0.0
038	0.0	0.0	0.0	0.0	0.0	0.0	0.0
039	0.0	0.0	0.0	0.0	0.0	0.0	0.0
040	0.0	0.0	0.0	0.0	0.0	0.0	0.0
041	1.0	0.0	0.0	0.0	1.0	2.0	0.0
042	1.0	2.0	0.0	0.0	1.0	2.0	0.0
043	0.0	2.0	0.0	0.0	0.3330000000000002	2.667	0.0
044	1.0	1.0	0.0	0.0	1.0	2.0	0.0
045	1.0	1.0	0.0	0.0	1.0	2.0	0.0
046	0.0	0.0	0.0	0.0	0.0	0.0	0.0
047	0.0	0.0	0.0	0.0	0.0	0.0	0.0
048	0.0	0.0	0.0	0.0	0.0	0.0	0.0
049	0.0	0.0	0.0	0.0	0.0	0.0	0.0
050	1.0	1.0	0.0	0.0	1.0	2.0	0.0
051	0.0	2.0	0.0	0.0	1.0	2.0	0.0
052	1.0	2.0	0.0	0.0	0.3330000000000002	2.667	0.0
053	0.0	0.0	0.0	0.0	0.0	0.0	0.0
054	1.0	0.0	0.0	0.0	1.0	2.0	0.0
055	0.0	1.0	0.0	0.0	0.3330000000000002	2.667	0.0
056	0.0	2.0	0.0	0.0	0.3330000000000002	2.667	0.0
057	2.0	2.0	0.0	0.0	1.3330000000000002	4.667	0.0
058	2.0	4.0	1.0	1.0	3.333	8.667	2.0
059	1.0	2.0	0.0	0.0	3.0	6.0	0.0
060	1.0	3.0	0.0	1.0	2.333	6.667	1.0
061	2.0	4.0	1.0	3.0	4.0	8.0	2.0
062	1.0	2.0	0.0	1.0	3.0	6.0	1.0
063	1.0	2.0	1.0	0.0	3.0	6.0	1.0
064	0.0	0.0	0.0	0.0	0.0	0.0	0.0
065	1.0	2.0	1.0	2.0	1.0	2.0	1.0
066	1.0	2.0	1.0	2.0	0.3330000000000002	2.667	1.0
067	1.0	0.0	0.0	0.0	1.0	2.0	0.0
068	0.0	1.0	0.0	1.0	1.0	2.0	1.0
069	2.0	2.0	1.0	1.0	3.0	6.0	1.0
070	0.0	6.0	0.0	3.0	4.333	10.667	2.0
071	2.0	3.0	2.0	1.0	4.0	8.0	2.0
072	1.0	4.0	0.0	2.0	3.333	8.667	2.0
073	1.0	4.0	0.0	2.0	3.333	8.667	2.0
074	1.0	4.0	1.0	1.0	3.333	8.667	2.0
075	1.0	4.0	0.0	2.0	1.9990000000000006	10.001	2.0
076	3.0	4.0	0.0	2.0	5.0	10.0	2.0
077	1.0	1.0	0.0	0.0	2.0	4.0	0.0
078	2.0	3.0	1.0	2.0	1.0	5.0	1.0
079	3.0	3.0	1.0	1.0	3.0	6.0	1.0
080	2.0	2.0	1.0	2.0	1.6680000000000001	4.332	1.0
081	1.0	3.0	1.0	1.0	2.0	4.0	1.0
082	2.0	4.0	1.0	2.0	2.0	4.0	1.0
083	0.0	0.0	0.0	0.0	0.0	0.0	0.0
084	1.0	0.0	1.0	0.0	1.0	2.0	1.0
085	1.0	0.0	0.0	0.0	1.0	2.0	0.0
086	0.0	1.0	0.0	1.0	0.6680000000000001	2.332	1.0
087	0.0	2.0	0.0	0.0	0.3330000000000002	2.667	0.0
088	0.0	2.0	0.0	0.0	1.0	2.0	0.0
089	2.0	2.0	0.0	0.0	2.0	4.0	0.0
090	1.0	0.0	0.0	0.0	1.0	2.0	0.0
091	0.0	0.0	0.0	0.0	0.0	0.0	0.0
092	1.0	0.0	0.0	0.0	1.0	2.0	0.0
093	0.0	0.0	0.0	0.0	0.0	0.0	0.0
094	1.0	0.0	0.0	0.0	0.3330000000000002	2.667	0.0
095	0.0	0.0	0.0	0.0	0.0	0.0	0.0
096	0.0	0.0	0.0	0.0	0.0	0.0	0.0
097	1.0	0.0	0.0	0.0	1.0	2.0	0.0
098	1.0	0.0	0.0	0.0	1.0	2.0	0.0
099	0.0	0.0	0.0	0.0	0.0	0.0	0.0
100	0.0	0.0	0.0	0.0	0.0	0.0	0.0
101	1.0	1.0	0.0	0.0	1.0	2.0	0.0
102	1.0	0.0	0.0	0.0	1.0	2.0	0.0
103	1.0	0.0	0.0	0.0	1.0	2.0	0.0
104	1.0	1.0	0.0	0.0	1.0	2.0	0.0
105	1.0	1.0	0.0	0.0	0.3330000000000002	2.667	0.0
106	1.0	1.0	0.0	0.0	0.3330000000000002	2.667	0.0
107	0.0	0.0	0.0	0.0	0.0	0.0	0.0
108	0.0	2.0	0.0	0.0	1.3330000000000002	4.667	0.0
109	0.0	1.0	0.0	0.0	0.3330000000000002	2.667	0.0
110	0.0	2.0	0.0	0.0	0.6660000000000004	5.334	0.0
111	1.0	0.0	0.0	0.0	0.3330000000000002	2.667	0.0
112	0.0	0.0	0.0	0.0	0.0	0.0	0.0
113	0.0	0.0	0.0	0.0	0.0	0.0	0.0
114	0.0	0.0	0.0	0.0	0.0	0.0	0.0
115	0.0	0.0	0.0	0.0	0.0	0.0	0.0
116	1.0	0.0	0.0	0.0	1.4	1.6	0.0
117	1.0	1.0	0.0	0.0	2.0	4.0	0.0
118	2.0	1.0	0.0	0.0	2.0	4.0	0.0
119	1.0	1.0	0.0	0.0	0.3330000000000002	2.667	0.0
120	0.0	1.0	0.0	0.0	0.3330000000000002	2.667	0.0
121	0.0	2.0	0.0	0.0	0.6660000000000004	5.334	0.0
122	0.0	2.0	0.0	0.0	1.0	2.0	0.0
123	0.0	3.0	0.0	0.0	0.9990000000000006	8.001	0.0
124	0.0	1.0	0.0	0.0	1.0	2.0	0.0
125	0.0	1.0	0.0	0.0	0.3330000000000002	2.667	0.0
126	0.0	0.0	0.0	0.0	0.0	0.0	0.0
127	1.0	4.0	1.0	2.0	2.6660000000000004	9.334	2.0
128	0.0	3.0	0.0	1.0	1.6660000000000004	7.334	1.0
129	1.0	1.0	0.0	1.0	1.3330000000000002	4.667	1.0
130	1.0	2.0	0.0	0.0	1.3330000000000002	4.667	0.0
131	0.0	0.0	0.0	0.0	0.0	0.0	0.0
132	0.0	4.0	0.0	2.0	2.6660000000000004	9.334	2.0
133	0.0	2.0	0.0	0.0	1.0	2.0	0.0
134	0.0	2.0	0.0	0.0	1.0	2.0	0.0
135	0.0	0.0	0.0	0.0	0.0	0.0	0.0
136	0.0	0.0	0.0	0.0	0.0	0.0	0.0
137	0.0	0.0	0.0	0.0	0.0	0.0	0.0
138	0.0	2.0	0.0	0.0	0.6660000000000004	5.334	0.0
139	0.0	0.0	0.0	0.0	0.0	0.0	0.0
140	0.0	1.0	0.0	0.0	0.3330000000000002	2.667	0.0
141	0.0	1.0	0.0	0.0	0.3330000000000002	2.667	0.0
142	0.0	1.0	0.0	0.0	0.3330000000000002	2.667	0.0
143	0.0	1.0	0.0	0.0	0.3330000000000002	2.667	0.0
144	0.0	0.0	0.0	0.0	0.0	0.0	0.0
145	0.0	3.0	0.0	0.0	0.6660000000000004	5.334	0.0
146	0.0	1.0	0.0	0.0	0.3330000000000002	2.667	0.0
147	1.0	3.0	0.0	1.0	1.6660000000000004	7.334	1.0
148	0.0	1.0	0.0	0.0	0.3330000000000002	2.667	0.0
149	1.0	1.0	0.0	0.0	0.3330000000000002	2.667	0.0
150	1.0	2.0	1.0	0.0	0.6660000000000004	5.334	1.0
151	0.0	2.0	0.0	1.0	1.3330000000000002	4.667	1.0
152	2.0	1.0	0.0	1.0	1.6660000000000004	7.334	1.0
153	1.0	2.0	0.0	0.0	1.0	2.0	0.0
154	0.0	0.0	0.0	0.0	0.0	0.0	0.0
155	0.0	0.0	0.0	0.0	0.0	0.0	0.0
156	0.0	0.0	0.0	0.0	0.0	0.0	0.0
157	2.0	2.0	1.0	0.0	2.333	6.667	1.0
158	1.0	1.0	0.0	0.0	0.3330000000000002	2.667	0.0
159	1.0	3.0	0.0	1.0	2.333	6.667	1.0
160	1.0	1.0	0.0	0.0	0.3330000000000002	2.667	0.0
161	0.0	2.0	0.0	0.0	0.3330000000000002	2.667	0.0
162	1.0	0.0	0.0	0.0	1.0	2.0	0.0
163	1.0	1.0	0.0	0.0	0.6680000000000001	2.332	0.0
164	1.0	1.0	0.0	0.0	2.0	4.0	0.0
165	0.0	0.0	0.0	0.0	0.0	0.0	0.0
166	0.0	2.0	0.0	0.0	1.0	2.0	0.0
167	1.0	3.0	0.0	0.0	1.3330000000000002	4.667	0.0
168	1.0	2.0	0.0	0.0	0.3330000000000002	2.667	0.0
169	1.0	2.0	0.0	0.0	1.3330000000000002	4.667	0.0
170	2.0	0.0	0.0	0.0	2.0	4.0	0.0
171	0.0	0.0	0.0	0.0	0.0	0.0	0.0
172	0.0	0.0	0.0	0.0	0.0	0.0	0.0
173	0.0	0.0	0.0	0.0	0.0	0.0	0.0
174	1.0	0.0	0.0	0.0	1.0	2.0	0.0
175	0.0	0.0	0.0	0.0	0.0	0.0	0.0
176	0.0	0.0	0.0	0.0	0.0	0.0	0.0
177	1.0	1.0	0.0	1.0	1.6680000000000001	4.332	1.0
178	2.0	1.0	1.0	1.0	3.0	6.0	2.0
179	0.0	0.0	0.0	0.0	0.0	0.0	0.0
180	0.0	0.0	0.0	0.0	0.0	0.0	0.0
181	2.0	0.0	1.0	0.0	2.0	4.0	1.0
182	0.0	1.0	0.0	0.0	1.0	2.0	0.0
183	0.0	0.0	0.0	0.0	0.0	0.0	0.0
184	0.0	0.0	0.0	0.0	0.0	0.0	0.0
185	1.0	0.0	0.0	0.0	0.3330000000000002	2.667	0.0
186	0.0	0.0	0.0	0.0	0.0	0.0	0.0
187	0.0	0.0	0.0	0.0	0.0	0.0	0.0
188	1.0	0.0	0.0	0.0	1.4	1.6	0.0
189	1.0	0.0	1.0	0.0	1.0	2.0	1.0
190	0.0	1.0	0.0	0.0	0.3330000000000002	2.667	0.0
191	0.0	0.0	0.0	0.0	0.0	0.0	0.0
192	0.0	0.0	0.0	0.0	0.0	0.0	0.0
193	1.0	1.0	1.0	0.0	1.3330000000000002	4.667	1.0
194	0.0	2.0	0.0	0.0	0.3330000000000002	2.667	0.0
195	0.0	0.0	0.0	0.0	0.0	0.0	0.0
196	1.0	2.0	0.0	1.0	2.668	6.332	1.0
197	0.0	0.0	0.0	0.0	0.0	0.0	0.0
198	0.0	0.0	0.0	0.0	0.0	0.0	0.0
199	0.0	0.0	0.0	0.0	0.0	0.0	0.0
200	0.0	0.0	0.0	0.0	0.0	0.0	0.0
201	1.0	0.0	0.0	0.0	1.0	2.0	0.0
202	0.0	0.0	0.0	0.0	0.0	0.0	0.0
203	0.0	0.0	0.0	0.0	0.0	0.0	0.0
204	1.0	1.0	0.0	0.0	1.4	1.6	0.0
205	1.0	2.0	0.0	0.0	1.0	2.0	0.0
206	1.0	1.0	0.0	0.0	1.0	2.0	0.0
207	2.0	0.0	0.0	0.0	1.0	2.0	0.0
208	0.0	0.0	0.0	0.0	0.0	0.0	0.0
209	0.0	1.0	0.0	0.0	1.0	2.0	0.0
210	1.0	2.0	0.0	0.0	0.3330000000000002	2.667	0.0
211	1.0	2.0	0.0	0.0	0.3330000000000002	2.667	0.0
212	1.0	4.0	1.0	2.0	2.6660000000000004	9.334	2.0
213	0.0	1.0	0.0	0.0	0.3330000000000002	2.667	0.0
214	1.0	0.0	0.0	0.0	1.0	2.0	0.0
215	1.0	2.0	0.0	0.0	0.3330000000000002	2.667	0.0
216	0.0	0.0	0.0	0.0	0.0	0.0	0.0
217	0.0	0.0	0.0	0.0	0.0	0.0	0.0
218	0.0	0.0	0.0	0.0	0.0	0.0	0.0
219	1.0	0.0	0.0	0.0	1.0	2.0	0.0
220	1.0	0.0	0.0	0.0	1.0	2.0	0.0
221	0.0	0.0	0.0	0.0	0.0	0.0	0.0
222	1.0	0.0	0.0	0.0	0.6680000000000001	2.332	0.0
223	1.0	0.0	0.0	0.0	0.3330000000000002	2.667	0.0
224	1.0	1.0	0.0	0.0	1.0	2.0	0.0
225	2.0	1.0	0.0	0.0	2.0	4.0	0.0
226	1.0	1.0	0.0	0.0	2.0	4.0	0.0
227	2.0	1.0	0.0	0.0	2.0	4.0	0.0
228	2.0	1.0	0.0	0.0	1.3330000000000002	4.667	0.0
229	0.0	3.0	0.0	0.0	1.3330000000000002	4.667	0.0
230	0.0	2.0	0.0	0.0	0.6660000000000004	5.334	0.0
231	1.0	3.0	0.0	0.0	3.0	6.0	0.0
232	1.0	1.0	0.0	0.0	1.0	2.0	0.0
233	2.0	0.0	0.0	0.0	2.0	4.0	0.0
234	1.0	2.0	0.0	0.0	1.0	2.0	0.0
235	3.0	0.0	0.0	0.0	1.6680000000000001	4.332	0.0
236	1.0	2.0	0.0	1.0	1.3330000000000002	4.667	1.0
237	1.0	0.0	0.0	0.0	1.0	2.0	0.0
238	0.0	1.0	0.0	0.0	1.0	2.0	0.0
239	1.0	0.0	0.0	0.0	1.0	2.0	0.0
240	1.0	2.0	0.0	0.0	0.6660000000000004	5.334	0.0
241	0.0	0.0	0.0	0.0	0.0	0.0	0.0
242	0.0	0.0	0.0	0.0	0.0	0.0	0.0
243	1.0	0.0	1.0	0.0	1.0	2.0	1.0
244	1.0	0.0	1.0	0.0	0.6680000000000001	2.332	1.0
245	0.0	0.0	0.0	0.0	0.0	0.0	0.0
246	0.0	0.0	0.0	0.0	0.0	0.0	0.0
247	1.0	0.0	0.0	0.0	1.0	2.0	0.0
248	0.0	2.0	0.0	0.0	1.0	2.0	0.0
249	0.0	0.0	0.0	0.0	0.0	0.0	0.0
250	2.0	1.0	0.0	0.0	1.3330000000000002	4.667	0.0
251	1.0	1.0	1.0	0.0	0.6660000000000004	5.334	1.0
252	1.0	0.0	0.0	0.0	1.0	2.0	0.0
253	0.0	0.0	0.0	0.0	0.0	0.0	0.0
254	1.0	0.0	0.0	0.0	1.0	2.0	0.0
255	1.0	0.0	0.0	0.0	1.0	2.0	0.0
256	0.0	1.0	0.0	0.0	1.0	2.0	0.0
257	2.0	1.0	0.0	0.0	2.0	4.0	0.0
258	1.0	1.0	0.0	0.0	1.0	2.0	0.0
259	1.0	0.0	0.0	0.0	1.0	2.0	0.0
260	0.0	1.0	0.0	0.0	1.0	2.0	0.0
261	1.0	1.0	1.0	0.0	1.6680000000000001	4.332	1.0
262	0.0	0.0	0.0	0.0	0.0	0.0	0.0
263	0.0	1.0	0.0	0.0	0.3330000000000002	2.667	0.0
264	0.0	1.0	0.0	0.0	0.6680000000000001	2.332	0.0
265	0.0	0.0	0.0	0.0	0.0	0.0	0.0
266	2.0	1.0	1.0	1.0	3.0	6.0	2.0
267	0.0	0.0	0.0	0.0	0.0	0.0	0.0
268	2.0	0.0	1.0	0.0	2.0	4.0	1.0
269	1.0	4.0	0.0	2.0	2.6660000000000004	9.334	2.0
270	2.0	0.0	1.0	0.0	2.0	4.0	1.0
271	2.0	2.0	1.0	1.0	3.668	8.332	2.0
272	1.0	0.0	1.0	0.0	0.3330000000000002	2.667	1.0
273	0.0	0.0	0.0	0.0	0.0	0.0	0.0
274	1.0	0.0	1.0	0.0	1.0	2.0	1.0
275	2.0	0.0	2.0	0.0	2.0	4.0	2.0
276	0.0	0.0	0.0	0.0	0.0	0.0	0.0
277	2.0	1.0	0.0	0.0	0.3330000000000002	2.667	0.0
278	1.0	0.0	1.0	0.0	1.0	2.0	1.0
279	0.0	0.0	0.0	0.0	0.0	0.0	0.0
280	1.0	1.0	1.0	1.0	1.0	2.0	1.0
281	0.0	0.0	0.0	0.0	0.0	0.0	0.0
282	2.0	0.0	1.0	0.0	0.6660000000000004	5.334	1.0
283	1.0	0.0	1.0	0.0	1.0	2.0	1.0
284	2.0	0.0	1.0	0.0	0.6660000000000004	5.334	1.0
285	1.0	0.0	1.0	0.0	0.6680000000000001	2.332	1.0
286	0.0	0.0	0.0	0.0	0.0	0.0	0.0
287	2.0	0.0	1.0	0.0	2.0	4.0	1.0
288	1.0	0.0	1.0	0.0	1.0	2.0	1.0
289	1.0	0.0	1.0	0.0	0.6680000000000001	2.332	1.0
290	1.0	0.0	0.0	0.0	1.0	2.0	0.0
291	2.0	0.0	1.0	0.0	2.0	4.0	1.0
292	0.0	0.0	0.0	0.0	0.0	0.0	0.0
293	3.0	1.0	3.0	1.0	3.468	5.532	3.0
294	1.0	0.0	0.0	0.0	0.3330000000000002	2.667	0.0
295	3.0	0.0	1.0	0.0	3.0	6.0	1.0
296	2.0	0.0	1.0	0.0	0.6660000000000004	5.334	1.0
297	1.0	0.0	1.0	0.0	0.3330000000000002	2.667	1.0
298	1.0	0.0	0.0	0.0	0.3330000000000002	2.667	0.0
299	1.0	0.0	1.0	0.0	1.0	2.0	1.0
300	2.0	0.0	2.0	0.0	2.0	4.0	2.0
301	0.0	0.0	0.0	0.0	0.0	0.0	0.0
302	2.0	0.0	1.0	0.0	2.0	4.0	1.0
303	2.0	0.0	1.0	0.0	2.0	4.0	1.0
304	0.0	0.0	0.0	0.0	0.0	0.0	0.0
305	0.0	0.0	0.0	0.0	0.0	0.0	0.0
306	3.0	0.0	1.0	0.0	3.0	6.0	1.0
307	2.0	0.0	1.0	0.0	2.0	4.0	1.0
308	2.0	2.0	1.0	2.0	4.0	8.0	3.0
309	0.0	4.0	0.0	3.0	1.3320000000000007	10.668	3.0
310	0.0	0.0	0.0	0.0	0.0	0.0	0.0
311	2.0	4.0	1.0	3.0	2.0020000000000007	9.998	3.0
312	0.0	2.0	0.0	2.0	1.0	2.0	1.0
313	0.0	0.0	0.0	0.0	0.0	0.0	0.0
314	0.0	0.0	0.0	0.0	0.0	0.0	0.0
315	1.0	1.0	1.0	1.0	0.3330000000000002	2.667	1.0
316	1.0	4.0	1.0	3.0	1.9990000000000006	10.001	3.0
317	1.0	0.0	1.0	0.0	1.0	2.0	1.0
318	2.0	0.0	2.0	0.0	2.0	4.0	2.0
319	1.0	3.0	0.0	1.0	2.0010000000000003	6.999	1.0
320	0.0	2.0	0.0	2.0	1.0	2.0	1.0
321	1.0	0.0	1.0	0.0	0.3330000000000002	2.667	1.0
322	2.0	2.0	1.0	1.0	2.3360000000000003	6.664	1.0
323	1.0	1.0	0.0	1.0	2.0	4.0	1.0
324	1.0	0.0	1.0	0.0	1.0	2.0	1.0
325	0.0	0.0	0.0	0.0	0.0	0.0	0.0
326	2.0	0.0	1.0	0.0	2.0	4.0	1.0
327	1.0	0.0	1.0	0.0	1.0	2.0	1.0
328	1.0	0.0	0.0	0.0	0.6680000000000001	2.332	0.0
329	0.0	0.0	0.0	0.0	0.0	0.0	0.0
330	1.0	0.0	0.0	0.0	0.3330000000000002	2.667	0.0
331	3.0	1.0	2.0	1.0	2.3360000000000003	6.664	2.0
332	2.0	0.0	1.0	0.0	2.0	4.0	1.0
333	1.0	0.0	1.0	0.0	1.0	2.0	1.0
334	1.0	1.0	1.0	1.0	1.0010000000000003	4.999	2.0
335	2.0	0.0	2.0	0.0	1.3360000000000003	4.664	2.0
336	3.0	0.0	2.0	0.0	3.0	6.0	2.0
337	1.0	0.0	1.0	0.0	1.0	2.0	1.0
338	2.0	0.0	1.0	0.0	1.6680000000000001	4.332	1.0
339	1.0	1.0	1.0	1.0	1.0	2.0	1.0
340	2.0	0.0	1.0	0.0	2.0	4.0	1.0
341	2.0	0.0	1.0	0.0	2.0	4.0	1.0
342	2.0	1.0	2.0	1.0	1.0	2.0	1.0
343	1.0	0.0	0.0	0.0	1.0	2.0	0.0
344	2.0	0.0	2.0	0.0	2.0	4.0	2.0
345	1.0	0.0	0.0	0.0	0.3330000000000002	2.667	0.0
346	2.0	0.0	1.0	0.0	1.3360000000000003	4.664	1.0
347	1.0	0.0	1.0	0.0	0.6680000000000001	2.332	1.0
348	2.0	0.0	0.0	0.0	2.0	4.0	0.0
349	1.0	0.0	0.0	0.0	1.0	2.0	0.0
350	1.0	0.0	1.0	0.0	1.0	2.0	1.0
351	0.0	0.0	0.0	0.0	0.0	0.0	0.0
352	3.0	0.0	2.0	0.0	3.0	6.0	2.0
353	2.0	0.0	2.0	0.0	1.3360000000000003	4.664	2.0
354	4.0	1.0	2.0	1.0	4.5329999999999995	7.466999999999999	2.0
355	0.0	0.0	0.0	0.0	0.0	0.0	0.0
356	3.0	0.0	0.0	0.0	3.0	6.0	0.0
357	1.0	0.0	1.0	0.0	1.0	2.0	1.0
358	0.0	1.0	0.0	0.0	0.6680000000000001	2.332	0.0
359	0.0	0.0	0.0	0.0	0.0	0.0	0.0
360	0.0	0.0	0.0	0.0	0.0	0.0	0.0
361	0.0	0.0	0.0	0.0	0.0	0.0	0.0
362	3.0	1.0	2.0	1.0	2.668	6.332	2.0
363	1.0	0.0	1.0	0.0	1.0	2.0	1.0
364	1.0	0.0	1.0	0.0	1.0	2.0	1.0
365	0.0	0.0	0.0	0.0	0.0	0.0	0.0
366	2.0	2.0	2.0	1.0	2.3340000000000005	9.666	3.0
367	0.0	0.0	0.0	0.0	0.0	0.0	0.0
368	3.0	0.0	2.0	0.0	3.0	6.0	2.0
369	2.0	3.0	1.0	2.0	1.6660000000000004	10.334	2.0
370	0.0	0.0	0.0	0.0	0.0	0.0	0.0
371	1.0	0.0	0.0	0.0	0.3330000000000002	2.667	0.0
372	1.0	0.0	0.0	0.0	1.0	2.0	0.0
373	0.0	0.0	0.0	0.0	0.0	0.0	0.0
374	1.0	0.0	0.0	0.0	1.0	2.0	0.0
375	0.0	0.0	0.0	0.0	0.0	0.0	0.0
376	0.0	0.0	0.0	0.0	0.0	0.0	0.0
377	0.0	1.0	0.0	1.0	1.4	1.6	1.0
378	3.0	1.0	2.0	1.0	3.733	8.267	3.0
379	3.0	0.0	2.0	0.0	3.0	6.0	2.0
380	3.0	0.0	3.0	0.0	2.0	4.0	2.0
381	1.0	0.0	1.0	0.0	0.6680000000000001	2.332	1.0
382	2.0	2.0	1.0	1.0	3.3360000000000003	8.664	2.0
383	1.0	0.0	0.0	0.0	1.0	2.0	0.0
384	0.0	0.0	0.0	0.0	0.0	0.0	0.0
385	2.0	2.0	0.0	1.0	2.733	6.2669999999999995	1.0
386	1.0	0.0	0.0	0.0	1.0	2.0	0.0
387	2.0	0.0	2.0	0.0	2.0	4.0	2.0
388	0.0	0.0	0.0	0.0	0.0	0.0	0.0
389	0.0	0.0	0.0	0.0	0.0	0.0	0.0
390	2.0	0.0	1.0	0.0	2.068	3.932	1.0
391	1.0	0.0	1.0	0.0	1.0	2.0	1.0
392	0.0	0.0	0.0	0.0	0.0	0.0	0.0
393	1.0	0.0	0.0	0.0	0.6680000000000001	2.332	0.0
394	2.0	0.0	1.0	0.0	2.0	4.0	1.0
395	3.0	0.0	2.0	0.0	3.0	6.0	2.0
396	2.0	0.0	2.0	0.0	2.0	4.0	2.0
397	1.0	0.0	1.0	0.0	0.3330000000000002	2.667	1.0
398	1.0	0.0	1.0	0.0	0.3330000000000002	2.667	1.0
399	0.0	0.0	0.0	0.0	0.0	0.0	0.0
400	1.0	0.0	0.0	0.0	0.3330000000000002	2.667	0.0
401	0.0	0.0	0.0	0.0	0.0	0.0	0.0
402	2.0	0.0	1.0	0.0	2.0	4.0	1.0
403	1.0	0.0	0.0	0.0	1.0	2.0	0.0
404	3.0	0.0	1.0	0.0	3.0	6.0	1.0
405	1.0	0.0	0.0	0.0	0.3330000000000002	2.667	0.0
406	0.0	0.0	0.0	0.0	0.0	0.0	0.0
407	0.0	0.0	0.0	0.0	0.0	0.0	0.0
408	1.0	0.0	1.0	0.0	1.0	2.0	1.0
409	0.0	0.0	0.0	0.0	0.0	0.0	0.0
410	2.0	0.0	1.0	0.0	2.0	4.0	1.0
411	1.0	0.0	0.0	0.0	1.0	2.0	0.0
412	1.0	0.0	1.0	0.0	0.3330000000000002	2.667	1.0
413	1.0	0.0	1.0	0.0	0.6680000000000001	2.332	1.0
414	0.0	0.0	0.0	0.0	0.0	0.0	0.0
415	2.0	0.0	1.0	0.0	0.6660000000000004	5.334	1.0
416	3.0	0.0	1.0	0.0	3.0	6.0	1.0
417	1.0	0.0	1.0	0.0	1.0	2.0	1.0
418	0.0	0.0	0.0	0.0	0.0	0.0	0.0
419	3.0	0.0	1.0	0.0	2.0040000000000004	6.9959999999999996	1.0
420	0.0	0.0	0.0	0.0	0.0	0.0	0.0
421	3.0	0.0	1.0	0.0	3.0	6.0	1.0
422	3.0	0.0	2.0	0.0	0.9990000000000006	8.001	2.0
423	0.0	2.0	0.0	0.0	2.0	4.0	0.0
424	2.0	0.0	1.0	0.0	2.0	4.0	1.0
425	2.0	0.0	2.0	0.0	2.0	4.0	2.0
426	1.0	0.0	1.0	0.0	1.0	2.0	1.0
427	0.0	0.0	0.0	0.0	0.0	0.0	0.0
428	1.0	0.0	1.0	0.0	1.0	2.0	1.0
429	3.0	0.0	2.0	0.0	0.9990000000000006	8.001	2.0
430	1.0	0.0	1.0	0.0	0.3330000000000002	2.667	1.0
431	1.0	0.0	1.0	0.0	0.3330000000000002	2.667	1.0
432	1.0	0.0	1.0	0.0	0.3330000000000002	2.667	1.0
433	0.0	2.0	0.0	1.0	1.3330000000000002	4.667	1.0
434	0.0	0.0	0.0	0.0	0.0	0.0	0.0
435	1.0	0.0	1.0	0.0	0.6680000000000001	2.332	1.0
436	1.0	5.0	1.0	5.0	2.3320000000000007	12.668	5.0
437	2.0	0.0	2.0	0.0	0.6660000000000004	5.334	2.0
438	1.0	0.0	1.0	0.0	0.3330000000000002	2.667	1.0
439	0.0	1.0	0.0	1.0	0.6680000000000001	2.332	1.0
440	2.0	2.0	1.0	1.0	4.0	8.0	2.0
441	0.0	0.0	0.0	0.0	0.0	0.0	0.0
442	2.0	0.0	2.0	0.0	2.0	4.0	2.0
443	2.0	2.0	2.0	2.0	2.668	6.332	3.0
444	2.0	0.0	2.0	0.0	2.0	4.0	2.0
445	1.0	0.0	0.0	0.0	1.4	1.6	0.0
446	2.0	1.0	1.0	1.0	1.3360000000000003	7.664	2.0
447	0.0	0.0	0.0	0.0	0.0	0.0	0.0
448	0.0	0.0	0.0	0.0	0.0	0.0	0.0
449	2.0	0.0	0.0	0.0	0.6660000000000004	5.334	0.0
450	1.0	1.0	1.0	1.0	0.6680000000000001	2.332	1.0
451	0.0	0.0	0.0	0.0	0.0	0.0	0.0
452	3.0	0.0	2.0	0.0	3.0	6.0	2.0
453	1.0	0.0	1.0	0.0	1.0	2.0	1.0
454	2.0	0.0	0.0	0.0	2.4	3.6	0.0
455	0.0	0.0	0.0	0.0	0.0	0.0	0.0
456	1.0	0.0	1.0	0.0	1.0	2.0	1.0
457	0.0	1.0	0.0	0.0	1.0	2.0	0.0
458	0.0	0.0	0.0	0.0	0.0	0.0	0.0
459	1.0	0.0	0.0	0.0	0.3330000000000002	2.667	0.0
460	1.0	0.0	1.0	0.0	1.0	2.0	1.0
461	2.0	1.0	1.0	1.0	1.6680000000000001	4.332	1.0
462	1.0	0.0	1.0	0.0	0.6680000000000001	2.332	1.0
463	2.0	0.0	1.0	0.0	2.0	4.0	1.0
464	1.0	0.0	1.0	0.0	0.3330000000000002	2.667	1.0
465	4.0	0.0	3.0	0.0	4.0	8.0	3.0
466	1.0	0.0	1.0	0.0	1.0	2.0	1.0
467	1.0	0.0	1.0	0.0	1.0	2.0	1.0
468	0.0	0.0	0.0	0.0	0.0	0.0	0.0
469	4.0	0.0	3.0	0.0	2.668	6.332	2.0
470	3.0	0.0	0.0	0.0	2.0	4.0	0.0
471	2.0	0.0	1.0	0.0	0.6660000000000004	5.334	1.0
472	2.0	1.0	1.0	1.0	1.3330000000000002	4.667	1.0
473	2.0	0.0	1.0	0.0	0.6660000000000004	5.334	1.0
474	2.0	1.0	2.0	1.0	1.3330000000000002	4.667	2.0
475	1.0	0.0	1.0	0.0	0.3330000000000002	2.667	1.0
476	2.0	0.0	1.0	0.0	0.6660000000000004	5.334	1.0
477	0.0	0.0	0.0	0.0	0.0	0.0	0.0
478	2.0	0.0	0.0	0.0	2.0	4.0	0.0
479	2.0	0.0	1.0	0.0	1.3360000000000003	4.664	1.0
480	1.0	1.0	1.0	1.0	0.6680000000000001	2.332	1.0
481	1.0	0.0	0.0	0.0	1.0	2.0	0.0
482	0.0	0.0	0.0	0.0	0.0	0.0	0.0
483	2.0	0.0	1.0	0.0	2.0	4.0	1.0
484	3.0	1.0	1.0	1.0	1.3320000000000007	10.668	2.0
485	4.0	0.0	2.0	0.0	4.068	7.932	2.0
486	1.0	0.0	1.0	0.0	0.3330000000000002	2.667	1.0
487	2.0	0.0	1.0	0.0	2.0	4.0	1.0
488	0.0	0.0	0.0	0.0	0.0	0.0	0.0
489	1.0	0.0	1.0	0.0	1.0	2.0	1.0
490	2.0	0.0	1.0	0.0	0.6660000000000004	5.334	1.0
491	2.0	0.0	1.0	0.0	1.3360000000000003	4.664	1.0
492	2.0	0.0	2.0	0.0	0.6660000000000004	5.334	2.0
493	2.0	0.0	2.0	0.0	0.6660000000000004	5.334	2.0
494	1.0	0.0	1.0	0.0	1.0	2.0	1.0
495	0.0	0.0	0.0	0.0	0.0	0.0	0.0
496	0.0	0.0	0.0	0.0	0.0	0.0	0.0
497	3.0	0.0	1.0	0.0	2.0	4.0	1.0
498	2.0	1.0	0.0	0.0	0.9990000000000006	8.001	0.0
499	0.0	0.0	0.0	0.0	0.0	0.0	0.0
500	0.0	1.0	0.0	1.0	0.3330000000000002	2.667	1.0
501	1.0	0.0	1.0	0.0	1.0	2.0	1.0
502	3.0	0.0	0.0	0.0	0.9990000000000006	8.001	0.0
503	1.0	0.0	1.0	0.0	0.6680000000000001	2.332	1.0
504	0.0	0.0	0.0	0.0	0.0	0.0	0.0
505	0.0	0.0	0.0	0.0	0.0	0.0	0.0
506	3.0	0.0	3.0	0.0	0.9990000000000006	8.001	3.0
507	2.0	0.0	1.0	0.0	2.0	4.0	1.0
508	2.0	0.0	1.0	0.0	2.8	3.2	1.0
509	1.0	0.0	1.0	0.0	1.4	1.6	1.0
510	0.0	0.0	0.0	0.0	0.0	0.0	0.0
511	2.0	0.0	0.0	0.0	2.0	4.0	0.0
512	2.0	0.0	1.0	0.0	0.6660000000000004	5.334	1.0
513	1.0	0.0	1.0	0.0	0.3330000000000002	2.667	1.0
514	3.0	0.0	2.0	0.0	3.0	6.0	2.0
515	0.0	0.0	0.0	0.0	0.0	0.0	0.0
516	4.0	0.0	2.0	0.0	4.0	8.0	2.0
517	2.0	3.0	1.0	1.0	5.0	10.0	2.0
518	0.0	0.0	0.0	0.0	0.0	0.0	0.0
519	0.0	0.0	0.0	0.0	0.0	0.0	0.0
520	0.0	0.0	0.0	0.0	0.0	0.0	0.0
521	0.0	0.0	0.0	0.0	0.0	0.0	0.0
522	0.0	0.0	0.0	0.0	0.0	0.0	0.0
523	1.0	0.0	1.0	0.0	1.0	2.0	1.0
524	3.0	1.0	1.0	0.0	2.668	6.332	1.0
525	0.0	0.0	0.0	0.0	0.0	0.0	0.0
526	1.0	3.0	0.0	1.0	1.3330000000000002	4.667	1.0
527	1.0	0.0	1.0	0.0	1.0	2.0	1.0
528	2.0	0.0	1.0	0.0	2.0	4.0	1.0
529	2.0	0.0	2.0	0.0	2.0	4.0	2.0
530	0.0	0.0	0.0	0.0	0.0	0.0	0.0
531	3.0	0.0	0.0	0.0	2.0040000000000004	6.9959999999999996	0.0
532	1.0	0.0	1.0	0.0	1.0	2.0	1.0
533	0.0	0.0	0.0	0.0	0.0	0.0	0.0
534	1.0	0.0	1.0	0.0	1.0	2.0	1.0
535	3.0	0.0	2.0	0.0	3.0	6.0	2.0
536	3.0	0.0	2.0	0.0	0.9990000000000006	8.001	2.0
537	2.0	0.0	2.0	0.0	2.0	4.0	2.0
538	3.0	0.0	2.0	0.0	3.4	5.6	2.0
539	0.0	0.0	0.0	0.0	0.0	0.0	0.0
540	0.0	0.0	0.0	0.0	0.0	0.0	0.0
541	1.0	0.0	1.0	0.0	1.0	2.0	1.0
542	1.0	0.0	0.0	0.0	0.3330000000000002	2.667	0.0
543	0.0	0.0	0.0	0.0	0.0	0.0	0.0
544	0.0	0.0	0.0	0.0	0.0	0.0	0.0
545	1.0	0.0	1.0	0.0	0.3330000000000002	2.667	1.0
546	1.0	0.0	1.0	0.0	1.0	2.0	1.0
547	2.0	0.0	0.0	0.0	1.3360000000000003	4.664	0.0
548	3.0	2.0	1.0	2.0	1.6660000000000004	7.334	1.0
549	1.0	0.0	1.0	0.0	0.3330000000000002	2.667	1.0
550	1.0	0.0	1.0	0.0	0.3330000000000002	2.667	1.0
551	2.0	0.0	1.0	0.0	2.0	4.0	1.0
552	3.0	0.0	3.0	0.0	3.0	6.0	3.0
553	2.0	4.0	1.0	3.0	2.7320000000000007	12.267999999999999	3.0
554	3.0	0.0	2.0	0.0	3.0	6.0	2.0
555	2.0	0.0	1.0	0.0	0.6660000000000004	5.334	1.0
556	2.0	0.0	2.0	0.0	0.6660000000000004	5.334	2.0
557	3.0	0.0	2.0	0.0	3.0	6.0	2.0
558	3.0	0.0	2.0	0.0	3.0	6.0	2.0
559	0.0	0.0	0.0	0.0	0.0	0.0	0.0
560	0.0	0.0	0.0	0.0	0.0	0.0	0.0
561	2.0	0.0	2.0	0.0	2.0	4.0	2.0
562	3.0	0.0	1.0	0.0	3.0	6.0	1.0
563	2.0	3.0	2.0	1.0	2.6660000000000004	9.334	2.0
564	2.0	2.0	0.0	1.0	1.3320000000000007	10.668	1.0
565	3.0	0.0	2.0	0.0	3.0	6.0	2.0
566	2.0	0.0	2.0	0.0	2.0	4.0	2.0
567	1.0	0.0	1.0	0.0	1.4	1.6	1.0
568	0.0	0.0	0.0	0.0	0.0	0.0	0.0
569	3.0	2.0	2.0	1.0	4.0	8.0	3.0
570	2.0	0.0	2.0	0.0	2.0	4.0	2.0
571	0.0	2.0	0.0	1.0	1.6680000000000001	4.332	1.0
572	0.0	0.0	0.0	0.0	0.0	0.0	0.0
573	2.0	2.0	1.0	2.0	3.0	6.0	2.0
574	1.0	0.0	1.0	0.0	0.6680000000000001	2.332	1.0
575	2.0	0.0	1.0	0.0	2.0	4.0	1.0
576	1.0	0.0	1.0	0.0	0.3330000000000002	2.667	1.0
577	2.0	1.0	1.0	0.0	1.3340000000000005	7.6659999999999995	1.0
578	3.0	0.0	2.0	0.0	2.0040000000000004	6.9959999999999996	2.0
579	1.0	0.0	1.0	0.0	1.0	2.0	1.0
580	1.0	0.0	1.0	0.0	1.0	2.0	1.0
581	1.0	0.0	0.0	0.0	0.6680000000000001	2.332	0.0
582	1.0	0.0	0.0	0.0	1.0	2.0	0.0
583	2.0	0.0	2.0	0.0	2.0	4.0	2.0
584	0.0	0.0	0.0	0.0	0.0	0.0	0.0
585	0.0	0.0	0.0	0.0	0.0	0.0	0.0
586	1.0	0.0	0.0	0.0	1.0	2.0	0.0
587	3.0	0.0	3.0	0.0	3.0	6.0	3.0
588	0.0	0.0	0.0	0.0	0.0	0.0	0.0
589	1.0	0.0	1.0	0.0	0.6680000000000001	2.332	1.0
590	0.0	0.0	0.0	0.0	0.0	0.0	0.0
591	3.0	0.0	3.0	0.0	3.0	6.0	3.0
592	5.0	0.0	3.0	0.0	4.668	10.332	3.0
593	2.0	0.0	2.0	0.0	2.0	4.0	2.0
594	2.0	0.0	0.0	0.0	2.0	4.0	0.0
595	1.0	0.0	1.0	0.0	0.6680000000000001	2.332	1.0
596	3.0	0.0	2.0	0.0	3.068	5.932	2.0
597	1.0	0.0	0.0	0.0	1.0	2.0	0.0
598	1.0	0.0	0.0	0.0	0.3330000000000002	2.667	0.0
599	1.0	0.0	1.0	0.0	1.0	2.0	1.0
600	3.0	0.0	2.0	0.0	3.0	6.0	2.0
601	1.0	1.0	0.0	0.0	1.3360000000000003	4.664	0.0
602	1.0	2.0	1.0	1.0	2.4	3.6	1.0
603	0.0	0.0	0.0	0.0	0.0	0.0	0.0
604	3.0	2.0	1.0	1.0	4.0	8.0	2.0
605	2.0	1.0	2.0	0.0	3.0	6.0	2.0
606	2.0	0.0	2.0	0.0	2.0	4.0	2.0
607	3.0	0.0	3.0	0.0	2.8	3.2	2.0
608	4.0	0.0	3.0	0.0	4.0	8.0	3.0
609	6.0	0.0	2.0	0.0	2.668	6.332	1.0
610	1.0	0.0	1.0	0.0	0.6680000000000001	2.332	1.0
611	2.0	0.0	2.0	0.0	2.0	4.0	2.0
612	0.0	0.0	0.0	0.0	0.0	0.0	0.0
613	0.0	2.0	0.0	2.0	0.3330000000000002	2.667	1.0
614	0.0	0.0	0.0	0.0	0.0	0.0	0.0
615	0.0	0.0	0.0	0.0	0.0	0.0	0.0
616	3.0	0.0	2.0	0.0	3.068	5.932	2.0
617	0.0	0.0	0.0	0.0	0.0	0.0	0.0
618	3.0	1.0	2.0	1.0	2.3360000000000003	6.664	2.0
619	4.0	3.0	3.0	1.0	5.333	12.667	4.0
620	3.0	4.0	2.0	2.0	2.333	9.667	3.0
621	3.0	0.0	1.0	0.0	3.0	6.0	1.0
622	4.0	0.0	3.0	0.0	4.0	8.0	3.0
623	4.0	2.0	3.0	2.0	3.333	11.667	4.0
624	3.0	2.0	2.0	2.0	4.133	7.866999999999999	3.0
625	1.0	2.0	1.0	2.0	2.0	4.0	2.0
626	2.0	0.0	2.0	0.0	2.0	4.0	2.0
627	2.0	1.0	2.0	0.0	2.0040000000000004	6.9959999999999996	2.0
628	1.0	0.0	1.0	0.0	0.3330000000000002	2.667	1.0
629	0.0	0.0	0.0	0.0	0.0	0.0	0.0
630	0.0	0.0	0.0	0.0	0.0	0.0	0.0
631	3.0	0.0	2.0	0.0	2.0040000000000004	6.9959999999999996	2.0
632	1.0	0.0	1.0	0.0	0.3330000000000002	2.667	1.0
633	0.0	0.0	0.0	0.0	0.0	0.0	0.0
634	2.0	0.0	1.0	0.0	2.0	4.0	1.0
635	3.0	0.0	2.0	0.0	3.0	6.0	2.0
636	1.0	0.0	1.0	0.0	0.3330000000000002	2.667	1.0
637	2.0	0.0	1.0	0.0	2.0	4.0	1.0
638	0.0	0.0	0.0	0.0	0.0	0.0	0.0
639	1.0	0.0	0.0	0.0	1.0	2.0	0.0
640	0.0	0.0	0.0	0.0	0.0	0.0	0.0
641	2.0	0.0	1.0	0.0	2.0	4.0	1.0
642	2.0	0.0	2.0	0.0	2.0	4.0	2.0
643	0.0	0.0	0.0	0.0	0.0	0.0	0.0
644	1.0	0.0	1.0	0.0	1.0	2.0	1.0
645	0.0	0.0	0.0	0.0	0.0	0.0	0.0
646	3.0	0.0	1.0	0.0	3.068	5.932	1.0
647	1.0	0.0	1.0	0.0	0.3330000000000002	2.667	1.0
648	1.0	0.0	1.0	0.0	1.0	2.0	1.0
649	1.0	0.0	0.0	0.0	1.0	2.0	0.0
650	0.0	0.0	0.0	0.0	0.0	0.0	0.0
651	3.0	0.0	2.0	0.0	2.0040000000000004	6.9959999999999996	2.0
652	0.0	0.0	0.0	0.0	0.0	0.0	0.0
653	2.0	0.0	1.0	0.0	2.0	4.0	1.0
654	1.0	0.0	0.0	0.0	1.0	2.0	0.0
655	0.0	1.0	0.0	1.0	0.3330000000000002	2.667	1.0
656	3.0	2.0	2.0	1.0	4.336	10.664	3.0
657	1.0	0.0	1.0	0.0	1.0	2.0	1.0
658	0.0	0.0	0.0	0.0	0.0	0.0	0.0
659	0.0	0.0	0.0	0.0	0.0	0.0	0.0
660	3.0	0.0	2.0	0.0	3.0	6.0	2.0
661	1.0	0.0	1.0	0.0	1.0	2.0	1.0
662	0.0	0.0	0.0	0.0	0.0	0.0	0.0
663	1.0	0.0	1.0	0.0	0.6680000000000001	2.332	1.0
664	2.0	2.0	1.0	2.0	2.333	6.667	2.0
665	1.0	0.0	0.0	0.0	1.0	2.0	0.0
666	1.0	0.0	1.0	0.0	1.0	2.0	1.0
667	0.0	0.0	0.0	0.0	0.0	0.0	0.0
668	0.0	0.0	0.0	0.0	0.0	0.0	0.0
669	0.0	0.0	0.0	0.0	0.0	0.0	0.0
670	2.0	0.0	0.0	0.0	2.0	4.0	0.0
671	1.0	0.0	1.0	0.0	0.3330000000000002	2.667	1.0
672	0.0	0.0	0.0	0.0	0.0	0.0	0.0
673	0.0	0.0	0.0	0.0	0.0	0.0	0.0
674	2.0	0.0	1.0	0.0	2.068	3.932	1.0
675	2.0	0.0	1.0	0.0	2.0	4.0	1.0
676	0.0	0.0	0.0	0.0	0.0	0.0	0.0
677	1.0	0.0	0.0	0.0	0.3330000000000002	2.667	0.0
678	0.0	1.0	0.0	0.0	0.6680000000000001	2.332	0.0
679	0.0	0.0	0.0	0.0	0.0	0.0	0.0
680	0.0	0.0	0.0	0.0	0.0	0.0	0.0
681	1.0	0.0	0.0	0.0	0.6680000000000001	2.332	0.0
682	1.0	0.0	1.0	0.0	1.4	1.6	1.0
683	1.0	0.0	0.0	0.0	0.3330000000000002	2.667	0.0
684	0.0	1.0	0.0	0.0	0.3330000000000002	2.667	0.0
685	0.0	2.0	0.0	2.0	0.3330000000000002	2.667	1.0
686	0.0	1.0	0.0	1.0	0.3330000000000002	2.667	1.0
687	1.0	1.0	1.0	1.0	0.6660000000000004	5.334	2.0
688	0.0	0.0	0.0	0.0	0.0	0.0	0.0
689	3.0	1.0	1.0	1.0	2.0010000000000003	6.999	2.0
690	0.0	0.0	0.0	0.0	0.0	0.0	0.0
691	3.0	0.0	1.0	0.0	0.9990000000000006	8.001	1.0
692	2.0	0.0	0.0	0.0	2.068	3.932	0.0
693	0.0	0.0	0.0	0.0	0.0	0.0	0.0
694	1.0	0.0	1.0	0.0	0.3330000000000002	2.667	1.0
695	3.0	0.0	2.0	0.0	3.0	6.0	2.0
696	1.0	0.0	1.0	0.0	0.3330000000000002	2.667	1.0
697	0.0	0.0	0.0	0.0	0.0	0.0	0.0
698	0.0	0.0	0.0	0.0	0.0	0.0	0.0
699	3.0	0.0	1.0	0.0	3.0	6.0	1.0
700	0.0	2.0	0.0	2.0	1.0	2.0	1.0
701	0.0	0.0	0.0	0.0	0.0	0.0	0.0
702	2.0	0.0	0.0	0.0	0.6660000000000004	5.334	0.0
703	1.0	0.0	0.0	0.0	1.0	2.0	0.0
704	2.0	0.0	1.0	0.0	2.0	4.0	1.0
705	2.0	0.0	2.0	0.0	2.0	4.0	2.0
706	0.0	0.0	0.0	0.0	0.0	0.0	0.0
707	1.0	0.0	1.0	0.0	0.3330000000000002	2.667	1.0
708	1.0	0.0	1.0	0.0	0.6680000000000001	2.332	1.0
709	0.0	0.0	0.0	0.0	0.0	0.0	0.0
710	0.0	0.0	0.0	0.0	0.0	0.0	0.0
711	1.0	0.0	0.0	0.0	0.3330000000000002	2.667	0.0
712	2.0	0.0	1.0	0.0	2.0	4.0	1.0
713	0.0	0.0	0.0	0.0	0.0	0.0	0.0
714	0.0	0.0	0.0	0.0	0.0	0.0	0.0
715	1.0	0.0	1.0	0.0	1.0	2.0	1.0
716	1.0	0.0	0.0	0.0	1.0	2.0	0.0
717	1.0	0.0	0.0	0.0	1.4	1.6	0.0
718	3.0	0.0	2.0	0.0	0.9990000000000006	8.001	2.0
719	0.0	0.0	0.0	0.0	0.0	0.0	0.0
720	0.0	0.0	0.0	0.0	0.0	0.0	0.0
721	0.0	0.0	0.0	0.0	0.0	0.0	0.0
722	2.0	0.0	1.0	0.0	2.0	4.0	1.0
723	1.0	0.0	0.0	0.0	1.0	2.0	0.0
724	1.0	0.0	1.0	0.0	0.3330000000000002	2.667	1.0
725	2.0	0.0	0.0	0.0	2.0	4.0	0.0
726	1.0	0.0	1.0	0.0	0.3330000000000002	2.667	1.0
727	2.0	0.0	0.0	0.0	2.0	4.0	0.0
728	2.0	1.0	0.0	1.0	1.6660000000000004	7.334	1.0
729	2.0	0.0	1.0	0.0	2.0	4.0	1.0
730	1.0	1.0	1.0	1.0	2.0	4.0	2.0
731	1.0	1.0	1.0	1.0	0.6680000000000001	5.332	2.0
732	3.0	0.0	0.0	0.0	3.0	6.0	0.0
733	2.0	0.0	0.0	0.0	2.0	4.0	0.0
734	1.0	0.0	1.0	0.0	1.0	2.0	1.0
735	1.0	0.0	0.0	0.0	1.0	2.0	0.0
736	1.0	1.0	1.0	0.0	1.6680000000000001	4.332	1.0
737	1.0	0.0	0.0	0.0	0.3330000000000002	2.667	0.0
738	2.0	0.0	1.0	0.0	2.0	4.0	1.0
739	1.0	1.0	1.0	1.0	0.3330000000000002	2.667	1.0
740	2.0	2.0	2.0	2.0	1.3330000000000002	4.667	2.0
741	0.0	3.0	0.0	2.0	2.0	4.0	1.0
742	0.0	0.0	0.0	0.0	0.0	0.0	0.0
743	2.0	2.0	1.0	0.0	3.0	6.0	1.0
744	2.0	2.0	1.0	0.0	3.0	6.0	1.0
745	1.0	1.0	0.0	0.0	1.0	2.0	0.0
746	2.0	4.0	0.0	1.0	3.333	11.667	1.0
747	2.0	2.0	2.0	1.0	4.0	8.0	3.0
748	1.0	0.0	0.0	0.0	1.0	2.0	0.0
749	2.0	0.0	1.0	0.0	2.0	4.0	1.0
750	3.0	0.0	0.0	0.0	3.0	6.0	0.0
751	2.0	1.0	1.0	0.0	1.6680000000000001	4.332	1.0
752	2.0	0.0	0.0	0.0	2.0	4.0	0.0
753	1.0	0.0	1.0	0.0	1.0	2.0	1.0
754	2.0	0.0	1.0	0.0	1.3360000000000003	4.664	1.0
755	0.0	2.0	0.0	0.0	0.3330000000000002	2.667	0.0
756	1.0	0.0	1.0	0.0	0.3330000000000002	2.667	1.0
757	2.0	0.0	1.0	0.0	2.0	4.0	1.0
758	2.0	0.0	1.0	0.0	2.0	4.0	1.0
759	1.0	0.0	1.0	0.0	1.0	2.0	1.0
760	3.0	0.0	1.0	0.0	3.0	6.0	1.0
761	0.0	0.0	0.0	0.0	0.0	0.0	0.0
762	0.0	2.0	0.0	0.0	1.0	2.0	0.0
763	1.0	0.0	1.0	0.0	0.3330000000000002	2.667	1.0
764	2.0	0.0	0.0	0.0	2.0	4.0	0.0
765	1.0	0.0	1.0	0.0	1.0	2.0	1.0
766	1.0	2.0	1.0	0.0	0.6660000000000004	5.334	1.0
767	3.0	3.0	1.0	1.0	0.9990000000000006	8.001	1.0
768	1.0	0.0	1.0	0.0	1.0	2.0	1.0
769	1.0	0.0	0.0	0.0	0.6680000000000001	2.332	0.0
770	1.0	0.0	0.0	0.0	1.0	2.0	0.0
771	0.0	0.0	0.0	0.0	0.0	0.0	0.0
772	2.0	0.0	2.0	0.0	2.068	3.932	2.0
773	2.0	0.0	0.0	0.0	2.0	4.0	0.0
774	1.0	0.0	0.0	0.0	1.0	2.0	0.0
775	1.0	0.0	1.0	0.0	0.3330000000000002	2.667	1.0
776	0.0	0.0	0.0	0.0	0.0	0.0	0.0
777	1.0	0.0	0.0	0.0	1.0	2.0	0.0
778	0.0	0.0	0.0	0.0	0.0	0.0	0.0
779	2.0	0.0	0.0	0.0	1.3360000000000003	4.664	0.0
780	3.0	0.0	1.0	0.0	3.0	6.0	1.0
781	2.0	0.0	0.0	0.0	0.6660000000000004	5.334	0.0
782	1.0	0.0	1.0	0.0	1.0	2.0	1.0
783	0.0	0.0	0.0	0.0	0.0	0.0	0.0
784	2.0	1.0	1.0	1.0	2.333	6.667	2.0
785	1.0	1.0	1.0	1.0	1.0	2.0	1.0
786	2.0	0.0	0.0	0.0	0.6660000000000004	5.334	0.0
787	1.0	0.0	1.0	0.0	1.0	2.0	1.0
788	0.0	0.0	0.0	0.0	0.0	0.0	0.0
789	1.0	0.0	0.0	0.0	1.0	2.0	0.0
790	0.0	0.0	0.0	0.0	0.0	0.0	0.0
791	0.0	0.0	0.0	0.0	0.0	0.0	0.0
792	0.0	0.0	0.0	0.0	0.0	0.0	0.0
793	2.0	0.0	1.0	0.0	1.3360000000000003	4.664	1.0
794	2.0	0.0	0.0	0.0	0.6660000000000004	5.334	0.0
795	2.0	0.0	2.0	0.0	2.0	4.0	2.0
796	0.0	0.0	0.0	0.0	0.0	0.0	0.0
797	1.0	0.0	1.0	0.0	1.0	2.0	1.0
798	3.0	0.0	2.0	0.0	3.0	6.0	2.0
799	1.0	0.0	0.0	0.0	0.6680000000000001	2.332	0.0
800	2.0	0.0	1.0	0.0	2.0	4.0	1.0
801	1.0	0.0	1.0	0.0	1.0	2.0	1.0
802	3.0	1.0	3.0	0.0	3.333	8.667	3.0
803	1.0	0.0	1.0	0.0	1.0	2.0	1.0
804	1.0	0.0	0.0	0.0	1.0	2.0	0.0
805	2.0	0.0	1.0	0.0	2.0	4.0	1.0
806	0.0	1.0	0.0	0.0	0.3330000000000002	2.667	0.0
807	1.0	0.0	1.0	0.0	0.3330000000000002	2.667	1.0
808	0.0	0.0	0.0	0.0	0.0	0.0	0.0
809	2.0	0.0	0.0	0.0	0.6660000000000004	5.334	0.0
810	0.0	1.0	0.0	1.0	1.0	2.0	1.0
811	1.0	0.0	1.0	0.0	1.0	2.0	1.0
812	1.0	0.0	0.0	0.0	0.3330000000000002	2.667	0.0
813	1.0	0.0	1.0	0.0	1.0	2.0	1.0
814	0.0	0.0	0.0	0.0	0.0	0.0	0.0
815	4.0	0.0	3.0	0.0	1.3320000000000007	10.668	3.0
816	1.0	0.0	1.0	0.0	1.0	2.0	1.0
817	0.0	0.0	0.0	0.0	0.0	0.0	0.0
818	0.0	0.0	0.0	0.0	0.0	0.0	0.0
819	1.0	0.0	1.0	0.0	0.3330000000000002	2.667	1.0
820	2.0	2.0	1.0	2.0	0.9990000000000006	8.001	2.0
821	1.0	3.0	0.0	3.0	1.6660000000000004	7.334	2.0
822	1.0	0.0	0.0	0.0	0.3330000000000002	2.667	0.0
823	1.0	3.0	0.0	0.0	0.6660000000000004	5.334	0.0
