pos	Sd	Nd	Sd_tip	Nd_tip	S	N	comparisons
001	0.0	0.0	0.0	0.0	0.0	0.0	0.0
002	0.0	0.0	0.0	0.0	0.0	0.0	0.0
003	0.0	0.0	0.0	0.0	0.0	0.0	0.0
004	0.0	0.0	0.0	0.0	0.0	0.0	0.0
005	0.0	2.0	0.0	0.0	1.0	2.0	0.0
006	1.0	0.0	0.0	0.0	1.0	2.0	0.0
007	1.0	1.0	0.0	0.0	1.0	2.0	0.0
008	2.0	1.0	0.0	0.0	1.6680000000000001	4.332	0.0
009	1.0	0.0	0.0	0.0	1.0	2.0	0.0
010	1.0	2.0	0.0	0.0	1.0	2.0	0.0
011	0.0	3.0	0.0	0.0	2.736	6.263999999999999	0.0
012	0.0	2.0	0.0	0.0	1.0	2.0	0.0
013	0.0	2.0	0.0	0.0	0.3330000000000002	2.667	0.0
014	1.0	3.0	1.0	1.0	1.0	8.0	1.0
015	1.0	2.0	1.0	2.0	2.4	3.6	2.0
016	3.0	1.0	2.0	1.0	4.4	7.6	3.0
017	1.0	0.0	0.0	0.0	1.0	2.0	0.0
018	1.0	3.0	0.0	1.0	1.3330000000000002	4.667	1.0
019	1.0	0.0	0.0	0.0	1.0	2.0	0.0
020	2.0	1.0	1.0	0.0	2.0	4.0	1.0
021	0.0	0.0	0.0	0.0	0.0	0.0	0.0
022	1.0	0.0	0.0	0.0	1.4	1.6	0.0
023	0.0	0.0	0.0	0.0	0.0	0.0	0.0
024	0.0	0.0	0.0	0.0	0.0	0.0	0.0
025	0.0	0.0	0.0	0.0	0.0	0.0	0.0
026	0.0	1.0	0.0	0.0	0.3330000000000002	2.667	0.0
027	1.0	1.0	1.0	1.0	0.3330000000000002	2.667	1.0
028	0.0	0.0	0.0	0.0	0.0	0.0	0.0
029	0.0	1.0	0.0	1.0	1.0	2.0	1.0
030	0.0	0.0	0.0	0.0	0.0	0.0	0.0
031	0.0	0.0	0.0	0.0	0.0	0.0	0.0
032	0.0	0.0	0.0	0.0	0.0	0.0	0.0
033	2.0	4.0	1.0	3.0	4.668	10.332	4.0
034	3.0	0.0	3.0	0.0	3.0	6.0	3.0
035	3.0	4.0	2.0	3.0	4.333	10.667	4.0
036	3.0	0.0	2.0	0.0	3.0	6.0	2.0
037	0.0	1.0	0.0	0.0	1.0	2.0	0.0
038	0.0	0.0	0.0	0.0	0.0	0.0	0.0
039	0.0	2.0	0.0	1.0	2.0	4.0	1.0
040	0.0	2.0	0.0	0.0	0.3330000000000002	2.667	0.0
041	1.0	1.0	0.0	0.0	1.0	2.0	0.0
042	0.0	1.0	0.0	1.0	1.0	2.0	1.0
043	1.0	0.0	1.0	0.0	0.3330000000000002	2.667	1.0
044	1.0	2.0	0.0	0.0	2.0010000000000003	6.999	0.0
045	2.0	1.0	0.0	0.0	2.668	6.332	0.0
046	3.0	2.0	2.0	1.0	4.736000000000001	10.264	3.0
047	2.0	0.0	1.0	0.0	2.0	4.0	1.0
048	3.0	3.0	2.0	2.0	5.4	9.6	3.0
049	1.0	3.0	1.0	1.0	3.333	8.667	2.0
050	3.0	6.0	3.0	4.0	4.666	13.334	4.0
051	2.0	3.0	1.0	1.0	5.0	10.0	2.0
052	1.0	4.0	0.0	2.0	2.333	6.667	1.0
053	1.0	3.0	0.0	2.0	2.0	4.0	1.0
054	0.0	2.0	0.0	2.0	0.3330000000000002	2.667	1.0
055	0.0	0.0	0.0	0.0	0.0	0.0	0.0
056	0.0	0.0	0.0	0.0	0.0	0.0	0.0
057	0.0	0.0	0.0	0.0	0.0	0.0	0.0
058	0.0	0.0	0.0	0.0	0.0	0.0	0.0
059	0.0	0.0	0.0	0.0	0.0	0.0	0.0
060	0.0	0.0	0.0	0.0	0.0	0.0	0.0
061	0.0	0.0	0.0	0.0	0.0	0.0	0.0
062	0.0	0.0	0.0	0.0	0.0	0.0	0.0
063	0.0	0.0	0.0	0.0	0.0	0.0	0.0
064	0.0	0.0	0.0	0.0	0.0	0.0	0.0
065	0.0	0.0	0.0	0.0	0.0	0.0	0.0
066	3.0	3.0	2.0	2.0	2.333	6.667	2.0
067	2.0	2.0	1.0	1.0	2.333	6.667	1.0
068	2.0	3.0	1.0	2.0	3.333	8.667	2.0
069	2.0	5.0	1.0	2.0	4.333	10.667	2.0
070	1.0	4.0	0.0	2.0	3.333	8.667	1.0
071	1.0	3.0	1.0	1.0	3.0010000000000003	8.998999999999999	2.0
072	2.0	2.0	1.0	1.0	3.0	6.0	2.0
073	1.0	3.0	0.0	1.0	1.3330000000000002	4.667	1.0
074	2.0	8.0	1.0	4.0	4.332000000000001	16.668	4.0
075	2.0	6.0	1.0	3.0	4.666	13.334	4.0
076	3.0	3.0	3.0	2.0	6.0	12.0	5.0
077	3.0	0.0	2.0	0.0	2.668	6.332	2.0
078	1.0	5.0	1.0	3.0	2.9990000000000006	12.001	3.0
079	3.0	3.0	2.0	2.0	2.6690000000000005	12.331	3.0
080	0.0	3.0	0.0	1.0	1.6660000000000004	7.334	1.0
081	3.0	2.0	2.0	2.0	4.0	8.0	3.0
082	0.0	2.0	0.0	2.0	0.3330000000000002	2.667	1.0
083	1.0	2.0	1.0	2.0	0.3330000000000002	2.667	1.0
084	2.0	0.0	1.0	0.0	2.8	3.2	1.0
085	0.0	1.0	0.0	1.0	0.3330000000000002	2.667	1.0
086	3.0	2.0	2.0	2.0	2.3360000000000003	6.664	2.0
087	2.0	1.0	1.0	1.0	3.0	6.0	2.0
088	2.0	2.0	2.0	2.0	1.9990000000000006	10.001	4.0
089	2.0	1.0	1.0	1.0	1.6660000000000004	7.334	2.0
090	0.0	0.0	0.0	0.0	0.0	0.0	0.0
091	2.0	0.0	1.0	0.0	2.0	4.0	1.0
092	1.0	0.0	0.0	0.0	0.3330000000000002	2.667	0.0
093	1.0	2.0	1.0	2.0	0.6660000000000004	5.334	2.0
094	1.0	0.0	1.0	0.0	0.3330000000000002	2.667	1.0
095	0.0	0.0	0.0	0.0	0.0	0.0	0.0
096	1.0	1.0	1.0	1.0	0.6660000000000004	5.334	2.0
097	2.0	2.0	1.0	1.0	4.0	8.0	2.0
098	2.0	0.0	1.0	0.0	0.6660000000000004	5.334	1.0
099	2.0	2.0	1.0	1.0	2.0	4.0	1.0
100	2.0	0.0	1.0	0.0	2.0	4.0	1.0
101	2.0	0.0	1.0	0.0	2.0	4.0	1.0
102	1.0	3.0	1.0	1.0	1.6660000000000004	7.334	1.0
103	1.0	0.0	1.0	0.0	0.3330000000000002	2.667	1.0
104	1.0	1.0	1.0	0.0	1.3330000000000002	4.667	1.0
105	2.0	3.0	1.0	3.0	2.0010000000000003	6.999	2.0
106	0.0	0.0	0.0	0.0	0.0	0.0	0.0
107	1.0	0.0	0.0	0.0	0.3330000000000002	2.667	0.0
108	0.0	0.0	0.0	0.0	0.0	0.0	0.0
109	3.0	1.0	3.0	1.0	2.0	4.0	2.0
110	2.0	2.0	1.0	2.0	3.0	6.0	2.0
111	1.0	5.0	0.0	4.0	1.3320000000000007	10.668	3.0
112	3.0	0.0	2.0	0.0	3.0	6.0	2.0
113	2.0	1.0	1.0	1.0	3.0	6.0	2.0
114	2.0	1.0	1.0	0.0	2.0	4.0	1.0
115	0.0	0.0	0.0	0.0	0.0	0.0	0.0
116	0.0	0.0	0.0	0.0	0.0	0.0	0.0
117	2.0	0.0	2.0	0.0	0.6660000000000004	5.334	2.0
118	0.0	0.0	0.0	0.0	0.0	0.0	0.0
119	4.0	0.0	3.0	0.0	4.0	8.0	3.0
120	1.0	0.0	1.0	0.0	0.3330000000000002	2.667	1.0
121	3.0	0.0	2.0	0.0	3.0	6.0	2.0
122	3.0	0.0	2.0	0.0	3.0	6.0	2.0
123	2.0	0.0	1.0	0.0	0.6660000000000004	5.334	1.0
124	0.0	0.0	0.0	0.0	0.0	0.0	0.0
125	2.0	0.0	2.0	0.0	0.6660000000000004	5.334	2.0
126	2.0	3.0	1.0	2.0	4.0	8.0	2.0
127	2.0	0.0	1.0	0.0	2.0	4.0	1.0
128	1.0	5.0	1.0	3.0	1.6660000000000004	7.334	2.0
129	2.0	1.0	1.0	1.0	3.0	6.0	2.0
130	3.0	0.0	2.0	0.0	3.0	6.0	2.0
131	3.0	0.0	3.0	0.0	3.0	6.0	3.0
132	2.0	1.0	1.0	1.0	0.9990000000000006	8.001	2.0
133	3.0	0.0	1.0	0.0	3.0	6.0	1.0
134	1.0	0.0	1.0	0.0	1.0	2.0	1.0
135	2.0	1.0	2.0	1.0	1.6660000000000004	7.334	3.0
136	0.0	1.0	0.0	1.0	0.3330000000000002	2.667	1.0
137	0.0	0.0	0.0	0.0	0.0	0.0	0.0
138	2.0	0.0	2.0	0.0	1.3360000000000003	4.664	2.0
139	4.0	2.0	3.0	2.0	5.0	10.0	4.0
140	3.0	3.0	1.0	3.0	2.6660000000000004	9.334	2.0
141	2.0	0.0	0.0	0.0	0.6660000000000004	5.334	0.0
142	0.0	1.0	0.0	1.0	1.0	2.0	1.0
143	2.0	1.0	1.0	1.0	2.0	4.0	1.0
144	0.0	0.0	0.0	0.0	0.0	0.0	0.0
145	1.0	1.0	1.0	1.0	0.6660000000000004	5.334	2.0
146	2.0	0.0	2.0	0.0	1.3360000000000003	4.664	2.0
147	1.0	0.0	1.0	0.0	0.3330000000000002	2.667	1.0
148	2.0	0.0	1.0	0.0	0.6660000000000004	5.334	1.0
149	2.0	0.0	1.0	0.0	2.0	4.0	1.0
150	1.0	0.0	0.0	0.0	0.6680000000000001	2.332	0.0
151	0.0	0.0	0.0	0.0	0.0	0.0	0.0
152	2.0	0.0	1.0	0.0	2.0	4.0	1.0
153	2.0	0.0	1.0	0.0	2.0	4.0	1.0
154	2.0	0.0	1.0	0.0	0.6660000000000004	5.334	1.0
155	3.0	2.0	1.0	2.0	5.0	10.0	3.0
156	4.0	0.0	2.0	0.0	4.0	8.0	2.0
157	2.0	0.0	2.0	0.0	2.0	4.0	2.0
158	1.0	0.0	0.0	0.0	0.3330000000000002	2.667	0.0
159	2.0	0.0	2.0	0.0	0.6660000000000004	5.334	2.0
160	2.0	2.0	1.0	2.0	1.3330000000000002	4.667	1.0
161	1.0	0.0	1.0	0.0	0.3330000000000002	2.667	1.0
162	1.0	0.0	0.0	0.0	0.3330000000000002	2.667	0.0
163	1.0	5.0	0.0	3.0	1.998000000000001	16.002	3.0
164	3.0	0.0	2.0	0.0	2.0040000000000004	6.9959999999999996	2.0
165	3.0	0.0	2.0	0.0	3.0	6.0	2.0
166	3.0	0.0	2.0	0.0	3.0	6.0	2.0
167	2.0	3.0	2.0	3.0	1.3320000000000007	10.668	4.0
168	4.0	2.0	3.0	1.0	3.333	8.667	3.0
169	2.0	4.0	1.0	3.0	4.333	10.667	3.0
170	0.0	0.0	0.0	0.0	0.0	0.0	0.0
171	3.0	0.0	2.0	0.0	3.0	6.0	2.0
172	2.0	0.0	1.0	0.0	2.4	3.6	1.0
173	3.0	0.0	1.0	0.0	3.0	6.0	1.0
174	3.0	0.0	2.0	0.0	3.0	6.0	2.0
175	2.0	0.0	1.0	0.0	0.6660000000000004	5.334	1.0
176	3.0	0.0	2.0	0.0	3.0	6.0	2.0
177	3.0	2.0	3.0	1.0	3.068	5.932	2.0
178	2.0	2.0	0.0	2.0	3.3360000000000003	8.664	2.0
179	1.0	0.0	1.0	0.0	1.0	2.0	1.0
180	1.0	0.0	1.0	0.0	0.3330000000000002	2.667	1.0
181	2.0	2.0	2.0	2.0	1.3330000000000002	4.667	2.0
182	2.0	0.0	2.0	0.0	0.6660000000000004	5.334	2.0
183	2.0	3.0	1.0	2.0	3.333	8.667	2.0
184	1.0	0.0	1.0	0.0	0.3330000000000002	2.667	1.0
185	1.0	2.0	1.0	1.0	3.0	6.0	2.0
186	2.0	0.0	1.0	0.0	0.6660000000000004	5.334	1.0
187	2.0	3.0	1.0	3.0	4.0	8.0	3.0
188	0.0	2.0	0.0	2.0	1.3330000000000002	4.667	2.0
189	3.0	2.0	2.0	2.0	3.0	6.0	2.0
190	0.0	4.0	0.0	3.0	1.6660000000000004	7.334	2.0
191	2.0	1.0	2.0	1.0	0.9990000000000006	8.001	3.0
192	3.0	5.0	2.0	4.0	5.333	12.667	4.0
193	0.0	3.0	0.0	3.0	1.3330000000000002	4.667	2.0
194	1.0	0.0	1.0	0.0	1.0	2.0	1.0
195	1.0	1.0	1.0	1.0	1.0	2.0	1.0
196	1.0	1.0	1.0	1.0	2.0	4.0	2.0
197	4.0	0.0	3.0	0.0	4.0	8.0	3.0
198	2.0	0.0	1.0	0.0	2.0	4.0	1.0
199	3.0	1.0	1.0	1.0	3.668	8.332	2.0
200	1.0	3.0	1.0	2.0	2.3360000000000003	9.664	3.0
201	3.0	0.0	2.0	0.0	3.0	6.0	2.0
202	3.0	1.0	2.0	1.0	2.333	6.667	2.0
203	3.0	1.0	2.0	1.0	2.0660000000000003	6.933999999999999	2.0
204	2.0	0.0	1.0	0.0	2.0	4.0	1.0
205	1.0	0.0	1.0	0.0	0.3330000000000002	2.667	1.0
206	0.0	0.0	0.0	0.0	0.0	0.0	0.0
207	0.0	0.0	0.0	0.0	0.0	0.0	0.0
208	2.0	0.0	1.0	0.0	1.3360000000000003	4.664	1.0
209	2.0	0.0	1.0	0.0	2.8	3.2	1.0
210	1.0	0.0	1.0	0.0	1.0	2.0	1.0
211	1.0	0.0	1.0	0.0	0.3330000000000002	2.667	1.0
212	2.0	0.0	2.0	0.0	0.6660000000000004	5.334	2.0
213	1.0	0.0	1.0	0.0	0.6680000000000001	2.332	1.0
214	4.0	0.0	3.0	0.0	4.468	7.532	3.0
215	3.0	2.0	3.0	2.0	2.668	6.332	3.0
216	3.0	0.0	2.0	0.0	3.0	6.0	2.0
217	4.0	0.0	3.0	0.0	4.0	8.0	3.0
218	2.0	0.0	1.0	0.0	2.0	4.0	1.0
219	3.0	1.0	2.0	1.0	1.6660000000000004	7.334	2.0
220	2.0	1.0	2.0	1.0	1.0	2.0	1.0
221	0.0	0.0	0.0	0.0	0.0	0.0	0.0
222	1.0	0.0	1.0	0.0	0.6680000000000001	2.332	1.0
223	2.0	2.0	2.0	2.0	2.333	6.667	3.0
224	1.0	0.0	1.0	0.0	0.3330000000000002	2.667	1.0
225	2.0	0.0	2.0	0.0	0.6660000000000004	5.334	2.0
226	2.0	2.0	2.0	1.0	4.0	8.0	3.0
227	0.0	2.0	0.0	2.0	0.6660000000000004	5.334	2.0
228	1.0	0.0	0.0	0.0	0.6680000000000001	2.332	0.0
229	0.0	0.0	0.0	0.0	0.0	0.0	0.0
230	1.0	2.0	1.0	2.0	1.6680000000000001	4.332	2.0
231	1.0	1.0	1.0	1.0	1.3330000000000002	4.667	2.0
232	0.0	0.0	0.0	0.0	0.0	0.0	0.0
233	2.0	0.0	2.0	0.0	1.3360000000000003	4.664	2.0
234	2.0	0.0	1.0	0.0	2.0	4.0	1.0
235	2.0	0.0	2.0	0.0	0.6660000000000004	5.334	2.0
236	1.0	0.0	1.0	0.0	0.3330000000000002	2.667	1.0
237	1.0	0.0	0.0	0.0	0.3330000000000002	2.667	0.0
238	2.0	0.0	2.0	0.0	2.0	4.0	2.0
239	1.0	0.0	1.0	0.0	0.3330000000000002	2.667	1.0
240	2.0	1.0	1.0	1.0	2.0	4.0	1.0
241	2.0	0.0	2.0	0.0	0.6660000000000004	5.334	2.0
242	3.0	2.0	1.0	1.0	1.9990000000000006	10.001	2.0
243	3.0	3.0	2.0	2.0	2.3320000000000007	12.668	3.0
244	3.0	0.0	2.0	0.0	3.0	6.0	2.0
245	2.0	0.0	1.0	0.0	2.0	4.0	1.0
246	0.0	0.0	0.0	0.0	0.0	0.0	0.0
247	1.0	0.0	1.0	0.0	0.3330000000000002	2.667	1.0
248	0.0	2.0	0.0	2.0	0.6660000000000004	5.334	2.0
249	1.0	0.0	1.0	0.0	1.0	2.0	1.0
250	2.0	0.0	2.0	0.0	0.6660000000000004	5.334	2.0
251	2.0	0.0	2.0	0.0	2.0	4.0	2.0
252	1.0	0.0	1.0	0.0	0.6680000000000001	2.332	1.0
253	4.0	0.0	3.0	0.0	4.0	8.0	3.0
254	1.0	5.0	1.0	3.0	2.3340000000000005	9.666	2.0
255	2.0	1.0	2.0	1.0	1.0	2.0	1.0
256	0.0	0.0	0.0	0.0	0.0	0.0	0.0
257	2.0	0.0	2.0	0.0	2.0	4.0	2.0
258	0.0	0.0	0.0	0.0	0.0	0.0	0.0
259	1.0	0.0	1.0	0.0	0.3330000000000002	2.667	1.0
260	2.0	0.0	2.0	0.0	0.6660000000000004	5.334	2.0
261	4.0	0.0	2.0	0.0	3.468	5.532	1.0
262	2.0	0.0	1.0	0.0	0.6660000000000004	5.334	1.0
263	0.0	0.0	0.0	0.0	0.0	0.0	0.0
264	3.0	0.0	2.0	0.0	3.4	5.6	2.0
265	2.0	0.0	2.0	0.0	0.6660000000000004	5.334	2.0
266	2.0	1.0	2.0	1.0	1.6660000000000004	7.334	3.0
267	2.0	0.0	2.0	0.0	0.6660000000000004	5.334	2.0
268	1.0	0.0	1.0	0.0	0.3330000000000002	2.667	1.0
269	0.0	0.0	0.0	0.0	0.0	0.0	0.0
270	3.0	0.0	2.0	0.0	0.9990000000000006	8.001	2.0
271	2.0	0.0	2.0	0.0	2.0	4.0	2.0
272	2.0	1.0	1.0	1.0	2.0	4.0	1.0
273	0.0	1.0	0.0	0.0	0.6680000000000001	2.332	0.0
274	3.0	0.0	2.0	0.0	0.9990000000000006	8.001	2.0
275	1.0	1.0	1.0	1.0	1.3330000000000002	4.667	2.0
276	0.0	0.0	0.0	0.0	0.0	0.0	0.0
277	2.0	2.0	2.0	2.0	1.3330000000000002	4.667	2.0
278	2.0	2.0	1.0	2.0	1.3330000000000002	4.667	1.0
279	3.0	0.0	2.0	0.0	3.0	6.0	2.0
280	2.0	2.0	0.0	2.0	2.6660000000000004	9.334	2.0
281	0.0	0.0	0.0	0.0	0.0	0.0	0.0
282	4.0	0.0	3.0	0.0	4.0	8.0	3.0
283	2.0	0.0	2.0	0.0	2.0	4.0	2.0
284	1.0	0.0	1.0	0.0	0.3330000000000002	2.667	1.0
285	1.0	1.0	1.0	1.0	0.3330000000000002	5.667	2.0
286	0.0	0.0	0.0	0.0	0.0	0.0	0.0
287	1.0	1.0	1.0	0.0	2.068	3.932	1.0
288	3.0	0.0	2.0	0.0	0.9990000000000006	8.001	2.0
289	0.0	0.0	0.0	0.0	0.0	0.0	0.0
290	2.0	0.0	1.0	0.0	2.4	3.6	1.0
291	0.0	0.0	0.0	0.0	0.0	0.0	0.0
292	2.0	1.0	1.0	1.0	1.6680000000000001	4.332	1.0
293	1.0	0.0	1.0	0.0	0.3330000000000002	2.667	1.0
294	4.0	0.0	4.0	0.0	2.736	6.263999999999999	3.0
295	2.0	3.0	2.0	2.0	2.3320000000000007	12.668	4.0
296	1.0	2.0	1.0	2.0	2.4	3.6	2.0
297	3.0	1.0	3.0	1.0	2.4	6.6	3.0
298	2.0	0.0	1.0	0.0	2.0	4.0	1.0
299	0.0	0.0	0.0	0.0	0.0	0.0	0.0
300	3.0	0.0	2.0	0.0	3.0	6.0	2.0
301	1.0	0.0	1.0	0.0	1.0	2.0	1.0
302	0.0	0.0	0.0	0.0	0.0	0.0	0.0
303	2.0	0.0	2.0	0.0	0.6660000000000004	5.334	2.0
304	3.0	1.0	2.0	1.0	3.0	6.0	2.0
305	1.0	0.0	0.0	0.0	0.6680000000000001	2.332	0.0
306	1.0	0.0	1.0	0.0	1.4	1.6	1.0
307	0.0	0.0	0.0	0.0	0.0	0.0	0.0
308	3.0	0.0	1.0	0.0	3.0	6.0	1.0
309	2.0	0.0	2.0	0.0	0.6660000000000004	5.334	2.0
310	1.0	0.0	1.0	0.0	1.0	2.0	1.0
311	1.0	0.0	1.0	0.0	1.0	2.0	1.0
312	2.0	0.0	2.0	0.0	2.0	4.0	2.0
313	1.0	0.0	0.0	0.0	1.0	2.0	0.0
314	2.0	0.0	1.0	0.0	2.0	4.0	1.0
315	2.0	0.0	1.0	0.0	2.0	4.0	1.0
316	0.0	1.0	0.0	1.0	0.3330000000000002	2.667	1.0
317	0.0	0.0	0.0	0.0	0.0	0.0	0.0
318	0.0	0.0	0.0	0.0	0.0	0.0	0.0
319	0.0	1.0	0.0	1.0	0.3330000000000002	2.667	1.0
320	2.0	0.0	2.0	0.0	0.6660000000000004	5.334	2.0
321	0.0	0.0	0.0	0.0	0.0	0.0	0.0
322	0.0	0.0	0.0	0.0	0.0	0.0	0.0
323	0.0	0.0	0.0	0.0	0.0	0.0	0.0
324	4.0	0.0	3.0	0.0	4.0	8.0	3.0
325	0.0	0.0	0.0	0.0	0.0	0.0	0.0
326	0.0	0.0	0.0	0.0	0.0	0.0	0.0
327	1.0	0.0	1.0	0.0	0.3330000000000002	2.667	1.0
328	0.0	0.0	0.0	0.0	0.0	0.0	0.0
329	3.0	0.0	1.0	0.0	0.9990000000000006	8.001	1.0
330	1.0	0.0	0.0	0.0	0.3330000000000002	2.667	0.0
331	5.0	0.0	5.0	0.0	4.468	7.532	4.0
332	0.0	0.0	0.0	0.0	0.0	0.0	0.0
333	0.0	1.0	0.0	1.0	0.6680000000000001	2.332	1.0
334	2.0	2.0	2.0	1.0	3.0	6.0	2.0
335	2.0	0.0	1.0	0.0	0.6660000000000004	5.334	1.0
336	0.0	0.0	0.0	0.0	0.0	0.0	0.0
337	1.0	0.0	1.0	0.0	1.0	2.0	1.0
338	1.0	0.0	1.0	0.0	0.3330000000000002	2.667	1.0
339	3.0	0.0	3.0	0.0	3.0	6.0	3.0
340	1.0	1.0	1.0	1.0	1.6680000000000001	4.332	2.0
341	4.0	2.0	2.0	2.0	4.0	8.0	2.0
342	3.0	1.0	2.0	1.0	3.0	6.0	2.0
343	2.0	1.0	2.0	1.0	2.0	4.0	2.0
344	1.0	0.0	0.0	0.0	1.0	2.0	0.0
345	1.0	2.0	1.0	2.0	0.3330000000000002	5.667	2.0
346	2.0	0.0	1.0	0.0	2.0	4.0	1.0
347	2.0	0.0	2.0	0.0	0.6660000000000004	5.334	2.0
348	0.0	0.0	0.0	0.0	0.0	0.0	0.0
349	0.0	0.0	0.0	0.0	0.0	0.0	0.0
350	2.0	0.0	2.0	0.0	1.3360000000000003	4.664	2.0
351	0.0	1.0	0.0	1.0	0.3330000000000002	2.667	1.0
352	1.0	0.0	1.0	0.0	0.3330000000000002	2.667	1.0
353	2.0	0.0	1.0	0.0	0.6660000000000004	5.334	1.0
354	3.0	0.0	3.0	0.0	2.0040000000000004	6.9959999999999996	3.0
355	2.0	1.0	2.0	1.0	3.4	5.6	3.0
356	1.0	1.0	1.0	1.0	0.6660000000000004	5.334	2.0
357	1.0	0.0	1.0	0.0	0.3330000000000002	2.667	1.0
358	3.0	0.0	2.0	0.0	3.0	6.0	2.0
359	0.0	1.0	0.0	1.0	0.6680000000000001	2.332	1.0
360	0.0	4.0	0.0	3.0	1.3320000000000007	10.668	3.0
361	2.0	3.0	2.0	3.0	2.0	7.0	3.0
362	1.0	3.0	1.0	2.0	1.6660000000000004	7.334	2.0
363	1.0	1.0	1.0	1.0	1.0010000000000003	4.999	2.0
364	1.0	2.0	1.0	2.0	1.3330000000000002	4.667	2.0
365	1.0	5.0	1.0	4.0	4.668	10.332	4.0
366	4.0	2.0	2.0	2.0	4.336	10.664	3.0
367	1.0	4.0	1.0	4.0	0.9990000000000006	8.001	3.0
368	4.0	0.0	2.0	0.0	4.0	8.0	2.0
369	0.0	3.0	0.0	3.0	0.6660000000000004	5.334	2.0
370	2.0	2.0	1.0	2.0	3.0	6.0	2.0
371	2.0	1.0	2.0	1.0	2.333	6.667	3.0
372	1.0	2.0	1.0	2.0	1.3330000000000002	4.667	2.0
373	0.0	0.0	0.0	0.0	0.0	0.0	0.0
374	0.0	0.0	0.0	0.0	0.0	0.0	0.0
375	0.0	0.0	0.0	0.0	0.0	0.0	0.0
376	0.0	0.0	0.0	0.0	0.0	0.0	0.0
377	0.0	0.0	0.0	0.0	0.0	0.0	0.0
378	0.0	0.0	0.0	0.0	0.0	0.0	0.0
379	0.0	0.0	0.0	0.0	0.0	0.0	0.0
380	2.0	0.0	2.0	0.0	0.6660000000000004	5.334	2.0
381	1.0	3.0	1.0	3.0	1.3330000000000002	4.667	2.0
382	1.0	4.0	0.0	1.0	3.668	8.332	1.0
383	3.0	3.0	1.0	1.0	3.333	11.667	2.0
384	3.0	0.0	1.0	0.0	3.0	6.0	1.0
385	1.0	0.0	0.0	0.0	0.3330000000000002	2.667	0.0
386	2.0	2.0	1.0	0.0	1.3330000000000002	4.667	1.0
387	1.0	1.0	1.0	1.0	1.3330000000000002	4.667	2.0
388	0.0	1.0	0.0	1.0	0.3330000000000002	2.667	1.0
389	0.0	0.0	0.0	0.0	0.0	0.0	0.0
390	2.0	1.0	2.0	0.0	0.9990000000000006	8.001	2.0
391	3.0	1.0	3.0	0.0	3.733	8.267	3.0
392	0.0	6.0	0.0	3.0	2.9990000000000006	12.001	3.0
393	2.0	2.0	0.0	1.0	2.668	6.332	1.0
394	0.0	4.0	0.0	0.0	1.6660000000000004	7.334	0.0
395	2.0	0.0	1.0	0.0	2.0	4.0	1.0
396	1.0	1.0	0.0	1.0	2.0	4.0	1.0
397	1.0	3.0	0.0	0.0	2.333	6.667	0.0
398	1.0	0.0	0.0	0.0	0.3330000000000002	2.667	0.0
399	1.0	0.0	0.0	0.0	0.3330000000000002	2.667	0.0
400	3.0	0.0	1.0	0.0	2.668	6.332	1.0
401	3.0	2.0	1.0	0.0	2.6660000000000004	9.334	1.0
402	0.0	0.0	0.0	0.0	0.0	0.0	0.0
403	2.0	0.0	1.0	0.0	1.3360000000000003	4.664	1.0
404	1.0	0.0	0.0	0.0	1.0	2.0	0.0
405	2.0	3.0	1.0	0.0	1.9990000000000006	10.001	1.0
406	0.0	0.0	0.0	0.0	0.0	0.0	0.0
407	0.0	0.0	0.0	0.0	0.0	0.0	0.0
408	2.0	1.0	1.0	1.0	3.0	6.0	2.0
409	1.0	0.0	1.0	0.0	0.3330000000000002	2.667	1.0
410	0.0	1.0	0.0	0.0	0.6680000000000001	2.332	0.0
411	2.0	0.0	1.0	0.0	2.0	4.0	1.0
412	1.0	3.0	1.0	0.0	3.0010000000000003	8.998999999999999	1.0
413	2.0	1.0	1.0	0.0	2.0	4.0	1.0
414	0.0	4.0	0.0	1.0	2.6660000000000004	9.334	1.0
415	2.0	4.0	0.0	1.0	3.6690000000000005	11.331	1.0
416	1.0	4.0	1.0	2.0	1.6660000000000004	7.334	2.0
417	2.0	3.0	1.0	1.0	2.733	6.2669999999999995	1.0
418	4.0	1.0	2.0	1.0	4.8	7.2	2.0
419	0.0	3.0	0.0	0.0	0.3330000000000002	5.667	0.0
420	1.0	0.0	0.0	0.0	0.3330000000000002	2.667	0.0
421	0.0	2.0	0.0	0.0	0.6660000000000004	5.334	0.0
422	1.0	2.0	1.0	2.0	1.3330000000000002	4.667	2.0
423	4.0	3.0	2.0	1.0	5.4	9.6	2.0
424	1.0	4.0	1.0	1.0	2.3320000000000007	12.668	2.0
425	0.0	2.0	0.0	1.0	0.6660000000000004	5.334	1.0
426	3.0	4.0	2.0	1.0	5.336	12.664	3.0
427	0.0	3.0	0.0	1.0	1.6660000000000004	7.334	1.0
428	2.0	3.0	1.0	2.0	2.333	6.667	2.0
429	0.0	3.0	0.0	0.0	0.6660000000000004	5.334	0.0
430	2.0	4.0	1.0	3.0	0.9990000000000006	8.001	2.0
431	0.0	0.0	0.0	0.0	0.0	0.0	0.0
432	0.0	0.0	0.0	0.0	0.0	0.0	0.0
433	0.0	0.0	0.0	0.0	0.0	0.0	0.0
434	0.0	2.0	0.0	0.0	0.3330000000000002	2.667	0.0
435	0.0	0.0	0.0	0.0	0.0	0.0	0.0
436	0.0	0.0	0.0	0.0	0.0	0.0	0.0
437	0.0	0.0	0.0	0.0	0.0	0.0	0.0
438	0.0	0.0	0.0	0.0	0.0	0.0	0.0
439	0.0	0.0	0.0	0.0	0.0	0.0	0.0
440	0.0	0.0	0.0	0.0	0.0	0.0	0.0
441	0.0	0.0	0.0	0.0	0.0	0.0	0.0
442	0.0	0.0	0.0	0.0	0.0	0.0	0.0
443	0.0	2.0	0.0	0.0	0.3330000000000002	2.667	0.0
444	2.0	1.0	0.0	0.0	3.0	6.0	0.0
445	0.0	2.0	0.0	2.0	1.0010000000000003	4.999	2.0
446	0.0	0.0	0.0	0.0	0.0	0.0	0.0
447	0.0	0.0	0.0	0.0	0.0	0.0	0.0
448	0.0	3.0	0.0	0.0	1.3330000000000002	4.667	0.0
449	1.0	2.0	1.0	0.0	1.6660000000000004	7.334	1.0
450	1.0	0.0	0.0	0.0	0.3330000000000002	2.667	0.0
451	0.0	2.0	0.0	0.0	0.6660000000000004	5.334	0.0
452	1.0	2.0	0.0	0.0	1.0	2.0	0.0
453	1.0	0.0	0.0	0.0	0.3330000000000002	2.667	0.0
454	2.0	4.0	1.0	2.0	0.6660000000000004	5.334	1.0
455	1.0	4.0	1.0	2.0	1.3330000000000002	4.667	1.0
456	1.0	0.0	1.0	0.0	0.3330000000000002	2.667	1.0
457	1.0	2.0	0.0	0.0	1.0	2.0	0.0
458	1.0	0.0	0.0	0.0	0.3330000000000002	2.667	0.0
459	3.0	2.0	1.0	0.0	4.0	8.0	1.0
460	2.0	4.0	0.0	0.0	1.3330000000000002	4.667	0.0
461	0.0	0.0	0.0	0.0	0.0	0.0	0.0
462	1.0	0.0	0.0	0.0	0.3330000000000002	2.667	0.0
463	0.0	3.0	0.0	0.0	2.736	6.263999999999999	0.0
464	2.0	0.0	2.0	0.0	2.0	4.0	2.0
465	2.0	0.0	1.0	0.0	2.0	4.0	1.0
466	0.0	0.0	0.0	0.0	0.0	0.0	0.0
467	1.0	1.0	0.0	0.0	0.6660000000000004	5.334	0.0
468	2.0	0.0	1.0	0.0	2.0	4.0	1.0
469	1.0	0.0	0.0	0.0	0.3330000000000002	2.667	0.0
470	1.0	0.0	0.0	0.0	1.0	2.0	0.0
471	0.0	0.0	0.0	0.0	0.0	0.0	0.0
472	2.0	0.0	2.0	0.0	0.6660000000000004	5.334	2.0
473	2.0	0.0	1.0	0.0	2.4	3.6	1.0
474	2.0	0.0	1.0	0.0	2.0	4.0	1.0
475	1.0	1.0	0.0	1.0	1.733	4.2669999999999995	1.0
476	0.0	1.0	0.0	0.0	1.0	2.0	0.0
477	2.0	1.0	1.0	0.0	2.333	6.667	1.0
478	1.0	0.0	0.0	0.0	1.0	2.0	0.0
479	2.0	0.0	1.0	0.0	0.6660000000000004	5.334	1.0
480	2.0	0.0	1.0	0.0	1.3360000000000003	4.664	1.0
481	1.0	0.0	1.0	0.0	1.0	2.0	1.0
482	4.0	0.0	3.0	0.0	4.0	8.0	3.0
483	0.0	0.0	0.0	0.0	0.0	0.0	0.0
484	0.0	0.0	0.0	0.0	0.0	0.0	0.0
485	1.0	0.0	1.0	0.0	0.3330000000000002	2.667	1.0
486	1.0	0.0	1.0	0.0	1.0	2.0	1.0
487	2.0	0.0	0.0	0.0	2.0	4.0	0.0
488	2.0	1.0	0.0	0.0	2.668	6.332	0.0
489	2.0	0.0	1.0	0.0	2.0	4.0	1.0
490	1.0	1.0	1.0	0.0	1.6680000000000001	4.332	1.0
491	0.0	5.0	0.0	1.0	2.0010000000000003	6.999	1.0
492	1.0	0.0	0.0	0.0	0.3330000000000002	2.667	0.0
493	0.0	0.0	0.0	0.0	0.0	0.0	0.0
494	0.0	0.0	0.0	0.0	0.0	0.0	0.0
495	1.0	0.0	0.0	0.0	0.6680000000000001	2.332	0.0
496	3.0	3.0	1.0	0.0	3.333	8.667	1.0
497	3.0	0.0	1.0	0.0	3.0	6.0	1.0
498	3.0	0.0	2.0	0.0	3.068	5.932	2.0
499	1.0	0.0	1.0	0.0	0.3330000000000002	2.667	1.0
500	1.0	1.0	0.0	0.0	0.6660000000000004	5.334	0.0
501	2.0	1.0	1.0	0.0	2.0	4.0	1.0
502	3.0	1.0	2.0	1.0	3.0	6.0	2.0
503	3.0	0.0	1.0	0.0	3.0	6.0	1.0
504	0.0	0.0	0.0	0.0	0.0	0.0	0.0
505	1.0	1.0	0.0	1.0	1.6680000000000001	4.332	1.0
506	2.0	0.0	1.0	0.0	0.6660000000000004	5.334	1.0
507	2.0	2.0	2.0	1.0	3.3360000000000003	8.664	3.0
508	0.0	1.0	0.0	0.0	1.0	2.0	0.0
509	2.0	1.0	1.0	0.0	2.333	6.667	1.0
510	1.0	4.0	1.0	1.0	1.3320000000000007	10.668	1.0
511	0.0	3.0	0.0	1.0	1.3330000000000002	4.667	1.0
512	0.0	5.0	0.0	0.0	4.7330000000000005	10.267	0.0
513	1.0	3.0	1.0	0.0	2.0	7.0	1.0
514	3.0	3.0	1.0	1.0	4.333	10.667	2.0
515	2.0	5.0	1.0	2.0	5.801	12.199	3.0
516	2.0	4.0	1.0	1.0	3.3990000000000005	11.600999999999999	2.0
517	2.0	1.0	1.0	0.0	2.4	3.6	1.0
518	0.0	0.0	0.0	0.0	0.0	0.0	0.0
519	0.0	0.0	0.0	0.0	0.0	0.0	0.0
520	0.0	0.0	0.0	0.0	0.0	0.0	0.0
521	0.0	0.0	0.0	0.0	0.0	0.0	0.0
522	0.0	0.0	0.0	0.0	0.0	0.0	0.0
523	0.0	2.0	0.0	1.0	2.0	4.0	1.0
524	1.0	4.0	0.0	2.0	2.0010000000000003	6.999	2.0
525	0.0	0.0	0.0	0.0	0.0	0.0	0.0
526	0.0	0.0	0.0	0.0	0.0	0.0	0.0
527	0.0	0.0	0.0	0.0	0.0	0.0	0.0
528	0.0	0.0	0.0	0.0	0.0	0.0	0.0
529	0.0	0.0	0.0	0.0	0.0	0.0	0.0
530	0.0	0.0	0.0	0.0	0.0	0.0	0.0
531	0.0	0.0	0.0	0.0	0.0	0.0	0.0
532	0.0	0.0	0.0	0.0	0.0	0.0	0.0
533	0.0	0.0	0.0	0.0	0.0	0.0	0.0
534	0.0	0.0	0.0	0.0	0.0	0.0	0.0
535	0.0	0.0	0.0	0.0	0.0	0.0	0.0
536	0.0	0.0	0.0	0.0	0.0	0.0	0.0
537	0.0	0.0	0.0	0.0	0.0	0.0	0.0
538	0.0	0.0	0.0	0.0	0.0	0.0	0.0
539	0.0	0.0	0.0	0.0	0.0	0.0	0.0
540	1.0	0.0	1.0	0.0	0.3330000000000002	2.667	1.0
541	2.0	0.0	1.0	0.0	0.6660000000000004	5.334	1.0
542	0.0	5.0	0.0	1.0	3.6660000000000004	11.334	1.0
543	3.0	3.0	1.0	1.0	2.6690000000000005	9.331	1.0
544	1.0	1.0	0.0	1.0	0.6660000000000004	5.334	1.0
545	0.0	1.0	0.0	0.0	0.3330000000000002	2.667	0.0
546	0.0	0.0	0.0	0.0	0.0	0.0	0.0
547	0.0	0.0	0.0	0.0	0.0	0.0	0.0
548	0.0	0.0	0.0	0.0	0.0	0.0	0.0
549	0.0	0.0	0.0	0.0	0.0	0.0	0.0
550	0.0	0.0	0.0	0.0	0.0	0.0	0.0
551	0.0	0.0	0.0	0.0	0.0	0.0	0.0
552	0.0	0.0	0.0	0.0	0.0	0.0	0.0
553	0.0	0.0	0.0	0.0	0.0	0.0	0.0
554	1.0	2.0	1.0	0.0	1.6660000000000004	7.334	1.0
555	2.0	1.0	1.0	0.0	1.6680000000000001	4.332	1.0
556	0.0	3.0	0.0	1.0	1.0010000000000003	4.999	1.0
557	2.0	3.0	1.0	1.0	1.6660000000000004	7.334	2.0
558	2.0	1.0	2.0	0.0	0.9990000000000006	8.001	2.0
559	2.0	3.0	0.0	1.0	1.6680000000000001	7.332	1.0
560	1.0	3.0	0.0	0.0	1.3330000000000002	4.667	0.0
561	4.0	2.0	1.0	0.0	3.333	8.667	1.0
562	2.0	1.0	1.0	0.0	2.0	4.0	1.0
563	2.0	2.0	0.0	0.0	2.0	4.0	0.0
564	0.0	0.0	0.0	0.0	0.0	0.0	0.0
565	0.0	2.0	0.0	0.0	0.3330000000000002	2.667	0.0
566	0.0	0.0	0.0	0.0	0.0	0.0	0.0
567	1.0	2.0	1.0	2.0	1.0	2.0	1.0
568	0.0	0.0	0.0	0.0	0.0	0.0	0.0
569	0.0	1.0	0.0	0.0	0.3330000000000002	2.667	0.0
570	0.0	0.0	0.0	0.0	0.0	0.0	0.0
571	1.0	0.0	0.0	0.0	0.3330000000000002	2.667	0.0
572	1.0	0.0	0.0	0.0	0.3330000000000002	2.667	0.0
573	0.0	0.0	0.0	0.0	0.0	0.0	0.0
574	1.0	0.0	0.0	0.0	0.3330000000000002	2.667	0.0
575	2.0	2.0	0.0	0.0	1.3330000000000002	4.667	0.0
576	2.0	2.0	0.0	0.0	1.3330000000000002	4.667	0.0
577	1.0	0.0	0.0	0.0	0.3330000000000002	2.667	0.0
578	0.0	5.0	0.0	2.0	2.6660000000000004	9.334	2.0
579	0.0	0.0	0.0	0.0	0.0	0.0	0.0
580	2.0	4.0	0.0	2.0	2.6660000000000004	9.334	1.0
581	2.0	0.0	2.0	0.0	0.6660000000000004	5.334	2.0
582	2.0	3.0	2.0	3.0	0.6660000000000004	5.334	2.0
583	1.0	1.0	1.0	1.0	0.3330000000000002	2.667	1.0
584	1.0	1.0	1.0	1.0	0.3330000000000002	2.667	1.0
585	2.0	4.0	2.0	2.0	2.333	6.667	2.0
586	0.0	4.0	0.0	1.0	2.6660000000000004	9.334	1.0
587	0.0	3.0	0.0	1.0	1.0010000000000003	7.999	1.0
588	2.0	3.0	2.0	2.0	4.0	8.0	3.0
589	1.0	1.0	0.0	1.0	0.6660000000000004	5.334	1.0
590	1.0	0.0	1.0	0.0	0.3330000000000002	2.667	1.0
591	2.0	0.0	1.0	0.0	2.0	4.0	1.0
592	0.0	0.0	0.0	0.0	0.0	0.0	0.0
593	0.0	0.0	0.0	0.0	0.0	0.0	0.0
594	0.0	0.0	0.0	0.0	0.0	0.0	0.0
595	1.0	2.0	1.0	0.0	1.6680000000000001	7.332	1.0
596	1.0	0.0	0.0	0.0	1.0	2.0	0.0
597	1.0	1.0	0.0	0.0	0.6660000000000004	5.334	0.0
598	2.0	1.0	1.0	1.0	3.0	6.0	2.0
599	1.0	0.0	1.0	0.0	1.0	2.0	1.0
600	2.0	1.0	1.0	0.0	2.0	4.0	1.0
601	2.0	4.0	2.0	2.0	2.6660000000000004	9.334	3.0
602	1.0	2.0	1.0	0.0	1.3330000000000002	4.667	1.0
603	2.0	1.0	1.0	0.0	2.0	4.0	1.0
604	2.0	2.0	1.0	0.0	3.0	6.0	1.0
605	4.0	0.0	1.0	0.0	4.0	8.0	1.0
606	0.0	0.0	0.0	0.0	0.0	0.0	0.0
607	1.0	0.0	0.0	0.0	1.0	2.0	0.0
608	1.0	0.0	0.0	0.0	1.0	2.0	0.0
609	2.0	0.0	1.0	0.0	0.6660000000000004	5.334	1.0
610	2.0	2.0	1.0	1.0	1.3330000000000002	4.667	1.0
611	2.0	1.0	0.0	1.0	3.0	6.0	1.0
612	0.0	0.0	0.0	0.0	0.0	0.0	0.0
613	1.0	0.0	1.0	0.0	1.0	2.0	1.0
614	0.0	0.0	0.0	0.0	0.0	0.0	0.0
615	3.0	0.0	1.0	0.0	3.0	6.0	1.0
616	1.0	1.0	0.0	0.0	1.4	1.6	0.0
617	2.0	0.0	0.0	0.0	0.6680000000000001	2.332	0.0
618	2.0	0.0	1.0	0.0	2.0	4.0	1.0
619	2.0	0.0	1.0	0.0	0.6660000000000004	5.334	1.0
620	2.0	0.0	1.0	0.0	2.0	4.0	1.0
621	0.0	0.0	0.0	0.0	0.0	0.0	0.0
622	0.0	0.0	0.0	0.0	0.0	0.0	0.0
623	0.0	0.0	0.0	0.0	0.0	0.0	0.0
624	3.0	0.0	1.0	0.0	3.0	6.0	1.0
625	0.0	0.0	0.0	0.0	0.0	0.0	0.0
626	0.0	0.0	0.0	0.0	0.0	0.0	0.0
627	3.0	0.0	2.0	0.0	3.0	6.0	2.0
628	1.0	0.0	0.0	0.0	0.3330000000000002	2.667	0.0
629	2.0	1.0	0.0	0.0	2.668	6.332	0.0
630	1.0	0.0	1.0	0.0	0.3330000000000002	2.667	1.0
631	1.0	0.0	0.0	0.0	0.3330000000000002	2.667	0.0
632	1.0	0.0	1.0	0.0	0.3330000000000002	2.667	1.0
633	0.0	0.0	0.0	0.0	0.0	0.0	0.0
634	1.0	0.0	0.0	0.0	1.0	2.0	0.0
635	1.0	3.0	1.0	1.0	1.6660000000000004	7.334	1.0
636	0.0	2.0	0.0	1.0	0.6660000000000004	5.334	1.0
637	2.0	3.0	1.0	0.0	3.333	8.667	1.0
638	0.0	0.0	0.0	0.0	0.0	0.0	0.0
639	0.0	0.0	0.0	0.0	0.0	0.0	0.0
640	0.0	0.0	0.0	0.0	0.0	0.0	0.0
641	0.0	0.0	0.0	0.0	0.0	0.0	0.0
642	0.0	0.0	0.0	0.0	0.0	0.0	0.0
643	0.0	0.0	0.0	0.0	0.0	0.0	0.0
644	0.0	0.0	0.0	0.0	0.0	0.0	0.0
645	0.0	5.0	0.0	2.0	1.9990000000000006	10.001	1.0
646	1.0	1.0	1.0	0.0	0.6660000000000004	5.334	1.0
647	1.0	1.0	0.0	0.0	2.0	4.0	0.0
648	3.0	0.0	1.0	0.0	3.0	6.0	1.0
649	2.0	1.0	1.0	0.0	2.0	4.0	1.0
650	1.0	5.0	1.0	0.0	3.6660000000000004	11.334	1.0
651	2.0	2.0	0.0	2.0	1.6660000000000004	7.334	2.0
652	0.0	0.0	0.0	0.0	0.0	0.0	0.0
653	3.0	1.0	0.0	0.0	2.333	6.667	0.0
654	1.0	0.0	1.0	0.0	0.3330000000000002	2.667	1.0
655	0.0	0.0	0.0	0.0	0.0	0.0	0.0
656	1.0	0.0	1.0	0.0	0.6680000000000001	2.332	1.0
657	1.0	0.0	1.0	0.0	0.3330000000000002	2.667	1.0
658	2.0	1.0	2.0	0.0	1.3340000000000005	7.6659999999999995	2.0
659	1.0	1.0	0.0	0.0	1.3330000000000002	4.667	0.0
660	0.0	0.0	0.0	0.0	0.0	0.0	0.0
661	1.0	0.0	1.0	0.0	0.3330000000000002	2.667	1.0
662	0.0	0.0	0.0	0.0	0.0	0.0	0.0
663	0.0	0.0	0.0	0.0	0.0	0.0	0.0
664	1.0	2.0	0.0	1.0	2.0	4.0	1.0
665	1.0	2.0	1.0	2.0	0.6660000000000004	5.334	2.0
666	0.0	0.0	0.0	0.0	0.0	0.0	0.0
667	2.0	0.0	1.0	0.0	2.0	4.0	1.0
668	2.0	0.0	0.0	0.0	0.6660000000000004	5.334	0.0
669	1.0	0.0	0.0	0.0	1.0	2.0	0.0
670	1.0	2.0	1.0	0.0	1.6660000000000004	7.334	1.0
671	2.0	0.0	1.0	0.0	2.0	4.0	1.0
672	0.0	0.0	0.0	0.0	0.0	0.0	0.0
673	0.0	2.0	0.0	0.0	1.3330000000000002	4.667	0.0
674	2.0	0.0	1.0	0.0	0.6660000000000004	5.334	1.0
675	0.0	0.0	0.0	0.0	0.0	0.0	0.0
676	1.0	0.0	0.0	0.0	1.0	2.0	0.0
677	0.0	0.0	0.0	0.0	0.0	0.0	0.0
678	0.0	0.0	0.0	0.0	0.0	0.0	0.0
679	0.0	0.0	0.0	0.0	0.0	0.0	0.0
680	1.0	0.0	0.0	0.0	1.0	2.0	0.0
681	2.0	0.0	1.0	0.0	0.6660000000000004	5.334	1.0
682	2.0	0.0	1.0	0.0	2.0	4.0	1.0
683	0.0	0.0	0.0	0.0	0.0	0.0	0.0
684	0.0	0.0	0.0	0.0	0.0	0.0	0.0
685	2.0	0.0	1.0	0.0	1.3360000000000003	4.664	1.0
686	0.0	0.0	0.0	0.0	0.0	0.0	0.0
687	1.0	2.0	1.0	1.0	1.3330000000000002	4.667	1.0
688	1.0	0.0	0.0	0.0	1.0	2.0	0.0
689	2.0	2.0	1.0	0.0	1.3330000000000002	4.667	1.0
690	2.0	0.0	1.0	0.0	0.6660000000000004	5.334	1.0
691	1.0	1.0	1.0	0.0	0.6680000000000001	5.332	1.0
692	1.0	0.0	1.0	0.0	1.0	2.0	1.0
693	1.0	0.0	1.0	0.0	1.0	2.0	1.0
694	1.0	0.0	0.0	0.0	1.0	2.0	0.0
695	0.0	0.0	0.0	0.0	0.0	0.0	0.0
696	0.0	0.0	0.0	0.0	0.0	0.0	0.0
697	0.0	0.0	0.0	0.0	0.0	0.0	0.0
698	1.0	0.0	1.0	0.0	0.3330000000000002	2.667	1.0
699	2.0	0.0	0.0	0.0	1.6680000000000001	4.332	0.0
700	1.0	0.0	1.0	0.0	1.0	2.0	1.0
701	0.0	4.0	0.0	1.0	0.9990000000000006	8.001	1.0
702	1.0	0.0	0.0	0.0	1.0	2.0	0.0
703	0.0	1.0	0.0	1.0	1.0	2.0	1.0
704	2.0	1.0	1.0	0.0	2.0	4.0	1.0
705	1.0	2.0	1.0	0.0	1.3340000000000005	7.6659999999999995	1.0
706	0.0	2.0	0.0	1.0	0.6660000000000004	5.334	1.0
707	1.0	2.0	1.0	0.0	0.9990000000000006	8.001	1.0
708	1.0	1.0	1.0	0.0	2.0	4.0	1.0
709	1.0	1.0	0.0	1.0	0.6660000000000004	5.334	1.0
710	0.0	0.0	0.0	0.0	0.0	0.0	0.0
711	0.0	0.0	0.0	0.0	0.0	0.0	0.0
712	3.0	2.0	2.0	1.0	5.0	10.0	3.0
713	2.0	2.0	1.0	0.0	2.0	4.0	1.0
714	1.0	4.0	1.0	0.0	3.333	8.667	1.0
715	0.0	0.0	0.0	0.0	0.0	0.0	0.0
716	0.0	0.0	0.0	0.0	0.0	0.0	0.0
717	0.0	0.0	0.0	0.0	0.0	0.0	0.0
718	0.0	0.0	0.0	0.0	0.0	0.0	0.0
719	0.0	0.0	0.0	0.0	0.0	0.0	0.0
720	0.0	0.0	0.0	0.0	0.0	0.0	0.0
721	0.0	0.0	0.0	0.0	0.0	0.0	0.0
722	0.0	0.0	0.0	0.0	0.0	0.0	0.0
723	0.0	0.0	0.0	0.0	0.0	0.0	0.0
724	0.0	0.0	0.0	0.0	0.0	0.0	0.0
725	1.0	0.0	1.0	0.0	0.3330000000000002	2.667	1.0
726	0.0	0.0	0.0	0.0	0.0	0.0	0.0
727	0.0	0.0	0.0	0.0	0.0	0.0	0.0
728	0.0	2.0	0.0	0.0	0.6660000000000004	5.334	0.0
729	0.0	3.0	0.0	1.0	0.9990000000000006	8.001	1.0
730	2.0	2.0	1.0	0.0	0.9990000000000006	8.001	1.0
731	1.0	2.0	0.0	1.0	0.9990000000000006	8.001	1.0
732	0.0	1.0	0.0	0.0	0.3330000000000002	2.667	0.0
733	1.0	1.0	0.0	1.0	0.6660000000000004	5.334	1.0
734	1.0	3.0	1.0	1.0	2.3340000000000005	9.666	2.0
735	1.0	0.0	0.0	0.0	0.3330000000000002	2.667	0.0
736	1.0	1.0	1.0	0.0	0.6660000000000004	5.334	1.0
737	1.0	4.0	1.0	3.0	1.3340000000000005	7.6659999999999995	2.0
738	1.0	2.0	0.0	1.0	0.9990000000000006	8.001	1.0
739	2.0	3.0	0.0	1.0	1.6660000000000004	7.334	1.0
740	2.0	5.0	1.0	2.0	2.3320000000000007	12.668	2.0
741	0.0	3.0	0.0	1.0	0.9990000000000006	8.001	1.0
742	0.0	3.0	0.0	0.0	1.733	4.2669999999999995	0.0
743	1.0	2.0	0.0	0.0	1.3330000000000002	4.667	0.0
744	0.0	1.0	0.0	0.0	0.3330000000000002	2.667	0.0
745	1.0	1.0	0.0	1.0	2.0	4.0	1.0
746	0.0	2.0	0.0	0.0	0.6680000000000001	2.332	0.0
747	0.0	0.0	0.0	0.0	0.0	0.0	0.0
748	2.0	1.0	2.0	1.0	0.6680000000000001	2.332	1.0
749	0.0	2.0	0.0	1.0	1.3330000000000002	4.667	1.0
750	0.0	1.0	0.0	0.0	0.3330000000000002	2.667	0.0
751	1.0	0.0	0.0	0.0	0.3330000000000002	2.667	0.0
752	1.0	1.0	1.0	0.0	0.6660000000000004	5.334	1.0
753	0.0	0.0	0.0	0.0	0.0	0.0	0.0
754	0.0	1.0	0.0	1.0	0.3330000000000002	2.667	1.0
755	0.0	2.0	0.0	1.0	1.3330000000000002	4.667	1.0
756	1.0	0.0	0.0	0.0	0.3330000000000002	2.667	0.0
757	0.0	0.0	0.0	0.0	0.0	0.0	0.0
758	1.0	1.0	0.0	0.0	1.0	2.0	0.0
759	0.0	1.0	0.0	0.0	0.3330000000000002	2.667	0.0
760	0.0	0.0	0.0	0.0	0.0	0.0	0.0
761	1.0	2.0	0.0	0.0	0.3330000000000002	5.667	0.0
762	1.0	1.0	0.0	0.0	1.0	2.0	0.0
763	0.0	2.0	0.0	1.0	1.3330000000000002	4.667	1.0
764	1.0	1.0	0.0	1.0	1.3330000000000002	4.667	1.0
765	2.0	0.0	1.0	0.0	0.6660000000000004	5.334	1.0
766	2.0	6.0	1.0	3.0	3.6670000000000007	14.332999999999998	3.0
767	1.0	2.0	0.0	2.0	0.9990000000000006	8.001	2.0
768	3.0	2.0	1.0	0.0	1.6660000000000004	7.334	1.0
769	2.0	2.0	1.0	1.0	2.0	4.0	1.0
770	2.0	5.0	0.0	2.0	4.3340000000000005	13.665999999999999	2.0
771	0.0	5.0	0.0	2.0	1.9990000000000006	10.001	2.0
772	2.0	3.0	0.0	1.0	2.6660000000000004	9.334	1.0
773	2.0	2.0	2.0	1.0	1.9990000000000006	10.001	3.0
774	1.0	3.0	0.0	1.0	1.9990000000000006	10.001	1.0
775	1.0	4.0	1.0	2.0	1.9990000000000006	10.001	2.0
776	0.0	3.0	0.0	1.0	0.9990000000000006	8.001	1.0
777	0.0	1.0	0.0	0.0	0.0	3.0	0.0
778	0.0	3.0	0.0	1.0	0.9990000000000006	8.001	1.0
779	2.0	3.0	1.0	0.0	1.6660000000000004	7.334	1.0
780	1.0	4.0	1.0	2.0	2.6660000000000004	9.334	2.0
781	2.0	2.0	1.0	0.0	1.3330000000000002	4.667	1.0
782	2.0	0.0	1.0	0.0	0.6660000000000004	5.334	1.0
783	1.0	0.0	0.0	0.0	1.0	2.0	0.0
784	0.0	1.0	0.0	0.0	0.3330000000000002	2.667	0.0
785	0.0	0.0	0.0	0.0	0.0	0.0	0.0
786	3.0	2.0	1.0	0.0	3.333	8.667	1.0
787	0.0	0.0	0.0	0.0	0.0	0.0	0.0
788	1.0	0.0	1.0	0.0	0.3330000000000002	2.667	1.0
789	1.0	2.0	0.0	0.0	1.3330000000000002	4.667	0.0
790	0.0	3.0	0.0	1.0	1.3330000000000002	4.667	1.0
791	0.0	1.0	0.0	0.0	0.3330000000000002	2.667	0.0
792	0.0	1.0	0.0	0.0	0.6680000000000001	2.332	0.0
793	0.0	1.0	0.0	1.0	0.3330000000000002	2.667	1.0
794	2.0	1.0	2.0	0.0	0.9990000000000006	8.001	2.0
795	0.0	0.0	0.0	0.0	0.0	0.0	0.0
796	0.0	0.0	0.0	0.0	0.0	0.0	0.0
797	0.0	2.0	0.0	0.0	0.3330000000000002	2.667	0.0
798	1.0	0.0	1.0	0.0	0.3330000000000002	2.667	1.0
799	0.0	0.0	0.0	0.0	0.0	0.0	0.0
800	1.0	1.0	1.0	0.0	2.0	4.0	1.0
801	0.0	0.0	0.0	0.0	0.0	0.0	0.0
802	1.0	1.0	1.0	0.0	0.6680000000000001	5.332	1.0
803	1.0	0.0	1.0	0.0	0.3330000000000002	2.667	1.0
804	1.0	0.0	0.0	0.0	0.3330000000000002	2.667	0.0
805	1.0	0.0	0.0	0.0	1.4	1.6	0.0
806	0.0	2.0	0.0	0.0	0.3330000000000002	2.667	0.0
807	2.0	0.0	2.0	0.0	0.6660000000000004	5.334	2.0
808	2.0	0.0	1.0	0.0	2.0	4.0	1.0
809	1.0	0.0	0.0	0.0	0.3330000000000002	2.667	0.0
810	1.0	0.0	1.0	0.0	1.0	2.0	1.0
811	1.0	2.0	0.0	0.0	0.3330000000000002	2.667	0.0
812	1.0	0.0	1.0	0.0	1.0	2.0	1.0
813	2.0	0.0	0.0	0.0	2.0	4.0	0.0
814	2.0	0.0	0.0	0.0	2.0	4.0	0.0
815	2.0	2.0	1.0	0.0	1.3340000000000005	7.6659999999999995	1.0
816	0.0	0.0	0.0	0.0	0.0	0.0	0.0
817	0.0	3.0	0.0	2.0	0.6660000000000004	5.334	1.0
818	3.0	0.0	2.0	0.0	2.668	6.332	2.0
819	0.0	0.0	0.0	0.0	0.0	0.0	0.0
820	1.0	0.0	1.0	0.0	0.3330000000000002	2.667	1.0
821	2.0	1.0	1.0	0.0	1.733	4.2669999999999995	1.0
822	0.0	0.0	0.0	0.0	0.0	0.0	0.0
