all_syn	all_nonSyn	tip_syn	tip_nonSyn	S	N	comparisons
001	0.0	0.0	0.0	0.0	0.0	0.0	0.0
002	0.0	0.0	0.0	0.0	0.0	0.0	0.0
003	0.0	0.0	0.0	0.0	0.0	0.0	0.0
004	0.0	0.0	0.0	0.0	0.0	0.0	0.0
005	0.0	0.0	0.0	0.0	0.0	0.0	0.0
006	0.0	0.0	0.0	0.0	0.0	0.0	0.0
007	0.0	0.0	0.0	0.0	0.0	0.0	0.0
008	0.0	0.0	0.0	0.0	0.0	0.0	0.0
009	0.0	0.0	0.0	0.0	0.0	0.0	0.0
010	0.0	0.0	0.0	0.0	0.0	0.0	0.0
011	0.0	0.0	0.0	0.0	0.0	0.0	0.0
012	0.0	0.0	0.0	0.0	0.0	0.0	0.0
013	0.0	0.0	0.0	0.0	0.0	0.0	0.0
014	0.0	4.0	0.0	2.0	1.6660000000000004	7.334	1.0
015	1.0	2.0	1.0	2.0	3.0	6.0	3.0
016	1.0	2.0	1.0	2.0	2.0	4.0	2.0
017	3.0	2.0	3.0	2.0	2.4	3.6	2.0
018	0.0	1.0	0.0	1.0	1.0	2.0	1.0
019	1.0	4.0	0.0	3.0	2.6660000000000004	9.334	2.0
020	2.0	2.0	2.0	2.0	1.3330000000000002	4.667	2.0
021	1.0	1.0	1.0	1.0	1.0	2.0	1.0
022	1.0	0.0	1.0	0.0	1.0	2.0	1.0
023	2.0	1.0	2.0	1.0	2.0	4.0	2.0
024	0.0	1.0	0.0	1.0	1.0	2.0	1.0
025	3.0	1.0	3.0	1.0	3.0	6.0	3.0
026	1.0	1.0	0.0	0.0	1.0	2.0	0.0
027	0.0	3.0	0.0	2.0	2.733	6.2669999999999995	2.0
028	3.0	2.0	2.0	2.0	3.333	8.667	3.0
029	0.0	8.0	0.0	6.0	4.332000000000001	16.668	5.0
030	2.0	4.0	2.0	3.0	4.333	10.667	4.0
031	2.0	1.0	2.0	1.0	1.3330000000000002	4.667	2.0
032	0.0	4.0	0.0	4.0	2.0	4.0	2.0
033	1.0	1.0	1.0	1.0	2.0	4.0	2.0
034	2.0	2.0	2.0	1.0	3.0	6.0	2.0
035	1.0	6.0	1.0	4.0	2.9990000000000006	12.001	3.0
036	0.0	2.0	0.0	1.0	0.6660000000000004	5.334	1.0
037	0.0	3.0	0.0	2.0	0.9990000000000006	8.001	2.0
038	2.0	1.0	2.0	1.0	0.9990000000000006	8.001	3.0
039	3.0	4.0	2.0	3.0	5.333	12.667	4.0
040	2.0	2.0	2.0	2.0	1.6680000000000001	4.332	2.0
041	1.0	1.0	1.0	0.0	0.6660000000000004	5.334	1.0
042	3.0	4.0	3.0	3.0	2.6660000000000004	9.334	3.0
043	1.0	4.0	0.0	2.0	1.6680000000000001	4.332	1.0
044	2.0	4.0	1.0	2.0	2.6660000000000004	9.334	2.0
045	1.0	6.0	0.0	1.0	3.6660000000000004	11.334	1.0
046	2.0	5.0	2.0	3.0	3.6660000000000004	11.334	3.0
047	3.0	2.0	1.0	0.0	3.0	6.0	1.0
048	1.0	4.0	1.0	2.0	3.668	8.332	2.0
049	3.0	5.0	1.0	1.0	3.333	8.667	1.0
050	2.0	1.0	2.0	1.0	1.733	4.2669999999999995	2.0
051	2.0	3.0	2.0	0.0	5.0	10.0	2.0
052	2.0	2.0	2.0	2.0	1.6660000000000004	7.334	3.0
053	2.0	0.0	1.0	0.0	2.068	3.932	1.0
054	3.0	0.0	1.0	0.0	3.0	6.0	1.0
055	3.0	2.0	2.0	0.0	4.0	8.0	2.0
056	2.0	0.0	0.0	0.0	0.6660000000000004	5.334	0.0
057	1.0	1.0	0.0	1.0	1.6680000000000001	4.332	1.0
058	1.0	1.0	1.0	1.0	0.6660000000000004	5.334	2.0
059	4.0	1.0	2.0	1.0	4.4	7.6	2.0
060	2.0	0.0	1.0	0.0	2.0	4.0	1.0
061	1.0	1.0	0.0	0.0	1.3360000000000003	4.664	0.0
062	3.0	1.0	3.0	1.0	3.0	6.0	3.0
063	2.0	6.0	2.0	3.0	3.3320000000000007	14.668	3.0
064	1.0	1.0	1.0	1.0	0.6660000000000004	5.334	2.0
065	2.0	0.0	1.0	0.0	2.0	4.0	1.0
066	1.0	2.0	1.0	2.0	1.6680000000000001	4.332	2.0
067	2.0	0.0	0.0	0.0	0.6660000000000004	5.334	0.0
068	1.0	0.0	1.0	0.0	1.0	2.0	1.0
069	2.0	0.0	0.0	0.0	0.6660000000000004	5.334	0.0
070	2.0	0.0	0.0	0.0	2.0	4.0	0.0
071	2.0	0.0	1.0	0.0	2.4	3.6	1.0
072	1.0	0.0	1.0	0.0	1.0	2.0	1.0
073	3.0	0.0	1.0	0.0	2.0040000000000004	6.9959999999999996	1.0
074	0.0	0.0	0.0	0.0	0.0	0.0	0.0
075	0.0	0.0	0.0	0.0	0.0	0.0	0.0
076	2.0	1.0	2.0	1.0	3.0	6.0	3.0
077	0.0	1.0	0.0	1.0	0.3330000000000002	2.667	1.0
078	0.0	1.0	0.0	1.0	1.0	2.0	1.0
079	0.0	1.0	0.0	1.0	0.3330000000000002	2.667	1.0
080	1.0	0.0	1.0	0.0	0.3330000000000002	2.667	1.0
081	0.0	1.0	0.0	1.0	0.3330000000000002	2.667	1.0
082	0.0	2.0	0.0	2.0	0.3330000000000002	2.667	1.0
083	1.0	2.0	1.0	2.0	1.0	2.0	1.0
084	1.0	2.0	1.0	2.0	1.0	2.0	1.0
085	0.0	0.0	0.0	0.0	0.0	0.0	0.0
086	2.0	0.0	0.0	0.0	2.0	4.0	0.0
087	2.0	0.0	2.0	0.0	2.0	4.0	2.0
088	2.0	1.0	0.0	1.0	2.668	6.332	1.0
089	3.0	1.0	2.0	1.0	2.333	6.667	2.0
090	1.0	0.0	1.0	0.0	1.4	1.6	1.0
091	0.0	0.0	0.0	0.0	0.0	0.0	0.0
092	1.0	0.0	1.0	0.0	1.0	2.0	1.0
093	1.0	3.0	1.0	1.0	1.9990000000000006	10.001	2.0
094	0.0	0.0	0.0	0.0	0.0	0.0	0.0
095	0.0	0.0	0.0	0.0	0.0	0.0	0.0
096	1.0	1.0	1.0	1.0	1.0	2.0	1.0
097	2.0	0.0	1.0	0.0	0.6660000000000004	5.334	1.0
098	2.0	0.0	2.0	0.0	2.0	4.0	2.0
099	0.0	0.0	0.0	0.0	0.0	0.0	0.0
100	1.0	2.0	1.0	2.0	1.0	2.0	1.0
101	1.0	1.0	1.0	1.0	1.733	4.2669999999999995	2.0
102	2.0	1.0	1.0	1.0	1.6660000000000004	7.334	2.0
103	1.0	0.0	0.0	0.0	1.0	2.0	0.0
104	0.0	1.0	0.0	1.0	1.0	2.0	1.0
105	0.0	0.0	0.0	0.0	0.0	0.0	0.0
106	1.0	0.0	0.0	0.0	1.0	2.0	0.0
107	2.0	2.0	2.0	2.0	1.3330000000000002	4.667	2.0
108	0.0	0.0	0.0	0.0	0.0	0.0	0.0
109	0.0	1.0	0.0	1.0	1.0	2.0	1.0
110	4.0	1.0	3.0	1.0	2.0010000000000003	6.999	2.0
111	2.0	1.0	1.0	1.0	2.0	4.0	1.0
112	2.0	0.0	0.0	0.0	0.6660000000000004	5.334	0.0
113	1.0	0.0	1.0	0.0	0.3330000000000002	2.667	1.0
114	1.0	0.0	0.0	0.0	1.0	2.0	0.0
115	1.0	1.0	0.0	1.0	2.0	4.0	1.0
116	0.0	0.0	0.0	0.0	0.0	0.0	0.0
117	0.0	0.0	0.0	0.0	0.0	0.0	0.0
118	2.0	0.0	0.0	0.0	2.4	3.6	0.0
119	1.0	0.0	1.0	0.0	1.0	2.0	1.0
120	0.0	0.0	0.0	0.0	0.0	0.0	0.0
121	1.0	0.0	0.0	0.0	0.3330000000000002	2.667	0.0
122	4.0	0.0	1.0	0.0	2.668	6.332	1.0
123	0.0	0.0	0.0	0.0	0.0	0.0	0.0
124	0.0	1.0	0.0	1.0	1.0	2.0	1.0
125	1.0	0.0	1.0	0.0	1.0	2.0	1.0
126	3.0	1.0	1.0	1.0	4.0	8.0	2.0
127	3.0	2.0	2.0	1.0	4.0	8.0	3.0
128	4.0	1.0	2.0	1.0	4.068	7.9319999999999995	2.0
129	1.0	2.0	0.0	0.0	1.6680000000000001	4.332	0.0
130	0.0	3.0	0.0	1.0	1.6660000000000004	7.334	1.0
131	3.0	2.0	0.0	0.0	2.0010000000000003	6.999	0.0
132	1.0	1.0	1.0	0.0	1.3330000000000002	4.667	1.0
133	4.0	2.0	2.0	0.0	2.668	6.332	1.0
134	1.0	4.0	0.0	1.0	1.3340000000000005	10.666	1.0
135	0.0	0.0	0.0	0.0	0.0	0.0	0.0
136	0.0	0.0	0.0	0.0	0.0	0.0	0.0
137	0.0	0.0	0.0	0.0	0.0	0.0	0.0
138	0.0	0.0	0.0	0.0	0.0	0.0	0.0
139	0.0	0.0	0.0	0.0	0.0	0.0	0.0
140	0.0	0.0	0.0	0.0	0.0	0.0	0.0
141	0.0	0.0	0.0	0.0	0.0	0.0	0.0
142	0.0	0.0	0.0	0.0	0.0	0.0	0.0
143	1.0	2.0	0.0	0.0	1.0	2.0	0.0
144	1.0	3.0	1.0	3.0	1.6680000000000001	4.332	2.0
145	2.0	2.0	1.0	0.0	1.3330000000000002	4.667	1.0
146	0.0	2.0	0.0	0.0	1.0	2.0	0.0
147	1.0	1.0	1.0	0.0	0.6660000000000004	5.334	1.0
148	2.0	2.0	1.0	1.0	2.333	6.667	2.0
149	3.0	0.0	2.0	0.0	2.3360000000000003	6.664	2.0
150	3.0	1.0	3.0	1.0	3.0	6.0	3.0
151	1.0	1.0	0.0	0.0	2.0	4.0	0.0
152	3.0	0.0	2.0	0.0	3.4	5.6	2.0
153	3.0	2.0	2.0	0.0	4.0	8.0	2.0
154	1.0	3.0	1.0	0.0	0.6660000000000004	8.334	1.0
155	5.0	2.0	4.0	2.0	5.468	9.532	4.0
156	3.0	3.0	2.0	1.0	3.333	8.667	2.0
157	1.0	1.0	1.0	0.0	0.6660000000000004	5.334	1.0
158	1.0	1.0	1.0	0.0	1.3330000000000002	4.667	1.0
159	2.0	2.0	0.0	0.0	2.0	4.0	0.0
160	2.0	5.0	0.0	3.0	5.333	12.667	2.0
161	1.0	4.0	1.0	2.0	3.668	8.332	2.0
162	0.0	0.0	0.0	0.0	0.0	0.0	0.0
163	0.0	0.0	0.0	0.0	0.0	0.0	0.0
164	0.0	0.0	0.0	0.0	0.0	0.0	0.0
165	0.0	0.0	0.0	0.0	0.0	0.0	0.0
166	0.0	0.0	0.0	0.0	0.0	0.0	0.0
167	0.0	0.0	0.0	0.0	0.0	0.0	0.0
168	0.0	0.0	0.0	0.0	0.0	0.0	0.0
169	2.0	2.0	1.0	0.0	2.333	6.667	1.0
170	2.0	2.0	0.0	0.0	0.3330000000000002	5.667	0.0
171	2.0	1.0	0.0	0.0	3.0	6.0	0.0
172	2.0	1.0	0.0	0.0	2.0	4.0	0.0
173	0.0	0.0	0.0	0.0	0.0	0.0	0.0
174	0.0	0.0	0.0	0.0	0.0	0.0	0.0
175	0.0	0.0	0.0	0.0	0.0	0.0	0.0
176	0.0	0.0	0.0	0.0	0.0	0.0	0.0
177	0.0	0.0	0.0	0.0	0.0	0.0	0.0
178	0.0	0.0	0.0	0.0	0.0	0.0	0.0
179	0.0	0.0	0.0	0.0	0.0	0.0	0.0
180	0.0	0.0	0.0	0.0	0.0	0.0	0.0
181	0.0	0.0	0.0	0.0	0.0	0.0	0.0
182	0.0	0.0	0.0	0.0	0.0	0.0	0.0
183	1.0	2.0	1.0	0.0	1.3330000000000002	4.667	1.0
184	0.0	4.0	0.0	1.0	3.068	8.931999999999999	1.0
185	2.0	2.0	1.0	2.0	2.6660000000000004	9.334	3.0
186	1.0	3.0	0.0	1.0	1.3330000000000002	4.667	1.0
187	2.0	3.0	1.0	1.0	3.333	8.667	2.0
188	1.0	0.0	1.0	0.0	0.3330000000000002	2.667	1.0
189	3.0	1.0	1.0	0.0	1.6660000000000004	7.334	1.0
190	1.0	2.0	0.0	0.0	2.0	4.0	0.0
191	1.0	2.0	0.0	0.0	1.0	2.0	0.0
192	0.0	0.0	0.0	0.0	0.0	0.0	0.0
193	0.0	0.0	0.0	0.0	0.0	0.0	0.0
194	0.0	0.0	0.0	0.0	0.0	0.0	0.0
195	0.0	0.0	0.0	0.0	0.0	0.0	0.0
196	0.0	0.0	0.0	0.0	0.0	0.0	0.0
197	0.0	0.0	0.0	0.0	0.0	0.0	0.0
198	0.0	0.0	0.0	0.0	0.0	0.0	0.0
199	3.0	2.0	1.0	0.0	3.133	5.867	1.0
200	1.0	1.0	0.0	0.0	2.0	4.0	0.0
201	2.0	0.0	1.0	0.0	2.0	4.0	1.0
202	1.0	2.0	1.0	1.0	1.3330000000000002	4.667	1.0
203	1.0	2.0	0.0	0.0	0.3330000000000002	2.667	0.0
204	2.0	2.0	1.0	0.0	2.0	4.0	1.0
205	2.0	2.0	1.0	1.0	2.668	9.332	2.0
206	0.0	1.0	0.0	0.0	0.3330000000000002	2.667	0.0
207	2.0	1.0	1.0	0.0	1.6680000000000001	4.332	1.0
208	0.0	0.0	0.0	0.0	0.0	0.0	0.0
209	0.0	2.0	0.0	0.0	0.3330000000000002	2.667	0.0
210	2.0	0.0	1.0	0.0	2.0	4.0	1.0
211	2.0	1.0	2.0	0.0	2.4010000000000002	6.599	2.0
212	1.0	2.0	0.0	1.0	2.3360000000000003	6.664	1.0
213	0.0	0.0	0.0	0.0	0.0	0.0	0.0
214	1.0	1.0	1.0	0.0	0.6680000000000001	5.332	1.0
215	2.0	2.0	1.0	1.0	1.6680000000000001	4.332	1.0
216	3.0	0.0	2.0	0.0	3.0	6.0	2.0
217	1.0	2.0	0.0	1.0	2.3360000000000003	6.664	1.0
218	2.0	1.0	1.0	0.0	2.0	4.0	1.0
219	1.0	2.0	0.0	0.0	0.3330000000000002	2.667	0.0
220	0.0	1.0	0.0	0.0	0.3330000000000002	2.667	0.0
221	0.0	0.0	0.0	0.0	0.0	0.0	0.0
222	2.0	2.0	1.0	0.0	1.733	4.2669999999999995	1.0
223	0.0	1.0	0.0	0.0	0.3330000000000002	2.667	0.0
224	0.0	2.0	0.0	0.0	1.0010000000000003	4.999	0.0
225	2.0	3.0	1.0	1.0	4.0	8.0	2.0
226	1.0	3.0	1.0	1.0	1.3320000000000007	10.668	2.0
227	2.0	3.0	1.0	0.0	2.6660000000000004	9.334	1.0
228	2.0	2.0	1.0	1.0	2.668	6.332	1.0
229	2.0	4.0	2.0	2.0	3.0	9.0	2.0
230	1.0	4.0	0.0	2.0	2.0	7.0	1.0
231	2.0	4.0	2.0	3.0	4.401	10.599	4.0
232	2.0	5.0	1.0	2.0	2.9990000000000006	12.001	3.0
233	3.0	5.0	2.0	1.0	2.9990000000000006	12.001	2.0
234	2.0	3.0	1.0	0.0	3.333	8.667	1.0
235	3.0	5.0	2.0	4.0	3.6660000000000004	11.334	3.0
236	2.0	5.0	2.0	4.0	3.333	8.667	3.0
237	1.0	6.0	1.0	4.0	1.3340000000000005	7.6659999999999995	2.0
238	1.0	5.0	0.0	3.0	2.333	6.667	2.0
239	3.0	4.0	2.0	2.0	4.4	7.6	2.0
240	2.0	7.0	2.0	5.0	1.9990000000000006	10.001	3.0
241	1.0	6.0	0.0	4.0	3.6670000000000007	14.332999999999998	3.0
242	1.0	3.0	0.0	2.0	0.9990000000000006	8.001	2.0
243	1.0	4.0	1.0	2.0	4.333	10.667	3.0
244	1.0	3.0	1.0	2.0	2.668	6.332	2.0
245	0.0	4.0	0.0	3.0	1.3340000000000005	10.666	3.0
246	1.0	5.0	1.0	4.0	2.0010000000000003	9.998999999999999	3.0
247	2.0	5.0	1.0	4.0	3.333	8.667	3.0
248	2.0	2.0	1.0	1.0	4.0	8.0	2.0
249	2.0	3.0	1.0	2.0	2.333	6.667	1.0
250	0.0	1.0	0.0	1.0	0.3330000000000002	2.667	1.0
251	2.0	3.0	1.0	2.0	2.6660000000000004	9.334	2.0
252	1.0	3.0	0.0	2.0	2.3360000000000003	6.664	1.0
253	2.0	3.0	1.0	1.0	4.0	8.0	1.0
254	1.0	2.0	1.0	0.0	3.0	6.0	1.0
255	0.0	0.0	0.0	0.0	0.0	0.0	0.0
256	0.0	0.0	0.0	0.0	0.0	0.0	0.0
257	0.0	0.0	0.0	0.0	0.0	0.0	0.0
258	0.0	1.0	0.0	0.0	0.3330000000000002	2.667	0.0
259	1.0	0.0	0.0	0.0	0.3330000000000002	2.667	0.0
260	0.0	0.0	0.0	0.0	0.0	0.0	0.0
261	0.0	0.0	0.0	0.0	0.0	0.0	0.0
262	0.0	1.0	0.0	0.0	1.0	2.0	0.0
263	0.0	0.0	0.0	0.0	0.0	0.0	0.0
264	0.0	1.0	0.0	0.0	1.0	2.0	0.0
265	0.0	1.0	0.0	0.0	1.0	2.0	0.0
266	0.0	0.0	0.0	0.0	0.0	0.0	0.0
267	0.0	1.0	0.0	0.0	0.3330000000000002	2.667	0.0
268	1.0	0.0	0.0	0.0	1.0	2.0	0.0
269	0.0	1.0	0.0	0.0	0.3330000000000002	2.667	0.0
270	0.0	0.0	0.0	0.0	0.0	0.0	0.0
271	0.0	0.0	0.0	0.0	0.0	0.0	0.0
272	0.0	0.0	0.0	0.0	0.0	0.0	0.0
273	0.0	1.0	0.0	0.0	0.3330000000000002	2.667	0.0
274	0.0	0.0	0.0	0.0	0.0	0.0	0.0
275	0.0	0.0	0.0	0.0	0.0	0.0	0.0
276	0.0	0.0	0.0	0.0	0.0	0.0	0.0
277	0.0	0.0	0.0	0.0	0.0	0.0	0.0
278	0.0	0.0	0.0	0.0	0.0	0.0	0.0
279	0.0	0.0	0.0	0.0	0.0	0.0	0.0
280	1.0	0.0	0.0	0.0	1.0	2.0	0.0
281	0.0	1.0	0.0	0.0	0.3330000000000002	2.667	0.0
282	0.0	1.0	0.0	0.0	0.6680000000000001	2.332	0.0
283	0.0	0.0	0.0	0.0	0.0	0.0	0.0
284	0.0	0.0	0.0	0.0	0.0	0.0	0.0
285	0.0	1.0	0.0	0.0	1.0	2.0	0.0
286	1.0	0.0	0.0	0.0	0.6680000000000001	2.332	0.0
287	0.0	1.0	0.0	0.0	0.3330000000000002	2.667	0.0
288	0.0	0.0	0.0	0.0	0.0	0.0	0.0
289	0.0	0.0	0.0	0.0	0.0	0.0	0.0
290	2.0	0.0	0.0	0.0	2.068	3.932	0.0
291	0.0	1.0	0.0	0.0	0.3330000000000002	2.667	0.0
292	1.0	1.0	0.0	0.0	1.0010000000000003	4.999	0.0
293	0.0	0.0	0.0	0.0	0.0	0.0	0.0
294	0.0	0.0	0.0	0.0	0.0	0.0	0.0
295	0.0	1.0	0.0	0.0	0.3330000000000002	2.667	0.0
296	0.0	1.0	0.0	0.0	1.0	2.0	0.0
297	0.0	0.0	0.0	0.0	0.0	0.0	0.0
298	0.0	1.0	0.0	0.0	1.0	2.0	0.0
299	0.0	0.0	0.0	0.0	0.0	0.0	0.0
300	0.0	0.0	0.0	0.0	0.0	0.0	0.0
301	0.0	1.0	0.0	0.0	1.0	2.0	0.0
302	0.0	0.0	0.0	0.0	0.0	0.0	0.0
303	0.0	0.0	0.0	0.0	0.0	0.0	0.0
304	1.0	2.0	0.0	0.0	0.3330000000000002	2.667	0.0
305	1.0	1.0	0.0	0.0	1.0010000000000003	4.999	0.0
306	0.0	0.0	0.0	0.0	0.0	0.0	0.0
307	0.0	0.0	0.0	0.0	0.0	0.0	0.0
308	0.0	0.0	0.0	0.0	0.0	0.0	0.0
