all_syn	all_nonSyn	tip_syn	tip_nonSyn	S	N	comparisons
001	0.0	0.0	0.0	0.0	0.0	0.0	0.0
002	0.0	0.0	0.0	0.0	0.0	0.0	0.0
003	0.0	0.0	0.0	0.0	0.0	0.0	0.0
004	0.0	0.0	0.0	0.0	0.0	0.0	0.0
005	0.0	0.0	0.0	0.0	0.0	0.0	0.0
006	0.0	0.0	0.0	0.0	0.0	0.0	0.0
007	2.0	0.0	2.0	0.0	2.0	4.0	2.0
008	2.0	1.0	2.0	0.0	3.0	6.0	2.0
009	0.0	1.0	0.0	0.0	1.0	2.0	0.0
010	3.0	2.0	1.0	1.0	2.9990000000000006	12.001	2.0
011	3.0	2.0	1.0	1.0	1.9990000000000006	10.001	2.0
012	2.0	0.0	1.0	0.0	0.6660000000000004	5.334	1.0
013	1.0	2.0	0.0	1.0	3.0	6.0	1.0
014	2.0	0.0	1.0	0.0	2.0	4.0	1.0
015	2.0	0.0	0.0	0.0	2.4	3.6	0.0
016	1.0	0.0	0.0	0.0	1.0	2.0	0.0
017	2.0	0.0	1.0	0.0	2.0	4.0	1.0
018	3.0	1.0	2.0	0.0	4.0	8.0	2.0
019	3.0	0.0	1.0	0.0	3.0	6.0	1.0
020	0.0	0.0	0.0	0.0	0.0	0.0	0.0
021	0.0	0.0	0.0	0.0	0.0	0.0	0.0
022	2.0	0.0	1.0	0.0	0.6660000000000004	5.334	1.0
023	2.0	1.0	0.0	0.0	2.0040000000000004	6.9959999999999996	0.0
024	1.0	1.0	1.0	0.0	0.6660000000000004	5.334	1.0
025	0.0	2.0	0.0	1.0	1.3330000000000002	4.667	1.0
026	0.0	0.0	0.0	0.0	0.0	0.0	0.0
027	1.0	0.0	1.0	0.0	1.0	2.0	1.0
028	2.0	2.0	1.0	1.0	3.0	6.0	2.0
029	2.0	2.0	1.0	1.0	4.0	8.0	2.0
030	1.0	3.0	1.0	1.0	1.6660000000000004	7.334	2.0
031	0.0	0.0	0.0	0.0	0.0	0.0	0.0
032	2.0	5.0	2.0	2.0	4.066000000000001	10.934	3.0
033	3.0	0.0	2.0	0.0	3.0	6.0	2.0
034	0.0	2.0	0.0	2.0	1.6680000000000001	4.332	2.0
035	3.0	2.0	2.0	1.0	3.333	8.667	2.0
036	2.0	0.0	1.0	0.0	1.6680000000000001	4.332	1.0
037	0.0	0.0	0.0	0.0	0.0	0.0	0.0
038	1.0	1.0	1.0	1.0	0.3330000000000002	2.667	1.0
039	1.0	0.0	0.0	0.0	1.0	2.0	0.0
040	1.0	1.0	1.0	0.0	2.0	4.0	1.0
041	0.0	0.0	0.0	0.0	0.0	0.0	0.0
042	0.0	0.0	0.0	0.0	0.0	0.0	0.0
043	3.0	1.0	2.0	0.0	1.3320000000000007	10.668	2.0
044	1.0	0.0	1.0	0.0	1.0	2.0	1.0
045	2.0	0.0	1.0	0.0	0.6660000000000004	5.334	1.0
046	1.0	0.0	0.0	0.0	0.6680000000000001	2.332	0.0
047	1.0	0.0	1.0	0.0	1.0	2.0	1.0
048	0.0	0.0	0.0	0.0	0.0	0.0	0.0
049	2.0	0.0	1.0	0.0	2.0	4.0	1.0
050	1.0	0.0	1.0	0.0	1.0	2.0	1.0
051	2.0	1.0	2.0	1.0	0.9990000000000006	8.001	3.0
052	2.0	0.0	2.0	0.0	2.0	4.0	2.0
053	0.0	0.0	0.0	0.0	0.0	0.0	0.0
054	0.0	1.0	0.0	1.0	0.0	3.0	1.0
055	1.0	0.0	0.0	0.0	0.3330000000000002	2.667	0.0
056	1.0	0.0	1.0	0.0	1.0	2.0	1.0
057	1.0	0.0	0.0	0.0	0.3330000000000002	2.667	0.0
058	1.0	0.0	0.0	0.0	1.0	2.0	0.0
059	3.0	0.0	3.0	0.0	3.0	6.0	3.0
060	1.0	0.0	1.0	0.0	0.3330000000000002	2.667	1.0
061	0.0	0.0	0.0	0.0	0.0	0.0	0.0
062	1.0	0.0	0.0	0.0	0.3330000000000002	2.667	0.0
063	1.0	0.0	0.0	0.0	1.0	2.0	0.0
064	2.0	2.0	1.0	1.0	1.9990000000000006	10.001	2.0
065	2.0	1.0	1.0	0.0	2.0	4.0	1.0
066	3.0	2.0	2.0	0.0	4.0	8.0	2.0
067	0.0	0.0	0.0	0.0	0.0	0.0	0.0
068	1.0	0.0	1.0	0.0	0.6680000000000001	2.332	1.0
069	1.0	3.0	1.0	2.0	1.0	5.0	1.0
070	3.0	1.0	3.0	0.0	1.3320000000000007	10.668	3.0
071	2.0	1.0	1.0	0.0	2.0	4.0	1.0
072	0.0	0.0	0.0	0.0	0.0	0.0	0.0
073	2.0	2.0	2.0	1.0	1.6660000000000004	7.334	2.0
074	1.0	1.0	1.0	0.0	2.4	3.6	1.0
075	2.0	0.0	1.0	0.0	2.0	4.0	1.0
076	2.0	3.0	2.0	2.0	5.0	10.0	4.0
077	0.0	0.0	0.0	0.0	0.0	0.0	0.0
078	2.0	1.0	1.0	1.0	0.9990000000000006	8.001	2.0
079	1.0	1.0	1.0	0.0	2.0	4.0	1.0
080	2.0	1.0	2.0	0.0	3.0	6.0	2.0
081	0.0	0.0	0.0	0.0	0.0	0.0	0.0
082	1.0	0.0	1.0	0.0	0.3330000000000002	2.667	1.0
083	0.0	0.0	0.0	0.0	0.0	0.0	0.0
084	2.0	0.0	2.0	0.0	0.6660000000000004	5.334	2.0
085	2.0	1.0	2.0	0.0	3.0	6.0	2.0
086	2.0	0.0	0.0	0.0	0.6660000000000004	5.334	0.0
087	1.0	0.0	0.0	0.0	0.3330000000000002	2.667	0.0
088	2.0	0.0	2.0	0.0	2.0	4.0	2.0
089	1.0	0.0	1.0	0.0	0.3330000000000002	2.667	1.0
090	2.0	1.0	1.0	0.0	0.9990000000000006	8.001	1.0
091	2.0	0.0	1.0	0.0	0.6660000000000004	5.334	1.0
092	1.0	0.0	0.0	0.0	0.3330000000000002	2.667	0.0
093	2.0	1.0	1.0	1.0	0.9990000000000006	8.001	2.0
094	2.0	2.0	2.0	2.0	2.0	4.0	2.0
095	1.0	1.0	1.0	1.0	1.0	2.0	1.0
096	1.0	3.0	0.0	1.0	1.3330000000000002	4.667	1.0
097	3.0	0.0	1.0	0.0	3.0	6.0	1.0
098	2.0	1.0	1.0	1.0	2.333	6.667	2.0
099	0.0	2.0	0.0	1.0	1.3330000000000002	4.667	1.0
100	2.0	2.0	1.0	1.0	1.9990000000000006	10.001	2.0
101	2.0	2.0	2.0	2.0	2.0	4.0	2.0
102	0.0	0.0	0.0	0.0	0.0	0.0	0.0
103	0.0	0.0	0.0	0.0	0.0	0.0	0.0
104	0.0	0.0	0.0	0.0	0.0	0.0	0.0
105	0.0	0.0	0.0	0.0	0.0	0.0	0.0
106	2.0	0.0	1.0	0.0	2.0	4.0	1.0
107	0.0	0.0	0.0	0.0	0.0	0.0	0.0
108	2.0	0.0	2.0	0.0	2.0	4.0	2.0
109	1.0	2.0	1.0	2.0	2.0	4.0	2.0
110	1.0	2.0	0.0	2.0	2.333	6.667	2.0
111	1.0	0.0	0.0	0.0	1.0	2.0	0.0
112	1.0	0.0	1.0	0.0	1.0	2.0	1.0
113	0.0	0.0	0.0	0.0	0.0	0.0	0.0
114	0.0	1.0	0.0	1.0	1.0	2.0	1.0
115	1.0	0.0	1.0	0.0	1.0	2.0	1.0
116	2.0	2.0	1.0	1.0	2.333	6.667	2.0
117	0.0	1.0	0.0	0.0	1.0	2.0	0.0
118	1.0	0.0	1.0	0.0	1.0	2.0	1.0
119	2.0	0.0	1.0	0.0	2.0	4.0	1.0
120	1.0	1.0	1.0	0.0	0.6660000000000004	5.334	1.0
121	2.0	6.0	0.0	3.0	2.9990000000000006	15.001	3.0
122	0.0	1.0	0.0	0.0	1.0	2.0	0.0
123	1.0	2.0	1.0	0.0	3.0	6.0	1.0
124	3.0	4.0	3.0	3.0	5.0	10.0	4.0
125	3.0	3.0	3.0	2.0	4.668	10.332	4.0
126	3.0	2.0	1.0	0.0	4.0	8.0	1.0
127	0.0	3.0	0.0	1.0	0.9990000000000006	8.001	1.0
128	1.0	1.0	0.0	0.0	0.6680000000000001	2.332	0.0
129	0.0	4.0	0.0	3.0	4.0	8.0	3.0
130	1.0	0.0	0.0	0.0	1.0	2.0	0.0
131	0.0	1.0	0.0	1.0	0.3330000000000002	2.667	1.0
132	0.0	0.0	0.0	0.0	0.0	0.0	0.0
133	2.0	0.0	2.0	0.0	0.6660000000000004	5.334	2.0
134	1.0	2.0	0.0	2.0	1.3330000000000002	4.667	1.0
135	1.0	1.0	0.0	0.0	1.0010000000000003	4.999	0.0
136	3.0	0.0	1.0	0.0	3.0	6.0	1.0
137	1.0	2.0	1.0	2.0	1.3340000000000005	7.6659999999999995	3.0
138	1.0	4.0	1.0	2.0	2.668	9.332	2.0
139	1.0	3.0	0.0	3.0	2.333	6.667	2.0
140	4.0	0.0	2.0	0.0	2.0040000000000004	6.9959999999999996	2.0
141	1.0	0.0	0.0	0.0	0.3330000000000002	2.667	0.0
142	2.0	0.0	1.0	0.0	2.0	4.0	1.0
143	1.0	0.0	0.0	0.0	1.0	2.0	0.0
144	1.0	0.0	1.0	0.0	0.3330000000000002	2.667	1.0
145	3.0	0.0	1.0	0.0	3.0	6.0	1.0
146	0.0	0.0	0.0	0.0	0.0	0.0	0.0
147	1.0	2.0	1.0	1.0	1.3330000000000002	4.667	1.0
148	0.0	1.0	0.0	0.0	0.0	3.0	0.0
149	1.0	1.0	1.0	0.0	2.0	4.0	1.0
150	0.0	1.0	0.0	0.0	0.3330000000000002	2.667	0.0
151	1.0	3.0	1.0	3.0	2.0	4.0	2.0
152	2.0	0.0	1.0	0.0	2.0	4.0	1.0
153	1.0	0.0	0.0	0.0	0.3330000000000002	2.667	0.0
154	4.0	0.0	2.0	0.0	4.0	8.0	2.0
155	0.0	1.0	0.0	0.0	0.0	3.0	0.0
156	2.0	0.0	2.0	0.0	2.0	4.0	2.0
157	4.0	2.0	3.0	1.0	4.0	8.0	3.0
158	0.0	1.0	0.0	1.0	0.3330000000000002	2.667	1.0
159	2.0	1.0	2.0	1.0	1.6660000000000004	7.334	3.0
160	3.0	2.0	3.0	1.0	4.0	8.0	3.0
161	1.0	1.0	0.0	1.0	2.0	4.0	1.0
162	1.0	2.0	1.0	1.0	3.0	6.0	2.0
163	0.0	1.0	0.0	0.0	0.0	3.0	0.0
164	2.0	1.0	0.0	0.0	0.9990000000000006	8.001	0.0
165	1.0	1.0	1.0	0.0	0.6660000000000004	5.334	1.0
166	0.0	1.0	0.0	1.0	1.0	2.0	1.0
167	1.0	0.0	1.0	0.0	0.3330000000000002	2.667	1.0
168	0.0	0.0	0.0	0.0	0.0	0.0	0.0
169	2.0	0.0	1.0	0.0	0.6660000000000004	5.334	1.0
170	2.0	1.0	1.0	1.0	3.0	6.0	2.0
171	1.0	0.0	0.0	0.0	1.0	2.0	0.0
172	0.0	0.0	0.0	0.0	0.0	0.0	0.0
173	3.0	4.0	3.0	3.0	4.068	7.932	3.0
174	0.0	4.0	0.0	2.0	3.068	8.932	2.0
175	1.0	2.0	1.0	2.0	2.0	4.0	2.0
176	2.0	2.0	1.0	2.0	2.0	7.0	2.0
177	0.0	2.0	0.0	1.0	0.6660000000000004	5.334	1.0
178	2.0	0.0	1.0	0.0	0.6660000000000004	5.334	1.0
179	0.0	1.0	0.0	1.0	1.0	2.0	1.0
180	0.0	1.0	0.0	1.0	0.3330000000000002	2.667	1.0
181	0.0	4.0	0.0	3.0	1.3320000000000007	10.668	3.0
182	1.0	1.0	1.0	0.0	2.0	4.0	1.0
183	1.0	4.0	1.0	3.0	2.3360000000000003	6.664	2.0
184	0.0	0.0	0.0	0.0	0.0	0.0	0.0
185	1.0	4.0	1.0	3.0	2.0010000000000003	6.999	2.0
186	3.0	3.0	2.0	1.0	5.333	12.667	3.0
187	4.0	4.0	2.0	2.0	2.9990000000000006	12.001	3.0
188	2.0	4.0	1.0	0.0	3.4010000000000002	8.599	1.0
189	2.0	1.0	2.0	1.0	1.3330000000000002	4.667	2.0
190	2.0	4.0	2.0	2.0	2.3320000000000007	12.668	3.0
191	2.0	2.0	2.0	1.0	3.0	6.0	2.0
192	1.0	1.0	0.0	0.0	1.0	2.0	0.0
193	1.0	2.0	1.0	1.0	2.0	4.0	1.0
194	2.0	1.0	1.0	1.0	2.333	6.667	2.0
195	3.0	1.0	1.0	0.0	4.0	8.0	1.0
196	2.0	0.0	0.0	0.0	0.6660000000000004	5.334	0.0
197	2.0	0.0	1.0	0.0	2.0	4.0	1.0
198	3.0	1.0	2.0	1.0	4.0	8.0	3.0
199	3.0	0.0	3.0	0.0	2.668	6.332	3.0
200	0.0	0.0	0.0	0.0	0.0	0.0	0.0
201	1.0	0.0	1.0	0.0	0.3330000000000002	2.667	1.0
202	0.0	0.0	0.0	0.0	0.0	0.0	0.0
203	1.0	0.0	1.0	0.0	0.6680000000000001	2.332	1.0
204	2.0	3.0	1.0	3.0	1.9990000000000006	10.001	3.0
205	0.0	0.0	0.0	0.0	0.0	0.0	0.0
206	1.0	0.0	1.0	0.0	1.0	2.0	1.0
207	1.0	2.0	0.0	1.0	0.9990000000000006	8.001	1.0
208	2.0	0.0	0.0	0.0	0.6660000000000004	5.334	0.0
209	2.0	2.0	1.0	2.0	3.3360000000000003	8.664	3.0
210	0.0	0.0	0.0	0.0	0.0	0.0	0.0
211	1.0	0.0	1.0	0.0	1.0	2.0	1.0
212	0.0	1.0	0.0	0.0	0.3330000000000002	2.667	0.0
213	3.0	3.0	1.0	2.0	4.0	8.0	2.0
214	1.0	1.0	1.0	0.0	2.0	4.0	1.0
215	2.0	2.0	0.0	2.0	1.9990000000000006	10.001	2.0
216	2.0	1.0	1.0	1.0	2.333	6.667	2.0
217	0.0	1.0	0.0	1.0	1.0	2.0	1.0
218	1.0	1.0	1.0	0.0	2.0	4.0	1.0
219	2.0	0.0	1.0	0.0	1.3360000000000003	4.664	1.0
220	1.0	0.0	1.0	0.0	1.0	2.0	1.0
221	2.0	0.0	1.0	0.0	2.0	4.0	1.0
222	1.0	0.0	0.0	0.0	0.6680000000000001	2.332	0.0
223	3.0	0.0	3.0	0.0	3.0	6.0	3.0
224	2.0	2.0	1.0	2.0	3.0	6.0	2.0
225	2.0	0.0	0.0	0.0	0.6660000000000004	5.334	0.0
226	1.0	0.0	1.0	0.0	0.3330000000000002	2.667	1.0
227	2.0	0.0	2.0	0.0	1.6680000000000001	4.332	2.0
228	0.0	1.0	0.0	1.0	1.4	1.6	1.0
229	1.0	1.0	1.0	0.0	1.3330000000000002	4.667	1.0
230	1.0	0.0	1.0	0.0	1.0	2.0	1.0
231	3.0	0.0	0.0	0.0	0.9990000000000006	8.001	0.0
232	0.0	1.0	0.0	1.0	1.0	2.0	1.0
233	2.0	0.0	2.0	0.0	0.6660000000000004	5.334	2.0
234	2.0	0.0	1.0	0.0	2.0	4.0	1.0
235	2.0	1.0	1.0	1.0	3.0	6.0	2.0
236	2.0	3.0	1.0	3.0	4.0	8.0	3.0
237	1.0	0.0	1.0	0.0	1.0	2.0	1.0
238	1.0	0.0	0.0	0.0	1.0	2.0	0.0
239	1.0	0.0	1.0	0.0	0.3330000000000002	2.667	1.0
240	1.0	0.0	0.0	0.0	0.3330000000000002	2.667	0.0
241	2.0	0.0	1.0	0.0	2.0	4.0	1.0
242	1.0	0.0	1.0	0.0	1.0	2.0	1.0
243	2.0	0.0	2.0	0.0	0.6660000000000004	5.334	2.0
244	2.0	0.0	2.0	0.0	0.6680000000000001	2.332	1.0
245	1.0	0.0	1.0	0.0	1.0	2.0	1.0
246	4.0	0.0	2.0	0.0	4.0	8.0	2.0
247	2.0	0.0	0.0	0.0	0.6660000000000004	5.334	0.0
248	2.0	1.0	1.0	1.0	3.0	6.0	2.0
249	2.0	0.0	2.0	0.0	2.0	4.0	2.0
250	1.0	1.0	1.0	0.0	1.3360000000000003	4.664	1.0
251	3.0	0.0	2.0	0.0	3.0	6.0	2.0
252	1.0	2.0	1.0	1.0	2.668	6.332	2.0
253	1.0	4.0	0.0	2.0	0.9990000000000006	8.001	1.0
254	1.0	0.0	1.0	0.0	1.0	2.0	1.0
255	2.0	0.0	1.0	0.0	2.0	4.0	1.0
256	0.0	0.0	0.0	0.0	0.0	0.0	0.0
257	0.0	0.0	0.0	0.0	0.0	0.0	0.0
258	2.0	0.0	1.0	0.0	2.0	4.0	1.0
259	2.0	3.0	1.0	0.0	3.0	6.0	1.0
260	1.0	3.0	1.0	2.0	2.333	6.667	2.0
261	3.0	1.0	0.0	1.0	4.0	8.0	1.0
262	2.0	4.0	2.0	4.0	1.6660000000000004	7.334	3.0
263	2.0	4.0	1.0	3.0	4.0	11.0	3.0
264	3.0	2.0	1.0	2.0	2.3340000000000005	9.666	3.0
265	3.0	2.0	1.0	2.0	4.0	8.0	2.0
266	2.0	2.0	0.0	2.0	4.4	7.6	2.0
267	3.0	1.0	3.0	1.0	3.333	8.667	4.0
268	0.0	2.0	0.0	2.0	1.0010000000000003	4.999	2.0
269	1.0	1.0	1.0	0.0	0.6660000000000004	5.334	1.0
270	2.0	3.0	1.0	1.0	3.6720000000000006	11.328	2.0
271	1.0	5.0	1.0	4.0	3.333	8.667	3.0
272	0.0	2.0	0.0	2.0	1.3330000000000002	4.667	2.0
273	2.0	1.0	2.0	1.0	1.6660000000000004	7.334	3.0
274	3.0	6.0	2.0	4.0	5.068	9.931999999999999	3.0
275	2.0	5.0	2.0	1.0	3.000000000000001	15.0	2.0
276	4.0	5.0	2.0	4.0	6.7330000000000005	14.267	5.0
277	2.0	4.0	1.0	2.0	4.0	8.0	2.0
278	2.0	5.0	0.0	3.0	3.6660000000000004	11.334	2.0
279	1.0	3.0	1.0	2.0	2.668	6.332	2.0
280	0.0	0.0	0.0	0.0	0.0	0.0	0.0
281	2.0	4.0	1.0	3.0	4.066000000000001	10.934	3.0
282	0.0	3.0	0.0	1.0	0.9990000000000006	8.001	1.0
283	2.0	2.0	0.0	0.0	0.6660000000000004	5.334	0.0
284	1.0	1.0	0.0	1.0	0.6660000000000004	5.334	1.0
285	3.0	4.0	2.0	2.0	2.6660000000000004	9.334	2.0
286	1.0	2.0	1.0	2.0	2.0	4.0	2.0
287	0.0	1.0	0.0	1.0	0.0	3.0	1.0
288	1.0	3.0	0.0	3.0	0.9990000000000006	8.001	2.0
289	2.0	1.0	1.0	1.0	0.9990000000000006	8.001	2.0
290	1.0	1.0	0.0	0.0	2.0	4.0	0.0
291	1.0	1.0	0.0	1.0	1.3330000000000002	4.667	1.0
292	2.0	1.0	1.0	0.0	3.0	6.0	1.0
293	1.0	3.0	1.0	0.0	3.0	9.0	1.0
294	1.0	5.0	1.0	2.0	3.668	8.332	2.0
295	0.0	2.0	0.0	1.0	2.0	4.0	1.0
296	1.0	1.0	1.0	1.0	0.3330000000000002	2.667	1.0
297	1.0	2.0	0.0	2.0	0.6660000000000004	5.334	1.0
298	1.0	1.0	1.0	0.0	0.6660000000000004	5.334	1.0
299	1.0	3.0	0.0	2.0	1.9990000000000006	10.001	2.0
300	1.0	0.0	0.0	0.0	1.0	2.0	0.0
301	1.0	1.0	1.0	1.0	0.3330000000000002	2.667	1.0
302	0.0	2.0	0.0	1.0	1.3330000000000002	4.667	1.0
303	2.0	0.0	1.0	0.0	2.0	4.0	1.0
304	2.0	1.0	1.0	1.0	3.0	6.0	2.0
305	1.0	2.0	1.0	2.0	1.3340000000000005	7.6659999999999995	3.0
306	1.0	0.0	1.0	0.0	1.0	2.0	1.0
307	1.0	0.0	1.0	0.0	1.0	2.0	1.0
308	2.0	0.0	1.0	0.0	0.6660000000000004	5.334	1.0
309	2.0	1.0	1.0	1.0	2.333	6.667	2.0
310	1.0	0.0	1.0	0.0	1.0	2.0	1.0
311	2.0	4.0	1.0	2.0	2.6660000000000004	9.334	2.0
312	0.0	3.0	0.0	3.0	3.0	6.0	3.0
313	1.0	3.0	0.0	2.0	2.733	6.2669999999999995	2.0
314	2.0	2.0	2.0	1.0	1.6660000000000004	7.334	2.0
315	1.0	0.0	1.0	0.0	0.3330000000000002	2.667	1.0
316	2.0	0.0	1.0	0.0	2.0	4.0	1.0
317	1.0	0.0	0.0	0.0	0.3330000000000002	2.667	0.0
318	2.0	0.0	1.0	0.0	2.0	4.0	1.0
319	2.0	1.0	2.0	0.0	3.4	5.6	2.0
320	1.0	0.0	1.0	0.0	0.3330000000000002	2.667	1.0
321	2.0	0.0	2.0	0.0	2.0	4.0	2.0
322	2.0	0.0	1.0	0.0	2.0	4.0	1.0
323	3.0	0.0	2.0	0.0	3.0	6.0	2.0
324	1.0	0.0	1.0	0.0	1.0	2.0	1.0
325	2.0	0.0	1.0	0.0	2.0	4.0	1.0
326	2.0	3.0	2.0	2.0	1.6660000000000004	7.334	2.0
327	2.0	0.0	2.0	0.0	2.0	4.0	2.0
328	1.0	3.0	0.0	2.0	0.9990000000000006	8.001	1.0
329	2.0	2.0	1.0	2.0	2.668	6.332	2.0
330	2.0	2.0	1.0	1.0	0.6660000000000004	8.334	1.0
331	1.0	4.0	1.0	1.0	3.0020000000000007	11.998	2.0
332	3.0	2.0	1.0	2.0	3.668	8.332	2.0
333	2.0	1.0	2.0	1.0	0.9990000000000006	8.001	3.0
334	3.0	0.0	2.0	0.0	3.0	6.0	2.0
335	1.0	0.0	0.0	0.0	1.0	2.0	0.0
336	1.0	1.0	1.0	1.0	1.733	4.2669999999999995	2.0
337	2.0	0.0	1.0	0.0	2.0	4.0	1.0
338	1.0	0.0	0.0	0.0	0.3330000000000002	2.667	0.0
339	2.0	0.0	2.0	0.0	0.6660000000000004	5.334	2.0
340	0.0	4.0	0.0	2.0	1.6660000000000004	7.334	2.0
341	2.0	0.0	1.0	0.0	2.0	4.0	1.0
342	2.0	0.0	1.0	0.0	2.4	3.6	1.0
343	2.0	1.0	2.0	0.0	0.9990000000000006	8.001	2.0
344	0.0	3.0	0.0	1.0	2.0010000000000003	6.999	1.0
345	3.0	0.0	1.0	0.0	3.8	5.2	1.0
346	3.0	0.0	2.0	0.0	0.9990000000000006	8.001	2.0
347	3.0	0.0	1.0	0.0	0.9990000000000006	8.001	1.0
348	2.0	0.0	1.0	0.0	2.0	4.0	1.0
349	2.0	0.0	0.0	0.0	2.0	4.0	0.0
350	2.0	0.0	1.0	0.0	0.6660000000000004	5.334	1.0
351	2.0	0.0	1.0	0.0	2.0	4.0	1.0
352	2.0	0.0	2.0	0.0	2.0	4.0	2.0
353	3.0	1.0	2.0	1.0	4.0	8.0	3.0
354	2.0	0.0	1.0	0.0	2.0	4.0	1.0
355	1.0	1.0	0.0	0.0	0.6660000000000004	5.334	0.0
356	2.0	1.0	2.0	1.0	0.9990000000000006	8.001	3.0
357	2.0	0.0	2.0	0.0	0.6660000000000004	5.334	2.0
358	1.0	0.0	1.0	0.0	0.3330000000000002	2.667	1.0
359	2.0	0.0	2.0	0.0	0.6660000000000004	5.334	2.0
360	1.0	1.0	0.0	1.0	0.6660000000000004	5.334	1.0
361	0.0	0.0	0.0	0.0	0.0	0.0	0.0
362	2.0	0.0	1.0	0.0	0.6660000000000004	5.334	1.0
363	1.0	0.0	0.0	0.0	0.3330000000000002	2.667	0.0
364	3.0	0.0	2.0	0.0	3.0	6.0	2.0
365	2.0	4.0	1.0	3.0	4.0	11.0	3.0
366	2.0	0.0	1.0	0.0	0.6660000000000004	5.334	1.0
367	3.0	0.0	3.0	0.0	3.0	6.0	3.0
368	0.0	0.0	0.0	0.0	0.0	0.0	0.0
369	2.0	0.0	1.0	0.0	2.0	4.0	1.0
370	3.0	2.0	3.0	2.0	4.0	8.0	4.0
371	1.0	0.0	0.0	0.0	0.3330000000000002	2.667	0.0
372	2.0	0.0	1.0	0.0	2.4	3.6	1.0
373	1.0	0.0	0.0	0.0	0.3330000000000002	2.667	0.0
374	2.0	2.0	0.0	1.0	4.0	8.0	1.0
375	2.0	0.0	1.0	0.0	2.0	4.0	1.0
376	3.0	1.0	1.0	1.0	3.0	9.0	2.0
377	1.0	0.0	1.0	0.0	0.3330000000000002	2.667	1.0
378	0.0	0.0	0.0	0.0	0.0	0.0	0.0
379	0.0	0.0	0.0	0.0	0.0	0.0	0.0
380	2.0	0.0	1.0	0.0	0.6660000000000004	5.334	1.0
381	2.0	0.0	1.0	0.0	0.6660000000000004	5.334	1.0
382	1.0	2.0	1.0	2.0	2.333	6.667	3.0
383	0.0	2.0	0.0	1.0	1.3360000000000003	4.664	1.0
384	2.0	0.0	1.0	0.0	0.6660000000000004	5.334	1.0
385	1.0	0.0	1.0	0.0	0.3330000000000002	2.667	1.0
386	2.0	2.0	1.0	1.0	2.6660000000000004	9.334	2.0
387	1.0	2.0	1.0	2.0	2.0	4.0	2.0
388	2.0	0.0	2.0	0.0	0.6660000000000004	5.334	2.0
389	3.0	3.0	2.0	1.0	3.6660000000000004	11.334	3.0
390	3.0	3.0	1.0	1.0	5.0	10.0	2.0
391	2.0	2.0	2.0	1.0	3.0	6.0	2.0
392	0.0	3.0	0.0	1.0	2.333	6.667	1.0
393	2.0	1.0	1.0	1.0	2.333	6.667	2.0
394	2.0	2.0	1.0	1.0	3.333	8.667	2.0
395	1.0	5.0	0.0	3.0	4.333	10.667	3.0
396	0.0	3.0	0.0	2.0	2.333	6.667	2.0
397	3.0	1.0	2.0	1.0	2.333	6.667	2.0
398	2.0	1.0	1.0	0.0	1.6660000000000004	7.334	1.0
399	2.0	3.0	2.0	2.0	2.9990000000000006	12.001	4.0
400	2.0	2.0	0.0	1.0	1.6660000000000004	7.334	1.0
401	1.0	0.0	1.0	0.0	0.3330000000000002	2.667	1.0
402	1.0	0.0	1.0	0.0	0.3330000000000002	2.667	1.0
403	3.0	0.0	2.0	0.0	3.0	6.0	2.0
404	1.0	1.0	1.0	1.0	0.0	3.0	1.0
405	1.0	1.0	1.0	0.0	0.6660000000000004	5.334	1.0
406	2.0	0.0	2.0	0.0	0.6660000000000004	5.334	2.0
407	2.0	2.0	1.0	1.0	3.668	8.332	2.0
408	0.0	2.0	0.0	1.0	1.6680000000000001	4.332	1.0
409	4.0	0.0	3.0	0.0	4.0	8.0	3.0
410	1.0	0.0	0.0	0.0	1.0	2.0	0.0
411	2.0	1.0	0.0	0.0	2.0	4.0	0.0
412	4.0	0.0	1.0	0.0	4.0	8.0	1.0
413	2.0	0.0	1.0	0.0	0.6660000000000004	5.334	1.0
414	2.0	1.0	1.0	1.0	3.0	6.0	2.0
415	0.0	0.0	0.0	0.0	0.0	0.0	0.0
416	3.0	1.0	1.0	1.0	4.0	8.0	2.0
417	1.0	3.0	1.0	3.0	3.0	6.0	3.0
418	3.0	0.0	2.0	0.0	3.0	6.0	2.0
419	1.0	2.0	1.0	1.0	2.668	6.332	2.0
420	2.0	2.0	1.0	0.0	4.0	8.0	1.0
421	0.0	1.0	0.0	0.0	0.3330000000000002	2.667	0.0
422	2.0	1.0	2.0	0.0	3.0	6.0	2.0
423	2.0	3.0	2.0	0.0	3.6660000000000004	11.334	2.0
424	1.0	0.0	0.0	0.0	0.3330000000000002	2.667	0.0
425	2.0	4.0	0.0	3.0	2.3360000000000003	9.664	2.0
426	0.0	3.0	0.0	1.0	1.6660000000000004	7.334	1.0
427	3.0	4.0	1.0	3.0	4.332000000000001	16.668	4.0
428	0.0	1.0	0.0	0.0	0.3330000000000002	2.667	0.0
429	2.0	0.0	2.0	0.0	1.3360000000000003	4.664	2.0
430	2.0	2.0	1.0	2.0	1.3320000000000007	10.668	3.0
431	3.0	3.0	1.0	2.0	5.668	12.332	3.0
432	4.0	0.0	4.0	0.0	3.068	5.932	3.0
433	2.0	1.0	1.0	1.0	1.3330000000000002	4.667	1.0
434	2.0	1.0	1.0	1.0	3.0	6.0	2.0
435	2.0	0.0	1.0	0.0	0.6660000000000004	5.334	1.0
436	2.0	1.0	1.0	0.0	2.3360000000000003	6.664	1.0
437	2.0	5.0	1.0	5.0	3.333	8.667	3.0
438	0.0	1.0	0.0	0.0	0.3330000000000002	2.667	0.0
439	2.0	0.0	2.0	0.0	2.4	3.6	2.0
440	1.0	0.0	0.0	0.0	0.3330000000000002	2.667	0.0
441	2.0	0.0	2.0	0.0	2.0	4.0	2.0
442	3.0	2.0	1.0	0.0	3.801	8.199	1.0
443	4.0	2.0	3.0	2.0	4.668	10.332	4.0
444	3.0	0.0	1.0	0.0	3.0	6.0	1.0
445	3.0	1.0	3.0	0.0	4.0	8.0	3.0
446	1.0	6.0	1.0	3.0	4.666	13.334	3.0
447	2.0	3.0	1.0	1.0	3.0	9.0	1.0
448	2.0	1.0	1.0	0.0	2.0	4.0	1.0
449	3.0	1.0	2.0	0.0	4.0	8.0	2.0
450	0.0	0.0	0.0	0.0	0.0	0.0	0.0
451	1.0	0.0	0.0	0.0	0.3330000000000002	2.667	0.0
452	1.0	3.0	1.0	1.0	3.3360000000000003	8.664	2.0
453	2.0	0.0	1.0	0.0	0.6660000000000004	5.334	1.0
454	3.0	0.0	1.0	0.0	3.0	6.0	1.0
455	3.0	0.0	1.0	0.0	3.0	6.0	1.0
456	2.0	0.0	2.0	0.0	0.6660000000000004	5.334	2.0
457	3.0	1.0	3.0	1.0	3.4	8.6	4.0
458	3.0	0.0	1.0	0.0	3.0	6.0	1.0
459	1.0	0.0	0.0	0.0	0.3330000000000002	2.667	0.0
460	2.0	1.0	1.0	1.0	3.0	6.0	2.0
461	3.0	0.0	0.0	0.0	2.068	3.932	0.0
462	1.0	1.0	1.0	1.0	1.0	2.0	1.0
463	5.0	1.0	4.0	1.0	3.0010000000000003	8.998999999999999	3.0
464	1.0	2.0	0.0	2.0	2.668	6.332	2.0
465	0.0	0.0	0.0	0.0	0.0	0.0	0.0
466	2.0	0.0	2.0	0.0	0.6660000000000004	5.334	2.0
467	2.0	0.0	2.0	0.0	0.6660000000000004	5.334	2.0
468	3.0	1.0	2.0	1.0	1.6680000000000001	4.332	1.0
469	2.0	2.0	1.0	1.0	1.3340000000000005	7.6659999999999995	1.0
470	2.0	0.0	1.0	0.0	0.6660000000000004	5.334	1.0
471	1.0	0.0	1.0	0.0	0.3330000000000002	2.667	1.0
472	0.0	0.0	0.0	0.0	0.0	0.0	0.0
473	2.0	3.0	1.0	0.0	4.0	8.0	1.0
474	1.0	2.0	0.0	2.0	0.9990000000000006	8.001	2.0
475	3.0	3.0	3.0	2.0	4.0	8.0	3.0
476	3.0	2.0	1.0	0.0	3.333	8.667	1.0
477	3.0	1.0	1.0	1.0	3.333	8.667	2.0
478	1.0	0.0	1.0	0.0	0.3330000000000002	2.667	1.0
479	2.0	1.0	2.0	0.0	1.6680000000000001	4.332	1.0
480	2.0	0.0	1.0	0.0	0.6660000000000004	5.334	1.0
481	1.0	0.0	0.0	0.0	0.3330000000000002	2.667	0.0
482	0.0	0.0	0.0	0.0	0.0	0.0	0.0
483	4.0	0.0	2.0	0.0	4.0	8.0	2.0
484	2.0	0.0	0.0	0.0	0.6660000000000004	5.334	0.0
485	2.0	1.0	0.0	0.0	2.8	6.199999999999999	0.0
486	0.0	0.0	0.0	0.0	0.0	0.0	0.0
487	0.0	1.0	0.0	1.0	0.3330000000000002	2.667	1.0
488	1.0	0.0	0.0	0.0	1.0	2.0	0.0
489	0.0	4.0	0.0	3.0	1.6660000000000004	10.334	3.0
490	2.0	0.0	1.0	0.0	0.6660000000000004	5.334	1.0
491	2.0	3.0	2.0	2.0	4.0	8.0	3.0
492	1.0	2.0	0.0	2.0	1.6680000000000001	4.332	1.0
493	2.0	2.0	1.0	1.0	3.668	8.332	2.0
494	2.0	3.0	1.0	1.0	3.8	8.2	2.0
495	3.0	1.0	2.0	0.0	3.0040000000000004	8.995999999999999	2.0
496	1.0	1.0	0.0	0.0	2.0	4.0	0.0
497	2.0	0.0	2.0	0.0	0.6660000000000004	5.334	2.0
498	2.0	0.0	2.0	0.0	2.0	4.0	2.0
499	2.0	0.0	1.0	0.0	2.0	4.0	1.0
500	1.0	1.0	0.0	0.0	0.6660000000000004	5.334	0.0
501	1.0	2.0	0.0	0.0	0.3330000000000002	2.667	0.0
502	4.0	1.0	2.0	1.0	4.0	8.0	2.0
503	2.0	1.0	1.0	0.0	0.9990000000000006	8.001	1.0
504	0.0	0.0	0.0	0.0	0.0	0.0	0.0
505	2.0	0.0	1.0	0.0	2.0	4.0	1.0
506	1.0	3.0	0.0	2.0	2.6660000000000004	9.334	2.0
507	5.0	1.0	3.0	1.0	5.0	10.0	3.0
508	2.0	1.0	0.0	1.0	2.668	6.332	1.0
509	2.0	1.0	1.0	0.0	1.6660000000000004	7.334	1.0
510	0.0	0.0	0.0	0.0	0.0	0.0	0.0
511	2.0	1.0	1.0	0.0	0.9990000000000006	8.001	1.0
512	1.0	1.0	1.0	1.0	0.6660000000000004	5.334	2.0
513	0.0	0.0	0.0	0.0	0.0	0.0	0.0
514	2.0	0.0	0.0	0.0	1.6680000000000001	4.332	0.0
515	0.0	1.0	0.0	1.0	1.4	1.6	1.0
516	1.0	0.0	1.0	0.0	1.0	2.0	1.0
517	1.0	0.0	1.0	0.0	0.3330000000000002	2.667	1.0
518	2.0	0.0	2.0	0.0	2.0	4.0	2.0
519	1.0	0.0	1.0	0.0	0.3330000000000002	2.667	1.0
520	3.0	1.0	2.0	0.0	2.6660000000000004	9.334	2.0
521	3.0	2.0	2.0	2.0	4.0	8.0	3.0
522	1.0	4.0	1.0	3.0	1.3330000000000002	7.667	2.0
523	0.0	0.0	0.0	0.0	0.0	0.0	0.0
524	0.0	2.0	0.0	1.0	1.6680000000000001	4.332	1.0
525	1.0	1.0	1.0	1.0	1.6680000000000001	4.332	2.0
526	1.0	1.0	1.0	0.0	0.6660000000000004	5.334	1.0
527	1.0	2.0	1.0	1.0	1.0010000000000003	4.999	1.0
528	3.0	0.0	2.0	0.0	2.668	6.332	2.0
529	2.0	0.0	1.0	0.0	2.4	3.6	1.0
530	1.0	2.0	0.0	0.0	0.3330000000000002	2.667	0.0
531	1.0	0.0	1.0	0.0	0.3330000000000002	2.667	1.0
532	3.0	0.0	1.0	0.0	2.0	4.0	1.0
533	2.0	0.0	2.0	0.0	2.0	4.0	2.0
534	3.0	0.0	2.0	0.0	3.068	5.932	2.0
535	2.0	1.0	1.0	1.0	1.6680000000000001	4.332	1.0
536	4.0	1.0	4.0	1.0	2.333	6.667	3.0
537	2.0	0.0	2.0	0.0	2.0	4.0	2.0
538	3.0	1.0	2.0	0.0	2.6720000000000006	9.328	2.0
539	1.0	0.0	1.0	0.0	1.0	2.0	1.0
540	0.0	2.0	0.0	2.0	1.3360000000000003	4.664	2.0
541	1.0	0.0	1.0	0.0	0.3330000000000002	2.667	1.0
542	2.0	0.0	2.0	0.0	2.0	4.0	2.0
543	2.0	2.0	2.0	1.0	4.0	8.0	3.0
544	2.0	0.0	2.0	0.0	0.6660000000000004	5.334	2.0
545	2.0	0.0	1.0	0.0	2.0	4.0	1.0
546	3.0	0.0	2.0	0.0	2.3360000000000003	6.664	2.0
547	2.0	0.0	0.0	0.0	0.6660000000000004	5.334	0.0
548	2.0	0.0	0.0	0.0	2.0	4.0	0.0
549	2.0	1.0	2.0	0.0	0.9990000000000006	8.001	2.0
550	3.0	0.0	3.0	0.0	3.0	6.0	3.0
551	2.0	0.0	1.0	0.0	2.0	4.0	1.0
552	0.0	1.0	0.0	1.0	0.6680000000000001	2.332	1.0
553	1.0	1.0	0.0	1.0	0.6660000000000004	5.334	1.0
554	1.0	1.0	0.0	1.0	2.0	4.0	1.0
555	1.0	0.0	0.0	0.0	1.0	2.0	0.0
556	1.0	0.0	0.0	0.0	0.3330000000000002	2.667	0.0
557	1.0	2.0	1.0	0.0	2.0	4.0	1.0
558	2.0	3.0	2.0	2.0	2.6660000000000004	9.334	3.0
559	1.0	2.0	1.0	2.0	2.3360000000000003	6.664	3.0
560	1.0	1.0	1.0	0.0	1.733	4.2669999999999995	1.0
561	0.0	5.0	0.0	4.0	3.6660000000000004	11.334	4.0
562	2.0	3.0	0.0	1.0	0.9990000000000006	8.001	1.0
563	3.0	2.0	3.0	2.0	1.733	7.2669999999999995	3.0
564	2.0	1.0	2.0	1.0	1.3330000000000002	4.667	2.0
565	1.0	4.0	1.0	1.0	4.333	10.667	2.0
566	2.0	4.0	2.0	2.0	3.333	8.667	3.0
567	2.0	2.0	2.0	0.0	4.0	8.0	2.0
568	3.0	1.0	2.0	0.0	3.0	6.0	2.0
569	1.0	0.0	0.0	0.0	1.0	2.0	0.0
570	2.0	5.0	1.0	1.0	4.0	8.0	1.0
571	1.0	1.0	1.0	1.0	1.0	2.0	1.0
572	2.0	1.0	1.0	1.0	2.333	6.667	2.0
573	3.0	0.0	2.0	0.0	3.0	6.0	2.0
574	0.0	1.0	0.0	1.0	0.3330000000000002	2.667	1.0
575	2.0	0.0	2.0	0.0	2.0	4.0	2.0
576	2.0	0.0	1.0	0.0	0.6660000000000004	5.334	1.0
577	2.0	3.0	1.0	2.0	2.6690000000000005	9.331	2.0
578	2.0	1.0	2.0	1.0	0.9990000000000006	8.001	3.0
579	1.0	2.0	1.0	0.0	2.333	6.667	1.0
580	1.0	0.0	1.0	0.0	0.3330000000000002	2.667	1.0
581	1.0	2.0	1.0	1.0	2.0	4.0	1.0
582	3.0	3.0	2.0	1.0	2.9990000000000006	12.001	3.0
583	3.0	1.0	1.0	0.0	2.0	4.0	1.0
584	3.0	0.0	3.0	0.0	0.9990000000000006	8.001	3.0
585	1.0	2.0	0.0	2.0	1.733	7.2669999999999995	2.0
586	1.0	0.0	0.0	0.0	1.0	2.0	0.0
587	3.0	2.0	3.0	1.0	3.3360000000000003	8.664	3.0
588	1.0	0.0	0.0	0.0	0.3330000000000002	2.667	0.0
589	2.0	0.0	1.0	0.0	0.6660000000000004	5.334	1.0
590	3.0	1.0	2.0	1.0	4.0	8.0	3.0
591	0.0	0.0	0.0	0.0	0.0	0.0	0.0
592	1.0	1.0	0.0	1.0	1.6680000000000001	4.332	1.0
593	3.0	0.0	2.0	0.0	3.0	6.0	2.0
594	2.0	0.0	1.0	0.0	2.0	4.0	1.0
595	2.0	0.0	2.0	0.0	2.0	4.0	2.0
596	0.0	0.0	0.0	0.0	0.0	0.0	0.0
597	2.0	1.0	2.0	1.0	1.6680000000000001	4.332	2.0
598	0.0	0.0	0.0	0.0	0.0	0.0	0.0
599	1.0	0.0	1.0	0.0	0.3330000000000002	2.667	1.0
600	1.0	0.0	1.0	0.0	0.3330000000000002	2.667	1.0
601	3.0	0.0	1.0	0.0	3.0	6.0	1.0
602	2.0	0.0	2.0	0.0	2.0	4.0	2.0
603	1.0	0.0	1.0	0.0	1.0	2.0	1.0
604	2.0	0.0	1.0	0.0	2.0	4.0	1.0
605	2.0	0.0	1.0	0.0	0.6660000000000004	5.334	1.0
606	4.0	0.0	4.0	0.0	2.0	4.0	2.0
607	2.0	1.0	1.0	0.0	2.0	4.0	1.0
608	2.0	0.0	1.0	0.0	2.0	4.0	1.0
609	3.0	0.0	2.0	0.0	3.0	6.0	2.0
610	1.0	0.0	1.0	0.0	0.3330000000000002	2.667	1.0
611	0.0	0.0	0.0	0.0	0.0	0.0	0.0
612	1.0	2.0	1.0	1.0	1.6680000000000001	4.332	1.0
613	3.0	0.0	2.0	0.0	3.0	6.0	2.0
614	2.0	0.0	0.0	0.0	2.0	4.0	0.0
615	2.0	0.0	2.0	0.0	2.0	4.0	2.0
616	1.0	6.0	1.0	3.0	4.336	13.664000000000001	3.0
617	0.0	0.0	0.0	0.0	0.0	0.0	0.0
618	1.0	0.0	1.0	0.0	0.3330000000000002	2.667	1.0
619	3.0	0.0	3.0	0.0	3.0	6.0	3.0
620	3.0	1.0	3.0	1.0	3.0	6.0	3.0
621	2.0	0.0	1.0	0.0	0.6660000000000004	5.334	1.0
622	0.0	0.0	0.0	0.0	0.0	0.0	0.0
623	2.0	1.0	2.0	0.0	0.9990000000000006	8.001	2.0
624	4.0	0.0	2.0	0.0	4.0	8.0	2.0
625	1.0	1.0	1.0	1.0	1.6680000000000001	4.332	2.0
626	1.0	1.0	0.0	1.0	1.6680000000000001	4.332	1.0
627	0.0	0.0	0.0	0.0	0.0	0.0	0.0
628	2.0	0.0	1.0	0.0	2.0	4.0	1.0
629	3.0	1.0	3.0	0.0	4.0	8.0	3.0
630	2.0	0.0	2.0	0.0	2.0	4.0	2.0
631	1.0	1.0	0.0	0.0	0.6660000000000004	5.334	0.0
632	1.0	1.0	1.0	1.0	2.0	4.0	2.0
633	4.0	0.0	1.0	0.0	3.0	6.0	1.0
634	3.0	0.0	2.0	0.0	3.4	5.6	2.0
635	1.0	0.0	1.0	0.0	0.3330000000000002	2.667	1.0
636	1.0	0.0	1.0	0.0	0.6680000000000001	2.332	1.0
637	3.0	0.0	3.0	0.0	3.0	6.0	3.0
638	2.0	0.0	2.0	0.0	0.6660000000000004	5.334	2.0
639	4.0	1.0	3.0	0.0	5.0	10.0	3.0
640	1.0	1.0	1.0	1.0	0.6660000000000004	5.334	2.0
641	2.0	0.0	2.0	0.0	2.0	4.0	2.0
642	3.0	0.0	3.0	0.0	0.9990000000000006	8.001	3.0
643	1.0	0.0	0.0	0.0	1.4	1.6	0.0
644	2.0	0.0	1.0	0.0	0.6660000000000004	5.334	1.0
645	1.0	0.0	0.0	0.0	0.3330000000000002	2.667	0.0
646	0.0	2.0	0.0	1.0	0.6680000000000001	5.332	1.0
647	1.0	2.0	0.0	0.0	2.333	6.667	0.0
648	3.0	2.0	2.0	2.0	3.0	9.0	3.0
649	2.0	2.0	2.0	1.0	0.9990000000000006	8.001	2.0
650	1.0	1.0	1.0	0.0	0.6660000000000004	5.334	1.0
651	1.0	5.0	0.0	2.0	1.9990000000000006	10.001	2.0
652	2.0	0.0	2.0	0.0	2.0	4.0	2.0
653	0.0	0.0	0.0	0.0	0.0	0.0	0.0
654	1.0	2.0	0.0	1.0	1.3330000000000002	4.667	1.0
655	0.0	0.0	0.0	0.0	0.0	0.0	0.0
656	1.0	0.0	0.0	0.0	0.3330000000000002	2.667	0.0
657	4.0	0.0	3.0	0.0	3.668	8.332	3.0
658	2.0	0.0	1.0	0.0	2.4	3.6	1.0
659	2.0	0.0	0.0	0.0	2.0	4.0	0.0
660	3.0	0.0	3.0	0.0	0.9990000000000006	8.001	3.0
661	1.0	5.0	1.0	3.0	3.0010000000000003	11.999	3.0
662	1.0	2.0	1.0	1.0	1.3330000000000002	4.667	1.0
663	3.0	0.0	2.0	0.0	3.0	6.0	2.0
664	1.0	2.0	1.0	2.0	1.6680000000000001	4.332	2.0
665	3.0	0.0	2.0	0.0	0.9990000000000006	8.001	2.0
666	2.0	0.0	2.0	0.0	2.0	4.0	2.0
667	1.0	1.0	1.0	0.0	0.6660000000000004	5.334	1.0
668	2.0	3.0	0.0	2.0	4.001	10.999	2.0
669	1.0	3.0	0.0	2.0	0.9990000000000006	8.001	2.0
670	3.0	2.0	1.0	2.0	3.333	8.667	2.0
671	1.0	1.0	1.0	1.0	2.0	4.0	2.0
672	1.0	0.0	1.0	0.0	0.3330000000000002	2.667	1.0
673	1.0	3.0	1.0	0.0	2.333	6.667	1.0
674	3.0	0.0	1.0	0.0	3.0	6.0	1.0
675	2.0	0.0	1.0	0.0	2.0	4.0	1.0
676	1.0	0.0	1.0	0.0	0.3330000000000002	2.667	1.0
677	4.0	0.0	3.0	0.0	4.0	8.0	3.0
678	2.0	0.0	1.0	0.0	0.6660000000000004	5.334	1.0
679	2.0	0.0	1.0	0.0	2.0	4.0	1.0
680	1.0	1.0	0.0	0.0	2.0	4.0	0.0
681	2.0	0.0	2.0	0.0	0.6660000000000004	5.334	2.0
682	1.0	1.0	1.0	0.0	0.6660000000000004	5.334	1.0
683	1.0	1.0	0.0	0.0	0.3330000000000002	2.667	0.0
684	0.0	0.0	0.0	0.0	0.0	0.0	0.0
685	3.0	3.0	2.0	1.0	4.0	11.0	3.0
686	0.0	2.0	0.0	1.0	0.3330000000000002	5.667	1.0
687	2.0	1.0	2.0	0.0	0.9990000000000006	8.001	2.0
688	1.0	1.0	0.0	0.0	0.6660000000000004	5.334	0.0
689	1.0	2.0	1.0	1.0	0.9990000000000006	8.001	2.0
690	4.0	0.0	3.0	0.0	3.068	5.932	2.0
691	1.0	0.0	1.0	0.0	0.3330000000000002	2.667	1.0
692	1.0	1.0	1.0	1.0	1.3330000000000002	4.667	2.0
693	1.0	3.0	1.0	1.0	4.0	8.0	2.0
694	2.0	3.0	1.0	0.0	4.0	8.0	1.0
695	3.0	0.0	3.0	0.0	0.9990000000000006	8.001	3.0
696	2.0	1.0	1.0	1.0	3.0	6.0	2.0
697	1.0	0.0	1.0	0.0	0.3330000000000002	2.667	1.0
698	2.0	1.0	0.0	0.0	3.0	6.0	0.0
699	1.0	0.0	0.0	0.0	1.0	2.0	0.0
700	3.0	0.0	3.0	0.0	2.3360000000000003	6.664	3.0
701	2.0	1.0	1.0	0.0	0.9990000000000006	8.001	1.0
702	3.0	1.0	2.0	1.0	2.0040000000000004	9.995999999999999	3.0
703	1.0	0.0	1.0	0.0	1.0	2.0	1.0
704	2.0	1.0	1.0	1.0	0.9990000000000006	8.001	2.0
705	3.0	2.0	2.0	2.0	3.668	8.332	3.0
706	0.0	0.0	0.0	0.0	0.0	0.0	0.0
707	0.0	0.0	0.0	0.0	0.0	0.0	0.0
708	2.0	2.0	1.0	1.0	3.3360000000000003	8.664	2.0
709	0.0	0.0	0.0	0.0	0.0	0.0	0.0
710	4.0	0.0	3.0	0.0	2.668	6.332	2.0
711	3.0	2.0	2.0	2.0	4.0	11.0	4.0
712	2.0	1.0	1.0	1.0	3.0	6.0	2.0
713	3.0	1.0	2.0	0.0	4.0	8.0	2.0
714	2.0	0.0	2.0	0.0	2.0	4.0	2.0
715	2.0	0.0	1.0	0.0	2.0	4.0	1.0
716	3.0	1.0	3.0	1.0	3.333	8.667	4.0
717	4.0	3.0	2.0	2.0	5.401	12.599	3.0
718	0.0	1.0	0.0	0.0	0.3330000000000002	2.667	0.0
719	0.0	3.0	0.0	1.0	0.9990000000000006	8.001	1.0
720	2.0	2.0	2.0	1.0	2.3360000000000003	6.664	2.0
721	1.0	3.0	1.0	1.0	2.333	6.667	1.0
722	0.0	2.0	0.0	2.0	1.3360000000000003	4.664	2.0
723	1.0	2.0	1.0	1.0	0.9990000000000006	8.001	2.0
724	2.0	1.0	0.0	1.0	3.0	6.0	1.0
725	3.0	0.0	1.0	0.0	3.0	6.0	1.0
726	0.0	1.0	0.0	0.0	0.0	3.0	0.0
727	2.0	0.0	1.0	0.0	2.0	4.0	1.0
728	2.0	0.0	1.0	0.0	2.0	4.0	1.0
729	3.0	1.0	2.0	0.0	4.0	8.0	2.0
730	3.0	0.0	1.0	0.0	0.9990000000000006	8.001	1.0
731	2.0	0.0	1.0	0.0	2.0	4.0	1.0
732	0.0	3.0	0.0	2.0	0.3330000000000002	5.667	1.0
733	1.0	4.0	1.0	3.0	3.668	8.332	3.0
734	2.0	2.0	1.0	2.0	3.333	8.667	3.0
735	2.0	0.0	1.0	0.0	2.0	4.0	1.0
736	3.0	0.0	2.0	0.0	3.0	6.0	2.0
737	1.0	0.0	1.0	0.0	0.3330000000000002	2.667	1.0
738	1.0	0.0	0.0	0.0	1.0	2.0	0.0
739	2.0	0.0	1.0	0.0	2.0	4.0	1.0
740	2.0	4.0	1.0	3.0	4.336	10.664000000000001	3.0
741	0.0	3.0	0.0	1.0	1.0010000000000003	4.999	1.0
742	0.0	0.0	0.0	0.0	0.0	0.0	0.0
743	0.0	0.0	0.0	0.0	0.0	0.0	0.0
744	0.0	0.0	0.0	0.0	0.0	0.0	0.0
745	0.0	0.0	0.0	0.0	0.0	0.0	0.0
746	2.0	1.0	2.0	1.0	2.0010000000000003	6.999	3.0
747	1.0	1.0	0.0	1.0	0.6660000000000004	5.334	1.0
748	3.0	2.0	2.0	0.0	3.668	8.332	2.0
749	1.0	3.0	0.0	1.0	1.3340000000000005	7.6659999999999995	1.0
750	3.0	4.0	3.0	1.0	6.0	12.0	3.0
751	2.0	1.0	1.0	1.0	3.0	6.0	2.0
752	1.0	2.0	0.0	1.0	1.6660000000000004	7.334	1.0
753	3.0	2.0	2.0	1.0	5.0	10.0	3.0
754	4.0	3.0	2.0	3.0	4.668	10.332	3.0
755	2.0	2.0	2.0	1.0	0.9990000000000006	8.001	2.0
756	1.0	2.0	1.0	0.0	1.3360000000000003	4.664	1.0
757	1.0	0.0	1.0	0.0	1.0	2.0	1.0
758	3.0	0.0	2.0	0.0	3.0	6.0	2.0
759	3.0	1.0	1.0	1.0	4.0	8.0	2.0
760	3.0	0.0	2.0	0.0	3.0	6.0	2.0
761	3.0	1.0	1.0	0.0	4.136	7.863999999999999	1.0
762	3.0	0.0	2.0	0.0	3.0	6.0	2.0
763	3.0	0.0	1.0	0.0	3.0	6.0	1.0
764	0.0	2.0	0.0	2.0	2.0	4.0	2.0
765	2.0	1.0	2.0	1.0	2.0	4.0	2.0
766	3.0	2.0	1.0	2.0	5.0	10.0	3.0
767	1.0	0.0	1.0	0.0	1.0	2.0	1.0
768	1.0	6.0	1.0	3.0	2.3320000000000007	12.668	3.0
769	2.0	2.0	1.0	1.0	0.9990000000000006	8.001	2.0
770	2.0	0.0	1.0	0.0	2.0	4.0	1.0
771	2.0	0.0	1.0	0.0	2.0	4.0	1.0
772	3.0	1.0	2.0	0.0	4.0	8.0	2.0
773	1.0	5.0	1.0	4.0	1.6660000000000004	7.334	2.0
774	0.0	0.0	0.0	0.0	0.0	0.0	0.0
775	2.0	2.0	2.0	2.0	2.0010000000000003	6.999	3.0
776	1.0	0.0	0.0	0.0	0.3330000000000002	2.667	0.0
777	2.0	0.0	1.0	0.0	2.0	4.0	1.0
778	3.0	0.0	2.0	0.0	3.0	6.0	2.0
779	2.0	0.0	0.0	0.0	2.0	4.0	0.0
780	2.0	1.0	1.0	1.0	3.0	6.0	2.0
781	2.0	0.0	1.0	0.0	2.0	4.0	1.0
782	3.0	1.0	1.0	0.0	1.9990000000000006	10.001	1.0
783	1.0	0.0	0.0	0.0	1.0	2.0	0.0
784	2.0	0.0	1.0	0.0	0.6660000000000004	5.334	1.0
785	1.0	2.0	0.0	2.0	1.6660000000000004	7.334	2.0
786	1.0	2.0	0.0	1.0	0.6660000000000004	5.334	1.0
787	2.0	5.0	1.0	2.0	5.068	12.931999999999999	3.0
788	3.0	3.0	2.0	2.0	5.0	10.0	3.0
789	2.0	4.0	1.0	4.0	3.0010000000000003	8.998999999999999	3.0
790	0.0	4.0	0.0	1.0	1.9990000000000006	10.001	1.0
791	1.0	4.0	0.0	3.0	4.0040000000000004	10.995999999999999	3.0
792	3.0	1.0	2.0	1.0	3.0	6.0	2.0
793	3.0	3.0	1.0	2.0	3.6660000000000004	11.334	2.0
794	1.0	0.0	1.0	0.0	0.3330000000000002	2.667	1.0
795	2.0	0.0	1.0	0.0	2.0	4.0	1.0
796	3.0	0.0	3.0	0.0	3.0	6.0	3.0
797	0.0	4.0	0.0	3.0	1.6660000000000004	7.334	2.0
798	0.0	2.0	0.0	1.0	0.6680000000000001	5.332	1.0
799	1.0	5.0	1.0	3.0	3.0	12.0	3.0
800	1.0	3.0	1.0	2.0	2.333	6.667	2.0
801	1.0	0.0	0.0	0.0	1.0	2.0	0.0
802	1.0	2.0	0.0	2.0	2.0	4.0	1.0
803	1.0	2.0	0.0	1.0	2.0	4.0	1.0
804	0.0	2.0	0.0	2.0	0.3330000000000002	2.667	1.0
805	1.0	1.0	0.0	1.0	2.0	4.0	1.0
806	1.0	1.0	0.0	0.0	0.0	3.0	0.0
807	1.0	1.0	0.0	0.0	1.0	2.0	0.0
808	0.0	3.0	0.0	1.0	1.3330000000000002	4.667	1.0
809	3.0	1.0	2.0	1.0	3.0	6.0	2.0
810	0.0	2.0	0.0	2.0	0.3330000000000002	2.667	1.0
811	1.0	0.0	1.0	0.0	0.3330000000000002	2.667	1.0
812	3.0	0.0	2.0	0.0	2.668	6.332	2.0
813	2.0	2.0	2.0	2.0	1.6660000000000004	7.334	3.0
814	3.0	0.0	1.0	0.0	2.668	6.332	1.0
815	2.0	0.0	2.0	0.0	2.0	4.0	2.0
816	4.0	1.0	4.0	0.0	5.0	10.0	4.0
817	3.0	0.0	1.0	0.0	3.0	6.0	1.0
818	3.0	0.0	2.0	0.0	3.0	6.0	2.0
819	2.0	0.0	2.0	0.0	0.6660000000000004	5.334	2.0
820	3.0	0.0	2.0	0.0	3.0	6.0	2.0
821	1.0	0.0	0.0	0.0	1.0	2.0	0.0
822	2.0	3.0	0.0	1.0	4.001	10.999	1.0
823	2.0	1.0	1.0	0.0	0.6660000000000004	5.334	1.0
824	2.0	0.0	0.0	0.0	2.0	4.0	0.0
825	3.0	0.0	2.0	0.0	3.0	6.0	2.0
826	0.0	0.0	0.0	0.0	0.0	0.0	0.0
827	0.0	0.0	0.0	0.0	0.0	0.0	0.0
828	2.0	0.0	1.0	0.0	2.0	4.0	1.0
829	3.0	3.0	2.0	1.0	4.336	10.664	2.0
830	3.0	0.0	1.0	0.0	3.0	6.0	1.0
831	2.0	0.0	1.0	0.0	2.0	4.0	1.0
832	2.0	0.0	2.0	0.0	0.6660000000000004	5.334	2.0
833	3.0	0.0	1.0	0.0	3.0	6.0	1.0
834	1.0	3.0	0.0	1.0	2.0	7.0	1.0
835	2.0	1.0	1.0	0.0	2.0	4.0	1.0
836	2.0	1.0	1.0	0.0	3.0	6.0	1.0
837	2.0	4.0	1.0	2.0	4.401	10.599	2.0
838	1.0	3.0	0.0	2.0	1.6690000000000005	10.331	2.0
839	2.0	1.0	2.0	1.0	2.0	4.0	2.0
840	2.0	3.0	2.0	2.0	4.0	8.0	3.0
841	1.0	2.0	1.0	1.0	0.9990000000000006	8.001	2.0
842	0.0	0.0	0.0	0.0	0.0	0.0	0.0
843	1.0	0.0	0.0	0.0	0.3330000000000002	2.667	0.0
844	3.0	0.0	1.0	0.0	3.0	6.0	1.0
845	1.0	3.0	1.0	2.0	1.6660000000000004	7.334	2.0
846	2.0	2.0	2.0	2.0	1.6660000000000004	7.334	3.0
847	2.0	2.0	1.0	0.0	3.0	6.0	1.0
848	0.0	2.0	0.0	0.0	2.0	4.0	0.0
849	4.0	0.0	3.0	0.0	3.668	8.332	3.0
850	3.0	0.0	3.0	0.0	3.0	6.0	3.0
851	1.0	1.0	1.0	1.0	1.6680000000000001	4.332	2.0
852	2.0	0.0	2.0	0.0	2.0	4.0	2.0
853	2.0	0.0	0.0	0.0	2.0	4.0	0.0
854	3.0	2.0	1.0	1.0	1.6660000000000004	10.334	1.0
855	1.0	0.0	1.0	0.0	0.3330000000000002	2.667	1.0
856	2.0	0.0	1.0	0.0	0.6660000000000004	5.334	1.0
857	2.0	0.0	2.0	0.0	2.0	4.0	2.0
858	3.0	0.0	3.0	0.0	3.0	6.0	3.0
859	1.0	0.0	1.0	0.0	1.0	2.0	1.0
860	1.0	1.0	1.0	0.0	0.6660000000000004	5.334	1.0
861	0.0	0.0	0.0	0.0	0.0	0.0	0.0
862	0.0	0.0	0.0	0.0	0.0	0.0	0.0
863	1.0	0.0	1.0	0.0	1.0	2.0	1.0
864	3.0	0.0	2.0	0.0	3.0	6.0	2.0
865	3.0	2.0	1.0	2.0	5.133	9.867	3.0
866	2.0	1.0	1.0	0.0	3.0	6.0	1.0
867	0.0	0.0	0.0	0.0	0.0	0.0	0.0
868	2.0	2.0	2.0	2.0	3.0	6.0	3.0
869	3.0	0.0	1.0	0.0	3.0	6.0	1.0
870	2.0	3.0	2.0	2.0	3.0	9.0	3.0
871	2.0	0.0	1.0	0.0	2.0	4.0	1.0
872	2.0	1.0	0.0	0.0	3.0	6.0	0.0
873	2.0	5.0	2.0	3.0	3.0010000000000003	8.998999999999999	3.0
874	2.0	1.0	0.0	1.0	2.333	6.667	1.0
875	2.0	0.0	1.0	0.0	2.0	4.0	1.0
876	2.0	3.0	1.0	2.0	4.668	10.332	3.0
877	2.0	3.0	1.0	2.0	4.0	8.0	3.0
878	2.0	2.0	2.0	2.0	1.9990000000000006	10.001	4.0
879	1.0	3.0	0.0	2.0	2.6660000000000004	9.334	2.0
880	3.0	2.0	0.0	1.0	4.333	10.667	1.0
881	3.0	3.0	2.0	1.0	4.666	13.334	3.0
882	2.0	3.0	2.0	2.0	3.333	8.667	3.0
883	3.0	1.0	2.0	1.0	1.3320000000000007	10.668	3.0
884	1.0	1.0	1.0	1.0	0.6660000000000004	5.334	2.0
885	0.0	0.0	0.0	0.0	0.0	0.0	0.0
886	0.0	0.0	0.0	0.0	0.0	0.0	0.0
887	1.0	1.0	1.0	1.0	1.0	2.0	1.0
888	1.0	1.0	1.0	1.0	1.0	2.0	1.0
889	1.0	0.0	1.0	0.0	0.3330000000000002	2.667	1.0
890	1.0	1.0	1.0	1.0	1.3330000000000002	4.667	2.0
891	0.0	0.0	0.0	0.0	0.0	0.0	0.0
892	0.0	1.0	0.0	1.0	0.3330000000000002	2.667	1.0
893	4.0	3.0	3.0	3.0	5.133	9.866999999999999	4.0
894	2.0	2.0	1.0	1.0	1.6660000000000004	7.334	1.0
895	3.0	1.0	2.0	0.0	4.0	8.0	2.0
896	2.0	1.0	0.0	1.0	0.9990000000000006	8.001	1.0
897	1.0	1.0	0.0	0.0	0.3330000000000002	2.667	0.0
898	3.0	0.0	2.0	0.0	3.0	6.0	2.0
899	1.0	0.0	1.0	0.0	0.3330000000000002	2.667	1.0
900	1.0	0.0	0.0	0.0	1.0	2.0	0.0
901	1.0	0.0	1.0	0.0	0.3330000000000002	2.667	1.0
902	1.0	1.0	0.0	1.0	2.4	3.6	1.0
903	2.0	1.0	1.0	1.0	0.9990000000000006	8.001	2.0
904	1.0	1.0	0.0	1.0	0.6660000000000004	5.334	1.0
905	1.0	2.0	0.0	2.0	0.9990000000000006	8.001	2.0
906	0.0	4.0	0.0	2.0	1.9990000000000006	10.001	2.0
907	1.0	5.0	0.0	5.0	2.3320000000000007	12.668	4.0
908	0.0	3.0	0.0	3.0	0.6660000000000004	5.334	2.0
909	0.0	1.0	0.0	0.0	0.3330000000000002	2.667	0.0
910	0.0	2.0	0.0	2.0	0.3330000000000002	2.667	1.0
911	2.0	5.0	1.0	4.0	2.000000000000001	13.0	3.0
912	1.0	4.0	0.0	2.0	3.333	8.667	2.0
913	3.0	3.0	3.0	2.0	1.9990000000000006	10.001	3.0
914	2.0	2.0	0.0	1.0	2.0	7.0	1.0
915	1.0	1.0	1.0	0.0	1.3330000000000002	4.667	1.0
916	1.0	4.0	0.0	1.0	3.068	8.932	1.0
917	2.0	4.0	1.0	1.0	5.668	12.332	2.0
918	1.0	1.0	1.0	1.0	2.0	4.0	2.0
919	3.0	2.0	1.0	0.0	1.665000000000001	13.334999999999999	1.0
920	2.0	5.0	1.0	3.0	1.6660000000000004	10.334	2.0
921	3.0	2.0	3.0	2.0	4.0	8.0	4.0
922	1.0	2.0	0.0	2.0	3.0	6.0	2.0
923	2.0	4.0	1.0	3.0	5.0	10.0	3.0
924	5.0	4.0	3.0	3.0	5.3340000000000005	15.666	5.0
925	2.0	2.0	0.0	2.0	1.3320000000000007	10.668	2.0
926	2.0	2.0	0.0	1.0	4.0	8.0	1.0
927	2.0	2.0	2.0	1.0	0.9990000000000006	8.001	2.0
928	1.0	2.0	0.0	1.0	1.3330000000000002	4.667	1.0
929	2.0	2.0	0.0	2.0	3.0	6.0	1.0
930	1.0	2.0	1.0	1.0	0.9990000000000006	8.001	2.0
931	2.0	3.0	1.0	2.0	3.333	8.667	3.0
932	1.0	1.0	0.0	0.0	1.0	2.0	0.0
933	2.0	2.0	1.0	2.0	1.6660000000000004	7.334	2.0
934	2.0	4.0	1.0	1.0	2.668	6.332	1.0
935	1.0	2.0	0.0	1.0	1.3330000000000002	4.667	1.0
936	2.0	2.0	2.0	1.0	2.7340000000000004	9.266	3.0
937	1.0	0.0	0.0	0.0	1.0	2.0	0.0
938	0.0	0.0	0.0	0.0	0.0	0.0	0.0
939	2.0	0.0	1.0	0.0	0.6660000000000004	5.334	1.0
940	0.0	0.0	0.0	0.0	0.0	0.0	0.0
941	1.0	0.0	0.0	0.0	1.0	2.0	0.0
942	0.0	0.0	0.0	0.0	0.0	0.0	0.0
943	2.0	0.0	1.0	0.0	2.0	4.0	1.0
944	2.0	0.0	1.0	0.0	2.0	4.0	1.0
945	1.0	0.0	1.0	0.0	0.6680000000000001	2.332	1.0
946	1.0	0.0	0.0	0.0	0.3330000000000002	2.667	0.0
947	1.0	0.0	1.0	0.0	0.3330000000000002	2.667	1.0
948	0.0	0.0	0.0	0.0	0.0	0.0	0.0
949	0.0	0.0	0.0	0.0	0.0	0.0	0.0
950	0.0	0.0	0.0	0.0	0.0	0.0	0.0
951	0.0	0.0	0.0	0.0	0.0	0.0	0.0
952	1.0	0.0	1.0	0.0	0.3330000000000002	2.667	1.0
953	0.0	0.0	0.0	0.0	0.0	0.0	0.0
954	2.0	2.0	2.0	2.0	2.333	6.667	3.0
955	0.0	2.0	0.0	1.0	0.6680000000000001	5.332	1.0
956	0.0	0.0	0.0	0.0	0.0	0.0	0.0
957	2.0	0.0	2.0	0.0	0.6660000000000004	5.334	2.0
958	3.0	0.0	0.0	0.0	3.0	6.0	0.0
959	1.0	0.0	1.0	0.0	0.3330000000000002	2.667	1.0
960	1.0	0.0	1.0	0.0	0.3330000000000002	2.667	1.0
961	1.0	0.0	1.0	0.0	0.6680000000000001	2.332	1.0
962	3.0	0.0	3.0	0.0	0.9990000000000006	8.001	3.0
963	3.0	0.0	2.0	0.0	3.0	6.0	2.0
964	0.0	0.0	0.0	0.0	0.0	0.0	0.0
965	1.0	0.0	0.0	0.0	0.3330000000000002	2.667	0.0
966	1.0	1.0	0.0	1.0	2.0	4.0	1.0
967	2.0	1.0	1.0	1.0	2.333	6.667	2.0
968	2.0	1.0	1.0	1.0	3.0	6.0	2.0
969	1.0	2.0	1.0	1.0	2.0	4.0	1.0
970	0.0	0.0	0.0	0.0	0.0	0.0	0.0
971	0.0	0.0	0.0	0.0	0.0	0.0	0.0
972	0.0	4.0	0.0	2.0	0.9990000000000006	8.001	1.0
973	0.0	1.0	0.0	1.0	0.3330000000000002	2.667	1.0
974	2.0	0.0	0.0	0.0	0.6660000000000004	5.334	0.0
975	2.0	3.0	2.0	3.0	2.668	6.332	3.0
976	2.0	3.0	2.0	1.0	1.9990000000000006	10.001	2.0
977	2.0	0.0	2.0	0.0	2.0	4.0	2.0
978	0.0	2.0	0.0	1.0	1.3330000000000002	4.667	1.0
979	2.0	1.0	1.0	0.0	2.0	4.0	1.0
980	0.0	0.0	0.0	0.0	0.0	0.0	0.0
981	0.0	0.0	0.0	0.0	0.0	0.0	0.0
982	1.0	0.0	1.0	0.0	0.3330000000000002	2.667	1.0
983	2.0	0.0	2.0	0.0	2.0	4.0	2.0
984	2.0	0.0	1.0	0.0	2.0	4.0	1.0
985	0.0	0.0	0.0	0.0	0.0	0.0	0.0
986	3.0	0.0	2.0	0.0	0.9990000000000006	8.001	2.0
987	2.0	0.0	2.0	0.0	2.0	4.0	2.0
988	1.0	0.0	1.0	0.0	0.3330000000000002	2.667	1.0
989	3.0	0.0	2.0	0.0	3.0	6.0	2.0
990	1.0	0.0	0.0	0.0	0.3330000000000002	2.667	0.0
991	2.0	0.0	2.0	0.0	2.0	4.0	2.0
992	1.0	0.0	0.0	0.0	1.0	2.0	0.0
993	0.0	0.0	0.0	0.0	0.0	0.0	0.0
994	1.0	2.0	0.0	1.0	1.3330000000000002	4.667	1.0
995	2.0	1.0	1.0	0.0	2.0	4.0	1.0
996	2.0	1.0	2.0	1.0	1.3330000000000002	4.667	2.0
997	1.0	1.0	1.0	1.0	1.3330000000000002	4.667	2.0
998	3.0	1.0	1.0	1.0	4.0	8.0	2.0
999	1.0	1.0	0.0	0.0	0.6660000000000004	5.334	0.0
1000	0.0	0.0	0.0	0.0	0.0	0.0	0.0
1001	0.0	0.0	0.0	0.0	0.0	0.0	0.0
1002	2.0	2.0	1.0	0.0	2.6660000000000004	9.334	1.0
1003	2.0	3.0	2.0	2.0	3.333	8.667	3.0
1004	1.0	3.0	1.0	1.0	2.668	9.332	2.0
1005	1.0	0.0	0.0	0.0	1.0	2.0	0.0
1006	0.0	0.0	0.0	0.0	0.0	0.0	0.0
1007	2.0	1.0	1.0	1.0	2.333	6.667	2.0
1008	2.0	0.0	2.0	0.0	1.3360000000000003	4.664	2.0
1009	2.0	0.0	2.0	0.0	0.6660000000000004	5.334	2.0
1010	2.0	0.0	2.0	0.0	0.6660000000000004	5.334	2.0
1011	2.0	0.0	2.0	0.0	0.6660000000000004	5.334	2.0
1012	2.0	1.0	2.0	0.0	0.9990000000000006	8.001	2.0
1013	2.0	1.0	2.0	0.0	0.9990000000000006	8.001	2.0
1014	5.0	0.0	2.0	0.0	4.668	10.332	2.0
1015	1.0	2.0	1.0	2.0	1.0	2.0	1.0
1016	1.0	4.0	1.0	1.0	1.3320000000000007	10.668	2.0
1017	0.0	2.0	0.0	1.0	1.3330000000000002	4.667	1.0
1018	1.0	0.0	0.0	0.0	1.0	2.0	0.0
1019	0.0	0.0	0.0	0.0	0.0	0.0	0.0
1020	0.0	2.0	0.0	1.0	0.6660000000000004	5.334	1.0
1021	0.0	0.0	0.0	0.0	0.0	0.0	0.0
