pos	Sd	Nd	Sd_tip	Nd_tip	S	N	comparisons
001	0.0	0.0	0.0	0.0	0.0	0.0	0.0
002	0.0	0.0	0.0	0.0	0.0	0.0	0.0
003	0.0	0.0	0.0	0.0	0.0	0.0	0.0
004	0.0	0.0	0.0	0.0	0.0	0.0	0.0
005	2.0	0.0	1.0	0.0	0.6660000000000004	5.334	1.0
006	3.0	0.0	2.0	0.0	3.0	6.0	2.0
007	0.0	0.0	0.0	0.0	0.0	0.0	0.0
008	0.0	0.0	0.0	0.0	0.0	0.0	0.0
009	0.0	0.0	0.0	0.0	0.0	0.0	0.0
010	2.0	0.0	1.0	0.0	2.0	4.0	1.0
011	0.0	0.0	0.0	0.0	0.0	0.0	0.0
012	0.0	0.0	0.0	0.0	0.0	0.0	0.0
013	1.0	0.0	1.0	0.0	0.3330000000000002	2.667	1.0
014	0.0	0.0	0.0	0.0	0.0	0.0	0.0
015	0.0	0.0	0.0	0.0	0.0	0.0	0.0
016	2.0	4.0	1.0	2.0	3.3360000000000003	11.664	3.0
017	1.0	0.0	1.0	0.0	1.0	2.0	1.0
018	2.0	0.0	2.0	0.0	2.0	4.0	2.0
019	1.0	0.0	1.0	0.0	1.0	2.0	1.0
020	1.0	0.0	1.0	0.0	0.3330000000000002	2.667	1.0
021	0.0	0.0	0.0	0.0	0.0	0.0	0.0
022	1.0	0.0	0.0	0.0	1.0	2.0	0.0
023	2.0	0.0	1.0	0.0	2.0	4.0	1.0
024	3.0	0.0	2.0	0.0	3.0	6.0	2.0
025	0.0	0.0	0.0	0.0	0.0	0.0	0.0
026	0.0	0.0	0.0	0.0	0.0	0.0	0.0
027	1.0	0.0	1.0	0.0	1.0	2.0	1.0
028	1.0	0.0	1.0	0.0	1.0	2.0	1.0
029	2.0	0.0	1.0	0.0	2.4	3.6	1.0
030	1.0	0.0	1.0	0.0	1.0	2.0	1.0
031	3.0	0.0	2.0	0.0	3.0	6.0	2.0
032	3.0	0.0	2.0	0.0	3.0	6.0	2.0
033	2.0	0.0	1.0	0.0	0.6660000000000004	5.334	1.0
034	1.0	0.0	1.0	0.0	1.0	2.0	1.0
035	1.0	0.0	1.0	0.0	0.3330000000000002	2.667	1.0
036	2.0	0.0	1.0	0.0	2.0	4.0	1.0
037	2.0	0.0	2.0	0.0	2.4	3.6	2.0
038	0.0	0.0	0.0	0.0	0.0	0.0	0.0
039	3.0	0.0	2.0	0.0	1.6680000000000001	4.332	1.0
040	0.0	0.0	0.0	0.0	0.0	0.0	0.0
041	0.0	0.0	0.0	0.0	0.0	0.0	0.0
042	0.0	0.0	0.0	0.0	0.0	0.0	0.0
043	0.0	0.0	0.0	0.0	0.0	0.0	0.0
044	3.0	0.0	1.0	0.0	3.0	6.0	1.0
045	2.0	0.0	1.0	0.0	2.0	4.0	1.0
046	1.0	0.0	1.0	0.0	0.3330000000000002	2.667	1.0
047	0.0	0.0	0.0	0.0	0.0	0.0	0.0
048	2.0	0.0	2.0	0.0	2.0	4.0	2.0
049	1.0	0.0	1.0	0.0	1.0	2.0	1.0
050	1.0	0.0	0.0	0.0	1.0	2.0	0.0
051	0.0	0.0	0.0	0.0	0.0	0.0	0.0
052	0.0	0.0	0.0	0.0	0.0	0.0	0.0
053	1.0	0.0	1.0	0.0	0.3330000000000002	2.667	1.0
054	1.0	0.0	1.0	0.0	1.0	2.0	1.0
055	1.0	0.0	1.0	0.0	0.3330000000000002	2.667	1.0
056	2.0	0.0	1.0	0.0	2.0	4.0	1.0
057	1.0	0.0	1.0	0.0	0.3330000000000002	2.667	1.0
058	1.0	0.0	1.0	0.0	1.0	2.0	1.0
059	1.0	0.0	1.0	0.0	1.0	2.0	1.0
060	0.0	0.0	0.0	0.0	0.0	0.0	0.0
061	0.0	0.0	0.0	0.0	0.0	0.0	0.0
062	1.0	0.0	0.0	0.0	1.0	2.0	0.0
063	1.0	0.0	1.0	0.0	1.0	2.0	1.0
064	2.0	0.0	1.0	0.0	2.0	4.0	1.0
065	1.0	0.0	1.0	0.0	0.6680000000000001	2.332	1.0
066	2.0	0.0	1.0	0.0	2.0	4.0	1.0
067	0.0	0.0	0.0	0.0	0.0	0.0	0.0
068	1.0	1.0	1.0	0.0	1.0010000000000003	4.999	1.0
069	1.0	1.0	0.0	1.0	2.0	4.0	1.0
070	0.0	3.0	0.0	3.0	0.0	3.0	1.0
071	2.0	2.0	2.0	2.0	1.3330000000000002	4.667	2.0
072	2.0	2.0	2.0	2.0	2.0	4.0	2.0
073	0.0	2.0	0.0	2.0	1.0	2.0	1.0
074	2.0	1.0	2.0	1.0	2.0	4.0	2.0
075	1.0	2.0	1.0	1.0	1.6680000000000001	7.332	2.0
076	2.0	1.0	2.0	1.0	0.6660000000000004	5.334	2.0
077	2.0	1.0	2.0	1.0	1.6680000000000001	4.332	2.0
078	3.0	1.0	3.0	1.0	2.333	6.667	3.0
079	3.0	1.0	2.0	1.0	2.733	6.2669999999999995	2.0
080	1.0	2.0	1.0	2.0	2.0	4.0	2.0
081	1.0	1.0	1.0	1.0	1.0	2.0	1.0
082	1.0	0.0	1.0	0.0	0.3330000000000002	2.667	1.0
083	1.0	0.0	1.0	0.0	0.3330000000000002	2.667	1.0
084	0.0	0.0	0.0	0.0	0.0	0.0	0.0
085	0.0	1.0	0.0	1.0	1.0	2.0	1.0
086	1.0	0.0	1.0	0.0	1.0	2.0	1.0
087	0.0	0.0	0.0	0.0	0.0	0.0	0.0
088	0.0	0.0	0.0	0.0	0.0	0.0	0.0
089	3.0	0.0	3.0	0.0	0.9990000000000006	8.001	3.0
090	1.0	0.0	1.0	0.0	1.0	2.0	1.0
091	1.0	0.0	1.0	0.0	1.4	1.6	1.0
092	1.0	0.0	1.0	0.0	0.3330000000000002	2.667	1.0
093	0.0	0.0	0.0	0.0	0.0	0.0	0.0
094	1.0	0.0	0.0	0.0	0.6680000000000001	2.332	0.0
095	3.0	0.0	2.0	0.0	3.0	6.0	2.0
096	2.0	0.0	2.0	0.0	0.6680000000000001	2.332	1.0
097	1.0	0.0	1.0	0.0	1.0	2.0	1.0
098	0.0	0.0	0.0	0.0	0.0	0.0	0.0
099	1.0	0.0	1.0	0.0	0.6680000000000001	2.332	1.0
100	0.0	0.0	0.0	0.0	0.0	0.0	0.0
101	0.0	0.0	0.0	0.0	0.0	0.0	0.0
102	0.0	0.0	0.0	0.0	0.0	0.0	0.0
103	1.0	1.0	1.0	1.0	0.6680000000000001	2.332	1.0
104	2.0	0.0	2.0	0.0	2.0	4.0	2.0
105	0.0	0.0	0.0	0.0	0.0	0.0	0.0
106	0.0	0.0	0.0	0.0	0.0	0.0	0.0
107	2.0	0.0	1.0	0.0	2.0	4.0	1.0
108	1.0	0.0	1.0	0.0	1.0	2.0	1.0
109	0.0	0.0	0.0	0.0	0.0	0.0	0.0
110	0.0	1.0	0.0	1.0	0.3330000000000002	2.667	1.0
111	1.0	0.0	1.0	0.0	0.3330000000000002	2.667	1.0
112	0.0	0.0	0.0	0.0	0.0	0.0	0.0
113	0.0	0.0	0.0	0.0	0.0	0.0	0.0
114	2.0	0.0	2.0	0.0	0.6660000000000004	5.334	2.0
115	2.0	0.0	2.0	0.0	2.0	4.0	2.0
116	2.0	0.0	2.0	0.0	2.0	4.0	2.0
117	1.0	0.0	1.0	0.0	1.0	2.0	1.0
118	0.0	0.0	0.0	0.0	0.0	0.0	0.0
119	2.0	0.0	2.0	0.0	2.0	4.0	2.0
120	2.0	1.0	2.0	1.0	2.0	4.0	2.0
121	2.0	0.0	2.0	0.0	2.0	4.0	2.0
122	4.0	2.0	2.0	2.0	5.468	9.532	4.0
123	1.0	0.0	1.0	0.0	0.3330000000000002	2.667	1.0
124	0.0	1.0	0.0	0.0	0.3330000000000002	2.667	0.0
125	1.0	1.0	1.0	1.0	1.3330000000000002	4.667	2.0
126	1.0	0.0	1.0	0.0	0.3330000000000002	2.667	1.0
127	0.0	0.0	0.0	0.0	0.0	0.0	0.0
128	0.0	0.0	0.0	0.0	0.0	0.0	0.0
129	1.0	0.0	1.0	0.0	1.0	2.0	1.0
130	1.0	0.0	1.0	0.0	1.0	2.0	1.0
131	0.0	0.0	0.0	0.0	0.0	0.0	0.0
132	0.0	0.0	0.0	0.0	0.0	0.0	0.0
133	1.0	2.0	1.0	2.0	0.6660000000000004	5.334	2.0
134	1.0	0.0	1.0	0.0	0.3330000000000002	2.667	1.0
135	1.0	0.0	1.0	0.0	0.6680000000000001	2.332	1.0
136	0.0	0.0	0.0	0.0	0.0	0.0	0.0
137	1.0	0.0	1.0	0.0	0.3330000000000002	2.667	1.0
138	0.0	0.0	0.0	0.0	0.0	0.0	0.0
139	3.0	0.0	2.0	0.0	3.0	6.0	2.0
140	0.0	0.0	0.0	0.0	0.0	0.0	0.0
141	1.0	1.0	1.0	1.0	1.6680000000000001	4.332	2.0
142	0.0	0.0	0.0	0.0	0.0	0.0	0.0
143	1.0	0.0	1.0	0.0	0.3330000000000002	2.667	1.0
144	0.0	0.0	0.0	0.0	0.0	0.0	0.0
145	1.0	0.0	1.0	0.0	0.3330000000000002	2.667	1.0
146	0.0	0.0	0.0	0.0	0.0	0.0	0.0
147	1.0	0.0	1.0	0.0	1.0	2.0	1.0
148	0.0	0.0	0.0	0.0	0.0	0.0	0.0
149	1.0	0.0	0.0	0.0	0.3330000000000002	2.667	0.0
150	0.0	0.0	0.0	0.0	0.0	0.0	0.0
