pos	Sd	Nd	Sd_tip	Nd_tip	S	N	comparisons
001	0.0	0.0	0.0	0.0	0.0	0.0	0.0
002	0.0	2.0	0.0	2.0	1.0	2.0	1.0
003	1.0	0.0	1.0	0.0	1.0	2.0	1.0
004	0.0	0.0	0.0	0.0	0.0	0.0	0.0
005	0.0	0.0	0.0	0.0	0.0	0.0	0.0
006	0.0	0.0	0.0	0.0	0.0	0.0	0.0
007	1.0	0.0	1.0	0.0	1.0	2.0	1.0
008	0.0	1.0	0.0	0.0	0.6680000000000001	2.332	0.0
009	1.0	2.0	1.0	1.0	1.3330000000000002	4.667	1.0
010	1.0	2.0	1.0	2.0	1.6680000000000001	4.332	2.0
011	1.0	1.0	0.0	1.0	1.6680000000000001	4.332	1.0
012	1.0	2.0	1.0	2.0	1.6680000000000001	4.332	2.0
013	2.0	3.0	2.0	3.0	2.0010000000000003	6.999	3.0
014	1.0	1.0	0.0	1.0	0.6660000000000004	5.334	1.0
015	1.0	1.0	0.0	1.0	1.3330000000000002	4.667	1.0
016	0.0	0.0	0.0	0.0	0.0	0.0	0.0
017	1.0	1.0	0.0	1.0	1.3330000000000002	4.667	1.0
018	1.0	2.0	1.0	1.0	0.9990000000000006	8.001	2.0
019	2.0	1.0	2.0	1.0	1.3330000000000002	4.667	2.0
020	0.0	1.0	0.0	0.0	0.3330000000000002	2.667	0.0
021	1.0	1.0	1.0	1.0	0.6660000000000004	5.334	2.0
022	1.0	0.0	1.0	0.0	0.6680000000000001	2.332	1.0
023	0.0	2.0	0.0	1.0	0.6660000000000004	5.334	1.0
024	1.0	2.0	1.0	1.0	3.0	6.0	2.0
025	1.0	1.0	1.0	1.0	2.0	4.0	2.0
026	0.0	1.0	0.0	1.0	1.0	2.0	1.0
027	0.0	0.0	0.0	0.0	0.0	0.0	0.0
028	2.0	2.0	1.0	1.0	1.6660000000000004	7.334	2.0
029	2.0	2.0	2.0	2.0	2.0	4.0	2.0
030	1.0	0.0	1.0	0.0	1.0	2.0	1.0
031	2.0	2.0	1.0	1.0	3.0	6.0	2.0
032	1.0	2.0	0.0	2.0	1.3330000000000002	4.667	1.0
033	0.0	4.0	0.0	4.0	1.3330000000000002	4.667	2.0
034	0.0	2.0	0.0	1.0	2.0	4.0	1.0
035	1.0	0.0	0.0	0.0	0.3330000000000002	2.667	0.0
036	2.0	1.0	2.0	1.0	1.3330000000000002	4.667	2.0
037	0.0	1.0	0.0	1.0	0.3330000000000002	2.667	1.0
038	1.0	0.0	1.0	0.0	1.0	2.0	1.0
039	0.0	0.0	0.0	0.0	0.0	0.0	0.0
040	1.0	1.0	0.0	0.0	0.3330000000000002	2.667	0.0
041	1.0	1.0	1.0	1.0	0.6680000000000001	2.332	1.0
042	1.0	1.0	0.0	1.0	0.6660000000000004	5.334	1.0
043	1.0	0.0	0.0	0.0	1.0	2.0	0.0
044	1.0	0.0	1.0	0.0	1.0	2.0	1.0
045	0.0	0.0	0.0	0.0	0.0	0.0	0.0
046	1.0	0.0	0.0	0.0	1.0	2.0	0.0
047	1.0	0.0	1.0	0.0	0.3330000000000002	2.667	1.0
048	1.0	0.0	1.0	0.0	0.3330000000000002	2.667	1.0
049	1.0	0.0	0.0	0.0	1.0	2.0	0.0
050	1.0	0.0	0.0	0.0	0.3330000000000002	2.667	0.0
051	1.0	1.0	0.0	1.0	1.6680000000000001	4.332	1.0
052	0.0	0.0	0.0	0.0	0.0	0.0	0.0
053	1.0	0.0	1.0	0.0	0.3330000000000002	2.667	1.0
054	0.0	0.0	0.0	0.0	0.0	0.0	0.0
055	0.0	0.0	0.0	0.0	0.0	0.0	0.0
056	1.0	0.0	1.0	0.0	1.0	2.0	1.0
057	0.0	1.0	0.0	0.0	0.3330000000000002	2.667	0.0
058	2.0	0.0	2.0	0.0	2.0	4.0	2.0
059	1.0	1.0	1.0	1.0	1.0010000000000003	4.999	2.0
060	0.0	0.0	0.0	0.0	0.0	0.0	0.0
061	0.0	0.0	0.0	0.0	0.0	0.0	0.0
062	0.0	0.0	0.0	0.0	0.0	0.0	0.0
063	0.0	0.0	0.0	0.0	0.0	0.0	0.0
064	2.0	0.0	2.0	0.0	2.0	4.0	2.0
065	1.0	1.0	1.0	1.0	2.0	4.0	2.0
066	2.0	0.0	2.0	0.0	2.4	3.6	2.0
067	1.0	0.0	0.0	0.0	1.0	2.0	0.0
068	1.0	0.0	1.0	0.0	1.0	2.0	1.0
069	1.0	0.0	0.0	0.0	1.0	2.0	0.0
070	1.0	0.0	0.0	0.0	1.0	2.0	0.0
071	0.0	0.0	0.0	0.0	0.0	0.0	0.0
072	1.0	2.0	1.0	2.0	2.0	4.0	2.0
073	1.0	0.0	1.0	0.0	1.0	2.0	1.0
074	1.0	0.0	1.0	0.0	1.0	2.0	1.0
075	1.0	0.0	1.0	0.0	1.0	2.0	1.0
076	0.0	0.0	0.0	0.0	0.0	0.0	0.0
077	1.0	1.0	1.0	0.0	1.3330000000000002	4.667	1.0
078	1.0	1.0	1.0	1.0	2.0	4.0	2.0
079	2.0	0.0	1.0	0.0	2.0	4.0	1.0
080	0.0	2.0	0.0	1.0	2.0	4.0	1.0
081	1.0	0.0	1.0	0.0	0.6680000000000001	2.332	1.0
082	1.0	0.0	1.0	0.0	1.0	2.0	1.0
083	1.0	0.0	1.0	0.0	1.0	2.0	1.0
084	1.0	0.0	1.0	0.0	1.0	2.0	1.0
085	1.0	0.0	1.0	0.0	1.0	2.0	1.0
086	1.0	2.0	0.0	2.0	3.0	6.0	2.0
087	1.0	1.0	1.0	0.0	0.6660000000000004	5.334	1.0
088	1.0	1.0	1.0	1.0	2.0	4.0	2.0
089	1.0	2.0	1.0	1.0	1.6660000000000004	7.334	2.0
090	0.0	0.0	0.0	0.0	0.0	0.0	0.0
091	0.0	4.0	0.0	3.0	2.333	6.667	2.0
092	1.0	1.0	1.0	1.0	1.0	2.0	1.0
093	0.0	0.0	0.0	0.0	0.0	0.0	0.0
094	0.0	1.0	0.0	0.0	0.3330000000000002	2.667	0.0
095	1.0	1.0	1.0	0.0	1.0010000000000003	4.999	1.0
096	0.0	0.0	0.0	0.0	0.0	0.0	0.0
097	1.0	0.0	1.0	0.0	0.3330000000000002	2.667	1.0
098	1.0	1.0	0.0	0.0	1.0	2.0	0.0
099	1.0	1.0	1.0	1.0	1.0	2.0	1.0
100	0.0	3.0	0.0	1.0	0.6660000000000004	5.334	1.0
101	0.0	1.0	0.0	1.0	1.0	2.0	1.0
102	2.0	0.0	2.0	0.0	2.0	4.0	2.0
103	1.0	1.0	0.0	1.0	2.0	4.0	1.0
104	1.0	0.0	0.0	0.0	0.3330000000000002	2.667	0.0
105	0.0	0.0	0.0	0.0	0.0	0.0	0.0
106	1.0	0.0	1.0	0.0	0.3330000000000002	2.667	1.0
107	1.0	0.0	0.0	0.0	1.0	2.0	0.0
108	1.0	0.0	1.0	0.0	0.6680000000000001	2.332	1.0
109	1.0	1.0	1.0	0.0	2.0	4.0	1.0
110	1.0	0.0	1.0	0.0	1.0	2.0	1.0
111	1.0	0.0	0.0	0.0	1.0	2.0	0.0
112	1.0	1.0	0.0	0.0	1.0	2.0	0.0
113	1.0	2.0	1.0	1.0	2.668	6.332	2.0
114	2.0	3.0	2.0	3.0	1.0	5.0	2.0
115	2.0	2.0	2.0	1.0	3.0	6.0	2.0
116	0.0	1.0	0.0	1.0	1.0	2.0	1.0
117	1.0	1.0	1.0	1.0	1.3330000000000002	4.667	2.0
118	0.0	0.0	0.0	0.0	0.0	0.0	0.0
119	0.0	0.0	0.0	0.0	0.0	0.0	0.0
120	1.0	0.0	0.0	0.0	1.0	2.0	0.0
121	1.0	1.0	0.0	1.0	2.0	4.0	1.0
122	0.0	4.0	0.0	3.0	1.9990000000000006	10.001	3.0
123	0.0	0.0	0.0	0.0	0.0	0.0	0.0
124	0.0	3.0	0.0	2.0	1.3330000000000002	4.667	1.0
125	1.0	1.0	1.0	0.0	0.6660000000000004	5.334	1.0
126	0.0	2.0	0.0	1.0	2.0	4.0	1.0
127	1.0	1.0	1.0	0.0	1.3330000000000002	4.667	1.0
128	1.0	0.0	1.0	0.0	1.0	2.0	1.0
129	1.0	0.0	1.0	0.0	1.0	2.0	1.0
130	1.0	0.0	0.0	0.0	1.0	2.0	0.0
131	0.0	0.0	0.0	0.0	0.0	0.0	0.0
132	1.0	0.0	0.0	0.0	1.0	2.0	0.0
133	0.0	0.0	0.0	0.0	0.0	0.0	0.0
134	2.0	1.0	2.0	1.0	2.0	4.0	2.0
135	1.0	0.0	0.0	0.0	1.0	2.0	0.0
136	1.0	0.0	1.0	0.0	1.0	2.0	1.0
137	1.0	0.0	0.0	0.0	1.0	2.0	0.0
138	2.0	1.0	2.0	1.0	2.0	4.0	2.0
139	0.0	0.0	0.0	0.0	0.0	0.0	0.0
140	1.0	1.0	1.0	1.0	2.0	4.0	2.0
141	1.0	1.0	1.0	1.0	2.0	4.0	2.0
142	1.0	1.0	0.0	1.0	1.733	4.2669999999999995	1.0
143	1.0	2.0	1.0	1.0	3.4	5.6	2.0
144	2.0	1.0	1.0	1.0	1.3330000000000002	4.667	1.0
145	2.0	1.0	1.0	1.0	3.0	6.0	2.0
146	1.0	0.0	1.0	0.0	1.0	2.0	1.0
147	0.0	0.0	0.0	0.0	0.0	0.0	0.0
148	1.0	1.0	1.0	1.0	1.0	2.0	1.0
149	0.0	0.0	0.0	0.0	0.0	0.0	0.0
150	1.0	0.0	0.0	0.0	1.0	2.0	0.0
151	0.0	0.0	0.0	0.0	0.0	0.0	0.0
152	1.0	0.0	1.0	0.0	1.0	2.0	1.0
153	1.0	0.0	1.0	0.0	1.0	2.0	1.0
154	1.0	0.0	1.0	0.0	1.0	2.0	1.0
155	0.0	0.0	0.0	0.0	0.0	0.0	0.0
156	1.0	0.0	0.0	0.0	0.3330000000000002	2.667	0.0
157	2.0	0.0	1.0	0.0	2.0	4.0	1.0
158	1.0	0.0	0.0	0.0	1.0	2.0	0.0
159	0.0	0.0	0.0	0.0	0.0	0.0	0.0
160	1.0	0.0	1.0	0.0	1.0	2.0	1.0
161	1.0	0.0	1.0	0.0	1.0	2.0	1.0
162	1.0	0.0	0.0	0.0	1.0	2.0	0.0
163	0.0	0.0	0.0	0.0	0.0	0.0	0.0
164	1.0	1.0	1.0	1.0	2.068	3.932	2.0
165	0.0	0.0	0.0	0.0	0.0	0.0	0.0
166	1.0	0.0	1.0	0.0	1.0	2.0	1.0
167	0.0	0.0	0.0	0.0	0.0	0.0	0.0
168	1.0	0.0	1.0	0.0	0.3330000000000002	2.667	1.0
169	0.0	0.0	0.0	0.0	0.0	0.0	0.0
170	1.0	0.0	1.0	0.0	1.0	2.0	1.0
171	1.0	1.0	1.0	0.0	2.0	4.0	1.0
172	0.0	0.0	0.0	0.0	0.0	0.0	0.0
173	0.0	1.0	0.0	1.0	0.6680000000000001	2.332	1.0
174	2.0	0.0	2.0	0.0	2.0	4.0	2.0
175	1.0	0.0	0.0	0.0	0.3330000000000002	2.667	0.0
176	1.0	0.0	0.0	0.0	1.0	2.0	0.0
177	1.0	1.0	1.0	1.0	2.0	4.0	2.0
178	0.0	0.0	0.0	0.0	0.0	0.0	0.0
179	0.0	0.0	0.0	0.0	0.0	0.0	0.0
180	1.0	0.0	1.0	0.0	1.0	2.0	1.0
181	1.0	0.0	0.0	0.0	1.0	2.0	0.0
182	1.0	1.0	1.0	1.0	1.3330000000000002	4.667	2.0
183	0.0	0.0	0.0	0.0	0.0	0.0	0.0
184	2.0	2.0	2.0	1.0	4.0	8.0	3.0
185	1.0	1.0	1.0	0.0	0.6660000000000004	5.334	1.0
186	1.0	0.0	1.0	0.0	0.3330000000000002	2.667	1.0
187	1.0	0.0	1.0	0.0	0.3330000000000002	2.667	1.0
188	0.0	0.0	0.0	0.0	0.0	0.0	0.0
189	1.0	1.0	1.0	1.0	0.6680000000000001	2.332	1.0
190	1.0	0.0	1.0	0.0	1.0	2.0	1.0
191	1.0	2.0	0.0	2.0	1.6680000000000001	4.332	1.0
192	1.0	1.0	1.0	1.0	0.6660000000000004	5.334	2.0
193	0.0	3.0	0.0	2.0	2.333	6.667	2.0
194	1.0	0.0	0.0	0.0	1.0	2.0	0.0
195	1.0	0.0	0.0	0.0	1.0	2.0	0.0
196	1.0	1.0	1.0	0.0	0.6660000000000004	5.334	1.0
197	0.0	1.0	0.0	0.0	1.0	2.0	0.0
198	1.0	0.0	1.0	0.0	0.3330000000000002	2.667	1.0
199	1.0	3.0	1.0	2.0	2.3360000000000003	6.664	2.0
200	0.0	1.0	0.0	0.0	0.3330000000000002	2.667	0.0
201	0.0	0.0	0.0	0.0	0.0	0.0	0.0
202	0.0	1.0	0.0	1.0	1.0	2.0	1.0
203	0.0	2.0	0.0	1.0	0.6660000000000004	5.334	1.0
204	0.0	0.0	0.0	0.0	0.0	0.0	0.0
205	0.0	3.0	0.0	1.0	2.0	4.0	1.0
206	1.0	2.0	1.0	2.0	2.333	6.667	3.0
207	0.0	0.0	0.0	0.0	0.0	0.0	0.0
208	0.0	0.0	0.0	0.0	0.0	0.0	0.0
209	1.0	2.0	1.0	0.0	0.6660000000000004	5.334	1.0
210	2.0	1.0	2.0	1.0	2.333	6.667	3.0
211	1.0	0.0	1.0	0.0	1.0	2.0	1.0
212	2.0	0.0	2.0	0.0	1.6680000000000001	4.332	2.0
213	0.0	2.0	0.0	2.0	0.6660000000000004	5.334	2.0
214	0.0	0.0	0.0	0.0	0.0	0.0	0.0
215	1.0	0.0	0.0	0.0	1.0	2.0	0.0
216	2.0	1.0	1.0	1.0	1.3330000000000002	4.667	1.0
217	1.0	2.0	0.0	2.0	1.3330000000000002	4.667	1.0
218	0.0	2.0	0.0	1.0	0.6660000000000004	5.334	1.0
219	1.0	0.0	1.0	0.0	1.0	2.0	1.0
220	1.0	1.0	1.0	1.0	2.0	4.0	2.0
221	1.0	0.0	1.0	0.0	0.3330000000000002	2.667	1.0
222	1.0	0.0	1.0	0.0	1.0	2.0	1.0
223	0.0	0.0	0.0	0.0	0.0	0.0	0.0
224	1.0	0.0	0.0	0.0	0.3330000000000002	2.667	0.0
225	1.0	0.0	0.0	0.0	0.3330000000000002	2.667	0.0
226	0.0	0.0	0.0	0.0	0.0	0.0	0.0
227	1.0	0.0	1.0	0.0	1.0	2.0	1.0
228	0.0	0.0	0.0	0.0	0.0	0.0	0.0
229	2.0	0.0	2.0	0.0	2.4	3.6	2.0
230	0.0	1.0	0.0	0.0	1.0	2.0	0.0
231	1.0	1.0	0.0	0.0	0.3330000000000002	2.667	0.0
232	2.0	1.0	2.0	1.0	0.6680000000000001	2.332	1.0
233	1.0	2.0	1.0	1.0	1.6660000000000004	7.334	2.0
234	1.0	0.0	1.0	0.0	1.4	1.6	1.0
235	1.0	0.0	1.0	0.0	0.3330000000000002	2.667	1.0
236	0.0	0.0	0.0	0.0	0.0	0.0	0.0
237	1.0	1.0	1.0	0.0	1.6680000000000001	4.332	1.0
238	1.0	0.0	0.0	0.0	1.0	2.0	0.0
239	1.0	0.0	0.0	0.0	0.3330000000000002	2.667	0.0
240	2.0	2.0	1.0	1.0	2.0010000000000003	6.999	2.0
241	2.0	0.0	2.0	0.0	2.0	4.0	2.0
242	0.0	0.0	0.0	0.0	0.0	0.0	0.0
243	0.0	2.0	0.0	1.0	1.6680000000000001	4.332	1.0
244	2.0	0.0	2.0	0.0	2.4	3.6	2.0
245	1.0	1.0	1.0	1.0	1.6680000000000001	4.332	2.0
246	2.0	1.0	2.0	1.0	2.668	6.332	3.0
247	2.0	1.0	2.0	1.0	1.3330000000000002	4.667	2.0
248	0.0	0.0	0.0	0.0	0.0	0.0	0.0
249	1.0	0.0	0.0	0.0	1.0	2.0	0.0
250	2.0	0.0	1.0	0.0	2.0	4.0	1.0
251	1.0	2.0	0.0	1.0	1.6680000000000001	4.332	1.0
252	1.0	2.0	1.0	2.0	0.3330000000000002	2.667	1.0
253	0.0	0.0	0.0	0.0	0.0	0.0	0.0
254	1.0	2.0	1.0	2.0	1.3330000000000002	4.667	2.0
255	0.0	1.0	0.0	0.0	0.0	3.0	0.0
256	0.0	0.0	0.0	0.0	0.0	0.0	0.0
257	0.0	3.0	0.0	3.0	0.6660000000000004	5.334	2.0
258	0.0	1.0	0.0	0.0	0.6680000000000001	2.332	0.0
259	1.0	1.0	1.0	1.0	1.0	2.0	1.0
260	0.0	2.0	0.0	0.0	0.0	3.0	0.0
261	1.0	0.0	0.0	0.0	0.3330000000000002	2.667	0.0
262	3.0	0.0	2.0	0.0	2.668	6.332	2.0
263	2.0	1.0	0.0	1.0	1.6680000000000001	4.332	1.0
264	2.0	0.0	1.0	0.0	2.4	3.6	1.0
265	2.0	0.0	1.0	0.0	2.068	3.932	1.0
266	1.0	0.0	1.0	0.0	0.3330000000000002	2.667	1.0
267	1.0	0.0	1.0	0.0	0.3330000000000002	2.667	1.0
268	1.0	1.0	1.0	1.0	2.0	4.0	2.0
269	2.0	0.0	1.0	0.0	2.0	4.0	1.0
270	1.0	0.0	1.0	0.0	1.0	2.0	1.0
271	1.0	0.0	1.0	0.0	0.6680000000000001	2.332	1.0
272	2.0	0.0	2.0	0.0	2.0	4.0	2.0
273	1.0	0.0	1.0	0.0	0.3330000000000002	2.667	1.0
274	1.0	0.0	0.0	0.0	1.0	2.0	0.0
275	0.0	1.0	0.0	1.0	0.3330000000000002	2.667	1.0
276	1.0	0.0	0.0	0.0	1.0	2.0	0.0
277	0.0	0.0	0.0	0.0	0.0	0.0	0.0
278	1.0	1.0	1.0	0.0	1.3330000000000002	4.667	1.0
279	1.0	0.0	1.0	0.0	0.6680000000000001	2.332	1.0
280	1.0	0.0	0.0	0.0	1.0	2.0	0.0
281	1.0	0.0	0.0	0.0	1.0	2.0	0.0
282	0.0	2.0	0.0	1.0	1.3330000000000002	4.667	1.0
283	1.0	0.0	1.0	0.0	1.0	2.0	1.0
284	0.0	1.0	0.0	1.0	0.3330000000000002	2.667	1.0
285	0.0	0.0	0.0	0.0	0.0	0.0	0.0
286	0.0	1.0	0.0	1.0	0.3330000000000002	2.667	1.0
287	0.0	1.0	0.0	0.0	0.3330000000000002	2.667	0.0
288	1.0	0.0	0.0	0.0	1.0	2.0	0.0
289	1.0	1.0	0.0	0.0	0.6680000000000001	2.332	0.0
290	0.0	0.0	0.0	0.0	0.0	0.0	0.0
291	1.0	1.0	1.0	0.0	0.6660000000000004	5.334	1.0
292	1.0	0.0	1.0	0.0	1.0	2.0	1.0
293	0.0	0.0	0.0	0.0	0.0	0.0	0.0
294	0.0	0.0	0.0	0.0	0.0	0.0	0.0
295	1.0	0.0	1.0	0.0	1.0	2.0	1.0
296	0.0	1.0	0.0	0.0	0.3330000000000002	2.667	0.0
297	1.0	0.0	1.0	0.0	0.6680000000000001	2.332	1.0
298	0.0	1.0	0.0	1.0	0.3330000000000002	2.667	1.0
299	1.0	2.0	0.0	2.0	2.0	4.0	1.0
300	0.0	2.0	0.0	1.0	1.3330000000000002	4.667	1.0
301	1.0	0.0	0.0	0.0	1.0	2.0	0.0
302	1.0	1.0	0.0	1.0	1.6680000000000001	4.332	1.0
303	0.0	3.0	0.0	1.0	1.3330000000000002	4.667	1.0
304	0.0	0.0	0.0	0.0	0.0	0.0	0.0
305	1.0	1.0	1.0	0.0	2.0	4.0	1.0
306	1.0	1.0	1.0	1.0	0.6680000000000001	2.332	1.0
307	1.0	1.0	1.0	1.0	0.6660000000000004	5.334	2.0
308	1.0	4.0	1.0	3.0	3.0010000000000003	8.998999999999999	3.0
309	1.0	0.0	1.0	0.0	1.0	2.0	1.0
310	1.0	3.0	1.0	3.0	1.3330000000000002	4.667	2.0
311	1.0	0.0	1.0	0.0	0.3330000000000002	2.667	1.0
312	0.0	1.0	0.0	1.0	0.3330000000000002	2.667	1.0
313	2.0	0.0	1.0	0.0	2.0	4.0	1.0
314	1.0	0.0	1.0	0.0	1.0	2.0	1.0
315	0.0	1.0	0.0	1.0	0.3330000000000002	2.667	1.0
316	2.0	2.0	2.0	1.0	0.9990000000000006	8.001	2.0
317	0.0	0.0	0.0	0.0	0.0	0.0	0.0
318	2.0	0.0	2.0	0.0	2.0	4.0	2.0
319	1.0	1.0	1.0	1.0	1.3330000000000002	4.667	2.0
320	2.0	0.0	2.0	0.0	2.0	4.0	2.0
321	1.0	0.0	0.0	0.0	1.0	2.0	0.0
322	0.0	1.0	0.0	0.0	0.3330000000000002	2.667	0.0
323	1.0	0.0	1.0	0.0	0.3330000000000002	2.667	1.0
324	0.0	0.0	0.0	0.0	0.0	0.0	0.0
325	1.0	2.0	1.0	1.0	2.0	4.0	1.0
326	0.0	1.0	0.0	1.0	0.3330000000000002	2.667	1.0
327	2.0	0.0	2.0	0.0	0.6680000000000001	2.332	1.0
328	0.0	0.0	0.0	0.0	0.0	0.0	0.0
329	2.0	1.0	1.0	1.0	1.6680000000000001	4.332	1.0
330	0.0	0.0	0.0	0.0	0.0	0.0	0.0
331	0.0	0.0	0.0	0.0	0.0	0.0	0.0
332	0.0	0.0	0.0	0.0	0.0	0.0	0.0
333	1.0	0.0	1.0	0.0	1.0	2.0	1.0
334	1.0	0.0	1.0	0.0	1.0	2.0	1.0
335	0.0	1.0	0.0	0.0	1.0	2.0	0.0
336	1.0	0.0	0.0	0.0	1.0	2.0	0.0
337	0.0	1.0	0.0	0.0	1.4	1.6	0.0
338	1.0	3.0	1.0	2.0	1.6660000000000004	7.334	2.0
339	0.0	3.0	0.0	3.0	1.6660000000000004	7.334	3.0
340	0.0	4.0	0.0	2.0	0.6660000000000004	5.334	1.0
341	2.0	2.0	2.0	2.0	2.0	7.0	3.0
342	1.0	1.0	0.0	1.0	1.3330000000000002	4.667	1.0
343	0.0	2.0	0.0	1.0	1.3330000000000002	4.667	1.0
344	1.0	2.0	1.0	2.0	2.0	4.0	2.0
345	1.0	2.0	0.0	0.0	1.0	2.0	0.0
346	1.0	1.0	1.0	0.0	2.0	4.0	1.0
347	2.0	1.0	1.0	0.0	2.0	4.0	1.0
348	1.0	0.0	1.0	0.0	0.6680000000000001	2.332	1.0
349	2.0	1.0	1.0	0.0	1.3360000000000003	4.664	1.0
350	1.0	0.0	0.0	0.0	0.3330000000000002	2.667	0.0
