all_syn	all_nonSyn	tip_syn	tip_nonSyn	S	N	comparisons
001	0.0	0.0	0.0	0.0	0.0	0.0	0.0
002	1.0	2.0	1.0	2.0	0.3330000000000002	2.667	1.0
003	3.0	3.0	2.0	2.0	6.0	12.0	4.0
004	2.0	5.0	1.0	5.0	6.0	12.0	5.0
005	2.0	1.0	2.0	1.0	2.0	4.0	2.0
006	3.0	1.0	1.0	1.0	4.4	7.6	2.0
007	1.0	5.0	1.0	4.0	2.665000000000001	15.334999999999999	5.0
008	2.0	1.0	2.0	1.0	1.3330000000000002	4.667	2.0
009	2.0	0.0	2.0	0.0	1.0	2.0	1.0
010	1.0	0.0	1.0	0.0	1.4	1.6	1.0
011	2.0	0.0	1.0	0.0	1.3360000000000003	4.664	1.0
012	0.0	0.0	0.0	0.0	0.0	0.0	0.0
013	2.0	0.0	0.0	0.0	2.4	3.6	0.0
014	2.0	0.0	1.0	0.0	2.0	4.0	1.0
015	1.0	0.0	1.0	0.0	1.0	2.0	1.0
016	1.0	0.0	1.0	0.0	0.3330000000000002	2.667	1.0
017	1.0	2.0	1.0	2.0	1.0	2.0	1.0
018	1.0	0.0	1.0	0.0	0.3330000000000002	2.667	1.0
019	1.0	0.0	1.0	0.0	0.3330000000000002	2.667	1.0
020	3.0	1.0	2.0	0.0	4.0	8.0	2.0
021	1.0	1.0	1.0	1.0	2.4	3.6	2.0
022	1.0	2.0	1.0	2.0	1.0	2.0	1.0
023	3.0	1.0	2.0	1.0	2.333	6.667	2.0
024	2.0	0.0	1.0	0.0	2.0	4.0	1.0
025	2.0	3.0	1.0	2.0	3.0010000000000003	8.998999999999999	2.0
026	0.0	1.0	0.0	1.0	0.3330000000000002	2.667	1.0
027	1.0	1.0	1.0	1.0	0.6660000000000004	5.334	2.0
028	1.0	4.0	1.0	3.0	4.0	8.0	3.0
029	0.0	5.0	0.0	3.0	1.9990000000000006	10.001	3.0
030	4.0	1.0	2.0	1.0	4.333	10.667	3.0
031	3.0	2.0	1.0	1.0	4.401	10.599	2.0
032	2.0	2.0	1.0	2.0	2.3990000000000005	9.600999999999999	3.0
033	3.0	4.0	2.0	2.0	6.333	14.667	4.0
034	1.0	3.0	1.0	1.0	1.9990000000000006	10.001	2.0
035	3.0	0.0	2.0	0.0	3.8	5.2	2.0
036	1.0	4.0	1.0	1.0	3.333	8.667	2.0
037	2.0	2.0	2.0	2.0	2.0	4.0	2.0
038	1.0	2.0	1.0	2.0	1.3330000000000002	4.667	2.0
039	4.0	1.0	3.0	1.0	4.0	8.0	3.0
040	3.0	2.0	2.0	1.0	4.0	8.0	3.0
041	1.0	4.0	0.0	2.0	1.665000000000001	13.334999999999999	2.0
042	1.0	1.0	0.0	0.0	2.0	4.0	0.0
043	1.0	3.0	1.0	1.0	3.733	8.267	2.0
044	1.0	3.0	1.0	3.0	1.3320000000000007	10.668	4.0
045	2.0	3.0	2.0	3.0	1.9990000000000006	10.001	4.0
046	1.0	1.0	1.0	1.0	1.6680000000000001	4.332	2.0
047	0.0	0.0	0.0	0.0	0.0	0.0	0.0
048	2.0	1.0	2.0	1.0	2.3360000000000003	6.664	3.0
049	0.0	0.0	0.0	0.0	0.0	0.0	0.0
050	1.0	3.0	1.0	2.0	3.736	8.264	3.0
051	0.0	0.0	0.0	0.0	0.0	0.0	0.0
052	3.0	0.0	3.0	0.0	3.0	6.0	3.0
053	2.0	0.0	0.0	0.0	0.6660000000000004	5.334	0.0
054	3.0	0.0	2.0	0.0	0.9990000000000006	8.001	2.0
055	1.0	2.0	1.0	1.0	3.0	6.0	2.0
056	1.0	0.0	1.0	0.0	1.0	2.0	1.0
057	3.0	2.0	2.0	1.0	3.736	8.264	2.0
058	0.0	3.0	0.0	2.0	1.6660000000000004	7.334	2.0
059	3.0	1.0	3.0	1.0	4.0	8.0	4.0
060	2.0	1.0	1.0	0.0	3.0	6.0	1.0
061	1.0	4.0	0.0	3.0	1.9990000000000006	10.001	2.0
062	1.0	2.0	0.0	0.0	0.6660000000000004	5.334	0.0
063	2.0	3.0	2.0	0.0	4.068	7.932	2.0
064	5.0	2.0	4.0	2.0	4.736	10.264	4.0
065	1.0	1.0	1.0	1.0	0.6660000000000004	5.334	2.0
066	2.0	2.0	2.0	2.0	3.333	8.667	4.0
067	3.0	2.0	3.0	2.0	3.0	6.0	3.0
068	3.0	2.0	2.0	1.0	5.0	10.0	3.0
069	3.0	1.0	2.0	1.0	3.0	6.0	2.0
070	4.0	0.0	1.0	0.0	4.0	8.0	1.0
071	0.0	3.0	0.0	2.0	2.068	6.932	2.0
072	3.0	1.0	2.0	1.0	4.0	8.0	3.0
073	2.0	1.0	1.0	1.0	2.668	6.332	2.0
074	2.0	0.0	0.0	0.0	2.0	4.0	0.0
075	2.0	0.0	2.0	0.0	2.0	4.0	2.0
076	2.0	0.0	1.0	0.0	0.6660000000000004	5.334	1.0
077	0.0	0.0	0.0	0.0	0.0	0.0	0.0
078	0.0	0.0	0.0	0.0	0.0	0.0	0.0
079	0.0	1.0	0.0	1.0	0.3330000000000002	2.667	1.0
080	1.0	2.0	1.0	2.0	1.0	2.0	1.0
081	1.0	3.0	0.0	1.0	1.9990000000000006	10.001	1.0
082	2.0	0.0	0.0	0.0	0.6660000000000004	5.334	0.0
083	0.0	4.0	0.0	2.0	3.0010000000000003	8.998999999999999	2.0
084	1.0	0.0	1.0	0.0	1.0	2.0	1.0
085	2.0	0.0	2.0	0.0	2.0	4.0	2.0
086	1.0	2.0	0.0	1.0	0.6660000000000004	5.334	1.0
087	4.0	0.0	2.0	0.0	4.0	8.0	2.0
088	3.0	0.0	0.0	0.0	3.0	6.0	0.0
089	2.0	0.0	1.0	0.0	0.6660000000000004	5.334	1.0
090	0.0	1.0	0.0	1.0	0.6680000000000001	2.332	1.0
091	2.0	2.0	1.0	2.0	1.3330000000000002	4.667	1.0
092	3.0	0.0	1.0	0.0	3.0	6.0	1.0
093	3.0	3.0	2.0	2.0	6.0	12.0	4.0
094	3.0	2.0	3.0	2.0	4.0	8.0	4.0
095	3.0	0.0	1.0	0.0	3.8	5.2	1.0
096	1.0	3.0	1.0	2.0	3.0	6.0	2.0
097	0.0	0.0	0.0	0.0	0.0	0.0	0.0
098	3.0	3.0	0.0	2.0	4.0	8.0	1.0
099	1.0	0.0	0.0	0.0	1.0	2.0	0.0
100	1.0	0.0	1.0	0.0	1.0	2.0	1.0
101	3.0	4.0	2.0	2.0	5.333	12.667	3.0
102	3.0	0.0	2.0	0.0	2.0040000000000004	6.9959999999999996	2.0
103	2.0	0.0	1.0	0.0	2.0	4.0	1.0
104	1.0	0.0	0.0	0.0	0.3330000000000002	2.667	0.0
105	3.0	1.0	2.0	1.0	3.4	5.6	2.0
106	3.0	0.0	2.0	0.0	3.0	6.0	2.0
107	1.0	0.0	1.0	0.0	0.3330000000000002	2.667	1.0
108	3.0	0.0	2.0	0.0	3.0	6.0	2.0
109	0.0	0.0	0.0	0.0	0.0	0.0	0.0
110	4.0	0.0	3.0	0.0	2.3360000000000003	6.664	2.0
111	4.0	0.0	1.0	0.0	2.668	6.332	1.0
112	0.0	3.0	0.0	2.0	1.6660000000000004	7.334	2.0
113	4.0	3.0	3.0	2.0	6.536	14.463999999999999	5.0
114	1.0	0.0	1.0	0.0	0.3330000000000002	2.667	1.0
115	1.0	0.0	1.0	0.0	1.0	2.0	1.0
116	1.0	0.0	1.0	0.0	0.3330000000000002	2.667	1.0
117	1.0	4.0	1.0	2.0	1.3330000000000002	4.667	1.0
118	2.0	0.0	1.0	0.0	0.6660000000000004	5.334	1.0
119	3.0	3.0	1.0	2.0	3.6660000000000004	11.334	3.0
120	1.0	3.0	0.0	1.0	3.668	8.332	1.0
121	2.0	4.0	1.0	2.0	3.0	6.0	2.0
122	1.0	0.0	0.0	0.0	1.0	2.0	0.0
123	2.0	5.0	0.0	2.0	4.001	10.998999999999999	2.0
124	1.0	0.0	0.0	0.0	0.3330000000000002	2.667	0.0
125	2.0	0.0	1.0	0.0	2.0	4.0	1.0
126	3.0	0.0	1.0	0.0	3.0	6.0	1.0
127	3.0	0.0	2.0	0.0	3.0	6.0	2.0
128	3.0	0.0	2.0	0.0	3.0	6.0	2.0
129	2.0	2.0	1.0	2.0	1.6660000000000004	7.334	2.0
130	4.0	0.0	3.0	0.0	2.3360000000000003	6.664	2.0
131	2.0	0.0	2.0	0.0	0.6660000000000004	5.334	2.0
132	0.0	0.0	0.0	0.0	0.0	0.0	0.0
133	1.0	1.0	1.0	1.0	1.0	2.0	1.0
134	2.0	3.0	1.0	3.0	3.668	8.332	3.0
135	1.0	0.0	1.0	0.0	1.0	2.0	1.0
136	3.0	0.0	1.0	0.0	3.068	5.932	1.0
137	3.0	1.0	2.0	1.0	2.3360000000000003	6.664	2.0
138	1.0	0.0	1.0	0.0	0.3330000000000002	2.667	1.0
139	0.0	1.0	0.0	0.0	1.0	2.0	0.0
140	1.0	0.0	0.0	0.0	1.0	2.0	0.0
141	1.0	0.0	0.0	0.0	0.3330000000000002	2.667	0.0
142	0.0	4.0	0.0	2.0	1.6660000000000004	7.334	2.0
143	1.0	4.0	1.0	2.0	2.6660000000000004	9.334	3.0
144	1.0	3.0	1.0	1.0	1.6670000000000007	10.332999999999998	2.0
145	4.0	3.0	2.0	3.0	3.668	8.332	2.0
146	3.0	4.0	2.0	2.0	3.0660000000000003	8.934	2.0
147	0.0	0.0	0.0	0.0	0.0	0.0	0.0
148	0.0	0.0	0.0	0.0	0.0	0.0	0.0
149	0.0	0.0	0.0	0.0	0.0	0.0	0.0
150	0.0	0.0	0.0	0.0	0.0	0.0	0.0
151	0.0	0.0	0.0	0.0	0.0	0.0	0.0
152	0.0	0.0	0.0	0.0	0.0	0.0	0.0
153	0.0	0.0	0.0	0.0	0.0	0.0	0.0
154	2.0	3.0	1.0	3.0	3.4	5.6	2.0
155	2.0	5.0	2.0	4.0	2.3320000000000007	12.668	4.0
156	3.0	2.0	1.0	1.0	3.668	8.332	2.0
157	4.0	0.0	3.0	0.0	4.0	8.0	3.0
158	3.0	2.0	3.0	2.0	2.0	4.0	2.0
159	1.0	4.0	0.0	1.0	1.6660000000000004	7.334	1.0
160	2.0	1.0	2.0	1.0	1.3330000000000002	4.667	2.0
161	1.0	2.0	1.0	2.0	1.4	1.6	1.0
162	3.0	2.0	2.0	0.0	2.6670000000000007	12.333	2.0
163	2.0	3.0	2.0	3.0	3.333	8.667	4.0
164	2.0	0.0	2.0	0.0	0.6660000000000004	5.334	2.0
165	1.0	1.0	1.0	0.0	2.0	4.0	1.0
166	3.0	1.0	1.0	1.0	1.3320000000000007	10.668	2.0
167	3.0	2.0	2.0	1.0	1.6660000000000004	7.334	2.0
168	3.0	2.0	2.0	1.0	3.0	6.0	2.0
169	2.0	0.0	2.0	0.0	1.3360000000000003	4.664	2.0
170	2.0	0.0	1.0	0.0	2.0	4.0	1.0
171	3.0	3.0	1.0	2.0	3.3320000000000007	14.668	3.0
172	2.0	1.0	1.0	1.0	2.668	6.332	2.0
173	2.0	1.0	2.0	0.0	3.0	6.0	2.0
174	2.0	2.0	0.0	1.0	2.333	6.667	1.0
175	3.0	1.0	0.0	1.0	4.0	8.0	1.0
176	3.0	2.0	2.0	2.0	3.333	8.667	3.0
177	1.0	0.0	1.0	0.0	0.3330000000000002	2.667	1.0
178	0.0	0.0	0.0	0.0	0.0	0.0	0.0
179	3.0	1.0	1.0	1.0	2.3360000000000003	6.664	1.0
180	3.0	3.0	2.0	2.0	4.736	10.264	3.0
181	2.0	0.0	2.0	0.0	2.0	4.0	2.0
182	3.0	0.0	2.0	0.0	0.9990000000000006	8.001	2.0
183	0.0	0.0	0.0	0.0	0.0	0.0	0.0
184	3.0	0.0	1.0	0.0	3.0	6.0	1.0
185	3.0	0.0	2.0	0.0	3.0	6.0	2.0
186	0.0	0.0	0.0	0.0	0.0	0.0	0.0
187	1.0	0.0	1.0	0.0	1.0	2.0	1.0
188	2.0	0.0	2.0	0.0	1.3360000000000003	4.664	2.0
189	2.0	0.0	1.0	0.0	2.0	4.0	1.0
190	3.0	0.0	2.0	0.0	3.0	6.0	2.0
191	1.0	3.0	0.0	1.0	2.333	6.667	1.0
192	2.0	1.0	2.0	0.0	0.9990000000000006	8.001	2.0
193	2.0	0.0	2.0	0.0	2.0	4.0	2.0
194	2.0	0.0	2.0	0.0	2.0	4.0	2.0
195	1.0	2.0	1.0	1.0	2.0	4.0	1.0
196	0.0	1.0	0.0	1.0	1.0	2.0	1.0
197	1.0	1.0	1.0	0.0	0.6660000000000004	5.334	1.0
198	2.0	0.0	2.0	0.0	0.6660000000000004	5.334	2.0
199	3.0	0.0	2.0	0.0	3.0	6.0	2.0
200	1.0	3.0	1.0	1.0	3.668	8.332	2.0
201	0.0	7.0	0.0	4.0	3.3320000000000007	14.668	4.0
202	1.0	0.0	1.0	0.0	1.0	2.0	1.0
203	3.0	0.0	2.0	0.0	3.0	6.0	2.0
204	2.0	1.0	2.0	0.0	2.0010000000000003	6.999	2.0
205	3.0	1.0	2.0	1.0	3.0	6.0	2.0
206	1.0	1.0	1.0	1.0	1.0	2.0	1.0
207	3.0	0.0	3.0	0.0	1.6680000000000001	4.332	2.0
208	4.0	2.0	3.0	1.0	4.0	8.0	3.0
209	1.0	3.0	0.0	3.0	0.6660000000000004	8.334	2.0
210	2.0	2.0	0.0	1.0	2.6660000000000004	9.334	1.0
211	1.0	1.0	1.0	1.0	0.6660000000000004	5.334	2.0
212	3.0	1.0	1.0	1.0	3.0	9.0	2.0
213	0.0	3.0	0.0	2.0	1.6660000000000004	7.334	2.0
214	2.0	4.0	2.0	2.0	4.001	10.998999999999999	4.0
215	1.0	0.0	1.0	0.0	1.0	2.0	1.0
216	3.0	2.0	2.0	2.0	3.333	8.667	3.0
217	4.0	0.0	3.0	0.0	4.0	8.0	3.0
218	3.0	3.0	2.0	2.0	5.0	10.0	3.0
219	2.0	2.0	1.0	2.0	3.0	6.0	2.0
220	2.0	0.0	1.0	0.0	1.3360000000000003	4.664	1.0
221	3.0	1.0	1.0	1.0	3.668	8.332	2.0
222	1.0	1.0	1.0	1.0	1.4	1.6	1.0
223	2.0	0.0	1.0	0.0	0.6660000000000004	5.334	1.0
224	3.0	0.0	2.0	0.0	3.0	6.0	2.0
225	1.0	0.0	1.0	0.0	1.0	2.0	1.0
226	2.0	0.0	2.0	0.0	0.6660000000000004	5.334	2.0
227	4.0	0.0	3.0	0.0	4.0	8.0	3.0
228	1.0	0.0	1.0	0.0	1.0	2.0	1.0
229	2.0	0.0	1.0	0.0	2.0	4.0	1.0
230	2.0	0.0	1.0	0.0	2.0	4.0	1.0
231	3.0	2.0	3.0	2.0	4.068	7.9319999999999995	4.0
232	1.0	0.0	0.0	0.0	0.3330000000000002	2.667	0.0
233	0.0	1.0	0.0	1.0	1.0	2.0	1.0
234	3.0	1.0	2.0	1.0	2.3370000000000006	9.663	3.0
235	5.0	0.0	5.0	0.0	4.736	10.264	5.0
236	3.0	2.0	0.0	1.0	2.6660000000000004	9.334	1.0
237	1.0	1.0	1.0	0.0	2.0	4.0	1.0
238	2.0	1.0	1.0	1.0	3.0	6.0	2.0
239	2.0	0.0	2.0	0.0	2.0	4.0	2.0
240	2.0	0.0	0.0	0.0	0.6660000000000004	5.334	0.0
241	3.0	0.0	3.0	0.0	3.0	6.0	3.0
242	3.0	0.0	3.0	0.0	3.068	5.932	3.0
243	2.0	0.0	2.0	0.0	0.6660000000000004	5.334	2.0
244	3.0	0.0	3.0	0.0	3.8	5.2	3.0
245	1.0	0.0	1.0	0.0	1.0	2.0	1.0
246	1.0	0.0	1.0	0.0	1.0	2.0	1.0
247	2.0	0.0	1.0	0.0	0.6660000000000004	5.334	1.0
248	2.0	0.0	1.0	0.0	2.0	4.0	1.0
249	1.0	0.0	1.0	0.0	0.3330000000000002	2.667	1.0
250	1.0	0.0	0.0	0.0	0.3330000000000002	2.667	0.0
251	3.0	1.0	3.0	1.0	3.0	6.0	3.0
252	1.0	4.0	0.0	1.0	1.6660000000000004	7.334	1.0
253	4.0	0.0	1.0	0.0	3.668	8.332	1.0
254	1.0	0.0	0.0	0.0	0.3330000000000002	2.667	0.0
255	2.0	4.0	0.0	3.0	1.6680000000000001	10.332	2.0
256	1.0	2.0	1.0	1.0	1.6680000000000001	4.332	1.0
257	2.0	0.0	2.0	0.0	2.0	4.0	2.0
258	3.0	1.0	2.0	1.0	2.668	6.332	2.0
259	3.0	4.0	1.0	2.0	3.333	8.667	2.0
260	1.0	0.0	1.0	0.0	0.3330000000000002	2.667	1.0
261	2.0	0.0	2.0	0.0	2.0	4.0	2.0
262	2.0	3.0	1.0	1.0	4.668	10.332	2.0
263	2.0	3.0	1.0	1.0	1.6660000000000004	7.334	2.0
264	3.0	2.0	1.0	1.0	2.6660000000000004	9.334	1.0
265	2.0	3.0	1.0	1.0	2.0020000000000007	9.998	2.0
266	1.0	3.0	0.0	2.0	3.333	8.667	2.0
267	1.0	2.0	1.0	1.0	2.0	4.0	1.0
268	0.0	0.0	0.0	0.0	0.0	0.0	0.0
