pos	Sd	Nd	Sd_tip	Nd_tip	S	N	comparisons
001	0.0	0.0	0.0	0.0	0.0	0.0	0.0
002	0.0	1.0	0.0	0.0	0.3330000000000002	2.667	0.0
003	0.0	2.0	0.0	0.0	0.6680000000000001	5.332	0.0
004	0.0	2.0	0.0	0.0	0.3330000000000002	2.667	0.0
005	1.0	3.0	0.0	0.0	2.333	6.667	0.0
006	2.0	1.0	0.0	0.0	3.0	6.0	0.0
007	1.0	2.0	0.0	0.0	2.333	6.667	0.0
008	2.0	0.0	0.0	0.0	2.0	4.0	0.0
009	2.0	3.0	0.0	0.0	2.4010000000000002	6.599	0.0
010	1.0	1.0	0.0	0.0	2.0	4.0	0.0
011	1.0	4.0	0.0	0.0	3.0010000000000003	8.998999999999999	0.0
012	2.0	2.0	0.0	0.0	2.333	6.667	0.0
013	2.0	1.0	0.0	0.0	2.4	3.6	0.0
014	0.0	2.0	0.0	0.0	0.6680000000000001	2.332	0.0
015	1.0	3.0	0.0	0.0	2.668	6.332	0.0
016	0.0	2.0	0.0	0.0	1.0	2.0	0.0
017	1.0	1.0	0.0	0.0	2.0	4.0	0.0
018	1.0	1.0	0.0	0.0	2.0	4.0	0.0
019	1.0	1.0	0.0	0.0	2.0	4.0	0.0
020	0.0	2.0	0.0	0.0	1.0	2.0	0.0
021	0.0	3.0	0.0	0.0	1.3330000000000002	4.667	0.0
022	1.0	2.0	0.0	0.0	1.3330000000000002	4.667	0.0
023	1.0	1.0	0.0	0.0	2.0	4.0	0.0
024	1.0	0.0	0.0	0.0	1.0	2.0	0.0
025	1.0	2.0	0.0	0.0	1.0	2.0	0.0
026	0.0	1.0	0.0	0.0	1.0	2.0	0.0
027	0.0	2.0	0.0	0.0	0.3330000000000002	2.667	0.0
028	0.0	0.0	0.0	0.0	0.0	0.0	0.0
029	0.0	0.0	0.0	0.0	0.0	0.0	0.0
030	0.0	0.0	0.0	0.0	0.0	0.0	0.0
031	0.0	0.0	0.0	0.0	0.0	0.0	0.0
032	0.0	0.0	0.0	0.0	0.0	0.0	0.0
033	0.0	0.0	0.0	0.0	0.0	0.0	0.0
034	0.0	0.0	0.0	0.0	0.0	0.0	0.0
035	0.0	0.0	0.0	0.0	0.0	0.0	0.0
036	0.0	0.0	0.0	0.0	0.0	0.0	0.0
037	0.0	0.0	0.0	0.0	0.0	0.0	0.0
038	0.0	0.0	0.0	0.0	0.0	0.0	0.0
039	0.0	0.0	0.0	0.0	0.0	0.0	0.0
040	0.0	0.0	0.0	0.0	0.0	0.0	0.0
041	0.0	0.0	0.0	0.0	0.0	0.0	0.0
042	0.0	0.0	0.0	0.0	0.0	0.0	0.0
043	0.0	0.0	0.0	0.0	0.0	0.0	0.0
044	0.0	0.0	0.0	0.0	0.0	0.0	0.0
045	0.0	1.0	0.0	0.0	1.0	2.0	0.0
046	1.0	1.0	0.0	0.0	1.0	2.0	0.0
047	1.0	2.0	0.0	0.0	3.0	6.0	0.0
048	1.0	3.0	0.0	0.0	2.668	6.332	0.0
049	2.0	2.0	0.0	0.0	3.0	6.0	0.0
050	1.0	2.0	0.0	0.0	2.333	6.667	0.0
051	1.0	2.0	0.0	0.0	1.6660000000000004	7.334	0.0
052	0.0	0.0	0.0	0.0	0.0	0.0	0.0
053	1.0	2.0	0.0	0.0	1.3330000000000002	4.667	0.0
054	2.0	3.0	0.0	0.0	2.333	6.667	0.0
055	1.0	1.0	0.0	0.0	1.0	2.0	0.0
056	2.0	0.0	0.0	0.0	0.6680000000000001	2.332	0.0
057	0.0	1.0	0.0	0.0	1.0	2.0	0.0
058	2.0	1.0	0.0	0.0	1.0	2.0	0.0
059	1.0	0.0	0.0	0.0	1.0	2.0	0.0
060	1.0	1.0	0.0	0.0	1.0	2.0	0.0
061	0.0	0.0	0.0	0.0	0.0	0.0	0.0
062	1.0	0.0	0.0	0.0	1.0	2.0	0.0
063	1.0	2.0	0.0	0.0	1.0	2.0	0.0
064	1.0	2.0	0.0	0.0	2.068	3.932	0.0
065	1.0	3.0	0.0	0.0	2.333	6.667	0.0
066	1.0	2.0	0.0	0.0	1.0	2.0	0.0
067	2.0	3.0	0.0	0.0	3.0	6.0	0.0
068	2.0	3.0	0.0	0.0	1.9990000000000006	10.001	0.0
069	1.0	2.0	0.0	0.0	1.3330000000000002	4.667	0.0
070	1.0	3.0	0.0	0.0	1.0010000000000003	4.999	0.0
071	1.0	1.0	0.0	0.0	2.0	4.0	0.0
072	1.0	1.0	0.0	0.0	1.3330000000000002	4.667	0.0
073	0.0	0.0	0.0	0.0	0.0	0.0	0.0
074	0.0	0.0	0.0	0.0	0.0	0.0	0.0
075	0.0	0.0	0.0	0.0	0.0	0.0	0.0
076	0.0	0.0	0.0	0.0	0.0	0.0	0.0
077	0.0	0.0	0.0	0.0	0.0	0.0	0.0
078	0.0	0.0	0.0	0.0	0.0	0.0	0.0
079	0.0	0.0	0.0	0.0	0.0	0.0	0.0
080	0.0	0.0	0.0	0.0	0.0	0.0	0.0
081	0.0	0.0	0.0	0.0	0.0	0.0	0.0
082	0.0	0.0	0.0	0.0	0.0	0.0	0.0
083	1.0	0.0	0.0	0.0	1.0	2.0	0.0
084	1.0	2.0	0.0	0.0	1.0	2.0	0.0
085	0.0	0.0	0.0	0.0	0.0	0.0	0.0
086	0.0	0.0	0.0	0.0	0.0	0.0	0.0
087	0.0	0.0	0.0	0.0	0.0	0.0	0.0
088	1.0	1.0	0.0	0.0	1.0	2.0	0.0
089	1.0	3.0	0.0	0.0	2.0	4.0	0.0
090	2.0	3.0	0.0	1.0	3.0	6.0	1.0
091	2.0	4.0	1.0	0.0	4.668	10.332	1.0
092	1.0	3.0	0.0	1.0	3.333	8.667	1.0
093	2.0	4.0	0.0	0.0	1.6660000000000004	7.334	0.0
094	1.0	2.0	0.0	2.0	2.333	6.667	2.0
095	1.0	2.0	0.0	2.0	1.6680000000000001	4.332	1.0
096	1.0	6.0	0.0	1.0	2.9990000000000006	12.001	1.0
097	1.0	4.0	0.0	2.0	4.333	10.667	2.0
098	1.0	5.0	0.0	3.0	2.6690000000000005	9.331	2.0
099	1.0	2.0	0.0	0.0	1.0	2.0	0.0
100	1.0	1.0	1.0	1.0	2.0	4.0	2.0
101	1.0	3.0	0.0	1.0	2.0010000000000003	6.999	1.0
102	1.0	3.0	0.0	1.0	3.668	8.332	1.0
103	2.0	2.0	1.0	1.0	3.0	6.0	1.0
104	0.0	1.0	0.0	0.0	0.3330000000000002	2.667	0.0
105	2.0	1.0	1.0	0.0	3.0	6.0	1.0
106	2.0	2.0	0.0	1.0	4.0	8.0	1.0
107	1.0	1.0	0.0	0.0	1.0	2.0	0.0
108	1.0	0.0	0.0	0.0	0.3330000000000002	2.667	0.0
109	1.0	2.0	0.0	0.0	1.0	2.0	0.0
110	1.0	2.0	1.0	0.0	2.333	6.667	1.0
111	1.0	3.0	0.0	1.0	1.6660000000000004	7.334	1.0
112	0.0	4.0	0.0	0.0	1.0010000000000003	4.999	0.0
113	1.0	3.0	0.0	2.0	2.3360000000000003	6.664	2.0
114	1.0	1.0	0.0	0.0	1.0	2.0	0.0
115	1.0	2.0	0.0	0.0	1.0	2.0	0.0
116	1.0	2.0	0.0	0.0	0.6680000000000001	2.332	0.0
117	0.0	0.0	0.0	0.0	0.0	0.0	0.0
118	0.0	1.0	0.0	0.0	1.0	2.0	0.0
119	0.0	0.0	0.0	0.0	0.0	0.0	0.0
120	0.0	1.0	0.0	1.0	1.0	2.0	1.0
121	0.0	0.0	0.0	0.0	0.0	0.0	0.0
122	0.0	2.0	0.0	0.0	1.0	2.0	0.0
123	0.0	0.0	0.0	0.0	0.0	0.0	0.0
124	0.0	1.0	0.0	1.0	1.0	2.0	1.0
125	0.0	0.0	0.0	0.0	0.0	0.0	0.0
126	0.0	0.0	0.0	0.0	0.0	0.0	0.0
127	0.0	0.0	0.0	0.0	0.0	0.0	0.0
128	0.0	0.0	0.0	0.0	0.0	0.0	0.0
129	1.0	3.0	0.0	2.0	1.3320000000000007	10.668	2.0
130	0.0	0.0	0.0	0.0	0.0	0.0	0.0
131	1.0	0.0	1.0	0.0	1.0	2.0	1.0
132	0.0	0.0	0.0	0.0	0.0	0.0	0.0
133	0.0	0.0	0.0	0.0	0.0	0.0	0.0
134	0.0	2.0	0.0	2.0	0.6660000000000004	5.334	2.0
135	2.0	0.0	1.0	0.0	2.0	4.0	1.0
136	2.0	0.0	1.0	0.0	2.0	4.0	1.0
137	1.0	0.0	0.0	0.0	1.0	2.0	0.0
138	0.0	2.0	0.0	2.0	1.3330000000000002	4.667	2.0
139	0.0	0.0	0.0	0.0	0.0	0.0	0.0
140	1.0	0.0	1.0	0.0	0.3330000000000002	2.667	1.0
141	3.0	0.0	2.0	0.0	2.0040000000000004	6.9959999999999996	2.0
142	1.0	0.0	1.0	0.0	0.3330000000000002	2.667	1.0
143	0.0	0.0	0.0	0.0	0.0	0.0	0.0
144	0.0	0.0	0.0	0.0	0.0	0.0	0.0
145	2.0	0.0	1.0	0.0	0.6660000000000004	5.334	1.0
146	1.0	0.0	1.0	0.0	0.3330000000000002	2.667	1.0
147	2.0	0.0	1.0	0.0	0.6660000000000004	5.334	1.0
148	3.0	0.0	3.0	0.0	3.0	6.0	3.0
149	1.0	0.0	1.0	0.0	1.4	1.6	1.0
150	2.0	0.0	2.0	0.0	0.6660000000000004	5.334	2.0
151	1.0	0.0	1.0	0.0	0.3330000000000002	2.667	1.0
152	2.0	0.0	0.0	0.0	0.6660000000000004	5.334	0.0
153	0.0	0.0	0.0	0.0	0.0	0.0	0.0
154	4.0	1.0	3.0	0.0	2.000000000000001	12.999999999999998	3.0
155	4.0	0.0	2.0	0.0	4.0	8.0	2.0
156	1.0	0.0	1.0	0.0	0.3330000000000002	2.667	1.0
157	3.0	0.0	2.0	0.0	3.0	6.0	2.0
158	3.0	3.0	2.0	1.0	3.333	8.667	3.0
159	2.0	0.0	1.0	0.0	2.0	4.0	1.0
160	1.0	0.0	1.0	0.0	0.3330000000000002	2.667	1.0
161	2.0	0.0	1.0	0.0	0.6660000000000004	5.334	1.0
162	1.0	0.0	1.0	0.0	1.0	2.0	1.0
163	0.0	0.0	0.0	0.0	0.0	0.0	0.0
164	2.0	0.0	1.0	0.0	2.0	4.0	1.0
165	0.0	0.0	0.0	0.0	0.0	0.0	0.0
166	1.0	0.0	1.0	0.0	1.0	2.0	1.0
167	1.0	0.0	1.0	0.0	0.6680000000000001	2.332	1.0
168	1.0	0.0	1.0	0.0	1.0	2.0	1.0
169	0.0	0.0	0.0	0.0	0.0	0.0	0.0
170	2.0	1.0	2.0	1.0	1.6660000000000004	7.334	3.0
171	1.0	0.0	1.0	0.0	0.3330000000000002	2.667	1.0
172	1.0	0.0	0.0	0.0	0.3330000000000002	2.667	0.0
173	1.0	1.0	1.0	1.0	2.0	4.0	2.0
174	3.0	2.0	3.0	2.0	4.0	8.0	4.0
175	2.0	0.0	0.0	0.0	2.4	3.6	0.0
176	0.0	1.0	0.0	0.0	1.0	2.0	0.0
177	3.0	0.0	2.0	0.0	1.6680000000000001	4.332	1.0
178	1.0	0.0	1.0	0.0	0.3330000000000002	2.667	1.0
179	1.0	0.0	1.0	0.0	0.3330000000000002	2.667	1.0
180	3.0	0.0	2.0	0.0	0.9990000000000006	8.001	2.0
181	1.0	0.0	0.0	0.0	0.3330000000000002	2.667	0.0
182	1.0	0.0	0.0	0.0	1.4	1.6	0.0
183	0.0	0.0	0.0	0.0	0.0	0.0	0.0
184	1.0	2.0	1.0	1.0	1.3340000000000005	7.6659999999999995	2.0
185	2.0	0.0	2.0	0.0	0.6660000000000004	5.334	2.0
186	2.0	0.0	1.0	0.0	2.4	3.6	1.0
187	1.0	0.0	1.0	0.0	0.3330000000000002	2.667	1.0
188	2.0	0.0	0.0	0.0	0.6660000000000004	5.334	0.0
189	1.0	0.0	0.0	0.0	0.3330000000000002	2.667	0.0
190	2.0	0.0	1.0	0.0	0.6660000000000004	5.334	1.0
191	1.0	1.0	1.0	0.0	1.3330000000000002	4.667	1.0
192	3.0	1.0	2.0	0.0	3.0	9.0	2.0
193	0.0	0.0	0.0	0.0	0.0	0.0	0.0
194	0.0	0.0	0.0	0.0	0.0	0.0	0.0
195	3.0	0.0	2.0	0.0	3.4	5.6	2.0
196	0.0	0.0	0.0	0.0	0.0	0.0	0.0
197	0.0	0.0	0.0	0.0	0.0	0.0	0.0
198	2.0	2.0	1.0	1.0	2.333	6.667	2.0
199	0.0	0.0	0.0	0.0	0.0	0.0	0.0
200	3.0	0.0	2.0	0.0	0.9990000000000006	8.001	2.0
201	3.0	0.0	3.0	0.0	3.0	6.0	3.0
202	1.0	0.0	1.0	0.0	0.3330000000000002	2.667	1.0
203	0.0	0.0	0.0	0.0	0.0	0.0	0.0
204	3.0	0.0	2.0	0.0	2.0040000000000004	6.9959999999999996	2.0
205	2.0	1.0	1.0	1.0	3.0	6.0	2.0
206	4.0	0.0	3.0	0.0	2.668	6.332	2.0
207	2.0	0.0	2.0	0.0	2.0	4.0	2.0
208	3.0	1.0	1.0	1.0	3.0	9.0	2.0
209	2.0	1.0	1.0	0.0	0.9990000000000006	8.001	1.0
210	1.0	2.0	1.0	1.0	0.9990000000000006	8.001	2.0
211	3.0	4.0	2.0	4.0	5.736	12.264	5.0
212	2.0	0.0	2.0	0.0	2.0	4.0	2.0
213	1.0	0.0	1.0	0.0	0.3330000000000002	2.667	1.0
214	0.0	0.0	0.0	0.0	0.0	0.0	0.0
215	2.0	1.0	2.0	0.0	3.0	6.0	2.0
216	0.0	1.0	0.0	1.0	0.3330000000000002	2.667	1.0
217	2.0	0.0	2.0	0.0	0.6660000000000004	5.334	2.0
218	1.0	1.0	0.0	1.0	1.3330000000000002	4.667	1.0
219	2.0	1.0	1.0	1.0	1.6680000000000001	4.332	1.0
220	1.0	0.0	1.0	0.0	1.0	2.0	1.0
221	3.0	1.0	2.0	0.0	1.9990000000000006	10.001	2.0
222	0.0	1.0	0.0	0.0	0.3330000000000002	2.667	0.0
223	0.0	1.0	0.0	0.0	1.0	2.0	0.0
224	0.0	0.0	0.0	0.0	0.0	0.0	0.0
225	0.0	3.0	0.0	2.0	0.9990000000000006	8.001	2.0
226	1.0	1.0	0.0	1.0	1.3330000000000002	4.667	1.0
227	1.0	1.0	0.0	1.0	1.3330000000000002	4.667	1.0
228	2.0	2.0	1.0	2.0	2.6660000000000004	9.334	3.0
229	2.0	3.0	2.0	1.0	4.336	10.664	3.0
230	2.0	1.0	1.0	1.0	3.0	6.0	2.0
231	2.0	1.0	1.0	1.0	2.736	6.263999999999999	2.0
232	0.0	0.0	0.0	0.0	0.0	0.0	0.0
233	4.0	1.0	2.0	0.0	4.001	10.998999999999999	2.0
234	1.0	0.0	1.0	0.0	0.3330000000000002	2.667	1.0
235	2.0	0.0	0.0	0.0	2.0	4.0	0.0
236	4.0	0.0	1.0	0.0	3.0	6.0	1.0
237	2.0	0.0	0.0	0.0	0.6660000000000004	5.334	0.0
238	2.0	0.0	2.0	0.0	2.0	4.0	2.0
239	0.0	1.0	0.0	1.0	0.0	3.0	1.0
240	0.0	0.0	0.0	0.0	0.0	0.0	0.0
241	1.0	0.0	0.0	0.0	0.3330000000000002	2.667	0.0
242	0.0	0.0	0.0	0.0	0.0	0.0	0.0
243	2.0	0.0	2.0	0.0	0.6660000000000004	5.334	2.0
244	3.0	1.0	2.0	1.0	3.468	8.532	3.0
245	1.0	0.0	0.0	0.0	1.4	1.6	0.0
246	1.0	0.0	1.0	0.0	1.0	2.0	1.0
247	1.0	0.0	1.0	0.0	0.3330000000000002	2.667	1.0
248	5.0	1.0	3.0	1.0	5.0	10.0	3.0
249	0.0	0.0	0.0	0.0	0.0	0.0	0.0
250	2.0	1.0	2.0	0.0	0.9990000000000006	8.001	2.0
251	2.0	2.0	1.0	1.0	2.668	6.332	2.0
252	2.0	0.0	1.0	0.0	2.4	3.6	1.0
253	3.0	0.0	3.0	0.0	3.0	6.0	3.0
254	3.0	0.0	2.0	0.0	3.8	5.2	2.0
255	3.0	2.0	2.0	2.0	2.668	6.332	2.0
256	0.0	1.0	0.0	0.0	0.3330000000000002	2.667	0.0
257	2.0	0.0	2.0	0.0	0.6660000000000004	5.334	2.0
258	3.0	0.0	3.0	0.0	2.0040000000000004	6.9959999999999996	3.0
259	3.0	0.0	1.0	0.0	0.9990000000000006	8.001	1.0
260	3.0	0.0	1.0	0.0	3.0	6.0	1.0
261	2.0	0.0	1.0	0.0	0.6660000000000004	5.334	1.0
262	1.0	0.0	1.0	0.0	0.6680000000000001	2.332	1.0
263	3.0	2.0	0.0	1.0	3.668	8.332	1.0
264	2.0	0.0	2.0	0.0	2.0	4.0	2.0
265	1.0	0.0	1.0	0.0	0.3330000000000002	2.667	1.0
266	1.0	1.0	0.0	0.0	1.3330000000000002	4.667	0.0
267	1.0	0.0	1.0	0.0	0.3330000000000002	2.667	1.0
268	0.0	0.0	0.0	0.0	0.0	0.0	0.0
269	3.0	0.0	2.0	0.0	3.0	6.0	2.0
270	1.0	0.0	1.0	0.0	0.3330000000000002	2.667	1.0
271	1.0	0.0	1.0	0.0	0.3330000000000002	2.667	1.0
272	0.0	0.0	0.0	0.0	0.0	0.0	0.0
273	0.0	0.0	0.0	0.0	0.0	0.0	0.0
274	0.0	0.0	0.0	0.0	0.0	0.0	0.0
275	0.0	0.0	0.0	0.0	0.0	0.0	0.0
276	1.0	0.0	0.0	0.0	1.0	2.0	0.0
277	2.0	0.0	1.0	0.0	2.0	4.0	1.0
278	2.0	0.0	1.0	0.0	2.0	4.0	1.0
279	1.0	0.0	1.0	0.0	1.0	2.0	1.0
280	1.0	2.0	1.0	2.0	1.6680000000000001	4.332	2.0
281	2.0	0.0	1.0	0.0	2.0	4.0	1.0
282	2.0	0.0	1.0	0.0	2.0	4.0	1.0
283	2.0	0.0	1.0	0.0	2.0	4.0	1.0
284	3.0	0.0	1.0	0.0	2.668	6.332	1.0
285	1.0	0.0	1.0	0.0	0.3330000000000002	2.667	1.0
286	0.0	0.0	0.0	0.0	0.0	0.0	0.0
287	4.0	1.0	3.0	1.0	1.3320000000000007	10.668	3.0
288	3.0	3.0	3.0	1.0	1.9990000000000006	10.001	3.0
289	0.0	0.0	0.0	0.0	0.0	0.0	0.0
290	3.0	2.0	1.0	2.0	3.4	5.6	1.0
291	1.0	1.0	0.0	1.0	2.0	4.0	1.0
292	1.0	1.0	1.0	1.0	0.6660000000000004	5.334	2.0
293	1.0	0.0	1.0	0.0	1.0	2.0	1.0
294	0.0	1.0	0.0	1.0	0.6680000000000001	2.332	1.0
295	1.0	0.0	0.0	0.0	0.3330000000000002	2.667	0.0
296	0.0	0.0	0.0	0.0	0.0	0.0	0.0
297	0.0	1.0	0.0	1.0	0.6680000000000001	2.332	1.0
298	1.0	0.0	0.0	0.0	1.0	2.0	0.0
299	0.0	0.0	0.0	0.0	0.0	0.0	0.0
300	1.0	0.0	1.0	0.0	0.3330000000000002	2.667	1.0
301	1.0	1.0	0.0	0.0	0.3330000000000002	2.667	0.0
302	0.0	1.0	0.0	1.0	0.3330000000000002	2.667	1.0
303	0.0	3.0	0.0	1.0	1.3330000000000002	4.667	1.0
304	2.0	1.0	1.0	1.0	2.668	6.332	2.0
305	2.0	0.0	0.0	0.0	0.6660000000000004	5.334	0.0
306	2.0	1.0	2.0	0.0	3.0	6.0	2.0
307	1.0	1.0	0.0	1.0	1.3330000000000002	4.667	1.0
308	0.0	0.0	0.0	0.0	0.0	0.0	0.0
309	1.0	0.0	0.0	0.0	0.3330000000000002	2.667	0.0
310	1.0	1.0	1.0	1.0	0.6660000000000004	5.334	2.0
311	4.0	0.0	2.0	0.0	4.8	7.2	2.0
312	1.0	1.0	1.0	1.0	1.3330000000000002	4.667	2.0
313	1.0	0.0	0.0	0.0	0.3330000000000002	2.667	0.0
314	1.0	2.0	1.0	1.0	3.0	6.0	2.0
315	3.0	0.0	2.0	0.0	3.8	5.2	2.0
316	0.0	1.0	0.0	0.0	0.3330000000000002	2.667	0.0
317	1.0	2.0	1.0	1.0	2.333	6.667	2.0
318	4.0	0.0	3.0	0.0	4.0	8.0	3.0
319	3.0	4.0	1.0	1.0	5.3340000000000005	15.666	2.0
320	1.0	0.0	1.0	0.0	1.0	2.0	1.0
321	3.0	1.0	1.0	1.0	1.9990000000000006	10.001	2.0
322	3.0	0.0	2.0	0.0	2.736	6.263999999999999	2.0
323	2.0	0.0	1.0	0.0	0.6660000000000004	5.334	1.0
324	0.0	0.0	0.0	0.0	0.0	0.0	0.0
325	3.0	1.0	1.0	1.0	4.0	8.0	2.0
326	2.0	0.0	1.0	0.0	0.6660000000000004	5.334	1.0
327	4.0	0.0	4.0	0.0	4.0	8.0	4.0
328	2.0	0.0	2.0	0.0	2.0	4.0	2.0
329	2.0	2.0	1.0	2.0	2.6660000000000004	9.334	3.0
330	3.0	0.0	2.0	0.0	3.0	6.0	2.0
331	3.0	0.0	1.0	0.0	0.9990000000000006	8.001	1.0
332	3.0	1.0	1.0	1.0	1.6660000000000004	7.334	1.0
333	0.0	2.0	0.0	1.0	0.6660000000000004	5.334	1.0
334	2.0	5.0	1.0	1.0	6.4	11.6	2.0
335	0.0	2.0	0.0	0.0	0.3330000000000002	2.667	0.0
336	0.0	1.0	0.0	0.0	0.0	3.0	0.0
337	3.0	4.0	1.0	1.0	3.333	8.667	2.0
338	3.0	0.0	3.0	0.0	3.0	6.0	3.0
339	3.0	3.0	2.0	3.0	3.0010000000000003	8.998999999999999	3.0
340	3.0	2.0	3.0	2.0	4.0	8.0	4.0
341	3.0	1.0	2.0	0.0	4.0	8.0	2.0
342	1.0	5.0	1.0	2.0	4.0	8.0	2.0
343	4.0	4.0	1.0	1.0	6.668	14.332	2.0
344	0.0	4.0	0.0	2.0	1.3320000000000007	10.668	2.0
345	0.0	3.0	0.0	2.0	0.9990000000000006	8.001	2.0
346	2.0	0.0	2.0	0.0	0.6660000000000004	5.334	2.0
347	0.0	0.0	0.0	0.0	0.0	0.0	0.0
348	0.0	2.0	0.0	2.0	2.0	4.0	2.0
349	1.0	1.0	1.0	1.0	2.0	4.0	2.0
350	3.0	0.0	1.0	0.0	3.4	5.6	1.0
351	4.0	0.0	3.0	0.0	4.0	8.0	3.0
352	2.0	1.0	2.0	1.0	3.0	6.0	3.0
353	4.0	1.0	3.0	1.0	5.0	10.0	4.0
354	1.0	2.0	1.0	2.0	2.0	4.0	2.0
355	1.0	3.0	1.0	1.0	0.9990000000000006	11.001	2.0
356	2.0	1.0	1.0	0.0	2.333	6.667	1.0
357	1.0	0.0	0.0	0.0	1.0	2.0	0.0
358	3.0	1.0	1.0	1.0	3.333	8.667	2.0
359	2.0	2.0	2.0	0.0	1.9990000000000006	10.001	2.0
360	1.0	4.0	0.0	2.0	2.333	6.667	1.0
361	3.0	3.0	1.0	2.0	4.0	8.0	1.0
362	2.0	1.0	1.0	0.0	1.3330000000000002	4.667	1.0
363	1.0	0.0	0.0	0.0	0.3330000000000002	2.667	0.0
364	0.0	2.0	0.0	0.0	0.3330000000000002	2.667	0.0
365	0.0	1.0	0.0	0.0	0.3330000000000002	2.667	0.0
366	0.0	0.0	0.0	0.0	0.0	0.0	0.0
367	0.0	1.0	0.0	0.0	1.0	2.0	0.0
368	0.0	1.0	0.0	0.0	0.3330000000000002	2.667	0.0
369	2.0	1.0	2.0	0.0	2.333	6.667	2.0
370	1.0	0.0	1.0	0.0	0.3330000000000002	2.667	1.0
371	2.0	0.0	1.0	0.0	0.6660000000000004	5.334	1.0
372	0.0	0.0	0.0	0.0	0.0	0.0	0.0
373	2.0	0.0	1.0	0.0	0.6660000000000004	5.334	1.0
374	0.0	0.0	0.0	0.0	0.0	0.0	0.0
375	1.0	0.0	1.0	0.0	0.3330000000000002	2.667	1.0
376	0.0	0.0	0.0	0.0	0.0	0.0	0.0
377	1.0	0.0	1.0	0.0	0.3330000000000002	2.667	1.0
378	3.0	0.0	2.0	0.0	0.9990000000000006	8.001	2.0
379	2.0	0.0	2.0	0.0	0.6660000000000004	5.334	2.0
380	2.0	0.0	2.0	0.0	2.0	4.0	2.0
381	1.0	0.0	1.0	0.0	0.3330000000000002	2.667	1.0
382	2.0	0.0	2.0	0.0	0.6660000000000004	5.334	2.0
383	2.0	2.0	2.0	1.0	3.668	8.332	3.0
384	2.0	0.0	1.0	0.0	2.0	4.0	1.0
385	2.0	0.0	1.0	0.0	2.0	4.0	1.0
386	1.0	3.0	1.0	3.0	1.6660000000000004	7.334	3.0
387	1.0	2.0	1.0	0.0	1.6660000000000004	7.334	1.0
388	0.0	0.0	0.0	0.0	0.0	0.0	0.0
389	0.0	1.0	0.0	0.0	0.3330000000000002	2.667	0.0
390	1.0	0.0	0.0	0.0	0.3330000000000002	2.667	0.0
391	0.0	2.0	0.0	0.0	2.0	4.0	0.0
392	2.0	0.0	1.0	0.0	1.3360000000000003	4.664	1.0
393	2.0	0.0	2.0	0.0	0.6660000000000004	5.334	2.0
394	0.0	0.0	0.0	0.0	0.0	0.0	0.0
395	2.0	0.0	2.0	0.0	0.6660000000000004	5.334	2.0
396	3.0	0.0	2.0	0.0	3.0	6.0	2.0
397	0.0	1.0	0.0	1.0	0.3330000000000002	2.667	1.0
398	0.0	1.0	0.0	1.0	1.0	2.0	1.0
399	3.0	0.0	3.0	0.0	0.9990000000000006	8.001	3.0
400	0.0	3.0	0.0	1.0	1.3360000000000003	7.664	1.0
401	1.0	1.0	1.0	1.0	0.6660000000000004	5.334	2.0
402	2.0	1.0	1.0	0.0	1.6660000000000004	7.334	1.0
403	2.0	1.0	2.0	1.0	2.0	4.0	2.0
404	1.0	0.0	0.0	0.0	1.0	2.0	0.0
405	1.0	0.0	0.0	0.0	0.6680000000000001	2.332	0.0
406	1.0	0.0	1.0	0.0	0.3330000000000002	2.667	1.0
407	2.0	0.0	2.0	0.0	2.0	4.0	2.0
408	0.0	0.0	0.0	0.0	0.0	0.0	0.0
409	1.0	0.0	0.0	0.0	1.0	2.0	0.0
410	2.0	0.0	2.0	0.0	2.0	4.0	2.0
411	2.0	0.0	2.0	0.0	1.3360000000000003	4.664	2.0
412	3.0	1.0	2.0	0.0	3.8	8.2	2.0
413	4.0	1.0	2.0	0.0	4.0	8.0	2.0
414	2.0	1.0	2.0	1.0	3.0	6.0	3.0
415	2.0	0.0	1.0	0.0	2.0	4.0	1.0
416	2.0	0.0	2.0	0.0	0.6660000000000004	5.334	2.0
417	1.0	1.0	0.0	1.0	1.3330000000000002	4.667	1.0
418	2.0	0.0	1.0	0.0	0.6660000000000004	5.334	1.0
419	3.0	0.0	2.0	0.0	3.0	6.0	2.0
420	1.0	1.0	1.0	1.0	1.3330000000000002	4.667	2.0
421	3.0	1.0	2.0	0.0	3.3360000000000003	8.664	2.0
422	0.0	0.0	0.0	0.0	0.0	0.0	0.0
423	1.0	0.0	1.0	0.0	0.3330000000000002	2.667	1.0
424	1.0	0.0	1.0	0.0	1.0	2.0	1.0
425	2.0	1.0	2.0	1.0	1.3330000000000002	4.667	2.0
426	2.0	0.0	2.0	0.0	2.0	4.0	2.0
427	2.0	3.0	1.0	3.0	1.6660000000000004	7.334	2.0
428	3.0	5.0	2.0	2.0	4.666	13.334	3.0
429	4.0	0.0	2.0	0.0	4.0	8.0	2.0
430	2.0	1.0	2.0	1.0	1.6660000000000004	7.334	3.0
431	3.0	1.0	3.0	0.0	4.0	8.0	3.0
432	1.0	0.0	1.0	0.0	0.3330000000000002	2.667	1.0
433	2.0	0.0	0.0	0.0	2.0	4.0	0.0
434	4.0	0.0	2.0	0.0	4.136	7.864	2.0
435	5.0	0.0	3.0	0.0	5.868	9.132	3.0
436	2.0	0.0	1.0	0.0	2.0	4.0	1.0
437	3.0	0.0	1.0	0.0	0.9990000000000006	8.001	1.0
438	3.0	1.0	2.0	0.0	4.0	8.0	2.0
439	2.0	0.0	1.0	0.0	2.0	4.0	1.0
440	2.0	1.0	1.0	0.0	2.8	3.2	1.0
441	4.0	0.0	3.0	0.0	3.736	8.264	3.0
442	1.0	0.0	1.0	0.0	0.3330000000000002	2.667	1.0
443	2.0	1.0	1.0	1.0	1.6660000000000004	7.334	2.0
444	2.0	0.0	1.0	0.0	0.6660000000000004	5.334	1.0
445	2.0	0.0	2.0	0.0	2.0	4.0	2.0
446	3.0	1.0	2.0	0.0	3.333	8.667	2.0
447	3.0	0.0	1.0	0.0	2.0040000000000004	6.9959999999999996	1.0
448	3.0	0.0	1.0	0.0	3.0	6.0	1.0
449	3.0	1.0	2.0	1.0	4.0	8.0	3.0
450	2.0	0.0	2.0	0.0	2.0	4.0	2.0
451	4.0	0.0	2.0	0.0	4.0	8.0	2.0
452	2.0	0.0	0.0	0.0	2.0	4.0	0.0
453	3.0	1.0	2.0	0.0	1.9990000000000006	10.001	2.0
454	3.0	0.0	1.0	0.0	3.0	6.0	1.0
455	1.0	0.0	1.0	0.0	0.3330000000000002	2.667	1.0
456	1.0	0.0	1.0	0.0	0.3330000000000002	2.667	1.0
457	1.0	2.0	1.0	1.0	0.9990000000000006	8.001	2.0
458	2.0	0.0	2.0	0.0	0.6660000000000004	5.334	2.0
459	1.0	0.0	1.0	0.0	1.0	2.0	1.0
460	0.0	0.0	0.0	0.0	0.0	0.0	0.0
461	4.0	0.0	2.0	0.0	4.0	8.0	2.0
462	2.0	0.0	1.0	0.0	0.6660000000000004	5.334	1.0
463	0.0	0.0	0.0	0.0	0.0	0.0	0.0
464	1.0	2.0	1.0	1.0	2.0040000000000004	6.9959999999999996	2.0
465	1.0	0.0	0.0	0.0	1.0	2.0	0.0
466	2.0	2.0	2.0	0.0	4.0	8.0	2.0
467	2.0	3.0	1.0	1.0	5.0	10.0	2.0
468	1.0	1.0	1.0	0.0	2.0	4.0	1.0
469	0.0	0.0	0.0	0.0	0.0	0.0	0.0
470	3.0	1.0	2.0	1.0	3.0	6.0	2.0
471	2.0	1.0	1.0	0.0	2.0	4.0	1.0
472	0.0	0.0	0.0	0.0	0.0	0.0	0.0
473	0.0	2.0	0.0	0.0	0.6660000000000004	5.334	0.0
474	2.0	1.0	2.0	1.0	3.0	6.0	3.0
475	4.0	1.0	2.0	0.0	5.0	10.0	2.0
476	3.0	1.0	2.0	0.0	3.801	8.199	2.0
477	0.0	0.0	0.0	0.0	0.0	0.0	0.0
478	0.0	0.0	0.0	0.0	0.0	0.0	0.0
479	0.0	3.0	0.0	0.0	2.668	6.332	0.0
480	0.0	2.0	0.0	1.0	1.3330000000000002	4.667	1.0
481	1.0	2.0	1.0	2.0	0.6680000000000001	2.332	1.0
482	2.0	0.0	1.0	0.0	0.6660000000000004	5.334	1.0
483	1.0	4.0	0.0	2.0	1.665000000000001	13.334999999999999	2.0
484	3.0	0.0	2.0	0.0	3.0	6.0	2.0
485	3.0	2.0	2.0	2.0	2.3360000000000003	6.664	2.0
486	7.0	1.0	4.0	1.0	7.072	16.927999999999997	5.0
487	1.0	0.0	1.0	0.0	0.3330000000000002	2.667	1.0
488	0.0	1.0	0.0	1.0	0.3330000000000002	2.667	1.0
489	1.0	0.0	1.0	0.0	0.3330000000000002	2.667	1.0
490	1.0	2.0	1.0	2.0	0.6660000000000004	5.334	2.0
491	3.0	1.0	0.0	0.0	4.0	8.0	0.0
492	4.0	1.0	4.0	1.0	3.733	8.267	4.0
493	3.0	1.0	2.0	0.0	1.9990000000000006	10.001	2.0
494	0.0	1.0	0.0	0.0	0.3330000000000002	2.667	0.0
495	1.0	3.0	1.0	2.0	1.6660000000000004	7.334	2.0
496	2.0	0.0	2.0	0.0	2.0	4.0	2.0
497	2.0	3.0	1.0	2.0	3.6720000000000006	11.328	3.0
498	2.0	0.0	0.0	0.0	2.0	4.0	0.0
499	2.0	0.0	0.0	0.0	0.6660000000000004	5.334	0.0
500	3.0	0.0	2.0	0.0	0.9990000000000006	8.001	2.0
501	3.0	3.0	2.0	3.0	3.333	8.667	3.0
502	2.0	4.0	2.0	3.0	3.333	14.667	5.0
503	1.0	0.0	1.0	0.0	1.0	2.0	1.0
504	1.0	0.0	0.0	0.0	0.3330000000000002	2.667	0.0
505	2.0	0.0	1.0	0.0	2.4	3.6	1.0
506	2.0	0.0	2.0	0.0	1.6680000000000001	4.332	2.0
507	2.0	0.0	2.0	0.0	0.6680000000000001	2.332	1.0
508	5.0	0.0	3.0	0.0	5.8	9.2	3.0
509	2.0	0.0	1.0	0.0	2.0	4.0	1.0
510	2.0	0.0	2.0	0.0	2.0	4.0	2.0
511	0.0	0.0	0.0	0.0	0.0	0.0	0.0
512	3.0	1.0	1.0	1.0	3.0040000000000004	8.995999999999999	2.0
513	1.0	0.0	1.0	0.0	1.0	2.0	1.0
514	0.0	0.0	0.0	0.0	0.0	0.0	0.0
515	3.0	2.0	2.0	1.0	4.0	8.0	3.0
516	3.0	0.0	1.0	0.0	3.0	6.0	1.0
517	3.0	1.0	0.0	0.0	2.333	6.667	0.0
518	2.0	1.0	2.0	1.0	1.3330000000000002	4.667	2.0
519	0.0	0.0	0.0	0.0	0.0	0.0	0.0
520	0.0	0.0	0.0	0.0	0.0	0.0	0.0
521	1.0	1.0	0.0	1.0	1.4	4.6	1.0
522	2.0	0.0	1.0	0.0	2.0	4.0	1.0
523	2.0	1.0	0.0	0.0	3.0	6.0	0.0
524	1.0	0.0	1.0	0.0	0.3330000000000002	2.667	1.0
525	2.0	0.0	2.0	0.0	2.0	4.0	2.0
526	1.0	0.0	1.0	0.0	0.3330000000000002	2.667	1.0
527	2.0	0.0	2.0	0.0	2.0	4.0	2.0
528	2.0	0.0	1.0	0.0	2.0	4.0	1.0
529	1.0	0.0	0.0	0.0	1.0	2.0	0.0
530	1.0	0.0	1.0	0.0	1.0	2.0	1.0
531	0.0	0.0	0.0	0.0	0.0	0.0	0.0
532	0.0	0.0	0.0	0.0	0.0	0.0	0.0
533	1.0	0.0	0.0	0.0	1.0	2.0	0.0
534	3.0	0.0	2.0	0.0	3.0	6.0	2.0
535	1.0	0.0	1.0	0.0	1.0	2.0	1.0
536	2.0	2.0	1.0	2.0	1.6660000000000004	7.334	2.0
537	6.0	0.0	3.0	0.0	6.136000000000001	11.863999999999999	3.0
538	1.0	0.0	1.0	0.0	0.3330000000000002	2.667	1.0
539	2.0	1.0	0.0	1.0	1.6660000000000004	7.334	1.0
540	2.0	0.0	1.0	0.0	2.0	4.0	1.0
541	2.0	0.0	2.0	0.0	0.6660000000000004	5.334	2.0
542	3.0	1.0	1.0	0.0	3.3360000000000003	8.664	1.0
543	1.0	1.0	1.0	1.0	1.0	2.0	1.0
544	2.0	0.0	1.0	0.0	2.068	3.932	1.0
545	1.0	2.0	1.0	0.0	2.333	6.667	1.0
546	0.0	0.0	0.0	0.0	0.0	0.0	0.0
547	1.0	1.0	1.0	0.0	2.0	4.0	1.0
548	4.0	1.0	2.0	0.0	4.736000000000001	10.264	2.0
549	0.0	1.0	0.0	1.0	0.3330000000000002	2.667	1.0
550	3.0	1.0	2.0	1.0	3.333	8.667	3.0
551	0.0	0.0	0.0	0.0	0.0	0.0	0.0
552	0.0	0.0	0.0	0.0	0.0	0.0	0.0
553	2.0	2.0	2.0	0.0	2.333	6.667	2.0
554	3.0	2.0	2.0	0.0	3.3360000000000003	8.664	2.0
555	1.0	0.0	1.0	0.0	1.0	2.0	1.0
556	0.0	2.0	0.0	1.0	0.6680000000000001	5.332	1.0
557	0.0	0.0	0.0	0.0	0.0	0.0	0.0
558	3.0	1.0	3.0	0.0	1.9990000000000006	10.001	3.0
559	1.0	0.0	1.0	0.0	1.0	2.0	1.0
560	0.0	1.0	0.0	1.0	0.6680000000000001	2.332	1.0
561	3.0	1.0	3.0	0.0	4.0	8.0	3.0
562	3.0	1.0	1.0	1.0	3.668	8.332	2.0
563	0.0	0.0	0.0	0.0	0.0	0.0	0.0
564	0.0	0.0	0.0	0.0	0.0	0.0	0.0
565	1.0	0.0	1.0	0.0	0.3330000000000002	2.667	1.0
566	1.0	0.0	1.0	0.0	0.3330000000000002	2.667	1.0
567	1.0	1.0	0.0	0.0	1.0010000000000003	4.999	0.0
568	2.0	2.0	1.0	2.0	3.0	6.0	2.0
569	1.0	1.0	0.0	1.0	2.0	4.0	1.0
570	1.0	1.0	1.0	1.0	0.6660000000000004	5.334	2.0
571	1.0	1.0	0.0	1.0	2.0	4.0	1.0
572	1.0	0.0	1.0	0.0	1.4	1.6	1.0
573	0.0	0.0	0.0	0.0	0.0	0.0	0.0
574	1.0	0.0	0.0	0.0	1.0	2.0	0.0
575	0.0	1.0	0.0	1.0	0.6680000000000001	2.332	1.0
576	2.0	0.0	1.0	0.0	1.6680000000000001	4.332	1.0
577	4.0	0.0	2.0	0.0	4.867999999999999	7.132000000000001	2.0
578	0.0	1.0	0.0	1.0	1.0	2.0	1.0
579	2.0	0.0	2.0	0.0	1.6680000000000001	4.332	2.0
580	1.0	0.0	1.0	0.0	1.0	2.0	1.0
581	0.0	1.0	0.0	1.0	1.0	2.0	1.0
582	2.0	0.0	1.0	0.0	2.0	4.0	1.0
583	2.0	2.0	2.0	2.0	1.3330000000000002	4.667	2.0
584	2.0	2.0	2.0	2.0	3.0	6.0	3.0
585	3.0	3.0	1.0	1.0	5.0	10.0	2.0
586	0.0	2.0	0.0	2.0	1.0	2.0	1.0
587	0.0	0.0	0.0	0.0	0.0	0.0	0.0
588	0.0	0.0	0.0	0.0	0.0	0.0	0.0
589	0.0	0.0	0.0	0.0	0.0	0.0	0.0
590	0.0	0.0	0.0	0.0	0.0	0.0	0.0
591	0.0	0.0	0.0	0.0	0.0	0.0	0.0
592	0.0	0.0	0.0	0.0	0.0	0.0	0.0
593	0.0	0.0	0.0	0.0	0.0	0.0	0.0
594	0.0	0.0	0.0	0.0	0.0	0.0	0.0
595	0.0	0.0	0.0	0.0	0.0	0.0	0.0
596	0.0	0.0	0.0	0.0	0.0	0.0	0.0
597	0.0	0.0	0.0	0.0	0.0	0.0	0.0
