all_syn	all_nonSyn	tip_syn	tip_nonSyn	S	N	comparisons
001	0.0	0.0	0.0	0.0	0.0	0.0	0.0
002	0.0	0.0	0.0	0.0	0.0	0.0	0.0
003	1.0	2.0	1.0	2.0	1.0	2.0	1.0
004	3.0	2.0	1.0	2.0	4.0	8.0	2.0
005	1.0	4.0	1.0	1.0	1.3320000000000007	10.668	2.0
006	2.0	1.0	1.0	1.0	1.733	4.2669999999999995	1.0
007	2.0	2.0	2.0	2.0	2.3340000000000005	9.666	4.0
008	2.0	2.0	1.0	2.0	1.6660000000000004	7.334	2.0
009	3.0	0.0	2.0	0.0	2.668	6.332	2.0
010	3.0	0.0	2.0	0.0	3.0	6.0	2.0
011	1.0	1.0	1.0	1.0	2.0	4.0	2.0
012	1.0	0.0	1.0	0.0	0.3330000000000002	2.667	1.0
013	1.0	1.0	1.0	0.0	2.4	3.6	1.0
014	2.0	1.0	1.0	1.0	2.0	7.0	2.0
015	1.0	3.0	1.0	2.0	0.9990000000000006	8.001	2.0
016	1.0	3.0	0.0	2.0	3.4	8.6	2.0
017	0.0	0.0	0.0	0.0	0.0	0.0	0.0
018	2.0	0.0	0.0	0.0	0.6660000000000004	5.334	0.0
019	3.0	5.0	1.0	3.0	3.9990000000000006	14.001	3.0
020	1.0	8.0	0.0	2.0	2.9990000000000006	12.001	1.0
021	2.0	0.0	2.0	0.0	0.6660000000000004	5.334	2.0
022	3.0	0.0	2.0	0.0	3.0	6.0	2.0
023	2.0	6.0	2.0	2.0	4.6690000000000005	13.331	3.0
024	2.0	4.0	2.0	2.0	4.6690000000000005	13.331	4.0
025	1.0	4.0	1.0	2.0	1.665000000000001	13.334999999999999	3.0
026	2.0	0.0	2.0	0.0	2.0	4.0	2.0
027	1.0	0.0	1.0	0.0	1.0	2.0	1.0
028	2.0	0.0	1.0	0.0	0.6660000000000004	5.334	1.0
029	2.0	1.0	1.0	1.0	2.668	6.332	2.0
030	1.0	3.0	0.0	1.0	1.3340000000000005	7.6659999999999995	1.0
031	1.0	1.0	1.0	1.0	0.6660000000000004	5.334	2.0
032	2.0	2.0	2.0	0.0	2.333	6.667	2.0
033	0.0	5.0	0.0	4.0	2.3320000000000007	12.668	4.0
034	0.0	1.0	0.0	1.0	0.3330000000000002	2.667	1.0
035	0.0	0.0	0.0	0.0	0.0	0.0	0.0
036	0.0	0.0	0.0	0.0	0.0	0.0	0.0
037	3.0	3.0	2.0	2.0	1.6660000000000004	7.334	2.0
038	2.0	2.0	1.0	0.0	2.333	6.667	1.0
039	3.0	1.0	1.0	0.0	1.6660000000000004	7.334	1.0
040	4.0	0.0	2.0	0.0	4.468	7.532	2.0
041	2.0	0.0	1.0	0.0	0.6660000000000004	5.334	1.0
042	3.0	3.0	3.0	3.0	1.6660000000000004	7.334	3.0
043	2.0	0.0	1.0	0.0	2.0	4.0	1.0
044	2.0	5.0	1.0	4.0	2.665000000000001	15.334999999999999	4.0
045	2.0	2.0	1.0	0.0	3.0	6.0	1.0
046	0.0	6.0	0.0	3.0	1.665000000000001	13.334999999999999	2.0
047	1.0	4.0	0.0	3.0	2.333	6.667	2.0
048	1.0	0.0	1.0	0.0	0.6680000000000001	2.332	1.0
049	2.0	3.0	1.0	2.0	0.9990000000000006	8.001	1.0
050	2.0	3.0	1.0	3.0	1.733	7.2669999999999995	2.0
051	1.0	1.0	1.0	1.0	2.0	4.0	2.0
052	3.0	1.0	2.0	0.0	2.733	6.2669999999999995	2.0
053	2.0	3.0	1.0	2.0	5.8	9.2	3.0
054	1.0	3.0	1.0	2.0	1.6670000000000007	10.332999999999998	3.0
055	1.0	0.0	0.0	0.0	1.0	2.0	0.0
056	1.0	0.0	0.0	0.0	0.3330000000000002	2.667	0.0
057	2.0	2.0	0.0	2.0	0.9990000000000006	8.001	1.0
058	2.0	5.0	1.0	2.0	6.0	12.0	3.0
059	3.0	1.0	2.0	1.0	2.668	6.332	2.0
060	4.0	0.0	3.0	0.0	4.0	8.0	3.0
061	2.0	7.0	1.0	6.0	3.0010000000000012	17.999	5.0
062	1.0	0.0	0.0	0.0	0.3330000000000002	2.667	0.0
063	0.0	1.0	0.0	1.0	0.6680000000000001	2.332	1.0
064	0.0	0.0	0.0	0.0	0.0	0.0	0.0
065	0.0	0.0	0.0	0.0	0.0	0.0	0.0
066	1.0	7.0	1.0	3.0	3.000000000000001	15.0	3.0
067	1.0	2.0	1.0	2.0	2.0	4.0	2.0
068	1.0	3.0	0.0	0.0	2.0	7.0	0.0
069	3.0	1.0	3.0	1.0	3.0	6.0	3.0
070	3.0	2.0	3.0	1.0	3.4010000000000002	8.599	3.0
071	1.0	4.0	0.0	1.0	4.0	8.0	1.0
072	3.0	3.0	2.0	1.0	4.4	7.6	2.0
073	2.0	0.0	1.0	0.0	0.6660000000000004	5.334	1.0
074	2.0	3.0	1.0	2.0	2.668	6.332	2.0
075	1.0	2.0	1.0	0.0	2.668	6.332	1.0
076	1.0	3.0	1.0	1.0	3.333	8.667	2.0
077	1.0	0.0	0.0	0.0	0.3330000000000002	2.667	0.0
078	2.0	0.0	0.0	0.0	2.0	4.0	0.0
079	2.0	1.0	0.0	1.0	3.0	6.0	1.0
080	2.0	3.0	1.0	2.0	2.6690000000000005	9.331	3.0
081	0.0	3.0	0.0	1.0	1.6660000000000004	7.334	1.0
082	3.0	3.0	2.0	1.0	4.333	10.667	3.0
083	1.0	4.0	0.0	3.0	0.9990000000000006	8.001	2.0
084	0.0	0.0	0.0	0.0	0.0	0.0	0.0
085	2.0	3.0	1.0	2.0	3.333	8.667	2.0
086	2.0	2.0	2.0	1.0	3.0660000000000003	8.934	3.0
087	3.0	2.0	1.0	1.0	3.0	6.0	1.0
088	2.0	7.0	1.0	4.0	2.6660000000000004	15.334	4.0
089	2.0	2.0	1.0	1.0	3.3360000000000003	8.664	2.0
090	2.0	0.0	1.0	0.0	2.0	4.0	1.0
091	2.0	1.0	2.0	1.0	1.3330000000000002	4.667	2.0
092	2.0	3.0	2.0	2.0	2.6660000000000004	9.334	3.0
093	2.0	1.0	2.0	1.0	1.6660000000000004	7.334	3.0
094	0.0	3.0	0.0	2.0	1.3330000000000002	4.667	1.0
095	2.0	6.0	2.0	4.0	3.7340000000000004	11.266	3.0
096	0.0	4.0	0.0	4.0	3.801	8.199	4.0
097	2.0	5.0	1.0	3.0	4.7330000000000005	10.267	3.0
098	1.0	5.0	1.0	2.0	1.9990000000000006	10.001	2.0
099	1.0	7.0	1.0	3.0	3.9990000000000006	14.001	3.0
100	3.0	5.0	1.0	4.0	6.069000000000001	14.931	4.0
101	2.0	3.0	1.0	2.0	1.9990000000000006	10.001	2.0
102	2.0	5.0	1.0	2.0	2.6660000000000004	9.334	1.0
103	2.0	6.0	1.0	3.0	3.6670000000000007	14.332999999999998	3.0
104	2.0	3.0	1.0	0.0	2.736	9.264	1.0
105	2.0	5.0	2.0	2.0	2.3340000000000005	9.666	2.0
106	1.0	8.0	1.0	5.0	3.3310000000000013	20.668999999999997	5.0
107	1.0	2.0	0.0	1.0	1.0010000000000003	7.999	1.0
108	1.0	4.0	0.0	2.0	4.001	10.999	2.0
109	0.0	0.0	0.0	0.0	0.0	0.0	0.0
110	0.0	0.0	0.0	0.0	0.0	0.0	0.0
111	0.0	0.0	0.0	0.0	0.0	0.0	0.0
112	0.0	0.0	0.0	0.0	0.0	0.0	0.0
113	0.0	0.0	0.0	0.0	0.0	0.0	0.0
114	0.0	4.0	0.0	2.0	1.3320000000000007	10.668	2.0
115	0.0	3.0	0.0	2.0	0.6660000000000004	5.334	1.0
116	1.0	1.0	1.0	0.0	1.6680000000000001	4.332	1.0
117	0.0	5.0	0.0	4.0	3.0660000000000003	8.934	3.0
118	2.0	2.0	1.0	1.0	2.333	6.667	1.0
119	3.0	4.0	1.0	2.0	3.333	11.667	2.0
120	2.0	3.0	1.0	1.0	3.333	8.667	2.0
121	1.0	4.0	0.0	2.0	2.0660000000000003	6.933999999999999	1.0
122	2.0	4.0	1.0	3.0	2.6670000000000007	12.333	3.0
123	2.0	2.0	1.0	1.0	2.3360000000000003	6.664	2.0
124	3.0	1.0	1.0	1.0	4.0	8.0	2.0
125	0.0	4.0	0.0	3.0	0.9990000000000006	8.001	2.0
126	1.0	2.0	1.0	2.0	1.6660000000000004	7.334	3.0
127	1.0	3.0	1.0	2.0	2.668	6.332	2.0
128	0.0	2.0	0.0	0.0	0.3330000000000002	2.667	0.0
129	3.0	6.0	1.0	4.0	3.335000000000001	14.665	4.0
130	1.0	2.0	1.0	0.0	0.9990000000000006	8.001	1.0
131	3.0	1.0	2.0	1.0	3.4	8.6	3.0
132	3.0	6.0	2.0	5.0	5.333	12.667	4.0
133	1.0	5.0	1.0	4.0	1.9990000000000006	10.001	3.0
134	3.0	4.0	2.0	3.0	4.333	13.667	4.0
135	1.0	1.0	1.0	0.0	0.6660000000000004	5.334	1.0
136	2.0	0.0	0.0	0.0	2.0	4.0	0.0
137	3.0	4.0	2.0	2.0	3.335000000000001	14.665	3.0
138	3.0	1.0	2.0	1.0	1.6660000000000004	7.334	2.0
139	2.0	4.0	2.0	3.0	4.7330000000000005	10.267	4.0
140	2.0	0.0	1.0	0.0	2.0	4.0	1.0
141	2.0	2.0	2.0	0.0	2.4010000000000002	6.599	2.0
142	2.0	3.0	2.0	1.0	3.736	11.264	3.0
143	2.0	3.0	2.0	3.0	1.6660000000000004	7.334	3.0
144	1.0	6.0	0.0	2.0	3.668	8.332	1.0
145	4.0	2.0	1.0	1.0	4.404	10.596	2.0
146	1.0	1.0	0.0	1.0	1.0010000000000003	4.999	1.0
147	2.0	5.0	1.0	3.0	4.666	13.334	3.0
148	3.0	3.0	2.0	2.0	4.001	10.998999999999999	3.0
149	3.0	5.0	3.0	1.0	6.0	12.0	3.0
150	2.0	6.0	2.0	4.0	5.0	10.0	3.0
151	1.0	4.0	1.0	2.0	3.736	8.264	2.0
152	1.0	6.0	1.0	4.0	2.9990000000000006	15.001	4.0
153	2.0	3.0	0.0	2.0	3.0	6.0	1.0
154	1.0	1.0	1.0	1.0	1.0	2.0	1.0
155	0.0	2.0	0.0	1.0	0.6660000000000004	5.334	1.0
156	0.0	0.0	0.0	0.0	0.0	0.0	0.0
157	0.0	0.0	0.0	0.0	0.0	0.0	0.0
158	0.0	0.0	0.0	0.0	0.0	0.0	0.0
159	0.0	0.0	0.0	0.0	0.0	0.0	0.0
160	0.0	0.0	0.0	0.0	0.0	0.0	0.0
161	0.0	0.0	0.0	0.0	0.0	0.0	0.0
162	0.0	0.0	0.0	0.0	0.0	0.0	0.0
163	0.0	0.0	0.0	0.0	0.0	0.0	0.0
164	1.0	2.0	0.0	0.0	1.3330000000000002	4.667	0.0
165	2.0	3.0	2.0	1.0	2.333	6.667	2.0
166	1.0	3.0	0.0	1.0	2.0660000000000003	6.933999999999999	1.0
167	3.0	3.0	0.0	1.0	3.068	5.932	1.0
168	1.0	2.0	1.0	0.0	1.3330000000000002	4.667	1.0
169	2.0	4.0	1.0	3.0	3.333	11.667	3.0
170	2.0	5.0	1.0	4.0	3.9990000000000006	14.001	4.0
171	3.0	4.0	0.0	3.0	4.0	11.0	2.0
172	3.0	3.0	1.0	1.0	4.0	8.0	1.0
173	2.0	1.0	1.0	1.0	2.333	6.667	2.0
174	3.0	2.0	2.0	0.0	5.0	10.0	2.0
175	0.0	2.0	0.0	1.0	0.6660000000000004	5.334	1.0
176	2.0	0.0	1.0	0.0	2.0	4.0	1.0
177	1.0	0.0	0.0	0.0	0.3330000000000002	2.667	0.0
178	2.0	1.0	2.0	0.0	3.0	6.0	2.0
179	1.0	0.0	1.0	0.0	1.0	2.0	1.0
180	1.0	0.0	1.0	0.0	1.0	2.0	1.0
181	3.0	3.0	1.0	1.0	5.0	10.0	2.0
182	1.0	1.0	0.0	1.0	0.6660000000000004	5.334	1.0
183	1.0	0.0	1.0	0.0	1.0	2.0	1.0
184	1.0	7.0	1.0	4.0	2.998000000000001	18.002	4.0
185	0.0	0.0	0.0	0.0	0.0	0.0	0.0
186	1.0	4.0	0.0	2.0	3.668	8.332	2.0
187	4.0	2.0	1.0	1.0	2.6660000000000004	9.334	1.0
188	2.0	3.0	2.0	1.0	3.333	8.667	2.0
189	3.0	1.0	1.0	0.0	4.0	8.0	1.0
190	3.0	0.0	2.0	0.0	1.6680000000000001	4.332	1.0
191	0.0	6.0	0.0	5.0	1.665000000000001	13.334999999999999	4.0
192	3.0	4.0	1.0	2.0	3.333	8.667	1.0
193	3.0	3.0	1.0	2.0	3.668	8.332	2.0
194	3.0	4.0	1.0	1.0	3.333	8.667	1.0
195	1.0	4.0	1.0	3.0	4.0	8.0	3.0
196	0.0	4.0	0.0	3.0	1.3320000000000007	10.668	3.0
197	1.0	4.0	1.0	2.0	0.9990000000000006	8.001	2.0
198	1.0	4.0	0.0	3.0	1.665000000000001	13.334999999999999	3.0
199	4.0	1.0	3.0	1.0	2.333	6.667	2.0
200	1.0	3.0	1.0	3.0	2.0	4.0	2.0
201	1.0	6.0	1.0	6.0	2.000000000000001	12.999999999999998	5.0
202	2.0	7.0	2.0	4.0	4.002000000000001	13.998000000000001	3.0
203	3.0	1.0	1.0	1.0	1.6660000000000004	7.334	1.0
204	1.0	3.0	1.0	1.0	2.668	6.332	2.0
205	2.0	4.0	1.0	1.0	3.333	8.667	2.0
206	1.0	3.0	1.0	2.0	2.333	6.667	2.0
207	3.0	2.0	2.0	1.0	2.6660000000000004	9.334	2.0
208	1.0	0.0	1.0	0.0	0.3330000000000002	2.667	1.0
209	1.0	2.0	0.0	1.0	0.9990000000000006	8.001	1.0
210	1.0	6.0	0.0	5.0	3.3320000000000007	14.668	4.0
211	1.0	3.0	1.0	2.0	2.333	6.667	2.0
212	1.0	3.0	1.0	1.0	1.0010000000000003	10.999	2.0
213	1.0	1.0	0.0	1.0	0.6660000000000004	5.334	1.0
214	1.0	2.0	0.0	0.0	1.0	5.0	0.0
215	1.0	3.0	0.0	0.0	1.6660000000000004	7.334	0.0
216	1.0	2.0	1.0	0.0	3.0	6.0	1.0
217	1.0	3.0	1.0	1.0	1.6660000000000004	7.334	1.0
218	1.0	2.0	0.0	1.0	1.3330000000000002	4.667	1.0
219	0.0	0.0	0.0	0.0	0.0	0.0	0.0
220	1.0	0.0	1.0	0.0	0.3330000000000002	2.667	1.0
221	3.0	2.0	3.0	2.0	2.0	7.0	3.0
222	1.0	2.0	1.0	1.0	3.0	6.0	2.0
223	2.0	2.0	1.0	2.0	2.333	6.667	2.0
224	0.0	3.0	0.0	2.0	2.0010000000000003	6.999	2.0
225	2.0	3.0	1.0	3.0	2.333	6.667	2.0
226	0.0	3.0	0.0	2.0	0.6660000000000004	5.334	1.0
227	1.0	4.0	1.0	4.0	1.3340000000000005	7.6659999999999995	3.0
228	2.0	5.0	2.0	5.0	3.733	8.267	4.0
229	2.0	5.0	2.0	4.0	4.333	10.667	4.0
230	1.0	4.0	1.0	3.0	2.6660000000000004	9.334	3.0
231	2.0	2.0	1.0	1.0	2.668	6.332	2.0
232	2.0	3.0	1.0	2.0	2.333	6.667	2.0
233	1.0	4.0	1.0	1.0	2.6660000000000004	9.334	2.0
234	1.0	6.0	0.0	4.0	3.3360000000000003	14.664000000000001	4.0
235	3.0	5.0	2.0	3.0	2.3320000000000007	12.668	4.0
236	2.0	4.0	2.0	3.0	2.333	6.667	2.0
237	3.0	4.0	1.0	2.0	2.6660000000000004	9.334	2.0
238	2.0	6.0	2.0	4.0	3.3320000000000007	14.668	4.0
239	4.0	1.0	2.0	0.0	3.0040000000000004	8.995999999999999	2.0
240	1.0	2.0	0.0	2.0	3.0	6.0	2.0
241	1.0	6.0	0.0	2.0	2.9990000000000006	12.001	2.0
242	2.0	4.0	2.0	2.0	2.6660000000000004	9.334	3.0
243	2.0	2.0	1.0	1.0	2.333	6.667	1.0
244	0.0	2.0	0.0	0.0	1.6680000000000001	4.332	0.0
245	2.0	3.0	1.0	2.0	1.6660000000000004	7.334	2.0
246	3.0	2.0	3.0	1.0	2.668	6.332	2.0
247	0.0	0.0	0.0	0.0	0.0	0.0	0.0
248	3.0	5.0	2.0	1.0	4.001	10.998999999999999	3.0
249	2.0	1.0	1.0	1.0	2.3360000000000003	6.664	2.0
250	2.0	0.0	1.0	0.0	2.0	4.0	1.0
251	2.0	2.0	1.0	1.0	3.668	8.332	2.0
252	3.0	5.0	1.0	2.0	5.001	12.998999999999999	2.0
253	2.0	5.0	2.0	2.0	2.9990000000000006	12.001	3.0
254	1.0	3.0	0.0	3.0	1.9990000000000006	10.001	3.0
255	1.0	2.0	0.0	0.0	1.0	5.0	0.0
256	2.0	2.0	2.0	1.0	1.6660000000000004	7.334	2.0
257	1.0	5.0	0.0	3.0	2.333000000000001	15.666999999999998	3.0
258	2.0	2.0	1.0	0.0	2.4	6.6	1.0
259	0.0	5.0	0.0	3.0	3.0020000000000007	11.998000000000001	3.0
260	2.0	5.0	2.0	3.0	4.333	10.667	3.0
261	1.0	6.0	0.0	2.0	1.6660000000000004	10.334	1.0
262	1.0	3.0	1.0	2.0	4.468	7.532	3.0
263	2.0	5.0	0.0	3.0	3.333	8.667	2.0
264	0.0	5.0	0.0	4.0	2.3340000000000005	9.666	3.0
265	1.0	5.0	0.0	2.0	3.3320000000000007	14.668	2.0
266	2.0	6.0	1.0	3.0	3.9990000000000006	14.001	3.0
267	2.0	5.0	1.0	4.0	4.666	13.334	4.0
268	0.0	5.0	0.0	1.0	1.3320000000000007	10.668	1.0
269	1.0	6.0	1.0	4.0	2.3340000000000005	9.666	3.0
270	2.0	2.0	1.0	1.0	0.3330000000000002	5.667	1.0
271	1.0	5.0	0.0	2.0	2.6690000000000005	9.331	1.0
272	0.0	0.0	0.0	0.0	0.0	0.0	0.0
273	1.0	2.0	1.0	1.0	1.3330000000000002	4.667	1.0
274	2.0	4.0	1.0	0.0	3.4010000000000002	8.599	1.0
275	0.0	1.0	0.0	1.0	0.6680000000000001	2.332	1.0
276	1.0	2.0	0.0	1.0	0.9990000000000006	8.001	1.0
277	1.0	2.0	0.0	1.0	1.6680000000000001	4.332	1.0
278	1.0	0.0	0.0	0.0	0.3330000000000002	2.667	0.0
279	0.0	0.0	0.0	0.0	0.0	0.0	0.0
280	0.0	0.0	0.0	0.0	0.0	0.0	0.0
281	1.0	5.0	1.0	2.0	2.0660000000000003	12.934	2.0
282	1.0	2.0	1.0	1.0	1.3330000000000002	4.667	1.0
283	1.0	2.0	1.0	1.0	1.3330000000000002	4.667	1.0
284	3.0	2.0	3.0	1.0	4.668	10.332	4.0
285	2.0	6.0	2.0	4.0	6.333	14.667	5.0
286	1.0	7.0	1.0	4.0	2.0010000000000003	12.998999999999999	3.0
287	0.0	7.0	0.0	6.0	3.6670000000000007	14.333	5.0
288	2.0	6.0	1.0	5.0	3.3320000000000007	14.668	4.0
289	1.0	5.0	1.0	3.0	5.333	12.667	4.0
290	2.0	4.0	2.0	3.0	1.998000000000001	16.002	5.0
291	3.0	5.0	1.0	3.0	6.4	11.6	3.0
292	1.0	4.0	0.0	1.0	3.0	6.0	1.0
293	2.0	3.0	1.0	3.0	1.6670000000000007	10.332999999999998	3.0
294	0.0	5.0	0.0	3.0	1.3320000000000007	13.668	3.0
295	2.0	2.0	1.0	1.0	3.333	8.667	2.0
296	2.0	1.0	2.0	0.0	0.9990000000000006	8.001	2.0
297	2.0	0.0	1.0	0.0	2.0	4.0	1.0
298	2.0	0.0	1.0	0.0	2.0	4.0	1.0
299	3.0	0.0	3.0	0.0	3.0	6.0	3.0
300	3.0	0.0	1.0	0.0	3.0	6.0	1.0
301	1.0	2.0	0.0	1.0	3.0	6.0	1.0
302	2.0	0.0	1.0	0.0	2.0	4.0	1.0
303	2.0	0.0	1.0	0.0	1.3360000000000003	4.664	1.0
304	2.0	2.0	0.0	0.0	2.333	6.667	0.0
305	2.0	0.0	0.0	0.0	0.6660000000000004	5.334	0.0
306	1.0	4.0	0.0	3.0	3.0010000000000003	8.998999999999999	3.0
307	2.0	5.0	1.0	3.0	2.333000000000001	15.666999999999998	4.0
308	2.0	1.0	2.0	1.0	2.0	4.0	2.0
309	2.0	3.0	2.0	1.0	4.068	7.932	2.0
310	3.0	1.0	1.0	0.0	4.0	8.0	1.0
311	2.0	4.0	1.0	2.0	2.000000000000001	12.999999999999998	3.0
312	2.0	3.0	2.0	2.0	1.6660000000000004	7.334	2.0
313	2.0	5.0	2.0	2.0	5.6690000000000005	15.331	4.0
314	4.0	0.0	1.0	0.0	2.668	6.332	1.0
315	3.0	6.0	2.0	3.0	6.000000000000001	21.0	5.0
316	1.0	3.0	1.0	0.0	1.6660000000000004	7.334	1.0
317	3.0	1.0	3.0	0.0	3.736	8.264	3.0
318	3.0	0.0	1.0	0.0	2.668	6.332	1.0
319	1.0	4.0	1.0	3.0	2.000000000000001	12.999999999999998	4.0
320	2.0	2.0	2.0	2.0	2.0	4.0	2.0
321	4.0	2.0	3.0	2.0	5.668	12.332	5.0
322	4.0	0.0	3.0	0.0	4.068	7.9319999999999995	3.0
323	0.0	4.0	0.0	3.0	1.9990000000000006	10.001	3.0
324	1.0	0.0	0.0	0.0	0.3330000000000002	2.667	0.0
325	1.0	3.0	1.0	3.0	0.9990000000000006	8.001	3.0
326	2.0	3.0	1.0	2.0	3.3340000000000005	11.666	3.0
327	1.0	3.0	1.0	1.0	3.0010000000000003	8.998999999999999	2.0
328	3.0	1.0	3.0	1.0	3.0	6.0	3.0
329	2.0	1.0	1.0	1.0	3.0	6.0	2.0
330	2.0	1.0	1.0	1.0	3.0	6.0	2.0
331	2.0	2.0	1.0	1.0	0.9990000000000006	8.001	2.0
332	3.0	2.0	2.0	1.0	4.0	8.0	2.0
333	2.0	0.0	1.0	0.0	0.6660000000000004	5.334	1.0
334	2.0	3.0	1.0	2.0	3.6660000000000004	11.334	3.0
335	3.0	0.0	1.0	0.0	0.9990000000000006	8.001	1.0
336	1.0	1.0	0.0	1.0	2.0	4.0	1.0
337	1.0	6.0	1.0	4.0	3.3340000000000005	11.666	3.0
338	1.0	0.0	0.0	0.0	1.0	2.0	0.0
339	2.0	1.0	1.0	0.0	2.0	4.0	1.0
340	2.0	2.0	1.0	1.0	3.3360000000000003	8.664	2.0
341	2.0	0.0	2.0	0.0	2.0	4.0	2.0
342	1.0	4.0	1.0	3.0	1.6670000000000007	10.332999999999998	3.0
343	1.0	0.0	1.0	0.0	0.3330000000000002	2.667	1.0
344	1.0	3.0	1.0	2.0	2.3990000000000005	9.600999999999999	3.0
345	1.0	0.0	0.0	0.0	0.3330000000000002	2.667	0.0
346	0.0	1.0	0.0	1.0	0.3330000000000002	2.667	1.0
347	2.0	0.0	1.0	0.0	2.0	4.0	1.0
348	2.0	2.0	1.0	0.0	2.333	6.667	1.0
349	2.0	1.0	0.0	1.0	2.733	6.2669999999999995	1.0
350	2.0	1.0	2.0	1.0	2.333	6.667	3.0
351	2.0	2.0	1.0	1.0	3.3360000000000003	8.664	2.0
352	2.0	2.0	1.0	0.0	0.9990000000000006	8.001	1.0
353	2.0	0.0	1.0	0.0	2.0	4.0	1.0
354	4.0	0.0	2.0	0.0	3.0	6.0	2.0
355	1.0	0.0	1.0	0.0	1.0	2.0	1.0
356	1.0	4.0	1.0	3.0	1.6660000000000004	7.334	2.0
357	2.0	1.0	1.0	0.0	2.4	3.6	1.0
358	0.0	0.0	0.0	0.0	0.0	0.0	0.0
359	2.0	1.0	2.0	1.0	2.3360000000000003	6.664	3.0
360	3.0	2.0	2.0	1.0	3.6660000000000004	11.334	3.0
361	2.0	1.0	1.0	1.0	2.668	6.332	2.0
362	2.0	0.0	0.0	0.0	0.6660000000000004	5.334	0.0
363	2.0	2.0	1.0	2.0	2.6660000000000004	9.334	3.0
364	2.0	4.0	2.0	3.0	3.333	8.667	3.0
365	2.0	3.0	2.0	1.0	3.6660000000000004	11.334	3.0
366	2.0	5.0	0.0	3.0	5.4	9.6	2.0
367	3.0	6.0	2.0	3.0	5.069000000000001	15.931	4.0
368	0.0	5.0	0.0	3.0	1.3320000000000007	10.668	2.0
369	2.0	4.0	1.0	3.0	3.0660000000000003	8.934	2.0
370	1.0	5.0	1.0	5.0	1.9990000000000006	10.001	4.0
371	3.0	5.0	2.0	1.0	4.9990000000000006	16.000999999999998	3.0
372	4.0	5.0	2.0	3.0	4.3340000000000005	13.665999999999999	3.0
373	1.0	1.0	1.0	1.0	1.3330000000000002	4.667	2.0
374	0.0	2.0	0.0	1.0	1.6680000000000001	4.332	1.0
375	1.0	4.0	1.0	2.0	2.000000000000001	13.0	3.0
376	0.0	6.0	0.0	3.0	1.9990000000000006	10.001	2.0
377	3.0	4.0	2.0	1.0	3.333	8.667	2.0
378	1.0	1.0	1.0	1.0	1.0	2.0	1.0
379	0.0	1.0	0.0	1.0	0.3330000000000002	2.667	1.0
380	0.0	2.0	0.0	2.0	1.3330000000000002	4.667	2.0
381	0.0	0.0	0.0	0.0	0.0	0.0	0.0
382	0.0	0.0	0.0	0.0	0.0	0.0	0.0
383	2.0	2.0	1.0	1.0	1.9990000000000006	10.001	2.0
384	3.0	6.0	2.0	2.0	5.666	15.334	3.0
385	1.0	5.0	1.0	3.0	3.6660000000000004	11.334	3.0
386	2.0	8.0	1.0	5.0	3.6670000000000007	17.333	4.0
387	2.0	4.0	2.0	2.0	4.333	10.667	3.0
388	2.0	4.0	2.0	3.0	2.6660000000000004	9.334	3.0
389	2.0	1.0	0.0	1.0	2.668	6.332	1.0
390	1.0	5.0	1.0	2.0	1.665000000000001	13.334999999999999	3.0
391	2.0	3.0	2.0	3.0	3.0	6.0	3.0
392	1.0	7.0	1.0	2.0	1.6670000000000007	13.332999999999998	2.0
393	2.0	4.0	2.0	3.0	2.6660000000000004	9.334	3.0
394	2.0	2.0	2.0	2.0	2.0	4.0	2.0
395	2.0	1.0	1.0	0.0	3.0	6.0	1.0
396	1.0	5.0	1.0	3.0	4.666	13.334	4.0
397	1.0	5.0	0.0	1.0	2.6660000000000004	9.334	1.0
398	3.0	0.0	1.0	0.0	3.0	6.0	1.0
399	2.0	0.0	1.0	0.0	2.0	4.0	1.0
400	1.0	4.0	1.0	1.0	4.668	10.332	2.0
401	0.0	0.0	0.0	0.0	0.0	0.0	0.0
402	2.0	2.0	1.0	0.0	2.3360000000000003	6.664	1.0
403	2.0	3.0	1.0	2.0	3.733	11.267	3.0
404	1.0	0.0	1.0	0.0	0.3330000000000002	2.667	1.0
405	1.0	0.0	1.0	0.0	1.0	2.0	1.0
406	4.0	2.0	3.0	2.0	3.801	11.199	4.0
407	2.0	1.0	1.0	1.0	1.6660000000000004	7.334	2.0
408	3.0	0.0	2.0	0.0	3.4	5.6	2.0
409	3.0	2.0	2.0	0.0	2.6660000000000004	9.334	2.0
410	2.0	3.0	1.0	2.0	2.6660000000000004	9.334	3.0
411	3.0	0.0	2.0	0.0	3.0	6.0	2.0
412	2.0	0.0	0.0	0.0	2.0	4.0	0.0
413	0.0	0.0	0.0	0.0	0.0	0.0	0.0
414	3.0	0.0	1.0	0.0	3.0	6.0	1.0
415	3.0	2.0	2.0	1.0	4.333	10.667	3.0
416	2.0	5.0	0.0	2.0	4.333	10.667	2.0
417	2.0	0.0	0.0	0.0	2.0	4.0	0.0
418	0.0	1.0	0.0	1.0	0.3330000000000002	2.667	1.0
419	3.0	1.0	1.0	0.0	3.0	6.0	1.0
420	3.0	0.0	1.0	0.0	3.4	5.6	1.0
421	2.0	3.0	1.0	0.0	4.0	8.0	1.0
422	2.0	2.0	1.0	0.0	4.133	7.867	1.0
423	1.0	0.0	1.0	0.0	0.3330000000000002	2.667	1.0
424	3.0	0.0	2.0	0.0	3.0	6.0	2.0
425	2.0	0.0	1.0	0.0	0.6660000000000004	5.334	1.0
426	2.0	3.0	1.0	1.0	3.668	8.332	1.0
427	0.0	1.0	0.0	1.0	1.0	2.0	1.0
428	0.0	0.0	0.0	0.0	0.0	0.0	0.0
429	0.0	2.0	0.0	2.0	0.3330000000000002	2.667	1.0
430	1.0	4.0	1.0	2.0	4.4	7.6	3.0
431	2.0	3.0	2.0	2.0	3.6660000000000004	11.334	4.0
432	4.0	2.0	2.0	2.0	5.0	10.0	3.0
433	2.0	2.0	2.0	2.0	1.6660000000000004	7.334	3.0
434	1.0	3.0	0.0	3.0	1.6680000000000001	7.332	2.0
435	0.0	0.0	0.0	0.0	0.0	0.0	0.0
436	1.0	4.0	1.0	3.0	2.6660000000000004	9.334	3.0
437	2.0	4.0	1.0	2.0	2.6660000000000004	9.334	2.0
438	0.0	4.0	0.0	2.0	2.3360000000000003	9.664	2.0
439	2.0	0.0	1.0	0.0	2.0	4.0	1.0
440	1.0	1.0	0.0	1.0	1.733	4.2669999999999995	1.0
441	2.0	0.0	1.0	0.0	2.0	4.0	1.0
442	1.0	1.0	0.0	1.0	0.6660000000000004	5.334	1.0
443	3.0	1.0	2.0	0.0	4.0	8.0	2.0
444	2.0	1.0	2.0	1.0	2.333	6.667	3.0
445	1.0	1.0	1.0	1.0	1.4	1.6	1.0
446	2.0	0.0	2.0	0.0	0.6660000000000004	5.334	2.0
447	1.0	6.0	0.0	3.0	3.7320000000000007	14.267999999999999	3.0
448	3.0	1.0	3.0	1.0	3.0	6.0	3.0
449	2.0	3.0	0.0	0.0	1.0	5.0	0.0
450	1.0	4.0	1.0	3.0	1.9990000000000006	10.001	3.0
451	1.0	3.0	1.0	1.0	2.3360000000000003	9.664	2.0
452	2.0	3.0	1.0	1.0	3.6660000000000004	11.334	2.0
453	2.0	2.0	2.0	1.0	3.068	5.932	2.0
454	1.0	3.0	1.0	3.0	1.3320000000000007	10.668	4.0
455	2.0	2.0	1.0	1.0	2.6660000000000004	9.334	2.0
456	1.0	5.0	1.0	4.0	2.0010000000000003	6.999	2.0
457	3.0	3.0	2.0	3.0	3.0040000000000004	8.995999999999999	3.0
458	3.0	3.0	1.0	2.0	3.736	11.264	3.0
459	3.0	0.0	2.0	0.0	3.0	6.0	2.0
460	2.0	4.0	1.0	1.0	3.6660000000000004	11.334	2.0
461	3.0	1.0	1.0	1.0	3.068	5.932	1.0
462	4.0	4.0	2.0	2.0	5.0	10.0	3.0
463	1.0	3.0	1.0	3.0	2.0	4.0	2.0
464	2.0	4.0	2.0	3.0	2.3340000000000005	9.666	3.0
465	3.0	4.0	0.0	2.0	5.401000000000001	12.599	2.0
466	1.0	1.0	1.0	1.0	1.0010000000000003	4.999	2.0
467	2.0	1.0	2.0	1.0	0.3330000000000002	2.667	1.0
468	1.0	3.0	1.0	2.0	1.9990000000000006	10.001	3.0
469	1.0	4.0	1.0	3.0	0.9990000000000006	11.001	3.0
470	2.0	1.0	1.0	1.0	2.0	4.0	1.0
471	1.0	3.0	0.0	1.0	2.668	6.332	1.0
472	1.0	2.0	0.0	1.0	1.0010000000000003	4.999	1.0
473	2.0	2.0	0.0	2.0	2.0010000000000003	6.999	1.0
474	0.0	4.0	0.0	1.0	0.9990000000000006	8.001	1.0
475	1.0	1.0	1.0	1.0	1.0	2.0	1.0
476	1.0	4.0	0.0	1.0	2.333	6.667	1.0
477	1.0	5.0	0.0	3.0	2.000000000000001	12.999999999999998	2.0
478	2.0	1.0	1.0	0.0	2.0	4.0	1.0
479	0.0	2.0	0.0	0.0	0.3330000000000002	2.667	0.0
480	1.0	2.0	0.0	2.0	1.3330000000000002	4.667	1.0
481	0.0	3.0	0.0	2.0	1.3330000000000002	4.667	1.0
482	0.0	2.0	0.0	1.0	2.0	4.0	1.0
483	1.0	3.0	0.0	1.0	1.9990000000000006	10.001	1.0
484	0.0	0.0	0.0	0.0	0.0	0.0	0.0
485	0.0	0.0	0.0	0.0	0.0	0.0	0.0
486	0.0	0.0	0.0	0.0	0.0	0.0	0.0
487	0.0	0.0	0.0	0.0	0.0	0.0	0.0
488	0.0	0.0	0.0	0.0	0.0	0.0	0.0
489	1.0	3.0	1.0	0.0	3.0	6.0	1.0
490	1.0	4.0	1.0	1.0	1.3340000000000005	7.6659999999999995	1.0
491	3.0	6.0	2.0	3.0	4.002000000000001	13.998000000000001	4.0
492	2.0	4.0	1.0	2.0	3.333	8.667	2.0
493	0.0	6.0	0.0	4.0	3.3340000000000005	11.666	3.0
494	2.0	4.0	2.0	2.0	4.333	10.667	3.0
495	2.0	6.0	0.0	5.0	3.670000000000001	14.33	3.0
496	3.0	6.0	2.0	3.0	5.0	13.0	4.0
497	0.0	3.0	0.0	2.0	1.6660000000000004	7.334	2.0
498	1.0	0.0	1.0	0.0	0.3330000000000002	2.667	1.0
499	2.0	3.0	1.0	0.0	3.3340000000000005	11.666	1.0
500	1.0	2.0	0.0	2.0	1.3330000000000002	4.667	1.0
501	2.0	0.0	1.0	0.0	0.6660000000000004	5.334	1.0
502	2.0	3.0	0.0	1.0	2.333	6.667	1.0
503	1.0	1.0	0.0	1.0	1.0010000000000003	4.999	1.0
504	3.0	0.0	1.0	0.0	3.0	6.0	1.0
505	3.0	1.0	2.0	1.0	0.9990000000000006	8.001	2.0
506	3.0	1.0	1.0	1.0	4.0	8.0	2.0
507	1.0	4.0	1.0	3.0	2.0010000000000003	9.998999999999999	3.0
508	0.0	6.0	0.0	4.0	1.3320000000000007	10.668	3.0
509	2.0	1.0	0.0	1.0	0.9990000000000006	8.001	1.0
510	1.0	3.0	0.0	2.0	2.3360000000000003	9.664	2.0
511	2.0	2.0	2.0	1.0	4.0	8.0	3.0
512	3.0	3.0	2.0	2.0	3.333	8.667	2.0
513	3.0	1.0	3.0	1.0	2.333	6.667	3.0
514	1.0	6.0	1.0	5.0	2.3320000000000007	12.668	4.0
515	2.0	1.0	1.0	1.0	2.333	6.667	2.0
516	1.0	2.0	1.0	2.0	1.0	2.0	1.0
517	1.0	1.0	1.0	0.0	2.0	4.0	1.0
518	0.0	5.0	0.0	2.0	2.6670000000000007	12.332999999999998	2.0
519	0.0	0.0	0.0	0.0	0.0	0.0	0.0
520	2.0	2.0	2.0	2.0	1.3330000000000002	4.667	2.0
521	0.0	0.0	0.0	0.0	0.0	0.0	0.0
522	1.0	4.0	1.0	2.0	1.6660000000000004	10.334	2.0
523	2.0	3.0	1.0	1.0	3.0	6.0	1.0
524	1.0	1.0	1.0	1.0	1.3330000000000002	4.667	2.0
525	0.0	6.0	0.0	5.0	2.000000000000001	12.999999999999998	4.0
526	3.0	4.0	2.0	4.0	4.333	10.667	4.0
527	0.0	3.0	0.0	3.0	0.3330000000000002	5.667	2.0
528	1.0	0.0	0.0	0.0	0.3330000000000002	2.667	0.0
529	2.0	3.0	2.0	3.0	3.668	8.332	4.0
530	2.0	0.0	1.0	0.0	0.6660000000000004	5.334	1.0
531	1.0	4.0	1.0	2.0	2.3320000000000007	12.668	3.0
532	1.0	3.0	1.0	1.0	2.3360000000000003	9.664	2.0
533	1.0	4.0	1.0	2.0	4.0	8.0	2.0
534	1.0	3.0	1.0	1.0	1.0010000000000003	7.999	2.0
535	0.0	3.0	0.0	2.0	2.0660000000000003	6.933999999999999	2.0
536	2.0	4.0	2.0	2.0	2.000000000000001	12.999999999999998	3.0
537	0.0	5.0	0.0	3.0	2.3340000000000005	9.666	2.0
538	1.0	4.0	1.0	2.0	2.3320000000000007	12.668	3.0
539	0.0	0.0	0.0	0.0	0.0	0.0	0.0
540	0.0	0.0	0.0	0.0	0.0	0.0	0.0
541	0.0	0.0	0.0	0.0	0.0	0.0	0.0
542	0.0	0.0	0.0	0.0	0.0	0.0	0.0
543	0.0	0.0	0.0	0.0	0.0	0.0	0.0
544	0.0	3.0	0.0	2.0	1.0	5.0	1.0
545	3.0	4.0	2.0	2.0	2.3320000000000007	12.668	2.0
546	0.0	5.0	0.0	4.0	0.3330000000000002	8.667	2.0
547	1.0	6.0	1.0	6.0	1.9990000000000006	10.001	4.0
548	1.0	4.0	1.0	3.0	1.3320000000000007	10.668	3.0
549	0.0	1.0	0.0	1.0	0.6680000000000001	2.332	1.0
550	1.0	2.0	0.0	2.0	1.6660000000000004	7.334	2.0
551	1.0	5.0	0.0	2.0	3.333	8.667	2.0
552	2.0	2.0	0.0	1.0	1.9990000000000006	10.001	1.0
553	1.0	2.0	1.0	2.0	1.0	2.0	1.0
554	1.0	4.0	0.0	3.0	2.3320000000000007	12.668	3.0
555	1.0	3.0	1.0	3.0	1.6660000000000004	7.334	3.0
556	2.0	4.0	2.0	1.0	3.000000000000001	15.0	3.0
557	2.0	3.0	0.0	1.0	2.333	6.667	1.0
558	1.0	2.0	1.0	2.0	1.0	2.0	1.0
559	1.0	6.0	1.0	3.0	2.665000000000001	15.334999999999999	4.0
560	2.0	4.0	1.0	1.0	4.333	10.667	2.0
561	5.0	3.0	3.0	2.0	4.336	10.664	3.0
562	1.0	6.0	0.0	2.0	0.9990000000000006	11.001	1.0
563	2.0	2.0	1.0	0.0	0.6660000000000004	8.334	1.0
564	2.0	4.0	1.0	4.0	1.665000000000001	13.334999999999999	4.0
565	3.0	1.0	1.0	0.0	4.0	8.0	1.0
566	2.0	2.0	2.0	1.0	1.9990000000000006	10.001	3.0
567	2.0	0.0	2.0	0.0	2.0	4.0	2.0
568	4.0	0.0	2.0	0.0	4.0	8.0	2.0
569	2.0	3.0	1.0	1.0	3.7340000000000004	11.266	2.0
570	4.0	0.0	3.0	0.0	4.0	8.0	3.0
571	2.0	4.0	2.0	3.0	1.6660000000000004	7.334	2.0
572	0.0	2.0	0.0	2.0	0.3330000000000002	2.667	1.0
573	2.0	2.0	0.0	1.0	1.3330000000000002	7.667	1.0
574	1.0	5.0	1.0	2.0	2.3320000000000007	12.668	3.0
575	3.0	1.0	2.0	1.0	3.068	5.932	2.0
576	3.0	2.0	1.0	0.0	5.068	9.932	1.0
577	3.0	3.0	1.0	1.0	1.6660000000000004	7.334	1.0
578	2.0	1.0	1.0	0.0	0.9990000000000006	8.001	1.0
579	1.0	2.0	0.0	2.0	1.6660000000000004	7.334	2.0
580	2.0	5.0	2.0	3.0	3.0010000000000003	11.998999999999999	3.0
581	2.0	4.0	1.0	3.0	2.7340000000000004	12.266	3.0
582	1.0	3.0	0.0	2.0	1.3320000000000007	10.668	2.0
583	2.0	4.0	1.0	2.0	1.9990000000000006	10.001	2.0
584	0.0	4.0	0.0	3.0	2.0010000000000003	9.998999999999999	3.0
585	1.0	2.0	1.0	2.0	1.3340000000000005	7.6659999999999995	3.0
586	1.0	1.0	1.0	0.0	0.6660000000000004	5.334	1.0
587	3.0	4.0	3.0	2.0	3.333	11.667	3.0
588	1.0	1.0	0.0	0.0	0.6680000000000001	5.332	0.0
589	3.0	0.0	1.0	0.0	3.0	6.0	1.0
590	2.0	5.0	1.0	3.0	3.000000000000001	15.0	3.0
591	1.0	5.0	0.0	2.0	2.3340000000000005	9.666	2.0
592	2.0	3.0	1.0	1.0	2.0010000000000003	6.999	1.0
593	1.0	2.0	1.0	0.0	1.3330000000000002	4.667	1.0
594	1.0	3.0	0.0	2.0	1.6660000000000004	7.334	2.0
595	3.0	2.0	2.0	0.0	2.668	6.332	2.0
596	2.0	2.0	1.0	1.0	1.0	5.0	1.0
597	1.0	5.0	0.0	2.0	1.9990000000000006	10.001	2.0
598	1.0	3.0	1.0	0.0	2.6660000000000004	9.334	1.0
599	1.0	2.0	1.0	2.0	0.6680000000000001	2.332	1.0
600	1.0	2.0	0.0	0.0	1.0	2.0	0.0
601	2.0	2.0	0.0	1.0	2.668	6.332	1.0
602	0.0	0.0	0.0	0.0	0.0	0.0	0.0
603	0.0	0.0	0.0	0.0	0.0	0.0	0.0
604	0.0	0.0	0.0	0.0	0.0	0.0	0.0
605	0.0	0.0	0.0	0.0	0.0	0.0	0.0
606	0.0	4.0	0.0	3.0	1.0010000000000003	7.999	2.0
607	2.0	4.0	1.0	2.0	4.0	8.0	2.0
608	2.0	3.0	2.0	3.0	0.3330000000000002	5.667	2.0
609	0.0	1.0	0.0	0.0	0.3330000000000002	2.667	0.0
610	0.0	1.0	0.0	1.0	0.6680000000000001	2.332	1.0
611	1.0	2.0	0.0	0.0	1.0	2.0	0.0
612	0.0	2.0	0.0	1.0	0.6660000000000004	5.334	1.0
613	1.0	3.0	0.0	1.0	1.3330000000000002	7.667	1.0
614	1.0	2.0	0.0	0.0	1.3330000000000002	4.667	0.0
615	1.0	2.0	0.0	0.0	2.0	4.0	0.0
616	1.0	2.0	0.0	0.0	1.3330000000000002	4.667	0.0
617	1.0	1.0	0.0	0.0	1.0	2.0	0.0
618	0.0	2.0	0.0	1.0	0.6660000000000004	5.334	1.0
619	0.0	0.0	0.0	0.0	0.0	0.0	0.0
620	1.0	2.0	0.0	0.0	2.0	4.0	0.0
621	0.0	0.0	0.0	0.0	0.0	0.0	0.0
622	0.0	0.0	0.0	0.0	0.0	0.0	0.0
623	0.0	1.0	0.0	0.0	0.3330000000000002	2.667	0.0
624	1.0	1.0	0.0	0.0	1.0	5.0	0.0
625	0.0	1.0	0.0	0.0	0.3330000000000002	2.667	0.0
626	1.0	2.0	0.0	0.0	0.0	3.0	0.0
627	0.0	1.0	0.0	0.0	0.6680000000000001	2.332	0.0
