all_syn	all_nonSyn	tip_syn	tip_nonSyn	S	N	comparisons
001	0.0	0.0	0.0	0.0	0.0	0.0	0.0
002	1.0	1.0	1.0	1.0	1.0	2.0	1.0
003	1.0	0.0	1.0	0.0	1.0	2.0	1.0
004	1.0	1.0	1.0	1.0	0.6660000000000004	5.334	2.0
005	1.0	0.0	0.0	0.0	0.3330000000000002	2.667	0.0
006	1.0	0.0	1.0	0.0	1.0	2.0	1.0
007	0.0	0.0	0.0	0.0	0.0	0.0	0.0
008	0.0	0.0	0.0	0.0	0.0	0.0	0.0
009	0.0	0.0	0.0	0.0	0.0	0.0	0.0
010	0.0	0.0	0.0	0.0	0.0	0.0	0.0
011	0.0	0.0	0.0	0.0	0.0	0.0	0.0
012	0.0	0.0	0.0	0.0	0.0	0.0	0.0
013	0.0	0.0	0.0	0.0	0.0	0.0	0.0
014	0.0	0.0	0.0	0.0	0.0	0.0	0.0
015	0.0	0.0	0.0	0.0	0.0	0.0	0.0
016	0.0	0.0	0.0	0.0	0.0	0.0	0.0
017	0.0	0.0	0.0	0.0	0.0	0.0	0.0
018	0.0	0.0	0.0	0.0	0.0	0.0	0.0
019	0.0	0.0	0.0	0.0	0.0	0.0	0.0
020	0.0	0.0	0.0	0.0	0.0	0.0	0.0
021	0.0	0.0	0.0	0.0	0.0	0.0	0.0
022	0.0	0.0	0.0	0.0	0.0	0.0	0.0
023	0.0	0.0	0.0	0.0	0.0	0.0	0.0
024	0.0	0.0	0.0	0.0	0.0	0.0	0.0
025	0.0	0.0	0.0	0.0	0.0	0.0	0.0
026	0.0	0.0	0.0	0.0	0.0	0.0	0.0
027	0.0	0.0	0.0	0.0	0.0	0.0	0.0
028	0.0	0.0	0.0	0.0	0.0	0.0	0.0
029	0.0	0.0	0.0	0.0	0.0	0.0	0.0
030	0.0	0.0	0.0	0.0	0.0	0.0	0.0
031	0.0	0.0	0.0	0.0	0.0	0.0	0.0
032	0.0	0.0	0.0	0.0	0.0	0.0	0.0
033	0.0	0.0	0.0	0.0	0.0	0.0	0.0
034	0.0	0.0	0.0	0.0	0.0	0.0	0.0
035	0.0	0.0	0.0	0.0	0.0	0.0	0.0
036	0.0	0.0	0.0	0.0	0.0	0.0	0.0
037	0.0	0.0	0.0	0.0	0.0	0.0	0.0
038	0.0	0.0	0.0	0.0	0.0	0.0	0.0
039	0.0	0.0	0.0	0.0	0.0	0.0	0.0
040	0.0	0.0	0.0	0.0	0.0	0.0	0.0
041	0.0	1.0	0.0	1.0	0.3330000000000002	2.667	1.0
042	2.0	2.0	2.0	1.0	2.4	3.6	1.0
043	1.0	1.0	1.0	1.0	1.0	2.0	1.0
044	0.0	2.0	0.0	2.0	0.6680000000000001	2.332	1.0
045	0.0	3.0	0.0	2.0	1.6660000000000004	7.334	2.0
046	2.0	1.0	2.0	1.0	0.9990000000000006	8.001	3.0
047	2.0	2.0	0.0	2.0	2.333	6.667	1.0
048	0.0	1.0	0.0	1.0	1.0	2.0	1.0
049	2.0	5.0	1.0	2.0	5.002000000000001	15.998	3.0
050	3.0	2.0	2.0	2.0	3.0	6.0	2.0
051	1.0	1.0	1.0	1.0	1.0	2.0	1.0
052	1.0	1.0	1.0	1.0	0.6660000000000004	5.334	2.0
053	1.0	1.0	1.0	0.0	2.0	4.0	1.0
054	1.0	2.0	1.0	2.0	1.0	2.0	1.0
055	2.0	2.0	0.0	0.0	3.0	6.0	0.0
056	2.0	0.0	1.0	0.0	0.6660000000000004	5.334	1.0
057	1.0	0.0	1.0	0.0	1.0	2.0	1.0
058	0.0	0.0	0.0	0.0	0.0	0.0	0.0
059	2.0	0.0	2.0	0.0	2.0	4.0	2.0
060	0.0	0.0	0.0	0.0	0.0	0.0	0.0
061	0.0	0.0	0.0	0.0	0.0	0.0	0.0
062	0.0	1.0	0.0	1.0	0.3330000000000002	2.667	1.0
063	0.0	0.0	0.0	0.0	0.0	0.0	0.0
064	2.0	0.0	2.0	0.0	2.4	3.6	2.0
065	2.0	0.0	1.0	0.0	2.4	3.6	1.0
066	0.0	0.0	0.0	0.0	0.0	0.0	0.0
067	1.0	0.0	1.0	0.0	1.0	2.0	1.0
068	1.0	0.0	1.0	0.0	0.6680000000000001	2.332	1.0
069	0.0	0.0	0.0	0.0	0.0	0.0	0.0
070	1.0	0.0	1.0	0.0	0.3330000000000002	2.667	1.0
071	0.0	0.0	0.0	0.0	0.0	0.0	0.0
072	1.0	0.0	0.0	0.0	0.3330000000000002	2.667	0.0
073	2.0	0.0	2.0	0.0	2.0	4.0	2.0
074	2.0	0.0	1.0	0.0	2.0	4.0	1.0
075	3.0	1.0	2.0	1.0	3.668	8.332	3.0
076	2.0	0.0	0.0	0.0	2.0	4.0	0.0
077	1.0	0.0	1.0	0.0	0.3330000000000002	2.667	1.0
078	0.0	0.0	0.0	0.0	0.0	0.0	0.0
079	2.0	0.0	0.0	0.0	1.3360000000000003	4.664	0.0
080	2.0	0.0	1.0	0.0	0.6660000000000004	5.334	1.0
081	3.0	0.0	2.0	0.0	3.0	6.0	2.0
082	0.0	0.0	0.0	0.0	0.0	0.0	0.0
083	0.0	0.0	0.0	0.0	0.0	0.0	0.0
084	2.0	0.0	1.0	0.0	0.6660000000000004	5.334	1.0
085	1.0	0.0	0.0	0.0	0.3330000000000002	2.667	0.0
086	0.0	0.0	0.0	0.0	0.0	0.0	0.0
087	3.0	0.0	3.0	0.0	3.0	6.0	3.0
088	1.0	0.0	0.0	0.0	1.0	2.0	0.0
089	2.0	0.0	2.0	0.0	2.0	4.0	2.0
090	3.0	0.0	3.0	0.0	2.3360000000000003	6.664	3.0
091	0.0	0.0	0.0	0.0	0.0	0.0	0.0
092	1.0	0.0	1.0	0.0	0.3330000000000002	2.667	1.0
093	3.0	0.0	2.0	0.0	3.068	5.932	2.0
094	1.0	0.0	1.0	0.0	0.3330000000000002	2.667	1.0
095	2.0	1.0	0.0	1.0	3.0	6.0	1.0
096	3.0	0.0	1.0	0.0	3.0	6.0	1.0
097	3.0	0.0	3.0	0.0	3.4	5.6	3.0
098	2.0	0.0	0.0	0.0	2.068	3.932	0.0
099	2.0	1.0	1.0	1.0	2.0	4.0	1.0
100	1.0	2.0	0.0	2.0	0.9990000000000006	8.001	2.0
101	0.0	0.0	0.0	0.0	0.0	0.0	0.0
102	1.0	2.0	0.0	0.0	0.9990000000000006	8.001	0.0
103	0.0	0.0	0.0	0.0	0.0	0.0	0.0
104	0.0	1.0	0.0	1.0	0.3330000000000002	2.667	1.0
105	4.0	1.0	4.0	1.0	5.0	10.0	5.0
106	3.0	4.0	1.0	4.0	3.333	8.667	2.0
107	3.0	1.0	3.0	0.0	4.0	8.0	3.0
108	2.0	7.0	0.0	4.0	5.666	15.334	3.0
109	2.0	3.0	2.0	1.0	3.333	8.667	2.0
110	0.0	5.0	0.0	2.0	2.333	6.667	1.0
111	1.0	1.0	0.0	1.0	2.0	4.0	1.0
112	2.0	2.0	1.0	1.0	2.333	6.667	2.0
113	0.0	0.0	0.0	0.0	0.0	0.0	0.0
