all_syn	all_nonSyn	tip_syn	tip_nonSyn	S	N	comparisons
001	0.0	0.0	0.0	0.0	0.0	0.0	0.0
002	1.0	2.0	1.0	2.0	1.0	2.0	1.0
003	0.0	1.0	0.0	1.0	1.0	2.0	1.0
004	0.0	0.0	0.0	0.0	0.0	0.0	0.0
005	1.0	1.0	1.0	1.0	1.0010000000000003	4.999	2.0
006	1.0	0.0	1.0	0.0	1.0	2.0	1.0
007	0.0	1.0	0.0	1.0	0.6680000000000001	2.332	1.0
008	1.0	1.0	1.0	1.0	1.6680000000000001	4.332	2.0
009	0.0	0.0	0.0	0.0	0.0	0.0	0.0
010	1.0	0.0	1.0	0.0	1.0	2.0	1.0
011	1.0	2.0	1.0	2.0	2.0	4.0	2.0
012	1.0	0.0	1.0	0.0	1.0	2.0	1.0
013	1.0	0.0	1.0	0.0	1.0	2.0	1.0
014	1.0	0.0	1.0	0.0	1.0	2.0	1.0
015	0.0	0.0	0.0	0.0	0.0	0.0	0.0
016	0.0	1.0	0.0	1.0	0.3330000000000002	2.667	1.0
017	0.0	2.0	0.0	2.0	1.6680000000000001	4.332	2.0
018	0.0	0.0	0.0	0.0	0.0	0.0	0.0
019	1.0	1.0	1.0	1.0	2.0	4.0	2.0
020	0.0	2.0	0.0	2.0	0.6660000000000004	5.334	2.0
021	1.0	0.0	1.0	0.0	1.0	2.0	1.0
022	0.0	0.0	0.0	0.0	0.0	0.0	0.0
023	1.0	2.0	1.0	2.0	1.0	5.0	2.0
024	1.0	1.0	1.0	1.0	0.3330000000000002	2.667	1.0
025	0.0	2.0	0.0	2.0	0.6660000000000004	5.334	2.0
026	0.0	1.0	0.0	1.0	0.3330000000000002	2.667	1.0
027	1.0	1.0	1.0	1.0	1.6680000000000001	4.332	2.0
028	0.0	1.0	0.0	1.0	0.3330000000000002	2.667	1.0
029	1.0	1.0	1.0	1.0	0.3330000000000002	2.667	1.0
030	0.0	1.0	0.0	1.0	0.3330000000000002	2.667	1.0
031	1.0	0.0	1.0	0.0	1.0	2.0	1.0
032	0.0	0.0	0.0	0.0	0.0	0.0	0.0
033	0.0	0.0	0.0	0.0	0.0	0.0	0.0
034	1.0	0.0	1.0	0.0	1.0	2.0	1.0
035	1.0	0.0	1.0	0.0	1.0	2.0	1.0
036	0.0	0.0	0.0	0.0	0.0	0.0	0.0
037	1.0	2.0	1.0	2.0	1.3330000000000002	4.667	2.0
038	1.0	0.0	1.0	0.0	0.3330000000000002	2.667	1.0
039	1.0	0.0	1.0	0.0	1.0	2.0	1.0
040	0.0	1.0	0.0	1.0	1.0	2.0	1.0
041	1.0	0.0	1.0	0.0	1.0	2.0	1.0
042	0.0	0.0	0.0	0.0	0.0	0.0	0.0
043	1.0	0.0	1.0	0.0	1.0	2.0	1.0
044	1.0	1.0	1.0	1.0	1.0	2.0	1.0
045	1.0	0.0	1.0	0.0	0.3330000000000002	2.667	1.0
046	1.0	0.0	1.0	0.0	0.6680000000000001	2.332	1.0
047	1.0	0.0	1.0	0.0	1.0	2.0	1.0
048	1.0	0.0	1.0	0.0	1.0	2.0	1.0
049	1.0	2.0	1.0	2.0	1.0	2.0	1.0
050	0.0	2.0	0.0	2.0	1.0	2.0	1.0
051	1.0	2.0	1.0	2.0	2.0	4.0	2.0
052	1.0	0.0	1.0	0.0	1.0	2.0	1.0
053	2.0	0.0	2.0	0.0	1.6680000000000001	4.332	2.0
054	1.0	2.0	1.0	2.0	1.6680000000000001	4.332	2.0
055	0.0	0.0	0.0	0.0	0.0	0.0	0.0
056	0.0	0.0	0.0	0.0	0.0	0.0	0.0
057	1.0	0.0	1.0	0.0	1.0	2.0	1.0
058	1.0	0.0	1.0	0.0	1.0	2.0	1.0
059	1.0	0.0	1.0	0.0	0.3330000000000002	2.667	1.0
060	2.0	0.0	2.0	0.0	1.6680000000000001	4.332	2.0
061	1.0	0.0	1.0	0.0	0.3330000000000002	2.667	1.0
062	1.0	2.0	1.0	2.0	1.0	2.0	1.0
063	0.0	2.0	0.0	2.0	0.6660000000000004	5.334	2.0
064	0.0	1.0	0.0	1.0	0.3330000000000002	2.667	1.0
065	0.0	1.0	0.0	1.0	0.6680000000000001	2.332	1.0
066	0.0	3.0	0.0	3.0	1.733	4.2669999999999995	2.0
067	0.0	0.0	0.0	0.0	0.0	0.0	0.0
068	0.0	0.0	0.0	0.0	0.0	0.0	0.0
069	0.0	2.0	0.0	2.0	1.6680000000000001	4.332	2.0
070	1.0	1.0	1.0	1.0	1.0010000000000003	4.999	2.0
071	1.0	2.0	1.0	2.0	1.3330000000000002	4.667	2.0
072	0.0	0.0	0.0	0.0	0.0	0.0	0.0
073	1.0	1.0	1.0	1.0	1.0	2.0	1.0
074	1.0	1.0	1.0	1.0	2.0	4.0	2.0
075	1.0	1.0	1.0	1.0	1.0	2.0	1.0
076	1.0	0.0	1.0	0.0	1.0	2.0	1.0
077	1.0	1.0	1.0	1.0	0.3330000000000002	2.667	1.0
078	0.0	0.0	0.0	0.0	0.0	0.0	0.0
079	0.0	0.0	0.0	0.0	0.0	0.0	0.0
080	1.0	1.0	1.0	1.0	1.0	2.0	1.0
081	0.0	2.0	0.0	2.0	0.6660000000000004	5.334	2.0
082	1.0	1.0	1.0	1.0	1.0	2.0	1.0
083	1.0	0.0	1.0	0.0	1.0	2.0	1.0
084	0.0	2.0	0.0	2.0	1.0	2.0	1.0
085	0.0	2.0	0.0	2.0	1.6680000000000001	4.332	2.0
086	0.0	2.0	0.0	2.0	0.3330000000000002	2.667	1.0
087	0.0	1.0	0.0	1.0	0.3330000000000002	2.667	1.0
088	1.0	0.0	1.0	0.0	0.3330000000000002	2.667	1.0
089	0.0	1.0	0.0	1.0	0.3330000000000002	2.667	1.0
090	0.0	2.0	0.0	2.0	0.3330000000000002	2.667	1.0
091	0.0	2.0	0.0	2.0	1.3330000000000002	4.667	2.0
092	0.0	1.0	0.0	1.0	0.3330000000000002	2.667	1.0
093	0.0	2.0	0.0	2.0	1.0	5.0	2.0
094	0.0	2.0	0.0	2.0	0.3330000000000002	5.667	2.0
095	0.0	1.0	0.0	1.0	0.3330000000000002	2.667	1.0
096	0.0	2.0	0.0	2.0	1.6680000000000001	4.332	2.0
097	1.0	1.0	1.0	1.0	0.3330000000000002	2.667	1.0
098	0.0	3.0	0.0	3.0	1.3330000000000002	4.667	2.0
099	0.0	2.0	0.0	2.0	0.0	3.0	1.0
100	0.0	0.0	0.0	0.0	0.0	0.0	0.0
101	1.0	1.0	1.0	1.0	2.0	4.0	2.0
102	1.0	0.0	1.0	0.0	0.3330000000000002	2.667	1.0
103	1.0	2.0	1.0	2.0	1.3330000000000002	4.667	2.0
104	1.0	1.0	1.0	1.0	0.6680000000000001	2.332	1.0
105	1.0	2.0	1.0	2.0	1.3330000000000002	4.667	2.0
106	1.0	1.0	1.0	1.0	2.0	4.0	2.0
107	1.0	0.0	1.0	0.0	1.0	2.0	1.0
108	0.0	0.0	0.0	0.0	0.0	0.0	0.0
109	1.0	1.0	1.0	1.0	0.3330000000000002	2.667	1.0
110	0.0	0.0	0.0	0.0	0.0	0.0	0.0
111	1.0	1.0	1.0	1.0	1.0	2.0	1.0
112	1.0	2.0	1.0	2.0	2.0	4.0	2.0
113	2.0	0.0	2.0	0.0	1.0	2.0	1.0
114	1.0	0.0	1.0	0.0	1.0	2.0	1.0
115	0.0	1.0	0.0	1.0	0.3330000000000002	2.667	1.0
116	0.0	2.0	0.0	2.0	1.3330000000000002	4.667	2.0
117	0.0	1.0	0.0	1.0	1.0	2.0	1.0
118	1.0	1.0	1.0	1.0	1.0	2.0	1.0
119	1.0	0.0	1.0	0.0	0.3330000000000002	2.667	1.0
120	1.0	0.0	1.0	0.0	1.0	2.0	1.0
121	0.0	0.0	0.0	0.0	0.0	0.0	0.0
122	0.0	0.0	0.0	0.0	0.0	0.0	0.0
123	1.0	1.0	1.0	1.0	0.6660000000000004	5.334	2.0
124	1.0	2.0	1.0	2.0	1.0	5.0	2.0
125	1.0	0.0	1.0	0.0	1.0	2.0	1.0
126	0.0	0.0	0.0	0.0	0.0	0.0	0.0
127	1.0	0.0	1.0	0.0	1.0	2.0	1.0
128	0.0	1.0	0.0	1.0	0.3330000000000002	2.667	1.0
129	1.0	1.0	1.0	1.0	0.6660000000000004	5.334	2.0
130	0.0	1.0	0.0	1.0	0.3330000000000002	2.667	1.0
131	1.0	1.0	1.0	1.0	1.3330000000000002	4.667	2.0
132	1.0	2.0	1.0	2.0	1.0	2.0	1.0
133	1.0	1.0	1.0	1.0	0.0	3.0	1.0
134	0.0	2.0	0.0	2.0	1.3330000000000002	4.667	2.0
135	0.0	2.0	0.0	2.0	1.0	2.0	1.0
136	0.0	0.0	0.0	0.0	0.0	0.0	0.0
137	1.0	0.0	1.0	0.0	0.3330000000000002	2.667	1.0
138	1.0	0.0	1.0	0.0	0.6680000000000001	2.332	1.0
139	2.0	1.0	2.0	1.0	1.6680000000000001	4.332	2.0
140	1.0	2.0	1.0	2.0	1.3330000000000002	4.667	2.0
141	1.0	2.0	1.0	2.0	1.3330000000000002	4.667	2.0
142	0.0	0.0	0.0	0.0	0.0	0.0	0.0
143	1.0	2.0	1.0	2.0	1.3330000000000002	4.667	2.0
144	1.0	2.0	1.0	2.0	1.6680000000000001	4.332	2.0
145	0.0	0.0	0.0	0.0	0.0	0.0	0.0
146	1.0	2.0	1.0	2.0	1.3330000000000002	4.667	2.0
147	1.0	2.0	1.0	2.0	1.3330000000000002	4.667	2.0
148	0.0	0.0	0.0	0.0	0.0	0.0	0.0
149	0.0	3.0	0.0	3.0	1.3330000000000002	4.667	2.0
150	0.0	1.0	0.0	1.0	1.0	2.0	1.0
151	0.0	2.0	0.0	2.0	0.3330000000000002	5.667	2.0
152	1.0	1.0	1.0	1.0	0.3330000000000002	2.667	1.0
153	0.0	2.0	0.0	2.0	0.3330000000000002	2.667	1.0
154	1.0	0.0	1.0	0.0	0.3330000000000002	2.667	1.0
155	1.0	1.0	1.0	1.0	1.0	2.0	1.0
156	1.0	1.0	1.0	1.0	2.0	4.0	2.0
157	1.0	1.0	1.0	1.0	1.3330000000000002	4.667	2.0
158	0.0	0.0	0.0	0.0	0.0	0.0	0.0
159	1.0	2.0	1.0	2.0	1.0	2.0	1.0
160	0.0	0.0	0.0	0.0	0.0	0.0	0.0
161	1.0	0.0	1.0	0.0	0.3330000000000002	2.667	1.0
162	1.0	0.0	1.0	0.0	1.0	2.0	1.0
163	1.0	0.0	1.0	0.0	1.0	2.0	1.0
164	1.0	0.0	1.0	0.0	0.6680000000000001	2.332	1.0
165	1.0	0.0	1.0	0.0	1.0	2.0	1.0
166	0.0	0.0	0.0	0.0	0.0	0.0	0.0
167	1.0	0.0	1.0	0.0	0.3330000000000002	2.667	1.0
168	1.0	0.0	1.0	0.0	1.0	2.0	1.0
169	1.0	1.0	1.0	1.0	0.3330000000000002	2.667	1.0
170	1.0	2.0	1.0	2.0	1.3330000000000002	4.667	2.0
171	0.0	0.0	0.0	0.0	0.0	0.0	0.0
172	0.0	0.0	0.0	0.0	0.0	0.0	0.0
173	0.0	0.0	0.0	0.0	0.0	0.0	0.0
174	1.0	0.0	1.0	0.0	0.3330000000000002	2.667	1.0
175	0.0	3.0	0.0	3.0	0.6660000000000004	5.334	2.0
176	2.0	0.0	2.0	0.0	0.6680000000000001	2.332	1.0
177	1.0	1.0	1.0	1.0	1.0	2.0	1.0
178	1.0	0.0	1.0	0.0	1.0	2.0	1.0
179	1.0	0.0	1.0	0.0	1.0	2.0	1.0
180	1.0	2.0	1.0	2.0	1.3330000000000002	4.667	2.0
181	0.0	1.0	0.0	1.0	0.3330000000000002	2.667	1.0
182	1.0	0.0	1.0	0.0	1.0	2.0	1.0
183	0.0	1.0	0.0	1.0	0.3330000000000002	2.667	1.0
184	0.0	2.0	0.0	2.0	0.3330000000000002	2.667	1.0
185	0.0	1.0	0.0	1.0	1.0	2.0	1.0
186	1.0	2.0	1.0	2.0	1.3330000000000002	4.667	2.0
187	1.0	2.0	1.0	2.0	1.6680000000000001	4.332	2.0
188	0.0	1.0	0.0	1.0	0.3330000000000002	2.667	1.0
189	1.0	2.0	1.0	2.0	0.3330000000000002	2.667	1.0
190	1.0	2.0	1.0	2.0	1.0	2.0	1.0
191	0.0	1.0	0.0	1.0	0.3330000000000002	2.667	1.0
192	1.0	2.0	1.0	2.0	1.0	2.0	1.0
193	1.0	0.0	1.0	0.0	1.0	2.0	1.0
194	2.0	1.0	2.0	1.0	1.3330000000000002	4.667	2.0
195	0.0	2.0	0.0	2.0	0.6660000000000004	5.334	2.0
196	1.0	2.0	1.0	2.0	0.6660000000000004	5.334	2.0
197	1.0	1.0	1.0	1.0	1.733	4.2669999999999995	2.0
198	1.0	0.0	1.0	0.0	1.0	2.0	1.0
199	0.0	0.0	0.0	0.0	0.0	0.0	0.0
200	0.0	2.0	0.0	2.0	0.3330000000000002	2.667	1.0
201	1.0	2.0	1.0	2.0	1.0	2.0	1.0
202	0.0	0.0	0.0	0.0	0.0	0.0	0.0
203	0.0	3.0	0.0	3.0	1.3330000000000002	4.667	2.0
204	1.0	2.0	1.0	2.0	1.3330000000000002	4.667	2.0
205	0.0	1.0	0.0	1.0	0.0	3.0	1.0
206	1.0	1.0	1.0	1.0	2.0	4.0	2.0
207	0.0	2.0	0.0	2.0	1.3330000000000002	4.667	2.0
208	1.0	1.0	1.0	1.0	0.6660000000000004	5.334	2.0
209	2.0	0.0	2.0	0.0	1.4	1.6	1.0
210	0.0	0.0	0.0	0.0	0.0	0.0	0.0
211	0.0	2.0	0.0	2.0	1.0	2.0	1.0
212	1.0	2.0	1.0	2.0	2.0	4.0	2.0
213	0.0	0.0	0.0	0.0	0.0	0.0	0.0
214	1.0	0.0	1.0	0.0	1.0	2.0	1.0
215	1.0	2.0	1.0	2.0	1.0	5.0	2.0
216	0.0	2.0	0.0	2.0	1.3330000000000002	4.667	2.0
217	0.0	3.0	0.0	3.0	0.6680000000000001	5.332	2.0
218	1.0	1.0	1.0	1.0	1.0	2.0	1.0
219	0.0	1.0	0.0	1.0	0.3330000000000002	2.667	1.0
220	1.0	2.0	1.0	2.0	1.3330000000000002	4.667	2.0
221	1.0	2.0	1.0	2.0	0.6680000000000001	2.332	1.0
222	1.0	2.0	1.0	2.0	1.3330000000000002	4.667	2.0
223	1.0	1.0	1.0	1.0	1.0	2.0	1.0
224	1.0	0.0	1.0	0.0	0.3330000000000002	2.667	1.0
225	0.0	0.0	0.0	0.0	0.0	0.0	0.0
226	0.0	2.0	0.0	2.0	1.0	2.0	1.0
227	0.0	0.0	0.0	0.0	0.0	0.0	0.0
228	1.0	1.0	1.0	1.0	0.6660000000000004	5.334	2.0
229	0.0	0.0	0.0	0.0	0.0	0.0	0.0
230	1.0	0.0	1.0	0.0	1.0	2.0	1.0
231	0.0	2.0	0.0	2.0	1.0010000000000003	4.999	2.0
232	0.0	2.0	0.0	2.0	1.0010000000000003	4.999	2.0
233	1.0	2.0	1.0	2.0	1.3330000000000002	4.667	2.0
234	1.0	2.0	1.0	2.0	1.6680000000000001	4.332	2.0
235	0.0	3.0	0.0	3.0	1.3330000000000002	4.667	2.0
236	1.0	1.0	1.0	1.0	0.3330000000000002	2.667	1.0
237	1.0	0.0	1.0	0.0	1.0	2.0	1.0
238	1.0	1.0	1.0	1.0	1.0	2.0	1.0
239	1.0	2.0	1.0	2.0	1.3330000000000002	4.667	2.0
240	0.0	0.0	0.0	0.0	0.0	0.0	0.0
241	0.0	0.0	0.0	0.0	0.0	0.0	0.0
242	0.0	0.0	0.0	0.0	0.0	0.0	0.0
243	0.0	0.0	0.0	0.0	0.0	0.0	0.0
244	0.0	2.0	0.0	2.0	0.6660000000000004	5.334	2.0
245	0.0	2.0	0.0	2.0	0.3330000000000002	2.667	1.0
246	1.0	2.0	1.0	2.0	1.3330000000000002	4.667	2.0
247	1.0	0.0	1.0	0.0	0.3330000000000002	2.667	1.0
248	0.0	2.0	0.0	2.0	0.3330000000000002	2.667	1.0
249	0.0	2.0	0.0	2.0	1.3330000000000002	4.667	2.0
250	1.0	2.0	1.0	2.0	1.6680000000000001	4.332	2.0
251	1.0	0.0	1.0	0.0	1.0	2.0	1.0
252	0.0	2.0	0.0	2.0	1.3330000000000002	4.667	2.0
253	0.0	0.0	0.0	0.0	0.0	0.0	0.0
254	1.0	0.0	1.0	0.0	1.0	2.0	1.0
255	1.0	1.0	1.0	1.0	1.3330000000000002	4.667	2.0
256	0.0	1.0	0.0	1.0	0.6680000000000001	2.332	1.0
257	1.0	1.0	1.0	1.0	2.0	4.0	2.0
258	1.0	2.0	1.0	2.0	1.0	2.0	1.0
259	0.0	2.0	0.0	2.0	1.3330000000000002	4.667	2.0
260	2.0	1.0	2.0	1.0	0.3330000000000002	2.667	1.0
261	0.0	1.0	0.0	1.0	0.3330000000000002	2.667	1.0
262	2.0	1.0	2.0	1.0	1.0	2.0	1.0
263	0.0	1.0	0.0	1.0	0.6680000000000001	2.332	1.0
264	1.0	1.0	1.0	1.0	2.4	3.6	2.0
265	0.0	2.0	0.0	2.0	0.6660000000000004	5.334	2.0
266	0.0	1.0	0.0	1.0	0.3330000000000002	2.667	1.0
267	1.0	1.0	1.0	1.0	0.3330000000000002	2.667	1.0
268	1.0	1.0	1.0	1.0	0.3330000000000002	2.667	1.0
269	1.0	1.0	1.0	1.0	1.3330000000000002	4.667	2.0
270	2.0	1.0	2.0	1.0	1.6680000000000001	4.332	2.0
271	1.0	1.0	1.0	1.0	1.0	2.0	1.0
272	1.0	2.0	1.0	2.0	2.4	3.6	2.0
273	0.0	1.0	0.0	1.0	0.3330000000000002	2.667	1.0
274	0.0	2.0	0.0	2.0	1.3330000000000002	4.667	2.0
275	0.0	1.0	0.0	1.0	0.3330000000000002	2.667	1.0
276	0.0	2.0	0.0	2.0	0.3330000000000002	5.667	2.0
277	1.0	0.0	1.0	0.0	0.3330000000000002	2.667	1.0
278	1.0	2.0	1.0	2.0	2.0	4.0	2.0
279	0.0	2.0	0.0	2.0	1.3330000000000002	4.667	2.0
280	0.0	1.0	0.0	1.0	1.0	2.0	1.0
281	1.0	2.0	1.0	2.0	1.733	4.2669999999999995	2.0
282	1.0	2.0	1.0	2.0	1.0	2.0	1.0
283	0.0	0.0	0.0	0.0	0.0	0.0	0.0
284	0.0	3.0	0.0	3.0	1.3330000000000002	4.667	2.0
285	0.0	0.0	0.0	0.0	0.0	0.0	0.0
286	0.0	0.0	0.0	0.0	0.0	0.0	0.0
287	1.0	1.0	1.0	1.0	1.0	2.0	1.0
288	1.0	1.0	1.0	1.0	2.0	4.0	2.0
289	0.0	1.0	0.0	1.0	0.3330000000000002	2.667	1.0
290	1.0	2.0	1.0	2.0	0.6660000000000004	5.334	2.0
291	0.0	0.0	0.0	0.0	0.0	0.0	0.0
292	1.0	1.0	1.0	1.0	0.3330000000000002	2.667	1.0
293	0.0	1.0	0.0	1.0	0.0	3.0	1.0
294	1.0	1.0	1.0	1.0	1.0010000000000003	4.999	2.0
295	0.0	1.0	0.0	1.0	0.3330000000000002	2.667	1.0
296	0.0	2.0	0.0	2.0	1.0	5.0	2.0
297	0.0	2.0	0.0	2.0	0.3330000000000002	5.667	2.0
298	2.0	0.0	2.0	0.0	1.6680000000000001	4.332	2.0
299	1.0	0.0	1.0	0.0	1.0	2.0	1.0
300	1.0	2.0	1.0	2.0	1.0	2.0	1.0
301	1.0	2.0	1.0	2.0	1.3330000000000002	4.667	2.0
302	1.0	1.0	1.0	1.0	1.0	5.0	2.0
303	1.0	1.0	1.0	1.0	0.3330000000000002	2.667	1.0
304	0.0	2.0	0.0	2.0	0.6680000000000001	2.332	1.0
305	0.0	2.0	0.0	2.0	0.3330000000000002	2.667	1.0
306	1.0	2.0	1.0	2.0	2.0	4.0	2.0
307	1.0	0.0	1.0	0.0	1.0	2.0	1.0
308	1.0	0.0	1.0	0.0	0.6680000000000001	2.332	1.0
309	1.0	0.0	1.0	0.0	1.0	2.0	1.0
310	1.0	1.0	1.0	1.0	2.0	4.0	2.0
311	1.0	2.0	1.0	2.0	1.0	2.0	1.0
312	1.0	0.0	1.0	0.0	1.0	2.0	1.0
313	1.0	0.0	1.0	0.0	1.0	2.0	1.0
314	0.0	1.0	0.0	1.0	1.0	2.0	1.0
315	0.0	3.0	0.0	3.0	1.3330000000000002	4.667	2.0
316	0.0	1.0	0.0	1.0	0.3330000000000002	2.667	1.0
317	0.0	0.0	0.0	0.0	0.0	0.0	0.0
318	1.0	0.0	1.0	0.0	1.0	2.0	1.0
319	1.0	1.0	1.0	1.0	0.3330000000000002	2.667	1.0
320	1.0	2.0	1.0	2.0	1.3330000000000002	4.667	2.0
321	1.0	0.0	1.0	0.0	1.0	2.0	1.0
322	1.0	2.0	1.0	2.0	2.0	4.0	2.0
323	1.0	1.0	1.0	1.0	1.0	2.0	1.0
324	1.0	2.0	1.0	2.0	1.3330000000000002	4.667	2.0
325	0.0	0.0	0.0	0.0	0.0	0.0	0.0
326	0.0	2.0	0.0	2.0	0.3330000000000002	2.667	1.0
327	0.0	2.0	0.0	2.0	1.0	2.0	1.0
328	0.0	3.0	0.0	3.0	1.3330000000000002	4.667	2.0
329	1.0	0.0	1.0	0.0	1.0	2.0	1.0
330	1.0	0.0	1.0	0.0	1.0	2.0	1.0
331	0.0	1.0	0.0	1.0	0.3330000000000002	2.667	1.0
332	1.0	0.0	1.0	0.0	1.0	2.0	1.0
333	1.0	1.0	1.0	1.0	1.3330000000000002	4.667	2.0
334	1.0	1.0	1.0	1.0	0.6680000000000001	2.332	1.0
335	0.0	0.0	0.0	0.0	0.0	0.0	0.0
336	1.0	0.0	1.0	0.0	1.4	1.6	1.0
337	0.0	1.0	0.0	1.0	0.0	3.0	1.0
338	1.0	0.0	1.0	0.0	1.0	2.0	1.0
339	1.0	0.0	1.0	0.0	0.3330000000000002	2.667	1.0
340	1.0	0.0	1.0	0.0	1.0	2.0	1.0
341	0.0	1.0	0.0	1.0	0.0	3.0	1.0
342	1.0	0.0	1.0	0.0	0.3330000000000002	2.667	1.0
343	1.0	0.0	1.0	0.0	1.0	2.0	1.0
344	0.0	0.0	0.0	0.0	0.0	0.0	0.0
345	1.0	0.0	1.0	0.0	1.0	2.0	1.0
346	0.0	0.0	0.0	0.0	0.0	0.0	0.0
347	0.0	1.0	0.0	1.0	1.0	2.0	1.0
348	2.0	0.0	2.0	0.0	1.6680000000000001	4.332	2.0
349	1.0	0.0	1.0	0.0	1.0	2.0	1.0
350	1.0	2.0	1.0	2.0	0.3330000000000002	5.667	2.0
351	0.0	0.0	0.0	0.0	0.0	0.0	0.0
352	1.0	0.0	1.0	0.0	1.0	2.0	1.0
353	0.0	0.0	0.0	0.0	0.0	0.0	0.0
354	1.0	0.0	1.0	0.0	0.3330000000000002	2.667	1.0
355	0.0	1.0	0.0	1.0	1.0	2.0	1.0
356	0.0	0.0	0.0	0.0	0.0	0.0	0.0
357	1.0	1.0	1.0	1.0	1.3330000000000002	4.667	2.0
358	0.0	0.0	0.0	0.0	0.0	0.0	0.0
359	1.0	1.0	1.0	1.0	1.0	2.0	1.0
360	0.0	1.0	0.0	1.0	1.0	2.0	1.0
361	0.0	2.0	0.0	2.0	0.6660000000000004	5.334	2.0
362	1.0	2.0	1.0	2.0	1.0	5.0	2.0
363	1.0	0.0	1.0	0.0	1.4	1.6	1.0
364	1.0	0.0	1.0	0.0	1.0	2.0	1.0
365	1.0	1.0	1.0	1.0	0.3330000000000002	2.667	1.0
366	0.0	0.0	0.0	0.0	0.0	0.0	0.0
367	1.0	0.0	1.0	0.0	1.0	2.0	1.0
368	0.0	1.0	0.0	1.0	0.6680000000000001	2.332	1.0
369	2.0	0.0	2.0	0.0	2.068	3.932	2.0
370	0.0	0.0	0.0	0.0	0.0	0.0	0.0
371	0.0	3.0	0.0	3.0	0.6660000000000004	5.334	2.0
372	1.0	1.0	1.0	1.0	0.6660000000000004	5.334	2.0
373	1.0	2.0	1.0	2.0	0.3330000000000002	2.667	1.0
374	1.0	2.0	1.0	2.0	1.0	2.0	1.0
375	1.0	2.0	1.0	2.0	2.0	4.0	2.0
376	1.0	2.0	1.0	2.0	1.3330000000000002	4.667	2.0
377	0.0	1.0	0.0	1.0	0.3330000000000002	2.667	1.0
378	1.0	1.0	1.0	1.0	1.3330000000000002	4.667	2.0
379	1.0	1.0	1.0	1.0	2.0	4.0	2.0
380	1.0	2.0	1.0	2.0	1.0	2.0	1.0
381	0.0	3.0	0.0	3.0	1.3330000000000002	4.667	2.0
382	0.0	1.0	0.0	1.0	0.3330000000000002	2.667	1.0
383	0.0	1.0	0.0	1.0	0.3330000000000002	2.667	1.0
384	0.0	2.0	0.0	2.0	0.3330000000000002	5.667	2.0
385	1.0	2.0	1.0	2.0	1.6680000000000001	4.332	2.0
386	1.0	1.0	1.0	1.0	0.3330000000000002	2.667	1.0
387	1.0	0.0	1.0	0.0	1.0	2.0	1.0
388	1.0	1.0	1.0	1.0	1.0	2.0	1.0
389	1.0	2.0	1.0	2.0	0.6680000000000001	2.332	1.0
390	1.0	2.0	1.0	2.0	1.3330000000000002	4.667	2.0
391	0.0	0.0	0.0	0.0	0.0	0.0	0.0
392	1.0	0.0	1.0	0.0	0.3330000000000002	2.667	1.0
393	1.0	1.0	1.0	1.0	1.0	2.0	1.0
394	0.0	2.0	0.0	2.0	1.3330000000000002	4.667	2.0
395	1.0	1.0	1.0	1.0	0.0	3.0	1.0
396	1.0	0.0	1.0	0.0	0.6680000000000001	2.332	1.0
397	1.0	0.0	1.0	0.0	1.0	2.0	1.0
398	1.0	0.0	1.0	0.0	1.0	2.0	1.0
399	0.0	0.0	0.0	0.0	0.0	0.0	0.0
400	0.0	0.0	0.0	0.0	0.0	0.0	0.0
401	0.0	1.0	0.0	1.0	0.3330000000000002	2.667	1.0
402	0.0	0.0	0.0	0.0	0.0	0.0	0.0
403	1.0	0.0	1.0	0.0	1.0	2.0	1.0
404	1.0	0.0	1.0	0.0	0.6680000000000001	2.332	1.0
405	1.0	1.0	1.0	1.0	0.3330000000000002	2.667	1.0
406	0.0	0.0	0.0	0.0	0.0	0.0	0.0
407	1.0	0.0	1.0	0.0	1.0	2.0	1.0
408	1.0	0.0	1.0	0.0	1.0	2.0	1.0
409	1.0	1.0	1.0	1.0	0.3330000000000002	2.667	1.0
410	0.0	1.0	0.0	1.0	0.3330000000000002	2.667	1.0
411	1.0	2.0	1.0	2.0	1.3330000000000002	4.667	2.0
412	0.0	2.0	0.0	2.0	0.6680000000000001	2.332	1.0
413	1.0	1.0	1.0	1.0	1.0	2.0	1.0
414	1.0	2.0	1.0	2.0	1.6680000000000001	4.332	2.0
415	0.0	1.0	0.0	1.0	0.3330000000000002	2.667	1.0
416	1.0	0.0	1.0	0.0	1.0	2.0	1.0
417	1.0	2.0	1.0	2.0	1.3330000000000002	4.667	2.0
418	0.0	1.0	0.0	1.0	0.3330000000000002	2.667	1.0
419	1.0	1.0	1.0	1.0	1.3330000000000002	4.667	2.0
420	1.0	2.0	1.0	2.0	1.3330000000000002	4.667	2.0
421	1.0	1.0	1.0	1.0	1.0	2.0	1.0
422	0.0	0.0	0.0	0.0	0.0	0.0	0.0
423	0.0	1.0	0.0	1.0	1.0	2.0	1.0
424	0.0	1.0	0.0	1.0	0.6680000000000001	2.332	1.0
425	0.0	1.0	0.0	1.0	0.0	3.0	1.0
426	0.0	2.0	0.0	2.0	1.3330000000000002	4.667	2.0
427	2.0	0.0	2.0	0.0	2.068	3.932	2.0
428	1.0	2.0	1.0	2.0	2.0	4.0	2.0
429	1.0	2.0	1.0	2.0	2.0	4.0	2.0
430	0.0	3.0	0.0	3.0	0.6660000000000004	5.334	2.0
431	0.0	3.0	0.0	3.0	0.6680000000000001	5.332	2.0
432	1.0	2.0	1.0	2.0	2.4	3.6	2.0
433	0.0	2.0	0.0	2.0	0.6660000000000004	5.334	2.0
434	1.0	2.0	1.0	2.0	2.0	4.0	2.0
435	0.0	1.0	0.0	1.0	1.0	2.0	1.0
436	0.0	0.0	0.0	0.0	0.0	0.0	0.0
437	1.0	1.0	1.0	1.0	0.3330000000000002	2.667	1.0
438	0.0	0.0	0.0	0.0	0.0	0.0	0.0
439	0.0	0.0	0.0	0.0	0.0	0.0	0.0
440	0.0	0.0	0.0	0.0	0.0	0.0	0.0
441	0.0	0.0	0.0	0.0	0.0	0.0	0.0
442	1.0	1.0	1.0	1.0	0.3330000000000002	2.667	1.0
443	0.0	1.0	0.0	1.0	1.0	2.0	1.0
444	0.0	0.0	0.0	0.0	0.0	0.0	0.0
445	0.0	1.0	0.0	1.0	0.6680000000000001	2.332	1.0
446	1.0	2.0	1.0	2.0	0.3330000000000002	2.667	1.0
447	1.0	0.0	1.0	0.0	1.0	2.0	1.0
448	1.0	1.0	1.0	1.0	1.0	2.0	1.0
449	1.0	2.0	1.0	2.0	0.6660000000000004	5.334	2.0
450	1.0	2.0	1.0	2.0	1.3330000000000002	4.667	2.0
451	1.0	2.0	1.0	2.0	1.6680000000000001	4.332	2.0
452	1.0	1.0	1.0	1.0	1.3330000000000002	4.667	2.0
453	1.0	2.0	1.0	2.0	1.3330000000000002	4.667	2.0
454	0.0	0.0	0.0	0.0	0.0	0.0	0.0
455	1.0	1.0	1.0	1.0	1.6680000000000001	4.332	2.0
456	0.0	0.0	0.0	0.0	0.0	0.0	0.0
457	0.0	0.0	0.0	0.0	0.0	0.0	0.0
458	0.0	0.0	0.0	0.0	0.0	0.0	0.0
459	0.0	0.0	0.0	0.0	0.0	0.0	0.0
460	0.0	0.0	0.0	0.0	0.0	0.0	0.0
461	0.0	0.0	0.0	0.0	0.0	0.0	0.0
462	1.0	1.0	1.0	1.0	0.3330000000000002	2.667	1.0
463	0.0	1.0	0.0	1.0	0.6680000000000001	2.332	1.0
464	1.0	1.0	1.0	1.0	1.4	1.6	1.0
