pos	Sd	Nd	Sd_tip	Nd_tip	S	N	comparisons
001	0.0	0.0	0.0	0.0	0.0	0.0	0.0
002	1.0	4.0	0.0	1.0	2.0010000000000003	9.998999999999999	1.0
003	1.0	4.0	0.0	3.0	3.0010000000000003	8.998999999999999	2.0
004	2.0	1.0	1.0	0.0	1.6660000000000004	7.334	1.0
005	2.0	0.0	1.0	0.0	2.0	4.0	1.0
006	1.0	1.0	1.0	1.0	0.3330000000000002	2.667	1.0
007	2.0	3.0	1.0	1.0	5.0	10.0	2.0
008	0.0	1.0	0.0	1.0	0.3330000000000002	2.667	1.0
009	1.0	2.0	0.0	2.0	2.0	4.0	1.0
010	1.0	2.0	1.0	2.0	1.0	2.0	1.0
011	2.0	2.0	0.0	1.0	1.0	5.0	1.0
012	2.0	1.0	1.0	1.0	3.0	6.0	2.0
013	1.0	6.0	1.0	5.0	2.733	9.267	3.0
014	2.0	3.0	2.0	2.0	4.4	7.6	3.0
015	2.0	4.0	1.0	3.0	4.466	10.533999999999999	3.0
016	1.0	2.0	1.0	2.0	2.0	4.0	2.0
017	3.0	1.0	2.0	1.0	3.733	8.267	3.0
018	1.0	0.0	1.0	0.0	1.0	2.0	1.0
019	2.0	0.0	1.0	0.0	2.0	4.0	1.0
020	2.0	3.0	2.0	2.0	3.668	8.332	3.0
021	1.0	2.0	1.0	2.0	3.0	6.0	3.0
022	2.0	1.0	2.0	1.0	3.0	6.0	3.0
023	1.0	2.0	1.0	2.0	3.0	6.0	3.0
024	2.0	1.0	2.0	1.0	2.0	4.0	2.0
025	3.0	0.0	2.0	0.0	3.4	5.6	2.0
026	3.0	1.0	2.0	1.0	3.0	6.0	2.0
027	1.0	1.0	1.0	1.0	1.0	2.0	1.0
028	1.0	0.0	0.0	0.0	1.0	2.0	0.0
029	3.0	0.0	1.0	0.0	3.0	6.0	1.0
030	2.0	0.0	1.0	0.0	2.0	4.0	1.0
031	0.0	0.0	0.0	0.0	0.0	0.0	0.0
032	3.0	0.0	1.0	0.0	0.9990000000000006	8.001	1.0
033	0.0	1.0	0.0	1.0	0.3330000000000002	2.667	1.0
034	0.0	0.0	0.0	0.0	0.0	0.0	0.0
035	3.0	1.0	1.0	1.0	4.0	8.0	2.0
036	2.0	2.0	1.0	2.0	1.3330000000000002	4.667	1.0
037	2.0	0.0	1.0	0.0	2.0	4.0	1.0
038	2.0	2.0	1.0	2.0	2.333	6.667	2.0
039	2.0	0.0	1.0	0.0	2.0	4.0	1.0
040	2.0	0.0	2.0	0.0	2.0	4.0	2.0
041	0.0	0.0	0.0	0.0	0.0	0.0	0.0
042	0.0	2.0	0.0	1.0	1.3360000000000003	4.664	1.0
043	3.0	0.0	0.0	0.0	3.0	6.0	0.0
044	3.0	0.0	3.0	0.0	3.0	6.0	3.0
045	3.0	0.0	3.0	0.0	0.9990000000000006	8.001	3.0
046	0.0	0.0	0.0	0.0	0.0	0.0	0.0
047	2.0	0.0	2.0	0.0	2.0	4.0	2.0
048	1.0	0.0	1.0	0.0	1.0	2.0	1.0
049	3.0	0.0	2.0	0.0	1.6680000000000001	4.332	1.0
050	2.0	0.0	0.0	0.0	2.0	4.0	0.0
051	4.0	0.0	3.0	0.0	3.736	8.264	3.0
052	0.0	0.0	0.0	0.0	0.0	0.0	0.0
053	1.0	2.0	1.0	2.0	0.6660000000000004	5.334	2.0
054	1.0	0.0	1.0	0.0	1.0	2.0	1.0
055	0.0	2.0	0.0	2.0	0.6660000000000004	5.334	2.0
056	2.0	4.0	2.0	2.0	4.666	13.334	4.0
057	2.0	0.0	2.0	0.0	2.0	4.0	2.0
058	3.0	1.0	1.0	1.0	4.0	8.0	2.0
059	2.0	0.0	1.0	0.0	2.4	3.6	1.0
060	1.0	0.0	1.0	0.0	0.3330000000000002	2.667	1.0
061	1.0	0.0	1.0	0.0	0.3330000000000002	2.667	1.0
062	2.0	2.0	0.0	1.0	4.068	7.9319999999999995	1.0
063	1.0	0.0	1.0	0.0	0.3330000000000002	2.667	1.0
064	1.0	0.0	1.0	0.0	1.0	2.0	1.0
065	1.0	0.0	1.0	0.0	1.0	2.0	1.0
066	2.0	0.0	1.0	0.0	2.0	4.0	1.0
067	2.0	0.0	2.0	0.0	0.6660000000000004	5.334	2.0
068	2.0	2.0	1.0	2.0	2.333	6.667	2.0
069	2.0	2.0	1.0	2.0	4.0	8.0	3.0
070	3.0	0.0	3.0	0.0	3.0	6.0	3.0
071	1.0	3.0	1.0	2.0	4.0	8.0	3.0
072	0.0	1.0	0.0	1.0	0.3330000000000002	2.667	1.0
073	2.0	0.0	2.0	0.0	1.3360000000000003	4.664	2.0
074	1.0	1.0	1.0	1.0	2.0	4.0	2.0
075	2.0	0.0	1.0	0.0	2.0	4.0	1.0
076	1.0	1.0	1.0	1.0	2.0	4.0	2.0
077	2.0	0.0	2.0	0.0	2.0	4.0	2.0
078	1.0	0.0	1.0	0.0	1.0	2.0	1.0
079	1.0	0.0	1.0	0.0	1.0	2.0	1.0
080	2.0	0.0	2.0	0.0	2.0	4.0	2.0
081	1.0	0.0	1.0	0.0	1.0	2.0	1.0
082	2.0	0.0	0.0	0.0	2.0	4.0	0.0
083	1.0	1.0	1.0	1.0	0.6660000000000004	5.334	2.0
084	2.0	0.0	2.0	0.0	2.0	4.0	2.0
085	2.0	1.0	1.0	1.0	3.0	6.0	2.0
086	2.0	2.0	2.0	2.0	2.0	4.0	2.0
087	2.0	0.0	2.0	0.0	0.6660000000000004	5.334	2.0
088	0.0	0.0	0.0	0.0	0.0	0.0	0.0
089	2.0	2.0	2.0	2.0	1.6680000000000001	4.332	2.0
090	0.0	0.0	0.0	0.0	0.0	0.0	0.0
091	2.0	0.0	2.0	0.0	0.6660000000000004	5.334	2.0
092	0.0	1.0	0.0	1.0	1.0	2.0	1.0
093	2.0	5.0	2.0	4.0	1.9990000000000006	10.001	3.0
094	3.0	0.0	2.0	0.0	3.0	6.0	2.0
095	3.0	0.0	2.0	0.0	3.0	6.0	2.0
096	1.0	0.0	1.0	0.0	0.3330000000000002	2.667	1.0
097	1.0	1.0	1.0	1.0	2.4	3.6	2.0
098	0.0	0.0	0.0	0.0	0.0	0.0	0.0
099	3.0	1.0	3.0	1.0	3.333	8.667	4.0
100	1.0	1.0	0.0	1.0	1.6680000000000001	4.332	1.0
101	1.0	0.0	0.0	0.0	0.6680000000000001	2.332	0.0
102	0.0	0.0	0.0	0.0	0.0	0.0	0.0
103	1.0	0.0	1.0	0.0	0.3330000000000002	2.667	1.0
104	0.0	0.0	0.0	0.0	0.0	0.0	0.0
105	1.0	0.0	1.0	0.0	1.0	2.0	1.0
106	2.0	2.0	2.0	2.0	1.3330000000000002	4.667	2.0
107	2.0	3.0	2.0	3.0	0.6660000000000004	5.334	2.0
108	3.0	2.0	1.0	2.0	3.333	8.667	2.0
109	1.0	0.0	0.0	0.0	0.3330000000000002	2.667	0.0
110	1.0	0.0	1.0	0.0	0.3330000000000002	2.667	1.0
111	2.0	0.0	2.0	0.0	2.4	3.6	2.0
112	2.0	0.0	1.0	0.0	2.0	4.0	1.0
113	1.0	0.0	0.0	0.0	0.3330000000000002	2.667	0.0
114	2.0	0.0	0.0	0.0	2.0	4.0	0.0
115	0.0	0.0	0.0	0.0	0.0	0.0	0.0
116	3.0	0.0	2.0	0.0	3.0	6.0	2.0
117	1.0	0.0	1.0	0.0	1.0	2.0	1.0
118	2.0	1.0	0.0	1.0	2.333	6.667	1.0
119	1.0	2.0	0.0	1.0	0.9990000000000006	8.001	1.0
120	1.0	5.0	0.0	4.0	2.9990000000000006	12.001	3.0
121	1.0	0.0	1.0	0.0	1.0	2.0	1.0
122	2.0	0.0	1.0	0.0	2.0	4.0	1.0
123	1.0	2.0	0.0	2.0	0.9990000000000006	8.001	2.0
124	1.0	1.0	1.0	1.0	2.0	4.0	2.0
125	0.0	2.0	0.0	1.0	0.6660000000000004	5.334	1.0
126	0.0	1.0	0.0	1.0	1.0	2.0	1.0
127	0.0	4.0	0.0	4.0	2.0	4.0	2.0
128	1.0	0.0	0.0	0.0	0.3330000000000002	2.667	0.0
129	0.0	0.0	0.0	0.0	0.0	0.0	0.0
130	4.0	0.0	3.0	0.0	3.668	8.332	3.0
131	1.0	0.0	1.0	0.0	1.0	2.0	1.0
132	1.0	0.0	1.0	0.0	0.3330000000000002	2.667	1.0
133	3.0	0.0	2.0	0.0	3.0	6.0	2.0
134	0.0	0.0	0.0	0.0	0.0	0.0	0.0
135	3.0	0.0	2.0	0.0	3.0	6.0	2.0
136	2.0	0.0	2.0	0.0	2.0	4.0	2.0
137	2.0	0.0	2.0	0.0	2.0	4.0	2.0
138	1.0	0.0	1.0	0.0	1.0	2.0	1.0
139	2.0	3.0	1.0	3.0	3.333	8.667	3.0
140	3.0	0.0	3.0	0.0	2.668	6.332	3.0
141	1.0	2.0	1.0	2.0	0.3330000000000002	2.667	1.0
142	2.0	0.0	0.0	0.0	2.0	4.0	0.0
143	0.0	0.0	0.0	0.0	0.0	0.0	0.0
144	1.0	1.0	1.0	1.0	0.3330000000000002	2.667	1.0
145	1.0	0.0	1.0	0.0	0.3330000000000002	2.667	1.0
146	3.0	0.0	2.0	0.0	3.0	6.0	2.0
147	2.0	0.0	2.0	0.0	0.6660000000000004	5.334	2.0
148	1.0	0.0	1.0	0.0	1.0	2.0	1.0
149	1.0	0.0	0.0	0.0	1.0	2.0	0.0
150	1.0	0.0	1.0	0.0	0.3330000000000002	2.667	1.0
151	0.0	2.0	0.0	2.0	2.0	4.0	2.0
152	1.0	1.0	1.0	1.0	1.0	2.0	1.0
153	2.0	0.0	2.0	0.0	2.0	4.0	2.0
154	1.0	0.0	1.0	0.0	1.0	2.0	1.0
155	2.0	0.0	2.0	0.0	2.0	4.0	2.0
156	2.0	0.0	1.0	0.0	2.0	4.0	1.0
157	0.0	0.0	0.0	0.0	0.0	0.0	0.0
158	4.0	0.0	2.0	0.0	3.668	8.332	2.0
159	2.0	0.0	2.0	0.0	0.6660000000000004	5.334	2.0
160	0.0	0.0	0.0	0.0	0.0	0.0	0.0
161	2.0	3.0	0.0	3.0	3.333	8.667	2.0
162	2.0	1.0	2.0	0.0	3.0	6.0	2.0
163	2.0	2.0	0.0	0.0	0.6660000000000004	5.334	0.0
164	0.0	1.0	0.0	1.0	1.0	2.0	1.0
165	3.0	0.0	2.0	0.0	3.0	6.0	2.0
166	3.0	0.0	2.0	0.0	3.0	6.0	2.0
167	2.0	5.0	2.0	3.0	4.337000000000001	13.663	4.0
168	1.0	0.0	1.0	0.0	1.0	2.0	1.0
169	1.0	1.0	1.0	0.0	0.6660000000000004	5.334	1.0
170	1.0	2.0	1.0	0.0	2.333	6.667	1.0
171	3.0	1.0	0.0	1.0	4.0	8.0	1.0
172	0.0	1.0	0.0	1.0	0.3330000000000002	2.667	1.0
173	0.0	0.0	0.0	0.0	0.0	0.0	0.0
174	0.0	1.0	0.0	1.0	0.6680000000000001	2.332	1.0
175	0.0	0.0	0.0	0.0	0.0	0.0	0.0
176	1.0	0.0	1.0	0.0	1.0	2.0	1.0
177	2.0	0.0	2.0	0.0	2.0	4.0	2.0
178	1.0	1.0	1.0	1.0	2.0	4.0	2.0
179	1.0	0.0	1.0	0.0	0.3330000000000002	2.667	1.0
180	3.0	0.0	2.0	0.0	3.0	6.0	2.0
181	3.0	0.0	1.0	0.0	3.0	6.0	1.0
182	1.0	0.0	1.0	0.0	0.3330000000000002	2.667	1.0
183	0.0	1.0	0.0	1.0	0.3330000000000002	2.667	1.0
184	1.0	0.0	0.0	0.0	0.3330000000000002	2.667	0.0
185	1.0	0.0	0.0	0.0	1.0	2.0	0.0
186	1.0	0.0	0.0	0.0	1.0	2.0	0.0
187	0.0	0.0	0.0	0.0	0.0	0.0	0.0
188	1.0	0.0	0.0	0.0	0.3330000000000002	2.667	0.0
189	2.0	0.0	1.0	0.0	0.6660000000000004	5.334	1.0
190	1.0	0.0	1.0	0.0	0.3330000000000002	2.667	1.0
191	2.0	0.0	2.0	0.0	0.6660000000000004	5.334	2.0
192	0.0	0.0	0.0	0.0	0.0	0.0	0.0
193	0.0	0.0	0.0	0.0	0.0	0.0	0.0
194	1.0	0.0	1.0	0.0	1.0	2.0	1.0
195	0.0	0.0	0.0	0.0	0.0	0.0	0.0
196	3.0	2.0	2.0	1.0	4.0	8.0	2.0
197	0.0	1.0	0.0	1.0	0.3330000000000002	2.667	1.0
198	1.0	2.0	0.0	1.0	1.6660000000000004	7.334	1.0
199	3.0	2.0	3.0	2.0	2.333	6.667	3.0
200	0.0	1.0	0.0	1.0	0.3330000000000002	2.667	1.0
201	2.0	0.0	1.0	0.0	2.0	4.0	1.0
202	2.0	0.0	1.0	0.0	2.0	4.0	1.0
203	0.0	0.0	0.0	0.0	0.0	0.0	0.0
204	3.0	0.0	3.0	0.0	3.0	6.0	3.0
205	2.0	0.0	1.0	0.0	0.6660000000000004	5.334	1.0
206	0.0	0.0	0.0	0.0	0.0	0.0	0.0
207	0.0	0.0	0.0	0.0	0.0	0.0	0.0
208	0.0	0.0	0.0	0.0	0.0	0.0	0.0
209	1.0	0.0	0.0	0.0	0.6680000000000001	2.332	0.0
210	0.0	0.0	0.0	0.0	0.0	0.0	0.0
211	1.0	1.0	0.0	1.0	0.6660000000000004	5.334	1.0
212	2.0	0.0	2.0	0.0	2.0	4.0	2.0
213	0.0	0.0	0.0	0.0	0.0	0.0	0.0
214	0.0	2.0	0.0	1.0	0.6660000000000004	5.334	1.0
215	1.0	0.0	1.0	0.0	1.0	2.0	1.0
216	2.0	3.0	1.0	1.0	4.668	10.332	2.0
217	0.0	0.0	0.0	0.0	0.0	0.0	0.0
218	0.0	0.0	0.0	0.0	0.0	0.0	0.0
219	1.0	1.0	0.0	1.0	2.0	4.0	1.0
220	2.0	0.0	1.0	0.0	2.0	4.0	1.0
221	0.0	1.0	0.0	0.0	1.0	2.0	0.0
222	1.0	0.0	1.0	0.0	1.0	2.0	1.0
223	1.0	0.0	0.0	0.0	0.3330000000000002	2.667	0.0
224	1.0	0.0	1.0	0.0	1.0	2.0	1.0
225	4.0	0.0	4.0	0.0	4.0	8.0	4.0
226	0.0	0.0	0.0	0.0	0.0	0.0	0.0
227	1.0	1.0	1.0	1.0	1.6680000000000001	4.332	2.0
228	0.0	0.0	0.0	0.0	0.0	0.0	0.0
229	2.0	0.0	2.0	0.0	2.0	4.0	2.0
230	2.0	0.0	1.0	0.0	0.6660000000000004	5.334	1.0
231	1.0	0.0	0.0	0.0	1.0	2.0	0.0
232	0.0	0.0	0.0	0.0	0.0	0.0	0.0
233	1.0	0.0	0.0	0.0	0.3330000000000002	2.667	0.0
234	2.0	0.0	0.0	0.0	2.0	4.0	0.0
235	1.0	0.0	0.0	0.0	0.6680000000000001	2.332	0.0
236	0.0	0.0	0.0	0.0	0.0	0.0	0.0
237	2.0	0.0	1.0	0.0	2.0	4.0	1.0
238	3.0	0.0	3.0	0.0	3.0	6.0	3.0
239	0.0	5.0	0.0	2.0	3.6660000000000004	11.334	2.0
240	1.0	1.0	1.0	1.0	0.6660000000000004	5.334	2.0
241	1.0	2.0	1.0	2.0	2.0	4.0	2.0
242	1.0	3.0	1.0	3.0	1.3330000000000002	4.667	2.0
243	0.0	1.0	0.0	1.0	0.3330000000000002	2.667	1.0
244	1.0	0.0	1.0	0.0	0.3330000000000002	2.667	1.0
245	3.0	2.0	3.0	1.0	4.333	10.667	4.0
246	1.0	3.0	0.0	3.0	2.333	6.667	2.0
247	0.0	1.0	0.0	1.0	0.3330000000000002	2.667	1.0
248	1.0	0.0	0.0	0.0	1.0	2.0	0.0
249	1.0	2.0	1.0	2.0	1.3330000000000002	4.667	2.0
250	1.0	1.0	1.0	1.0	1.4	1.6	1.0
251	3.0	2.0	2.0	1.0	4.0	8.0	2.0
252	1.0	4.0	1.0	3.0	2.6660000000000004	9.334	3.0
253	1.0	0.0	0.0	0.0	1.0	2.0	0.0
254	1.0	0.0	0.0	0.0	0.3330000000000002	2.667	0.0
255	2.0	3.0	1.0	2.0	4.0	8.0	2.0
256	2.0	1.0	2.0	1.0	1.3330000000000002	4.667	2.0
257	3.0	0.0	3.0	0.0	3.0	6.0	3.0
258	0.0	0.0	0.0	0.0	0.0	0.0	0.0
259	1.0	1.0	1.0	1.0	1.6680000000000001	4.332	2.0
260	0.0	0.0	0.0	0.0	0.0	0.0	0.0
261	2.0	0.0	2.0	0.0	2.0	4.0	2.0
262	3.0	1.0	2.0	1.0	3.0	6.0	2.0
263	2.0	0.0	2.0	0.0	2.0	4.0	2.0
264	2.0	0.0	2.0	0.0	0.6660000000000004	5.334	2.0
265	1.0	3.0	1.0	1.0	2.3990000000000005	9.600999999999999	2.0
266	0.0	0.0	0.0	0.0	0.0	0.0	0.0
267	3.0	0.0	1.0	0.0	3.0	6.0	1.0
268	2.0	2.0	1.0	2.0	2.668	6.332	2.0
269	2.0	0.0	1.0	0.0	2.0	4.0	1.0
270	2.0	1.0	2.0	1.0	2.0	4.0	2.0
271	1.0	1.0	1.0	0.0	2.0	4.0	1.0
272	2.0	1.0	1.0	1.0	0.9990000000000006	8.001	2.0
273	1.0	0.0	0.0	0.0	1.0	2.0	0.0
274	2.0	1.0	1.0	1.0	3.0	6.0	2.0
275	1.0	1.0	1.0	1.0	2.0	4.0	2.0
276	2.0	0.0	1.0	0.0	2.0	4.0	1.0
277	2.0	2.0	2.0	1.0	2.333	6.667	2.0
278	1.0	0.0	0.0	0.0	1.4	1.6	0.0
279	2.0	1.0	1.0	1.0	3.0	6.0	2.0
280	3.0	0.0	2.0	0.0	3.0	6.0	2.0
281	2.0	1.0	2.0	0.0	0.9990000000000006	8.001	2.0
282	2.0	0.0	1.0	0.0	0.6660000000000004	5.334	1.0
283	0.0	1.0	0.0	0.0	0.3330000000000002	2.667	0.0
284	1.0	0.0	1.0	0.0	1.0	2.0	1.0
285	1.0	1.0	0.0	0.0	2.0	4.0	0.0
286	1.0	0.0	1.0	0.0	1.0	2.0	1.0
287	2.0	0.0	2.0	0.0	2.0	4.0	2.0
288	1.0	3.0	0.0	2.0	1.9990000000000006	10.001	2.0
289	2.0	3.0	0.0	1.0	3.333	8.667	1.0
290	2.0	2.0	1.0	2.0	3.0	6.0	2.0
291	3.0	0.0	1.0	0.0	3.0	6.0	1.0
292	0.0	0.0	0.0	0.0	0.0	0.0	0.0
293	1.0	1.0	1.0	1.0	0.3330000000000002	2.667	1.0
294	1.0	0.0	1.0	0.0	1.0	2.0	1.0
295	0.0	0.0	0.0	0.0	0.0	0.0	0.0
296	0.0	2.0	0.0	2.0	0.3330000000000002	2.667	1.0
297	1.0	2.0	0.0	1.0	1.3340000000000005	7.6659999999999995	1.0
298	1.0	0.0	0.0	0.0	0.3330000000000002	2.667	0.0
299	0.0	0.0	0.0	0.0	0.0	0.0	0.0
300	0.0	1.0	0.0	1.0	1.0	2.0	1.0
301	1.0	0.0	1.0	0.0	0.6680000000000001	2.332	1.0
302	2.0	0.0	1.0	0.0	1.3360000000000003	4.664	1.0
303	1.0	0.0	0.0	0.0	1.0	2.0	0.0
304	1.0	0.0	0.0	0.0	1.0	2.0	0.0
305	1.0	0.0	1.0	0.0	0.6680000000000001	2.332	1.0
306	1.0	0.0	1.0	0.0	1.0	2.0	1.0
307	2.0	0.0	1.0	0.0	2.0	4.0	1.0
308	2.0	0.0	1.0	0.0	0.6660000000000004	5.334	1.0
309	0.0	0.0	0.0	0.0	0.0	0.0	0.0
310	1.0	0.0	0.0	0.0	0.3330000000000002	2.667	0.0
311	0.0	2.0	0.0	1.0	1.3360000000000003	4.664	1.0
312	0.0	0.0	0.0	0.0	0.0	0.0	0.0
313	0.0	1.0	0.0	0.0	1.0	2.0	0.0
314	1.0	0.0	1.0	0.0	0.3330000000000002	2.667	1.0
315	1.0	0.0	0.0	0.0	1.0	2.0	0.0
316	2.0	0.0	1.0	0.0	2.0	4.0	1.0
317	2.0	0.0	1.0	0.0	0.6660000000000004	5.334	1.0
318	1.0	0.0	0.0	0.0	0.3330000000000002	2.667	0.0
319	1.0	0.0	0.0	0.0	0.3330000000000002	2.667	0.0
320	0.0	0.0	0.0	0.0	0.0	0.0	0.0
321	0.0	0.0	0.0	0.0	0.0	0.0	0.0
322	0.0	0.0	0.0	0.0	0.0	0.0	0.0
323	2.0	0.0	0.0	0.0	2.0	4.0	0.0
324	2.0	2.0	1.0	0.0	4.0	8.0	1.0
325	2.0	0.0	0.0	0.0	2.0	4.0	0.0
326	2.0	1.0	0.0	1.0	0.9990000000000006	8.001	1.0
327	1.0	0.0	0.0	0.0	1.0	2.0	0.0
328	2.0	1.0	1.0	0.0	3.0	6.0	1.0
329	0.0	0.0	0.0	0.0	0.0	0.0	0.0
330	1.0	0.0	0.0	0.0	1.0	2.0	0.0
331	2.0	2.0	1.0	0.0	2.0	4.0	1.0
332	0.0	0.0	0.0	0.0	0.0	0.0	0.0
333	0.0	1.0	0.0	1.0	0.3330000000000002	2.667	1.0
334	1.0	1.0	1.0	0.0	2.0	4.0	1.0
335	2.0	0.0	0.0	0.0	2.0	4.0	0.0
336	2.0	0.0	1.0	0.0	0.6660000000000004	5.334	1.0
337	2.0	1.0	2.0	1.0	1.3330000000000002	4.667	2.0
338	1.0	1.0	1.0	0.0	0.6660000000000004	5.334	1.0
339	2.0	0.0	2.0	0.0	1.3360000000000003	4.664	2.0
340	2.0	0.0	1.0	0.0	2.0	4.0	1.0
341	1.0	0.0	0.0	0.0	1.0	2.0	0.0
342	1.0	0.0	1.0	0.0	1.0	2.0	1.0
343	2.0	2.0	1.0	2.0	1.3330000000000002	4.667	1.0
344	1.0	0.0	0.0	0.0	0.3330000000000002	2.667	0.0
345	3.0	2.0	3.0	2.0	2.333	6.667	3.0
346	2.0	2.0	1.0	2.0	3.0	6.0	2.0
347	3.0	3.0	2.0	3.0	4.0	8.0	3.0
348	2.0	2.0	2.0	1.0	3.0	6.0	2.0
349	2.0	0.0	2.0	0.0	1.6680000000000001	4.332	2.0
350	2.0	5.0	2.0	4.0	2.6660000000000004	9.334	3.0
351	1.0	2.0	1.0	2.0	1.0	2.0	1.0
352	2.0	0.0	2.0	0.0	2.0	4.0	2.0
353	1.0	3.0	1.0	3.0	1.3330000000000002	4.667	2.0
354	3.0	2.0	0.0	2.0	3.333	8.667	1.0
355	3.0	0.0	2.0	0.0	2.668	6.332	2.0
356	0.0	1.0	0.0	1.0	1.0	2.0	1.0
357	1.0	0.0	1.0	0.0	1.0	2.0	1.0
358	2.0	0.0	1.0	0.0	2.0	4.0	1.0
359	1.0	1.0	0.0	1.0	2.0	4.0	1.0
360	2.0	2.0	1.0	2.0	3.0	6.0	2.0
361	1.0	3.0	1.0	2.0	2.333	6.667	2.0
362	2.0	0.0	1.0	0.0	2.0	4.0	1.0
363	1.0	1.0	0.0	0.0	0.3330000000000002	2.667	0.0
364	4.0	0.0	1.0	0.0	3.0	6.0	1.0
365	1.0	1.0	1.0	0.0	2.0	4.0	1.0
366	2.0	0.0	2.0	0.0	2.0	4.0	2.0
367	2.0	1.0	2.0	1.0	2.0	4.0	2.0
368	1.0	3.0	1.0	2.0	4.0	8.0	3.0
369	1.0	1.0	1.0	0.0	2.0	4.0	1.0
370	0.0	1.0	0.0	0.0	0.3330000000000002	2.667	0.0
371	1.0	0.0	1.0	0.0	1.0	2.0	1.0
372	3.0	3.0	2.0	2.0	4.333	10.667	3.0
373	4.0	0.0	3.0	0.0	3.668	8.332	3.0
374	1.0	0.0	1.0	0.0	0.3330000000000002	2.667	1.0
375	1.0	1.0	1.0	1.0	2.068	3.932	2.0
376	3.0	0.0	1.0	0.0	3.0	6.0	1.0
377	0.0	0.0	0.0	0.0	0.0	0.0	0.0
378	3.0	1.0	3.0	1.0	3.0	6.0	3.0
379	0.0	0.0	0.0	0.0	0.0	0.0	0.0
380	0.0	0.0	0.0	0.0	0.0	0.0	0.0
381	2.0	0.0	2.0	0.0	2.0	4.0	2.0
382	0.0	2.0	0.0	2.0	2.0	4.0	2.0
383	2.0	4.0	0.0	4.0	4.0	8.0	2.0
384	2.0	0.0	1.0	0.0	2.0	4.0	1.0
385	0.0	1.0	0.0	0.0	0.3330000000000002	2.667	0.0
386	4.0	0.0	2.0	0.0	4.0	8.0	2.0
387	1.0	0.0	1.0	0.0	0.3330000000000002	2.667	1.0
388	1.0	2.0	1.0	2.0	2.3360000000000003	6.664	3.0
389	0.0	0.0	0.0	0.0	0.0	0.0	0.0
390	2.0	2.0	2.0	1.0	3.0	6.0	2.0
391	3.0	0.0	2.0	0.0	3.0	6.0	2.0
392	2.0	1.0	1.0	1.0	2.668	6.332	2.0
393	1.0	0.0	0.0	0.0	0.3330000000000002	2.667	0.0
394	0.0	4.0	0.0	2.0	0.6660000000000004	5.334	1.0
395	3.0	2.0	2.0	2.0	2.333	6.667	2.0
396	1.0	2.0	1.0	0.0	3.0	6.0	1.0
397	2.0	0.0	2.0	0.0	2.4	3.6	2.0
398	2.0	1.0	1.0	1.0	1.3330000000000002	4.667	1.0
399	1.0	1.0	1.0	1.0	0.6660000000000004	5.334	2.0
400	0.0	0.0	0.0	0.0	0.0	0.0	0.0
401	3.0	1.0	3.0	1.0	3.0	6.0	3.0
402	1.0	1.0	1.0	1.0	1.0	2.0	1.0
403	0.0	0.0	0.0	0.0	0.0	0.0	0.0
404	2.0	0.0	1.0	0.0	2.0	4.0	1.0
405	2.0	0.0	1.0	0.0	2.0	4.0	1.0
406	3.0	2.0	1.0	2.0	3.0	6.0	1.0
407	1.0	1.0	1.0	0.0	2.0	4.0	1.0
408	2.0	0.0	1.0	0.0	2.0	4.0	1.0
409	2.0	0.0	1.0	0.0	2.4	3.6	1.0
410	3.0	1.0	2.0	0.0	4.0	8.0	2.0
411	2.0	0.0	2.0	0.0	0.6660000000000004	5.334	2.0
412	1.0	1.0	0.0	0.0	1.3330000000000002	4.667	0.0
413	1.0	2.0	0.0	2.0	2.333	6.667	2.0
414	0.0	0.0	0.0	0.0	0.0	0.0	0.0
415	0.0	1.0	0.0	0.0	0.3330000000000002	2.667	0.0
416	2.0	0.0	0.0	0.0	2.0	4.0	0.0
417	2.0	0.0	0.0	0.0	0.6660000000000004	5.334	0.0
418	0.0	0.0	0.0	0.0	0.0	0.0	0.0
419	2.0	0.0	0.0	0.0	2.0	4.0	0.0
420	1.0	2.0	1.0	2.0	1.0	2.0	1.0
421	2.0	2.0	0.0	2.0	0.9990000000000006	8.001	1.0
422	1.0	1.0	0.0	1.0	1.3330000000000002	4.667	1.0
423	1.0	0.0	0.0	0.0	1.0	2.0	0.0
424	1.0	0.0	0.0	0.0	1.0	2.0	0.0
425	1.0	0.0	0.0	0.0	0.3330000000000002	2.667	0.0
426	0.0	1.0	0.0	0.0	0.3330000000000002	2.667	0.0
427	2.0	0.0	0.0	0.0	1.3360000000000003	4.664	0.0
428	2.0	0.0	1.0	0.0	2.0	4.0	1.0
429	1.0	1.0	0.0	1.0	0.6660000000000004	5.334	1.0
430	1.0	2.0	1.0	1.0	0.9990000000000006	8.001	2.0
431	2.0	0.0	1.0	0.0	0.6660000000000004	5.334	1.0
432	1.0	0.0	1.0	0.0	0.3330000000000002	2.667	1.0
433	0.0	3.0	0.0	3.0	1.3330000000000002	4.667	2.0
434	1.0	0.0	0.0	0.0	1.0	2.0	0.0
435	1.0	5.0	0.0	2.0	4.4	10.6	2.0
436	2.0	2.0	0.0	1.0	4.0	8.0	1.0
437	1.0	2.0	0.0	1.0	0.9990000000000006	8.001	1.0
438	0.0	2.0	0.0	1.0	2.0	4.0	1.0
439	2.0	1.0	0.0	1.0	0.9990000000000006	8.001	1.0
440	1.0	0.0	1.0	0.0	0.3330000000000002	2.667	1.0
441	0.0	1.0	0.0	1.0	0.3330000000000002	2.667	1.0
442	2.0	1.0	1.0	0.0	3.0	6.0	1.0
443	1.0	0.0	0.0	0.0	0.3330000000000002	2.667	0.0
444	0.0	2.0	0.0	2.0	1.0	2.0	1.0
445	0.0	0.0	0.0	0.0	0.0	0.0	0.0
446	1.0	4.0	1.0	1.0	1.9990000000000006	10.001	2.0
447	2.0	0.0	2.0	0.0	0.6660000000000004	5.334	2.0
448	1.0	0.0	1.0	0.0	0.3330000000000002	2.667	1.0
449	1.0	0.0	0.0	0.0	1.0	2.0	0.0
450	2.0	0.0	2.0	0.0	2.0	4.0	2.0
451	1.0	0.0	1.0	0.0	0.3330000000000002	2.667	1.0
452	2.0	0.0	1.0	0.0	0.6660000000000004	5.334	1.0
453	2.0	2.0	2.0	1.0	4.0	8.0	3.0
454	1.0	2.0	1.0	2.0	0.6660000000000004	5.334	2.0
455	2.0	1.0	2.0	1.0	3.0	6.0	3.0
456	3.0	0.0	2.0	0.0	3.0	6.0	2.0
457	2.0	0.0	2.0	0.0	0.6680000000000001	2.332	1.0
458	1.0	0.0	1.0	0.0	0.3330000000000002	2.667	1.0
459	0.0	1.0	0.0	1.0	1.0	2.0	1.0
460	1.0	0.0	0.0	0.0	0.3330000000000002	2.667	0.0
461	1.0	0.0	0.0	0.0	1.0	2.0	0.0
462	3.0	6.0	2.0	2.0	2.7320000000000007	12.267999999999999	2.0
463	3.0	1.0	2.0	0.0	4.0	8.0	2.0
464	2.0	0.0	1.0	0.0	1.3360000000000003	4.664	1.0
465	3.0	0.0	2.0	0.0	3.0	6.0	2.0
466	1.0	1.0	1.0	1.0	2.0	4.0	2.0
467	0.0	0.0	0.0	0.0	0.0	0.0	0.0
468	2.0	2.0	1.0	0.0	3.333	8.667	1.0
469	2.0	1.0	2.0	0.0	0.9990000000000006	8.001	2.0
470	1.0	0.0	1.0	0.0	1.0	2.0	1.0
471	3.0	0.0	3.0	0.0	3.0	6.0	3.0
472	2.0	0.0	0.0	0.0	2.0	4.0	0.0
473	1.0	0.0	0.0	0.0	0.3330000000000002	2.667	0.0
474	1.0	1.0	1.0	1.0	0.6680000000000001	2.332	1.0
475	1.0	0.0	0.0	0.0	1.0	2.0	0.0
476	0.0	0.0	0.0	0.0	0.0	0.0	0.0
477	3.0	2.0	2.0	1.0	1.3320000000000007	10.668	2.0
478	0.0	2.0	0.0	0.0	0.3330000000000002	2.667	0.0
479	2.0	0.0	1.0	0.0	0.6660000000000004	5.334	1.0
480	2.0	1.0	1.0	1.0	3.0	6.0	2.0
481	2.0	3.0	2.0	0.0	4.0	8.0	2.0
482	2.0	0.0	0.0	0.0	0.6660000000000004	5.334	0.0
483	2.0	3.0	1.0	1.0	3.668	8.332	1.0
484	2.0	0.0	1.0	0.0	2.0	4.0	1.0
485	1.0	2.0	1.0	1.0	1.6660000000000004	7.334	2.0
486	1.0	0.0	0.0	0.0	0.3330000000000002	2.667	0.0
487	1.0	0.0	0.0	0.0	1.0	2.0	0.0
488	1.0	0.0	0.0	0.0	1.0	2.0	0.0
489	1.0	0.0	0.0	0.0	1.0	2.0	0.0
490	1.0	0.0	0.0	0.0	0.3330000000000002	2.667	0.0
491	1.0	1.0	1.0	0.0	2.0	4.0	1.0
492	2.0	1.0	0.0	1.0	0.9990000000000006	8.001	1.0
493	1.0	0.0	0.0	0.0	0.3330000000000002	2.667	0.0
494	4.0	3.0	3.0	1.0	4.4	7.6	2.0
495	4.0	1.0	2.0	0.0	5.0	10.0	2.0
496	2.0	3.0	1.0	3.0	4.0	8.0	3.0
497	3.0	4.0	2.0	1.0	5.333	12.667	3.0
498	0.0	0.0	0.0	0.0	0.0	0.0	0.0
499	2.0	0.0	1.0	0.0	0.6660000000000004	5.334	1.0
500	0.0	1.0	0.0	1.0	0.3330000000000002	2.667	1.0
501	1.0	0.0	1.0	0.0	0.3330000000000002	2.667	1.0
502	3.0	1.0	2.0	1.0	3.0	6.0	2.0
503	0.0	0.0	0.0	0.0	0.0	0.0	0.0
504	0.0	2.0	0.0	2.0	0.3330000000000002	2.667	1.0
505	2.0	0.0	0.0	0.0	2.0	4.0	0.0
506	2.0	2.0	2.0	1.0	3.0	6.0	2.0
507	1.0	4.0	1.0	3.0	2.6660000000000004	9.334	3.0
508	2.0	4.0	2.0	3.0	4.666	13.334	5.0
509	2.0	2.0	2.0	2.0	2.6660000000000004	9.334	4.0
510	1.0	2.0	1.0	0.0	2.4010000000000002	6.599	1.0
511	2.0	1.0	1.0	1.0	3.0	6.0	2.0
512	2.0	0.0	2.0	0.0	0.3330000000000002	2.667	1.0
