pos	Sd	Nd	Sd_tip	Nd_tip	S	N	comparisons
001	0.0	0.0	0.0	0.0	0.0	0.0	0.0
002	0.0	0.0	0.0	0.0	0.0	0.0	0.0
003	0.0	0.0	0.0	0.0	0.0	0.0	0.0
004	0.0	0.0	0.0	0.0	0.0	0.0	0.0
005	1.0	0.0	1.0	0.0	0.3330000000000002	2.667	1.0
006	1.0	0.0	1.0	0.0	1.0	2.0	1.0
007	1.0	0.0	1.0	0.0	0.3330000000000002	2.667	1.0
008	1.0	0.0	1.0	0.0	1.0	2.0	1.0
009	1.0	0.0	1.0	0.0	0.3330000000000002	2.667	1.0
010	1.0	0.0	0.0	0.0	0.3330000000000002	2.667	0.0
011	2.0	0.0	2.0	0.0	2.0	4.0	2.0
012	1.0	0.0	1.0	0.0	0.3330000000000002	2.667	1.0
013	0.0	0.0	0.0	0.0	0.0	0.0	0.0
014	0.0	0.0	0.0	0.0	0.0	0.0	0.0
015	3.0	2.0	1.0	1.0	4.333	10.667	2.0
016	1.0	0.0	1.0	0.0	1.0	2.0	1.0
017	2.0	1.0	2.0	1.0	1.3330000000000002	4.667	2.0
018	1.0	0.0	1.0	0.0	1.0	2.0	1.0
019	2.0	0.0	1.0	0.0	0.6660000000000004	5.334	1.0
020	0.0	0.0	0.0	0.0	0.0	0.0	0.0
021	1.0	0.0	1.0	0.0	1.0	2.0	1.0
022	0.0	1.0	0.0	1.0	0.6680000000000001	2.332	1.0
023	0.0	0.0	0.0	0.0	0.0	0.0	0.0
024	1.0	0.0	0.0	0.0	0.3330000000000002	2.667	0.0
025	0.0	0.0	0.0	0.0	0.0	0.0	0.0
026	0.0	0.0	0.0	0.0	0.0	0.0	0.0
027	0.0	0.0	0.0	0.0	0.0	0.0	0.0
028	0.0	0.0	0.0	0.0	0.0	0.0	0.0
029	2.0	0.0	2.0	0.0	0.6660000000000004	5.334	2.0
030	0.0	0.0	0.0	0.0	0.0	0.0	0.0
031	0.0	0.0	0.0	0.0	0.0	0.0	0.0
032	0.0	0.0	0.0	0.0	0.0	0.0	0.0
033	2.0	0.0	1.0	0.0	2.0	4.0	1.0
034	2.0	0.0	2.0	0.0	2.0	4.0	2.0
035	2.0	0.0	1.0	0.0	0.6660000000000004	5.334	1.0
036	0.0	0.0	0.0	0.0	0.0	0.0	0.0
037	1.0	0.0	1.0	0.0	0.6680000000000001	2.332	1.0
038	0.0	0.0	0.0	0.0	0.0	0.0	0.0
039	1.0	1.0	1.0	1.0	1.0	2.0	1.0
040	0.0	0.0	0.0	0.0	0.0	0.0	0.0
041	2.0	0.0	1.0	0.0	2.0	4.0	1.0
042	0.0	0.0	0.0	0.0	0.0	0.0	0.0
043	1.0	0.0	1.0	0.0	0.3330000000000002	2.667	1.0
044	2.0	0.0	0.0	0.0	2.0	4.0	0.0
045	0.0	0.0	0.0	0.0	0.0	0.0	0.0
046	1.0	0.0	0.0	0.0	0.3330000000000002	2.667	0.0
047	0.0	0.0	0.0	0.0	0.0	0.0	0.0
048	1.0	0.0	1.0	0.0	0.6680000000000001	2.332	1.0
049	2.0	0.0	0.0	0.0	2.0	4.0	0.0
050	0.0	0.0	0.0	0.0	0.0	0.0	0.0
051	1.0	1.0	0.0	1.0	1.6680000000000001	4.332	1.0
052	0.0	0.0	0.0	0.0	0.0	0.0	0.0
053	3.0	0.0	3.0	0.0	2.4	3.6	2.0
054	2.0	0.0	0.0	0.0	2.0	4.0	0.0
055	0.0	2.0	0.0	2.0	0.0	3.0	1.0
056	1.0	0.0	1.0	0.0	0.3330000000000002	2.667	1.0
057	0.0	0.0	0.0	0.0	0.0	0.0	0.0
058	1.0	0.0	0.0	0.0	0.3330000000000002	2.667	0.0
059	0.0	0.0	0.0	0.0	0.0	0.0	0.0
060	1.0	0.0	1.0	0.0	0.3330000000000002	2.667	1.0
061	2.0	0.0	1.0	0.0	2.0	4.0	1.0
062	0.0	0.0	0.0	0.0	0.0	0.0	0.0
063	1.0	0.0	1.0	0.0	0.3330000000000002	2.667	1.0
064	1.0	2.0	1.0	2.0	0.6660000000000004	5.334	2.0
065	0.0	0.0	0.0	0.0	0.0	0.0	0.0
066	0.0	0.0	0.0	0.0	0.0	0.0	0.0
067	1.0	0.0	0.0	0.0	0.3330000000000002	2.667	0.0
068	2.0	0.0	1.0	0.0	0.6660000000000004	5.334	1.0
069	0.0	0.0	0.0	0.0	0.0	0.0	0.0
070	0.0	0.0	0.0	0.0	0.0	0.0	0.0
071	1.0	0.0	1.0	0.0	1.0	2.0	1.0
072	3.0	0.0	3.0	0.0	1.6680000000000001	4.332	2.0
073	0.0	0.0	0.0	0.0	0.0	0.0	0.0
074	1.0	0.0	1.0	0.0	0.3330000000000002	2.667	1.0
075	4.0	0.0	3.0	0.0	2.668	6.332	2.0
076	3.0	0.0	2.0	0.0	3.0	6.0	2.0
077	2.0	0.0	1.0	0.0	0.6660000000000004	5.334	1.0
078	1.0	0.0	1.0	0.0	1.0	2.0	1.0
079	1.0	1.0	1.0	1.0	1.0	5.0	2.0
080	3.0	2.0	3.0	2.0	3.0	6.0	3.0
081	0.0	0.0	0.0	0.0	0.0	0.0	0.0
082	1.0	2.0	1.0	2.0	1.0	2.0	1.0
083	0.0	2.0	0.0	2.0	0.3330000000000002	2.667	1.0
084	0.0	0.0	0.0	0.0	0.0	0.0	0.0
085	2.0	1.0	1.0	1.0	2.333	6.667	2.0
086	1.0	1.0	0.0	0.0	0.3330000000000002	2.667	0.0
087	1.0	0.0	0.0	0.0	1.0	2.0	0.0
088	1.0	0.0	0.0	0.0	1.0	2.0	0.0
089	0.0	0.0	0.0	0.0	0.0	0.0	0.0
090	0.0	0.0	0.0	0.0	0.0	0.0	0.0
091	0.0	0.0	0.0	0.0	0.0	0.0	0.0
092	0.0	0.0	0.0	0.0	0.0	0.0	0.0
093	1.0	3.0	0.0	3.0	1.3330000000000002	7.667	2.0
094	0.0	5.0	0.0	5.0	0.6660000000000004	5.334	2.0
095	3.0	2.0	3.0	1.0	2.9990000000000006	12.001	4.0
096	2.0	2.0	2.0	2.0	2.0	4.0	2.0
097	2.0	1.0	1.0	1.0	2.333	6.667	2.0
098	2.0	0.0	2.0	0.0	2.0	4.0	2.0
099	2.0	2.0	2.0	2.0	2.0	4.0	2.0
100	0.0	2.0	0.0	0.0	0.6660000000000004	5.334	0.0
101	1.0	0.0	1.0	0.0	1.0	2.0	1.0
102	1.0	1.0	1.0	1.0	0.6660000000000004	5.334	2.0
103	1.0	0.0	1.0	0.0	1.0	2.0	1.0
104	2.0	0.0	2.0	0.0	2.0	4.0	2.0
105	2.0	0.0	0.0	0.0	0.6660000000000004	5.334	0.0
106	2.0	0.0	2.0	0.0	2.0	4.0	2.0
107	0.0	0.0	0.0	0.0	0.0	0.0	0.0
108	3.0	0.0	3.0	0.0	3.0	6.0	3.0
109	2.0	0.0	1.0	0.0	0.6660000000000004	5.334	1.0
110	1.0	3.0	1.0	2.0	3.333	8.667	3.0
111	2.0	0.0	0.0	0.0	2.0	4.0	0.0
112	1.0	1.0	1.0	1.0	1.4	1.6	1.0
113	1.0	1.0	1.0	1.0	1.0	2.0	1.0
114	1.0	2.0	1.0	2.0	0.6660000000000004	5.334	2.0
115	1.0	1.0	1.0	1.0	0.3330000000000002	2.667	1.0
116	2.0	1.0	1.0	1.0	1.6680000000000001	4.332	1.0
117	0.0	0.0	0.0	0.0	0.0	0.0	0.0
118	0.0	0.0	0.0	0.0	0.0	0.0	0.0
119	0.0	0.0	0.0	0.0	0.0	0.0	0.0
120	0.0	0.0	0.0	0.0	0.0	0.0	0.0
121	0.0	0.0	0.0	0.0	0.0	0.0	0.0
