all_syn	all_nonSyn	tip_syn	tip_nonSyn	S	N	comparisons
001	0.0	0.0	0.0	0.0	0.0	0.0	0.0
002	1.0	2.0	1.0	2.0	1.0	2.0	1.0
003	2.0	1.0	0.0	1.0	3.0	6.0	1.0
004	1.0	0.0	0.0	0.0	1.0	2.0	0.0
005	0.0	1.0	0.0	1.0	0.3330000000000002	2.667	1.0
006	0.0	4.0	0.0	3.0	1.3330000000000002	7.667	2.0
007	1.0	4.0	0.0	1.0	3.333	11.667	1.0
008	3.0	3.0	1.0	2.0	4.668	10.332	2.0
009	1.0	0.0	1.0	0.0	1.0	2.0	1.0
010	2.0	0.0	0.0	0.0	2.0	4.0	0.0
011	1.0	2.0	0.0	0.0	1.3330000000000002	4.667	0.0
012	2.0	2.0	1.0	1.0	2.0	4.0	1.0
013	2.0	1.0	1.0	0.0	3.0	6.0	1.0
014	1.0	1.0	1.0	0.0	2.0	4.0	1.0
015	1.0	1.0	1.0	0.0	1.6680000000000001	4.332	1.0
016	3.0	0.0	2.0	0.0	3.0	6.0	2.0
017	1.0	0.0	1.0	0.0	0.6680000000000001	2.332	1.0
018	2.0	0.0	0.0	0.0	2.0	4.0	0.0
019	0.0	0.0	0.0	0.0	0.0	0.0	0.0
020	0.0	0.0	0.0	0.0	0.0	0.0	0.0
021	0.0	0.0	0.0	0.0	0.0	0.0	0.0
022	3.0	0.0	0.0	0.0	3.0	6.0	0.0
023	0.0	0.0	0.0	0.0	0.0	0.0	0.0
024	2.0	0.0	0.0	0.0	1.3360000000000003	4.664	0.0
025	0.0	0.0	0.0	0.0	0.0	0.0	0.0
026	0.0	0.0	0.0	0.0	0.0	0.0	0.0
027	2.0	0.0	1.0	0.0	2.0	4.0	1.0
028	0.0	0.0	0.0	0.0	0.0	0.0	0.0
029	1.0	2.0	0.0	0.0	1.6680000000000001	4.332	0.0
030	1.0	0.0	0.0	0.0	1.0	2.0	0.0
031	1.0	0.0	0.0	0.0	0.3330000000000002	2.667	0.0
032	1.0	0.0	1.0	0.0	1.0	2.0	1.0
033	0.0	0.0	0.0	0.0	0.0	0.0	0.0
034	1.0	5.0	1.0	3.0	2.9990000000000006	12.001	3.0
035	0.0	0.0	0.0	0.0	0.0	0.0	0.0
036	3.0	1.0	0.0	0.0	4.0	8.0	0.0
037	1.0	0.0	1.0	0.0	1.0	2.0	1.0
038	0.0	0.0	0.0	0.0	0.0	0.0	0.0
039	1.0	3.0	0.0	2.0	1.0010000000000003	4.999	1.0
040	1.0	2.0	0.0	0.0	2.333	6.667	0.0
041	3.0	0.0	3.0	0.0	3.0	6.0	3.0
042	1.0	0.0	1.0	0.0	1.0	2.0	1.0
043	0.0	0.0	0.0	0.0	0.0	0.0	0.0
044	0.0	1.0	0.0	1.0	0.3330000000000002	2.667	1.0
045	0.0	0.0	0.0	0.0	0.0	0.0	0.0
046	2.0	0.0	1.0	0.0	2.0	4.0	1.0
047	1.0	3.0	0.0	0.0	2.668	6.332	0.0
048	1.0	3.0	0.0	0.0	0.9990000000000006	8.001	0.0
049	1.0	0.0	1.0	0.0	1.0	2.0	1.0
050	2.0	0.0	1.0	0.0	2.0	4.0	1.0
051	1.0	0.0	1.0	0.0	1.0	2.0	1.0
052	1.0	3.0	1.0	0.0	1.9990000000000006	10.001	1.0
053	2.0	0.0	1.0	0.0	2.0	4.0	1.0
054	0.0	5.0	0.0	2.0	2.6660000000000004	9.334	1.0
055	2.0	1.0	1.0	0.0	2.668	6.332	1.0
056	1.0	1.0	0.0	0.0	0.6660000000000004	5.334	0.0
057	2.0	0.0	2.0	0.0	0.6680000000000001	2.332	1.0
058	3.0	2.0	1.0	1.0	2.3360000000000003	6.664	1.0
059	0.0	1.0	0.0	0.0	1.0	2.0	0.0
060	2.0	0.0	1.0	0.0	2.0	4.0	1.0
061	0.0	2.0	0.0	2.0	1.0	2.0	1.0
062	2.0	5.0	1.0	1.0	3.335000000000001	14.665	2.0
063	0.0	2.0	0.0	1.0	1.3330000000000002	4.667	1.0
064	2.0	0.0	2.0	0.0	2.8	3.2	2.0
065	2.0	2.0	1.0	1.0	2.0	4.0	1.0
066	0.0	1.0	0.0	0.0	1.0	2.0	0.0
067	1.0	3.0	1.0	0.0	1.6660000000000004	7.334	1.0
068	0.0	2.0	0.0	0.0	1.0	2.0	0.0
069	0.0	0.0	0.0	0.0	0.0	0.0	0.0
070	3.0	2.0	1.0	0.0	4.0	8.0	1.0
071	1.0	2.0	0.0	1.0	1.3360000000000003	4.664	1.0
072	0.0	0.0	0.0	0.0	0.0	0.0	0.0
073	0.0	0.0	0.0	0.0	0.0	0.0	0.0
074	0.0	0.0	0.0	0.0	0.0	0.0	0.0
075	1.0	0.0	0.0	0.0	1.0	2.0	0.0
076	2.0	0.0	0.0	0.0	2.0	4.0	0.0
077	2.0	0.0	1.0	0.0	2.0	4.0	1.0
078	1.0	0.0	0.0	0.0	1.0	2.0	0.0
079	1.0	0.0	0.0	0.0	0.3330000000000002	2.667	0.0
080	0.0	0.0	0.0	0.0	0.0	0.0	0.0
081	1.0	3.0	0.0	0.0	1.6660000000000004	7.334	0.0
082	1.0	1.0	0.0	1.0	2.0	4.0	1.0
083	2.0	0.0	0.0	0.0	2.0	4.0	0.0
084	1.0	0.0	0.0	0.0	1.0	2.0	0.0
085	1.0	2.0	1.0	0.0	0.9990000000000006	8.001	1.0
086	0.0	0.0	0.0	0.0	0.0	0.0	0.0
087	0.0	1.0	0.0	0.0	0.6680000000000001	2.332	0.0
088	0.0	1.0	0.0	0.0	1.0	2.0	0.0
089	1.0	2.0	0.0	2.0	1.3330000000000002	4.667	1.0
090	1.0	0.0	1.0	0.0	1.0	2.0	1.0
091	1.0	0.0	0.0	0.0	1.4	1.6	0.0
092	3.0	4.0	1.0	3.0	3.6660000000000004	11.334	2.0
093	2.0	2.0	1.0	1.0	4.0	8.0	2.0
094	1.0	1.0	0.0	0.0	1.0	2.0	0.0
095	0.0	0.0	0.0	0.0	0.0	0.0	0.0
096	0.0	0.0	0.0	0.0	0.0	0.0	0.0
097	0.0	0.0	0.0	0.0	0.0	0.0	0.0
098	0.0	0.0	0.0	0.0	0.0	0.0	0.0
099	0.0	0.0	0.0	0.0	0.0	0.0	0.0
100	0.0	0.0	0.0	0.0	0.0	0.0	0.0
101	0.0	5.0	0.0	2.0	4.668	10.332	2.0
102	2.0	2.0	1.0	1.0	3.0	6.0	1.0
103	0.0	2.0	0.0	0.0	1.0	2.0	0.0
104	1.0	6.0	0.0	0.0	1.9990000000000006	10.001	0.0
105	1.0	3.0	1.0	3.0	3.0	6.0	3.0
106	2.0	0.0	0.0	0.0	2.0	4.0	0.0
107	1.0	0.0	0.0	0.0	1.0	2.0	0.0
108	0.0	0.0	0.0	0.0	0.0	0.0	0.0
109	0.0	1.0	0.0	0.0	0.3330000000000002	2.667	0.0
110	3.0	2.0	1.0	1.0	4.0040000000000004	10.995999999999999	2.0
111	0.0	0.0	0.0	0.0	0.0	0.0	0.0
112	0.0	2.0	0.0	0.0	1.0	5.0	0.0
113	0.0	0.0	0.0	0.0	0.0	0.0	0.0
114	1.0	0.0	1.0	0.0	1.0	2.0	1.0
115	2.0	0.0	1.0	0.0	2.0	4.0	1.0
116	1.0	0.0	1.0	0.0	1.0	2.0	1.0
117	3.0	0.0	0.0	0.0	3.0	6.0	0.0
118	1.0	1.0	1.0	0.0	2.0	4.0	1.0
119	2.0	1.0	0.0	0.0	2.0	4.0	0.0
120	1.0	2.0	0.0	0.0	1.3330000000000002	4.667	0.0
121	1.0	2.0	1.0	1.0	1.3340000000000005	7.6659999999999995	2.0
122	1.0	1.0	1.0	0.0	2.0	4.0	1.0
123	0.0	3.0	0.0	2.0	2.3360000000000003	6.664	2.0
124	2.0	1.0	1.0	1.0	3.0	6.0	2.0
125	1.0	3.0	1.0	1.0	3.0	6.0	2.0
126	2.0	3.0	1.0	1.0	5.0	10.0	2.0
127	0.0	3.0	0.0	0.0	1.3330000000000002	4.667	0.0
128	2.0	3.0	0.0	1.0	2.333	6.667	1.0
129	1.0	2.0	0.0	0.0	2.0	4.0	0.0
130	1.0	3.0	0.0	0.0	2.333	6.667	0.0
131	0.0	3.0	0.0	0.0	1.3330000000000002	4.667	0.0
132	2.0	4.0	0.0	0.0	2.333	6.667	0.0
133	1.0	2.0	0.0	1.0	2.0	4.0	1.0
134	2.0	2.0	2.0	0.0	3.668	8.332	2.0
135	0.0	1.0	0.0	0.0	1.0	2.0	0.0
136	0.0	1.0	0.0	0.0	0.3330000000000002	2.667	0.0
137	0.0	1.0	0.0	0.0	1.0	2.0	0.0
138	1.0	0.0	1.0	0.0	0.3330000000000002	2.667	1.0
139	1.0	0.0	1.0	0.0	1.0	2.0	1.0
140	0.0	0.0	0.0	0.0	0.0	0.0	0.0
141	0.0	0.0	0.0	0.0	0.0	0.0	0.0
142	1.0	0.0	1.0	0.0	0.6680000000000001	2.332	1.0
143	0.0	0.0	0.0	0.0	0.0	0.0	0.0
144	0.0	0.0	0.0	0.0	0.0	0.0	0.0
145	1.0	0.0	0.0	0.0	1.0	2.0	0.0
146	0.0	0.0	0.0	0.0	0.0	0.0	0.0
147	0.0	0.0	0.0	0.0	0.0	0.0	0.0
148	3.0	1.0	2.0	0.0	4.0	8.0	2.0
149	1.0	3.0	1.0	1.0	1.6660000000000004	7.334	1.0
150	1.0	0.0	1.0	0.0	1.0	2.0	1.0
151	0.0	1.0	0.0	1.0	1.0	2.0	1.0
152	1.0	0.0	1.0	0.0	1.0	2.0	1.0
153	0.0	2.0	0.0	1.0	1.3330000000000002	4.667	1.0
154	2.0	2.0	1.0	0.0	2.333	6.667	1.0
155	1.0	3.0	1.0	0.0	2.333	6.667	1.0
156	2.0	0.0	0.0	0.0	2.0	4.0	0.0
157	1.0	2.0	0.0	0.0	1.3330000000000002	4.667	0.0
158	1.0	3.0	0.0	0.0	2.333	6.667	0.0
159	1.0	2.0	0.0	0.0	1.3330000000000002	4.667	0.0
160	2.0	1.0	1.0	0.0	2.0	4.0	1.0
161	2.0	2.0	0.0	0.0	2.0	4.0	0.0
162	1.0	2.0	1.0	1.0	3.0	6.0	2.0
163	2.0	5.0	1.0	2.0	4.0	8.0	2.0
164	2.0	1.0	2.0	1.0	2.0	4.0	2.0
165	1.0	3.0	1.0	1.0	2.333	6.667	1.0
166	0.0	0.0	0.0	0.0	0.0	0.0	0.0
167	0.0	0.0	0.0	0.0	0.0	0.0	0.0
168	0.0	0.0	0.0	0.0	0.0	0.0	0.0
169	0.0	0.0	0.0	0.0	0.0	0.0	0.0
170	0.0	0.0	0.0	0.0	0.0	0.0	0.0
171	0.0	0.0	0.0	0.0	0.0	0.0	0.0
172	2.0	4.0	1.0	2.0	2.333	6.667	1.0
173	0.0	4.0	0.0	2.0	0.9990000000000006	8.001	2.0
174	2.0	3.0	1.0	0.0	2.6660000000000004	9.334	1.0
175	1.0	3.0	1.0	1.0	3.333	8.667	2.0
176	1.0	2.0	0.0	1.0	1.6660000000000004	7.334	1.0
177	1.0	2.0	0.0	0.0	1.3330000000000002	4.667	0.0
178	1.0	3.0	0.0	2.0	2.6660000000000004	9.334	2.0
179	1.0	1.0	0.0	0.0	0.0	3.0	0.0
180	1.0	4.0	0.0	1.0	2.3340000000000005	9.666	1.0
181	0.0	2.0	0.0	0.0	1.0	2.0	0.0
182	2.0	0.0	1.0	0.0	2.0	4.0	1.0
183	2.0	1.0	0.0	0.0	2.0	4.0	0.0
184	0.0	2.0	0.0	0.0	0.3330000000000002	2.667	0.0
185	1.0	0.0	0.0	0.0	1.0	2.0	0.0
186	0.0	2.0	0.0	2.0	1.0	2.0	1.0
187	1.0	2.0	1.0	2.0	1.0	2.0	1.0
188	3.0	0.0	1.0	0.0	3.0	6.0	1.0
189	2.0	0.0	2.0	0.0	2.0	4.0	2.0
190	2.0	1.0	2.0	1.0	0.9990000000000006	8.001	3.0
191	2.0	3.0	2.0	3.0	2.333	6.667	3.0
192	2.0	0.0	1.0	0.0	2.8	3.2	1.0
193	0.0	2.0	0.0	2.0	2.0	4.0	2.0
194	0.0	4.0	0.0	4.0	1.3330000000000002	4.667	2.0
195	0.0	3.0	0.0	1.0	2.668	6.332	1.0
196	1.0	2.0	1.0	1.0	3.0	6.0	2.0
197	1.0	2.0	1.0	2.0	1.0	2.0	1.0
198	1.0	0.0	0.0	0.0	1.0	2.0	0.0
199	0.0	0.0	0.0	0.0	0.0	0.0	0.0
200	1.0	2.0	0.0	0.0	1.0	2.0	0.0
201	0.0	0.0	0.0	0.0	0.0	0.0	0.0
202	1.0	1.0	0.0	0.0	1.0	2.0	0.0
203	2.0	1.0	0.0	0.0	1.3330000000000002	4.667	0.0
204	2.0	1.0	1.0	1.0	1.3330000000000002	4.667	1.0
205	1.0	1.0	1.0	1.0	1.0	2.0	1.0
206	1.0	0.0	1.0	0.0	0.3330000000000002	2.667	1.0
207	2.0	6.0	1.0	5.0	5.333	12.667	4.0
208	2.0	2.0	1.0	1.0	3.0660000000000003	8.934	2.0
209	2.0	0.0	2.0	0.0	2.0	4.0	2.0
210	2.0	3.0	2.0	2.0	4.0	8.0	3.0
211	4.0	0.0	0.0	0.0	2.668	6.332	0.0
212	3.0	0.0	3.0	0.0	1.6680000000000001	4.332	2.0
213	1.0	5.0	1.0	4.0	2.333	6.667	2.0
214	0.0	1.0	0.0	1.0	1.0	2.0	1.0
215	3.0	3.0	2.0	2.0	5.0	10.0	3.0
216	1.0	0.0	1.0	0.0	1.0	2.0	1.0
217	0.0	0.0	0.0	0.0	0.0	0.0	0.0
218	3.0	1.0	1.0	1.0	4.0	8.0	2.0
219	0.0	4.0	0.0	4.0	2.333	6.667	3.0
220	0.0	0.0	0.0	0.0	0.0	0.0	0.0
221	0.0	2.0	0.0	1.0	1.3360000000000003	4.664	1.0
222	2.0	2.0	2.0	2.0	2.333	6.667	3.0
223	2.0	1.0	1.0	0.0	3.0	6.0	1.0
224	1.0	3.0	1.0	2.0	0.9990000000000006	8.001	2.0
225	0.0	3.0	0.0	3.0	3.0	6.0	3.0
226	1.0	0.0	1.0	0.0	1.0	2.0	1.0
227	1.0	0.0	0.0	0.0	1.0	2.0	0.0
228	1.0	0.0	1.0	0.0	1.0	2.0	1.0
229	2.0	4.0	2.0	2.0	2.6660000000000004	9.334	3.0
230	2.0	0.0	1.0	0.0	2.0	4.0	1.0
231	2.0	0.0	1.0	0.0	2.0	4.0	1.0
232	1.0	0.0	1.0	0.0	0.3330000000000002	2.667	1.0
233	0.0	0.0	0.0	0.0	0.0	0.0	0.0
234	0.0	0.0	0.0	0.0	0.0	0.0	0.0
235	0.0	0.0	0.0	0.0	0.0	0.0	0.0
236	2.0	0.0	2.0	0.0	2.0	4.0	2.0
237	2.0	0.0	2.0	0.0	2.0	4.0	2.0
238	1.0	2.0	1.0	1.0	1.0	8.0	2.0
239	2.0	3.0	2.0	3.0	3.333	8.667	4.0
240	1.0	0.0	1.0	0.0	0.3330000000000002	2.667	1.0
241	3.0	0.0	2.0	0.0	3.0	6.0	2.0
242	1.0	1.0	1.0	1.0	1.3330000000000002	4.667	2.0
243	1.0	0.0	1.0	0.0	1.0	2.0	1.0
244	1.0	0.0	1.0	0.0	1.0	2.0	1.0
245	1.0	1.0	1.0	1.0	1.4	1.6	1.0
246	2.0	0.0	2.0	0.0	2.0	4.0	2.0
247	1.0	2.0	1.0	2.0	1.0	2.0	1.0
248	0.0	1.0	0.0	1.0	0.3330000000000002	2.667	1.0
249	3.0	2.0	1.0	2.0	4.0	8.0	2.0
250	1.0	0.0	1.0	0.0	0.3330000000000002	2.667	1.0
251	1.0	0.0	1.0	0.0	1.0	2.0	1.0
252	2.0	2.0	2.0	1.0	3.333	8.667	3.0
253	1.0	0.0	1.0	0.0	1.0	2.0	1.0
254	1.0	5.0	1.0	3.0	2.9990000000000006	12.001	3.0
255	4.0	4.0	2.0	4.0	4.333	10.667	3.0
256	2.0	2.0	0.0	1.0	1.0	8.0	1.0
257	0.0	0.0	0.0	0.0	0.0	0.0	0.0
258	3.0	0.0	2.0	0.0	3.0	6.0	2.0
259	3.0	0.0	2.0	0.0	2.668	6.332	2.0
260	2.0	3.0	2.0	3.0	2.0	4.0	2.0
261	1.0	4.0	1.0	3.0	3.0660000000000003	8.934	3.0
262	0.0	0.0	0.0	0.0	0.0	0.0	0.0
263	1.0	0.0	1.0	0.0	1.0	2.0	1.0
264	2.0	4.0	0.0	3.0	4.666	13.334	3.0
265	0.0	0.0	0.0	0.0	0.0	0.0	0.0
266	3.0	0.0	3.0	0.0	3.4	5.6	3.0
267	2.0	3.0	0.0	3.0	4.0	8.0	2.0
268	1.0	1.0	1.0	1.0	2.0	4.0	2.0
269	4.0	0.0	2.0	0.0	3.668	8.332	2.0
270	1.0	1.0	1.0	1.0	0.3330000000000002	2.667	1.0
271	1.0	0.0	1.0	0.0	1.0	2.0	1.0
272	2.0	5.0	1.0	3.0	4.666	13.334	4.0
273	2.0	4.0	2.0	2.0	2.7320000000000007	12.267999999999999	3.0
274	1.0	2.0	1.0	2.0	2.0	4.0	2.0
275	2.0	4.0	2.0	3.0	2.9990000000000006	12.001	4.0
276	2.0	6.0	2.0	6.0	2.6660000000000004	9.334	4.0
277	2.0	0.0	2.0	0.0	2.0	4.0	2.0
278	0.0	0.0	0.0	0.0	0.0	0.0	0.0
279	2.0	1.0	2.0	1.0	1.0	2.0	1.0
280	0.0	1.0	0.0	1.0	1.0	2.0	1.0
281	2.0	1.0	1.0	1.0	2.668	6.332	2.0
282	3.0	4.0	3.0	0.0	5.0	10.0	3.0
283	1.0	2.0	1.0	2.0	2.0	4.0	2.0
284	0.0	1.0	0.0	1.0	1.0	2.0	1.0
285	1.0	0.0	1.0	0.0	1.0	2.0	1.0
286	0.0	0.0	0.0	0.0	0.0	0.0	0.0
287	0.0	0.0	0.0	0.0	0.0	0.0	0.0
288	2.0	0.0	1.0	0.0	2.0	4.0	1.0
289	2.0	0.0	2.0	0.0	0.6660000000000004	5.334	2.0
290	4.0	0.0	2.0	0.0	3.668	8.332	2.0
291	0.0	0.0	0.0	0.0	0.0	0.0	0.0
292	3.0	0.0	3.0	0.0	3.0	6.0	3.0
293	3.0	2.0	3.0	2.0	1.6680000000000001	4.332	2.0
294	0.0	0.0	0.0	0.0	0.0	0.0	0.0
295	0.0	0.0	0.0	0.0	0.0	0.0	0.0
296	0.0	0.0	0.0	0.0	0.0	0.0	0.0
297	0.0	0.0	0.0	0.0	0.0	0.0	0.0
298	2.0	0.0	0.0	0.0	1.3360000000000003	4.664	0.0
299	1.0	0.0	1.0	0.0	0.3330000000000002	2.667	1.0
300	0.0	1.0	0.0	1.0	0.3330000000000002	2.667	1.0
301	2.0	0.0	2.0	0.0	2.0	4.0	2.0
302	2.0	0.0	0.0	0.0	0.6660000000000004	5.334	0.0
303	2.0	3.0	2.0	3.0	3.0	6.0	3.0
304	1.0	1.0	1.0	1.0	1.0	2.0	1.0
305	0.0	1.0	0.0	1.0	0.3330000000000002	2.667	1.0
306	0.0	0.0	0.0	0.0	0.0	0.0	0.0
307	2.0	0.0	2.0	0.0	2.0	4.0	2.0
308	1.0	0.0	1.0	0.0	0.3330000000000002	2.667	1.0
309	2.0	2.0	2.0	2.0	3.0	6.0	3.0
310	0.0	2.0	0.0	2.0	1.0	2.0	1.0
311	0.0	0.0	0.0	0.0	0.0	0.0	0.0
312	0.0	2.0	0.0	1.0	1.3330000000000002	4.667	1.0
313	0.0	1.0	0.0	1.0	0.0	3.0	1.0
314	1.0	0.0	1.0	0.0	0.3330000000000002	2.667	1.0
315	2.0	4.0	2.0	3.0	4.0	11.0	4.0
316	2.0	0.0	2.0	0.0	2.0	4.0	2.0
317	2.0	0.0	1.0	0.0	2.0	4.0	1.0
318	0.0	0.0	0.0	0.0	0.0	0.0	0.0
319	2.0	1.0	1.0	1.0	1.3330000000000002	4.667	1.0
320	1.0	0.0	1.0	0.0	1.0	2.0	1.0
321	1.0	1.0	1.0	1.0	0.3330000000000002	2.667	1.0
322	2.0	1.0	2.0	1.0	1.3330000000000002	4.667	2.0
323	2.0	1.0	2.0	1.0	3.0	6.0	3.0
324	3.0	0.0	2.0	0.0	3.0	6.0	2.0
325	2.0	0.0	1.0	0.0	2.0	4.0	1.0
326	1.0	1.0	0.0	1.0	0.6660000000000004	5.334	1.0
327	1.0	2.0	1.0	1.0	0.9990000000000006	8.001	2.0
328	2.0	1.0	0.0	1.0	3.0	6.0	1.0
329	3.0	3.0	2.0	3.0	4.0	8.0	3.0
330	2.0	0.0	2.0	0.0	2.4	3.6	2.0
331	3.0	0.0	2.0	0.0	3.0	6.0	2.0
332	3.0	3.0	3.0	2.0	5.0	10.0	4.0
333	0.0	0.0	0.0	0.0	0.0	0.0	0.0
334	2.0	1.0	2.0	1.0	1.0	2.0	1.0
335	0.0	1.0	0.0	1.0	1.0	2.0	1.0
336	1.0	0.0	1.0	0.0	1.0	2.0	1.0
337	0.0	0.0	0.0	0.0	0.0	0.0	0.0
338	1.0	0.0	1.0	0.0	0.6680000000000001	2.332	1.0
339	1.0	1.0	1.0	1.0	1.0	2.0	1.0
340	1.0	0.0	1.0	0.0	1.0	2.0	1.0
341	1.0	0.0	1.0	0.0	1.0	2.0	1.0
342	1.0	0.0	0.0	0.0	1.0	2.0	0.0
343	0.0	0.0	0.0	0.0	0.0	0.0	0.0
344	2.0	1.0	2.0	1.0	2.0	4.0	2.0
345	0.0	0.0	0.0	0.0	0.0	0.0	0.0
346	3.0	0.0	1.0	0.0	0.9990000000000006	8.001	1.0
347	1.0	1.0	1.0	1.0	2.4	3.6	2.0
348	1.0	0.0	1.0	0.0	1.0	2.0	1.0
349	1.0	1.0	1.0	1.0	1.3330000000000002	4.667	2.0
350	4.0	0.0	2.0	0.0	4.0	8.0	2.0
351	2.0	3.0	1.0	2.0	4.068	7.932	2.0
352	2.0	1.0	1.0	1.0	3.0	6.0	2.0
353	1.0	0.0	1.0	0.0	0.3330000000000002	2.667	1.0
354	3.0	0.0	3.0	0.0	3.0	6.0	3.0
355	1.0	1.0	1.0	0.0	1.733	4.2669999999999995	1.0
356	1.0	0.0	1.0	0.0	0.3330000000000002	2.667	1.0
357	1.0	3.0	1.0	2.0	3.0040000000000004	8.995999999999999	3.0
358	0.0	0.0	0.0	0.0	0.0	0.0	0.0
359	0.0	2.0	0.0	1.0	0.6660000000000004	5.334	1.0
360	0.0	0.0	0.0	0.0	0.0	0.0	0.0
361	0.0	0.0	0.0	0.0	0.0	0.0	0.0
362	1.0	2.0	0.0	2.0	1.3330000000000002	4.667	1.0
363	2.0	1.0	2.0	1.0	0.9990000000000006	8.001	3.0
364	1.0	0.0	0.0	0.0	0.3330000000000002	2.667	0.0
