pos	Sd	Nd	Sd_tip	Nd_tip	S	N	comparisons
001	0.0	0.0	0.0	0.0	0.0	0.0	0.0
002	0.0	0.0	0.0	0.0	0.0	0.0	0.0
003	0.0	1.0	0.0	1.0	0.3330000000000002	2.667	1.0
004	0.0	0.0	0.0	0.0	0.0	0.0	0.0
005	0.0	0.0	0.0	0.0	0.0	0.0	0.0
006	1.0	1.0	1.0	1.0	1.4	1.6	1.0
007	0.0	0.0	0.0	0.0	0.0	0.0	0.0
008	1.0	1.0	1.0	1.0	1.0	2.0	1.0
009	1.0	2.0	1.0	2.0	0.3330000000000002	2.667	1.0
010	2.0	2.0	1.0	1.0	2.0	7.0	2.0
011	0.0	4.0	0.0	3.0	2.6660000000000004	9.334	3.0
012	1.0	2.0	1.0	2.0	2.0	4.0	2.0
013	0.0	0.0	0.0	0.0	0.0	0.0	0.0
014	1.0	1.0	1.0	0.0	0.6660000000000004	5.334	1.0
015	0.0	2.0	0.0	1.0	0.6660000000000004	5.334	1.0
016	1.0	3.0	1.0	3.0	1.3330000000000002	4.667	2.0
017	1.0	1.0	1.0	1.0	2.0	4.0	2.0
018	1.0	3.0	1.0	3.0	1.3340000000000005	7.6659999999999995	3.0
019	2.0	3.0	1.0	2.0	3.0	6.0	2.0
020	2.0	3.0	2.0	2.0	2.333	6.667	2.0
021	1.0	3.0	1.0	2.0	2.0	4.0	1.0
022	1.0	2.0	0.0	2.0	1.3330000000000002	4.667	1.0
023	1.0	2.0	0.0	1.0	1.3330000000000002	4.667	1.0
024	0.0	2.0	0.0	2.0	0.6680000000000001	2.332	1.0
025	0.0	1.0	0.0	1.0	1.0	2.0	1.0
026	2.0	1.0	2.0	1.0	2.4	3.6	2.0
027	1.0	0.0	0.0	0.0	0.3330000000000002	2.667	0.0
028	0.0	2.0	0.0	2.0	0.3330000000000002	2.667	1.0
029	1.0	2.0	1.0	2.0	1.6680000000000001	4.332	2.0
030	1.0	2.0	0.0	1.0	2.0	4.0	1.0
031	2.0	3.0	1.0	2.0	3.333	8.667	3.0
032	1.0	3.0	1.0	3.0	3.0	6.0	3.0
033	0.0	3.0	0.0	2.0	1.6660000000000004	7.334	2.0
034	1.0	1.0	0.0	1.0	0.6660000000000004	5.334	1.0
035	2.0	2.0	1.0	1.0	3.0	6.0	2.0
036	1.0	2.0	0.0	2.0	2.0	4.0	1.0
037	2.0	4.0	2.0	3.0	1.9990000000000006	10.001	3.0
038	0.0	3.0	0.0	3.0	1.3330000000000002	4.667	2.0
039	2.0	2.0	2.0	2.0	2.333	6.667	3.0
040	1.0	2.0	1.0	0.0	2.0	4.0	1.0
041	1.0	3.0	0.0	2.0	2.333	6.667	2.0
042	1.0	3.0	0.0	1.0	0.6660000000000004	5.334	1.0
043	0.0	2.0	0.0	2.0	0.6660000000000004	5.334	2.0
044	2.0	1.0	2.0	1.0	2.0	4.0	2.0
045	1.0	2.0	1.0	1.0	0.9990000000000006	8.001	2.0
046	2.0	2.0	1.0	2.0	2.333	6.667	2.0
047	1.0	0.0	1.0	0.0	0.3330000000000002	2.667	1.0
048	1.0	2.0	0.0	1.0	1.3330000000000002	4.667	1.0
049	1.0	2.0	1.0	1.0	3.0	6.0	2.0
050	2.0	3.0	1.0	3.0	2.333	6.667	2.0
051	0.0	1.0	0.0	1.0	0.3330000000000002	2.667	1.0
052	2.0	0.0	2.0	0.0	2.0	4.0	2.0
053	0.0	0.0	0.0	0.0	0.0	0.0	0.0
054	1.0	0.0	0.0	0.0	1.0	2.0	0.0
055	1.0	1.0	1.0	1.0	2.0	4.0	2.0
056	1.0	0.0	1.0	0.0	1.0	2.0	1.0
057	1.0	1.0	1.0	1.0	1.0	2.0	1.0
058	0.0	0.0	0.0	0.0	0.0	0.0	0.0
059	0.0	1.0	0.0	0.0	1.0	2.0	0.0
060	0.0	1.0	0.0	0.0	0.3330000000000002	2.667	0.0
061	0.0	3.0	0.0	2.0	1.6680000000000001	7.332	2.0
062	2.0	0.0	2.0	0.0	2.0	4.0	2.0
063	1.0	0.0	1.0	0.0	0.3330000000000002	2.667	1.0
064	1.0	0.0	1.0	0.0	0.3330000000000002	2.667	1.0
065	2.0	1.0	1.0	0.0	2.0	4.0	1.0
066	0.0	1.0	0.0	1.0	0.3330000000000002	2.667	1.0
067	1.0	0.0	0.0	0.0	0.3330000000000002	2.667	0.0
068	1.0	0.0	1.0	0.0	1.0	2.0	1.0
069	0.0	1.0	0.0	1.0	0.3330000000000002	2.667	1.0
070	0.0	1.0	0.0	0.0	1.0	2.0	0.0
071	1.0	1.0	0.0	0.0	0.3330000000000002	2.667	0.0
072	2.0	1.0	2.0	1.0	1.3330000000000002	4.667	2.0
073	1.0	0.0	1.0	0.0	0.3330000000000002	2.667	1.0
074	1.0	0.0	1.0	0.0	1.0	2.0	1.0
075	1.0	0.0	0.0	0.0	0.3330000000000002	2.667	0.0
076	1.0	0.0	1.0	0.0	0.3330000000000002	2.667	1.0
077	0.0	0.0	0.0	0.0	0.0	0.0	0.0
078	1.0	3.0	1.0	2.0	2.333	6.667	2.0
079	1.0	1.0	1.0	1.0	0.6660000000000004	5.334	2.0
080	0.0	0.0	0.0	0.0	0.0	0.0	0.0
081	1.0	2.0	0.0	0.0	0.3330000000000002	2.667	0.0
082	1.0	2.0	1.0	1.0	0.9990000000000006	8.001	2.0
083	1.0	2.0	1.0	2.0	0.6660000000000004	5.334	2.0
084	1.0	2.0	1.0	1.0	1.6660000000000004	7.334	2.0
085	1.0	0.0	1.0	0.0	1.0	2.0	1.0
086	0.0	4.0	0.0	4.0	2.333	6.667	3.0
087	1.0	1.0	1.0	0.0	0.6660000000000004	5.334	1.0
088	0.0	1.0	0.0	0.0	0.3330000000000002	2.667	0.0
089	1.0	0.0	0.0	0.0	1.0	2.0	0.0
090	1.0	0.0	1.0	0.0	1.0	2.0	1.0
091	1.0	1.0	1.0	1.0	2.0	4.0	2.0
092	0.0	3.0	0.0	2.0	3.0	6.0	2.0
093	0.0	1.0	0.0	1.0	1.0	2.0	1.0
094	0.0	1.0	0.0	0.0	1.0	2.0	0.0
095	0.0	1.0	0.0	1.0	1.0	2.0	1.0
096	1.0	0.0	1.0	0.0	0.6680000000000001	2.332	1.0
097	1.0	0.0	1.0	0.0	1.0	2.0	1.0
098	1.0	1.0	0.0	1.0	2.0	4.0	1.0
099	1.0	0.0	0.0	0.0	1.4	1.6	0.0
100	1.0	0.0	1.0	0.0	0.3330000000000002	2.667	1.0
101	0.0	1.0	0.0	1.0	1.0	2.0	1.0
102	2.0	2.0	2.0	1.0	3.0	6.0	2.0
103	0.0	0.0	0.0	0.0	0.0	0.0	0.0
104	1.0	1.0	1.0	1.0	1.0	2.0	1.0
105	0.0	0.0	0.0	0.0	0.0	0.0	0.0
106	1.0	0.0	1.0	0.0	1.4	1.6	1.0
107	1.0	3.0	0.0	1.0	2.0	4.0	1.0
108	2.0	0.0	1.0	0.0	2.0	4.0	1.0
109	1.0	1.0	1.0	1.0	2.0	4.0	2.0
110	0.0	1.0	0.0	0.0	1.0	2.0	0.0
111	0.0	1.0	0.0	0.0	1.0	2.0	0.0
112	1.0	0.0	1.0	0.0	1.0	2.0	1.0
113	2.0	0.0	2.0	0.0	2.0	4.0	2.0
114	0.0	0.0	0.0	0.0	0.0	0.0	0.0
115	1.0	1.0	1.0	1.0	1.0	2.0	1.0
116	1.0	0.0	1.0	0.0	0.3330000000000002	2.667	1.0
117	2.0	2.0	1.0	0.0	2.4	3.6	1.0
118	0.0	2.0	0.0	1.0	0.3330000000000002	5.667	1.0
119	2.0	0.0	2.0	0.0	2.0	4.0	2.0
120	0.0	1.0	0.0	1.0	1.0	2.0	1.0
121	1.0	0.0	1.0	0.0	0.3330000000000002	2.667	1.0
122	2.0	1.0	0.0	0.0	0.0	3.0	0.0
123	0.0	0.0	0.0	0.0	0.0	0.0	0.0
124	1.0	0.0	1.0	0.0	0.3330000000000002	2.667	1.0
125	2.0	1.0	2.0	1.0	1.6680000000000001	4.332	2.0
126	1.0	2.0	1.0	2.0	1.3330000000000002	4.667	2.0
127	1.0	1.0	1.0	1.0	2.0	4.0	2.0
128	1.0	0.0	1.0	0.0	1.0	2.0	1.0
129	1.0	1.0	1.0	0.0	1.6680000000000001	4.332	1.0
130	2.0	0.0	2.0	0.0	2.0	4.0	2.0
131	1.0	1.0	1.0	1.0	2.0	4.0	2.0
132	1.0	3.0	0.0	3.0	2.668	6.332	2.0
133	1.0	2.0	1.0	2.0	1.6680000000000001	4.332	2.0
134	1.0	0.0	1.0	0.0	1.0	2.0	1.0
135	0.0	3.0	0.0	0.0	0.0	3.0	0.0
136	1.0	1.0	1.0	1.0	2.0	4.0	2.0
137	2.0	1.0	2.0	1.0	2.0	4.0	2.0
138	1.0	2.0	1.0	0.0	2.0	4.0	1.0
139	1.0	0.0	1.0	0.0	1.0	2.0	1.0
140	0.0	0.0	0.0	0.0	0.0	0.0	0.0
141	1.0	1.0	1.0	1.0	2.0	4.0	2.0
142	1.0	0.0	1.0	0.0	0.3330000000000002	2.667	1.0
143	1.0	0.0	1.0	0.0	1.0	2.0	1.0
144	1.0	1.0	1.0	1.0	0.6660000000000004	5.334	2.0
145	1.0	2.0	1.0	2.0	1.3330000000000002	4.667	2.0
146	1.0	0.0	1.0	0.0	0.6680000000000001	2.332	1.0
147	0.0	0.0	0.0	0.0	0.0	0.0	0.0
148	1.0	0.0	0.0	0.0	0.3330000000000002	2.667	0.0
149	0.0	2.0	0.0	2.0	0.3330000000000002	2.667	1.0
150	1.0	0.0	0.0	0.0	0.3330000000000002	2.667	0.0
151	2.0	0.0	2.0	0.0	0.6680000000000001	2.332	1.0
152	2.0	2.0	2.0	0.0	2.333	6.667	2.0
153	1.0	0.0	1.0	0.0	0.3330000000000002	2.667	1.0
154	2.0	2.0	2.0	1.0	3.0	6.0	2.0
155	1.0	1.0	1.0	0.0	2.0	4.0	1.0
156	2.0	0.0	2.0	0.0	2.4	3.6	2.0
157	1.0	0.0	1.0	0.0	0.3330000000000002	2.667	1.0
158	1.0	0.0	1.0	0.0	1.0	2.0	1.0
159	1.0	0.0	1.0	0.0	1.4	1.6	1.0
160	1.0	0.0	1.0	0.0	1.0	2.0	1.0
161	1.0	0.0	1.0	0.0	1.0	2.0	1.0
162	0.0	0.0	0.0	0.0	0.0	0.0	0.0
163	1.0	1.0	0.0	1.0	0.6660000000000004	5.334	1.0
164	2.0	0.0	2.0	0.0	2.0	4.0	2.0
165	0.0	0.0	0.0	0.0	0.0	0.0	0.0
166	0.0	0.0	0.0	0.0	0.0	0.0	0.0
167	2.0	2.0	1.0	0.0	2.0	4.0	1.0
168	1.0	0.0	1.0	0.0	1.0	2.0	1.0
169	1.0	0.0	0.0	0.0	1.0	2.0	0.0
170	1.0	1.0	0.0	0.0	1.0	2.0	0.0
171	1.0	0.0	1.0	0.0	1.0	2.0	1.0
172	2.0	1.0	1.0	1.0	3.0	6.0	2.0
173	1.0	0.0	1.0	0.0	1.0	2.0	1.0
174	1.0	0.0	1.0	0.0	0.3330000000000002	2.667	1.0
175	1.0	1.0	1.0	0.0	0.6660000000000004	5.334	1.0
176	0.0	0.0	0.0	0.0	0.0	0.0	0.0
177	0.0	2.0	0.0	1.0	0.6660000000000004	5.334	1.0
178	3.0	1.0	1.0	0.0	2.0	4.0	1.0
179	1.0	1.0	1.0	0.0	0.6660000000000004	5.334	1.0
180	0.0	0.0	0.0	0.0	0.0	0.0	0.0
181	2.0	0.0	1.0	0.0	2.0	4.0	1.0
182	2.0	1.0	2.0	1.0	1.0	5.0	2.0
183	0.0	0.0	0.0	0.0	0.0	0.0	0.0
184	0.0	0.0	0.0	0.0	0.0	0.0	0.0
185	0.0	0.0	0.0	0.0	0.0	0.0	0.0
186	1.0	1.0	1.0	1.0	1.6680000000000001	4.332	2.0
187	1.0	0.0	1.0	0.0	1.0	2.0	1.0
188	2.0	0.0	1.0	0.0	2.0	4.0	1.0
189	1.0	2.0	1.0	0.0	2.0	4.0	1.0
190	0.0	0.0	0.0	0.0	0.0	0.0	0.0
191	0.0	0.0	0.0	0.0	0.0	0.0	0.0
192	0.0	0.0	0.0	0.0	0.0	0.0	0.0
193	1.0	2.0	1.0	0.0	2.4	3.6	1.0
194	2.0	0.0	1.0	0.0	2.0	4.0	1.0
195	1.0	0.0	0.0	0.0	1.0	2.0	0.0
196	2.0	0.0	1.0	0.0	2.0	4.0	1.0
197	1.0	0.0	1.0	0.0	0.3330000000000002	2.667	1.0
198	1.0	1.0	1.0	0.0	1.3330000000000002	4.667	1.0
199	1.0	0.0	1.0	0.0	1.0	2.0	1.0
200	0.0	0.0	0.0	0.0	0.0	0.0	0.0
201	0.0	0.0	0.0	0.0	0.0	0.0	0.0
202	1.0	0.0	1.0	0.0	0.3330000000000002	2.667	1.0
203	1.0	0.0	1.0	0.0	1.0	2.0	1.0
204	1.0	0.0	1.0	0.0	0.6680000000000001	2.332	1.0
205	1.0	0.0	1.0	0.0	1.0	2.0	1.0
206	2.0	1.0	2.0	1.0	2.668	6.332	3.0
207	1.0	0.0	1.0	0.0	1.0	2.0	1.0
208	2.0	3.0	2.0	3.0	1.3330000000000002	4.667	2.0
209	1.0	0.0	1.0	0.0	0.6680000000000001	2.332	1.0
210	1.0	0.0	1.0	0.0	1.0	2.0	1.0
211	1.0	0.0	0.0	0.0	0.3330000000000002	2.667	0.0
212	1.0	1.0	1.0	1.0	1.0	2.0	1.0
213	0.0	0.0	0.0	0.0	0.0	0.0	0.0
214	1.0	1.0	1.0	0.0	2.0	4.0	1.0
215	1.0	1.0	1.0	1.0	2.068	3.932	2.0
216	1.0	0.0	1.0	0.0	1.0	2.0	1.0
217	1.0	0.0	0.0	0.0	1.0	2.0	0.0
218	1.0	1.0	1.0	0.0	2.0	4.0	1.0
219	1.0	0.0	1.0	0.0	1.0	2.0	1.0
220	1.0	1.0	1.0	1.0	1.6680000000000001	4.332	2.0
221	0.0	2.0	0.0	1.0	2.068	3.932	1.0
222	1.0	1.0	0.0	0.0	1.4	1.6	0.0
223	1.0	0.0	1.0	0.0	1.4	1.6	1.0
224	0.0	3.0	0.0	3.0	2.0	4.0	2.0
225	1.0	0.0	1.0	0.0	0.3330000000000002	2.667	1.0
226	1.0	0.0	1.0	0.0	0.3330000000000002	2.667	1.0
227	1.0	2.0	1.0	2.0	3.0	6.0	3.0
228	0.0	3.0	0.0	2.0	1.3360000000000003	7.664	2.0
229	1.0	0.0	1.0	0.0	1.0	2.0	1.0
230	0.0	2.0	0.0	1.0	0.6680000000000001	5.332	1.0
231	1.0	2.0	1.0	2.0	2.0	4.0	2.0
232	1.0	2.0	1.0	2.0	2.668	6.332	3.0
233	1.0	1.0	1.0	1.0	1.0	2.0	1.0
234	1.0	2.0	1.0	0.0	2.0	4.0	1.0
235	1.0	1.0	1.0	0.0	2.0	4.0	1.0
236	0.0	2.0	0.0	2.0	0.3330000000000002	2.667	1.0
237	1.0	3.0	1.0	1.0	2.333	6.667	2.0
238	1.0	0.0	0.0	0.0	1.0	2.0	0.0
239	1.0	3.0	1.0	2.0	2.333	6.667	2.0
240	1.0	0.0	1.0	0.0	1.0	2.0	1.0
241	0.0	2.0	0.0	1.0	1.3330000000000002	4.667	1.0
242	0.0	2.0	0.0	2.0	2.068	3.932	2.0
243	0.0	3.0	0.0	2.0	1.6660000000000004	7.334	2.0
244	2.0	0.0	2.0	0.0	2.0	4.0	2.0
245	1.0	1.0	1.0	1.0	1.6680000000000001	4.332	2.0
246	1.0	2.0	1.0	1.0	3.0	6.0	2.0
247	0.0	3.0	0.0	3.0	0.6660000000000004	5.334	2.0
248	2.0	1.0	2.0	1.0	1.3360000000000003	4.664	2.0
249	2.0	1.0	1.0	1.0	3.4	5.6	2.0
250	1.0	0.0	1.0	0.0	0.3330000000000002	2.667	1.0
251	1.0	1.0	1.0	0.0	0.6660000000000004	5.334	1.0
252	2.0	2.0	2.0	1.0	2.6690000000000005	9.331	3.0
253	0.0	0.0	0.0	0.0	0.0	0.0	0.0
254	1.0	0.0	1.0	0.0	0.3330000000000002	2.667	1.0
255	3.0	2.0	2.0	1.0	2.0010000000000003	6.999	2.0
256	1.0	0.0	1.0	0.0	0.3330000000000002	2.667	1.0
257	2.0	2.0	2.0	2.0	2.668	6.332	3.0
258	2.0	0.0	2.0	0.0	1.6680000000000001	4.332	2.0
259	1.0	0.0	1.0	0.0	0.3330000000000002	2.667	1.0
260	2.0	2.0	2.0	2.0	3.0	6.0	3.0
261	1.0	4.0	1.0	3.0	3.733	8.267	3.0
262	2.0	0.0	2.0	0.0	2.4	3.6	2.0
263	1.0	1.0	0.0	1.0	2.0	4.0	1.0
264	2.0	2.0	2.0	2.0	2.4	3.6	2.0
265	1.0	1.0	1.0	0.0	2.0	4.0	1.0
266	0.0	1.0	0.0	1.0	1.0	2.0	1.0
267	1.0	0.0	1.0	0.0	1.0	2.0	1.0
268	1.0	1.0	1.0	0.0	1.3360000000000003	4.664	1.0
269	1.0	1.0	1.0	1.0	2.0	4.0	2.0
270	0.0	2.0	0.0	2.0	0.6660000000000004	5.334	2.0
271	1.0	1.0	1.0	1.0	0.3330000000000002	2.667	1.0
272	0.0	0.0	0.0	0.0	0.0	0.0	0.0
273	1.0	2.0	1.0	1.0	1.6680000000000001	4.332	1.0
274	1.0	0.0	1.0	0.0	0.3330000000000002	2.667	1.0
275	2.0	0.0	2.0	0.0	2.0	4.0	2.0
276	1.0	0.0	1.0	0.0	1.0	2.0	1.0
277	1.0	1.0	1.0	0.0	0.6660000000000004	5.334	1.0
278	1.0	1.0	0.0	1.0	0.6660000000000004	5.334	1.0
279	1.0	2.0	1.0	1.0	0.9990000000000006	8.001	2.0
280	1.0	1.0	1.0	1.0	1.0	2.0	1.0
281	0.0	0.0	0.0	0.0	0.0	0.0	0.0
282	2.0	1.0	1.0	0.0	2.0	4.0	1.0
283	1.0	1.0	1.0	1.0	0.6660000000000004	5.334	2.0
284	2.0	2.0	1.0	1.0	2.0660000000000003	6.933999999999999	2.0
285	0.0	3.0	0.0	2.0	2.0010000000000003	6.999	2.0
286	2.0	3.0	1.0	3.0	3.3360000000000003	8.664	3.0
287	1.0	1.0	1.0	1.0	0.3330000000000002	2.667	1.0
288	1.0	1.0	1.0	0.0	0.6660000000000004	5.334	1.0
289	2.0	0.0	2.0	0.0	2.0	4.0	2.0
290	0.0	2.0	0.0	1.0	0.6660000000000004	5.334	1.0
291	2.0	1.0	2.0	1.0	2.0	4.0	2.0
292	0.0	2.0	0.0	0.0	0.3330000000000002	2.667	0.0
293	2.0	2.0	2.0	2.0	1.6680000000000001	4.332	2.0
294	1.0	2.0	1.0	1.0	2.333	6.667	2.0
295	1.0	3.0	0.0	2.0	2.333	6.667	2.0
296	1.0	0.0	1.0	0.0	0.3330000000000002	2.667	1.0
297	1.0	0.0	1.0	0.0	1.4	1.6	1.0
298	1.0	0.0	1.0	0.0	1.0	2.0	1.0
299	2.0	0.0	2.0	0.0	2.0	4.0	2.0
300	1.0	0.0	0.0	0.0	1.0	2.0	0.0
301	0.0	0.0	0.0	0.0	0.0	0.0	0.0
302	1.0	0.0	1.0	0.0	0.3330000000000002	2.667	1.0
303	1.0	1.0	1.0	1.0	2.0	4.0	2.0
304	2.0	0.0	2.0	0.0	2.0	4.0	2.0
305	1.0	0.0	1.0	0.0	0.3330000000000002	2.667	1.0
306	1.0	1.0	1.0	0.0	2.0	4.0	1.0
307	0.0	0.0	0.0	0.0	0.0	0.0	0.0
308	0.0	0.0	0.0	0.0	0.0	0.0	0.0
309	1.0	0.0	1.0	0.0	1.0	2.0	1.0
310	2.0	0.0	2.0	0.0	1.3360000000000003	4.664	2.0
311	1.0	3.0	1.0	3.0	1.0010000000000003	4.999	2.0
312	2.0	1.0	1.0	1.0	1.3330000000000002	4.667	1.0
313	1.0	1.0	1.0	1.0	1.0	2.0	1.0
314	1.0	3.0	1.0	2.0	1.9990000000000006	10.001	3.0
315	1.0	3.0	1.0	2.0	3.668	8.332	3.0
316	1.0	1.0	1.0	1.0	2.0	4.0	2.0
317	1.0	2.0	1.0	2.0	0.0	3.0	1.0
318	2.0	3.0	2.0	3.0	2.0010000000000003	6.999	3.0
319	0.0	1.0	0.0	1.0	0.0	3.0	1.0
320	0.0	0.0	0.0	0.0	0.0	0.0	0.0
321	1.0	2.0	1.0	2.0	2.0	4.0	2.0
322	1.0	1.0	0.0	1.0	2.0	4.0	1.0
323	2.0	0.0	2.0	0.0	0.6680000000000001	2.332	1.0
324	0.0	0.0	0.0	0.0	0.0	0.0	0.0
325	1.0	2.0	0.0	2.0	1.6660000000000004	7.334	2.0
326	0.0	0.0	0.0	0.0	0.0	0.0	0.0
327	1.0	0.0	1.0	0.0	0.3330000000000002	2.667	1.0
328	1.0	2.0	1.0	2.0	1.0	2.0	1.0
329	2.0	1.0	2.0	1.0	1.0	2.0	1.0
330	2.0	2.0	2.0	2.0	2.0	4.0	2.0
331	2.0	1.0	1.0	0.0	2.4	3.6	1.0
332	1.0	3.0	1.0	3.0	2.0	4.0	2.0
333	2.0	3.0	2.0	3.0	2.4	3.6	2.0
334	1.0	1.0	1.0	1.0	1.0	2.0	1.0
335	1.0	2.0	1.0	2.0	2.0	4.0	2.0
336	0.0	2.0	0.0	1.0	1.6680000000000001	4.332	1.0
337	0.0	0.0	0.0	0.0	0.0	0.0	0.0
338	0.0	0.0	0.0	0.0	0.0	0.0	0.0
339	0.0	2.0	0.0	2.0	1.0	2.0	1.0
340	0.0	1.0	0.0	0.0	1.0	2.0	0.0
341	0.0	0.0	0.0	0.0	0.0	0.0	0.0
342	2.0	1.0	1.0	1.0	3.4	5.6	2.0
343	1.0	3.0	1.0	2.0	1.6660000000000004	7.334	2.0
344	1.0	2.0	1.0	2.0	0.0	3.0	1.0
345	0.0	0.0	0.0	0.0	0.0	0.0	0.0
346	0.0	4.0	0.0	3.0	1.6660000000000004	7.334	2.0
347	1.0	3.0	1.0	1.0	3.0	6.0	2.0
348	0.0	2.0	0.0	2.0	2.0	4.0	2.0
349	2.0	2.0	2.0	1.0	3.0	6.0	2.0
350	2.0	1.0	2.0	1.0	1.3360000000000003	4.664	2.0
351	1.0	1.0	1.0	1.0	2.0	4.0	2.0
352	1.0	1.0	1.0	0.0	2.0	4.0	1.0
353	0.0	0.0	0.0	0.0	0.0	0.0	0.0
354	1.0	0.0	1.0	0.0	1.0	2.0	1.0
355	1.0	0.0	1.0	0.0	0.3330000000000002	2.667	1.0
356	1.0	2.0	0.0	2.0	2.0	4.0	1.0
357	1.0	0.0	1.0	0.0	0.3330000000000002	2.667	1.0
358	0.0	0.0	0.0	0.0	0.0	0.0	0.0
359	0.0	0.0	0.0	0.0	0.0	0.0	0.0
360	1.0	2.0	0.0	1.0	1.3330000000000002	4.667	1.0
361	1.0	0.0	0.0	0.0	1.0	2.0	0.0
362	0.0	0.0	0.0	0.0	0.0	0.0	0.0
363	0.0	2.0	0.0	0.0	1.0	2.0	0.0
364	0.0	1.0	0.0	1.0	0.3330000000000002	2.667	1.0
365	0.0	0.0	0.0	0.0	0.0	0.0	0.0
366	0.0	2.0	0.0	2.0	0.3330000000000002	2.667	1.0
367	0.0	0.0	0.0	0.0	0.0	0.0	0.0
368	0.0	0.0	0.0	0.0	0.0	0.0	0.0
369	0.0	0.0	0.0	0.0	0.0	0.0	0.0
370	1.0	1.0	0.0	0.0	1.0	2.0	0.0
371	0.0	2.0	0.0	2.0	0.6680000000000001	2.332	1.0
372	0.0	2.0	0.0	1.0	2.0	4.0	1.0
373	1.0	0.0	0.0	0.0	1.0	2.0	0.0
374	1.0	1.0	1.0	0.0	1.3330000000000002	4.667	1.0
375	0.0	0.0	0.0	0.0	0.0	0.0	0.0
376	1.0	2.0	0.0	1.0	1.6680000000000001	4.332	1.0
377	1.0	0.0	1.0	0.0	1.0	2.0	1.0
378	0.0	2.0	0.0	1.0	1.3330000000000002	4.667	1.0
379	0.0	1.0	0.0	0.0	0.3330000000000002	2.667	0.0
380	0.0	2.0	0.0	1.0	0.6660000000000004	5.334	1.0
381	0.0	1.0	0.0	0.0	1.0	2.0	0.0
382	0.0	0.0	0.0	0.0	0.0	0.0	0.0
383	1.0	0.0	0.0	0.0	1.0	2.0	0.0
384	0.0	0.0	0.0	0.0	0.0	0.0	0.0
385	1.0	0.0	1.0	0.0	1.0	2.0	1.0
386	1.0	0.0	1.0	0.0	1.0	2.0	1.0
387	0.0	0.0	0.0	0.0	0.0	0.0	0.0
388	0.0	0.0	0.0	0.0	0.0	0.0	0.0
389	0.0	2.0	0.0	1.0	1.3330000000000002	4.667	1.0
390	0.0	2.0	0.0	1.0	1.3330000000000002	4.667	1.0
391	0.0	1.0	0.0	1.0	1.0	2.0	1.0
392	1.0	2.0	0.0	0.0	1.0	2.0	0.0
393	0.0	0.0	0.0	0.0	0.0	0.0	0.0
394	1.0	1.0	0.0	1.0	1.6680000000000001	4.332	1.0
395	1.0	1.0	0.0	1.0	2.0	4.0	1.0
396	1.0	1.0	1.0	1.0	1.0	2.0	1.0
397	0.0	1.0	0.0	1.0	0.3330000000000002	2.667	1.0
398	1.0	0.0	1.0	0.0	1.0	2.0	1.0
399	1.0	0.0	1.0	0.0	1.0	2.0	1.0
400	1.0	0.0	0.0	0.0	1.0	2.0	0.0
401	1.0	0.0	1.0	0.0	1.0	2.0	1.0
402	0.0	1.0	0.0	0.0	1.0	2.0	0.0
403	0.0	1.0	0.0	1.0	1.0	2.0	1.0
404	1.0	0.0	1.0	0.0	1.0	2.0	1.0
405	0.0	1.0	0.0	1.0	1.0	2.0	1.0
406	0.0	2.0	0.0	1.0	0.3330000000000002	5.667	1.0
407	0.0	0.0	0.0	0.0	0.0	0.0	0.0
408	0.0	0.0	0.0	0.0	0.0	0.0	0.0
409	0.0	1.0	0.0	0.0	0.3330000000000002	2.667	0.0
410	1.0	2.0	0.0	2.0	1.3330000000000002	4.667	1.0
411	1.0	0.0	0.0	0.0	1.0	2.0	0.0
412	1.0	2.0	1.0	1.0	1.3330000000000002	4.667	1.0
413	0.0	1.0	0.0	0.0	0.3330000000000002	2.667	0.0
414	1.0	1.0	1.0	1.0	0.3330000000000002	2.667	1.0
415	0.0	1.0	0.0	0.0	0.3330000000000002	2.667	0.0
416	1.0	2.0	1.0	1.0	0.6660000000000004	5.334	1.0
417	0.0	2.0	0.0	2.0	1.0	2.0	1.0
418	0.0	0.0	0.0	0.0	0.0	0.0	0.0
419	1.0	1.0	1.0	0.0	1.6680000000000001	4.332	1.0
420	0.0	2.0	0.0	1.0	2.068	3.932	1.0
421	0.0	0.0	0.0	0.0	0.0	0.0	0.0
422	1.0	1.0	0.0	1.0	2.0	4.0	1.0
423	1.0	0.0	0.0	0.0	1.0	2.0	0.0
424	1.0	1.0	1.0	1.0	0.3330000000000002	2.667	1.0
425	1.0	0.0	0.0	0.0	0.3330000000000002	2.667	0.0
426	1.0	1.0	1.0	1.0	0.0	3.0	1.0
427	1.0	2.0	1.0	0.0	2.0	4.0	1.0
428	0.0	1.0	0.0	1.0	1.0	2.0	1.0
429	1.0	1.0	1.0	0.0	2.0	4.0	1.0
430	1.0	0.0	0.0	0.0	1.0	2.0	0.0
431	1.0	2.0	0.0	1.0	2.4	3.6	1.0
432	0.0	2.0	0.0	1.0	1.3360000000000003	4.664	1.0
433	1.0	2.0	1.0	2.0	1.4	1.6	1.0
434	0.0	0.0	0.0	0.0	0.0	0.0	0.0
435	1.0	2.0	1.0	1.0	2.0	4.0	1.0
436	1.0	0.0	0.0	0.0	1.0	2.0	0.0
437	0.0	2.0	0.0	1.0	1.6680000000000001	4.332	1.0
438	1.0	2.0	0.0	1.0	1.0	5.0	1.0
439	2.0	0.0	2.0	0.0	1.0	2.0	1.0
440	1.0	2.0	0.0	2.0	0.6660000000000004	5.334	1.0
441	0.0	0.0	0.0	0.0	0.0	0.0	0.0
442	1.0	0.0	1.0	0.0	1.0	2.0	1.0
443	0.0	0.0	0.0	0.0	0.0	0.0	0.0
444	0.0	1.0	0.0	1.0	0.3330000000000002	2.667	1.0
445	1.0	0.0	1.0	0.0	0.3330000000000002	2.667	1.0
446	1.0	1.0	1.0	0.0	1.3330000000000002	4.667	1.0
447	0.0	0.0	0.0	0.0	0.0	0.0	0.0
448	0.0	0.0	0.0	0.0	0.0	0.0	0.0
449	0.0	0.0	0.0	0.0	0.0	0.0	0.0
