pos	Sd	Nd	Sd_tip	Nd_tip	S	N	comparisons
001	0.0	0.0	0.0	0.0	0.0	0.0	0.0
002	0.0	0.0	0.0	0.0	0.0	0.0	0.0
003	1.0	3.0	0.0	2.0	1.6660000000000004	7.334	2.0
004	1.0	0.0	1.0	0.0	0.3330000000000002	2.667	1.0
005	1.0	5.0	1.0	3.0	2.3340000000000005	9.666	2.0
006	0.0	0.0	0.0	0.0	0.0	0.0	0.0
007	1.0	0.0	1.0	0.0	1.0	2.0	1.0
008	1.0	2.0	0.0	2.0	1.3330000000000002	4.667	1.0
009	1.0	1.0	0.0	1.0	2.0	4.0	1.0
010	1.0	0.0	1.0	0.0	1.0	2.0	1.0
011	1.0	0.0	0.0	0.0	1.0	2.0	0.0
012	1.0	1.0	0.0	0.0	0.6660000000000004	5.334	0.0
013	0.0	4.0	0.0	2.0	1.3330000000000002	4.667	1.0
014	1.0	3.0	1.0	3.0	1.0010000000000003	4.999	2.0
015	1.0	0.0	1.0	0.0	1.0	2.0	1.0
016	0.0	1.0	0.0	1.0	1.0	2.0	1.0
017	2.0	1.0	2.0	1.0	0.6660000000000004	5.334	2.0
018	2.0	1.0	2.0	1.0	1.3330000000000002	4.667	2.0
019	1.0	4.0	1.0	4.0	1.6660000000000004	7.334	3.0
020	2.0	2.0	2.0	2.0	0.9990000000000006	8.001	3.0
021	2.0	0.0	1.0	0.0	2.0	4.0	1.0
022	1.0	2.0	1.0	0.0	1.6660000000000004	7.334	1.0
023	0.0	0.0	0.0	0.0	0.0	0.0	0.0
024	2.0	0.0	1.0	0.0	2.0	4.0	1.0
025	3.0	0.0	2.0	0.0	2.068	3.932	1.0
026	1.0	0.0	1.0	0.0	0.3330000000000002	2.667	1.0
027	1.0	2.0	1.0	1.0	1.0	5.0	1.0
028	0.0	0.0	0.0	0.0	0.0	0.0	0.0
029	1.0	0.0	1.0	0.0	0.3330000000000002	2.667	1.0
030	2.0	0.0	2.0	0.0	2.0	4.0	2.0
031	3.0	0.0	2.0	0.0	3.0	6.0	2.0
032	1.0	0.0	1.0	0.0	1.0	2.0	1.0
033	1.0	0.0	1.0	0.0	0.3330000000000002	2.667	1.0
034	2.0	0.0	1.0	0.0	1.3360000000000003	4.664	1.0
035	1.0	0.0	1.0	0.0	0.6680000000000001	2.332	1.0
036	2.0	2.0	2.0	1.0	4.0	8.0	3.0
037	2.0	0.0	1.0	0.0	1.3360000000000003	4.664	1.0
038	2.0	3.0	1.0	2.0	5.0	10.0	3.0
039	2.0	1.0	2.0	1.0	2.4	3.6	2.0
040	0.0	2.0	0.0	0.0	1.6680000000000001	4.332	0.0
041	1.0	1.0	0.0	1.0	1.3330000000000002	4.667	1.0
042	1.0	2.0	1.0	0.0	1.3360000000000003	4.664	1.0
043	2.0	0.0	1.0	0.0	0.6660000000000004	5.334	1.0
044	0.0	0.0	0.0	0.0	0.0	0.0	0.0
045	1.0	1.0	0.0	0.0	0.0	3.0	0.0
046	0.0	2.0	0.0	2.0	0.6680000000000001	2.332	1.0
047	1.0	0.0	0.0	0.0	1.0	2.0	0.0
048	1.0	4.0	1.0	3.0	3.0660000000000003	8.934	3.0
049	1.0	0.0	1.0	0.0	0.3330000000000002	2.667	1.0
050	3.0	2.0	1.0	1.0	5.0	10.0	2.0
051	2.0	0.0	2.0	0.0	0.6660000000000004	5.334	2.0
052	1.0	5.0	0.0	4.0	1.6680000000000001	10.332	3.0
053	2.0	4.0	0.0	3.0	2.3340000000000005	9.666	2.0
054	1.0	2.0	0.0	2.0	1.6680000000000001	7.332	2.0
055	2.0	1.0	2.0	0.0	3.0	6.0	2.0
056	2.0	2.0	2.0	2.0	2.333	6.667	3.0
057	2.0	1.0	0.0	1.0	3.0	6.0	1.0
058	2.0	0.0	2.0	0.0	0.6660000000000004	5.334	2.0
059	2.0	0.0	2.0	0.0	0.6660000000000004	5.334	2.0
060	2.0	2.0	1.0	1.0	2.668	9.332	2.0
061	0.0	0.0	0.0	0.0	0.0	0.0	0.0
062	1.0	0.0	1.0	0.0	0.3330000000000002	2.667	1.0
063	0.0	1.0	0.0	1.0	0.0	3.0	1.0
064	0.0	2.0	0.0	2.0	0.0	3.0	1.0
065	1.0	1.0	1.0	1.0	2.0	4.0	2.0
066	1.0	3.0	1.0	2.0	2.333	6.667	2.0
067	0.0	4.0	0.0	3.0	1.6660000000000004	7.334	2.0
068	2.0	1.0	1.0	1.0	3.0	6.0	2.0
069	0.0	3.0	0.0	3.0	1.3330000000000002	7.667	3.0
070	1.0	2.0	1.0	2.0	3.0	6.0	3.0
071	1.0	2.0	1.0	2.0	2.4	6.6	3.0
072	1.0	2.0	1.0	2.0	0.3330000000000002	2.667	1.0
073	0.0	2.0	0.0	0.0	0.3330000000000002	2.667	0.0
074	0.0	0.0	0.0	0.0	0.0	0.0	0.0
075	0.0	0.0	0.0	0.0	0.0	0.0	0.0
076	0.0	0.0	0.0	0.0	0.0	0.0	0.0
077	0.0	0.0	0.0	0.0	0.0	0.0	0.0
078	0.0	0.0	0.0	0.0	0.0	0.0	0.0
079	0.0	0.0	0.0	0.0	0.0	0.0	0.0
080	0.0	0.0	0.0	0.0	0.0	0.0	0.0
081	0.0	0.0	0.0	0.0	0.0	0.0	0.0
082	0.0	0.0	0.0	0.0	0.0	0.0	0.0
083	0.0	0.0	0.0	0.0	0.0	0.0	0.0
084	0.0	0.0	0.0	0.0	0.0	0.0	0.0
085	0.0	0.0	0.0	0.0	0.0	0.0	0.0
086	0.0	0.0	0.0	0.0	0.0	0.0	0.0
087	0.0	0.0	0.0	0.0	0.0	0.0	0.0
088	0.0	0.0	0.0	0.0	0.0	0.0	0.0
089	1.0	0.0	1.0	0.0	0.6680000000000001	2.332	1.0
090	1.0	2.0	1.0	2.0	1.0	2.0	1.0
091	2.0	3.0	2.0	2.0	3.3360000000000003	8.664	3.0
092	2.0	3.0	2.0	2.0	3.668	8.332	3.0
093	1.0	2.0	1.0	2.0	1.0	2.0	1.0
094	1.0	4.0	1.0	3.0	2.7340000000000004	9.265999999999998	3.0
095	1.0	2.0	1.0	2.0	1.6680000000000001	4.332	2.0
096	2.0	2.0	2.0	2.0	2.333	6.667	3.0
097	1.0	2.0	0.0	2.0	1.3330000000000002	4.667	1.0
098	2.0	1.0	2.0	1.0	1.0	2.0	1.0
099	1.0	4.0	1.0	3.0	1.6660000000000004	7.334	2.0
100	0.0	3.0	0.0	2.0	1.6680000000000001	7.332	2.0
101	2.0	4.0	1.0	2.0	2.9990000000000006	12.001	3.0
102	1.0	2.0	1.0	2.0	1.6660000000000004	7.334	3.0
103	2.0	1.0	1.0	0.0	0.9990000000000006	8.001	1.0
104	2.0	0.0	1.0	0.0	2.0	4.0	1.0
105	1.0	0.0	1.0	0.0	1.0	2.0	1.0
106	2.0	1.0	2.0	1.0	2.333	6.667	3.0
107	2.0	1.0	2.0	1.0	0.9990000000000006	8.001	3.0
108	0.0	1.0	0.0	1.0	0.3330000000000002	2.667	1.0
109	2.0	1.0	1.0	1.0	2.668	6.332	2.0
110	2.0	0.0	1.0	0.0	0.6660000000000004	5.334	1.0
111	2.0	0.0	2.0	0.0	0.6660000000000004	5.334	2.0
112	1.0	0.0	1.0	0.0	0.6680000000000001	2.332	1.0
113	3.0	0.0	2.0	0.0	3.0	6.0	2.0
114	1.0	0.0	1.0	0.0	0.3330000000000002	2.667	1.0
115	1.0	0.0	1.0	0.0	0.3330000000000002	2.667	1.0
116	1.0	3.0	1.0	3.0	1.0010000000000003	4.999	2.0
117	1.0	1.0	0.0	1.0	1.3330000000000002	4.667	1.0
118	1.0	2.0	0.0	0.0	1.0	2.0	0.0
119	1.0	0.0	1.0	0.0	1.0	2.0	1.0
120	1.0	1.0	1.0	0.0	0.6660000000000004	5.334	1.0
121	0.0	2.0	0.0	1.0	0.6660000000000004	5.334	1.0
122	0.0	0.0	0.0	0.0	0.0	0.0	0.0
123	0.0	3.0	0.0	0.0	1.3330000000000002	4.667	0.0
124	1.0	2.0	0.0	0.0	1.6680000000000001	4.332	0.0
125	2.0	1.0	0.0	0.0	1.0	2.0	0.0
126	1.0	1.0	0.0	0.0	0.3330000000000002	2.667	0.0
127	0.0	0.0	0.0	0.0	0.0	0.0	0.0
128	0.0	0.0	0.0	0.0	0.0	0.0	0.0
129	0.0	0.0	0.0	0.0	0.0	0.0	0.0
130	2.0	0.0	1.0	0.0	2.4	3.6	1.0
131	0.0	0.0	0.0	0.0	0.0	0.0	0.0
132	0.0	1.0	0.0	0.0	0.3330000000000002	2.667	0.0
133	0.0	1.0	0.0	0.0	1.0	2.0	0.0
134	1.0	1.0	0.0	0.0	1.0	2.0	0.0
135	0.0	0.0	0.0	0.0	0.0	0.0	0.0
136	2.0	1.0	0.0	0.0	2.4	3.6	0.0
137	1.0	1.0	0.0	1.0	0.6660000000000004	5.334	1.0
138	1.0	0.0	1.0	0.0	1.0	2.0	1.0
139	1.0	3.0	0.0	1.0	2.3340000000000005	9.666	1.0
140	1.0	2.0	1.0	2.0	2.0	4.0	2.0
141	2.0	2.0	0.0	1.0	2.0040000000000004	6.9959999999999996	1.0
142	2.0	2.0	2.0	2.0	2.0	4.0	2.0
143	2.0	2.0	1.0	2.0	1.0010000000000003	4.999	1.0
144	2.0	3.0	1.0	2.0	3.333	8.667	2.0
145	2.0	0.0	1.0	0.0	2.0	4.0	1.0
146	3.0	3.0	0.0	1.0	3.333	8.667	1.0
147	1.0	0.0	0.0	0.0	1.0	2.0	0.0
148	1.0	2.0	0.0	2.0	1.3330000000000002	4.667	1.0
149	0.0	0.0	0.0	0.0	0.0	0.0	0.0
150	1.0	0.0	1.0	0.0	1.0	2.0	1.0
151	0.0	0.0	0.0	0.0	0.0	0.0	0.0
152	0.0	0.0	0.0	0.0	0.0	0.0	0.0
153	1.0	1.0	1.0	1.0	2.0	4.0	2.0
154	1.0	0.0	1.0	0.0	1.4	1.6	1.0
155	3.0	0.0	2.0	0.0	1.6680000000000001	4.332	1.0
156	3.0	1.0	1.0	0.0	2.0	4.0	1.0
157	1.0	1.0	1.0	1.0	0.3330000000000002	2.667	1.0
158	2.0	4.0	1.0	2.0	3.0	6.0	2.0
159	1.0	1.0	1.0	1.0	1.0	2.0	1.0
160	3.0	0.0	3.0	0.0	2.3360000000000003	6.664	3.0
161	0.0	0.0	0.0	0.0	0.0	0.0	0.0
162	0.0	0.0	0.0	0.0	0.0	0.0	0.0
163	2.0	2.0	2.0	2.0	2.668	6.332	3.0
164	4.0	2.0	2.0	2.0	3.736	8.264	2.0
165	0.0	1.0	0.0	1.0	0.3330000000000002	2.667	1.0
166	1.0	2.0	0.0	1.0	1.3340000000000005	7.6659999999999995	1.0
167	2.0	0.0	2.0	0.0	0.6660000000000004	5.334	2.0
168	2.0	0.0	1.0	0.0	2.0	4.0	1.0
169	3.0	1.0	1.0	0.0	3.668	8.332	1.0
170	3.0	1.0	2.0	1.0	2.3370000000000006	9.663	3.0
171	3.0	2.0	1.0	1.0	4.333	10.667	2.0
172	2.0	1.0	1.0	1.0	2.668	6.332	2.0
173	1.0	0.0	1.0	0.0	0.3330000000000002	2.667	1.0
174	2.0	1.0	2.0	1.0	2.0	4.0	2.0
175	1.0	2.0	1.0	2.0	2.668	6.332	3.0
176	1.0	0.0	0.0	0.0	0.6680000000000001	2.332	0.0
177	3.0	3.0	2.0	2.0	4.001	10.999	3.0
178	0.0	1.0	0.0	1.0	1.0	2.0	1.0
179	3.0	1.0	2.0	0.0	2.736	9.264	2.0
180	1.0	2.0	0.0	2.0	2.0	4.0	1.0
181	2.0	2.0	2.0	1.0	3.333	8.667	3.0
182	1.0	0.0	0.0	0.0	0.3330000000000002	2.667	0.0
183	2.0	2.0	0.0	0.0	1.3330000000000002	4.667	0.0
184	3.0	3.0	2.0	2.0	4.468	7.532	3.0
185	2.0	0.0	1.0	0.0	2.0	4.0	1.0
186	2.0	0.0	2.0	0.0	2.0	4.0	2.0
187	3.0	2.0	2.0	2.0	2.333	9.667	3.0
188	2.0	1.0	2.0	1.0	1.3330000000000002	4.667	2.0
189	3.0	2.0	2.0	1.0	3.068	5.932	2.0
190	0.0	0.0	0.0	0.0	0.0	0.0	0.0
191	1.0	3.0	0.0	3.0	4.0	8.0	3.0
192	2.0	1.0	1.0	1.0	2.4010000000000002	6.599	2.0
193	1.0	1.0	1.0	1.0	1.6680000000000001	4.332	2.0
194	0.0	0.0	0.0	0.0	0.0	0.0	0.0
195	2.0	0.0	1.0	0.0	1.6680000000000001	4.332	1.0
196	3.0	0.0	2.0	0.0	3.0	6.0	2.0
197	1.0	3.0	1.0	1.0	3.668	8.332	2.0
198	3.0	0.0	2.0	0.0	3.0	6.0	2.0
199	2.0	0.0	1.0	0.0	2.0	4.0	1.0
200	2.0	1.0	2.0	1.0	0.9990000000000006	8.001	3.0
201	0.0	0.0	0.0	0.0	0.0	0.0	0.0
202	1.0	0.0	0.0	0.0	0.3330000000000002	2.667	0.0
203	2.0	1.0	2.0	1.0	2.0	4.0	2.0
204	2.0	3.0	2.0	2.0	2.333	6.667	2.0
205	1.0	2.0	0.0	2.0	2.3360000000000003	6.664	2.0
206	1.0	2.0	1.0	2.0	1.6660000000000004	7.334	3.0
207	2.0	1.0	1.0	0.0	2.0	4.0	1.0
208	1.0	2.0	1.0	2.0	1.3330000000000002	4.667	2.0
209	2.0	0.0	1.0	0.0	0.6660000000000004	5.334	1.0
210	0.0	1.0	0.0	0.0	0.3330000000000002	2.667	0.0
211	2.0	0.0	1.0	0.0	0.6660000000000004	5.334	1.0
212	1.0	0.0	1.0	0.0	0.3330000000000002	2.667	1.0
213	1.0	0.0	1.0	0.0	1.0	2.0	1.0
214	1.0	0.0	1.0	0.0	1.0	2.0	1.0
215	1.0	1.0	0.0	1.0	1.6680000000000001	4.332	1.0
216	2.0	1.0	2.0	1.0	1.733	4.2669999999999995	2.0
217	3.0	1.0	2.0	1.0	3.4	5.6	2.0
218	2.0	0.0	1.0	0.0	2.0	4.0	1.0
219	1.0	0.0	1.0	0.0	0.3330000000000002	2.667	1.0
220	1.0	0.0	1.0	0.0	1.0	2.0	1.0
221	2.0	1.0	2.0	1.0	2.0	4.0	2.0
222	0.0	0.0	0.0	0.0	0.0	0.0	0.0
223	0.0	0.0	0.0	0.0	0.0	0.0	0.0
224	1.0	0.0	1.0	0.0	1.0	2.0	1.0
225	2.0	3.0	1.0	2.0	3.668	8.332	2.0
226	3.0	0.0	2.0	0.0	3.0	6.0	2.0
227	2.0	0.0	1.0	0.0	0.6660000000000004	5.334	1.0
228	1.0	2.0	1.0	2.0	1.6680000000000001	4.332	2.0
229	1.0	0.0	0.0	0.0	1.0	2.0	0.0
230	2.0	1.0	2.0	1.0	2.0	4.0	2.0
231	3.0	0.0	2.0	0.0	3.468	5.532	2.0
232	1.0	2.0	1.0	2.0	1.0	2.0	1.0
233	3.0	1.0	2.0	1.0	2.736	6.263999999999999	2.0
234	3.0	0.0	2.0	0.0	3.0	6.0	2.0
235	1.0	1.0	1.0	1.0	1.3360000000000003	4.664	2.0
236	2.0	0.0	1.0	0.0	2.0	4.0	1.0
237	3.0	0.0	2.0	0.0	3.0	6.0	2.0
238	1.0	0.0	1.0	0.0	1.0	2.0	1.0
239	0.0	3.0	0.0	2.0	2.0	7.0	2.0
240	2.0	0.0	2.0	0.0	2.0	4.0	2.0
241	1.0	0.0	1.0	0.0	1.4	1.6	1.0
242	3.0	0.0	0.0	0.0	1.6680000000000001	4.332	0.0
243	0.0	0.0	0.0	0.0	0.0	0.0	0.0
244	2.0	0.0	2.0	0.0	2.0	4.0	2.0
245	0.0	0.0	0.0	0.0	0.0	0.0	0.0
246	1.0	4.0	1.0	2.0	3.6660000000000004	11.334	3.0
247	2.0	1.0	1.0	1.0	1.3340000000000005	7.6659999999999995	2.0
248	4.0	0.0	3.0	0.0	3.3360000000000003	8.664	3.0
249	4.0	0.0	3.0	0.0	2.668	6.332	2.0
250	1.0	0.0	1.0	0.0	0.3330000000000002	2.667	1.0
251	1.0	0.0	1.0	0.0	1.0	2.0	1.0
252	1.0	2.0	1.0	2.0	1.6680000000000001	7.332	3.0
253	2.0	0.0	1.0	0.0	2.0	4.0	1.0
254	0.0	0.0	0.0	0.0	0.0	0.0	0.0
255	2.0	0.0	2.0	0.0	2.4	3.6	2.0
256	1.0	1.0	1.0	1.0	1.0	2.0	1.0
257	1.0	1.0	0.0	0.0	1.0	2.0	0.0
258	2.0	0.0	2.0	0.0	2.0	4.0	2.0
259	3.0	0.0	1.0	0.0	3.0	6.0	1.0
260	2.0	2.0	2.0	2.0	1.3360000000000003	4.664	2.0
261	1.0	0.0	1.0	0.0	1.0	2.0	1.0
262	1.0	0.0	0.0	0.0	1.0	2.0	0.0
263	2.0	0.0	2.0	0.0	2.0	4.0	2.0
264	2.0	0.0	2.0	0.0	2.0	4.0	2.0
265	1.0	0.0	1.0	0.0	0.3330000000000002	2.667	1.0
266	3.0	1.0	2.0	1.0	2.3360000000000003	6.664	2.0
267	2.0	1.0	0.0	0.0	2.3360000000000003	6.664	0.0
268	5.0	0.0	2.0	0.0	3.668	8.332	2.0
269	0.0	1.0	0.0	0.0	0.0	3.0	0.0
270	1.0	2.0	1.0	1.0	2.3360000000000003	6.664	2.0
271	4.0	0.0	3.0	0.0	2.668	6.332	2.0
272	2.0	0.0	2.0	0.0	2.0	4.0	2.0
273	2.0	1.0	1.0	0.0	2.0	4.0	1.0
274	0.0	2.0	0.0	1.0	0.6660000000000004	5.334	1.0
275	1.0	0.0	1.0	0.0	1.4	1.6	1.0
276	1.0	0.0	1.0	0.0	0.3330000000000002	2.667	1.0
277	1.0	2.0	0.0	1.0	0.9990000000000006	8.001	1.0
278	2.0	0.0	2.0	0.0	2.0	4.0	2.0
279	1.0	2.0	1.0	1.0	0.6660000000000004	5.334	1.0
280	1.0	0.0	1.0	0.0	0.3330000000000002	2.667	1.0
281	1.0	1.0	1.0	1.0	1.3330000000000002	4.667	2.0
282	3.0	2.0	2.0	2.0	4.0	8.0	3.0
283	3.0	1.0	2.0	0.0	2.668	6.332	2.0
284	1.0	0.0	0.0	0.0	0.3330000000000002	2.667	0.0
285	1.0	1.0	1.0	0.0	0.6660000000000004	5.334	1.0
286	1.0	0.0	1.0	0.0	0.6680000000000001	2.332	1.0
287	2.0	0.0	2.0	0.0	2.0	4.0	2.0
288	0.0	0.0	0.0	0.0	0.0	0.0	0.0
289	1.0	0.0	1.0	0.0	0.3330000000000002	2.667	1.0
290	2.0	0.0	1.0	0.0	2.0	4.0	1.0
291	1.0	0.0	1.0	0.0	1.0	2.0	1.0
292	3.0	0.0	2.0	0.0	3.0	6.0	2.0
293	1.0	2.0	1.0	2.0	1.6680000000000001	4.332	2.0
294	2.0	1.0	1.0	1.0	3.0	6.0	2.0
295	1.0	2.0	1.0	2.0	1.0	2.0	1.0
296	2.0	1.0	1.0	1.0	2.668	6.332	2.0
297	1.0	1.0	1.0	1.0	0.3330000000000002	2.667	1.0
298	0.0	4.0	0.0	3.0	1.6660000000000004	7.334	2.0
299	2.0	0.0	1.0	0.0	2.0	4.0	1.0
300	2.0	3.0	1.0	2.0	3.8	8.2	2.0
301	1.0	3.0	1.0	2.0	2.3370000000000006	9.663	3.0
302	2.0	1.0	1.0	1.0	1.6660000000000004	7.334	2.0
303	3.0	1.0	2.0	1.0	3.0	6.0	2.0
304	3.0	1.0	2.0	1.0	1.6660000000000004	7.334	2.0
305	0.0	2.0	0.0	2.0	0.3330000000000002	2.667	1.0
306	2.0	1.0	2.0	1.0	2.4	3.6	2.0
307	1.0	2.0	1.0	2.0	3.0	6.0	3.0
308	1.0	2.0	0.0	1.0	2.668	6.332	1.0
309	1.0	0.0	0.0	0.0	0.3330000000000002	2.667	0.0
310	1.0	0.0	1.0	0.0	0.6680000000000001	2.332	1.0
311	2.0	1.0	1.0	0.0	3.068	5.932	1.0
312	1.0	0.0	0.0	0.0	0.3330000000000002	2.667	0.0
313	0.0	1.0	0.0	0.0	0.0	3.0	0.0
314	2.0	3.0	1.0	2.0	1.6660000000000004	7.334	2.0
315	1.0	2.0	1.0	0.0	1.3330000000000002	4.667	1.0
316	1.0	0.0	0.0	0.0	0.3330000000000002	2.667	0.0
317	0.0	3.0	0.0	2.0	0.9990000000000006	8.001	2.0
318	0.0	2.0	0.0	2.0	2.0	4.0	2.0
319	0.0	1.0	0.0	1.0	1.0	2.0	1.0
320	2.0	3.0	0.0	2.0	2.0010000000000003	6.999	1.0
321	2.0	0.0	1.0	0.0	0.6660000000000004	5.334	1.0
322	2.0	0.0	1.0	0.0	2.0	4.0	1.0
323	2.0	0.0	1.0	0.0	0.6660000000000004	5.334	1.0
324	2.0	0.0	1.0	0.0	2.0	4.0	1.0
325	1.0	2.0	0.0	2.0	1.3330000000000002	4.667	1.0
326	2.0	0.0	1.0	0.0	2.0	4.0	1.0
327	2.0	3.0	1.0	0.0	3.0	6.0	1.0
328	2.0	0.0	1.0	0.0	2.0	4.0	1.0
329	2.0	1.0	1.0	0.0	1.6660000000000004	7.334	1.0
330	0.0	0.0	0.0	0.0	0.0	0.0	0.0
331	0.0	2.0	0.0	0.0	0.3330000000000002	2.667	0.0
332	0.0	0.0	0.0	0.0	0.0	0.0	0.0
333	2.0	1.0	1.0	0.0	2.3360000000000003	6.664	1.0
334	1.0	2.0	0.0	1.0	1.6680000000000001	4.332	1.0
335	0.0	0.0	0.0	0.0	0.0	0.0	0.0
336	2.0	2.0	1.0	2.0	2.733	6.2669999999999995	2.0
337	1.0	0.0	0.0	0.0	0.3330000000000002	2.667	0.0
338	1.0	0.0	1.0	0.0	0.3330000000000002	2.667	1.0
339	0.0	0.0	0.0	0.0	0.0	0.0	0.0
340	0.0	3.0	0.0	0.0	1.0010000000000003	4.999	0.0
341	0.0	0.0	0.0	0.0	0.0	0.0	0.0
342	0.0	0.0	0.0	0.0	0.0	0.0	0.0
343	1.0	2.0	0.0	0.0	0.3330000000000002	2.667	0.0
344	1.0	1.0	1.0	0.0	1.3330000000000002	4.667	1.0
345	0.0	2.0	0.0	1.0	1.0010000000000003	4.999	1.0
346	2.0	1.0	1.0	0.0	2.333	6.667	1.0
347	2.0	2.0	1.0	1.0	1.3330000000000002	4.667	1.0
348	2.0	0.0	0.0	0.0	2.0	4.0	0.0
349	1.0	0.0	1.0	0.0	0.3330000000000002	2.667	1.0
350	1.0	4.0	1.0	2.0	1.9990000000000006	10.001	2.0
351	2.0	2.0	1.0	1.0	4.468	7.532	2.0
352	1.0	0.0	0.0	0.0	1.0	2.0	0.0
353	1.0	1.0	0.0	0.0	1.0	2.0	0.0
354	1.0	2.0	0.0	0.0	2.0	4.0	0.0
355	1.0	2.0	0.0	0.0	1.0	2.0	0.0
356	1.0	2.0	0.0	1.0	1.6680000000000001	4.332	1.0
357	1.0	1.0	0.0	0.0	1.0	2.0	0.0
358	2.0	3.0	1.0	0.0	2.333	6.667	1.0
359	2.0	3.0	0.0	1.0	4.0	8.0	1.0
360	1.0	4.0	0.0	2.0	2.3320000000000007	12.668	2.0
361	1.0	2.0	1.0	2.0	0.3330000000000002	2.667	1.0
362	1.0	1.0	0.0	1.0	2.0	4.0	1.0
363	0.0	1.0	0.0	1.0	1.0	2.0	1.0
364	0.0	2.0	0.0	1.0	1.3330000000000002	4.667	1.0
365	1.0	1.0	1.0	0.0	2.4	3.6	1.0
366	2.0	3.0	1.0	0.0	3.0	6.0	1.0
367	1.0	2.0	1.0	1.0	1.3330000000000002	4.667	1.0
368	1.0	3.0	0.0	2.0	2.0	4.0	1.0
369	2.0	4.0	1.0	2.0	3.333	8.667	2.0
370	0.0	2.0	0.0	1.0	2.0	4.0	1.0
371	1.0	2.0	1.0	2.0	0.6680000000000001	2.332	1.0
372	2.0	4.0	1.0	0.0	4.0	8.0	1.0
373	0.0	1.0	0.0	1.0	0.3330000000000002	2.667	1.0
374	1.0	2.0	1.0	0.0	2.333	6.667	1.0
375	1.0	0.0	1.0	0.0	0.6680000000000001	2.332	1.0
376	0.0	3.0	0.0	1.0	1.6660000000000004	7.334	1.0
377	1.0	4.0	0.0	3.0	1.3320000000000007	10.668	2.0
378	1.0	4.0	1.0	1.0	2.0020000000000007	9.998	1.0
379	1.0	2.0	0.0	1.0	1.6680000000000001	4.332	1.0
380	3.0	2.0	2.0	0.0	4.8	7.199999999999999	2.0
381	1.0	1.0	1.0	1.0	1.3330000000000002	4.667	2.0
382	2.0	1.0	1.0	0.0	1.3340000000000005	7.6659999999999995	1.0
383	1.0	2.0	1.0	2.0	1.0	2.0	1.0
384	2.0	2.0	1.0	0.0	2.0	4.0	1.0
385	0.0	0.0	0.0	0.0	0.0	0.0	0.0
386	0.0	2.0	0.0	0.0	0.3330000000000002	2.667	0.0
387	0.0	0.0	0.0	0.0	0.0	0.0	0.0
388	1.0	1.0	0.0	0.0	1.0	2.0	0.0
389	0.0	0.0	0.0	0.0	0.0	0.0	0.0
390	0.0	1.0	0.0	0.0	1.0	2.0	0.0
391	1.0	1.0	0.0	0.0	1.0	2.0	0.0
392	0.0	1.0	0.0	0.0	0.0	3.0	0.0
393	0.0	1.0	0.0	0.0	0.6680000000000001	2.332	0.0
394	0.0	0.0	0.0	0.0	0.0	0.0	0.0
395	1.0	2.0	0.0	0.0	1.0	2.0	0.0
396	0.0	1.0	0.0	0.0	0.3330000000000002	2.667	0.0
397	1.0	0.0	0.0	0.0	1.4	1.6	0.0
398	1.0	3.0	0.0	0.0	2.0	4.0	0.0
399	1.0	1.0	0.0	0.0	0.3330000000000002	2.667	0.0
400	1.0	0.0	0.0	0.0	1.0	2.0	0.0
401	0.0	0.0	0.0	0.0	0.0	0.0	0.0
402	0.0	0.0	0.0	0.0	0.0	0.0	0.0
403	0.0	2.0	0.0	0.0	0.3330000000000002	2.667	0.0
404	0.0	0.0	0.0	0.0	0.0	0.0	0.0
405	1.0	2.0	0.0	0.0	1.0	2.0	0.0
406	0.0	0.0	0.0	0.0	0.0	0.0	0.0
407	0.0	2.0	0.0	0.0	0.3330000000000002	2.667	0.0
408	1.0	2.0	0.0	1.0	1.3330000000000002	4.667	1.0
409	2.0	1.0	0.0	0.0	0.6680000000000001	2.332	0.0
410	0.0	1.0	0.0	0.0	0.3330000000000002	2.667	0.0
411	1.0	1.0	0.0	0.0	1.0	2.0	0.0
412	1.0	1.0	0.0	0.0	1.0	2.0	0.0
413	0.0	1.0	0.0	0.0	0.3330000000000002	2.667	0.0
414	0.0	0.0	0.0	0.0	0.0	0.0	0.0
415	1.0	0.0	0.0	0.0	0.3330000000000002	2.667	0.0
416	0.0	0.0	0.0	0.0	0.0	0.0	0.0
417	1.0	0.0	0.0	0.0	0.3330000000000002	2.667	0.0
418	0.0	0.0	0.0	0.0	0.0	0.0	0.0
419	0.0	0.0	0.0	0.0	0.0	0.0	0.0
420	0.0	0.0	0.0	0.0	0.0	0.0	0.0
421	0.0	0.0	0.0	0.0	0.0	0.0	0.0
422	1.0	0.0	0.0	0.0	0.3330000000000002	2.667	0.0
423	0.0	0.0	0.0	0.0	0.0	0.0	0.0
424	0.0	0.0	0.0	0.0	0.0	0.0	0.0
425	0.0	0.0	0.0	0.0	0.0	0.0	0.0
426	0.0	1.0	0.0	0.0	1.0	2.0	0.0
427	0.0	0.0	0.0	0.0	0.0	0.0	0.0
428	1.0	0.0	0.0	0.0	1.0	2.0	0.0
429	1.0	0.0	0.0	0.0	0.3330000000000002	2.667	0.0
430	1.0	1.0	0.0	0.0	1.0	2.0	0.0
431	0.0	0.0	0.0	0.0	0.0	0.0	0.0
