pos	Sd	Nd	Sd_tip	Nd_tip	S	N	comparisons
001	0.0	0.0	0.0	0.0	0.0	0.0	0.0
002	0.0	0.0	0.0	0.0	0.0	0.0	0.0
003	0.0	0.0	0.0	0.0	0.0	0.0	0.0
004	0.0	0.0	0.0	0.0	0.0	0.0	0.0
005	0.0	0.0	0.0	0.0	0.0	0.0	0.0
006	0.0	0.0	0.0	0.0	0.0	0.0	0.0
007	0.0	0.0	0.0	0.0	0.0	0.0	0.0
008	0.0	0.0	0.0	0.0	0.0	0.0	0.0
009	0.0	0.0	0.0	0.0	0.0	0.0	0.0
010	0.0	0.0	0.0	0.0	0.0	0.0	0.0
011	0.0	0.0	0.0	0.0	0.0	0.0	0.0
012	0.0	0.0	0.0	0.0	0.0	0.0	0.0
013	0.0	0.0	0.0	0.0	0.0	0.0	0.0
014	0.0	0.0	0.0	0.0	0.0	0.0	0.0
015	0.0	0.0	0.0	0.0	0.0	0.0	0.0
016	0.0	0.0	0.0	0.0	0.0	0.0	0.0
017	0.0	0.0	0.0	0.0	0.0	0.0	0.0
018	0.0	0.0	0.0	0.0	0.0	0.0	0.0
019	0.0	0.0	0.0	0.0	0.0	0.0	0.0
020	0.0	0.0	0.0	0.0	0.0	0.0	0.0
021	0.0	0.0	0.0	0.0	0.0	0.0	0.0
022	0.0	0.0	0.0	0.0	0.0	0.0	0.0
023	0.0	0.0	0.0	0.0	0.0	0.0	0.0
024	0.0	0.0	0.0	0.0	0.0	0.0	0.0
025	0.0	0.0	0.0	0.0	0.0	0.0	0.0
026	0.0	0.0	0.0	0.0	0.0	0.0	0.0
027	0.0	0.0	0.0	0.0	0.0	0.0	0.0
028	0.0	0.0	0.0	0.0	0.0	0.0	0.0
029	0.0	0.0	0.0	0.0	0.0	0.0	0.0
030	0.0	0.0	0.0	0.0	0.0	0.0	0.0
031	0.0	0.0	0.0	0.0	0.0	0.0	0.0
032	0.0	0.0	0.0	0.0	0.0	0.0	0.0
033	0.0	0.0	0.0	0.0	0.0	0.0	0.0
034	0.0	0.0	0.0	0.0	0.0	0.0	0.0
035	0.0	0.0	0.0	0.0	0.0	0.0	0.0
036	0.0	0.0	0.0	0.0	0.0	0.0	0.0
037	0.0	0.0	0.0	0.0	0.0	0.0	0.0
038	0.0	0.0	0.0	0.0	0.0	0.0	0.0
039	0.0	0.0	0.0	0.0	0.0	0.0	0.0
040	0.0	0.0	0.0	0.0	0.0	0.0	0.0
041	0.0	0.0	0.0	0.0	0.0	0.0	0.0
042	0.0	0.0	0.0	0.0	0.0	0.0	0.0
043	0.0	0.0	0.0	0.0	0.0	0.0	0.0
044	0.0	0.0	0.0	0.0	0.0	0.0	0.0
045	0.0	0.0	0.0	0.0	0.0	0.0	0.0
046	0.0	0.0	0.0	0.0	0.0	0.0	0.0
047	0.0	0.0	0.0	0.0	0.0	0.0	0.0
048	0.0	2.0	0.0	0.0	0.3330000000000002	5.667	0.0
049	0.0	1.0	0.0	0.0	0.3330000000000002	2.667	0.0
050	1.0	2.0	0.0	0.0	1.3330000000000002	4.667	0.0
051	1.0	1.0	0.0	0.0	2.0	4.0	0.0
052	1.0	1.0	0.0	0.0	2.0	4.0	0.0
053	1.0	0.0	0.0	0.0	1.0	2.0	0.0
054	0.0	2.0	0.0	0.0	1.3330000000000002	4.667	0.0
055	0.0	2.0	0.0	0.0	1.3330000000000002	4.667	0.0
056	1.0	2.0	0.0	0.0	0.6680000000000001	2.332	0.0
057	0.0	0.0	0.0	0.0	0.0	0.0	0.0
058	0.0	0.0	0.0	0.0	0.0	0.0	0.0
059	0.0	0.0	0.0	0.0	0.0	0.0	0.0
060	0.0	0.0	0.0	0.0	0.0	0.0	0.0
061	1.0	2.0	0.0	0.0	1.0	2.0	0.0
062	1.0	2.0	0.0	0.0	0.3330000000000002	2.667	0.0
063	0.0	1.0	0.0	0.0	0.3330000000000002	2.667	0.0
064	2.0	1.0	0.0	0.0	2.0	4.0	0.0
065	1.0	2.0	0.0	0.0	1.6680000000000001	4.332	0.0
066	0.0	2.0	0.0	0.0	0.3330000000000002	2.667	0.0
067	1.0	0.0	0.0	0.0	0.3330000000000002	2.667	0.0
068	1.0	2.0	0.0	0.0	1.3330000000000002	4.667	0.0
069	1.0	2.0	0.0	0.0	0.3330000000000002	5.667	0.0
070	0.0	0.0	0.0	0.0	0.0	0.0	0.0
071	1.0	1.0	0.0	0.0	2.0	4.0	0.0
072	1.0	2.0	0.0	0.0	1.3330000000000002	4.667	0.0
073	1.0	1.0	0.0	0.0	2.0	4.0	0.0
074	0.0	2.0	0.0	0.0	0.3330000000000002	2.667	0.0
075	0.0	0.0	0.0	0.0	0.0	0.0	0.0
076	1.0	1.0	0.0	0.0	1.0	2.0	0.0
077	0.0	2.0	0.0	0.0	1.3330000000000002	4.667	0.0
078	0.0	0.0	0.0	0.0	0.0	0.0	0.0
079	0.0	3.0	0.0	0.0	0.6680000000000001	5.332	0.0
080	1.0	0.0	0.0	0.0	0.3330000000000002	2.667	0.0
081	1.0	2.0	0.0	0.0	1.0	2.0	0.0
082	1.0	2.0	0.0	0.0	1.0	2.0	0.0
083	1.0	1.0	0.0	0.0	2.0	4.0	0.0
084	0.0	0.0	0.0	0.0	0.0	0.0	0.0
085	0.0	0.0	0.0	0.0	0.0	0.0	0.0
086	0.0	0.0	0.0	0.0	0.0	0.0	0.0
087	1.0	2.0	0.0	0.0	1.6680000000000001	4.332	0.0
088	0.0	2.0	0.0	0.0	0.0	3.0	0.0
089	1.0	2.0	0.0	0.0	1.3330000000000002	4.667	0.0
090	0.0	2.0	0.0	0.0	1.0	2.0	0.0
091	1.0	2.0	0.0	0.0	1.0	2.0	0.0
092	1.0	2.0	0.0	0.0	1.6680000000000001	4.332	0.0
093	2.0	3.0	1.0	1.0	2.0	7.0	1.0
094	0.0	3.0	0.0	0.0	0.3330000000000002	5.667	0.0
095	1.0	5.0	0.0	3.0	0.3330000000000002	5.667	1.0
096	2.0	1.0	1.0	0.0	2.668	6.332	1.0
097	0.0	0.0	0.0	0.0	0.0	0.0	0.0
098	2.0	1.0	0.0	0.0	3.0	6.0	0.0
099	1.0	1.0	0.0	0.0	1.0010000000000003	4.999	0.0
100	1.0	0.0	0.0	0.0	0.6680000000000001	2.332	0.0
101	2.0	0.0	1.0	0.0	1.3360000000000003	4.664	1.0
102	0.0	0.0	0.0	0.0	0.0	0.0	0.0
103	2.0	4.0	1.0	1.0	5.333	12.667	2.0
104	2.0	1.0	0.0	0.0	2.0	4.0	0.0
105	0.0	0.0	0.0	0.0	0.0	0.0	0.0
106	1.0	0.0	0.0	0.0	0.3330000000000002	2.667	0.0
107	2.0	2.0	1.0	2.0	3.4	5.6	2.0
108	2.0	0.0	1.0	0.0	1.3360000000000003	4.664	1.0
109	2.0	0.0	1.0	0.0	2.4	3.6	1.0
110	1.0	0.0	1.0	0.0	0.3330000000000002	2.667	1.0
111	3.0	0.0	2.0	0.0	3.4	5.6	2.0
112	0.0	0.0	0.0	0.0	0.0	0.0	0.0
113	0.0	0.0	0.0	0.0	0.0	0.0	0.0
114	0.0	0.0	0.0	0.0	0.0	0.0	0.0
115	2.0	0.0	1.0	0.0	1.3360000000000003	4.664	1.0
116	2.0	0.0	1.0	0.0	2.0	4.0	1.0
117	0.0	1.0	0.0	1.0	0.3330000000000002	2.667	1.0
118	1.0	0.0	1.0	0.0	1.0	2.0	1.0
119	1.0	0.0	1.0	0.0	0.6680000000000001	2.332	1.0
120	1.0	2.0	1.0	2.0	0.6660000000000004	5.334	2.0
121	0.0	0.0	0.0	0.0	0.0	0.0	0.0
122	0.0	0.0	0.0	0.0	0.0	0.0	0.0
123	1.0	0.0	1.0	0.0	1.0	2.0	1.0
124	2.0	0.0	1.0	0.0	2.0	4.0	1.0
125	2.0	0.0	1.0	0.0	2.0	4.0	1.0
126	2.0	0.0	2.0	0.0	2.4	3.6	2.0
127	1.0	0.0	0.0	0.0	1.0	2.0	0.0
128	2.0	0.0	1.0	0.0	0.6660000000000004	5.334	1.0
129	1.0	1.0	0.0	1.0	0.6660000000000004	5.334	1.0
130	0.0	0.0	0.0	0.0	0.0	0.0	0.0
131	1.0	0.0	1.0	0.0	1.0	2.0	1.0
132	1.0	0.0	1.0	0.0	0.3330000000000002	2.667	1.0
133	1.0	0.0	1.0	0.0	0.3330000000000002	2.667	1.0
134	0.0	0.0	0.0	0.0	0.0	0.0	0.0
135	1.0	0.0	1.0	0.0	1.0	2.0	1.0
136	2.0	0.0	1.0	0.0	0.6660000000000004	5.334	1.0
137	1.0	1.0	1.0	1.0	1.0	2.0	1.0
138	1.0	0.0	0.0	0.0	1.0	2.0	0.0
139	1.0	0.0	1.0	0.0	1.0	2.0	1.0
140	0.0	0.0	0.0	0.0	0.0	0.0	0.0
141	0.0	1.0	0.0	1.0	1.0	2.0	1.0
142	1.0	4.0	1.0	2.0	1.9990000000000006	10.001	2.0
143	1.0	1.0	1.0	1.0	0.6680000000000001	2.332	1.0
144	1.0	3.0	0.0	3.0	2.333	6.667	2.0
145	1.0	0.0	1.0	0.0	1.0	2.0	1.0
146	2.0	0.0	1.0	0.0	2.0	4.0	1.0
147	1.0	2.0	0.0	2.0	2.668	6.332	2.0
148	1.0	0.0	1.0	0.0	1.0	2.0	1.0
149	1.0	0.0	0.0	0.0	1.0	2.0	0.0
150	3.0	2.0	3.0	1.0	3.668	8.332	3.0
151	1.0	0.0	1.0	0.0	1.0	2.0	1.0
152	0.0	0.0	0.0	0.0	0.0	0.0	0.0
153	0.0	3.0	0.0	2.0	2.333	6.667	2.0
154	2.0	0.0	1.0	0.0	2.4	3.6	1.0
155	0.0	0.0	0.0	0.0	0.0	0.0	0.0
156	2.0	1.0	1.0	1.0	1.6660000000000004	7.334	2.0
157	0.0	1.0	0.0	1.0	0.3330000000000002	2.667	1.0
158	1.0	0.0	1.0	0.0	1.0	2.0	1.0
159	3.0	0.0	2.0	0.0	3.8	5.2	2.0
160	2.0	3.0	2.0	2.0	2.333	6.667	2.0
161	1.0	1.0	1.0	1.0	1.3330000000000002	4.667	2.0
162	2.0	2.0	0.0	2.0	4.0	8.0	2.0
163	0.0	4.0	0.0	3.0	2.3360000000000003	9.664	3.0
164	1.0	0.0	0.0	0.0	1.0	2.0	0.0
165	1.0	0.0	1.0	0.0	1.0	2.0	1.0
166	1.0	0.0	0.0	0.0	0.6680000000000001	2.332	0.0
167	1.0	0.0	1.0	0.0	1.0	2.0	1.0
168	1.0	1.0	0.0	1.0	0.6660000000000004	5.334	1.0
169	1.0	0.0	0.0	0.0	0.3330000000000002	2.667	0.0
170	1.0	1.0	0.0	1.0	1.6680000000000001	4.332	1.0
171	3.0	0.0	2.0	0.0	3.0	6.0	2.0
172	1.0	2.0	0.0	2.0	3.0	6.0	2.0
173	3.0	0.0	1.0	0.0	3.0	6.0	1.0
174	0.0	3.0	0.0	2.0	2.333	6.667	2.0
175	0.0	0.0	0.0	0.0	0.0	0.0	0.0
176	0.0	0.0	0.0	0.0	0.0	0.0	0.0
177	2.0	2.0	1.0	1.0	2.6660000000000004	9.334	2.0
178	0.0	1.0	0.0	1.0	0.3330000000000002	2.667	1.0
179	1.0	0.0	0.0	0.0	0.3330000000000002	2.667	0.0
180	3.0	0.0	2.0	0.0	3.0	6.0	2.0
181	1.0	1.0	1.0	1.0	0.0	3.0	1.0
182	1.0	1.0	0.0	1.0	0.6660000000000004	5.334	1.0
183	0.0	0.0	0.0	0.0	0.0	0.0	0.0
184	1.0	0.0	0.0	0.0	1.0	2.0	0.0
185	1.0	0.0	0.0	0.0	0.3330000000000002	2.667	0.0
186	1.0	0.0	0.0	0.0	1.0	2.0	0.0
187	2.0	0.0	0.0	0.0	2.0	4.0	0.0
188	1.0	0.0	1.0	0.0	0.3330000000000002	2.667	1.0
189	1.0	0.0	0.0	0.0	0.3330000000000002	2.667	0.0
190	0.0	0.0	0.0	0.0	0.0	0.0	0.0
191	3.0	2.0	3.0	2.0	1.3330000000000002	4.667	2.0
192	2.0	0.0	1.0	0.0	2.0	4.0	1.0
193	0.0	0.0	0.0	0.0	0.0	0.0	0.0
194	1.0	0.0	0.0	0.0	1.0	2.0	0.0
195	3.0	0.0	2.0	0.0	3.0	6.0	2.0
196	0.0	1.0	0.0	0.0	1.0	2.0	0.0
197	0.0	1.0	0.0	1.0	1.0	2.0	1.0
198	2.0	2.0	1.0	1.0	2.668	6.332	1.0
199	0.0	0.0	0.0	0.0	0.0	0.0	0.0
200	1.0	1.0	1.0	1.0	2.0	4.0	2.0
201	1.0	0.0	0.0	0.0	0.3330000000000002	2.667	0.0
202	1.0	0.0	0.0	0.0	1.0	2.0	0.0
203	1.0	0.0	0.0	0.0	1.0	2.0	0.0
204	2.0	0.0	1.0	0.0	2.0	4.0	1.0
205	2.0	0.0	1.0	0.0	2.8	3.2	1.0
206	3.0	0.0	3.0	0.0	1.3360000000000003	4.664	2.0
207	0.0	3.0	0.0	2.0	1.6660000000000004	7.334	2.0
208	0.0	3.0	0.0	2.0	1.6660000000000004	7.334	2.0
209	2.0	0.0	1.0	0.0	2.0	4.0	1.0
210	2.0	0.0	1.0	0.0	2.0	4.0	1.0
211	3.0	2.0	1.0	2.0	4.333	10.667	3.0
212	1.0	2.0	1.0	2.0	2.0	4.0	2.0
213	1.0	0.0	0.0	0.0	1.0	2.0	0.0
214	0.0	0.0	0.0	0.0	0.0	0.0	0.0
215	1.0	1.0	1.0	0.0	2.0	4.0	1.0
216	3.0	0.0	1.0	0.0	3.0	6.0	1.0
217	2.0	0.0	2.0	0.0	0.6660000000000004	5.334	2.0
218	2.0	0.0	1.0	0.0	0.6660000000000004	5.334	1.0
219	2.0	0.0	2.0	0.0	2.0	4.0	2.0
220	1.0	0.0	1.0	0.0	1.0	2.0	1.0
221	2.0	0.0	1.0	0.0	2.0	4.0	1.0
222	2.0	0.0	1.0	0.0	2.0	4.0	1.0
223	2.0	0.0	1.0	0.0	2.0	4.0	1.0
224	2.0	0.0	1.0	0.0	0.6660000000000004	5.334	1.0
225	0.0	1.0	0.0	1.0	0.6680000000000001	2.332	1.0
226	0.0	0.0	0.0	0.0	0.0	0.0	0.0
227	3.0	0.0	2.0	0.0	3.0	6.0	2.0
228	0.0	1.0	0.0	1.0	0.6680000000000001	2.332	1.0
229	1.0	0.0	0.0	0.0	1.0	2.0	0.0
230	1.0	0.0	0.0	0.0	1.0	2.0	0.0
231	3.0	0.0	1.0	0.0	2.0	4.0	1.0
232	1.0	0.0	1.0	0.0	0.3330000000000002	2.667	1.0
233	1.0	0.0	1.0	0.0	1.0	2.0	1.0
234	2.0	0.0	1.0	0.0	0.6660000000000004	5.334	1.0
235	0.0	0.0	0.0	0.0	0.0	0.0	0.0
236	2.0	0.0	1.0	0.0	2.0	4.0	1.0
237	0.0	2.0	0.0	2.0	0.6660000000000004	5.334	2.0
238	0.0	0.0	0.0	0.0	0.0	0.0	0.0
239	1.0	0.0	1.0	0.0	0.3330000000000002	2.667	1.0
240	1.0	0.0	0.0	0.0	0.6680000000000001	2.332	0.0
241	3.0	0.0	2.0	0.0	1.6680000000000001	4.332	1.0
242	3.0	0.0	1.0	0.0	3.0	6.0	1.0
243	1.0	2.0	0.0	2.0	0.6660000000000004	5.334	1.0
244	2.0	1.0	2.0	1.0	2.068	3.932	2.0
245	1.0	1.0	1.0	1.0	1.3330000000000002	4.667	2.0
246	1.0	2.0	0.0	2.0	3.0	6.0	2.0
247	0.0	0.0	0.0	0.0	0.0	0.0	0.0
248	2.0	0.0	1.0	0.0	2.0	4.0	1.0
249	2.0	2.0	1.0	2.0	2.333	6.667	2.0
250	1.0	1.0	0.0	1.0	0.6660000000000004	5.334	1.0
251	3.0	0.0	2.0	0.0	3.468	5.532	2.0
252	1.0	1.0	1.0	1.0	1.0	2.0	1.0
253	2.0	2.0	1.0	2.0	3.333	8.667	3.0
254	3.0	1.0	3.0	0.0	3.333	8.667	3.0
255	2.0	0.0	1.0	0.0	0.6660000000000004	5.334	1.0
256	2.0	0.0	1.0	0.0	2.0	4.0	1.0
257	0.0	3.0	0.0	3.0	2.0010000000000003	6.999	3.0
258	1.0	1.0	0.0	1.0	2.0	4.0	1.0
259	0.0	0.0	0.0	0.0	0.0	0.0	0.0
260	2.0	2.0	0.0	1.0	3.0	6.0	1.0
261	0.0	2.0	0.0	1.0	1.3330000000000002	4.667	1.0
262	0.0	0.0	0.0	0.0	0.0	0.0	0.0
263	1.0	2.0	1.0	1.0	3.068	5.932	2.0
264	0.0	1.0	0.0	1.0	0.6680000000000001	2.332	1.0
265	2.0	0.0	0.0	0.0	2.0	4.0	0.0
266	0.0	1.0	0.0	1.0	0.3330000000000002	2.667	1.0
267	1.0	0.0	1.0	0.0	0.3330000000000002	2.667	1.0
268	1.0	1.0	1.0	1.0	2.0	4.0	2.0
269	3.0	1.0	2.0	1.0	3.468	5.532	2.0
270	1.0	1.0	0.0	1.0	2.0	4.0	1.0
271	1.0	1.0	1.0	1.0	1.0010000000000003	4.999	2.0
272	0.0	2.0	0.0	1.0	0.6660000000000004	5.334	1.0
273	3.0	0.0	2.0	0.0	3.0	6.0	2.0
274	2.0	0.0	2.0	0.0	2.4	3.6	2.0
275	0.0	0.0	0.0	0.0	0.0	0.0	0.0
276	0.0	3.0	0.0	3.0	2.0	4.0	2.0
277	1.0	0.0	1.0	0.0	1.0	2.0	1.0
278	2.0	0.0	1.0	0.0	2.0	4.0	1.0
279	1.0	0.0	1.0	0.0	0.3330000000000002	2.667	1.0
280	2.0	0.0	1.0	0.0	2.0	4.0	1.0
281	1.0	0.0	1.0	0.0	1.0	2.0	1.0
282	0.0	0.0	0.0	0.0	0.0	0.0	0.0
283	2.0	0.0	2.0	0.0	2.0	4.0	2.0
284	3.0	1.0	2.0	1.0	3.0	6.0	2.0
285	2.0	1.0	2.0	1.0	2.668	6.332	3.0
286	1.0	1.0	0.0	1.0	2.0	4.0	1.0
287	1.0	0.0	1.0	0.0	1.0	2.0	1.0
288	1.0	0.0	1.0	0.0	1.0	2.0	1.0
289	0.0	2.0	0.0	2.0	1.0	2.0	1.0
290	2.0	1.0	1.0	1.0	2.068	3.932	1.0
291	2.0	0.0	1.0	0.0	0.6660000000000004	5.334	1.0
292	1.0	0.0	0.0	0.0	1.0	2.0	0.0
293	3.0	0.0	2.0	0.0	3.0	6.0	2.0
294	0.0	0.0	0.0	0.0	0.0	0.0	0.0
295	0.0	0.0	0.0	0.0	0.0	0.0	0.0
296	3.0	0.0	2.0	0.0	3.0	6.0	2.0
297	1.0	0.0	1.0	0.0	1.0	2.0	1.0
298	3.0	0.0	3.0	0.0	3.0	6.0	3.0
299	2.0	1.0	2.0	1.0	2.0	4.0	2.0
300	1.0	0.0	0.0	0.0	1.0	2.0	0.0
301	2.0	0.0	2.0	0.0	1.3360000000000003	4.664	2.0
302	1.0	0.0	1.0	0.0	1.0	2.0	1.0
303	1.0	0.0	0.0	0.0	1.0	2.0	0.0
304	2.0	1.0	0.0	1.0	3.0	6.0	1.0
305	3.0	0.0	3.0	0.0	3.0	6.0	3.0
306	2.0	0.0	1.0	0.0	0.6660000000000004	5.334	1.0
307	2.0	0.0	1.0	0.0	2.0	4.0	1.0
308	4.0	0.0	3.0	0.0	3.736	8.264	3.0
309	1.0	0.0	1.0	0.0	0.3330000000000002	2.667	1.0
310	1.0	0.0	0.0	0.0	0.3330000000000002	2.667	0.0
311	2.0	0.0	1.0	0.0	2.4	3.6	1.0
312	2.0	0.0	2.0	0.0	1.3360000000000003	4.664	2.0
313	0.0	0.0	0.0	0.0	0.0	0.0	0.0
314	2.0	0.0	1.0	0.0	0.6660000000000004	5.334	1.0
315	0.0	0.0	0.0	0.0	0.0	0.0	0.0
316	1.0	0.0	1.0	0.0	1.0	2.0	1.0
317	2.0	0.0	1.0	0.0	0.6660000000000004	5.334	1.0
318	2.0	0.0	1.0	0.0	2.0	4.0	1.0
319	2.0	0.0	1.0	0.0	0.6660000000000004	5.334	1.0
320	1.0	0.0	1.0	0.0	0.3330000000000002	2.667	1.0
321	1.0	0.0	1.0	0.0	1.0	2.0	1.0
322	1.0	0.0	0.0	0.0	1.0	2.0	0.0
323	1.0	0.0	1.0	0.0	0.3330000000000002	2.667	1.0
324	1.0	0.0	1.0	0.0	0.3330000000000002	2.667	1.0
325	1.0	6.0	1.0	2.0	2.0010000000000003	6.999	1.0
326	0.0	0.0	0.0	0.0	0.0	0.0	0.0
327	1.0	0.0	0.0	0.0	0.3330000000000002	2.667	0.0
328	1.0	0.0	0.0	0.0	0.6680000000000001	2.332	0.0
329	1.0	1.0	0.0	1.0	1.6680000000000001	4.332	1.0
330	2.0	0.0	2.0	0.0	2.0	4.0	2.0
331	2.0	0.0	1.0	0.0	0.6660000000000004	5.334	1.0
332	1.0	0.0	1.0	0.0	1.0	2.0	1.0
333	3.0	0.0	2.0	0.0	0.9990000000000006	8.001	2.0
334	3.0	0.0	2.0	0.0	3.0	6.0	2.0
335	3.0	0.0	2.0	0.0	3.0	6.0	2.0
336	0.0	0.0	0.0	0.0	0.0	0.0	0.0
337	0.0	0.0	0.0	0.0	0.0	0.0	0.0
338	1.0	0.0	1.0	0.0	0.3330000000000002	2.667	1.0
339	0.0	0.0	0.0	0.0	0.0	0.0	0.0
340	2.0	0.0	2.0	0.0	0.6660000000000004	5.334	2.0
341	1.0	1.0	1.0	1.0	0.6660000000000004	5.334	2.0
342	1.0	1.0	1.0	1.0	1.6680000000000001	4.332	2.0
343	1.0	0.0	1.0	0.0	0.6680000000000001	2.332	1.0
344	1.0	0.0	1.0	0.0	1.0	2.0	1.0
345	0.0	0.0	0.0	0.0	0.0	0.0	0.0
346	0.0	0.0	0.0	0.0	0.0	0.0	0.0
347	2.0	2.0	1.0	1.0	3.4010000000000002	8.599	2.0
348	2.0	1.0	1.0	1.0	2.0	4.0	1.0
349	3.0	0.0	1.0	0.0	2.4	3.6	1.0
350	0.0	0.0	0.0	0.0	0.0	0.0	0.0
351	2.0	1.0	1.0	1.0	3.0	6.0	2.0
352	2.0	0.0	1.0	0.0	2.0	4.0	1.0
353	0.0	0.0	0.0	0.0	0.0	0.0	0.0
354	0.0	1.0	0.0	1.0	1.0	2.0	1.0
355	1.0	2.0	1.0	2.0	2.4	3.6	2.0
356	1.0	0.0	0.0	0.0	1.0	2.0	0.0
357	1.0	1.0	0.0	1.0	2.0	4.0	1.0
358	1.0	0.0	0.0	0.0	1.0	2.0	0.0
359	2.0	2.0	2.0	0.0	3.0	6.0	2.0
360	2.0	0.0	2.0	0.0	0.6660000000000004	5.334	2.0
361	1.0	0.0	1.0	0.0	0.3330000000000002	2.667	1.0
362	1.0	0.0	1.0	0.0	1.0	2.0	1.0
363	1.0	0.0	0.0	0.0	0.6680000000000001	2.332	0.0
364	1.0	0.0	1.0	0.0	1.0	2.0	1.0
365	1.0	0.0	1.0	0.0	1.0	2.0	1.0
366	1.0	1.0	0.0	1.0	2.0	4.0	1.0
367	0.0	0.0	0.0	0.0	0.0	0.0	0.0
368	1.0	0.0	1.0	0.0	0.3330000000000002	2.667	1.0
369	1.0	0.0	1.0	0.0	1.0	2.0	1.0
370	1.0	0.0	1.0	0.0	1.0	2.0	1.0
371	1.0	1.0	1.0	1.0	1.4	1.6	1.0
372	2.0	0.0	1.0	0.0	2.0	4.0	1.0
373	2.0	0.0	1.0	0.0	0.6660000000000004	5.334	1.0
374	0.0	0.0	0.0	0.0	0.0	0.0	0.0
375	2.0	0.0	1.0	0.0	2.0	4.0	1.0
376	1.0	0.0	0.0	0.0	1.0	2.0	0.0
377	2.0	1.0	2.0	1.0	3.0	6.0	3.0
378	1.0	1.0	1.0	0.0	2.0	4.0	1.0
379	2.0	2.0	1.0	2.0	2.0	4.0	1.0
380	1.0	0.0	0.0	0.0	0.3330000000000002	2.667	0.0
381	1.0	0.0	0.0	0.0	1.0	2.0	0.0
382	1.0	0.0	1.0	0.0	1.0	2.0	1.0
383	1.0	3.0	0.0	2.0	0.9990000000000006	11.001	2.0
384	1.0	0.0	1.0	0.0	0.3330000000000002	2.667	1.0
385	0.0	0.0	0.0	0.0	0.0	0.0	0.0
386	1.0	0.0	0.0	0.0	0.3330000000000002	2.667	0.0
387	0.0	1.0	0.0	1.0	1.0	2.0	1.0
388	1.0	1.0	1.0	1.0	0.3330000000000002	2.667	1.0
389	2.0	0.0	2.0	0.0	2.0	4.0	2.0
390	4.0	1.0	4.0	0.0	2.3340000000000005	9.666	3.0
391	1.0	0.0	0.0	0.0	1.0	2.0	0.0
392	3.0	0.0	1.0	0.0	3.0	6.0	1.0
393	0.0	0.0	0.0	0.0	0.0	0.0	0.0
394	1.0	3.0	0.0	2.0	1.3340000000000005	7.6659999999999995	2.0
395	0.0	0.0	0.0	0.0	0.0	0.0	0.0
396	1.0	1.0	1.0	1.0	1.4	1.6	1.0
397	0.0	0.0	0.0	0.0	0.0	0.0	0.0
398	3.0	1.0	1.0	1.0	3.8	8.2	2.0
399	4.0	0.0	3.0	0.0	4.468	7.532	3.0
400	0.0	1.0	0.0	1.0	0.3330000000000002	2.667	1.0
401	1.0	0.0	1.0	0.0	0.3330000000000002	2.667	1.0
402	0.0	2.0	0.0	1.0	1.6680000000000001	4.332	1.0
403	0.0	0.0	0.0	0.0	0.0	0.0	0.0
404	0.0	0.0	0.0	0.0	0.0	0.0	0.0
405	1.0	0.0	1.0	0.0	1.0	2.0	1.0
406	2.0	0.0	2.0	0.0	2.0	4.0	2.0
407	2.0	0.0	1.0	0.0	2.4	3.6	1.0
408	2.0	0.0	1.0	0.0	2.0	4.0	1.0
409	0.0	1.0	0.0	1.0	1.0	2.0	1.0
410	1.0	0.0	0.0	0.0	1.0	2.0	0.0
411	0.0	0.0	0.0	0.0	0.0	0.0	0.0
412	1.0	0.0	1.0	0.0	0.3330000000000002	2.667	1.0
413	0.0	0.0	0.0	0.0	0.0	0.0	0.0
414	0.0	1.0	0.0	1.0	1.0	2.0	1.0
415	0.0	0.0	0.0	0.0	0.0	0.0	0.0
416	0.0	0.0	0.0	0.0	0.0	0.0	0.0
417	0.0	2.0	0.0	1.0	1.6680000000000001	4.332	1.0
418	1.0	0.0	0.0	0.0	0.6680000000000001	2.332	0.0
419	2.0	0.0	1.0	0.0	2.0	4.0	1.0
420	2.0	0.0	1.0	0.0	2.0	4.0	1.0
421	0.0	0.0	0.0	0.0	0.0	0.0	0.0
422	0.0	0.0	0.0	0.0	0.0	0.0	0.0
423	0.0	0.0	0.0	0.0	0.0	0.0	0.0
424	2.0	0.0	2.0	0.0	2.0	4.0	2.0
425	1.0	0.0	0.0	0.0	1.0	2.0	0.0
426	0.0	0.0	0.0	0.0	0.0	0.0	0.0
427	0.0	0.0	0.0	0.0	0.0	0.0	0.0
428	2.0	0.0	1.0	0.0	2.0	4.0	1.0
429	0.0	0.0	0.0	0.0	0.0	0.0	0.0
430	0.0	0.0	0.0	0.0	0.0	0.0	0.0
431	2.0	0.0	1.0	0.0	2.0	4.0	1.0
432	1.0	0.0	1.0	0.0	1.0	2.0	1.0
433	2.0	0.0	1.0	0.0	2.0	4.0	1.0
434	0.0	0.0	0.0	0.0	0.0	0.0	0.0
435	1.0	0.0	1.0	0.0	1.0	2.0	1.0
436	2.0	0.0	1.0	0.0	2.4	3.6	1.0
437	1.0	1.0	1.0	1.0	2.0	4.0	2.0
438	2.0	0.0	0.0	0.0	2.0	4.0	0.0
439	1.0	0.0	0.0	0.0	0.3330000000000002	2.667	0.0
440	0.0	0.0	0.0	0.0	0.0	0.0	0.0
441	3.0	0.0	2.0	0.0	3.0	6.0	2.0
442	1.0	0.0	0.0	0.0	1.0	2.0	0.0
443	1.0	0.0	0.0	0.0	0.3330000000000002	2.667	0.0
444	0.0	0.0	0.0	0.0	0.0	0.0	0.0
445	1.0	0.0	0.0	0.0	1.0	2.0	0.0
446	2.0	0.0	1.0	0.0	2.0	4.0	1.0
447	1.0	0.0	1.0	0.0	1.0	2.0	1.0
448	1.0	0.0	0.0	0.0	0.3330000000000002	2.667	0.0
449	0.0	0.0	0.0	0.0	0.0	0.0	0.0
450	3.0	1.0	1.0	1.0	2.333	6.667	2.0
451	0.0	0.0	0.0	0.0	0.0	0.0	0.0
452	3.0	0.0	2.0	0.0	3.0	6.0	2.0
453	0.0	0.0	0.0	0.0	0.0	0.0	0.0
454	1.0	0.0	0.0	0.0	1.0	2.0	0.0
455	0.0	0.0	0.0	0.0	0.0	0.0	0.0
456	1.0	0.0	0.0	0.0	1.0	2.0	0.0
457	2.0	0.0	1.0	0.0	0.6660000000000004	5.334	1.0
458	0.0	0.0	0.0	0.0	0.0	0.0	0.0
459	1.0	0.0	0.0	0.0	0.3330000000000002	2.667	0.0
460	2.0	0.0	1.0	0.0	2.0	4.0	1.0
461	1.0	1.0	0.0	1.0	1.6680000000000001	4.332	1.0
462	1.0	0.0	0.0	0.0	0.3330000000000002	2.667	0.0
463	1.0	0.0	1.0	0.0	1.0	2.0	1.0
464	1.0	0.0	0.0	0.0	0.3330000000000002	2.667	0.0
465	3.0	0.0	2.0	0.0	2.668	6.332	2.0
466	2.0	0.0	1.0	0.0	0.6660000000000004	5.334	1.0
467	1.0	0.0	0.0	0.0	0.6680000000000001	2.332	0.0
468	1.0	1.0	0.0	1.0	1.4	4.6	1.0
469	1.0	0.0	0.0	0.0	0.3330000000000002	2.667	0.0
470	1.0	0.0	1.0	0.0	0.3330000000000002	2.667	1.0
471	1.0	0.0	0.0	0.0	1.4	1.6	0.0
472	0.0	0.0	0.0	0.0	0.0	0.0	0.0
473	1.0	0.0	0.0	0.0	1.0	2.0	0.0
474	1.0	0.0	0.0	0.0	1.0	2.0	0.0
475	1.0	0.0	1.0	0.0	0.6680000000000001	2.332	1.0
476	3.0	0.0	2.0	0.0	3.0	6.0	2.0
477	2.0	0.0	0.0	0.0	2.4	3.6	0.0
478	1.0	0.0	1.0	0.0	0.3330000000000002	2.667	1.0
479	1.0	0.0	1.0	0.0	0.3330000000000002	2.667	1.0
480	0.0	0.0	0.0	0.0	0.0	0.0	0.0
481	3.0	0.0	3.0	0.0	3.0	6.0	3.0
482	2.0	0.0	2.0	0.0	2.4	3.6	2.0
483	0.0	5.0	0.0	3.0	2.0010000000000003	6.999	2.0
484	1.0	0.0	1.0	0.0	1.0	2.0	1.0
485	0.0	0.0	0.0	0.0	0.0	0.0	0.0
486	2.0	0.0	1.0	0.0	2.0	4.0	1.0
487	0.0	2.0	0.0	2.0	1.0	2.0	1.0
488	1.0	0.0	1.0	0.0	1.0	2.0	1.0
489	1.0	0.0	1.0	0.0	0.3330000000000002	2.667	1.0
490	1.0	0.0	0.0	0.0	1.0	2.0	0.0
491	2.0	2.0	1.0	1.0	2.0	4.0	1.0
492	1.0	2.0	1.0	1.0	3.068	5.932	2.0
493	1.0	0.0	1.0	0.0	0.3330000000000002	2.667	1.0
494	1.0	0.0	0.0	0.0	1.0	2.0	0.0
495	2.0	0.0	1.0	0.0	2.0	4.0	1.0
496	2.0	0.0	1.0	0.0	2.0	4.0	1.0
497	2.0	0.0	2.0	0.0	0.6660000000000004	5.334	2.0
498	1.0	0.0	0.0	0.0	0.3330000000000002	2.667	0.0
499	2.0	1.0	2.0	1.0	1.6680000000000001	4.332	2.0
500	2.0	0.0	1.0	0.0	2.068	3.932	1.0
501	2.0	0.0	2.0	0.0	1.6680000000000001	4.332	2.0
502	0.0	0.0	0.0	0.0	0.0	0.0	0.0
503	1.0	0.0	0.0	0.0	0.3330000000000002	2.667	0.0
504	1.0	0.0	0.0	0.0	0.3330000000000002	2.667	0.0
505	3.0	0.0	2.0	0.0	0.9990000000000006	8.001	2.0
506	1.0	0.0	0.0	0.0	0.3330000000000002	2.667	0.0
507	1.0	0.0	0.0	0.0	0.3330000000000002	2.667	0.0
508	1.0	2.0	1.0	2.0	0.3330000000000002	2.667	1.0
509	1.0	0.0	1.0	0.0	1.0	2.0	1.0
510	0.0	2.0	0.0	2.0	0.3330000000000002	2.667	1.0
511	0.0	5.0	0.0	3.0	2.3320000000000007	12.668	3.0
512	0.0	0.0	0.0	0.0	0.0	0.0	0.0
513	2.0	0.0	1.0	0.0	2.0	4.0	1.0
514	2.0	1.0	2.0	1.0	1.0	2.0	1.0
515	3.0	1.0	2.0	1.0	2.4	6.6	2.0
516	2.0	2.0	1.0	2.0	3.0	6.0	2.0
517	0.0	0.0	0.0	0.0	0.0	0.0	0.0
518	2.0	0.0	1.0	0.0	0.6660000000000004	5.334	1.0
519	1.0	2.0	1.0	2.0	0.3330000000000002	2.667	1.0
520	2.0	0.0	2.0	0.0	2.4	3.6	2.0
521	1.0	2.0	1.0	2.0	0.6660000000000004	5.334	2.0
522	3.0	0.0	2.0	0.0	1.6680000000000001	4.332	1.0
523	1.0	1.0	1.0	1.0	0.3330000000000002	2.667	1.0
524	2.0	0.0	1.0	0.0	0.6660000000000004	5.334	1.0
525	2.0	1.0	1.0	0.0	2.668	6.332	1.0
526	0.0	0.0	0.0	0.0	0.0	0.0	0.0
527	1.0	2.0	0.0	2.0	1.6660000000000004	7.334	2.0
528	1.0	4.0	0.0	2.0	1.3330000000000002	4.667	1.0
529	1.0	0.0	1.0	0.0	0.6680000000000001	2.332	1.0
530	2.0	0.0	2.0	0.0	2.0	4.0	2.0
531	1.0	0.0	1.0	0.0	0.3330000000000002	2.667	1.0
532	0.0	1.0	0.0	1.0	1.0	2.0	1.0
533	1.0	0.0	0.0	0.0	1.0	2.0	0.0
534	1.0	0.0	1.0	0.0	1.0	2.0	1.0
535	0.0	1.0	0.0	1.0	1.0	2.0	1.0
536	0.0	3.0	0.0	3.0	1.6660000000000004	7.334	3.0
537	1.0	0.0	1.0	0.0	1.0	2.0	1.0
538	3.0	0.0	2.0	0.0	3.0	6.0	2.0
539	2.0	0.0	1.0	0.0	1.6680000000000001	4.332	1.0
540	1.0	0.0	1.0	0.0	0.6680000000000001	2.332	1.0
541	0.0	0.0	0.0	0.0	0.0	0.0	0.0
542	1.0	0.0	1.0	0.0	0.6680000000000001	2.332	1.0
543	1.0	0.0	1.0	0.0	1.0	2.0	1.0
544	0.0	0.0	0.0	0.0	0.0	0.0	0.0
545	1.0	0.0	1.0	0.0	0.6680000000000001	2.332	1.0
546	4.0	0.0	2.0	0.0	1.6680000000000001	4.332	1.0
547	2.0	0.0	1.0	0.0	2.0	4.0	1.0
548	0.0	1.0	0.0	1.0	0.0	3.0	1.0
549	0.0	0.0	0.0	0.0	0.0	0.0	0.0
