all_syn	all_nonSyn	tip_syn	tip_nonSyn	S	N	comparisons
001	0.0	0.0	0.0	0.0	0.0	0.0	0.0
002	2.0	1.0	0.0	0.0	3.0	6.0	0.0
003	3.0	2.0	0.0	1.0	2.6690000000000005	9.331	1.0
004	1.0	1.0	0.0	0.0	0.6680000000000001	2.332	0.0
005	2.0	0.0	1.0	0.0	0.6660000000000004	5.334	1.0
006	2.0	3.0	0.0	0.0	0.6660000000000004	8.334	0.0
007	0.0	0.0	0.0	0.0	0.0	0.0	0.0
008	1.0	0.0	0.0	0.0	1.0	2.0	0.0
009	0.0	2.0	0.0	0.0	1.3330000000000002	4.667	0.0
010	0.0	0.0	0.0	0.0	0.0	0.0	0.0
011	1.0	0.0	0.0	0.0	1.4	1.6	0.0
012	1.0	0.0	0.0	0.0	1.0	2.0	0.0
013	1.0	3.0	0.0	0.0	2.3360000000000003	6.664	0.0
014	0.0	2.0	0.0	0.0	0.3330000000000002	2.667	0.0
015	2.0	1.0	0.0	0.0	2.3360000000000003	6.664	0.0
016	1.0	0.0	1.0	0.0	1.0	2.0	1.0
017	0.0	2.0	0.0	0.0	0.6680000000000001	2.332	0.0
018	2.0	1.0	0.0	0.0	2.0	4.0	0.0
019	0.0	0.0	0.0	0.0	0.0	0.0	0.0
020	0.0	1.0	0.0	0.0	0.3330000000000002	2.667	0.0
021	1.0	1.0	0.0	0.0	0.6660000000000004	5.334	0.0
022	2.0	0.0	0.0	0.0	1.3360000000000003	4.664	0.0
023	2.0	1.0	0.0	0.0	1.3330000000000002	4.667	0.0
024	1.0	0.0	0.0	0.0	1.0	2.0	0.0
025	2.0	0.0	2.0	0.0	0.6680000000000001	2.332	1.0
026	1.0	0.0	0.0	0.0	1.0	2.0	0.0
027	1.0	0.0	0.0	0.0	1.0	2.0	0.0
028	0.0	1.0	0.0	0.0	1.4	1.6	0.0
029	0.0	1.0	0.0	0.0	1.0	2.0	0.0
030	1.0	0.0	0.0	0.0	0.3330000000000002	2.667	0.0
031	0.0	1.0	0.0	0.0	1.0	2.0	0.0
032	1.0	1.0	0.0	0.0	0.6660000000000004	5.334	0.0
033	0.0	0.0	0.0	0.0	0.0	0.0	0.0
034	1.0	0.0	0.0	0.0	1.0	2.0	0.0
035	0.0	1.0	0.0	0.0	0.3330000000000002	2.667	0.0
036	1.0	0.0	0.0	0.0	0.3330000000000002	2.667	0.0
037	2.0	2.0	0.0	0.0	1.6680000000000001	4.332	0.0
038	1.0	1.0	0.0	0.0	1.0	2.0	0.0
039	0.0	1.0	0.0	0.0	1.0	2.0	0.0
040	1.0	0.0	0.0	0.0	1.0	2.0	0.0
041	0.0	0.0	0.0	0.0	0.0	0.0	0.0
042	1.0	1.0	0.0	0.0	1.0	2.0	0.0
043	0.0	0.0	0.0	0.0	0.0	0.0	0.0
044	1.0	0.0	0.0	0.0	0.3330000000000002	2.667	0.0
045	0.0	1.0	0.0	0.0	0.3330000000000002	2.667	0.0
046	0.0	1.0	0.0	1.0	0.3330000000000002	2.667	1.0
047	1.0	1.0	0.0	0.0	1.0	2.0	0.0
048	2.0	0.0	0.0	0.0	2.0	4.0	0.0
049	0.0	1.0	0.0	1.0	0.3330000000000002	2.667	1.0
050	0.0	0.0	0.0	0.0	0.0	0.0	0.0
051	1.0	2.0	0.0	0.0	0.6660000000000004	5.334	0.0
052	1.0	2.0	0.0	0.0	1.0010000000000003	4.999	0.0
053	0.0	2.0	0.0	0.0	0.6660000000000004	5.334	0.0
054	1.0	3.0	0.0	1.0	1.3320000000000007	10.668	1.0
055	2.0	0.0	0.0	0.0	2.0	4.0	0.0
056	0.0	0.0	0.0	0.0	0.0	0.0	0.0
057	1.0	1.0	0.0	0.0	0.6660000000000004	5.334	0.0
058	0.0	1.0	0.0	0.0	0.3330000000000002	2.667	0.0
059	1.0	0.0	1.0	0.0	0.3330000000000002	2.667	1.0
060	1.0	1.0	0.0	1.0	2.0	4.0	1.0
061	1.0	2.0	0.0	0.0	2.0	4.0	0.0
062	0.0	0.0	0.0	0.0	0.0	0.0	0.0
063	1.0	0.0	0.0	0.0	1.0	2.0	0.0
064	1.0	0.0	0.0	0.0	1.0	2.0	0.0
065	1.0	0.0	1.0	0.0	0.6680000000000001	2.332	1.0
066	1.0	0.0	0.0	0.0	1.0	2.0	0.0
067	2.0	3.0	0.0	0.0	3.0	6.0	0.0
068	0.0	0.0	0.0	0.0	0.0	0.0	0.0
069	0.0	0.0	0.0	0.0	0.0	0.0	0.0
070	1.0	0.0	1.0	0.0	1.0	2.0	1.0
071	1.0	0.0	0.0	0.0	1.0	2.0	0.0
072	1.0	2.0	0.0	0.0	1.3330000000000002	4.667	0.0
073	1.0	2.0	0.0	1.0	2.333	6.667	1.0
074	1.0	0.0	0.0	0.0	1.0	2.0	0.0
075	0.0	0.0	0.0	0.0	0.0	0.0	0.0
076	1.0	0.0	0.0	0.0	0.3330000000000002	2.667	0.0
077	1.0	4.0	0.0	0.0	0.9990000000000006	8.001	0.0
078	2.0	2.0	0.0	0.0	2.733	6.2669999999999995	0.0
079	0.0	2.0	0.0	0.0	1.3330000000000002	4.667	0.0
080	0.0	2.0	0.0	0.0	1.3330000000000002	4.667	0.0
081	1.0	0.0	0.0	0.0	0.6680000000000001	2.332	0.0
082	0.0	3.0	0.0	0.0	1.3340000000000005	7.6659999999999995	0.0
083	1.0	1.0	0.0	1.0	1.6680000000000001	4.332	1.0
084	0.0	4.0	0.0	0.0	2.333	6.667	0.0
085	1.0	6.0	0.0	1.0	1.6660000000000004	10.334	1.0
086	2.0	3.0	2.0	2.0	2.333	6.667	2.0
087	0.0	5.0	0.0	2.0	1.6670000000000007	10.332999999999998	1.0
088	2.0	5.0	0.0	1.0	1.9990000000000006	10.001	1.0
089	1.0	5.0	0.0	0.0	0.9990000000000006	8.001	0.0
090	2.0	5.0	1.0	1.0	4.001	10.998999999999999	1.0
091	0.0	3.0	0.0	1.0	2.3360000000000003	6.664	1.0
092	0.0	3.0	0.0	1.0	2.0010000000000003	6.999	1.0
093	1.0	5.0	0.0	0.0	2.668	9.332	0.0
094	0.0	4.0	0.0	1.0	2.0010000000000003	6.999	1.0
095	2.0	4.0	1.0	0.0	2.3340000000000005	9.666	1.0
096	4.0	3.0	1.0	1.0	3.0010000000000003	8.998999999999999	1.0
097	2.0	3.0	0.0	1.0	2.6690000000000005	9.331	1.0
098	1.0	5.0	1.0	3.0	1.6660000000000004	10.334	2.0
099	1.0	5.0	0.0	2.0	3.0010000000000003	8.998999999999999	1.0
100	1.0	1.0	0.0	0.0	0.6660000000000004	5.334	0.0
101	0.0	0.0	0.0	0.0	0.0	0.0	0.0
102	0.0	0.0	0.0	0.0	0.0	0.0	0.0
103	1.0	3.0	0.0	0.0	1.3330000000000002	4.667	0.0
104	1.0	2.0	0.0	0.0	1.3330000000000002	4.667	0.0
105	1.0	5.0	0.0	1.0	1.6660000000000004	10.334	1.0
106	1.0	1.0	0.0	0.0	1.3330000000000002	4.667	0.0
107	2.0	4.0	1.0	2.0	2.333	6.667	1.0
108	3.0	3.0	1.0	0.0	3.668	8.332	1.0
109	1.0	3.0	0.0	0.0	2.0	4.0	0.0
110	3.0	5.0	0.0	4.0	3.333	11.667	2.0
111	1.0	3.0	1.0	0.0	2.668	6.332	1.0
112	2.0	4.0	1.0	1.0	2.3340000000000005	9.666	1.0
113	3.0	2.0	0.0	0.0	3.0690000000000004	8.931	0.0
114	2.0	6.0	1.0	1.0	3.0020000000000007	14.998000000000001	2.0
115	1.0	1.0	1.0	0.0	2.0	4.0	1.0
116	2.0	2.0	1.0	2.0	1.3330000000000002	4.667	1.0
117	0.0	5.0	0.0	2.0	1.3340000000000005	10.666	1.0
118	3.0	4.0	1.0	3.0	4.001	10.998999999999999	2.0
119	1.0	3.0	0.0	0.0	0.3330000000000002	5.667	0.0
120	0.0	2.0	0.0	2.0	0.3330000000000002	2.667	1.0
121	1.0	1.0	0.0	1.0	2.0	4.0	1.0
122	2.0	1.0	1.0	0.0	3.0	6.0	1.0
123	0.0	1.0	0.0	1.0	1.0	2.0	1.0
124	2.0	0.0	0.0	0.0	0.6660000000000004	5.334	0.0
125	1.0	2.0	1.0	2.0	0.3330000000000002	2.667	1.0
126	1.0	0.0	1.0	0.0	1.0	2.0	1.0
127	2.0	2.0	1.0	2.0	2.333	6.667	2.0
128	1.0	1.0	0.0	1.0	1.0010000000000003	4.999	1.0
129	2.0	2.0	1.0	2.0	0.6660000000000004	5.334	1.0
130	1.0	0.0	1.0	0.0	1.0	2.0	1.0
131	1.0	1.0	1.0	0.0	0.6660000000000004	5.334	1.0
132	2.0	4.0	0.0	1.0	4.668	10.332	1.0
133	1.0	1.0	0.0	0.0	0.6660000000000004	5.334	0.0
134	2.0	2.0	0.0	2.0	3.0	6.0	1.0
135	2.0	1.0	1.0	1.0	1.6680000000000001	4.332	1.0
136	1.0	2.0	0.0	2.0	1.3330000000000002	4.667	1.0
137	0.0	0.0	0.0	0.0	0.0	0.0	0.0
138	2.0	0.0	1.0	0.0	2.068	3.932	1.0
139	2.0	1.0	0.0	1.0	2.3360000000000003	6.664	1.0
140	0.0	1.0	0.0	0.0	1.0	2.0	0.0
141	2.0	2.0	1.0	1.0	1.9990000000000006	10.001	2.0
142	1.0	0.0	1.0	0.0	1.0	2.0	1.0
143	3.0	0.0	0.0	0.0	3.0	6.0	0.0
144	2.0	4.0	2.0	2.0	3.333	8.667	2.0
145	2.0	2.0	0.0	2.0	3.0	6.0	1.0
146	0.0	4.0	0.0	1.0	1.6670000000000007	10.332999999999998	1.0
147	1.0	3.0	0.0	0.0	0.6660000000000004	5.334	0.0
148	1.0	3.0	0.0	0.0	2.668	6.332	0.0
149	2.0	2.0	1.0	1.0	0.6660000000000004	5.334	1.0
150	2.0	5.0	1.0	1.0	2.6660000000000004	12.334	1.0
151	2.0	2.0	0.0	2.0	1.6660000000000004	7.334	1.0
152	2.0	1.0	1.0	1.0	1.733	4.2669999999999995	1.0
153	1.0	0.0	1.0	0.0	0.3330000000000002	2.667	1.0
154	2.0	2.0	1.0	1.0	1.3330000000000002	4.667	1.0
155	0.0	1.0	0.0	1.0	0.0	3.0	1.0
156	1.0	2.0	0.0	2.0	1.0010000000000003	4.999	1.0
157	3.0	4.0	1.0	1.0	3.6670000000000007	14.332999999999998	2.0
158	1.0	2.0	0.0	0.0	2.0	4.0	0.0
159	1.0	6.0	0.0	3.0	3.0020000000000007	11.998	2.0
160	2.0	1.0	1.0	0.0	1.3330000000000002	4.667	1.0
161	0.0	0.0	0.0	0.0	0.0	0.0	0.0
162	0.0	0.0	0.0	0.0	0.0	0.0	0.0
163	0.0	0.0	0.0	0.0	0.0	0.0	0.0
164	0.0	0.0	0.0	0.0	0.0	0.0	0.0
165	1.0	2.0	1.0	1.0	2.0	4.0	1.0
166	1.0	4.0	1.0	1.0	2.6660000000000004	9.334	1.0
167	1.0	4.0	0.0	2.0	0.6660000000000004	5.334	1.0
168	2.0	3.0	1.0	0.0	3.6660000000000004	11.334	1.0
169	2.0	2.0	0.0	0.0	1.6660000000000004	7.334	0.0
170	2.0	1.0	0.0	1.0	3.0	6.0	1.0
171	0.0	0.0	0.0	0.0	0.0	0.0	0.0
172	1.0	1.0	0.0	0.0	1.3330000000000002	4.667	0.0
173	3.0	0.0	0.0	0.0	2.736	6.263999999999999	0.0
174	1.0	0.0	0.0	0.0	1.0	2.0	0.0
175	1.0	1.0	0.0	1.0	1.733	4.2669999999999995	1.0
176	2.0	2.0	1.0	2.0	0.9990000000000006	8.001	2.0
177	2.0	3.0	0.0	1.0	2.9990000000000006	12.001	1.0
178	2.0	1.0	1.0	0.0	3.0	6.0	1.0
179	1.0	3.0	0.0	1.0	1.9990000000000006	10.001	1.0
180	1.0	5.0	0.0	1.0	0.9990000000000006	14.001	1.0
181	2.0	1.0	1.0	1.0	1.3330000000000002	4.667	1.0
182	2.0	1.0	2.0	0.0	3.0	6.0	2.0
183	1.0	2.0	1.0	2.0	2.0	4.0	2.0
184	1.0	1.0	0.0	1.0	0.6660000000000004	5.334	1.0
185	2.0	1.0	2.0	1.0	1.6680000000000001	4.332	2.0
186	2.0	1.0	1.0	1.0	1.3330000000000002	4.667	1.0
187	1.0	2.0	1.0	2.0	1.0	2.0	1.0
188	1.0	0.0	0.0	0.0	1.0	2.0	0.0
189	2.0	0.0	0.0	0.0	0.6660000000000004	5.334	0.0
190	1.0	2.0	0.0	2.0	1.3330000000000002	4.667	1.0
191	1.0	0.0	1.0	0.0	1.0	2.0	1.0
192	2.0	4.0	1.0	3.0	2.6660000000000004	9.334	2.0
193	1.0	3.0	1.0	2.0	1.0010000000000003	4.999	1.0
194	0.0	3.0	0.0	0.0	1.3340000000000005	7.6659999999999995	0.0
195	0.0	2.0	0.0	0.0	0.6660000000000004	5.334	0.0
196	1.0	1.0	0.0	0.0	2.0	4.0	0.0
197	2.0	2.0	1.0	1.0	2.333	6.667	1.0
198	3.0	3.0	1.0	1.0	3.668	8.332	2.0
199	2.0	4.0	0.0	0.0	1.6660000000000004	10.334	0.0
200	2.0	6.0	0.0	1.0	3.3340000000000005	11.666	1.0
201	1.0	3.0	0.0	0.0	1.6660000000000004	7.334	0.0
202	1.0	2.0	1.0	0.0	3.0	6.0	1.0
203	0.0	1.0	0.0	1.0	1.0	2.0	1.0
204	2.0	7.0	1.0	1.0	4.333	10.667	1.0
205	0.0	0.0	0.0	0.0	0.0	0.0	0.0
206	1.0	2.0	0.0	1.0	0.9990000000000006	8.001	1.0
207	0.0	5.0	0.0	2.0	2.3320000000000007	12.668	2.0
208	0.0	0.0	0.0	0.0	0.0	0.0	0.0
209	2.0	2.0	0.0	1.0	1.6680000000000001	7.332	1.0
210	2.0	2.0	0.0	0.0	1.3330000000000002	4.667	0.0
211	1.0	1.0	0.0	1.0	1.3330000000000002	4.667	1.0
212	1.0	4.0	0.0	2.0	2.3320000000000007	12.668	2.0
213	2.0	2.0	1.0	0.0	1.3320000000000007	10.668	1.0
214	2.0	1.0	1.0	1.0	3.0	6.0	2.0
215	2.0	3.0	0.0	2.0	3.333	8.667	1.0
216	2.0	3.0	1.0	0.0	5.0	10.0	1.0
217	1.0	0.0	0.0	0.0	1.0	2.0	0.0
218	1.0	1.0	1.0	1.0	1.0	2.0	1.0
219	1.0	1.0	0.0	1.0	0.6660000000000004	5.334	1.0
220	2.0	0.0	0.0	0.0	0.6660000000000004	5.334	0.0
221	0.0	0.0	0.0	0.0	0.0	0.0	0.0
222	3.0	2.0	1.0	1.0	4.133	7.867	1.0
223	1.0	0.0	0.0	0.0	1.0	2.0	0.0
224	1.0	1.0	1.0	0.0	2.0	4.0	1.0
225	2.0	0.0	0.0	0.0	2.0	4.0	0.0
226	2.0	0.0	1.0	0.0	2.0	4.0	1.0
227	1.0	3.0	0.0	1.0	1.9990000000000006	10.001	1.0
228	1.0	2.0	1.0	2.0	0.3330000000000002	2.667	1.0
229	1.0	1.0	1.0	1.0	0.3330000000000002	2.667	1.0
230	2.0	2.0	1.0	1.0	0.6660000000000004	5.334	1.0
231	0.0	3.0	0.0	1.0	1.3340000000000005	7.6659999999999995	1.0
232	2.0	3.0	0.0	1.0	2.3340000000000005	9.666	1.0
233	0.0	3.0	0.0	0.0	0.6660000000000004	5.334	0.0
234	1.0	1.0	0.0	0.0	0.3330000000000002	2.667	0.0
235	2.0	2.0	1.0	0.0	3.733	8.267	1.0
236	1.0	2.0	0.0	0.0	1.0	2.0	0.0
237	1.0	1.0	0.0	0.0	0.3330000000000002	2.667	0.0
238	0.0	2.0	0.0	1.0	2.0	4.0	1.0
239	0.0	2.0	0.0	0.0	1.3330000000000002	4.667	0.0
240	0.0	2.0	0.0	0.0	0.3330000000000002	5.667	0.0
241	1.0	2.0	0.0	0.0	1.3330000000000002	4.667	0.0
242	0.0	1.0	0.0	0.0	0.3330000000000002	2.667	0.0
243	1.0	2.0	0.0	0.0	0.6660000000000004	5.334	0.0
244	1.0	3.0	0.0	0.0	0.9990000000000006	8.001	0.0
245	0.0	2.0	0.0	1.0	0.6660000000000004	5.334	1.0
246	1.0	2.0	0.0	0.0	1.6680000000000001	4.332	0.0
247	0.0	2.0	0.0	0.0	0.3330000000000002	2.667	0.0
248	1.0	2.0	0.0	0.0	0.6660000000000004	5.334	0.0
249	1.0	2.0	0.0	1.0	2.333	6.667	1.0
250	2.0	3.0	0.0	0.0	2.4	3.6	0.0
251	2.0	2.0	0.0	0.0	1.6680000000000001	4.332	0.0
252	0.0	1.0	0.0	0.0	1.0	2.0	0.0
253	1.0	1.0	0.0	0.0	0.6660000000000004	5.334	0.0
254	1.0	1.0	0.0	0.0	0.3330000000000002	2.667	0.0
255	0.0	0.0	0.0	0.0	0.0	0.0	0.0
256	0.0	1.0	0.0	0.0	0.3330000000000002	2.667	0.0
257	0.0	0.0	0.0	0.0	0.0	0.0	0.0
258	1.0	1.0	0.0	0.0	2.0	4.0	0.0
259	0.0	2.0	0.0	0.0	1.0	2.0	0.0
260	0.0	0.0	0.0	0.0	0.0	0.0	0.0
261	1.0	0.0	0.0	0.0	1.4	1.6	0.0
262	0.0	1.0	0.0	0.0	0.3330000000000002	2.667	0.0
263	2.0	2.0	0.0	0.0	1.6690000000000005	7.3309999999999995	0.0
264	0.0	3.0	0.0	0.0	1.3330000000000002	4.667	0.0
265	0.0	0.0	0.0	0.0	0.0	0.0	0.0
266	1.0	3.0	0.0	0.0	3.0	6.0	0.0
267	0.0	2.0	0.0	0.0	1.0	2.0	0.0
268	1.0	1.0	0.0	0.0	1.3330000000000002	4.667	0.0
269	0.0	1.0	0.0	0.0	0.3330000000000002	2.667	0.0
270	0.0	1.0	0.0	0.0	0.3330000000000002	2.667	0.0
271	0.0	1.0	0.0	0.0	1.0	2.0	0.0
272	0.0	2.0	0.0	0.0	1.3330000000000002	4.667	0.0
273	1.0	0.0	0.0	0.0	1.0	2.0	0.0
274	0.0	0.0	0.0	0.0	0.0	0.0	0.0
275	0.0	1.0	0.0	0.0	0.3330000000000002	2.667	0.0
276	0.0	1.0	0.0	0.0	0.6680000000000001	2.332	0.0
277	0.0	2.0	0.0	0.0	0.3330000000000002	5.667	0.0
278	0.0	2.0	0.0	0.0	1.3330000000000002	4.667	0.0
279	0.0	1.0	0.0	0.0	0.6680000000000001	2.332	0.0
280	1.0	1.0	0.0	0.0	1.0	2.0	0.0
281	1.0	1.0	0.0	0.0	1.3330000000000002	4.667	0.0
282	1.0	2.0	0.0	0.0	2.668	6.332	0.0
283	1.0	0.0	0.0	0.0	0.3330000000000002	2.667	0.0
284	1.0	0.0	0.0	0.0	1.0	2.0	0.0
285	0.0	2.0	0.0	1.0	1.0010000000000003	4.999	1.0
286	0.0	2.0	0.0	0.0	1.3330000000000002	4.667	0.0
287	0.0	2.0	0.0	0.0	1.3330000000000002	4.667	0.0
288	0.0	0.0	0.0	0.0	0.0	0.0	0.0
289	1.0	0.0	0.0	0.0	0.3330000000000002	2.667	0.0
290	0.0	2.0	0.0	0.0	1.3330000000000002	4.667	0.0
291	1.0	0.0	0.0	0.0	1.0	2.0	0.0
292	1.0	1.0	0.0	0.0	1.6680000000000001	4.332	0.0
293	0.0	3.0	0.0	0.0	1.0010000000000003	7.999	0.0
294	0.0	1.0	0.0	0.0	1.0	2.0	0.0
295	1.0	3.0	0.0	0.0	1.3320000000000007	10.668	0.0
296	0.0	0.0	0.0	0.0	0.0	0.0	0.0
297	1.0	2.0	0.0	0.0	2.0	4.0	0.0
298	0.0	1.0	0.0	0.0	1.0	2.0	0.0
299	1.0	0.0	0.0	0.0	0.3330000000000002	2.667	0.0
300	1.0	1.0	0.0	0.0	2.0	4.0	0.0
301	0.0	1.0	0.0	0.0	0.3330000000000002	2.667	0.0
302	0.0	1.0	0.0	0.0	0.3330000000000002	2.667	0.0
303	1.0	1.0	0.0	0.0	2.0	4.0	0.0
304	1.0	0.0	0.0	0.0	1.0	2.0	0.0
305	1.0	0.0	0.0	0.0	0.3330000000000002	2.667	0.0
306	1.0	2.0	0.0	0.0	1.3330000000000002	4.667	0.0
307	0.0	3.0	0.0	1.0	1.6660000000000004	7.334	1.0
308	1.0	1.0	1.0	0.0	1.0010000000000003	4.999	1.0
309	2.0	2.0	0.0	0.0	4.4	7.6	0.0
310	1.0	2.0	0.0	0.0	0.3330000000000002	2.667	0.0
311	1.0	4.0	0.0	1.0	2.3320000000000007	12.668	1.0
312	2.0	1.0	0.0	0.0	1.0010000000000003	4.999	0.0
313	2.0	1.0	0.0	0.0	0.9990000000000006	8.001	0.0
314	0.0	4.0	0.0	0.0	3.0010000000000003	8.998999999999999	0.0
315	1.0	2.0	0.0	0.0	2.333	6.667	0.0
316	1.0	5.0	0.0	0.0	2.6660000000000004	9.334	0.0
317	1.0	4.0	0.0	0.0	3.333	8.667	0.0
318	1.0	3.0	0.0	0.0	1.6660000000000004	7.334	0.0
319	2.0	1.0	0.0	0.0	2.4	3.6	0.0
320	2.0	2.0	0.0	1.0	0.9990000000000006	8.001	1.0
321	0.0	5.0	0.0	0.0	2.3320000000000007	12.668	0.0
322	3.0	5.0	1.0	2.0	5.066000000000001	12.934	2.0
323	2.0	3.0	0.0	1.0	2.333	6.667	1.0
324	2.0	2.0	0.0	1.0	2.6660000000000004	9.334	1.0
325	1.0	4.0	1.0	2.0	2.333	6.667	1.0
326	0.0	3.0	0.0	2.0	1.6680000000000001	4.332	1.0
327	1.0	2.0	0.0	0.0	2.0	4.0	0.0
328	1.0	0.0	0.0	0.0	0.3330000000000002	2.667	0.0
329	1.0	2.0	0.0	1.0	0.9990000000000006	8.001	1.0
330	2.0	4.0	1.0	3.0	0.9990000000000006	8.001	2.0
331	3.0	1.0	1.0	1.0	2.3360000000000003	6.664	1.0
332	0.0	2.0	0.0	0.0	2.0	4.0	0.0
333	0.0	3.0	0.0	2.0	1.3330000000000002	4.667	1.0
334	2.0	2.0	1.0	1.0	3.0	6.0	1.0
335	0.0	0.0	0.0	0.0	0.0	0.0	0.0
336	1.0	2.0	0.0	1.0	1.3330000000000002	4.667	1.0
337	2.0	5.0	0.0	1.0	4.001	13.998999999999999	1.0
338	1.0	3.0	0.0	1.0	3.0040000000000004	8.995999999999999	1.0
339	4.0	0.0	2.0	0.0	4.068	7.932	2.0
340	0.0	0.0	0.0	0.0	0.0	0.0	0.0
341	1.0	0.0	1.0	0.0	1.0	2.0	1.0
342	1.0	1.0	1.0	1.0	1.4	1.6	1.0
343	0.0	1.0	0.0	1.0	0.3330000000000002	2.667	1.0
344	2.0	2.0	0.0	0.0	1.3330000000000002	4.667	0.0
345	3.0	1.0	1.0	1.0	2.3360000000000003	6.664	1.0
346	2.0	0.0	1.0	0.0	0.6660000000000004	5.334	1.0
347	1.0	0.0	1.0	0.0	1.0	2.0	1.0
348	0.0	1.0	0.0	1.0	0.3330000000000002	2.667	1.0
349	1.0	2.0	1.0	2.0	1.3330000000000002	4.667	2.0
350	0.0	1.0	0.0	0.0	0.3330000000000002	2.667	0.0
351	0.0	2.0	0.0	2.0	1.0	2.0	1.0
352	0.0	5.0	0.0	1.0	1.3320000000000007	10.668	1.0
353	0.0	3.0	0.0	2.0	1.6680000000000001	4.332	1.0
354	2.0	4.0	1.0	2.0	1.3320000000000007	10.668	2.0
355	0.0	2.0	0.0	1.0	0.6660000000000004	5.334	1.0
356	2.0	4.0	1.0	1.0	3.3340000000000005	11.666	2.0
357	1.0	2.0	1.0	1.0	1.3360000000000003	4.664	1.0
358	4.0	0.0	2.0	0.0	3.468	5.532	1.0
359	2.0	1.0	0.0	1.0	2.0	7.0	1.0
360	2.0	2.0	1.0	2.0	0.9990000000000006	8.001	2.0
361	0.0	1.0	0.0	1.0	0.3330000000000002	2.667	1.0
362	1.0	1.0	1.0	0.0	2.0	4.0	1.0
363	2.0	2.0	0.0	0.0	1.6660000000000004	7.334	0.0
364	3.0	2.0	1.0	1.0	3.0010000000000003	8.998999999999999	1.0
365	1.0	3.0	0.0	1.0	1.6660000000000004	7.334	1.0
366	0.0	5.0	0.0	2.0	2.0010000000000003	6.999	1.0
367	0.0	4.0	0.0	1.0	1.0010000000000003	10.998999999999999	1.0
368	2.0	3.0	0.0	1.0	1.9990000000000006	10.001	1.0
369	3.0	5.0	1.0	3.0	4.666	13.334	2.0
370	1.0	6.0	1.0	2.0	3.000000000000001	14.999999999999998	2.0
371	0.0	6.0	0.0	3.0	4.066000000000001	10.934	2.0
372	1.0	7.0	0.0	4.0	3.9990000000000006	14.001	3.0
373	4.0	3.0	2.0	1.0	2.6660000000000004	9.334	1.0
374	3.0	7.0	2.0	1.0	7.134	16.866	3.0
375	1.0	6.0	1.0	3.0	1.9990000000000006	10.001	2.0
376	3.0	1.0	3.0	1.0	0.6660000000000004	5.334	2.0
377	2.0	2.0	2.0	0.0	2.333	6.667	1.0
378	1.0	2.0	1.0	0.0	1.6680000000000001	4.332	1.0
379	0.0	4.0	0.0	1.0	1.9990000000000006	10.001	1.0
380	0.0	1.0	0.0	0.0	1.0	2.0	0.0
381	0.0	4.0	0.0	1.0	1.9990000000000006	10.001	1.0
382	1.0	2.0	1.0	1.0	1.3330000000000002	4.667	1.0
383	0.0	5.0	0.0	1.0	2.333	6.667	1.0
384	1.0	2.0	0.0	0.0	2.0	4.0	0.0
385	1.0	1.0	0.0	0.0	0.3330000000000002	2.667	0.0
386	0.0	2.0	0.0	0.0	1.0010000000000003	4.999	0.0
387	1.0	1.0	0.0	0.0	0.3330000000000002	2.667	0.0
388	0.0	1.0	0.0	0.0	1.0	2.0	0.0
389	0.0	0.0	0.0	0.0	0.0	0.0	0.0
390	0.0	0.0	0.0	0.0	0.0	0.0	0.0
391	2.0	0.0	0.0	0.0	2.068	3.932	0.0
392	1.0	2.0	0.0	0.0	1.0	5.0	0.0
393	1.0	1.0	0.0	0.0	1.3330000000000002	4.667	0.0
394	1.0	1.0	0.0	0.0	2.0	4.0	0.0
395	0.0	2.0	0.0	0.0	2.4	3.6	0.0
396	0.0	0.0	0.0	0.0	0.0	0.0	0.0
397	1.0	2.0	0.0	0.0	2.0	4.0	0.0
398	1.0	2.0	0.0	1.0	0.6680000000000001	5.332	1.0
399	2.0	2.0	1.0	0.0	3.4	5.6	1.0
400	1.0	2.0	1.0	1.0	1.3330000000000002	4.667	1.0
401	1.0	3.0	0.0	0.0	1.3330000000000002	4.667	0.0
402	0.0	1.0	0.0	0.0	0.3330000000000002	2.667	0.0
403	1.0	1.0	0.0	0.0	2.0	4.0	0.0
404	1.0	2.0	0.0	0.0	1.0010000000000003	4.999	0.0
405	1.0	0.0	0.0	0.0	0.3330000000000002	2.667	0.0
406	1.0	1.0	0.0	0.0	1.0	2.0	0.0
407	1.0	1.0	0.0	0.0	1.0	2.0	0.0
408	1.0	0.0	0.0	0.0	0.3330000000000002	2.667	0.0
409	0.0	0.0	0.0	0.0	0.0	0.0	0.0
410	2.0	2.0	0.0	0.0	2.333	6.667	0.0
411	2.0	3.0	0.0	1.0	4.4	7.6	1.0
412	2.0	3.0	0.0	1.0	4.333	10.667	1.0
413	0.0	6.0	0.0	3.0	2.4	9.6	2.0
414	3.0	5.0	1.0	1.0	3.333	8.667	1.0
415	1.0	6.0	0.0	3.0	2.0	10.0	2.0
416	3.0	4.0	1.0	2.0	4.002000000000001	13.998000000000001	2.0
417	3.0	1.0	0.0	0.0	2.4	6.6	0.0
418	2.0	4.0	2.0	0.0	3.6660000000000004	11.334	2.0
419	1.0	2.0	1.0	1.0	2.0	4.0	1.0
420	1.0	4.0	0.0	0.0	1.3340000000000005	7.6659999999999995	0.0
421	0.0	2.0	0.0	0.0	2.0	4.0	0.0
422	1.0	1.0	0.0	0.0	2.0	4.0	0.0
423	0.0	2.0	0.0	0.0	2.4	3.6	0.0
424	1.0	3.0	0.0	0.0	1.3340000000000005	7.6659999999999995	0.0
425	1.0	2.0	0.0	0.0	1.6660000000000004	7.334	0.0
426	0.0	2.0	0.0	0.0	1.6680000000000001	4.332	0.0
427	3.0	1.0	1.0	0.0	3.668	8.332	1.0
428	3.0	3.0	1.0	0.0	1.9990000000000006	10.001	1.0
429	2.0	4.0	0.0	0.0	3.733	8.267	0.0
430	1.0	3.0	1.0	0.0	3.733	8.267	1.0
431	1.0	2.0	0.0	1.0	0.6660000000000004	5.334	1.0
432	1.0	4.0	0.0	3.0	1.9990000000000006	10.001	2.0
433	3.0	3.0	0.0	2.0	6.068	11.932	2.0
434	1.0	4.0	1.0	1.0	3.6660000000000004	11.334	2.0
435	1.0	3.0	1.0	0.0	1.3320000000000007	10.668	1.0
436	1.0	0.0	0.0	0.0	1.0	2.0	0.0
437	0.0	2.0	0.0	0.0	0.3330000000000002	2.667	0.0
438	1.0	2.0	1.0	2.0	0.3330000000000002	2.667	1.0
439	0.0	2.0	0.0	0.0	0.3330000000000002	2.667	0.0
440	1.0	0.0	1.0	0.0	0.3330000000000002	2.667	1.0
441	1.0	1.0	0.0	0.0	1.0	2.0	0.0
442	0.0	2.0	0.0	1.0	2.0	4.0	1.0
443	0.0	1.0	0.0	1.0	1.0	2.0	1.0
444	1.0	2.0	0.0	0.0	1.0	2.0	0.0
445	2.0	4.0	1.0	3.0	2.733	6.2669999999999995	2.0
446	1.0	4.0	0.0	1.0	2.6660000000000004	9.334	1.0
447	2.0	8.0	0.0	4.0	5.6690000000000005	15.331	3.0
448	4.0	6.0	2.0	6.0	4.3340000000000005	13.666	4.0
449	2.0	3.0	2.0	2.0	3.0010000000000003	8.998999999999999	3.0
450	3.0	6.0	1.0	4.0	2.6660000000000004	9.334	2.0
451	1.0	1.0	0.0	0.0	0.3330000000000002	2.667	0.0
452	1.0	2.0	1.0	2.0	1.0	2.0	1.0
453	0.0	2.0	0.0	2.0	1.0	2.0	1.0
454	2.0	2.0	1.0	2.0	2.333	6.667	2.0
455	1.0	5.0	1.0	4.0	3.668	8.332	3.0
456	0.0	4.0	0.0	3.0	4.0	8.0	3.0
457	3.0	1.0	0.0	1.0	4.068	7.932	1.0
458	2.0	2.0	2.0	2.0	2.0	4.0	2.0
459	1.0	1.0	1.0	1.0	1.3330000000000002	4.667	2.0
460	3.0	1.0	1.0	1.0	2.333	6.667	1.0
461	1.0	0.0	1.0	0.0	1.0	2.0	1.0
462	0.0	6.0	0.0	3.0	4.3340000000000005	13.665999999999999	3.0
463	3.0	2.0	3.0	0.0	2.3340000000000005	9.666	2.0
464	1.0	4.0	0.0	3.0	1.665000000000001	13.334999999999999	3.0
465	2.0	2.0	1.0	0.0	3.0	6.0	1.0
466	0.0	0.0	0.0	0.0	0.0	0.0	0.0
467	2.0	1.0	0.0	0.0	1.3330000000000002	4.667	0.0
468	1.0	3.0	0.0	3.0	2.333	6.667	2.0
469	1.0	1.0	1.0	1.0	0.6660000000000004	5.334	2.0
470	2.0	1.0	1.0	1.0	3.4	5.6	2.0
471	2.0	1.0	2.0	1.0	2.0	4.0	2.0
472	2.0	0.0	1.0	0.0	2.0	4.0	1.0
473	2.0	0.0	1.0	0.0	2.0	4.0	1.0
474	2.0	1.0	0.0	1.0	3.068	5.932	1.0
475	1.0	0.0	1.0	0.0	1.0	2.0	1.0
476	4.0	3.0	4.0	2.0	3.0010000000000003	8.998999999999999	3.0
477	1.0	0.0	1.0	0.0	0.3330000000000002	2.667	1.0
478	3.0	4.0	1.0	3.0	6.0	12.0	3.0
479	1.0	3.0	1.0	1.0	3.333	8.667	2.0
480	2.0	1.0	1.0	1.0	1.6690000000000005	7.3309999999999995	2.0
481	2.0	0.0	2.0	0.0	0.6660000000000004	5.334	2.0
482	2.0	2.0	2.0	2.0	2.0	4.0	2.0
483	2.0	2.0	1.0	1.0	2.333	6.667	1.0
484	0.0	2.0	0.0	2.0	0.0	3.0	1.0
485	2.0	0.0	2.0	0.0	2.0	4.0	2.0
486	1.0	1.0	1.0	1.0	1.0	2.0	1.0
487	3.0	4.0	3.0	2.0	3.0020000000000007	11.998	3.0
488	1.0	1.0	1.0	1.0	2.0	4.0	2.0
489	1.0	1.0	1.0	1.0	0.6660000000000004	5.334	2.0
490	3.0	1.0	2.0	0.0	4.0	8.0	2.0
491	3.0	0.0	2.0	0.0	3.0	6.0	2.0
492	0.0	1.0	0.0	1.0	0.3330000000000002	2.667	1.0
493	1.0	2.0	0.0	2.0	2.668	6.332	2.0
494	1.0	0.0	1.0	0.0	0.6680000000000001	2.332	1.0
495	1.0	0.0	1.0	0.0	1.0	2.0	1.0
496	1.0	1.0	1.0	1.0	1.0010000000000003	4.999	2.0
497	2.0	4.0	1.0	1.0	2.9990000000000006	12.001	2.0
498	3.0	1.0	1.0	1.0	2.0660000000000003	6.933999999999999	1.0
499	1.0	3.0	1.0	2.0	3.0	6.0	2.0
500	2.0	2.0	2.0	2.0	0.6660000000000004	5.334	2.0
501	1.0	5.0	0.0	3.0	5.001	12.998999999999999	3.0
502	2.0	2.0	1.0	2.0	3.3360000000000003	8.664	3.0
503	2.0	6.0	1.0	3.0	2.9990000000000006	12.001	2.0
504	2.0	0.0	1.0	0.0	0.6660000000000004	5.334	1.0
505	0.0	1.0	0.0	1.0	1.0	2.0	1.0
506	2.0	5.0	2.0	2.0	2.6660000000000004	9.334	2.0
507	1.0	1.0	0.0	1.0	1.3330000000000002	4.667	1.0
508	2.0	2.0	1.0	2.0	2.333	6.667	2.0
509	0.0	2.0	0.0	1.0	0.6660000000000004	5.334	1.0
510	0.0	1.0	0.0	1.0	0.0	3.0	1.0
511	4.0	0.0	2.0	0.0	3.668	8.332	2.0
512	1.0	2.0	0.0	1.0	2.0010000000000003	6.999	1.0
513	2.0	6.0	1.0	4.0	4.333	10.667	3.0
514	2.0	1.0	0.0	1.0	0.9990000000000006	8.001	1.0
515	2.0	1.0	1.0	0.0	2.0	4.0	1.0
516	4.0	1.0	2.0	0.0	5.0	10.0	2.0
517	1.0	0.0	0.0	0.0	1.0	2.0	0.0
518	2.0	0.0	0.0	0.0	2.0	4.0	0.0
519	3.0	0.0	1.0	0.0	0.9990000000000006	8.001	1.0
520	3.0	0.0	2.0	0.0	0.9990000000000006	8.001	2.0
521	3.0	1.0	2.0	0.0	3.3360000000000003	8.664	2.0
522	3.0	4.0	2.0	1.0	5.0	13.0	3.0
523	2.0	2.0	1.0	2.0	1.3330000000000002	4.667	1.0
524	2.0	4.0	1.0	4.0	2.0010000000000003	6.999	2.0
525	2.0	1.0	2.0	1.0	2.0	4.0	2.0
526	3.0	2.0	0.0	2.0	4.0	8.0	1.0
527	2.0	2.0	1.0	2.0	2.0	7.0	2.0
528	2.0	2.0	2.0	2.0	1.3330000000000002	4.667	2.0
529	1.0	2.0	1.0	2.0	2.0	4.0	2.0
530	0.0	1.0	0.0	1.0	0.3330000000000002	2.667	1.0
531	3.0	2.0	2.0	2.0	2.668	6.332	2.0
532	0.0	2.0	0.0	2.0	0.0	3.0	1.0
533	1.0	1.0	1.0	1.0	2.0	4.0	2.0
534	2.0	1.0	2.0	1.0	1.3330000000000002	4.667	2.0
535	1.0	1.0	1.0	1.0	1.0	2.0	1.0
536	1.0	1.0	1.0	1.0	0.3330000000000002	2.667	1.0
537	0.0	3.0	0.0	3.0	0.6660000000000004	5.334	2.0
538	1.0	2.0	1.0	1.0	1.0	5.0	1.0
539	0.0	0.0	0.0	0.0	0.0	0.0	0.0
540	2.0	1.0	1.0	1.0	2.3360000000000003	6.664	2.0
541	0.0	2.0	0.0	2.0	1.0	2.0	1.0
542	1.0	1.0	1.0	1.0	1.0	2.0	1.0
543	2.0	3.0	1.0	3.0	2.0010000000000003	6.999	2.0
544	1.0	2.0	1.0	2.0	0.3330000000000002	2.667	1.0
545	2.0	0.0	1.0	0.0	0.6660000000000004	5.334	1.0
546	2.0	2.0	1.0	1.0	2.3360000000000003	6.664	2.0
547	0.0	1.0	0.0	1.0	0.3330000000000002	2.667	1.0
548	2.0	1.0	1.0	1.0	2.0	4.0	1.0
549	2.0	0.0	1.0	0.0	2.0	4.0	1.0
550	0.0	4.0	0.0	2.0	3.333	8.667	2.0
551	2.0	1.0	1.0	1.0	2.0	4.0	1.0
552	2.0	0.0	1.0	0.0	2.0	4.0	1.0
553	0.0	3.0	0.0	1.0	0.9990000000000006	8.001	1.0
554	1.0	2.0	0.0	2.0	0.6660000000000004	5.334	1.0
555	0.0	2.0	0.0	1.0	2.4	3.6	1.0
556	1.0	2.0	0.0	2.0	1.6660000000000004	7.334	2.0
557	0.0	2.0	0.0	2.0	0.0	3.0	1.0
558	2.0	1.0	1.0	1.0	1.3330000000000002	4.667	1.0
559	1.0	1.0	1.0	1.0	1.0	2.0	1.0
560	2.0	1.0	1.0	0.0	2.333	6.667	1.0
561	0.0	2.0	0.0	2.0	1.0	2.0	1.0
562	2.0	2.0	0.0	1.0	4.0	8.0	1.0
563	2.0	1.0	1.0	1.0	3.0	6.0	2.0
564	3.0	2.0	0.0	2.0	2.3320000000000007	12.668	2.0
565	1.0	4.0	0.0	2.0	2.3360000000000003	9.664	1.0
566	0.0	0.0	0.0	0.0	0.0	0.0	0.0
567	1.0	2.0	1.0	2.0	1.0	2.0	1.0
568	1.0	1.0	0.0	1.0	1.3330000000000002	4.667	1.0
569	1.0	1.0	1.0	1.0	1.0	2.0	1.0
570	1.0	0.0	0.0	0.0	1.0	2.0	0.0
571	0.0	2.0	0.0	2.0	1.0	2.0	1.0
572	1.0	0.0	0.0	0.0	1.0	2.0	0.0
573	0.0	2.0	0.0	2.0	1.0	2.0	1.0
574	1.0	2.0	0.0	2.0	2.0	4.0	1.0
575	2.0	0.0	1.0	0.0	2.0	4.0	1.0
576	4.0	1.0	3.0	1.0	3.0690000000000004	8.931000000000001	3.0
577	1.0	0.0	1.0	0.0	1.0	2.0	1.0
578	2.0	0.0	0.0	0.0	2.068	3.932	0.0
579	2.0	2.0	1.0	0.0	1.3320000000000007	10.668	1.0
580	1.0	0.0	0.0	0.0	1.0	2.0	0.0
581	0.0	0.0	0.0	0.0	0.0	0.0	0.0
582	1.0	1.0	0.0	0.0	1.3330000000000002	4.667	0.0
583	1.0	0.0	0.0	0.0	1.0	2.0	0.0
584	1.0	0.0	0.0	0.0	0.6680000000000001	2.332	0.0
585	1.0	0.0	0.0	0.0	0.3330000000000002	2.667	0.0
586	1.0	0.0	0.0	0.0	1.0	2.0	0.0
587	0.0	0.0	0.0	0.0	0.0	0.0	0.0
588	1.0	0.0	1.0	0.0	0.3330000000000002	2.667	1.0
589	1.0	0.0	1.0	0.0	1.0	2.0	1.0
590	2.0	0.0	0.0	0.0	2.0	4.0	0.0
591	0.0	0.0	0.0	0.0	0.0	0.0	0.0
592	0.0	0.0	0.0	0.0	0.0	0.0	0.0
593	2.0	3.0	0.0	1.0	3.0660000000000003	8.934	1.0
594	0.0	2.0	0.0	1.0	1.3330000000000002	4.667	1.0
595	3.0	1.0	1.0	0.0	4.0	8.0	1.0
596	2.0	0.0	0.0	0.0	0.6680000000000001	2.332	0.0
597	1.0	2.0	0.0	0.0	0.9990000000000006	8.001	0.0
598	0.0	0.0	0.0	0.0	0.0	0.0	0.0
599	1.0	1.0	0.0	0.0	0.6680000000000001	2.332	0.0
600	0.0	0.0	0.0	0.0	0.0	0.0	0.0
601	0.0	1.0	0.0	0.0	1.0	2.0	0.0
602	1.0	0.0	0.0	0.0	1.0	2.0	0.0
603	1.0	2.0	0.0	0.0	1.3330000000000002	4.667	0.0
604	1.0	0.0	0.0	0.0	0.3330000000000002	2.667	0.0
605	0.0	0.0	0.0	0.0	0.0	0.0	0.0
606	1.0	1.0	0.0	0.0	1.0010000000000003	4.999	0.0
607	0.0	1.0	0.0	0.0	0.3330000000000002	2.667	0.0
608	2.0	3.0	2.0	0.0	4.333	10.667	2.0
609	3.0	0.0	0.0	0.0	1.6680000000000001	4.332	0.0
610	2.0	0.0	0.0	0.0	2.0	4.0	0.0
611	2.0	2.0	0.0	0.0	1.3330000000000002	4.667	0.0
612	1.0	2.0	0.0	0.0	2.0	4.0	0.0
613	1.0	4.0	1.0	2.0	2.668	6.332	1.0
614	2.0	3.0	0.0	2.0	3.0	9.0	2.0
615	1.0	4.0	1.0	0.0	3.6660000000000004	11.334	1.0
616	0.0	0.0	0.0	0.0	0.0	0.0	0.0
617	0.0	0.0	0.0	0.0	0.0	0.0	0.0
618	0.0	2.0	0.0	0.0	0.6660000000000004	5.334	0.0
619	0.0	0.0	0.0	0.0	0.0	0.0	0.0
620	1.0	4.0	0.0	1.0	0.9990000000000006	8.001	1.0
621	2.0	0.0	0.0	0.0	2.0	4.0	0.0
622	2.0	1.0	1.0	0.0	3.4	5.6	1.0
623	2.0	3.0	2.0	0.0	2.9990000000000006	12.001	2.0
624	1.0	1.0	0.0	0.0	0.6660000000000004	5.334	0.0
625	2.0	2.0	0.0	0.0	2.333	6.667	0.0
626	0.0	4.0	0.0	0.0	0.6660000000000004	5.334	0.0
627	0.0	1.0	0.0	0.0	1.0	2.0	0.0
628	0.0	1.0	0.0	1.0	1.0	2.0	1.0
629	0.0	0.0	0.0	0.0	0.0	0.0	0.0
630	3.0	0.0	0.0	0.0	3.0	6.0	0.0
631	2.0	0.0	0.0	0.0	2.068	3.932	0.0
632	0.0	3.0	0.0	0.0	0.6660000000000004	5.334	0.0
633	2.0	2.0	1.0	1.0	2.4010000000000002	6.599	1.0
634	3.0	3.0	1.0	0.0	4.333	10.667	1.0
635	1.0	3.0	1.0	1.0	1.9990000000000006	10.001	2.0
636	2.0	0.0	0.0	0.0	0.6660000000000004	5.334	0.0
637	0.0	0.0	0.0	0.0	0.0	0.0	0.0
638	1.0	0.0	0.0	0.0	0.3330000000000002	2.667	0.0
639	1.0	2.0	1.0	0.0	2.0	4.0	1.0
640	2.0	2.0	1.0	0.0	2.668	6.332	1.0
641	0.0	1.0	0.0	1.0	0.3330000000000002	2.667	1.0
642	0.0	3.0	0.0	1.0	2.0	7.0	1.0
643	0.0	1.0	0.0	0.0	0.3330000000000002	2.667	0.0
644	2.0	2.0	2.0	0.0	2.6660000000000004	9.334	2.0
645	2.0	3.0	0.0	2.0	2.9990000000000006	12.001	2.0
646	0.0	0.0	0.0	0.0	0.0	0.0	0.0
647	1.0	4.0	0.0	1.0	2.3360000000000003	6.664	1.0
648	1.0	1.0	0.0	0.0	1.3330000000000002	4.667	0.0
649	0.0	3.0	0.0	0.0	1.3330000000000002	4.667	0.0
650	2.0	0.0	0.0	0.0	2.0	4.0	0.0
651	1.0	0.0	0.0	0.0	1.0	2.0	0.0
652	0.0	0.0	0.0	0.0	0.0	0.0	0.0
653	2.0	1.0	1.0	0.0	1.6680000000000001	4.332	1.0
654	2.0	0.0	2.0	0.0	2.4	3.6	2.0
655	0.0	1.0	0.0	1.0	0.3330000000000002	2.667	1.0
656	1.0	0.0	1.0	0.0	1.0	2.0	1.0
657	1.0	0.0	0.0	0.0	1.0	2.0	0.0
658	1.0	0.0	1.0	0.0	0.3330000000000002	2.667	1.0
659	1.0	2.0	0.0	1.0	2.668	6.332	1.0
660	1.0	0.0	1.0	0.0	0.3330000000000002	2.667	1.0
661	0.0	0.0	0.0	0.0	0.0	0.0	0.0
662	3.0	1.0	0.0	1.0	4.0	8.0	1.0
663	0.0	0.0	0.0	0.0	0.0	0.0	0.0
664	1.0	0.0	1.0	0.0	0.3330000000000002	2.667	1.0
665	1.0	0.0	0.0	0.0	1.0	2.0	0.0
666	0.0	4.0	0.0	1.0	3.068	8.931999999999999	1.0
667	2.0	0.0	2.0	0.0	2.0	4.0	2.0
668	3.0	0.0	0.0	0.0	0.9990000000000006	8.001	0.0
669	2.0	2.0	0.0	1.0	1.3320000000000007	10.668	1.0
670	0.0	0.0	0.0	0.0	0.0	0.0	0.0
671	2.0	0.0	0.0	0.0	2.0	4.0	0.0
672	2.0	0.0	0.0	0.0	2.0	4.0	0.0
673	2.0	1.0	0.0	0.0	0.9990000000000006	8.001	0.0
674	1.0	0.0	0.0	0.0	0.3330000000000002	2.667	0.0
675	2.0	0.0	0.0	0.0	2.0	4.0	0.0
676	4.0	0.0	2.0	0.0	3.668	8.332	2.0
677	1.0	1.0	0.0	0.0	2.0	4.0	0.0
678	0.0	1.0	0.0	1.0	1.4	1.6	1.0
679	1.0	0.0	0.0	0.0	0.3330000000000002	2.667	0.0
680	1.0	0.0	1.0	0.0	1.4	1.6	1.0
681	1.0	3.0	0.0	1.0	4.0	8.0	1.0
682	2.0	2.0	0.0	0.0	1.3320000000000007	10.668	0.0
683	2.0	0.0	2.0	0.0	2.0	4.0	2.0
684	0.0	2.0	0.0	0.0	0.6660000000000004	5.334	0.0
685	0.0	0.0	0.0	0.0	0.0	0.0	0.0
686	2.0	0.0	0.0	0.0	0.6660000000000004	5.334	0.0
687	2.0	0.0	0.0	0.0	2.0	4.0	0.0
688	0.0	1.0	0.0	0.0	0.3330000000000002	2.667	0.0
689	1.0	0.0	0.0	0.0	1.0	2.0	0.0
690	1.0	0.0	0.0	0.0	0.6680000000000001	2.332	0.0
691	1.0	0.0	1.0	0.0	1.0	2.0	1.0
692	0.0	0.0	0.0	0.0	0.0	0.0	0.0
693	2.0	0.0	0.0	0.0	0.6660000000000004	5.334	0.0
694	0.0	0.0	0.0	0.0	0.0	0.0	0.0
695	0.0	0.0	0.0	0.0	0.0	0.0	0.0
696	0.0	0.0	0.0	0.0	0.0	0.0	0.0
697	0.0	1.0	0.0	0.0	0.3330000000000002	2.667	0.0
698	2.0	0.0	0.0	0.0	1.6680000000000001	4.332	0.0
699	1.0	1.0	0.0	0.0	1.0	2.0	0.0
700	1.0	2.0	0.0	0.0	2.0	4.0	0.0
701	2.0	2.0	0.0	0.0	1.6660000000000004	7.334	0.0
702	3.0	1.0	1.0	0.0	3.333	8.667	1.0
703	3.0	2.0	0.0	0.0	2.333	6.667	0.0
704	2.0	3.0	1.0	0.0	2.6660000000000004	9.334	1.0
705	3.0	0.0	0.0	0.0	3.0	6.0	0.0
706	1.0	0.0	0.0	0.0	0.3330000000000002	2.667	0.0
707	1.0	0.0	0.0	0.0	1.4	1.6	0.0
708	1.0	1.0	0.0	1.0	2.0	4.0	1.0
709	0.0	0.0	0.0	0.0	0.0	0.0	0.0
710	2.0	2.0	0.0	0.0	3.0	6.0	0.0
711	1.0	0.0	0.0	0.0	0.6680000000000001	2.332	0.0
712	0.0	0.0	0.0	0.0	0.0	0.0	0.0
713	2.0	1.0	1.0	0.0	1.3330000000000002	4.667	1.0
714	0.0	0.0	0.0	0.0	0.0	0.0	0.0
715	1.0	0.0	1.0	0.0	1.0	2.0	1.0
716	1.0	1.0	0.0	1.0	1.3330000000000002	4.667	1.0
717	1.0	0.0	1.0	0.0	1.0	2.0	1.0
718	0.0	0.0	0.0	0.0	0.0	0.0	0.0
719	1.0	1.0	0.0	1.0	1.3330000000000002	4.667	1.0
720	1.0	0.0	0.0	0.0	0.3330000000000002	2.667	0.0
721	2.0	0.0	1.0	0.0	2.0	4.0	1.0
722	0.0	1.0	0.0	0.0	1.0	2.0	0.0
723	1.0	0.0	0.0	0.0	1.0	2.0	0.0
724	1.0	2.0	1.0	0.0	1.3330000000000002	4.667	1.0
725	1.0	0.0	0.0	0.0	1.0	2.0	0.0
726	0.0	2.0	0.0	1.0	0.6660000000000004	5.334	1.0
727	1.0	0.0	0.0	0.0	1.0	2.0	0.0
728	1.0	0.0	1.0	0.0	1.4	1.6	1.0
729	0.0	2.0	0.0	0.0	2.4	3.6	0.0
730	3.0	0.0	0.0	0.0	3.0	6.0	0.0
731	2.0	0.0	1.0	0.0	2.0	4.0	1.0
732	3.0	0.0	2.0	0.0	3.0	6.0	2.0
733	1.0	0.0	1.0	0.0	0.3330000000000002	2.667	1.0
734	1.0	1.0	1.0	0.0	1.0	5.0	1.0
735	3.0	1.0	0.0	0.0	3.0	6.0	0.0
736	3.0	0.0	1.0	0.0	3.0	6.0	1.0
737	1.0	0.0	1.0	0.0	0.3330000000000002	2.667	1.0
738	1.0	1.0	0.0	0.0	0.6660000000000004	5.334	0.0
739	1.0	0.0	1.0	0.0	1.0	2.0	1.0
740	0.0	0.0	0.0	0.0	0.0	0.0	0.0
741	0.0	0.0	0.0	0.0	0.0	0.0	0.0
742	0.0	0.0	0.0	0.0	0.0	0.0	0.0
743	1.0	0.0	1.0	0.0	0.3330000000000002	2.667	1.0
744	1.0	1.0	0.0	0.0	1.0	2.0	0.0
745	1.0	0.0	0.0	0.0	1.0	2.0	0.0
746	1.0	3.0	1.0	1.0	0.9990000000000006	8.001	2.0
747	3.0	0.0	1.0	0.0	0.9990000000000006	8.001	1.0
748	3.0	1.0	1.0	1.0	3.333	8.667	2.0
749	0.0	3.0	0.0	0.0	1.6680000000000001	7.332	0.0
750	0.0	0.0	0.0	0.0	0.0	0.0	0.0
751	2.0	0.0	1.0	0.0	2.0	4.0	1.0
752	0.0	1.0	0.0	0.0	0.3330000000000002	2.667	0.0
753	2.0	1.0	1.0	0.0	0.9990000000000006	8.001	1.0
754	2.0	4.0	1.0	0.0	2.6660000000000004	9.334	1.0
755	4.0	2.0	0.0	1.0	4.333	10.667	1.0
756	0.0	0.0	0.0	0.0	0.0	0.0	0.0
757	1.0	0.0	0.0	0.0	1.0	2.0	0.0
758	1.0	1.0	0.0	0.0	0.6680000000000001	2.332	0.0
759	2.0	5.0	1.0	1.0	4.401	10.599	2.0
760	1.0	0.0	1.0	0.0	1.4	1.6	1.0
761	0.0	0.0	0.0	0.0	0.0	0.0	0.0
762	1.0	0.0	0.0	0.0	1.0	2.0	0.0
763	1.0	1.0	0.0	1.0	1.6680000000000001	4.332	1.0
764	2.0	0.0	0.0	0.0	2.0	4.0	0.0
765	0.0	0.0	0.0	0.0	0.0	0.0	0.0
766	1.0	0.0	0.0	0.0	1.0	2.0	0.0
767	0.0	3.0	0.0	0.0	0.6660000000000004	5.334	0.0
768	1.0	0.0	0.0	0.0	1.0	2.0	0.0
769	2.0	0.0	2.0	0.0	2.0	4.0	2.0
770	1.0	0.0	1.0	0.0	1.0	2.0	1.0
771	1.0	1.0	1.0	1.0	2.0	4.0	2.0
772	0.0	2.0	0.0	0.0	0.3330000000000002	2.667	0.0
773	3.0	1.0	0.0	1.0	3.333	8.667	1.0
774	2.0	1.0	1.0	0.0	1.6660000000000004	7.334	1.0
775	2.0	5.0	0.0	1.0	5.0	10.0	1.0
776	0.0	4.0	0.0	0.0	1.3330000000000002	7.667	0.0
777	1.0	0.0	0.0	0.0	0.3330000000000002	2.667	0.0
778	3.0	1.0	1.0	1.0	2.333	6.667	1.0
779	1.0	0.0	1.0	0.0	0.3330000000000002	2.667	1.0
780	1.0	1.0	0.0	1.0	2.0	4.0	1.0
781	2.0	3.0	0.0	1.0	5.4	9.6	1.0
782	1.0	0.0	0.0	0.0	1.0	2.0	0.0
783	4.0	0.0	0.0	0.0	4.0	8.0	0.0
784	2.0	0.0	1.0	0.0	1.6680000000000001	4.332	1.0
785	1.0	1.0	0.0	0.0	0.3330000000000002	2.667	0.0
786	0.0	0.0	0.0	0.0	0.0	0.0	0.0
787	0.0	1.0	0.0	0.0	0.3330000000000002	2.667	0.0
788	1.0	0.0	0.0	0.0	1.0	2.0	0.0
789	1.0	0.0	1.0	0.0	0.3330000000000002	2.667	1.0
790	3.0	3.0	0.0	0.0	4.668	10.332	0.0
791	2.0	0.0	1.0	0.0	2.0	4.0	1.0
792	3.0	2.0	0.0	0.0	2.6660000000000004	9.334	0.0
793	0.0	1.0	0.0	1.0	1.0	2.0	1.0
794	3.0	0.0	0.0	0.0	1.6680000000000001	4.332	0.0
795	1.0	0.0	1.0	0.0	0.3330000000000002	2.667	1.0
796	3.0	3.0	1.0	1.0	4.333	10.667	1.0
797	2.0	3.0	0.0	1.0	2.0010000000000003	6.999	1.0
798	1.0	3.0	0.0	0.0	1.6660000000000004	7.334	0.0
799	1.0	1.0	0.0	0.0	1.0	2.0	0.0
800	1.0	0.0	0.0	0.0	1.0	2.0	0.0
801	0.0	1.0	0.0	1.0	0.3330000000000002	2.667	1.0
802	0.0	0.0	0.0	0.0	0.0	0.0	0.0
803	1.0	0.0	0.0	0.0	1.0	2.0	0.0
804	2.0	1.0	0.0	0.0	3.0	6.0	0.0
805	1.0	0.0	1.0	0.0	1.0	2.0	1.0
806	0.0	1.0	0.0	1.0	1.0	2.0	1.0
807	1.0	2.0	0.0	0.0	0.6660000000000004	5.334	0.0
808	0.0	1.0	0.0	0.0	1.0	2.0	0.0
809	2.0	3.0	1.0	1.0	2.3320000000000007	12.668	2.0
810	3.0	0.0	1.0	0.0	3.0	6.0	1.0
811	1.0	0.0	0.0	0.0	0.3330000000000002	2.667	0.0
812	2.0	0.0	1.0	0.0	1.3360000000000003	4.664	1.0
813	1.0	0.0	0.0	0.0	1.0	2.0	0.0
814	1.0	0.0	0.0	0.0	0.3330000000000002	2.667	0.0
815	1.0	0.0	0.0	0.0	1.0	2.0	0.0
816	2.0	0.0	2.0	0.0	2.0	4.0	2.0
817	1.0	2.0	1.0	0.0	2.0	4.0	1.0
818	4.0	0.0	1.0	0.0	4.468	7.532	1.0
819	3.0	0.0	1.0	0.0	3.0	6.0	1.0
820	2.0	1.0	0.0	0.0	2.668	6.332	0.0
821	3.0	0.0	1.0	0.0	3.0	6.0	1.0
822	1.0	0.0	0.0	0.0	1.0	2.0	0.0
823	3.0	0.0	0.0	0.0	3.0	6.0	0.0
824	1.0	0.0	0.0	0.0	0.3330000000000002	2.667	0.0
825	1.0	3.0	0.0	1.0	3.668	8.332	1.0
826	2.0	0.0	0.0	0.0	2.0	4.0	0.0
827	0.0	0.0	0.0	0.0	0.0	0.0	0.0
828	0.0	0.0	0.0	0.0	0.0	0.0	0.0
829	1.0	1.0	0.0	0.0	1.3330000000000002	4.667	0.0
830	1.0	0.0	0.0	0.0	0.6680000000000001	2.332	0.0
831	1.0	4.0	1.0	1.0	2.0040000000000004	9.995999999999999	1.0
832	3.0	2.0	1.0	1.0	2.333	6.667	1.0
833	2.0	1.0	0.0	1.0	2.0010000000000003	6.999	1.0
834	2.0	3.0	1.0	1.0	1.9990000000000006	10.001	2.0
835	3.0	4.0	0.0	1.0	5.0	10.0	1.0
836	3.0	4.0	1.0	0.0	4.333	10.667	1.0
837	3.0	4.0	0.0	1.0	5.0	10.0	1.0
838	2.0	2.0	0.0	0.0	1.3330000000000002	4.667	0.0
839	0.0	5.0	0.0	1.0	3.333	11.667	1.0
840	0.0	3.0	0.0	2.0	2.333	6.667	2.0
841	0.0	6.0	0.0	2.0	4.333	10.667	2.0
842	2.0	2.0	0.0	1.0	3.333	8.667	1.0
843	1.0	5.0	0.0	4.0	1.665000000000001	13.334999999999999	3.0
844	1.0	2.0	0.0	0.0	0.6660000000000004	5.334	0.0
845	2.0	3.0	1.0	0.0	3.0010000000000003	8.998999999999999	1.0
846	2.0	4.0	0.0	0.0	1.3330000000000002	7.667	0.0
847	2.0	4.0	1.0	2.0	3.333	8.667	1.0
848	1.0	4.0	1.0	1.0	2.333	9.667	1.0
849	0.0	2.0	0.0	0.0	1.0	2.0	0.0
850	0.0	1.0	0.0	0.0	0.3330000000000002	2.667	0.0
851	0.0	0.0	0.0	0.0	0.0	0.0	0.0
852	0.0	1.0	0.0	0.0	1.0	2.0	0.0
853	1.0	0.0	0.0	0.0	1.0	2.0	0.0
854	1.0	2.0	0.0	0.0	1.3330000000000002	4.667	0.0
855	2.0	5.0	0.0	0.0	1.6660000000000004	7.334	0.0
856	3.0	3.0	0.0	1.0	5.0	10.0	1.0
857	0.0	6.0	0.0	3.0	3.6660000000000004	11.334	2.0
858	0.0	4.0	0.0	2.0	2.333	6.667	1.0
859	1.0	3.0	1.0	0.0	3.0	6.0	1.0
860	1.0	4.0	0.0	1.0	2.9990000000000006	12.001	1.0
861	0.0	3.0	0.0	1.0	1.6660000000000004	7.334	1.0
862	2.0	6.0	1.0	1.0	2.6670000000000007	12.332999999999998	1.0
863	2.0	3.0	1.0	0.0	4.333	10.667	1.0
864	0.0	4.0	0.0	2.0	1.9990000000000006	10.001	2.0
865	0.0	1.0	0.0	1.0	0.3330000000000002	2.667	1.0
866	2.0	0.0	0.0	0.0	0.6660000000000004	5.334	0.0
867	1.0	1.0	1.0	1.0	0.3330000000000002	2.667	1.0
868	3.0	3.0	0.0	2.0	5.333	12.667	2.0
869	3.0	1.0	1.0	1.0	3.0	6.0	1.0
870	2.0	3.0	0.0	2.0	3.0010000000000003	8.998999999999999	1.0
871	2.0	4.0	2.0	1.0	3.668	8.332	2.0
872	0.0	4.0	0.0	1.0	2.6660000000000004	9.334	1.0
873	0.0	0.0	0.0	0.0	0.0	0.0	0.0
874	0.0	0.0	0.0	0.0	0.0	0.0	0.0
875	0.0	0.0	0.0	0.0	0.0	0.0	0.0
876	0.0	0.0	0.0	0.0	0.0	0.0	0.0
877	0.0	0.0	0.0	0.0	0.0	0.0	0.0
878	0.0	0.0	0.0	0.0	0.0	0.0	0.0
879	0.0	0.0	0.0	0.0	0.0	0.0	0.0
880	0.0	0.0	0.0	0.0	0.0	0.0	0.0
881	0.0	0.0	0.0	0.0	0.0	0.0	0.0
882	0.0	0.0	0.0	0.0	0.0	0.0	0.0
883	0.0	0.0	0.0	0.0	0.0	0.0	0.0
884	0.0	0.0	0.0	0.0	0.0	0.0	0.0
885	0.0	0.0	0.0	0.0	0.0	0.0	0.0
886	0.0	0.0	0.0	0.0	0.0	0.0	0.0
887	0.0	0.0	0.0	0.0	0.0	0.0	0.0
888	0.0	0.0	0.0	0.0	0.0	0.0	0.0
889	0.0	0.0	0.0	0.0	0.0	0.0	0.0
890	0.0	0.0	0.0	0.0	0.0	0.0	0.0
891	0.0	0.0	0.0	0.0	0.0	0.0	0.0
892	0.0	0.0	0.0	0.0	0.0	0.0	0.0
