all_syn	all_nonSyn	tip_syn	tip_nonSyn	S	N	comparisons
001	0.0	0.0	0.0	0.0	0.0	0.0	0.0
002	1.0	5.0	0.0	3.0	2.3320000000000007	12.668	2.0
003	3.0	3.0	1.0	2.0	2.333	6.667	1.0
004	1.0	5.0	0.0	3.0	3.9990000000000006	14.001	3.0
005	0.0	0.0	0.0	0.0	0.0	0.0	0.0
006	1.0	2.0	1.0	2.0	1.0	2.0	1.0
007	1.0	0.0	0.0	0.0	1.0	2.0	0.0
008	2.0	0.0	2.0	0.0	2.0	4.0	2.0
009	0.0	0.0	0.0	0.0	0.0	0.0	0.0
010	1.0	0.0	0.0	0.0	0.6680000000000001	2.332	0.0
011	2.0	1.0	2.0	1.0	3.0	6.0	3.0
012	1.0	0.0	0.0	0.0	1.0	2.0	0.0
013	0.0	0.0	0.0	0.0	0.0	0.0	0.0
014	1.0	0.0	1.0	0.0	1.0	2.0	1.0
015	2.0	0.0	1.0	0.0	2.0	4.0	1.0
016	2.0	3.0	1.0	1.0	4.333	10.667	2.0
017	3.0	2.0	1.0	2.0	4.0	8.0	2.0
018	4.0	0.0	2.0	0.0	2.3360000000000003	6.664	2.0
019	0.0	0.0	0.0	0.0	0.0	0.0	0.0
020	2.0	0.0	1.0	0.0	2.0	4.0	1.0
021	1.0	1.0	1.0	0.0	2.0	4.0	1.0
022	2.0	0.0	2.0	0.0	0.6660000000000004	5.334	2.0
023	2.0	0.0	1.0	0.0	2.0	4.0	1.0
024	2.0	0.0	0.0	0.0	2.0	4.0	0.0
025	0.0	3.0	0.0	2.0	0.9990000000000006	8.001	2.0
026	1.0	2.0	0.0	1.0	1.6680000000000001	4.332	1.0
027	0.0	0.0	0.0	0.0	0.0	0.0	0.0
028	1.0	1.0	1.0	1.0	0.6680000000000001	2.332	1.0
029	0.0	4.0	0.0	2.0	1.9990000000000006	10.001	2.0
030	0.0	4.0	0.0	3.0	4.0	8.0	3.0
031	0.0	0.0	0.0	0.0	0.0	0.0	0.0
032	1.0	3.0	1.0	1.0	3.333	8.667	2.0
033	1.0	4.0	1.0	2.0	1.9990000000000006	10.001	2.0
034	1.0	0.0	0.0	0.0	0.3330000000000002	2.667	0.0
035	0.0	0.0	0.0	0.0	0.0	0.0	0.0
036	0.0	1.0	0.0	1.0	1.0	2.0	1.0
037	0.0	3.0	0.0	2.0	1.6660000000000004	7.334	2.0
038	0.0	3.0	0.0	2.0	1.3330000000000002	4.667	1.0
039	0.0	6.0	0.0	3.0	2.9990000000000006	12.001	2.0
040	1.0	1.0	1.0	1.0	1.6680000000000001	4.332	2.0
041	0.0	2.0	0.0	2.0	0.6660000000000004	5.334	2.0
042	4.0	0.0	2.0	0.0	4.468	7.532	2.0
043	2.0	2.0	1.0	1.0	4.0	8.0	2.0
044	2.0	3.0	1.0	2.0	3.333	8.667	2.0
045	1.0	0.0	0.0	0.0	1.0	2.0	0.0
046	2.0	1.0	1.0	1.0	0.9990000000000006	8.001	2.0
047	1.0	0.0	0.0	0.0	1.0	2.0	0.0
048	1.0	0.0	1.0	0.0	1.0	2.0	1.0
049	1.0	4.0	0.0	3.0	2.9990000000000006	12.001	3.0
050	0.0	0.0	0.0	0.0	0.0	0.0	0.0
051	1.0	1.0	0.0	0.0	0.6660000000000004	5.334	0.0
052	3.0	0.0	1.0	0.0	3.4	5.6	1.0
053	1.0	0.0	0.0	0.0	1.0	2.0	0.0
054	0.0	2.0	0.0	2.0	1.3360000000000003	4.664	2.0
055	2.0	2.0	2.0	1.0	0.9990000000000006	8.001	2.0
056	1.0	0.0	1.0	0.0	0.3330000000000002	2.667	1.0
057	1.0	0.0	1.0	0.0	0.3330000000000002	2.667	1.0
058	1.0	6.0	0.0	4.0	3.6660000000000004	11.334	3.0
059	1.0	3.0	1.0	2.0	3.3360000000000003	8.664	3.0
060	2.0	2.0	2.0	1.0	3.668	8.332	3.0
061	1.0	0.0	1.0	0.0	1.0	2.0	1.0
062	1.0	0.0	0.0	0.0	1.0	2.0	0.0
063	0.0	0.0	0.0	0.0	0.0	0.0	0.0
064	2.0	0.0	1.0	0.0	2.0	4.0	1.0
065	3.0	0.0	2.0	0.0	3.0	6.0	2.0
066	3.0	0.0	2.0	0.0	3.0	6.0	2.0
067	3.0	2.0	2.0	2.0	4.801	10.199	4.0
068	2.0	1.0	2.0	0.0	3.0	6.0	2.0
069	5.0	3.0	4.0	2.0	2.665000000000001	15.334999999999999	4.0
070	1.0	0.0	0.0	0.0	0.3330000000000002	2.667	0.0
071	1.0	4.0	1.0	2.0	2.6660000000000004	9.334	2.0
072	1.0	0.0	1.0	0.0	0.3330000000000002	2.667	1.0
073	1.0	3.0	1.0	2.0	2.6660000000000004	9.334	3.0
074	0.0	0.0	0.0	0.0	0.0	0.0	0.0
075	0.0	2.0	0.0	2.0	1.0	2.0	1.0
076	2.0	3.0	1.0	0.0	2.0010000000000003	6.999	1.0
077	0.0	0.0	0.0	0.0	0.0	0.0	0.0
078	0.0	0.0	0.0	0.0	0.0	0.0	0.0
079	1.0	0.0	1.0	0.0	0.3330000000000002	2.667	1.0
080	1.0	3.0	1.0	2.0	1.6660000000000004	7.334	2.0
081	1.0	0.0	0.0	0.0	0.3330000000000002	2.667	0.0
082	1.0	0.0	1.0	0.0	0.6680000000000001	2.332	1.0
083	1.0	2.0	1.0	2.0	1.3330000000000002	4.667	2.0
084	2.0	1.0	2.0	1.0	1.0	2.0	1.0
085	0.0	1.0	0.0	0.0	0.3330000000000002	2.667	0.0
086	1.0	0.0	1.0	0.0	0.3330000000000002	2.667	1.0
087	2.0	1.0	1.0	0.0	3.0	6.0	1.0
088	0.0	0.0	0.0	0.0	0.0	0.0	0.0
089	2.0	1.0	2.0	1.0	1.6680000000000001	4.332	2.0
090	1.0	1.0	1.0	1.0	1.6680000000000001	4.332	2.0
091	1.0	0.0	0.0	0.0	1.0	2.0	0.0
092	3.0	1.0	2.0	0.0	2.668	6.332	2.0
093	3.0	0.0	2.0	0.0	3.0	6.0	2.0
094	2.0	0.0	2.0	0.0	0.6660000000000004	5.334	2.0
095	0.0	0.0	0.0	0.0	0.0	0.0	0.0
096	0.0	0.0	0.0	0.0	0.0	0.0	0.0
097	1.0	4.0	1.0	4.0	1.0	5.0	2.0
098	2.0	0.0	2.0	0.0	2.0	4.0	2.0
099	1.0	2.0	1.0	1.0	1.0	5.0	1.0
100	2.0	0.0	1.0	0.0	2.0	4.0	1.0
101	2.0	0.0	1.0	0.0	2.0	4.0	1.0
102	2.0	2.0	1.0	2.0	3.333	8.667	3.0
103	2.0	0.0	1.0	0.0	2.0	4.0	1.0
104	1.0	0.0	1.0	0.0	0.3330000000000002	2.667	1.0
105	1.0	0.0	0.0	0.0	0.3330000000000002	2.667	0.0
106	1.0	0.0	1.0	0.0	1.0	2.0	1.0
107	0.0	0.0	0.0	0.0	0.0	0.0	0.0
108	0.0	0.0	0.0	0.0	0.0	0.0	0.0
109	0.0	0.0	0.0	0.0	0.0	0.0	0.0
110	1.0	0.0	1.0	0.0	1.0	2.0	1.0
111	0.0	0.0	0.0	0.0	0.0	0.0	0.0
112	0.0	0.0	0.0	0.0	0.0	0.0	0.0
113	1.0	0.0	0.0	0.0	0.3330000000000002	2.667	0.0
114	0.0	0.0	0.0	0.0	0.0	0.0	0.0
115	1.0	3.0	1.0	3.0	2.668	6.332	3.0
116	0.0	0.0	0.0	0.0	0.0	0.0	0.0
117	1.0	0.0	1.0	0.0	0.3330000000000002	2.667	1.0
118	2.0	0.0	1.0	0.0	2.0	4.0	1.0
119	2.0	2.0	1.0	0.0	3.0	6.0	1.0
120	2.0	0.0	2.0	0.0	2.0	4.0	2.0
121	1.0	2.0	1.0	1.0	2.3360000000000003	6.664	2.0
122	3.0	0.0	2.0	0.0	3.0	6.0	2.0
123	0.0	1.0	0.0	1.0	1.0	2.0	1.0
124	1.0	0.0	0.0	0.0	0.3330000000000002	2.667	0.0
125	1.0	0.0	1.0	0.0	1.0	2.0	1.0
126	1.0	0.0	0.0	0.0	0.6680000000000001	2.332	0.0
127	0.0	4.0	0.0	1.0	1.0010000000000003	7.999	1.0
128	0.0	0.0	0.0	0.0	0.0	0.0	0.0
129	0.0	0.0	0.0	0.0	0.0	0.0	0.0
130	2.0	2.0	2.0	2.0	1.3330000000000002	4.667	2.0
131	1.0	2.0	1.0	0.0	2.0	4.0	1.0
132	2.0	0.0	2.0	0.0	2.0	4.0	2.0
133	1.0	0.0	0.0	0.0	1.0	2.0	0.0
134	1.0	4.0	1.0	3.0	2.6660000000000004	9.334	3.0
135	0.0	0.0	0.0	0.0	0.0	0.0	0.0
136	1.0	1.0	1.0	0.0	2.0	4.0	1.0
137	0.0	4.0	0.0	3.0	1.9990000000000006	10.001	3.0
138	1.0	2.0	0.0	0.0	1.0	2.0	0.0
139	0.0	0.0	0.0	0.0	0.0	0.0	0.0
140	2.0	0.0	2.0	0.0	0.6680000000000001	2.332	1.0
141	0.0	0.0	0.0	0.0	0.0	0.0	0.0
142	1.0	0.0	1.0	0.0	1.0	2.0	1.0
143	0.0	0.0	0.0	0.0	0.0	0.0	0.0
144	1.0	0.0	1.0	0.0	0.3330000000000002	2.667	1.0
145	1.0	0.0	1.0	0.0	1.4	1.6	1.0
146	1.0	0.0	1.0	0.0	1.0	2.0	1.0
147	2.0	0.0	1.0	0.0	2.0	4.0	1.0
148	2.0	0.0	2.0	0.0	2.0	4.0	2.0
149	1.0	1.0	0.0	0.0	1.0	2.0	0.0
150	3.0	0.0	1.0	0.0	3.0	6.0	1.0
151	2.0	0.0	0.0	0.0	2.0	4.0	0.0
152	4.0	0.0	1.0	0.0	4.0	8.0	1.0
153	2.0	0.0	1.0	0.0	2.0	4.0	1.0
154	1.0	0.0	0.0	0.0	1.0	2.0	0.0
155	3.0	4.0	2.0	3.0	5.333	12.667	4.0
156	2.0	0.0	1.0	0.0	0.6660000000000004	5.334	1.0
157	2.0	1.0	0.0	0.0	3.0	6.0	0.0
158	1.0	0.0	1.0	0.0	1.0	2.0	1.0
159	2.0	0.0	1.0	0.0	2.0	4.0	1.0
160	0.0	0.0	0.0	0.0	0.0	0.0	0.0
161	1.0	1.0	1.0	1.0	2.0	4.0	2.0
162	3.0	0.0	2.0	0.0	3.0	6.0	2.0
163	2.0	0.0	1.0	0.0	2.0	4.0	1.0
164	1.0	0.0	1.0	0.0	0.3330000000000002	2.667	1.0
165	2.0	0.0	2.0	0.0	1.3360000000000003	4.664	2.0
166	0.0	2.0	0.0	0.0	2.0	4.0	0.0
167	3.0	0.0	2.0	0.0	3.0	6.0	2.0
168	0.0	0.0	0.0	0.0	0.0	0.0	0.0
169	0.0	5.0	0.0	4.0	3.0040000000000004	8.995999999999999	3.0
170	2.0	0.0	0.0	0.0	2.0	4.0	0.0
171	0.0	2.0	0.0	2.0	0.3330000000000002	2.667	1.0
172	2.0	0.0	2.0	0.0	2.0	4.0	2.0
173	1.0	1.0	1.0	1.0	0.6660000000000004	5.334	2.0
174	3.0	1.0	3.0	1.0	3.0040000000000004	8.995999999999999	4.0
175	2.0	0.0	1.0	0.0	2.0	4.0	1.0
176	0.0	2.0	0.0	1.0	0.6660000000000004	5.334	1.0
177	1.0	1.0	0.0	1.0	0.6660000000000004	5.334	1.0
178	1.0	0.0	1.0	0.0	1.0	2.0	1.0
179	1.0	0.0	0.0	0.0	1.0	2.0	0.0
180	0.0	1.0	0.0	1.0	0.3330000000000002	2.667	1.0
181	3.0	4.0	1.0	2.0	1.9990000000000006	10.001	2.0
182	0.0	0.0	0.0	0.0	0.0	0.0	0.0
183	1.0	1.0	0.0	1.0	0.6660000000000004	5.334	1.0
184	2.0	1.0	1.0	1.0	2.0	4.0	1.0
185	0.0	2.0	0.0	2.0	0.6660000000000004	5.334	2.0
186	0.0	0.0	0.0	0.0	0.0	0.0	0.0
187	2.0	2.0	2.0	1.0	3.0	6.0	2.0
188	1.0	3.0	1.0	2.0	2.333	6.667	2.0
189	1.0	2.0	0.0	0.0	0.3330000000000002	2.667	0.0
190	2.0	1.0	1.0	1.0	2.3360000000000003	6.664	2.0
191	3.0	1.0	2.0	1.0	3.3360000000000003	8.664	3.0
192	0.0	0.0	0.0	0.0	0.0	0.0	0.0
193	2.0	0.0	1.0	0.0	2.0	4.0	1.0
194	1.0	0.0	0.0	0.0	0.3330000000000002	2.667	0.0
195	1.0	2.0	0.0	1.0	3.0	6.0	1.0
196	0.0	0.0	0.0	0.0	0.0	0.0	0.0
197	2.0	0.0	1.0	0.0	2.4	3.6	1.0
198	0.0	1.0	0.0	1.0	0.6680000000000001	2.332	1.0
199	2.0	2.0	1.0	2.0	1.6660000000000004	7.334	2.0
200	2.0	0.0	2.0	0.0	2.4	3.6	2.0
201	3.0	0.0	2.0	0.0	1.6680000000000001	4.332	1.0
202	0.0	4.0	0.0	3.0	0.9990000000000006	8.001	2.0
203	1.0	3.0	1.0	0.0	3.0660000000000003	8.934	1.0
204	1.0	0.0	0.0	0.0	1.0	2.0	0.0
205	2.0	0.0	1.0	0.0	2.0	4.0	1.0
206	1.0	4.0	0.0	3.0	3.668	8.332	2.0
207	2.0	3.0	2.0	2.0	4.0	8.0	3.0
208	1.0	4.0	1.0	4.0	1.9990000000000006	10.001	4.0
209	2.0	3.0	1.0	3.0	5.0	10.0	4.0
210	1.0	4.0	0.0	1.0	0.9990000000000006	8.001	1.0
211	1.0	6.0	0.0	4.0	4.9990000000000006	16.000999999999998	4.0
212	1.0	5.0	0.0	1.0	1.9990000000000006	10.001	1.0
213	0.0	1.0	0.0	1.0	0.3330000000000002	2.667	1.0
214	0.0	0.0	0.0	0.0	0.0	0.0	0.0
215	0.0	0.0	0.0	0.0	0.0	0.0	0.0
