pos	Sd	Nd	Sd_tip	Nd_tip	S	N	comparisons
001	0.0	0.0	0.0	0.0	0.0	0.0	0.0
002	0.0	0.0	0.0	0.0	0.0	0.0	0.0
003	0.0	0.0	0.0	0.0	0.0	0.0	0.0
004	0.0	0.0	0.0	0.0	0.0	0.0	0.0
005	1.0	0.0	1.0	0.0	1.0	2.0	1.0
006	1.0	0.0	0.0	0.0	1.0	2.0	0.0
007	1.0	1.0	0.0	0.0	1.3330000000000002	4.667	0.0
008	1.0	1.0	0.0	0.0	1.0	2.0	0.0
009	0.0	2.0	0.0	0.0	1.0	2.0	0.0
010	1.0	1.0	0.0	1.0	2.0	4.0	1.0
011	1.0	1.0	0.0	0.0	1.0	2.0	0.0
012	0.0	0.0	0.0	0.0	0.0	0.0	0.0
013	0.0	0.0	0.0	0.0	0.0	0.0	0.0
014	1.0	0.0	0.0	0.0	0.3330000000000002	2.667	0.0
015	0.0	1.0	0.0	0.0	1.0	2.0	0.0
016	1.0	0.0	0.0	0.0	1.0	2.0	0.0
017	0.0	1.0	0.0	0.0	1.0	2.0	0.0
018	0.0	0.0	0.0	0.0	0.0	0.0	0.0
019	2.0	0.0	1.0	0.0	2.0	4.0	1.0
020	0.0	1.0	0.0	0.0	1.0	2.0	0.0
021	0.0	0.0	0.0	0.0	0.0	0.0	0.0
022	1.0	2.0	0.0	0.0	1.0	2.0	0.0
023	1.0	0.0	0.0	0.0	1.0	2.0	0.0
024	1.0	2.0	0.0	0.0	1.0	2.0	0.0
025	1.0	2.0	0.0	1.0	2.333	6.667	1.0
026	1.0	0.0	0.0	0.0	1.0	2.0	0.0
027	0.0	0.0	0.0	0.0	0.0	0.0	0.0
028	0.0	0.0	0.0	0.0	0.0	0.0	0.0
029	2.0	0.0	1.0	0.0	2.0	4.0	1.0
030	1.0	1.0	0.0	1.0	1.3330000000000002	4.667	1.0
031	0.0	1.0	0.0	0.0	0.6680000000000001	2.332	0.0
032	1.0	0.0	0.0	0.0	1.0	2.0	0.0
033	0.0	0.0	0.0	0.0	0.0	0.0	0.0
034	2.0	0.0	1.0	0.0	2.0	4.0	1.0
035	0.0	0.0	0.0	0.0	0.0	0.0	0.0
036	1.0	2.0	1.0	0.0	2.668	6.332	1.0
037	1.0	0.0	0.0	0.0	1.4	1.6	0.0
038	1.0	0.0	0.0	0.0	1.0	2.0	0.0
039	0.0	0.0	0.0	0.0	0.0	0.0	0.0
040	0.0	1.0	0.0	0.0	0.3330000000000002	2.667	0.0
041	0.0	0.0	0.0	0.0	0.0	0.0	0.0
042	0.0	1.0	0.0	0.0	1.0	2.0	0.0
043	1.0	0.0	0.0	0.0	1.0	2.0	0.0
044	0.0	0.0	0.0	0.0	0.0	0.0	0.0
045	1.0	2.0	0.0	0.0	0.6660000000000004	5.334	0.0
046	0.0	2.0	0.0	0.0	1.0	2.0	0.0
047	0.0	0.0	0.0	0.0	0.0	0.0	0.0
048	1.0	1.0	0.0	0.0	0.3330000000000002	2.667	0.0
049	1.0	0.0	1.0	0.0	1.0	2.0	1.0
050	1.0	1.0	0.0	0.0	1.0	2.0	0.0
051	1.0	0.0	0.0	0.0	1.0	2.0	0.0
052	0.0	1.0	0.0	1.0	0.3330000000000002	2.667	1.0
053	0.0	0.0	0.0	0.0	0.0	0.0	0.0
054	1.0	0.0	1.0	0.0	0.3330000000000002	2.667	1.0
055	0.0	1.0	0.0	0.0	1.0	2.0	0.0
056	0.0	0.0	0.0	0.0	0.0	0.0	0.0
057	0.0	0.0	0.0	0.0	0.0	0.0	0.0
058	0.0	0.0	0.0	0.0	0.0	0.0	0.0
059	0.0	0.0	0.0	0.0	0.0	0.0	0.0
060	0.0	0.0	0.0	0.0	0.0	0.0	0.0
061	0.0	0.0	0.0	0.0	0.0	0.0	0.0
062	2.0	2.0	1.0	0.0	1.3330000000000002	4.667	1.0
063	1.0	1.0	0.0	0.0	1.0	2.0	0.0
064	2.0	1.0	0.0	0.0	3.0	6.0	0.0
065	0.0	3.0	0.0	0.0	2.0	4.0	0.0
066	2.0	1.0	0.0	0.0	2.0	4.0	0.0
067	2.0	0.0	1.0	0.0	2.0	4.0	1.0
068	2.0	1.0	0.0	0.0	3.0	6.0	0.0
069	1.0	1.0	0.0	0.0	1.0	2.0	0.0
070	0.0	1.0	0.0	0.0	1.0	2.0	0.0
071	1.0	0.0	0.0	0.0	0.3330000000000002	2.667	0.0
072	0.0	1.0	0.0	0.0	1.0	2.0	0.0
073	0.0	0.0	0.0	0.0	0.0	0.0	0.0
074	1.0	0.0	0.0	0.0	1.0	2.0	0.0
075	1.0	1.0	1.0	1.0	0.3330000000000002	2.667	1.0
076	1.0	0.0	0.0	0.0	1.0	2.0	0.0
077	0.0	0.0	0.0	0.0	0.0	0.0	0.0
078	0.0	1.0	0.0	0.0	1.0	2.0	0.0
079	2.0	0.0	1.0	0.0	2.0	4.0	1.0
080	0.0	0.0	0.0	0.0	0.0	0.0	0.0
081	0.0	3.0	0.0	1.0	1.6660000000000004	7.334	1.0
082	0.0	1.0	0.0	0.0	1.0	2.0	0.0
083	0.0	1.0	0.0	0.0	1.0	2.0	0.0
084	2.0	1.0	0.0	0.0	2.0	4.0	0.0
085	0.0	1.0	0.0	0.0	1.0	2.0	0.0
086	0.0	0.0	0.0	0.0	0.0	0.0	0.0
087	0.0	0.0	0.0	0.0	0.0	0.0	0.0
088	0.0	3.0	0.0	0.0	0.6660000000000004	5.334	0.0
089	1.0	1.0	0.0	1.0	1.0	5.0	1.0
090	0.0	1.0	0.0	1.0	0.3330000000000002	2.667	1.0
091	1.0	2.0	0.0	0.0	1.0	2.0	0.0
092	1.0	2.0	0.0	1.0	0.9990000000000006	8.001	1.0
093	2.0	1.0	0.0	1.0	2.668	6.332	1.0
094	1.0	1.0	1.0	1.0	1.0	2.0	1.0
095	1.0	2.0	0.0	1.0	2.0	4.0	1.0
096	0.0	1.0	0.0	1.0	0.3330000000000002	2.667	1.0
097	0.0	4.0	0.0	2.0	1.6660000000000004	7.334	1.0
098	1.0	0.0	1.0	0.0	0.3330000000000002	2.667	1.0
099	2.0	0.0	2.0	0.0	2.0	4.0	2.0
100	1.0	1.0	0.0	1.0	0.6660000000000004	5.334	1.0
101	2.0	1.0	1.0	1.0	1.3330000000000002	4.667	1.0
102	1.0	0.0	1.0	0.0	1.0	2.0	1.0
103	2.0	0.0	0.0	0.0	2.0	4.0	0.0
104	0.0	0.0	0.0	0.0	0.0	0.0	0.0
105	2.0	0.0	1.0	0.0	2.0	4.0	1.0
106	2.0	0.0	0.0	0.0	2.4	3.6	0.0
107	2.0	2.0	1.0	1.0	4.0	8.0	2.0
108	1.0	0.0	1.0	0.0	1.0	2.0	1.0
109	1.0	0.0	0.0	0.0	1.0	2.0	0.0
110	2.0	2.0	0.0	1.0	3.668	8.332	1.0
111	0.0	1.0	0.0	1.0	0.3330000000000002	2.667	1.0
112	1.0	1.0	0.0	0.0	1.0	2.0	0.0
113	0.0	1.0	0.0	1.0	1.0	2.0	1.0
114	1.0	0.0	0.0	0.0	1.0	2.0	0.0
115	0.0	0.0	0.0	0.0	0.0	0.0	0.0
116	1.0	1.0	1.0	1.0	1.0	2.0	1.0
117	1.0	0.0	0.0	0.0	0.3330000000000002	2.667	0.0
118	0.0	0.0	0.0	0.0	0.0	0.0	0.0
119	1.0	1.0	1.0	0.0	0.6660000000000004	5.334	1.0
120	1.0	3.0	0.0	3.0	0.3330000000000002	5.667	1.0
121	0.0	0.0	0.0	0.0	0.0	0.0	0.0
122	0.0	4.0	0.0	1.0	4.0	8.0	1.0
123	1.0	2.0	0.0	1.0	3.0	6.0	1.0
124	1.0	1.0	0.0	0.0	0.3330000000000002	2.667	0.0
125	2.0	1.0	0.0	0.0	0.6660000000000004	5.334	0.0
126	1.0	0.0	1.0	0.0	0.3330000000000002	2.667	1.0
127	1.0	2.0	0.0	1.0	3.0	6.0	1.0
128	2.0	0.0	1.0	0.0	2.0	4.0	1.0
129	0.0	0.0	0.0	0.0	0.0	0.0	0.0
130	2.0	2.0	1.0	2.0	1.733	4.2669999999999995	1.0
131	1.0	2.0	1.0	2.0	1.0	2.0	1.0
132	1.0	1.0	0.0	1.0	1.733	4.2669999999999995	1.0
133	1.0	3.0	0.0	2.0	1.6660000000000004	7.334	1.0
134	0.0	1.0	0.0	1.0	0.3330000000000002	2.667	1.0
135	1.0	0.0	0.0	0.0	0.3330000000000002	2.667	0.0
136	2.0	3.0	1.0	2.0	2.333	6.667	1.0
137	0.0	4.0	0.0	3.0	2.333	6.667	2.0
138	1.0	0.0	1.0	0.0	0.3330000000000002	2.667	1.0
139	3.0	0.0	2.0	0.0	3.8	5.2	2.0
140	1.0	4.0	0.0	2.0	3.0	6.0	1.0
141	1.0	1.0	1.0	1.0	1.0	2.0	1.0
142	2.0	0.0	1.0	0.0	2.0	4.0	1.0
143	0.0	0.0	0.0	0.0	0.0	0.0	0.0
144	1.0	0.0	1.0	0.0	1.0	2.0	1.0
145	0.0	2.0	0.0	2.0	1.4	1.6	1.0
146	2.0	1.0	2.0	1.0	2.0	4.0	2.0
147	1.0	0.0	1.0	0.0	0.3330000000000002	2.667	1.0
148	1.0	2.0	0.0	2.0	1.3330000000000002	4.667	1.0
149	1.0	4.0	1.0	2.0	3.0010000000000003	8.998999999999999	2.0
150	2.0	0.0	1.0	0.0	2.4	3.6	1.0
151	1.0	4.0	1.0	2.0	1.6660000000000004	7.334	1.0
152	2.0	0.0	0.0	0.0	2.4	3.6	0.0
153	0.0	0.0	0.0	0.0	0.0	0.0	0.0
154	1.0	1.0	0.0	1.0	1.3330000000000002	4.667	1.0
155	0.0	0.0	0.0	0.0	0.0	0.0	0.0
156	0.0	0.0	0.0	0.0	0.0	0.0	0.0
157	1.0	1.0	0.0	0.0	1.3330000000000002	4.667	0.0
158	1.0	0.0	0.0	0.0	0.3330000000000002	2.667	0.0
159	2.0	1.0	2.0	0.0	3.0	6.0	2.0
160	2.0	0.0	1.0	0.0	2.4	3.6	1.0
161	2.0	0.0	2.0	0.0	0.6680000000000001	2.332	1.0
162	1.0	0.0	1.0	0.0	0.3330000000000002	2.667	1.0
163	1.0	0.0	1.0	0.0	1.0	2.0	1.0
164	0.0	0.0	0.0	0.0	0.0	0.0	0.0
165	3.0	1.0	3.0	1.0	1.0010000000000003	4.999	2.0
166	2.0	0.0	1.0	0.0	2.0	4.0	1.0
167	2.0	1.0	2.0	1.0	2.0	4.0	2.0
168	1.0	2.0	0.0	1.0	0.9990000000000006	8.001	1.0
169	2.0	1.0	1.0	1.0	2.0	4.0	1.0
170	2.0	3.0	0.0	1.0	3.6660000000000004	11.334	1.0
171	1.0	0.0	1.0	0.0	1.0	2.0	1.0
172	1.0	0.0	1.0	0.0	0.3330000000000002	2.667	1.0
173	1.0	0.0	0.0	0.0	1.0	2.0	0.0
174	0.0	1.0	0.0	0.0	1.0	2.0	0.0
175	1.0	0.0	1.0	0.0	1.0	2.0	1.0
176	2.0	0.0	0.0	0.0	0.6680000000000001	2.332	0.0
177	0.0	0.0	0.0	0.0	0.0	0.0	0.0
178	2.0	0.0	0.0	0.0	2.0	4.0	0.0
179	1.0	0.0	1.0	0.0	0.3330000000000002	2.667	1.0
180	1.0	0.0	1.0	0.0	0.3330000000000002	2.667	1.0
181	0.0	0.0	0.0	0.0	0.0	0.0	0.0
182	0.0	2.0	0.0	2.0	1.0	2.0	1.0
183	2.0	0.0	2.0	0.0	2.0	4.0	2.0
184	1.0	0.0	1.0	0.0	1.0	2.0	1.0
185	1.0	0.0	1.0	0.0	1.0	2.0	1.0
186	0.0	1.0	0.0	1.0	1.0	2.0	1.0
187	1.0	2.0	0.0	2.0	1.3330000000000002	4.667	1.0
188	1.0	1.0	0.0	1.0	2.0	4.0	1.0
189	3.0	0.0	1.0	0.0	3.0	6.0	1.0
190	1.0	0.0	0.0	0.0	0.6680000000000001	2.332	0.0
191	1.0	1.0	1.0	1.0	1.3330000000000002	4.667	2.0
192	1.0	2.0	1.0	2.0	0.3330000000000002	2.667	1.0
193	0.0	0.0	0.0	0.0	0.0	0.0	0.0
194	2.0	2.0	0.0	2.0	2.333	6.667	1.0
195	0.0	2.0	0.0	1.0	0.6660000000000004	5.334	1.0
196	1.0	0.0	1.0	0.0	1.0	2.0	1.0
197	3.0	0.0	1.0	0.0	3.0	6.0	1.0
198	0.0	0.0	0.0	0.0	0.0	0.0	0.0
199	1.0	2.0	1.0	0.0	1.3330000000000002	4.667	1.0
200	1.0	0.0	1.0	0.0	1.0	2.0	1.0
201	0.0	1.0	0.0	0.0	1.0	2.0	0.0
202	1.0	1.0	1.0	1.0	0.3330000000000002	2.667	1.0
203	0.0	0.0	0.0	0.0	0.0	0.0	0.0
204	0.0	0.0	0.0	0.0	0.0	0.0	0.0
205	1.0	2.0	0.0	0.0	0.3330000000000002	2.667	0.0
206	1.0	1.0	1.0	0.0	0.6660000000000004	5.334	1.0
207	1.0	1.0	1.0	1.0	0.6680000000000001	2.332	1.0
208	0.0	0.0	0.0	0.0	0.0	0.0	0.0
209	0.0	0.0	0.0	0.0	0.0	0.0	0.0
210	2.0	0.0	1.0	0.0	2.0	4.0	1.0
211	2.0	0.0	0.0	0.0	2.0	4.0	0.0
212	2.0	1.0	0.0	1.0	3.0	6.0	1.0
213	1.0	1.0	1.0	1.0	1.0	2.0	1.0
214	0.0	0.0	0.0	0.0	0.0	0.0	0.0
215	0.0	0.0	0.0	0.0	0.0	0.0	0.0
216	0.0	0.0	0.0	0.0	0.0	0.0	0.0
217	0.0	0.0	0.0	0.0	0.0	0.0	0.0
218	1.0	2.0	1.0	1.0	3.0	6.0	2.0
219	1.0	0.0	1.0	0.0	1.4	1.6	1.0
220	2.0	0.0	1.0	0.0	1.3360000000000003	4.664	1.0
221	1.0	0.0	1.0	0.0	1.0	2.0	1.0
222	0.0	0.0	0.0	0.0	0.0	0.0	0.0
223	1.0	0.0	1.0	0.0	1.0	2.0	1.0
224	0.0	0.0	0.0	0.0	0.0	0.0	0.0
225	3.0	0.0	2.0	0.0	3.0	6.0	2.0
226	1.0	0.0	0.0	0.0	1.0	2.0	0.0
227	1.0	0.0	1.0	0.0	0.3330000000000002	2.667	1.0
228	2.0	0.0	1.0	0.0	2.4	3.6	1.0
229	0.0	0.0	0.0	0.0	0.0	0.0	0.0
230	1.0	2.0	1.0	1.0	2.668	6.332	2.0
231	0.0	4.0	0.0	4.0	2.6660000000000004	9.334	4.0
232	0.0	0.0	0.0	0.0	0.0	0.0	0.0
233	0.0	1.0	0.0	1.0	0.3330000000000002	2.667	1.0
234	1.0	0.0	1.0	0.0	0.3330000000000002	2.667	1.0
235	3.0	2.0	3.0	2.0	3.0	6.0	3.0
236	2.0	0.0	2.0	0.0	2.0	4.0	2.0
237	2.0	1.0	2.0	1.0	1.0	2.0	1.0
238	0.0	0.0	0.0	0.0	0.0	0.0	0.0
239	2.0	0.0	1.0	0.0	2.0	4.0	1.0
240	2.0	3.0	1.0	1.0	4.4	7.6	2.0
241	1.0	0.0	0.0	0.0	1.0	2.0	0.0
242	2.0	0.0	2.0	0.0	2.4	3.6	2.0
243	3.0	0.0	2.0	0.0	3.0	6.0	2.0
244	2.0	0.0	1.0	0.0	0.6660000000000004	5.334	1.0
245	4.0	0.0	4.0	0.0	4.0	8.0	4.0
246	1.0	0.0	0.0	0.0	0.3330000000000002	2.667	0.0
247	0.0	0.0	0.0	0.0	0.0	0.0	0.0
248	1.0	0.0	1.0	0.0	0.3330000000000002	2.667	1.0
249	0.0	0.0	0.0	0.0	0.0	0.0	0.0
250	2.0	2.0	1.0	1.0	3.0040000000000004	8.995999999999999	2.0
251	3.0	0.0	2.0	0.0	3.0	6.0	2.0
252	2.0	0.0	1.0	0.0	2.0	4.0	1.0
253	2.0	5.0	2.0	4.0	2.9990000000000006	12.001	4.0
254	1.0	1.0	1.0	1.0	0.3330000000000002	2.667	1.0
255	0.0	0.0	0.0	0.0	0.0	0.0	0.0
256	2.0	0.0	2.0	0.0	2.0	4.0	2.0
257	2.0	1.0	2.0	1.0	2.0	4.0	2.0
258	0.0	0.0	0.0	0.0	0.0	0.0	0.0
259	0.0	0.0	0.0	0.0	0.0	0.0	0.0
260	2.0	0.0	2.0	0.0	2.0	4.0	2.0
261	2.0	1.0	2.0	0.0	3.0	6.0	2.0
262	2.0	2.0	2.0	2.0	2.333	6.667	3.0
263	2.0	0.0	1.0	0.0	2.4	3.6	1.0
264	2.0	3.0	1.0	2.0	4.068	7.932	2.0
265	0.0	1.0	0.0	0.0	0.3330000000000002	2.667	0.0
266	1.0	0.0	0.0	0.0	1.0	2.0	0.0
267	0.0	0.0	0.0	0.0	0.0	0.0	0.0
268	0.0	0.0	0.0	0.0	0.0	0.0	0.0
269	2.0	0.0	1.0	0.0	0.6660000000000004	5.334	1.0
270	1.0	1.0	0.0	1.0	0.6660000000000004	5.334	1.0
271	2.0	0.0	2.0	0.0	2.0	4.0	2.0
272	1.0	0.0	1.0	0.0	1.0	2.0	1.0
273	3.0	0.0	2.0	0.0	3.0	6.0	2.0
274	2.0	3.0	2.0	3.0	4.068	7.932	4.0
275	0.0	3.0	0.0	3.0	2.3360000000000003	6.664	3.0
276	0.0	2.0	0.0	2.0	2.0	4.0	2.0
277	1.0	0.0	1.0	0.0	0.3330000000000002	2.667	1.0
278	1.0	0.0	1.0	0.0	0.3330000000000002	2.667	1.0
279	3.0	0.0	1.0	0.0	3.0	6.0	1.0
280	3.0	2.0	2.0	1.0	4.0	8.0	2.0
281	1.0	0.0	1.0	0.0	1.0	2.0	1.0
282	1.0	1.0	1.0	1.0	1.0010000000000003	4.999	2.0
283	3.0	2.0	3.0	2.0	1.6670000000000007	10.332999999999998	4.0
284	0.0	4.0	0.0	4.0	2.6660000000000004	9.334	4.0
285	2.0	2.0	2.0	2.0	1.3330000000000002	4.667	2.0
286	0.0	0.0	0.0	0.0	0.0	0.0	0.0
287	1.0	0.0	1.0	0.0	1.0	2.0	1.0
288	0.0	2.0	0.0	0.0	0.6660000000000004	5.334	0.0
289	2.0	5.0	1.0	3.0	4.4	7.6	2.0
290	2.0	0.0	1.0	0.0	0.6660000000000004	5.334	1.0
291	0.0	0.0	0.0	0.0	0.0	0.0	0.0
292	3.0	1.0	3.0	0.0	2.3360000000000003	6.664	2.0
293	1.0	0.0	1.0	0.0	1.0	2.0	1.0
294	0.0	0.0	0.0	0.0	0.0	0.0	0.0
295	2.0	2.0	1.0	2.0	3.0	6.0	2.0
296	2.0	1.0	1.0	1.0	3.0	6.0	2.0
297	0.0	0.0	0.0	0.0	0.0	0.0	0.0
298	0.0	0.0	0.0	0.0	0.0	0.0	0.0
299	1.0	0.0	1.0	0.0	1.0	2.0	1.0
300	0.0	2.0	0.0	0.0	1.0	2.0	0.0
301	1.0	1.0	1.0	1.0	0.6680000000000001	5.332	2.0
302	1.0	0.0	1.0	0.0	0.3330000000000002	2.667	1.0
303	1.0	0.0	1.0	0.0	1.0	2.0	1.0
304	0.0	0.0	0.0	0.0	0.0	0.0	0.0
305	1.0	1.0	0.0	0.0	1.6680000000000001	4.332	0.0
306	2.0	1.0	1.0	1.0	2.668	6.332	2.0
307	1.0	0.0	1.0	0.0	1.0	2.0	1.0
308	0.0	0.0	0.0	0.0	0.0	0.0	0.0
309	1.0	1.0	1.0	1.0	2.0	4.0	2.0
310	1.0	0.0	1.0	0.0	1.0	2.0	1.0
311	2.0	0.0	2.0	0.0	2.0	4.0	2.0
312	1.0	0.0	1.0	0.0	1.0	2.0	1.0
313	0.0	0.0	0.0	0.0	0.0	0.0	0.0
314	1.0	2.0	1.0	0.0	2.0	4.0	1.0
315	0.0	0.0	0.0	0.0	0.0	0.0	0.0
316	0.0	1.0	0.0	1.0	0.0	3.0	1.0
317	1.0	0.0	1.0	0.0	1.0	2.0	1.0
318	3.0	0.0	1.0	0.0	3.0	6.0	1.0
319	1.0	2.0	1.0	1.0	3.0	6.0	2.0
320	2.0	0.0	1.0	0.0	0.6660000000000004	5.334	1.0
321	1.0	0.0	0.0	0.0	1.0	2.0	0.0
322	1.0	1.0	1.0	1.0	0.3330000000000002	2.667	1.0
323	1.0	1.0	1.0	1.0	1.6680000000000001	4.332	2.0
324	2.0	0.0	1.0	0.0	2.0	4.0	1.0
325	1.0	0.0	1.0	0.0	0.6680000000000001	2.332	1.0
326	3.0	2.0	2.0	2.0	3.0	6.0	2.0
327	3.0	2.0	2.0	1.0	3.0	6.0	2.0
328	1.0	1.0	0.0	1.0	0.6660000000000004	5.334	1.0
329	2.0	1.0	1.0	0.0	3.4	5.6	1.0
330	1.0	1.0	1.0	1.0	1.6680000000000001	4.332	2.0
331	1.0	1.0	0.0	1.0	2.0	4.0	1.0
332	0.0	5.0	0.0	2.0	2.6660000000000004	9.334	1.0
333	1.0	0.0	1.0	0.0	0.6680000000000001	2.332	1.0
334	1.0	0.0	1.0	0.0	0.3330000000000002	2.667	1.0
335	2.0	2.0	1.0	1.0	2.0	4.0	1.0
336	1.0	5.0	1.0	3.0	2.9990000000000006	12.001	3.0
337	3.0	0.0	2.0	0.0	3.0	6.0	2.0
338	1.0	0.0	1.0	0.0	0.3330000000000002	2.667	1.0
339	1.0	3.0	1.0	3.0	1.6660000000000004	7.334	3.0
340	1.0	2.0	1.0	1.0	3.0	6.0	2.0
341	1.0	2.0	1.0	2.0	1.0	2.0	1.0
342	2.0	1.0	2.0	1.0	1.3330000000000002	4.667	2.0
343	1.0	3.0	1.0	2.0	2.0010000000000003	6.999	2.0
344	0.0	6.0	0.0	2.0	2.6660000000000004	9.334	1.0
345	4.0	1.0	3.0	1.0	3.333	8.667	3.0
346	1.0	0.0	1.0	0.0	0.3330000000000002	2.667	1.0
347	1.0	0.0	1.0	0.0	1.0	2.0	1.0
348	2.0	1.0	1.0	1.0	0.9990000000000006	8.001	2.0
349	2.0	0.0	2.0	0.0	0.6680000000000001	2.332	1.0
350	0.0	2.0	0.0	0.0	1.3330000000000002	4.667	0.0
351	0.0	3.0	0.0	3.0	0.3330000000000002	2.667	1.0
352	1.0	0.0	1.0	0.0	1.0	2.0	1.0
353	2.0	1.0	1.0	1.0	1.3330000000000002	4.667	1.0
354	2.0	0.0	2.0	0.0	0.6660000000000004	5.334	2.0
355	2.0	0.0	2.0	0.0	2.0	4.0	2.0
356	2.0	0.0	1.0	0.0	2.0	4.0	1.0
357	3.0	2.0	3.0	2.0	4.0	8.0	4.0
358	0.0	2.0	0.0	1.0	0.6660000000000004	5.334	1.0
359	3.0	0.0	1.0	0.0	3.0	6.0	1.0
360	2.0	1.0	1.0	1.0	3.0	6.0	2.0
361	1.0	4.0	1.0	3.0	1.6660000000000004	7.334	2.0
362	0.0	0.0	0.0	0.0	0.0	0.0	0.0
363	4.0	0.0	3.0	0.0	4.0	8.0	3.0
364	2.0	3.0	1.0	1.0	3.0	6.0	2.0
365	0.0	4.0	0.0	4.0	1.6660000000000004	7.334	3.0
366	1.0	1.0	1.0	1.0	2.0	4.0	2.0
367	4.0	1.0	2.0	1.0	2.0010000000000003	6.999	2.0
368	0.0	3.0	0.0	1.0	0.6660000000000004	8.334	1.0
369	2.0	0.0	1.0	0.0	1.6680000000000001	4.332	1.0
370	2.0	0.0	1.0	0.0	2.4	3.6	1.0
371	1.0	0.0	1.0	0.0	1.0	2.0	1.0
372	3.0	4.0	1.0	3.0	5.668	12.332	3.0
373	2.0	3.0	1.0	2.0	2.0010000000000003	6.999	2.0
374	0.0	1.0	0.0	0.0	0.3330000000000002	2.667	0.0
375	2.0	5.0	1.0	3.0	3.9990000000000006	14.001	3.0
376	1.0	4.0	1.0	4.0	1.9990000000000006	10.001	4.0
377	2.0	3.0	1.0	2.0	1.6660000000000004	7.334	2.0
378	1.0	4.0	1.0	3.0	2.668	9.332	3.0
379	1.0	2.0	1.0	2.0	1.4	1.6	1.0
380	0.0	0.0	0.0	0.0	0.0	0.0	0.0
381	0.0	2.0	0.0	2.0	1.0	2.0	1.0
382	3.0	2.0	0.0	1.0	3.0	6.0	1.0
383	2.0	5.0	2.0	2.0	4.3340000000000005	13.666	3.0
384	0.0	2.0	0.0	1.0	1.3330000000000002	4.667	1.0
385	0.0	2.0	0.0	2.0	0.3330000000000002	2.667	1.0
386	4.0	2.0	0.0	2.0	5.401	12.599	2.0
387	2.0	0.0	2.0	0.0	1.6680000000000001	4.332	2.0
388	2.0	0.0	0.0	0.0	2.0	4.0	0.0
389	3.0	3.0	3.0	3.0	2.3340000000000005	9.666	4.0
390	1.0	2.0	1.0	2.0	1.733	4.2669999999999995	2.0
391	2.0	1.0	1.0	1.0	2.0	4.0	1.0
392	0.0	0.0	0.0	0.0	0.0	0.0	0.0
393	0.0	1.0	0.0	1.0	0.6680000000000001	2.332	1.0
394	2.0	1.0	0.0	1.0	3.0	6.0	1.0
395	3.0	0.0	1.0	0.0	3.0	6.0	1.0
396	2.0	2.0	1.0	2.0	2.333	6.667	2.0
397	0.0	3.0	0.0	3.0	2.4	3.6	2.0
398	1.0	1.0	1.0	0.0	2.0	4.0	1.0
399	1.0	1.0	1.0	1.0	1.0	2.0	1.0
400	0.0	2.0	0.0	2.0	0.3330000000000002	2.667	1.0
401	2.0	0.0	2.0	0.0	0.6680000000000001	2.332	1.0
402	0.0	0.0	0.0	0.0	0.0	0.0	0.0
403	1.0	0.0	1.0	0.0	1.0	2.0	1.0
404	2.0	0.0	1.0	0.0	2.0	4.0	1.0
405	1.0	1.0	1.0	1.0	1.0	2.0	1.0
406	1.0	3.0	1.0	3.0	1.733	4.2669999999999995	2.0
407	1.0	0.0	1.0	0.0	1.0	2.0	1.0
408	2.0	2.0	1.0	2.0	3.0	6.0	2.0
409	1.0	0.0	1.0	0.0	0.3330000000000002	2.667	1.0
410	1.0	1.0	1.0	1.0	1.0	2.0	1.0
411	2.0	1.0	1.0	1.0	1.6680000000000001	4.332	1.0
412	0.0	2.0	0.0	2.0	0.3330000000000002	2.667	1.0
413	0.0	0.0	0.0	0.0	0.0	0.0	0.0
414	1.0	0.0	1.0	0.0	1.0	2.0	1.0
415	1.0	0.0	1.0	0.0	1.0	2.0	1.0
416	0.0	0.0	0.0	0.0	0.0	0.0	0.0
417	0.0	1.0	0.0	1.0	1.0	2.0	1.0
418	2.0	0.0	2.0	0.0	0.6660000000000004	5.334	2.0
419	1.0	0.0	1.0	0.0	1.0	2.0	1.0
420	2.0	0.0	2.0	0.0	2.0	4.0	2.0
421	2.0	0.0	1.0	0.0	2.0	4.0	1.0
422	1.0	0.0	1.0	0.0	0.3330000000000002	2.667	1.0
423	2.0	0.0	2.0	0.0	2.0	4.0	2.0
424	1.0	1.0	0.0	1.0	1.0	5.0	1.0
425	3.0	1.0	3.0	1.0	4.0	8.0	4.0
426	0.0	2.0	0.0	1.0	1.6680000000000001	4.332	1.0
427	1.0	2.0	1.0	2.0	1.3330000000000002	4.667	2.0
428	2.0	1.0	1.0	1.0	2.668	6.332	2.0
429	0.0	0.0	0.0	0.0	0.0	0.0	0.0
430	1.0	0.0	1.0	0.0	0.3330000000000002	2.667	1.0
431	3.0	0.0	3.0	0.0	1.6680000000000001	4.332	2.0
432	0.0	1.0	0.0	1.0	0.6680000000000001	2.332	1.0
433	1.0	0.0	1.0	0.0	0.3330000000000002	2.667	1.0
434	2.0	1.0	2.0	1.0	1.6680000000000001	4.332	2.0
435	2.0	0.0	1.0	0.0	2.0	4.0	1.0
436	0.0	1.0	0.0	1.0	0.3330000000000002	2.667	1.0
437	2.0	4.0	1.0	3.0	3.333	8.667	3.0
438	2.0	3.0	2.0	3.0	2.668	6.332	3.0
439	1.0	2.0	1.0	1.0	1.6660000000000004	7.334	2.0
440	2.0	2.0	0.0	1.0	2.333	6.667	1.0
441	1.0	1.0	1.0	1.0	1.6680000000000001	4.332	2.0
442	0.0	0.0	0.0	0.0	0.0	0.0	0.0
443	1.0	2.0	1.0	1.0	1.3330000000000002	4.667	1.0
444	1.0	5.0	0.0	2.0	2.333000000000001	15.666999999999998	2.0
445	1.0	2.0	0.0	1.0	2.3360000000000003	6.664	1.0
446	1.0	3.0	1.0	3.0	3.0	6.0	3.0
447	0.0	3.0	0.0	3.0	1.6680000000000001	4.332	2.0
448	2.0	2.0	0.0	1.0	3.068	5.932	1.0
449	1.0	2.0	0.0	2.0	2.668	6.332	2.0
450	2.0	3.0	1.0	2.0	2.668	6.332	2.0
451	1.0	1.0	1.0	1.0	1.3330000000000002	4.667	2.0
452	2.0	1.0	1.0	0.0	3.0	6.0	1.0
453	4.0	0.0	3.0	0.0	4.0	8.0	3.0
454	1.0	4.0	0.0	3.0	1.3320000000000007	10.668	2.0
455	0.0	0.0	0.0	0.0	0.0	0.0	0.0
456	1.0	1.0	1.0	1.0	0.3330000000000002	2.667	1.0
457	0.0	2.0	0.0	2.0	1.0	2.0	1.0
458	2.0	0.0	2.0	0.0	2.4	3.6	2.0
459	3.0	1.0	2.0	1.0	4.0	8.0	3.0
460	1.0	0.0	1.0	0.0	1.0	2.0	1.0
461	0.0	1.0	0.0	1.0	0.3330000000000002	2.667	1.0
462	4.0	0.0	3.0	0.0	4.0	8.0	3.0
463	2.0	0.0	1.0	0.0	0.6660000000000004	5.334	1.0
464	2.0	4.0	0.0	3.0	4.666	13.334	3.0
465	1.0	6.0	1.0	4.0	3.6660000000000004	11.334	3.0
466	0.0	0.0	0.0	0.0	0.0	0.0	0.0
467	0.0	0.0	0.0	0.0	0.0	0.0	0.0
468	1.0	4.0	1.0	2.0	1.9990000000000006	10.001	2.0
469	1.0	3.0	1.0	2.0	2.333	6.667	2.0
470	0.0	0.0	0.0	0.0	0.0	0.0	0.0
471	1.0	2.0	1.0	2.0	2.333	6.667	3.0
472	1.0	0.0	1.0	0.0	1.0	2.0	1.0
473	2.0	0.0	2.0	0.0	2.0	4.0	2.0
474	1.0	2.0	1.0	2.0	1.0	2.0	1.0
475	2.0	0.0	1.0	0.0	1.3360000000000003	4.664	1.0
476	3.0	2.0	2.0	2.0	3.668	8.332	3.0
477	2.0	0.0	1.0	0.0	2.4	3.6	1.0
478	2.0	6.0	1.0	5.0	3.0020000000000007	11.998	4.0
479	2.0	3.0	1.0	3.0	3.6660000000000004	11.334	4.0
480	1.0	3.0	1.0	2.0	0.9990000000000006	8.001	2.0
481	2.0	1.0	1.0	1.0	1.3330000000000002	4.667	1.0
482	1.0	3.0	1.0	3.0	1.6680000000000001	4.332	2.0
483	2.0	4.0	2.0	3.0	3.4010000000000002	11.598999999999998	4.0
484	4.0	0.0	3.0	0.0	4.068	7.932	3.0
485	1.0	1.0	1.0	1.0	0.6660000000000004	5.334	2.0
486	3.0	0.0	2.0	0.0	3.0	6.0	2.0
487	1.0	0.0	1.0	0.0	1.0	2.0	1.0
488	1.0	0.0	1.0	0.0	1.0	2.0	1.0
489	2.0	1.0	0.0	0.0	3.0	6.0	0.0
490	1.0	0.0	1.0	0.0	1.0	2.0	1.0
491	3.0	0.0	1.0	0.0	3.0	6.0	1.0
492	2.0	0.0	2.0	0.0	2.0	4.0	2.0
493	2.0	5.0	2.0	2.0	2.9990000000000006	12.001	3.0
494	2.0	1.0	2.0	1.0	2.0	4.0	2.0
495	1.0	1.0	0.0	0.0	0.6660000000000004	5.334	0.0
496	0.0	0.0	0.0	0.0	0.0	0.0	0.0
497	0.0	0.0	0.0	0.0	0.0	0.0	0.0
498	0.0	0.0	0.0	0.0	0.0	0.0	0.0
499	1.0	1.0	1.0	1.0	0.6680000000000001	2.332	1.0
500	4.0	4.0	3.0	3.0	5.0	10.0	4.0
501	2.0	0.0	2.0	0.0	2.0	4.0	2.0
502	3.0	0.0	2.0	0.0	3.0	6.0	2.0
503	1.0	2.0	0.0	2.0	0.3330000000000002	5.667	1.0
504	1.0	3.0	1.0	3.0	2.6660000000000004	9.334	4.0
505	0.0	3.0	0.0	2.0	1.6680000000000001	7.332	2.0
506	2.0	0.0	2.0	0.0	1.6680000000000001	4.332	2.0
507	3.0	3.0	2.0	2.0	4.333	10.667	3.0
508	2.0	0.0	2.0	0.0	2.0	4.0	2.0
509	2.0	0.0	1.0	0.0	2.0	4.0	1.0
510	1.0	0.0	1.0	0.0	1.0	2.0	1.0
511	3.0	1.0	1.0	1.0	1.0010000000000003	4.999	1.0
512	1.0	0.0	1.0	0.0	1.0	2.0	1.0
513	2.0	0.0	2.0	0.0	2.0	4.0	2.0
514	1.0	0.0	1.0	0.0	0.3330000000000002	2.667	1.0
515	2.0	0.0	1.0	0.0	2.0	4.0	1.0
516	0.0	1.0	0.0	1.0	0.3330000000000002	2.667	1.0
517	2.0	3.0	2.0	1.0	2.9990000000000006	12.001	3.0
518	3.0	1.0	2.0	0.0	4.4	7.6	2.0
519	1.0	3.0	1.0	2.0	3.0040000000000004	8.995999999999999	3.0
520	1.0	0.0	1.0	0.0	1.0	2.0	1.0
521	2.0	1.0	1.0	1.0	3.0	6.0	2.0
522	2.0	0.0	2.0	0.0	2.0	4.0	2.0
523	2.0	0.0	2.0	0.0	2.0	4.0	2.0
524	2.0	1.0	1.0	0.0	2.3360000000000003	6.664	1.0
525	0.0	0.0	0.0	0.0	0.0	0.0	0.0
526	1.0	1.0	1.0	1.0	1.0	2.0	1.0
527	2.0	1.0	1.0	1.0	3.0	6.0	2.0
528	1.0	0.0	1.0	0.0	0.3330000000000002	2.667	1.0
529	3.0	0.0	2.0	0.0	3.0	6.0	2.0
530	2.0	0.0	2.0	0.0	0.6660000000000004	5.334	2.0
531	2.0	0.0	1.0	0.0	2.0	4.0	1.0
532	4.0	1.0	3.0	1.0	3.6690000000000005	11.331	4.0
533	1.0	1.0	1.0	1.0	0.6660000000000004	5.334	2.0
534	0.0	0.0	0.0	0.0	0.0	0.0	0.0
535	0.0	0.0	0.0	0.0	0.0	0.0	0.0
536	2.0	0.0	1.0	0.0	0.6660000000000004	5.334	1.0
537	3.0	0.0	2.0	0.0	2.3360000000000003	6.664	2.0
538	2.0	1.0	2.0	1.0	1.3330000000000002	4.667	2.0
539	1.0	3.0	1.0	3.0	2.0	4.0	2.0
540	2.0	2.0	1.0	2.0	0.9990000000000006	8.001	2.0
541	1.0	0.0	0.0	0.0	0.6680000000000001	2.332	0.0
542	0.0	0.0	0.0	0.0	0.0	0.0	0.0
543	4.0	0.0	3.0	0.0	2.668	6.332	2.0
544	1.0	2.0	1.0	2.0	0.6660000000000004	5.334	2.0
545	1.0	4.0	1.0	4.0	3.733	8.267	4.0
546	3.0	0.0	2.0	0.0	3.0	6.0	2.0
547	3.0	0.0	2.0	0.0	3.0	6.0	2.0
548	1.0	3.0	1.0	3.0	0.6660000000000004	8.334	3.0
549	2.0	0.0	1.0	0.0	0.6660000000000004	5.334	1.0
550	3.0	1.0	2.0	0.0	4.0	8.0	2.0
551	0.0	0.0	0.0	0.0	0.0	0.0	0.0
552	0.0	2.0	0.0	2.0	0.3330000000000002	2.667	1.0
553	2.0	0.0	2.0	0.0	0.6660000000000004	5.334	2.0
554	0.0	2.0	0.0	2.0	1.0	2.0	1.0
555	2.0	1.0	2.0	1.0	1.0	2.0	1.0
556	0.0	5.0	0.0	4.0	2.9990000000000006	12.001	4.0
557	3.0	0.0	1.0	0.0	3.0	6.0	1.0
558	2.0	0.0	1.0	0.0	1.3360000000000003	4.664	1.0
559	1.0	0.0	1.0	0.0	0.3330000000000002	2.667	1.0
560	3.0	0.0	3.0	0.0	3.0	6.0	3.0
561	0.0	0.0	0.0	0.0	0.0	0.0	0.0
562	1.0	1.0	1.0	1.0	0.6660000000000004	5.334	2.0
563	0.0	0.0	0.0	0.0	0.0	0.0	0.0
564	0.0	1.0	0.0	0.0	0.3330000000000002	2.667	0.0
565	1.0	1.0	1.0	1.0	0.6680000000000001	2.332	1.0
566	1.0	0.0	1.0	0.0	0.3330000000000002	2.667	1.0
567	3.0	0.0	3.0	0.0	3.0	6.0	3.0
568	0.0	2.0	0.0	2.0	1.0	2.0	1.0
569	3.0	0.0	2.0	0.0	3.0	6.0	2.0
570	1.0	0.0	1.0	0.0	0.3330000000000002	2.667	1.0
571	2.0	0.0	1.0	0.0	1.3360000000000003	4.664	1.0
572	0.0	1.0	0.0	1.0	0.3330000000000002	2.667	1.0
573	2.0	4.0	2.0	2.0	2.668	6.332	2.0
574	3.0	0.0	2.0	0.0	3.0	6.0	2.0
575	0.0	1.0	0.0	1.0	0.3330000000000002	2.667	1.0
576	0.0	0.0	0.0	0.0	0.0	0.0	0.0
577	2.0	1.0	1.0	1.0	0.9990000000000006	8.001	2.0
578	1.0	1.0	1.0	1.0	1.3330000000000002	4.667	2.0
579	0.0	6.0	0.0	4.0	3.4010000000000002	11.598999999999998	3.0
580	2.0	0.0	1.0	0.0	0.6660000000000004	5.334	1.0
581	0.0	1.0	0.0	0.0	0.6680000000000001	2.332	0.0
582	1.0	0.0	0.0	0.0	0.6680000000000001	2.332	0.0
583	1.0	0.0	0.0	0.0	0.3330000000000002	2.667	0.0
584	0.0	4.0	0.0	2.0	2.668	9.332	2.0
585	2.0	1.0	1.0	1.0	0.6660000000000004	5.334	1.0
586	2.0	0.0	2.0	0.0	0.6660000000000004	5.334	2.0
587	4.0	0.0	3.0	0.0	4.0	8.0	3.0
588	0.0	4.0	0.0	2.0	1.3320000000000007	10.668	2.0
589	1.0	4.0	0.0	3.0	2.3340000000000005	12.666	3.0
590	2.0	4.0	1.0	1.0	1.9990000000000006	10.001	1.0
591	0.0	0.0	0.0	0.0	0.0	0.0	0.0
