pos	Sd	Nd	Sd_tip	Nd_tip	S	N	comparisons
001	0.0	0.0	0.0	0.0	0.0	0.0	0.0
002	0.0	0.0	0.0	0.0	0.0	0.0	0.0
003	0.0	0.0	0.0	0.0	0.0	0.0	0.0
004	0.0	0.0	0.0	0.0	0.0	0.0	0.0
005	0.0	0.0	0.0	0.0	0.0	0.0	0.0
006	0.0	1.0	0.0	0.0	1.0	2.0	0.0
007	0.0	0.0	0.0	0.0	0.0	0.0	0.0
008	0.0	1.0	0.0	1.0	0.6680000000000001	2.332	1.0
009	0.0	0.0	0.0	0.0	0.0	0.0	0.0
010	0.0	1.0	0.0	0.0	0.3330000000000002	2.667	0.0
011	1.0	0.0	0.0	0.0	0.3330000000000002	2.667	0.0
012	0.0	3.0	0.0	1.0	1.6660000000000004	7.334	1.0
013	2.0	1.0	1.0	1.0	2.3360000000000003	6.664	2.0
014	3.0	0.0	1.0	0.0	0.9990000000000006	8.001	1.0
015	0.0	2.0	0.0	2.0	1.0	2.0	1.0
016	1.0	0.0	0.0	0.0	0.6680000000000001	2.332	0.0
017	3.0	0.0	2.0	0.0	3.0	6.0	2.0
018	2.0	0.0	1.0	0.0	0.6660000000000004	5.334	1.0
019	3.0	3.0	2.0	1.0	1.998000000000001	16.002	3.0
020	4.0	1.0	3.0	1.0	5.0	10.0	4.0
021	0.0	0.0	0.0	0.0	0.0	0.0	0.0
022	1.0	1.0	1.0	1.0	1.3330000000000002	4.667	2.0
023	2.0	1.0	0.0	1.0	3.068	5.932	1.0
024	3.0	0.0	3.0	0.0	3.0	6.0	3.0
025	2.0	0.0	2.0	0.0	0.6660000000000004	5.334	2.0
026	3.0	0.0	3.0	0.0	3.4	5.6	3.0
027	2.0	0.0	1.0	0.0	0.6660000000000004	5.334	1.0
028	2.0	1.0	1.0	0.0	3.0	6.0	1.0
029	3.0	0.0	3.0	0.0	3.0	6.0	3.0
030	2.0	0.0	2.0	0.0	0.6660000000000004	5.334	2.0
031	3.0	0.0	1.0	0.0	3.0	6.0	1.0
032	2.0	0.0	2.0	0.0	2.0	4.0	2.0
033	2.0	0.0	1.0	0.0	0.6660000000000004	5.334	1.0
034	0.0	3.0	0.0	2.0	1.6660000000000004	7.334	2.0
035	1.0	0.0	0.0	0.0	0.3330000000000002	2.667	0.0
036	0.0	0.0	0.0	0.0	0.0	0.0	0.0
037	2.0	1.0	1.0	1.0	0.9990000000000006	8.001	2.0
038	2.0	0.0	0.0	0.0	2.0	4.0	0.0
039	2.0	0.0	2.0	0.0	2.0	4.0	2.0
040	1.0	2.0	0.0	0.0	1.0	5.0	0.0
041	1.0	1.0	1.0	1.0	1.0010000000000003	4.999	2.0
042	2.0	0.0	2.0	0.0	0.6660000000000004	5.334	2.0
043	2.0	2.0	1.0	2.0	3.4	5.6	2.0
044	2.0	2.0	2.0	2.0	0.6660000000000004	5.334	2.0
045	1.0	4.0	1.0	3.0	2.668	9.332	3.0
046	2.0	0.0	2.0	0.0	1.0	2.0	1.0
047	1.0	1.0	1.0	1.0	1.0	2.0	1.0
048	1.0	0.0	1.0	0.0	0.3330000000000002	2.667	1.0
049	2.0	0.0	1.0	0.0	0.6660000000000004	5.334	1.0
050	1.0	0.0	0.0	0.0	0.3330000000000002	2.667	0.0
051	2.0	5.0	1.0	3.0	5.666	15.334	4.0
052	1.0	0.0	0.0	0.0	1.0	2.0	0.0
053	0.0	0.0	0.0	0.0	0.0	0.0	0.0
054	1.0	4.0	1.0	2.0	1.3320000000000007	10.668	2.0
055	1.0	1.0	1.0	1.0	0.3330000000000002	2.667	1.0
056	2.0	2.0	1.0	1.0	2.668	6.332	2.0
057	1.0	2.0	0.0	2.0	1.3330000000000002	4.667	1.0
058	0.0	3.0	0.0	2.0	1.6660000000000004	7.334	2.0
059	2.0	1.0	2.0	1.0	1.3360000000000003	4.664	2.0
060	3.0	1.0	2.0	1.0	3.0	6.0	2.0
061	2.0	2.0	1.0	2.0	1.3330000000000002	4.667	1.0
062	2.0	2.0	1.0	2.0	1.6660000000000004	7.334	2.0
063	2.0	5.0	2.0	4.0	1.6660000000000004	7.334	2.0
064	2.0	4.0	0.0	1.0	3.0	6.0	1.0
065	3.0	5.0	3.0	2.0	5.333	12.667	3.0
066	0.0	0.0	0.0	0.0	0.0	0.0	0.0
067	0.0	0.0	0.0	0.0	0.0	0.0	0.0
068	0.0	0.0	0.0	0.0	0.0	0.0	0.0
069	0.0	0.0	0.0	0.0	0.0	0.0	0.0
070	0.0	0.0	0.0	0.0	0.0	0.0	0.0
071	3.0	3.0	1.0	2.0	5.333	12.667	3.0
072	1.0	6.0	1.0	6.0	3.6660000000000004	11.334	5.0
073	3.0	2.0	2.0	2.0	4.0	8.0	3.0
074	2.0	4.0	0.0	2.0	5.333	12.667	2.0
075	1.0	3.0	1.0	3.0	2.333	6.667	3.0
076	2.0	5.0	0.0	5.0	7.133	13.866999999999999	5.0
077	1.0	3.0	0.0	2.0	3.668	8.332	2.0
078	2.0	3.0	0.0	1.0	2.6690000000000005	9.331	1.0
079	2.0	0.0	2.0	0.0	2.0	4.0	2.0
080	1.0	5.0	0.0	3.0	5.336	12.664000000000001	3.0
081	1.0	2.0	1.0	2.0	1.3330000000000002	4.667	2.0
082	2.0	4.0	0.0	1.0	1.9990000000000006	10.001	1.0
083	3.0	1.0	3.0	0.0	3.668	8.332	3.0
084	2.0	3.0	1.0	2.0	3.3360000000000003	8.664	2.0
085	2.0	0.0	0.0	0.0	2.0	4.0	0.0
086	1.0	3.0	0.0	3.0	1.3320000000000007	10.668	3.0
087	1.0	1.0	1.0	1.0	0.6680000000000001	2.332	1.0
088	2.0	2.0	2.0	1.0	1.9990000000000006	10.001	3.0
089	2.0	5.0	1.0	2.0	3.9990000000000006	17.000999999999998	3.0
090	1.0	0.0	1.0	0.0	1.0	2.0	1.0
091	2.0	0.0	1.0	0.0	0.6660000000000004	5.334	1.0
092	2.0	0.0	0.0	0.0	0.6660000000000004	5.334	0.0
093	4.0	0.0	0.0	0.0	1.6680000000000001	4.332	0.0
094	2.0	0.0	0.0	0.0	2.0	4.0	0.0
095	2.0	3.0	0.0	0.0	1.6660000000000004	7.334	0.0
096	3.0	2.0	3.0	2.0	1.9990000000000006	10.001	4.0
097	0.0	0.0	0.0	0.0	0.0	0.0	0.0
098	1.0	0.0	0.0	0.0	0.6680000000000001	2.332	0.0
099	3.0	1.0	3.0	1.0	2.333	6.667	3.0
100	1.0	0.0	1.0	0.0	0.3330000000000002	2.667	1.0
101	0.0	0.0	0.0	0.0	0.0	0.0	0.0
102	3.0	0.0	3.0	0.0	0.9990000000000006	8.001	3.0
103	0.0	1.0	0.0	1.0	0.6680000000000001	2.332	1.0
104	3.0	0.0	1.0	0.0	3.468	5.532	1.0
105	2.0	1.0	0.0	0.0	1.6690000000000005	7.3309999999999995	0.0
106	2.0	4.0	1.0	2.0	3.333	8.667	2.0
107	2.0	0.0	2.0	0.0	0.6660000000000004	5.334	2.0
108	1.0	2.0	1.0	2.0	2.0	4.0	2.0
109	2.0	0.0	1.0	0.0	2.0	4.0	1.0
110	1.0	1.0	1.0	1.0	2.0	4.0	2.0
111	1.0	0.0	1.0	0.0	1.0	2.0	1.0
112	2.0	2.0	2.0	1.0	2.6690000000000005	9.331	3.0
113	1.0	3.0	1.0	3.0	2.0020000000000007	9.998	4.0
114	3.0	0.0	0.0	0.0	0.9990000000000006	8.001	0.0
115	2.0	0.0	2.0	0.0	1.3360000000000003	4.664	2.0
116	3.0	1.0	2.0	1.0	2.333	6.667	2.0
117	2.0	2.0	1.0	2.0	1.6660000000000004	7.334	2.0
118	2.0	0.0	2.0	0.0	2.0	4.0	2.0
119	3.0	1.0	3.0	1.0	1.3340000000000005	7.6659999999999995	3.0
120	1.0	0.0	1.0	0.0	1.0	2.0	1.0
121	2.0	2.0	1.0	1.0	3.0	6.0	2.0
122	1.0	3.0	1.0	2.0	2.3360000000000003	6.664	2.0
123	3.0	2.0	1.0	2.0	5.0	10.0	3.0
124	1.0	1.0	0.0	1.0	1.3330000000000002	4.667	1.0
125	2.0	0.0	1.0	0.0	2.0	4.0	1.0
126	1.0	0.0	0.0	0.0	0.3330000000000002	2.667	0.0
127	3.0	1.0	0.0	1.0	4.0	8.0	1.0
128	1.0	3.0	1.0	2.0	1.3320000000000007	10.668	3.0
129	2.0	0.0	0.0	0.0	2.4	3.6	0.0
130	1.0	1.0	1.0	1.0	2.0	4.0	2.0
131	1.0	1.0	0.0	0.0	1.0	2.0	0.0
132	4.0	1.0	2.0	1.0	5.0	10.0	3.0
133	1.0	0.0	1.0	0.0	1.0	2.0	1.0
134	1.0	2.0	1.0	1.0	0.9990000000000006	8.001	2.0
135	2.0	0.0	2.0	0.0	2.0	4.0	2.0
136	3.0	2.0	1.0	2.0	4.0040000000000004	10.995999999999999	3.0
137	2.0	3.0	0.0	3.0	4.333	10.667	3.0
138	2.0	1.0	1.0	1.0	3.0	6.0	2.0
139	3.0	0.0	1.0	0.0	3.0	6.0	1.0
140	1.0	0.0	1.0	0.0	1.0	2.0	1.0
141	2.0	3.0	2.0	2.0	4.333	10.667	4.0
142	3.0	0.0	2.0	0.0	1.6680000000000001	4.332	1.0
143	1.0	0.0	1.0	0.0	0.3330000000000002	2.667	1.0
144	3.0	1.0	2.0	0.0	3.0010000000000003	8.998999999999999	2.0
145	2.0	1.0	0.0	1.0	0.9990000000000006	8.001	1.0
146	0.0	1.0	0.0	1.0	0.3330000000000002	2.667	1.0
147	2.0	2.0	2.0	1.0	3.0	6.0	2.0
148	1.0	0.0	1.0	0.0	0.3330000000000002	2.667	1.0
149	3.0	0.0	3.0	0.0	1.6680000000000001	4.332	2.0
150	2.0	0.0	2.0	0.0	2.0	4.0	2.0
151	3.0	0.0	1.0	0.0	2.0040000000000004	6.9959999999999996	1.0
152	2.0	2.0	0.0	0.0	3.0	6.0	0.0
153	4.0	3.0	2.0	2.0	4.668	10.332	2.0
154	0.0	4.0	0.0	4.0	3.0	6.0	3.0
155	0.0	1.0	0.0	1.0	0.3330000000000002	2.667	1.0
156	0.0	1.0	0.0	1.0	0.3330000000000002	2.667	1.0
157	1.0	0.0	1.0	0.0	0.3330000000000002	2.667	1.0
158	0.0	0.0	0.0	0.0	0.0	0.0	0.0
159	1.0	6.0	1.0	4.0	3.9990000000000006	14.001	4.0
160	2.0	0.0	2.0	0.0	0.6680000000000001	2.332	1.0
161	2.0	1.0	1.0	1.0	0.9990000000000006	8.001	2.0
162	2.0	0.0	0.0	0.0	2.0	4.0	0.0
163	2.0	0.0	2.0	0.0	0.6660000000000004	5.334	2.0
164	1.0	5.0	1.0	4.0	2.3320000000000007	12.668	4.0
165	0.0	0.0	0.0	0.0	0.0	0.0	0.0
166	2.0	1.0	2.0	0.0	3.0	6.0	2.0
167	3.0	3.0	1.0	0.0	4.668	10.332	1.0
168	4.0	0.0	3.0	0.0	4.0	8.0	3.0
169	1.0	0.0	0.0	0.0	1.0	2.0	0.0
170	2.0	1.0	1.0	1.0	3.0	6.0	2.0
171	1.0	0.0	0.0	0.0	0.3330000000000002	2.667	0.0
172	3.0	0.0	1.0	0.0	3.068	5.932	1.0
173	0.0	0.0	0.0	0.0	0.0	0.0	0.0
174	1.0	2.0	0.0	1.0	0.6660000000000004	8.334	1.0
175	3.0	0.0	3.0	0.0	0.9990000000000006	8.001	3.0
176	3.0	0.0	1.0	0.0	3.0	6.0	1.0
177	2.0	0.0	2.0	0.0	2.0	4.0	2.0
178	2.0	0.0	1.0	0.0	0.6660000000000004	5.334	1.0
179	4.0	0.0	2.0	0.0	4.468	7.532	2.0
180	2.0	1.0	0.0	1.0	0.9990000000000006	8.001	1.0
181	2.0	0.0	1.0	0.0	2.0	4.0	1.0
182	5.0	0.0	2.0	0.0	5.068	9.931999999999999	2.0
183	0.0	0.0	0.0	0.0	0.0	0.0	0.0
184	3.0	2.0	1.0	1.0	3.333	8.667	2.0
185	1.0	4.0	1.0	3.0	3.0660000000000003	8.934	3.0
186	1.0	1.0	1.0	0.0	1.3330000000000002	4.667	1.0
187	1.0	2.0	0.0	2.0	1.3330000000000002	4.667	1.0
188	2.0	2.0	2.0	2.0	0.9990000000000006	8.001	3.0
189	2.0	2.0	2.0	2.0	2.333	6.667	3.0
190	2.0	0.0	0.0	0.0	2.0	4.0	0.0
191	1.0	1.0	1.0	1.0	2.0	4.0	2.0
192	0.0	2.0	0.0	2.0	2.0	4.0	2.0
193	3.0	1.0	3.0	1.0	3.0	6.0	3.0
194	2.0	1.0	1.0	0.0	0.9990000000000006	8.001	1.0
195	0.0	2.0	0.0	2.0	0.6660000000000004	5.334	2.0
196	1.0	3.0	1.0	0.0	1.3320000000000007	10.668	1.0
197	3.0	1.0	3.0	1.0	1.3330000000000002	4.667	2.0
198	1.0	0.0	1.0	0.0	0.6680000000000001	2.332	1.0
199	2.0	0.0	0.0	0.0	2.0	4.0	0.0
200	2.0	2.0	0.0	2.0	3.0	6.0	1.0
201	2.0	0.0	0.0	0.0	2.0	4.0	0.0
202	1.0	2.0	1.0	2.0	1.3330000000000002	4.667	2.0
203	2.0	3.0	1.0	1.0	2.3360000000000003	6.664	1.0
204	3.0	3.0	3.0	1.0	4.336	10.664	3.0
205	3.0	0.0	1.0	0.0	0.9990000000000006	8.001	1.0
206	1.0	0.0	1.0	0.0	1.0	2.0	1.0
207	2.0	0.0	2.0	0.0	2.0	4.0	2.0
208	1.0	0.0	1.0	0.0	1.0	2.0	1.0
209	0.0	1.0	0.0	0.0	0.6680000000000001	2.332	0.0
210	2.0	1.0	2.0	1.0	0.9990000000000006	8.001	3.0
211	2.0	4.0	0.0	2.0	5.0	10.0	2.0
212	3.0	2.0	3.0	2.0	4.0	8.0	4.0
213	4.0	0.0	3.0	0.0	4.0	8.0	3.0
214	1.0	0.0	1.0	0.0	1.0	2.0	1.0
215	2.0	1.0	1.0	1.0	0.9990000000000006	8.001	2.0
216	3.0	4.0	0.0	4.0	4.333	10.667	2.0
217	3.0	0.0	2.0	0.0	2.668	6.332	2.0
218	3.0	0.0	2.0	0.0	3.0	6.0	2.0
219	3.0	0.0	0.0	0.0	3.0	6.0	0.0
220	3.0	1.0	1.0	1.0	3.0	9.0	2.0
221	4.0	0.0	4.0	0.0	3.668	8.332	4.0
222	0.0	1.0	0.0	1.0	1.0	2.0	1.0
223	0.0	0.0	0.0	0.0	0.0	0.0	0.0
224	2.0	2.0	1.0	2.0	3.068	5.932	2.0
225	2.0	0.0	2.0	0.0	2.0	4.0	2.0
226	1.0	0.0	0.0	0.0	0.3330000000000002	2.667	0.0
227	1.0	1.0	0.0	1.0	1.6680000000000001	4.332	1.0
228	4.0	1.0	3.0	1.0	4.4	7.6	3.0
229	3.0	2.0	2.0	2.0	4.0	8.0	3.0
230	3.0	0.0	2.0	0.0	3.468	5.532	2.0
231	2.0	1.0	2.0	1.0	3.0	6.0	3.0
232	2.0	0.0	1.0	0.0	2.0	4.0	1.0
233	0.0	1.0	0.0	1.0	0.3330000000000002	2.667	1.0
234	0.0	0.0	0.0	0.0	0.0	0.0	0.0
235	1.0	0.0	1.0	0.0	1.4	1.6	1.0
236	2.0	2.0	2.0	2.0	4.0	8.0	4.0
237	2.0	0.0	2.0	0.0	1.3360000000000003	4.664	2.0
238	2.0	0.0	1.0	0.0	2.0	4.0	1.0
239	2.0	0.0	0.0	0.0	2.4	3.6	0.0
240	3.0	0.0	2.0	0.0	3.0	6.0	2.0
241	3.0	0.0	1.0	0.0	3.0	6.0	1.0
242	1.0	0.0	1.0	0.0	0.3330000000000002	2.667	1.0
243	1.0	1.0	1.0	1.0	0.6680000000000001	2.332	1.0
244	3.0	0.0	0.0	0.0	3.0	6.0	0.0
245	2.0	0.0	2.0	0.0	1.6680000000000001	4.332	2.0
246	3.0	0.0	3.0	0.0	3.0	6.0	3.0
247	0.0	0.0	0.0	0.0	0.0	0.0	0.0
248	3.0	0.0	2.0	0.0	3.0	6.0	2.0
249	1.0	0.0	0.0	0.0	0.3330000000000002	2.667	0.0
250	3.0	0.0	2.0	0.0	0.9990000000000006	8.001	2.0
251	3.0	0.0	1.0	0.0	3.0	6.0	1.0
252	4.0	0.0	3.0	0.0	4.0	8.0	3.0
253	2.0	0.0	1.0	0.0	2.0	4.0	1.0
254	3.0	0.0	3.0	0.0	3.0	6.0	3.0
255	2.0	0.0	1.0	0.0	1.3360000000000003	4.664	1.0
256	1.0	0.0	1.0	0.0	0.3330000000000002	2.667	1.0
257	1.0	0.0	0.0	0.0	0.3330000000000002	2.667	0.0
258	2.0	0.0	1.0	0.0	2.0	4.0	1.0
259	2.0	1.0	1.0	1.0	3.0	6.0	2.0
260	1.0	0.0	1.0	0.0	1.0	2.0	1.0
261	3.0	0.0	2.0	0.0	3.0	6.0	2.0
262	2.0	0.0	0.0	0.0	0.6660000000000004	5.334	0.0
263	2.0	1.0	1.0	1.0	1.3330000000000002	4.667	1.0
264	1.0	0.0	1.0	0.0	0.3330000000000002	2.667	1.0
265	1.0	1.0	1.0	1.0	0.3330000000000002	2.667	1.0
266	1.0	2.0	1.0	2.0	0.9990000000000006	8.001	3.0
267	2.0	0.0	1.0	0.0	2.0	4.0	1.0
268	4.0	1.0	3.0	1.0	4.0	8.0	3.0
269	2.0	0.0	2.0	0.0	0.6660000000000004	5.334	2.0
270	3.0	0.0	1.0	0.0	3.0	6.0	1.0
271	3.0	0.0	0.0	0.0	3.0	6.0	0.0
272	2.0	2.0	1.0	2.0	3.0	6.0	2.0
273	3.0	1.0	2.0	0.0	4.0	8.0	2.0
274	2.0	5.0	2.0	3.0	6.0	12.0	4.0
275	1.0	1.0	0.0	1.0	1.0010000000000003	4.999	1.0
276	2.0	1.0	1.0	1.0	2.0	4.0	1.0
277	2.0	4.0	1.0	3.0	2.3320000000000007	12.668	3.0
278	2.0	1.0	2.0	1.0	1.733	4.2669999999999995	2.0
279	3.0	3.0	2.0	2.0	5.0	10.0	3.0
280	3.0	2.0	2.0	2.0	3.0	6.0	2.0
281	0.0	3.0	0.0	2.0	2.333	6.667	2.0
282	0.0	5.0	0.0	1.0	2.6660000000000004	9.334	1.0
283	3.0	2.0	2.0	2.0	3.333	8.667	3.0
284	2.0	1.0	1.0	1.0	1.6660000000000004	7.334	2.0
285	0.0	0.0	0.0	0.0	0.0	0.0	0.0
286	0.0	0.0	0.0	0.0	0.0	0.0	0.0
287	1.0	2.0	1.0	1.0	0.9990000000000006	8.001	2.0
288	0.0	2.0	0.0	1.0	0.6660000000000004	5.334	1.0
289	3.0	1.0	2.0	0.0	3.0	6.0	2.0
290	1.0	2.0	1.0	1.0	1.6660000000000004	7.334	2.0
291	3.0	2.0	0.0	2.0	1.9990000000000006	10.001	1.0
292	2.0	2.0	2.0	1.0	2.668	6.332	2.0
293	3.0	0.0	2.0	0.0	3.0	6.0	2.0
294	2.0	0.0	1.0	0.0	2.0	4.0	1.0
295	2.0	0.0	1.0	0.0	2.0	4.0	1.0
296	2.0	0.0	1.0	0.0	2.0	4.0	1.0
297	2.0	0.0	1.0	0.0	2.0	4.0	1.0
298	4.0	0.0	4.0	0.0	4.068	7.932	4.0
299	1.0	2.0	1.0	1.0	0.6660000000000004	5.334	1.0
300	1.0	0.0	1.0	0.0	1.0	2.0	1.0
301	2.0	1.0	2.0	1.0	0.9990000000000006	8.001	3.0
302	3.0	0.0	2.0	0.0	0.9990000000000006	8.001	2.0
303	3.0	1.0	3.0	1.0	3.0	6.0	3.0
304	4.0	0.0	1.0	0.0	3.068	5.932	1.0
305	3.0	0.0	1.0	0.0	3.0	6.0	1.0
306	3.0	3.0	1.0	1.0	4.668	10.332	2.0
307	1.0	0.0	0.0	0.0	1.4	1.6	0.0
308	3.0	0.0	3.0	0.0	3.0	6.0	3.0
309	2.0	0.0	1.0	0.0	0.6660000000000004	5.334	1.0
310	1.0	0.0	1.0	0.0	0.3330000000000002	2.667	1.0
311	1.0	0.0	1.0	0.0	0.3330000000000002	2.667	1.0
312	3.0	1.0	2.0	1.0	3.0	6.0	2.0
313	3.0	2.0	2.0	2.0	4.0	8.0	3.0
314	2.0	1.0	1.0	0.0	3.0	6.0	1.0
315	1.0	2.0	0.0	2.0	0.9990000000000006	8.001	2.0
316	2.0	0.0	0.0	0.0	2.0	4.0	0.0
317	3.0	1.0	1.0	1.0	2.0	7.0	1.0
318	3.0	1.0	2.0	0.0	1.9990000000000006	10.001	2.0
319	4.0	0.0	2.0	0.0	4.468	7.532	2.0
320	3.0	0.0	0.0	0.0	0.9990000000000006	8.001	0.0
321	2.0	1.0	2.0	1.0	2.0	4.0	2.0
322	2.0	0.0	2.0	0.0	2.0	4.0	2.0
323	2.0	0.0	2.0	0.0	2.0	4.0	2.0
324	3.0	0.0	2.0	0.0	3.068	5.932	2.0
325	4.0	2.0	2.0	1.0	4.404	10.596	3.0
326	1.0	0.0	0.0	0.0	1.0	2.0	0.0
327	1.0	0.0	0.0	0.0	0.3330000000000002	2.667	0.0
328	2.0	0.0	1.0	0.0	0.6660000000000004	5.334	1.0
329	0.0	1.0	0.0	1.0	1.0	2.0	1.0
330	1.0	1.0	0.0	1.0	2.0	4.0	1.0
331	0.0	0.0	0.0	0.0	0.0	0.0	0.0
332	2.0	0.0	1.0	0.0	2.0	4.0	1.0
333	1.0	0.0	1.0	0.0	0.3330000000000002	2.667	1.0
334	0.0	4.0	0.0	3.0	1.6660000000000004	7.334	2.0
335	4.0	0.0	2.0	0.0	4.0	8.0	2.0
336	0.0	0.0	0.0	0.0	0.0	0.0	0.0
337	3.0	0.0	3.0	0.0	3.0	6.0	3.0
338	2.0	1.0	2.0	1.0	3.0	6.0	3.0
339	3.0	1.0	3.0	0.0	2.6660000000000004	9.334	3.0
340	3.0	1.0	2.0	1.0	3.668	8.332	3.0
341	2.0	0.0	0.0	0.0	2.0	4.0	0.0
342	2.0	0.0	1.0	0.0	0.6660000000000004	5.334	1.0
343	0.0	0.0	0.0	0.0	0.0	0.0	0.0
344	2.0	1.0	0.0	1.0	0.9990000000000006	8.001	1.0
345	2.0	2.0	0.0	2.0	3.0	6.0	1.0
346	0.0	0.0	0.0	0.0	0.0	0.0	0.0
347	1.0	1.0	1.0	1.0	0.6660000000000004	5.334	2.0
348	1.0	0.0	0.0	0.0	0.3330000000000002	2.667	0.0
349	2.0	0.0	1.0	0.0	2.0	4.0	1.0
350	0.0	0.0	0.0	0.0	0.0	0.0	0.0
351	0.0	0.0	0.0	0.0	0.0	0.0	0.0
352	0.0	1.0	0.0	1.0	0.6680000000000001	2.332	1.0
353	3.0	0.0	1.0	0.0	3.0	6.0	1.0
354	1.0	0.0	1.0	0.0	1.0	2.0	1.0
355	2.0	0.0	2.0	0.0	0.6660000000000004	5.334	2.0
356	3.0	0.0	1.0	0.0	3.468	5.532	1.0
357	3.0	0.0	1.0	0.0	0.9990000000000006	8.001	1.0
358	2.0	0.0	0.0	0.0	0.6660000000000004	5.334	0.0
359	2.0	0.0	1.0	0.0	2.068	3.932	1.0
360	0.0	0.0	0.0	0.0	0.0	0.0	0.0
361	2.0	0.0	2.0	0.0	1.3360000000000003	4.664	2.0
362	1.0	0.0	1.0	0.0	1.0	2.0	1.0
363	1.0	0.0	0.0	0.0	0.3330000000000002	2.667	0.0
364	1.0	0.0	1.0	0.0	0.3330000000000002	2.667	1.0
365	1.0	0.0	1.0	0.0	1.4	1.6	1.0
366	2.0	1.0	0.0	1.0	1.6660000000000004	7.334	1.0
367	3.0	1.0	1.0	1.0	1.9990000000000006	10.001	2.0
368	2.0	4.0	2.0	4.0	2.6660000000000004	9.334	4.0
369	0.0	3.0	0.0	1.0	1.6660000000000004	7.334	1.0
370	3.0	0.0	2.0	0.0	3.0	6.0	2.0
371	2.0	0.0	2.0	0.0	2.0	4.0	2.0
372	5.0	1.0	4.0	1.0	3.333	8.667	3.0
373	1.0	3.0	1.0	2.0	2.3360000000000003	6.664	2.0
374	3.0	0.0	1.0	0.0	0.9990000000000006	8.001	1.0
375	1.0	0.0	1.0	0.0	1.0	2.0	1.0
376	1.0	2.0	0.0	1.0	3.0	6.0	1.0
377	2.0	2.0	2.0	2.0	3.0	6.0	3.0
378	2.0	4.0	1.0	2.0	4.333	10.667	3.0
379	2.0	1.0	1.0	0.0	3.0	6.0	1.0
380	1.0	1.0	0.0	0.0	1.0	2.0	0.0
381	0.0	0.0	0.0	0.0	0.0	0.0	0.0
382	2.0	1.0	1.0	0.0	3.0	6.0	1.0
383	2.0	1.0	0.0	0.0	2.0	4.0	0.0
384	2.0	1.0	2.0	1.0	3.0	6.0	3.0
385	1.0	3.0	1.0	2.0	4.0	8.0	3.0
386	0.0	0.0	0.0	0.0	0.0	0.0	0.0
387	1.0	1.0	1.0	1.0	0.6660000000000004	5.334	2.0
388	1.0	2.0	1.0	2.0	0.6660000000000004	5.334	2.0
389	1.0	6.0	1.0	4.0	4.333	10.667	3.0
390	2.0	3.0	2.0	3.0	2.333	6.667	3.0
391	0.0	3.0	0.0	2.0	1.6660000000000004	7.334	2.0
392	1.0	0.0	1.0	0.0	0.3330000000000002	2.667	1.0
393	1.0	1.0	0.0	0.0	0.6660000000000004	5.334	0.0
394	1.0	3.0	0.0	2.0	1.9990000000000006	10.001	2.0
395	3.0	3.0	2.0	2.0	3.0	6.0	2.0
396	1.0	1.0	1.0	1.0	2.0	4.0	2.0
397	1.0	3.0	1.0	3.0	1.3340000000000005	7.6659999999999995	3.0
398	3.0	3.0	1.0	3.0	4.0	11.0	3.0
399	3.0	3.0	1.0	2.0	4.0	8.0	2.0
400	2.0	0.0	1.0	0.0	2.0	4.0	1.0
401	0.0	0.0	0.0	0.0	0.0	0.0	0.0
402	0.0	3.0	0.0	2.0	2.668	6.332	2.0
403	4.0	0.0	1.0	0.0	4.0	8.0	1.0
404	3.0	1.0	3.0	0.0	3.333	8.667	3.0
405	3.0	0.0	2.0	0.0	0.9990000000000006	8.001	2.0
406	2.0	0.0	1.0	0.0	2.0	4.0	1.0
407	2.0	0.0	1.0	0.0	0.6660000000000004	5.334	1.0
408	1.0	0.0	1.0	0.0	1.0	2.0	1.0
409	2.0	0.0	1.0	0.0	2.0	4.0	1.0
410	2.0	2.0	2.0	2.0	3.0	6.0	3.0
411	3.0	2.0	1.0	1.0	1.6660000000000004	7.334	1.0
412	1.0	4.0	1.0	2.0	2.6660000000000004	9.334	2.0
413	1.0	0.0	1.0	0.0	0.3330000000000002	2.667	1.0
414	2.0	0.0	1.0	0.0	2.0	4.0	1.0
415	2.0	0.0	1.0	0.0	2.0	4.0	1.0
416	1.0	2.0	0.0	1.0	1.3330000000000002	4.667	1.0
417	3.0	0.0	2.0	0.0	3.0	6.0	2.0
418	1.0	1.0	1.0	0.0	0.6660000000000004	5.334	1.0
419	3.0	0.0	3.0	0.0	3.0	6.0	3.0
420	1.0	1.0	1.0	1.0	1.0	2.0	1.0
421	2.0	2.0	1.0	2.0	1.3320000000000007	10.668	3.0
422	1.0	0.0	1.0	0.0	0.3330000000000002	2.667	1.0
423	3.0	0.0	1.0	0.0	3.0	6.0	1.0
424	2.0	1.0	1.0	1.0	1.3330000000000002	4.667	1.0
425	0.0	1.0	0.0	0.0	0.3330000000000002	2.667	0.0
426	2.0	1.0	2.0	1.0	1.0010000000000003	4.999	2.0
427	1.0	0.0	1.0	0.0	0.3330000000000002	2.667	1.0
428	1.0	0.0	1.0	0.0	1.0	2.0	1.0
429	2.0	0.0	1.0	0.0	2.0	4.0	1.0
430	1.0	1.0	0.0	1.0	1.3330000000000002	4.667	1.0
431	2.0	0.0	1.0	0.0	2.0	4.0	1.0
432	2.0	0.0	1.0	0.0	2.068	3.932	1.0
433	3.0	0.0	3.0	0.0	0.9990000000000006	8.001	3.0
434	1.0	0.0	0.0	0.0	1.0	2.0	0.0
435	2.0	0.0	1.0	0.0	2.0	4.0	1.0
436	3.0	0.0	1.0	0.0	0.9990000000000006	8.001	1.0
437	1.0	0.0	0.0	0.0	0.3330000000000002	2.667	0.0
438	3.0	0.0	2.0	0.0	2.668	6.332	2.0
439	0.0	0.0	0.0	0.0	0.0	0.0	0.0
440	2.0	1.0	1.0	1.0	1.3330000000000002	4.667	1.0
441	0.0	0.0	0.0	0.0	0.0	0.0	0.0
442	4.0	0.0	3.0	0.0	4.8	7.2	3.0
443	2.0	4.0	1.0	4.0	4.068	7.932	3.0
444	1.0	2.0	0.0	1.0	1.6660000000000004	7.334	1.0
445	0.0	0.0	0.0	0.0	0.0	0.0	0.0
446	2.0	2.0	1.0	1.0	4.0	8.0	2.0
447	3.0	1.0	1.0	1.0	4.0	8.0	2.0
448	3.0	1.0	3.0	1.0	3.0	6.0	3.0
449	3.0	0.0	1.0	0.0	3.0	6.0	1.0
450	1.0	1.0	0.0	1.0	0.6660000000000004	5.334	1.0
451	0.0	0.0	0.0	0.0	0.0	0.0	0.0
452	2.0	0.0	2.0	0.0	0.6660000000000004	5.334	2.0
453	1.0	0.0	0.0	0.0	1.0	2.0	0.0
454	5.0	0.0	4.0	0.0	4.068	7.932	3.0
455	0.0	1.0	0.0	1.0	0.3330000000000002	2.667	1.0
456	1.0	1.0	0.0	1.0	0.6660000000000004	5.334	1.0
457	0.0	0.0	0.0	0.0	0.0	0.0	0.0
458	3.0	0.0	1.0	0.0	3.0	6.0	1.0
459	0.0	0.0	0.0	0.0	0.0	0.0	0.0
460	2.0	1.0	1.0	1.0	2.0	4.0	1.0
461	2.0	4.0	0.0	3.0	2.6690000000000005	9.331	2.0
462	1.0	2.0	0.0	1.0	1.6660000000000004	7.334	1.0
463	2.0	1.0	2.0	0.0	0.9990000000000006	8.001	2.0
464	3.0	2.0	2.0	2.0	3.333	8.667	3.0
465	0.0	1.0	0.0	0.0	0.3330000000000002	2.667	0.0
466	3.0	3.0	2.0	2.0	2.6660000000000004	9.334	3.0
467	2.0	4.0	1.0	1.0	2.3320000000000007	12.668	2.0
468	1.0	8.0	1.0	4.0	5.332000000000001	18.668	4.0
469	0.0	0.0	0.0	0.0	0.0	0.0	0.0
470	0.0	0.0	0.0	0.0	0.0	0.0	0.0
471	1.0	6.0	1.0	5.0	2.9990000000000006	12.001	4.0
472	2.0	0.0	1.0	0.0	1.6680000000000001	4.332	1.0
473	1.0	3.0	1.0	2.0	2.333	6.667	2.0
474	1.0	2.0	0.0	0.0	0.3330000000000002	2.667	0.0
475	0.0	0.0	0.0	0.0	0.0	0.0	0.0
476	0.0	0.0	0.0	0.0	0.0	0.0	0.0
477	0.0	0.0	0.0	0.0	0.0	0.0	0.0
478	0.0	0.0	0.0	0.0	0.0	0.0	0.0
479	0.0	0.0	0.0	0.0	0.0	0.0	0.0
480	0.0	0.0	0.0	0.0	0.0	0.0	0.0
481	0.0	0.0	0.0	0.0	0.0	0.0	0.0
482	0.0	0.0	0.0	0.0	0.0	0.0	0.0
483	0.0	0.0	0.0	0.0	0.0	0.0	0.0
484	0.0	0.0	0.0	0.0	0.0	0.0	0.0
485	0.0	0.0	0.0	0.0	0.0	0.0	0.0
486	0.0	0.0	0.0	0.0	0.0	0.0	0.0
487	1.0	2.0	0.0	1.0	1.3330000000000002	4.667	1.0
488	0.0	3.0	0.0	1.0	0.6660000000000004	5.334	1.0
489	1.0	2.0	0.0	2.0	2.0	4.0	1.0
490	1.0	1.0	0.0	1.0	1.6680000000000001	4.332	1.0
491	1.0	1.0	1.0	0.0	2.0	4.0	1.0
492	1.0	1.0	1.0	1.0	1.0	2.0	1.0
493	2.0	3.0	2.0	1.0	4.0	8.0	3.0
494	2.0	0.0	1.0	0.0	2.0	4.0	1.0
495	2.0	3.0	2.0	2.0	4.0	8.0	3.0
496	2.0	0.0	0.0	0.0	2.0	4.0	0.0
497	0.0	0.0	0.0	0.0	0.0	0.0	0.0
498	3.0	1.0	2.0	1.0	1.3320000000000007	10.668	3.0
499	3.0	0.0	3.0	0.0	3.0	6.0	3.0
500	0.0	0.0	0.0	0.0	0.0	0.0	0.0
501	3.0	0.0	2.0	0.0	3.0	6.0	2.0
502	1.0	0.0	0.0	0.0	0.3330000000000002	2.667	0.0
503	2.0	1.0	2.0	1.0	3.4	5.6	3.0
504	3.0	0.0	2.0	0.0	0.9990000000000006	8.001	2.0
505	3.0	2.0	3.0	2.0	1.6660000000000004	7.334	3.0
506	2.0	0.0	2.0	0.0	1.0	2.0	1.0
507	1.0	0.0	0.0	0.0	0.6680000000000001	2.332	0.0
