all_syn	all_nonSyn	tip_syn	tip_nonSyn	S	N	comparisons
001	0.0	0.0	0.0	0.0	0.0	0.0	0.0
002	0.0	0.0	0.0	0.0	0.0	0.0	0.0
003	0.0	0.0	0.0	0.0	0.0	0.0	0.0
004	0.0	0.0	0.0	0.0	0.0	0.0	0.0
005	0.0	0.0	0.0	0.0	0.0	0.0	0.0
006	0.0	0.0	0.0	0.0	0.0	0.0	0.0
007	0.0	0.0	0.0	0.0	0.0	0.0	0.0
008	0.0	0.0	0.0	0.0	0.0	0.0	0.0
009	0.0	0.0	0.0	0.0	0.0	0.0	0.0
010	0.0	0.0	0.0	0.0	0.0	0.0	0.0
011	0.0	0.0	0.0	0.0	0.0	0.0	0.0
012	0.0	0.0	0.0	0.0	0.0	0.0	0.0
013	0.0	0.0	0.0	0.0	0.0	0.0	0.0
014	0.0	0.0	0.0	0.0	0.0	0.0	0.0
015	0.0	0.0	0.0	0.0	0.0	0.0	0.0
016	0.0	0.0	0.0	0.0	0.0	0.0	0.0
017	0.0	0.0	0.0	0.0	0.0	0.0	0.0
018	0.0	0.0	0.0	0.0	0.0	0.0	0.0
019	0.0	0.0	0.0	0.0	0.0	0.0	0.0
020	0.0	0.0	0.0	0.0	0.0	0.0	0.0
021	0.0	0.0	0.0	0.0	0.0	0.0	0.0
022	0.0	0.0	0.0	0.0	0.0	0.0	0.0
023	0.0	0.0	0.0	0.0	0.0	0.0	0.0
024	0.0	0.0	0.0	0.0	0.0	0.0	0.0
025	0.0	0.0	0.0	0.0	0.0	0.0	0.0
026	0.0	0.0	0.0	0.0	0.0	0.0	0.0
027	0.0	0.0	0.0	0.0	0.0	0.0	0.0
028	0.0	0.0	0.0	0.0	0.0	0.0	0.0
029	0.0	0.0	0.0	0.0	0.0	0.0	0.0
030	0.0	0.0	0.0	0.0	0.0	0.0	0.0
031	0.0	0.0	0.0	0.0	0.0	0.0	0.0
032	0.0	0.0	0.0	0.0	0.0	0.0	0.0
033	0.0	0.0	0.0	0.0	0.0	0.0	0.0
034	0.0	0.0	0.0	0.0	0.0	0.0	0.0
035	0.0	0.0	0.0	0.0	0.0	0.0	0.0
036	0.0	0.0	0.0	0.0	0.0	0.0	0.0
037	0.0	1.0	0.0	1.0	0.3330000000000002	2.667	1.0
038	0.0	0.0	0.0	0.0	0.0	0.0	0.0
039	0.0	0.0	0.0	0.0	0.0	0.0	0.0
040	0.0	0.0	0.0	0.0	0.0	0.0	0.0
041	0.0	0.0	0.0	0.0	0.0	0.0	0.0
042	0.0	0.0	0.0	0.0	0.0	0.0	0.0
043	0.0	0.0	0.0	0.0	0.0	0.0	0.0
044	0.0	0.0	0.0	0.0	0.0	0.0	0.0
045	0.0	0.0	0.0	0.0	0.0	0.0	0.0
046	0.0	0.0	0.0	0.0	0.0	0.0	0.0
047	0.0	0.0	0.0	0.0	0.0	0.0	0.0
048	0.0	0.0	0.0	0.0	0.0	0.0	0.0
049	0.0	0.0	0.0	0.0	0.0	0.0	0.0
050	0.0	0.0	0.0	0.0	0.0	0.0	0.0
051	0.0	0.0	0.0	0.0	0.0	0.0	0.0
052	0.0	0.0	0.0	0.0	0.0	0.0	0.0
053	0.0	0.0	0.0	0.0	0.0	0.0	0.0
054	0.0	0.0	0.0	0.0	0.0	0.0	0.0
055	0.0	0.0	0.0	0.0	0.0	0.0	0.0
056	0.0	0.0	0.0	0.0	0.0	0.0	0.0
057	0.0	0.0	0.0	0.0	0.0	0.0	0.0
058	0.0	0.0	0.0	0.0	0.0	0.0	0.0
059	0.0	0.0	0.0	0.0	0.0	0.0	0.0
060	0.0	0.0	0.0	0.0	0.0	0.0	0.0
061	0.0	0.0	0.0	0.0	0.0	0.0	0.0
062	0.0	0.0	0.0	0.0	0.0	0.0	0.0
063	0.0	0.0	0.0	0.0	0.0	0.0	0.0
064	0.0	0.0	0.0	0.0	0.0	0.0	0.0
065	0.0	0.0	0.0	0.0	0.0	0.0	0.0
066	0.0	0.0	0.0	0.0	0.0	0.0	0.0
067	0.0	0.0	0.0	0.0	0.0	0.0	0.0
068	0.0	0.0	0.0	0.0	0.0	0.0	0.0
069	0.0	0.0	0.0	0.0	0.0	0.0	0.0
070	0.0	0.0	0.0	0.0	0.0	0.0	0.0
071	0.0	0.0	0.0	0.0	0.0	0.0	0.0
072	0.0	0.0	0.0	0.0	0.0	0.0	0.0
073	1.0	0.0	1.0	0.0	1.0	2.0	1.0
074	0.0	0.0	0.0	0.0	0.0	0.0	0.0
075	1.0	0.0	1.0	0.0	0.3330000000000002	2.667	1.0
076	2.0	1.0	2.0	1.0	2.0	4.0	2.0
077	0.0	0.0	0.0	0.0	0.0	0.0	0.0
078	2.0	0.0	1.0	0.0	2.0	4.0	1.0
079	1.0	0.0	1.0	0.0	0.3330000000000002	2.667	1.0
080	0.0	0.0	0.0	0.0	0.0	0.0	0.0
081	1.0	1.0	1.0	0.0	2.0	4.0	1.0
082	0.0	0.0	0.0	0.0	0.0	0.0	0.0
083	1.0	0.0	1.0	0.0	1.0	2.0	1.0
084	1.0	0.0	1.0	0.0	0.3330000000000002	2.667	1.0
085	0.0	2.0	0.0	1.0	0.6660000000000004	5.334	1.0
086	0.0	0.0	0.0	0.0	0.0	0.0	0.0
087	2.0	0.0	1.0	0.0	1.3360000000000003	4.664	1.0
088	2.0	0.0	1.0	0.0	2.0	4.0	1.0
089	1.0	0.0	1.0	0.0	0.3330000000000002	2.667	1.0
090	1.0	0.0	1.0	0.0	0.6680000000000001	2.332	1.0
091	2.0	0.0	2.0	0.0	2.0	4.0	2.0
092	1.0	0.0	1.0	0.0	0.6680000000000001	2.332	1.0
093	0.0	0.0	0.0	0.0	0.0	0.0	0.0
094	0.0	0.0	0.0	0.0	0.0	0.0	0.0
095	0.0	0.0	0.0	0.0	0.0	0.0	0.0
096	0.0	0.0	0.0	0.0	0.0	0.0	0.0
097	0.0	0.0	0.0	0.0	0.0	0.0	0.0
098	0.0	0.0	0.0	0.0	0.0	0.0	0.0
099	4.0	0.0	3.0	0.0	3.3360000000000003	8.664	3.0
100	1.0	0.0	1.0	0.0	1.0	2.0	1.0
101	0.0	0.0	0.0	0.0	0.0	0.0	0.0
102	3.0	0.0	2.0	0.0	3.0	6.0	2.0
103	0.0	0.0	0.0	0.0	0.0	0.0	0.0
104	2.0	0.0	2.0	0.0	2.0	4.0	2.0
105	0.0	0.0	0.0	0.0	0.0	0.0	0.0
106	1.0	0.0	1.0	0.0	0.3330000000000002	2.667	1.0
107	3.0	0.0	2.0	0.0	0.9990000000000006	8.001	2.0
108	3.0	0.0	2.0	0.0	3.068	5.932	2.0
109	1.0	0.0	1.0	0.0	1.0	2.0	1.0
110	2.0	0.0	2.0	0.0	2.0	4.0	2.0
111	2.0	0.0	2.0	0.0	1.3360000000000003	4.664	2.0
112	1.0	0.0	1.0	0.0	1.0	2.0	1.0
113	1.0	0.0	1.0	0.0	1.0	2.0	1.0
114	2.0	1.0	2.0	1.0	2.0	4.0	2.0
115	1.0	0.0	1.0	0.0	0.3330000000000002	2.667	1.0
116	0.0	0.0	0.0	0.0	0.0	0.0	0.0
117	1.0	0.0	1.0	0.0	1.0	2.0	1.0
118	0.0	0.0	0.0	0.0	0.0	0.0	0.0
119	0.0	0.0	0.0	0.0	0.0	0.0	0.0
120	0.0	1.0	0.0	1.0	1.0	2.0	1.0
121	1.0	0.0	1.0	0.0	0.3330000000000002	2.667	1.0
122	3.0	0.0	3.0	0.0	3.0	6.0	3.0
123	3.0	0.0	3.0	0.0	1.6680000000000001	4.332	2.0
124	3.0	0.0	2.0	0.0	0.9990000000000006	8.001	2.0
125	2.0	1.0	2.0	1.0	0.9990000000000006	8.001	3.0
126	3.0	1.0	1.0	1.0	3.0040000000000004	8.995999999999999	2.0
127	1.0	0.0	1.0	0.0	1.0	2.0	1.0
128	1.0	1.0	1.0	1.0	0.6660000000000004	5.334	2.0
129	1.0	1.0	0.0	1.0	2.0	4.0	1.0
130	2.0	0.0	1.0	0.0	0.6660000000000004	5.334	1.0
131	0.0	0.0	0.0	0.0	0.0	0.0	0.0
132	0.0	0.0	0.0	0.0	0.0	0.0	0.0
133	0.0	0.0	0.0	0.0	0.0	0.0	0.0
134	3.0	0.0	2.0	0.0	0.9990000000000006	8.001	2.0
135	0.0	0.0	0.0	0.0	0.0	0.0	0.0
136	2.0	1.0	1.0	1.0	2.668	6.332	2.0
137	2.0	0.0	2.0	0.0	0.6680000000000001	2.332	1.0
138	1.0	0.0	1.0	0.0	0.3330000000000002	2.667	1.0
139	3.0	0.0	2.0	0.0	3.0	6.0	2.0
140	1.0	0.0	1.0	0.0	1.0	2.0	1.0
141	1.0	1.0	0.0	1.0	0.6660000000000004	5.334	1.0
142	1.0	2.0	1.0	2.0	2.333	6.667	3.0
143	2.0	0.0	1.0	0.0	2.0	4.0	1.0
144	0.0	0.0	0.0	0.0	0.0	0.0	0.0
145	0.0	0.0	0.0	0.0	0.0	0.0	0.0
146	1.0	2.0	1.0	0.0	1.6660000000000004	7.334	1.0
147	2.0	1.0	2.0	1.0	2.0	4.0	2.0
148	1.0	1.0	1.0	1.0	2.068	3.932	2.0
149	1.0	0.0	1.0	0.0	0.3330000000000002	2.667	1.0
150	2.0	2.0	2.0	2.0	1.3330000000000002	4.667	2.0
151	2.0	0.0	1.0	0.0	2.0	4.0	1.0
152	2.0	0.0	2.0	0.0	2.0	4.0	2.0
153	0.0	0.0	0.0	0.0	0.0	0.0	0.0
154	0.0	2.0	0.0	2.0	0.3330000000000002	2.667	1.0
155	3.0	1.0	2.0	1.0	4.0	8.0	3.0
156	0.0	1.0	0.0	0.0	0.3330000000000002	2.667	0.0
157	1.0	1.0	1.0	0.0	1.3360000000000003	4.664	1.0
158	4.0	1.0	2.0	1.0	4.668	10.332	3.0
159	1.0	1.0	1.0	1.0	0.6660000000000004	5.334	2.0
160	1.0	1.0	1.0	0.0	0.6660000000000004	5.334	1.0
161	1.0	2.0	0.0	1.0	2.3360000000000003	6.664	1.0
162	1.0	0.0	1.0	0.0	1.0	2.0	1.0
163	1.0	0.0	1.0	0.0	1.0	2.0	1.0
164	3.0	0.0	2.0	0.0	3.4	5.6	2.0
165	4.0	0.0	2.0	0.0	5.199999999999999	6.800000000000001	2.0
166	1.0	2.0	1.0	2.0	1.3330000000000002	4.667	2.0
167	0.0	0.0	0.0	0.0	0.0	0.0	0.0
168	3.0	0.0	3.0	0.0	3.4	5.6	3.0
169	2.0	0.0	2.0	0.0	1.0	2.0	1.0
170	2.0	2.0	2.0	2.0	2.333	6.667	3.0
171	1.0	4.0	0.0	3.0	1.9990000000000006	10.001	2.0
172	1.0	0.0	1.0	0.0	1.0	2.0	1.0
173	3.0	0.0	2.0	0.0	3.0	6.0	2.0
174	2.0	0.0	1.0	0.0	2.0	4.0	1.0
175	1.0	0.0	1.0	0.0	1.4	1.6	1.0
176	1.0	1.0	1.0	0.0	2.0	4.0	1.0
177	1.0	0.0	1.0	0.0	0.3330000000000002	2.667	1.0
178	3.0	1.0	2.0	1.0	4.0	8.0	3.0
179	1.0	1.0	1.0	0.0	2.0	4.0	1.0
180	1.0	2.0	1.0	2.0	1.6680000000000001	4.332	2.0
181	1.0	0.0	1.0	0.0	0.3330000000000002	2.667	1.0
182	1.0	3.0	1.0	3.0	1.6660000000000004	7.334	3.0
183	2.0	3.0	1.0	1.0	3.333	8.667	2.0
184	1.0	0.0	1.0	0.0	0.3330000000000002	2.667	1.0
185	0.0	0.0	0.0	0.0	0.0	0.0	0.0
186	1.0	0.0	1.0	0.0	0.3330000000000002	2.667	1.0
187	1.0	0.0	1.0	0.0	0.3330000000000002	2.667	1.0
188	2.0	4.0	1.0	4.0	1.9990000000000006	10.001	3.0
189	1.0	0.0	0.0	0.0	0.3330000000000002	2.667	0.0
190	3.0	0.0	3.0	0.0	1.6680000000000001	4.332	2.0
191	4.0	0.0	1.0	0.0	4.0	8.0	1.0
192	2.0	0.0	1.0	0.0	1.3360000000000003	4.664	1.0
193	1.0	0.0	1.0	0.0	1.0	2.0	1.0
194	1.0	0.0	1.0	0.0	1.0	2.0	1.0
195	3.0	1.0	2.0	1.0	1.3320000000000007	10.668	3.0
196	5.0	0.0	4.0	0.0	5.0	10.0	4.0
197	0.0	0.0	0.0	0.0	0.0	0.0	0.0
198	1.0	0.0	1.0	0.0	0.3330000000000002	2.667	1.0
199	3.0	1.0	3.0	1.0	4.0	8.0	4.0
200	1.0	0.0	1.0	0.0	0.3330000000000002	2.667	1.0
201	2.0	0.0	2.0	0.0	0.6660000000000004	5.334	2.0
202	1.0	0.0	1.0	0.0	1.0	2.0	1.0
203	2.0	0.0	2.0	0.0	1.3360000000000003	4.664	2.0
204	2.0	0.0	2.0	0.0	2.0	4.0	2.0
205	4.0	0.0	3.0	0.0	4.868	7.132	3.0
206	1.0	0.0	1.0	0.0	1.4	1.6	1.0
207	2.0	0.0	1.0	0.0	2.0	4.0	1.0
208	5.0	1.0	2.0	1.0	6.0	12.0	3.0
209	4.0	0.0	3.0	0.0	4.0	8.0	3.0
210	2.0	0.0	2.0	0.0	2.0	4.0	2.0
211	2.0	0.0	1.0	0.0	1.6680000000000001	4.332	1.0
212	2.0	0.0	2.0	0.0	2.0	4.0	2.0
213	2.0	0.0	1.0	0.0	0.6660000000000004	5.334	1.0
214	2.0	0.0	1.0	0.0	2.4	3.6	1.0
215	0.0	1.0	0.0	1.0	0.6680000000000001	2.332	1.0
216	2.0	1.0	2.0	1.0	2.0	4.0	2.0
217	1.0	2.0	1.0	2.0	2.4	3.6	2.0
218	5.0	2.0	5.0	1.0	6.0	12.0	5.0
219	2.0	4.0	1.0	2.0	2.333	6.667	1.0
220	1.0	0.0	1.0	0.0	0.3330000000000002	2.667	1.0
221	3.0	0.0	2.0	0.0	0.9990000000000006	8.001	2.0
222	2.0	0.0	2.0	0.0	2.0	4.0	2.0
223	1.0	2.0	1.0	2.0	1.0	2.0	1.0
224	3.0	1.0	2.0	1.0	4.0	8.0	3.0
225	3.0	0.0	2.0	0.0	3.0	6.0	2.0
226	3.0	4.0	3.0	1.0	3.9990000000000006	14.001	3.0
227	4.0	2.0	3.0	2.0	2.3320000000000007	12.668	4.0
228	3.0	0.0	2.0	0.0	3.0	6.0	2.0
229	2.0	1.0	2.0	1.0	2.068	3.932	2.0
230	3.0	0.0	2.0	0.0	3.0	6.0	2.0
231	2.0	2.0	1.0	2.0	3.668	8.332	3.0
232	2.0	0.0	1.0	0.0	1.6680000000000001	4.332	1.0
233	3.0	1.0	2.0	1.0	3.333	8.667	3.0
234	1.0	1.0	1.0	0.0	2.0	4.0	1.0
235	2.0	1.0	1.0	1.0	0.6660000000000004	5.334	1.0
236	2.0	0.0	1.0	0.0	2.4	3.6	1.0
237	3.0	0.0	3.0	0.0	3.0	6.0	3.0
238	3.0	0.0	2.0	0.0	3.0	6.0	2.0
239	5.0	0.0	3.0	0.0	5.0	10.0	3.0
240	2.0	1.0	0.0	1.0	3.0	6.0	1.0
241	1.0	0.0	1.0	0.0	0.3330000000000002	2.667	1.0
242	1.0	0.0	1.0	0.0	0.3330000000000002	2.667	1.0
243	1.0	0.0	1.0	0.0	1.0	2.0	1.0
244	0.0	0.0	0.0	0.0	0.0	0.0	0.0
245	3.0	0.0	3.0	0.0	3.0	6.0	3.0
246	3.0	0.0	3.0	0.0	3.0	6.0	3.0
247	2.0	0.0	2.0	0.0	2.0	4.0	2.0
248	2.0	0.0	1.0	0.0	0.6660000000000004	5.334	1.0
249	3.0	0.0	2.0	0.0	0.9990000000000006	8.001	2.0
250	1.0	0.0	0.0	0.0	0.6680000000000001	2.332	0.0
251	1.0	0.0	1.0	0.0	1.0	2.0	1.0
252	1.0	0.0	1.0	0.0	1.0	2.0	1.0
253	1.0	0.0	1.0	0.0	0.3330000000000002	2.667	1.0
254	3.0	0.0	2.0	0.0	0.9990000000000006	8.001	2.0
255	1.0	0.0	1.0	0.0	0.3330000000000002	2.667	1.0
256	2.0	0.0	2.0	0.0	2.0	4.0	2.0
257	2.0	1.0	1.0	1.0	3.0	6.0	2.0
258	3.0	2.0	2.0	1.0	4.736	10.264	3.0
259	2.0	0.0	1.0	0.0	2.4	3.6	1.0
260	3.0	1.0	2.0	1.0	0.9990000000000006	8.001	2.0
261	3.0	2.0	2.0	2.0	4.0	8.0	3.0
262	1.0	2.0	1.0	1.0	2.333	6.667	2.0
263	3.0	3.0	3.0	3.0	3.333	8.667	4.0
264	3.0	0.0	3.0	0.0	3.0	6.0	3.0
265	4.0	0.0	3.0	0.0	3.0040000000000004	8.995999999999999	3.0
266	2.0	1.0	1.0	1.0	0.9990000000000006	8.001	2.0
267	3.0	0.0	2.0	0.0	0.9990000000000006	8.001	2.0
268	0.0	0.0	0.0	0.0	0.0	0.0	0.0
269	0.0	0.0	0.0	0.0	0.0	0.0	0.0
270	0.0	1.0	0.0	1.0	0.3330000000000002	2.667	1.0
271	2.0	0.0	1.0	0.0	0.6660000000000004	5.334	1.0
272	3.0	0.0	3.0	0.0	1.6680000000000001	4.332	2.0
273	2.0	0.0	2.0	0.0	0.6660000000000004	5.334	2.0
274	1.0	0.0	1.0	0.0	0.3330000000000002	2.667	1.0
275	3.0	0.0	3.0	0.0	3.0	6.0	3.0
276	1.0	1.0	1.0	1.0	1.0	2.0	1.0
277	3.0	3.0	2.0	3.0	3.333	8.667	3.0
278	1.0	0.0	1.0	0.0	1.0	2.0	1.0
279	3.0	0.0	2.0	0.0	3.8	5.2	2.0
280	2.0	0.0	1.0	0.0	1.3360000000000003	4.664	1.0
281	0.0	2.0	0.0	1.0	0.6660000000000004	5.334	1.0
282	3.0	1.0	3.0	1.0	2.3360000000000003	6.664	3.0
283	3.0	0.0	3.0	0.0	3.4	5.6	3.0
284	2.0	1.0	1.0	1.0	1.6690000000000005	7.3309999999999995	2.0
285	4.0	1.0	3.0	1.0	4.333	10.667	4.0
286	3.0	0.0	2.0	0.0	3.0	6.0	2.0
287	3.0	1.0	3.0	1.0	4.0	8.0	4.0
288	2.0	0.0	2.0	0.0	2.0	4.0	2.0
289	0.0	0.0	0.0	0.0	0.0	0.0	0.0
290	4.0	0.0	3.0	0.0	4.0	8.0	3.0
291	0.0	0.0	0.0	0.0	0.0	0.0	0.0
292	1.0	0.0	1.0	0.0	0.3330000000000002	2.667	1.0
293	1.0	0.0	1.0	0.0	1.0	2.0	1.0
294	1.0	0.0	0.0	0.0	0.3330000000000002	2.667	0.0
295	4.0	0.0	3.0	0.0	4.0	8.0	3.0
296	3.0	0.0	3.0	0.0	3.0	6.0	3.0
297	2.0	0.0	1.0	0.0	2.0	4.0	1.0
298	1.0	0.0	1.0	0.0	0.3330000000000002	2.667	1.0
299	1.0	1.0	1.0	1.0	1.0	2.0	1.0
300	0.0	0.0	0.0	0.0	0.0	0.0	0.0
301	2.0	0.0	1.0	0.0	0.6660000000000004	5.334	1.0
302	1.0	0.0	1.0	0.0	1.0	2.0	1.0
303	2.0	2.0	2.0	1.0	1.6660000000000004	7.334	2.0
304	3.0	1.0	2.0	1.0	3.0	6.0	2.0
305	2.0	0.0	1.0	0.0	2.0	4.0	1.0
306	3.0	2.0	2.0	1.0	3.0	6.0	2.0
307	3.0	0.0	2.0	0.0	2.3360000000000003	6.664	2.0
308	3.0	3.0	2.0	2.0	2.6660000000000004	9.334	3.0
309	3.0	3.0	3.0	2.0	4.0	8.0	3.0
310	2.0	0.0	2.0	0.0	2.0	4.0	2.0
311	0.0	0.0	0.0	0.0	0.0	0.0	0.0
312	4.0	1.0	3.0	1.0	1.9990000000000006	10.001	3.0
313	2.0	0.0	2.0	0.0	2.0	4.0	2.0
314	3.0	2.0	2.0	2.0	4.0	8.0	3.0
315	2.0	1.0	2.0	1.0	3.068	5.932	3.0
316	2.0	0.0	1.0	0.0	2.0	4.0	1.0
317	1.0	0.0	1.0	0.0	1.0	2.0	1.0
318	2.0	0.0	2.0	0.0	2.0	4.0	2.0
319	1.0	0.0	1.0	0.0	1.0	2.0	1.0
320	2.0	0.0	2.0	0.0	2.0	4.0	2.0
321	3.0	0.0	2.0	0.0	3.068	5.932	2.0
322	1.0	0.0	1.0	0.0	0.3330000000000002	2.667	1.0
323	3.0	0.0	1.0	0.0	2.4	3.6	1.0
324	4.0	0.0	3.0	0.0	4.068	7.932	3.0
325	1.0	0.0	0.0	0.0	0.3330000000000002	2.667	0.0
326	3.0	0.0	2.0	0.0	0.9990000000000006	8.001	2.0
327	3.0	0.0	3.0	0.0	3.0	6.0	3.0
328	2.0	0.0	2.0	0.0	2.4	3.6	2.0
329	2.0	0.0	1.0	0.0	1.6680000000000001	4.332	1.0
330	4.0	0.0	3.0	0.0	4.0	8.0	3.0
331	1.0	2.0	0.0	2.0	1.6680000000000001	7.332	2.0
332	0.0	0.0	0.0	0.0	0.0	0.0	0.0
333	1.0	0.0	1.0	0.0	0.3330000000000002	2.667	1.0
334	1.0	1.0	1.0	0.0	0.6680000000000001	5.332	1.0
335	1.0	0.0	1.0	0.0	0.3330000000000002	2.667	1.0
336	1.0	0.0	1.0	0.0	0.3330000000000002	2.667	1.0
337	1.0	0.0	1.0	0.0	0.3330000000000002	2.667	1.0
338	1.0	0.0	0.0	0.0	1.0	2.0	0.0
339	1.0	1.0	0.0	1.0	1.3330000000000002	4.667	1.0
340	2.0	2.0	2.0	1.0	1.3320000000000007	10.668	3.0
341	2.0	0.0	1.0	0.0	1.3360000000000003	4.664	1.0
342	1.0	0.0	1.0	0.0	1.0	2.0	1.0
343	2.0	0.0	1.0	0.0	0.6660000000000004	5.334	1.0
344	1.0	2.0	0.0	2.0	0.9990000000000006	8.001	2.0
345	3.0	0.0	3.0	0.0	2.0040000000000004	6.9959999999999996	3.0
346	0.0	1.0	0.0	1.0	0.3330000000000002	2.667	1.0
347	1.0	0.0	1.0	0.0	0.3330000000000002	2.667	1.0
348	1.0	0.0	0.0	0.0	0.3330000000000002	2.667	0.0
349	0.0	0.0	0.0	0.0	0.0	0.0	0.0
350	1.0	0.0	1.0	0.0	0.3330000000000002	2.667	1.0
351	2.0	0.0	2.0	0.0	1.3360000000000003	4.664	2.0
352	2.0	0.0	1.0	0.0	2.0	4.0	1.0
353	2.0	0.0	2.0	0.0	2.068	3.932	2.0
354	4.0	0.0	4.0	0.0	1.3360000000000003	4.664	2.0
355	0.0	0.0	0.0	0.0	0.0	0.0	0.0
356	2.0	0.0	2.0	0.0	2.0	4.0	2.0
357	0.0	1.0	0.0	1.0	0.3330000000000002	2.667	1.0
358	1.0	0.0	0.0	0.0	1.0	2.0	0.0
359	6.0	0.0	5.0	0.0	5.468	9.532	4.0
360	1.0	0.0	0.0	0.0	1.0	2.0	0.0
361	4.0	0.0	3.0	0.0	4.4	7.6	3.0
362	2.0	0.0	1.0	0.0	2.0	4.0	1.0
363	3.0	0.0	3.0	0.0	3.0	6.0	3.0
364	2.0	0.0	2.0	0.0	0.6660000000000004	5.334	2.0
365	1.0	0.0	1.0	0.0	0.3330000000000002	2.667	1.0
366	0.0	0.0	0.0	0.0	0.0	0.0	0.0
367	2.0	0.0	1.0	0.0	2.0	4.0	1.0
368	4.0	0.0	3.0	0.0	4.0	8.0	3.0
369	4.0	0.0	4.0	0.0	2.668	6.332	3.0
370	3.0	0.0	2.0	0.0	2.3360000000000003	6.664	2.0
371	2.0	1.0	1.0	0.0	2.3360000000000003	6.664	1.0
372	3.0	0.0	2.0	0.0	3.0	6.0	2.0
373	1.0	0.0	1.0	0.0	1.0	2.0	1.0
374	3.0	0.0	2.0	0.0	3.0	6.0	2.0
375	3.0	0.0	2.0	0.0	3.4	5.6	2.0
376	4.0	3.0	2.0	2.0	2.3310000000000013	18.668999999999997	4.0
377	2.0	0.0	1.0	0.0	0.6660000000000004	5.334	1.0
378	4.0	0.0	2.0	0.0	4.868	7.132	2.0
379	0.0	0.0	0.0	0.0	0.0	0.0	0.0
380	1.0	4.0	1.0	2.0	1.665000000000001	13.334999999999999	3.0
381	1.0	5.0	1.0	4.0	1.9990000000000006	10.001	3.0
382	0.0	0.0	0.0	0.0	0.0	0.0	0.0
383	1.0	0.0	1.0	0.0	0.3330000000000002	2.667	1.0
384	2.0	0.0	1.0	0.0	0.6660000000000004	5.334	1.0
385	3.0	1.0	2.0	1.0	4.0	8.0	3.0
386	1.0	0.0	1.0	0.0	1.4	1.6	1.0
387	5.0	0.0	3.0	0.0	5.8	9.2	3.0
388	4.0	0.0	4.0	0.0	4.0	8.0	4.0
389	5.0	0.0	4.0	0.0	5.0	10.0	4.0
390	3.0	0.0	3.0	0.0	3.0	6.0	3.0
391	1.0	0.0	1.0	0.0	1.0	2.0	1.0
392	2.0	0.0	1.0	0.0	2.0	4.0	1.0
393	4.0	0.0	4.0	0.0	4.0	8.0	4.0
394	6.0	0.0	6.0	0.0	3.668	8.332	4.0
395	0.0	0.0	0.0	0.0	0.0	0.0	0.0
396	1.0	0.0	0.0	0.0	1.0	2.0	0.0
397	1.0	1.0	0.0	1.0	2.0	4.0	1.0
398	1.0	0.0	1.0	0.0	1.0	2.0	1.0
399	1.0	0.0	1.0	0.0	1.0	2.0	1.0
400	0.0	4.0	0.0	3.0	1.6660000000000004	7.334	2.0
401	3.0	0.0	3.0	0.0	0.9990000000000006	8.001	3.0
402	4.0	1.0	3.0	1.0	5.468	9.532	4.0
403	0.0	2.0	0.0	2.0	1.0	2.0	1.0
404	3.0	0.0	2.0	0.0	3.0	6.0	2.0
405	4.0	0.0	2.0	0.0	3.668	8.332	2.0
406	1.0	0.0	1.0	0.0	0.3330000000000002	2.667	1.0
407	4.0	1.0	3.0	1.0	2.736	9.264	3.0
408	5.0	0.0	4.0	0.0	5.0	10.0	4.0
409	0.0	0.0	0.0	0.0	0.0	0.0	0.0
410	3.0	1.0	3.0	1.0	4.0	8.0	4.0
411	1.0	0.0	1.0	0.0	0.3330000000000002	2.667	1.0
412	3.0	0.0	2.0	0.0	3.8	5.2	2.0
413	4.0	0.0	4.0	0.0	2.668	6.332	3.0
414	1.0	0.0	1.0	0.0	0.3330000000000002	2.667	1.0
415	1.0	0.0	1.0	0.0	0.3330000000000002	2.667	1.0
416	4.0	3.0	3.0	1.0	5.0	10.0	3.0
417	0.0	4.0	0.0	3.0	1.6660000000000004	7.334	2.0
418	2.0	5.0	2.0	3.0	1.998000000000001	16.002	4.0
419	3.0	0.0	2.0	0.0	1.6680000000000001	4.332	1.0
420	0.0	0.0	0.0	0.0	0.0	0.0	0.0
421	2.0	2.0	1.0	2.0	1.3320000000000007	10.668	3.0
422	2.0	0.0	1.0	0.0	2.4	3.6	1.0
423	4.0	0.0	2.0	0.0	3.668	8.332	2.0
424	1.0	0.0	1.0	0.0	0.3330000000000002	2.667	1.0
425	0.0	0.0	0.0	0.0	0.0	0.0	0.0
426	1.0	0.0	1.0	0.0	0.3330000000000002	2.667	1.0
427	1.0	1.0	1.0	1.0	2.0	4.0	2.0
428	0.0	0.0	0.0	0.0	0.0	0.0	0.0
429	2.0	0.0	0.0	0.0	2.0	4.0	0.0
430	0.0	0.0	0.0	0.0	0.0	0.0	0.0
431	3.0	0.0	2.0	0.0	3.0	6.0	2.0
432	4.0	1.0	3.0	1.0	4.333	10.667	4.0
433	1.0	0.0	1.0	0.0	0.3330000000000002	2.667	1.0
434	1.0	0.0	1.0	0.0	0.3330000000000002	2.667	1.0
435	1.0	0.0	1.0	0.0	0.3330000000000002	2.667	1.0
436	0.0	0.0	0.0	0.0	0.0	0.0	0.0
437	1.0	0.0	1.0	0.0	1.0	2.0	1.0
438	2.0	0.0	1.0	0.0	2.0	4.0	1.0
439	2.0	0.0	2.0	0.0	0.6660000000000004	5.334	2.0
440	4.0	0.0	4.0	0.0	4.0	8.0	4.0
441	1.0	1.0	1.0	1.0	0.6660000000000004	5.334	2.0
442	4.0	0.0	2.0	0.0	4.0	8.0	2.0
443	0.0	0.0	0.0	0.0	0.0	0.0	0.0
444	1.0	0.0	0.0	0.0	0.3330000000000002	2.667	0.0
445	2.0	0.0	2.0	0.0	2.4	3.6	2.0
446	3.0	0.0	3.0	0.0	3.0	6.0	3.0
447	0.0	0.0	0.0	0.0	0.0	0.0	0.0
448	3.0	0.0	2.0	0.0	3.0	6.0	2.0
449	3.0	0.0	2.0	0.0	3.0	6.0	2.0
450	2.0	0.0	1.0	0.0	2.0	4.0	1.0
451	0.0	0.0	0.0	0.0	0.0	0.0	0.0
452	7.0	0.0	5.0	0.0	6.0040000000000004	14.996	5.0
453	0.0	1.0	0.0	1.0	0.3330000000000002	2.667	1.0
454	0.0	0.0	0.0	0.0	0.0	0.0	0.0
455	4.0	0.0	4.0	0.0	4.0	8.0	4.0
456	0.0	0.0	0.0	0.0	0.0	0.0	0.0
457	0.0	0.0	0.0	0.0	0.0	0.0	0.0
458	1.0	0.0	1.0	0.0	1.0	2.0	1.0
459	1.0	0.0	1.0	0.0	0.3330000000000002	2.667	1.0
460	3.0	0.0	2.0	0.0	0.9990000000000006	8.001	2.0
461	1.0	0.0	1.0	0.0	1.0	2.0	1.0
462	1.0	0.0	1.0	0.0	1.0	2.0	1.0
463	0.0	0.0	0.0	0.0	0.0	0.0	0.0
464	3.0	0.0	1.0	0.0	2.0040000000000004	6.9959999999999996	1.0
465	4.0	0.0	3.0	0.0	3.068	5.932	2.0
466	0.0	2.0	0.0	2.0	0.6660000000000004	5.334	2.0
467	2.0	2.0	2.0	2.0	1.3320000000000007	10.668	4.0
468	1.0	1.0	1.0	1.0	0.6660000000000004	5.334	2.0
469	0.0	1.0	0.0	1.0	0.3330000000000002	2.667	1.0
470	5.0	0.0	4.0	0.0	5.0	10.0	4.0
471	0.0	4.0	0.0	3.0	1.9990000000000006	10.001	3.0
472	1.0	1.0	1.0	0.0	2.0	4.0	1.0
473	2.0	2.0	1.0	1.0	4.0	8.0	2.0
474	2.0	0.0	1.0	0.0	2.0	4.0	1.0
475	4.0	1.0	3.0	1.0	2.000000000000001	13.0	4.0
476	4.0	0.0	3.0	0.0	5.199999999999999	6.800000000000001	3.0
477	1.0	1.0	1.0	1.0	2.0	4.0	2.0
478	2.0	1.0	1.0	1.0	0.9990000000000006	8.001	2.0
479	2.0	0.0	2.0	0.0	1.3360000000000003	4.664	2.0
480	0.0	0.0	0.0	0.0	0.0	0.0	0.0
481	0.0	0.0	0.0	0.0	0.0	0.0	0.0
482	1.0	2.0	1.0	2.0	2.0010000000000003	6.999	3.0
483	2.0	0.0	2.0	0.0	2.0	4.0	2.0
484	0.0	0.0	0.0	0.0	0.0	0.0	0.0
485	0.0	1.0	0.0	0.0	0.3330000000000002	2.667	0.0
486	2.0	2.0	2.0	1.0	1.3320000000000007	10.668	3.0
487	1.0	0.0	1.0	0.0	0.3330000000000002	2.667	1.0
488	0.0	0.0	0.0	0.0	0.0	0.0	0.0
489	1.0	2.0	1.0	0.0	2.0	4.0	1.0
490	4.0	0.0	3.0	0.0	4.0	8.0	3.0
491	4.0	0.0	3.0	0.0	3.0040000000000004	8.995999999999999	3.0
492	3.0	0.0	2.0	0.0	3.0	6.0	2.0
493	3.0	0.0	2.0	0.0	2.0040000000000004	6.9959999999999996	2.0
494	2.0	0.0	2.0	0.0	2.0	4.0	2.0
495	0.0	0.0	0.0	0.0	0.0	0.0	0.0
496	1.0	0.0	1.0	0.0	0.3330000000000002	2.667	1.0
497	1.0	0.0	1.0	0.0	0.3330000000000002	2.667	1.0
498	1.0	0.0	0.0	0.0	1.0	2.0	0.0
499	4.0	0.0	4.0	0.0	4.0	8.0	4.0
500	3.0	0.0	2.0	0.0	3.0	6.0	2.0
501	4.0	0.0	3.0	0.0	3.0040000000000004	8.995999999999999	3.0
502	3.0	0.0	3.0	0.0	3.0	6.0	3.0
503	2.0	1.0	2.0	1.0	1.0	2.0	1.0
504	0.0	0.0	0.0	0.0	0.0	0.0	0.0
505	1.0	0.0	1.0	0.0	1.0	2.0	1.0
506	3.0	0.0	1.0	0.0	3.0	6.0	1.0
507	2.0	0.0	2.0	0.0	0.6660000000000004	5.334	2.0
508	0.0	1.0	0.0	1.0	0.6680000000000001	2.332	1.0
509	4.0	0.0	3.0	0.0	3.3360000000000003	8.664	3.0
510	1.0	0.0	1.0	0.0	0.3330000000000002	2.667	1.0
511	1.0	0.0	1.0	0.0	0.3330000000000002	2.667	1.0
512	3.0	0.0	3.0	0.0	2.3360000000000003	6.664	3.0
513	0.0	0.0	0.0	0.0	0.0	0.0	0.0
514	0.0	1.0	0.0	1.0	1.0	2.0	1.0
515	2.0	0.0	2.0	0.0	2.0	4.0	2.0
516	3.0	0.0	2.0	0.0	3.0	6.0	2.0
517	3.0	1.0	2.0	1.0	4.199999999999999	7.8	3.0
518	1.0	0.0	1.0	0.0	0.3330000000000002	2.667	1.0
519	3.0	0.0	2.0	0.0	3.0	6.0	2.0
520	0.0	3.0	0.0	1.0	2.3360000000000003	6.664	1.0
521	0.0	1.0	0.0	0.0	0.6680000000000001	2.332	0.0
522	0.0	0.0	0.0	0.0	0.0	0.0	0.0
523	0.0	0.0	0.0	0.0	0.0	0.0	0.0
524	1.0	0.0	0.0	0.0	1.4	1.6	0.0
525	0.0	0.0	0.0	0.0	0.0	0.0	0.0
526	4.0	0.0	3.0	0.0	4.0	8.0	3.0
527	1.0	1.0	0.0	1.0	0.6660000000000004	5.334	1.0
528	2.0	2.0	1.0	1.0	4.0	8.0	2.0
529	1.0	0.0	1.0	0.0	0.3330000000000002	2.667	1.0
530	1.0	0.0	0.0	0.0	0.3330000000000002	2.667	0.0
531	1.0	2.0	1.0	2.0	0.9990000000000006	8.001	3.0
532	2.0	0.0	1.0	0.0	2.0	4.0	1.0
533	2.0	0.0	1.0	0.0	2.0	4.0	1.0
534	0.0	0.0	0.0	0.0	0.0	0.0	0.0
535	0.0	0.0	0.0	0.0	0.0	0.0	0.0
536	1.0	0.0	0.0	0.0	0.3330000000000002	2.667	0.0
537	2.0	0.0	2.0	0.0	2.8	3.2	2.0
538	2.0	1.0	2.0	1.0	1.0	2.0	1.0
539	4.0	0.0	3.0	0.0	4.0	8.0	3.0
540	2.0	0.0	1.0	0.0	1.3360000000000003	4.664	1.0
541	4.0	0.0	2.0	0.0	4.0	8.0	2.0
542	1.0	0.0	1.0	0.0	1.0	2.0	1.0
543	0.0	0.0	0.0	0.0	0.0	0.0	0.0
544	3.0	0.0	2.0	0.0	2.668	6.332	2.0
545	0.0	0.0	0.0	0.0	0.0	0.0	0.0
546	1.0	0.0	1.0	0.0	0.3330000000000002	2.667	1.0
547	0.0	0.0	0.0	0.0	0.0	0.0	0.0
548	2.0	0.0	1.0	0.0	0.6660000000000004	5.334	1.0
549	0.0	1.0	0.0	0.0	0.3330000000000002	2.667	0.0
550	1.0	3.0	1.0	1.0	2.333	6.667	1.0
551	0.0	0.0	0.0	0.0	0.0	0.0	0.0
