pos	Sd	Nd	Sd_tip	Nd_tip	S	N	comparisons
001	0.0	0.0	0.0	0.0	0.0	0.0	0.0
002	0.0	0.0	0.0	0.0	0.0	0.0	0.0
003	0.0	0.0	0.0	0.0	0.0	0.0	0.0
004	0.0	0.0	0.0	0.0	0.0	0.0	0.0
005	0.0	0.0	0.0	0.0	0.0	0.0	0.0
006	0.0	0.0	0.0	0.0	0.0	0.0	0.0
007	0.0	0.0	0.0	0.0	0.0	0.0	0.0
008	0.0	0.0	0.0	0.0	0.0	0.0	0.0
009	0.0	0.0	0.0	0.0	0.0	0.0	0.0
010	0.0	0.0	0.0	0.0	0.0	0.0	0.0
011	0.0	0.0	0.0	0.0	0.0	0.0	0.0
012	0.0	0.0	0.0	0.0	0.0	0.0	0.0
013	0.0	0.0	0.0	0.0	0.0	0.0	0.0
014	0.0	0.0	0.0	0.0	0.0	0.0	0.0
015	0.0	0.0	0.0	0.0	0.0	0.0	0.0
016	1.0	0.0	0.0	0.0	0.3330000000000002	2.667	0.0
017	2.0	0.0	1.0	0.0	2.0	4.0	1.0
018	1.0	1.0	0.0	1.0	2.0	4.0	1.0
019	3.0	1.0	1.0	1.0	4.0	8.0	2.0
020	1.0	2.0	1.0	2.0	1.3330000000000002	4.667	2.0
021	1.0	1.0	0.0	1.0	2.0	4.0	1.0
022	2.0	0.0	1.0	0.0	2.0	4.0	1.0
023	2.0	2.0	2.0	1.0	3.0	6.0	2.0
024	1.0	1.0	1.0	1.0	1.0	2.0	1.0
025	1.0	0.0	1.0	0.0	0.3330000000000002	2.667	1.0
026	1.0	4.0	1.0	4.0	2.0010000000000003	6.999	3.0
027	1.0	2.0	1.0	2.0	1.0	2.0	1.0
028	0.0	0.0	0.0	0.0	0.0	0.0	0.0
029	0.0	0.0	0.0	0.0	0.0	0.0	0.0
030	0.0	0.0	0.0	0.0	0.0	0.0	0.0
031	0.0	0.0	0.0	0.0	0.0	0.0	0.0
032	0.0	0.0	0.0	0.0	0.0	0.0	0.0
033	0.0	0.0	0.0	0.0	0.0	0.0	0.0
034	1.0	2.0	1.0	2.0	0.3330000000000002	2.667	1.0
035	2.0	2.0	1.0	2.0	1.3330000000000002	7.667	2.0
036	1.0	2.0	1.0	1.0	3.0	6.0	2.0
037	0.0	0.0	0.0	0.0	0.0	0.0	0.0
038	0.0	0.0	0.0	0.0	0.0	0.0	0.0
039	0.0	0.0	0.0	0.0	0.0	0.0	0.0
040	2.0	2.0	0.0	2.0	0.9990000000000006	8.001	1.0
041	2.0	2.0	1.0	2.0	0.9990000000000006	8.001	2.0
042	4.0	1.0	3.0	1.0	2.6690000000000005	9.331	3.0
043	2.0	0.0	0.0	0.0	2.0	4.0	0.0
044	3.0	1.0	1.0	1.0	4.0	8.0	2.0
045	3.0	1.0	1.0	1.0	3.668	8.332	2.0
046	2.0	2.0	2.0	1.0	3.0	6.0	2.0
047	2.0	0.0	2.0	0.0	2.0	4.0	2.0
048	2.0	0.0	1.0	0.0	2.0	4.0	1.0
049	2.0	0.0	0.0	0.0	2.4	3.6	0.0
050	3.0	0.0	2.0	0.0	3.0	6.0	2.0
051	3.0	0.0	2.0	0.0	3.0	6.0	2.0
052	3.0	0.0	3.0	0.0	3.0	6.0	3.0
053	0.0	0.0	0.0	0.0	0.0	0.0	0.0
054	1.0	5.0	0.0	3.0	2.3360000000000003	6.664	2.0
055	0.0	0.0	0.0	0.0	0.0	0.0	0.0
056	1.0	0.0	1.0	0.0	1.0	2.0	1.0
057	3.0	4.0	1.0	1.0	6.333	14.667	2.0
058	1.0	1.0	1.0	1.0	1.6680000000000001	4.332	2.0
059	3.0	0.0	2.0	0.0	3.0	6.0	2.0
060	2.0	2.0	1.0	2.0	3.4	5.6	2.0
061	3.0	0.0	0.0	0.0	3.0	6.0	0.0
062	1.0	0.0	0.0	0.0	1.0	2.0	0.0
063	3.0	1.0	1.0	1.0	3.0040000000000004	8.995999999999999	2.0
064	2.0	4.0	1.0	2.0	1.3340000000000005	7.6659999999999995	2.0
065	2.0	2.0	1.0	2.0	1.6660000000000004	7.334	2.0
066	1.0	1.0	1.0	1.0	1.3330000000000002	4.667	2.0
067	1.0	1.0	1.0	1.0	2.0	4.0	2.0
068	3.0	1.0	3.0	1.0	3.4	5.6	3.0
069	0.0	0.0	0.0	0.0	0.0	0.0	0.0
070	0.0	0.0	0.0	0.0	0.0	0.0	0.0
071	0.0	0.0	0.0	0.0	0.0	0.0	0.0
072	0.0	0.0	0.0	0.0	0.0	0.0	0.0
073	2.0	0.0	1.0	0.0	2.0	4.0	1.0
074	0.0	5.0	0.0	3.0	1.3320000000000007	10.668	2.0
075	2.0	0.0	2.0	0.0	2.0	4.0	2.0
076	1.0	0.0	1.0	0.0	0.3330000000000002	2.667	1.0
077	2.0	0.0	0.0	0.0	2.0	4.0	0.0
078	1.0	0.0	1.0	0.0	1.0	2.0	1.0
079	4.0	0.0	1.0	0.0	4.0	8.0	1.0
080	2.0	0.0	0.0	0.0	1.3360000000000003	4.664	0.0
081	3.0	1.0	2.0	1.0	2.333	6.667	2.0
082	0.0	0.0	0.0	0.0	0.0	0.0	0.0
083	0.0	0.0	0.0	0.0	0.0	0.0	0.0
084	1.0	3.0	1.0	2.0	3.0	6.0	2.0
085	3.0	1.0	1.0	1.0	4.0	8.0	2.0
086	1.0	0.0	1.0	0.0	0.3330000000000002	2.667	1.0
087	0.0	0.0	0.0	0.0	0.0	0.0	0.0
088	2.0	0.0	2.0	0.0	0.6660000000000004	5.334	2.0
089	2.0	0.0	1.0	0.0	0.6660000000000004	5.334	1.0
090	2.0	0.0	1.0	0.0	2.0	4.0	1.0
091	2.0	2.0	1.0	2.0	3.0	6.0	2.0
092	2.0	0.0	1.0	0.0	2.0	4.0	1.0
093	2.0	2.0	1.0	1.0	1.6660000000000004	7.334	2.0
094	1.0	1.0	1.0	0.0	2.0	4.0	1.0
095	1.0	1.0	1.0	1.0	1.0010000000000003	4.999	2.0
096	1.0	0.0	1.0	0.0	1.0	2.0	1.0
097	1.0	0.0	1.0	0.0	0.3330000000000002	2.667	1.0
098	2.0	0.0	1.0	0.0	2.0	4.0	1.0
099	3.0	1.0	3.0	1.0	3.0	6.0	3.0
100	0.0	1.0	0.0	1.0	1.0	2.0	1.0
101	2.0	0.0	2.0	0.0	2.0	4.0	2.0
102	5.0	1.0	4.0	0.0	4.001	10.999	4.0
103	2.0	0.0	2.0	0.0	2.0	4.0	2.0
104	1.0	0.0	0.0	0.0	0.3330000000000002	2.667	0.0
105	1.0	1.0	1.0	1.0	0.6660000000000004	5.334	2.0
106	2.0	2.0	2.0	2.0	4.0	8.0	4.0
107	2.0	0.0	1.0	0.0	0.6660000000000004	5.334	1.0
108	0.0	0.0	0.0	0.0	0.0	0.0	0.0
109	0.0	1.0	0.0	1.0	0.3330000000000002	2.667	1.0
110	2.0	0.0	2.0	0.0	1.0	2.0	1.0
111	4.0	0.0	4.0	0.0	3.668	8.332	4.0
112	1.0	0.0	1.0	0.0	0.3330000000000002	2.667	1.0
113	3.0	2.0	3.0	2.0	3.4	5.6	3.0
114	2.0	0.0	0.0	0.0	0.6660000000000004	5.334	0.0
115	3.0	0.0	2.0	0.0	3.068	5.932	2.0
116	1.0	0.0	1.0	0.0	0.3330000000000002	2.667	1.0
117	1.0	0.0	0.0	0.0	0.3330000000000002	2.667	0.0
118	2.0	0.0	2.0	0.0	2.0	4.0	2.0
119	3.0	0.0	2.0	0.0	2.3360000000000003	6.664	2.0
120	0.0	0.0	0.0	0.0	0.0	0.0	0.0
121	1.0	0.0	0.0	0.0	1.0	2.0	0.0
122	2.0	2.0	2.0	2.0	2.333	6.667	3.0
123	1.0	2.0	1.0	2.0	1.3330000000000002	4.667	2.0
124	0.0	2.0	0.0	1.0	0.6660000000000004	5.334	1.0
125	3.0	1.0	1.0	0.0	2.333	6.667	1.0
126	2.0	3.0	0.0	2.0	3.333	8.667	2.0
127	0.0	0.0	0.0	0.0	0.0	0.0	0.0
128	0.0	6.0	0.0	2.0	1.9990000000000006	10.001	1.0
129	3.0	0.0	3.0	0.0	2.668	6.332	3.0
130	3.0	0.0	2.0	0.0	2.668	6.332	2.0
131	2.0	0.0	2.0	0.0	0.6660000000000004	5.334	2.0
132	0.0	1.0	0.0	1.0	1.0	2.0	1.0
133	3.0	0.0	2.0	0.0	0.9990000000000006	8.001	2.0
134	2.0	0.0	1.0	0.0	2.0	4.0	1.0
135	3.0	1.0	3.0	1.0	2.668	6.332	3.0
136	3.0	0.0	2.0	0.0	1.6680000000000001	4.332	1.0
137	3.0	0.0	2.0	0.0	2.068	3.932	1.0
138	1.0	0.0	1.0	0.0	0.3330000000000002	2.667	1.0
139	2.0	0.0	2.0	0.0	2.0	4.0	2.0
140	1.0	2.0	0.0	2.0	0.6660000000000004	5.334	1.0
141	0.0	0.0	0.0	0.0	0.0	0.0	0.0
142	1.0	0.0	1.0	0.0	0.3330000000000002	2.667	1.0
143	3.0	1.0	2.0	1.0	1.3330000000000002	4.667	1.0
144	1.0	3.0	0.0	2.0	1.3320000000000007	10.668	2.0
145	1.0	1.0	1.0	1.0	1.0	2.0	1.0
146	3.0	0.0	2.0	0.0	1.6680000000000001	4.332	1.0
147	2.0	4.0	1.0	2.0	1.9990000000000006	10.001	2.0
148	2.0	1.0	0.0	1.0	3.0	6.0	1.0
149	1.0	4.0	0.0	2.0	1.9990000000000006	10.001	2.0
150	2.0	2.0	1.0	2.0	1.6660000000000004	7.334	2.0
151	2.0	2.0	2.0	2.0	2.333	6.667	3.0
152	1.0	0.0	0.0	0.0	0.3330000000000002	2.667	0.0
153	2.0	1.0	1.0	1.0	1.3330000000000002	4.667	1.0
154	6.0	0.0	2.0	0.0	4.736000000000001	10.264	2.0
155	1.0	0.0	1.0	0.0	0.3330000000000002	2.667	1.0
156	1.0	1.0	1.0	1.0	0.3330000000000002	2.667	1.0
157	2.0	0.0	1.0	0.0	0.6660000000000004	5.334	1.0
158	2.0	0.0	1.0	0.0	2.0	4.0	1.0
159	1.0	3.0	1.0	2.0	2.3360000000000003	6.664	2.0
160	1.0	2.0	0.0	1.0	0.6660000000000004	5.334	1.0
161	2.0	0.0	1.0	0.0	2.0	4.0	1.0
162	1.0	1.0	0.0	1.0	0.6660000000000004	5.334	1.0
163	2.0	0.0	1.0	0.0	2.0	4.0	1.0
164	1.0	0.0	1.0	0.0	0.3330000000000002	2.667	1.0
165	3.0	0.0	1.0	0.0	2.0040000000000004	6.9959999999999996	1.0
166	3.0	1.0	3.0	0.0	1.3320000000000007	10.668	3.0
167	2.0	1.0	1.0	1.0	0.9990000000000006	8.001	2.0
168	1.0	0.0	1.0	0.0	1.0	2.0	1.0
169	2.0	0.0	1.0	0.0	2.0	4.0	1.0
170	4.0	2.0	1.0	1.0	4.333	10.667	2.0
171	2.0	2.0	1.0	1.0	1.733	4.2669999999999995	1.0
172	4.0	4.0	2.0	2.0	6.4	11.6	3.0
173	0.0	0.0	0.0	0.0	0.0	0.0	0.0
174	0.0	0.0	0.0	0.0	0.0	0.0	0.0
175	0.0	0.0	0.0	0.0	0.0	0.0	0.0
176	0.0	0.0	0.0	0.0	0.0	0.0	0.0
177	0.0	0.0	0.0	0.0	0.0	0.0	0.0
178	2.0	3.0	1.0	3.0	2.6660000000000004	9.334	3.0
179	2.0	5.0	0.0	1.0	2.6660000000000004	9.334	1.0
180	4.0	3.0	3.0	2.0	2.6670000000000007	12.332999999999998	4.0
181	2.0	7.0	1.0	4.0	6.6690000000000005	17.331	4.0
182	2.0	1.0	2.0	1.0	1.3330000000000002	4.667	2.0
183	1.0	4.0	1.0	3.0	1.6660000000000004	7.334	2.0
184	2.0	4.0	1.0	3.0	3.668	8.332	2.0
185	0.0	1.0	0.0	1.0	1.0	2.0	1.0
186	1.0	4.0	1.0	3.0	1.9990000000000006	10.001	3.0
187	2.0	1.0	1.0	1.0	0.9990000000000006	8.001	2.0
188	0.0	3.0	0.0	3.0	2.668	6.332	3.0
189	2.0	1.0	2.0	0.0	0.9990000000000006	8.001	2.0
190	2.0	0.0	0.0	0.0	0.6660000000000004	5.334	0.0
191	0.0	1.0	0.0	1.0	0.6680000000000001	2.332	1.0
192	0.0	0.0	0.0	0.0	0.0	0.0	0.0
193	1.0	2.0	0.0	2.0	2.668	6.332	2.0
194	2.0	0.0	1.0	0.0	0.6660000000000004	5.334	1.0
195	3.0	2.0	3.0	1.0	3.333	8.667	3.0
196	1.0	2.0	1.0	0.0	1.3360000000000003	7.664	1.0
197	2.0	0.0	2.0	0.0	2.0	4.0	2.0
198	1.0	2.0	1.0	2.0	0.3330000000000002	5.667	2.0
199	2.0	2.0	2.0	2.0	1.6660000000000004	7.334	3.0
200	1.0	0.0	0.0	0.0	0.3330000000000002	2.667	0.0
201	1.0	0.0	1.0	0.0	0.3330000000000002	2.667	1.0
202	2.0	4.0	1.0	4.0	1.665000000000001	13.334999999999999	4.0
203	1.0	0.0	1.0	0.0	0.3330000000000002	2.667	1.0
204	4.0	0.0	3.0	0.0	4.068	7.932	3.0
205	3.0	0.0	2.0	0.0	0.9990000000000006	8.001	2.0
206	1.0	0.0	1.0	0.0	1.0	2.0	1.0
207	3.0	0.0	3.0	0.0	2.4	3.6	2.0
208	5.0	1.0	3.0	1.0	6.0680000000000005	11.931999999999999	4.0
209	1.0	2.0	0.0	1.0	1.6680000000000001	7.332	1.0
210	3.0	1.0	1.0	1.0	4.0	8.0	2.0
211	1.0	1.0	1.0	1.0	0.6660000000000004	5.334	2.0
212	2.0	3.0	2.0	0.0	1.3320000000000007	10.668	2.0
213	1.0	1.0	0.0	1.0	0.6660000000000004	5.334	1.0
214	2.0	1.0	1.0	1.0	3.0	6.0	2.0
215	4.0	1.0	3.0	1.0	5.0	10.0	4.0
216	1.0	3.0	1.0	3.0	0.3330000000000002	5.667	2.0
217	3.0	2.0	1.0	1.0	3.333	8.667	2.0
218	1.0	2.0	0.0	0.0	1.3330000000000002	4.667	0.0
219	0.0	4.0	0.0	2.0	1.6660000000000004	7.334	1.0
220	2.0	2.0	0.0	0.0	2.0	4.0	0.0
221	2.0	1.0	0.0	1.0	3.0	6.0	1.0
222	0.0	2.0	0.0	0.0	0.6660000000000004	5.334	0.0
223	1.0	0.0	0.0	0.0	1.0	2.0	0.0
224	1.0	0.0	0.0	0.0	1.0	2.0	0.0
225	0.0	0.0	0.0	0.0	0.0	0.0	0.0
226	0.0	1.0	0.0	0.0	1.0	2.0	0.0
227	2.0	2.0	1.0	2.0	1.6660000000000004	7.334	2.0
228	3.0	4.0	1.0	3.0	4.333	10.667	2.0
229	2.0	3.0	1.0	2.0	3.0	9.0	3.0
230	2.0	5.0	2.0	4.0	1.665000000000001	13.334999999999999	4.0
231	4.0	2.0	2.0	0.0	6.0	12.0	2.0
232	1.0	0.0	0.0	0.0	0.3330000000000002	2.667	0.0
233	3.0	3.0	2.0	0.0	6.0	12.0	2.0
234	2.0	3.0	1.0	2.0	2.3320000000000007	12.668	3.0
235	2.0	2.0	1.0	0.0	0.9990000000000006	8.001	1.0
236	4.0	2.0	2.0	2.0	4.068	10.931999999999999	3.0
237	3.0	0.0	2.0	0.0	3.0	6.0	2.0
238	1.0	0.0	1.0	0.0	0.3330000000000002	2.667	1.0
239	2.0	0.0	1.0	0.0	0.6660000000000004	5.334	1.0
240	1.0	0.0	0.0	0.0	0.3330000000000002	2.667	0.0
241	1.0	1.0	0.0	1.0	0.6660000000000004	5.334	1.0
242	3.0	0.0	2.0	0.0	0.9990000000000006	8.001	2.0
243	1.0	1.0	0.0	1.0	0.6660000000000004	5.334	1.0
244	2.0	3.0	1.0	2.0	3.333	11.667	3.0
245	5.0	1.0	1.0	1.0	3.4040000000000004	8.596	1.0
246	0.0	0.0	0.0	0.0	0.0	0.0	0.0
247	0.0	2.0	0.0	2.0	1.0010000000000003	4.999	2.0
248	3.0	3.0	1.0	2.0	1.9990000000000006	10.001	2.0
249	5.0	0.0	3.0	0.0	3.4040000000000004	8.596	2.0
250	3.0	1.0	2.0	1.0	3.668	8.332	3.0
251	1.0	0.0	1.0	0.0	1.0	2.0	1.0
252	2.0	1.0	1.0	1.0	0.9990000000000006	8.001	2.0
253	2.0	1.0	1.0	1.0	0.9990000000000006	8.001	2.0
254	2.0	5.0	2.0	2.0	2.665000000000001	15.334999999999999	3.0
255	1.0	5.0	1.0	3.0	1.9990000000000006	10.001	2.0
256	0.0	2.0	0.0	1.0	1.3330000000000002	4.667	1.0
257	2.0	3.0	1.0	3.0	4.4	7.6	3.0
258	1.0	0.0	1.0	0.0	0.3330000000000002	2.667	1.0
259	2.0	0.0	1.0	0.0	2.0	4.0	1.0
260	0.0	0.0	0.0	0.0	0.0	0.0	0.0
261	1.0	0.0	0.0	0.0	1.0	2.0	0.0
262	1.0	1.0	0.0	1.0	0.6660000000000004	5.334	1.0
263	1.0	1.0	1.0	1.0	0.3330000000000002	2.667	1.0
264	0.0	0.0	0.0	0.0	0.0	0.0	0.0
265	1.0	0.0	1.0	0.0	0.3330000000000002	2.667	1.0
266	0.0	1.0	0.0	1.0	0.6680000000000001	2.332	1.0
267	2.0	0.0	2.0	0.0	2.0	4.0	2.0
268	0.0	0.0	0.0	0.0	0.0	0.0	0.0
