pos	Sd	Nd	Sd_tip	Nd_tip	S	N	comparisons
001	0.0	0.0	0.0	0.0	0.0	0.0	0.0
002	1.0	2.0	0.0	0.0	2.0	4.0	0.0
003	0.0	0.0	0.0	0.0	0.0	0.0	0.0
004	1.0	2.0	1.0	0.0	0.9990000000000006	8.001	1.0
005	0.0	2.0	0.0	0.0	1.0	2.0	0.0
006	0.0	0.0	0.0	0.0	0.0	0.0	0.0
007	0.0	1.0	0.0	0.0	0.6680000000000001	2.332	0.0
008	1.0	0.0	0.0	0.0	0.3330000000000002	2.667	0.0
009	0.0	0.0	0.0	0.0	0.0	0.0	0.0
010	1.0	2.0	0.0	0.0	1.0	2.0	0.0
011	0.0	3.0	0.0	1.0	2.333	6.667	1.0
012	0.0	2.0	0.0	0.0	0.6660000000000004	5.334	0.0
013	1.0	1.0	0.0	0.0	0.6680000000000001	2.332	0.0
014	0.0	0.0	0.0	0.0	0.0	0.0	0.0
015	1.0	1.0	0.0	0.0	1.0	2.0	0.0
016	1.0	1.0	0.0	0.0	0.3330000000000002	2.667	0.0
017	1.0	4.0	0.0	3.0	0.6660000000000004	8.334	2.0
018	1.0	0.0	0.0	0.0	0.3330000000000002	2.667	0.0
019	1.0	0.0	0.0	0.0	1.0	2.0	0.0
020	0.0	4.0	0.0	2.0	1.6660000000000004	7.334	2.0
021	1.0	0.0	1.0	0.0	0.3330000000000002	2.667	1.0
022	1.0	1.0	1.0	0.0	2.0	4.0	1.0
023	0.0	1.0	0.0	1.0	0.6680000000000001	2.332	1.0
024	1.0	0.0	1.0	0.0	0.3330000000000002	2.667	1.0
025	0.0	0.0	0.0	0.0	0.0	0.0	0.0
026	1.0	1.0	0.0	0.0	1.0	2.0	0.0
027	0.0	1.0	0.0	1.0	0.6680000000000001	2.332	1.0
028	0.0	0.0	0.0	0.0	0.0	0.0	0.0
029	1.0	1.0	1.0	1.0	1.3330000000000002	4.667	2.0
030	1.0	2.0	1.0	0.0	2.0	4.0	1.0
031	2.0	0.0	1.0	0.0	2.0	4.0	1.0
032	1.0	0.0	1.0	0.0	0.3330000000000002	2.667	1.0
033	1.0	0.0	0.0	0.0	0.3330000000000002	2.667	0.0
034	1.0	0.0	1.0	0.0	1.0	2.0	1.0
035	0.0	0.0	0.0	0.0	0.0	0.0	0.0
036	2.0	1.0	1.0	1.0	3.0	6.0	2.0
037	1.0	0.0	0.0	0.0	0.3330000000000002	2.667	0.0
038	0.0	1.0	0.0	1.0	1.0	2.0	1.0
039	2.0	0.0	1.0	0.0	2.0	4.0	1.0
040	1.0	2.0	1.0	1.0	1.6660000000000004	7.334	2.0
041	3.0	0.0	2.0	0.0	3.068	5.932	2.0
042	1.0	0.0	1.0	0.0	1.0	2.0	1.0
043	0.0	1.0	0.0	1.0	1.0	2.0	1.0
044	1.0	0.0	1.0	0.0	0.3330000000000002	2.667	1.0
045	1.0	1.0	0.0	1.0	0.6680000000000001	5.332	1.0
046	0.0	0.0	0.0	0.0	0.0	0.0	0.0
047	4.0	0.0	2.0	0.0	3.068	5.932	1.0
048	0.0	2.0	0.0	2.0	0.3330000000000002	2.667	1.0
049	1.0	0.0	1.0	0.0	1.4	1.6	1.0
050	1.0	0.0	0.0	0.0	1.0	2.0	0.0
051	3.0	0.0	2.0	0.0	3.0	6.0	2.0
052	3.0	0.0	2.0	0.0	1.6680000000000001	4.332	1.0
053	0.0	0.0	0.0	0.0	0.0	0.0	0.0
054	0.0	0.0	0.0	0.0	0.0	0.0	0.0
055	0.0	0.0	0.0	0.0	0.0	0.0	0.0
056	0.0	0.0	0.0	0.0	0.0	0.0	0.0
057	1.0	0.0	1.0	0.0	0.3330000000000002	2.667	1.0
058	2.0	0.0	1.0	0.0	2.0	4.0	1.0
059	1.0	0.0	0.0	0.0	1.0	2.0	0.0
060	1.0	0.0	1.0	0.0	0.3330000000000002	2.667	1.0
061	1.0	0.0	1.0	0.0	0.3330000000000002	2.667	1.0
062	0.0	0.0	0.0	0.0	0.0	0.0	0.0
063	0.0	0.0	0.0	0.0	0.0	0.0	0.0
064	0.0	0.0	0.0	0.0	0.0	0.0	0.0
065	1.0	0.0	1.0	0.0	1.0	2.0	1.0
066	1.0	0.0	1.0	0.0	1.0	2.0	1.0
067	1.0	0.0	0.0	0.0	1.0	2.0	0.0
068	1.0	0.0	0.0	0.0	0.3330000000000002	2.667	0.0
069	2.0	1.0	1.0	1.0	2.668	6.332	2.0
070	1.0	0.0	0.0	0.0	0.3330000000000002	2.667	0.0
071	1.0	0.0	1.0	0.0	1.0	2.0	1.0
072	1.0	1.0	1.0	0.0	2.0	4.0	1.0
073	0.0	0.0	0.0	0.0	0.0	0.0	0.0
074	1.0	0.0	0.0	0.0	1.0	2.0	0.0
075	1.0	1.0	1.0	1.0	1.0	2.0	1.0
076	1.0	0.0	0.0	0.0	1.0	2.0	0.0
077	1.0	0.0	1.0	0.0	0.3330000000000002	2.667	1.0
078	1.0	0.0	0.0	0.0	0.3330000000000002	2.667	0.0
079	2.0	0.0	1.0	0.0	2.0	4.0	1.0
080	2.0	0.0	1.0	0.0	2.0	4.0	1.0
081	3.0	0.0	2.0	0.0	3.068	5.932	2.0
082	2.0	1.0	1.0	1.0	2.668	6.332	2.0
083	1.0	0.0	0.0	0.0	1.0	2.0	0.0
084	1.0	0.0	0.0	0.0	0.3330000000000002	2.667	0.0
085	0.0	0.0	0.0	0.0	0.0	0.0	0.0
086	1.0	0.0	0.0	0.0	0.3330000000000002	2.667	0.0
087	0.0	0.0	0.0	0.0	0.0	0.0	0.0
088	0.0	0.0	0.0	0.0	0.0	0.0	0.0
089	2.0	0.0	1.0	0.0	2.4	3.6	1.0
090	0.0	0.0	0.0	0.0	0.0	0.0	0.0
091	2.0	0.0	2.0	0.0	2.0	4.0	2.0
092	0.0	1.0	0.0	1.0	0.0	3.0	1.0
093	1.0	0.0	1.0	0.0	0.3330000000000002	2.667	1.0
094	1.0	0.0	0.0	0.0	0.3330000000000002	2.667	0.0
095	1.0	0.0	0.0	0.0	1.4	1.6	0.0
096	1.0	0.0	1.0	0.0	1.0	2.0	1.0
097	0.0	0.0	0.0	0.0	0.0	0.0	0.0
098	4.0	0.0	4.0	0.0	2.668	6.332	3.0
099	2.0	1.0	1.0	1.0	1.6680000000000001	4.332	1.0
100	0.0	0.0	0.0	0.0	0.0	0.0	0.0
101	0.0	0.0	0.0	0.0	0.0	0.0	0.0
102	1.0	0.0	1.0	0.0	0.3330000000000002	2.667	1.0
103	1.0	0.0	1.0	0.0	1.0	2.0	1.0
104	1.0	0.0	1.0	0.0	1.0	2.0	1.0
105	0.0	0.0	0.0	0.0	0.0	0.0	0.0
106	0.0	0.0	0.0	0.0	0.0	0.0	0.0
107	1.0	0.0	0.0	0.0	1.4	1.6	0.0
108	2.0	0.0	1.0	0.0	1.3360000000000003	4.664	1.0
109	1.0	0.0	1.0	0.0	0.3330000000000002	2.667	1.0
110	1.0	0.0	0.0	0.0	0.3330000000000002	2.667	0.0
111	1.0	2.0	1.0	0.0	1.6660000000000004	7.334	1.0
112	1.0	0.0	1.0	0.0	0.3330000000000002	2.667	1.0
113	2.0	0.0	2.0	0.0	2.0	4.0	2.0
114	1.0	0.0	0.0	0.0	1.0	2.0	0.0
115	0.0	0.0	0.0	0.0	0.0	0.0	0.0
116	1.0	0.0	1.0	0.0	0.3330000000000002	2.667	1.0
117	1.0	0.0	1.0	0.0	1.0	2.0	1.0
118	2.0	0.0	1.0	0.0	2.0	4.0	1.0
119	1.0	1.0	1.0	0.0	2.0	4.0	1.0
120	1.0	0.0	1.0	0.0	1.0	2.0	1.0
121	0.0	0.0	0.0	0.0	0.0	0.0	0.0
122	2.0	1.0	1.0	1.0	1.6680000000000001	4.332	1.0
123	2.0	1.0	1.0	1.0	2.4	3.6	1.0
124	0.0	0.0	0.0	0.0	0.0	0.0	0.0
125	1.0	0.0	0.0	0.0	1.0	2.0	0.0
126	2.0	2.0	1.0	1.0	3.4	5.6	2.0
127	2.0	0.0	1.0	0.0	2.0	4.0	1.0
128	1.0	0.0	1.0	0.0	1.0	2.0	1.0
129	1.0	1.0	1.0	1.0	1.0	2.0	1.0
130	0.0	0.0	0.0	0.0	0.0	0.0	0.0
131	1.0	1.0	1.0	1.0	1.6680000000000001	4.332	2.0
132	2.0	0.0	1.0	0.0	2.0	4.0	1.0
133	1.0	0.0	0.0	0.0	0.3330000000000002	2.667	0.0
134	3.0	0.0	2.0	0.0	3.0	6.0	2.0
135	0.0	1.0	0.0	1.0	0.6680000000000001	2.332	1.0
136	0.0	0.0	0.0	0.0	0.0	0.0	0.0
137	1.0	0.0	1.0	0.0	0.3330000000000002	2.667	1.0
138	2.0	1.0	1.0	0.0	3.0	6.0	1.0
139	0.0	0.0	0.0	0.0	0.0	0.0	0.0
140	2.0	0.0	1.0	0.0	2.4	3.6	1.0
141	0.0	0.0	0.0	0.0	0.0	0.0	0.0
142	1.0	1.0	1.0	1.0	1.0	2.0	1.0
143	1.0	0.0	1.0	0.0	1.4	1.6	1.0
144	1.0	0.0	1.0	0.0	1.0	2.0	1.0
145	1.0	0.0	1.0	0.0	1.0	2.0	1.0
146	2.0	0.0	1.0	0.0	2.4	3.6	1.0
147	1.0	0.0	1.0	0.0	0.3330000000000002	2.667	1.0
148	1.0	0.0	0.0	0.0	1.0	2.0	0.0
149	1.0	0.0	0.0	0.0	1.0	2.0	0.0
150	3.0	0.0	2.0	0.0	1.6680000000000001	4.332	1.0
151	1.0	0.0	1.0	0.0	0.3330000000000002	2.667	1.0
152	0.0	0.0	0.0	0.0	0.0	0.0	0.0
153	0.0	0.0	0.0	0.0	0.0	0.0	0.0
154	1.0	0.0	1.0	0.0	0.6680000000000001	2.332	1.0
155	2.0	0.0	1.0	0.0	2.0	4.0	1.0
156	1.0	0.0	1.0	0.0	1.0	2.0	1.0
157	2.0	1.0	1.0	1.0	1.3330000000000002	4.667	1.0
158	1.0	0.0	1.0	0.0	0.3330000000000002	2.667	1.0
159	0.0	0.0	0.0	0.0	0.0	0.0	0.0
160	1.0	0.0	1.0	0.0	1.4	1.6	1.0
161	0.0	0.0	0.0	0.0	0.0	0.0	0.0
162	0.0	0.0	0.0	0.0	0.0	0.0	0.0
163	0.0	0.0	0.0	0.0	0.0	0.0	0.0
164	1.0	0.0	0.0	0.0	1.0	2.0	0.0
165	0.0	0.0	0.0	0.0	0.0	0.0	0.0
166	1.0	0.0	0.0	0.0	0.3330000000000002	2.667	0.0
167	4.0	0.0	2.0	0.0	4.0	8.0	2.0
168	2.0	0.0	0.0	0.0	2.0	4.0	0.0
169	0.0	0.0	0.0	0.0	0.0	0.0	0.0
170	1.0	1.0	0.0	1.0	0.6660000000000004	5.334	1.0
171	1.0	0.0	0.0	0.0	0.3330000000000002	2.667	0.0
172	2.0	0.0	1.0	0.0	2.0	4.0	1.0
173	0.0	0.0	0.0	0.0	0.0	0.0	0.0
174	0.0	0.0	0.0	0.0	0.0	0.0	0.0
175	1.0	0.0	1.0	0.0	1.0	2.0	1.0
176	0.0	2.0	0.0	1.0	1.6680000000000001	4.332	1.0
177	1.0	0.0	1.0	0.0	0.6680000000000001	2.332	1.0
178	0.0	0.0	0.0	0.0	0.0	0.0	0.0
179	1.0	0.0	1.0	0.0	1.0	2.0	1.0
180	1.0	0.0	1.0	0.0	1.0	2.0	1.0
181	0.0	0.0	0.0	0.0	0.0	0.0	0.0
182	1.0	0.0	1.0	0.0	0.3330000000000002	2.667	1.0
183	1.0	0.0	1.0	0.0	1.0	2.0	1.0
184	1.0	0.0	1.0	0.0	1.0	2.0	1.0
185	0.0	0.0	0.0	0.0	0.0	0.0	0.0
186	1.0	0.0	1.0	0.0	0.3330000000000002	2.667	1.0
187	1.0	0.0	1.0	0.0	0.6680000000000001	2.332	1.0
188	1.0	0.0	1.0	0.0	0.6680000000000001	2.332	1.0
189	1.0	0.0	1.0	0.0	1.0	2.0	1.0
190	2.0	1.0	1.0	1.0	1.3330000000000002	4.667	1.0
191	1.0	0.0	1.0	0.0	1.4	1.6	1.0
192	0.0	0.0	0.0	0.0	0.0	0.0	0.0
193	0.0	0.0	0.0	0.0	0.0	0.0	0.0
194	1.0	0.0	0.0	0.0	0.3330000000000002	2.667	0.0
195	1.0	0.0	1.0	0.0	1.0	2.0	1.0
196	1.0	0.0	1.0	0.0	0.6680000000000001	2.332	1.0
197	1.0	0.0	1.0	0.0	1.0	2.0	1.0
198	1.0	0.0	1.0	0.0	0.6680000000000001	2.332	1.0
199	1.0	0.0	1.0	0.0	0.3330000000000002	2.667	1.0
200	2.0	0.0	2.0	0.0	2.0	4.0	2.0
201	1.0	0.0	1.0	0.0	0.3330000000000002	2.667	1.0
202	1.0	0.0	1.0	0.0	0.3330000000000002	2.667	1.0
203	1.0	1.0	0.0	1.0	0.6660000000000004	5.334	1.0
204	2.0	1.0	1.0	1.0	3.0	6.0	2.0
205	1.0	1.0	0.0	1.0	0.6660000000000004	5.334	1.0
206	1.0	0.0	0.0	0.0	1.0	2.0	0.0
207	3.0	0.0	2.0	0.0	3.4	5.6	2.0
208	1.0	0.0	1.0	0.0	1.0	2.0	1.0
209	2.0	0.0	1.0	0.0	2.0	4.0	1.0
210	0.0	0.0	0.0	0.0	0.0	0.0	0.0
211	0.0	0.0	0.0	0.0	0.0	0.0	0.0
212	2.0	1.0	1.0	1.0	2.0	4.0	1.0
213	1.0	0.0	1.0	0.0	0.6680000000000001	2.332	1.0
214	2.0	0.0	1.0	0.0	2.0	4.0	1.0
215	1.0	0.0	1.0	0.0	0.3330000000000002	2.667	1.0
216	0.0	0.0	0.0	0.0	0.0	0.0	0.0
217	1.0	0.0	0.0	0.0	1.0	2.0	0.0
218	1.0	0.0	1.0	0.0	1.0	2.0	1.0
219	2.0	3.0	1.0	2.0	1.6660000000000004	7.334	2.0
220	3.0	0.0	1.0	0.0	3.068	5.932	1.0
221	1.0	0.0	1.0	0.0	1.0	2.0	1.0
222	2.0	0.0	1.0	0.0	1.3360000000000003	4.664	1.0
223	2.0	2.0	1.0	1.0	3.0	6.0	2.0
224	1.0	0.0	1.0	0.0	0.3330000000000002	2.667	1.0
225	1.0	0.0	1.0	0.0	1.0	2.0	1.0
226	2.0	1.0	1.0	1.0	1.6680000000000001	4.332	1.0
227	2.0	0.0	1.0	0.0	2.4	3.6	1.0
228	1.0	0.0	1.0	0.0	1.0	2.0	1.0
229	0.0	0.0	0.0	0.0	0.0	0.0	0.0
230	0.0	0.0	0.0	0.0	0.0	0.0	0.0
231	1.0	0.0	0.0	0.0	0.6680000000000001	2.332	0.0
232	1.0	0.0	1.0	0.0	1.0	2.0	1.0
233	2.0	0.0	1.0	0.0	2.0	4.0	1.0
234	1.0	0.0	0.0	0.0	1.0	2.0	0.0
235	2.0	0.0	2.0	0.0	2.0	4.0	2.0
236	2.0	0.0	2.0	0.0	2.0	4.0	2.0
237	1.0	0.0	1.0	0.0	0.3330000000000002	2.667	1.0
238	2.0	0.0	1.0	0.0	2.0	4.0	1.0
239	2.0	0.0	1.0	0.0	2.0	4.0	1.0
240	0.0	0.0	0.0	0.0	0.0	0.0	0.0
241	2.0	0.0	1.0	0.0	2.4	3.6	1.0
242	0.0	1.0	0.0	1.0	0.3330000000000002	2.667	1.0
243	1.0	0.0	1.0	0.0	0.3330000000000002	2.667	1.0
244	1.0	1.0	1.0	0.0	0.6660000000000004	5.334	1.0
245	1.0	0.0	0.0	0.0	0.3330000000000002	2.667	0.0
246	1.0	0.0	1.0	0.0	0.3330000000000002	2.667	1.0
247	1.0	0.0	1.0	0.0	0.3330000000000002	2.667	1.0
248	1.0	0.0	0.0	0.0	1.0	2.0	0.0
249	2.0	0.0	1.0	0.0	2.0	4.0	1.0
250	1.0	0.0	1.0	0.0	0.6680000000000001	2.332	1.0
251	2.0	0.0	1.0	0.0	2.0	4.0	1.0
252	1.0	0.0	1.0	0.0	1.0	2.0	1.0
253	2.0	0.0	1.0	0.0	2.0	4.0	1.0
254	0.0	1.0	0.0	0.0	1.0	2.0	0.0
255	1.0	1.0	0.0	0.0	1.0	2.0	0.0
256	1.0	0.0	0.0	0.0	0.3330000000000002	2.667	0.0
257	1.0	0.0	1.0	0.0	0.3330000000000002	2.667	1.0
258	2.0	0.0	1.0	0.0	2.0	4.0	1.0
259	2.0	0.0	1.0	0.0	2.0	4.0	1.0
260	1.0	0.0	0.0	0.0	1.0	2.0	0.0
261	0.0	0.0	0.0	0.0	0.0	0.0	0.0
262	1.0	2.0	1.0	2.0	0.6660000000000004	5.334	2.0
263	0.0	2.0	0.0	2.0	0.3330000000000002	2.667	1.0
264	1.0	0.0	0.0	0.0	0.3330000000000002	2.667	0.0
265	2.0	1.0	1.0	1.0	3.4	5.6	2.0
266	1.0	0.0	1.0	0.0	1.0	2.0	1.0
267	1.0	0.0	1.0	0.0	0.3330000000000002	2.667	1.0
268	0.0	0.0	0.0	0.0	0.0	0.0	0.0
269	0.0	0.0	0.0	0.0	0.0	0.0	0.0
270	0.0	0.0	0.0	0.0	0.0	0.0	0.0
271	0.0	1.0	0.0	1.0	0.3330000000000002	2.667	1.0
272	1.0	0.0	1.0	0.0	0.3330000000000002	2.667	1.0
273	1.0	0.0	1.0	0.0	1.0	2.0	1.0
274	0.0	0.0	0.0	0.0	0.0	0.0	0.0
275	1.0	3.0	0.0	2.0	1.6660000000000004	7.334	2.0
276	2.0	0.0	1.0	0.0	2.0	4.0	1.0
277	0.0	0.0	0.0	0.0	0.0	0.0	0.0
278	2.0	0.0	1.0	0.0	0.6660000000000004	5.334	1.0
279	1.0	0.0	0.0	0.0	0.3330000000000002	2.667	0.0
280	1.0	0.0	1.0	0.0	1.0	2.0	1.0
281	1.0	0.0	1.0	0.0	0.3330000000000002	2.667	1.0
282	1.0	0.0	1.0	0.0	1.0	2.0	1.0
283	0.0	0.0	0.0	0.0	0.0	0.0	0.0
284	0.0	0.0	0.0	0.0	0.0	0.0	0.0
285	1.0	0.0	0.0	0.0	0.3330000000000002	2.667	0.0
286	0.0	0.0	0.0	0.0	0.0	0.0	0.0
287	1.0	0.0	1.0	0.0	0.3330000000000002	2.667	1.0
288	0.0	0.0	0.0	0.0	0.0	0.0	0.0
289	1.0	0.0	0.0	0.0	1.0	2.0	0.0
290	0.0	0.0	0.0	0.0	0.0	0.0	0.0
291	0.0	0.0	0.0	0.0	0.0	0.0	0.0
292	0.0	1.0	0.0	1.0	1.0	2.0	1.0
293	1.0	0.0	0.0	0.0	0.3330000000000002	2.667	0.0
294	2.0	0.0	1.0	0.0	2.0	4.0	1.0
295	2.0	0.0	1.0	0.0	2.8	3.2	1.0
296	0.0	0.0	0.0	0.0	0.0	0.0	0.0
297	0.0	0.0	0.0	0.0	0.0	0.0	0.0
298	1.0	0.0	1.0	0.0	1.0	2.0	1.0
299	1.0	0.0	1.0	0.0	1.0	2.0	1.0
300	0.0	0.0	0.0	0.0	0.0	0.0	0.0
301	1.0	0.0	0.0	0.0	1.0	2.0	0.0
302	1.0	0.0	1.0	0.0	1.0	2.0	1.0
303	1.0	0.0	1.0	0.0	0.3330000000000002	2.667	1.0
304	1.0	0.0	0.0	0.0	1.0	2.0	0.0
305	1.0	0.0	1.0	0.0	0.3330000000000002	2.667	1.0
306	3.0	0.0	2.0	0.0	1.6680000000000001	4.332	1.0
307	0.0	0.0	0.0	0.0	0.0	0.0	0.0
308	0.0	0.0	0.0	0.0	0.0	0.0	0.0
309	1.0	2.0	0.0	2.0	0.6660000000000004	5.334	1.0
310	2.0	0.0	1.0	0.0	2.0	4.0	1.0
311	1.0	0.0	0.0	0.0	0.3330000000000002	2.667	0.0
312	2.0	0.0	1.0	0.0	2.0	4.0	1.0
313	2.0	0.0	1.0	0.0	0.6660000000000004	5.334	1.0
314	2.0	2.0	1.0	2.0	2.333	6.667	2.0
315	1.0	2.0	0.0	2.0	1.3330000000000002	4.667	1.0
316	2.0	0.0	2.0	0.0	1.0	2.0	1.0
317	1.0	0.0	0.0	0.0	0.3330000000000002	2.667	0.0
318	1.0	0.0	1.0	0.0	1.0	2.0	1.0
319	3.0	0.0	1.0	0.0	3.068	5.932	1.0
320	2.0	0.0	0.0	0.0	1.0	2.0	0.0
321	1.0	1.0	1.0	1.0	0.6680000000000001	2.332	1.0
322	2.0	1.0	1.0	1.0	1.6680000000000001	4.332	1.0
323	2.0	1.0	1.0	1.0	1.3330000000000002	4.667	1.0
324	1.0	1.0	1.0	1.0	1.3330000000000002	4.667	2.0
325	3.0	1.0	1.0	1.0	4.0	8.0	2.0
326	1.0	2.0	1.0	2.0	1.0	2.0	1.0
327	1.0	2.0	1.0	2.0	1.4	1.6	1.0
328	2.0	2.0	1.0	2.0	1.733	4.2669999999999995	1.0
329	1.0	2.0	0.0	2.0	1.3330000000000002	4.667	1.0
330	1.0	2.0	1.0	2.0	0.3330000000000002	2.667	1.0
331	1.0	2.0	1.0	2.0	1.0010000000000003	4.999	2.0
332	1.0	4.0	0.0	3.0	2.3340000000000005	9.666	3.0
333	1.0	1.0	1.0	1.0	1.4	1.6	1.0
334	1.0	1.0	1.0	1.0	1.0	2.0	1.0
335	2.0	0.0	2.0	0.0	1.0	2.0	1.0
336	2.0	1.0	1.0	1.0	2.0	4.0	1.0
337	2.0	2.0	1.0	2.0	3.0	6.0	2.0
338	2.0	0.0	1.0	0.0	2.0	4.0	1.0
339	0.0	4.0	0.0	3.0	1.6690000000000005	7.3309999999999995	2.0
340	1.0	2.0	1.0	2.0	0.3330000000000002	2.667	1.0
341	1.0	2.0	0.0	2.0	1.3330000000000002	4.667	1.0
342	1.0	2.0	0.0	2.0	2.0	4.0	1.0
343	1.0	1.0	1.0	1.0	0.3330000000000002	2.667	1.0
344	1.0	1.0	1.0	1.0	0.3330000000000002	2.667	1.0
345	1.0	0.0	0.0	0.0	1.0	2.0	0.0
346	0.0	1.0	0.0	0.0	0.3330000000000002	2.667	0.0
347	0.0	0.0	0.0	0.0	0.0	0.0	0.0
348	1.0	0.0	0.0	0.0	1.0	2.0	0.0
349	1.0	1.0	1.0	0.0	0.6660000000000004	5.334	1.0
350	0.0	0.0	0.0	0.0	0.0	0.0	0.0
351	0.0	0.0	0.0	0.0	0.0	0.0	0.0
352	0.0	0.0	0.0	0.0	0.0	0.0	0.0
353	0.0	0.0	0.0	0.0	0.0	0.0	0.0
354	0.0	0.0	0.0	0.0	0.0	0.0	0.0
355	0.0	0.0	0.0	0.0	0.0	0.0	0.0
356	0.0	0.0	0.0	0.0	0.0	0.0	0.0
357	1.0	1.0	1.0	1.0	1.0	2.0	1.0
358	0.0	2.0	0.0	2.0	1.3330000000000002	4.667	2.0
359	1.0	2.0	1.0	2.0	2.0	4.0	2.0
360	1.0	2.0	1.0	2.0	1.3330000000000002	4.667	2.0
361	0.0	2.0	0.0	2.0	0.3330000000000002	2.667	1.0
362	1.0	0.0	1.0	0.0	1.0	2.0	1.0
363	0.0	0.0	0.0	0.0	0.0	0.0	0.0
364	0.0	0.0	0.0	0.0	0.0	0.0	0.0
365	1.0	0.0	1.0	0.0	1.0	2.0	1.0
366	0.0	0.0	0.0	0.0	0.0	0.0	0.0
367	0.0	0.0	0.0	0.0	0.0	0.0	0.0
368	1.0	0.0	1.0	0.0	0.6680000000000001	2.332	1.0
369	1.0	0.0	1.0	0.0	1.0	2.0	1.0
370	0.0	0.0	0.0	0.0	0.0	0.0	0.0
371	0.0	1.0	0.0	1.0	1.0	2.0	1.0
372	0.0	0.0	0.0	0.0	0.0	0.0	0.0
373	1.0	1.0	1.0	0.0	2.0	4.0	1.0
374	0.0	0.0	0.0	0.0	0.0	0.0	0.0
375	0.0	1.0	0.0	1.0	0.6680000000000001	2.332	1.0
376	0.0	0.0	0.0	0.0	0.0	0.0	0.0
377	2.0	0.0	1.0	0.0	2.0	4.0	1.0
378	1.0	0.0	0.0	0.0	0.6680000000000001	2.332	0.0
379	0.0	0.0	0.0	0.0	0.0	0.0	0.0
380	0.0	1.0	0.0	1.0	1.0	2.0	1.0
381	0.0	0.0	0.0	0.0	0.0	0.0	0.0
382	1.0	0.0	0.0	0.0	0.3330000000000002	2.667	0.0
383	1.0	0.0	0.0	0.0	0.6680000000000001	2.332	0.0
384	1.0	1.0	1.0	0.0	2.068	3.932	1.0
385	1.0	0.0	0.0	0.0	0.3330000000000002	2.667	0.0
386	2.0	0.0	1.0	0.0	2.0	4.0	1.0
387	0.0	0.0	0.0	0.0	0.0	0.0	0.0
388	2.0	0.0	1.0	0.0	2.0	4.0	1.0
389	1.0	1.0	0.0	1.0	2.0	4.0	1.0
390	2.0	0.0	2.0	0.0	1.4	1.6	1.0
391	3.0	0.0	2.0	0.0	3.0	6.0	2.0
392	1.0	0.0	1.0	0.0	1.0	2.0	1.0
393	2.0	0.0	1.0	0.0	2.4	3.6	1.0
394	0.0	0.0	0.0	0.0	0.0	0.0	0.0
395	0.0	0.0	0.0	0.0	0.0	0.0	0.0
396	0.0	0.0	0.0	0.0	0.0	0.0	0.0
397	1.0	0.0	0.0	0.0	1.0	2.0	0.0
398	1.0	0.0	1.0	0.0	0.3330000000000002	2.667	1.0
399	1.0	0.0	1.0	0.0	0.6680000000000001	2.332	1.0
400	2.0	0.0	1.0	0.0	2.0	4.0	1.0
401	2.0	0.0	1.0	0.0	2.0	4.0	1.0
402	0.0	0.0	0.0	0.0	0.0	0.0	0.0
403	1.0	0.0	1.0	0.0	1.0	2.0	1.0
404	1.0	0.0	0.0	0.0	1.0	2.0	0.0
405	1.0	0.0	1.0	0.0	1.0	2.0	1.0
406	2.0	0.0	2.0	0.0	1.0	2.0	1.0
407	1.0	0.0	1.0	0.0	1.0	2.0	1.0
408	0.0	0.0	0.0	0.0	0.0	0.0	0.0
409	1.0	0.0	1.0	0.0	0.3330000000000002	2.667	1.0
410	2.0	0.0	1.0	0.0	2.0	4.0	1.0
411	1.0	0.0	0.0	0.0	1.0	2.0	0.0
412	1.0	0.0	1.0	0.0	1.0	2.0	1.0
413	2.0	1.0	2.0	1.0	3.0	6.0	3.0
414	1.0	0.0	1.0	0.0	1.0	2.0	1.0
415	1.0	2.0	0.0	2.0	2.0	4.0	1.0
416	1.0	0.0	0.0	0.0	1.4	1.6	0.0
417	1.0	0.0	0.0	0.0	0.3330000000000002	2.667	0.0
418	1.0	0.0	1.0	0.0	1.0	2.0	1.0
419	1.0	0.0	0.0	0.0	1.0	2.0	0.0
420	1.0	0.0	1.0	0.0	0.3330000000000002	2.667	1.0
421	1.0	0.0	1.0	0.0	0.3330000000000002	2.667	1.0
422	2.0	0.0	1.0	0.0	2.0	4.0	1.0
423	2.0	0.0	2.0	0.0	2.0	4.0	2.0
424	0.0	0.0	0.0	0.0	0.0	0.0	0.0
425	2.0	0.0	2.0	0.0	2.0	4.0	2.0
426	2.0	0.0	1.0	0.0	2.0	4.0	1.0
427	2.0	0.0	1.0	0.0	2.0	4.0	1.0
428	1.0	0.0	1.0	0.0	1.0	2.0	1.0
429	0.0	0.0	0.0	0.0	0.0	0.0	0.0
430	0.0	0.0	0.0	0.0	0.0	0.0	0.0
431	1.0	0.0	0.0	0.0	0.3330000000000002	2.667	0.0
432	0.0	0.0	0.0	0.0	0.0	0.0	0.0
433	1.0	0.0	0.0	0.0	1.0	2.0	0.0
434	2.0	0.0	1.0	0.0	2.0	4.0	1.0
435	1.0	0.0	1.0	0.0	0.3330000000000002	2.667	1.0
436	2.0	0.0	1.0	0.0	2.0	4.0	1.0
437	1.0	0.0	1.0	0.0	1.0	2.0	1.0
438	1.0	1.0	1.0	1.0	0.6680000000000001	2.332	1.0
439	0.0	0.0	0.0	0.0	0.0	0.0	0.0
440	1.0	1.0	1.0	1.0	1.6680000000000001	4.332	2.0
441	1.0	1.0	0.0	0.0	2.0	4.0	0.0
442	1.0	0.0	0.0	0.0	1.0	2.0	0.0
443	0.0	1.0	0.0	1.0	0.6680000000000001	2.332	1.0
444	0.0	0.0	0.0	0.0	0.0	0.0	0.0
445	2.0	0.0	2.0	0.0	2.0	4.0	2.0
446	0.0	0.0	0.0	0.0	0.0	0.0	0.0
447	0.0	1.0	0.0	1.0	1.0	2.0	1.0
448	1.0	0.0	1.0	0.0	1.0	2.0	1.0
449	3.0	0.0	2.0	0.0	1.6680000000000001	4.332	1.0
450	1.0	0.0	1.0	0.0	0.3330000000000002	2.667	1.0
451	1.0	3.0	1.0	2.0	1.3330000000000002	4.667	1.0
452	1.0	0.0	0.0	0.0	1.0	2.0	0.0
453	0.0	0.0	0.0	0.0	0.0	0.0	0.0
454	1.0	0.0	1.0	0.0	0.3330000000000002	2.667	1.0
455	0.0	0.0	0.0	0.0	0.0	0.0	0.0
456	0.0	0.0	0.0	0.0	0.0	0.0	0.0
457	0.0	0.0	0.0	0.0	0.0	0.0	0.0
458	3.0	1.0	1.0	1.0	4.0	8.0	2.0
459	1.0	2.0	1.0	1.0	2.0	4.0	1.0
460	0.0	0.0	0.0	0.0	0.0	0.0	0.0
461	2.0	1.0	1.0	1.0	1.3330000000000002	4.667	1.0
462	1.0	0.0	1.0	0.0	0.3330000000000002	2.667	1.0
463	0.0	0.0	0.0	0.0	0.0	0.0	0.0
464	1.0	0.0	1.0	0.0	0.3330000000000002	2.667	1.0
465	1.0	1.0	1.0	1.0	1.0	2.0	1.0
466	0.0	0.0	0.0	0.0	0.0	0.0	0.0
467	1.0	0.0	0.0	0.0	0.3330000000000002	2.667	0.0
468	0.0	0.0	0.0	0.0	0.0	0.0	0.0
469	2.0	0.0	1.0	0.0	2.0	4.0	1.0
470	0.0	0.0	0.0	0.0	0.0	0.0	0.0
471	2.0	0.0	1.0	0.0	2.0	4.0	1.0
472	1.0	0.0	1.0	0.0	1.0	2.0	1.0
473	0.0	1.0	0.0	0.0	0.3330000000000002	2.667	0.0
474	0.0	1.0	0.0	1.0	1.0	2.0	1.0
475	2.0	0.0	1.0	0.0	1.3360000000000003	4.664	1.0
476	2.0	0.0	2.0	0.0	1.6680000000000001	4.332	2.0
477	0.0	1.0	0.0	1.0	0.3330000000000002	2.667	1.0
478	1.0	0.0	0.0	0.0	0.3330000000000002	2.667	0.0
479	1.0	0.0	0.0	0.0	1.0	2.0	0.0
480	1.0	1.0	0.0	0.0	0.6680000000000001	2.332	0.0
481	2.0	1.0	1.0	1.0	1.6680000000000001	4.332	1.0
482	0.0	2.0	0.0	1.0	0.6660000000000004	5.334	1.0
483	1.0	0.0	1.0	0.0	0.3330000000000002	2.667	1.0
484	1.0	0.0	1.0	0.0	0.3330000000000002	2.667	1.0
485	1.0	0.0	1.0	0.0	0.3330000000000002	2.667	1.0
486	1.0	0.0	0.0	0.0	0.3330000000000002	2.667	0.0
487	1.0	0.0	1.0	0.0	1.0	2.0	1.0
488	1.0	1.0	1.0	1.0	2.068	3.932	2.0
489	1.0	0.0	1.0	0.0	1.0	2.0	1.0
490	0.0	1.0	0.0	1.0	0.6680000000000001	2.332	1.0
491	2.0	0.0	2.0	0.0	2.068	3.932	2.0
492	1.0	0.0	1.0	0.0	0.3330000000000002	2.667	1.0
493	2.0	0.0	1.0	0.0	2.0	4.0	1.0
494	1.0	0.0	0.0	0.0	0.3330000000000002	2.667	0.0
495	1.0	0.0	1.0	0.0	1.0	2.0	1.0
496	1.0	0.0	0.0	0.0	0.3330000000000002	2.667	0.0
497	0.0	0.0	0.0	0.0	0.0	0.0	0.0
498	2.0	0.0	2.0	0.0	2.0	4.0	2.0
499	1.0	0.0	1.0	0.0	0.3330000000000002	2.667	1.0
500	2.0	0.0	1.0	0.0	2.0	4.0	1.0
501	1.0	0.0	0.0	0.0	0.3330000000000002	2.667	0.0
502	1.0	0.0	1.0	0.0	0.3330000000000002	2.667	1.0
503	2.0	0.0	1.0	0.0	1.3360000000000003	4.664	1.0
504	1.0	0.0	1.0	0.0	0.3330000000000002	2.667	1.0
505	1.0	0.0	1.0	0.0	0.3330000000000002	2.667	1.0
506	0.0	0.0	0.0	0.0	0.0	0.0	0.0
507	0.0	0.0	0.0	0.0	0.0	0.0	0.0
508	1.0	0.0	1.0	0.0	0.3330000000000002	2.667	1.0
509	1.0	0.0	0.0	0.0	0.3330000000000002	2.667	0.0
510	1.0	0.0	0.0	0.0	0.6680000000000001	2.332	0.0
