all_syn	all_nonSyn	tip_syn	tip_nonSyn	S	N	comparisons
001	0.0	0.0	0.0	0.0	0.0	0.0	0.0
002	0.0	0.0	0.0	0.0	0.0	0.0	0.0
003	0.0	0.0	0.0	0.0	0.0	0.0	0.0
004	0.0	0.0	0.0	0.0	0.0	0.0	0.0
005	0.0	0.0	0.0	0.0	0.0	0.0	0.0
006	0.0	0.0	0.0	0.0	0.0	0.0	0.0
007	0.0	0.0	0.0	0.0	0.0	0.0	0.0
008	0.0	0.0	0.0	0.0	0.0	0.0	0.0
009	0.0	0.0	0.0	0.0	0.0	0.0	0.0
010	0.0	0.0	0.0	0.0	0.0	0.0	0.0
011	0.0	0.0	0.0	0.0	0.0	0.0	0.0
012	0.0	0.0	0.0	0.0	0.0	0.0	0.0
013	0.0	0.0	0.0	0.0	0.0	0.0	0.0
014	0.0	0.0	0.0	0.0	0.0	0.0	0.0
015	0.0	0.0	0.0	0.0	0.0	0.0	0.0
016	0.0	0.0	0.0	0.0	0.0	0.0	0.0
017	0.0	0.0	0.0	0.0	0.0	0.0	0.0
018	0.0	0.0	0.0	0.0	0.0	0.0	0.0
019	0.0	0.0	0.0	0.0	0.0	0.0	0.0
020	0.0	0.0	0.0	0.0	0.0	0.0	0.0
021	0.0	0.0	0.0	0.0	0.0	0.0	0.0
022	0.0	0.0	0.0	0.0	0.0	0.0	0.0
023	0.0	0.0	0.0	0.0	0.0	0.0	0.0
024	0.0	0.0	0.0	0.0	0.0	0.0	0.0
025	0.0	0.0	0.0	0.0	0.0	0.0	0.0
026	0.0	0.0	0.0	0.0	0.0	0.0	0.0
027	0.0	0.0	0.0	0.0	0.0	0.0	0.0
028	0.0	0.0	0.0	0.0	0.0	0.0	0.0
029	0.0	0.0	0.0	0.0	0.0	0.0	0.0
030	0.0	0.0	0.0	0.0	0.0	0.0	0.0
031	0.0	0.0	0.0	0.0	0.0	0.0	0.0
032	0.0	0.0	0.0	0.0	0.0	0.0	0.0
033	0.0	0.0	0.0	0.0	0.0	0.0	0.0
034	0.0	0.0	0.0	0.0	0.0	0.0	0.0
035	0.0	0.0	0.0	0.0	0.0	0.0	0.0
036	1.0	0.0	1.0	0.0	1.4	1.6	1.0
037	0.0	0.0	0.0	0.0	0.0	0.0	0.0
038	0.0	0.0	0.0	0.0	0.0	0.0	0.0
039	0.0	1.0	0.0	0.0	1.0	2.0	0.0
040	1.0	1.0	1.0	1.0	0.3330000000000002	2.667	1.0
041	0.0	0.0	0.0	0.0	0.0	0.0	0.0
042	0.0	0.0	0.0	0.0	0.0	0.0	0.0
043	0.0	3.0	0.0	1.0	1.0010000000000003	4.999	1.0
044	1.0	2.0	1.0	0.0	1.3330000000000002	4.667	1.0
045	2.0	0.0	2.0	0.0	1.0	2.0	1.0
046	1.0	1.0	1.0	0.0	1.3330000000000002	4.667	1.0
047	0.0	3.0	0.0	1.0	1.3330000000000002	4.667	1.0
048	1.0	1.0	0.0	0.0	0.3330000000000002	2.667	0.0
049	0.0	2.0	0.0	1.0	1.3330000000000002	4.667	1.0
050	1.0	0.0	0.0	0.0	0.3330000000000002	2.667	0.0
051	1.0	2.0	1.0	1.0	1.3330000000000002	4.667	1.0
052	1.0	0.0	0.0	0.0	0.3330000000000002	2.667	0.0
053	0.0	0.0	0.0	0.0	0.0	0.0	0.0
054	0.0	0.0	0.0	0.0	0.0	0.0	0.0
055	0.0	0.0	0.0	0.0	0.0	0.0	0.0
056	0.0	1.0	0.0	0.0	0.3330000000000002	2.667	0.0
057	0.0	2.0	0.0	0.0	1.0	2.0	0.0
058	1.0	2.0	0.0	1.0	2.0	4.0	1.0
059	0.0	1.0	0.0	0.0	1.0	2.0	0.0
060	1.0	1.0	0.0	0.0	1.0	2.0	0.0
061	1.0	1.0	1.0	0.0	1.3330000000000002	4.667	1.0
062	0.0	0.0	0.0	0.0	0.0	0.0	0.0
063	0.0	0.0	0.0	0.0	0.0	0.0	0.0
064	0.0	0.0	0.0	0.0	0.0	0.0	0.0
065	0.0	1.0	0.0	0.0	0.6680000000000001	2.332	0.0
066	1.0	2.0	0.0	0.0	1.0	2.0	0.0
067	1.0	2.0	1.0	1.0	0.6660000000000004	5.334	1.0
068	1.0	1.0	0.0	0.0	0.6680000000000001	2.332	0.0
069	0.0	0.0	0.0	0.0	0.0	0.0	0.0
070	0.0	0.0	0.0	0.0	0.0	0.0	0.0
071	0.0	0.0	0.0	0.0	0.0	0.0	0.0
072	0.0	3.0	0.0	2.0	1.6680000000000001	7.332	2.0
073	1.0	1.0	0.0	0.0	1.0	2.0	0.0
074	1.0	2.0	0.0	1.0	2.668	6.332	1.0
075	1.0	1.0	0.0	0.0	0.0	3.0	0.0
076	2.0	1.0	1.0	0.0	3.0	6.0	1.0
077	1.0	1.0	1.0	1.0	2.0	4.0	2.0
078	5.0	4.0	3.0	2.0	6.001	14.998999999999999	4.0
079	2.0	2.0	1.0	0.0	3.333	8.667	1.0
080	3.0	5.0	2.0	3.0	4.333	13.667	4.0
081	1.0	6.0	0.0	4.0	3.3320000000000007	14.668	4.0
082	6.0	8.0	4.0	2.0	9.666	23.334	5.0
083	3.0	5.0	1.0	2.0	4.0	8.0	2.0
084	2.0	4.0	1.0	2.0	3.6660000000000004	11.334	2.0
085	4.0	4.0	1.0	2.0	6.668	14.332	3.0
086	3.0	3.0	2.0	3.0	2.3320000000000007	12.668	4.0
087	0.0	4.0	0.0	3.0	1.6660000000000004	7.334	2.0
088	0.0	5.0	0.0	0.0	1.6660000000000004	10.334	0.0
089	2.0	3.0	1.0	0.0	1.9990000000000006	10.001	1.0
090	2.0	0.0	2.0	0.0	0.6660000000000004	5.334	2.0
091	2.0	0.0	1.0	0.0	2.0	4.0	1.0
092	5.0	0.0	4.0	0.0	5.0	10.0	4.0
093	3.0	5.0	2.0	4.0	5.666	15.334	5.0
094	1.0	0.0	1.0	0.0	0.3330000000000002	2.667	1.0
095	2.0	0.0	1.0	0.0	0.6660000000000004	5.334	1.0
096	3.0	0.0	2.0	0.0	3.0	6.0	2.0
097	2.0	0.0	1.0	0.0	2.0	4.0	1.0
098	3.0	4.0	2.0	2.0	5.0	10.0	3.0
099	1.0	0.0	1.0	0.0	1.0	2.0	1.0
100	2.0	4.0	1.0	3.0	3.333	8.667	3.0
101	3.0	6.0	2.0	3.0	6.001	14.998999999999999	4.0
102	1.0	2.0	1.0	1.0	1.3340000000000005	7.6659999999999995	2.0
103	2.0	4.0	1.0	1.0	3.6660000000000004	11.334	2.0
104	1.0	5.0	1.0	3.0	3.0010000000000003	8.998999999999999	3.0
105	0.0	1.0	0.0	0.0	0.3330000000000002	2.667	0.0
106	0.0	9.0	0.0	4.0	4.998000000000001	22.002	4.0
107	2.0	2.0	1.0	0.0	1.3330000000000002	4.667	1.0
108	2.0	0.0	1.0	0.0	0.6660000000000004	5.334	1.0
109	0.0	0.0	0.0	0.0	0.0	0.0	0.0
110	1.0	0.0	1.0	0.0	0.3330000000000002	2.667	1.0
111	1.0	0.0	0.0	0.0	0.6680000000000001	2.332	0.0
112	2.0	3.0	1.0	1.0	3.6660000000000004	11.334	2.0
113	3.0	1.0	3.0	1.0	3.333	8.667	4.0
114	1.0	0.0	0.0	0.0	0.3330000000000002	2.667	0.0
115	3.0	0.0	1.0	0.0	3.0	6.0	1.0
116	2.0	1.0	2.0	0.0	2.3360000000000003	6.664	2.0
117	2.0	1.0	0.0	0.0	2.333	6.667	0.0
118	3.0	1.0	0.0	0.0	2.068	6.932	0.0
119	3.0	2.0	2.0	1.0	4.668	10.332	3.0
120	1.0	0.0	0.0	0.0	0.3330000000000002	2.667	0.0
121	0.0	0.0	0.0	0.0	0.0	0.0	0.0
122	1.0	4.0	0.0	2.0	0.9990000000000006	11.001	1.0
123	1.0	4.0	1.0	2.0	2.6660000000000004	9.334	2.0
124	3.0	0.0	2.0	0.0	0.9990000000000006	8.001	2.0
125	3.0	1.0	2.0	0.0	3.668	8.332	2.0
126	0.0	0.0	0.0	0.0	0.0	0.0	0.0
127	0.0	0.0	0.0	0.0	0.0	0.0	0.0
128	5.0	0.0	2.0	0.0	5.868	9.132	2.0
129	0.0	0.0	0.0	0.0	0.0	0.0	0.0
130	2.0	2.0	1.0	1.0	3.0	6.0	1.0
131	3.0	5.0	2.0	3.0	7.401	16.599	5.0
132	1.0	2.0	1.0	1.0	1.3340000000000005	7.6659999999999995	2.0
133	2.0	2.0	2.0	1.0	2.3360000000000003	6.664	2.0
134	3.0	0.0	2.0	0.0	2.668	6.332	2.0
135	4.0	1.0	2.0	0.0	4.0040000000000004	10.995999999999999	2.0
136	4.0	3.0	1.0	1.0	6.0040000000000004	14.996	2.0
137	1.0	0.0	1.0	0.0	1.0	2.0	1.0
138	3.0	4.0	2.0	3.0	4.4	13.6	4.0
139	4.0	3.0	1.0	1.0	6.0040000000000004	14.995999999999999	2.0
140	4.0	1.0	2.0	1.0	4.0	8.0	2.0
141	4.0	1.0	2.0	0.0	4.066000000000001	10.934	2.0
142	2.0	1.0	2.0	0.0	2.668	6.332	2.0
143	3.0	4.0	3.0	3.0	2.6660000000000004	9.334	3.0
144	1.0	0.0	0.0	0.0	1.0	2.0	0.0
145	3.0	0.0	2.0	0.0	0.9990000000000006	8.001	2.0
146	0.0	0.0	0.0	0.0	0.0	0.0	0.0
147	4.0	2.0	3.0	0.0	5.0040000000000004	12.996	3.0
148	4.0	0.0	3.0	0.0	4.0	8.0	3.0
149	3.0	0.0	3.0	0.0	3.8	5.2	3.0
150	4.0	3.0	1.0	0.0	3.9990000000000006	14.001	1.0
151	0.0	0.0	0.0	0.0	0.0	0.0	0.0
152	3.0	2.0	1.0	1.0	1.665000000000001	13.334999999999999	2.0
153	3.0	0.0	2.0	0.0	3.0	6.0	2.0
154	3.0	0.0	2.0	0.0	3.0	6.0	2.0
155	3.0	1.0	2.0	1.0	4.0	8.0	3.0
156	4.0	0.0	2.0	0.0	1.3320000000000007	10.668	2.0
157	4.0	3.0	2.0	2.0	7.0	14.0	4.0
158	1.0	0.0	1.0	0.0	1.0	2.0	1.0
159	2.0	4.0	2.0	1.0	4.668	10.332	2.0
160	1.0	0.0	1.0	0.0	0.3330000000000002	2.667	1.0
161	0.0	0.0	0.0	0.0	0.0	0.0	0.0
162	2.0	0.0	1.0	0.0	0.6660000000000004	5.334	1.0
163	1.0	5.0	1.0	3.0	1.9990000000000006	13.001	3.0
164	3.0	1.0	1.0	0.0	3.0	6.0	1.0
165	1.0	0.0	1.0	0.0	1.0	2.0	1.0
166	3.0	0.0	2.0	0.0	3.4	5.6	2.0
167	4.0	0.0	3.0	0.0	4.0	8.0	3.0
168	3.0	0.0	1.0	0.0	2.0040000000000004	6.9959999999999996	1.0
169	2.0	0.0	1.0	0.0	2.0	4.0	1.0
170	2.0	0.0	1.0	0.0	2.0	4.0	1.0
171	3.0	0.0	2.0	0.0	3.0	6.0	2.0
172	1.0	0.0	0.0	0.0	0.3330000000000002	2.667	0.0
173	2.0	0.0	2.0	0.0	0.6660000000000004	5.334	2.0
174	4.0	0.0	3.0	0.0	4.0	8.0	3.0
175	4.0	0.0	3.0	0.0	4.4	7.6	3.0
176	0.0	0.0	0.0	0.0	0.0	0.0	0.0
177	3.0	2.0	2.0	1.0	5.0	10.0	3.0
178	0.0	0.0	0.0	0.0	0.0	0.0	0.0
179	3.0	2.0	1.0	0.0	4.0	8.0	1.0
180	2.0	2.0	2.0	2.0	2.333	6.667	3.0
181	1.0	1.0	1.0	1.0	0.6660000000000004	5.334	2.0
182	2.0	2.0	1.0	1.0	1.0010000000000003	4.999	1.0
183	3.0	0.0	2.0	0.0	3.0	6.0	2.0
184	2.0	2.0	1.0	2.0	1.6660000000000004	7.334	2.0
185	3.0	0.0	1.0	0.0	3.4	5.6	1.0
186	3.0	1.0	2.0	0.0	4.0	8.0	2.0
187	4.0	0.0	3.0	0.0	5.199999999999999	6.800000000000001	3.0
188	1.0	1.0	0.0	0.0	0.3330000000000002	2.667	0.0
189	1.0	0.0	1.0	0.0	0.6680000000000001	2.332	1.0
190	2.0	0.0	0.0	0.0	0.6660000000000004	5.334	0.0
191	3.0	0.0	1.0	0.0	3.4	5.6	1.0
192	3.0	0.0	1.0	0.0	3.0	6.0	1.0
193	2.0	0.0	1.0	0.0	2.0	4.0	1.0
194	4.0	1.0	1.0	1.0	3.0	9.0	1.0
195	1.0	0.0	0.0	0.0	1.0	2.0	0.0
196	3.0	0.0	2.0	0.0	3.0	6.0	2.0
197	1.0	0.0	0.0	0.0	1.0	2.0	0.0
198	3.0	0.0	2.0	0.0	3.0	6.0	2.0
199	3.0	0.0	1.0	0.0	3.0	6.0	1.0
200	1.0	1.0	1.0	0.0	0.6660000000000004	5.334	1.0
201	3.0	0.0	1.0	0.0	3.0	6.0	1.0
202	4.0	0.0	2.0	0.0	4.0	8.0	2.0
203	2.0	0.0	1.0	0.0	1.3360000000000003	4.664	1.0
204	2.0	0.0	1.0	0.0	2.0	4.0	1.0
205	0.0	0.0	0.0	0.0	0.0	0.0	0.0
206	0.0	0.0	0.0	0.0	0.0	0.0	0.0
207	3.0	0.0	1.0	0.0	3.0	6.0	1.0
208	1.0	1.0	0.0	0.0	2.0	4.0	0.0
209	4.0	3.0	2.0	1.0	3.3320000000000007	14.668	3.0
210	2.0	0.0	1.0	0.0	0.6660000000000004	5.334	1.0
211	3.0	0.0	2.0	0.0	3.0	6.0	2.0
212	1.0	0.0	1.0	0.0	1.0	2.0	1.0
213	2.0	0.0	1.0	0.0	0.6660000000000004	5.334	1.0
214	1.0	0.0	1.0	0.0	0.3330000000000002	2.667	1.0
215	2.0	0.0	1.0	0.0	2.0	4.0	1.0
216	1.0	0.0	1.0	0.0	0.3330000000000002	2.667	1.0
217	0.0	0.0	0.0	0.0	0.0	0.0	0.0
218	3.0	0.0	2.0	0.0	0.9990000000000006	8.001	2.0
219	1.0	0.0	0.0	0.0	1.0	2.0	0.0
220	2.0	1.0	0.0	0.0	1.6660000000000004	7.334	0.0
221	1.0	0.0	1.0	0.0	0.3330000000000002	2.667	1.0
222	1.0	0.0	0.0	0.0	0.3330000000000002	2.667	0.0
223	4.0	0.0	3.0	0.0	4.0	8.0	3.0
224	0.0	1.0	0.0	0.0	0.3330000000000002	2.667	0.0
225	2.0	0.0	1.0	0.0	2.0	4.0	1.0
226	2.0	1.0	1.0	0.0	2.668	6.332	1.0
227	1.0	4.0	1.0	2.0	2.9990000000000006	12.001	3.0
228	2.0	0.0	1.0	0.0	0.6660000000000004	5.334	1.0
229	4.0	0.0	4.0	0.0	4.0	8.0	4.0
230	3.0	1.0	2.0	0.0	3.733	8.267	2.0
231	4.0	0.0	2.0	0.0	5.199999999999999	6.800000000000001	2.0
232	1.0	0.0	1.0	0.0	0.3330000000000002	2.667	1.0
233	2.0	2.0	2.0	2.0	1.3330000000000002	4.667	2.0
234	1.0	0.0	1.0	0.0	0.3330000000000002	2.667	1.0
235	2.0	1.0	1.0	0.0	2.668	6.332	1.0
236	0.0	0.0	0.0	0.0	0.0	0.0	0.0
237	0.0	0.0	0.0	0.0	0.0	0.0	0.0
238	0.0	0.0	0.0	0.0	0.0	0.0	0.0
239	3.0	1.0	2.0	0.0	3.668	8.332	2.0
240	0.0	1.0	0.0	0.0	0.6680000000000001	2.332	0.0
241	1.0	1.0	1.0	0.0	0.6660000000000004	5.334	1.0
242	2.0	0.0	1.0	0.0	0.6660000000000004	5.334	1.0
243	3.0	0.0	0.0	0.0	0.9990000000000006	8.001	0.0
244	1.0	0.0	0.0	0.0	1.0	2.0	0.0
245	0.0	0.0	0.0	0.0	0.0	0.0	0.0
246	1.0	0.0	0.0	0.0	1.0	2.0	0.0
247	2.0	2.0	1.0	1.0	2.0	4.0	1.0
248	2.0	1.0	1.0	0.0	1.3330000000000002	4.667	1.0
249	3.0	0.0	2.0	0.0	3.0	6.0	2.0
250	0.0	0.0	0.0	0.0	0.0	0.0	0.0
251	3.0	0.0	1.0	0.0	0.9990000000000006	8.001	1.0
252	1.0	1.0	1.0	0.0	1.6680000000000001	4.332	1.0
253	1.0	4.0	0.0	2.0	2.6660000000000004	9.334	2.0
254	4.0	0.0	2.0	0.0	1.3320000000000007	10.668	2.0
255	3.0	0.0	2.0	0.0	3.068	5.932	2.0
256	1.0	1.0	0.0	0.0	0.3330000000000002	2.667	0.0
257	0.0	1.0	0.0	0.0	1.0	2.0	0.0
258	2.0	0.0	1.0	0.0	0.6660000000000004	5.334	1.0
259	4.0	2.0	3.0	1.0	4.0	8.0	3.0
260	2.0	0.0	1.0	0.0	2.0	4.0	1.0
261	1.0	0.0	1.0	0.0	1.0	2.0	1.0
262	0.0	0.0	0.0	0.0	0.0	0.0	0.0
263	0.0	2.0	0.0	2.0	0.3330000000000002	2.667	1.0
264	1.0	0.0	1.0	0.0	0.3330000000000002	2.667	1.0
265	2.0	0.0	1.0	0.0	0.6660000000000004	5.334	1.0
266	3.0	3.0	1.0	1.0	4.6690000000000005	13.331	2.0
267	1.0	0.0	0.0	0.0	0.3330000000000002	2.667	0.0
268	1.0	2.0	1.0	1.0	0.9990000000000006	8.001	2.0
269	3.0	1.0	2.0	0.0	3.068	5.932	2.0
270	0.0	0.0	0.0	0.0	0.0	0.0	0.0
271	4.0	0.0	3.0	0.0	1.3320000000000007	10.668	3.0
272	3.0	2.0	3.0	1.0	4.0	8.0	3.0
273	1.0	4.0	1.0	2.0	4.4	7.6	2.0
274	1.0	6.0	1.0	3.0	6.001	14.998999999999999	4.0
275	0.0	0.0	0.0	0.0	0.0	0.0	0.0
276	3.0	2.0	2.0	1.0	4.0	8.0	3.0
277	4.0	2.0	3.0	1.0	5.336	12.664	4.0
278	2.0	2.0	1.0	1.0	3.668	8.332	2.0
279	2.0	1.0	1.0	1.0	1.6660000000000004	7.334	2.0
280	5.0	0.0	3.0	0.0	5.0	10.0	3.0
281	4.0	0.0	2.0	0.0	4.0	8.0	2.0
282	3.0	3.0	0.0	2.0	4.068	10.932	2.0
283	2.0	0.0	1.0	0.0	2.0	4.0	1.0
284	2.0	0.0	1.0	0.0	0.6660000000000004	5.334	1.0
285	2.0	0.0	1.0	0.0	2.0	4.0	1.0
286	2.0	2.0	2.0	1.0	4.068	7.932	3.0
287	1.0	0.0	1.0	0.0	1.0	2.0	1.0
288	0.0	0.0	0.0	0.0	0.0	0.0	0.0
289	2.0	0.0	1.0	0.0	2.0	4.0	1.0
290	1.0	0.0	1.0	0.0	0.3330000000000002	2.667	1.0
291	0.0	0.0	0.0	0.0	0.0	0.0	0.0
292	2.0	7.0	1.0	5.0	4.668	16.332	4.0
293	1.0	0.0	0.0	0.0	1.0	2.0	0.0
294	4.0	0.0	3.0	0.0	4.0	8.0	3.0
295	2.0	2.0	2.0	1.0	1.3320000000000007	10.668	3.0
296	5.0	3.0	2.0	2.0	6.336	14.664	3.0
297	0.0	0.0	0.0	0.0	0.0	0.0	0.0
298	3.0	2.0	2.0	1.0	4.333	10.667	3.0
299	3.0	0.0	2.0	0.0	3.0	6.0	2.0
300	2.0	1.0	1.0	0.0	2.3360000000000003	6.664	1.0
301	4.0	0.0	2.0	0.0	4.068	7.932	2.0
302	2.0	0.0	1.0	0.0	2.0	4.0	1.0
303	2.0	4.0	1.0	2.0	2.0020000000000007	9.998	2.0
304	2.0	1.0	1.0	0.0	1.3330000000000002	4.667	1.0
305	3.0	1.0	2.0	0.0	1.9990000000000006	10.001	2.0
306	3.0	0.0	3.0	0.0	3.0	6.0	3.0
307	0.0	0.0	0.0	0.0	0.0	0.0	0.0
308	1.0	0.0	1.0	0.0	0.3330000000000002	2.667	1.0
309	3.0	0.0	2.0	0.0	3.0	6.0	2.0
310	4.0	0.0	1.0	0.0	4.0	8.0	1.0
311	1.0	0.0	0.0	0.0	0.3330000000000002	2.667	0.0
312	1.0	1.0	1.0	1.0	1.0	2.0	1.0
313	1.0	1.0	1.0	0.0	1.6680000000000001	4.332	1.0
314	0.0	0.0	0.0	0.0	0.0	0.0	0.0
315	4.0	0.0	2.0	0.0	4.0	8.0	2.0
316	3.0	2.0	1.0	1.0	2.668	6.332	1.0
317	3.0	0.0	2.0	0.0	3.0	6.0	2.0
318	2.0	0.0	1.0	0.0	0.6660000000000004	5.334	1.0
319	0.0	0.0	0.0	0.0	0.0	0.0	0.0
320	0.0	1.0	0.0	1.0	0.6680000000000001	2.332	1.0
321	4.0	0.0	3.0	0.0	4.0	8.0	3.0
322	1.0	1.0	1.0	1.0	1.3330000000000002	4.667	2.0
323	0.0	0.0	0.0	0.0	0.0	0.0	0.0
324	2.0	0.0	1.0	0.0	2.0	4.0	1.0
325	2.0	0.0	1.0	0.0	0.6660000000000004	5.334	1.0
326	3.0	1.0	2.0	0.0	0.9990000000000006	8.001	2.0
327	0.0	1.0	0.0	1.0	0.3330000000000002	2.667	1.0
328	1.0	1.0	1.0	1.0	1.3330000000000002	4.667	2.0
329	0.0	0.0	0.0	0.0	0.0	0.0	0.0
330	4.0	2.0	3.0	2.0	3.333	8.667	3.0
331	4.0	0.0	2.0	0.0	4.0	8.0	2.0
332	1.0	0.0	0.0	0.0	1.0	2.0	0.0
333	1.0	0.0	1.0	0.0	0.3330000000000002	2.667	1.0
334	2.0	0.0	2.0	0.0	0.6660000000000004	5.334	2.0
335	2.0	2.0	1.0	2.0	2.0	7.0	2.0
336	0.0	2.0	0.0	1.0	2.0	4.0	1.0
337	1.0	0.0	1.0	0.0	1.0	2.0	1.0
338	6.0	0.0	2.0	0.0	6.0	12.0	2.0
339	0.0	0.0	0.0	0.0	0.0	0.0	0.0
340	4.0	2.0	3.0	1.0	4.6690000000000005	13.331	4.0
341	2.0	0.0	1.0	0.0	2.0	4.0	1.0
342	3.0	0.0	2.0	0.0	3.0	6.0	2.0
343	4.0	0.0	3.0	0.0	4.0	8.0	3.0
344	1.0	0.0	1.0	0.0	0.3330000000000002	2.667	1.0
345	3.0	0.0	2.0	0.0	3.0	6.0	2.0
346	1.0	0.0	1.0	0.0	0.3330000000000002	2.667	1.0
347	0.0	0.0	0.0	0.0	0.0	0.0	0.0
348	0.0	0.0	0.0	0.0	0.0	0.0	0.0
349	0.0	0.0	0.0	0.0	0.0	0.0	0.0
350	0.0	0.0	0.0	0.0	0.0	0.0	0.0
351	1.0	0.0	1.0	0.0	0.3330000000000002	2.667	1.0
352	1.0	0.0	1.0	0.0	0.3330000000000002	2.667	1.0
353	3.0	0.0	2.0	0.0	0.9990000000000006	8.001	2.0
354	1.0	0.0	1.0	0.0	1.0	2.0	1.0
355	2.0	0.0	1.0	0.0	2.0	4.0	1.0
356	1.0	0.0	0.0	0.0	0.3330000000000002	2.667	0.0
357	0.0	0.0	0.0	0.0	0.0	0.0	0.0
358	2.0	0.0	1.0	0.0	2.0	4.0	1.0
359	0.0	0.0	0.0	0.0	0.0	0.0	0.0
360	2.0	0.0	1.0	0.0	2.0	4.0	1.0
361	4.0	0.0	2.0	0.0	2.6720000000000006	9.328	2.0
362	1.0	2.0	1.0	1.0	2.0660000000000003	6.933999999999999	2.0
363	0.0	0.0	0.0	0.0	0.0	0.0	0.0
364	0.0	4.0	0.0	2.0	0.9990000000000006	11.001	2.0
365	1.0	0.0	0.0	0.0	0.3330000000000002	2.667	0.0
366	1.0	0.0	0.0	0.0	0.3330000000000002	2.667	0.0
367	0.0	0.0	0.0	0.0	0.0	0.0	0.0
368	3.0	0.0	2.0	0.0	3.0	6.0	2.0
369	5.0	2.0	2.0	1.0	4.333	10.667	2.0
370	1.0	0.0	1.0	0.0	0.3330000000000002	2.667	1.0
371	0.0	0.0	0.0	0.0	0.0	0.0	0.0
372	0.0	5.0	0.0	2.0	1.3340000000000005	10.666	2.0
373	2.0	0.0	1.0	0.0	1.3360000000000003	4.664	1.0
374	0.0	0.0	0.0	0.0	0.0	0.0	0.0
375	2.0	8.0	1.0	5.0	6.337000000000001	20.663	5.0
376	0.0	0.0	0.0	0.0	0.0	0.0	0.0
377	0.0	0.0	0.0	0.0	0.0	0.0	0.0
378	3.0	2.0	2.0	0.0	1.9990000000000006	10.001	2.0
379	3.0	3.0	2.0	1.0	3.333	8.667	3.0
380	3.0	2.0	2.0	0.0	4.4	7.6	2.0
381	0.0	0.0	0.0	0.0	0.0	0.0	0.0
382	2.0	0.0	2.0	0.0	2.0	4.0	2.0
383	2.0	1.0	2.0	1.0	2.0	4.0	2.0
384	0.0	0.0	0.0	0.0	0.0	0.0	0.0
385	2.0	0.0	1.0	0.0	2.4	3.6	1.0
386	0.0	0.0	0.0	0.0	0.0	0.0	0.0
387	2.0	0.0	2.0	0.0	0.6660000000000004	5.334	2.0
388	0.0	0.0	0.0	0.0	0.0	0.0	0.0
389	3.0	0.0	2.0	0.0	3.0	6.0	2.0
390	2.0	2.0	1.0	0.0	1.3330000000000002	4.667	1.0
391	3.0	0.0	1.0	0.0	0.9990000000000006	8.001	1.0
392	1.0	0.0	1.0	0.0	0.3330000000000002	2.667	1.0
393	4.0	0.0	3.0	0.0	2.6720000000000006	9.328	3.0
394	0.0	0.0	0.0	0.0	0.0	0.0	0.0
395	0.0	0.0	0.0	0.0	0.0	0.0	0.0
396	3.0	0.0	2.0	0.0	3.0	6.0	2.0
397	2.0	0.0	1.0	0.0	2.0	4.0	1.0
398	3.0	0.0	1.0	0.0	3.0	6.0	1.0
399	1.0	0.0	1.0	0.0	0.3330000000000002	2.667	1.0
400	0.0	0.0	0.0	0.0	0.0	0.0	0.0
401	3.0	0.0	2.0	0.0	3.4	5.6	2.0
402	0.0	0.0	0.0	0.0	0.0	0.0	0.0
403	0.0	0.0	0.0	0.0	0.0	0.0	0.0
404	0.0	0.0	0.0	0.0	0.0	0.0	0.0
405	2.0	0.0	1.0	0.0	2.0	4.0	1.0
406	0.0	0.0	0.0	0.0	0.0	0.0	0.0
407	0.0	0.0	0.0	0.0	0.0	0.0	0.0
408	0.0	0.0	0.0	0.0	0.0	0.0	0.0
409	4.0	0.0	1.0	0.0	4.0	8.0	1.0
410	2.0	0.0	1.0	0.0	2.0	4.0	1.0
411	2.0	7.0	1.0	5.0	4.335000000000001	16.665	5.0
412	1.0	0.0	0.0	0.0	1.0	2.0	0.0
413	1.0	2.0	1.0	2.0	1.3330000000000002	4.667	2.0
414	0.0	2.0	0.0	2.0	1.0	2.0	1.0
415	2.0	0.0	1.0	0.0	2.0	4.0	1.0
416	1.0	3.0	1.0	2.0	3.0010000000000003	8.998999999999999	3.0
417	4.0	2.0	1.0	2.0	4.333	10.667	2.0
418	7.0	0.0	5.0	0.0	6.536	11.464	4.0
419	2.0	1.0	1.0	1.0	0.9990000000000006	8.001	2.0
420	0.0	3.0	0.0	1.0	0.6660000000000004	5.334	1.0
421	5.0	2.0	3.0	1.0	5.401	12.599	3.0
422	5.0	1.0	2.0	1.0	5.0	10.0	2.0
423	1.0	2.0	1.0	2.0	2.0	4.0	2.0
424	2.0	1.0	0.0	0.0	2.668	6.332	0.0
425	0.0	2.0	0.0	0.0	0.6680000000000001	2.332	0.0
426	0.0	0.0	0.0	0.0	0.0	0.0	0.0
427	2.0	1.0	1.0	1.0	0.9990000000000006	8.001	2.0
428	1.0	1.0	0.0	1.0	0.6660000000000004	5.334	1.0
429	2.0	1.0	2.0	1.0	1.3340000000000005	7.6659999999999995	3.0
430	4.0	1.0	3.0	1.0	3.333	8.667	3.0
431	5.0	5.0	4.0	2.0	7.336	16.664	4.0
432	2.0	3.0	2.0	2.0	1.9990000000000006	10.001	3.0
433	3.0	4.0	1.0	1.0	4.666	13.334	2.0
434	1.0	2.0	1.0	2.0	1.0	2.0	1.0
435	4.0	6.0	1.0	2.0	3.6660000000000013	20.334	2.0
436	0.0	1.0	0.0	0.0	0.3330000000000002	2.667	0.0
437	1.0	1.0	0.0	0.0	1.0010000000000003	4.999	0.0
438	3.0	2.0	2.0	2.0	2.333	6.667	2.0
439	4.0	1.0	1.0	0.0	2.6660000000000004	9.334	1.0
440	4.0	3.0	3.0	2.0	4.333	10.667	3.0
441	3.0	0.0	2.0	0.0	3.0	6.0	2.0
442	2.0	2.0	1.0	2.0	3.0010000000000003	8.998999999999999	3.0
443	1.0	0.0	0.0	0.0	1.0	2.0	0.0
444	3.0	1.0	2.0	0.0	3.0040000000000004	8.995999999999999	2.0
445	3.0	0.0	1.0	0.0	3.0	6.0	1.0
446	0.0	0.0	0.0	0.0	0.0	0.0	0.0
447	2.0	0.0	1.0	0.0	2.0	4.0	1.0
448	2.0	0.0	0.0	0.0	1.3360000000000003	4.664	0.0
449	0.0	0.0	0.0	0.0	0.0	0.0	0.0
450	1.0	0.0	1.0	0.0	0.3330000000000002	2.667	1.0
451	2.0	0.0	1.0	0.0	2.0	4.0	1.0
452	2.0	0.0	2.0	0.0	2.0	4.0	2.0
453	0.0	0.0	0.0	0.0	0.0	0.0	0.0
454	0.0	0.0	0.0	0.0	0.0	0.0	0.0
455	1.0	0.0	1.0	0.0	0.6680000000000001	2.332	1.0
456	2.0	0.0	1.0	0.0	0.6660000000000004	5.334	1.0
457	1.0	1.0	0.0	0.0	0.6660000000000004	5.334	0.0
458	2.0	0.0	2.0	0.0	0.6660000000000004	5.334	2.0
459	4.0	0.0	3.0	0.0	4.0	8.0	3.0
460	1.0	2.0	1.0	2.0	0.3330000000000002	2.667	1.0
461	4.0	2.0	3.0	1.0	4.668	10.332	3.0
462	2.0	4.0	1.0	0.0	3.0010000000000003	8.998999999999999	1.0
463	1.0	1.0	1.0	1.0	2.0	4.0	2.0
464	2.0	4.0	1.0	2.0	1.3330000000000002	4.667	1.0
465	0.0	1.0	0.0	1.0	1.0	2.0	1.0
466	4.0	5.0	3.0	2.0	6.3340000000000005	17.666	5.0
467	2.0	2.0	1.0	1.0	1.3330000000000002	7.667	1.0
468	4.0	1.0	2.0	0.0	3.333	8.667	2.0
469	2.0	3.0	1.0	2.0	3.6720000000000006	11.328	3.0
470	3.0	2.0	2.0	0.0	2.333	6.667	2.0
471	2.0	1.0	1.0	0.0	0.9990000000000006	8.001	1.0
472	3.0	2.0	3.0	0.0	1.3320000000000007	10.668	3.0
473	2.0	2.0	2.0	0.0	2.668	6.332	2.0
474	4.0	1.0	2.0	0.0	4.333	10.667	2.0
475	3.0	1.0	2.0	0.0	3.333	8.667	2.0
476	3.0	3.0	2.0	1.0	3.3370000000000006	11.663	3.0
477	0.0	2.0	0.0	0.0	1.0	2.0	0.0
478	1.0	2.0	1.0	0.0	1.3330000000000002	4.667	1.0
479	3.0	0.0	2.0	0.0	3.0	6.0	2.0
480	2.0	2.0	1.0	0.0	1.3330000000000002	4.667	1.0
481	3.0	2.0	2.0	1.0	3.668	8.332	2.0
482	4.0	2.0	1.0	0.0	1.9990000000000006	10.001	1.0
483	2.0	3.0	2.0	2.0	3.4010000000000002	8.599	3.0
484	2.0	2.0	1.0	0.0	0.6660000000000004	5.334	1.0
485	4.0	0.0	2.0	0.0	4.0	8.0	2.0
486	1.0	2.0	1.0	0.0	1.3330000000000002	4.667	1.0
487	2.0	2.0	2.0	0.0	2.668	6.332	2.0
488	3.0	0.0	2.0	0.0	3.0	6.0	2.0
489	2.0	0.0	1.0	0.0	0.6660000000000004	5.334	1.0
490	0.0	0.0	0.0	0.0	0.0	0.0	0.0
491	3.0	0.0	1.0	0.0	3.4	5.6	1.0
492	3.0	0.0	1.0	0.0	3.0	6.0	1.0
493	2.0	0.0	2.0	0.0	2.0	4.0	2.0
494	0.0	0.0	0.0	0.0	0.0	0.0	0.0
495	0.0	3.0	0.0	0.0	0.3330000000000002	2.667	0.0
496	3.0	0.0	1.0	0.0	3.0	6.0	1.0
497	3.0	0.0	1.0	0.0	3.0	6.0	1.0
498	2.0	1.0	2.0	0.0	3.0	6.0	2.0
499	3.0	1.0	3.0	1.0	3.668	8.332	4.0
500	6.0	0.0	3.0	0.0	6.068	11.932	3.0
501	3.0	0.0	1.0	0.0	3.0	6.0	1.0
502	2.0	0.0	2.0	0.0	2.0	4.0	2.0
503	2.0	0.0	0.0	0.0	2.0	4.0	0.0
504	1.0	0.0	0.0	0.0	0.3330000000000002	2.667	0.0
505	2.0	0.0	2.0	0.0	0.6660000000000004	5.334	2.0
506	3.0	0.0	2.0	0.0	3.0	6.0	2.0
507	3.0	0.0	2.0	0.0	0.9990000000000006	8.001	2.0
508	3.0	0.0	0.0	0.0	2.0040000000000004	6.9959999999999996	0.0
509	0.0	0.0	0.0	0.0	0.0	0.0	0.0
510	0.0	0.0	0.0	0.0	0.0	0.0	0.0
511	4.0	0.0	2.0	0.0	4.0	8.0	2.0
512	2.0	0.0	1.0	0.0	2.0	4.0	1.0
513	0.0	1.0	0.0	1.0	1.0	2.0	1.0
514	2.0	4.0	1.0	2.0	3.6660000000000004	11.334	2.0
515	2.0	1.0	2.0	1.0	1.3330000000000002	4.667	2.0
516	1.0	1.0	1.0	1.0	0.6660000000000004	5.334	2.0
517	1.0	0.0	0.0	0.0	0.3330000000000002	2.667	0.0
518	2.0	4.0	1.0	2.0	1.9990000000000006	10.001	2.0
519	1.0	3.0	1.0	2.0	1.6680000000000001	4.332	1.0
520	4.0	1.0	1.0	0.0	4.0	8.0	1.0
521	2.0	2.0	1.0	1.0	0.9990000000000006	8.001	1.0
522	2.0	2.0	1.0	0.0	2.0	4.0	1.0
523	3.0	1.0	1.0	0.0	2.0	4.0	1.0
524	3.0	2.0	2.0	0.0	1.6660000000000004	7.334	2.0
525	3.0	2.0	1.0	0.0	3.333	8.667	1.0
526	2.0	5.0	2.0	1.0	2.665000000000001	15.334999999999999	2.0
527	3.0	0.0	2.0	0.0	3.0	6.0	2.0
528	1.0	0.0	1.0	0.0	0.3330000000000002	2.667	1.0
529	3.0	0.0	2.0	0.0	3.0	6.0	2.0
530	3.0	0.0	0.0	0.0	2.0040000000000004	6.9959999999999996	0.0
531	0.0	2.0	0.0	1.0	1.6680000000000001	4.332	1.0
532	2.0	0.0	0.0	0.0	2.0	4.0	0.0
533	2.0	0.0	1.0	0.0	2.0	4.0	1.0
534	1.0	0.0	0.0	0.0	1.0	2.0	0.0
535	2.0	0.0	0.0	0.0	0.6660000000000004	5.334	0.0
536	1.0	0.0	1.0	0.0	0.3330000000000002	2.667	1.0
537	3.0	1.0	1.0	0.0	4.0	8.0	1.0
538	2.0	0.0	1.0	0.0	2.0	4.0	1.0
539	3.0	1.0	2.0	1.0	1.3330000000000002	4.667	1.0
540	2.0	1.0	1.0	1.0	2.0	7.0	2.0
541	1.0	3.0	0.0	0.0	2.333	6.667	0.0
542	1.0	4.0	1.0	1.0	2.333	9.667	2.0
543	1.0	0.0	0.0	0.0	1.0	2.0	0.0
544	3.0	2.0	1.0	0.0	4.0	8.0	1.0
545	2.0	2.0	1.0	0.0	1.3330000000000002	4.667	1.0
546	0.0	1.0	0.0	0.0	1.0	2.0	0.0
547	1.0	0.0	0.0	0.0	1.0	2.0	0.0
548	2.0	0.0	1.0	0.0	0.6660000000000004	5.334	1.0
549	2.0	0.0	1.0	0.0	2.0	4.0	1.0
550	2.0	0.0	1.0	0.0	2.0	4.0	1.0
551	1.0	0.0	0.0	0.0	0.6680000000000001	2.332	0.0
