all_syn	all_nonSyn	tip_syn	tip_nonSyn	S	N	comparisons
001	0.0	0.0	0.0	0.0	0.0	0.0	0.0
002	0.0	0.0	0.0	0.0	0.0	0.0	0.0
003	4.0	2.0	2.0	2.0	5.0	10.0	3.0
004	0.0	1.0	0.0	0.0	0.0	3.0	0.0
005	3.0	2.0	2.0	2.0	2.668	9.332	3.0
006	1.0	2.0	1.0	2.0	1.3330000000000002	4.667	2.0
007	1.0	2.0	1.0	2.0	3.0	6.0	3.0
008	2.0	4.0	1.0	3.0	5.0	10.0	3.0
009	0.0	1.0	0.0	1.0	1.0	2.0	1.0
010	2.0	1.0	1.0	1.0	2.068	6.932	2.0
011	0.0	0.0	0.0	0.0	0.0	0.0	0.0
012	0.0	2.0	0.0	2.0	2.068	3.932	2.0
013	0.0	1.0	0.0	1.0	0.3330000000000002	2.667	1.0
014	2.0	0.0	1.0	0.0	2.4	3.6	1.0
015	0.0	0.0	0.0	0.0	0.0	0.0	0.0
016	2.0	2.0	1.0	2.0	2.0	4.0	1.0
017	2.0	0.0	1.0	0.0	2.0	4.0	1.0
018	1.0	4.0	1.0	3.0	1.9990000000000006	10.001	3.0
019	2.0	0.0	1.0	0.0	2.0	4.0	1.0
020	2.0	1.0	2.0	1.0	1.6680000000000001	7.332	3.0
021	1.0	0.0	0.0	0.0	0.3330000000000002	2.667	0.0
022	1.0	0.0	0.0	0.0	1.0	2.0	0.0
023	0.0	0.0	0.0	0.0	0.0	0.0	0.0
024	0.0	1.0	0.0	1.0	0.6680000000000001	2.332	1.0
025	3.0	0.0	2.0	0.0	0.9990000000000006	8.001	2.0
026	1.0	0.0	1.0	0.0	0.3330000000000002	2.667	1.0
027	1.0	0.0	1.0	0.0	1.0	2.0	1.0
028	3.0	0.0	2.0	0.0	0.9990000000000006	8.001	2.0
029	0.0	0.0	0.0	0.0	0.0	0.0	0.0
030	2.0	0.0	1.0	0.0	0.6660000000000004	5.334	1.0
031	2.0	0.0	2.0	0.0	2.0	4.0	2.0
032	1.0	0.0	1.0	0.0	0.3330000000000002	2.667	1.0
033	2.0	0.0	1.0	0.0	1.6680000000000001	4.332	1.0
034	0.0	0.0	0.0	0.0	0.0	0.0	0.0
035	3.0	1.0	2.0	1.0	4.0	8.0	3.0
036	1.0	0.0	1.0	0.0	1.0	2.0	1.0
037	0.0	0.0	0.0	0.0	0.0	0.0	0.0
038	0.0	0.0	0.0	0.0	0.0	0.0	0.0
039	1.0	0.0	0.0	0.0	0.3330000000000002	2.667	0.0
040	0.0	0.0	0.0	0.0	0.0	0.0	0.0
041	3.0	3.0	2.0	2.0	3.333	8.667	3.0
042	2.0	0.0	1.0	0.0	2.0	4.0	1.0
043	0.0	0.0	0.0	0.0	0.0	0.0	0.0
044	2.0	0.0	2.0	0.0	2.0	4.0	2.0
045	2.0	0.0	1.0	0.0	2.0	4.0	1.0
046	2.0	0.0	1.0	0.0	2.0	4.0	1.0
047	2.0	0.0	2.0	0.0	2.0	4.0	2.0
048	0.0	0.0	0.0	0.0	0.0	0.0	0.0
049	2.0	0.0	1.0	0.0	2.0	4.0	1.0
050	2.0	0.0	0.0	0.0	0.6660000000000004	5.334	0.0
051	0.0	0.0	0.0	0.0	0.0	0.0	0.0
052	1.0	0.0	1.0	0.0	0.3330000000000002	2.667	1.0
053	3.0	1.0	3.0	1.0	2.668	6.332	3.0
054	0.0	1.0	0.0	1.0	0.6680000000000001	2.332	1.0
055	2.0	0.0	1.0	0.0	0.6660000000000004	5.334	1.0
056	2.0	1.0	2.0	1.0	3.4	5.6	3.0
057	3.0	1.0	1.0	1.0	4.0	8.0	2.0
058	3.0	2.0	2.0	2.0	1.6660000000000004	7.334	2.0
059	2.0	1.0	1.0	1.0	0.9990000000000006	8.001	2.0
060	1.0	1.0	1.0	0.0	2.0	4.0	1.0
061	3.0	1.0	2.0	1.0	3.333	8.667	3.0
062	2.0	1.0	0.0	1.0	3.0	6.0	1.0
063	1.0	0.0	1.0	0.0	0.3330000000000002	2.667	1.0
064	3.0	1.0	1.0	1.0	1.3320000000000007	10.668	2.0
065	2.0	0.0	1.0	0.0	0.6660000000000004	5.334	1.0
066	1.0	1.0	1.0	1.0	2.0	4.0	2.0
067	1.0	3.0	1.0	1.0	4.0	8.0	2.0
068	1.0	0.0	1.0	0.0	1.0	2.0	1.0
069	1.0	0.0	1.0	0.0	0.3330000000000002	2.667	1.0
070	2.0	3.0	2.0	2.0	3.8	8.2	3.0
071	0.0	0.0	0.0	0.0	0.0	0.0	0.0
072	1.0	1.0	1.0	1.0	1.0	2.0	1.0
073	2.0	0.0	2.0	0.0	0.6660000000000004	5.334	2.0
074	2.0	0.0	1.0	0.0	0.6660000000000004	5.334	1.0
075	0.0	0.0	0.0	0.0	0.0	0.0	0.0
076	0.0	0.0	0.0	0.0	0.0	0.0	0.0
077	0.0	0.0	0.0	0.0	0.0	0.0	0.0
078	1.0	0.0	1.0	0.0	0.3330000000000002	2.667	1.0
079	0.0	0.0	0.0	0.0	0.0	0.0	0.0
080	4.0	0.0	2.0	0.0	3.068	5.932	2.0
081	2.0	0.0	1.0	0.0	1.3360000000000003	4.664	1.0
082	2.0	0.0	2.0	0.0	2.0	4.0	2.0
083	1.0	1.0	0.0	1.0	1.6680000000000001	4.332	1.0
084	1.0	0.0	1.0	0.0	1.0	2.0	1.0
085	1.0	0.0	1.0	0.0	0.3330000000000002	2.667	1.0
086	2.0	2.0	2.0	2.0	1.6660000000000004	7.334	3.0
087	3.0	1.0	2.0	1.0	2.333	6.667	2.0
088	1.0	2.0	1.0	2.0	0.9990000000000006	8.001	3.0
089	2.0	1.0	1.0	0.0	2.0	4.0	1.0
090	2.0	2.0	2.0	2.0	1.3330000000000002	4.667	2.0
091	2.0	2.0	2.0	2.0	1.3320000000000007	10.668	4.0
092	0.0	0.0	0.0	0.0	0.0	0.0	0.0
093	1.0	0.0	1.0	0.0	0.6680000000000001	2.332	1.0
094	2.0	0.0	2.0	0.0	2.0	4.0	2.0
095	2.0	0.0	1.0	0.0	1.3360000000000003	4.664	1.0
096	3.0	0.0	1.0	0.0	0.9990000000000006	8.001	1.0
097	2.0	1.0	1.0	1.0	0.6660000000000004	5.334	1.0
098	1.0	2.0	0.0	2.0	0.9990000000000006	8.001	2.0
099	1.0	3.0	0.0	0.0	0.6660000000000004	5.334	0.0
100	1.0	3.0	1.0	1.0	0.9990000000000006	11.001	2.0
101	4.0	1.0	2.0	1.0	4.0	8.0	2.0
102	1.0	1.0	1.0	0.0	0.6660000000000004	5.334	1.0
103	0.0	0.0	0.0	0.0	0.0	0.0	0.0
104	3.0	2.0	2.0	0.0	3.0	6.0	2.0
105	0.0	1.0	0.0	0.0	0.3330000000000002	2.667	0.0
106	3.0	0.0	1.0	0.0	0.9990000000000006	8.001	1.0
107	1.0	0.0	1.0	0.0	0.3330000000000002	2.667	1.0
108	1.0	2.0	1.0	2.0	1.6660000000000004	7.334	3.0
109	2.0	0.0	1.0	0.0	2.0	4.0	1.0
110	3.0	0.0	2.0	0.0	0.9990000000000006	8.001	2.0
111	2.0	1.0	2.0	0.0	2.668	6.332	2.0
112	1.0	0.0	1.0	0.0	1.0	2.0	1.0
113	1.0	1.0	1.0	1.0	0.6660000000000004	5.334	2.0
114	1.0	0.0	1.0	0.0	0.3330000000000002	2.667	1.0
115	0.0	0.0	0.0	0.0	0.0	0.0	0.0
116	0.0	3.0	0.0	1.0	2.068	6.932	1.0
117	1.0	1.0	1.0	1.0	1.3330000000000002	4.667	2.0
118	3.0	2.0	1.0	2.0	3.333	8.667	2.0
119	1.0	2.0	0.0	1.0	1.6660000000000004	7.334	1.0
120	0.0	2.0	0.0	1.0	2.0	4.0	1.0
121	1.0	0.0	1.0	0.0	1.0	2.0	1.0
122	4.0	2.0	3.0	2.0	3.333	8.667	3.0
123	1.0	0.0	1.0	0.0	0.3330000000000002	2.667	1.0
124	1.0	0.0	1.0	0.0	1.0	2.0	1.0
125	0.0	0.0	0.0	0.0	0.0	0.0	0.0
126	0.0	0.0	0.0	0.0	0.0	0.0	0.0
127	0.0	2.0	0.0	2.0	2.068	3.932	2.0
128	0.0	0.0	0.0	0.0	0.0	0.0	0.0
129	1.0	2.0	0.0	2.0	0.9990000000000006	8.001	2.0
130	1.0	0.0	1.0	0.0	1.0	2.0	1.0
131	1.0	2.0	1.0	2.0	0.6660000000000004	5.334	2.0
132	2.0	0.0	2.0	0.0	2.0	4.0	2.0
133	1.0	1.0	1.0	1.0	1.6680000000000001	4.332	2.0
134	2.0	1.0	2.0	1.0	0.6660000000000004	5.334	2.0
135	3.0	1.0	1.0	1.0	4.468	7.532	2.0
136	2.0	0.0	2.0	0.0	0.6660000000000004	5.334	2.0
137	0.0	2.0	0.0	2.0	0.6660000000000004	5.334	2.0
138	2.0	0.0	2.0	0.0	2.0	4.0	2.0
139	0.0	0.0	0.0	0.0	0.0	0.0	0.0
140	2.0	2.0	1.0	1.0	0.6660000000000004	5.334	1.0
141	2.0	2.0	1.0	1.0	3.0	6.0	2.0
142	2.0	1.0	2.0	1.0	2.668	6.332	3.0
143	3.0	0.0	2.0	0.0	0.9990000000000006	8.001	2.0
144	0.0	0.0	0.0	0.0	0.0	0.0	0.0
145	0.0	0.0	0.0	0.0	0.0	0.0	0.0
146	2.0	0.0	2.0	0.0	1.3360000000000003	4.664	2.0
147	2.0	4.0	2.0	4.0	3.333	8.667	4.0
148	0.0	1.0	0.0	1.0	0.3330000000000002	2.667	1.0
149	2.0	0.0	0.0	0.0	2.0	4.0	0.0
150	5.0	0.0	2.0	0.0	5.0	10.0	2.0
151	0.0	0.0	0.0	0.0	0.0	0.0	0.0
152	0.0	0.0	0.0	0.0	0.0	0.0	0.0
153	2.0	0.0	1.0	0.0	0.6660000000000004	5.334	1.0
154	1.0	0.0	1.0	0.0	1.0	2.0	1.0
155	3.0	0.0	2.0	0.0	1.6680000000000001	4.332	1.0
156	2.0	0.0	2.0	0.0	2.0	4.0	2.0
157	3.0	0.0	2.0	0.0	0.9990000000000006	8.001	2.0
158	3.0	1.0	1.0	0.0	2.0	4.0	1.0
159	1.0	0.0	1.0	0.0	0.3330000000000002	2.667	1.0
160	3.0	2.0	2.0	0.0	4.0	8.0	2.0
161	1.0	0.0	1.0	0.0	1.0	2.0	1.0
162	1.0	4.0	1.0	3.0	1.3320000000000007	10.668	3.0
163	0.0	2.0	0.0	2.0	0.3330000000000002	2.667	1.0
164	2.0	1.0	1.0	0.0	0.9990000000000006	8.001	1.0
165	1.0	2.0	1.0	2.0	0.3330000000000002	2.667	1.0
166	2.0	0.0	1.0	0.0	2.0	4.0	1.0
167	2.0	2.0	1.0	2.0	2.3360000000000003	6.664	2.0
168	1.0	0.0	0.0	0.0	1.0	2.0	0.0
169	1.0	0.0	1.0	0.0	0.3330000000000002	2.667	1.0
170	1.0	0.0	0.0	0.0	0.3330000000000002	2.667	0.0
171	1.0	0.0	0.0	0.0	1.0	2.0	0.0
172	2.0	0.0	1.0	0.0	0.6660000000000004	5.334	1.0
173	3.0	0.0	1.0	0.0	3.0	6.0	1.0
174	2.0	0.0	2.0	0.0	0.6660000000000004	5.334	2.0
175	0.0	0.0	0.0	0.0	0.0	0.0	0.0
176	0.0	0.0	0.0	0.0	0.0	0.0	0.0
177	1.0	0.0	1.0	0.0	1.0	2.0	1.0
178	2.0	0.0	2.0	0.0	2.0	4.0	2.0
179	3.0	0.0	0.0	0.0	3.0	6.0	0.0
180	2.0	0.0	2.0	0.0	2.0	4.0	2.0
181	2.0	0.0	1.0	0.0	0.6660000000000004	5.334	1.0
182	2.0	0.0	1.0	0.0	1.3360000000000003	4.664	1.0
183	2.0	0.0	1.0	0.0	2.0	4.0	1.0
184	1.0	0.0	0.0	0.0	0.3330000000000002	2.667	0.0
185	3.0	0.0	3.0	0.0	3.468	5.532	3.0
186	1.0	0.0	1.0	0.0	1.0	2.0	1.0
187	1.0	0.0	1.0	0.0	0.3330000000000002	2.667	1.0
188	2.0	0.0	1.0	0.0	0.6660000000000004	5.334	1.0
189	1.0	0.0	1.0	0.0	1.0	2.0	1.0
190	3.0	0.0	3.0	0.0	3.0	6.0	3.0
191	1.0	1.0	0.0	1.0	1.6680000000000001	4.332	1.0
192	2.0	0.0	1.0	0.0	2.0	4.0	1.0
193	2.0	0.0	1.0	0.0	1.3360000000000003	4.664	1.0
194	2.0	0.0	2.0	0.0	0.6680000000000001	2.332	1.0
195	2.0	0.0	1.0	0.0	0.6660000000000004	5.334	1.0
196	4.0	0.0	1.0	0.0	4.0	8.0	1.0
197	4.0	0.0	3.0	0.0	4.468	7.532	3.0
198	1.0	0.0	1.0	0.0	1.0	2.0	1.0
199	3.0	0.0	1.0	0.0	3.0	6.0	1.0
200	2.0	0.0	1.0	0.0	2.0	4.0	1.0
201	0.0	0.0	0.0	0.0	0.0	0.0	0.0
202	0.0	0.0	0.0	0.0	0.0	0.0	0.0
203	3.0	0.0	2.0	0.0	3.0	6.0	2.0
204	2.0	0.0	1.0	0.0	0.6660000000000004	5.334	1.0
205	4.0	0.0	2.0	0.0	4.068	7.9319999999999995	2.0
206	0.0	0.0	0.0	0.0	0.0	0.0	0.0
207	1.0	0.0	0.0	0.0	0.3330000000000002	2.667	0.0
208	1.0	0.0	1.0	0.0	0.3330000000000002	2.667	1.0
209	1.0	0.0	0.0	0.0	0.3330000000000002	2.667	0.0
210	1.0	0.0	0.0	0.0	1.0	2.0	0.0
211	2.0	0.0	2.0	0.0	0.6660000000000004	5.334	2.0
212	1.0	0.0	0.0	0.0	0.3330000000000002	2.667	0.0
213	2.0	0.0	1.0	0.0	1.3360000000000003	4.664	1.0
214	3.0	2.0	2.0	2.0	2.0010000000000003	6.999	2.0
215	2.0	0.0	1.0	0.0	2.0	4.0	1.0
216	1.0	0.0	1.0	0.0	1.0	2.0	1.0
217	0.0	0.0	0.0	0.0	0.0	0.0	0.0
218	1.0	0.0	0.0	0.0	0.3330000000000002	2.667	0.0
219	0.0	0.0	0.0	0.0	0.0	0.0	0.0
220	1.0	0.0	1.0	0.0	0.6680000000000001	2.332	1.0
221	1.0	0.0	1.0	0.0	1.0	2.0	1.0
222	2.0	0.0	1.0	0.0	2.0	4.0	1.0
223	1.0	0.0	0.0	0.0	0.6680000000000001	2.332	0.0
224	1.0	1.0	1.0	1.0	1.0	2.0	1.0
225	1.0	0.0	1.0	0.0	0.6680000000000001	2.332	1.0
226	1.0	0.0	1.0	0.0	0.3330000000000002	2.667	1.0
227	5.0	0.0	4.0	0.0	2.3360000000000003	6.664	2.0
228	0.0	0.0	0.0	0.0	0.0	0.0	0.0
229	2.0	0.0	1.0	0.0	2.0	4.0	1.0
230	2.0	0.0	2.0	0.0	0.6660000000000004	5.334	2.0
231	0.0	0.0	0.0	0.0	0.0	0.0	0.0
232	3.0	0.0	2.0	0.0	1.6680000000000001	4.332	1.0
233	0.0	0.0	0.0	0.0	0.0	0.0	0.0
234	1.0	0.0	1.0	0.0	1.0	2.0	1.0
235	0.0	0.0	0.0	0.0	0.0	0.0	0.0
236	2.0	0.0	1.0	0.0	2.0	4.0	1.0
237	0.0	0.0	0.0	0.0	0.0	0.0	0.0
238	1.0	0.0	0.0	0.0	0.3330000000000002	2.667	0.0
239	0.0	0.0	0.0	0.0	0.0	0.0	0.0
240	1.0	0.0	1.0	0.0	0.3330000000000002	2.667	1.0
241	2.0	0.0	0.0	0.0	2.4	3.6	0.0
242	1.0	0.0	1.0	0.0	0.3330000000000002	2.667	1.0
243	2.0	0.0	1.0	0.0	2.0	4.0	1.0
244	2.0	0.0	2.0	0.0	0.6660000000000004	5.334	2.0
245	1.0	0.0	1.0	0.0	1.0	2.0	1.0
246	1.0	1.0	0.0	1.0	2.0	4.0	1.0
247	1.0	0.0	1.0	0.0	0.3330000000000002	2.667	1.0
248	3.0	1.0	2.0	1.0	2.3360000000000003	6.664	2.0
249	2.0	0.0	0.0	0.0	2.0	4.0	0.0
250	1.0	0.0	1.0	0.0	1.0	2.0	1.0
251	0.0	0.0	0.0	0.0	0.0	0.0	0.0
252	1.0	0.0	1.0	0.0	1.0	2.0	1.0
253	2.0	0.0	0.0	0.0	2.4	3.6	0.0
254	4.0	0.0	4.0	0.0	3.3360000000000003	8.664	4.0
255	2.0	0.0	2.0	0.0	2.0	4.0	2.0
256	1.0	3.0	0.0	3.0	2.3360000000000003	6.664	2.0
257	3.0	0.0	2.0	0.0	3.0	6.0	2.0
258	2.0	0.0	1.0	0.0	2.0	4.0	1.0
259	1.0	0.0	1.0	0.0	0.6680000000000001	2.332	1.0
260	1.0	0.0	1.0	0.0	1.0	2.0	1.0
261	1.0	0.0	0.0	0.0	0.3330000000000002	2.667	0.0
262	1.0	0.0	1.0	0.0	1.0	2.0	1.0
263	4.0	2.0	3.0	2.0	4.333	10.667	4.0
264	3.0	0.0	3.0	0.0	3.0	6.0	3.0
265	1.0	0.0	1.0	0.0	0.3330000000000002	2.667	1.0
266	1.0	0.0	0.0	0.0	1.0	2.0	0.0
267	2.0	0.0	1.0	0.0	0.6660000000000004	5.334	1.0
268	3.0	0.0	2.0	0.0	3.0	6.0	2.0
269	0.0	0.0	0.0	0.0	0.0	0.0	0.0
270	1.0	0.0	1.0	0.0	0.3330000000000002	2.667	1.0
271	3.0	0.0	3.0	0.0	3.8	5.2	3.0
272	2.0	0.0	2.0	0.0	2.0	4.0	2.0
273	2.0	0.0	2.0	0.0	2.4	3.6	2.0
274	1.0	0.0	1.0	0.0	0.6680000000000001	2.332	1.0
275	3.0	0.0	1.0	0.0	3.0	6.0	1.0
276	2.0	0.0	0.0	0.0	0.6660000000000004	5.334	0.0
277	0.0	0.0	0.0	0.0	0.0	0.0	0.0
278	1.0	0.0	1.0	0.0	1.0	2.0	1.0
279	1.0	0.0	1.0	0.0	0.3330000000000002	2.667	1.0
280	3.0	0.0	2.0	0.0	3.0	6.0	2.0
281	3.0	0.0	2.0	0.0	3.0	6.0	2.0
282	1.0	0.0	0.0	0.0	1.0	2.0	0.0
283	0.0	0.0	0.0	0.0	0.0	0.0	0.0
284	2.0	1.0	1.0	1.0	1.3330000000000002	4.667	1.0
285	2.0	0.0	1.0	0.0	2.0	4.0	1.0
286	4.0	0.0	2.0	0.0	4.068	7.932	2.0
287	3.0	0.0	2.0	0.0	3.0	6.0	2.0
288	3.0	0.0	1.0	0.0	2.3360000000000003	6.664	1.0
289	2.0	0.0	1.0	0.0	2.0	4.0	1.0
290	0.0	0.0	0.0	0.0	0.0	0.0	0.0
291	2.0	1.0	1.0	1.0	2.3360000000000003	6.664	2.0
292	1.0	2.0	1.0	0.0	0.6660000000000004	5.334	1.0
293	1.0	0.0	1.0	0.0	1.0	2.0	1.0
294	1.0	0.0	1.0	0.0	1.0	2.0	1.0
295	0.0	0.0	0.0	0.0	0.0	0.0	0.0
296	2.0	0.0	2.0	0.0	2.4	3.6	2.0
297	3.0	0.0	2.0	0.0	3.0	6.0	2.0
298	1.0	0.0	0.0	0.0	0.6680000000000001	2.332	0.0
299	3.0	0.0	0.0	0.0	3.0	6.0	0.0
300	1.0	0.0	0.0	0.0	0.3330000000000002	2.667	0.0
301	2.0	0.0	1.0	0.0	0.6660000000000004	5.334	1.0
302	1.0	2.0	0.0	2.0	2.668	6.332	2.0
303	1.0	0.0	0.0	0.0	0.3330000000000002	2.667	0.0
304	2.0	0.0	2.0	0.0	2.0	4.0	2.0
305	3.0	0.0	2.0	0.0	3.4	5.6	2.0
306	3.0	0.0	1.0	0.0	3.0	6.0	1.0
307	2.0	0.0	1.0	0.0	0.6660000000000004	5.334	1.0
308	1.0	0.0	1.0	0.0	1.0	2.0	1.0
309	3.0	1.0	2.0	1.0	3.0040000000000004	8.995999999999999	3.0
310	4.0	0.0	3.0	0.0	4.0	8.0	3.0
311	1.0	0.0	0.0	0.0	0.3330000000000002	2.667	0.0
312	2.0	0.0	1.0	0.0	2.068	3.932	1.0
313	1.0	0.0	1.0	0.0	1.0	2.0	1.0
314	1.0	1.0	1.0	1.0	1.6680000000000001	4.332	2.0
315	3.0	0.0	2.0	0.0	3.0	6.0	2.0
316	2.0	0.0	0.0	0.0	2.0	4.0	0.0
317	3.0	0.0	2.0	0.0	0.9990000000000006	8.001	2.0
318	3.0	1.0	1.0	1.0	3.333	8.667	2.0
319	2.0	0.0	2.0	0.0	2.0	4.0	2.0
320	1.0	0.0	0.0	0.0	1.0	2.0	0.0
321	2.0	2.0	1.0	2.0	2.668	6.332	2.0
322	1.0	0.0	0.0	0.0	0.3330000000000002	2.667	0.0
323	2.0	0.0	1.0	0.0	2.0	4.0	1.0
324	2.0	0.0	1.0	0.0	2.0	4.0	1.0
325	4.0	0.0	2.0	0.0	4.468	7.532	2.0
326	3.0	0.0	1.0	0.0	2.0040000000000004	6.9959999999999996	1.0
327	2.0	0.0	2.0	0.0	2.0	4.0	2.0
328	3.0	0.0	2.0	0.0	1.6680000000000001	4.332	1.0
329	2.0	0.0	1.0	0.0	2.0	4.0	1.0
330	3.0	0.0	3.0	0.0	3.4	5.6	3.0
331	1.0	0.0	1.0	0.0	1.0	2.0	1.0
332	0.0	2.0	0.0	2.0	0.6660000000000004	5.334	2.0
333	3.0	0.0	2.0	0.0	3.0	6.0	2.0
334	3.0	0.0	1.0	0.0	2.668	6.332	1.0
335	1.0	0.0	0.0	0.0	1.0	2.0	0.0
336	3.0	1.0	3.0	0.0	4.0	8.0	3.0
337	2.0	0.0	1.0	0.0	0.6660000000000004	5.334	1.0
338	1.0	0.0	0.0	0.0	0.3330000000000002	2.667	0.0
339	0.0	0.0	0.0	0.0	0.0	0.0	0.0
340	0.0	0.0	0.0	0.0	0.0	0.0	0.0
341	4.0	0.0	1.0	0.0	4.0	8.0	1.0
342	2.0	0.0	0.0	0.0	2.068	3.932	0.0
343	0.0	0.0	0.0	0.0	0.0	0.0	0.0
344	2.0	0.0	1.0	0.0	2.0	4.0	1.0
345	4.0	0.0	3.0	0.0	3.736	8.264	3.0
346	1.0	0.0	1.0	0.0	0.3330000000000002	2.667	1.0
347	3.0	0.0	0.0	0.0	0.9990000000000006	8.001	0.0
348	3.0	0.0	2.0	0.0	3.0	6.0	2.0
349	4.0	0.0	3.0	0.0	4.8	7.199999999999999	3.0
350	0.0	0.0	0.0	0.0	0.0	0.0	0.0
351	1.0	0.0	1.0	0.0	0.3330000000000002	2.667	1.0
352	1.0	0.0	1.0	0.0	1.0	2.0	1.0
353	4.0	0.0	4.0	0.0	2.668	6.332	3.0
354	1.0	0.0	1.0	0.0	0.3330000000000002	2.667	1.0
355	1.0	0.0	1.0	0.0	1.0	2.0	1.0
356	0.0	0.0	0.0	0.0	0.0	0.0	0.0
357	0.0	0.0	0.0	0.0	0.0	0.0	0.0
358	2.0	0.0	1.0	0.0	0.6660000000000004	5.334	1.0
359	2.0	1.0	1.0	1.0	3.0	6.0	2.0
360	3.0	0.0	1.0	0.0	0.9990000000000006	8.001	1.0
361	0.0	0.0	0.0	0.0	0.0	0.0	0.0
362	1.0	0.0	1.0	0.0	1.0	2.0	1.0
363	0.0	0.0	0.0	0.0	0.0	0.0	0.0
364	0.0	0.0	0.0	0.0	0.0	0.0	0.0
365	1.0	1.0	1.0	0.0	0.6660000000000004	5.334	1.0
366	1.0	0.0	1.0	0.0	0.3330000000000002	2.667	1.0
367	2.0	0.0	2.0	0.0	2.0	4.0	2.0
368	0.0	0.0	0.0	0.0	0.0	0.0	0.0
369	0.0	0.0	0.0	0.0	0.0	0.0	0.0
370	1.0	0.0	1.0	0.0	0.3330000000000002	2.667	1.0
371	3.0	0.0	2.0	0.0	2.0040000000000004	6.9959999999999996	2.0
372	5.0	0.0	4.0	0.0	5.136	9.864	4.0
373	1.0	0.0	0.0	0.0	0.6680000000000001	2.332	0.0
374	1.0	0.0	1.0	0.0	0.3330000000000002	2.667	1.0
375	0.0	0.0	0.0	0.0	0.0	0.0	0.0
376	2.0	0.0	0.0	0.0	0.6660000000000004	5.334	0.0
377	1.0	0.0	1.0	0.0	1.0	2.0	1.0
378	1.0	0.0	1.0	0.0	0.6680000000000001	2.332	1.0
379	2.0	0.0	1.0	0.0	0.6660000000000004	5.334	1.0
380	1.0	0.0	1.0	0.0	1.0	2.0	1.0
381	0.0	0.0	0.0	0.0	0.0	0.0	0.0
382	0.0	0.0	0.0	0.0	0.0	0.0	0.0
383	0.0	0.0	0.0	0.0	0.0	0.0	0.0
384	0.0	0.0	0.0	0.0	0.0	0.0	0.0
385	0.0	0.0	0.0	0.0	0.0	0.0	0.0
386	1.0	0.0	1.0	0.0	0.3330000000000002	2.667	1.0
387	0.0	0.0	0.0	0.0	0.0	0.0	0.0
388	2.0	2.0	2.0	2.0	1.3330000000000002	4.667	2.0
389	2.0	0.0	2.0	0.0	0.6660000000000004	5.334	2.0
390	2.0	0.0	1.0	0.0	2.0	4.0	1.0
391	4.0	0.0	3.0	0.0	4.0	8.0	3.0
392	1.0	0.0	0.0	0.0	1.0	2.0	0.0
393	1.0	2.0	1.0	2.0	0.9990000000000006	8.001	3.0
394	1.0	0.0	1.0	0.0	0.3330000000000002	2.667	1.0
395	3.0	0.0	2.0	0.0	3.0	6.0	2.0
396	1.0	0.0	1.0	0.0	0.3330000000000002	2.667	1.0
397	3.0	0.0	1.0	0.0	0.9990000000000006	8.001	1.0
398	2.0	0.0	1.0	0.0	2.0	4.0	1.0
399	1.0	0.0	1.0	0.0	1.0	2.0	1.0
400	2.0	0.0	1.0	0.0	0.6660000000000004	5.334	1.0
401	1.0	0.0	1.0	0.0	0.3330000000000002	2.667	1.0
402	0.0	0.0	0.0	0.0	0.0	0.0	0.0
403	1.0	0.0	1.0	0.0	0.3330000000000002	2.667	1.0
404	3.0	0.0	2.0	0.0	3.0	6.0	2.0
405	3.0	0.0	0.0	0.0	2.0	4.0	0.0
406	0.0	0.0	0.0	0.0	0.0	0.0	0.0
407	1.0	0.0	1.0	0.0	0.3330000000000002	2.667	1.0
408	2.0	2.0	1.0	1.0	3.3360000000000003	8.664	2.0
409	2.0	0.0	1.0	0.0	2.0	4.0	1.0
410	1.0	0.0	1.0	0.0	0.3330000000000002	2.667	1.0
411	2.0	0.0	2.0	0.0	2.0	4.0	2.0
412	0.0	0.0	0.0	0.0	0.0	0.0	0.0
413	2.0	0.0	1.0	0.0	2.0	4.0	1.0
414	0.0	0.0	0.0	0.0	0.0	0.0	0.0
415	4.0	0.0	2.0	0.0	1.6680000000000001	4.332	1.0
416	1.0	0.0	1.0	0.0	1.0	2.0	1.0
417	0.0	0.0	0.0	0.0	0.0	0.0	0.0
418	2.0	0.0	1.0	0.0	0.6660000000000004	5.334	1.0
419	1.0	0.0	1.0	0.0	1.0	2.0	1.0
420	2.0	0.0	2.0	0.0	0.6660000000000004	5.334	2.0
421	2.0	0.0	1.0	0.0	2.0	4.0	1.0
422	2.0	0.0	2.0	0.0	2.0	4.0	2.0
423	1.0	2.0	1.0	0.0	0.3330000000000002	5.667	1.0
424	0.0	0.0	0.0	0.0	0.0	0.0	0.0
425	3.0	0.0	2.0	0.0	3.0	6.0	2.0
426	0.0	0.0	0.0	0.0	0.0	0.0	0.0
427	1.0	0.0	1.0	0.0	1.0	2.0	1.0
428	0.0	0.0	0.0	0.0	0.0	0.0	0.0
429	4.0	0.0	3.0	0.0	3.3360000000000003	8.664	3.0
430	2.0	0.0	1.0	0.0	2.0	4.0	1.0
431	2.0	0.0	1.0	0.0	2.0	4.0	1.0
432	0.0	0.0	0.0	0.0	0.0	0.0	0.0
433	1.0	0.0	1.0	0.0	0.3330000000000002	2.667	1.0
434	0.0	0.0	0.0	0.0	0.0	0.0	0.0
435	3.0	1.0	3.0	1.0	2.0010000000000003	6.999	3.0
436	0.0	0.0	0.0	0.0	0.0	0.0	0.0
437	1.0	0.0	1.0	0.0	0.3330000000000002	2.667	1.0
438	1.0	0.0	1.0	0.0	1.0	2.0	1.0
439	0.0	0.0	0.0	0.0	0.0	0.0	0.0
440	1.0	0.0	0.0	0.0	0.3330000000000002	2.667	0.0
441	2.0	0.0	1.0	0.0	0.6660000000000004	5.334	1.0
442	1.0	0.0	1.0	0.0	0.3330000000000002	2.667	1.0
443	2.0	0.0	1.0	0.0	1.3360000000000003	4.664	1.0
444	2.0	0.0	1.0	0.0	2.0	4.0	1.0
445	2.0	0.0	2.0	0.0	0.6660000000000004	5.334	2.0
446	1.0	0.0	0.0	0.0	0.3330000000000002	2.667	0.0
447	2.0	0.0	1.0	0.0	0.6660000000000004	5.334	1.0
448	2.0	0.0	2.0	0.0	0.6660000000000004	5.334	2.0
449	2.0	0.0	1.0	0.0	2.0	4.0	1.0
450	2.0	0.0	0.0	0.0	2.0	4.0	0.0
451	1.0	0.0	1.0	0.0	0.3330000000000002	2.667	1.0
452	3.0	0.0	2.0	0.0	3.0	6.0	2.0
453	0.0	0.0	0.0	0.0	0.0	0.0	0.0
454	2.0	1.0	1.0	1.0	3.0	6.0	2.0
455	1.0	0.0	1.0	0.0	0.3330000000000002	2.667	1.0
456	2.0	0.0	1.0	0.0	1.3360000000000003	4.664	1.0
457	3.0	0.0	2.0	0.0	3.0	6.0	2.0
458	2.0	0.0	2.0	0.0	2.0	4.0	2.0
459	2.0	0.0	0.0	0.0	2.0	4.0	0.0
460	2.0	0.0	1.0	0.0	0.6660000000000004	5.334	1.0
461	1.0	0.0	0.0	0.0	0.3330000000000002	2.667	0.0
462	0.0	0.0	0.0	0.0	0.0	0.0	0.0
463	0.0	0.0	0.0	0.0	0.0	0.0	0.0
464	2.0	0.0	1.0	0.0	0.6660000000000004	5.334	1.0
465	0.0	1.0	0.0	1.0	0.3330000000000002	2.667	1.0
466	0.0	0.0	0.0	0.0	0.0	0.0	0.0
467	3.0	1.0	2.0	1.0	1.6660000000000004	7.334	2.0
468	1.0	0.0	1.0	0.0	1.0	2.0	1.0
469	2.0	1.0	1.0	1.0	1.6660000000000004	7.334	2.0
470	4.0	1.0	1.0	0.0	3.736	8.264	1.0
471	1.0	1.0	1.0	1.0	1.3330000000000002	4.667	2.0
472	1.0	0.0	1.0	0.0	0.3330000000000002	2.667	1.0
473	1.0	4.0	0.0	2.0	2.9990000000000006	12.001	2.0
474	1.0	3.0	1.0	3.0	1.9990000000000006	10.001	4.0
475	0.0	3.0	0.0	3.0	1.3330000000000002	4.667	2.0
476	2.0	5.0	2.0	2.0	3.6660000000000004	14.334	3.0
477	3.0	4.0	2.0	3.0	5.333	12.667	4.0
478	3.0	4.0	1.0	2.0	3.6660000000000004	11.334	2.0
479	3.0	3.0	1.0	2.0	4.0	8.0	2.0
480	3.0	5.0	2.0	2.0	5.7330000000000005	12.267	3.0
481	2.0	3.0	2.0	1.0	3.333	8.667	2.0
482	0.0	0.0	0.0	0.0	0.0	0.0	0.0
483	0.0	0.0	0.0	0.0	0.0	0.0	0.0
484	0.0	0.0	0.0	0.0	0.0	0.0	0.0
485	0.0	0.0	0.0	0.0	0.0	0.0	0.0
486	0.0	0.0	0.0	0.0	0.0	0.0	0.0
487	0.0	0.0	0.0	0.0	0.0	0.0	0.0
488	0.0	0.0	0.0	0.0	0.0	0.0	0.0
489	0.0	0.0	0.0	0.0	0.0	0.0	0.0
490	0.0	0.0	0.0	0.0	0.0	0.0	0.0
491	2.0	3.0	2.0	0.0	3.333	8.667	2.0
492	2.0	3.0	2.0	0.0	3.333	8.667	2.0
493	2.0	3.0	1.0	2.0	4.0	8.0	2.0
494	2.0	2.0	0.0	0.0	1.6680000000000001	4.332	0.0
495	2.0	3.0	0.0	2.0	4.0	8.0	1.0
496	2.0	3.0	0.0	1.0	2.333	6.667	1.0
497	3.0	2.0	1.0	0.0	4.0	8.0	1.0
498	2.0	4.0	0.0	1.0	4.0	8.0	1.0
499	3.0	2.0	1.0	1.0	5.0	10.0	2.0
500	1.0	3.0	0.0	1.0	2.333	6.667	1.0
501	1.0	2.0	1.0	2.0	1.3330000000000002	4.667	2.0
502	0.0	1.0	0.0	0.0	1.0	2.0	0.0
503	2.0	4.0	0.0	1.0	3.668	8.332	1.0
504	3.0	2.0	1.0	1.0	3.333	8.667	2.0
505	1.0	2.0	1.0	2.0	1.0	2.0	1.0
506	0.0	2.0	0.0	2.0	1.0	2.0	1.0
507	0.0	1.0	0.0	1.0	1.0	2.0	1.0
508	2.0	2.0	1.0	1.0	4.0	8.0	2.0
509	0.0	1.0	0.0	1.0	0.3330000000000002	2.667	1.0
510	2.0	0.0	1.0	0.0	1.3360000000000003	4.664	1.0
511	1.0	1.0	0.0	1.0	0.6660000000000004	5.334	1.0
512	2.0	2.0	2.0	2.0	2.068	3.932	2.0
513	2.0	0.0	0.0	0.0	2.0	4.0	0.0
514	3.0	0.0	1.0	0.0	2.668	6.332	1.0
515	0.0	0.0	0.0	0.0	0.0	0.0	0.0
516	1.0	0.0	1.0	0.0	1.0	2.0	1.0
517	3.0	0.0	2.0	0.0	3.068	5.932	2.0
518	1.0	0.0	1.0	0.0	0.3330000000000002	2.667	1.0
519	2.0	0.0	0.0	0.0	2.0	4.0	0.0
520	1.0	0.0	0.0	0.0	0.3330000000000002	2.667	0.0
521	2.0	0.0	2.0	0.0	2.0	4.0	2.0
522	1.0	0.0	0.0	0.0	0.6680000000000001	2.332	0.0
523	0.0	0.0	0.0	0.0	0.0	0.0	0.0
524	1.0	0.0	1.0	0.0	1.0	2.0	1.0
525	1.0	0.0	0.0	0.0	1.0	2.0	0.0
526	2.0	0.0	1.0	0.0	2.0	4.0	1.0
527	2.0	0.0	2.0	0.0	0.6660000000000004	5.334	2.0
528	0.0	0.0	0.0	0.0	0.0	0.0	0.0
529	1.0	0.0	1.0	0.0	1.0	2.0	1.0
530	1.0	0.0	0.0	0.0	0.3330000000000002	2.667	0.0
531	1.0	4.0	0.0	3.0	2.6690000000000005	9.331	2.0
532	1.0	1.0	1.0	1.0	1.0	2.0	1.0
533	3.0	0.0	1.0	0.0	3.0	6.0	1.0
534	2.0	0.0	1.0	0.0	0.6660000000000004	5.334	1.0
535	2.0	0.0	2.0	0.0	0.6660000000000004	5.334	2.0
536	3.0	0.0	1.0	0.0	3.0	6.0	1.0
537	1.0	0.0	1.0	0.0	0.3330000000000002	2.667	1.0
538	2.0	0.0	1.0	0.0	0.6660000000000004	5.334	1.0
539	3.0	0.0	2.0	0.0	0.9990000000000006	8.001	2.0
540	1.0	1.0	1.0	1.0	0.3330000000000002	2.667	1.0
541	1.0	1.0	1.0	1.0	1.0	2.0	1.0
542	1.0	0.0	0.0	0.0	0.3330000000000002	2.667	0.0
543	3.0	0.0	2.0	0.0	3.068	5.932	2.0
544	2.0	0.0	0.0	0.0	2.0	4.0	0.0
545	3.0	3.0	2.0	3.0	2.6660000000000004	9.334	3.0
546	2.0	4.0	1.0	2.0	3.333	8.667	3.0
547	1.0	3.0	0.0	2.0	2.6690000000000005	9.331	2.0
548	1.0	1.0	0.0	0.0	0.6660000000000004	5.334	0.0
549	0.0	0.0	0.0	0.0	0.0	0.0	0.0
