pos	Sd	Nd	Sd_tip	Nd_tip	S	N	comparisons
001	0.0	0.0	0.0	0.0	0.0	0.0	0.0
002	0.0	0.0	0.0	0.0	0.0	0.0	0.0
003	0.0	0.0	0.0	0.0	0.0	0.0	0.0
004	0.0	0.0	0.0	0.0	0.0	0.0	0.0
005	0.0	0.0	0.0	0.0	0.0	0.0	0.0
006	0.0	0.0	0.0	0.0	0.0	0.0	0.0
007	0.0	0.0	0.0	0.0	0.0	0.0	0.0
008	0.0	2.0	0.0	1.0	1.6680000000000001	4.332	1.0
009	1.0	2.0	1.0	1.0	0.6660000000000004	5.334	1.0
010	0.0	3.0	0.0	2.0	0.6660000000000004	5.334	1.0
011	1.0	1.0	0.0	0.0	1.0	2.0	0.0
012	1.0	0.0	0.0	0.0	1.0	2.0	0.0
013	1.0	2.0	1.0	2.0	1.0	2.0	1.0
014	4.0	3.0	2.0	2.0	6.0	12.0	3.0
015	4.0	4.0	2.0	0.0	4.6690000000000005	13.331	2.0
016	3.0	7.0	1.0	6.0	4.332000000000001	16.668	5.0
017	3.0	3.0	1.0	1.0	4.134	10.866	2.0
018	3.0	3.0	2.0	3.0	5.0	10.0	4.0
019	1.0	7.0	1.0	4.0	5.333	12.667	3.0
020	0.0	0.0	0.0	0.0	0.0	0.0	0.0
021	0.0	0.0	0.0	0.0	0.0	0.0	0.0
022	1.0	1.0	1.0	1.0	1.0010000000000003	4.999	2.0
023	0.0	0.0	0.0	0.0	0.0	0.0	0.0
024	1.0	3.0	0.0	2.0	2.333	6.667	1.0
025	1.0	3.0	0.0	2.0	2.3340000000000005	9.666	2.0
026	1.0	4.0	0.0	2.0	0.6660000000000004	5.334	1.0
027	1.0	3.0	1.0	2.0	0.6660000000000004	5.334	1.0
028	1.0	5.0	0.0	3.0	3.6660000000000004	11.334	2.0
029	2.0	5.0	1.0	3.0	2.6660000000000004	9.334	3.0
030	1.0	4.0	0.0	4.0	1.3320000000000007	10.668	3.0
031	1.0	2.0	1.0	2.0	2.0	4.0	2.0
032	1.0	3.0	1.0	3.0	3.0	6.0	3.0
033	0.0	5.0	0.0	2.0	1.6660000000000004	7.334	1.0
034	1.0	1.0	1.0	1.0	2.0	4.0	2.0
035	2.0	3.0	1.0	1.0	4.333	10.667	2.0
036	0.0	8.0	0.0	4.0	3.000000000000001	18.0	3.0
037	1.0	1.0	0.0	0.0	1.0	2.0	0.0
038	2.0	3.0	1.0	3.0	3.333	8.667	3.0
039	1.0	11.0	0.0	6.0	4.998000000000001	25.002	5.0
040	4.0	8.0	3.0	4.0	5.666	18.334	5.0
041	4.0	8.0	3.0	4.0	5.9990000000000006	18.000999999999998	4.0
042	3.0	5.0	2.0	3.0	5.001	12.998999999999999	4.0
043	3.0	4.0	3.0	1.0	4.666	13.334	4.0
044	1.0	5.0	1.0	2.0	3.6660000000000004	11.334	2.0
045	3.0	6.0	3.0	3.0	2.998000000000001	18.002	5.0
046	1.0	5.0	1.0	3.0	3.333	8.667	3.0
047	3.0	7.0	3.0	1.0	6.000000000000001	21.0	3.0
048	2.0	8.0	2.0	2.0	5.9990000000000006	18.000999999999998	4.0
049	1.0	7.0	0.0	1.0	4.9990000000000006	16.000999999999998	1.0
050	1.0	7.0	1.0	3.0	5.001	12.999	3.0
051	1.0	1.0	0.0	1.0	0.6660000000000004	5.334	1.0
052	3.0	6.0	2.0	3.0	8.0	16.0	4.0
053	4.0	5.0	2.0	2.0	6.666	17.334	3.0
054	1.0	4.0	1.0	1.0	4.001	10.998999999999999	2.0
055	6.0	5.0	4.0	1.0	8.999	24.000999999999998	5.0
056	1.0	7.0	1.0	4.0	4.001	13.998999999999999	4.0
057	5.0	4.0	1.0	2.0	5.668	12.332	2.0
058	3.0	5.0	2.0	2.0	5.332000000000001	18.668	4.0
059	2.0	4.0	1.0	2.0	3.6660000000000004	11.334	3.0
060	1.0	2.0	1.0	0.0	2.333	6.667	1.0
061	2.0	8.0	2.0	4.0	5.9990000000000006	18.000999999999998	5.0
062	3.0	6.0	2.0	3.0	2.998000000000001	18.002	4.0
063	1.0	6.0	1.0	2.0	3.9990000000000006	14.001	3.0
064	2.0	6.0	1.0	2.0	4.333	10.667	1.0
065	1.0	3.0	1.0	1.0	1.6660000000000004	7.334	2.0
066	3.0	2.0	2.0	0.0	2.9990000000000006	12.001	2.0
067	2.0	3.0	1.0	2.0	2.9990000000000006	12.001	3.0
068	4.0	6.0	2.0	4.0	3.333000000000001	17.666999999999998	5.0
069	3.0	2.0	2.0	2.0	3.3360000000000003	8.664	3.0
070	0.0	0.0	0.0	0.0	0.0	0.0	0.0
071	4.0	6.0	2.0	6.0	3.6670000000000007	14.332999999999998	4.0
072	5.0	0.0	4.0	0.0	1.665000000000001	13.334999999999999	4.0
073	4.0	2.0	2.0	0.0	4.336	10.664	2.0
074	2.0	1.0	2.0	0.0	3.0	6.0	2.0
075	3.0	6.0	3.0	4.0	2.665000000000001	18.335	5.0
076	3.0	0.0	2.0	0.0	0.9990000000000006	8.001	2.0
077	3.0	3.0	3.0	1.0	5.668	12.332	4.0
078	2.0	4.0	2.0	2.0	3.9990000000000006	14.001	4.0
079	4.0	3.0	3.0	1.0	4.332000000000001	16.668	4.0
080	1.0	7.0	1.0	4.0	4.666	13.334	4.0
081	2.0	6.0	2.0	2.0	5.337000000000001	15.663	3.0
082	1.0	1.0	1.0	0.0	2.0	4.0	1.0
083	1.0	4.0	1.0	1.0	4.0040000000000004	10.995999999999999	2.0
084	3.0	6.0	2.0	3.0	5.666	15.334	5.0
085	2.0	2.0	1.0	1.0	2.6720000000000006	9.328	2.0
086	3.0	9.0	3.0	4.0	8.332	24.668	6.0
087	5.0	4.0	3.0	2.0	4.9990000000000006	16.000999999999998	3.0
088	3.0	2.0	0.0	0.0	2.3320000000000007	12.668	0.0
089	3.0	4.0	2.0	0.0	4.333	10.667	2.0
090	1.0	1.0	1.0	0.0	0.6660000000000004	5.334	1.0
091	1.0	2.0	0.0	0.0	0.6660000000000004	5.334	0.0
092	4.0	2.0	2.0	0.0	4.6690000000000005	13.331	2.0
093	5.0	0.0	2.0	0.0	5.536	9.463999999999999	2.0
094	3.0	1.0	0.0	0.0	0.6660000000000004	5.334	0.0
095	6.0	3.0	5.0	2.0	4.337000000000001	13.663	4.0
096	3.0	4.0	2.0	1.0	4.666	13.334	3.0
097	2.0	1.0	1.0	1.0	2.3360000000000003	6.664	2.0
098	0.0	0.0	0.0	0.0	0.0	0.0	0.0
099	3.0	4.0	2.0	0.0	4.001	10.998999999999999	2.0
100	2.0	0.0	1.0	0.0	1.6680000000000001	4.332	1.0
101	3.0	2.0	3.0	0.0	3.6720000000000006	11.328	3.0
102	7.0	0.0	5.0	0.0	6.468	11.532	4.0
103	1.0	6.0	0.0	2.0	6.001	14.998999999999999	2.0
104	2.0	3.0	1.0	1.0	4.336	10.664000000000001	2.0
105	0.0	0.0	0.0	0.0	0.0	0.0	0.0
106	3.0	2.0	3.0	1.0	3.668	8.332	3.0
107	2.0	6.0	2.0	2.0	6.3340000000000005	17.665999999999997	4.0
108	4.0	0.0	1.0	0.0	4.0	8.0	1.0
109	0.0	0.0	0.0	0.0	0.0	0.0	0.0
110	0.0	0.0	0.0	0.0	0.0	0.0	0.0
111	1.0	1.0	0.0	0.0	0.0	3.0	0.0
112	0.0	0.0	0.0	0.0	0.0	0.0	0.0
113	4.0	1.0	2.0	0.0	5.0	10.0	2.0
114	5.0	1.0	3.0	0.0	3.736	8.264	2.0
115	1.0	0.0	1.0	0.0	0.3330000000000002	2.667	1.0
116	0.0	0.0	0.0	0.0	0.0	0.0	0.0
117	4.0	0.0	3.0	0.0	4.0	8.0	3.0
118	3.0	0.0	0.0	0.0	3.0	6.0	0.0
119	0.0	0.0	0.0	0.0	0.0	0.0	0.0
120	2.0	1.0	1.0	1.0	3.0	6.0	2.0
121	1.0	0.0	0.0	0.0	0.3330000000000002	2.667	0.0
122	2.0	3.0	2.0	1.0	3.333	8.667	3.0
123	1.0	0.0	1.0	0.0	1.0	2.0	1.0
124	0.0	1.0	0.0	0.0	1.0	2.0	0.0
125	0.0	0.0	0.0	0.0	0.0	0.0	0.0
126	7.0	0.0	5.0	0.0	7.0	14.0	5.0
127	1.0	1.0	1.0	0.0	2.068	3.932	1.0
128	6.0	5.0	4.0	2.0	5.667000000000001	18.333	4.0
129	4.0	6.0	3.0	2.0	3.9970000000000017	26.003	5.0
130	1.0	0.0	0.0	0.0	0.3330000000000002	2.667	0.0
131	5.0	1.0	3.0	0.0	5.336	12.664	3.0
132	2.0	9.0	1.0	4.0	5.333000000000001	21.667	4.0
133	5.0	3.0	5.0	2.0	5.736000000000001	12.264	5.0
134	2.0	5.0	2.0	1.0	6.066000000000001	14.934	3.0
135	0.0	3.0	0.0	3.0	0.6660000000000004	5.334	2.0
136	0.0	0.0	0.0	0.0	0.0	0.0	0.0
137	0.0	0.0	0.0	0.0	0.0	0.0	0.0
138	0.0	0.0	0.0	0.0	0.0	0.0	0.0
139	0.0	0.0	0.0	0.0	0.0	0.0	0.0
140	1.0	1.0	1.0	1.0	0.3330000000000002	2.667	1.0
141	3.0	4.0	2.0	1.0	5.666	15.334	3.0
142	1.0	6.0	0.0	3.0	2.998000000000001	18.002	3.0
143	0.0	7.0	0.0	2.0	2.998000000000001	18.002	2.0
144	0.0	4.0	0.0	2.0	0.6660000000000004	8.334	1.0
145	4.0	3.0	3.0	1.0	5.0	10.0	3.0
146	0.0	0.0	0.0	0.0	0.0	0.0	0.0
147	5.0	0.0	1.0	0.0	5.468	9.532	1.0
148	6.0	0.0	3.0	0.0	6.0	12.0	3.0
149	3.0	0.0	3.0	0.0	3.0	6.0	3.0
150	3.0	3.0	1.0	1.0	2.6690000000000005	9.331	2.0
151	3.0	0.0	2.0	0.0	2.0040000000000004	6.9959999999999996	2.0
152	1.0	0.0	0.0	0.0	0.3330000000000002	2.667	0.0
153	2.0	1.0	0.0	0.0	2.668	6.332	0.0
154	4.0	1.0	4.0	0.0	5.0	10.0	4.0
155	3.0	4.0	2.0	1.0	6.0040000000000004	14.995999999999999	3.0
156	7.0	0.0	4.0	0.0	5.736	12.264	4.0
157	2.0	3.0	1.0	2.0	2.335000000000001	12.665	3.0
158	3.0	0.0	3.0	0.0	3.0	6.0	3.0
159	4.0	0.0	3.0	0.0	1.3320000000000007	10.668	3.0
160	0.0	2.0	0.0	2.0	0.0	3.0	1.0
161	3.0	0.0	2.0	0.0	3.0	6.0	2.0
162	4.0	3.0	2.0	0.0	2.3320000000000007	12.668	2.0
163	1.0	0.0	1.0	0.0	0.3330000000000002	2.667	1.0
164	0.0	6.0	0.0	2.0	1.3330000000000002	7.667	1.0
165	1.0	6.0	1.0	3.0	4.337000000000001	13.663	4.0
166	2.0	0.0	0.0	0.0	1.3360000000000003	4.664	0.0
167	3.0	3.0	2.0	1.0	1.9990000000000006	10.001	3.0
168	5.0	1.0	2.0	0.0	2.6660000000000004	9.334	2.0
169	3.0	3.0	2.0	1.0	5.736000000000001	12.264	3.0
170	3.0	0.0	0.0	0.0	3.0	6.0	0.0
171	2.0	1.0	2.0	0.0	2.668	6.332	2.0
172	5.0	0.0	2.0	0.0	5.0	10.0	2.0
173	3.0	0.0	2.0	0.0	0.9990000000000006	8.001	2.0
174	0.0	3.0	0.0	1.0	1.0	5.0	1.0
175	3.0	0.0	2.0	0.0	3.4	5.6	2.0
176	3.0	5.0	3.0	3.0	4.0	8.0	3.0
177	1.0	1.0	0.0	0.0	1.3330000000000002	4.667	0.0
178	0.0	3.0	0.0	1.0	1.6660000000000004	7.334	1.0
179	1.0	0.0	1.0	0.0	0.6680000000000001	2.332	1.0
180	3.0	3.0	2.0	2.0	4.736000000000001	10.264	4.0
181	5.0	2.0	1.0	0.0	5.0	13.0	1.0
182	0.0	0.0	0.0	0.0	0.0	0.0	0.0
183	5.0	2.0	1.0	1.0	4.666	13.334	2.0
184	3.0	4.0	2.0	3.0	6.668	14.332	5.0
185	8.0	5.0	3.0	3.0	10.668	22.332	5.0
186	6.0	0.0	4.0	0.0	6.868	11.132000000000001	4.0
187	4.0	4.0	3.0	1.0	4.666	13.334	4.0
188	2.0	2.0	2.0	0.0	3.4	5.6	2.0
189	1.0	0.0	1.0	0.0	0.3330000000000002	2.667	1.0
190	2.0	0.0	2.0	0.0	2.0	4.0	2.0
191	5.0	0.0	3.0	0.0	5.0	10.0	3.0
192	2.0	0.0	2.0	0.0	0.6660000000000004	5.334	2.0
193	1.0	7.0	1.0	2.0	4.332000000000001	16.668	3.0
194	1.0	2.0	1.0	0.0	0.9990000000000006	8.001	1.0
195	5.0	1.0	4.0	1.0	1.665000000000001	13.334999999999999	4.0
196	5.0	7.0	3.0	4.0	9.333	20.667	5.0
197	5.0	2.0	4.0	1.0	6.0	12.0	4.0
198	5.0	0.0	3.0	0.0	5.8	9.2	3.0
199	5.0	2.0	4.0	1.0	6.336	14.664	5.0
200	3.0	4.0	3.0	3.0	5.336	12.664	5.0
201	1.0	2.0	1.0	2.0	1.3330000000000002	4.667	2.0
202	4.0	0.0	2.0	0.0	4.0	8.0	2.0
203	5.0	2.0	3.0	0.0	6.0	12.0	3.0
204	3.0	1.0	0.0	0.0	1.6660000000000004	7.334	0.0
205	5.0	0.0	3.0	0.0	5.868	9.132	3.0
206	3.0	0.0	2.0	0.0	3.0	6.0	2.0
207	3.0	2.0	0.0	0.0	2.668	6.332	0.0
208	1.0	0.0	1.0	0.0	0.3330000000000002	2.667	1.0
209	3.0	0.0	2.0	0.0	0.9990000000000006	8.001	2.0
210	7.0	1.0	4.0	0.0	8.0	16.0	4.0
211	4.0	1.0	4.0	0.0	5.0	10.0	4.0
212	0.0	0.0	0.0	0.0	0.0	0.0	0.0
213	2.0	0.0	1.0	0.0	0.6660000000000004	5.334	1.0
214	5.0	0.0	3.0	0.0	5.0	10.0	3.0
215	4.0	3.0	3.0	1.0	5.333	12.667	4.0
216	1.0	0.0	1.0	0.0	0.3330000000000002	2.667	1.0
217	4.0	1.0	3.0	0.0	5.4	9.6	3.0
218	1.0	2.0	1.0	1.0	3.4	5.6	2.0
219	2.0	1.0	0.0	0.0	1.6680000000000001	7.332	0.0
220	7.0	2.0	5.0	0.0	7.666	19.334	5.0
221	4.0	2.0	2.0	2.0	5.0	10.0	3.0
222	0.0	2.0	0.0	1.0	2.068	3.932	1.0
223	0.0	0.0	0.0	0.0	0.0	0.0	0.0
224	2.0	0.0	2.0	0.0	0.6660000000000004	5.334	2.0
225	4.0	1.0	0.0	0.0	2.333	6.667	0.0
226	4.0	0.0	1.0	0.0	4.0	8.0	1.0
227	2.0	2.0	1.0	2.0	1.6660000000000004	7.334	2.0
228	1.0	0.0	1.0	0.0	0.3330000000000002	2.667	1.0
229	1.0	0.0	0.0	0.0	0.3330000000000002	2.667	0.0
230	6.0	0.0	2.0	0.0	6.0	12.0	2.0
231	5.0	4.0	3.0	1.0	6.333	14.667	3.0
232	3.0	4.0	1.0	0.0	5.0	10.0	1.0
233	4.0	1.0	3.0	0.0	5.0	10.0	3.0
234	5.0	2.0	1.0	1.0	5.337000000000001	15.662999999999998	2.0
235	1.0	3.0	1.0	1.0	1.6660000000000004	7.334	1.0
236	0.0	0.0	0.0	0.0	0.0	0.0	0.0
237	0.0	0.0	0.0	0.0	0.0	0.0	0.0
238	0.0	0.0	0.0	0.0	0.0	0.0	0.0
239	0.0	1.0	0.0	1.0	0.3330000000000002	2.667	1.0
240	1.0	0.0	1.0	0.0	0.3330000000000002	2.667	1.0
241	3.0	0.0	2.0	0.0	3.0	6.0	2.0
242	4.0	3.0	2.0	0.0	4.0	11.0	2.0
243	1.0	0.0	0.0	0.0	0.3330000000000002	2.667	0.0
244	1.0	0.0	1.0	0.0	0.3330000000000002	2.667	1.0
245	4.0	1.0	4.0	0.0	4.0040000000000004	10.995999999999999	4.0
246	3.0	4.0	2.0	1.0	4.667000000000001	16.333	3.0
247	5.0	0.0	3.0	0.0	5.0	10.0	3.0
248	6.0	0.0	3.0	0.0	6.0	12.0	3.0
249	8.0	1.0	4.0	0.0	8.404	18.596	4.0
250	6.0	0.0	4.0	0.0	5.536	9.464	3.0
251	3.0	0.0	3.0	0.0	3.0	6.0	3.0
252	1.0	1.0	0.0	0.0	0.6660000000000004	5.334	0.0
253	2.0	5.0	1.0	2.0	5.0	10.0	2.0
254	1.0	0.0	1.0	0.0	0.3330000000000002	2.667	1.0
255	2.0	2.0	2.0	1.0	3.333	8.667	3.0
256	0.0	3.0	0.0	0.0	0.9990000000000006	8.001	0.0
257	1.0	0.0	1.0	0.0	0.6680000000000001	2.332	1.0
258	2.0	4.0	2.0	2.0	3.668	8.332	3.0
259	5.0	7.0	3.0	2.0	7.665000000000001	25.335	4.0
260	5.0	3.0	4.0	0.0	6.0	12.0	4.0
261	0.0	0.0	0.0	0.0	0.0	0.0	0.0
262	0.0	0.0	0.0	0.0	0.0	0.0	0.0
263	0.0	2.0	0.0	2.0	0.3330000000000002	2.667	1.0
264	0.0	0.0	0.0	0.0	0.0	0.0	0.0
265	0.0	0.0	0.0	0.0	0.0	0.0	0.0
266	0.0	0.0	0.0	0.0	0.0	0.0	0.0
267	1.0	0.0	1.0	0.0	1.0	2.0	1.0
268	1.0	2.0	1.0	2.0	1.0	2.0	1.0
269	0.0	0.0	0.0	0.0	0.0	0.0	0.0
270	0.0	1.0	0.0	1.0	0.3330000000000002	2.667	1.0
271	2.0	1.0	1.0	0.0	3.0	6.0	1.0
272	5.0	3.0	3.0	2.0	5.333	12.667	4.0
273	2.0	2.0	2.0	1.0	3.736	8.264	3.0
274	0.0	7.0	0.0	4.0	3.6690000000000005	11.331	3.0
275	4.0	0.0	1.0	0.0	4.0	8.0	1.0
276	0.0	0.0	0.0	0.0	0.0	0.0	0.0
277	1.0	0.0	0.0	0.0	0.3330000000000002	2.667	0.0
278	4.0	2.0	2.0	0.0	4.0	8.0	2.0
279	6.0	1.0	3.0	0.0	5.804	12.196	2.0
280	1.0	0.0	0.0	0.0	0.3330000000000002	2.667	0.0
281	2.0	3.0	0.0	0.0	4.136	10.864	0.0
282	7.0	4.0	3.0	1.0	7.667000000000001	22.333	4.0
283	3.0	0.0	1.0	0.0	0.9990000000000006	8.001	1.0
284	2.0	0.0	2.0	0.0	2.0	4.0	2.0
285	3.0	3.0	3.0	1.0	3.670000000000001	14.329999999999998	4.0
286	4.0	2.0	2.0	0.0	3.3360000000000003	8.664	2.0
287	4.0	1.0	3.0	0.0	5.0	10.0	3.0
288	2.0	1.0	2.0	0.0	1.6660000000000004	7.334	2.0
289	4.0	5.0	3.0	2.0	6.400000000000001	20.599999999999998	5.0
290	2.0	2.0	2.0	0.0	0.6660000000000004	8.334	2.0
291	5.0	0.0	3.0	0.0	5.0	10.0	3.0
292	3.0	4.0	3.0	2.0	6.801	14.199	5.0
293	2.0	5.0	1.0	5.0	2.6660000000000004	12.334	4.0
294	4.0	0.0	3.0	0.0	4.0	8.0	3.0
295	5.0	3.0	4.0	2.0	7.533	13.466999999999999	5.0
296	1.0	4.0	1.0	2.0	1.6680000000000001	7.332	2.0
297	2.0	2.0	1.0	1.0	1.6680000000000001	4.332	1.0
298	1.0	1.0	1.0	0.0	2.4	3.6	1.0
299	3.0	0.0	3.0	0.0	3.0	6.0	3.0
300	0.0	0.0	0.0	0.0	0.0	0.0	0.0
301	3.0	2.0	1.0	2.0	3.333	8.667	2.0
302	3.0	0.0	2.0	0.0	3.0	6.0	2.0
303	0.0	0.0	0.0	0.0	0.0	0.0	0.0
304	5.0	1.0	0.0	0.0	4.333	10.667	0.0
305	4.0	0.0	2.0	0.0	4.0	8.0	2.0
306	0.0	4.0	0.0	0.0	0.9990000000000006	8.001	0.0
307	0.0	0.0	0.0	0.0	0.0	0.0	0.0
308	1.0	2.0	1.0	1.0	0.9990000000000006	8.001	2.0
309	1.0	3.0	1.0	0.0	3.333	8.667	1.0
310	3.0	0.0	2.0	0.0	0.9990000000000006	8.001	2.0
311	1.0	6.0	1.0	6.0	2.9990000000000006	12.001	5.0
312	2.0	2.0	1.0	0.0	2.333	6.667	1.0
313	1.0	0.0	1.0	0.0	0.3330000000000002	2.667	1.0
314	3.0	4.0	2.0	1.0	2.6670000000000007	12.332999999999998	2.0
315	3.0	3.0	2.0	1.0	3.733	8.267	3.0
316	1.0	1.0	0.0	0.0	2.068	3.932	0.0
317	6.0	1.0	3.0	1.0	6.668	14.332	4.0
318	2.0	0.0	1.0	0.0	0.6660000000000004	5.334	1.0
319	4.0	0.0	4.0	0.0	4.0	8.0	4.0
320	4.0	0.0	2.0	0.0	4.0	8.0	2.0
321	5.0	0.0	2.0	0.0	3.668	8.332	1.0
322	3.0	2.0	1.0	0.0	1.9990000000000006	10.001	1.0
323	0.0	0.0	0.0	0.0	0.0	0.0	0.0
324	1.0	1.0	0.0	0.0	2.0	4.0	0.0
325	5.0	0.0	4.0	0.0	5.0	10.0	4.0
326	2.0	0.0	2.0	0.0	2.0	4.0	2.0
327	3.0	1.0	2.0	0.0	3.4	5.6	2.0
328	2.0	0.0	2.0	0.0	0.6660000000000004	5.334	2.0
329	0.0	0.0	0.0	0.0	0.0	0.0	0.0
330	3.0	1.0	1.0	0.0	1.3330000000000002	4.667	1.0
331	2.0	5.0	1.0	3.0	3.665000000000001	17.335	4.0
332	0.0	1.0	0.0	1.0	0.3330000000000002	2.667	1.0
333	3.0	1.0	0.0	0.0	2.0	4.0	0.0
334	3.0	4.0	1.0	0.0	2.9990000000000006	12.001	1.0
335	0.0	4.0	0.0	1.0	1.3320000000000007	10.668	1.0
336	0.0	0.0	0.0	0.0	0.0	0.0	0.0
337	3.0	2.0	3.0	1.0	4.333	10.667	4.0
338	1.0	5.0	0.0	0.0	1.0010000000000003	7.999	0.0
339	1.0	1.0	1.0	0.0	2.0	4.0	1.0
340	5.0	1.0	4.0	1.0	6.0	12.0	5.0
341	1.0	1.0	1.0	0.0	1.733	4.2669999999999995	1.0
342	1.0	4.0	1.0	2.0	3.333	11.667	3.0
343	3.0	0.0	3.0	0.0	0.9990000000000006	8.001	3.0
344	3.0	0.0	2.0	0.0	3.0	6.0	2.0
345	2.0	2.0	1.0	2.0	1.3330000000000002	4.667	1.0
346	0.0	0.0	0.0	0.0	0.0	0.0	0.0
347	0.0	0.0	0.0	0.0	0.0	0.0	0.0
348	0.0	0.0	0.0	0.0	0.0	0.0	0.0
349	1.0	4.0	1.0	2.0	3.668	8.332	3.0
350	0.0	2.0	0.0	0.0	0.3330000000000002	2.667	0.0
351	6.0	1.0	5.0	0.0	6.333	14.667	5.0
352	1.0	1.0	0.0	0.0	0.6660000000000004	5.334	0.0
353	3.0	5.0	2.0	1.0	5.333	15.667	3.0
354	4.0	2.0	1.0	2.0	4.068	7.932	2.0
355	1.0	1.0	0.0	1.0	1.6680000000000001	4.332	1.0
356	4.0	2.0	3.0	0.0	2.6660000000000004	9.334	3.0
357	4.0	2.0	3.0	1.0	5.401	12.599	4.0
358	2.0	2.0	1.0	0.0	2.733	6.2669999999999995	1.0
359	4.0	0.0	4.0	0.0	4.0	8.0	4.0
360	6.0	0.0	4.0	0.0	6.0	12.0	4.0
361	4.0	0.0	3.0	0.0	3.668	8.332	3.0
362	3.0	0.0	2.0	0.0	3.0	6.0	2.0
363	7.0	1.0	4.0	0.0	7.0	14.0	4.0
364	7.0	2.0	4.0	0.0	8.0	16.0	4.0
365	8.0	0.0	2.0	0.0	8.0	16.0	2.0
366	6.0	0.0	4.0	0.0	5.468	9.532	3.0
367	5.0	0.0	3.0	0.0	5.0	10.0	3.0
368	5.0	0.0	3.0	0.0	5.0	10.0	3.0
369	4.0	0.0	2.0	0.0	1.3320000000000007	10.668	2.0
370	3.0	2.0	2.0	0.0	3.333	8.667	2.0
371	2.0	0.0	2.0	0.0	0.6660000000000004	5.334	2.0
372	3.0	0.0	2.0	0.0	2.0040000000000004	6.9959999999999996	2.0
373	1.0	0.0	1.0	0.0	0.6680000000000001	2.332	1.0
374	0.0	1.0	0.0	1.0	1.0	2.0	1.0
375	0.0	1.0	0.0	0.0	0.0	3.0	0.0
376	5.0	5.0	3.0	2.0	5.332000000000001	18.668	4.0
377	1.0	1.0	1.0	0.0	2.068	3.932	1.0
378	3.0	4.0	3.0	2.0	3.9990000000000006	14.001	5.0
379	0.0	1.0	0.0	1.0	0.3330000000000002	2.667	1.0
380	6.0	6.0	5.0	3.0	7.665000000000001	25.335	7.0
381	3.0	4.0	2.0	0.0	5.0	10.0	2.0
382	4.0	2.0	2.0	1.0	3.068	8.932	3.0
383	1.0	4.0	0.0	2.0	1.665000000000001	13.334999999999999	2.0
384	4.0	2.0	2.0	0.0	6.0	12.0	2.0
385	1.0	0.0	0.0	0.0	0.3330000000000002	2.667	0.0
386	3.0	0.0	3.0	0.0	3.0	6.0	3.0
387	4.0	0.0	2.0	0.0	4.8	7.199999999999999	2.0
388	2.0	2.0	0.0	0.0	0.6660000000000004	5.334	0.0
389	1.0	2.0	0.0	0.0	0.6660000000000004	5.334	0.0
390	5.0	0.0	2.0	0.0	5.0	10.0	2.0
391	5.0	2.0	3.0	0.0	6.4	11.6	3.0
392	5.0	0.0	4.0	0.0	5.0	10.0	4.0
393	4.0	4.0	2.0	0.0	6.6690000000000005	17.331	2.0
394	3.0	3.0	2.0	0.0	4.736	10.264	2.0
395	3.0	2.0	2.0	0.0	1.3340000000000005	7.6659999999999995	2.0
396	2.0	0.0	2.0	0.0	1.3360000000000003	4.664	2.0
397	4.0	3.0	2.0	1.0	3.336000000000001	17.663999999999998	3.0
398	4.0	2.0	4.0	0.0	5.0	10.0	4.0
399	4.0	1.0	2.0	0.0	4.068	10.932	2.0
400	4.0	2.0	2.0	1.0	4.4	10.6	2.0
401	6.0	3.0	2.0	1.0	6.666	17.334	3.0
402	1.0	1.0	0.0	0.0	2.0	4.0	0.0
403	5.0	2.0	2.0	0.0	7.0	14.0	2.0
404	0.0	0.0	0.0	0.0	0.0	0.0	0.0
405	4.0	4.0	1.0	3.0	5.404	15.596	3.0
406	2.0	4.0	2.0	2.0	5.333	12.667	4.0
407	2.0	1.0	1.0	0.0	1.3360000000000003	4.664	1.0
408	6.0	3.0	2.0	1.0	1.6670000000000007	10.332999999999998	2.0
409	0.0	7.0	0.0	3.0	2.3340000000000005	12.666	2.0
410	0.0	6.0	0.0	0.0	1.3320000000000007	10.668	0.0
411	3.0	0.0	2.0	0.0	0.9990000000000006	8.001	2.0
412	4.0	1.0	1.0	0.0	3.333	8.667	1.0
413	2.0	1.0	1.0	0.0	2.736	6.263999999999999	1.0
414	1.0	5.0	0.0	1.0	3.4010000000000002	11.599	1.0
415	1.0	3.0	1.0	0.0	4.0	8.0	1.0
416	0.0	0.0	0.0	0.0	0.0	0.0	0.0
417	3.0	4.0	1.0	1.0	4.0040000000000004	13.995999999999999	2.0
418	2.0	5.0	1.0	2.0	6.668	14.332	3.0
419	2.0	3.0	1.0	1.0	2.6660000000000004	9.334	2.0
420	5.0	5.0	3.0	3.0	5.7330000000000005	12.267	4.0
421	4.0	7.0	2.0	5.0	7.404	19.596	5.0
422	6.0	1.0	2.0	1.0	7.0	14.0	3.0
423	5.0	1.0	2.0	0.0	5.0	10.0	2.0
424	1.0	3.0	1.0	1.0	2.3370000000000006	9.663	2.0
425	6.0	7.0	3.0	3.0	11.336	24.664	5.0
426	1.0	0.0	0.0	0.0	1.0	2.0	0.0
427	5.0	0.0	4.0	0.0	5.0	10.0	4.0
428	2.0	3.0	0.0	2.0	3.3360000000000003	8.664	2.0
429	4.0	1.0	2.0	0.0	5.0	10.0	2.0
430	2.0	1.0	2.0	0.0	3.068	5.932	2.0
431	1.0	1.0	0.0	0.0	1.0	2.0	0.0
432	4.0	1.0	1.0	1.0	5.0	10.0	2.0
433	3.0	2.0	1.0	1.0	4.668	10.332	2.0
434	2.0	3.0	0.0	1.0	2.333	6.667	1.0
435	1.0	4.0	1.0	2.0	1.6660000000000004	7.334	2.0
436	3.0	7.0	3.0	3.0	4.331000000000001	22.668999999999997	5.0
437	0.0	2.0	0.0	0.0	0.6660000000000004	5.334	0.0
438	4.0	7.0	1.0	2.0	4.9990000000000006	19.000999999999998	3.0
439	2.0	6.0	2.0	2.0	5.333	12.667	3.0
440	2.0	4.0	0.0	0.0	1.9990000000000006	10.001	0.0
441	3.0	3.0	1.0	0.0	3.3340000000000005	11.666	1.0
442	5.0	2.0	0.0	0.0	6.668	14.332	0.0
443	4.0	0.0	1.0	0.0	4.0	8.0	1.0
444	3.0	0.0	2.0	0.0	3.0	6.0	2.0
445	4.0	0.0	2.0	0.0	4.068	7.932	2.0
446	1.0	2.0	1.0	0.0	1.3340000000000005	7.6659999999999995	1.0
447	2.0	4.0	1.0	0.0	3.6660000000000004	11.334	1.0
448	1.0	0.0	1.0	0.0	0.3330000000000002	2.667	1.0
449	0.0	2.0	0.0	0.0	0.0	3.0	0.0
450	0.0	1.0	0.0	1.0	0.0	3.0	1.0
451	1.0	3.0	1.0	0.0	2.668	9.332	1.0
452	1.0	2.0	0.0	0.0	2.4010000000000002	6.599	0.0
453	3.0	1.0	3.0	0.0	4.0	8.0	3.0
454	0.0	0.0	0.0	0.0	0.0	0.0	0.0
455	0.0	0.0	0.0	0.0	0.0	0.0	0.0
456	1.0	1.0	1.0	0.0	2.0	4.0	1.0
457	3.0	2.0	3.0	0.0	3.333	8.667	3.0
458	3.0	2.0	1.0	0.0	0.9990000000000006	8.001	1.0
459	4.0	2.0	2.0	0.0	5.0	10.0	2.0
460	2.0	0.0	1.0	0.0	2.0	4.0	1.0
461	5.0	1.0	2.0	0.0	6.0	12.0	2.0
462	3.0	1.0	2.0	0.0	2.668	9.332	2.0
463	5.0	0.0	3.0	0.0	5.0	10.0	3.0
464	2.0	1.0	1.0	0.0	1.0	5.0	1.0
465	3.0	2.0	2.0	0.0	5.0680000000000005	9.931999999999999	2.0
466	3.0	1.0	0.0	0.0	4.0	8.0	0.0
467	4.0	0.0	1.0	0.0	4.0	8.0	1.0
468	1.0	0.0	0.0	0.0	0.3330000000000002	2.667	0.0
469	3.0	2.0	2.0	1.0	4.336	10.664	3.0
470	3.0	1.0	2.0	0.0	3.0	6.0	2.0
471	3.0	0.0	2.0	0.0	3.0	6.0	2.0
472	2.0	0.0	2.0	0.0	0.6660000000000004	5.334	2.0
473	1.0	0.0	1.0	0.0	1.0	2.0	1.0
474	0.0	0.0	0.0	0.0	0.0	0.0	0.0
475	0.0	0.0	0.0	0.0	0.0	0.0	0.0
476	2.0	6.0	0.0	2.0	5.333	12.667	2.0
477	4.0	3.0	1.0	2.0	4.667000000000001	16.333	3.0
478	3.0	3.0	2.0	0.0	4.333	10.667	2.0
479	3.0	1.0	1.0	0.0	2.3360000000000003	6.664	1.0
480	3.0	3.0	2.0	2.0	4.333	10.667	3.0
481	0.0	5.0	0.0	0.0	2.733	9.267	0.0
482	0.0	0.0	0.0	0.0	0.0	0.0	0.0
483	2.0	0.0	2.0	0.0	0.6660000000000004	5.334	2.0
484	3.0	2.0	1.0	1.0	3.668	8.332	2.0
485	4.0	4.0	2.0	1.0	5.668	12.332	3.0
486	0.0	0.0	0.0	0.0	0.0	0.0	0.0
487	3.0	2.0	1.0	0.0	3.333	8.667	1.0
488	3.0	3.0	2.0	2.0	6.0	12.0	4.0
489	3.0	0.0	2.0	0.0	3.0	6.0	2.0
490	2.0	0.0	2.0	0.0	0.6660000000000004	5.334	2.0
491	2.0	2.0	2.0	1.0	3.0	6.0	2.0
492	2.0	3.0	1.0	0.0	3.3360000000000003	8.664	1.0
493	4.0	0.0	1.0	0.0	4.0	8.0	1.0
494	4.0	0.0	2.0	0.0	4.0	8.0	2.0
495	2.0	0.0	2.0	0.0	0.6660000000000004	5.334	2.0
496	2.0	0.0	1.0	0.0	2.0	4.0	1.0
497	1.0	0.0	1.0	0.0	0.3330000000000002	2.667	1.0
498	2.0	2.0	2.0	0.0	3.733	8.267	2.0
499	2.0	8.0	1.0	0.0	4.332000000000001	16.668	1.0
500	4.0	4.0	2.0	0.0	3.9990000000000006	14.001	2.0
501	3.0	1.0	2.0	0.0	1.3320000000000007	10.668	2.0
502	3.0	4.0	1.0	3.0	4.666	13.334	3.0
503	5.0	0.0	4.0	0.0	5.0	10.0	4.0
504	2.0	0.0	2.0	0.0	2.0	4.0	2.0
505	0.0	0.0	0.0	0.0	0.0	0.0	0.0
506	1.0	3.0	1.0	1.0	1.6670000000000007	10.332999999999998	2.0
507	1.0	3.0	0.0	0.0	2.733	9.267	0.0
508	2.0	0.0	1.0	0.0	2.0	4.0	1.0
509	4.0	2.0	1.0	1.0	2.7340000000000004	9.266	1.0
510	4.0	3.0	3.0	2.0	7.0	14.0	5.0
511	4.0	1.0	3.0	0.0	3.0040000000000004	8.995999999999999	3.0
512	1.0	3.0	1.0	1.0	1.6680000000000001	4.332	1.0
513	4.0	6.0	4.0	1.0	8.472000000000001	18.528	4.0
514	2.0	1.0	2.0	0.0	3.0	6.0	2.0
515	0.0	0.0	0.0	0.0	0.0	0.0	0.0
516	2.0	1.0	2.0	0.0	0.9990000000000006	8.001	2.0
517	5.0	4.0	3.0	1.0	8.668	18.332	4.0
518	3.0	2.0	1.0	1.0	3.736	8.264	2.0
519	6.0	0.0	5.0	0.0	6.868	11.132	5.0
520	3.0	2.0	0.0	1.0	4.333	10.667	1.0
521	2.0	6.0	1.0	4.0	7.336	16.664	5.0
522	2.0	4.0	1.0	3.0	4.0	8.0	2.0
523	2.0	1.0	1.0	0.0	3.068	5.932	1.0
524	3.0	3.0	2.0	1.0	4.002000000000001	13.998	3.0
525	4.0	9.0	2.0	5.0	8.332	24.668	5.0
526	3.0	0.0	1.0	0.0	3.4	5.6	1.0
527	4.0	0.0	3.0	0.0	2.668	6.332	2.0
528	3.0	6.0	2.0	1.0	5.001	15.998999999999999	3.0
529	0.0	3.0	0.0	2.0	0.9990000000000006	8.001	2.0
530	2.0	3.0	1.0	0.0	3.0670000000000006	11.933	1.0
531	4.0	6.0	1.0	1.0	8.668	18.332	2.0
532	3.0	1.0	1.0	0.0	1.6680000000000001	7.332	1.0
533	1.0	2.0	0.0	0.0	1.3330000000000002	4.667	0.0
534	1.0	0.0	0.0	0.0	0.3330000000000002	2.667	0.0
535	1.0	1.0	1.0	1.0	1.0010000000000003	4.999	2.0
536	5.0	5.0	5.0	3.0	5.067	15.933	5.0
537	5.0	1.0	2.0	0.0	4.001	10.998999999999999	2.0
538	0.0	2.0	0.0	1.0	0.6660000000000004	5.334	1.0
539	1.0	7.0	0.0	4.0	5.3340000000000005	15.665999999999999	4.0
540	0.0	3.0	0.0	2.0	2.0660000000000003	6.933999999999999	2.0
541	1.0	6.0	1.0	2.0	3.6670000000000007	14.332999999999998	3.0
542	4.0	2.0	1.0	1.0	5.0	10.0	2.0
543	7.0	4.0	5.0	2.0	8.0	16.0	6.0
544	4.0	1.0	2.0	0.0	3.333	8.667	2.0
545	4.0	3.0	3.0	0.0	3.338000000000001	14.661999999999999	3.0
546	6.0	3.0	3.0	3.0	9.0	18.0	6.0
547	2.0	2.0	0.0	0.0	1.6680000000000001	4.332	0.0
548	2.0	0.0	1.0	0.0	2.0	4.0	1.0
549	2.0	6.0	1.0	3.0	3.3320000000000007	14.668	2.0
550	5.0	3.0	4.0	0.0	7.0	14.0	4.0
551	0.0	3.0	0.0	3.0	0.9990000000000006	8.001	3.0
552	2.0	5.0	1.0	3.0	3.9990000000000006	14.001	3.0
553	5.0	2.0	3.0	0.0	4.666	13.334	3.0
554	5.0	5.0	3.0	4.0	7.333	16.667	6.0
555	2.0	0.0	1.0	0.0	0.6660000000000004	5.334	1.0
556	5.0	2.0	3.0	0.0	7.0	14.0	3.0
557	1.0	1.0	1.0	1.0	0.6660000000000004	5.334	2.0
558	2.0	1.0	2.0	0.0	0.9990000000000006	8.001	2.0
559	4.0	0.0	2.0	0.0	1.3320000000000007	10.668	2.0
560	1.0	4.0	1.0	3.0	3.0040000000000004	8.995999999999999	3.0
561	5.0	0.0	2.0	0.0	5.0	10.0	2.0
562	1.0	0.0	1.0	0.0	0.3330000000000002	2.667	1.0
563	0.0	3.0	0.0	3.0	1.6690000000000005	7.3309999999999995	3.0
564	2.0	1.0	2.0	1.0	0.9990000000000006	8.001	3.0
565	4.0	1.0	0.0	0.0	1.665000000000001	13.334999999999999	0.0
566	4.0	4.0	4.0	2.0	6.001	14.998999999999999	5.0
567	3.0	3.0	1.0	1.0	4.333	10.667	2.0
568	0.0	0.0	0.0	0.0	0.0	0.0	0.0
569	7.0	0.0	3.0	0.0	4.668	10.332	3.0
570	2.0	0.0	1.0	0.0	0.6660000000000004	5.334	1.0
571	5.0	4.0	2.0	2.0	4.001	10.998999999999999	2.0
572	1.0	1.0	1.0	0.0	0.6660000000000004	5.334	1.0
573	0.0	0.0	0.0	0.0	0.0	0.0	0.0
