pos	Sd	Nd	Sd_tip	Nd_tip	S	N	comparisons
001	0.0	0.0	0.0	0.0	0.0	0.0	0.0
002	3.0	4.0	2.0	2.0	5.0	13.0	3.0
003	1.0	2.0	1.0	2.0	1.0	2.0	1.0
004	3.0	1.0	2.0	1.0	1.6660000000000004	7.334	2.0
005	1.0	0.0	1.0	0.0	0.3330000000000002	2.667	1.0
006	1.0	2.0	1.0	0.0	1.3330000000000002	4.667	1.0
007	1.0	1.0	1.0	1.0	1.0010000000000003	4.999	2.0
008	0.0	4.0	0.0	4.0	1.6660000000000004	7.334	3.0
009	1.0	0.0	1.0	0.0	0.3330000000000002	2.667	1.0
010	3.0	3.0	1.0	0.0	2.6660000000000004	9.334	1.0
011	1.0	0.0	0.0	0.0	1.0	2.0	0.0
012	0.0	2.0	0.0	1.0	0.6680000000000001	5.332	1.0
013	1.0	2.0	1.0	0.0	0.6660000000000004	5.334	1.0
014	0.0	0.0	0.0	0.0	0.0	0.0	0.0
015	1.0	1.0	1.0	1.0	2.0	4.0	2.0
016	0.0	1.0	0.0	1.0	1.0	2.0	1.0
017	2.0	0.0	1.0	0.0	2.0	4.0	1.0
018	2.0	0.0	1.0	0.0	2.0	4.0	1.0
019	2.0	0.0	1.0	0.0	2.0	4.0	1.0
020	2.0	0.0	1.0	0.0	2.0	4.0	1.0
021	1.0	1.0	1.0	1.0	1.3330000000000002	4.667	2.0
022	1.0	1.0	1.0	1.0	0.6680000000000001	2.332	1.0
023	4.0	3.0	1.0	3.0	4.666	13.334	3.0
024	3.0	2.0	1.0	1.0	4.0	8.0	1.0
025	0.0	4.0	0.0	3.0	1.6660000000000004	7.334	2.0
026	0.0	0.0	0.0	0.0	0.0	0.0	0.0
027	1.0	2.0	1.0	2.0	1.0	2.0	1.0
028	1.0	4.0	0.0	1.0	3.0	6.0	1.0
029	2.0	2.0	1.0	0.0	3.0	6.0	1.0
030	1.0	3.0	1.0	1.0	2.0	4.0	1.0
031	0.0	2.0	0.0	1.0	0.6660000000000004	5.334	1.0
032	3.0	3.0	2.0	1.0	4.001	10.998999999999999	2.0
033	0.0	4.0	0.0	1.0	2.0010000000000003	9.998999999999999	1.0
034	0.0	0.0	0.0	0.0	0.0	0.0	0.0
035	2.0	1.0	1.0	1.0	0.9990000000000006	8.001	2.0
036	1.0	0.0	1.0	0.0	0.3330000000000002	2.667	1.0
037	1.0	0.0	1.0	0.0	1.0	2.0	1.0
038	1.0	0.0	0.0	0.0	1.0	2.0	0.0
039	3.0	0.0	1.0	0.0	3.0	6.0	1.0
040	3.0	0.0	2.0	0.0	3.0	6.0	2.0
041	3.0	0.0	1.0	0.0	3.0	6.0	1.0
042	1.0	0.0	1.0	0.0	1.0	2.0	1.0
043	1.0	0.0	1.0	0.0	1.0	2.0	1.0
044	1.0	0.0	0.0	0.0	1.0	2.0	0.0
045	3.0	0.0	1.0	0.0	3.0	6.0	1.0
046	3.0	0.0	1.0	0.0	3.0	6.0	1.0
047	0.0	0.0	0.0	0.0	0.0	0.0	0.0
048	1.0	0.0	0.0	0.0	1.0	2.0	0.0
049	1.0	0.0	1.0	0.0	1.0	2.0	1.0
050	2.0	1.0	0.0	0.0	2.0	4.0	0.0
051	2.0	1.0	2.0	0.0	3.0	6.0	2.0
052	2.0	0.0	0.0	0.0	2.0	4.0	0.0
053	0.0	0.0	0.0	0.0	0.0	0.0	0.0
054	2.0	0.0	1.0	0.0	2.0	4.0	1.0
055	2.0	0.0	1.0	0.0	2.0	4.0	1.0
056	1.0	0.0	0.0	0.0	1.0	2.0	0.0
057	1.0	0.0	0.0	0.0	1.0	2.0	0.0
058	1.0	0.0	1.0	0.0	1.0	2.0	1.0
059	2.0	0.0	0.0	0.0	2.0	4.0	0.0
060	1.0	0.0	0.0	0.0	1.0	2.0	0.0
061	0.0	1.0	0.0	0.0	1.0	2.0	0.0
062	3.0	0.0	1.0	0.0	3.0	6.0	1.0
063	0.0	0.0	0.0	0.0	0.0	0.0	0.0
064	2.0	0.0	1.0	0.0	2.0	4.0	1.0
065	1.0	0.0	1.0	0.0	1.0	2.0	1.0
066	2.0	2.0	1.0	2.0	1.3330000000000002	4.667	1.0
067	1.0	1.0	1.0	1.0	1.0	2.0	1.0
068	1.0	3.0	1.0	3.0	1.733	7.2669999999999995	3.0
069	3.0	2.0	3.0	2.0	1.6680000000000001	7.332	3.0
070	3.0	3.0	2.0	2.0	3.0660000000000003	8.934	3.0
071	3.0	1.0	2.0	1.0	3.333	8.667	3.0
072	4.0	5.0	2.0	4.0	7.668	16.332	5.0
073	3.0	2.0	2.0	2.0	2.333	6.667	2.0
074	0.0	3.0	0.0	3.0	1.3330000000000002	4.667	2.0
075	2.0	4.0	0.0	3.0	5.0	10.0	3.0
076	1.0	0.0	1.0	0.0	0.3330000000000002	2.667	1.0
077	2.0	0.0	2.0	0.0	0.6660000000000004	5.334	2.0
078	4.0	3.0	2.0	1.0	5.0	10.0	2.0
079	0.0	2.0	0.0	2.0	1.0	2.0	1.0
080	2.0	5.0	0.0	3.0	3.333	8.667	2.0
081	2.0	0.0	2.0	0.0	0.6660000000000004	5.334	2.0
082	1.0	0.0	1.0	0.0	1.0	2.0	1.0
083	0.0	3.0	0.0	1.0	1.6660000000000004	7.334	1.0
084	1.0	5.0	0.0	1.0	1.6660000000000004	7.334	1.0
085	2.0	0.0	1.0	0.0	0.6660000000000004	5.334	1.0
086	3.0	1.0	3.0	0.0	4.0	8.0	3.0
087	3.0	3.0	2.0	2.0	3.0	6.0	2.0
088	1.0	2.0	1.0	2.0	2.0	4.0	2.0
089	3.0	3.0	0.0	1.0	4.0	8.0	1.0
090	2.0	3.0	2.0	2.0	3.0	6.0	2.0
091	3.0	2.0	2.0	1.0	1.9990000000000006	10.001	2.0
092	0.0	0.0	0.0	0.0	0.0	0.0	0.0
093	2.0	0.0	1.0	0.0	2.4	3.6	1.0
094	2.0	0.0	1.0	0.0	0.6660000000000004	5.334	1.0
095	2.0	0.0	2.0	0.0	2.0	4.0	2.0
096	5.0	1.0	3.0	1.0	4.336	10.664000000000001	4.0
097	0.0	3.0	0.0	1.0	2.333	6.667	1.0
098	1.0	4.0	0.0	4.0	1.3320000000000007	10.668	3.0
099	3.0	4.0	1.0	2.0	2.6660000000000004	9.334	2.0
100	2.0	2.0	1.0	1.0	3.0	6.0	2.0
101	2.0	1.0	1.0	1.0	2.0	4.0	1.0
102	0.0	0.0	0.0	0.0	0.0	0.0	0.0
103	0.0	0.0	0.0	0.0	0.0	0.0	0.0
104	0.0	0.0	0.0	0.0	0.0	0.0	0.0
105	0.0	0.0	0.0	0.0	0.0	0.0	0.0
106	0.0	0.0	0.0	0.0	0.0	0.0	0.0
107	0.0	1.0	0.0	1.0	0.3330000000000002	2.667	1.0
108	1.0	2.0	0.0	1.0	0.6660000000000004	5.334	1.0
109	3.0	0.0	2.0	0.0	3.0	6.0	2.0
110	2.0	2.0	2.0	1.0	2.668	6.332	2.0
111	4.0	0.0	0.0	0.0	4.0	8.0	0.0
112	3.0	1.0	1.0	1.0	3.333	8.667	2.0
113	3.0	0.0	3.0	0.0	3.0	6.0	3.0
114	2.0	0.0	2.0	0.0	1.3360000000000003	4.664	2.0
115	2.0	5.0	1.0	3.0	5.734000000000001	15.265999999999998	4.0
116	1.0	3.0	1.0	2.0	1.6660000000000004	7.334	2.0
117	2.0	1.0	0.0	1.0	0.9990000000000006	8.001	1.0
118	0.0	0.0	0.0	0.0	0.0	0.0	0.0
119	2.0	3.0	1.0	1.0	4.0	8.0	2.0
120	2.0	3.0	0.0	1.0	2.3340000000000005	9.666	1.0
121	3.0	5.0	2.0	2.0	4.333	10.667	2.0
122	1.0	3.0	0.0	2.0	4.0	8.0	2.0
123	2.0	0.0	1.0	0.0	1.6680000000000001	4.332	1.0
124	1.0	0.0	1.0	0.0	0.3330000000000002	2.667	1.0
125	2.0	0.0	1.0	0.0	2.0	4.0	1.0
126	1.0	0.0	1.0	0.0	1.0	2.0	1.0
127	3.0	2.0	3.0	1.0	4.0	8.0	3.0
128	3.0	0.0	1.0	0.0	3.468	5.532	1.0
129	0.0	0.0	0.0	0.0	0.0	0.0	0.0
130	2.0	1.0	1.0	1.0	1.6690000000000005	7.3309999999999995	2.0
131	1.0	0.0	0.0	0.0	0.3330000000000002	2.667	0.0
132	2.0	0.0	1.0	0.0	0.6660000000000004	5.334	1.0
133	0.0	1.0	0.0	1.0	0.3330000000000002	2.667	1.0
134	2.0	3.0	2.0	2.0	2.333	6.667	2.0
135	2.0	2.0	2.0	1.0	4.0	8.0	3.0
136	1.0	3.0	1.0	2.0	1.3320000000000007	10.668	3.0
137	2.0	3.0	2.0	2.0	3.0	6.0	2.0
138	1.0	6.0	0.0	3.0	2.998000000000001	18.002	3.0
139	1.0	4.0	1.0	2.0	4.0	8.0	2.0
140	1.0	2.0	1.0	1.0	2.0	4.0	1.0
141	0.0	3.0	0.0	2.0	1.3330000000000002	4.667	1.0
142	1.0	4.0	1.0	2.0	1.9990000000000006	10.001	2.0
143	2.0	0.0	1.0	0.0	0.6660000000000004	5.334	1.0
144	5.0	1.0	3.0	1.0	4.001	10.998999999999999	3.0
145	1.0	0.0	0.0	0.0	1.0	2.0	0.0
146	1.0	0.0	1.0	0.0	1.0	2.0	1.0
147	3.0	1.0	3.0	1.0	2.668	6.332	3.0
148	2.0	0.0	0.0	0.0	0.6660000000000004	5.334	0.0
149	1.0	3.0	1.0	2.0	0.3330000000000002	5.667	1.0
150	3.0	2.0	2.0	1.0	3.4040000000000004	11.595999999999998	3.0
151	1.0	1.0	1.0	1.0	2.0	4.0	2.0
152	0.0	3.0	0.0	2.0	0.6660000000000004	5.334	1.0
153	1.0	3.0	0.0	1.0	0.6660000000000004	5.334	1.0
154	3.0	2.0	3.0	2.0	3.333	8.667	4.0
155	1.0	0.0	0.0	0.0	0.3330000000000002	2.667	0.0
156	1.0	3.0	1.0	2.0	0.9990000000000006	8.001	2.0
157	1.0	1.0	0.0	1.0	0.6660000000000004	5.334	1.0
158	0.0	1.0	0.0	1.0	0.3330000000000002	2.667	1.0
159	2.0	1.0	1.0	1.0	0.9990000000000006	8.001	2.0
160	2.0	1.0	2.0	0.0	0.9990000000000006	8.001	2.0
161	1.0	2.0	0.0	2.0	1.6660000000000004	7.334	2.0
162	2.0	1.0	1.0	1.0	0.9990000000000006	8.001	2.0
163	2.0	1.0	1.0	0.0	0.9990000000000006	8.001	1.0
164	1.0	0.0	0.0	0.0	0.3330000000000002	2.667	0.0
165	1.0	2.0	1.0	2.0	1.3330000000000002	4.667	2.0
166	2.0	0.0	2.0	0.0	0.6660000000000004	5.334	2.0
167	1.0	0.0	1.0	0.0	0.3330000000000002	2.667	1.0
168	4.0	2.0	3.0	2.0	4.0	8.0	3.0
169	1.0	2.0	1.0	1.0	1.6660000000000004	7.334	2.0
170	3.0	2.0	1.0	1.0	1.6660000000000004	7.334	1.0
171	3.0	1.0	1.0	0.0	4.0	8.0	1.0
172	3.0	0.0	2.0	0.0	0.9990000000000006	8.001	2.0
173	3.0	1.0	2.0	1.0	2.333	6.667	2.0
174	1.0	1.0	0.0	1.0	0.6660000000000004	5.334	1.0
175	0.0	2.0	0.0	2.0	1.3360000000000003	4.664	2.0
176	2.0	1.0	1.0	1.0	0.9990000000000006	8.001	2.0
177	1.0	1.0	1.0	1.0	1.3330000000000002	4.667	2.0
178	1.0	2.0	1.0	2.0	1.0010000000000003	4.999	2.0
179	4.0	0.0	3.0	0.0	4.068	7.932	3.0
180	2.0	0.0	1.0	0.0	0.6660000000000004	5.334	1.0
181	0.0	0.0	0.0	0.0	0.0	0.0	0.0
182	1.0	0.0	1.0	0.0	0.3330000000000002	2.667	1.0
183	1.0	1.0	1.0	1.0	0.6680000000000001	5.332	2.0
184	2.0	0.0	1.0	0.0	0.6660000000000004	5.334	1.0
185	0.0	3.0	0.0	1.0	0.6660000000000004	5.334	1.0
186	0.0	1.0	0.0	0.0	0.3330000000000002	2.667	0.0
187	0.0	6.0	0.0	5.0	1.9990000000000006	10.001	3.0
188	2.0	3.0	1.0	1.0	1.3330000000000002	4.667	1.0
189	2.0	3.0	1.0	1.0	2.6660000000000004	9.334	2.0
190	3.0	2.0	1.0	1.0	4.0	8.0	2.0
191	3.0	2.0	2.0	2.0	1.6660000000000004	7.334	2.0
192	3.0	3.0	0.0	2.0	4.333	10.667	2.0
193	0.0	0.0	0.0	0.0	0.0	0.0	0.0
194	0.0	0.0	0.0	0.0	0.0	0.0	0.0
195	0.0	0.0	0.0	0.0	0.0	0.0	0.0
196	0.0	0.0	0.0	0.0	0.0	0.0	0.0
197	0.0	0.0	0.0	0.0	0.0	0.0	0.0
198	3.0	2.0	2.0	1.0	2.9990000000000006	12.001	3.0
199	0.0	3.0	0.0	2.0	0.9990000000000006	8.001	2.0
200	1.0	1.0	1.0	1.0	0.6660000000000004	5.334	2.0
201	2.0	3.0	1.0	2.0	2.0660000000000003	6.933999999999999	1.0
202	1.0	3.0	1.0	3.0	1.3320000000000007	10.668	4.0
203	2.0	5.0	1.0	2.0	2.6660000000000004	9.334	2.0
204	1.0	1.0	0.0	1.0	0.6660000000000004	5.334	1.0
205	2.0	1.0	1.0	1.0	0.9990000000000006	8.001	2.0
206	0.0	0.0	0.0	0.0	0.0	0.0	0.0
207	1.0	5.0	1.0	3.0	2.6660000000000004	9.334	2.0
208	0.0	0.0	0.0	0.0	0.0	0.0	0.0
209	1.0	2.0	0.0	1.0	1.6680000000000001	7.332	1.0
210	2.0	0.0	1.0	0.0	0.6660000000000004	5.334	1.0
211	4.0	0.0	1.0	0.0	4.868	7.132	1.0
212	2.0	1.0	2.0	1.0	0.9990000000000006	8.001	3.0
213	0.0	0.0	0.0	0.0	0.0	0.0	0.0
214	0.0	2.0	0.0	0.0	1.3330000000000002	4.667	0.0
215	0.0	1.0	0.0	1.0	0.3330000000000002	2.667	1.0
216	1.0	1.0	1.0	1.0	1.0	2.0	1.0
217	3.0	3.0	2.0	1.0	4.666	13.334	3.0
218	1.0	0.0	0.0	0.0	1.0	2.0	0.0
219	1.0	2.0	1.0	1.0	0.9990000000000006	8.001	2.0
220	1.0	4.0	1.0	3.0	1.665000000000001	13.334999999999999	4.0
221	0.0	4.0	0.0	2.0	0.9990000000000006	8.001	1.0
222	0.0	5.0	0.0	3.0	1.665000000000001	13.334999999999999	3.0
223	2.0	2.0	0.0	1.0	3.333	8.667	1.0
224	0.0	4.0	0.0	2.0	3.333	8.667	2.0
225	0.0	0.0	0.0	0.0	0.0	0.0	0.0
226	3.0	2.0	1.0	2.0	3.333	8.667	2.0
227	2.0	0.0	1.0	0.0	0.6660000000000004	5.334	1.0
228	1.0	2.0	1.0	1.0	1.6660000000000004	7.334	2.0
229	3.0	2.0	3.0	2.0	2.6660000000000004	9.334	4.0
230	1.0	4.0	1.0	3.0	2.6660000000000004	9.334	3.0
231	2.0	2.0	1.0	1.0	1.9990000000000006	10.001	2.0
232	0.0	0.0	0.0	0.0	0.0	0.0	0.0
233	0.0	0.0	0.0	0.0	0.0	0.0	0.0
234	0.0	0.0	0.0	0.0	0.0	0.0	0.0
235	0.0	0.0	0.0	0.0	0.0	0.0	0.0
236	0.0	0.0	0.0	0.0	0.0	0.0	0.0
237	1.0	1.0	1.0	1.0	0.3330000000000002	2.667	1.0
238	2.0	4.0	1.0	0.0	2.333	9.667	1.0
239	2.0	4.0	2.0	2.0	3.3990000000000005	11.600999999999999	3.0
240	3.0	1.0	1.0	1.0	4.0	8.0	2.0
241	1.0	0.0	1.0	0.0	0.3330000000000002	2.667	1.0
242	0.0	3.0	0.0	3.0	1.6660000000000004	7.334	3.0
243	3.0	1.0	3.0	1.0	3.0	6.0	3.0
244	2.0	0.0	1.0	0.0	0.6660000000000004	5.334	1.0
245	0.0	1.0	0.0	1.0	0.3330000000000002	2.667	1.0
246	2.0	1.0	2.0	1.0	2.068	6.932	3.0
247	2.0	2.0	0.0	2.0	2.333	6.667	1.0
248	1.0	0.0	1.0	0.0	1.0	2.0	1.0
249	2.0	1.0	1.0	1.0	3.0	6.0	2.0
250	2.0	0.0	0.0	0.0	2.0	4.0	0.0
251	2.0	0.0	2.0	0.0	2.0	4.0	2.0
252	3.0	1.0	2.0	1.0	4.0	8.0	3.0
253	3.0	0.0	2.0	0.0	3.0	6.0	2.0
254	2.0	0.0	2.0	0.0	2.0	4.0	2.0
255	1.0	2.0	1.0	0.0	1.6660000000000004	7.334	1.0
256	2.0	1.0	1.0	1.0	1.3330000000000002	4.667	1.0
257	0.0	0.0	0.0	0.0	0.0	0.0	0.0
258	4.0	1.0	2.0	1.0	2.0010000000000003	6.999	2.0
259	1.0	2.0	0.0	1.0	1.6690000000000005	7.3309999999999995	1.0
260	1.0	0.0	0.0	0.0	0.3330000000000002	2.667	0.0
261	2.0	0.0	2.0	0.0	2.0	4.0	2.0
262	1.0	4.0	1.0	3.0	2.3320000000000007	12.668	4.0
263	2.0	0.0	0.0	0.0	0.6660000000000004	5.334	0.0
264	2.0	0.0	1.0	0.0	1.3360000000000003	4.664	1.0
265	0.0	0.0	0.0	0.0	0.0	0.0	0.0
266	2.0	0.0	1.0	0.0	2.0	4.0	1.0
267	2.0	0.0	0.0	0.0	2.0	4.0	0.0
268	2.0	0.0	0.0	0.0	2.0	4.0	0.0
269	3.0	2.0	1.0	2.0	4.0	8.0	2.0
270	2.0	1.0	2.0	1.0	1.0	2.0	1.0
271	3.0	1.0	2.0	1.0	2.333	6.667	2.0
272	2.0	0.0	2.0	0.0	2.0	4.0	2.0
273	1.0	0.0	1.0	0.0	1.0	2.0	1.0
274	2.0	0.0	1.0	0.0	2.0	4.0	1.0
275	2.0	1.0	1.0	1.0	2.0	4.0	1.0
276	3.0	4.0	2.0	2.0	4.333	10.667	3.0
277	2.0	3.0	2.0	3.0	2.668	6.332	3.0
278	1.0	0.0	1.0	0.0	0.6680000000000001	2.332	1.0
279	2.0	1.0	1.0	1.0	1.3330000000000002	4.667	1.0
280	0.0	0.0	0.0	0.0	0.0	0.0	0.0
281	2.0	0.0	1.0	0.0	0.6660000000000004	5.334	1.0
282	2.0	3.0	1.0	2.0	2.670000000000001	12.329999999999998	3.0
283	0.0	2.0	0.0	1.0	0.6660000000000004	5.334	1.0
284	3.0	1.0	1.0	0.0	4.0	8.0	1.0
285	1.0	1.0	1.0	0.0	2.0	4.0	1.0
286	1.0	2.0	1.0	2.0	1.6680000000000001	7.332	3.0
287	2.0	0.0	1.0	0.0	2.0	4.0	1.0
288	0.0	0.0	0.0	0.0	0.0	0.0	0.0
289	2.0	1.0	1.0	1.0	0.9990000000000006	8.001	2.0
290	3.0	0.0	3.0	0.0	3.068	5.932	3.0
291	0.0	0.0	0.0	0.0	0.0	0.0	0.0
292	3.0	3.0	1.0	1.0	4.001	10.998999999999999	2.0
293	2.0	3.0	1.0	0.0	1.9990000000000006	10.001	1.0
294	1.0	2.0	1.0	1.0	1.6680000000000001	7.332	2.0
295	2.0	0.0	1.0	0.0	2.0	4.0	1.0
296	0.0	2.0	0.0	2.0	0.3330000000000002	2.667	1.0
297	2.0	2.0	1.0	1.0	4.0	8.0	2.0
298	2.0	3.0	1.0	3.0	2.333	6.667	2.0
299	0.0	1.0	0.0	1.0	1.0	2.0	1.0
300	3.0	1.0	1.0	1.0	4.0	8.0	2.0
301	1.0	0.0	1.0	0.0	0.3330000000000002	2.667	1.0
302	2.0	1.0	1.0	1.0	2.0	4.0	1.0
303	1.0	0.0	1.0	0.0	1.0	2.0	1.0
304	0.0	1.0	0.0	1.0	0.3330000000000002	2.667	1.0
305	2.0	2.0	2.0	1.0	3.4	5.6	2.0
306	2.0	1.0	2.0	1.0	1.6680000000000001	4.332	2.0
307	2.0	5.0	0.0	4.0	3.0020000000000007	11.998000000000001	3.0
308	1.0	0.0	1.0	0.0	0.3330000000000002	2.667	1.0
309	0.0	0.0	0.0	0.0	0.0	0.0	0.0
310	0.0	0.0	0.0	0.0	0.0	0.0	0.0
311	1.0	0.0	1.0	0.0	0.3330000000000002	2.667	1.0
312	4.0	2.0	3.0	2.0	2.668	6.332	2.0
313	1.0	1.0	1.0	1.0	1.0	2.0	1.0
314	1.0	0.0	1.0	0.0	0.3330000000000002	2.667	1.0
315	0.0	3.0	0.0	2.0	0.9990000000000006	8.001	2.0
316	2.0	0.0	2.0	0.0	2.4	3.6	2.0
317	0.0	0.0	0.0	0.0	0.0	0.0	0.0
318	0.0	1.0	0.0	0.0	0.3330000000000002	2.667	0.0
319	1.0	0.0	0.0	0.0	0.3330000000000002	2.667	0.0
320	2.0	0.0	1.0	0.0	2.0	4.0	1.0
321	1.0	0.0	0.0	0.0	0.6680000000000001	2.332	0.0
322	2.0	0.0	2.0	0.0	2.0	4.0	2.0
323	3.0	1.0	1.0	1.0	4.0	8.0	2.0
324	2.0	0.0	1.0	0.0	0.6660000000000004	5.334	1.0
325	1.0	1.0	1.0	1.0	0.6660000000000004	5.334	2.0
326	0.0	0.0	0.0	0.0	0.0	0.0	0.0
327	2.0	0.0	1.0	0.0	2.0	4.0	1.0
328	2.0	1.0	0.0	1.0	0.9990000000000006	8.001	1.0
329	0.0	1.0	0.0	0.0	0.3330000000000002	2.667	0.0
330	3.0	0.0	2.0	0.0	3.8	5.2	2.0
331	2.0	0.0	2.0	0.0	0.6660000000000004	5.334	2.0
332	2.0	3.0	2.0	1.0	3.0010000000000003	8.998999999999999	2.0
333	3.0	1.0	2.0	1.0	4.0	8.0	3.0
334	5.0	0.0	3.0	0.0	5.136	9.864	3.0
335	0.0	1.0	0.0	1.0	1.0	2.0	1.0
336	3.0	2.0	2.0	2.0	4.0	8.0	3.0
337	2.0	1.0	0.0	1.0	1.3360000000000003	7.664	1.0
338	1.0	2.0	1.0	2.0	1.3330000000000002	4.667	2.0
339	1.0	2.0	1.0	2.0	0.6660000000000004	5.334	2.0
340	3.0	0.0	2.0	0.0	3.0	6.0	2.0
341	1.0	0.0	1.0	0.0	1.4	1.6	1.0
342	3.0	1.0	3.0	1.0	2.668	6.332	3.0
343	0.0	1.0	0.0	1.0	0.3330000000000002	2.667	1.0
344	3.0	0.0	3.0	0.0	4.199999999999999	4.800000000000001	3.0
345	0.0	0.0	0.0	0.0	0.0	0.0	0.0
346	2.0	0.0	2.0	0.0	0.6660000000000004	5.334	2.0
347	0.0	3.0	0.0	1.0	0.9990000000000006	8.001	1.0
348	2.0	1.0	1.0	1.0	0.9990000000000006	8.001	2.0
349	0.0	1.0	0.0	0.0	1.0	2.0	0.0
350	0.0	3.0	0.0	0.0	0.6660000000000004	5.334	0.0
351	2.0	3.0	1.0	2.0	3.333	8.667	2.0
352	3.0	0.0	1.0	0.0	3.068	5.932	1.0
353	2.0	0.0	1.0	0.0	2.0	4.0	1.0
354	1.0	1.0	1.0	1.0	1.0	2.0	1.0
355	5.0	2.0	4.0	2.0	5.068	9.932	4.0
356	1.0	1.0	1.0	1.0	0.6660000000000004	5.334	2.0
357	3.0	1.0	1.0	1.0	3.333	8.667	2.0
358	1.0	0.0	0.0	0.0	0.3330000000000002	2.667	0.0
359	1.0	0.0	0.0	0.0	0.3330000000000002	2.667	0.0
360	0.0	4.0	0.0	2.0	2.668	9.332	2.0
361	3.0	0.0	1.0	0.0	3.0	6.0	1.0
362	0.0	0.0	0.0	0.0	0.0	0.0	0.0
363	1.0	1.0	1.0	1.0	1.0	2.0	1.0
364	2.0	0.0	2.0	0.0	2.0	4.0	2.0
365	2.0	0.0	2.0	0.0	2.0	4.0	2.0
366	2.0	0.0	1.0	0.0	2.0	4.0	1.0
367	2.0	3.0	2.0	3.0	2.333	6.667	3.0
368	2.0	1.0	2.0	0.0	0.9990000000000006	8.001	2.0
369	2.0	3.0	0.0	2.0	3.6660000000000004	11.334	2.0
370	0.0	0.0	0.0	0.0	0.0	0.0	0.0
371	4.0	0.0	2.0	0.0	4.0	8.0	2.0
372	3.0	0.0	3.0	0.0	0.9990000000000006	8.001	3.0
373	0.0	3.0	0.0	2.0	1.6660000000000004	7.334	2.0
374	2.0	0.0	1.0	0.0	0.6660000000000004	5.334	1.0
375	3.0	0.0	2.0	0.0	3.0	6.0	2.0
376	1.0	0.0	1.0	0.0	1.0	2.0	1.0
377	2.0	1.0	1.0	1.0	0.9990000000000006	8.001	2.0
378	1.0	0.0	1.0	0.0	1.0	2.0	1.0
379	2.0	0.0	1.0	0.0	2.0	4.0	1.0
380	3.0	1.0	0.0	1.0	1.6690000000000005	7.3309999999999995	1.0
381	3.0	0.0	2.0	0.0	3.4	5.6	2.0
382	2.0	0.0	1.0	0.0	2.0	4.0	1.0
383	2.0	0.0	2.0	0.0	2.4	3.6	2.0
384	1.0	1.0	1.0	1.0	1.0	2.0	1.0
385	1.0	1.0	1.0	1.0	1.0	2.0	1.0
386	3.0	0.0	2.0	0.0	0.9990000000000006	8.001	2.0
387	1.0	1.0	1.0	1.0	0.3330000000000002	2.667	1.0
388	3.0	1.0	3.0	1.0	3.0	6.0	3.0
389	3.0	0.0	1.0	0.0	3.0	6.0	1.0
390	1.0	2.0	1.0	0.0	1.3340000000000005	7.6659999999999995	1.0
391	2.0	1.0	1.0	1.0	3.0	6.0	2.0
392	0.0	4.0	0.0	3.0	1.6660000000000004	7.334	2.0
393	0.0	0.0	0.0	0.0	0.0	0.0	0.0
394	2.0	1.0	2.0	0.0	2.333	6.667	2.0
395	3.0	1.0	3.0	0.0	4.0	8.0	3.0
396	2.0	3.0	1.0	0.0	3.6660000000000004	11.334	1.0
397	2.0	1.0	1.0	1.0	1.3330000000000002	4.667	1.0
398	2.0	3.0	0.0	1.0	4.0	8.0	1.0
399	0.0	3.0	0.0	1.0	0.9990000000000006	8.001	1.0
400	2.0	1.0	2.0	0.0	3.0	6.0	2.0
401	2.0	2.0	0.0	2.0	2.333	6.667	1.0
402	3.0	0.0	1.0	0.0	3.0	6.0	1.0
403	3.0	0.0	2.0	0.0	2.736	6.263999999999999	2.0
404	1.0	0.0	0.0	0.0	1.0	2.0	0.0
405	1.0	5.0	0.0	2.0	2.665000000000001	15.334999999999999	2.0
406	3.0	0.0	1.0	0.0	3.0	6.0	1.0
407	4.0	0.0	2.0	0.0	4.4	7.6	2.0
408	2.0	0.0	2.0	0.0	0.6660000000000004	5.334	2.0
409	2.0	5.0	2.0	1.0	2.9990000000000006	12.001	2.0
410	0.0	0.0	0.0	0.0	0.0	0.0	0.0
411	2.0	2.0	2.0	2.0	2.3360000000000003	6.664	3.0
412	1.0	3.0	1.0	1.0	1.9990000000000006	10.001	2.0
413	0.0	2.0	0.0	1.0	0.6660000000000004	5.334	1.0
414	0.0	0.0	0.0	0.0	0.0	0.0	0.0
415	2.0	0.0	2.0	0.0	0.6660000000000004	5.334	2.0
416	1.0	0.0	1.0	0.0	0.3330000000000002	2.667	1.0
417	3.0	1.0	1.0	1.0	3.068	8.931999999999999	2.0
418	1.0	0.0	1.0	0.0	0.3330000000000002	2.667	1.0
419	2.0	0.0	1.0	0.0	2.0	4.0	1.0
420	0.0	2.0	0.0	2.0	0.6660000000000004	5.334	2.0
421	2.0	0.0	2.0	0.0	0.6660000000000004	5.334	2.0
422	3.0	2.0	2.0	2.0	1.665000000000001	13.334999999999999	4.0
423	1.0	4.0	0.0	3.0	1.665000000000001	13.334999999999999	3.0
424	2.0	3.0	2.0	3.0	2.0020000000000007	9.998	4.0
425	3.0	0.0	2.0	0.0	3.0	6.0	2.0
426	1.0	1.0	1.0	0.0	1.4	4.6	1.0
427	2.0	2.0	1.0	0.0	2.0	4.0	1.0
428	0.0	0.0	0.0	0.0	0.0	0.0	0.0
429	1.0	2.0	1.0	0.0	2.0010000000000003	6.999	1.0
430	2.0	0.0	0.0	0.0	2.0	4.0	0.0
431	1.0	0.0	1.0	0.0	0.3330000000000002	2.667	1.0
432	3.0	0.0	2.0	0.0	3.0	6.0	2.0
433	3.0	0.0	1.0	0.0	3.0	6.0	1.0
434	3.0	3.0	2.0	2.0	1.998000000000001	16.002	4.0
435	2.0	0.0	1.0	0.0	0.6660000000000004	5.334	1.0
436	1.0	1.0	1.0	1.0	1.3330000000000002	4.667	2.0
437	1.0	0.0	1.0	0.0	1.0	2.0	1.0
438	0.0	1.0	0.0	1.0	0.3330000000000002	2.667	1.0
439	0.0	0.0	0.0	0.0	0.0	0.0	0.0
440	2.0	2.0	2.0	2.0	3.333	8.667	4.0
441	4.0	0.0	3.0	0.0	4.0	8.0	3.0
442	4.0	1.0	4.0	1.0	3.8	5.2	3.0
443	2.0	1.0	1.0	1.0	3.0	6.0	2.0
444	3.0	1.0	2.0	0.0	2.6660000000000004	9.334	2.0
445	3.0	1.0	1.0	1.0	4.0	8.0	2.0
446	4.0	0.0	2.0	0.0	4.468	7.532	2.0
447	1.0	2.0	1.0	2.0	1.6680000000000001	7.332	3.0
448	1.0	0.0	1.0	0.0	1.0	2.0	1.0
449	1.0	0.0	1.0	0.0	1.0	2.0	1.0
450	3.0	1.0	3.0	0.0	1.3320000000000007	10.668	3.0
451	3.0	0.0	2.0	0.0	3.0	6.0	2.0
452	2.0	3.0	1.0	3.0	2.6660000000000004	9.334	3.0
453	1.0	2.0	1.0	2.0	1.0	2.0	1.0
454	4.0	0.0	3.0	0.0	4.0	8.0	3.0
455	3.0	2.0	2.0	2.0	2.668	6.332	2.0
456	1.0	2.0	0.0	0.0	0.9990000000000006	8.001	0.0
457	2.0	0.0	1.0	0.0	1.6680000000000001	4.332	1.0
458	2.0	0.0	1.0	0.0	2.4	3.6	1.0
459	2.0	1.0	1.0	1.0	1.0010000000000003	4.999	1.0
460	3.0	2.0	1.0	2.0	1.9990000000000006	10.001	2.0
461	2.0	1.0	2.0	1.0	2.0	4.0	2.0
462	2.0	1.0	2.0	1.0	2.0	4.0	2.0
463	0.0	0.0	0.0	0.0	0.0	0.0	0.0
464	0.0	0.0	0.0	0.0	0.0	0.0	0.0
465	2.0	2.0	1.0	1.0	2.0	4.0	1.0
466	2.0	1.0	1.0	1.0	2.668	6.332	2.0
467	3.0	2.0	1.0	0.0	3.0020000000000007	11.998	1.0
468	0.0	1.0	0.0	1.0	0.6680000000000001	2.332	1.0
469	3.0	0.0	2.0	0.0	3.0	6.0	2.0
470	2.0	1.0	1.0	0.0	3.0	6.0	1.0
471	2.0	0.0	0.0	0.0	2.0	4.0	0.0
472	3.0	1.0	2.0	1.0	4.0	8.0	3.0
473	1.0	1.0	1.0	0.0	0.6660000000000004	5.334	1.0
474	1.0	5.0	1.0	1.0	3.0690000000000004	11.931000000000001	2.0
475	2.0	0.0	1.0	0.0	2.0	4.0	1.0
476	1.0	0.0	1.0	0.0	0.3330000000000002	2.667	1.0
477	2.0	4.0	2.0	2.0	3.6660000000000004	11.334	3.0
478	0.0	0.0	0.0	0.0	0.0	0.0	0.0
479	2.0	0.0	1.0	0.0	0.6660000000000004	5.334	1.0
480	3.0	1.0	1.0	1.0	4.0	8.0	2.0
481	3.0	0.0	2.0	0.0	3.068	5.932	2.0
482	0.0	2.0	0.0	1.0	0.6660000000000004	5.334	1.0
483	3.0	0.0	1.0	0.0	0.9990000000000006	8.001	1.0
484	2.0	1.0	2.0	1.0	2.4	3.6	2.0
485	1.0	1.0	0.0	1.0	1.3330000000000002	4.667	1.0
486	1.0	0.0	1.0	0.0	1.0	2.0	1.0
487	2.0	0.0	1.0	0.0	2.0	4.0	1.0
488	2.0	0.0	1.0	0.0	2.0	4.0	1.0
489	2.0	1.0	1.0	1.0	2.333	6.667	2.0
490	2.0	0.0	1.0	0.0	1.3360000000000003	4.664	1.0
491	3.0	1.0	2.0	0.0	4.0	8.0	2.0
492	1.0	0.0	1.0	0.0	0.3330000000000002	2.667	1.0
493	2.0	2.0	2.0	2.0	1.3330000000000002	4.667	2.0
494	2.0	2.0	2.0	2.0	1.0	5.0	2.0
495	1.0	0.0	1.0	0.0	1.4	1.6	1.0
496	1.0	3.0	1.0	2.0	2.6660000000000004	9.334	3.0
497	0.0	0.0	0.0	0.0	0.0	0.0	0.0
498	2.0	0.0	1.0	0.0	0.6660000000000004	5.334	1.0
499	2.0	0.0	1.0	0.0	2.0	4.0	1.0
500	2.0	2.0	2.0	2.0	4.0	8.0	4.0
501	0.0	4.0	0.0	4.0	1.6660000000000004	7.334	3.0
502	1.0	1.0	1.0	1.0	0.6680000000000001	2.332	1.0
503	1.0	4.0	1.0	3.0	2.6660000000000004	9.334	3.0
504	0.0	0.0	0.0	0.0	0.0	0.0	0.0
505	0.0	0.0	0.0	0.0	0.0	0.0	0.0
506	2.0	0.0	2.0	0.0	0.6660000000000004	5.334	2.0
507	2.0	1.0	1.0	1.0	2.3360000000000003	6.664	2.0
508	1.0	0.0	1.0	0.0	0.3330000000000002	2.667	1.0
509	1.0	0.0	1.0	0.0	0.3330000000000002	2.667	1.0
510	2.0	0.0	1.0	0.0	0.6660000000000004	5.334	1.0
511	3.0	0.0	2.0	0.0	0.9990000000000006	8.001	2.0
512	0.0	0.0	0.0	0.0	0.0	0.0	0.0
513	1.0	0.0	0.0	0.0	1.0	2.0	0.0
514	0.0	0.0	0.0	0.0	0.0	0.0	0.0
515	2.0	1.0	1.0	1.0	0.9990000000000006	8.001	2.0
516	2.0	0.0	2.0	0.0	2.0	4.0	2.0
517	1.0	0.0	0.0	0.0	0.6680000000000001	2.332	0.0
518	1.0	0.0	0.0	0.0	0.3330000000000002	2.667	0.0
519	2.0	1.0	1.0	1.0	2.0	4.0	1.0
520	0.0	0.0	0.0	0.0	0.0	0.0	0.0
521	1.0	0.0	1.0	0.0	1.0	2.0	1.0
522	3.0	0.0	1.0	0.0	3.0	6.0	1.0
523	4.0	0.0	2.0	0.0	4.468	7.532	2.0
524	2.0	0.0	1.0	0.0	0.6660000000000004	5.334	1.0
525	1.0	0.0	1.0	0.0	0.3330000000000002	2.667	1.0
526	3.0	0.0	1.0	0.0	3.4	5.6	1.0
527	1.0	0.0	1.0	0.0	0.3330000000000002	2.667	1.0
528	5.0	0.0	2.0	0.0	3.668	8.332	1.0
529	1.0	0.0	0.0	0.0	0.3330000000000002	2.667	0.0
530	2.0	1.0	2.0	1.0	2.0	4.0	2.0
531	0.0	0.0	0.0	0.0	0.0	0.0	0.0
532	2.0	0.0	1.0	0.0	2.0	4.0	1.0
533	2.0	0.0	1.0	0.0	0.6660000000000004	5.334	1.0
534	1.0	2.0	1.0	1.0	0.9990000000000006	8.001	2.0
535	0.0	1.0	0.0	1.0	0.6680000000000001	2.332	1.0
536	2.0	2.0	2.0	0.0	2.6660000000000004	9.334	2.0
537	4.0	2.0	3.0	2.0	4.001	10.998999999999999	4.0
538	2.0	2.0	1.0	1.0	1.9990000000000006	10.001	2.0
539	0.0	2.0	0.0	0.0	2.0	4.0	0.0
540	1.0	1.0	1.0	1.0	0.3330000000000002	2.667	1.0
541	2.0	2.0	1.0	1.0	2.6660000000000004	9.334	2.0
542	2.0	1.0	1.0	0.0	0.9990000000000006	8.001	1.0
543	1.0	2.0	0.0	2.0	0.6660000000000004	5.334	1.0
544	1.0	2.0	1.0	1.0	0.9990000000000006	8.001	2.0
545	0.0	1.0	0.0	1.0	1.0	2.0	1.0
546	2.0	2.0	2.0	2.0	2.333	6.667	3.0
547	1.0	2.0	1.0	1.0	0.9990000000000006	8.001	2.0
548	3.0	0.0	2.0	0.0	3.0	6.0	2.0
549	2.0	4.0	1.0	1.0	3.333	8.667	2.0
550	4.0	2.0	1.0	2.0	4.333	10.667	2.0
551	2.0	2.0	1.0	1.0	4.0	8.0	2.0
552	2.0	3.0	2.0	1.0	4.0	8.0	2.0
553	1.0	0.0	1.0	0.0	1.0	2.0	1.0
554	1.0	0.0	1.0	0.0	0.6680000000000001	2.332	1.0
555	1.0	1.0	1.0	1.0	2.0	4.0	2.0
556	0.0	2.0	0.0	0.0	1.3330000000000002	4.667	0.0
557	2.0	1.0	1.0	1.0	2.4	6.6	2.0
558	3.0	1.0	2.0	0.0	3.0	6.0	2.0
559	3.0	0.0	3.0	0.0	2.3360000000000003	6.664	3.0
560	1.0	0.0	0.0	0.0	0.3330000000000002	2.667	0.0
561	3.0	0.0	1.0	0.0	3.0	6.0	1.0
562	0.0	0.0	0.0	0.0	0.0	0.0	0.0
563	2.0	1.0	1.0	1.0	2.333	6.667	2.0
564	1.0	0.0	1.0	0.0	0.3330000000000002	2.667	1.0
565	2.0	0.0	2.0	0.0	2.0	4.0	2.0
566	0.0	0.0	0.0	0.0	0.0	0.0	0.0
567	0.0	0.0	0.0	0.0	0.0	0.0	0.0
568	2.0	0.0	1.0	0.0	0.6660000000000004	5.334	1.0
569	3.0	0.0	2.0	0.0	2.0040000000000004	6.9959999999999996	2.0
570	0.0	0.0	0.0	0.0	0.0	0.0	0.0
571	2.0	0.0	1.0	0.0	0.6660000000000004	5.334	1.0
572	0.0	0.0	0.0	0.0	0.0	0.0	0.0
573	1.0	0.0	1.0	0.0	1.0	2.0	1.0
574	1.0	0.0	1.0	0.0	0.3330000000000002	2.667	1.0
575	1.0	1.0	1.0	0.0	2.0	4.0	1.0
576	2.0	2.0	2.0	1.0	2.6720000000000006	9.328	3.0
577	0.0	0.0	0.0	0.0	0.0	0.0	0.0
578	1.0	1.0	1.0	1.0	0.6660000000000004	5.334	2.0
579	1.0	0.0	1.0	0.0	0.6680000000000001	2.332	1.0
580	2.0	3.0	1.0	3.0	2.668	6.332	2.0
581	2.0	1.0	2.0	1.0	1.6680000000000001	7.332	3.0
582	2.0	0.0	2.0	0.0	2.0	4.0	2.0
583	2.0	2.0	1.0	2.0	3.0	6.0	2.0
584	2.0	0.0	1.0	0.0	2.0	4.0	1.0
585	2.0	1.0	1.0	0.0	0.9990000000000006	8.001	1.0
586	1.0	0.0	0.0	0.0	1.0	2.0	0.0
587	1.0	0.0	0.0	0.0	0.6680000000000001	2.332	0.0
588	2.0	0.0	0.0	0.0	2.4	3.6	0.0
589	0.0	2.0	0.0	2.0	0.6660000000000004	5.334	2.0
590	0.0	0.0	0.0	0.0	0.0	0.0	0.0
591	2.0	0.0	1.0	0.0	2.0	4.0	1.0
592	2.0	0.0	1.0	0.0	0.6660000000000004	5.334	1.0
593	1.0	0.0	1.0	0.0	0.3330000000000002	2.667	1.0
594	0.0	0.0	0.0	0.0	0.0	0.0	0.0
595	2.0	0.0	0.0	0.0	0.6660000000000004	5.334	0.0
596	1.0	0.0	0.0	0.0	0.3330000000000002	2.667	0.0
597	3.0	0.0	2.0	0.0	3.0	6.0	2.0
598	1.0	1.0	1.0	1.0	2.0	4.0	2.0
599	1.0	2.0	1.0	1.0	2.3360000000000003	6.664	2.0
600	3.0	0.0	2.0	0.0	3.0	6.0	2.0
601	3.0	1.0	2.0	1.0	1.6680000000000001	7.332	2.0
602	1.0	0.0	0.0	0.0	0.3330000000000002	2.667	0.0
603	3.0	0.0	2.0	0.0	3.0	6.0	2.0
604	0.0	0.0	0.0	0.0	0.0	0.0	0.0
605	0.0	0.0	0.0	0.0	0.0	0.0	0.0
606	2.0	0.0	1.0	0.0	0.6660000000000004	5.334	1.0
607	2.0	1.0	2.0	1.0	1.3330000000000002	4.667	2.0
608	2.0	1.0	1.0	1.0	1.3330000000000002	4.667	1.0
609	3.0	0.0	2.0	0.0	2.668	6.332	2.0
610	2.0	2.0	1.0	2.0	2.333	6.667	2.0
611	0.0	0.0	0.0	0.0	0.0	0.0	0.0
612	0.0	0.0	0.0	0.0	0.0	0.0	0.0
613	1.0	2.0	1.0	0.0	0.9990000000000006	8.001	1.0
614	2.0	2.0	1.0	2.0	0.9990000000000006	8.001	2.0
615	1.0	2.0	1.0	2.0	1.0	2.0	1.0
616	0.0	0.0	0.0	0.0	0.0	0.0	0.0
617	4.0	0.0	2.0	0.0	3.736	8.264	2.0
618	2.0	0.0	2.0	0.0	2.0	4.0	2.0
619	0.0	0.0	0.0	0.0	0.0	0.0	0.0
620	1.0	0.0	1.0	0.0	1.0	2.0	1.0
621	0.0	0.0	0.0	0.0	0.0	0.0	0.0
622	0.0	0.0	0.0	0.0	0.0	0.0	0.0
623	1.0	0.0	1.0	0.0	1.0	2.0	1.0
624	4.0	0.0	0.0	0.0	4.0	8.0	0.0
625	2.0	0.0	0.0	0.0	0.6660000000000004	5.334	0.0
626	2.0	2.0	2.0	1.0	4.0	8.0	3.0
627	1.0	1.0	1.0	1.0	1.4	4.6	2.0
628	2.0	2.0	0.0	2.0	3.0	6.0	1.0
629	2.0	2.0	2.0	1.0	3.4010000000000002	8.599	3.0
630	2.0	4.0	1.0	3.0	4.333	10.667	3.0
631	2.0	5.0	1.0	2.0	2.6660000000000004	9.334	2.0
632	3.0	4.0	1.0	3.0	4.333	10.667	2.0
633	2.0	2.0	2.0	2.0	3.0	6.0	3.0
634	3.0	1.0	2.0	1.0	4.0	8.0	3.0
635	3.0	1.0	3.0	0.0	4.0	8.0	3.0
636	3.0	0.0	2.0	0.0	3.0	6.0	2.0
637	2.0	1.0	2.0	1.0	0.9990000000000006	8.001	3.0
638	3.0	4.0	2.0	4.0	4.333	10.667	4.0
639	2.0	0.0	1.0	0.0	0.6660000000000004	5.334	1.0
640	2.0	0.0	1.0	0.0	0.6660000000000004	5.334	1.0
641	1.0	0.0	1.0	0.0	0.3330000000000002	2.667	1.0
642	2.0	0.0	1.0	0.0	2.0	4.0	1.0
643	4.0	0.0	3.0	0.0	4.068	7.932	3.0
644	4.0	1.0	3.0	1.0	4.0	8.0	3.0
645	2.0	1.0	1.0	1.0	2.668	6.332	2.0
646	2.0	2.0	1.0	2.0	3.0	6.0	2.0
647	1.0	1.0	1.0	1.0	1.0010000000000003	4.999	2.0
648	2.0	0.0	1.0	0.0	0.6660000000000004	5.334	1.0
649	2.0	0.0	1.0	0.0	2.0	4.0	1.0
650	3.0	1.0	2.0	1.0	3.0	6.0	2.0
651	2.0	1.0	1.0	1.0	1.6680000000000001	4.332	1.0
652	2.0	0.0	1.0	0.0	0.6660000000000004	5.334	1.0
653	3.0	0.0	1.0	0.0	3.0	6.0	1.0
654	1.0	4.0	1.0	0.0	1.665000000000001	13.334999999999999	1.0
655	2.0	0.0	2.0	0.0	0.6660000000000004	5.334	2.0
656	2.0	0.0	0.0	0.0	0.6660000000000004	5.334	0.0
657	0.0	1.0	0.0	1.0	0.6680000000000001	2.332	1.0
658	1.0	0.0	1.0	0.0	0.3330000000000002	2.667	1.0
659	3.0	1.0	2.0	0.0	4.0	8.0	2.0
660	0.0	0.0	0.0	0.0	0.0	0.0	0.0
661	0.0	1.0	0.0	1.0	0.3330000000000002	2.667	1.0
662	1.0	1.0	1.0	1.0	2.0	4.0	2.0
663	1.0	0.0	0.0	0.0	1.0	2.0	0.0
664	2.0	0.0	1.0	0.0	0.6660000000000004	5.334	1.0
665	3.0	0.0	1.0	0.0	3.0	6.0	1.0
666	3.0	0.0	2.0	0.0	3.0	6.0	2.0
667	2.0	1.0	0.0	1.0	2.3360000000000003	6.664	1.0
668	1.0	1.0	0.0	1.0	2.0	4.0	1.0
669	1.0	1.0	0.0	1.0	2.0	4.0	1.0
670	1.0	1.0	1.0	1.0	1.0	2.0	1.0
671	3.0	1.0	3.0	1.0	2.0660000000000003	6.933999999999999	3.0
672	2.0	0.0	1.0	0.0	0.6660000000000004	5.334	1.0
673	3.0	2.0	1.0	2.0	4.0	8.0	2.0
674	1.0	1.0	1.0	0.0	0.6660000000000004	5.334	1.0
675	1.0	1.0	0.0	1.0	0.6660000000000004	5.334	1.0
676	3.0	1.0	2.0	1.0	4.0	8.0	3.0
677	3.0	0.0	2.0	0.0	3.0	6.0	2.0
678	1.0	0.0	1.0	0.0	1.0	2.0	1.0
679	2.0	1.0	2.0	1.0	2.3360000000000003	6.664	3.0
680	3.0	0.0	1.0	0.0	3.0	6.0	1.0
681	3.0	1.0	1.0	1.0	2.3370000000000006	9.663	2.0
682	3.0	0.0	1.0	0.0	2.068	3.932	1.0
683	2.0	0.0	2.0	0.0	2.0	4.0	2.0
684	3.0	0.0	1.0	0.0	3.0	6.0	1.0
685	0.0	0.0	0.0	0.0	0.0	0.0	0.0
686	0.0	0.0	0.0	0.0	0.0	0.0	0.0
687	4.0	0.0	3.0	0.0	3.668	8.332	3.0
688	2.0	0.0	2.0	0.0	2.0	4.0	2.0
689	3.0	1.0	3.0	1.0	2.3360000000000003	6.664	3.0
690	3.0	0.0	1.0	0.0	3.0	6.0	1.0
691	0.0	0.0	0.0	0.0	0.0	0.0	0.0
692	2.0	1.0	1.0	1.0	3.0	6.0	2.0
693	1.0	0.0	0.0	0.0	1.0	2.0	0.0
694	4.0	0.0	2.0	0.0	4.0	8.0	2.0
695	1.0	0.0	1.0	0.0	0.3330000000000002	2.667	1.0
696	2.0	0.0	1.0	0.0	2.0	4.0	1.0
697	1.0	0.0	0.0	0.0	1.0	2.0	0.0
698	3.0	0.0	2.0	0.0	3.0	6.0	2.0
699	2.0	0.0	2.0	0.0	2.4	3.6	2.0
700	3.0	0.0	3.0	0.0	3.0	6.0	3.0
701	1.0	0.0	0.0	0.0	0.3330000000000002	2.667	0.0
702	0.0	0.0	0.0	0.0	0.0	0.0	0.0
703	4.0	0.0	3.0	0.0	5.199999999999999	6.800000000000001	3.0
704	1.0	1.0	1.0	1.0	2.0	4.0	2.0
705	2.0	0.0	1.0	0.0	0.6660000000000004	5.334	1.0
706	2.0	0.0	1.0	0.0	2.0	4.0	1.0
707	0.0	0.0	0.0	0.0	0.0	0.0	0.0
708	4.0	2.0	4.0	1.0	3.6660000000000004	11.334	4.0
709	2.0	0.0	2.0	0.0	2.0	4.0	2.0
710	1.0	0.0	0.0	0.0	0.3330000000000002	2.667	0.0
711	4.0	0.0	2.0	0.0	2.3360000000000003	6.664	2.0
712	2.0	0.0	1.0	0.0	1.3360000000000003	4.664	1.0
713	4.0	2.0	3.0	1.0	5.0	10.0	3.0
714	1.0	2.0	1.0	2.0	1.6680000000000001	4.332	2.0
715	1.0	2.0	1.0	1.0	0.9990000000000006	8.001	2.0
716	1.0	0.0	1.0	0.0	0.3330000000000002	2.667	1.0
717	3.0	0.0	3.0	0.0	2.8	3.2	2.0
718	3.0	0.0	1.0	0.0	0.9990000000000006	8.001	1.0
719	0.0	2.0	0.0	2.0	1.0	2.0	1.0
720	0.0	0.0	0.0	0.0	0.0	0.0	0.0
721	3.0	0.0	1.0	0.0	0.9990000000000006	8.001	1.0
722	3.0	2.0	1.0	1.0	5.133	9.866999999999999	2.0
723	2.0	0.0	0.0	0.0	0.6660000000000004	5.334	0.0
724	2.0	0.0	1.0	0.0	1.3360000000000003	4.664	1.0
725	3.0	0.0	3.0	0.0	3.068	5.932	3.0
726	2.0	0.0	1.0	0.0	2.0	4.0	1.0
727	3.0	0.0	3.0	0.0	3.0	6.0	3.0
728	4.0	3.0	1.0	3.0	5.001	12.998999999999999	3.0
729	2.0	0.0	1.0	0.0	2.0	4.0	1.0
730	2.0	0.0	1.0	0.0	0.6660000000000004	5.334	1.0
731	3.0	3.0	2.0	1.0	3.6660000000000004	11.334	3.0
732	2.0	2.0	1.0	2.0	2.333	6.667	2.0
733	2.0	0.0	1.0	0.0	0.6660000000000004	5.334	1.0
734	1.0	2.0	1.0	0.0	0.9990000000000006	8.001	1.0
735	2.0	0.0	2.0	0.0	2.0	4.0	2.0
736	0.0	0.0	0.0	0.0	0.0	0.0	0.0
737	3.0	0.0	3.0	0.0	3.0	6.0	3.0
738	0.0	0.0	0.0	0.0	0.0	0.0	0.0
739	1.0	0.0	1.0	0.0	0.3330000000000002	2.667	1.0
740	1.0	0.0	1.0	0.0	0.3330000000000002	2.667	1.0
741	1.0	0.0	1.0	0.0	1.0	2.0	1.0
742	2.0	0.0	1.0	0.0	2.0	4.0	1.0
743	3.0	0.0	1.0	0.0	3.4	5.6	1.0
744	1.0	4.0	0.0	2.0	3.3360000000000003	11.664	2.0
745	1.0	0.0	1.0	0.0	0.3330000000000002	2.667	1.0
746	2.0	0.0	1.0	0.0	0.6660000000000004	5.334	1.0
747	2.0	0.0	1.0	0.0	2.0	4.0	1.0
748	2.0	0.0	1.0	0.0	1.6680000000000001	4.332	1.0
749	1.0	0.0	1.0	0.0	0.3330000000000002	2.667	1.0
750	3.0	0.0	2.0	0.0	2.3360000000000003	6.664	2.0
751	3.0	0.0	1.0	0.0	3.0	6.0	1.0
752	2.0	0.0	2.0	0.0	2.0	4.0	2.0
753	2.0	1.0	2.0	1.0	2.068	3.932	2.0
754	1.0	0.0	1.0	0.0	0.3330000000000002	2.667	1.0
755	1.0	2.0	0.0	2.0	0.9990000000000006	8.001	2.0
756	2.0	2.0	2.0	0.0	3.0690000000000004	8.931	2.0
757	2.0	1.0	1.0	1.0	3.0	6.0	2.0
758	0.0	4.0	0.0	3.0	1.9990000000000006	10.001	3.0
759	1.0	4.0	0.0	4.0	1.6660000000000004	7.334	2.0
760	4.0	0.0	2.0	0.0	1.6680000000000001	4.332	1.0
761	1.0	2.0	0.0	2.0	0.6660000000000004	5.334	1.0
762	1.0	0.0	1.0	0.0	1.0	2.0	1.0
763	0.0	0.0	0.0	0.0	0.0	0.0	0.0
764	2.0	0.0	1.0	0.0	0.6660000000000004	5.334	1.0
765	0.0	1.0	0.0	1.0	1.0	2.0	1.0
766	1.0	0.0	1.0	0.0	1.0	2.0	1.0
767	1.0	0.0	1.0	0.0	0.6680000000000001	2.332	1.0
768	2.0	0.0	1.0	0.0	0.6660000000000004	5.334	1.0
769	1.0	0.0	0.0	0.0	1.0	2.0	0.0
770	2.0	0.0	1.0	0.0	2.4	3.6	1.0
771	3.0	0.0	1.0	0.0	3.0	6.0	1.0
772	2.0	0.0	1.0	0.0	2.0	4.0	1.0
773	0.0	1.0	0.0	1.0	0.6680000000000001	2.332	1.0
774	1.0	0.0	0.0	0.0	0.3330000000000002	2.667	0.0
775	2.0	0.0	2.0	0.0	2.0	4.0	2.0
776	3.0	0.0	2.0	0.0	3.0	6.0	2.0
777	3.0	3.0	3.0	2.0	4.333	10.667	4.0
778	3.0	1.0	1.0	1.0	1.6660000000000004	7.334	1.0
779	3.0	0.0	2.0	0.0	3.0	6.0	2.0
780	1.0	0.0	1.0	0.0	0.3330000000000002	2.667	1.0
781	1.0	0.0	0.0	0.0	0.3330000000000002	2.667	0.0
782	0.0	0.0	0.0	0.0	0.0	0.0	0.0
783	2.0	0.0	1.0	0.0	2.0	4.0	1.0
784	3.0	0.0	1.0	0.0	3.0	6.0	1.0
785	3.0	0.0	1.0	0.0	0.9990000000000006	8.001	1.0
786	2.0	0.0	1.0	0.0	2.068	3.932	1.0
787	1.0	0.0	0.0	0.0	1.0	2.0	0.0
788	3.0	2.0	2.0	2.0	3.333	8.667	3.0
789	1.0	0.0	1.0	0.0	0.3330000000000002	2.667	1.0
790	2.0	0.0	0.0	0.0	1.3360000000000003	4.664	0.0
791	2.0	0.0	1.0	0.0	2.4	3.6	1.0
792	2.0	2.0	1.0	0.0	1.9990000000000006	10.001	1.0
793	2.0	3.0	1.0	1.0	3.0	6.0	2.0
794	1.0	2.0	0.0	1.0	2.668	6.332	1.0
795	0.0	0.0	0.0	0.0	0.0	0.0	0.0
796	2.0	2.0	1.0	1.0	4.0	8.0	2.0
797	3.0	1.0	1.0	1.0	1.3320000000000007	10.668	2.0
798	2.0	0.0	1.0	0.0	2.0	4.0	1.0
799	2.0	1.0	0.0	1.0	2.333	6.667	1.0
800	1.0	3.0	1.0	3.0	2.333	6.667	3.0
801	2.0	0.0	2.0	0.0	2.0	4.0	2.0
802	2.0	0.0	1.0	0.0	2.0	4.0	1.0
803	2.0	1.0	0.0	1.0	0.9990000000000006	8.001	1.0
804	1.0	0.0	1.0	0.0	0.3330000000000002	2.667	1.0
805	4.0	1.0	3.0	1.0	3.668	8.332	3.0
806	0.0	0.0	0.0	0.0	0.0	0.0	0.0
807	2.0	1.0	2.0	1.0	0.3330000000000002	2.667	1.0
808	2.0	0.0	0.0	0.0	1.3360000000000003	4.664	0.0
809	2.0	1.0	2.0	1.0	2.3360000000000003	6.664	3.0
810	3.0	0.0	2.0	0.0	0.9990000000000006	8.001	2.0
811	0.0	1.0	0.0	1.0	0.3330000000000002	2.667	1.0
812	0.0	0.0	0.0	0.0	0.0	0.0	0.0
813	0.0	0.0	0.0	0.0	0.0	0.0	0.0
814	0.0	0.0	0.0	0.0	0.0	0.0	0.0
815	0.0	0.0	0.0	0.0	0.0	0.0	0.0
816	1.0	4.0	0.0	3.0	1.6660000000000004	7.334	2.0
817	2.0	0.0	1.0	0.0	0.6660000000000004	5.334	1.0
818	2.0	0.0	2.0	0.0	2.0	4.0	2.0
819	2.0	0.0	1.0	0.0	0.6660000000000004	5.334	1.0
820	1.0	2.0	1.0	2.0	1.3330000000000002	4.667	2.0
821	3.0	2.0	2.0	2.0	4.0	8.0	3.0
822	2.0	0.0	2.0	0.0	2.0	4.0	2.0
823	0.0	0.0	0.0	0.0	0.0	0.0	0.0
824	3.0	0.0	0.0	0.0	3.0	6.0	0.0
825	2.0	1.0	1.0	1.0	0.9990000000000006	8.001	2.0
826	2.0	0.0	1.0	0.0	2.0	4.0	1.0
827	2.0	1.0	2.0	1.0	0.9990000000000006	8.001	3.0
828	2.0	2.0	2.0	2.0	3.3360000000000003	8.664	4.0
829	4.0	0.0	3.0	0.0	4.468	7.532	3.0
830	2.0	1.0	1.0	1.0	2.0	4.0	1.0
831	1.0	2.0	0.0	1.0	0.6660000000000004	5.334	1.0
832	1.0	3.0	0.0	3.0	1.9990000000000006	10.001	3.0
833	3.0	0.0	1.0	0.0	3.0	6.0	1.0
834	1.0	0.0	1.0	0.0	0.3330000000000002	2.667	1.0
835	4.0	0.0	3.0	0.0	3.668	8.332	3.0
836	2.0	0.0	1.0	0.0	0.6660000000000004	5.334	1.0
837	2.0	0.0	1.0	0.0	2.0	4.0	1.0
838	1.0	0.0	0.0	0.0	0.3330000000000002	2.667	0.0
839	1.0	0.0	0.0	0.0	1.0	2.0	0.0
840	4.0	0.0	2.0	0.0	3.668	8.332	2.0
841	0.0	0.0	0.0	0.0	0.0	0.0	0.0
842	1.0	0.0	1.0	0.0	0.3330000000000002	2.667	1.0
843	2.0	0.0	1.0	0.0	0.6660000000000004	5.334	1.0
844	2.0	0.0	2.0	0.0	2.0	4.0	2.0
845	2.0	0.0	1.0	0.0	2.4	3.6	1.0
846	3.0	0.0	3.0	0.0	3.0	6.0	3.0
847	1.0	0.0	1.0	0.0	0.3330000000000002	2.667	1.0
848	3.0	0.0	2.0	0.0	2.668	6.332	2.0
849	1.0	0.0	1.0	0.0	1.0	2.0	1.0
850	1.0	2.0	1.0	2.0	1.6660000000000004	7.334	3.0
851	1.0	0.0	1.0	0.0	0.3330000000000002	2.667	1.0
852	5.0	0.0	2.0	0.0	5.0	10.0	2.0
853	0.0	0.0	0.0	0.0	0.0	0.0	0.0
854	1.0	0.0	1.0	0.0	0.3330000000000002	2.667	1.0
855	0.0	0.0	0.0	0.0	0.0	0.0	0.0
856	0.0	0.0	0.0	0.0	0.0	0.0	0.0
857	2.0	0.0	1.0	0.0	0.6660000000000004	5.334	1.0
858	4.0	0.0	2.0	0.0	4.068	7.932	2.0
859	1.0	0.0	1.0	0.0	1.4	1.6	1.0
860	0.0	0.0	0.0	0.0	0.0	0.0	0.0
861	2.0	0.0	1.0	0.0	2.0	4.0	1.0
862	0.0	0.0	0.0	0.0	0.0	0.0	0.0
863	2.0	0.0	1.0	0.0	2.0	4.0	1.0
864	2.0	0.0	2.0	0.0	2.4	3.6	2.0
865	2.0	0.0	1.0	0.0	2.4	3.6	1.0
866	1.0	2.0	1.0	0.0	0.9990000000000006	8.001	1.0
867	2.0	0.0	1.0	0.0	2.0	4.0	1.0
868	2.0	0.0	1.0	0.0	2.0	4.0	1.0
869	3.0	0.0	2.0	0.0	3.0	6.0	2.0
870	3.0	1.0	2.0	1.0	1.3320000000000007	10.668	3.0
871	3.0	0.0	2.0	0.0	3.0	6.0	2.0
872	4.0	0.0	2.0	0.0	4.0	8.0	2.0
873	2.0	1.0	2.0	1.0	2.0	4.0	2.0
874	1.0	0.0	1.0	0.0	0.3330000000000002	2.667	1.0
875	2.0	1.0	2.0	1.0	0.9990000000000006	8.001	3.0
876	3.0	0.0	2.0	0.0	3.068	5.932	2.0
877	0.0	0.0	0.0	0.0	0.0	0.0	0.0
878	1.0	0.0	1.0	0.0	0.3330000000000002	2.667	1.0
879	2.0	0.0	1.0	0.0	0.6660000000000004	5.334	1.0
880	2.0	0.0	1.0	0.0	2.0	4.0	1.0
881	1.0	2.0	1.0	1.0	0.9990000000000006	8.001	2.0
882	3.0	1.0	3.0	1.0	1.3330000000000002	4.667	2.0
883	4.0	0.0	4.0	0.0	4.8	7.199999999999999	4.0
884	2.0	0.0	1.0	0.0	2.4	3.6	1.0
885	2.0	1.0	1.0	1.0	1.3330000000000002	4.667	1.0
886	0.0	0.0	0.0	0.0	0.0	0.0	0.0
887	2.0	0.0	1.0	0.0	2.0	4.0	1.0
888	3.0	4.0	1.0	2.0	1.6660000000000004	7.334	1.0
889	2.0	0.0	1.0	0.0	0.6660000000000004	5.334	1.0
890	2.0	0.0	0.0	0.0	2.0	4.0	0.0
891	2.0	0.0	1.0	0.0	2.4	3.6	1.0
892	1.0	0.0	1.0	0.0	0.3330000000000002	2.667	1.0
893	3.0	1.0	3.0	0.0	1.3320000000000007	10.668	3.0
894	2.0	0.0	0.0	0.0	0.6660000000000004	5.334	0.0
895	0.0	0.0	0.0	0.0	0.0	0.0	0.0
896	2.0	0.0	1.0	0.0	0.6660000000000004	5.334	1.0
897	2.0	0.0	2.0	0.0	0.6660000000000004	5.334	2.0
898	1.0	0.0	1.0	0.0	0.3330000000000002	2.667	1.0
899	1.0	0.0	0.0	0.0	1.0	2.0	0.0
900	2.0	0.0	1.0	0.0	0.6660000000000004	5.334	1.0
901	2.0	0.0	2.0	0.0	2.0	4.0	2.0
902	2.0	0.0	2.0	0.0	2.0	4.0	2.0
903	1.0	2.0	1.0	0.0	0.6660000000000004	5.334	1.0
904	2.0	0.0	0.0	0.0	2.0	4.0	0.0
905	3.0	0.0	2.0	0.0	3.4	5.6	2.0
906	2.0	0.0	2.0	0.0	2.0	4.0	2.0
907	3.0	0.0	1.0	0.0	3.0	6.0	1.0
908	0.0	0.0	0.0	0.0	0.0	0.0	0.0
909	1.0	0.0	1.0	0.0	1.4	1.6	1.0
910	2.0	0.0	1.0	0.0	0.6660000000000004	5.334	1.0
911	2.0	0.0	1.0	0.0	2.0	4.0	1.0
912	1.0	0.0	1.0	0.0	0.3330000000000002	2.667	1.0
913	3.0	0.0	2.0	0.0	3.0	6.0	2.0
914	4.0	0.0	3.0	0.0	4.0	8.0	3.0
915	5.0	0.0	4.0	0.0	4.736	10.264	4.0
916	3.0	0.0	3.0	0.0	2.668	6.332	3.0
917	0.0	0.0	0.0	0.0	0.0	0.0	0.0
918	0.0	1.0	0.0	1.0	0.3330000000000002	2.667	1.0
919	2.0	0.0	1.0	0.0	0.6660000000000004	5.334	1.0
920	2.0	1.0	1.0	0.0	0.9990000000000006	8.001	1.0
921	2.0	2.0	2.0	2.0	3.068	5.932	3.0
922	1.0	0.0	0.0	0.0	1.0	2.0	0.0
923	1.0	0.0	1.0	0.0	0.3330000000000002	2.667	1.0
924	4.0	1.0	1.0	1.0	4.0	11.0	2.0
925	1.0	2.0	1.0	1.0	0.9990000000000006	8.001	2.0
926	2.0	0.0	2.0	0.0	2.0	4.0	2.0
927	3.0	0.0	2.0	0.0	3.8	5.2	2.0
928	2.0	1.0	2.0	1.0	3.0	6.0	3.0
929	0.0	3.0	0.0	3.0	0.9990000000000006	8.001	3.0
930	0.0	0.0	0.0	0.0	0.0	0.0	0.0
931	3.0	0.0	2.0	0.0	3.0	6.0	2.0
932	2.0	3.0	1.0	1.0	3.0	6.0	1.0
933	0.0	2.0	0.0	1.0	1.3330000000000002	4.667	1.0
934	1.0	0.0	1.0	0.0	0.3330000000000002	2.667	1.0
935	2.0	1.0	1.0	1.0	3.0	6.0	2.0
936	2.0	5.0	1.0	4.0	3.733	8.267	3.0
937	2.0	4.0	0.0	2.0	4.001	10.998999999999999	2.0
938	1.0	1.0	1.0	1.0	1.6680000000000001	4.332	2.0
939	1.0	0.0	1.0	0.0	1.0	2.0	1.0
940	2.0	1.0	2.0	1.0	1.0	2.0	1.0
941	2.0	0.0	1.0	0.0	0.6660000000000004	5.334	1.0
942	2.0	0.0	2.0	0.0	2.0	4.0	2.0
943	2.0	0.0	1.0	0.0	2.0	4.0	1.0
944	3.0	1.0	1.0	1.0	4.0	8.0	2.0
945	3.0	0.0	1.0	0.0	3.0	6.0	1.0
946	2.0	0.0	1.0	0.0	2.8	3.2	1.0
947	3.0	1.0	2.0	1.0	3.668	8.332	3.0
948	2.0	0.0	0.0	0.0	2.0	4.0	0.0
949	2.0	0.0	1.0	0.0	2.0	4.0	1.0
950	2.0	2.0	2.0	1.0	2.3360000000000003	6.664	2.0
951	1.0	0.0	0.0	0.0	1.0	2.0	0.0
952	0.0	0.0	0.0	0.0	0.0	0.0	0.0
953	2.0	0.0	0.0	0.0	2.0	4.0	0.0
954	2.0	0.0	1.0	0.0	0.6660000000000004	5.334	1.0
955	0.0	0.0	0.0	0.0	0.0	0.0	0.0
956	1.0	0.0	1.0	0.0	0.3330000000000002	2.667	1.0
957	0.0	0.0	0.0	0.0	0.0	0.0	0.0
958	2.0	0.0	2.0	0.0	2.0	4.0	2.0
959	3.0	0.0	2.0	0.0	3.0	6.0	2.0
960	4.0	0.0	4.0	0.0	4.0	8.0	4.0
961	2.0	0.0	1.0	0.0	2.4	3.6	1.0
962	3.0	0.0	1.0	0.0	0.9990000000000006	8.001	1.0
963	1.0	0.0	1.0	0.0	0.3330000000000002	2.667	1.0
964	1.0	0.0	1.0	0.0	0.3330000000000002	2.667	1.0
965	2.0	1.0	0.0	1.0	3.0	6.0	1.0
966	4.0	0.0	4.0	0.0	2.668	6.332	3.0
967	2.0	0.0	2.0	0.0	0.6660000000000004	5.334	2.0
968	4.0	0.0	3.0	0.0	4.0	8.0	3.0
969	1.0	0.0	0.0	0.0	1.0	2.0	0.0
970	2.0	0.0	1.0	0.0	2.0	4.0	1.0
971	1.0	0.0	1.0	0.0	0.3330000000000002	2.667	1.0
972	2.0	0.0	2.0	0.0	0.6660000000000004	5.334	2.0
973	1.0	0.0	1.0	0.0	0.3330000000000002	2.667	1.0
974	0.0	0.0	0.0	0.0	0.0	0.0	0.0
975	2.0	1.0	0.0	1.0	2.3360000000000003	6.664	1.0
976	2.0	0.0	1.0	0.0	2.0	4.0	1.0
977	2.0	0.0	2.0	0.0	2.0	4.0	2.0
978	4.0	0.0	2.0	0.0	4.136	7.864	2.0
979	3.0	0.0	2.0	0.0	3.4	5.6	2.0
980	0.0	0.0	0.0	0.0	0.0	0.0	0.0
981	3.0	0.0	2.0	0.0	0.9990000000000006	8.001	2.0
982	0.0	0.0	0.0	0.0	0.0	0.0	0.0
983	3.0	0.0	2.0	0.0	1.6680000000000001	4.332	1.0
984	3.0	0.0	2.0	0.0	3.0	6.0	2.0
985	2.0	0.0	2.0	0.0	0.6660000000000004	5.334	2.0
986	0.0	1.0	0.0	1.0	0.6680000000000001	2.332	1.0
987	1.0	0.0	0.0	0.0	0.3330000000000002	2.667	0.0
988	1.0	0.0	1.0	0.0	0.3330000000000002	2.667	1.0
989	1.0	4.0	1.0	1.0	1.9990000000000006	10.001	1.0
990	2.0	1.0	2.0	1.0	2.0	4.0	2.0
991	0.0	0.0	0.0	0.0	0.0	0.0	0.0
992	0.0	0.0	0.0	0.0	0.0	0.0	0.0
993	2.0	3.0	2.0	2.0	3.333	8.667	3.0
994	1.0	2.0	1.0	2.0	1.6680000000000001	4.332	2.0
995	2.0	0.0	2.0	0.0	1.3360000000000003	4.664	2.0
996	2.0	0.0	1.0	0.0	2.0	4.0	1.0
997	4.0	0.0	2.0	0.0	4.468	7.532	2.0
998	0.0	1.0	0.0	1.0	0.3330000000000002	2.667	1.0
999	1.0	0.0	1.0	0.0	0.3330000000000002	2.667	1.0
1000	0.0	1.0	0.0	1.0	0.6680000000000001	2.332	1.0
1001	1.0	1.0	0.0	1.0	0.6660000000000004	5.334	1.0
1002	3.0	2.0	1.0	1.0	4.336	10.664	2.0
1003	4.0	0.0	4.0	0.0	3.068	5.932	3.0
1004	0.0	0.0	0.0	0.0	0.0	0.0	0.0
1005	2.0	0.0	0.0	0.0	0.6660000000000004	5.334	0.0
1006	2.0	0.0	0.0	0.0	2.0	4.0	0.0
1007	3.0	2.0	3.0	1.0	3.0040000000000004	8.995999999999999	3.0
1008	0.0	0.0	0.0	0.0	0.0	0.0	0.0
1009	3.0	0.0	1.0	0.0	0.9990000000000006	8.001	1.0
1010	1.0	0.0	0.0	0.0	0.6680000000000001	2.332	0.0
1011	1.0	3.0	0.0	2.0	1.3320000000000007	10.668	2.0
1012	2.0	0.0	2.0	0.0	2.0	4.0	2.0
1013	1.0	0.0	1.0	0.0	1.0	2.0	1.0
1014	3.0	2.0	3.0	2.0	1.6660000000000004	7.334	3.0
1015	4.0	1.0	2.0	1.0	4.0	8.0	2.0
1016	3.0	0.0	2.0	0.0	3.0	6.0	2.0
1017	2.0	1.0	1.0	1.0	2.3360000000000003	6.664	2.0
1018	0.0	0.0	0.0	0.0	0.0	0.0	0.0
1019	1.0	2.0	1.0	1.0	0.9990000000000006	8.001	2.0
1020	3.0	0.0	1.0	0.0	3.0	6.0	1.0
1021	2.0	1.0	1.0	1.0	3.0	6.0	2.0
1022	1.0	0.0	0.0	0.0	0.3330000000000002	2.667	0.0
1023	1.0	2.0	1.0	0.0	0.9990000000000006	8.001	1.0
1024	2.0	1.0	2.0	1.0	0.9990000000000006	8.001	3.0
1025	1.0	0.0	1.0	0.0	0.3330000000000002	2.667	1.0
1026	0.0	1.0	0.0	1.0	0.3330000000000002	2.667	1.0
1027	2.0	0.0	2.0	0.0	2.0	4.0	2.0
1028	1.0	0.0	0.0	0.0	1.0	2.0	0.0
1029	4.0	0.0	2.0	0.0	1.6680000000000001	4.332	1.0
1030	2.0	0.0	1.0	0.0	2.0	4.0	1.0
1031	3.0	0.0	2.0	0.0	3.0	6.0	2.0
1032	3.0	1.0	1.0	0.0	4.0	8.0	1.0
1033	2.0	1.0	1.0	0.0	0.6660000000000004	5.334	1.0
1034	3.0	0.0	2.0	0.0	3.0	6.0	2.0
1035	2.0	0.0	1.0	0.0	2.4	3.6	1.0
1036	0.0	0.0	0.0	0.0	0.0	0.0	0.0
1037	2.0	2.0	0.0	2.0	2.333	6.667	1.0
1038	3.0	0.0	2.0	0.0	3.0	6.0	2.0
1039	2.0	1.0	1.0	1.0	3.0	6.0	2.0
1040	4.0	0.0	3.0	0.0	4.0	8.0	3.0
1041	2.0	2.0	2.0	2.0	1.3330000000000002	4.667	2.0
1042	0.0	0.0	0.0	0.0	0.0	0.0	0.0
1043	3.0	0.0	1.0	0.0	3.068	5.932	1.0
1044	0.0	0.0	0.0	0.0	0.0	0.0	0.0
1045	1.0	1.0	0.0	1.0	1.3330000000000002	4.667	1.0
1046	0.0	0.0	0.0	0.0	0.0	0.0	0.0
1047	0.0	0.0	0.0	0.0	0.0	0.0	0.0
1048	3.0	0.0	2.0	0.0	3.0	6.0	2.0
1049	2.0	2.0	2.0	0.0	1.6660000000000004	7.334	2.0
1050	1.0	2.0	0.0	2.0	2.0	4.0	1.0
1051	0.0	0.0	0.0	0.0	0.0	0.0	0.0
1052	0.0	2.0	0.0	2.0	2.0	4.0	2.0
1053	1.0	0.0	1.0	0.0	1.0	2.0	1.0
1054	0.0	2.0	0.0	2.0	1.0	2.0	1.0
1055	0.0	0.0	0.0	0.0	0.0	0.0	0.0
1056	1.0	2.0	1.0	2.0	1.0	2.0	1.0
1057	1.0	0.0	1.0	0.0	0.3330000000000002	2.667	1.0
1058	1.0	1.0	1.0	1.0	1.0	2.0	1.0
1059	3.0	1.0	1.0	1.0	3.4	8.6	2.0
1060	1.0	3.0	1.0	2.0	0.9990000000000006	8.001	2.0
1061	2.0	0.0	2.0	0.0	2.0	4.0	2.0
1062	0.0	0.0	0.0	0.0	0.0	0.0	0.0
1063	3.0	0.0	1.0	0.0	3.0	6.0	1.0
1064	0.0	1.0	0.0	1.0	1.4	1.6	1.0
1065	1.0	0.0	0.0	0.0	1.0	2.0	0.0
1066	1.0	0.0	1.0	0.0	1.0	2.0	1.0
1067	1.0	0.0	1.0	0.0	0.3330000000000002	2.667	1.0
1068	1.0	0.0	1.0	0.0	0.3330000000000002	2.667	1.0
1069	2.0	0.0	1.0	0.0	2.068	3.932	1.0
1070	1.0	2.0	1.0	2.0	0.9990000000000006	8.001	3.0
1071	1.0	0.0	1.0	0.0	1.0	2.0	1.0
1072	2.0	0.0	2.0	0.0	2.0	4.0	2.0
1073	0.0	1.0	0.0	1.0	1.0	2.0	1.0
1074	1.0	2.0	1.0	2.0	2.0	4.0	2.0
1075	1.0	0.0	1.0	0.0	1.0	2.0	1.0
1076	2.0	2.0	2.0	2.0	1.6660000000000004	7.334	3.0
1077	1.0	3.0	1.0	0.0	1.6660000000000004	7.334	1.0
1078	1.0	0.0	1.0	0.0	0.3330000000000002	2.667	1.0
1079	0.0	0.0	0.0	0.0	0.0	0.0	0.0
1080	0.0	1.0	0.0	0.0	1.0	2.0	0.0
1081	1.0	0.0	0.0	0.0	1.0	2.0	0.0
1082	1.0	1.0	0.0	0.0	1.3330000000000002	4.667	0.0
1083	0.0	0.0	0.0	0.0	0.0	0.0	0.0
1084	0.0	1.0	0.0	1.0	1.0	2.0	1.0
1085	3.0	2.0	2.0	2.0	2.333	6.667	2.0
1086	1.0	2.0	1.0	1.0	1.3330000000000002	4.667	1.0
1087	2.0	5.0	1.0	2.0	3.668	11.332	3.0
1088	0.0	3.0	0.0	1.0	0.6660000000000004	5.334	1.0
1089	0.0	2.0	0.0	1.0	1.3330000000000002	4.667	1.0
1090	3.0	4.0	1.0	3.0	4.333	10.667	2.0
1091	1.0	3.0	1.0	2.0	1.9990000000000006	10.001	3.0
1092	1.0	0.0	1.0	0.0	1.0	2.0	1.0
1093	1.0	0.0	1.0	0.0	1.0	2.0	1.0
1094	0.0	0.0	0.0	0.0	0.0	0.0	0.0
1095	2.0	0.0	1.0	0.0	0.6660000000000004	5.334	1.0
1096	0.0	0.0	0.0	0.0	0.0	0.0	0.0
1097	5.0	0.0	3.0	0.0	3.0040000000000004	8.995999999999999	2.0
1098	3.0	3.0	3.0	3.0	3.6660000000000004	11.334	5.0
1099	2.0	0.0	0.0	0.0	2.0	4.0	0.0
1100	2.0	0.0	2.0	0.0	0.6680000000000001	2.332	1.0
1101	3.0	2.0	2.0	2.0	3.0	6.0	2.0
1102	3.0	0.0	2.0	0.0	3.0	6.0	2.0
1103	1.0	3.0	1.0	2.0	1.6660000000000004	7.334	2.0
1104	3.0	3.0	2.0	3.0	5.0	10.0	4.0
1105	0.0	2.0	0.0	1.0	2.0	4.0	1.0
1106	1.0	2.0	1.0	2.0	1.3330000000000002	4.667	2.0
1107	0.0	3.0	0.0	3.0	1.6660000000000004	7.334	3.0
1108	0.0	2.0	0.0	1.0	0.6660000000000004	5.334	1.0
1109	1.0	0.0	1.0	0.0	1.0	2.0	1.0
1110	1.0	0.0	1.0	0.0	1.4	1.6	1.0
1111	2.0	0.0	2.0	0.0	2.0	4.0	2.0
1112	2.0	2.0	1.0	1.0	3.0040000000000004	8.995999999999999	2.0
1113	5.0	0.0	3.0	0.0	5.068	9.932	3.0
1114	6.0	0.0	3.0	0.0	3.668	8.332	2.0
1115	1.0	0.0	1.0	0.0	0.6680000000000001	2.332	1.0
1116	3.0	0.0	2.0	0.0	3.0	6.0	2.0
1117	5.0	0.0	2.0	0.0	5.536	9.464	2.0
1118	2.0	0.0	2.0	0.0	2.0	4.0	2.0
1119	2.0	1.0	1.0	1.0	2.333	6.667	2.0
1120	2.0	0.0	1.0	0.0	0.6660000000000004	5.334	1.0
1121	0.0	0.0	0.0	0.0	0.0	0.0	0.0
1122	3.0	1.0	3.0	1.0	4.0	8.0	4.0
1123	3.0	1.0	0.0	1.0	3.333	8.667	1.0
1124	3.0	0.0	2.0	0.0	3.068	5.932	2.0
1125	0.0	0.0	0.0	0.0	0.0	0.0	0.0
1126	3.0	0.0	1.0	0.0	2.4	3.6	1.0
1127	2.0	1.0	1.0	1.0	3.0	6.0	2.0
1128	2.0	2.0	1.0	0.0	1.3320000000000007	10.668	1.0
1129	2.0	0.0	1.0	0.0	2.0	4.0	1.0
1130	1.0	0.0	1.0	0.0	0.3330000000000002	2.667	1.0
1131	1.0	0.0	1.0	0.0	0.3330000000000002	2.667	1.0
1132	1.0	1.0	1.0	1.0	2.0	4.0	2.0
1133	2.0	1.0	1.0	1.0	3.0	6.0	2.0
1134	0.0	4.0	0.0	2.0	4.068	7.932	2.0
1135	1.0	1.0	1.0	1.0	0.3330000000000002	2.667	1.0
1136	0.0	0.0	0.0	0.0	0.0	0.0	0.0
