pos	Sd	Nd	Sd_tip	Nd_tip	S	N	comparisons
001	0.0	0.0	0.0	0.0	0.0	0.0	0.0
002	0.0	2.0	0.0	1.0	1.3330000000000002	4.667	1.0
003	1.0	1.0	1.0	1.0	1.0	2.0	1.0
004	0.0	1.0	0.0	1.0	1.0	2.0	1.0
005	1.0	2.0	1.0	1.0	2.0	4.0	1.0
006	0.0	2.0	0.0	0.0	0.3330000000000002	2.667	0.0
007	1.0	2.0	0.0	1.0	1.3330000000000002	4.667	1.0
008	0.0	2.0	0.0	0.0	1.0	2.0	0.0
009	0.0	1.0	0.0	0.0	0.3330000000000002	2.667	0.0
010	1.0	0.0	1.0	0.0	1.0	2.0	1.0
011	0.0	0.0	0.0	0.0	0.0	0.0	0.0
012	1.0	2.0	0.0	2.0	2.0	4.0	1.0
013	0.0	0.0	0.0	0.0	0.0	0.0	0.0
014	0.0	0.0	0.0	0.0	0.0	0.0	0.0
015	1.0	1.0	1.0	1.0	1.0	2.0	1.0
016	1.0	0.0	0.0	0.0	0.3330000000000002	2.667	0.0
017	1.0	1.0	1.0	1.0	1.0	2.0	1.0
018	1.0	0.0	1.0	0.0	0.3330000000000002	2.667	1.0
019	1.0	2.0	1.0	1.0	1.3330000000000002	4.667	1.0
020	1.0	2.0	1.0	0.0	1.3330000000000002	4.667	1.0
021	0.0	2.0	0.0	0.0	0.3330000000000002	2.667	0.0
022	1.0	1.0	0.0	0.0	1.0	2.0	0.0
023	0.0	3.0	0.0	3.0	1.0	5.0	2.0
024	1.0	2.0	1.0	1.0	2.0	4.0	1.0
025	1.0	3.0	0.0	1.0	3.0	6.0	1.0
026	1.0	4.0	1.0	3.0	1.6660000000000004	7.334	2.0
027	1.0	3.0	0.0	2.0	3.0040000000000004	8.995999999999999	2.0
028	0.0	0.0	0.0	0.0	0.0	0.0	0.0
029	2.0	3.0	2.0	2.0	1.6660000000000004	7.334	2.0
030	1.0	1.0	1.0	0.0	2.0	4.0	1.0
031	0.0	2.0	0.0	0.0	0.3330000000000002	2.667	0.0
032	0.0	2.0	0.0	1.0	1.0010000000000003	4.999	1.0
033	1.0	1.0	0.0	1.0	2.0	4.0	1.0
034	0.0	2.0	0.0	2.0	0.6660000000000004	5.334	2.0
035	0.0	0.0	0.0	0.0	0.0	0.0	0.0
036	1.0	2.0	0.0	1.0	1.3330000000000002	4.667	1.0
037	1.0	2.0	0.0	2.0	2.4	3.6	1.0
038	1.0	0.0	1.0	0.0	1.0	2.0	1.0
039	1.0	2.0	1.0	0.0	1.3330000000000002	4.667	1.0
040	0.0	2.0	0.0	1.0	1.3330000000000002	4.667	1.0
041	0.0	0.0	0.0	0.0	0.0	0.0	0.0
042	0.0	0.0	0.0	0.0	0.0	0.0	0.0
043	0.0	0.0	0.0	0.0	0.0	0.0	0.0
044	1.0	1.0	1.0	1.0	0.3330000000000002	2.667	1.0
045	0.0	3.0	0.0	1.0	1.0	5.0	1.0
046	2.0	1.0	0.0	0.0	0.6680000000000001	2.332	0.0
047	1.0	2.0	0.0	0.0	2.0	4.0	0.0
048	1.0	4.0	0.0	2.0	2.333	6.667	1.0
049	1.0	2.0	0.0	1.0	2.668	6.332	1.0
050	1.0	3.0	0.0	1.0	1.6680000000000001	4.332	1.0
051	1.0	1.0	0.0	0.0	0.3330000000000002	2.667	0.0
052	1.0	2.0	0.0	0.0	1.3330000000000002	4.667	0.0
053	1.0	3.0	0.0	2.0	2.4	6.6	2.0
054	2.0	3.0	1.0	2.0	2.4010000000000002	9.599	2.0
055	0.0	6.0	0.0	4.0	2.6660000000000004	9.334	2.0
056	3.0	3.0	1.0	2.0	2.733	6.2669999999999995	2.0
057	2.0	1.0	2.0	1.0	1.3330000000000002	4.667	2.0
058	2.0	0.0	1.0	0.0	2.0	4.0	1.0
059	1.0	2.0	1.0	1.0	1.3330000000000002	4.667	1.0
060	1.0	0.0	0.0	0.0	0.3330000000000002	2.667	0.0
061	2.0	2.0	1.0	2.0	2.333	6.667	2.0
062	1.0	1.0	1.0	1.0	1.0	2.0	1.0
063	0.0	2.0	0.0	1.0	1.3330000000000002	4.667	1.0
064	2.0	2.0	1.0	2.0	3.0	6.0	2.0
065	3.0	2.0	2.0	2.0	3.801	8.199	3.0
066	1.0	3.0	0.0	3.0	1.6660000000000004	7.334	2.0
067	3.0	1.0	3.0	1.0	1.3330000000000002	4.667	2.0
068	1.0	2.0	1.0	2.0	0.3330000000000002	2.667	1.0
069	3.0	1.0	2.0	1.0	3.0	6.0	2.0
070	1.0	3.0	1.0	3.0	2.0	4.0	2.0
071	2.0	1.0	1.0	0.0	3.0	6.0	1.0
072	3.0	2.0	1.0	2.0	2.4010000000000002	6.598999999999999	1.0
073	2.0	2.0	1.0	2.0	2.0010000000000003	6.999	2.0
074	2.0	2.0	1.0	2.0	3.0	6.0	2.0
075	3.0	2.0	2.0	2.0	4.0	8.0	3.0
076	1.0	1.0	1.0	1.0	1.3330000000000002	4.667	2.0
077	2.0	3.0	2.0	1.0	1.9990000000000006	10.001	2.0
078	1.0	3.0	0.0	2.0	2.333	6.667	1.0
079	1.0	3.0	1.0	2.0	1.6660000000000004	7.334	2.0
080	0.0	2.0	0.0	1.0	1.3330000000000002	4.667	1.0
081	0.0	0.0	0.0	0.0	0.0	0.0	0.0
082	0.0	0.0	0.0	0.0	0.0	0.0	0.0
083	1.0	0.0	0.0	0.0	1.0	2.0	0.0
084	2.0	3.0	2.0	1.0	4.336	10.664	3.0
085	3.0	4.0	1.0	3.0	5.333	12.667	4.0
086	1.0	1.0	0.0	0.0	2.0	4.0	0.0
087	1.0	4.0	0.0	2.0	3.801	8.199	2.0
088	2.0	3.0	1.0	1.0	2.0	4.0	1.0
089	2.0	6.0	1.0	3.0	2.9990000000000006	12.001	3.0
090	1.0	2.0	0.0	2.0	0.6660000000000004	5.334	1.0
091	3.0	3.0	2.0	2.0	4.0	8.0	2.0
092	0.0	4.0	0.0	3.0	1.9990000000000006	10.001	3.0
093	2.0	3.0	1.0	2.0	4.0	8.0	2.0
094	1.0	1.0	1.0	0.0	2.0	4.0	1.0
095	0.0	4.0	0.0	3.0	0.9990000000000006	8.001	2.0
096	1.0	2.0	0.0	1.0	1.6680000000000001	4.332	1.0
097	1.0	2.0	0.0	0.0	1.3330000000000002	4.667	0.0
098	2.0	5.0	1.0	3.0	4.333	10.667	3.0
099	1.0	4.0	1.0	1.0	3.0010000000000003	8.998999999999999	1.0
100	2.0	3.0	1.0	2.0	2.668	6.332	2.0
101	0.0	2.0	0.0	1.0	1.0010000000000003	4.999	1.0
102	1.0	1.0	1.0	0.0	2.0	4.0	1.0
103	2.0	3.0	1.0	2.0	5.0	10.0	3.0
104	0.0	3.0	0.0	2.0	1.6680000000000001	4.332	1.0
105	1.0	2.0	1.0	1.0	2.0	4.0	1.0
106	2.0	2.0	1.0	2.0	2.333	6.667	2.0
107	1.0	2.0	1.0	2.0	1.3330000000000002	4.667	2.0
108	1.0	1.0	1.0	1.0	0.6660000000000004	5.334	2.0
109	0.0	2.0	0.0	1.0	0.6660000000000004	5.334	1.0
110	2.0	3.0	2.0	3.0	2.333	6.667	3.0
111	1.0	3.0	1.0	1.0	2.333	6.667	2.0
112	0.0	0.0	0.0	0.0	0.0	0.0	0.0
113	1.0	2.0	1.0	2.0	2.0	4.0	2.0
114	1.0	1.0	0.0	1.0	1.733	4.2669999999999995	1.0
115	2.0	1.0	1.0	1.0	3.0	6.0	2.0
116	2.0	1.0	1.0	1.0	3.0	6.0	2.0
117	2.0	3.0	2.0	1.0	2.6660000000000004	9.334	2.0
118	1.0	2.0	0.0	2.0	1.3330000000000002	4.667	1.0
119	1.0	0.0	0.0	0.0	1.0	2.0	0.0
120	2.0	0.0	2.0	0.0	2.0	4.0	2.0
121	2.0	0.0	1.0	0.0	2.0	4.0	1.0
122	0.0	1.0	0.0	1.0	1.0	2.0	1.0
123	1.0	1.0	1.0	0.0	0.6660000000000004	5.334	1.0
124	1.0	5.0	0.0	3.0	2.6670000000000007	12.332999999999998	2.0
125	2.0	1.0	1.0	1.0	3.0	6.0	2.0
126	2.0	0.0	2.0	0.0	0.6660000000000004	5.334	2.0
127	3.0	4.0	3.0	3.0	2.6660000000000004	9.334	3.0
128	1.0	3.0	0.0	2.0	2.6660000000000004	9.334	2.0
129	1.0	3.0	0.0	1.0	2.0	4.0	1.0
130	1.0	1.0	0.0	1.0	2.0	4.0	1.0
131	1.0	1.0	0.0	1.0	2.0	4.0	1.0
132	0.0	2.0	0.0	0.0	0.3330000000000002	5.667	0.0
133	0.0	6.0	0.0	4.0	2.000000000000001	13.0	3.0
134	1.0	1.0	0.0	1.0	2.0	4.0	1.0
135	2.0	3.0	1.0	1.0	4.668	10.332	2.0
136	1.0	4.0	1.0	2.0	2.3320000000000007	12.668	3.0
137	2.0	2.0	1.0	1.0	3.0660000000000003	8.934	2.0
138	1.0	3.0	0.0	1.0	3.668	8.332	1.0
139	1.0	0.0	1.0	0.0	0.3330000000000002	2.667	1.0
140	2.0	2.0	1.0	2.0	3.0	6.0	2.0
141	2.0	2.0	0.0	1.0	3.333	8.667	1.0
142	2.0	1.0	1.0	0.0	3.0	6.0	1.0
143	1.0	2.0	1.0	1.0	1.6680000000000001	4.332	1.0
144	0.0	3.0	0.0	2.0	0.9990000000000006	8.001	2.0
145	1.0	0.0	1.0	0.0	0.6680000000000001	2.332	1.0
146	2.0	0.0	1.0	0.0	2.0	4.0	1.0
147	2.0	3.0	1.0	3.0	2.6660000000000004	9.334	3.0
148	3.0	3.0	3.0	2.0	5.0	10.0	4.0
149	0.0	1.0	0.0	1.0	0.3330000000000002	2.667	1.0
150	0.0	0.0	0.0	0.0	0.0	0.0	0.0
151	1.0	2.0	0.0	1.0	2.333	6.667	1.0
152	1.0	0.0	0.0	0.0	0.3330000000000002	2.667	0.0
153	1.0	1.0	0.0	1.0	1.0	5.0	1.0
154	2.0	2.0	2.0	2.0	1.3330000000000002	4.667	2.0
155	2.0	2.0	0.0	1.0	2.333	6.667	1.0
156	2.0	3.0	1.0	2.0	2.333	6.667	2.0
157	1.0	2.0	0.0	1.0	0.6660000000000004	5.334	1.0
158	2.0	1.0	2.0	0.0	2.3360000000000003	6.664	2.0
159	1.0	1.0	1.0	0.0	0.6660000000000004	5.334	1.0
160	2.0	4.0	1.0	1.0	2.0010000000000003	6.999	1.0
161	2.0	2.0	2.0	1.0	3.0	6.0	2.0
162	1.0	0.0	1.0	0.0	0.3330000000000002	2.667	1.0
163	2.0	0.0	1.0	0.0	2.0	4.0	1.0
164	1.0	0.0	1.0	0.0	1.0	2.0	1.0
165	3.0	1.0	2.0	1.0	1.6660000000000004	7.334	2.0
166	3.0	1.0	1.0	1.0	4.0	8.0	2.0
167	3.0	1.0	2.0	1.0	4.0	8.0	3.0
168	2.0	2.0	1.0	0.0	2.0	4.0	1.0
169	2.0	0.0	1.0	0.0	2.0	4.0	1.0
170	2.0	0.0	2.0	0.0	2.0	4.0	2.0
171	1.0	0.0	0.0	0.0	0.3330000000000002	2.667	0.0
172	4.0	1.0	2.0	0.0	4.0	8.0	2.0
173	1.0	0.0	0.0	0.0	0.3330000000000002	2.667	0.0
174	0.0	1.0	0.0	1.0	0.3330000000000002	2.667	1.0
175	0.0	0.0	0.0	0.0	0.0	0.0	0.0
176	1.0	0.0	1.0	0.0	1.0	2.0	1.0
177	6.0	0.0	5.0	0.0	5.136	9.863999999999999	4.0
178	1.0	2.0	0.0	0.0	1.0	2.0	0.0
179	0.0	1.0	0.0	1.0	1.0	2.0	1.0
180	0.0	0.0	0.0	0.0	0.0	0.0	0.0
181	3.0	0.0	2.0	0.0	1.6680000000000001	4.332	1.0
182	2.0	4.0	0.0	3.0	2.6660000000000004	9.334	2.0
183	2.0	1.0	2.0	1.0	1.3330000000000002	4.667	2.0
184	0.0	2.0	0.0	1.0	1.4	4.6	1.0
185	2.0	1.0	1.0	1.0	2.0	4.0	1.0
186	2.0	0.0	1.0	0.0	2.0	4.0	1.0
187	3.0	3.0	1.0	3.0	2.9990000000000006	12.001	3.0
188	0.0	1.0	0.0	1.0	0.6680000000000001	2.332	1.0
189	1.0	0.0	1.0	0.0	1.0	2.0	1.0
190	1.0	0.0	0.0	0.0	0.3330000000000002	2.667	0.0
191	4.0	0.0	2.0	0.0	4.0	8.0	2.0
192	1.0	2.0	0.0	1.0	1.6680000000000001	4.332	1.0
193	1.0	1.0	1.0	1.0	1.6680000000000001	4.332	2.0
194	2.0	0.0	1.0	0.0	2.0	4.0	1.0
195	2.0	5.0	2.0	5.0	2.3320000000000007	12.668	5.0
196	2.0	2.0	2.0	2.0	2.333	6.667	3.0
197	2.0	1.0	2.0	1.0	1.6680000000000001	4.332	2.0
198	3.0	2.0	3.0	1.0	5.0	10.0	4.0
199	2.0	0.0	1.0	0.0	2.0	4.0	1.0
200	1.0	3.0	0.0	2.0	3.333	8.667	2.0
201	3.0	0.0	2.0	0.0	3.0	6.0	2.0
202	1.0	0.0	1.0	0.0	1.0	2.0	1.0
203	2.0	3.0	1.0	2.0	2.6660000000000004	9.334	2.0
204	2.0	0.0	1.0	0.0	2.0	4.0	1.0
205	2.0	1.0	1.0	1.0	2.0	4.0	1.0
206	3.0	0.0	3.0	0.0	1.6680000000000001	4.332	2.0
207	2.0	0.0	1.0	0.0	2.0	4.0	1.0
208	1.0	0.0	0.0	0.0	0.3330000000000002	2.667	0.0
209	1.0	0.0	1.0	0.0	1.4	1.6	1.0
210	0.0	0.0	0.0	0.0	0.0	0.0	0.0
211	3.0	0.0	2.0	0.0	3.0	6.0	2.0
212	1.0	1.0	1.0	0.0	2.0	4.0	1.0
213	1.0	0.0	1.0	0.0	0.6680000000000001	2.332	1.0
214	1.0	0.0	1.0	0.0	1.0	2.0	1.0
215	0.0	0.0	0.0	0.0	0.0	0.0	0.0
216	1.0	0.0	1.0	0.0	1.0	2.0	1.0
217	2.0	2.0	0.0	1.0	4.0	8.0	1.0
218	3.0	0.0	1.0	0.0	3.0	6.0	1.0
219	1.0	2.0	1.0	1.0	1.0010000000000003	4.999	1.0
220	2.0	0.0	2.0	0.0	0.6680000000000001	2.332	1.0
221	1.0	2.0	1.0	2.0	0.6660000000000004	5.334	2.0
222	1.0	5.0	1.0	1.0	3.3360000000000003	11.664	2.0
223	3.0	1.0	3.0	0.0	2.0010000000000003	6.999	2.0
224	1.0	0.0	1.0	0.0	1.0	2.0	1.0
225	0.0	1.0	0.0	1.0	0.6680000000000001	2.332	1.0
226	3.0	0.0	2.0	0.0	3.0	6.0	2.0
227	3.0	0.0	2.0	0.0	3.0	6.0	2.0
228	1.0	0.0	0.0	0.0	0.3330000000000002	2.667	0.0
229	0.0	0.0	0.0	0.0	0.0	0.0	0.0
230	1.0	0.0	1.0	0.0	0.3330000000000002	2.667	1.0
231	1.0	0.0	1.0	0.0	1.0	2.0	1.0
232	1.0	0.0	1.0	0.0	1.0	2.0	1.0
233	2.0	0.0	1.0	0.0	2.4	3.6	1.0
234	1.0	2.0	1.0	1.0	1.6660000000000004	7.334	2.0
235	1.0	2.0	1.0	2.0	0.6660000000000004	5.334	2.0
236	2.0	2.0	1.0	1.0	1.6680000000000001	4.332	1.0
237	2.0	0.0	2.0	0.0	2.0	4.0	2.0
238	0.0	0.0	0.0	0.0	0.0	0.0	0.0
239	0.0	1.0	0.0	0.0	0.3330000000000002	2.667	0.0
240	0.0	0.0	0.0	0.0	0.0	0.0	0.0
241	2.0	3.0	0.0	3.0	4.4	10.6	3.0
242	4.0	1.0	2.0	1.0	5.136	9.863999999999999	3.0
243	4.0	0.0	1.0	0.0	3.3360000000000003	8.664	1.0
244	4.0	3.0	3.0	0.0	4.666	13.334	3.0
245	1.0	0.0	0.0	0.0	0.3330000000000002	2.667	0.0
246	2.0	0.0	2.0	0.0	1.6680000000000001	4.332	2.0
247	3.0	0.0	1.0	0.0	3.0	6.0	1.0
248	2.0	3.0	1.0	2.0	2.3340000000000005	12.665999999999999	3.0
249	1.0	0.0	1.0	0.0	0.3330000000000002	2.667	1.0
250	2.0	1.0	2.0	1.0	1.0	5.0	2.0
251	1.0	0.0	1.0	0.0	1.0	2.0	1.0
252	2.0	0.0	0.0	0.0	2.4	3.6	0.0
253	2.0	0.0	2.0	0.0	2.0	4.0	2.0
254	4.0	0.0	3.0	0.0	3.068	5.932	2.0
255	4.0	1.0	2.0	1.0	4.668	10.332	3.0
256	0.0	0.0	0.0	0.0	0.0	0.0	0.0
257	2.0	3.0	2.0	3.0	1.6680000000000001	10.332	4.0
258	3.0	2.0	2.0	1.0	3.668	8.332	2.0
259	3.0	1.0	2.0	0.0	4.0	8.0	2.0
260	0.0	0.0	0.0	0.0	0.0	0.0	0.0
261	1.0	0.0	0.0	0.0	0.3330000000000002	2.667	0.0
262	2.0	0.0	1.0	0.0	0.6660000000000004	5.334	1.0
263	0.0	0.0	0.0	0.0	0.0	0.0	0.0
264	1.0	0.0	1.0	0.0	0.3330000000000002	2.667	1.0
265	2.0	0.0	1.0	0.0	0.6660000000000004	5.334	1.0
266	2.0	2.0	2.0	1.0	2.3360000000000003	6.664	2.0
267	1.0	3.0	0.0	1.0	3.668	8.332	1.0
268	2.0	0.0	1.0	0.0	0.6660000000000004	5.334	1.0
269	3.0	0.0	2.0	0.0	3.0	6.0	2.0
270	0.0	0.0	0.0	0.0	0.0	0.0	0.0
271	2.0	1.0	1.0	1.0	2.733	6.2669999999999995	2.0
272	1.0	3.0	0.0	1.0	1.3320000000000007	10.668	1.0
273	0.0	3.0	0.0	1.0	0.6660000000000004	8.334	1.0
274	2.0	0.0	1.0	0.0	2.0	4.0	1.0
275	0.0	5.0	0.0	2.0	3.668	11.332	2.0
276	3.0	0.0	1.0	0.0	3.0	6.0	1.0
277	3.0	1.0	2.0	1.0	3.4010000000000002	8.599	3.0
278	3.0	0.0	2.0	0.0	3.0	6.0	2.0
279	3.0	0.0	3.0	0.0	3.0	6.0	3.0
280	1.0	2.0	1.0	2.0	1.0	2.0	1.0
281	3.0	0.0	2.0	0.0	3.4	5.6	2.0
282	2.0	2.0	1.0	2.0	3.0	6.0	2.0
283	2.0	0.0	2.0	0.0	2.0	4.0	2.0
284	0.0	0.0	0.0	0.0	0.0	0.0	0.0
285	3.0	0.0	3.0	0.0	2.4	3.6	2.0
286	1.0	0.0	1.0	0.0	1.0	2.0	1.0
287	1.0	0.0	1.0	0.0	0.6680000000000001	2.332	1.0
288	0.0	0.0	0.0	0.0	0.0	0.0	0.0
289	2.0	2.0	2.0	2.0	1.3330000000000002	4.667	2.0
290	2.0	2.0	2.0	1.0	1.9990000000000006	10.001	3.0
291	3.0	0.0	3.0	0.0	3.0	6.0	3.0
292	2.0	2.0	2.0	2.0	1.9990000000000006	10.001	4.0
293	3.0	1.0	2.0	1.0	2.736	9.264	3.0
294	3.0	1.0	3.0	1.0	3.0	6.0	3.0
295	1.0	0.0	1.0	0.0	0.3330000000000002	2.667	1.0
296	3.0	0.0	1.0	0.0	3.0	6.0	1.0
297	2.0	2.0	1.0	2.0	2.333	6.667	2.0
298	3.0	0.0	2.0	0.0	2.3360000000000003	6.664	2.0
299	6.0	0.0	4.0	0.0	6.536	11.463999999999999	4.0
300	0.0	3.0	0.0	2.0	2.068	6.9319999999999995	2.0
301	2.0	0.0	2.0	0.0	2.0	4.0	2.0
302	0.0	1.0	0.0	1.0	1.4	1.6	1.0
303	3.0	0.0	1.0	0.0	3.0	6.0	1.0
304	2.0	1.0	1.0	1.0	2.0	4.0	1.0
305	0.0	2.0	0.0	1.0	0.6660000000000004	5.334	1.0
306	0.0	0.0	0.0	0.0	0.0	0.0	0.0
307	0.0	4.0	0.0	1.0	3.068	8.932	1.0
308	2.0	1.0	1.0	1.0	1.6690000000000005	7.3309999999999995	2.0
309	2.0	1.0	1.0	1.0	0.6660000000000004	5.334	1.0
310	2.0	0.0	2.0	0.0	2.0	4.0	2.0
311	1.0	0.0	1.0	0.0	1.0	2.0	1.0
312	1.0	0.0	1.0	0.0	0.3330000000000002	2.667	1.0
313	1.0	0.0	1.0	0.0	0.3330000000000002	2.667	1.0
314	1.0	0.0	1.0	0.0	0.3330000000000002	2.667	1.0
315	1.0	0.0	0.0	0.0	0.6680000000000001	2.332	0.0
316	4.0	0.0	1.0	0.0	3.3360000000000003	8.664	1.0
317	2.0	1.0	2.0	0.0	3.068	5.932	2.0
318	4.0	0.0	1.0	0.0	3.068	5.932	1.0
319	2.0	0.0	2.0	0.0	2.068	3.932	2.0
320	3.0	0.0	2.0	0.0	3.0	6.0	2.0
321	2.0	0.0	1.0	0.0	2.0	4.0	1.0
322	0.0	0.0	0.0	0.0	0.0	0.0	0.0
323	3.0	0.0	2.0	0.0	0.9990000000000006	8.001	2.0
324	0.0	0.0	0.0	0.0	0.0	0.0	0.0
325	0.0	3.0	0.0	3.0	1.3330000000000002	4.667	2.0
326	1.0	0.0	1.0	0.0	1.0	2.0	1.0
327	3.0	1.0	2.0	1.0	3.0	6.0	2.0
328	2.0	2.0	1.0	2.0	2.668	6.332	2.0
329	1.0	2.0	1.0	0.0	3.0	6.0	1.0
330	1.0	2.0	1.0	1.0	2.736	6.263999999999999	2.0
331	0.0	1.0	0.0	1.0	0.3330000000000002	2.667	1.0
332	3.0	3.0	1.0	1.0	4.336	10.664000000000001	2.0
333	0.0	2.0	0.0	0.0	0.6660000000000004	5.334	0.0
334	1.0	3.0	0.0	2.0	1.6660000000000004	7.334	2.0
335	3.0	1.0	2.0	1.0	2.3370000000000006	9.663	3.0
336	0.0	0.0	0.0	0.0	0.0	0.0	0.0
337	2.0	0.0	0.0	0.0	2.0	4.0	0.0
338	0.0	2.0	0.0	1.0	2.068	3.932	1.0
339	2.0	0.0	2.0	0.0	1.3360000000000003	4.664	2.0
340	1.0	1.0	0.0	0.0	0.6660000000000004	5.334	0.0
341	0.0	0.0	0.0	0.0	0.0	0.0	0.0
342	2.0	3.0	1.0	2.0	4.668	10.332	3.0
343	1.0	0.0	1.0	0.0	0.3330000000000002	2.667	1.0
344	1.0	1.0	1.0	1.0	1.0	2.0	1.0
345	0.0	1.0	0.0	1.0	0.3330000000000002	2.667	1.0
346	1.0	0.0	0.0	0.0	0.3330000000000002	2.667	0.0
347	2.0	0.0	1.0	0.0	0.6660000000000004	5.334	1.0
348	4.0	2.0	3.0	1.0	5.136	9.864	3.0
349	4.0	0.0	1.0	0.0	3.3360000000000003	8.664	1.0
350	3.0	0.0	1.0	0.0	0.9990000000000006	8.001	1.0
351	1.0	0.0	0.0	0.0	1.0	2.0	0.0
352	0.0	4.0	0.0	1.0	1.3320000000000007	10.668	1.0
353	2.0	1.0	1.0	1.0	0.6660000000000004	5.334	1.0
354	1.0	4.0	0.0	3.0	1.9990000000000006	10.001	2.0
355	4.0	4.0	2.0	3.0	4.001	13.999	4.0
356	2.0	0.0	1.0	0.0	0.6660000000000004	5.334	1.0
357	0.0	3.0	0.0	2.0	1.6660000000000004	7.334	2.0
358	0.0	1.0	0.0	1.0	0.3330000000000002	2.667	1.0
359	1.0	0.0	0.0	0.0	1.0	2.0	0.0
360	1.0	0.0	1.0	0.0	0.3330000000000002	2.667	1.0
361	1.0	2.0	1.0	1.0	1.6680000000000001	4.332	1.0
362	0.0	1.0	0.0	1.0	0.3330000000000002	2.667	1.0
363	2.0	1.0	1.0	0.0	3.0	6.0	1.0
364	1.0	2.0	1.0	1.0	1.6680000000000001	4.332	1.0
365	1.0	1.0	1.0	1.0	0.6660000000000004	5.334	2.0
366	0.0	0.0	0.0	0.0	0.0	0.0	0.0
367	0.0	0.0	0.0	0.0	0.0	0.0	0.0
368	1.0	2.0	1.0	2.0	1.6690000000000005	7.3309999999999995	3.0
369	1.0	1.0	1.0	1.0	1.0	2.0	1.0
370	1.0	0.0	0.0	0.0	0.3330000000000002	2.667	0.0
371	3.0	0.0	3.0	0.0	2.668	6.332	3.0
372	4.0	0.0	4.0	0.0	4.068	7.932	4.0
373	2.0	2.0	2.0	0.0	2.333	6.667	2.0
374	0.0	0.0	0.0	0.0	0.0	0.0	0.0
375	1.0	0.0	1.0	0.0	0.6680000000000001	2.332	1.0
376	3.0	2.0	3.0	2.0	2.668	6.332	3.0
377	2.0	2.0	1.0	0.0	3.0	6.0	1.0
378	1.0	2.0	0.0	0.0	0.6660000000000004	5.334	0.0
379	1.0	2.0	1.0	0.0	1.3360000000000003	4.664	1.0
380	2.0	0.0	1.0	0.0	2.0	4.0	1.0
381	2.0	2.0	2.0	1.0	4.0	8.0	3.0
382	1.0	3.0	0.0	2.0	1.6670000000000007	10.332999999999998	2.0
383	1.0	3.0	1.0	0.0	1.3320000000000007	10.668	1.0
384	1.0	2.0	0.0	0.0	0.9990000000000006	8.001	0.0
385	1.0	3.0	1.0	2.0	1.3330000000000002	7.667	2.0
386	0.0	2.0	0.0	1.0	0.6660000000000004	5.334	1.0
387	1.0	1.0	0.0	0.0	1.3330000000000002	4.667	0.0
388	1.0	1.0	1.0	1.0	1.0	2.0	1.0
389	2.0	5.0	2.0	4.0	2.6690000000000005	9.331	3.0
390	1.0	0.0	1.0	0.0	0.3330000000000002	2.667	1.0
391	2.0	5.0	1.0	3.0	4.333	13.667	4.0
392	2.0	1.0	1.0	0.0	3.0	6.0	1.0
393	4.0	4.0	2.0	3.0	6.0	12.0	4.0
394	3.0	1.0	2.0	0.0	2.333	6.667	2.0
395	2.0	0.0	2.0	0.0	2.0	4.0	2.0
396	1.0	0.0	0.0	0.0	1.0	2.0	0.0
397	2.0	3.0	1.0	2.0	4.001	10.998999999999999	3.0
398	2.0	0.0	1.0	0.0	2.0	4.0	1.0
399	2.0	0.0	2.0	0.0	2.0	4.0	2.0
400	2.0	1.0	2.0	1.0	0.6660000000000004	5.334	2.0
401	1.0	4.0	1.0	1.0	3.0	9.0	2.0
402	2.0	4.0	1.0	1.0	3.0010000000000003	11.998999999999999	2.0
403	2.0	1.0	1.0	0.0	1.3330000000000002	4.667	1.0
404	0.0	0.0	0.0	0.0	0.0	0.0	0.0
405	1.0	3.0	0.0	1.0	0.9990000000000006	8.001	1.0
406	3.0	1.0	2.0	1.0	4.0	8.0	3.0
407	1.0	0.0	0.0	0.0	0.3330000000000002	2.667	0.0
408	1.0	0.0	0.0	0.0	1.4	1.6	0.0
409	1.0	2.0	0.0	0.0	0.9990000000000006	8.001	0.0
410	0.0	0.0	0.0	0.0	0.0	0.0	0.0
411	2.0	0.0	1.0	0.0	2.4	3.6	1.0
412	2.0	2.0	2.0	2.0	1.3330000000000002	4.667	2.0
413	3.0	5.0	2.0	3.0	4.001	10.998999999999999	2.0
414	1.0	3.0	0.0	2.0	1.9990000000000006	10.001	2.0
415	1.0	1.0	1.0	1.0	1.4	1.6	1.0
416	3.0	1.0	2.0	1.0	4.0	8.0	3.0
417	3.0	2.0	1.0	2.0	2.333	6.667	1.0
418	3.0	5.0	2.0	3.0	3.9990000000000006	14.001	3.0
419	5.0	3.0	4.0	2.0	4.402000000000001	13.598	4.0
420	2.0	2.0	1.0	0.0	2.333	6.667	1.0
421	1.0	1.0	0.0	0.0	1.0	2.0	0.0
422	0.0	1.0	0.0	0.0	0.3330000000000002	2.667	0.0
423	1.0	1.0	1.0	1.0	1.0	2.0	1.0
424	1.0	2.0	0.0	2.0	2.333	6.667	2.0
425	1.0	3.0	1.0	2.0	1.9990000000000006	10.001	3.0
426	1.0	3.0	0.0	3.0	1.6660000000000004	7.334	2.0
427	2.0	1.0	2.0	0.0	2.0660000000000003	6.933999999999999	2.0
428	0.0	0.0	0.0	0.0	0.0	0.0	0.0
429	0.0	0.0	0.0	0.0	0.0	0.0	0.0
430	0.0	0.0	0.0	0.0	0.0	0.0	0.0
431	0.0	0.0	0.0	0.0	0.0	0.0	0.0
432	0.0	0.0	0.0	0.0	0.0	0.0	0.0
433	0.0	0.0	0.0	0.0	0.0	0.0	0.0
434	0.0	0.0	0.0	0.0	0.0	0.0	0.0
435	0.0	0.0	0.0	0.0	0.0	0.0	0.0
436	0.0	0.0	0.0	0.0	0.0	0.0	0.0
437	0.0	0.0	0.0	0.0	0.0	0.0	0.0
438	0.0	0.0	0.0	0.0	0.0	0.0	0.0
439	0.0	0.0	0.0	0.0	0.0	0.0	0.0
440	0.0	0.0	0.0	0.0	0.0	0.0	0.0
441	0.0	0.0	0.0	0.0	0.0	0.0	0.0
442	0.0	0.0	0.0	0.0	0.0	0.0	0.0
443	0.0	0.0	0.0	0.0	0.0	0.0	0.0
444	0.0	0.0	0.0	0.0	0.0	0.0	0.0
445	0.0	0.0	0.0	0.0	0.0	0.0	0.0
446	0.0	0.0	0.0	0.0	0.0	0.0	0.0
447	0.0	0.0	0.0	0.0	0.0	0.0	0.0
448	2.0	3.0	2.0	2.0	1.9990000000000006	10.001	3.0
449	1.0	3.0	1.0	3.0	3.0	6.0	3.0
450	1.0	6.0	1.0	5.0	2.3320000000000007	12.668	4.0
451	1.0	1.0	0.0	0.0	1.0	2.0	0.0
452	1.0	2.0	0.0	0.0	1.0	2.0	0.0
453	1.0	2.0	1.0	0.0	3.4	5.6	1.0
454	2.0	0.0	2.0	0.0	2.0	4.0	2.0
455	2.0	4.0	2.0	3.0	4.4	7.6	3.0
456	1.0	1.0	1.0	1.0	2.0	4.0	2.0
457	2.0	1.0	2.0	1.0	1.3330000000000002	4.667	2.0
458	3.0	1.0	2.0	1.0	2.333	6.667	2.0
459	4.0	0.0	3.0	0.0	3.668	8.332	3.0
460	3.0	1.0	2.0	1.0	4.4	7.6	3.0
461	1.0	0.0	1.0	0.0	1.0	2.0	1.0
462	2.0	2.0	1.0	2.0	2.668	6.332	2.0
463	0.0	1.0	0.0	0.0	0.3330000000000002	2.667	0.0
464	2.0	0.0	2.0	0.0	0.6660000000000004	5.334	2.0
465	1.0	0.0	1.0	0.0	1.0	2.0	1.0
466	3.0	0.0	1.0	0.0	3.0	6.0	1.0
467	2.0	3.0	1.0	2.0	2.6660000000000004	9.334	2.0
468	0.0	1.0	0.0	1.0	1.0	2.0	1.0
469	0.0	1.0	0.0	1.0	0.3330000000000002	2.667	1.0
470	2.0	1.0	2.0	0.0	3.0	6.0	2.0
471	0.0	3.0	0.0	2.0	1.3330000000000002	4.667	1.0
472	2.0	2.0	2.0	2.0	1.0010000000000003	4.999	2.0
473	2.0	1.0	1.0	1.0	2.333	6.667	2.0
474	3.0	1.0	2.0	1.0	3.0	6.0	2.0
475	2.0	2.0	2.0	2.0	1.3330000000000002	4.667	2.0
476	2.0	1.0	0.0	1.0	2.668	6.332	1.0
477	2.0	1.0	1.0	1.0	3.0	6.0	2.0
478	0.0	2.0	0.0	2.0	0.3330000000000002	2.667	1.0
479	2.0	1.0	1.0	1.0	2.333	6.667	2.0
480	4.0	1.0	2.0	1.0	4.468	7.532	2.0
481	1.0	6.0	1.0	2.0	4.666	13.334	3.0
482	1.0	3.0	1.0	2.0	1.3330000000000002	4.667	1.0
483	0.0	3.0	0.0	2.0	2.0	4.0	1.0
484	2.0	1.0	1.0	0.0	1.6660000000000004	7.334	1.0
485	3.0	3.0	1.0	2.0	4.0	8.0	2.0
486	3.0	0.0	1.0	0.0	3.0	6.0	1.0
487	0.0	0.0	0.0	0.0	0.0	0.0	0.0
488	0.0	0.0	0.0	0.0	0.0	0.0	0.0
489	3.0	2.0	1.0	0.0	2.6660000000000004	9.334	1.0
490	3.0	3.0	2.0	1.0	3.3340000000000005	11.666	3.0
491	2.0	6.0	1.0	4.0	2.6690000000000005	9.331	3.0
492	3.0	1.0	1.0	1.0	3.0	6.0	1.0
493	3.0	2.0	0.0	2.0	4.068	7.932	1.0
494	2.0	1.0	2.0	1.0	0.9990000000000006	8.001	3.0
495	2.0	3.0	1.0	2.0	3.0	6.0	2.0
496	0.0	1.0	0.0	1.0	0.3330000000000002	2.667	1.0
497	2.0	2.0	2.0	2.0	1.3330000000000002	4.667	2.0
498	1.0	0.0	1.0	0.0	0.3330000000000002	2.667	1.0
499	0.0	1.0	0.0	0.0	1.0	2.0	0.0
500	0.0	0.0	0.0	0.0	0.0	0.0	0.0
501	2.0	0.0	0.0	0.0	2.0	4.0	0.0
502	3.0	0.0	0.0	0.0	3.0	6.0	0.0
503	3.0	0.0	1.0	0.0	2.3360000000000003	6.664	1.0
504	2.0	0.0	1.0	0.0	0.6660000000000004	5.334	1.0
505	2.0	2.0	1.0	1.0	2.333	6.667	1.0
506	0.0	1.0	0.0	1.0	0.6680000000000001	2.332	1.0
507	1.0	1.0	1.0	1.0	1.0	2.0	1.0
508	0.0	1.0	0.0	0.0	0.3330000000000002	2.667	0.0
509	1.0	4.0	1.0	2.0	3.0	6.0	2.0
510	0.0	2.0	0.0	2.0	0.3330000000000002	2.667	1.0
511	3.0	1.0	2.0	1.0	2.0	7.0	2.0
512	3.0	1.0	2.0	0.0	4.0	8.0	2.0
513	2.0	2.0	0.0	1.0	2.668	9.332	1.0
514	2.0	1.0	2.0	1.0	3.0	6.0	3.0
515	2.0	4.0	2.0	3.0	2.9990000000000006	12.001	4.0
516	1.0	7.0	1.0	3.0	3.9990000000000006	14.001	3.0
517	3.0	5.0	2.0	3.0	3.6660000000000004	11.334	3.0
518	0.0	1.0	0.0	0.0	1.0	2.0	0.0
519	0.0	2.0	0.0	1.0	0.6660000000000004	5.334	1.0
520	2.0	6.0	2.0	2.0	4.333	10.667	3.0
521	1.0	1.0	1.0	1.0	0.6680000000000001	2.332	1.0
522	2.0	2.0	1.0	1.0	3.0	6.0	2.0
523	3.0	1.0	1.0	0.0	3.4	5.6	1.0
524	2.0	4.0	2.0	2.0	4.333	10.667	3.0
525	3.0	3.0	1.0	2.0	3.0	9.0	2.0
526	2.0	2.0	0.0	1.0	4.0	8.0	1.0
527	3.0	1.0	1.0	1.0	4.0	8.0	2.0
528	2.0	1.0	1.0	1.0	0.9990000000000006	8.001	2.0
529	1.0	2.0	1.0	2.0	1.0	2.0	1.0
530	1.0	1.0	1.0	1.0	1.6680000000000001	4.332	2.0
531	2.0	3.0	2.0	2.0	2.6660000000000004	9.334	3.0
532	1.0	1.0	1.0	1.0	2.0	4.0	2.0
533	1.0	1.0	1.0	1.0	0.3330000000000002	2.667	1.0
534	2.0	2.0	1.0	1.0	3.4	5.6	2.0
535	2.0	1.0	2.0	1.0	1.0	2.0	1.0
536	1.0	2.0	1.0	2.0	1.0	5.0	2.0
537	1.0	1.0	1.0	1.0	1.0	2.0	1.0
538	3.0	2.0	2.0	2.0	2.333	6.667	2.0
539	0.0	0.0	0.0	0.0	0.0	0.0	0.0
540	2.0	0.0	0.0	0.0	2.0	4.0	0.0
541	0.0	0.0	0.0	0.0	0.0	0.0	0.0
542	3.0	0.0	2.0	0.0	3.4	5.6	2.0
543	3.0	1.0	1.0	1.0	3.0	6.0	1.0
544	2.0	1.0	0.0	0.0	3.0	6.0	0.0
545	2.0	3.0	2.0	1.0	3.0020000000000007	11.998	3.0
546	2.0	4.0	0.0	3.0	2.9990000000000006	15.001	3.0
547	0.0	3.0	0.0	3.0	2.333	6.667	3.0
548	2.0	5.0	1.0	4.0	1.9990000000000006	10.001	3.0
549	3.0	3.0	2.0	3.0	4.0	8.0	3.0
550	1.0	2.0	0.0	0.0	1.0	2.0	0.0
551	0.0	2.0	0.0	2.0	1.0	2.0	1.0
552	0.0	0.0	0.0	0.0	0.0	0.0	0.0
553	0.0	0.0	0.0	0.0	0.0	0.0	0.0
554	0.0	0.0	0.0	0.0	0.0	0.0	0.0
555	0.0	0.0	0.0	0.0	0.0	0.0	0.0
556	0.0	0.0	0.0	0.0	0.0	0.0	0.0
557	0.0	0.0	0.0	0.0	0.0	0.0	0.0
558	0.0	0.0	0.0	0.0	0.0	0.0	0.0
559	0.0	0.0	0.0	0.0	0.0	0.0	0.0
560	1.0	1.0	0.0	0.0	2.0	4.0	0.0
561	1.0	4.0	0.0	2.0	5.0	10.0	2.0
562	2.0	5.0	1.0	4.0	5.333	12.667	4.0
563	2.0	3.0	0.0	2.0	3.7340000000000004	11.266	2.0
564	1.0	7.0	1.0	4.0	4.9990000000000006	16.000999999999998	4.0
565	1.0	1.0	1.0	0.0	2.0	4.0	1.0
566	1.0	2.0	1.0	2.0	1.0	2.0	1.0
567	4.0	3.0	3.0	1.0	4.0	11.0	3.0
568	2.0	4.0	1.0	2.0	4.068	7.932	2.0
569	2.0	0.0	0.0	0.0	0.6660000000000004	5.334	0.0
570	1.0	0.0	0.0	0.0	1.0	2.0	0.0
571	2.0	1.0	1.0	1.0	2.333	6.667	2.0
572	2.0	4.0	1.0	0.0	2.9990000000000006	12.001	1.0
573	2.0	4.0	2.0	1.0	2.3320000000000007	12.668	3.0
574	1.0	2.0	1.0	2.0	0.6660000000000004	5.334	2.0
575	2.0	1.0	1.0	0.0	3.0	6.0	1.0
576	1.0	0.0	0.0	0.0	0.3330000000000002	2.667	0.0
577	2.0	3.0	1.0	2.0	4.0	8.0	2.0
578	1.0	0.0	1.0	0.0	1.0	2.0	1.0
579	2.0	1.0	1.0	1.0	2.068	3.932	1.0
580	0.0	0.0	0.0	0.0	0.0	0.0	0.0
581	2.0	0.0	1.0	0.0	2.0	4.0	1.0
582	0.0	1.0	0.0	0.0	0.6680000000000001	2.332	0.0
583	0.0	0.0	0.0	0.0	0.0	0.0	0.0
584	1.0	0.0	1.0	0.0	1.0	2.0	1.0
585	0.0	0.0	0.0	0.0	0.0	0.0	0.0
586	0.0	0.0	0.0	0.0	0.0	0.0	0.0
587	1.0	1.0	1.0	0.0	0.6660000000000004	5.334	1.0
588	1.0	0.0	1.0	0.0	1.0	2.0	1.0
589	2.0	1.0	2.0	1.0	1.0010000000000003	4.999	2.0
590	1.0	2.0	1.0	2.0	3.0	6.0	3.0
591	0.0	2.0	0.0	0.0	2.0	4.0	0.0
592	2.0	3.0	0.0	1.0	4.333	10.667	1.0
593	1.0	4.0	0.0	1.0	3.6660000000000004	11.334	1.0
594	3.0	2.0	1.0	0.0	4.0	8.0	1.0
595	2.0	3.0	1.0	1.0	4.0	8.0	2.0
596	2.0	3.0	1.0	1.0	2.333	6.667	2.0
597	0.0	2.0	0.0	2.0	1.0010000000000003	4.999	2.0
598	1.0	0.0	1.0	0.0	1.0	2.0	1.0
599	1.0	0.0	1.0	0.0	1.0	2.0	1.0
600	2.0	2.0	1.0	0.0	2.0	4.0	1.0
601	2.0	4.0	1.0	4.0	2.333	6.667	2.0
602	1.0	4.0	1.0	2.0	3.333	8.667	2.0
603	3.0	5.0	2.0	2.0	5.333	12.667	3.0
604	3.0	4.0	3.0	3.0	5.333	12.667	5.0
605	1.0	1.0	1.0	1.0	0.6660000000000004	5.334	2.0
606	0.0	0.0	0.0	0.0	0.0	0.0	0.0
607	0.0	0.0	0.0	0.0	0.0	0.0	0.0
608	0.0	0.0	0.0	0.0	0.0	0.0	0.0
609	0.0	0.0	0.0	0.0	0.0	0.0	0.0
610	2.0	1.0	1.0	0.0	3.0	6.0	1.0
611	2.0	5.0	1.0	2.0	4.666	13.334	3.0
612	1.0	2.0	1.0	1.0	2.0	4.0	1.0
613	0.0	2.0	0.0	1.0	2.0	4.0	1.0
614	0.0	2.0	0.0	2.0	0.3330000000000002	2.667	1.0
615	1.0	2.0	0.0	1.0	0.6660000000000004	5.334	1.0
616	2.0	2.0	1.0	1.0	3.333	8.667	2.0
617	2.0	2.0	1.0	1.0	3.0	6.0	1.0
618	2.0	2.0	1.0	0.0	3.0	6.0	1.0
619	2.0	0.0	2.0	0.0	2.0	4.0	2.0
620	1.0	1.0	1.0	1.0	0.6660000000000004	5.334	2.0
621	1.0	3.0	1.0	3.0	1.3340000000000005	7.6659999999999995	3.0
622	0.0	2.0	0.0	2.0	0.6660000000000004	5.334	2.0
623	1.0	0.0	1.0	0.0	1.0	2.0	1.0
624	2.0	0.0	1.0	0.0	2.0	4.0	1.0
625	2.0	3.0	1.0	2.0	2.9990000000000006	12.001	3.0
626	2.0	1.0	2.0	0.0	3.0	6.0	2.0
627	2.0	0.0	2.0	0.0	2.4	3.6	2.0
628	1.0	1.0	1.0	1.0	2.0	4.0	2.0
629	1.0	1.0	0.0	0.0	1.3330000000000002	4.667	0.0
630	1.0	0.0	0.0	0.0	0.6680000000000001	2.332	0.0
631	2.0	1.0	2.0	1.0	2.0010000000000003	6.999	3.0
632	2.0	0.0	2.0	0.0	2.0	4.0	2.0
633	0.0	2.0	0.0	1.0	0.6660000000000004	5.334	1.0
634	0.0	0.0	0.0	0.0	0.0	0.0	0.0
635	1.0	1.0	1.0	0.0	2.0	4.0	1.0
636	3.0	2.0	3.0	0.0	4.336	10.664	3.0
637	0.0	0.0	0.0	0.0	0.0	0.0	0.0
638	0.0	0.0	0.0	0.0	0.0	0.0	0.0
639	1.0	2.0	0.0	1.0	1.3330000000000002	4.667	1.0
640	2.0	0.0	2.0	0.0	1.6680000000000001	4.332	2.0
641	0.0	2.0	0.0	1.0	0.6680000000000001	5.332	1.0
642	0.0	1.0	0.0	1.0	0.6680000000000001	2.332	1.0
643	0.0	1.0	0.0	1.0	0.3330000000000002	2.667	1.0
644	1.0	1.0	0.0	1.0	2.0	4.0	1.0
645	0.0	5.0	0.0	3.0	2.6660000000000004	9.334	2.0
646	2.0	3.0	1.0	2.0	1.6660000000000004	7.334	2.0
647	3.0	2.0	2.0	0.0	1.6690000000000005	7.3309999999999995	2.0
648	1.0	0.0	1.0	0.0	1.4	1.6	1.0
649	1.0	1.0	1.0	0.0	0.6660000000000004	5.334	1.0
650	3.0	2.0	2.0	1.0	1.6660000000000004	7.334	2.0
651	1.0	0.0	0.0	0.0	1.0	2.0	0.0
652	3.0	1.0	2.0	0.0	3.0	6.0	2.0
653	2.0	4.0	0.0	2.0	4.001	10.999	2.0
654	0.0	0.0	0.0	0.0	0.0	0.0	0.0
655	2.0	0.0	2.0	0.0	2.4	3.6	2.0
656	1.0	2.0	0.0	0.0	0.9990000000000006	8.001	0.0
657	2.0	4.0	1.0	2.0	2.0010000000000003	6.999	1.0
658	1.0	2.0	1.0	0.0	2.668	6.332	1.0
659	0.0	0.0	0.0	0.0	0.0	0.0	0.0
660	4.0	0.0	2.0	0.0	4.0	8.0	2.0
661	1.0	1.0	0.0	1.0	2.0	4.0	1.0
662	1.0	3.0	0.0	0.0	0.3330000000000002	5.667	0.0
663	0.0	3.0	0.0	1.0	1.3330000000000002	4.667	1.0
664	1.0	4.0	1.0	2.0	3.0010000000000003	8.998999999999999	2.0
665	0.0	1.0	0.0	0.0	1.0	2.0	0.0
666	1.0	0.0	1.0	0.0	1.0	2.0	1.0
667	1.0	3.0	1.0	2.0	2.668	6.332	2.0
668	0.0	0.0	0.0	0.0	0.0	0.0	0.0
669	2.0	5.0	2.0	2.0	3.9990000000000006	14.001	4.0
670	1.0	0.0	1.0	0.0	1.0	2.0	1.0
671	0.0	3.0	0.0	1.0	2.0	4.0	1.0
672	0.0	4.0	0.0	4.0	1.3330000000000002	4.667	2.0
673	3.0	2.0	2.0	2.0	2.3340000000000005	9.666	3.0
674	3.0	2.0	1.0	2.0	3.333	8.667	2.0
675	2.0	2.0	2.0	2.0	0.9990000000000006	8.001	3.0
676	3.0	0.0	1.0	0.0	2.0040000000000004	6.9959999999999996	1.0
677	0.0	2.0	0.0	2.0	0.3330000000000002	2.667	1.0
678	3.0	1.0	2.0	0.0	2.6660000000000004	9.334	2.0
679	1.0	0.0	1.0	0.0	1.0	2.0	1.0
680	3.0	0.0	2.0	0.0	3.0	6.0	2.0
681	0.0	0.0	0.0	0.0	0.0	0.0	0.0
682	2.0	0.0	0.0	0.0	2.0	4.0	0.0
683	0.0	0.0	0.0	0.0	0.0	0.0	0.0
684	1.0	0.0	1.0	0.0	1.0	2.0	1.0
685	2.0	1.0	2.0	0.0	1.6680000000000001	4.332	1.0
686	2.0	0.0	2.0	0.0	1.3360000000000003	4.664	2.0
687	3.0	0.0	3.0	0.0	3.0	6.0	3.0
688	0.0	1.0	0.0	0.0	0.3330000000000002	2.667	0.0
689	2.0	3.0	0.0	2.0	3.6690000000000005	11.331	2.0
690	2.0	0.0	2.0	0.0	1.3360000000000003	4.664	2.0
691	0.0	1.0	0.0	1.0	0.3330000000000002	2.667	1.0
692	0.0	3.0	0.0	2.0	2.0010000000000003	6.999	2.0
693	0.0	1.0	0.0	1.0	0.3330000000000002	2.667	1.0
694	0.0	0.0	0.0	0.0	0.0	0.0	0.0
695	1.0	2.0	1.0	1.0	3.0	6.0	2.0
696	1.0	3.0	0.0	1.0	0.9990000000000006	8.001	1.0
697	0.0	0.0	0.0	0.0	0.0	0.0	0.0
698	0.0	0.0	0.0	0.0	0.0	0.0	0.0
699	2.0	2.0	2.0	2.0	2.333	6.667	3.0
700	2.0	3.0	1.0	1.0	1.6660000000000004	7.334	1.0
701	1.0	2.0	1.0	1.0	2.0	4.0	1.0
702	1.0	1.0	1.0	0.0	0.6660000000000004	5.334	1.0
703	0.0	1.0	0.0	1.0	0.3330000000000002	2.667	1.0
704	2.0	2.0	1.0	1.0	3.333	8.667	2.0
705	2.0	2.0	1.0	1.0	1.6660000000000004	7.334	2.0
706	0.0	1.0	0.0	0.0	0.3330000000000002	2.667	0.0
707	1.0	4.0	0.0	1.0	2.0660000000000003	6.933999999999999	1.0
708	3.0	3.0	2.0	2.0	2.665000000000001	15.334999999999999	4.0
709	1.0	3.0	0.0	1.0	2.333	6.667	1.0
710	0.0	3.0	0.0	2.0	1.6660000000000004	7.334	2.0
711	1.0	3.0	1.0	2.0	2.668	6.332	2.0
712	1.0	3.0	0.0	1.0	1.3340000000000005	7.6659999999999995	1.0
713	1.0	2.0	1.0	1.0	2.0	7.0	2.0
714	0.0	0.0	0.0	0.0	0.0	0.0	0.0
715	0.0	0.0	0.0	0.0	0.0	0.0	0.0
716	0.0	0.0	0.0	0.0	0.0	0.0	0.0
717	0.0	2.0	0.0	2.0	1.3330000000000002	4.667	2.0
718	2.0	3.0	2.0	3.0	1.6660000000000004	7.334	3.0
719	3.0	3.0	3.0	2.0	2.6660000000000004	9.334	3.0
720	0.0	5.0	0.0	3.0	2.3320000000000007	12.668	3.0
721	1.0	3.0	1.0	1.0	1.3320000000000007	10.668	2.0
722	2.0	2.0	2.0	1.0	1.9990000000000006	10.001	3.0
723	1.0	7.0	1.0	3.0	3.6660000000000004	11.334	2.0
724	3.0	2.0	1.0	0.0	4.0	8.0	1.0
725	2.0	3.0	1.0	1.0	4.068	10.932	2.0
726	1.0	0.0	0.0	0.0	1.0	2.0	0.0
727	2.0	3.0	2.0	2.0	2.3320000000000007	12.668	4.0
728	2.0	1.0	2.0	1.0	2.0	4.0	2.0
729	0.0	1.0	0.0	1.0	0.3330000000000002	2.667	1.0
730	0.0	1.0	0.0	0.0	0.0	3.0	0.0
731	0.0	0.0	0.0	0.0	0.0	0.0	0.0
732	0.0	2.0	0.0	2.0	1.3330000000000002	4.667	2.0
733	0.0	5.0	0.0	4.0	1.9990000000000006	10.001	3.0
734	2.0	2.0	1.0	1.0	1.0010000000000003	7.999	2.0
735	1.0	3.0	0.0	1.0	3.4	8.6	1.0
736	0.0	3.0	0.0	2.0	1.0	5.0	1.0
737	1.0	2.0	0.0	0.0	0.3330000000000002	2.667	0.0
738	1.0	2.0	1.0	0.0	2.4010000000000002	6.598999999999999	1.0
739	0.0	2.0	0.0	0.0	1.0	2.0	0.0
740	0.0	0.0	0.0	0.0	0.0	0.0	0.0
741	0.0	0.0	0.0	0.0	0.0	0.0	0.0
742	3.0	2.0	2.0	0.0	3.0	6.0	2.0
743	0.0	5.0	0.0	4.0	1.9990000000000006	10.001	3.0
744	0.0	0.0	0.0	0.0	0.0	0.0	0.0
745	2.0	2.0	2.0	1.0	1.6660000000000004	7.334	2.0
746	2.0	3.0	1.0	1.0	0.6660000000000004	5.334	1.0
747	2.0	4.0	1.0	2.0	2.3320000000000007	12.668	2.0
748	0.0	2.0	0.0	2.0	1.0	2.0	1.0
749	4.0	4.0	3.0	3.0	7.0	14.0	5.0
750	0.0	0.0	0.0	0.0	0.0	0.0	0.0
751	1.0	1.0	0.0	0.0	1.0	2.0	0.0
752	2.0	2.0	2.0	1.0	4.4	7.6	3.0
753	2.0	4.0	1.0	2.0	2.0660000000000003	6.933999999999999	2.0
754	1.0	2.0	1.0	2.0	1.6680000000000001	7.332	3.0
755	2.0	3.0	1.0	1.0	1.6660000000000004	7.334	2.0
756	0.0	0.0	0.0	0.0	0.0	0.0	0.0
757	1.0	1.0	0.0	0.0	0.6660000000000004	5.334	0.0
758	2.0	2.0	1.0	1.0	1.9990000000000006	10.001	2.0
759	2.0	1.0	2.0	1.0	2.0	4.0	2.0
760	0.0	0.0	0.0	0.0	0.0	0.0	0.0
761	1.0	4.0	0.0	2.0	2.668	6.332	2.0
762	2.0	2.0	1.0	0.0	3.0	6.0	1.0
763	2.0	0.0	1.0	0.0	0.6660000000000004	5.334	1.0
764	1.0	2.0	1.0	1.0	2.333	6.667	2.0
765	3.0	3.0	1.0	1.0	2.9990000000000006	12.001	2.0
766	1.0	2.0	0.0	1.0	1.733	7.2669999999999995	1.0
767	0.0	2.0	0.0	0.0	0.3330000000000002	2.667	0.0
768	0.0	5.0	0.0	4.0	2.0010000000000003	9.998999999999999	3.0
769	1.0	0.0	0.0	0.0	0.3330000000000002	2.667	0.0
770	2.0	2.0	1.0	0.0	4.0	8.0	1.0
771	0.0	0.0	0.0	0.0	0.0	0.0	0.0
772	2.0	3.0	1.0	0.0	2.6660000000000004	9.334	1.0
773	1.0	4.0	1.0	3.0	3.0	6.0	2.0
774	3.0	1.0	0.0	0.0	3.0	6.0	0.0
775	1.0	4.0	1.0	3.0	3.333	8.667	3.0
776	2.0	2.0	0.0	0.0	1.6660000000000004	7.334	0.0
777	2.0	1.0	0.0	0.0	0.9990000000000006	8.001	0.0
778	0.0	0.0	0.0	0.0	0.0	0.0	0.0
779	1.0	3.0	0.0	3.0	4.0	8.0	3.0
780	1.0	4.0	1.0	2.0	4.668	10.332	3.0
781	2.0	2.0	2.0	1.0	3.0	6.0	2.0
782	1.0	2.0	0.0	1.0	3.0	6.0	1.0
783	1.0	4.0	1.0	2.0	4.469	10.531	3.0
784	3.0	5.0	1.0	2.0	4.333	13.667	3.0
785	4.0	3.0	2.0	3.0	2.6660000000000004	9.334	2.0
786	1.0	3.0	1.0	1.0	1.0010000000000003	7.999	1.0
787	3.0	2.0	2.0	0.0	4.0	8.0	2.0
788	2.0	3.0	0.0	0.0	3.0	6.0	0.0
789	1.0	5.0	0.0	3.0	3.0010000000000003	11.999	2.0
790	2.0	4.0	2.0	2.0	3.6660000000000004	11.334	3.0
791	1.0	4.0	1.0	2.0	2.3320000000000007	12.668	3.0
792	4.0	2.0	2.0	0.0	3.468	5.532	1.0
793	2.0	5.0	1.0	3.0	4.333	10.667	3.0
794	2.0	0.0	1.0	0.0	2.0	4.0	1.0
795	2.0	4.0	1.0	2.0	4.001	10.999	2.0
796	0.0	5.0	0.0	2.0	0.9990000000000006	11.001	2.0
797	3.0	5.0	2.0	4.0	3.6690000000000005	11.331	3.0
798	1.0	6.0	1.0	4.0	3.0020000000000007	11.998000000000001	3.0
799	1.0	2.0	1.0	1.0	2.0	4.0	1.0
800	0.0	5.0	0.0	5.0	0.9990000000000006	11.001	4.0
801	1.0	1.0	1.0	0.0	1.3360000000000003	4.664	1.0
802	0.0	2.0	0.0	0.0	0.3330000000000002	2.667	0.0
803	1.0	1.0	1.0	0.0	2.0	4.0	1.0
804	0.0	4.0	0.0	2.0	0.3330000000000002	5.667	1.0
805	1.0	3.0	1.0	3.0	1.0010000000000003	4.999	2.0
806	0.0	0.0	0.0	0.0	0.0	0.0	0.0
