all_syn	all_nonSyn	tip_syn	tip_nonSyn	S	N	comparisons
001	0.0	0.0	0.0	0.0	0.0	0.0	0.0
002	0.0	0.0	0.0	0.0	0.0	0.0	0.0
003	0.0	0.0	0.0	0.0	0.0	0.0	0.0
004	0.0	0.0	0.0	0.0	0.0	0.0	0.0
005	0.0	0.0	0.0	0.0	0.0	0.0	0.0
006	0.0	0.0	0.0	0.0	0.0	0.0	0.0
007	0.0	0.0	0.0	0.0	0.0	0.0	0.0
008	0.0	0.0	0.0	0.0	0.0	0.0	0.0
009	0.0	0.0	0.0	0.0	0.0	0.0	0.0
010	0.0	0.0	0.0	0.0	0.0	0.0	0.0
011	0.0	0.0	0.0	0.0	0.0	0.0	0.0
012	0.0	0.0	0.0	0.0	0.0	0.0	0.0
013	0.0	0.0	0.0	0.0	0.0	0.0	0.0
014	0.0	0.0	0.0	0.0	0.0	0.0	0.0
015	0.0	0.0	0.0	0.0	0.0	0.0	0.0
016	0.0	0.0	0.0	0.0	0.0	0.0	0.0
017	0.0	0.0	0.0	0.0	0.0	0.0	0.0
018	1.0	0.0	1.0	0.0	1.0	2.0	1.0
019	0.0	0.0	0.0	0.0	0.0	0.0	0.0
020	1.0	1.0	1.0	1.0	1.0	2.0	1.0
021	3.0	1.0	2.0	1.0	1.3330000000000002	4.667	1.0
022	2.0	1.0	1.0	1.0	2.668	6.332	2.0
023	1.0	4.0	0.0	2.0	3.0010000000000003	8.998999999999999	2.0
024	1.0	1.0	1.0	1.0	1.0	2.0	1.0
025	1.0	0.0	1.0	0.0	1.0	2.0	1.0
026	0.0	1.0	0.0	1.0	1.0	2.0	1.0
027	0.0	0.0	0.0	0.0	0.0	0.0	0.0
028	0.0	0.0	0.0	0.0	0.0	0.0	0.0
029	1.0	0.0	1.0	0.0	1.0	2.0	1.0
030	0.0	0.0	0.0	0.0	0.0	0.0	0.0
031	0.0	1.0	0.0	1.0	1.0	2.0	1.0
032	1.0	2.0	1.0	2.0	1.3330000000000002	4.667	2.0
033	1.0	0.0	1.0	0.0	1.0	2.0	1.0
034	1.0	0.0	1.0	0.0	1.0	2.0	1.0
035	0.0	0.0	0.0	0.0	0.0	0.0	0.0
036	0.0	0.0	0.0	0.0	0.0	0.0	0.0
037	0.0	0.0	0.0	0.0	0.0	0.0	0.0
038	0.0	0.0	0.0	0.0	0.0	0.0	0.0
039	1.0	1.0	1.0	1.0	1.0	2.0	1.0
040	1.0	0.0	1.0	0.0	1.0	2.0	1.0
041	1.0	0.0	0.0	0.0	0.3330000000000002	2.667	0.0
042	1.0	1.0	1.0	1.0	0.3330000000000002	2.667	1.0
043	3.0	1.0	2.0	1.0	3.4	5.6	2.0
044	1.0	0.0	1.0	0.0	0.6680000000000001	2.332	1.0
045	0.0	0.0	0.0	0.0	0.0	0.0	0.0
046	0.0	2.0	0.0	2.0	0.3330000000000002	2.667	1.0
047	1.0	3.0	0.0	2.0	1.0010000000000003	4.999	1.0
048	1.0	3.0	1.0	2.0	1.6660000000000004	7.334	2.0
049	2.0	0.0	1.0	0.0	2.0	4.0	1.0
050	1.0	2.0	1.0	1.0	2.333	6.667	2.0
051	1.0	3.0	1.0	1.0	3.0	6.0	2.0
052	1.0	3.0	1.0	2.0	2.333	6.667	2.0
053	1.0	2.0	0.0	2.0	1.6680000000000001	4.332	1.0
054	0.0	0.0	0.0	0.0	0.0	0.0	0.0
055	1.0	1.0	0.0	0.0	0.3330000000000002	2.667	0.0
056	0.0	1.0	0.0	1.0	0.3330000000000002	2.667	1.0
057	2.0	4.0	1.0	3.0	3.333	8.667	2.0
058	1.0	4.0	0.0	2.0	4.333	10.667	2.0
059	0.0	2.0	0.0	2.0	1.0	2.0	1.0
060	1.0	3.0	1.0	1.0	3.0	6.0	2.0
061	2.0	1.0	1.0	1.0	2.3360000000000003	6.664	2.0
062	2.0	0.0	1.0	0.0	2.0	4.0	1.0
063	2.0	1.0	2.0	0.0	1.6680000000000001	4.332	1.0
064	2.0	1.0	1.0	1.0	3.0	6.0	2.0
065	0.0	0.0	0.0	0.0	0.0	0.0	0.0
066	1.0	2.0	1.0	2.0	0.6660000000000004	5.334	2.0
067	1.0	1.0	1.0	1.0	2.0	4.0	2.0
068	0.0	1.0	0.0	1.0	0.6680000000000001	2.332	1.0
069	2.0	3.0	1.0	2.0	2.6660000000000004	9.334	3.0
070	1.0	2.0	1.0	2.0	0.9990000000000006	8.001	3.0
071	5.0	0.0	5.0	0.0	4.404	10.596	5.0
072	3.0	0.0	2.0	0.0	1.6680000000000001	4.332	1.0
073	0.0	0.0	0.0	0.0	0.0	0.0	0.0
074	1.0	3.0	1.0	2.0	2.333	6.667	2.0
075	4.0	3.0	2.0	2.0	4.333	10.667	3.0
076	1.0	0.0	1.0	0.0	0.6680000000000001	2.332	1.0
077	0.0	0.0	0.0	0.0	0.0	0.0	0.0
078	1.0	1.0	1.0	1.0	1.4	1.6	1.0
079	1.0	0.0	1.0	0.0	0.3330000000000002	2.667	1.0
080	1.0	0.0	0.0	0.0	1.0	2.0	0.0
081	0.0	2.0	0.0	0.0	1.3330000000000002	4.667	0.0
082	0.0	1.0	0.0	0.0	0.3330000000000002	2.667	0.0
083	1.0	2.0	0.0	0.0	1.0	2.0	0.0
084	0.0	2.0	0.0	0.0	1.6680000000000001	4.332	0.0
085	0.0	2.0	0.0	0.0	1.3330000000000002	4.667	0.0
086	1.0	2.0	0.0	0.0	0.3330000000000002	2.667	0.0
087	1.0	2.0	0.0	0.0	1.3330000000000002	4.667	0.0
088	1.0	1.0	0.0	0.0	2.0	4.0	0.0
089	0.0	1.0	0.0	0.0	1.0	2.0	0.0
090	0.0	1.0	0.0	0.0	1.0	2.0	0.0
091	1.0	2.0	0.0	0.0	1.6680000000000001	4.332	0.0
092	0.0	1.0	0.0	0.0	0.3330000000000002	2.667	0.0
093	0.0	3.0	0.0	0.0	0.3330000000000002	5.667	0.0
094	1.0	2.0	0.0	0.0	2.4	3.6	0.0
095	1.0	0.0	0.0	0.0	1.0	2.0	0.0
096	0.0	1.0	0.0	0.0	0.3330000000000002	2.667	0.0
097	0.0	0.0	0.0	0.0	0.0	0.0	0.0
098	0.0	0.0	0.0	0.0	0.0	0.0	0.0
099	1.0	1.0	0.0	0.0	1.0	2.0	0.0
100	0.0	1.0	0.0	0.0	0.3330000000000002	2.667	0.0
101	1.0	2.0	1.0	1.0	3.0	6.0	2.0
102	2.0	1.0	1.0	1.0	0.6660000000000004	5.334	1.0
103	2.0	1.0	2.0	1.0	3.0	6.0	3.0
104	1.0	3.0	0.0	2.0	3.0010000000000003	8.998999999999999	2.0
105	2.0	2.0	1.0	1.0	1.3320000000000007	10.668	2.0
106	0.0	3.0	0.0	3.0	1.0	5.0	2.0
107	2.0	3.0	0.0	2.0	3.0	6.0	1.0
108	1.0	1.0	1.0	1.0	2.0	4.0	2.0
109	2.0	2.0	2.0	2.0	1.3340000000000005	7.6659999999999995	3.0
110	2.0	0.0	2.0	0.0	2.0	4.0	2.0
111	1.0	1.0	1.0	1.0	1.0	2.0	1.0
112	2.0	0.0	0.0	0.0	2.0	4.0	0.0
113	1.0	0.0	0.0	0.0	1.4	1.6	0.0
114	0.0	0.0	0.0	0.0	0.0	0.0	0.0
115	3.0	1.0	1.0	1.0	3.333	8.667	2.0
116	2.0	0.0	1.0	0.0	2.068	3.932	1.0
117	0.0	0.0	0.0	0.0	0.0	0.0	0.0
118	2.0	1.0	2.0	1.0	2.0	7.0	3.0
119	2.0	0.0	0.0	0.0	2.0	4.0	0.0
120	2.0	0.0	2.0	0.0	2.0	4.0	2.0
121	0.0	0.0	0.0	0.0	0.0	0.0	0.0
122	3.0	0.0	1.0	0.0	0.9990000000000006	8.001	1.0
123	0.0	5.0	0.0	2.0	1.665000000000001	13.334999999999999	2.0
124	1.0	0.0	0.0	0.0	1.4	1.6	0.0
125	3.0	2.0	3.0	1.0	4.0	8.0	3.0
126	5.0	0.0	4.0	0.0	6.6	8.4	4.0
127	1.0	1.0	0.0	1.0	2.0	4.0	1.0
128	1.0	2.0	1.0	1.0	1.6660000000000004	7.334	2.0
129	1.0	0.0	1.0	0.0	1.0	2.0	1.0
130	2.0	1.0	1.0	1.0	0.9990000000000006	8.001	2.0
131	3.0	1.0	1.0	1.0	3.333	8.667	2.0
132	1.0	3.0	1.0	3.0	0.6660000000000004	5.334	2.0
133	3.0	2.0	2.0	2.0	4.0	8.0	3.0
134	2.0	0.0	1.0	0.0	2.0	4.0	1.0
135	2.0	3.0	2.0	2.0	1.3320000000000007	10.668	3.0
136	2.0	1.0	2.0	1.0	3.0	6.0	3.0
137	3.0	2.0	3.0	2.0	1.9990000000000006	10.001	4.0
138	3.0	0.0	3.0	0.0	1.6680000000000001	4.332	2.0
139	3.0	1.0	2.0	1.0	3.0	6.0	2.0
140	1.0	2.0	1.0	1.0	2.0	4.0	1.0
141	1.0	0.0	1.0	0.0	0.3330000000000002	2.667	1.0
142	2.0	1.0	1.0	1.0	2.333	6.667	2.0
143	2.0	2.0	1.0	2.0	2.333	6.667	2.0
144	0.0	0.0	0.0	0.0	0.0	0.0	0.0
145	2.0	1.0	1.0	1.0	0.9990000000000006	8.001	2.0
146	2.0	1.0	1.0	1.0	3.0	6.0	2.0
147	2.0	0.0	1.0	0.0	0.6660000000000004	5.334	1.0
148	0.0	1.0	0.0	0.0	0.6680000000000001	2.332	0.0
149	0.0	1.0	0.0	1.0	0.3330000000000002	2.667	1.0
150	3.0	0.0	2.0	0.0	2.0040000000000004	6.9959999999999996	2.0
151	2.0	0.0	2.0	0.0	2.0	4.0	2.0
152	1.0	0.0	1.0	0.0	0.3330000000000002	2.667	1.0
153	1.0	0.0	1.0	0.0	1.0	2.0	1.0
154	0.0	0.0	0.0	0.0	0.0	0.0	0.0
155	0.0	1.0	0.0	1.0	0.3330000000000002	2.667	1.0
156	2.0	0.0	1.0	0.0	2.0	4.0	1.0
157	1.0	2.0	1.0	2.0	0.6680000000000001	5.332	2.0
158	1.0	0.0	1.0	0.0	1.0	2.0	1.0
159	0.0	2.0	0.0	1.0	0.6660000000000004	5.334	1.0
160	1.0	1.0	1.0	0.0	1.3360000000000003	4.664	1.0
161	0.0	0.0	0.0	0.0	0.0	0.0	0.0
162	1.0	0.0	1.0	0.0	0.3330000000000002	2.667	1.0
163	2.0	3.0	1.0	2.0	3.4	8.6	2.0
164	3.0	0.0	2.0	0.0	3.4	5.6	2.0
165	2.0	1.0	1.0	0.0	1.3360000000000003	4.664	1.0
166	2.0	0.0	2.0	0.0	2.0	4.0	2.0
167	3.0	0.0	2.0	0.0	3.0	6.0	2.0
168	0.0	0.0	0.0	0.0	0.0	0.0	0.0
169	2.0	1.0	1.0	0.0	0.9990000000000006	8.001	1.0
170	3.0	1.0	2.0	0.0	4.0	8.0	2.0
171	3.0	1.0	2.0	1.0	4.0	8.0	3.0
172	2.0	3.0	1.0	3.0	1.6660000000000004	7.334	2.0
173	3.0	3.0	3.0	1.0	5.668	12.332	4.0
174	2.0	3.0	2.0	2.0	4.4	7.6	3.0
175	0.0	0.0	0.0	0.0	0.0	0.0	0.0
176	2.0	0.0	0.0	0.0	2.0	4.0	0.0
177	2.0	2.0	2.0	1.0	3.736	8.264	3.0
178	0.0	0.0	0.0	0.0	0.0	0.0	0.0
179	2.0	0.0	1.0	0.0	2.0	4.0	1.0
180	2.0	1.0	2.0	1.0	2.0	4.0	2.0
181	2.0	1.0	1.0	0.0	2.0	4.0	1.0
182	2.0	5.0	0.0	1.0	4.333	10.667	1.0
183	2.0	2.0	1.0	1.0	4.0	8.0	2.0
184	2.0	2.0	0.0	1.0	1.6660000000000004	7.334	1.0
185	1.0	4.0	0.0	3.0	1.665000000000001	13.334999999999999	3.0
186	2.0	3.0	2.0	3.0	1.6660000000000004	7.334	3.0
187	3.0	0.0	1.0	0.0	3.8	5.2	1.0
188	0.0	1.0	0.0	1.0	0.3330000000000002	2.667	1.0
189	4.0	2.0	3.0	1.0	5.0	10.0	3.0
190	3.0	1.0	2.0	1.0	2.668	6.332	2.0
191	0.0	1.0	0.0	1.0	0.3330000000000002	2.667	1.0
192	0.0	0.0	0.0	0.0	0.0	0.0	0.0
193	3.0	0.0	3.0	0.0	2.068	3.932	2.0
194	3.0	1.0	1.0	1.0	2.333	6.667	1.0
195	2.0	2.0	1.0	1.0	4.4	7.6	2.0
196	0.0	1.0	0.0	1.0	1.0	2.0	1.0
197	2.0	1.0	2.0	1.0	3.0	6.0	3.0
198	1.0	1.0	0.0	1.0	0.6660000000000004	5.334	1.0
199	3.0	1.0	3.0	1.0	3.068	8.931999999999999	4.0
200	3.0	1.0	1.0	1.0	1.3330000000000002	4.667	1.0
201	2.0	3.0	2.0	2.0	3.333	11.667	4.0
202	5.0	0.0	4.0	0.0	5.136	9.864	4.0
203	3.0	1.0	2.0	0.0	4.0	8.0	2.0
204	0.0	2.0	0.0	2.0	1.3330000000000002	4.667	2.0
205	0.0	3.0	0.0	3.0	1.3340000000000005	7.6659999999999995	3.0
206	2.0	0.0	2.0	0.0	2.0	4.0	2.0
207	3.0	0.0	3.0	0.0	3.0	6.0	3.0
208	2.0	0.0	2.0	0.0	2.0	4.0	2.0
209	2.0	1.0	1.0	1.0	2.0	4.0	1.0
210	2.0	1.0	2.0	1.0	1.3330000000000002	4.667	2.0
211	2.0	2.0	1.0	2.0	1.3340000000000005	7.6659999999999995	2.0
212	2.0	2.0	2.0	2.0	1.3330000000000002	4.667	2.0
213	1.0	2.0	1.0	1.0	1.6680000000000001	4.332	1.0
214	1.0	1.0	1.0	1.0	2.0	4.0	2.0
215	1.0	4.0	0.0	3.0	1.6660000000000004	7.334	2.0
216	0.0	2.0	0.0	2.0	1.0	2.0	1.0
217	2.0	0.0	2.0	0.0	2.0	4.0	2.0
218	1.0	3.0	1.0	1.0	1.3330000000000002	4.667	1.0
219	1.0	4.0	1.0	2.0	2.0010000000000003	9.998999999999999	3.0
220	0.0	3.0	0.0	3.0	1.3330000000000002	4.667	2.0
221	1.0	3.0	1.0	2.0	1.6660000000000004	7.334	2.0
222	1.0	1.0	0.0	1.0	2.0	4.0	1.0
223	3.0	2.0	0.0	1.0	3.0010000000000003	8.998999999999999	1.0
224	0.0	3.0	0.0	3.0	1.6660000000000004	7.334	3.0
225	1.0	1.0	0.0	1.0	2.0	4.0	1.0
226	0.0	1.0	0.0	0.0	0.3330000000000002	2.667	0.0
227	0.0	1.0	0.0	0.0	1.0	2.0	0.0
228	1.0	1.0	0.0	1.0	1.6680000000000001	4.332	1.0
229	0.0	1.0	0.0	1.0	0.3330000000000002	2.667	1.0
230	2.0	4.0	1.0	2.0	3.0	6.0	2.0
231	2.0	4.0	1.0	2.0	2.9990000000000006	12.001	3.0
232	2.0	2.0	2.0	2.0	1.0010000000000003	4.999	2.0
233	1.0	2.0	0.0	1.0	2.0	4.0	1.0
234	2.0	2.0	2.0	1.0	2.668	6.332	2.0
235	2.0	1.0	1.0	1.0	2.0	4.0	1.0
236	2.0	2.0	2.0	2.0	1.6680000000000001	4.332	2.0
237	1.0	3.0	1.0	3.0	1.6680000000000001	4.332	2.0
238	2.0	0.0	1.0	0.0	2.0	4.0	1.0
239	2.0	1.0	2.0	1.0	3.0	6.0	3.0
240	4.0	3.0	2.0	3.0	4.666	13.334	4.0
241	3.0	1.0	3.0	1.0	2.0040000000000004	6.9959999999999996	3.0
242	1.0	3.0	1.0	3.0	1.6660000000000004	7.334	3.0
243	2.0	4.0	0.0	3.0	1.6670000000000007	10.332999999999998	1.0
244	1.0	3.0	1.0	3.0	2.6660000000000004	9.334	4.0
245	1.0	2.0	1.0	2.0	0.9990000000000006	8.001	3.0
246	1.0	1.0	1.0	1.0	0.6660000000000004	5.334	2.0
247	1.0	1.0	1.0	1.0	0.6660000000000004	5.334	2.0
248	0.0	1.0	0.0	1.0	0.6680000000000001	2.332	1.0
249	2.0	3.0	1.0	2.0	3.0010000000000003	8.998999999999999	2.0
250	1.0	2.0	1.0	1.0	1.0	5.0	1.0
251	1.0	1.0	1.0	1.0	1.0	2.0	1.0
252	0.0	0.0	0.0	0.0	0.0	0.0	0.0
253	0.0	2.0	0.0	1.0	0.6660000000000004	5.334	1.0
254	2.0	2.0	2.0	2.0	1.6680000000000001	4.332	2.0
255	1.0	0.0	1.0	0.0	1.4	1.6	1.0
256	1.0	0.0	1.0	0.0	0.3330000000000002	2.667	1.0
257	0.0	0.0	0.0	0.0	0.0	0.0	0.0
258	2.0	2.0	1.0	1.0	3.668	8.332	2.0
259	2.0	2.0	1.0	2.0	2.3360000000000003	6.664	2.0
260	1.0	1.0	1.0	1.0	1.0	2.0	1.0
261	3.0	0.0	1.0	0.0	2.0	4.0	1.0
262	0.0	0.0	0.0	0.0	0.0	0.0	0.0
263	3.0	0.0	3.0	0.0	1.6680000000000001	4.332	2.0
264	3.0	1.0	2.0	0.0	4.0	8.0	2.0
265	3.0	0.0	2.0	0.0	2.668	6.332	2.0
266	1.0	0.0	1.0	0.0	1.0	2.0	1.0
267	1.0	0.0	1.0	0.0	0.3330000000000002	2.667	1.0
268	3.0	0.0	1.0	0.0	3.0	6.0	1.0
269	3.0	2.0	2.0	2.0	3.0	6.0	2.0
270	0.0	1.0	0.0	0.0	1.0	2.0	0.0
271	3.0	0.0	2.0	0.0	3.0	6.0	2.0
272	1.0	2.0	0.0	1.0	2.4	3.6	1.0
273	1.0	2.0	0.0	2.0	1.6660000000000004	7.334	2.0
274	1.0	2.0	1.0	2.0	0.9990000000000006	8.001	3.0
275	3.0	2.0	2.0	2.0	4.0	8.0	3.0
276	0.0	2.0	0.0	1.0	1.6680000000000001	4.332	1.0
277	2.0	0.0	2.0	0.0	1.0	2.0	1.0
278	4.0	0.0	2.0	0.0	4.0	8.0	2.0
279	0.0	0.0	0.0	0.0	0.0	0.0	0.0
280	1.0	0.0	0.0	0.0	0.3330000000000002	2.667	0.0
281	2.0	0.0	1.0	0.0	1.6680000000000001	4.332	1.0
282	3.0	2.0	2.0	1.0	4.068	7.932	2.0
283	2.0	0.0	1.0	0.0	2.0	4.0	1.0
284	1.0	0.0	0.0	0.0	1.0	2.0	0.0
285	2.0	0.0	2.0	0.0	0.6660000000000004	5.334	2.0
286	2.0	0.0	1.0	0.0	0.6660000000000004	5.334	1.0
287	0.0	0.0	0.0	0.0	0.0	0.0	0.0
288	1.0	1.0	0.0	0.0	0.3330000000000002	2.667	0.0
289	3.0	3.0	2.0	1.0	4.336	13.664000000000001	3.0
290	2.0	0.0	1.0	0.0	2.0	4.0	1.0
291	3.0	1.0	2.0	1.0	3.0010000000000003	8.998999999999999	3.0
292	2.0	0.0	2.0	0.0	2.0	4.0	2.0
293	0.0	1.0	0.0	1.0	1.0	2.0	1.0
294	1.0	0.0	1.0	0.0	1.0	2.0	1.0
295	3.0	0.0	2.0	0.0	3.0	6.0	2.0
296	0.0	3.0	0.0	1.0	1.4	4.6	1.0
297	3.0	3.0	2.0	3.0	2.6660000000000004	9.334	3.0
298	0.0	5.0	0.0	3.0	4.7330000000000005	10.267	3.0
299	1.0	5.0	0.0	2.0	2.333	6.667	1.0
300	1.0	2.0	1.0	2.0	2.0	4.0	2.0
301	0.0	4.0	0.0	4.0	1.6660000000000004	7.334	3.0
302	1.0	2.0	1.0	1.0	2.0	7.0	2.0
303	0.0	3.0	0.0	3.0	0.9990000000000006	8.001	3.0
304	1.0	2.0	0.0	2.0	1.3330000000000002	4.667	1.0
305	1.0	4.0	0.0	2.0	3.333	8.667	2.0
306	1.0	1.0	0.0	0.0	1.0	2.0	0.0
307	0.0	6.0	0.0	3.0	2.6690000000000005	12.331	2.0
308	2.0	2.0	1.0	1.0	3.668	8.332	2.0
309	1.0	0.0	1.0	0.0	0.3330000000000002	2.667	1.0
310	1.0	1.0	0.0	0.0	2.0	4.0	0.0
311	1.0	0.0	1.0	0.0	0.3330000000000002	2.667	1.0
312	1.0	1.0	1.0	1.0	2.0	4.0	2.0
313	0.0	0.0	0.0	0.0	0.0	0.0	0.0
314	0.0	0.0	0.0	0.0	0.0	0.0	0.0
315	0.0	0.0	0.0	0.0	0.0	0.0	0.0
316	0.0	0.0	0.0	0.0	0.0	0.0	0.0
317	0.0	0.0	0.0	0.0	0.0	0.0	0.0
318	0.0	0.0	0.0	0.0	0.0	0.0	0.0
319	0.0	0.0	0.0	0.0	0.0	0.0	0.0
320	4.0	2.0	2.0	2.0	6.0	12.0	4.0
321	1.0	2.0	1.0	2.0	1.3330000000000002	4.667	2.0
322	2.0	4.0	2.0	3.0	5.4	9.6	4.0
323	1.0	1.0	1.0	0.0	2.0	4.0	1.0
324	2.0	2.0	2.0	1.0	0.9990000000000006	8.001	2.0
325	1.0	1.0	1.0	1.0	1.0	2.0	1.0
326	3.0	1.0	2.0	1.0	2.3360000000000003	6.664	2.0
327	1.0	2.0	1.0	2.0	2.333	6.667	3.0
328	2.0	1.0	2.0	1.0	3.0	6.0	3.0
329	3.0	2.0	1.0	2.0	1.9990000000000006	10.001	2.0
330	2.0	1.0	2.0	1.0	2.068	3.932	2.0
331	0.0	2.0	0.0	1.0	0.6660000000000004	5.334	1.0
332	4.0	5.0	2.0	4.0	6.001	14.998999999999999	4.0
333	4.0	0.0	3.0	0.0	4.0	8.0	3.0
334	2.0	0.0	1.0	0.0	0.6660000000000004	5.334	1.0
335	2.0	2.0	1.0	1.0	3.0	6.0	1.0
336	3.0	4.0	2.0	1.0	5.668	12.332	3.0
337	2.0	3.0	1.0	2.0	3.668	8.332	2.0
338	1.0	2.0	1.0	2.0	1.0	2.0	1.0
339	1.0	0.0	1.0	0.0	1.0	2.0	1.0
340	0.0	1.0	0.0	1.0	0.3330000000000002	2.667	1.0
341	0.0	1.0	0.0	1.0	0.3330000000000002	2.667	1.0
342	1.0	4.0	0.0	2.0	4.068	10.931999999999999	2.0
343	3.0	3.0	2.0	2.0	3.0010000000000003	8.998999999999999	3.0
344	1.0	2.0	1.0	2.0	0.9990000000000006	8.001	3.0
345	2.0	3.0	1.0	2.0	4.0	8.0	2.0
346	1.0	3.0	1.0	2.0	1.3330000000000002	7.667	2.0
347	2.0	2.0	2.0	1.0	4.0	8.0	3.0
348	2.0	4.0	1.0	3.0	3.6660000000000004	11.334	3.0
349	1.0	1.0	1.0	1.0	1.3330000000000002	4.667	2.0
350	1.0	0.0	1.0	0.0	1.0	2.0	1.0
351	3.0	0.0	2.0	0.0	3.0	6.0	2.0
352	1.0	1.0	1.0	1.0	0.3330000000000002	2.667	1.0
353	2.0	2.0	1.0	2.0	1.3320000000000007	10.668	3.0
354	1.0	1.0	0.0	1.0	0.6680000000000001	5.332	1.0
355	1.0	2.0	1.0	1.0	1.6690000000000005	7.3309999999999995	2.0
356	1.0	2.0	1.0	1.0	0.9990000000000006	8.001	2.0
357	1.0	2.0	0.0	1.0	1.6660000000000004	7.334	1.0
358	1.0	1.0	1.0	1.0	1.6680000000000001	4.332	2.0
359	0.0	0.0	0.0	0.0	0.0	0.0	0.0
360	0.0	3.0	0.0	1.0	2.0	7.0	1.0
361	1.0	1.0	0.0	1.0	0.6660000000000004	5.334	1.0
362	3.0	0.0	2.0	0.0	0.9990000000000006	8.001	2.0
363	1.0	5.0	1.0	4.0	4.336	10.664	4.0
364	2.0	0.0	1.0	0.0	0.6660000000000004	5.334	1.0
365	2.0	1.0	2.0	1.0	2.0	4.0	2.0
366	0.0	0.0	0.0	0.0	0.0	0.0	0.0
367	0.0	0.0	0.0	0.0	0.0	0.0	0.0
368	0.0	0.0	0.0	0.0	0.0	0.0	0.0
369	3.0	0.0	2.0	0.0	3.0	6.0	2.0
370	0.0	1.0	0.0	1.0	0.3330000000000002	2.667	1.0
371	1.0	0.0	1.0	0.0	1.0	2.0	1.0
372	3.0	0.0	2.0	0.0	3.0	6.0	2.0
373	0.0	0.0	0.0	0.0	0.0	0.0	0.0
374	1.0	0.0	1.0	0.0	1.0	2.0	1.0
375	2.0	0.0	2.0	0.0	0.6660000000000004	5.334	2.0
376	1.0	0.0	1.0	0.0	0.3330000000000002	2.667	1.0
377	2.0	0.0	1.0	0.0	2.0	4.0	1.0
378	2.0	0.0	1.0	0.0	0.6660000000000004	5.334	1.0
379	2.0	0.0	1.0	0.0	2.0	4.0	1.0
380	2.0	0.0	1.0	0.0	2.0	4.0	1.0
381	3.0	0.0	1.0	0.0	2.736	6.263999999999999	1.0
382	2.0	0.0	1.0	0.0	2.0	4.0	1.0
383	1.0	0.0	1.0	0.0	1.0	2.0	1.0
384	2.0	0.0	1.0	0.0	2.0	4.0	1.0
385	4.0	0.0	3.0	0.0	3.668	8.332	3.0
386	1.0	0.0	1.0	0.0	1.0	2.0	1.0
387	4.0	0.0	3.0	0.0	4.0	8.0	3.0
388	1.0	0.0	0.0	0.0	0.3330000000000002	2.667	0.0
389	3.0	0.0	1.0	0.0	0.9990000000000006	8.001	1.0
390	3.0	1.0	2.0	1.0	2.0	7.0	2.0
391	1.0	0.0	1.0	0.0	0.3330000000000002	2.667	1.0
392	1.0	0.0	1.0	0.0	0.3330000000000002	2.667	1.0
393	2.0	0.0	1.0	0.0	0.6660000000000004	5.334	1.0
394	2.0	0.0	1.0	0.0	2.0	4.0	1.0
395	1.0	3.0	1.0	1.0	1.9990000000000006	10.001	2.0
396	1.0	1.0	1.0	1.0	1.0	2.0	1.0
397	1.0	1.0	1.0	1.0	0.3330000000000002	2.667	1.0
398	0.0	0.0	0.0	0.0	0.0	0.0	0.0
399	1.0	1.0	0.0	1.0	0.6660000000000004	5.334	1.0
400	0.0	0.0	0.0	0.0	0.0	0.0	0.0
401	0.0	0.0	0.0	0.0	0.0	0.0	0.0
402	2.0	0.0	1.0	0.0	1.3360000000000003	4.664	1.0
403	2.0	1.0	1.0	0.0	0.9990000000000006	8.001	1.0
404	1.0	1.0	1.0	1.0	0.6660000000000004	5.334	2.0
405	2.0	0.0	2.0	0.0	1.6680000000000001	4.332	2.0
406	1.0	1.0	1.0	1.0	1.0	2.0	1.0
407	1.0	0.0	0.0	0.0	0.3330000000000002	2.667	0.0
408	2.0	1.0	1.0	1.0	2.733	6.2669999999999995	2.0
409	2.0	1.0	1.0	1.0	2.668	6.332	2.0
410	0.0	0.0	0.0	0.0	0.0	0.0	0.0
411	2.0	0.0	1.0	0.0	2.0	4.0	1.0
412	2.0	0.0	1.0	0.0	2.0	4.0	1.0
413	2.0	0.0	1.0	0.0	2.0	4.0	1.0
414	2.0	0.0	1.0	0.0	0.6660000000000004	5.334	1.0
415	3.0	1.0	1.0	1.0	3.4040000000000004	8.596	2.0
416	1.0	0.0	1.0	0.0	0.3330000000000002	2.667	1.0
417	0.0	0.0	0.0	0.0	0.0	0.0	0.0
418	1.0	0.0	0.0	0.0	0.3330000000000002	2.667	0.0
419	0.0	0.0	0.0	0.0	0.0	0.0	0.0
420	3.0	0.0	3.0	0.0	1.6680000000000001	4.332	2.0
421	2.0	0.0	1.0	0.0	0.6660000000000004	5.334	1.0
422	3.0	1.0	3.0	1.0	3.0	6.0	3.0
423	2.0	2.0	2.0	2.0	3.0040000000000004	8.995999999999999	4.0
424	1.0	0.0	0.0	0.0	1.0	2.0	0.0
425	0.0	3.0	0.0	2.0	0.9990000000000006	8.001	2.0
426	1.0	0.0	0.0	0.0	0.6680000000000001	2.332	0.0
427	2.0	0.0	1.0	0.0	1.3360000000000003	4.664	1.0
428	2.0	0.0	1.0	0.0	2.0	4.0	1.0
429	2.0	1.0	1.0	1.0	1.0010000000000003	4.999	1.0
430	1.0	1.0	0.0	0.0	1.4	4.6	0.0
431	1.0	0.0	1.0	0.0	0.3330000000000002	2.667	1.0
432	2.0	1.0	1.0	0.0	2.0	7.0	1.0
433	1.0	0.0	1.0	0.0	0.3330000000000002	2.667	1.0
434	1.0	2.0	1.0	1.0	2.333	6.667	2.0
435	1.0	1.0	1.0	0.0	0.6660000000000004	5.334	1.0
436	1.0	2.0	1.0	2.0	1.3330000000000002	4.667	2.0
437	3.0	0.0	3.0	0.0	3.0	6.0	3.0
438	2.0	0.0	1.0	0.0	0.6660000000000004	5.334	1.0
439	2.0	2.0	1.0	1.0	1.3320000000000007	10.668	2.0
440	3.0	1.0	2.0	0.0	3.333	8.667	2.0
441	2.0	3.0	1.0	1.0	2.9990000000000006	12.001	2.0
442	1.0	2.0	1.0	1.0	0.9990000000000006	8.001	2.0
443	0.0	0.0	0.0	0.0	0.0	0.0	0.0
444	1.0	2.0	1.0	1.0	2.0	4.0	1.0
445	0.0	0.0	0.0	0.0	0.0	0.0	0.0
446	2.0	1.0	1.0	0.0	0.6660000000000004	5.334	1.0
447	2.0	1.0	2.0	1.0	1.6690000000000005	7.3309999999999995	3.0
448	2.0	1.0	1.0	1.0	1.3340000000000005	7.6659999999999995	2.0
449	3.0	4.0	1.0	2.0	5.0	10.0	1.0
450	2.0	0.0	1.0	0.0	0.6660000000000004	5.334	1.0
451	0.0	0.0	0.0	0.0	0.0	0.0	0.0
452	0.0	0.0	0.0	0.0	0.0	0.0	0.0
453	2.0	0.0	2.0	0.0	0.6660000000000004	5.334	2.0
454	2.0	0.0	2.0	0.0	1.6680000000000001	4.332	2.0
455	4.0	0.0	1.0	0.0	4.0	8.0	1.0
456	3.0	0.0	1.0	0.0	0.9990000000000006	8.001	1.0
457	2.0	0.0	2.0	0.0	0.6660000000000004	5.334	2.0
458	0.0	0.0	0.0	0.0	0.0	0.0	0.0
459	0.0	1.0	0.0	1.0	1.4	1.6	1.0
460	2.0	0.0	1.0	0.0	0.6660000000000004	5.334	1.0
461	3.0	0.0	1.0	0.0	3.0	6.0	1.0
462	2.0	4.0	1.0	2.0	5.333	12.667	3.0
463	1.0	0.0	0.0	0.0	0.3330000000000002	2.667	0.0
464	1.0	0.0	1.0	0.0	0.3330000000000002	2.667	1.0
465	1.0	6.0	1.0	4.0	1.665000000000001	13.334999999999999	4.0
466	2.0	2.0	2.0	1.0	3.733	8.267	3.0
467	3.0	0.0	2.0	0.0	3.0	6.0	2.0
468	1.0	0.0	1.0	0.0	1.0	2.0	1.0
469	1.0	3.0	1.0	3.0	1.3330000000000002	7.667	3.0
470	0.0	0.0	0.0	0.0	0.0	0.0	0.0
471	0.0	0.0	0.0	0.0	0.0	0.0	0.0
472	1.0	6.0	1.0	2.0	2.3320000000000007	12.668	2.0
473	2.0	2.0	2.0	2.0	2.4	3.6	2.0
474	2.0	1.0	1.0	1.0	0.9990000000000006	8.001	2.0
475	3.0	2.0	3.0	2.0	1.9990000000000006	10.001	4.0
476	4.0	0.0	3.0	0.0	4.0	8.0	3.0
477	1.0	0.0	0.0	0.0	0.3330000000000002	2.667	0.0
478	3.0	3.0	1.0	2.0	3.7340000000000004	11.266	2.0
479	3.0	5.0	1.0	3.0	4.666	13.334	3.0
480	1.0	3.0	1.0	2.0	1.3320000000000007	10.668	3.0
481	1.0	2.0	0.0	1.0	0.9990000000000006	8.001	1.0
482	1.0	1.0	0.0	1.0	0.6660000000000004	5.334	1.0
483	3.0	2.0	1.0	0.0	2.6660000000000004	9.334	1.0
484	0.0	3.0	0.0	3.0	2.333	6.667	3.0
485	3.0	0.0	1.0	0.0	2.0040000000000004	6.9959999999999996	1.0
486	3.0	0.0	2.0	0.0	3.0	6.0	2.0
487	1.0	0.0	1.0	0.0	1.0	2.0	1.0
488	3.0	0.0	0.0	0.0	3.0	6.0	0.0
489	1.0	0.0	0.0	0.0	0.3330000000000002	2.667	0.0
490	1.0	0.0	1.0	0.0	0.6680000000000001	2.332	1.0
491	3.0	1.0	3.0	1.0	1.3330000000000002	4.667	2.0
492	2.0	0.0	1.0	0.0	2.0	4.0	1.0
493	2.0	0.0	1.0	0.0	0.6660000000000004	5.334	1.0
494	4.0	0.0	3.0	0.0	4.0	8.0	3.0
495	2.0	2.0	1.0	2.0	2.333	6.667	2.0
496	3.0	0.0	1.0	0.0	3.4	5.6	1.0
497	4.0	0.0	4.0	0.0	4.068	7.932	4.0
498	3.0	0.0	2.0	0.0	1.6680000000000001	4.332	1.0
499	3.0	0.0	3.0	0.0	3.0	6.0	3.0
500	2.0	0.0	1.0	0.0	2.0	4.0	1.0
501	0.0	0.0	0.0	0.0	0.0	0.0	0.0
502	1.0	0.0	1.0	0.0	1.0	2.0	1.0
503	2.0	0.0	2.0	0.0	0.6660000000000004	5.334	2.0
504	2.0	0.0	2.0	0.0	1.6680000000000001	4.332	2.0
505	2.0	0.0	1.0	0.0	0.6660000000000004	5.334	1.0
506	0.0	0.0	0.0	0.0	0.0	0.0	0.0
507	1.0	0.0	1.0	0.0	0.6680000000000001	2.332	1.0
508	3.0	0.0	1.0	0.0	3.4	5.6	1.0
509	2.0	0.0	0.0	0.0	1.3360000000000003	4.664	0.0
510	2.0	0.0	2.0	0.0	2.0	4.0	2.0
511	1.0	0.0	1.0	0.0	0.3330000000000002	2.667	1.0
512	2.0	0.0	1.0	0.0	1.3360000000000003	4.664	1.0
513	1.0	0.0	1.0	0.0	1.0	2.0	1.0
514	2.0	2.0	1.0	2.0	2.333	6.667	2.0
515	1.0	0.0	1.0	0.0	0.6680000000000001	2.332	1.0
516	1.0	0.0	1.0	0.0	0.3330000000000002	2.667	1.0
517	2.0	1.0	2.0	1.0	3.0	6.0	3.0
518	2.0	0.0	1.0	0.0	2.8	3.2	1.0
519	2.0	0.0	1.0	0.0	1.6680000000000001	4.332	1.0
520	2.0	2.0	1.0	1.0	3.0	6.0	2.0
521	3.0	2.0	2.0	2.0	3.333	8.667	3.0
522	1.0	2.0	1.0	1.0	0.9990000000000006	8.001	2.0
523	2.0	2.0	1.0	2.0	1.3330000000000002	4.667	1.0
524	2.0	2.0	1.0	1.0	1.9990000000000006	10.001	2.0
525	3.0	1.0	2.0	1.0	3.333	8.667	3.0
526	1.0	0.0	1.0	0.0	0.3330000000000002	2.667	1.0
527	2.0	0.0	1.0	0.0	0.6660000000000004	5.334	1.0
528	1.0	0.0	0.0	0.0	0.3330000000000002	2.667	0.0
529	2.0	0.0	2.0	0.0	0.6680000000000001	2.332	1.0
530	3.0	0.0	2.0	0.0	3.0	6.0	2.0
531	3.0	0.0	0.0	0.0	3.0	6.0	0.0
532	3.0	2.0	2.0	1.0	3.4010000000000002	11.598999999999998	3.0
533	2.0	3.0	0.0	2.0	5.0	10.0	2.0
534	3.0	4.0	2.0	3.0	4.0	11.0	3.0
535	3.0	3.0	2.0	2.0	3.333	8.667	3.0
536	1.0	4.0	0.0	0.0	2.333	6.667	0.0
537	0.0	2.0	0.0	2.0	0.3330000000000002	2.667	1.0
538	3.0	3.0	2.0	2.0	3.333	8.667	2.0
539	0.0	2.0	0.0	1.0	0.6660000000000004	5.334	1.0
540	1.0	4.0	1.0	2.0	2.6670000000000007	12.333	3.0
541	1.0	1.0	1.0	1.0	2.0	4.0	2.0
542	2.0	3.0	2.0	2.0	4.0	8.0	3.0
543	2.0	3.0	1.0	2.0	1.6660000000000004	7.334	1.0
544	2.0	4.0	0.0	3.0	4.333	10.667	2.0
545	2.0	1.0	1.0	1.0	1.3330000000000002	4.667	1.0
546	2.0	2.0	1.0	2.0	2.0	4.0	1.0
547	2.0	0.0	2.0	0.0	0.6660000000000004	5.334	2.0
548	0.0	0.0	0.0	0.0	0.0	0.0	0.0
549	2.0	0.0	1.0	0.0	1.6680000000000001	4.332	1.0
550	0.0	0.0	0.0	0.0	0.0	0.0	0.0
551	1.0	0.0	1.0	0.0	0.3330000000000002	2.667	1.0
552	2.0	0.0	1.0	0.0	0.6660000000000004	5.334	1.0
553	1.0	1.0	0.0	1.0	0.6660000000000004	5.334	1.0
554	0.0	1.0	0.0	1.0	1.0	2.0	1.0
555	2.0	0.0	1.0	0.0	2.0	4.0	1.0
556	0.0	0.0	0.0	0.0	0.0	0.0	0.0
557	4.0	0.0	2.0	0.0	3.068	5.932	2.0
558	2.0	2.0	1.0	1.0	3.668	8.332	2.0
559	2.0	0.0	1.0	0.0	0.6660000000000004	5.334	1.0
560	3.0	0.0	2.0	0.0	3.0	6.0	2.0
561	1.0	0.0	1.0	0.0	0.3330000000000002	2.667	1.0
562	0.0	0.0	0.0	0.0	0.0	0.0	0.0
563	2.0	0.0	0.0	0.0	0.6660000000000004	5.334	0.0
564	3.0	0.0	1.0	0.0	3.0	6.0	1.0
565	1.0	0.0	1.0	0.0	1.4	1.6	1.0
566	1.0	0.0	0.0	0.0	0.3330000000000002	2.667	0.0
567	1.0	0.0	1.0	0.0	0.6680000000000001	2.332	1.0
568	0.0	0.0	0.0	0.0	0.0	0.0	0.0
569	1.0	0.0	1.0	0.0	0.3330000000000002	2.667	1.0
570	3.0	0.0	2.0	0.0	3.0	6.0	2.0
571	4.0	0.0	3.0	0.0	4.0	8.0	3.0
572	2.0	0.0	0.0	0.0	2.0	4.0	0.0
573	2.0	0.0	0.0	0.0	2.0	4.0	0.0
574	2.0	0.0	1.0	0.0	0.6660000000000004	5.334	1.0
575	2.0	0.0	1.0	0.0	0.6660000000000004	5.334	1.0
576	1.0	3.0	1.0	2.0	3.8	8.2	3.0
577	3.0	0.0	3.0	0.0	2.668	6.332	3.0
578	4.0	1.0	3.0	0.0	4.068	7.932	3.0
579	3.0	0.0	2.0	0.0	3.4	5.6	2.0
580	1.0	0.0	1.0	0.0	0.3330000000000002	2.667	1.0
581	1.0	0.0	0.0	0.0	0.3330000000000002	2.667	0.0
582	2.0	1.0	0.0	1.0	3.0	6.0	1.0
583	2.0	0.0	1.0	0.0	0.6660000000000004	5.334	1.0
584	2.0	0.0	2.0	0.0	2.0	4.0	2.0
585	2.0	3.0	1.0	2.0	4.0	8.0	2.0
586	2.0	3.0	2.0	3.0	4.0	8.0	4.0
587	3.0	2.0	1.0	2.0	4.333	10.667	3.0
588	4.0	2.0	2.0	1.0	5.0	10.0	2.0
589	0.0	4.0	0.0	2.0	1.9990000000000006	10.001	2.0
590	2.0	0.0	2.0	0.0	2.0	4.0	2.0
591	0.0	0.0	0.0	0.0	0.0	0.0	0.0
592	3.0	3.0	2.0	3.0	2.6660000000000004	9.334	3.0
593	1.0	2.0	1.0	2.0	2.733	6.2669999999999995	3.0
594	3.0	2.0	3.0	1.0	4.0	8.0	3.0
595	1.0	1.0	1.0	1.0	1.733	4.2669999999999995	2.0
596	0.0	0.0	0.0	0.0	0.0	0.0	0.0
597	2.0	1.0	1.0	0.0	3.0	6.0	1.0
598	1.0	0.0	0.0	0.0	1.0	2.0	0.0
599	2.0	3.0	2.0	1.0	5.0	10.0	3.0
600	2.0	0.0	2.0	0.0	0.6660000000000004	5.334	2.0
601	3.0	1.0	1.0	1.0	4.0	8.0	2.0
602	5.0	0.0	1.0	0.0	3.736	8.264	1.0
603	0.0	1.0	0.0	0.0	0.3330000000000002	2.667	0.0
604	0.0	0.0	0.0	0.0	0.0	0.0	0.0
605	1.0	0.0	1.0	0.0	0.3330000000000002	2.667	1.0
606	0.0	0.0	0.0	0.0	0.0	0.0	0.0
607	1.0	0.0	1.0	0.0	1.0	2.0	1.0
608	1.0	0.0	1.0	0.0	0.3330000000000002	2.667	1.0
609	2.0	0.0	1.0	0.0	1.3360000000000003	4.664	1.0
610	1.0	1.0	1.0	1.0	1.6680000000000001	4.332	2.0
611	0.0	1.0	0.0	1.0	1.0	2.0	1.0
612	3.0	1.0	2.0	1.0	3.333	8.667	3.0
613	1.0	0.0	1.0	0.0	0.3330000000000002	2.667	1.0
614	1.0	0.0	0.0	0.0	0.3330000000000002	2.667	0.0
615	2.0	0.0	2.0	0.0	2.0	4.0	2.0
616	3.0	0.0	2.0	0.0	3.0	6.0	2.0
617	3.0	0.0	2.0	0.0	3.0	6.0	2.0
618	2.0	0.0	1.0	0.0	2.4	3.6	1.0
619	3.0	0.0	2.0	0.0	3.0	6.0	2.0
620	2.0	1.0	2.0	1.0	1.3330000000000002	4.667	2.0
621	2.0	1.0	2.0	1.0	2.068	3.932	2.0
622	2.0	0.0	2.0	0.0	0.6660000000000004	5.334	2.0
623	1.0	0.0	1.0	0.0	0.3330000000000002	2.667	1.0
624	3.0	2.0	1.0	2.0	3.0	6.0	1.0
625	1.0	0.0	1.0	0.0	0.6680000000000001	2.332	1.0
626	2.0	2.0	1.0	2.0	1.3320000000000007	10.668	3.0
627	3.0	0.0	2.0	0.0	3.0	6.0	2.0
628	2.0	0.0	1.0	0.0	0.6660000000000004	5.334	1.0
629	2.0	0.0	1.0	0.0	2.4	3.6	1.0
630	2.0	0.0	2.0	0.0	2.0	4.0	2.0
631	4.0	0.0	3.0	0.0	4.0	8.0	3.0
632	2.0	0.0	0.0	0.0	2.0	4.0	0.0
633	2.0	1.0	2.0	1.0	2.668	6.332	3.0
634	1.0	0.0	1.0	0.0	0.6680000000000001	2.332	1.0
635	2.0	0.0	2.0	0.0	1.3360000000000003	4.664	2.0
636	3.0	1.0	2.0	1.0	4.0	8.0	3.0
637	2.0	1.0	0.0	1.0	3.0	6.0	1.0
638	3.0	2.0	2.0	2.0	3.333	8.667	3.0
639	1.0	1.0	1.0	0.0	0.6660000000000004	5.334	1.0
640	2.0	0.0	1.0	0.0	2.0	4.0	1.0
641	0.0	0.0	0.0	0.0	0.0	0.0	0.0
642	2.0	4.0	2.0	2.0	4.333	10.667	3.0
643	2.0	1.0	1.0	1.0	1.3330000000000002	4.667	1.0
644	3.0	4.0	2.0	3.0	2.333	6.667	2.0
645	3.0	2.0	2.0	2.0	3.668	8.332	3.0
646	3.0	0.0	2.0	0.0	3.0	6.0	2.0
647	3.0	3.0	1.0	3.0	3.0010000000000003	8.998999999999999	2.0
648	1.0	6.0	0.0	4.0	1.6660000000000004	7.334	2.0
649	3.0	1.0	1.0	1.0	3.0	6.0	1.0
650	0.0	2.0	0.0	2.0	1.3330000000000002	4.667	2.0
651	0.0	1.0	0.0	1.0	1.0	2.0	1.0
652	3.0	2.0	2.0	1.0	2.6660000000000004	9.334	2.0
653	0.0	3.0	0.0	1.0	2.0	4.0	1.0
654	2.0	2.0	1.0	2.0	1.3330000000000002	4.667	1.0
655	3.0	1.0	1.0	1.0	4.0	8.0	2.0
656	2.0	2.0	1.0	2.0	1.9990000000000006	10.001	3.0
657	1.0	1.0	0.0	1.0	2.0	4.0	1.0
658	1.0	3.0	0.0	1.0	1.9990000000000006	10.001	1.0
659	2.0	0.0	1.0	0.0	2.0	4.0	1.0
660	2.0	0.0	0.0	0.0	2.0	4.0	0.0
661	4.0	2.0	3.0	2.0	5.0	10.0	4.0
662	1.0	1.0	0.0	1.0	2.0	4.0	1.0
663	1.0	0.0	1.0	0.0	1.0	2.0	1.0
664	1.0	0.0	1.0	0.0	0.3330000000000002	2.667	1.0
665	2.0	0.0	2.0	0.0	2.0	4.0	2.0
666	3.0	2.0	2.0	2.0	3.333	8.667	3.0
667	2.0	5.0	1.0	2.0	4.668	10.332	2.0
668	1.0	4.0	0.0	3.0	3.733	8.267	2.0
669	1.0	2.0	1.0	1.0	2.668	6.332	2.0
670	0.0	2.0	0.0	2.0	1.3330000000000002	4.667	2.0
671	1.0	1.0	1.0	1.0	1.0	2.0	1.0
672	1.0	3.0	1.0	3.0	1.6680000000000001	4.332	2.0
673	2.0	4.0	2.0	3.0	3.333	8.667	3.0
674	3.0	1.0	3.0	1.0	3.0	6.0	3.0
675	2.0	1.0	1.0	0.0	3.0	6.0	1.0
676	1.0	2.0	1.0	2.0	1.3330000000000002	4.667	2.0
677	2.0	3.0	1.0	2.0	1.9990000000000006	10.001	2.0
678	2.0	0.0	1.0	0.0	1.3360000000000003	4.664	1.0
679	2.0	1.0	2.0	1.0	0.9990000000000006	8.001	3.0
680	1.0	1.0	1.0	1.0	0.6660000000000004	5.334	2.0
681	3.0	1.0	2.0	1.0	2.333	6.667	2.0
682	3.0	0.0	1.0	0.0	2.736	6.263999999999999	1.0
683	1.0	2.0	0.0	0.0	1.0	2.0	0.0
684	2.0	2.0	2.0	0.0	2.0020000000000007	9.998	2.0
685	2.0	0.0	1.0	0.0	0.6660000000000004	5.334	1.0
686	0.0	0.0	0.0	0.0	0.0	0.0	0.0
687	2.0	0.0	0.0	0.0	0.6660000000000004	5.334	0.0
688	3.0	0.0	1.0	0.0	3.0	6.0	1.0
689	4.0	0.0	3.0	0.0	4.0	8.0	3.0
690	3.0	0.0	2.0	0.0	1.6680000000000001	4.332	1.0
691	1.0	0.0	0.0	0.0	0.3330000000000002	2.667	0.0
692	3.0	1.0	1.0	1.0	3.0	9.0	2.0
693	2.0	0.0	2.0	0.0	2.0	4.0	2.0
694	2.0	0.0	1.0	0.0	1.6680000000000001	4.332	1.0
695	4.0	0.0	1.0	0.0	4.0	8.0	1.0
696	2.0	0.0	1.0	0.0	2.0	4.0	1.0
697	0.0	2.0	0.0	2.0	1.3330000000000002	4.667	2.0
698	2.0	1.0	1.0	1.0	0.6660000000000004	5.334	1.0
699	2.0	0.0	1.0	0.0	2.0	4.0	1.0
700	3.0	1.0	1.0	1.0	2.3360000000000003	6.664	1.0
701	4.0	0.0	3.0	0.0	4.0	8.0	3.0
702	4.0	0.0	3.0	0.0	3.736	8.264	3.0
703	1.0	1.0	1.0	1.0	0.6680000000000001	5.332	2.0
704	3.0	0.0	2.0	0.0	2.3360000000000003	6.664	2.0
705	1.0	0.0	1.0	0.0	1.0	2.0	1.0
706	2.0	0.0	1.0	0.0	2.0	4.0	1.0
707	2.0	0.0	2.0	0.0	2.0	4.0	2.0
708	2.0	1.0	1.0	1.0	2.0	4.0	1.0
709	2.0	1.0	1.0	1.0	2.0	4.0	1.0
710	2.0	2.0	2.0	2.0	1.6660000000000004	7.334	3.0
711	2.0	1.0	1.0	0.0	3.068	5.932	1.0
712	2.0	2.0	1.0	2.0	3.0	6.0	2.0
713	1.0	2.0	1.0	2.0	3.0	6.0	3.0
714	1.0	2.0	1.0	1.0	2.733	6.2669999999999995	2.0
715	1.0	0.0	0.0	0.0	0.3330000000000002	2.667	0.0
716	2.0	0.0	1.0	0.0	2.0	4.0	1.0
717	0.0	0.0	0.0	0.0	0.0	0.0	0.0
718	1.0	3.0	1.0	3.0	2.0010000000000003	6.999	3.0
719	1.0	0.0	0.0	0.0	0.3330000000000002	2.667	0.0
720	4.0	1.0	3.0	1.0	1.665000000000001	13.334999999999999	4.0
721	1.0	5.0	0.0	4.0	3.3340000000000005	11.666	3.0
722	2.0	4.0	1.0	4.0	1.6660000000000004	7.334	2.0
723	2.0	1.0	2.0	1.0	2.0	4.0	2.0
724	3.0	3.0	1.0	1.0	3.4010000000000002	8.599	1.0
725	0.0	0.0	0.0	0.0	0.0	0.0	0.0
726	0.0	0.0	0.0	0.0	0.0	0.0	0.0
727	0.0	0.0	0.0	0.0	0.0	0.0	0.0
728	0.0	0.0	0.0	0.0	0.0	0.0	0.0
729	0.0	0.0	0.0	0.0	0.0	0.0	0.0
730	0.0	0.0	0.0	0.0	0.0	0.0	0.0
731	0.0	0.0	0.0	0.0	0.0	0.0	0.0
732	0.0	0.0	0.0	0.0	0.0	0.0	0.0
733	0.0	0.0	0.0	0.0	0.0	0.0	0.0
734	2.0	2.0	1.0	1.0	3.0	6.0	2.0
735	2.0	2.0	2.0	2.0	3.0	6.0	3.0
736	4.0	2.0	2.0	1.0	6.0	12.0	3.0
737	1.0	2.0	0.0	2.0	0.9990000000000006	8.001	2.0
738	3.0	0.0	3.0	0.0	2.0040000000000004	6.9959999999999996	3.0
739	2.0	7.0	1.0	5.0	3.0020000000000007	14.998000000000001	3.0
740	2.0	1.0	2.0	1.0	2.0	4.0	2.0
741	4.0	4.0	2.0	3.0	6.069	14.931000000000001	4.0
742	1.0	0.0	0.0	0.0	1.4	1.6	0.0
743	4.0	1.0	3.0	1.0	4.333	10.667	4.0
744	1.0	0.0	1.0	0.0	0.6680000000000001	2.332	1.0
745	2.0	0.0	2.0	0.0	0.6660000000000004	5.334	2.0
746	0.0	2.0	0.0	2.0	0.6660000000000004	5.334	2.0
747	1.0	0.0	1.0	0.0	0.3330000000000002	2.667	1.0
748	3.0	1.0	2.0	1.0	3.068	8.932	3.0
749	3.0	2.0	2.0	2.0	5.0	10.0	4.0
750	3.0	0.0	1.0	0.0	3.0	6.0	1.0
751	4.0	0.0	2.0	0.0	4.468	7.532	2.0
752	1.0	1.0	1.0	1.0	1.3330000000000002	4.667	2.0
753	2.0	0.0	1.0	0.0	0.6660000000000004	5.334	1.0
754	1.0	2.0	0.0	1.0	3.0	6.0	1.0
755	0.0	0.0	0.0	0.0	0.0	0.0	0.0
756	0.0	0.0	0.0	0.0	0.0	0.0	0.0
757	1.0	0.0	1.0	0.0	0.3330000000000002	2.667	1.0
758	0.0	0.0	0.0	0.0	0.0	0.0	0.0
759	1.0	0.0	1.0	0.0	0.3330000000000002	2.667	1.0
760	2.0	0.0	2.0	0.0	2.0	4.0	2.0
761	2.0	2.0	0.0	1.0	1.6680000000000001	7.332	1.0
762	3.0	0.0	1.0	0.0	3.0	6.0	1.0
763	1.0	1.0	0.0	1.0	0.6660000000000004	5.334	1.0
764	1.0	1.0	1.0	1.0	1.0	2.0	1.0
765	2.0	0.0	2.0	0.0	0.6660000000000004	5.334	2.0
766	2.0	0.0	2.0	0.0	1.0	2.0	1.0
767	3.0	1.0	3.0	1.0	1.3330000000000002	4.667	2.0
768	2.0	1.0	1.0	0.0	0.9990000000000006	8.001	1.0
769	4.0	0.0	4.0	0.0	4.0	8.0	4.0
770	3.0	0.0	1.0	0.0	2.0040000000000004	6.9959999999999996	1.0
771	3.0	2.0	3.0	2.0	3.333	8.667	4.0
772	2.0	1.0	2.0	1.0	2.0	4.0	2.0
773	1.0	1.0	1.0	0.0	2.4	3.6	1.0
774	5.0	0.0	4.0	0.0	3.3360000000000003	8.664	3.0
775	2.0	2.0	1.0	0.0	1.6670000000000007	10.332999999999998	1.0
776	3.0	0.0	1.0	0.0	3.0	6.0	1.0
777	1.0	0.0	1.0	0.0	0.3330000000000002	2.667	1.0
778	2.0	0.0	2.0	0.0	2.0	4.0	2.0
779	1.0	1.0	1.0	0.0	0.6660000000000004	5.334	1.0
780	4.0	1.0	3.0	0.0	4.468	10.532	3.0
781	2.0	0.0	0.0	0.0	2.0	4.0	0.0
782	1.0	2.0	1.0	2.0	0.3330000000000002	2.667	1.0
783	0.0	2.0	0.0	2.0	1.4	1.6	1.0
784	2.0	4.0	1.0	3.0	4.333	10.667	3.0
785	1.0	3.0	1.0	1.0	3.3360000000000003	8.664	2.0
786	2.0	0.0	1.0	0.0	2.0	4.0	1.0
787	1.0	0.0	1.0	0.0	0.3330000000000002	2.667	1.0
788	3.0	2.0	2.0	1.0	2.333	6.667	2.0
789	2.0	2.0	1.0	2.0	2.668	6.332	2.0
790	1.0	0.0	0.0	0.0	0.3330000000000002	2.667	0.0
791	3.0	1.0	2.0	1.0	1.3330000000000002	4.667	1.0
792	2.0	0.0	2.0	0.0	1.6680000000000001	4.332	2.0
793	2.0	3.0	1.0	3.0	5.0	10.0	4.0
794	2.0	0.0	2.0	0.0	2.0	4.0	2.0
795	3.0	0.0	3.0	0.0	3.0	6.0	3.0
796	1.0	0.0	0.0	0.0	1.0	2.0	0.0
797	3.0	0.0	1.0	0.0	3.068	5.932	1.0
798	1.0	0.0	1.0	0.0	1.0	2.0	1.0
799	0.0	3.0	0.0	1.0	0.6660000000000004	5.334	1.0
800	0.0	3.0	0.0	2.0	1.6680000000000001	7.332	2.0
801	1.0	1.0	1.0	1.0	0.6680000000000001	2.332	1.0
802	0.0	0.0	0.0	0.0	0.0	0.0	0.0
803	1.0	1.0	0.0	1.0	2.0	4.0	1.0
804	1.0	0.0	1.0	0.0	0.3330000000000002	2.667	1.0
805	1.0	0.0	1.0	0.0	0.3330000000000002	2.667	1.0
806	1.0	0.0	1.0	0.0	1.0	2.0	1.0
807	1.0	2.0	1.0	2.0	2.0	4.0	2.0
808	4.0	0.0	2.0	0.0	3.3360000000000003	8.664	2.0
809	2.0	0.0	1.0	0.0	0.6660000000000004	5.334	1.0
810	3.0	0.0	2.0	0.0	3.0	6.0	2.0
811	2.0	0.0	2.0	0.0	2.8	3.2	2.0
812	1.0	0.0	0.0	0.0	0.3330000000000002	2.667	0.0
813	1.0	2.0	1.0	2.0	0.6660000000000004	5.334	2.0
814	2.0	2.0	1.0	2.0	4.0	8.0	3.0
815	3.0	0.0	3.0	0.0	3.0	6.0	3.0
816	0.0	0.0	0.0	0.0	0.0	0.0	0.0
817	3.0	0.0	1.0	0.0	3.0	6.0	1.0
818	0.0	0.0	0.0	0.0	0.0	0.0	0.0
819	3.0	1.0	1.0	1.0	4.0	8.0	2.0
820	2.0	0.0	2.0	0.0	2.0	4.0	2.0
821	3.0	0.0	1.0	0.0	3.0	6.0	1.0
822	1.0	0.0	1.0	0.0	1.0	2.0	1.0
823	2.0	1.0	2.0	1.0	0.9990000000000006	8.001	3.0
824	0.0	2.0	0.0	2.0	0.6660000000000004	5.334	2.0
825	3.0	0.0	1.0	0.0	3.0	6.0	1.0
826	0.0	0.0	0.0	0.0	0.0	0.0	0.0
827	3.0	0.0	2.0	0.0	2.668	6.332	2.0
828	2.0	0.0	1.0	0.0	0.6660000000000004	5.334	1.0
829	4.0	0.0	3.0	0.0	4.0	8.0	3.0
830	1.0	0.0	1.0	0.0	1.4	1.6	1.0
831	2.0	0.0	2.0	0.0	2.0	4.0	2.0
832	1.0	3.0	1.0	2.0	1.3330000000000002	4.667	1.0
833	1.0	1.0	1.0	1.0	1.0	2.0	1.0
834	1.0	3.0	0.0	2.0	4.0	8.0	2.0
835	1.0	0.0	1.0	0.0	0.3330000000000002	2.667	1.0
836	0.0	0.0	0.0	0.0	0.0	0.0	0.0
837	2.0	3.0	1.0	3.0	1.6660000000000004	7.334	2.0
838	1.0	3.0	0.0	0.0	1.3330000000000002	4.667	0.0
839	2.0	3.0	0.0	3.0	1.9990000000000006	10.001	2.0
840	1.0	5.0	0.0	3.0	3.000000000000001	15.0	3.0
841	2.0	3.0	1.0	1.0	2.0	7.0	1.0
842	2.0	3.0	1.0	3.0	3.333	8.667	3.0
843	2.0	1.0	1.0	1.0	1.3360000000000003	7.664	2.0
844	3.0	0.0	1.0	0.0	3.0	6.0	1.0
845	1.0	2.0	1.0	2.0	1.0	2.0	1.0
846	0.0	2.0	0.0	2.0	0.0	3.0	1.0
847	1.0	2.0	0.0	2.0	1.3330000000000002	4.667	1.0
848	2.0	3.0	0.0	2.0	2.6720000000000006	12.328	2.0
849	2.0	0.0	1.0	0.0	2.0	4.0	1.0
850	3.0	0.0	2.0	0.0	3.0	6.0	2.0
851	1.0	0.0	0.0	0.0	1.0	2.0	0.0
852	1.0	0.0	1.0	0.0	0.3330000000000002	2.667	1.0
853	2.0	0.0	1.0	0.0	2.0	4.0	1.0
854	3.0	0.0	1.0	0.0	3.0	6.0	1.0
855	2.0	1.0	2.0	1.0	1.6680000000000001	7.332	3.0
856	2.0	1.0	1.0	0.0	2.3360000000000003	6.664	1.0
857	1.0	0.0	1.0	0.0	1.0	2.0	1.0
858	2.0	0.0	1.0	0.0	2.0	4.0	1.0
859	2.0	1.0	2.0	1.0	2.333	6.667	3.0
860	2.0	1.0	2.0	0.0	3.0	6.0	2.0
861	3.0	1.0	3.0	1.0	3.333	8.667	4.0
862	2.0	0.0	0.0	0.0	2.0	4.0	0.0
863	2.0	0.0	2.0	0.0	1.6680000000000001	4.332	2.0
864	2.0	1.0	2.0	1.0	2.333	6.667	3.0
865	2.0	4.0	1.0	3.0	2.3320000000000007	12.668	3.0
866	0.0	4.0	0.0	3.0	2.0010000000000003	6.999	2.0
867	1.0	1.0	1.0	1.0	0.3330000000000002	2.667	1.0
868	3.0	2.0	1.0	1.0	3.0010000000000003	8.998999999999999	2.0
869	2.0	4.0	1.0	2.0	3.7340000000000004	11.266	3.0
870	2.0	2.0	2.0	2.0	1.6660000000000004	7.334	3.0
871	1.0	4.0	1.0	3.0	2.0010000000000003	6.999	2.0
872	3.0	2.0	3.0	2.0	2.333	6.667	3.0
873	3.0	1.0	2.0	1.0	4.0	8.0	3.0
874	2.0	1.0	2.0	1.0	2.0	4.0	2.0
875	1.0	0.0	1.0	0.0	1.0	2.0	1.0
876	3.0	0.0	1.0	0.0	3.0	6.0	1.0
877	2.0	1.0	2.0	1.0	2.3360000000000003	6.664	3.0
878	3.0	2.0	2.0	1.0	1.665000000000001	13.334999999999999	3.0
879	2.0	1.0	2.0	1.0	3.0	6.0	3.0
880	3.0	0.0	2.0	0.0	3.0	6.0	2.0
881	4.0	0.0	2.0	0.0	4.0	8.0	2.0
882	2.0	2.0	1.0	2.0	2.0	4.0	1.0
883	2.0	3.0	2.0	2.0	2.6690000000000005	9.331	3.0
884	2.0	1.0	1.0	1.0	2.0	4.0	1.0
885	2.0	1.0	1.0	1.0	1.6680000000000001	4.332	1.0
886	3.0	2.0	1.0	2.0	5.0	10.0	3.0
887	2.0	2.0	1.0	2.0	2.668	6.332	2.0
888	2.0	2.0	2.0	2.0	1.3330000000000002	4.667	2.0
889	3.0	5.0	2.0	2.0	5.068	9.932	3.0
890	3.0	5.0	2.0	3.0	2.9990000000000006	12.001	3.0
891	0.0	2.0	0.0	2.0	1.0	2.0	1.0
892	2.0	2.0	1.0	2.0	2.333	6.667	2.0
893	4.0	2.0	3.0	1.0	5.0	10.0	3.0
894	1.0	4.0	0.0	2.0	0.9990000000000006	8.001	2.0
895	1.0	2.0	1.0	2.0	0.6660000000000004	5.334	2.0
896	1.0	0.0	1.0	0.0	0.3330000000000002	2.667	1.0
897	0.0	3.0	0.0	3.0	1.3330000000000002	4.667	2.0
898	2.0	2.0	1.0	2.0	2.333	6.667	2.0
899	2.0	0.0	1.0	0.0	1.3360000000000003	4.664	1.0
900	2.0	0.0	1.0	0.0	2.0	4.0	1.0
901	2.0	0.0	1.0	0.0	2.0	4.0	1.0
902	2.0	0.0	2.0	0.0	2.0	4.0	2.0
903	2.0	0.0	1.0	0.0	2.0	4.0	1.0
904	2.0	0.0	2.0	0.0	2.0	4.0	2.0
905	3.0	0.0	2.0	0.0	3.068	5.932	2.0
906	0.0	1.0	0.0	1.0	1.0	2.0	1.0
907	0.0	5.0	0.0	3.0	3.0	9.0	2.0
908	1.0	0.0	1.0	0.0	0.6680000000000001	2.332	1.0
909	2.0	0.0	1.0	0.0	0.6660000000000004	5.334	1.0
910	3.0	0.0	2.0	0.0	3.0	6.0	2.0
911	3.0	1.0	3.0	1.0	3.0	6.0	3.0
912	2.0	1.0	2.0	1.0	3.0	6.0	3.0
913	3.0	5.0	2.0	4.0	4.666	13.334	4.0
914	2.0	1.0	0.0	1.0	0.9990000000000006	8.001	1.0
915	4.0	2.0	3.0	1.0	2.3340000000000005	9.666	2.0
916	2.0	2.0	1.0	2.0	2.668	6.332	2.0
917	2.0	2.0	1.0	2.0	1.3330000000000002	4.667	1.0
918	3.0	3.0	1.0	3.0	3.668	8.332	2.0
919	2.0	2.0	1.0	1.0	4.0	8.0	2.0
920	2.0	2.0	2.0	1.0	3.333	8.667	3.0
921	1.0	3.0	1.0	2.0	1.9990000000000006	10.001	3.0
922	3.0	4.0	2.0	4.0	5.0	10.0	4.0
923	3.0	2.0	2.0	2.0	2.3360000000000003	6.664	2.0
924	4.0	0.0	2.0	0.0	3.668	8.332	2.0
925	2.0	4.0	1.0	2.0	1.3330000000000002	4.667	1.0
926	4.0	0.0	3.0	0.0	2.3360000000000003	6.664	2.0
927	1.0	1.0	1.0	1.0	2.0	4.0	2.0
928	3.0	4.0	0.0	2.0	3.3320000000000007	14.668	2.0
929	3.0	3.0	1.0	3.0	5.0	10.0	3.0
930	3.0	3.0	2.0	1.0	4.4	10.6	2.0
931	3.0	0.0	2.0	0.0	2.668	6.332	2.0
932	1.0	0.0	1.0	0.0	1.0	2.0	1.0
933	2.0	1.0	1.0	0.0	2.333	6.667	1.0
934	2.0	0.0	2.0	0.0	2.0	4.0	2.0
935	3.0	1.0	2.0	1.0	3.0	6.0	2.0
936	2.0	2.0	1.0	2.0	1.3340000000000005	7.6659999999999995	2.0
937	2.0	5.0	2.0	4.0	5.0	13.0	5.0
938	1.0	2.0	0.0	2.0	2.333	6.667	2.0
939	3.0	1.0	1.0	1.0	2.4010000000000002	6.599	1.0
940	0.0	0.0	0.0	0.0	0.0	0.0	0.0
941	1.0	2.0	0.0	2.0	1.3330000000000002	4.667	1.0
942	1.0	2.0	1.0	1.0	1.3330000000000002	4.667	1.0
943	0.0	0.0	0.0	0.0	0.0	0.0	0.0
944	3.0	0.0	1.0	0.0	3.0	6.0	1.0
945	0.0	2.0	0.0	2.0	1.0	2.0	1.0
946	1.0	0.0	1.0	0.0	0.3330000000000002	2.667	1.0
947	3.0	2.0	3.0	2.0	1.9990000000000006	10.001	4.0
948	3.0	3.0	1.0	3.0	2.0010000000000003	6.999	2.0
949	0.0	0.0	0.0	0.0	0.0	0.0	0.0
950	2.0	2.0	1.0	2.0	4.0	8.0	3.0
951	2.0	3.0	2.0	3.0	1.0010000000000003	4.999	2.0
952	2.0	3.0	1.0	2.0	1.665000000000001	13.334999999999999	3.0
953	2.0	1.0	2.0	1.0	2.668	6.332	3.0
954	3.0	2.0	1.0	2.0	3.0040000000000004	8.995999999999999	2.0
955	1.0	3.0	0.0	2.0	1.9990000000000006	10.001	2.0
956	3.0	1.0	2.0	1.0	1.9990000000000006	10.001	3.0
957	0.0	4.0	0.0	3.0	1.6660000000000004	7.334	2.0
958	3.0	1.0	2.0	1.0	2.668	6.332	2.0
959	1.0	0.0	1.0	0.0	1.0	2.0	1.0
960	3.0	1.0	2.0	1.0	3.0	6.0	2.0
961	3.0	0.0	2.0	0.0	3.0	6.0	2.0
962	3.0	0.0	2.0	0.0	3.0	6.0	2.0
963	1.0	6.0	1.0	3.0	4.668	16.332	4.0
964	3.0	5.0	2.0	3.0	4.333	13.667	3.0
965	1.0	3.0	1.0	2.0	1.3320000000000007	10.668	3.0
966	2.0	4.0	0.0	2.0	6.4	11.6	2.0
967	1.0	1.0	0.0	0.0	2.0	4.0	0.0
968	2.0	2.0	1.0	2.0	4.0	8.0	3.0
969	2.0	3.0	2.0	3.0	3.0	6.0	3.0
970	1.0	3.0	1.0	3.0	1.6680000000000001	4.332	2.0
971	0.0	0.0	0.0	0.0	0.0	0.0	0.0
972	0.0	0.0	0.0	0.0	0.0	0.0	0.0
973	0.0	0.0	0.0	0.0	0.0	0.0	0.0
974	0.0	0.0	0.0	0.0	0.0	0.0	0.0
975	0.0	0.0	0.0	0.0	0.0	0.0	0.0
976	1.0	3.0	0.0	2.0	2.333	6.667	2.0
977	1.0	0.0	0.0	0.0	1.0	2.0	0.0
978	1.0	2.0	0.0	1.0	3.0	6.0	1.0
979	4.0	3.0	2.0	1.0	5.0	10.0	2.0
980	2.0	2.0	2.0	1.0	4.0	8.0	3.0
981	3.0	0.0	3.0	0.0	3.0	6.0	3.0
982	2.0	1.0	1.0	1.0	3.0	6.0	2.0
983	3.0	4.0	3.0	2.0	3.000000000000001	14.999999999999998	4.0
984	0.0	1.0	0.0	1.0	0.3330000000000002	2.667	1.0
985	1.0	1.0	0.0	0.0	0.3330000000000002	2.667	0.0
986	3.0	3.0	2.0	3.0	4.0	8.0	3.0
987	1.0	3.0	1.0	3.0	1.3330000000000002	4.667	2.0
988	1.0	0.0	0.0	0.0	1.0	2.0	0.0
989	2.0	0.0	2.0	0.0	1.3360000000000003	4.664	2.0
990	1.0	0.0	1.0	0.0	0.3330000000000002	2.667	1.0
991	2.0	1.0	1.0	0.0	1.6660000000000004	7.334	1.0
992	1.0	2.0	0.0	1.0	1.3340000000000005	7.6659999999999995	1.0
993	3.0	0.0	3.0	0.0	2.068	3.932	2.0
994	3.0	0.0	3.0	0.0	3.0	6.0	3.0
995	0.0	0.0	0.0	0.0	0.0	0.0	0.0
996	1.0	0.0	0.0	0.0	0.3330000000000002	2.667	0.0
997	2.0	0.0	1.0	0.0	0.6660000000000004	5.334	1.0
998	1.0	1.0	1.0	0.0	0.6660000000000004	5.334	1.0
999	0.0	0.0	0.0	0.0	0.0	0.0	0.0
1000	0.0	0.0	0.0	0.0	0.0	0.0	0.0
1001	0.0	0.0	0.0	0.0	0.0	0.0	0.0
1002	0.0	3.0	0.0	2.0	1.3360000000000003	4.664	1.0
1003	0.0	1.0	0.0	0.0	0.6680000000000001	2.332	0.0
1004	0.0	0.0	0.0	0.0	0.0	0.0	0.0
