pos	Sd	Nd	Sd_tip	Nd_tip	S	N	comparisons
001	0.0	0.0	0.0	0.0	0.0	0.0	0.0
002	0.0	0.0	0.0	0.0	0.0	0.0	0.0
003	0.0	0.0	0.0	0.0	0.0	0.0	0.0
004	0.0	0.0	0.0	0.0	0.0	0.0	0.0
005	0.0	0.0	0.0	0.0	0.0	0.0	0.0
006	0.0	0.0	0.0	0.0	0.0	0.0	0.0
007	0.0	0.0	0.0	0.0	0.0	0.0	0.0
008	0.0	0.0	0.0	0.0	0.0	0.0	0.0
009	0.0	0.0	0.0	0.0	0.0	0.0	0.0
010	0.0	0.0	0.0	0.0	0.0	0.0	0.0
011	0.0	2.0	0.0	2.0	1.0	2.0	1.0
012	3.0	1.0	2.0	1.0	3.0	6.0	2.0
013	2.0	2.0	1.0	1.0	1.9990000000000006	10.001	2.0
014	2.0	2.0	1.0	1.0	4.0	8.0	2.0
015	1.0	2.0	1.0	2.0	1.0	2.0	1.0
016	1.0	2.0	0.0	2.0	2.333	6.667	2.0
017	0.0	4.0	0.0	4.0	0.9990000000000006	8.001	3.0
018	3.0	2.0	1.0	2.0	2.333	6.667	1.0
019	3.0	2.0	2.0	2.0	3.333	8.667	3.0
020	0.0	2.0	0.0	1.0	2.0	4.0	1.0
021	2.0	0.0	2.0	0.0	2.0	4.0	2.0
022	2.0	0.0	1.0	0.0	2.0	4.0	1.0
023	1.0	0.0	1.0	0.0	0.3330000000000002	2.667	1.0
024	0.0	0.0	0.0	0.0	0.0	0.0	0.0
025	1.0	0.0	1.0	0.0	0.3330000000000002	2.667	1.0
026	3.0	0.0	2.0	0.0	2.668	6.332	2.0
027	0.0	1.0	0.0	1.0	1.0	2.0	1.0
028	1.0	1.0	1.0	1.0	0.6660000000000004	5.334	2.0
029	2.0	5.0	1.0	3.0	2.998000000000001	18.002	4.0
030	1.0	1.0	1.0	0.0	0.6660000000000004	5.334	1.0
031	3.0	5.0	2.0	3.0	6.066000000000001	14.934	4.0
032	4.0	3.0	3.0	2.0	4.333	10.667	3.0
033	4.0	2.0	2.0	1.0	5.736	12.264	3.0
034	3.0	2.0	3.0	2.0	3.0	6.0	3.0
035	2.0	0.0	2.0	0.0	2.0	4.0	2.0
036	2.0	2.0	1.0	2.0	1.6680000000000001	4.332	1.0
037	1.0	1.0	1.0	1.0	0.3330000000000002	2.667	1.0
038	3.0	1.0	2.0	0.0	3.0	6.0	2.0
039	2.0	2.0	1.0	2.0	3.333	8.667	3.0
040	2.0	3.0	1.0	1.0	4.0	8.0	2.0
041	2.0	5.0	0.0	3.0	1.998000000000001	16.002	3.0
042	1.0	0.0	0.0	0.0	0.3330000000000002	2.667	0.0
043	0.0	0.0	0.0	0.0	0.0	0.0	0.0
044	1.0	0.0	1.0	0.0	0.3330000000000002	2.667	1.0
045	2.0	1.0	2.0	1.0	1.3330000000000002	4.667	2.0
046	5.0	0.0	3.0	0.0	5.868	9.132	3.0
047	2.0	1.0	1.0	1.0	3.0	6.0	2.0
048	0.0	3.0	0.0	3.0	1.3330000000000002	4.667	2.0
049	3.0	1.0	2.0	1.0	4.0	8.0	3.0
050	0.0	4.0	0.0	3.0	0.9990000000000006	8.001	2.0
051	0.0	1.0	0.0	1.0	0.3330000000000002	2.667	1.0
052	0.0	2.0	0.0	1.0	0.6660000000000004	5.334	1.0
053	1.0	1.0	1.0	1.0	0.6660000000000004	5.334	2.0
054	0.0	3.0	0.0	3.0	1.3330000000000002	4.667	2.0
055	2.0	0.0	2.0	0.0	2.0	4.0	2.0
056	2.0	2.0	2.0	2.0	0.9990000000000006	8.001	3.0
057	0.0	3.0	0.0	2.0	2.333	6.667	2.0
058	1.0	0.0	0.0	0.0	0.3330000000000002	2.667	0.0
059	1.0	0.0	1.0	0.0	1.0	2.0	1.0
060	1.0	1.0	1.0	0.0	2.0	4.0	1.0
061	1.0	1.0	1.0	1.0	1.3330000000000002	4.667	2.0
062	1.0	1.0	0.0	1.0	1.0010000000000003	4.999	1.0
063	2.0	1.0	0.0	1.0	2.333	6.667	1.0
064	2.0	1.0	1.0	1.0	2.0	4.0	1.0
065	0.0	2.0	0.0	2.0	1.3330000000000002	4.667	2.0
066	1.0	1.0	1.0	1.0	0.3330000000000002	2.667	1.0
067	2.0	0.0	1.0	0.0	0.6660000000000004	5.334	1.0
068	3.0	1.0	2.0	1.0	2.333	6.667	2.0
069	3.0	0.0	2.0	0.0	3.0	6.0	2.0
070	3.0	0.0	3.0	0.0	2.4	3.6	2.0
071	3.0	2.0	2.0	2.0	3.333	8.667	3.0
072	3.0	1.0	2.0	1.0	4.136	7.864	3.0
073	1.0	4.0	1.0	4.0	0.9990000000000006	8.001	3.0
074	3.0	1.0	2.0	1.0	2.333	6.667	2.0
075	2.0	2.0	2.0	2.0	1.3330000000000002	4.667	2.0
076	2.0	1.0	1.0	0.0	3.0	6.0	1.0
077	2.0	0.0	1.0	0.0	2.0	4.0	1.0
078	3.0	1.0	3.0	1.0	2.333	6.667	3.0
079	2.0	1.0	1.0	1.0	2.333	6.667	2.0
080	0.0	1.0	0.0	0.0	1.0	2.0	0.0
081	1.0	0.0	0.0	0.0	1.0	2.0	0.0
082	1.0	0.0	0.0	0.0	1.0	2.0	0.0
083	1.0	0.0	0.0	0.0	1.0	2.0	0.0
084	1.0	1.0	0.0	0.0	1.0	2.0	0.0
085	3.0	3.0	2.0	2.0	2.668	6.332	2.0
086	3.0	5.0	2.0	3.0	3.733	8.267	2.0
087	1.0	0.0	1.0	0.0	0.3330000000000002	2.667	1.0
088	1.0	1.0	0.0	1.0	0.6660000000000004	5.334	1.0
089	1.0	4.0	0.0	4.0	1.9990000000000006	10.001	3.0
090	2.0	3.0	1.0	3.0	2.6660000000000004	9.334	3.0
091	1.0	6.0	1.0	5.0	3.333	11.667	4.0
092	2.0	4.0	2.0	3.0	3.0660000000000003	8.934	3.0
093	1.0	2.0	1.0	2.0	1.0	2.0	1.0
094	0.0	0.0	0.0	0.0	0.0	0.0	0.0
095	0.0	0.0	0.0	0.0	0.0	0.0	0.0
096	0.0	0.0	0.0	0.0	0.0	0.0	0.0
097	2.0	2.0	0.0	1.0	3.333	8.667	1.0
098	0.0	5.0	0.0	3.0	1.3320000000000007	10.668	2.0
099	2.0	1.0	1.0	1.0	1.3330000000000002	4.667	1.0
100	0.0	4.0	0.0	3.0	1.3320000000000007	10.668	3.0
101	5.0	2.0	2.0	2.0	5.0	13.0	3.0
102	2.0	2.0	1.0	1.0	4.0	8.0	2.0
103	0.0	1.0	0.0	1.0	0.3330000000000002	2.667	1.0
104	1.0	3.0	1.0	3.0	1.3330000000000002	4.667	2.0
105	2.0	1.0	2.0	1.0	2.0	4.0	2.0
106	2.0	2.0	1.0	2.0	2.4	3.6	1.0
107	2.0	2.0	1.0	2.0	4.0	8.0	3.0
108	1.0	3.0	1.0	2.0	1.6660000000000004	7.334	2.0
109	2.0	3.0	2.0	2.0	2.733	6.2669999999999995	2.0
110	0.0	2.0	0.0	2.0	1.0	2.0	1.0
111	0.0	0.0	0.0	0.0	0.0	0.0	0.0
112	5.0	3.0	3.0	1.0	4.9990000000000006	16.000999999999998	3.0
113	0.0	7.0	0.0	5.0	3.9990000000000006	14.001	4.0
114	1.0	1.0	1.0	1.0	0.6660000000000004	5.334	2.0
115	3.0	2.0	2.0	2.0	3.333	8.667	3.0
116	1.0	4.0	0.0	3.0	2.3340000000000005	9.666	2.0
117	0.0	4.0	0.0	3.0	0.9990000000000006	8.001	2.0
118	1.0	1.0	1.0	1.0	0.6660000000000004	5.334	2.0
119	1.0	0.0	1.0	0.0	0.3330000000000002	2.667	1.0
120	0.0	2.0	0.0	2.0	2.0	4.0	2.0
121	2.0	2.0	1.0	2.0	2.333	6.667	2.0
122	2.0	2.0	1.0	2.0	1.3330000000000002	4.667	1.0
123	2.0	1.0	1.0	0.0	3.0	6.0	1.0
124	3.0	1.0	2.0	1.0	1.6660000000000004	7.334	2.0
125	3.0	0.0	1.0	0.0	3.0	6.0	1.0
126	1.0	0.0	1.0	0.0	0.3330000000000002	2.667	1.0
127	2.0	0.0	1.0	0.0	2.0	4.0	1.0
128	1.0	5.0	1.0	3.0	3.6660000000000004	11.334	3.0
129	1.0	0.0	1.0	0.0	0.3330000000000002	2.667	1.0
130	3.0	3.0	1.0	3.0	4.336	10.664	3.0
131	2.0	0.0	1.0	0.0	2.0	4.0	1.0
132	0.0	1.0	0.0	1.0	0.3330000000000002	2.667	1.0
133	3.0	1.0	2.0	0.0	3.3360000000000003	8.664	2.0
134	1.0	1.0	1.0	1.0	0.6660000000000004	5.334	2.0
135	0.0	0.0	0.0	0.0	0.0	0.0	0.0
136	1.0	3.0	1.0	2.0	1.9990000000000006	10.001	3.0
137	1.0	0.0	1.0	0.0	0.3330000000000002	2.667	1.0
138	1.0	1.0	1.0	1.0	1.0	2.0	1.0
139	1.0	3.0	1.0	2.0	1.6660000000000004	7.334	2.0
140	0.0	1.0	0.0	0.0	1.0	2.0	0.0
141	0.0	0.0	0.0	0.0	0.0	0.0	0.0
142	2.0	3.0	1.0	1.0	3.0	6.0	2.0
143	1.0	1.0	0.0	1.0	1.3330000000000002	4.667	1.0
144	2.0	3.0	2.0	2.0	2.6660000000000004	9.334	3.0
145	3.0	3.0	2.0	3.0	3.6660000000000004	11.334	4.0
146	2.0	1.0	1.0	1.0	0.6660000000000004	5.334	1.0
147	3.0	2.0	2.0	2.0	4.0	8.0	3.0
148	1.0	4.0	0.0	3.0	4.001	10.998999999999999	3.0
149	2.0	3.0	2.0	3.0	2.333	6.667	3.0
150	0.0	3.0	0.0	3.0	2.0	4.0	2.0
151	3.0	0.0	3.0	0.0	3.0	6.0	3.0
152	0.0	2.0	0.0	2.0	0.3330000000000002	2.667	1.0
153	3.0	0.0	3.0	0.0	3.0	6.0	3.0
154	0.0	2.0	0.0	2.0	0.6660000000000004	5.334	2.0
155	2.0	4.0	1.0	3.0	4.668	10.332	3.0
156	1.0	3.0	0.0	2.0	2.3340000000000005	9.666	2.0
157	2.0	2.0	2.0	2.0	1.6660000000000004	7.334	3.0
158	2.0	4.0	2.0	2.0	3.333	8.667	3.0
159	1.0	2.0	1.0	2.0	2.0	4.0	2.0
160	2.0	4.0	1.0	0.0	5.0	10.0	1.0
161	3.0	4.0	1.0	3.0	5.333	12.667	3.0
162	3.0	1.0	2.0	0.0	3.0	6.0	2.0
163	0.0	0.0	0.0	0.0	0.0	0.0	0.0
164	2.0	2.0	2.0	1.0	3.0	6.0	2.0
165	2.0	2.0	1.0	2.0	1.9990000000000006	10.001	3.0
166	2.0	4.0	1.0	2.0	5.333	12.667	3.0
167	0.0	2.0	0.0	2.0	0.3330000000000002	5.667	2.0
168	3.0	3.0	2.0	1.0	5.0	10.0	2.0
169	1.0	2.0	1.0	0.0	3.0	6.0	1.0
170	1.0	3.0	1.0	1.0	2.6660000000000004	9.334	2.0
171	1.0	1.0	0.0	1.0	2.0	4.0	1.0
172	2.0	3.0	1.0	1.0	2.0010000000000003	6.999	1.0
173	2.0	4.0	1.0	3.0	3.6660000000000004	11.334	3.0
174	1.0	2.0	1.0	1.0	3.0	6.0	2.0
175	1.0	1.0	0.0	0.0	0.6660000000000004	5.334	0.0
176	3.0	1.0	1.0	1.0	3.0	6.0	1.0
177	3.0	1.0	3.0	0.0	4.0	8.0	3.0
178	1.0	2.0	1.0	2.0	1.3330000000000002	4.667	2.0
179	0.0	2.0	0.0	2.0	1.3330000000000002	4.667	2.0
180	1.0	2.0	1.0	2.0	1.3330000000000002	4.667	2.0
181	1.0	2.0	1.0	2.0	1.0	2.0	1.0
182	1.0	1.0	1.0	1.0	1.0	2.0	1.0
183	1.0	0.0	1.0	0.0	0.6680000000000001	2.332	1.0
184	3.0	2.0	2.0	2.0	4.333	10.667	4.0
185	1.0	4.0	1.0	4.0	2.6660000000000004	9.334	4.0
186	2.0	2.0	1.0	1.0	2.333	6.667	1.0
187	1.0	2.0	1.0	2.0	1.0	2.0	1.0
188	3.0	3.0	2.0	2.0	3.4	5.6	2.0
189	0.0	3.0	0.0	2.0	1.6660000000000004	7.334	2.0
190	1.0	3.0	1.0	1.0	4.0	8.0	2.0
191	2.0	5.0	2.0	4.0	4.336	10.664	4.0
192	2.0	1.0	1.0	1.0	2.333	6.667	2.0
193	2.0	2.0	1.0	1.0	1.0	5.0	1.0
194	2.0	2.0	2.0	2.0	2.0	7.0	3.0
195	1.0	2.0	1.0	1.0	3.0	6.0	2.0
196	0.0	2.0	0.0	1.0	2.0	4.0	1.0
197	2.0	2.0	1.0	2.0	2.333	6.667	2.0
198	2.0	2.0	2.0	1.0	2.333	6.667	2.0
199	1.0	6.0	1.0	3.0	2.9990000000000006	12.001	3.0
200	3.0	1.0	3.0	1.0	1.6680000000000001	7.332	3.0
201	1.0	1.0	1.0	1.0	0.6660000000000004	5.334	2.0
202	2.0	1.0	2.0	0.0	1.0010000000000003	4.999	1.0
203	3.0	2.0	2.0	2.0	5.0	10.0	4.0
204	1.0	4.0	0.0	4.0	1.9990000000000006	10.001	3.0
205	2.0	5.0	1.0	3.0	5.333	12.667	3.0
206	4.0	4.0	2.0	3.0	4.3340000000000005	13.666	4.0
207	1.0	4.0	1.0	4.0	1.3330000000000002	7.667	3.0
208	1.0	3.0	1.0	2.0	1.3320000000000007	10.668	3.0
209	3.0	0.0	2.0	0.0	3.0	6.0	2.0
210	3.0	0.0	3.0	0.0	3.8	5.2	3.0
211	2.0	1.0	1.0	1.0	0.9990000000000006	8.001	2.0
212	1.0	0.0	1.0	0.0	0.3330000000000002	2.667	1.0
213	3.0	3.0	2.0	2.0	5.0	10.0	3.0
214	0.0	0.0	0.0	0.0	0.0	0.0	0.0
215	2.0	4.0	2.0	3.0	5.0	10.0	4.0
216	4.0	3.0	3.0	1.0	3.335000000000001	14.665	3.0
217	1.0	3.0	1.0	3.0	0.6660000000000004	5.334	2.0
218	2.0	1.0	1.0	1.0	3.0	6.0	2.0
219	1.0	1.0	1.0	1.0	1.0010000000000003	4.999	2.0
220	2.0	0.0	2.0	0.0	2.0	4.0	2.0
221	0.0	1.0	0.0	1.0	1.0	2.0	1.0
222	2.0	0.0	1.0	0.0	2.0	4.0	1.0
223	3.0	0.0	3.0	0.0	3.0	6.0	3.0
224	0.0	0.0	0.0	0.0	0.0	0.0	0.0
225	3.0	0.0	2.0	0.0	3.0	6.0	2.0
226	1.0	1.0	1.0	1.0	2.0	4.0	2.0
227	1.0	1.0	1.0	0.0	1.0010000000000003	4.999	1.0
228	3.0	1.0	2.0	1.0	3.668	8.332	3.0
229	1.0	3.0	1.0	2.0	1.3330000000000002	4.667	1.0
230	0.0	2.0	0.0	2.0	1.0	2.0	1.0
231	2.0	2.0	1.0	0.0	0.6660000000000004	5.334	1.0
232	0.0	0.0	0.0	0.0	0.0	0.0	0.0
233	1.0	5.0	1.0	2.0	3.6660000000000004	11.334	2.0
234	2.0	2.0	1.0	2.0	3.333	8.667	3.0
235	0.0	2.0	0.0	2.0	1.3330000000000002	4.667	2.0
236	1.0	1.0	1.0	1.0	1.0	2.0	1.0
237	0.0	3.0	0.0	3.0	1.3330000000000002	4.667	2.0
238	0.0	0.0	0.0	0.0	0.0	0.0	0.0
239	0.0	0.0	0.0	0.0	0.0	0.0	0.0
240	0.0	0.0	0.0	0.0	0.0	0.0	0.0
241	0.0	0.0	0.0	0.0	0.0	0.0	0.0
242	0.0	3.0	0.0	3.0	1.3330000000000002	4.667	2.0
243	2.0	2.0	2.0	2.0	1.3330000000000002	4.667	2.0
244	1.0	3.0	1.0	3.0	1.6660000000000004	7.334	3.0
245	2.0	1.0	2.0	1.0	2.333	6.667	3.0
246	2.0	5.0	2.0	3.0	3.6670000000000007	14.332999999999998	4.0
247	3.0	6.0	3.0	4.0	4.3340000000000005	13.666	4.0
248	1.0	4.0	1.0	2.0	2.6660000000000004	9.334	3.0
249	2.0	3.0	1.0	3.0	1.3320000000000007	10.668	3.0
250	1.0	0.0	1.0	0.0	0.3330000000000002	2.667	1.0
251	1.0	0.0	1.0	0.0	0.3330000000000002	2.667	1.0
252	2.0	5.0	1.0	4.0	2.9990000000000006	12.001	3.0
253	1.0	2.0	1.0	2.0	0.6680000000000001	2.332	1.0
254	1.0	2.0	1.0	0.0	2.0	4.0	1.0
255	0.0	3.0	0.0	2.0	1.3330000000000002	4.667	1.0
256	3.0	1.0	3.0	1.0	2.3360000000000003	6.664	3.0
257	1.0	0.0	1.0	0.0	1.0	2.0	1.0
258	3.0	0.0	2.0	0.0	0.9990000000000006	8.001	2.0
259	2.0	0.0	1.0	0.0	2.0	4.0	1.0
260	1.0	0.0	1.0	0.0	1.0	2.0	1.0
261	3.0	0.0	2.0	0.0	2.3360000000000003	6.664	2.0
262	2.0	0.0	1.0	0.0	2.0	4.0	1.0
263	3.0	0.0	2.0	0.0	3.0	6.0	2.0
264	1.0	0.0	1.0	0.0	0.6680000000000001	2.332	1.0
265	3.0	0.0	2.0	0.0	3.0	6.0	2.0
266	0.0	0.0	0.0	0.0	0.0	0.0	0.0
267	1.0	2.0	0.0	2.0	0.6660000000000004	5.334	1.0
268	0.0	1.0	0.0	1.0	0.3330000000000002	2.667	1.0
269	1.0	1.0	1.0	0.0	0.6660000000000004	5.334	1.0
270	1.0	0.0	1.0	0.0	0.3330000000000002	2.667	1.0
271	2.0	0.0	1.0	0.0	1.3360000000000003	4.664	1.0
272	3.0	0.0	0.0	0.0	3.0	6.0	0.0
273	2.0	1.0	0.0	0.0	2.3360000000000003	6.664	0.0
274	1.0	0.0	1.0	0.0	0.3330000000000002	2.667	1.0
275	1.0	0.0	1.0	0.0	0.3330000000000002	2.667	1.0
276	4.0	0.0	3.0	0.0	4.0	8.0	3.0
277	0.0	2.0	0.0	2.0	0.6660000000000004	5.334	2.0
278	2.0	0.0	1.0	0.0	0.6660000000000004	5.334	1.0
279	0.0	3.0	0.0	2.0	1.3330000000000002	4.667	1.0
280	1.0	0.0	1.0	0.0	0.3330000000000002	2.667	1.0
281	1.0	0.0	0.0	0.0	0.3330000000000002	2.667	0.0
282	1.0	0.0	0.0	0.0	0.3330000000000002	2.667	0.0
283	2.0	0.0	2.0	0.0	2.0	4.0	2.0
284	3.0	2.0	0.0	2.0	4.0	8.0	1.0
285	3.0	0.0	3.0	0.0	3.0	6.0	3.0
286	0.0	1.0	0.0	1.0	1.0	2.0	1.0
287	1.0	0.0	1.0	0.0	0.3330000000000002	2.667	1.0
288	3.0	0.0	2.0	0.0	3.0	6.0	2.0
289	3.0	1.0	3.0	1.0	3.668	8.332	4.0
290	2.0	0.0	1.0	0.0	2.0	4.0	1.0
291	0.0	0.0	0.0	0.0	0.0	0.0	0.0
292	0.0	1.0	0.0	1.0	0.3330000000000002	2.667	1.0
293	2.0	0.0	1.0	0.0	2.0	4.0	1.0
294	3.0	0.0	3.0	0.0	3.0	6.0	3.0
295	2.0	0.0	2.0	0.0	2.0	4.0	2.0
296	1.0	0.0	1.0	0.0	1.0	2.0	1.0
297	1.0	2.0	1.0	2.0	0.3330000000000002	2.667	1.0
298	3.0	1.0	1.0	1.0	4.0	8.0	2.0
299	0.0	2.0	0.0	2.0	1.0	2.0	1.0
300	2.0	1.0	1.0	1.0	3.0	6.0	2.0
301	5.0	0.0	4.0	0.0	3.668	8.332	3.0
302	2.0	1.0	1.0	1.0	1.6680000000000001	4.332	1.0
303	1.0	2.0	0.0	2.0	1.3330000000000002	4.667	1.0
304	0.0	0.0	0.0	0.0	0.0	0.0	0.0
305	3.0	0.0	2.0	0.0	3.0	6.0	2.0
306	3.0	1.0	3.0	1.0	2.333	6.667	3.0
307	3.0	1.0	2.0	1.0	4.133	7.866999999999999	3.0
308	1.0	0.0	1.0	0.0	0.3330000000000002	2.667	1.0
309	2.0	0.0	2.0	0.0	1.6680000000000001	4.332	2.0
310	0.0	0.0	0.0	0.0	0.0	0.0	0.0
311	1.0	0.0	1.0	0.0	0.3330000000000002	2.667	1.0
312	2.0	0.0	1.0	0.0	0.6660000000000004	5.334	1.0
313	1.0	1.0	0.0	0.0	0.6680000000000001	2.332	0.0
314	2.0	0.0	2.0	0.0	0.6660000000000004	5.334	2.0
315	1.0	0.0	1.0	0.0	0.6680000000000001	2.332	1.0
316	2.0	0.0	1.0	0.0	0.6660000000000004	5.334	1.0
317	2.0	0.0	1.0	0.0	0.6660000000000004	5.334	1.0
318	1.0	0.0	1.0	0.0	0.3330000000000002	2.667	1.0
319	0.0	0.0	0.0	0.0	0.0	0.0	0.0
320	3.0	0.0	3.0	0.0	3.0	6.0	3.0
321	3.0	0.0	2.0	0.0	2.3360000000000003	6.664	2.0
322	1.0	2.0	1.0	2.0	1.3330000000000002	4.667	2.0
323	1.0	1.0	1.0	1.0	0.3330000000000002	2.667	1.0
324	4.0	0.0	3.0	0.0	3.668	8.332	3.0
325	2.0	2.0	1.0	1.0	1.3320000000000007	10.668	2.0
326	0.0	0.0	0.0	0.0	0.0	0.0	0.0
327	3.0	0.0	2.0	0.0	3.0	6.0	2.0
328	4.0	0.0	3.0	0.0	3.668	8.332	3.0
329	2.0	0.0	1.0	0.0	1.6680000000000001	4.332	1.0
330	0.0	0.0	0.0	0.0	0.0	0.0	0.0
331	1.0	0.0	0.0	0.0	0.3330000000000002	2.667	0.0
332	1.0	2.0	1.0	2.0	2.0	4.0	2.0
333	3.0	2.0	2.0	1.0	4.0	8.0	2.0
334	2.0	0.0	1.0	0.0	2.0	4.0	1.0
335	5.0	1.0	4.0	1.0	5.804	12.196	5.0
336	2.0	8.0	1.0	5.0	4.332000000000001	16.668	4.0
337	3.0	4.0	2.0	2.0	4.0	11.0	3.0
338	2.0	4.0	2.0	4.0	2.0	4.0	2.0
339	3.0	4.0	0.0	3.0	6.134	14.866	3.0
340	2.0	2.0	1.0	2.0	0.3330000000000002	5.667	1.0
341	2.0	3.0	2.0	2.0	3.333	8.667	3.0
342	0.0	1.0	0.0	1.0	0.3330000000000002	2.667	1.0
343	3.0	7.0	2.0	4.0	5.666	15.334	4.0
344	2.0	4.0	0.0	2.0	3.333	8.667	1.0
345	2.0	4.0	2.0	2.0	2.333	6.667	2.0
346	2.0	3.0	1.0	1.0	3.333	8.667	1.0
347	1.0	3.0	0.0	0.0	2.0	4.0	0.0
348	4.0	2.0	3.0	2.0	4.668	10.332	4.0
349	3.0	4.0	1.0	4.0	3.333	8.667	2.0
350	2.0	2.0	2.0	2.0	2.0	4.0	2.0
351	2.0	3.0	2.0	3.0	2.333	6.667	3.0
352	2.0	2.0	1.0	1.0	3.0	6.0	1.0
353	1.0	1.0	1.0	1.0	1.3330000000000002	4.667	2.0
354	0.0	6.0	0.0	4.0	2.6660000000000004	9.334	3.0
355	2.0	1.0	1.0	1.0	2.0	4.0	1.0
356	3.0	2.0	2.0	2.0	4.0	8.0	3.0
357	1.0	0.0	0.0	0.0	0.3330000000000002	2.667	0.0
358	1.0	1.0	1.0	0.0	2.0	4.0	1.0
359	2.0	0.0	2.0	0.0	0.6660000000000004	5.334	2.0
360	2.0	4.0	2.0	3.0	4.0	8.0	3.0
361	2.0	0.0	2.0	0.0	0.6660000000000004	5.334	2.0
362	2.0	2.0	2.0	2.0	2.333	6.667	3.0
363	2.0	2.0	1.0	1.0	1.6660000000000004	7.334	2.0
364	1.0	2.0	1.0	1.0	2.0	4.0	1.0
365	2.0	2.0	2.0	1.0	3.3360000000000003	8.664	3.0
366	1.0	2.0	1.0	2.0	2.0	4.0	2.0
367	0.0	2.0	0.0	2.0	1.4	1.6	1.0
368	1.0	1.0	0.0	1.0	1.3330000000000002	4.667	1.0
369	2.0	2.0	2.0	1.0	3.333	8.667	3.0
370	1.0	1.0	0.0	0.0	1.3330000000000002	4.667	0.0
371	0.0	0.0	0.0	0.0	0.0	0.0	0.0
372	0.0	0.0	0.0	0.0	0.0	0.0	0.0
373	0.0	0.0	0.0	0.0	0.0	0.0	0.0
