pos	Sd	Nd	Sd_tip	Nd_tip	S	N	comparisons
001	0.0	0.0	0.0	0.0	0.0	0.0	0.0
002	0.0	0.0	0.0	0.0	0.0	0.0	0.0
003	0.0	0.0	0.0	0.0	0.0	0.0	0.0
004	1.0	2.0	0.0	0.0	0.3330000000000002	2.667	0.0
005	2.0	1.0	1.0	0.0	3.0	6.0	1.0
006	2.0	0.0	0.0	0.0	2.0	4.0	0.0
007	2.0	2.0	1.0	0.0	3.333	8.667	1.0
008	1.0	3.0	0.0	0.0	2.333	6.667	0.0
009	3.0	0.0	1.0	0.0	3.0	6.0	1.0
010	1.0	1.0	0.0	0.0	0.6660000000000004	5.334	0.0
011	1.0	1.0	0.0	0.0	1.0	2.0	0.0
012	2.0	1.0	1.0	1.0	2.333	6.667	2.0
013	0.0	0.0	0.0	0.0	0.0	0.0	0.0
014	1.0	0.0	0.0	0.0	0.3330000000000002	2.667	0.0
015	0.0	0.0	0.0	0.0	0.0	0.0	0.0
016	0.0	1.0	0.0	0.0	0.3330000000000002	2.667	0.0
017	1.0	0.0	1.0	0.0	0.6680000000000001	2.332	1.0
018	0.0	0.0	0.0	0.0	0.0	0.0	0.0
019	2.0	1.0	1.0	0.0	2.333	6.667	1.0
020	1.0	0.0	1.0	0.0	0.3330000000000002	2.667	1.0
021	1.0	0.0	0.0	0.0	0.3330000000000002	2.667	0.0
022	1.0	2.0	0.0	0.0	1.0	2.0	0.0
023	1.0	1.0	1.0	0.0	1.6680000000000001	4.332	1.0
024	0.0	0.0	0.0	0.0	0.0	0.0	0.0
025	0.0	0.0	0.0	0.0	0.0	0.0	0.0
026	0.0	0.0	0.0	0.0	0.0	0.0	0.0
027	3.0	0.0	0.0	0.0	3.0	6.0	0.0
028	1.0	0.0	0.0	0.0	0.6680000000000001	2.332	0.0
029	1.0	0.0	1.0	0.0	0.3330000000000002	2.667	1.0
030	1.0	0.0	1.0	0.0	0.3330000000000002	2.667	1.0
031	0.0	0.0	0.0	0.0	0.0	0.0	0.0
032	2.0	0.0	1.0	0.0	2.0	4.0	1.0
033	0.0	0.0	0.0	0.0	0.0	0.0	0.0
034	2.0	0.0	1.0	0.0	0.6660000000000004	5.334	1.0
035	3.0	0.0	1.0	0.0	2.0040000000000004	6.9959999999999996	1.0
036	2.0	0.0	1.0	0.0	2.0	4.0	1.0
037	2.0	0.0	1.0	0.0	0.6660000000000004	5.334	1.0
038	3.0	1.0	1.0	1.0	3.668	8.332	2.0
039	0.0	2.0	0.0	2.0	0.0	3.0	1.0
040	2.0	2.0	2.0	2.0	0.9990000000000006	8.001	3.0
041	3.0	2.0	2.0	2.0	1.6660000000000004	7.334	2.0
042	3.0	1.0	2.0	1.0	3.0	6.0	2.0
043	0.0	3.0	0.0	2.0	0.9990000000000006	8.001	2.0
044	3.0	2.0	2.0	2.0	1.6660000000000004	7.334	2.0
045	3.0	2.0	2.0	2.0	1.6660000000000004	7.334	2.0
046	0.0	2.0	0.0	2.0	0.6680000000000001	2.332	1.0
047	2.0	0.0	2.0	0.0	2.4	3.6	2.0
048	3.0	0.0	2.0	0.0	3.0	6.0	2.0
049	3.0	0.0	3.0	0.0	3.8	5.2	3.0
050	1.0	0.0	1.0	0.0	0.3330000000000002	2.667	1.0
051	3.0	0.0	2.0	0.0	3.0	6.0	2.0
052	3.0	0.0	3.0	0.0	3.468	5.532	3.0
053	0.0	0.0	0.0	0.0	0.0	0.0	0.0
054	2.0	0.0	1.0	0.0	2.0	4.0	1.0
055	2.0	0.0	1.0	0.0	2.8	3.2	1.0
056	3.0	2.0	2.0	2.0	3.333	8.667	3.0
057	2.0	3.0	1.0	2.0	1.9990000000000006	10.001	2.0
058	2.0	0.0	2.0	0.0	0.6660000000000004	5.334	2.0
059	1.0	0.0	1.0	0.0	1.0	2.0	1.0
060	1.0	0.0	1.0	0.0	0.3330000000000002	2.667	1.0
061	0.0	6.0	0.0	5.0	2.6660000000000004	9.334	3.0
062	1.0	0.0	1.0	0.0	0.3330000000000002	2.667	1.0
063	1.0	0.0	1.0	0.0	1.0	2.0	1.0
064	1.0	0.0	1.0	0.0	1.0	2.0	1.0
065	3.0	0.0	3.0	0.0	2.0040000000000004	6.9959999999999996	3.0
066	2.0	0.0	2.0	0.0	0.6660000000000004	5.334	2.0
067	3.0	0.0	2.0	0.0	3.0	6.0	2.0
068	3.0	0.0	1.0	0.0	3.0	6.0	1.0
069	2.0	0.0	2.0	0.0	2.8	3.2	2.0
070	0.0	0.0	0.0	0.0	0.0	0.0	0.0
071	1.0	0.0	1.0	0.0	0.3330000000000002	2.667	1.0
072	0.0	0.0	0.0	0.0	0.0	0.0	0.0
073	2.0	0.0	1.0	0.0	2.0	4.0	1.0
074	1.0	0.0	1.0	0.0	1.0	2.0	1.0
075	2.0	1.0	1.0	1.0	0.6660000000000004	5.334	1.0
076	1.0	0.0	1.0	0.0	0.3330000000000002	2.667	1.0
077	1.0	0.0	1.0	0.0	1.0	2.0	1.0
078	0.0	1.0	0.0	1.0	1.4	1.6	1.0
079	2.0	0.0	1.0	0.0	2.0	4.0	1.0
080	2.0	0.0	1.0	0.0	2.0	4.0	1.0
081	4.0	0.0	2.0	0.0	2.668	6.332	2.0
082	1.0	1.0	1.0	1.0	1.3330000000000002	4.667	2.0
083	2.0	0.0	1.0	0.0	2.0	4.0	1.0
084	1.0	0.0	1.0	0.0	0.3330000000000002	2.667	1.0
085	3.0	0.0	2.0	0.0	3.0	6.0	2.0
086	3.0	0.0	2.0	0.0	0.9990000000000006	8.001	2.0
087	3.0	0.0	2.0	0.0	3.0	6.0	2.0
088	2.0	0.0	2.0	0.0	1.3360000000000003	4.664	2.0
089	1.0	0.0	1.0	0.0	0.3330000000000002	2.667	1.0
090	0.0	0.0	0.0	0.0	0.0	0.0	0.0
091	2.0	0.0	1.0	0.0	2.0	4.0	1.0
092	2.0	0.0	0.0	0.0	2.4	3.6	0.0
093	2.0	0.0	1.0	0.0	0.6660000000000004	5.334	1.0
094	2.0	0.0	1.0	0.0	0.6660000000000004	5.334	1.0
095	3.0	0.0	2.0	0.0	3.068	5.932	2.0
096	2.0	0.0	2.0	0.0	2.0	4.0	2.0
097	0.0	0.0	0.0	0.0	0.0	0.0	0.0
098	0.0	0.0	0.0	0.0	0.0	0.0	0.0
099	0.0	0.0	0.0	0.0	0.0	0.0	0.0
100	1.0	0.0	1.0	0.0	0.3330000000000002	2.667	1.0
101	2.0	2.0	2.0	1.0	4.0	8.0	3.0
102	1.0	1.0	1.0	1.0	1.0010000000000003	4.999	2.0
103	2.0	0.0	1.0	0.0	0.6660000000000004	5.334	1.0
104	1.0	1.0	0.0	1.0	0.6660000000000004	5.334	1.0
105	0.0	0.0	0.0	0.0	0.0	0.0	0.0
106	1.0	0.0	1.0	0.0	1.4	1.6	1.0
107	1.0	0.0	0.0	0.0	0.3330000000000002	2.667	0.0
108	1.0	1.0	0.0	1.0	0.6660000000000004	5.334	1.0
109	0.0	0.0	0.0	0.0	0.0	0.0	0.0
110	0.0	0.0	0.0	0.0	0.0	0.0	0.0
111	2.0	2.0	2.0	2.0	1.3330000000000002	4.667	2.0
112	0.0	2.0	0.0	2.0	0.3330000000000002	2.667	1.0
113	0.0	2.0	0.0	1.0	0.6660000000000004	5.334	1.0
114	2.0	2.0	2.0	2.0	0.6660000000000004	8.334	3.0
115	2.0	2.0	2.0	2.0	2.668	6.332	3.0
116	2.0	0.0	1.0	0.0	0.6660000000000004	5.334	1.0
117	1.0	0.0	0.0	0.0	1.0	2.0	0.0
118	0.0	0.0	0.0	0.0	0.0	0.0	0.0
119	0.0	0.0	0.0	0.0	0.0	0.0	0.0
120	2.0	2.0	1.0	0.0	1.3330000000000002	4.667	1.0
121	1.0	0.0	0.0	0.0	0.6680000000000001	2.332	0.0
