pos	Sd	Nd	Sd_tip	Nd_tip	S	N	comparisons
001	0.0	0.0	0.0	0.0	0.0	0.0	0.0
002	1.0	0.0	0.0	0.0	1.0	2.0	0.0
003	1.0	0.0	0.0	0.0	0.3330000000000002	2.667	0.0
004	2.0	0.0	0.0	0.0	2.0	4.0	0.0
005	1.0	0.0	0.0	0.0	1.0	2.0	0.0
006	1.0	0.0	0.0	0.0	1.0	2.0	0.0
007	0.0	0.0	0.0	0.0	0.0	0.0	0.0
008	1.0	0.0	0.0	0.0	1.0	2.0	0.0
009	1.0	1.0	0.0	0.0	1.0	2.0	0.0
010	0.0	0.0	0.0	0.0	0.0	0.0	0.0
011	0.0	1.0	0.0	0.0	0.6680000000000001	2.332	0.0
012	2.0	0.0	1.0	0.0	2.0	4.0	1.0
013	1.0	0.0	0.0	0.0	1.0	2.0	0.0
014	2.0	1.0	0.0	1.0	2.3360000000000003	6.664	1.0
015	0.0	0.0	0.0	0.0	0.0	0.0	0.0
016	2.0	2.0	1.0	0.0	1.3330000000000002	4.667	1.0
017	1.0	0.0	0.0	0.0	1.4	1.6	0.0
018	2.0	0.0	1.0	0.0	2.0	4.0	1.0
019	1.0	0.0	0.0	0.0	1.0	2.0	0.0
020	1.0	2.0	0.0	1.0	2.333	6.667	1.0
021	0.0	0.0	0.0	0.0	0.0	0.0	0.0
022	1.0	0.0	0.0	0.0	0.3330000000000002	2.667	0.0
023	0.0	1.0	0.0	1.0	0.3330000000000002	2.667	1.0
024	1.0	2.0	0.0	1.0	1.6660000000000004	7.334	1.0
025	1.0	1.0	0.0	0.0	1.6680000000000001	4.332	0.0
026	2.0	0.0	1.0	0.0	2.0	4.0	1.0
027	0.0	1.0	0.0	1.0	0.3330000000000002	2.667	1.0
028	1.0	0.0	0.0	0.0	0.3330000000000002	2.667	0.0
029	1.0	2.0	0.0	1.0	2.668	6.332	1.0
030	1.0	1.0	0.0	0.0	1.0010000000000003	4.999	0.0
031	1.0	0.0	0.0	0.0	0.3330000000000002	2.667	0.0
032	1.0	0.0	0.0	0.0	1.0	2.0	0.0
033	1.0	0.0	0.0	0.0	0.3330000000000002	2.667	0.0
034	0.0	1.0	0.0	0.0	0.3330000000000002	2.667	0.0
035	2.0	0.0	0.0	0.0	2.0	4.0	0.0
036	1.0	1.0	0.0	0.0	0.6660000000000004	5.334	0.0
037	1.0	0.0	0.0	0.0	0.3330000000000002	2.667	0.0
038	2.0	3.0	0.0	1.0	1.6660000000000004	7.334	1.0
039	1.0	1.0	0.0	0.0	2.0	4.0	0.0
040	0.0	3.0	0.0	2.0	1.6680000000000001	4.332	1.0
041	0.0	2.0	0.0	0.0	0.6660000000000004	5.334	0.0
042	2.0	0.0	0.0	0.0	0.6680000000000001	2.332	0.0
043	1.0	0.0	0.0	0.0	1.0	2.0	0.0
044	1.0	1.0	0.0	0.0	0.6660000000000004	5.334	0.0
045	1.0	0.0	0.0	0.0	0.3330000000000002	2.667	0.0
046	2.0	2.0	0.0	0.0	2.0	7.0	0.0
047	3.0	0.0	0.0	0.0	2.668	6.332	0.0
048	1.0	1.0	1.0	0.0	0.6660000000000004	5.334	1.0
049	3.0	0.0	1.0	0.0	2.668	6.332	1.0
050	1.0	0.0	1.0	0.0	1.0	2.0	1.0
051	2.0	0.0	0.0	0.0	2.0	4.0	0.0
052	1.0	2.0	0.0	1.0	1.0010000000000003	4.999	1.0
053	2.0	0.0	1.0	0.0	2.068	3.932	1.0
054	1.0	0.0	0.0	0.0	0.3330000000000002	2.667	0.0
055	1.0	0.0	1.0	0.0	0.3330000000000002	2.667	1.0
056	0.0	0.0	0.0	0.0	0.0	0.0	0.0
057	2.0	2.0	0.0	0.0	2.333	6.667	0.0
058	2.0	0.0	0.0	0.0	2.0	4.0	0.0
059	3.0	0.0	1.0	0.0	3.068	5.932	1.0
060	0.0	0.0	0.0	0.0	0.0	0.0	0.0
061	1.0	2.0	0.0	0.0	1.6680000000000001	4.332	0.0
062	1.0	0.0	0.0	0.0	1.0	2.0	0.0
063	1.0	0.0	1.0	0.0	1.0	2.0	1.0
064	0.0	0.0	0.0	0.0	0.0	0.0	0.0
065	1.0	3.0	0.0	1.0	1.9990000000000006	10.001	1.0
066	1.0	0.0	0.0	0.0	0.3330000000000002	2.667	0.0
067	0.0	3.0	0.0	0.0	0.9990000000000006	8.001	0.0
068	1.0	2.0	0.0	0.0	2.0	4.0	0.0
069	2.0	1.0	1.0	0.0	3.0	6.0	1.0
070	1.0	1.0	0.0	0.0	1.0	2.0	0.0
071	1.0	2.0	0.0	0.0	1.6680000000000001	4.332	0.0
072	1.0	0.0	0.0	0.0	0.3330000000000002	2.667	0.0
073	1.0	0.0	0.0	0.0	0.3330000000000002	2.667	0.0
074	1.0	0.0	0.0	0.0	1.0	2.0	0.0
075	1.0	1.0	0.0	0.0	0.6660000000000004	5.334	0.0
076	0.0	0.0	0.0	0.0	0.0	0.0	0.0
077	1.0	1.0	0.0	0.0	0.6680000000000001	2.332	0.0
078	1.0	2.0	0.0	2.0	0.6660000000000004	5.334	1.0
079	1.0	2.0	0.0	1.0	2.333	6.667	1.0
080	1.0	0.0	0.0	0.0	0.3330000000000002	2.667	0.0
081	1.0	1.0	0.0	0.0	1.3330000000000002	4.667	0.0
082	1.0	0.0	0.0	0.0	0.3330000000000002	2.667	0.0
083	1.0	1.0	0.0	0.0	0.6680000000000001	2.332	0.0
084	1.0	0.0	0.0	0.0	1.0	2.0	0.0
085	1.0	3.0	0.0	2.0	2.0660000000000003	6.933999999999999	1.0
086	1.0	2.0	0.0	1.0	0.9990000000000006	8.001	1.0
087	2.0	1.0	1.0	0.0	2.3360000000000003	6.664	1.0
088	0.0	2.0	0.0	1.0	1.3330000000000002	4.667	1.0
089	0.0	2.0	0.0	0.0	0.3330000000000002	2.667	0.0
090	1.0	3.0	1.0	1.0	1.3330000000000002	4.667	1.0
091	1.0	2.0	0.0	0.0	1.0	2.0	0.0
092	1.0	0.0	0.0	0.0	0.3330000000000002	2.667	0.0
093	1.0	0.0	0.0	0.0	0.3330000000000002	2.667	0.0
094	1.0	0.0	0.0	0.0	1.0	2.0	0.0
095	2.0	1.0	0.0	0.0	2.068	3.932	0.0
096	1.0	4.0	1.0	0.0	1.9990000000000006	10.001	1.0
097	1.0	0.0	1.0	0.0	0.3330000000000002	2.667	1.0
098	1.0	0.0	0.0	0.0	0.3330000000000002	2.667	0.0
099	1.0	3.0	0.0	2.0	1.3330000000000002	4.667	1.0
100	0.0	3.0	0.0	1.0	0.9990000000000006	8.001	1.0
101	1.0	2.0	0.0	0.0	0.3330000000000002	2.667	0.0
102	0.0	1.0	0.0	1.0	0.3330000000000002	2.667	1.0
103	1.0	0.0	1.0	0.0	0.3330000000000002	2.667	1.0
104	2.0	4.0	1.0	1.0	4.0	8.0	1.0
105	2.0	2.0	0.0	0.0	2.0010000000000003	6.999	0.0
106	2.0	2.0	0.0	0.0	1.0	5.0	0.0
107	0.0	2.0	0.0	0.0	0.6680000000000001	5.332	0.0
108	0.0	4.0	0.0	1.0	2.668	6.332	1.0
109	1.0	0.0	0.0	0.0	1.0	2.0	0.0
110	1.0	0.0	0.0	0.0	0.3330000000000002	2.667	0.0
111	2.0	0.0	0.0	0.0	1.6680000000000001	4.332	0.0
112	0.0	0.0	0.0	0.0	0.0	0.0	0.0
113	0.0	0.0	0.0	0.0	0.0	0.0	0.0
114	2.0	0.0	1.0	0.0	2.0	4.0	1.0
115	1.0	0.0	0.0	0.0	0.3330000000000002	2.667	0.0
116	1.0	0.0	0.0	0.0	1.0	2.0	0.0
117	1.0	2.0	0.0	0.0	1.6680000000000001	4.332	0.0
118	1.0	1.0	1.0	0.0	0.6660000000000004	5.334	1.0
119	0.0	2.0	0.0	0.0	1.3330000000000002	4.667	0.0
120	1.0	0.0	0.0	0.0	1.0	2.0	0.0
121	0.0	0.0	0.0	0.0	0.0	0.0	0.0
122	2.0	1.0	0.0	0.0	2.0	4.0	0.0
123	3.0	0.0	1.0	0.0	3.068	5.932	1.0
124	2.0	2.0	1.0	0.0	2.3360000000000003	6.664	1.0
125	1.0	0.0	0.0	0.0	1.0	2.0	0.0
126	2.0	3.0	0.0	1.0	1.3340000000000005	7.6659999999999995	1.0
127	0.0	1.0	0.0	0.0	0.6680000000000001	2.332	0.0
128	1.0	1.0	0.0	0.0	1.3330000000000002	4.667	0.0
129	1.0	1.0	0.0	0.0	1.3330000000000002	4.667	0.0
130	0.0	2.0	0.0	0.0	1.0	2.0	0.0
131	0.0	5.0	0.0	1.0	1.3340000000000005	7.6659999999999995	1.0
132	1.0	2.0	0.0	0.0	0.9990000000000006	8.001	0.0
133	2.0	1.0	1.0	1.0	2.0	4.0	1.0
134	2.0	1.0	0.0	0.0	3.068	5.932	0.0
135	2.0	4.0	1.0	1.0	2.0010000000000003	6.999	1.0
136	2.0	0.0	0.0	0.0	0.6680000000000001	2.332	0.0
137	2.0	0.0	1.0	0.0	2.0	4.0	1.0
138	1.0	0.0	0.0	0.0	1.0	2.0	0.0
139	1.0	0.0	0.0	0.0	1.0	2.0	0.0
140	0.0	0.0	0.0	0.0	0.0	0.0	0.0
141	1.0	0.0	0.0	0.0	0.3330000000000002	2.667	0.0
142	2.0	0.0	1.0	0.0	2.0	4.0	1.0
143	3.0	0.0	1.0	0.0	2.668	6.332	1.0
144	0.0	3.0	0.0	0.0	1.3340000000000005	7.6659999999999995	0.0
145	0.0	1.0	0.0	0.0	0.3330000000000002	2.667	0.0
146	0.0	2.0	0.0	1.0	0.3330000000000002	5.667	1.0
147	2.0	1.0	0.0	1.0	2.068	6.932	1.0
148	0.0	2.0	0.0	0.0	0.6660000000000004	5.334	0.0
149	1.0	2.0	1.0	1.0	1.3330000000000002	4.667	1.0
150	3.0	0.0	2.0	0.0	2.068	3.932	1.0
151	1.0	2.0	0.0	1.0	2.333	6.667	1.0
152	0.0	3.0	0.0	2.0	0.3330000000000002	5.667	1.0
153	1.0	0.0	0.0	0.0	0.3330000000000002	2.667	0.0
154	1.0	2.0	0.0	2.0	0.6660000000000004	5.334	1.0
155	1.0	1.0	0.0	0.0	0.3330000000000002	2.667	0.0
156	2.0	1.0	1.0	0.0	2.068	3.932	1.0
157	2.0	2.0	1.0	1.0	1.0	5.0	1.0
158	2.0	4.0	1.0	2.0	1.3330000000000002	4.667	1.0
159	1.0	1.0	0.0	0.0	2.0	4.0	0.0
160	1.0	1.0	0.0	0.0	0.6680000000000001	5.332	0.0
161	0.0	3.0	0.0	1.0	1.6660000000000004	7.334	1.0
162	1.0	3.0	1.0	1.0	2.668	6.332	1.0
163	2.0	1.0	1.0	0.0	3.4	5.6	1.0
164	2.0	3.0	1.0	0.0	3.333	8.667	1.0
165	1.0	3.0	0.0	1.0	0.9990000000000006	8.001	1.0
166	0.0	1.0	0.0	0.0	0.3330000000000002	2.667	0.0
167	1.0	1.0	0.0	0.0	2.0	4.0	0.0
168	1.0	1.0	0.0	0.0	0.6660000000000004	5.334	0.0
169	2.0	0.0	0.0	0.0	1.0	2.0	0.0
170	1.0	2.0	0.0	0.0	3.4	5.6	0.0
171	1.0	3.0	0.0	1.0	4.0	8.0	1.0
172	1.0	3.0	0.0	2.0	1.3330000000000002	4.667	1.0
173	1.0	0.0	0.0	0.0	0.6680000000000001	2.332	0.0
174	1.0	0.0	0.0	0.0	0.3330000000000002	2.667	0.0
175	1.0	0.0	0.0	0.0	1.0	2.0	0.0
176	2.0	0.0	0.0	0.0	0.6680000000000001	2.332	0.0
177	1.0	0.0	0.0	0.0	0.6680000000000001	2.332	0.0
178	1.0	1.0	1.0	0.0	1.3330000000000002	4.667	1.0
179	3.0	0.0	0.0	0.0	3.468	5.532	0.0
180	1.0	1.0	0.0	0.0	0.6660000000000004	5.334	0.0
181	0.0	3.0	0.0	1.0	0.9990000000000006	8.001	1.0
182	0.0	3.0	0.0	0.0	0.9990000000000006	8.001	0.0
183	1.0	1.0	0.0	0.0	1.3330000000000002	4.667	0.0
184	0.0	2.0	0.0	1.0	0.6660000000000004	5.334	1.0
185	1.0	2.0	0.0	0.0	1.0010000000000003	4.999	0.0
186	1.0	1.0	0.0	0.0	1.0	2.0	0.0
187	1.0	3.0	1.0	1.0	1.6680000000000001	4.332	1.0
188	1.0	3.0	0.0	1.0	0.9990000000000006	8.001	1.0
189	1.0	1.0	0.0	1.0	0.6660000000000004	5.334	1.0
190	0.0	0.0	0.0	0.0	0.0	0.0	0.0
191	2.0	0.0	0.0	0.0	1.3360000000000003	4.664	0.0
192	0.0	2.0	0.0	1.0	1.3330000000000002	4.667	1.0
193	1.0	1.0	0.0	0.0	2.0	4.0	0.0
194	0.0	0.0	0.0	0.0	0.0	0.0	0.0
195	0.0	0.0	0.0	0.0	0.0	0.0	0.0
196	0.0	0.0	0.0	0.0	0.0	0.0	0.0
197	1.0	3.0	0.0	1.0	1.6660000000000004	7.334	1.0
198	0.0	4.0	0.0	1.0	1.3340000000000005	7.6659999999999995	1.0
199	0.0	0.0	0.0	0.0	0.0	0.0	0.0
200	1.0	0.0	0.0	0.0	0.3330000000000002	2.667	0.0
201	2.0	1.0	1.0	0.0	2.0	4.0	1.0
202	1.0	0.0	0.0	0.0	1.0	2.0	0.0
203	1.0	1.0	0.0	0.0	2.0	4.0	0.0
204	2.0	2.0	1.0	2.0	1.3330000000000002	4.667	1.0
205	3.0	0.0	1.0	0.0	1.6680000000000001	4.332	1.0
206	1.0	0.0	0.0	0.0	1.0	2.0	0.0
207	1.0	0.0	0.0	0.0	0.3330000000000002	2.667	0.0
208	1.0	0.0	0.0	0.0	1.0	2.0	0.0
209	2.0	1.0	0.0	1.0	0.6680000000000001	5.332	1.0
210	1.0	0.0	0.0	0.0	1.0	2.0	0.0
211	2.0	0.0	0.0	0.0	2.0	4.0	0.0
212	2.0	0.0	0.0	0.0	0.6680000000000001	2.332	0.0
213	0.0	0.0	0.0	0.0	0.0	0.0	0.0
214	2.0	0.0	0.0	0.0	2.0	4.0	0.0
215	2.0	0.0	0.0	0.0	2.0	4.0	0.0
216	1.0	2.0	0.0	2.0	1.0010000000000003	4.999	1.0
217	0.0	0.0	0.0	0.0	0.0	0.0	0.0
218	1.0	1.0	1.0	1.0	0.3330000000000002	2.667	1.0
219	1.0	1.0	1.0	0.0	2.0	4.0	1.0
220	1.0	1.0	1.0	0.0	2.0	4.0	1.0
221	1.0	0.0	0.0	0.0	0.3330000000000002	2.667	0.0
222	2.0	1.0	1.0	1.0	1.3330000000000002	4.667	1.0
223	0.0	1.0	0.0	0.0	0.3330000000000002	2.667	0.0
224	0.0	0.0	0.0	0.0	0.0	0.0	0.0
225	2.0	2.0	1.0	0.0	2.668	6.332	1.0
226	2.0	3.0	1.0	1.0	1.6660000000000004	7.334	1.0
227	1.0	0.0	0.0	0.0	1.0	2.0	0.0
228	0.0	0.0	0.0	0.0	0.0	0.0	0.0
229	0.0	0.0	0.0	0.0	0.0	0.0	0.0
230	2.0	0.0	1.0	0.0	2.0	4.0	1.0
231	2.0	1.0	0.0	0.0	2.0	4.0	0.0
232	2.0	1.0	1.0	0.0	3.068	5.932	1.0
233	0.0	0.0	0.0	0.0	0.0	0.0	0.0
234	1.0	0.0	0.0	0.0	1.0	2.0	0.0
235	1.0	0.0	0.0	0.0	0.3330000000000002	2.667	0.0
236	2.0	0.0	0.0	0.0	2.0	4.0	0.0
237	1.0	0.0	1.0	0.0	0.6680000000000001	2.332	1.0
238	2.0	0.0	0.0	0.0	2.0	4.0	0.0
239	2.0	0.0	0.0	0.0	2.0	4.0	0.0
240	1.0	1.0	0.0	0.0	2.0	4.0	0.0
241	1.0	0.0	0.0	0.0	1.0	2.0	0.0
242	1.0	0.0	0.0	0.0	0.3330000000000002	2.667	0.0
243	2.0	0.0	0.0	0.0	2.0	4.0	0.0
244	1.0	0.0	0.0	0.0	1.0	2.0	0.0
245	1.0	0.0	0.0	0.0	1.0	2.0	0.0
246	1.0	1.0	0.0	0.0	1.3330000000000002	4.667	0.0
247	0.0	1.0	0.0	0.0	1.0	2.0	0.0
248	1.0	2.0	0.0	0.0	1.0	2.0	0.0
249	1.0	1.0	0.0	0.0	1.0	2.0	0.0
250	2.0	0.0	1.0	0.0	1.3360000000000003	4.664	1.0
251	0.0	1.0	0.0	0.0	0.3330000000000002	2.667	0.0
252	0.0	2.0	0.0	1.0	0.6660000000000004	5.334	1.0
253	1.0	2.0	0.0	0.0	1.0	2.0	0.0
254	1.0	0.0	0.0	0.0	0.6680000000000001	2.332	0.0
255	0.0	0.0	0.0	0.0	0.0	0.0	0.0
256	2.0	2.0	1.0	0.0	2.4010000000000002	6.599	1.0
257	2.0	3.0	0.0	2.0	1.6660000000000004	7.334	1.0
258	1.0	0.0	1.0	0.0	1.0	2.0	1.0
259	0.0	0.0	0.0	0.0	0.0	0.0	0.0
260	1.0	2.0	0.0	1.0	1.3330000000000002	4.667	1.0
261	0.0	2.0	0.0	0.0	0.3330000000000002	2.667	0.0
262	1.0	0.0	1.0	0.0	1.0	2.0	1.0
263	1.0	1.0	0.0	0.0	0.3330000000000002	2.667	0.0
264	2.0	0.0	1.0	0.0	2.0	4.0	1.0
265	1.0	2.0	0.0	0.0	1.6680000000000001	4.332	0.0
266	2.0	0.0	1.0	0.0	2.0	4.0	1.0
267	1.0	0.0	0.0	0.0	0.3330000000000002	2.667	0.0
268	0.0	0.0	0.0	0.0	0.0	0.0	0.0
269	1.0	1.0	0.0	0.0	0.3330000000000002	2.667	0.0
270	1.0	0.0	0.0	0.0	0.3330000000000002	2.667	0.0
271	1.0	0.0	0.0	0.0	0.3330000000000002	2.667	0.0
272	0.0	0.0	0.0	0.0	0.0	0.0	0.0
273	0.0	0.0	0.0	0.0	0.0	0.0	0.0
274	0.0	2.0	0.0	1.0	1.3330000000000002	4.667	1.0
275	1.0	4.0	0.0	1.0	2.3340000000000005	9.666	1.0
276	0.0	1.0	0.0	0.0	0.3330000000000002	2.667	0.0
277	1.0	0.0	1.0	0.0	0.3330000000000002	2.667	1.0
278	1.0	1.0	0.0	0.0	1.733	4.2669999999999995	0.0
279	0.0	3.0	0.0	1.0	0.9990000000000006	8.001	1.0
280	1.0	2.0	0.0	1.0	3.068	5.932	1.0
281	1.0	2.0	0.0	0.0	1.0	2.0	0.0
282	1.0	0.0	0.0	0.0	0.3330000000000002	2.667	0.0
283	0.0	0.0	0.0	0.0	0.0	0.0	0.0
284	2.0	0.0	1.0	0.0	2.4	3.6	1.0
285	0.0	2.0	0.0	0.0	1.3330000000000002	4.667	0.0
286	1.0	1.0	0.0	0.0	1.0	2.0	0.0
287	2.0	1.0	2.0	0.0	2.068	3.932	1.0
288	2.0	0.0	0.0	0.0	2.0	4.0	0.0
289	1.0	0.0	0.0	0.0	1.0	2.0	0.0
290	1.0	0.0	1.0	0.0	0.3330000000000002	2.667	1.0
291	1.0	0.0	0.0	0.0	1.4	1.6	0.0
292	2.0	0.0	0.0	0.0	2.0	4.0	0.0
293	0.0	0.0	0.0	0.0	0.0	0.0	0.0
294	1.0	0.0	0.0	0.0	0.3330000000000002	2.667	0.0
295	0.0	1.0	0.0	0.0	0.3330000000000002	2.667	0.0
296	0.0	3.0	0.0	2.0	1.3330000000000002	4.667	1.0
297	1.0	3.0	0.0	0.0	2.333	6.667	0.0
298	2.0	0.0	1.0	0.0	2.0	4.0	1.0
299	1.0	0.0	0.0	0.0	0.3330000000000002	2.667	0.0
300	1.0	3.0	0.0	1.0	1.6660000000000004	7.334	1.0
301	1.0	2.0	1.0	0.0	1.6660000000000004	7.334	1.0
302	1.0	0.0	0.0	0.0	1.4	1.6	0.0
303	0.0	0.0	0.0	0.0	0.0	0.0	0.0
304	1.0	2.0	0.0	0.0	1.6680000000000001	4.332	0.0
305	1.0	0.0	0.0	0.0	0.3330000000000002	2.667	0.0
306	0.0	1.0	0.0	0.0	0.3330000000000002	2.667	0.0
307	1.0	1.0	0.0	0.0	2.0	4.0	0.0
308	0.0	4.0	0.0	1.0	1.9990000000000006	10.001	1.0
309	1.0	0.0	0.0	0.0	1.4	1.6	0.0
310	0.0	2.0	0.0	1.0	0.6660000000000004	5.334	1.0
311	1.0	0.0	0.0	0.0	1.0	2.0	0.0
312	1.0	2.0	0.0	0.0	1.3330000000000002	4.667	0.0
313	1.0	2.0	0.0	0.0	0.6660000000000004	5.334	0.0
314	2.0	0.0	1.0	0.0	2.0	4.0	1.0
315	2.0	0.0	0.0	0.0	1.6680000000000001	4.332	0.0
316	1.0	4.0	0.0	2.0	1.6660000000000004	7.334	1.0
317	2.0	1.0	0.0	0.0	1.3330000000000002	4.667	0.0
318	1.0	2.0	0.0	0.0	0.6660000000000004	5.334	0.0
319	1.0	0.0	0.0	0.0	1.0	2.0	0.0
320	1.0	0.0	0.0	0.0	0.3330000000000002	2.667	0.0
321	2.0	1.0	0.0	0.0	3.0	6.0	0.0
322	1.0	2.0	0.0	1.0	1.6660000000000004	7.334	1.0
323	1.0	1.0	0.0	0.0	0.3330000000000002	2.667	0.0
324	3.0	0.0	1.0	0.0	3.068	5.932	1.0
325	0.0	3.0	0.0	1.0	0.9990000000000006	8.001	1.0
326	1.0	2.0	1.0	0.0	0.9990000000000006	8.001	1.0
327	0.0	2.0	0.0	1.0	1.3360000000000003	4.664	1.0
328	1.0	2.0	0.0	0.0	1.3360000000000003	4.664	0.0
329	2.0	2.0	1.0	2.0	1.3330000000000002	4.667	1.0
330	0.0	3.0	0.0	0.0	1.6660000000000004	7.334	0.0
331	1.0	1.0	0.0	1.0	1.0010000000000003	4.999	1.0
332	1.0	3.0	0.0	1.0	3.333	8.667	1.0
333	2.0	0.0	1.0	0.0	2.0	4.0	1.0
334	0.0	4.0	0.0	1.0	3.0010000000000003	8.998999999999999	1.0
335	0.0	1.0	0.0	0.0	0.3330000000000002	2.667	0.0
336	1.0	1.0	0.0	0.0	0.6660000000000004	5.334	0.0
337	0.0	2.0	0.0	0.0	0.6660000000000004	5.334	0.0
338	2.0	0.0	0.0	0.0	2.0	4.0	0.0
339	0.0	1.0	0.0	0.0	0.3330000000000002	2.667	0.0
340	2.0	1.0	1.0	0.0	3.4	5.6	1.0
341	1.0	2.0	0.0	1.0	2.0010000000000003	6.999	1.0
342	1.0	1.0	0.0	0.0	1.6680000000000001	4.332	0.0
343	1.0	0.0	0.0	0.0	0.3330000000000002	2.667	0.0
344	1.0	0.0	0.0	0.0	1.0	2.0	0.0
345	3.0	1.0	2.0	0.0	2.3360000000000003	6.664	1.0
346	0.0	0.0	0.0	0.0	0.0	0.0	0.0
347	1.0	0.0	0.0	0.0	0.3330000000000002	2.667	0.0
348	1.0	0.0	0.0	0.0	0.3330000000000002	2.667	0.0
349	2.0	0.0	1.0	0.0	2.0	4.0	1.0
350	1.0	1.0	0.0	0.0	0.6660000000000004	5.334	0.0
351	0.0	2.0	0.0	0.0	1.0	2.0	0.0
352	1.0	2.0	0.0	0.0	2.0	4.0	0.0
353	2.0	1.0	1.0	0.0	1.6660000000000004	7.334	1.0
354	0.0	1.0	0.0	1.0	0.3330000000000002	2.667	1.0
355	2.0	1.0	1.0	0.0	2.668	6.332	1.0
356	1.0	1.0	0.0	0.0	1.0	2.0	0.0
357	1.0	1.0	0.0	0.0	2.0	4.0	0.0
358	0.0	2.0	0.0	0.0	2.0	4.0	0.0
359	0.0	3.0	0.0	0.0	1.6680000000000001	7.332	0.0
360	1.0	0.0	0.0	0.0	0.6680000000000001	2.332	0.0
361	2.0	4.0	1.0	2.0	2.333	6.667	1.0
362	0.0	1.0	0.0	0.0	0.3330000000000002	2.667	0.0
363	1.0	2.0	0.0	0.0	1.0	2.0	0.0
364	0.0	1.0	0.0	0.0	0.3330000000000002	2.667	0.0
365	1.0	2.0	0.0	1.0	2.333	6.667	1.0
366	0.0	1.0	0.0	0.0	1.0	2.0	0.0
367	2.0	1.0	1.0	0.0	1.6680000000000001	4.332	1.0
368	2.0	1.0	1.0	1.0	2.0	4.0	1.0
369	2.0	2.0	1.0	0.0	2.3360000000000003	6.664	1.0
370	0.0	2.0	0.0	1.0	1.3330000000000002	4.667	1.0
371	2.0	0.0	1.0	0.0	2.4	3.6	1.0
372	1.0	1.0	0.0	1.0	2.0	4.0	1.0
373	1.0	0.0	0.0	0.0	0.6680000000000001	2.332	0.0
374	1.0	0.0	0.0	0.0	0.3330000000000002	2.667	0.0
375	0.0	0.0	0.0	0.0	0.0	0.0	0.0
376	3.0	0.0	0.0	0.0	2.668	6.332	0.0
377	1.0	1.0	1.0	0.0	0.6660000000000004	5.334	1.0
378	1.0	0.0	0.0	0.0	0.3330000000000002	2.667	0.0
379	0.0	1.0	0.0	0.0	1.0	2.0	0.0
380	2.0	1.0	1.0	0.0	1.3330000000000002	4.667	1.0
381	1.0	0.0	0.0	0.0	0.6680000000000001	2.332	0.0
382	0.0	4.0	0.0	2.0	1.3330000000000002	4.667	1.0
383	1.0	1.0	0.0	1.0	0.6660000000000004	5.334	1.0
384	1.0	0.0	0.0	0.0	0.3330000000000002	2.667	0.0
385	1.0	0.0	0.0	0.0	0.6680000000000001	2.332	0.0
386	1.0	1.0	0.0	0.0	2.0	4.0	0.0
387	1.0	1.0	0.0	1.0	0.6660000000000004	5.334	1.0
388	0.0	3.0	0.0	0.0	1.3330000000000002	4.667	0.0
389	1.0	1.0	0.0	0.0	0.6660000000000004	5.334	0.0
390	2.0	1.0	1.0	0.0	2.0	4.0	1.0
391	1.0	0.0	0.0	0.0	0.3330000000000002	2.667	0.0
392	1.0	1.0	0.0	0.0	1.6680000000000001	4.332	0.0
393	1.0	0.0	0.0	0.0	0.3330000000000002	2.667	0.0
394	2.0	0.0	0.0	0.0	1.3360000000000003	4.664	0.0
395	2.0	0.0	1.0	0.0	2.0	4.0	1.0
396	1.0	0.0	0.0	0.0	1.0	2.0	0.0
397	1.0	2.0	0.0	1.0	1.3330000000000002	4.667	1.0
398	1.0	1.0	0.0	0.0	1.3330000000000002	4.667	0.0
399	0.0	0.0	0.0	0.0	0.0	0.0	0.0
400	1.0	0.0	1.0	0.0	0.3330000000000002	2.667	1.0
401	1.0	1.0	1.0	0.0	1.6680000000000001	4.332	1.0
402	1.0	0.0	0.0	0.0	0.3330000000000002	2.667	0.0
403	0.0	0.0	0.0	0.0	0.0	0.0	0.0
404	1.0	1.0	0.0	0.0	0.6660000000000004	5.334	0.0
405	0.0	0.0	0.0	0.0	0.0	0.0	0.0
406	1.0	0.0	0.0	0.0	1.0	2.0	0.0
407	1.0	1.0	0.0	0.0	1.0	2.0	0.0
408	1.0	0.0	0.0	0.0	0.3330000000000002	2.667	0.0
409	0.0	0.0	0.0	0.0	0.0	0.0	0.0
410	2.0	4.0	1.0	1.0	2.333	6.667	1.0
411	2.0	1.0	0.0	0.0	1.3330000000000002	4.667	0.0
412	1.0	3.0	0.0	1.0	2.0010000000000003	6.999	1.0
413	1.0	0.0	0.0	0.0	0.3330000000000002	2.667	0.0
414	0.0	2.0	0.0	0.0	1.0	2.0	0.0
415	0.0	1.0	0.0	0.0	0.3330000000000002	2.667	0.0
416	0.0	1.0	0.0	0.0	0.3330000000000002	2.667	0.0
417	1.0	2.0	0.0	0.0	1.3330000000000002	4.667	0.0
418	1.0	1.0	0.0	0.0	2.0	4.0	0.0
419	2.0	2.0	1.0	0.0	3.0	6.0	1.0
420	1.0	4.0	1.0	1.0	2.333	6.667	1.0
421	1.0	1.0	1.0	0.0	0.6660000000000004	5.334	1.0
422	2.0	3.0	1.0	0.0	1.9990000000000006	10.001	1.0
423	1.0	0.0	0.0	0.0	1.0	2.0	0.0
424	1.0	2.0	1.0	0.0	2.333	6.667	1.0
425	1.0	0.0	0.0	0.0	1.0	2.0	0.0
426	1.0	2.0	0.0	0.0	1.3330000000000002	4.667	0.0
427	2.0	1.0	1.0	0.0	1.3330000000000002	4.667	1.0
428	0.0	2.0	0.0	0.0	0.6680000000000001	2.332	0.0
429	1.0	0.0	1.0	0.0	0.6680000000000001	2.332	1.0
430	1.0	1.0	0.0	0.0	0.3330000000000002	2.667	0.0
431	1.0	3.0	1.0	1.0	2.0660000000000003	6.933999999999999	1.0
432	1.0	1.0	0.0	0.0	1.0010000000000003	4.999	0.0
433	2.0	0.0	0.0	0.0	1.6680000000000001	4.332	0.0
434	2.0	2.0	0.0	0.0	1.6680000000000001	4.332	0.0
435	1.0	2.0	0.0	1.0	1.3330000000000002	4.667	1.0
436	1.0	0.0	0.0	0.0	1.0	2.0	0.0
437	1.0	0.0	0.0	0.0	1.0	2.0	0.0
438	1.0	1.0	0.0	0.0	1.0	2.0	0.0
439	1.0	0.0	0.0	0.0	1.0	2.0	0.0
440	0.0	0.0	0.0	0.0	0.0	0.0	0.0
441	2.0	0.0	1.0	0.0	0.6660000000000004	5.334	1.0
442	3.0	2.0	0.0	2.0	4.0	8.0	1.0
443	1.0	2.0	1.0	2.0	1.0	2.0	1.0
444	1.0	1.0	1.0	1.0	2.0	4.0	2.0
445	1.0	3.0	0.0	3.0	3.0	6.0	2.0
446	2.0	1.0	1.0	1.0	1.3330000000000002	4.667	1.0
447	1.0	1.0	0.0	1.0	0.6660000000000004	5.334	1.0
448	2.0	2.0	1.0	1.0	4.068	7.932	2.0
449	0.0	1.0	0.0	1.0	0.3330000000000002	2.667	1.0
450	0.0	3.0	0.0	1.0	0.9990000000000006	8.001	1.0
451	2.0	3.0	2.0	1.0	2.6690000000000005	9.331	2.0
452	1.0	2.0	1.0	2.0	1.0	2.0	1.0
453	1.0	2.0	1.0	0.0	2.333	6.667	1.0
454	2.0	2.0	0.0	2.0	3.0	6.0	1.0
455	2.0	3.0	0.0	1.0	2.6660000000000004	9.334	1.0
456	1.0	2.0	0.0	2.0	2.0	4.0	1.0
457	0.0	2.0	0.0	2.0	0.6680000000000001	2.332	1.0
458	2.0	0.0	1.0	0.0	2.0	4.0	1.0
459	0.0	0.0	0.0	0.0	0.0	0.0	0.0
460	3.0	0.0	1.0	0.0	1.6680000000000001	4.332	1.0
461	1.0	0.0	0.0	0.0	1.0	2.0	0.0
462	0.0	0.0	0.0	0.0	0.0	0.0	0.0
463	1.0	0.0	1.0	0.0	1.0	2.0	1.0
464	2.0	0.0	0.0	0.0	2.068	3.932	0.0
465	1.0	3.0	0.0	1.0	2.333	6.667	1.0
466	1.0	2.0	0.0	1.0	1.3330000000000002	4.667	1.0
467	2.0	0.0	1.0	0.0	1.6680000000000001	4.332	1.0
468	1.0	0.0	0.0	0.0	1.0	2.0	0.0
469	1.0	0.0	0.0	0.0	1.0	2.0	0.0
470	2.0	0.0	1.0	0.0	2.0	4.0	1.0
471	1.0	0.0	0.0	0.0	1.0	2.0	0.0
472	0.0	2.0	0.0	0.0	1.3330000000000002	4.667	0.0
473	1.0	1.0	0.0	0.0	0.6660000000000004	5.334	0.0
474	1.0	0.0	0.0	0.0	1.0	2.0	0.0
475	1.0	0.0	0.0	0.0	0.3330000000000002	2.667	0.0
476	0.0	3.0	0.0	1.0	0.9990000000000006	8.001	1.0
477	1.0	0.0	1.0	0.0	0.6680000000000001	2.332	1.0
478	1.0	1.0	0.0	0.0	1.0	2.0	0.0
479	1.0	0.0	1.0	0.0	1.4	1.6	1.0
480	1.0	0.0	0.0	0.0	0.3330000000000002	2.667	0.0
481	0.0	2.0	0.0	1.0	1.6680000000000001	4.332	1.0
482	1.0	0.0	0.0	0.0	1.0	2.0	0.0
483	1.0	2.0	0.0	0.0	2.736	6.263999999999999	0.0
484	0.0	3.0	0.0	0.0	0.6660000000000004	8.334	0.0
485	1.0	1.0	1.0	0.0	2.0	4.0	1.0
486	2.0	0.0	1.0	0.0	2.0	4.0	1.0
487	1.0	0.0	0.0	0.0	1.0	2.0	0.0
488	1.0	2.0	0.0	2.0	1.3330000000000002	4.667	1.0
489	2.0	1.0	0.0	0.0	2.0	4.0	0.0
490	1.0	1.0	0.0	0.0	1.0	2.0	0.0
491	1.0	2.0	0.0	0.0	0.6660000000000004	5.334	0.0
492	0.0	0.0	0.0	0.0	0.0	0.0	0.0
493	2.0	0.0	0.0	0.0	2.0	4.0	0.0
494	0.0	1.0	0.0	1.0	0.3330000000000002	2.667	1.0
495	1.0	2.0	0.0	0.0	0.6660000000000004	5.334	0.0
496	2.0	1.0	1.0	1.0	1.6680000000000001	4.332	1.0
497	2.0	0.0	0.0	0.0	2.4	3.6	0.0
498	0.0	0.0	0.0	0.0	0.0	0.0	0.0
499	0.0	0.0	0.0	0.0	0.0	0.0	0.0
500	1.0	2.0	0.0	1.0	3.4	5.6	1.0
501	1.0	2.0	0.0	0.0	1.6680000000000001	4.332	0.0
502	1.0	2.0	0.0	0.0	2.0	4.0	0.0
503	0.0	0.0	0.0	0.0	0.0	0.0	0.0
504	1.0	1.0	0.0	0.0	2.0	4.0	0.0
505	2.0	3.0	2.0	0.0	1.3330000000000002	4.667	1.0
506	0.0	3.0	0.0	2.0	1.4	4.6	1.0
507	1.0	1.0	0.0	0.0	2.0	4.0	0.0
508	1.0	1.0	0.0	0.0	2.0	4.0	0.0
509	1.0	2.0	0.0	0.0	0.3330000000000002	2.667	0.0
510	1.0	2.0	0.0	2.0	0.3330000000000002	5.667	1.0
511	0.0	2.0	0.0	1.0	1.0	5.0	1.0
512	2.0	1.0	0.0	0.0	2.0	4.0	0.0
513	0.0	1.0	0.0	0.0	0.3330000000000002	2.667	0.0
514	1.0	0.0	0.0	0.0	1.0	2.0	0.0
515	2.0	0.0	1.0	0.0	2.0	4.0	1.0
516	1.0	0.0	0.0	0.0	1.0	2.0	0.0
517	2.0	2.0	1.0	0.0	2.0010000000000003	6.999	1.0
518	1.0	1.0	0.0	0.0	1.0	2.0	0.0
519	0.0	3.0	0.0	0.0	1.0010000000000003	4.999	0.0
520	0.0	3.0	0.0	2.0	1.3330000000000002	4.667	1.0
521	1.0	5.0	1.0	1.0	1.9990000000000006	10.001	1.0
522	0.0	1.0	0.0	0.0	1.0	2.0	0.0
523	0.0	0.0	0.0	0.0	0.0	0.0	0.0
524	1.0	1.0	0.0	0.0	0.6660000000000004	5.334	0.0
525	0.0	0.0	0.0	0.0	0.0	0.0	0.0
526	0.0	2.0	0.0	1.0	1.3330000000000002	4.667	1.0
527	1.0	2.0	1.0	1.0	2.0	4.0	1.0
528	1.0	0.0	1.0	0.0	0.3330000000000002	2.667	1.0
529	1.0	0.0	0.0	0.0	0.3330000000000002	2.667	0.0
530	1.0	0.0	1.0	0.0	1.0	2.0	1.0
531	1.0	3.0	1.0	0.0	2.0010000000000003	6.999	1.0
532	0.0	2.0	0.0	0.0	0.6660000000000004	5.334	0.0
533	1.0	3.0	0.0	0.0	1.6680000000000001	7.332	0.0
534	0.0	1.0	0.0	0.0	0.3330000000000002	2.667	0.0
535	0.0	3.0	0.0	2.0	0.6660000000000004	5.334	1.0
536	1.0	0.0	0.0	0.0	0.6680000000000001	2.332	0.0
537	0.0	0.0	0.0	0.0	0.0	0.0	0.0
538	1.0	1.0	0.0	1.0	1.0010000000000003	4.999	1.0
539	0.0	2.0	0.0	0.0	1.0010000000000003	4.999	0.0
540	0.0	0.0	0.0	0.0	0.0	0.0	0.0
541	0.0	0.0	0.0	0.0	0.0	0.0	0.0
542	1.0	0.0	0.0	0.0	0.3330000000000002	2.667	0.0
543	1.0	0.0	1.0	0.0	1.0	2.0	1.0
544	1.0	1.0	1.0	0.0	1.6680000000000001	4.332	1.0
545	2.0	0.0	1.0	0.0	2.0	4.0	1.0
546	2.0	1.0	0.0	0.0	1.3330000000000002	4.667	0.0
547	2.0	3.0	1.0	1.0	2.333	6.667	1.0
548	1.0	2.0	0.0	1.0	1.3330000000000002	4.667	1.0
549	2.0	2.0	1.0	1.0	2.333	6.667	1.0
550	0.0	2.0	0.0	0.0	1.6680000000000001	4.332	0.0
551	0.0	3.0	0.0	1.0	0.9990000000000006	8.001	1.0
552	0.0	0.0	0.0	0.0	0.0	0.0	0.0
553	1.0	2.0	1.0	0.0	1.3330000000000002	4.667	1.0
554	1.0	2.0	1.0	1.0	2.0	4.0	1.0
555	0.0	1.0	0.0	0.0	0.3330000000000002	2.667	0.0
556	0.0	1.0	0.0	1.0	0.6680000000000001	2.332	1.0
557	1.0	2.0	0.0	0.0	2.0	4.0	0.0
558	0.0	2.0	0.0	0.0	0.6660000000000004	5.334	0.0
559	0.0	4.0	0.0	1.0	1.6660000000000004	7.334	1.0
560	1.0	4.0	1.0	2.0	1.6660000000000004	7.334	1.0
561	2.0	2.0	1.0	1.0	2.668	6.332	1.0
562	1.0	0.0	0.0	0.0	0.3330000000000002	2.667	0.0
563	1.0	1.0	0.0	0.0	1.733	4.2669999999999995	0.0
564	1.0	1.0	0.0	0.0	1.0	2.0	0.0
565	0.0	0.0	0.0	0.0	0.0	0.0	0.0
566	1.0	0.0	0.0	0.0	0.3330000000000002	2.667	0.0
567	1.0	0.0	1.0	0.0	1.0	2.0	1.0
568	1.0	0.0	0.0	0.0	1.0	2.0	0.0
569	1.0	1.0	0.0	0.0	1.3330000000000002	4.667	0.0
570	1.0	1.0	1.0	0.0	0.6660000000000004	5.334	1.0
571	0.0	0.0	0.0	0.0	0.0	0.0	0.0
572	1.0	1.0	0.0	0.0	0.6680000000000001	2.332	0.0
573	0.0	0.0	0.0	0.0	0.0	0.0	0.0
574	0.0	4.0	0.0	1.0	1.6670000000000007	10.332999999999998	1.0
575	1.0	0.0	0.0	0.0	1.0	2.0	0.0
576	1.0	1.0	0.0	1.0	1.6680000000000001	4.332	1.0
577	0.0	1.0	0.0	1.0	0.3330000000000002	2.667	1.0
578	2.0	0.0	1.0	0.0	2.0	4.0	1.0
579	2.0	2.0	1.0	1.0	2.0	4.0	1.0
580	2.0	0.0	1.0	0.0	2.0	4.0	1.0
581	0.0	0.0	0.0	0.0	0.0	0.0	0.0
582	2.0	0.0	1.0	0.0	2.0	4.0	1.0
583	1.0	2.0	0.0	0.0	3.0	6.0	0.0
584	1.0	2.0	0.0	0.0	1.6690000000000005	7.3309999999999995	0.0
585	1.0	0.0	0.0	0.0	0.3330000000000002	2.667	0.0
586	1.0	2.0	1.0	0.0	0.6660000000000004	5.334	1.0
587	1.0	2.0	0.0	0.0	1.733	4.2669999999999995	0.0
588	0.0	1.0	0.0	0.0	0.3330000000000002	2.667	0.0
589	1.0	2.0	0.0	1.0	0.9990000000000006	8.001	1.0
590	1.0	3.0	1.0	0.0	0.9990000000000006	8.001	1.0
591	1.0	1.0	0.0	0.0	2.0	4.0	0.0
592	1.0	0.0	0.0	0.0	1.0	2.0	0.0
593	0.0	2.0	0.0	1.0	0.6660000000000004	5.334	1.0
594	1.0	4.0	0.0	1.0	3.0010000000000003	8.998999999999999	1.0
595	1.0	1.0	1.0	1.0	0.3330000000000002	2.667	1.0
596	2.0	0.0	1.0	0.0	2.4	3.6	1.0
597	2.0	1.0	0.0	0.0	2.0	4.0	0.0
598	1.0	3.0	0.0	1.0	1.6670000000000007	10.332999999999998	1.0
599	2.0	2.0	0.0	0.0	2.0	4.0	0.0
600	1.0	1.0	0.0	0.0	1.3330000000000002	4.667	0.0
601	2.0	0.0	0.0	0.0	2.4	3.6	0.0
602	1.0	1.0	0.0	0.0	2.0	4.0	0.0
603	1.0	3.0	1.0	0.0	0.6660000000000004	8.334	1.0
604	1.0	1.0	0.0	0.0	0.3330000000000002	2.667	0.0
605	2.0	2.0	1.0	1.0	2.668	6.332	1.0
606	1.0	3.0	1.0	0.0	1.6680000000000001	7.332	1.0
607	1.0	1.0	0.0	0.0	1.3330000000000002	4.667	0.0
608	1.0	2.0	0.0	0.0	2.0	4.0	0.0
609	1.0	2.0	0.0	1.0	1.3330000000000002	4.667	1.0
610	1.0	3.0	0.0	1.0	1.3330000000000002	4.667	1.0
611	0.0	1.0	0.0	0.0	1.0	2.0	0.0
612	1.0	0.0	1.0	0.0	0.3330000000000002	2.667	1.0
613	1.0	2.0	0.0	0.0	1.0010000000000003	4.999	0.0
614	1.0	2.0	0.0	0.0	1.3330000000000002	4.667	0.0
615	1.0	2.0	0.0	1.0	2.668	6.332	1.0
616	2.0	2.0	1.0	0.0	3.0	6.0	1.0
617	2.0	4.0	0.0	2.0	2.6660000000000004	9.334	1.0
618	0.0	0.0	0.0	0.0	0.0	0.0	0.0
619	1.0	2.0	0.0	0.0	1.3330000000000002	4.667	0.0
620	2.0	2.0	1.0	0.0	3.4	5.6	1.0
621	1.0	2.0	1.0	1.0	1.0	5.0	1.0
622	2.0	2.0	1.0	1.0	2.733	6.2669999999999995	1.0
623	1.0	0.0	0.0	0.0	1.4	1.6	0.0
624	0.0	3.0	0.0	0.0	0.9990000000000006	8.001	0.0
625	1.0	2.0	0.0	0.0	0.6660000000000004	5.334	0.0
626	2.0	1.0	1.0	0.0	1.6680000000000001	4.332	1.0
627	1.0	1.0	0.0	0.0	1.0	2.0	0.0
628	0.0	4.0	0.0	2.0	1.3330000000000002	4.667	1.0
629	2.0	2.0	0.0	0.0	2.3360000000000003	6.664	0.0
630	0.0	1.0	0.0	1.0	1.0	2.0	1.0
631	0.0	3.0	0.0	1.0	1.6690000000000005	7.3309999999999995	1.0
632	0.0	3.0	0.0	1.0	1.0010000000000003	4.999	1.0
633	0.0	3.0	0.0	1.0	1.6660000000000004	7.334	1.0
634	2.0	1.0	1.0	0.0	2.0	4.0	1.0
635	1.0	0.0	0.0	0.0	0.3330000000000002	2.667	0.0
636	1.0	0.0	0.0	0.0	0.3330000000000002	2.667	0.0
637	2.0	2.0	1.0	1.0	1.733	4.2669999999999995	1.0
638	1.0	2.0	0.0	0.0	1.0	2.0	0.0
639	1.0	1.0	0.0	0.0	1.0	2.0	0.0
640	2.0	2.0	1.0	1.0	2.668	6.332	1.0
641	2.0	3.0	1.0	1.0	2.668	6.332	1.0
642	2.0	2.0	0.0	1.0	1.0010000000000003	7.999	1.0
643	0.0	1.0	0.0	0.0	0.6680000000000001	2.332	0.0
644	1.0	3.0	0.0	0.0	1.3330000000000002	4.667	0.0
645	1.0	1.0	0.0	0.0	1.3330000000000002	4.667	0.0
646	1.0	4.0	0.0	1.0	4.0	8.0	1.0
647	0.0	0.0	0.0	0.0	0.0	0.0	0.0
648	0.0	1.0	0.0	0.0	1.0	2.0	0.0
649	1.0	2.0	0.0	0.0	1.3330000000000002	4.667	0.0
650	0.0	3.0	0.0	0.0	1.3330000000000002	4.667	0.0
651	2.0	3.0	1.0	1.0	1.3330000000000002	4.667	1.0
652	2.0	2.0	1.0	0.0	1.6660000000000004	7.334	1.0
653	2.0	2.0	0.0	0.0	2.0	4.0	0.0
654	2.0	3.0	1.0	1.0	1.6660000000000004	7.334	1.0
655	2.0	4.0	0.0	2.0	3.333	8.667	1.0
656	0.0	2.0	0.0	0.0	1.3330000000000002	4.667	0.0
657	0.0	4.0	0.0	1.0	2.6690000000000005	9.331	1.0
658	0.0	0.0	0.0	0.0	0.0	0.0	0.0
659	1.0	2.0	0.0	0.0	1.3330000000000002	4.667	0.0
660	1.0	0.0	0.0	0.0	0.3330000000000002	2.667	0.0
661	0.0	3.0	0.0	0.0	1.6680000000000001	4.332	0.0
662	1.0	0.0	0.0	0.0	0.3330000000000002	2.667	0.0
663	0.0	3.0	0.0	1.0	0.9990000000000006	8.001	1.0
664	1.0	2.0	0.0	0.0	0.3330000000000002	2.667	0.0
665	0.0	4.0	0.0	0.0	1.6660000000000004	7.334	0.0
666	1.0	2.0	0.0	0.0	1.0	5.0	0.0
667	1.0	2.0	0.0	2.0	0.6660000000000004	5.334	1.0
668	0.0	2.0	0.0	1.0	0.6660000000000004	5.334	1.0
669	0.0	3.0	0.0	1.0	0.9990000000000006	8.001	1.0
670	0.0	1.0	0.0	0.0	0.3330000000000002	2.667	0.0
671	3.0	2.0	0.0	1.0	2.0010000000000003	6.999	1.0
672	1.0	2.0	0.0	1.0	3.0	6.0	1.0
673	1.0	3.0	1.0	2.0	1.6680000000000001	4.332	1.0
674	1.0	0.0	0.0	0.0	0.3330000000000002	2.667	0.0
675	1.0	1.0	0.0	1.0	1.3330000000000002	4.667	1.0
676	2.0	1.0	1.0	1.0	2.0	4.0	1.0
677	2.0	2.0	1.0	0.0	1.3340000000000005	7.6659999999999995	1.0
678	1.0	1.0	0.0	1.0	1.0010000000000003	4.999	1.0
679	1.0	3.0	0.0	2.0	2.0	4.0	1.0
680	2.0	2.0	1.0	0.0	1.0	5.0	1.0
681	2.0	1.0	1.0	0.0	3.0	6.0	1.0
682	1.0	0.0	0.0	0.0	0.3330000000000002	2.667	0.0
683	3.0	1.0	1.0	0.0	4.068	7.9319999999999995	1.0
684	1.0	2.0	0.0	0.0	0.6660000000000004	5.334	0.0
685	2.0	0.0	0.0	0.0	2.0	4.0	0.0
686	1.0	2.0	0.0	1.0	3.0	6.0	1.0
687	1.0	1.0	0.0	0.0	0.6680000000000001	2.332	0.0
688	1.0	2.0	0.0	0.0	2.0	4.0	0.0
689	1.0	4.0	0.0	1.0	4.4	7.6	1.0
690	1.0	3.0	0.0	1.0	1.3330000000000002	4.667	1.0
691	0.0	1.0	0.0	0.0	0.3330000000000002	2.667	0.0
692	1.0	1.0	1.0	1.0	1.0	2.0	1.0
693	1.0	3.0	1.0	0.0	1.3340000000000005	7.6659999999999995	1.0
694	1.0	4.0	0.0	1.0	2.333	6.667	1.0
695	0.0	2.0	0.0	1.0	1.3330000000000002	4.667	1.0
696	1.0	2.0	0.0	2.0	1.6680000000000001	4.332	1.0
697	1.0	2.0	1.0	1.0	2.0	4.0	1.0
698	0.0	0.0	0.0	0.0	0.0	0.0	0.0
699	0.0	0.0	0.0	0.0	0.0	0.0	0.0
700	0.0	2.0	0.0	1.0	0.3330000000000002	5.667	1.0
701	0.0	2.0	0.0	0.0	0.3330000000000002	2.667	0.0
702	1.0	1.0	1.0	0.0	0.6660000000000004	5.334	1.0
703	0.0	1.0	0.0	0.0	0.3330000000000002	2.667	0.0
704	0.0	1.0	0.0	0.0	1.0	2.0	0.0
705	0.0	0.0	0.0	0.0	0.0	0.0	0.0
706	1.0	2.0	1.0	1.0	0.3330000000000002	5.667	1.0
707	1.0	2.0	1.0	1.0	1.3330000000000002	4.667	1.0
708	1.0	2.0	0.0	0.0	0.3330000000000002	2.667	0.0
709	1.0	3.0	0.0	0.0	2.4010000000000002	6.599	0.0
710	1.0	0.0	0.0	0.0	0.3330000000000002	2.667	0.0
711	1.0	2.0	0.0	1.0	2.668	6.332	1.0
712	1.0	3.0	0.0	0.0	1.3330000000000002	4.667	0.0
713	1.0	3.0	0.0	0.0	1.3330000000000002	4.667	0.0
714	2.0	3.0	0.0	1.0	3.668	8.332	1.0
715	1.0	2.0	0.0	0.0	1.3330000000000002	4.667	0.0
716	1.0	5.0	0.0	2.0	3.0010000000000003	8.998999999999999	1.0
717	0.0	2.0	0.0	1.0	1.3330000000000002	4.667	1.0
718	1.0	2.0	0.0	1.0	2.0	4.0	1.0
719	0.0	1.0	0.0	1.0	0.3330000000000002	2.667	1.0
720	1.0	2.0	0.0	2.0	1.6680000000000001	4.332	1.0
721	1.0	2.0	0.0	1.0	1.0010000000000003	4.999	1.0
722	1.0	1.0	1.0	1.0	0.3330000000000002	2.667	1.0
723	1.0	2.0	0.0	1.0	1.6680000000000001	4.332	1.0
724	2.0	0.0	2.0	0.0	0.6680000000000001	2.332	1.0
725	0.0	2.0	0.0	1.0	1.3330000000000002	4.667	1.0
726	1.0	1.0	0.0	0.0	1.0	2.0	0.0
727	1.0	1.0	1.0	0.0	2.4	3.6	1.0
728	1.0	0.0	1.0	0.0	1.4	1.6	1.0
729	1.0	0.0	0.0	0.0	1.0	2.0	0.0
730	0.0	2.0	0.0	1.0	2.0	4.0	1.0
731	1.0	2.0	1.0	1.0	1.3330000000000002	4.667	1.0
732	0.0	0.0	0.0	0.0	0.0	0.0	0.0
733	1.0	0.0	1.0	0.0	1.0	2.0	1.0
734	1.0	0.0	1.0	0.0	1.0	2.0	1.0
735	1.0	0.0	0.0	0.0	1.0	2.0	0.0
736	1.0	2.0	1.0	1.0	1.3330000000000002	4.667	1.0
737	0.0	2.0	0.0	1.0	1.0010000000000003	4.999	1.0
738	1.0	1.0	1.0	0.0	2.0	4.0	1.0
739	1.0	0.0	0.0	0.0	1.0	2.0	0.0
740	1.0	0.0	1.0	0.0	1.0	2.0	1.0
741	1.0	0.0	0.0	0.0	1.4	1.6	0.0
742	1.0	0.0	0.0	0.0	1.0	2.0	0.0
743	1.0	1.0	0.0	0.0	1.0	2.0	0.0
744	1.0	0.0	1.0	0.0	1.0	2.0	1.0
745	0.0	0.0	0.0	0.0	0.0	0.0	0.0
746	1.0	0.0	1.0	0.0	1.0	2.0	1.0
747	1.0	0.0	0.0	0.0	0.3330000000000002	2.667	0.0
748	1.0	2.0	1.0	2.0	0.3330000000000002	2.667	1.0
749	1.0	1.0	1.0	1.0	1.0	2.0	1.0
750	1.0	0.0	1.0	0.0	1.4	1.6	1.0
751	0.0	2.0	0.0	1.0	1.0	5.0	1.0
752	0.0	2.0	0.0	1.0	0.6660000000000004	5.334	1.0
753	0.0	2.0	0.0	1.0	1.3330000000000002	4.667	1.0
754	1.0	2.0	0.0	0.0	0.3330000000000002	2.667	0.0
755	0.0	2.0	0.0	1.0	0.6660000000000004	5.334	1.0
756	1.0	2.0	0.0	0.0	1.0	2.0	0.0
757	0.0	0.0	0.0	0.0	0.0	0.0	0.0
758	0.0	2.0	0.0	1.0	1.3330000000000002	4.667	1.0
759	1.0	2.0	1.0	1.0	1.3330000000000002	4.667	1.0
760	1.0	1.0	1.0	1.0	1.0	2.0	1.0
761	1.0	1.0	1.0	0.0	2.0	4.0	1.0
762	1.0	1.0	1.0	0.0	2.068	3.932	1.0
763	0.0	1.0	0.0	1.0	0.3330000000000002	2.667	1.0
764	1.0	0.0	1.0	0.0	1.0	2.0	1.0
765	0.0	1.0	0.0	0.0	1.0	2.0	0.0
766	1.0	1.0	0.0	0.0	1.4	1.6	0.0
767	1.0	0.0	1.0	0.0	0.3330000000000002	2.667	1.0
768	1.0	1.0	1.0	1.0	0.3330000000000002	2.667	1.0
769	1.0	0.0	1.0	0.0	1.0	2.0	1.0
770	1.0	0.0	1.0	0.0	0.6680000000000001	2.332	1.0
771	1.0	1.0	1.0	0.0	1.3330000000000002	4.667	1.0
772	1.0	0.0	1.0	0.0	1.0	2.0	1.0
773	1.0	2.0	0.0	1.0	1.3330000000000002	4.667	1.0
774	1.0	2.0	0.0	1.0	1.3330000000000002	4.667	1.0
775	1.0	1.0	0.0	1.0	1.6680000000000001	4.332	1.0
776	0.0	0.0	0.0	0.0	0.0	0.0	0.0
777	1.0	1.0	1.0	1.0	1.0	2.0	1.0
778	1.0	2.0	0.0	0.0	1.0	2.0	0.0
779	1.0	0.0	1.0	0.0	1.0	2.0	1.0
780	0.0	0.0	0.0	0.0	0.0	0.0	0.0
781	0.0	0.0	0.0	0.0	0.0	0.0	0.0
782	0.0	0.0	0.0	0.0	0.0	0.0	0.0
783	0.0	0.0	0.0	0.0	0.0	0.0	0.0
784	0.0	0.0	0.0	0.0	0.0	0.0	0.0
785	0.0	0.0	0.0	0.0	0.0	0.0	0.0
786	0.0	0.0	0.0	0.0	0.0	0.0	0.0
787	1.0	2.0	0.0	1.0	1.3330000000000002	4.667	1.0
788	1.0	0.0	0.0	0.0	1.0	2.0	0.0
789	0.0	0.0	0.0	0.0	0.0	0.0	0.0
790	1.0	2.0	0.0	0.0	0.3330000000000002	2.667	0.0
791	0.0	2.0	0.0	0.0	1.0	2.0	0.0
792	1.0	0.0	0.0	0.0	1.0	2.0	0.0
793	0.0	0.0	0.0	0.0	0.0	0.0	0.0
794	0.0	2.0	0.0	0.0	0.3330000000000002	2.667	0.0
795	1.0	0.0	1.0	0.0	1.0	2.0	1.0
796	1.0	0.0	1.0	0.0	1.0	2.0	1.0
797	1.0	1.0	0.0	0.0	1.0	2.0	0.0
798	0.0	0.0	0.0	0.0	0.0	0.0	0.0
799	1.0	2.0	1.0	1.0	1.733	4.2669999999999995	1.0
800	1.0	1.0	0.0	0.0	0.6680000000000001	2.332	0.0
801	1.0	0.0	0.0	0.0	1.0	2.0	0.0
802	0.0	2.0	0.0	0.0	0.6680000000000001	2.332	0.0
803	0.0	1.0	0.0	0.0	0.3330000000000002	2.667	0.0
804	1.0	2.0	0.0	0.0	0.3330000000000002	2.667	0.0
805	1.0	1.0	0.0	0.0	1.4	1.6	0.0
806	1.0	1.0	0.0	1.0	1.6680000000000001	4.332	1.0
807	0.0	2.0	0.0	1.0	0.6660000000000004	5.334	1.0
808	0.0	1.0	0.0	0.0	1.0	2.0	0.0
809	1.0	0.0	1.0	0.0	0.6680000000000001	2.332	1.0
810	0.0	2.0	0.0	1.0	1.3330000000000002	4.667	1.0
811	0.0	0.0	0.0	0.0	0.0	0.0	0.0
812	0.0	1.0	0.0	1.0	0.3330000000000002	2.667	1.0
813	0.0	2.0	0.0	0.0	0.3330000000000002	2.667	0.0
814	1.0	2.0	1.0	0.0	2.0	4.0	1.0
815	1.0	2.0	0.0	1.0	1.3330000000000002	4.667	1.0
816	1.0	1.0	1.0	0.0	2.0	4.0	1.0
817	0.0	2.0	0.0	1.0	1.3330000000000002	4.667	1.0
818	1.0	1.0	0.0	0.0	1.0	2.0	0.0
819	1.0	2.0	0.0	1.0	0.6660000000000004	5.334	1.0
820	1.0	0.0	0.0	0.0	1.0	2.0	0.0
821	1.0	2.0	1.0	1.0	1.3330000000000002	4.667	1.0
822	0.0	0.0	0.0	0.0	0.0	0.0	0.0
823	1.0	0.0	1.0	0.0	1.0	2.0	1.0
824	1.0	2.0	1.0	1.0	1.3330000000000002	4.667	1.0
825	1.0	2.0	1.0	0.0	2.0	4.0	1.0
826	0.0	1.0	0.0	0.0	0.3330000000000002	2.667	0.0
827	0.0	1.0	0.0	1.0	0.6680000000000001	2.332	1.0
828	0.0	3.0	0.0	1.0	0.3330000000000002	5.667	1.0
829	0.0	1.0	0.0	0.0	1.0	2.0	0.0
830	1.0	1.0	1.0	1.0	1.0	2.0	1.0
831	0.0	0.0	0.0	0.0	0.0	0.0	0.0
832	0.0	1.0	0.0	1.0	0.3330000000000002	2.667	1.0
833	1.0	2.0	1.0	2.0	1.4	1.6	1.0
834	1.0	0.0	1.0	0.0	1.0	2.0	1.0
835	1.0	0.0	1.0	0.0	1.0	2.0	1.0
836	1.0	1.0	0.0	1.0	1.3330000000000002	4.667	1.0
837	0.0	3.0	0.0	2.0	1.3330000000000002	4.667	1.0
838	1.0	2.0	1.0	0.0	1.3330000000000002	4.667	1.0
839	1.0	0.0	1.0	0.0	1.0	2.0	1.0
840	0.0	0.0	0.0	0.0	0.0	0.0	0.0
841	1.0	2.0	1.0	2.0	1.0	2.0	1.0
842	0.0	0.0	0.0	0.0	0.0	0.0	0.0
843	1.0	1.0	1.0	1.0	0.6680000000000001	2.332	1.0
844	0.0	2.0	0.0	1.0	0.6660000000000004	5.334	1.0
845	0.0	1.0	0.0	0.0	0.3330000000000002	2.667	0.0
846	2.0	0.0	1.0	0.0	2.068	3.932	1.0
847	0.0	0.0	0.0	0.0	0.0	0.0	0.0
848	1.0	1.0	1.0	1.0	1.0	2.0	1.0
849	1.0	2.0	0.0	1.0	1.3330000000000002	4.667	1.0
850	0.0	0.0	0.0	0.0	0.0	0.0	0.0
851	1.0	1.0	0.0	0.0	1.0	2.0	0.0
852	0.0	0.0	0.0	0.0	0.0	0.0	0.0
853	1.0	2.0	0.0	2.0	2.0	4.0	1.0
854	0.0	3.0	0.0	0.0	0.3330000000000002	2.667	0.0
855	0.0	2.0	0.0	1.0	2.0	4.0	1.0
856	0.0	3.0	0.0	2.0	1.3330000000000002	4.667	1.0
857	0.0	2.0	0.0	2.0	0.3330000000000002	2.667	1.0
858	0.0	0.0	0.0	0.0	0.0	0.0	0.0
859	0.0	0.0	0.0	0.0	0.0	0.0	0.0
860	0.0	0.0	0.0	0.0	0.0	0.0	0.0
861	0.0	0.0	0.0	0.0	0.0	0.0	0.0
862	0.0	0.0	0.0	0.0	0.0	0.0	0.0
863	0.0	0.0	0.0	0.0	0.0	0.0	0.0
864	0.0	0.0	0.0	0.0	0.0	0.0	0.0
865	0.0	0.0	0.0	0.0	0.0	0.0	0.0
866	0.0	0.0	0.0	0.0	0.0	0.0	0.0
867	0.0	0.0	0.0	0.0	0.0	0.0	0.0
868	0.0	0.0	0.0	0.0	0.0	0.0	0.0
869	0.0	0.0	0.0	0.0	0.0	0.0	0.0
870	2.0	1.0	0.0	1.0	1.3330000000000002	4.667	1.0
871	0.0	1.0	0.0	0.0	0.3330000000000002	2.667	0.0
872	1.0	1.0	1.0	0.0	2.0	4.0	1.0
873	1.0	1.0	1.0	1.0	1.0	2.0	1.0
874	1.0	0.0	0.0	0.0	0.3330000000000002	2.667	0.0
875	1.0	1.0	0.0	1.0	0.6660000000000004	5.334	1.0
876	1.0	1.0	0.0	0.0	1.0	2.0	0.0
877	0.0	1.0	0.0	0.0	1.0	2.0	0.0
878	1.0	2.0	0.0	2.0	1.0010000000000003	4.999	1.0
879	1.0	1.0	1.0	0.0	0.6660000000000004	5.334	1.0
880	1.0	2.0	1.0	1.0	2.0	4.0	1.0
881	1.0	1.0	0.0	0.0	0.3330000000000002	2.667	0.0
882	0.0	0.0	0.0	0.0	0.0	0.0	0.0
883	0.0	0.0	0.0	0.0	0.0	0.0	0.0
884	0.0	0.0	0.0	0.0	0.0	0.0	0.0
885	1.0	2.0	1.0	0.0	1.0010000000000003	4.999	1.0
886	1.0	2.0	0.0	1.0	1.3330000000000002	4.667	1.0
887	1.0	1.0	0.0	1.0	1.6680000000000001	4.332	1.0
888	0.0	0.0	0.0	0.0	0.0	0.0	0.0
889	0.0	2.0	0.0	2.0	0.3330000000000002	2.667	1.0
890	1.0	2.0	1.0	1.0	1.3360000000000003	4.664	1.0
891	1.0	2.0	0.0	1.0	1.3330000000000002	4.667	1.0
892	2.0	0.0	0.0	0.0	0.6680000000000001	2.332	0.0
893	2.0	0.0	2.0	0.0	0.6680000000000001	2.332	1.0
894	1.0	1.0	1.0	0.0	1.3330000000000002	4.667	1.0
895	0.0	2.0	0.0	1.0	1.3330000000000002	4.667	1.0
896	0.0	0.0	0.0	0.0	0.0	0.0	0.0
897	0.0	0.0	0.0	0.0	0.0	0.0	0.0
898	0.0	0.0	0.0	0.0	0.0	0.0	0.0
899	0.0	0.0	0.0	0.0	0.0	0.0	0.0
900	0.0	0.0	0.0	0.0	0.0	0.0	0.0
901	0.0	0.0	0.0	0.0	0.0	0.0	0.0
902	0.0	0.0	0.0	0.0	0.0	0.0	0.0
903	0.0	0.0	0.0	0.0	0.0	0.0	0.0
904	1.0	2.0	1.0	0.0	1.6680000000000001	4.332	1.0
905	0.0	1.0	0.0	0.0	1.0	2.0	0.0
906	0.0	2.0	0.0	1.0	1.3330000000000002	4.667	1.0
907	0.0	1.0	0.0	1.0	1.0	2.0	1.0
908	0.0	1.0	0.0	1.0	1.0	2.0	1.0
909	1.0	1.0	0.0	1.0	2.0	4.0	1.0
910	0.0	3.0	0.0	1.0	1.3330000000000002	4.667	1.0
911	0.0	2.0	0.0	1.0	0.6660000000000004	5.334	1.0
912	0.0	1.0	0.0	1.0	1.0	2.0	1.0
913	1.0	2.0	1.0	1.0	1.3330000000000002	4.667	1.0
914	0.0	1.0	0.0	1.0	0.3330000000000002	2.667	1.0
915	1.0	2.0	1.0	1.0	1.0010000000000003	4.999	1.0
916	1.0	0.0	0.0	0.0	1.0	2.0	0.0
917	1.0	2.0	0.0	2.0	1.3330000000000002	4.667	1.0
918	0.0	2.0	0.0	1.0	0.6660000000000004	5.334	1.0
919	2.0	0.0	1.0	0.0	1.6680000000000001	4.332	1.0
920	1.0	2.0	0.0	0.0	1.0	2.0	0.0
921	1.0	2.0	1.0	2.0	0.3330000000000002	2.667	1.0
922	0.0	0.0	0.0	0.0	0.0	0.0	0.0
923	0.0	0.0	0.0	0.0	0.0	0.0	0.0
924	0.0	0.0	0.0	0.0	0.0	0.0	0.0
925	0.0	0.0	0.0	0.0	0.0	0.0	0.0
926	1.0	0.0	0.0	0.0	1.0	2.0	0.0
927	1.0	0.0	1.0	0.0	0.3330000000000002	2.667	1.0
928	1.0	2.0	0.0	1.0	1.3330000000000002	4.667	1.0
929	1.0	0.0	0.0	0.0	0.3330000000000002	2.667	0.0
930	1.0	1.0	1.0	1.0	0.3330000000000002	2.667	1.0
931	0.0	0.0	0.0	0.0	0.0	0.0	0.0
932	0.0	0.0	0.0	0.0	0.0	0.0	0.0
933	0.0	0.0	0.0	0.0	0.0	0.0	0.0
934	1.0	2.0	1.0	1.0	0.3330000000000002	5.667	1.0
935	1.0	1.0	0.0	0.0	0.3330000000000002	2.667	0.0
936	0.0	1.0	0.0	0.0	1.4	1.6	0.0
937	0.0	1.0	0.0	0.0	1.0	2.0	0.0
938	1.0	1.0	1.0	1.0	1.0	2.0	1.0
939	1.0	1.0	1.0	1.0	1.4	1.6	1.0
940	0.0	2.0	0.0	2.0	0.0	3.0	1.0
941	0.0	2.0	0.0	1.0	0.6660000000000004	5.334	1.0
942	1.0	2.0	1.0	2.0	1.0	2.0	1.0
943	0.0	3.0	0.0	2.0	1.733	4.2669999999999995	1.0
944	0.0	2.0	0.0	0.0	0.3330000000000002	2.667	0.0
945	0.0	2.0	0.0	1.0	1.3330000000000002	4.667	1.0
946	1.0	1.0	0.0	1.0	2.0	4.0	1.0
947	1.0	0.0	0.0	0.0	0.6680000000000001	2.332	0.0
948	0.0	2.0	0.0	1.0	0.3330000000000002	5.667	1.0
949	1.0	2.0	0.0	1.0	1.3330000000000002	4.667	1.0
950	1.0	1.0	1.0	1.0	0.3330000000000002	2.667	1.0
951	0.0	0.0	0.0	0.0	0.0	0.0	0.0
952	1.0	1.0	0.0	0.0	0.3330000000000002	2.667	0.0
953	1.0	0.0	1.0	0.0	0.3330000000000002	2.667	1.0
954	1.0	0.0	1.0	0.0	0.6680000000000001	2.332	1.0
955	0.0	0.0	0.0	0.0	0.0	0.0	0.0
956	1.0	2.0	0.0	1.0	1.3330000000000002	4.667	1.0
957	2.0	0.0	2.0	0.0	1.0	2.0	1.0
958	0.0	0.0	0.0	0.0	0.0	0.0	0.0
959	1.0	1.0	1.0	0.0	1.3360000000000003	4.664	1.0
960	1.0	2.0	1.0	2.0	0.3330000000000002	2.667	1.0
961	1.0	3.0	1.0	0.0	2.668	6.332	1.0
962	1.0	0.0	1.0	0.0	1.0	2.0	1.0
963	1.0	1.0	1.0	0.0	1.6680000000000001	4.332	1.0
964	2.0	1.0	0.0	0.0	1.0	2.0	0.0
965	2.0	2.0	1.0	1.0	1.0	5.0	1.0
966	1.0	2.0	0.0	0.0	0.6680000000000001	2.332	0.0
967	1.0	3.0	0.0	2.0	3.0	6.0	2.0
968	1.0	1.0	1.0	0.0	0.6660000000000004	5.334	1.0
969	1.0	1.0	1.0	0.0	2.068	3.932	1.0
970	1.0	2.0	0.0	1.0	2.333	6.667	1.0
971	0.0	1.0	0.0	0.0	1.0	2.0	0.0
972	0.0	0.0	0.0	0.0	0.0	0.0	0.0
973	1.0	2.0	0.0	0.0	1.0	2.0	0.0
974	1.0	1.0	0.0	1.0	0.6660000000000004	5.334	1.0
975	1.0	0.0	0.0	0.0	0.3330000000000002	2.667	0.0
976	1.0	0.0	1.0	0.0	1.0	2.0	1.0
977	1.0	2.0	1.0	1.0	2.4	3.6	1.0
978	2.0	3.0	2.0	2.0	3.0	6.0	2.0
979	2.0	0.0	2.0	0.0	2.0	4.0	2.0
980	1.0	1.0	1.0	1.0	1.4	1.6	1.0
981	0.0	1.0	0.0	0.0	1.0	2.0	0.0
982	3.0	2.0	1.0	0.0	2.0010000000000003	6.999	1.0
983	2.0	2.0	2.0	0.0	2.333	6.667	2.0
984	2.0	2.0	1.0	0.0	2.3360000000000003	6.664	1.0
985	0.0	3.0	0.0	2.0	1.3330000000000002	4.667	1.0
986	2.0	3.0	1.0	1.0	3.0660000000000003	8.934	2.0
987	0.0	4.0	0.0	2.0	2.0010000000000003	6.999	1.0
988	1.0	4.0	1.0	2.0	3.333	8.667	2.0
989	0.0	4.0	0.0	3.0	2.333	6.667	2.0
990	0.0	1.0	0.0	1.0	0.3330000000000002	2.667	1.0
991	0.0	1.0	0.0	1.0	0.3330000000000002	2.667	1.0
992	1.0	0.0	1.0	0.0	1.0	2.0	1.0
993	0.0	4.0	0.0	3.0	1.3340000000000005	7.6659999999999995	2.0
994	1.0	4.0	1.0	1.0	2.3340000000000005	9.666	2.0
995	0.0	2.0	0.0	0.0	0.6660000000000004	5.334	0.0
996	2.0	3.0	2.0	0.0	4.4	7.6	2.0
997	1.0	3.0	1.0	2.0	2.333	6.667	2.0
998	0.0	4.0	0.0	2.0	0.6660000000000004	5.334	1.0
999	2.0	2.0	1.0	0.0	3.0	6.0	1.0
1000	2.0	0.0	1.0	0.0	2.0	4.0	1.0
1001	1.0	3.0	1.0	1.0	0.9990000000000006	8.001	2.0
1002	1.0	1.0	1.0	1.0	1.0	2.0	1.0
1003	0.0	0.0	0.0	0.0	0.0	0.0	0.0
1004	0.0	1.0	0.0	1.0	1.0	2.0	1.0
1005	1.0	1.0	0.0	0.0	1.0	2.0	0.0
1006	0.0	3.0	0.0	1.0	1.3330000000000002	4.667	1.0
1007	0.0	0.0	0.0	0.0	0.0	0.0	0.0
1008	0.0	2.0	0.0	1.0	1.3360000000000003	4.664	1.0
1009	0.0	2.0	0.0	0.0	0.3330000000000002	2.667	0.0
1010	0.0	0.0	0.0	0.0	0.0	0.0	0.0
1011	1.0	0.0	1.0	0.0	1.0	2.0	1.0
1012	1.0	0.0	0.0	0.0	1.0	2.0	0.0
1013	0.0	1.0	0.0	0.0	1.0	2.0	0.0
1014	0.0	0.0	0.0	0.0	0.0	0.0	0.0
1015	1.0	0.0	1.0	0.0	0.3330000000000002	2.667	1.0
1016	1.0	0.0	1.0	0.0	0.3330000000000002	2.667	1.0
1017	1.0	2.0	0.0	0.0	0.6680000000000001	2.332	0.0
1018	0.0	0.0	0.0	0.0	0.0	0.0	0.0
1019	1.0	1.0	0.0	1.0	1.3330000000000002	4.667	1.0
1020	1.0	0.0	1.0	0.0	1.0	2.0	1.0
1021	1.0	1.0	1.0	0.0	2.0	4.0	1.0
1022	1.0	0.0	1.0	0.0	1.0	2.0	1.0
1023	0.0	0.0	0.0	0.0	0.0	0.0	0.0
1024	0.0	1.0	0.0	1.0	1.0	2.0	1.0
1025	0.0	0.0	0.0	0.0	0.0	0.0	0.0
1026	0.0	0.0	0.0	0.0	0.0	0.0	0.0
1027	0.0	0.0	0.0	0.0	0.0	0.0	0.0
1028	0.0	0.0	0.0	0.0	0.0	0.0	0.0
1029	0.0	0.0	0.0	0.0	0.0	0.0	0.0
1030	0.0	0.0	0.0	0.0	0.0	0.0	0.0
1031	0.0	0.0	0.0	0.0	0.0	0.0	0.0
1032	0.0	0.0	0.0	0.0	0.0	0.0	0.0
1033	0.0	0.0	0.0	0.0	0.0	0.0	0.0
1034	0.0	0.0	0.0	0.0	0.0	0.0	0.0
1035	0.0	0.0	0.0	0.0	0.0	0.0	0.0
1036	0.0	0.0	0.0	0.0	0.0	0.0	0.0
1037	0.0	0.0	0.0	0.0	0.0	0.0	0.0
1038	0.0	0.0	0.0	0.0	0.0	0.0	0.0
1039	0.0	0.0	0.0	0.0	0.0	0.0	0.0
1040	0.0	0.0	0.0	0.0	0.0	0.0	0.0
1041	0.0	0.0	0.0	0.0	0.0	0.0	0.0
1042	0.0	0.0	0.0	0.0	0.0	0.0	0.0
1043	0.0	0.0	0.0	0.0	0.0	0.0	0.0
1044	0.0	0.0	0.0	0.0	0.0	0.0	0.0
1045	0.0	0.0	0.0	0.0	0.0	0.0	0.0
1046	0.0	0.0	0.0	0.0	0.0	0.0	0.0
1047	0.0	0.0	0.0	0.0	0.0	0.0	0.0
1048	0.0	0.0	0.0	0.0	0.0	0.0	0.0
1049	0.0	0.0	0.0	0.0	0.0	0.0	0.0
1050	0.0	0.0	0.0	0.0	0.0	0.0	0.0
1051	0.0	0.0	0.0	0.0	0.0	0.0	0.0
1052	0.0	0.0	0.0	0.0	0.0	0.0	0.0
1053	0.0	0.0	0.0	0.0	0.0	0.0	0.0
1054	0.0	0.0	0.0	0.0	0.0	0.0	0.0
1055	0.0	0.0	0.0	0.0	0.0	0.0	0.0
1056	1.0	1.0	0.0	0.0	0.0	3.0	0.0
1057	0.0	2.0	0.0	1.0	1.6680000000000001	4.332	1.0
1058	0.0	3.0	0.0	1.0	1.3330000000000002	4.667	1.0
1059	0.0	1.0	0.0	1.0	0.3330000000000002	2.667	1.0
1060	0.0	0.0	0.0	0.0	0.0	0.0	0.0
1061	0.0	0.0	0.0	0.0	0.0	0.0	0.0
1062	0.0	2.0	0.0	0.0	0.3330000000000002	2.667	0.0
1063	0.0	2.0	0.0	0.0	0.3330000000000002	2.667	0.0
1064	1.0	1.0	1.0	0.0	2.4	3.6	1.0
1065	1.0	0.0	1.0	0.0	1.0	2.0	1.0
1066	0.0	0.0	0.0	0.0	0.0	0.0	0.0
1067	0.0	1.0	0.0	1.0	1.0	2.0	1.0
1068	1.0	1.0	0.0	0.0	0.3330000000000002	2.667	0.0
1069	0.0	2.0	0.0	1.0	1.6680000000000001	4.332	1.0
1070	1.0	2.0	0.0	1.0	1.3330000000000002	4.667	1.0
1071	0.0	0.0	0.0	0.0	0.0	0.0	0.0
1072	2.0	1.0	2.0	1.0	1.0	2.0	1.0
1073	1.0	0.0	1.0	0.0	1.0	2.0	1.0
1074	0.0	1.0	0.0	0.0	0.0	3.0	0.0
1075	0.0	0.0	0.0	0.0	0.0	0.0	0.0
1076	0.0	2.0	0.0	1.0	1.0	5.0	1.0
1077	1.0	0.0	1.0	0.0	0.3330000000000002	2.667	1.0
1078	1.0	1.0	0.0	1.0	1.3330000000000002	4.667	1.0
1079	0.0	2.0	0.0	1.0	0.6680000000000001	5.332	1.0
1080	1.0	1.0	0.0	0.0	0.3330000000000002	2.667	0.0
1081	0.0	0.0	0.0	0.0	0.0	0.0	0.0
1082	1.0	0.0	0.0	0.0	1.0	2.0	0.0
1083	1.0	1.0	0.0	0.0	0.3330000000000002	2.667	0.0
1084	0.0	0.0	0.0	0.0	0.0	0.0	0.0
1085	1.0	0.0	0.0	0.0	1.0	2.0	0.0
1086	0.0	0.0	0.0	0.0	0.0	0.0	0.0
1087	0.0	0.0	0.0	0.0	0.0	0.0	0.0
1088	0.0	3.0	0.0	1.0	1.0	5.0	1.0
1089	0.0	1.0	0.0	1.0	0.3330000000000002	2.667	1.0
1090	1.0	1.0	0.0	0.0	0.3330000000000002	2.667	0.0
1091	1.0	2.0	1.0	1.0	1.3330000000000002	4.667	1.0
1092	1.0	1.0	0.0	0.0	1.4	1.6	0.0
1093	1.0	2.0	1.0	0.0	1.3330000000000002	4.667	1.0
1094	1.0	0.0	0.0	0.0	1.0	2.0	0.0
1095	1.0	1.0	0.0	1.0	1.0	5.0	1.0
1096	0.0	2.0	0.0	2.0	0.3330000000000002	2.667	1.0
1097	0.0	2.0	0.0	1.0	1.3330000000000002	4.667	1.0
1098	1.0	1.0	1.0	0.0	1.6680000000000001	4.332	1.0
1099	1.0	2.0	0.0	1.0	1.0010000000000003	4.999	1.0
1100	0.0	2.0	0.0	0.0	1.0	2.0	0.0
1101	1.0	0.0	0.0	0.0	0.3330000000000002	2.667	0.0
1102	1.0	1.0	1.0	1.0	0.3330000000000002	2.667	1.0
1103	0.0	1.0	0.0	0.0	0.3330000000000002	2.667	0.0
1104	0.0	2.0	0.0	1.0	0.6660000000000004	5.334	1.0
1105	0.0	0.0	0.0	0.0	0.0	0.0	0.0
1106	1.0	1.0	1.0	0.0	1.733	4.2669999999999995	1.0
1107	0.0	1.0	0.0	1.0	1.0	2.0	1.0
1108	0.0	3.0	0.0	2.0	1.3330000000000002	4.667	1.0
1109	0.0	0.0	0.0	0.0	0.0	0.0	0.0
1110	1.0	2.0	0.0	1.0	0.3330000000000002	5.667	1.0
1111	1.0	1.0	1.0	0.0	1.3330000000000002	4.667	1.0
1112	1.0	2.0	1.0	1.0	1.3330000000000002	4.667	1.0
1113	0.0	1.0	0.0	0.0	0.3330000000000002	2.667	0.0
1114	0.0	1.0	0.0	1.0	1.0	2.0	1.0
1115	0.0	1.0	0.0	1.0	0.6680000000000001	2.332	1.0
1116	1.0	1.0	0.0	0.0	1.0	2.0	0.0
1117	1.0	0.0	0.0	0.0	0.3330000000000002	2.667	0.0
1118	0.0	2.0	0.0	1.0	1.3330000000000002	4.667	1.0
1119	0.0	0.0	0.0	0.0	0.0	0.0	0.0
1120	0.0	0.0	0.0	0.0	0.0	0.0	0.0
1121	0.0	0.0	0.0	0.0	0.0	0.0	0.0
1122	0.0	0.0	0.0	0.0	0.0	0.0	0.0
1123	0.0	0.0	0.0	0.0	0.0	0.0	0.0
1124	0.0	0.0	0.0	0.0	0.0	0.0	0.0
1125	0.0	0.0	0.0	0.0	0.0	0.0	0.0
1126	0.0	0.0	0.0	0.0	0.0	0.0	0.0
1127	0.0	0.0	0.0	0.0	0.0	0.0	0.0
1128	0.0	0.0	0.0	0.0	0.0	0.0	0.0
1129	0.0	0.0	0.0	0.0	0.0	0.0	0.0
1130	0.0	0.0	0.0	0.0	0.0	0.0	0.0
1131	0.0	0.0	0.0	0.0	0.0	0.0	0.0
1132	0.0	1.0	0.0	1.0	0.3330000000000002	2.667	1.0
1133	0.0	3.0	0.0	1.0	1.3330000000000002	4.667	1.0
1134	0.0	3.0	0.0	2.0	0.6660000000000004	5.334	1.0
1135	1.0	1.0	1.0	0.0	1.3330000000000002	4.667	1.0
1136	0.0	2.0	0.0	1.0	1.3330000000000002	4.667	1.0
1137	0.0	2.0	0.0	0.0	0.3330000000000002	2.667	0.0
1138	2.0	0.0	0.0	0.0	1.0	2.0	0.0
1139	1.0	0.0	0.0	0.0	1.4	1.6	0.0
1140	0.0	0.0	0.0	0.0	0.0	0.0	0.0
1141	1.0	1.0	1.0	1.0	1.0	2.0	1.0
1142	0.0	0.0	0.0	0.0	0.0	0.0	0.0
1143	0.0	0.0	0.0	0.0	0.0	0.0	0.0
1144	1.0	2.0	0.0	1.0	1.3330000000000002	4.667	1.0
1145	0.0	1.0	0.0	1.0	0.6680000000000001	2.332	1.0
1146	1.0	1.0	0.0	0.0	0.3330000000000002	2.667	0.0
1147	1.0	1.0	0.0	0.0	0.3330000000000002	2.667	0.0
1148	1.0	1.0	0.0	1.0	0.6660000000000004	5.334	1.0
1149	0.0	1.0	0.0	1.0	0.6680000000000001	2.332	1.0
1150	0.0	2.0	0.0	1.0	0.6660000000000004	5.334	1.0
1151	0.0	3.0	0.0	2.0	0.3330000000000002	5.667	1.0
1152	1.0	2.0	1.0	2.0	1.0	2.0	1.0
1153	1.0	2.0	0.0	1.0	1.3330000000000002	4.667	1.0
1154	1.0	1.0	1.0	0.0	2.0	4.0	1.0
1155	1.0	1.0	1.0	0.0	1.6680000000000001	4.332	1.0
1156	1.0	1.0	1.0	1.0	1.0	2.0	1.0
1157	0.0	2.0	0.0	0.0	1.0	2.0	0.0
1158	1.0	2.0	1.0	2.0	0.3330000000000002	2.667	1.0
1159	1.0	1.0	1.0	0.0	2.4	3.6	1.0
1160	1.0	2.0	1.0	2.0	1.0	2.0	1.0
1161	0.0	2.0	0.0	2.0	0.3330000000000002	2.667	1.0
1162	1.0	1.0	1.0	0.0	1.6680000000000001	4.332	1.0
1163	1.0	1.0	1.0	0.0	2.0	4.0	1.0
1164	1.0	0.0	0.0	0.0	1.0	2.0	0.0
1165	1.0	1.0	0.0	0.0	1.0	2.0	0.0
1166	0.0	0.0	0.0	0.0	0.0	0.0	0.0
1167	1.0	0.0	1.0	0.0	0.3330000000000002	2.667	1.0
1168	0.0	2.0	0.0	1.0	0.3330000000000002	5.667	1.0
1169	1.0	0.0	0.0	0.0	1.0	2.0	0.0
1170	1.0	0.0	0.0	0.0	1.0	2.0	0.0
1171	1.0	0.0	1.0	0.0	1.0	2.0	1.0
1172	1.0	2.0	1.0	1.0	1.6680000000000001	4.332	1.0
1173	1.0	2.0	1.0	2.0	1.0	2.0	1.0
1174	1.0	2.0	0.0	0.0	1.0	2.0	0.0
1175	1.0	2.0	0.0	1.0	1.733	4.2669999999999995	1.0
1176	1.0	2.0	0.0	1.0	1.3330000000000002	4.667	1.0
1177	0.0	3.0	0.0	1.0	1.3330000000000002	4.667	1.0
1178	0.0	2.0	0.0	1.0	1.6680000000000001	4.332	1.0
1179	0.0	1.0	0.0	0.0	0.3330000000000002	2.667	0.0
1180	1.0	2.0	1.0	0.0	2.0	4.0	1.0
1181	2.0	0.0	2.0	0.0	0.6680000000000001	2.332	1.0
1182	1.0	1.0	1.0	1.0	1.0	2.0	1.0
1183	0.0	2.0	0.0	1.0	0.6660000000000004	5.334	1.0
1184	0.0	2.0	0.0	1.0	0.6660000000000004	5.334	1.0
1185	1.0	0.0	1.0	0.0	1.0	2.0	1.0
1186	0.0	0.0	0.0	0.0	0.0	0.0	0.0
1187	1.0	1.0	1.0	0.0	0.6660000000000004	5.334	1.0
1188	1.0	1.0	0.0	0.0	0.6680000000000001	2.332	0.0
1189	1.0	1.0	1.0	0.0	0.6660000000000004	5.334	1.0
1190	1.0	0.0	0.0	0.0	1.0	2.0	0.0
1191	1.0	1.0	1.0	0.0	2.4	3.6	1.0
1192	1.0	0.0	0.0	0.0	0.3330000000000002	2.667	0.0
1193	1.0	2.0	0.0	1.0	1.3330000000000002	4.667	1.0
1194	1.0	2.0	1.0	1.0	1.3330000000000002	4.667	1.0
1195	0.0	1.0	0.0	1.0	0.3330000000000002	2.667	1.0
1196	1.0	0.0	0.0	0.0	0.6680000000000001	2.332	0.0
1197	1.0	1.0	1.0	0.0	2.0	4.0	1.0
1198	0.0	1.0	0.0	1.0	1.0	2.0	1.0
1199	1.0	0.0	0.0	0.0	1.0	2.0	0.0
1200	1.0	1.0	1.0	0.0	1.6680000000000001	4.332	1.0
1201	1.0	2.0	1.0	0.0	1.733	4.2669999999999995	1.0
1202	0.0	0.0	0.0	0.0	0.0	0.0	0.0
1203	0.0	2.0	0.0	1.0	1.6680000000000001	4.332	1.0
1204	1.0	2.0	0.0	0.0	0.3330000000000002	2.667	0.0
1205	0.0	1.0	0.0	1.0	0.0	3.0	1.0
1206	1.0	2.0	0.0	1.0	1.3330000000000002	4.667	1.0
1207	0.0	2.0	0.0	1.0	1.3330000000000002	4.667	1.0
1208	0.0	2.0	0.0	0.0	1.0	2.0	0.0
1209	1.0	2.0	1.0	1.0	1.6680000000000001	4.332	1.0
1210	1.0	2.0	0.0	1.0	1.6680000000000001	4.332	1.0
1211	1.0	1.0	0.0	0.0	1.0	2.0	0.0
1212	0.0	1.0	0.0	1.0	0.6680000000000001	2.332	1.0
1213	0.0	2.0	0.0	1.0	0.6660000000000004	5.334	1.0
1214	1.0	2.0	1.0	2.0	1.0	2.0	1.0
1215	1.0	1.0	0.0	1.0	1.6680000000000001	4.332	1.0
1216	0.0	3.0	0.0	2.0	0.6660000000000004	5.334	1.0
1217	1.0	2.0	0.0	1.0	2.0	4.0	1.0
1218	1.0	0.0	0.0	0.0	1.0	2.0	0.0
1219	1.0	0.0	1.0	0.0	1.0	2.0	1.0
1220	0.0	2.0	0.0	1.0	0.6660000000000004	5.334	1.0
1221	1.0	2.0	1.0	2.0	0.3330000000000002	2.667	1.0
1222	1.0	0.0	1.0	0.0	1.0	2.0	1.0
1223	1.0	2.0	1.0	2.0	1.0	2.0	1.0
1224	0.0	1.0	0.0	1.0	0.3330000000000002	2.667	1.0
1225	1.0	0.0	0.0	0.0	0.3330000000000002	2.667	0.0
1226	0.0	3.0	0.0	1.0	0.6660000000000004	5.334	1.0
1227	0.0	2.0	0.0	1.0	0.6660000000000004	5.334	1.0
1228	0.0	1.0	0.0	0.0	0.3330000000000002	2.667	0.0
1229	0.0	2.0	0.0	0.0	0.3330000000000002	2.667	0.0
1230	0.0	0.0	0.0	0.0	0.0	0.0	0.0
1231	1.0	0.0	0.0	0.0	1.0	2.0	0.0
1232	0.0	2.0	0.0	1.0	1.6680000000000001	4.332	1.0
1233	0.0	2.0	0.0	1.0	1.0	5.0	1.0
1234	0.0	1.0	0.0	1.0	1.0	2.0	1.0
1235	1.0	0.0	0.0	0.0	1.0	2.0	0.0
1236	0.0	1.0	0.0	1.0	1.0	2.0	1.0
1237	1.0	1.0	1.0	1.0	0.3330000000000002	2.667	1.0
1238	0.0	1.0	0.0	1.0	0.3330000000000002	2.667	1.0
1239	1.0	0.0	0.0	0.0	1.0	2.0	0.0
1240	1.0	1.0	1.0	0.0	0.6660000000000004	5.334	1.0
1241	0.0	1.0	0.0	1.0	0.0	3.0	1.0
1242	0.0	0.0	0.0	0.0	0.0	0.0	0.0
1243	0.0	1.0	0.0	1.0	0.6680000000000001	2.332	1.0
1244	0.0	0.0	0.0	0.0	0.0	0.0	0.0
1245	0.0	1.0	0.0	0.0	0.3330000000000002	2.667	0.0
1246	1.0	2.0	0.0	0.0	0.3330000000000002	2.667	0.0
1247	1.0	0.0	0.0	0.0	1.0	2.0	0.0
1248	0.0	1.0	0.0	0.0	0.3330000000000002	2.667	0.0
1249	0.0	2.0	0.0	1.0	1.3330000000000002	4.667	1.0
1250	0.0	2.0	0.0	2.0	0.3330000000000002	2.667	1.0
1251	0.0	0.0	0.0	0.0	0.0	0.0	0.0
1252	0.0	0.0	0.0	0.0	0.0	0.0	0.0
1253	0.0	3.0	0.0	1.0	0.6660000000000004	5.334	1.0
1254	1.0	0.0	1.0	0.0	0.6680000000000001	2.332	1.0
1255	0.0	0.0	0.0	0.0	0.0	0.0	0.0
1256	1.0	1.0	0.0	0.0	0.6680000000000001	2.332	0.0
1257	1.0	2.0	0.0	0.0	1.0	2.0	0.0
1258	0.0	0.0	0.0	0.0	0.0	0.0	0.0
1259	1.0	2.0	0.0	1.0	1.3330000000000002	4.667	1.0
1260	0.0	1.0	0.0	0.0	0.6680000000000001	2.332	0.0
1261	0.0	0.0	0.0	0.0	0.0	0.0	0.0
1262	1.0	2.0	0.0	0.0	1.0	2.0	0.0
1263	1.0	1.0	0.0	0.0	1.0	2.0	0.0
1264	1.0	1.0	0.0	0.0	0.6680000000000001	2.332	0.0
1265	1.0	0.0	0.0	0.0	1.0	2.0	0.0
1266	0.0	2.0	0.0	1.0	1.3330000000000002	4.667	1.0
1267	1.0	2.0	1.0	0.0	1.3330000000000002	4.667	1.0
1268	0.0	1.0	0.0	1.0	1.0	2.0	1.0
1269	1.0	1.0	0.0	0.0	0.6680000000000001	2.332	0.0
1270	0.0	2.0	0.0	0.0	0.3330000000000002	2.667	0.0
1271	1.0	2.0	0.0	1.0	1.6680000000000001	4.332	1.0
1272	1.0	2.0	0.0	2.0	2.0	4.0	1.0
1273	0.0	1.0	0.0	0.0	0.6680000000000001	2.332	0.0
1274	1.0	1.0	0.0	1.0	2.0	4.0	1.0
1275	1.0	1.0	1.0	0.0	2.0	4.0	1.0
1276	1.0	2.0	1.0	0.0	2.0	4.0	1.0
1277	1.0	1.0	1.0	1.0	0.3330000000000002	2.667	1.0
1278	0.0	2.0	0.0	1.0	1.0	5.0	1.0
1279	1.0	0.0	0.0	0.0	0.3330000000000002	2.667	0.0
1280	0.0	1.0	0.0	1.0	1.0	2.0	1.0
1281	1.0	0.0	0.0	0.0	0.3330000000000002	2.667	0.0
1282	0.0	0.0	0.0	0.0	0.0	0.0	0.0
1283	1.0	1.0	0.0	1.0	2.4	3.6	1.0
1284	1.0	2.0	1.0	1.0	0.6660000000000004	5.334	1.0
1285	1.0	0.0	0.0	0.0	0.3330000000000002	2.667	0.0
1286	1.0	0.0	0.0	0.0	1.0	2.0	0.0
1287	1.0	1.0	1.0	0.0	2.0	4.0	1.0
1288	1.0	2.0	1.0	1.0	0.6660000000000004	5.334	1.0
1289	0.0	0.0	0.0	0.0	0.0	0.0	0.0
1290	0.0	0.0	0.0	0.0	0.0	0.0	0.0
1291	1.0	0.0	1.0	0.0	1.0	2.0	1.0
1292	0.0	1.0	0.0	0.0	1.0	2.0	0.0
1293	1.0	1.0	0.0	1.0	2.0	4.0	1.0
1294	1.0	1.0	0.0	1.0	0.6660000000000004	5.334	1.0
1295	1.0	0.0	1.0	0.0	0.3330000000000002	2.667	1.0
1296	0.0	2.0	0.0	1.0	1.3330000000000002	4.667	1.0
1297	0.0	2.0	0.0	1.0	1.3330000000000002	4.667	1.0
1298	1.0	2.0	1.0	2.0	1.0	2.0	1.0
1299	1.0	0.0	1.0	0.0	1.0	2.0	1.0
1300	0.0	0.0	0.0	0.0	0.0	0.0	0.0
1301	1.0	2.0	1.0	0.0	2.4	3.6	1.0
1302	1.0	2.0	0.0	1.0	1.3330000000000002	4.667	1.0
1303	1.0	0.0	0.0	0.0	1.0	2.0	0.0
1304	1.0	0.0	1.0	0.0	0.3330000000000002	2.667	1.0
1305	0.0	1.0	0.0	0.0	0.6680000000000001	2.332	0.0
1306	1.0	2.0	1.0	0.0	2.0	4.0	1.0
1307	0.0	2.0	0.0	2.0	1.0	2.0	1.0
1308	0.0	1.0	0.0	1.0	1.0	2.0	1.0
1309	0.0	2.0	0.0	1.0	1.3330000000000002	4.667	1.0
1310	1.0	2.0	1.0	2.0	1.0	2.0	1.0
1311	1.0	1.0	0.0	1.0	1.3330000000000002	4.667	1.0
1312	0.0	0.0	0.0	0.0	0.0	0.0	0.0
1313	1.0	1.0	0.0	1.0	2.0	4.0	1.0
1314	0.0	2.0	0.0	1.0	1.6680000000000001	4.332	1.0
1315	1.0	2.0	1.0	2.0	1.0	2.0	1.0
1316	0.0	0.0	0.0	0.0	0.0	0.0	0.0
1317	1.0	1.0	1.0	0.0	1.0	5.0	1.0
1318	0.0	0.0	0.0	0.0	0.0	0.0	0.0
1319	0.0	0.0	0.0	0.0	0.0	0.0	0.0
1320	1.0	2.0	0.0	1.0	1.3330000000000002	4.667	1.0
1321	0.0	2.0	0.0	0.0	1.0	2.0	0.0
1322	1.0	0.0	1.0	0.0	1.4	1.6	1.0
1323	0.0	0.0	0.0	0.0	0.0	0.0	0.0
1324	1.0	2.0	0.0	2.0	2.0	4.0	1.0
1325	1.0	2.0	1.0	0.0	1.6680000000000001	4.332	1.0
1326	1.0	2.0	0.0	1.0	1.3330000000000002	4.667	1.0
1327	0.0	1.0	0.0	0.0	0.3330000000000002	2.667	0.0
1328	0.0	2.0	0.0	0.0	0.3330000000000002	2.667	0.0
1329	1.0	1.0	1.0	1.0	1.0	2.0	1.0
1330	1.0	0.0	0.0	0.0	0.3330000000000002	2.667	0.0
1331	1.0	2.0	1.0	2.0	1.0	2.0	1.0
1332	1.0	1.0	1.0	0.0	2.0	4.0	1.0
1333	0.0	1.0	0.0	1.0	0.3330000000000002	2.667	1.0
1334	1.0	2.0	0.0	1.0	1.6680000000000001	4.332	1.0
1335	1.0	1.0	1.0	1.0	0.6680000000000001	2.332	1.0
1336	1.0	1.0	0.0	0.0	1.0	2.0	0.0
1337	0.0	2.0	0.0	1.0	1.3330000000000002	4.667	1.0
1338	0.0	1.0	0.0	0.0	1.0	2.0	0.0
1339	0.0	0.0	0.0	0.0	0.0	0.0	0.0
1340	0.0	0.0	0.0	0.0	0.0	0.0	0.0
1341	1.0	2.0	1.0	1.0	2.0	4.0	1.0
1342	1.0	1.0	0.0	1.0	0.6660000000000004	5.334	1.0
1343	1.0	1.0	0.0	1.0	0.6660000000000004	5.334	1.0
1344	0.0	2.0	0.0	0.0	0.3330000000000002	2.667	0.0
1345	0.0	2.0	0.0	0.0	0.3330000000000002	2.667	0.0
1346	0.0	2.0	0.0	0.0	1.0	2.0	0.0
1347	1.0	0.0	0.0	0.0	0.3330000000000002	2.667	0.0
1348	0.0	2.0	0.0	0.0	1.0	2.0	0.0
1349	1.0	0.0	1.0	0.0	1.0	2.0	1.0
1350	0.0	1.0	0.0	1.0	0.3330000000000002	2.667	1.0
1351	0.0	1.0	0.0	1.0	0.6680000000000001	2.332	1.0
1352	1.0	1.0	1.0	0.0	1.6680000000000001	4.332	1.0
1353	1.0	2.0	0.0	1.0	2.0	4.0	1.0
1354	0.0	2.0	0.0	1.0	1.3330000000000002	4.667	1.0
1355	1.0	0.0	1.0	0.0	0.3330000000000002	2.667	1.0
1356	0.0	0.0	0.0	0.0	0.0	0.0	0.0
1357	0.0	1.0	0.0	0.0	0.3330000000000002	2.667	0.0
1358	1.0	0.0	0.0	0.0	0.3330000000000002	2.667	0.0
1359	0.0	0.0	0.0	0.0	0.0	0.0	0.0
1360	0.0	1.0	0.0	1.0	0.3330000000000002	2.667	1.0
1361	0.0	1.0	0.0	1.0	0.6680000000000001	2.332	1.0
1362	0.0	2.0	0.0	1.0	1.6680000000000001	4.332	1.0
1363	0.0	0.0	0.0	0.0	0.0	0.0	0.0
1364	2.0	1.0	2.0	1.0	0.3330000000000002	2.667	1.0
1365	1.0	1.0	0.0	0.0	0.3330000000000002	2.667	0.0
1366	1.0	1.0	1.0	0.0	1.6680000000000001	4.332	1.0
1367	0.0	1.0	0.0	0.0	0.3330000000000002	2.667	0.0
1368	1.0	2.0	1.0	0.0	1.3330000000000002	4.667	1.0
1369	0.0	2.0	0.0	1.0	1.0010000000000003	4.999	1.0
1370	1.0	2.0	1.0	1.0	1.3330000000000002	4.667	1.0
1371	1.0	2.0	1.0	2.0	0.3330000000000002	2.667	1.0
1372	1.0	1.0	1.0	1.0	0.3330000000000002	2.667	1.0
1373	0.0	1.0	0.0	0.0	0.3330000000000002	2.667	0.0
1374	1.0	0.0	1.0	0.0	1.0	2.0	1.0
1375	1.0	1.0	0.0	1.0	1.3330000000000002	4.667	1.0
1376	0.0	0.0	0.0	0.0	0.0	0.0	0.0
1377	1.0	0.0	1.0	0.0	1.0	2.0	1.0
1378	1.0	0.0	0.0	0.0	0.3330000000000002	2.667	0.0
1379	0.0	2.0	0.0	1.0	0.6660000000000004	5.334	1.0
1380	1.0	0.0	1.0	0.0	1.0	2.0	1.0
1381	1.0	0.0	1.0	0.0	1.0	2.0	1.0
1382	0.0	1.0	0.0	1.0	0.0	3.0	1.0
1383	1.0	2.0	1.0	1.0	1.6680000000000001	4.332	1.0
1384	1.0	2.0	0.0	1.0	1.3330000000000002	4.667	1.0
1385	1.0	2.0	1.0	1.0	1.3330000000000002	4.667	1.0
1386	1.0	2.0	0.0	1.0	2.0	4.0	1.0
1387	1.0	2.0	0.0	1.0	1.3330000000000002	4.667	1.0
1388	1.0	1.0	0.0	0.0	1.0	2.0	0.0
1389	0.0	0.0	0.0	0.0	0.0	0.0	0.0
1390	0.0	2.0	0.0	1.0	0.6660000000000004	5.334	1.0
1391	1.0	1.0	1.0	1.0	0.3330000000000002	2.667	1.0
1392	0.0	1.0	0.0	1.0	0.3330000000000002	2.667	1.0
1393	1.0	2.0	0.0	1.0	2.4	3.6	1.0
1394	1.0	1.0	1.0	1.0	0.3330000000000002	2.667	1.0
1395	1.0	2.0	0.0	1.0	1.0010000000000003	4.999	1.0
1396	1.0	0.0	1.0	0.0	1.0	2.0	1.0
1397	0.0	0.0	0.0	0.0	0.0	0.0	0.0
1398	0.0	0.0	0.0	0.0	0.0	0.0	0.0
1399	0.0	0.0	0.0	0.0	0.0	0.0	0.0
1400	0.0	1.0	0.0	1.0	0.3330000000000002	2.667	1.0
1401	0.0	1.0	0.0	0.0	0.3330000000000002	2.667	0.0
1402	0.0	0.0	0.0	0.0	0.0	0.0	0.0
1403	1.0	0.0	0.0	0.0	1.0	2.0	0.0
1404	0.0	2.0	0.0	1.0	0.6660000000000004	5.334	1.0
1405	1.0	2.0	0.0	1.0	1.3330000000000002	4.667	1.0
1406	0.0	1.0	0.0	0.0	0.3330000000000002	2.667	0.0
1407	1.0	0.0	0.0	0.0	1.0	2.0	0.0
1408	1.0	0.0	0.0	0.0	0.3330000000000002	2.667	0.0
1409	1.0	0.0	1.0	0.0	1.0	2.0	1.0
1410	0.0	0.0	0.0	0.0	0.0	0.0	0.0
1411	0.0	0.0	0.0	0.0	0.0	0.0	0.0
1412	1.0	0.0	0.0	0.0	1.0	2.0	0.0
1413	1.0	0.0	1.0	0.0	1.0	2.0	1.0
1414	0.0	0.0	0.0	0.0	0.0	0.0	0.0
1415	0.0	3.0	0.0	1.0	1.3330000000000002	4.667	1.0
1416	1.0	1.0	1.0	1.0	0.3330000000000002	2.667	1.0
1417	1.0	1.0	1.0	1.0	1.0	2.0	1.0
1418	1.0	1.0	1.0	1.0	1.0	2.0	1.0
1419	0.0	2.0	0.0	1.0	1.3330000000000002	4.667	1.0
1420	1.0	1.0	1.0	1.0	0.3330000000000002	2.667	1.0
1421	0.0	3.0	0.0	1.0	1.3330000000000002	4.667	1.0
1422	1.0	1.0	0.0	1.0	1.3330000000000002	4.667	1.0
1423	0.0	1.0	0.0	0.0	0.3330000000000002	2.667	0.0
1424	0.0	2.0	0.0	1.0	1.0	5.0	1.0
1425	1.0	1.0	0.0	0.0	1.0	2.0	0.0
1426	0.0	3.0	0.0	1.0	1.6680000000000001	4.332	1.0
1427	0.0	0.0	0.0	0.0	0.0	0.0	0.0
1428	0.0	0.0	0.0	0.0	0.0	0.0	0.0
1429	0.0	0.0	0.0	0.0	0.0	0.0	0.0
1430	0.0	0.0	0.0	0.0	0.0	0.0	0.0
1431	0.0	0.0	0.0	0.0	0.0	0.0	0.0
1432	0.0	0.0	0.0	0.0	0.0	0.0	0.0
1433	0.0	0.0	0.0	0.0	0.0	0.0	0.0
1434	0.0	0.0	0.0	0.0	0.0	0.0	0.0
1435	0.0	0.0	0.0	0.0	0.0	0.0	0.0
1436	0.0	0.0	0.0	0.0	0.0	0.0	0.0
1437	0.0	0.0	0.0	0.0	0.0	0.0	0.0
1438	0.0	0.0	0.0	0.0	0.0	0.0	0.0
1439	0.0	0.0	0.0	0.0	0.0	0.0	0.0
1440	0.0	0.0	0.0	0.0	0.0	0.0	0.0
1441	0.0	0.0	0.0	0.0	0.0	0.0	0.0
1442	0.0	0.0	0.0	0.0	0.0	0.0	0.0
1443	0.0	0.0	0.0	0.0	0.0	0.0	0.0
1444	0.0	0.0	0.0	0.0	0.0	0.0	0.0
1445	0.0	0.0	0.0	0.0	0.0	0.0	0.0
1446	0.0	0.0	0.0	0.0	0.0	0.0	0.0
1447	0.0	0.0	0.0	0.0	0.0	0.0	0.0
1448	0.0	0.0	0.0	0.0	0.0	0.0	0.0
1449	0.0	0.0	0.0	0.0	0.0	0.0	0.0
1450	0.0	0.0	0.0	0.0	0.0	0.0	0.0
1451	0.0	0.0	0.0	0.0	0.0	0.0	0.0
1452	0.0	0.0	0.0	0.0	0.0	0.0	0.0
1453	0.0	0.0	0.0	0.0	0.0	0.0	0.0
1454	0.0	0.0	0.0	0.0	0.0	0.0	0.0
1455	0.0	0.0	0.0	0.0	0.0	0.0	0.0
1456	0.0	0.0	0.0	0.0	0.0	0.0	0.0
1457	0.0	0.0	0.0	0.0	0.0	0.0	0.0
1458	0.0	0.0	0.0	0.0	0.0	0.0	0.0
1459	0.0	0.0	0.0	0.0	0.0	0.0	0.0
1460	0.0	0.0	0.0	0.0	0.0	0.0	0.0
1461	0.0	0.0	0.0	0.0	0.0	0.0	0.0
1462	0.0	0.0	0.0	0.0	0.0	0.0	0.0
1463	0.0	0.0	0.0	0.0	0.0	0.0	0.0
1464	0.0	0.0	0.0	0.0	0.0	0.0	0.0
1465	0.0	0.0	0.0	0.0	0.0	0.0	0.0
1466	0.0	0.0	0.0	0.0	0.0	0.0	0.0
1467	0.0	0.0	0.0	0.0	0.0	0.0	0.0
1468	0.0	0.0	0.0	0.0	0.0	0.0	0.0
1469	0.0	0.0	0.0	0.0	0.0	0.0	0.0
1470	0.0	0.0	0.0	0.0	0.0	0.0	0.0
1471	0.0	0.0	0.0	0.0	0.0	0.0	0.0
1472	0.0	0.0	0.0	0.0	0.0	0.0	0.0
1473	0.0	0.0	0.0	0.0	0.0	0.0	0.0
1474	0.0	0.0	0.0	0.0	0.0	0.0	0.0
1475	0.0	0.0	0.0	0.0	0.0	0.0	0.0
1476	0.0	0.0	0.0	0.0	0.0	0.0	0.0
1477	0.0	0.0	0.0	0.0	0.0	0.0	0.0
1478	0.0	0.0	0.0	0.0	0.0	0.0	0.0
1479	0.0	0.0	0.0	0.0	0.0	0.0	0.0
1480	0.0	0.0	0.0	0.0	0.0	0.0	0.0
1481	0.0	0.0	0.0	0.0	0.0	0.0	0.0
1482	0.0	0.0	0.0	0.0	0.0	0.0	0.0
1483	0.0	0.0	0.0	0.0	0.0	0.0	0.0
1484	0.0	0.0	0.0	0.0	0.0	0.0	0.0
1485	0.0	0.0	0.0	0.0	0.0	0.0	0.0
1486	0.0	0.0	0.0	0.0	0.0	0.0	0.0
1487	0.0	0.0	0.0	0.0	0.0	0.0	0.0
1488	0.0	0.0	0.0	0.0	0.0	0.0	0.0
1489	0.0	0.0	0.0	0.0	0.0	0.0	0.0
1490	0.0	0.0	0.0	0.0	0.0	0.0	0.0
1491	0.0	0.0	0.0	0.0	0.0	0.0	0.0
1492	0.0	0.0	0.0	0.0	0.0	0.0	0.0
1493	0.0	0.0	0.0	0.0	0.0	0.0	0.0
1494	0.0	0.0	0.0	0.0	0.0	0.0	0.0
1495	0.0	0.0	0.0	0.0	0.0	0.0	0.0
1496	0.0	0.0	0.0	0.0	0.0	0.0	0.0
1497	0.0	0.0	0.0	0.0	0.0	0.0	0.0
1498	0.0	0.0	0.0	0.0	0.0	0.0	0.0
1499	0.0	0.0	0.0	0.0	0.0	0.0	0.0
1500	0.0	0.0	0.0	0.0	0.0	0.0	0.0
1501	0.0	0.0	0.0	0.0	0.0	0.0	0.0
1502	0.0	0.0	0.0	0.0	0.0	0.0	0.0
1503	0.0	0.0	0.0	0.0	0.0	0.0	0.0
1504	0.0	0.0	0.0	0.0	0.0	0.0	0.0
1505	0.0	0.0	0.0	0.0	0.0	0.0	0.0
1506	0.0	0.0	0.0	0.0	0.0	0.0	0.0
1507	0.0	0.0	0.0	0.0	0.0	0.0	0.0
1508	0.0	0.0	0.0	0.0	0.0	0.0	0.0
1509	0.0	0.0	0.0	0.0	0.0	0.0	0.0
1510	0.0	0.0	0.0	0.0	0.0	0.0	0.0
1511	0.0	0.0	0.0	0.0	0.0	0.0	0.0
1512	0.0	0.0	0.0	0.0	0.0	0.0	0.0
1513	0.0	0.0	0.0	0.0	0.0	0.0	0.0
1514	0.0	0.0	0.0	0.0	0.0	0.0	0.0
1515	0.0	0.0	0.0	0.0	0.0	0.0	0.0
1516	0.0	0.0	0.0	0.0	0.0	0.0	0.0
1517	0.0	0.0	0.0	0.0	0.0	0.0	0.0
1518	0.0	0.0	0.0	0.0	0.0	0.0	0.0
1519	0.0	0.0	0.0	0.0	0.0	0.0	0.0
1520	0.0	0.0	0.0	0.0	0.0	0.0	0.0
1521	0.0	0.0	0.0	0.0	0.0	0.0	0.0
1522	0.0	0.0	0.0	0.0	0.0	0.0	0.0
1523	0.0	0.0	0.0	0.0	0.0	0.0	0.0
1524	0.0	0.0	0.0	0.0	0.0	0.0	0.0
1525	0.0	0.0	0.0	0.0	0.0	0.0	0.0
1526	0.0	0.0	0.0	0.0	0.0	0.0	0.0
1527	0.0	0.0	0.0	0.0	0.0	0.0	0.0
