all_syn	all_nonSyn	tip_syn	tip_nonSyn	S	N	comparisons
001	0.0	0.0	0.0	0.0	0.0	0.0	0.0
002	0.0	0.0	0.0	0.0	0.0	0.0	0.0
003	0.0	0.0	0.0	0.0	0.0	0.0	0.0
004	0.0	0.0	0.0	0.0	0.0	0.0	0.0
005	0.0	0.0	0.0	0.0	0.0	0.0	0.0
006	0.0	0.0	0.0	0.0	0.0	0.0	0.0
007	0.0	1.0	0.0	0.0	0.0	3.0	0.0
008	0.0	0.0	0.0	0.0	0.0	0.0	0.0
009	0.0	0.0	0.0	0.0	0.0	0.0	0.0
010	0.0	0.0	0.0	0.0	0.0	0.0	0.0
011	0.0	0.0	0.0	0.0	0.0	0.0	0.0
012	0.0	0.0	0.0	0.0	0.0	0.0	0.0
013	0.0	0.0	0.0	0.0	0.0	0.0	0.0
014	1.0	0.0	0.0	0.0	0.3330000000000002	2.667	0.0
015	0.0	1.0	0.0	0.0	1.0	2.0	0.0
016	0.0	0.0	0.0	0.0	0.0	0.0	0.0
017	0.0	1.0	0.0	0.0	1.0	2.0	0.0
018	0.0	1.0	0.0	0.0	1.0	2.0	0.0
019	0.0	2.0	0.0	0.0	1.3330000000000002	4.667	0.0
020	1.0	2.0	0.0	0.0	0.6680000000000001	2.332	0.0
021	0.0	0.0	0.0	0.0	0.0	0.0	0.0
022	1.0	0.0	0.0	0.0	0.3330000000000002	2.667	0.0
023	0.0	0.0	0.0	0.0	0.0	0.0	0.0
024	0.0	0.0	0.0	0.0	0.0	0.0	0.0
025	0.0	0.0	0.0	0.0	0.0	0.0	0.0
026	0.0	0.0	0.0	0.0	0.0	0.0	0.0
027	1.0	0.0	0.0	0.0	1.0	2.0	0.0
028	0.0	0.0	0.0	0.0	0.0	0.0	0.0
029	0.0	0.0	0.0	0.0	0.0	0.0	0.0
030	1.0	0.0	0.0	0.0	0.3330000000000002	2.667	0.0
031	0.0	0.0	0.0	0.0	0.0	0.0	0.0
032	0.0	0.0	0.0	0.0	0.0	0.0	0.0
033	0.0	1.0	0.0	0.0	1.0	2.0	0.0
034	0.0	0.0	0.0	0.0	0.0	0.0	0.0
035	1.0	0.0	0.0	0.0	0.3330000000000002	2.667	0.0
036	0.0	1.0	0.0	0.0	1.0	2.0	0.0
037	0.0	0.0	0.0	0.0	0.0	0.0	0.0
038	0.0	0.0	0.0	0.0	0.0	0.0	0.0
039	0.0	0.0	0.0	0.0	0.0	0.0	0.0
040	1.0	0.0	0.0	0.0	1.0	2.0	0.0
041	0.0	1.0	0.0	0.0	1.0	2.0	0.0
042	0.0	0.0	0.0	0.0	0.0	0.0	0.0
043	0.0	0.0	0.0	0.0	0.0	0.0	0.0
044	0.0	0.0	0.0	0.0	0.0	0.0	0.0
045	0.0	0.0	0.0	0.0	0.0	0.0	0.0
046	0.0	0.0	0.0	0.0	0.0	0.0	0.0
047	0.0	0.0	0.0	0.0	0.0	0.0	0.0
048	0.0	0.0	0.0	0.0	0.0	0.0	0.0
049	0.0	0.0	0.0	0.0	0.0	0.0	0.0
050	0.0	0.0	0.0	0.0	0.0	0.0	0.0
051	0.0	0.0	0.0	0.0	0.0	0.0	0.0
052	0.0	0.0	0.0	0.0	0.0	0.0	0.0
053	0.0	0.0	0.0	0.0	0.0	0.0	0.0
054	1.0	0.0	1.0	0.0	1.0	2.0	1.0
055	2.0	1.0	1.0	1.0	3.0	6.0	2.0
056	3.0	0.0	2.0	0.0	3.0	6.0	2.0
057	0.0	1.0	0.0	1.0	1.0	2.0	1.0
058	0.0	1.0	0.0	1.0	0.3330000000000002	2.667	1.0
059	1.0	1.0	1.0	1.0	1.0	2.0	1.0
060	0.0	2.0	0.0	2.0	0.6660000000000004	5.334	2.0
061	1.0	0.0	1.0	0.0	1.0	2.0	1.0
062	1.0	1.0	0.0	1.0	0.6680000000000001	5.332	1.0
063	2.0	1.0	2.0	1.0	1.4	1.6	1.0
064	1.0	3.0	1.0	2.0	3.333	8.667	3.0
065	1.0	4.0	0.0	3.0	3.333	8.667	2.0
066	0.0	6.0	0.0	4.0	3.733	8.267	3.0
067	1.0	2.0	1.0	1.0	2.0	4.0	1.0
068	1.0	3.0	0.0	2.0	1.3320000000000007	10.668	2.0
069	0.0	3.0	0.0	2.0	2.668	6.332	2.0
070	2.0	3.0	1.0	2.0	3.733	8.267	2.0
071	1.0	4.0	0.0	2.0	2.333	6.667	2.0
072	0.0	3.0	0.0	2.0	1.3330000000000002	4.667	1.0
073	1.0	2.0	1.0	2.0	1.6660000000000004	7.334	3.0
074	1.0	2.0	1.0	1.0	3.4	5.6	2.0
075	0.0	0.0	0.0	0.0	0.0	0.0	0.0
076	2.0	2.0	1.0	1.0	3.736	8.264	2.0
077	2.0	3.0	1.0	1.0	4.0	8.0	2.0
078	0.0	0.0	0.0	0.0	0.0	0.0	0.0
079	0.0	0.0	0.0	0.0	0.0	0.0	0.0
080	0.0	0.0	0.0	0.0	0.0	0.0	0.0
081	3.0	0.0	2.0	0.0	2.668	6.332	2.0
082	3.0	0.0	2.0	0.0	2.3360000000000003	6.664	2.0
083	2.0	1.0	1.0	0.0	2.668	6.332	1.0
084	1.0	1.0	1.0	1.0	0.3330000000000002	2.667	1.0
085	2.0	0.0	1.0	0.0	0.6660000000000004	5.334	1.0
086	1.0	3.0	1.0	3.0	4.0	8.0	4.0
087	2.0	0.0	2.0	0.0	0.6660000000000004	5.334	2.0
088	3.0	2.0	3.0	2.0	2.333	6.667	3.0
089	1.0	3.0	1.0	1.0	1.9990000000000006	10.001	2.0
090	1.0	4.0	1.0	4.0	1.9990000000000006	10.001	4.0
091	1.0	2.0	1.0	2.0	0.6660000000000004	5.334	2.0
092	0.0	2.0	0.0	2.0	0.6680000000000001	2.332	1.0
093	0.0	0.0	0.0	0.0	0.0	0.0	0.0
094	0.0	2.0	0.0	2.0	1.0	2.0	1.0
095	1.0	1.0	0.0	0.0	0.6660000000000004	5.334	0.0
096	3.0	4.0	1.0	2.0	4.333	10.667	2.0
097	0.0	2.0	0.0	0.0	1.3330000000000002	4.667	0.0
098	0.0	3.0	0.0	1.0	2.333	6.667	1.0
099	0.0	0.0	0.0	0.0	0.0	0.0	0.0
100	0.0	2.0	0.0	1.0	0.6660000000000004	5.334	1.0
101	0.0	0.0	0.0	0.0	0.0	0.0	0.0
102	2.0	4.0	2.0	3.0	1.9990000000000006	10.001	3.0
103	1.0	5.0	1.0	2.0	3.0020000000000007	11.998	3.0
104	0.0	0.0	0.0	0.0	0.0	0.0	0.0
105	1.0	4.0	1.0	3.0	3.0010000000000003	8.998999999999999	3.0
106	1.0	2.0	1.0	0.0	2.333	6.667	1.0
107	1.0	0.0	0.0	0.0	0.3330000000000002	2.667	0.0
108	4.0	1.0	3.0	0.0	2.3340000000000005	9.666	2.0
109	3.0	4.0	2.0	2.0	6.4	11.6	4.0
110	4.0	1.0	3.0	1.0	3.0010000000000003	8.998999999999999	3.0
111	3.0	3.0	2.0	3.0	4.0040000000000004	10.995999999999999	4.0
112	2.0	2.0	1.0	2.0	1.3330000000000002	4.667	1.0
113	1.0	2.0	1.0	2.0	1.3330000000000002	4.667	2.0
114	2.0	2.0	1.0	2.0	2.6660000000000004	9.334	3.0
115	4.0	4.0	3.0	4.0	5.001	12.998999999999999	5.0
116	3.0	1.0	2.0	0.0	4.0	8.0	2.0
117	0.0	4.0	0.0	4.0	2.0010000000000003	6.999	3.0
118	3.0	3.0	2.0	2.0	4.0	8.0	3.0
119	2.0	3.0	2.0	1.0	2.3320000000000007	12.668	3.0
120	2.0	2.0	0.0	2.0	3.333	8.667	2.0
121	1.0	5.0	1.0	2.0	3.6660000000000004	11.334	2.0
122	1.0	2.0	1.0	1.0	1.6660000000000004	7.334	2.0
123	2.0	3.0	0.0	0.0	3.0	6.0	0.0
124	2.0	2.0	2.0	2.0	1.3330000000000002	4.667	2.0
125	0.0	2.0	0.0	1.0	2.0	4.0	1.0
126	1.0	1.0	1.0	0.0	2.0	4.0	1.0
127	1.0	3.0	1.0	1.0	3.333	8.667	2.0
128	3.0	3.0	3.0	2.0	3.6670000000000007	14.332999999999998	5.0
129	3.0	2.0	2.0	2.0	3.333	8.667	3.0
130	4.0	2.0	4.0	2.0	4.333	10.667	5.0
131	2.0	1.0	1.0	0.0	3.0	6.0	1.0
132	2.0	2.0	2.0	1.0	3.668	8.332	3.0
133	3.0	5.0	2.0	3.0	4.001	10.998999999999999	3.0
134	2.0	4.0	2.0	2.0	1.3330000000000002	7.667	2.0
135	0.0	2.0	0.0	2.0	0.6660000000000004	5.334	2.0
136	1.0	2.0	1.0	2.0	1.4	1.6	1.0
137	3.0	1.0	2.0	1.0	3.0	6.0	2.0
138	2.0	0.0	2.0	0.0	2.0	4.0	2.0
139	2.0	0.0	1.0	0.0	0.6660000000000004	5.334	1.0
140	2.0	0.0	1.0	0.0	1.3360000000000003	4.664	1.0
141	2.0	0.0	1.0	0.0	2.0	4.0	1.0
142	2.0	0.0	0.0	0.0	1.3360000000000003	4.664	0.0
143	3.0	0.0	2.0	0.0	1.6680000000000001	4.332	1.0
144	0.0	0.0	0.0	0.0	0.0	0.0	0.0
145	1.0	2.0	1.0	1.0	1.6660000000000004	7.334	2.0
146	2.0	3.0	2.0	2.0	4.0	8.0	3.0
147	2.0	0.0	0.0	0.0	2.0	4.0	0.0
148	2.0	0.0	2.0	0.0	2.0	4.0	2.0
149	1.0	2.0	1.0	1.0	3.0	6.0	2.0
150	2.0	0.0	1.0	0.0	2.0	4.0	1.0
151	0.0	0.0	0.0	0.0	0.0	0.0	0.0
152	1.0	0.0	0.0	0.0	1.0	2.0	0.0
153	1.0	0.0	1.0	0.0	1.0	2.0	1.0
154	2.0	1.0	2.0	0.0	0.9990000000000006	8.001	2.0
155	3.0	3.0	2.0	2.0	4.333	10.667	4.0
156	2.0	1.0	2.0	1.0	3.0	6.0	3.0
157	0.0	5.0	0.0	3.0	1.9990000000000006	10.001	2.0
158	1.0	3.0	1.0	2.0	3.0	6.0	2.0
159	2.0	2.0	0.0	2.0	1.9990000000000006	10.001	2.0
160	1.0	3.0	1.0	2.0	2.0010000000000003	6.999	2.0
161	1.0	3.0	1.0	1.0	3.0	6.0	1.0
162	2.0	3.0	1.0	2.0	5.0	10.0	3.0
163	2.0	1.0	2.0	1.0	1.3330000000000002	4.667	2.0
164	1.0	4.0	1.0	1.0	3.333	8.667	2.0
165	0.0	0.0	0.0	0.0	0.0	0.0	0.0
166	1.0	0.0	1.0	0.0	0.3330000000000002	2.667	1.0
167	3.0	0.0	2.0	0.0	1.6680000000000001	4.332	1.0
168	1.0	0.0	1.0	0.0	1.0	2.0	1.0
169	3.0	0.0	2.0	0.0	3.0	6.0	2.0
170	3.0	0.0	2.0	0.0	3.0	6.0	2.0
171	3.0	0.0	1.0	0.0	3.0	6.0	1.0
172	4.0	0.0	4.0	0.0	3.068	5.932	3.0
173	2.0	0.0	1.0	0.0	2.0	4.0	1.0
174	3.0	0.0	2.0	0.0	2.0040000000000004	6.9959999999999996	2.0
175	2.0	0.0	0.0	0.0	2.0	4.0	0.0
176	2.0	0.0	1.0	0.0	2.0	4.0	1.0
177	0.0	0.0	0.0	0.0	0.0	0.0	0.0
178	3.0	0.0	2.0	0.0	3.0	6.0	2.0
179	0.0	2.0	0.0	1.0	1.3330000000000002	4.667	1.0
180	3.0	1.0	3.0	1.0	3.0040000000000004	8.995999999999999	4.0
181	1.0	1.0	1.0	1.0	0.6660000000000004	5.334	2.0
182	2.0	3.0	2.0	2.0	1.9990000000000006	10.001	3.0
183	2.0	3.0	1.0	1.0	4.0	8.0	2.0
184	1.0	5.0	1.0	4.0	3.6660000000000004	11.334	4.0
185	1.0	3.0	0.0	2.0	1.6660000000000004	7.334	1.0
186	2.0	2.0	1.0	2.0	0.9990000000000006	8.001	2.0
187	2.0	2.0	2.0	2.0	1.3320000000000007	10.668	4.0
188	2.0	0.0	2.0	0.0	0.6660000000000004	5.334	2.0
189	4.0	6.0	2.0	4.0	7.0040000000000004	16.996000000000002	5.0
190	1.0	6.0	0.0	4.0	2.6670000000000007	12.332999999999998	3.0
191	1.0	0.0	0.0	0.0	1.4	1.6	0.0
192	2.0	0.0	2.0	0.0	1.6680000000000001	4.332	2.0
193	1.0	1.0	1.0	1.0	0.6660000000000004	5.334	2.0
194	2.0	0.0	1.0	0.0	0.6660000000000004	5.334	1.0
195	2.0	0.0	2.0	0.0	0.6660000000000004	5.334	2.0
196	2.0	2.0	2.0	2.0	2.333	6.667	3.0
197	1.0	0.0	0.0	0.0	1.0	2.0	0.0
198	2.0	0.0	2.0	0.0	2.0	4.0	2.0
199	4.0	1.0	3.0	1.0	3.3360000000000003	11.664	4.0
200	1.0	2.0	0.0	1.0	3.8	5.2	1.0
201	2.0	0.0	1.0	0.0	2.0	4.0	1.0
202	1.0	1.0	0.0	1.0	0.6660000000000004	5.334	1.0
203	2.0	1.0	1.0	0.0	0.9990000000000006	8.001	1.0
204	1.0	0.0	1.0	0.0	1.0	2.0	1.0
205	3.0	0.0	3.0	0.0	2.4	3.6	2.0
206	0.0	3.0	0.0	2.0	1.3330000000000002	4.667	1.0
207	3.0	0.0	2.0	0.0	3.4	5.6	2.0
208	2.0	4.0	1.0	3.0	3.6660000000000004	11.334	3.0
209	1.0	1.0	1.0	1.0	0.3330000000000002	2.667	1.0
210	3.0	0.0	2.0	0.0	3.0	6.0	2.0
211	5.0	1.0	3.0	1.0	3.0010000000000003	8.998999999999999	2.0
212	1.0	3.0	1.0	2.0	2.333	6.667	2.0
213	1.0	0.0	1.0	0.0	0.3330000000000002	2.667	1.0
214	1.0	0.0	1.0	0.0	0.3330000000000002	2.667	1.0
215	3.0	1.0	2.0	1.0	3.0	6.0	2.0
216	1.0	1.0	1.0	1.0	1.0	2.0	1.0
217	0.0	3.0	0.0	1.0	1.6660000000000004	7.334	1.0
218	1.0	0.0	0.0	0.0	0.3330000000000002	2.667	0.0
219	2.0	0.0	1.0	0.0	1.6680000000000001	4.332	1.0
220	3.0	0.0	2.0	0.0	2.0040000000000004	6.9959999999999996	2.0
221	3.0	0.0	2.0	0.0	2.4	3.6	1.0
222	1.0	0.0	1.0	0.0	1.0	2.0	1.0
223	4.0	2.0	4.0	2.0	3.333	8.667	4.0
224	2.0	0.0	1.0	0.0	2.0	4.0	1.0
225	1.0	0.0	1.0	0.0	0.6680000000000001	2.332	1.0
226	4.0	1.0	3.0	1.0	3.333	8.667	3.0
227	0.0	0.0	0.0	0.0	0.0	0.0	0.0
228	3.0	0.0	2.0	0.0	3.0	6.0	2.0
229	4.0	0.0	3.0	0.0	4.0	8.0	3.0
230	2.0	0.0	1.0	0.0	2.0	4.0	1.0
231	2.0	3.0	1.0	2.0	1.3320000000000007	10.668	2.0
232	2.0	0.0	1.0	0.0	2.0	4.0	1.0
233	1.0	0.0	0.0	0.0	0.3330000000000002	2.667	0.0
234	2.0	0.0	2.0	0.0	0.6660000000000004	5.334	2.0
235	1.0	0.0	1.0	0.0	1.0	2.0	1.0
236	1.0	0.0	0.0	0.0	0.6680000000000001	2.332	0.0
237	0.0	0.0	0.0	0.0	0.0	0.0	0.0
238	0.0	0.0	0.0	0.0	0.0	0.0	0.0
239	3.0	0.0	1.0	0.0	3.0	6.0	1.0
240	3.0	0.0	2.0	0.0	3.0	6.0	2.0
241	0.0	0.0	0.0	0.0	0.0	0.0	0.0
242	1.0	0.0	0.0	0.0	0.3330000000000002	2.667	0.0
243	1.0	0.0	1.0	0.0	0.3330000000000002	2.667	1.0
244	2.0	0.0	1.0	0.0	1.3360000000000003	4.664	1.0
245	2.0	0.0	1.0	0.0	0.6660000000000004	5.334	1.0
246	2.0	0.0	1.0	0.0	2.0	4.0	1.0
247	2.0	0.0	2.0	0.0	2.0	4.0	2.0
248	3.0	0.0	2.0	0.0	3.0	6.0	2.0
249	2.0	0.0	2.0	0.0	0.6660000000000004	5.334	2.0
250	2.0	0.0	1.0	0.0	0.6660000000000004	5.334	1.0
251	2.0	0.0	2.0	0.0	1.3360000000000003	4.664	2.0
252	0.0	0.0	0.0	0.0	0.0	0.0	0.0
253	3.0	0.0	2.0	0.0	0.9990000000000006	8.001	2.0
254	0.0	0.0	0.0	0.0	0.0	0.0	0.0
255	1.0	0.0	1.0	0.0	0.3330000000000002	2.667	1.0
256	2.0	2.0	1.0	1.0	1.6660000000000004	7.334	1.0
257	6.0	0.0	3.0	0.0	4.404	10.596	2.0
258	3.0	1.0	2.0	1.0	3.0	6.0	2.0
259	3.0	1.0	2.0	0.0	2.333	6.667	2.0
260	4.0	0.0	3.0	0.0	4.0	8.0	3.0
261	1.0	0.0	1.0	0.0	1.0	2.0	1.0
262	2.0	1.0	1.0	1.0	1.3330000000000002	4.667	1.0
263	0.0	0.0	0.0	0.0	0.0	0.0	0.0
264	2.0	0.0	1.0	0.0	0.6660000000000004	5.334	1.0
265	0.0	0.0	0.0	0.0	0.0	0.0	0.0
266	0.0	0.0	0.0	0.0	0.0	0.0	0.0
267	1.0	0.0	1.0	0.0	0.3330000000000002	2.667	1.0
268	1.0	1.0	1.0	1.0	2.0	4.0	2.0
269	2.0	0.0	2.0	0.0	2.0	4.0	2.0
270	1.0	0.0	1.0	0.0	0.3330000000000002	2.667	1.0
271	2.0	1.0	2.0	1.0	3.0	6.0	3.0
272	1.0	0.0	1.0	0.0	0.3330000000000002	2.667	1.0
273	2.0	0.0	1.0	0.0	0.6660000000000004	5.334	1.0
274	1.0	2.0	1.0	1.0	0.6660000000000004	5.334	1.0
275	3.0	0.0	2.0	0.0	0.9990000000000006	8.001	2.0
276	0.0	0.0	0.0	0.0	0.0	0.0	0.0
277	0.0	0.0	0.0	0.0	0.0	0.0	0.0
278	1.0	0.0	1.0	0.0	0.6680000000000001	2.332	1.0
279	1.0	0.0	1.0	0.0	1.0	2.0	1.0
280	1.0	0.0	0.0	0.0	1.0	2.0	0.0
281	3.0	0.0	3.0	0.0	3.0	6.0	3.0
282	2.0	0.0	1.0	0.0	2.0	4.0	1.0
283	3.0	0.0	1.0	0.0	3.4	5.6	1.0
284	4.0	0.0	2.0	0.0	4.0	8.0	2.0
285	3.0	0.0	2.0	0.0	3.0	6.0	2.0
286	2.0	0.0	1.0	0.0	2.0	4.0	1.0
287	3.0	1.0	2.0	1.0	1.3330000000000002	4.667	1.0
288	0.0	0.0	0.0	0.0	0.0	0.0	0.0
289	1.0	1.0	1.0	1.0	1.0	2.0	1.0
290	2.0	0.0	1.0	0.0	2.0	4.0	1.0
291	1.0	0.0	1.0	0.0	1.0	2.0	1.0
292	1.0	0.0	1.0	0.0	0.3330000000000002	2.667	1.0
293	2.0	0.0	1.0	0.0	0.6660000000000004	5.334	1.0
294	3.0	0.0	2.0	0.0	3.0	6.0	2.0
295	2.0	0.0	2.0	0.0	0.6680000000000001	2.332	1.0
296	1.0	0.0	1.0	0.0	0.6680000000000001	2.332	1.0
297	3.0	0.0	2.0	0.0	3.0	6.0	2.0
298	2.0	0.0	2.0	0.0	2.0	4.0	2.0
299	3.0	0.0	2.0	0.0	3.0	6.0	2.0
300	0.0	1.0	0.0	1.0	0.3330000000000002	2.667	1.0
301	2.0	0.0	2.0	0.0	2.0	4.0	2.0
302	3.0	0.0	3.0	0.0	2.0040000000000004	6.9959999999999996	3.0
303	2.0	0.0	2.0	0.0	0.6680000000000001	2.332	1.0
304	1.0	0.0	0.0	0.0	0.3330000000000002	2.667	0.0
305	1.0	1.0	1.0	1.0	0.3330000000000002	2.667	1.0
306	1.0	5.0	1.0	4.0	2.6670000000000007	12.332999999999998	4.0
307	2.0	1.0	1.0	1.0	0.9990000000000006	8.001	2.0
308	0.0	0.0	0.0	0.0	0.0	0.0	0.0
309	2.0	0.0	1.0	0.0	0.6660000000000004	5.334	1.0
310	2.0	0.0	2.0	0.0	2.0	4.0	2.0
311	3.0	0.0	0.0	0.0	2.668	6.332	0.0
312	2.0	0.0	0.0	0.0	2.4	3.6	0.0
313	0.0	0.0	0.0	0.0	0.0	0.0	0.0
314	1.0	0.0	0.0	0.0	0.6680000000000001	2.332	0.0
315	3.0	0.0	3.0	0.0	3.0	6.0	3.0
316	3.0	0.0	1.0	0.0	3.0	6.0	1.0
317	0.0	0.0	0.0	0.0	0.0	0.0	0.0
318	3.0	0.0	2.0	0.0	2.068	3.932	1.0
319	0.0	0.0	0.0	0.0	0.0	0.0	0.0
320	1.0	0.0	1.0	0.0	0.3330000000000002	2.667	1.0
321	2.0	0.0	2.0	0.0	2.0	4.0	2.0
322	2.0	0.0	2.0	0.0	1.3360000000000003	4.664	2.0
323	0.0	0.0	0.0	0.0	0.0	0.0	0.0
324	1.0	0.0	1.0	0.0	0.3330000000000002	2.667	1.0
325	2.0	0.0	2.0	0.0	0.6660000000000004	5.334	2.0
326	4.0	0.0	3.0	0.0	4.8	7.2	3.0
327	1.0	0.0	0.0	0.0	0.3330000000000002	2.667	0.0
328	0.0	1.0	0.0	1.0	1.0	2.0	1.0
329	1.0	3.0	0.0	3.0	0.6660000000000004	5.334	1.0
330	2.0	0.0	2.0	0.0	0.6660000000000004	5.334	2.0
331	1.0	0.0	1.0	0.0	1.0	2.0	1.0
332	0.0	2.0	0.0	1.0	1.3330000000000002	4.667	1.0
333	2.0	0.0	2.0	0.0	0.6660000000000004	5.334	2.0
334	2.0	0.0	1.0	0.0	2.0	4.0	1.0
335	4.0	0.0	3.0	0.0	2.668	6.332	2.0
336	1.0	3.0	1.0	1.0	1.3330000000000002	4.667	1.0
337	1.0	0.0	1.0	0.0	0.3330000000000002	2.667	1.0
338	2.0	0.0	2.0	0.0	2.0	4.0	2.0
339	4.0	0.0	3.0	0.0	4.0	8.0	3.0
340	0.0	0.0	0.0	0.0	0.0	0.0	0.0
341	3.0	0.0	2.0	0.0	3.0	6.0	2.0
342	2.0	3.0	1.0	2.0	4.0	8.0	2.0
343	3.0	0.0	2.0	0.0	3.0	6.0	2.0
344	2.0	0.0	2.0	0.0	0.6660000000000004	5.334	2.0
345	3.0	1.0	2.0	1.0	2.333	6.667	2.0
346	4.0	0.0	3.0	0.0	3.3360000000000003	8.664	3.0
347	1.0	0.0	0.0	0.0	0.6680000000000001	2.332	0.0
348	4.0	0.0	3.0	0.0	4.0	8.0	3.0
349	1.0	1.0	1.0	1.0	1.3330000000000002	4.667	2.0
350	2.0	0.0	0.0	0.0	2.4	3.6	0.0
351	2.0	0.0	2.0	0.0	1.3360000000000003	4.664	2.0
352	3.0	0.0	1.0	0.0	0.9990000000000006	8.001	1.0
353	2.0	3.0	1.0	3.0	3.4010000000000002	8.599	3.0
354	0.0	0.0	0.0	0.0	0.0	0.0	0.0
355	3.0	1.0	2.0	1.0	4.0	8.0	3.0
356	3.0	0.0	3.0	0.0	3.0	6.0	3.0
357	2.0	1.0	2.0	1.0	3.0	6.0	3.0
358	1.0	0.0	0.0	0.0	0.3330000000000002	2.667	0.0
359	1.0	1.0	1.0	0.0	2.0	4.0	1.0
360	4.0	0.0	3.0	0.0	4.868	7.132	3.0
361	1.0	0.0	0.0	0.0	0.3330000000000002	2.667	0.0
362	5.0	0.0	5.0	0.0	3.668	8.332	4.0
363	3.0	1.0	3.0	1.0	2.333	6.667	3.0
364	2.0	1.0	0.0	1.0	0.9990000000000006	8.001	1.0
365	0.0	0.0	0.0	0.0	0.0	0.0	0.0
366	1.0	0.0	0.0	0.0	0.3330000000000002	2.667	0.0
367	1.0	0.0	1.0	0.0	1.0	2.0	1.0
368	1.0	0.0	1.0	0.0	0.3330000000000002	2.667	1.0
369	3.0	0.0	2.0	0.0	3.468	5.532	2.0
370	1.0	1.0	1.0	1.0	0.6660000000000004	5.334	2.0
371	1.0	0.0	0.0	0.0	0.3330000000000002	2.667	0.0
372	1.0	0.0	0.0	0.0	0.3330000000000002	2.667	0.0
373	2.0	1.0	1.0	1.0	2.0010000000000003	6.999	2.0
374	2.0	0.0	1.0	0.0	0.6660000000000004	5.334	1.0
375	2.0	1.0	2.0	1.0	0.9990000000000006	8.001	3.0
376	0.0	2.0	0.0	2.0	0.6660000000000004	5.334	2.0
377	0.0	6.0	0.0	5.0	1.9990000000000006	10.001	3.0
378	1.0	5.0	1.0	4.0	1.9990000000000006	13.001	4.0
379	0.0	5.0	0.0	3.0	2.9990000000000006	12.001	3.0
380	2.0	4.0	0.0	1.0	2.9990000000000006	12.001	1.0
381	3.0	4.0	1.0	3.0	5.0	10.0	3.0
382	2.0	5.0	2.0	3.0	2.3320000000000007	12.668	3.0
383	3.0	2.0	2.0	1.0	1.9990000000000006	10.001	2.0
384	0.0	4.0	0.0	2.0	2.0	7.0	2.0
385	2.0	4.0	1.0	1.0	1.9990000000000006	10.001	1.0
386	2.0	2.0	1.0	2.0	2.6660000000000004	9.334	3.0
387	1.0	3.0	0.0	0.0	2.0	7.0	0.0
388	1.0	7.0	1.0	3.0	4.000000000000001	17.0	3.0
389	3.0	3.0	3.0	1.0	5.0	10.0	3.0
390	3.0	3.0	1.0	2.0	5.0	10.0	3.0
391	3.0	4.0	3.0	1.0	2.3320000000000007	12.668	3.0
392	3.0	2.0	1.0	2.0	2.668	6.332	1.0
393	1.0	2.0	0.0	2.0	1.0	5.0	1.0
394	1.0	4.0	1.0	4.0	2.668	6.332	3.0
395	2.0	1.0	2.0	1.0	1.3340000000000005	7.6659999999999995	3.0
396	1.0	3.0	0.0	2.0	3.333	8.667	2.0
397	1.0	3.0	0.0	2.0	1.9990000000000006	10.001	2.0
398	3.0	5.0	3.0	3.0	3.0010000000000003	8.998999999999999	3.0
399	1.0	3.0	1.0	3.0	0.9990000000000006	8.001	3.0
400	2.0	6.0	1.0	6.0	4.332000000000001	16.668	6.0
401	1.0	1.0	0.0	1.0	0.6660000000000004	5.334	1.0
402	2.0	0.0	1.0	0.0	2.4	3.6	1.0
403	2.0	4.0	1.0	3.0	2.333	6.667	2.0
404	3.0	0.0	2.0	0.0	3.0	6.0	2.0
405	3.0	2.0	2.0	1.0	1.3320000000000007	10.668	2.0
406	1.0	3.0	0.0	2.0	1.9990000000000006	10.001	2.0
407	1.0	1.0	1.0	1.0	0.6660000000000004	5.334	2.0
408	1.0	6.0	1.0	3.0	3.6670000000000007	14.332999999999998	3.0
409	2.0	1.0	2.0	1.0	0.9990000000000006	8.001	3.0
410	2.0	1.0	1.0	0.0	0.6660000000000004	5.334	1.0
411	1.0	3.0	0.0	1.0	1.3320000000000007	10.668	1.0
412	0.0	0.0	0.0	0.0	0.0	0.0	0.0
413	2.0	4.0	1.0	1.0	3.333	8.667	2.0
414	2.0	3.0	1.0	1.0	2.6660000000000004	9.334	2.0
415	0.0	4.0	0.0	3.0	0.9990000000000006	8.001	2.0
416	3.0	3.0	1.0	2.0	2.000000000000001	13.0	2.0
417	3.0	2.0	0.0	1.0	3.0010000000000003	8.998999999999999	1.0
418	1.0	7.0	1.0	5.0	2.9990000000000006	12.001	4.0
419	2.0	1.0	2.0	1.0	0.3330000000000002	2.667	1.0
420	1.0	3.0	1.0	3.0	2.333	6.667	3.0
421	2.0	2.0	2.0	2.0	1.3330000000000002	4.667	2.0
422	1.0	3.0	1.0	2.0	1.6660000000000004	7.334	2.0
423	0.0	3.0	0.0	1.0	2.333	6.667	1.0
424	1.0	6.0	1.0	3.0	3.6670000000000007	14.332999999999998	3.0
425	1.0	1.0	1.0	1.0	1.3330000000000002	4.667	2.0
426	1.0	3.0	1.0	3.0	1.9990000000000006	10.001	4.0
427	1.0	3.0	0.0	2.0	2.6660000000000004	9.334	2.0
428	0.0	0.0	0.0	0.0	0.0	0.0	0.0
429	2.0	0.0	2.0	0.0	0.6660000000000004	5.334	2.0
430	2.0	2.0	2.0	2.0	0.9990000000000006	8.001	3.0
431	0.0	1.0	0.0	1.0	0.0	3.0	1.0
432	1.0	1.0	1.0	1.0	1.0	2.0	1.0
433	2.0	2.0	1.0	2.0	1.3330000000000002	4.667	1.0
434	1.0	0.0	0.0	0.0	0.3330000000000002	2.667	0.0
435	5.0	1.0	3.0	1.0	1.6670000000000007	10.332999999999998	2.0
436	3.0	2.0	2.0	2.0	4.333	10.667	4.0
437	0.0	1.0	0.0	0.0	1.0	2.0	0.0
438	0.0	1.0	0.0	1.0	0.3330000000000002	2.667	1.0
439	1.0	1.0	1.0	1.0	1.0010000000000003	4.999	2.0
440	3.0	2.0	1.0	1.0	4.4	7.6	1.0
441	1.0	2.0	1.0	2.0	2.4	3.6	2.0
442	2.0	0.0	1.0	0.0	0.6660000000000004	5.334	1.0
443	1.0	0.0	0.0	0.0	1.0	2.0	0.0
444	1.0	1.0	1.0	1.0	1.3330000000000002	4.667	2.0
445	2.0	0.0	1.0	0.0	0.6660000000000004	5.334	1.0
446	0.0	3.0	0.0	2.0	2.0010000000000003	6.999	2.0
447	4.0	0.0	2.0	0.0	4.0	8.0	2.0
448	3.0	2.0	1.0	2.0	4.0	8.0	2.0
449	2.0	0.0	1.0	0.0	2.0	4.0	1.0
450	3.0	2.0	2.0	2.0	4.0	8.0	3.0
451	2.0	3.0	2.0	3.0	2.6690000000000005	9.331	4.0
452	3.0	1.0	1.0	1.0	4.0	8.0	2.0
453	3.0	1.0	3.0	1.0	4.0	8.0	4.0
454	2.0	3.0	2.0	2.0	1.3330000000000002	7.667	2.0
455	0.0	3.0	0.0	1.0	1.3330000000000002	4.667	1.0
456	0.0	2.0	0.0	2.0	1.4	1.6	1.0
457	0.0	2.0	0.0	1.0	1.3330000000000002	4.667	1.0
458	0.0	2.0	0.0	2.0	1.3330000000000002	4.667	2.0
459	4.0	4.0	4.0	3.0	2.3320000000000007	12.668	4.0
460	2.0	2.0	1.0	1.0	2.0	4.0	1.0
461	1.0	3.0	0.0	3.0	0.6660000000000004	8.334	2.0
462	0.0	2.0	0.0	2.0	0.6680000000000001	2.332	1.0
463	1.0	3.0	1.0	2.0	0.6660000000000004	8.334	2.0
464	2.0	0.0	1.0	0.0	2.0	4.0	1.0
465	2.0	2.0	1.0	2.0	2.4	3.6	1.0
466	2.0	2.0	1.0	2.0	1.0010000000000003	4.999	1.0
467	1.0	3.0	0.0	3.0	1.6660000000000004	7.334	2.0
468	0.0	0.0	0.0	0.0	0.0	0.0	0.0
469	0.0	0.0	0.0	0.0	0.0	0.0	0.0
470	0.0	0.0	0.0	0.0	0.0	0.0	0.0
471	0.0	0.0	0.0	0.0	0.0	0.0	0.0
472	0.0	0.0	0.0	0.0	0.0	0.0	0.0
473	2.0	1.0	2.0	1.0	1.6680000000000001	4.332	2.0
474	0.0	2.0	0.0	2.0	1.0	2.0	1.0
475	3.0	2.0	3.0	2.0	2.3360000000000003	6.664	3.0
476	1.0	0.0	1.0	0.0	1.0	2.0	1.0
477	1.0	1.0	1.0	1.0	1.0	2.0	1.0
478	1.0	3.0	1.0	2.0	3.0	6.0	2.0
479	1.0	2.0	1.0	2.0	1.0	2.0	1.0
480	3.0	1.0	1.0	1.0	3.0	6.0	1.0
481	2.0	1.0	2.0	1.0	1.3330000000000002	4.667	2.0
482	0.0	3.0	0.0	2.0	2.0	4.0	1.0
483	1.0	5.0	1.0	3.0	2.335000000000001	12.665	3.0
484	1.0	4.0	1.0	3.0	2.6660000000000004	9.334	3.0
485	4.0	1.0	2.0	1.0	4.333	10.667	3.0
486	3.0	1.0	3.0	1.0	1.6660000000000004	7.334	3.0
487	0.0	2.0	0.0	2.0	1.0	2.0	1.0
488	3.0	3.0	2.0	2.0	1.9990000000000006	10.001	2.0
489	1.0	4.0	0.0	3.0	1.3330000000000002	7.667	2.0
490	1.0	3.0	1.0	2.0	3.0	6.0	2.0
491	1.0	2.0	1.0	2.0	1.0	2.0	1.0
492	3.0	1.0	3.0	0.0	2.0010000000000003	6.999	2.0
493	2.0	3.0	1.0	2.0	2.6660000000000004	9.334	2.0
494	1.0	4.0	0.0	2.0	3.4	8.6	2.0
495	4.0	1.0	2.0	1.0	4.333	10.667	3.0
496	2.0	6.0	1.0	3.0	2.3320000000000007	12.668	2.0
497	2.0	3.0	2.0	3.0	0.6660000000000004	8.334	3.0
498	2.0	5.0	2.0	2.0	3.6660000000000004	11.334	2.0
499	0.0	5.0	0.0	4.0	2.3320000000000007	12.668	4.0
500	3.0	3.0	2.0	2.0	1.3330000000000002	7.667	2.0
501	0.0	2.0	0.0	1.0	0.6660000000000004	5.334	1.0
502	1.0	2.0	1.0	2.0	1.0	2.0	1.0
503	1.0	1.0	1.0	0.0	0.6660000000000004	5.334	1.0
504	1.0	2.0	1.0	2.0	0.3330000000000002	2.667	1.0
505	0.0	2.0	0.0	1.0	0.6660000000000004	5.334	1.0
506	1.0	3.0	1.0	2.0	1.0010000000000003	4.999	1.0
507	2.0	4.0	1.0	1.0	3.6690000000000005	11.331	2.0
508	1.0	3.0	1.0	0.0	2.333	6.667	1.0
509	2.0	5.0	2.0	2.0	4.668	10.332	2.0
510	1.0	2.0	0.0	0.0	2.0	4.0	0.0
511	1.0	2.0	0.0	0.0	1.3330000000000002	4.667	0.0
512	2.0	0.0	2.0	0.0	0.6660000000000004	5.334	2.0
513	1.0	5.0	0.0	3.0	3.3340000000000005	11.666	2.0
514	1.0	3.0	0.0	2.0	2.333	6.667	1.0
515	0.0	3.0	0.0	3.0	1.3330000000000002	4.667	2.0
516	1.0	2.0	0.0	1.0	2.333	6.667	1.0
517	2.0	1.0	1.0	0.0	3.0	6.0	1.0
518	1.0	3.0	1.0	0.0	2.333	6.667	1.0
519	4.0	2.0	3.0	2.0	1.9990000000000006	10.001	3.0
520	0.0	4.0	0.0	2.0	1.3330000000000002	4.667	1.0
521	2.0	1.0	2.0	1.0	2.0	4.0	2.0
522	2.0	3.0	2.0	3.0	1.6660000000000004	7.334	3.0
523	4.0	1.0	3.0	1.0	4.0	8.0	3.0
524	4.0	7.0	3.0	3.0	7.399000000000001	19.601	5.0
525	2.0	4.0	2.0	2.0	3.0	9.0	2.0
526	3.0	3.0	3.0	3.0	4.0	8.0	4.0
527	2.0	4.0	1.0	3.0	3.4010000000000002	11.598999999999998	3.0
528	1.0	2.0	0.0	1.0	0.6660000000000004	5.334	1.0
529	1.0	2.0	1.0	2.0	1.0	2.0	1.0
530	1.0	3.0	1.0	1.0	1.6660000000000004	7.334	1.0
531	1.0	3.0	1.0	2.0	2.0010000000000003	6.999	2.0
532	2.0	2.0	1.0	2.0	3.333	8.667	3.0
533	3.0	1.0	3.0	1.0	3.0	6.0	3.0
534	0.0	3.0	0.0	2.0	0.9990000000000006	8.001	2.0
535	2.0	1.0	1.0	1.0	3.0	6.0	2.0
536	1.0	2.0	1.0	1.0	2.3360000000000003	6.664	2.0
537	1.0	3.0	1.0	3.0	2.668	6.332	3.0
538	3.0	4.0	2.0	3.0	4.0	8.0	3.0
539	0.0	5.0	0.0	2.0	2.668	6.332	1.0
540	2.0	4.0	1.0	2.0	1.6660000000000004	7.334	1.0
541	0.0	0.0	0.0	0.0	0.0	0.0	0.0
542	0.0	2.0	0.0	0.0	1.0010000000000003	4.999	0.0
543	0.0	0.0	0.0	0.0	0.0	0.0	0.0
544	0.0	0.0	0.0	0.0	0.0	0.0	0.0
545	0.0	0.0	0.0	0.0	0.0	0.0	0.0
546	0.0	0.0	0.0	0.0	0.0	0.0	0.0
547	0.0	0.0	0.0	0.0	0.0	0.0	0.0
548	0.0	0.0	0.0	0.0	0.0	0.0	0.0
549	0.0	0.0	0.0	0.0	0.0	0.0	0.0
550	0.0	0.0	0.0	0.0	0.0	0.0	0.0
551	0.0	0.0	0.0	0.0	0.0	0.0	0.0
552	0.0	0.0	0.0	0.0	0.0	0.0	0.0
553	0.0	0.0	0.0	0.0	0.0	0.0	0.0
