all_syn	all_nonSyn	tip_syn	tip_nonSyn	S	N	comparisons
001	0.0	0.0	0.0	0.0	0.0	0.0	0.0
002	1.0	2.0	1.0	0.0	1.6660000000000004	7.334	1.0
003	0.0	0.0	0.0	0.0	0.0	0.0	0.0
004	1.0	0.0	0.0	0.0	1.0	2.0	0.0
005	2.0	3.0	1.0	1.0	1.3330000000000002	7.667	1.0
006	1.0	0.0	0.0	0.0	0.6680000000000001	2.332	0.0
007	1.0	3.0	0.0	1.0	3.0	6.0	1.0
008	1.0	3.0	1.0	2.0	2.668	6.332	2.0
009	2.0	2.0	0.0	0.0	3.4	5.6	0.0
010	3.0	2.0	2.0	1.0	5.0	10.0	3.0
011	2.0	0.0	2.0	0.0	2.4	3.6	2.0
012	1.0	0.0	1.0	0.0	1.0	2.0	1.0
013	2.0	1.0	2.0	0.0	3.0	6.0	2.0
014	2.0	2.0	2.0	1.0	4.0	8.0	3.0
015	2.0	2.0	1.0	2.0	3.0	6.0	2.0
016	2.0	2.0	1.0	0.0	1.6660000000000004	7.334	1.0
017	2.0	3.0	2.0	0.0	2.6660000000000004	9.334	2.0
018	0.0	2.0	0.0	2.0	1.0	2.0	1.0
019	0.0	5.0	0.0	4.0	2.333	9.667	3.0
020	1.0	0.0	1.0	0.0	1.0	2.0	1.0
021	1.0	1.0	1.0	0.0	2.0	4.0	1.0
022	2.0	2.0	2.0	2.0	1.3330000000000002	4.667	2.0
023	2.0	2.0	1.0	0.0	1.6660000000000004	7.334	1.0
024	3.0	0.0	1.0	0.0	3.0	6.0	1.0
025	0.0	0.0	0.0	0.0	0.0	0.0	0.0
026	1.0	2.0	0.0	1.0	2.0	4.0	1.0
027	2.0	4.0	1.0	1.0	2.3320000000000007	12.668	2.0
028	2.0	5.0	2.0	4.0	3.6660000000000004	11.334	4.0
029	2.0	3.0	0.0	1.0	3.333	8.667	1.0
030	1.0	5.0	1.0	2.0	2.9990000000000006	12.001	3.0
031	2.0	2.0	1.0	1.0	4.0	8.0	2.0
032	1.0	2.0	1.0	0.0	1.3330000000000002	4.667	1.0
033	0.0	0.0	0.0	0.0	0.0	0.0	0.0
034	1.0	2.0	0.0	0.0	1.0010000000000003	4.999	0.0
035	1.0	1.0	0.0	0.0	1.0	2.0	0.0
036	0.0	2.0	0.0	0.0	1.0	2.0	0.0
037	0.0	0.0	0.0	0.0	0.0	0.0	0.0
038	2.0	2.0	2.0	0.0	3.4	5.6	2.0
039	2.0	2.0	0.0	0.0	3.0	6.0	0.0
040	1.0	4.0	0.0	3.0	0.9990000000000006	8.001	2.0
041	1.0	2.0	0.0	0.0	0.6660000000000004	5.334	0.0
042	3.0	1.0	2.0	0.0	2.333	6.667	2.0
043	2.0	4.0	2.0	1.0	3.6660000000000004	11.334	2.0
044	2.0	4.0	1.0	2.0	2.9990000000000006	12.001	3.0
045	0.0	0.0	0.0	0.0	0.0	0.0	0.0
046	0.0	0.0	0.0	0.0	0.0	0.0	0.0
047	3.0	2.0	2.0	0.0	4.0	8.0	2.0
048	1.0	2.0	0.0	0.0	1.0	2.0	0.0
049	3.0	5.0	2.0	3.0	3.4010000000000002	11.599	4.0
050	3.0	2.0	1.0	0.0	3.668	8.332	1.0
051	1.0	1.0	0.0	0.0	1.733	4.2669999999999995	0.0
052	2.0	5.0	1.0	3.0	3.6690000000000005	14.331	3.0
053	1.0	2.0	0.0	2.0	3.0	6.0	2.0
054	1.0	0.0	1.0	0.0	1.0	2.0	1.0
055	2.0	2.0	0.0	0.0	2.333	6.667	0.0
056	1.0	3.0	0.0	1.0	1.6660000000000004	7.334	1.0
057	1.0	4.0	1.0	2.0	2.333	6.667	2.0
058	2.0	3.0	1.0	1.0	1.6660000000000004	7.334	1.0
059	1.0	6.0	1.0	2.0	3.0020000000000007	11.998	2.0
060	2.0	5.0	2.0	1.0	2.6660000000000004	12.334	2.0
061	2.0	4.0	1.0	1.0	1.9990000000000006	10.001	1.0
062	1.0	6.0	1.0	3.0	2.3320000000000007	15.668	4.0
063	2.0	4.0	1.0	0.0	2.6660000000000004	12.334	1.0
064	3.0	4.0	2.0	1.0	4.333	10.667	2.0
065	1.0	2.0	1.0	0.0	2.0	4.0	1.0
066	1.0	1.0	1.0	0.0	1.0010000000000003	4.999	1.0
067	1.0	3.0	0.0	0.0	2.6660000000000004	9.334	0.0
068	0.0	3.0	0.0	0.0	0.3330000000000002	2.667	0.0
069	2.0	3.0	0.0	1.0	2.333	6.667	1.0
070	0.0	2.0	0.0	0.0	0.6680000000000001	2.332	0.0
071	2.0	2.0	1.0	0.0	2.0	4.0	1.0
072	0.0	2.0	0.0	2.0	0.6660000000000004	5.334	2.0
073	0.0	0.0	0.0	0.0	0.0	0.0	0.0
074	0.0	6.0	0.0	4.0	1.998000000000001	16.002	4.0
075	2.0	0.0	2.0	0.0	2.0	4.0	2.0
076	2.0	0.0	1.0	0.0	2.0	4.0	1.0
077	2.0	2.0	1.0	0.0	0.9990000000000006	8.001	1.0
078	1.0	0.0	0.0	0.0	1.0	2.0	0.0
079	1.0	1.0	1.0	1.0	1.3330000000000002	4.667	2.0
080	0.0	2.0	0.0	2.0	0.3330000000000002	2.667	1.0
081	2.0	2.0	1.0	0.0	1.6680000000000001	4.332	1.0
082	2.0	5.0	1.0	3.0	3.333	11.667	3.0
083	1.0	3.0	1.0	2.0	2.668	6.332	2.0
084	1.0	2.0	0.0	0.0	2.333	6.667	0.0
085	2.0	2.0	0.0	0.0	2.333	6.667	0.0
086	3.0	0.0	2.0	0.0	3.0	6.0	2.0
087	2.0	0.0	1.0	0.0	0.6660000000000004	5.334	1.0
088	2.0	1.0	1.0	1.0	1.6660000000000004	7.334	2.0
089	1.0	0.0	1.0	0.0	1.0	2.0	1.0
090	2.0	0.0	1.0	0.0	0.6660000000000004	5.334	1.0
091	1.0	0.0	0.0	0.0	0.3330000000000002	2.667	0.0
092	0.0	0.0	0.0	0.0	0.0	0.0	0.0
093	1.0	1.0	1.0	0.0	0.6660000000000004	5.334	1.0
094	2.0	0.0	1.0	0.0	2.0	4.0	1.0
095	2.0	1.0	2.0	1.0	3.0	6.0	3.0
096	1.0	1.0	1.0	0.0	1.3330000000000002	4.667	1.0
097	3.0	0.0	2.0	0.0	3.0	6.0	2.0
098	0.0	4.0	0.0	2.0	0.3330000000000002	5.667	1.0
099	1.0	0.0	1.0	0.0	1.0	2.0	1.0
100	1.0	1.0	1.0	0.0	1.3360000000000003	4.664	1.0
101	1.0	1.0	1.0	1.0	1.3330000000000002	4.667	2.0
102	0.0	0.0	0.0	0.0	0.0	0.0	0.0
103	2.0	0.0	1.0	0.0	2.0	4.0	1.0
104	0.0	2.0	0.0	2.0	0.3330000000000002	2.667	1.0
105	0.0	0.0	0.0	0.0	0.0	0.0	0.0
