all_syn	all_nonSyn	tip_syn	tip_nonSyn	S	N	comparisons
001	0.0	0.0	0.0	0.0	0.0	0.0	0.0
002	0.0	0.0	0.0	0.0	0.0	0.0	0.0
003	0.0	0.0	0.0	0.0	0.0	0.0	0.0
004	0.0	0.0	0.0	0.0	0.0	0.0	0.0
005	0.0	0.0	0.0	0.0	0.0	0.0	0.0
006	0.0	0.0	0.0	0.0	0.0	0.0	0.0
007	0.0	0.0	0.0	0.0	0.0	0.0	0.0
008	0.0	0.0	0.0	0.0	0.0	0.0	0.0
009	0.0	0.0	0.0	0.0	0.0	0.0	0.0
010	0.0	0.0	0.0	0.0	0.0	0.0	0.0
011	0.0	0.0	0.0	0.0	0.0	0.0	0.0
012	0.0	0.0	0.0	0.0	0.0	0.0	0.0
013	0.0	0.0	0.0	0.0	0.0	0.0	0.0
014	0.0	0.0	0.0	0.0	0.0	0.0	0.0
015	0.0	0.0	0.0	0.0	0.0	0.0	0.0
016	0.0	0.0	0.0	0.0	0.0	0.0	0.0
017	0.0	0.0	0.0	0.0	0.0	0.0	0.0
018	0.0	0.0	0.0	0.0	0.0	0.0	0.0
019	0.0	0.0	0.0	0.0	0.0	0.0	0.0
020	0.0	0.0	0.0	0.0	0.0	0.0	0.0
021	1.0	1.0	0.0	0.0	1.0	2.0	0.0
022	0.0	3.0	0.0	0.0	1.3330000000000002	4.667	0.0
023	1.0	2.0	0.0	0.0	0.0	3.0	0.0
024	2.0	2.0	2.0	0.0	2.6660000000000004	9.334	2.0
025	1.0	4.0	1.0	1.0	4.333	10.667	2.0
026	0.0	3.0	0.0	2.0	0.3330000000000002	5.667	1.0
027	1.0	3.0	1.0	2.0	2.333	6.667	2.0
028	2.0	3.0	0.0	0.0	2.333	6.667	0.0
029	1.0	3.0	0.0	2.0	1.9990000000000006	10.001	2.0
030	2.0	2.0	1.0	1.0	3.4	5.6	1.0
031	1.0	2.0	1.0	0.0	2.333	6.667	1.0
032	2.0	1.0	1.0	1.0	2.4	3.6	1.0
033	1.0	2.0	1.0	1.0	1.6660000000000004	7.334	2.0
034	1.0	1.0	1.0	0.0	0.6660000000000004	5.334	1.0
035	1.0	2.0	1.0	0.0	2.0	4.0	1.0
036	0.0	4.0	0.0	1.0	4.0	8.0	1.0
037	2.0	3.0	1.0	1.0	3.0	6.0	1.0
038	1.0	2.0	1.0	0.0	2.0	4.0	1.0
039	1.0	1.0	1.0	1.0	1.0	2.0	1.0
040	2.0	4.0	1.0	1.0	2.9990000000000006	12.001	2.0
041	0.0	0.0	0.0	0.0	0.0	0.0	0.0
042	0.0	1.0	0.0	0.0	1.0	2.0	0.0
043	1.0	4.0	1.0	0.0	1.6660000000000004	7.334	1.0
044	1.0	3.0	0.0	0.0	1.3330000000000002	4.667	0.0
045	2.0	1.0	0.0	0.0	3.0	6.0	0.0
046	2.0	2.0	1.0	1.0	1.3330000000000002	4.667	1.0
047	1.0	1.0	1.0	1.0	1.0	2.0	1.0
048	1.0	1.0	0.0	0.0	0.3330000000000002	2.667	0.0
049	0.0	0.0	0.0	0.0	0.0	0.0	0.0
050	1.0	3.0	1.0	3.0	2.0	7.0	3.0
051	1.0	4.0	0.0	1.0	4.4	7.6	1.0
052	0.0	2.0	0.0	0.0	0.6660000000000004	5.334	0.0
053	1.0	3.0	0.0	1.0	1.9990000000000006	10.001	1.0
054	1.0	3.0	0.0	1.0	4.0	8.0	1.0
055	2.0	2.0	1.0	0.0	2.0	4.0	1.0
056	2.0	2.0	2.0	0.0	4.0	8.0	2.0
057	1.0	0.0	1.0	0.0	1.0	2.0	1.0
058	1.0	2.0	1.0	0.0	2.0	4.0	1.0
059	2.0	1.0	0.0	0.0	2.0	4.0	0.0
060	0.0	1.0	0.0	0.0	0.3330000000000002	2.667	0.0
061	1.0	4.0	0.0	1.0	1.3340000000000005	7.6659999999999995	1.0
062	1.0	1.0	0.0	0.0	0.6660000000000004	5.334	0.0
063	0.0	2.0	0.0	0.0	1.0	2.0	0.0
064	2.0	1.0	1.0	1.0	3.0	6.0	2.0
065	1.0	3.0	0.0	0.0	2.6660000000000004	9.334	0.0
066	3.0	0.0	0.0	0.0	1.6680000000000001	4.332	0.0
067	2.0	2.0	0.0	0.0	2.0	4.0	0.0
068	1.0	3.0	1.0	0.0	2.6660000000000004	9.334	1.0
069	2.0	0.0	1.0	0.0	1.3360000000000003	4.664	1.0
070	1.0	1.0	0.0	0.0	1.6680000000000001	4.332	0.0
071	1.0	2.0	0.0	1.0	1.6660000000000004	7.334	1.0
072	1.0	0.0	0.0	0.0	1.0	2.0	0.0
073	0.0	0.0	0.0	0.0	0.0	0.0	0.0
074	2.0	3.0	2.0	0.0	3.333	8.667	2.0
075	1.0	2.0	0.0	0.0	1.3330000000000002	4.667	0.0
076	0.0	1.0	0.0	0.0	1.0	2.0	0.0
077	1.0	0.0	0.0	0.0	0.6680000000000001	2.332	0.0
078	1.0	2.0	1.0	0.0	0.6660000000000004	5.334	1.0
079	0.0	1.0	0.0	1.0	1.0	2.0	1.0
080	2.0	1.0	0.0	0.0	3.0	6.0	0.0
081	0.0	3.0	0.0	0.0	1.3330000000000002	4.667	0.0
082	1.0	2.0	0.0	0.0	1.3330000000000002	4.667	0.0
083	1.0	0.0	0.0	0.0	1.0	2.0	0.0
084	3.0	2.0	1.0	0.0	2.333	6.667	1.0
085	2.0	2.0	0.0	0.0	0.6660000000000004	5.334	0.0
086	1.0	2.0	0.0	0.0	0.9990000000000006	8.001	0.0
087	0.0	0.0	0.0	0.0	0.0	0.0	0.0
088	1.0	2.0	0.0	0.0	0.6660000000000004	8.334	0.0
089	1.0	1.0	0.0	0.0	0.6660000000000004	5.334	0.0
090	0.0	4.0	0.0	1.0	3.333	8.667	1.0
091	2.0	1.0	0.0	0.0	2.0	4.0	0.0
092	2.0	0.0	0.0	0.0	2.0	4.0	0.0
093	1.0	2.0	0.0	0.0	1.3330000000000002	4.667	0.0
094	1.0	3.0	0.0	0.0	2.6660000000000004	9.334	0.0
095	1.0	0.0	0.0	0.0	1.0	2.0	0.0
096	0.0	1.0	0.0	1.0	0.3330000000000002	2.667	1.0
097	2.0	2.0	0.0	2.0	2.733	9.267	2.0
098	2.0	1.0	1.0	1.0	3.0	6.0	2.0
099	3.0	0.0	2.0	0.0	3.0	6.0	2.0
100	1.0	4.0	1.0	3.0	2.0660000000000003	6.933999999999999	2.0
101	2.0	0.0	2.0	0.0	1.0	2.0	1.0
102	2.0	0.0	2.0	0.0	2.4	3.6	2.0
103	2.0	0.0	1.0	0.0	0.6660000000000004	5.334	1.0
104	0.0	5.0	0.0	3.0	1.6680000000000001	4.332	1.0
105	0.0	1.0	0.0	1.0	0.3330000000000002	2.667	1.0
106	0.0	0.0	0.0	0.0	0.0	0.0	0.0
107	0.0	4.0	0.0	3.0	1.6660000000000004	7.334	2.0
108	3.0	1.0	2.0	0.0	4.0	8.0	2.0
109	1.0	1.0	0.0	1.0	0.6660000000000004	5.334	1.0
110	0.0	1.0	0.0	1.0	0.3330000000000002	2.667	1.0
111	1.0	6.0	0.0	3.0	3.9990000000000006	14.001	2.0
112	0.0	0.0	0.0	0.0	0.0	0.0	0.0
113	3.0	0.0	2.0	0.0	3.0	6.0	2.0
114	2.0	4.0	1.0	4.0	3.668	8.332	3.0
115	1.0	0.0	0.0	0.0	0.3330000000000002	2.667	0.0
116	3.0	0.0	2.0	0.0	3.0	6.0	2.0
117	1.0	0.0	1.0	0.0	0.3330000000000002	2.667	1.0
118	2.0	1.0	1.0	1.0	2.3360000000000003	6.664	2.0
119	1.0	2.0	1.0	2.0	2.0	4.0	2.0
120	2.0	0.0	1.0	0.0	0.6660000000000004	5.334	1.0
121	3.0	5.0	2.0	2.0	4.332000000000001	16.668	3.0
122	0.0	0.0	0.0	0.0	0.0	0.0	0.0
123	1.0	0.0	0.0	0.0	1.0	2.0	0.0
124	3.0	0.0	2.0	0.0	3.0	6.0	2.0
125	1.0	4.0	1.0	4.0	2.6660000000000004	9.334	4.0
126	1.0	2.0	1.0	2.0	1.0	2.0	1.0
127	3.0	0.0	3.0	0.0	3.0	6.0	3.0
128	0.0	2.0	0.0	1.0	0.6660000000000004	5.334	1.0
129	1.0	0.0	1.0	0.0	1.0	2.0	1.0
130	1.0	0.0	0.0	0.0	0.3330000000000002	2.667	0.0
131	1.0	1.0	1.0	1.0	1.0	2.0	1.0
132	2.0	3.0	1.0	3.0	2.333	6.667	2.0
133	3.0	0.0	2.0	0.0	2.3360000000000003	6.664	2.0
134	1.0	1.0	1.0	1.0	1.0	2.0	1.0
135	3.0	1.0	1.0	1.0	2.668	6.332	1.0
136	4.0	0.0	4.0	0.0	3.668	8.332	4.0
137	1.0	2.0	1.0	1.0	1.3330000000000002	4.667	1.0
138	1.0	1.0	1.0	1.0	2.0	4.0	2.0
139	1.0	1.0	1.0	1.0	0.0	3.0	1.0
140	3.0	1.0	1.0	1.0	2.668	6.332	1.0
141	2.0	1.0	2.0	1.0	1.0	5.0	2.0
142	1.0	2.0	1.0	2.0	2.0	4.0	2.0
143	4.0	0.0	2.0	0.0	4.0	8.0	2.0
144	1.0	3.0	1.0	3.0	3.0	6.0	3.0
145	3.0	2.0	3.0	1.0	2.9990000000000006	12.001	4.0
146	2.0	2.0	1.0	1.0	2.6690000000000005	9.331	2.0
147	3.0	0.0	3.0	0.0	2.3360000000000003	6.664	3.0
148	2.0	1.0	1.0	1.0	0.9990000000000006	8.001	2.0
149	1.0	0.0	1.0	0.0	0.3330000000000002	2.667	1.0
150	1.0	1.0	1.0	1.0	1.6680000000000001	4.332	2.0
151	1.0	0.0	1.0	0.0	1.0	2.0	1.0
152	1.0	2.0	0.0	2.0	0.9990000000000006	8.001	2.0
153	1.0	0.0	1.0	0.0	0.3330000000000002	2.667	1.0
154	3.0	3.0	2.0	2.0	4.668	10.332	3.0
155	2.0	0.0	2.0	0.0	2.0	4.0	2.0
156	1.0	0.0	0.0	0.0	1.0	2.0	0.0
157	2.0	0.0	2.0	0.0	0.6660000000000004	5.334	2.0
158	2.0	0.0	1.0	0.0	2.0	4.0	1.0
159	2.0	2.0	2.0	2.0	1.3340000000000005	7.6659999999999995	3.0
160	3.0	0.0	3.0	0.0	1.6680000000000001	4.332	2.0
161	2.0	0.0	2.0	0.0	2.0	4.0	2.0
162	2.0	0.0	2.0	0.0	0.6680000000000001	2.332	1.0
163	2.0	4.0	1.0	2.0	3.6690000000000005	11.331	2.0
164	2.0	3.0	1.0	2.0	1.0010000000000003	4.999	1.0
165	2.0	3.0	1.0	2.0	4.0	8.0	2.0
166	0.0	4.0	0.0	3.0	0.9990000000000006	8.001	2.0
167	1.0	4.0	1.0	4.0	2.6660000000000004	9.334	4.0
168	1.0	3.0	1.0	3.0	1.6660000000000004	7.334	3.0
169	4.0	0.0	2.0	0.0	4.0	8.0	2.0
170	2.0	4.0	1.0	3.0	3.668	8.332	2.0
171	2.0	1.0	2.0	1.0	1.6680000000000001	4.332	2.0
172	3.0	3.0	2.0	3.0	1.3340000000000005	7.6659999999999995	2.0
173	1.0	1.0	1.0	1.0	0.6680000000000001	5.332	2.0
174	2.0	3.0	1.0	2.0	1.3330000000000002	7.667	2.0
175	2.0	2.0	1.0	2.0	2.0	4.0	1.0
176	1.0	1.0	1.0	1.0	0.6680000000000001	2.332	1.0
177	1.0	2.0	1.0	2.0	0.0	3.0	1.0
178	0.0	2.0	0.0	2.0	0.3330000000000002	2.667	1.0
179	1.0	2.0	0.0	2.0	0.9990000000000006	8.001	2.0
180	1.0	0.0	1.0	0.0	0.3330000000000002	2.667	1.0
181	1.0	2.0	1.0	2.0	1.0	2.0	1.0
182	1.0	3.0	0.0	2.0	2.4	6.6	1.0
183	2.0	1.0	2.0	1.0	2.0	7.0	3.0
184	2.0	2.0	1.0	2.0	2.0	4.0	1.0
185	1.0	1.0	1.0	1.0	1.0	2.0	1.0
186	2.0	2.0	1.0	2.0	2.668	6.332	2.0
187	1.0	4.0	0.0	4.0	2.6660000000000004	9.334	3.0
188	0.0	2.0	0.0	1.0	2.068	3.932	1.0
189	3.0	0.0	2.0	0.0	3.0	6.0	2.0
190	3.0	1.0	2.0	1.0	3.333	8.667	3.0
191	0.0	1.0	0.0	0.0	0.3330000000000002	2.667	0.0
192	1.0	0.0	1.0	0.0	0.3330000000000002	2.667	1.0
193	2.0	2.0	1.0	2.0	1.3330000000000002	4.667	1.0
194	0.0	2.0	0.0	2.0	0.6680000000000001	2.332	1.0
195	0.0	0.0	0.0	0.0	0.0	0.0	0.0
196	1.0	0.0	1.0	0.0	1.0	2.0	1.0
197	1.0	0.0	1.0	0.0	1.0	2.0	1.0
198	1.0	0.0	0.0	0.0	0.3330000000000002	2.667	0.0
199	1.0	0.0	0.0	0.0	0.3330000000000002	2.667	0.0
200	1.0	0.0	1.0	0.0	1.0	2.0	1.0
201	2.0	2.0	2.0	2.0	1.6660000000000004	7.334	3.0
202	3.0	3.0	1.0	3.0	4.0	8.0	2.0
203	2.0	2.0	2.0	2.0	3.068	5.932	3.0
204	1.0	2.0	1.0	2.0	1.0	2.0	1.0
205	1.0	1.0	1.0	1.0	0.6660000000000004	5.334	2.0
206	2.0	1.0	1.0	1.0	2.668	6.332	2.0
207	2.0	0.0	1.0	0.0	2.0	4.0	1.0
208	1.0	3.0	1.0	3.0	2.333	6.667	3.0
209	2.0	0.0	0.0	0.0	2.0	4.0	0.0
210	2.0	1.0	1.0	0.0	0.9990000000000006	8.001	1.0
211	2.0	0.0	1.0	0.0	2.0	4.0	1.0
212	2.0	1.0	1.0	1.0	0.6660000000000004	5.334	1.0
213	1.0	0.0	1.0	0.0	1.0	2.0	1.0
214	3.0	3.0	2.0	3.0	3.0	6.0	2.0
215	2.0	0.0	1.0	0.0	2.0	4.0	1.0
216	0.0	1.0	0.0	1.0	0.3330000000000002	2.667	1.0
217	0.0	2.0	0.0	2.0	0.3330000000000002	2.667	1.0
218	2.0	2.0	2.0	1.0	2.333	6.667	2.0
219	0.0	5.0	0.0	3.0	0.9990000000000006	14.001	3.0
220	0.0	2.0	0.0	2.0	0.0	3.0	1.0
221	1.0	0.0	1.0	0.0	0.3330000000000002	2.667	1.0
222	1.0	1.0	1.0	1.0	1.0	2.0	1.0
223	2.0	0.0	2.0	0.0	2.8	3.2	2.0
224	0.0	2.0	0.0	2.0	0.3330000000000002	2.667	1.0
225	2.0	2.0	1.0	2.0	1.3330000000000002	4.667	1.0
226	2.0	0.0	2.0	0.0	0.6660000000000004	5.334	2.0
227	2.0	0.0	2.0	0.0	2.0	4.0	2.0
228	2.0	2.0	1.0	2.0	2.333	6.667	2.0
229	1.0	0.0	0.0	0.0	1.0	2.0	0.0
230	0.0	1.0	0.0	1.0	1.4	1.6	1.0
231	2.0	2.0	2.0	1.0	1.3340000000000005	7.6659999999999995	2.0
232	2.0	4.0	0.0	3.0	4.668	10.332	3.0
233	0.0	0.0	0.0	0.0	0.0	0.0	0.0
234	3.0	1.0	1.0	1.0	1.6680000000000001	7.332	2.0
235	2.0	2.0	1.0	2.0	1.3330000000000002	4.667	1.0
236	1.0	0.0	1.0	0.0	1.0	2.0	1.0
237	0.0	0.0	0.0	0.0	0.0	0.0	0.0
238	3.0	2.0	3.0	2.0	4.0	8.0	4.0
239	1.0	2.0	0.0	2.0	1.3330000000000002	4.667	1.0
240	2.0	1.0	1.0	1.0	1.6680000000000001	4.332	1.0
241	0.0	2.0	0.0	1.0	0.6660000000000004	5.334	1.0
242	1.0	1.0	1.0	1.0	0.3330000000000002	2.667	1.0
243	1.0	1.0	1.0	1.0	0.3330000000000002	2.667	1.0
244	1.0	1.0	1.0	1.0	1.0	2.0	1.0
245	0.0	0.0	0.0	0.0	0.0	0.0	0.0
246	1.0	1.0	1.0	1.0	1.6680000000000001	4.332	2.0
247	0.0	0.0	0.0	0.0	0.0	0.0	0.0
248	0.0	0.0	0.0	0.0	0.0	0.0	0.0
249	0.0	0.0	0.0	0.0	0.0	0.0	0.0
250	0.0	0.0	0.0	0.0	0.0	0.0	0.0
251	2.0	2.0	2.0	2.0	2.0	4.0	2.0
252	3.0	0.0	2.0	0.0	3.0	6.0	2.0
253	2.0	1.0	0.0	1.0	2.3360000000000003	6.664	1.0
254	1.0	0.0	0.0	0.0	0.3330000000000002	2.667	0.0
255	0.0	0.0	0.0	0.0	0.0	0.0	0.0
256	1.0	0.0	0.0	0.0	0.3330000000000002	2.667	0.0
257	1.0	4.0	1.0	3.0	3.333	8.667	3.0
258	0.0	0.0	0.0	0.0	0.0	0.0	0.0
259	3.0	0.0	3.0	0.0	3.0	6.0	3.0
260	1.0	1.0	1.0	1.0	1.0	2.0	1.0
261	0.0	3.0	0.0	2.0	0.9990000000000006	8.001	2.0
262	1.0	3.0	1.0	3.0	1.3330000000000002	4.667	2.0
263	1.0	0.0	1.0	0.0	1.0	2.0	1.0
264	1.0	2.0	0.0	1.0	1.3340000000000005	7.6659999999999995	1.0
265	2.0	3.0	1.0	2.0	0.9990000000000006	8.001	1.0
266	1.0	4.0	1.0	3.0	1.6660000000000004	7.334	2.0
267	3.0	1.0	2.0	0.0	4.0	8.0	2.0
268	0.0	4.0	0.0	2.0	2.668	9.332	2.0
269	1.0	0.0	1.0	0.0	1.0	2.0	1.0
270	2.0	2.0	1.0	2.0	0.9990000000000006	8.001	2.0
271	3.0	0.0	2.0	0.0	2.668	6.332	2.0
272	1.0	3.0	1.0	3.0	3.0	6.0	3.0
273	2.0	1.0	1.0	1.0	2.668	6.332	2.0
274	1.0	3.0	0.0	3.0	3.0010000000000003	8.998999999999999	3.0
275	1.0	0.0	1.0	0.0	1.0	2.0	1.0
276	0.0	0.0	0.0	0.0	0.0	0.0	0.0
277	0.0	1.0	0.0	0.0	0.6680000000000001	2.332	0.0
278	0.0	0.0	0.0	0.0	0.0	0.0	0.0
279	3.0	1.0	2.0	1.0	4.0	8.0	3.0
280	3.0	0.0	1.0	0.0	3.0	6.0	1.0
281	5.0	1.0	4.0	1.0	3.0010000000000003	8.998999999999999	3.0
282	3.0	0.0	3.0	0.0	3.0	6.0	3.0
283	1.0	1.0	1.0	1.0	0.6660000000000004	5.334	2.0
284	1.0	2.0	1.0	2.0	1.0	2.0	1.0
285	1.0	1.0	1.0	1.0	0.6680000000000001	5.332	2.0
286	0.0	0.0	0.0	0.0	0.0	0.0	0.0
287	2.0	1.0	1.0	1.0	3.0	6.0	2.0
288	0.0	1.0	0.0	1.0	0.3330000000000002	2.667	1.0
289	0.0	3.0	0.0	2.0	0.6660000000000004	5.334	1.0
290	2.0	6.0	0.0	3.0	3.3320000000000007	14.668	3.0
291	2.0	2.0	1.0	1.0	2.333	6.667	1.0
292	0.0	2.0	0.0	2.0	1.0	2.0	1.0
293	0.0	1.0	0.0	0.0	1.0	2.0	0.0
294	2.0	3.0	0.0	0.0	2.333	6.667	0.0
295	2.0	0.0	0.0	0.0	1.3360000000000003	4.664	0.0
296	1.0	1.0	0.0	0.0	2.0	4.0	0.0
297	2.0	0.0	1.0	0.0	2.8	3.2	1.0
298	0.0	3.0	0.0	2.0	1.6660000000000004	7.334	2.0
299	3.0	1.0	2.0	1.0	2.6690000000000005	9.331	3.0
300	0.0	0.0	0.0	0.0	0.0	0.0	0.0
301	1.0	0.0	0.0	0.0	1.0	2.0	0.0
302	0.0	0.0	0.0	0.0	0.0	0.0	0.0
303	0.0	0.0	0.0	0.0	0.0	0.0	0.0
304	2.0	0.0	0.0	0.0	0.6660000000000004	5.334	0.0
305	2.0	1.0	1.0	0.0	3.4	5.6	1.0
306	1.0	2.0	1.0	1.0	3.4	5.6	2.0
307	1.0	2.0	0.0	0.0	1.0	2.0	0.0
308	2.0	1.0	0.0	0.0	3.0	6.0	0.0
309	2.0	2.0	1.0	0.0	3.668	8.332	1.0
310	0.0	1.0	0.0	0.0	1.0	2.0	0.0
311	1.0	2.0	1.0	0.0	2.333	6.667	1.0
312	2.0	3.0	0.0	2.0	3.333	8.667	1.0
313	1.0	2.0	1.0	1.0	0.9990000000000006	8.001	2.0
314	1.0	4.0	1.0	2.0	2.6660000000000004	9.334	3.0
315	2.0	2.0	1.0	2.0	2.333	6.667	2.0
316	1.0	1.0	1.0	1.0	1.3330000000000002	4.667	2.0
317	1.0	1.0	0.0	1.0	0.6660000000000004	5.334	1.0
318	1.0	2.0	1.0	1.0	3.0	6.0	2.0
319	2.0	3.0	1.0	3.0	2.333	6.667	2.0
320	1.0	1.0	1.0	1.0	1.0	2.0	1.0
321	2.0	1.0	2.0	1.0	1.6680000000000001	4.332	2.0
322	3.0	4.0	1.0	4.0	5.4	9.6	3.0
323	2.0	1.0	1.0	1.0	3.0	6.0	2.0
324	2.0	2.0	1.0	1.0	2.0010000000000003	6.999	1.0
325	0.0	2.0	0.0	2.0	1.4	1.6	1.0
326	1.0	2.0	1.0	2.0	0.3330000000000002	5.667	2.0
327	1.0	1.0	0.0	1.0	2.0	4.0	1.0
328	1.0	1.0	1.0	1.0	0.6680000000000001	5.332	2.0
329	1.0	0.0	0.0	0.0	0.3330000000000002	2.667	0.0
330	1.0	0.0	1.0	0.0	0.3330000000000002	2.667	1.0
331	2.0	0.0	2.0	0.0	0.6660000000000004	5.334	2.0
332	2.0	1.0	2.0	1.0	1.0010000000000003	4.999	2.0
333	2.0	0.0	1.0	0.0	0.6660000000000004	5.334	1.0
334	2.0	0.0	1.0	0.0	0.6660000000000004	5.334	1.0
335	3.0	0.0	1.0	0.0	3.0	6.0	1.0
336	3.0	1.0	1.0	1.0	2.333	6.667	1.0
337	0.0	1.0	0.0	1.0	0.3330000000000002	2.667	1.0
338	2.0	0.0	1.0	0.0	2.0	4.0	1.0
339	3.0	0.0	1.0	0.0	3.0	6.0	1.0
340	2.0	0.0	1.0	0.0	2.0	4.0	1.0
341	2.0	1.0	2.0	1.0	1.6680000000000001	4.332	2.0
342	1.0	0.0	1.0	0.0	0.3330000000000002	2.667	1.0
343	0.0	2.0	0.0	2.0	0.3330000000000002	2.667	1.0
344	1.0	0.0	1.0	0.0	0.6680000000000001	2.332	1.0
345	3.0	0.0	2.0	0.0	2.668	6.332	2.0
346	2.0	1.0	1.0	1.0	1.3330000000000002	4.667	1.0
347	1.0	0.0	1.0	0.0	0.3330000000000002	2.667	1.0
348	2.0	0.0	2.0	0.0	2.4	3.6	2.0
349	1.0	0.0	1.0	0.0	0.3330000000000002	2.667	1.0
350	0.0	0.0	0.0	0.0	0.0	0.0	0.0
351	1.0	1.0	0.0	1.0	0.6660000000000004	5.334	1.0
352	1.0	0.0	1.0	0.0	1.0	2.0	1.0
353	2.0	0.0	1.0	0.0	0.6660000000000004	5.334	1.0
354	0.0	1.0	0.0	1.0	0.3330000000000002	2.667	1.0
355	2.0	2.0	1.0	2.0	4.0	8.0	3.0
356	0.0	3.0	0.0	1.0	1.3330000000000002	4.667	1.0
357	0.0	1.0	0.0	1.0	0.6680000000000001	2.332	1.0
358	0.0	2.0	0.0	2.0	1.0	2.0	1.0
359	0.0	2.0	0.0	1.0	1.3360000000000003	4.664	1.0
360	2.0	1.0	1.0	1.0	2.0	7.0	2.0
361	2.0	1.0	2.0	1.0	0.3330000000000002	2.667	1.0
362	0.0	2.0	0.0	1.0	1.0010000000000003	4.999	1.0
363	2.0	1.0	1.0	1.0	1.6680000000000001	4.332	1.0
364	3.0	0.0	2.0	0.0	3.0	6.0	2.0
365	1.0	2.0	1.0	1.0	1.3330000000000002	4.667	1.0
366	1.0	0.0	1.0	0.0	1.0	2.0	1.0
367	0.0	0.0	0.0	0.0	0.0	0.0	0.0
368	2.0	3.0	1.0	0.0	4.0	8.0	1.0
369	3.0	3.0	1.0	3.0	1.9990000000000006	10.001	2.0
370	1.0	1.0	1.0	0.0	0.6660000000000004	5.334	1.0
371	0.0	0.0	0.0	0.0	0.0	0.0	0.0
372	4.0	1.0	3.0	1.0	3.333	8.667	3.0
373	2.0	0.0	1.0	0.0	2.0	4.0	1.0
374	1.0	0.0	1.0	0.0	1.0	2.0	1.0
375	1.0	0.0	1.0	0.0	0.6680000000000001	2.332	1.0
376	1.0	2.0	1.0	2.0	1.0	2.0	1.0
377	0.0	0.0	0.0	0.0	0.0	0.0	0.0
378	1.0	1.0	0.0	1.0	0.6660000000000004	5.334	1.0
379	2.0	1.0	2.0	1.0	2.668	6.332	3.0
380	0.0	2.0	0.0	2.0	1.0	2.0	1.0
381	2.0	3.0	2.0	3.0	2.0	4.0	2.0
382	2.0	0.0	1.0	0.0	0.6660000000000004	5.334	1.0
383	1.0	0.0	1.0	0.0	1.0	2.0	1.0
384	1.0	0.0	1.0	0.0	1.0	2.0	1.0
385	1.0	2.0	1.0	2.0	0.6660000000000004	5.334	2.0
386	0.0	4.0	0.0	3.0	0.9990000000000006	11.001	3.0
387	2.0	2.0	1.0	2.0	2.333	6.667	2.0
388	2.0	2.0	1.0	1.0	4.0	8.0	2.0
389	2.0	1.0	1.0	1.0	1.6680000000000001	4.332	1.0
390	0.0	2.0	0.0	2.0	0.0	3.0	1.0
391	1.0	1.0	0.0	1.0	1.0	5.0	1.0
392	1.0	0.0	1.0	0.0	0.3330000000000002	2.667	1.0
393	2.0	0.0	0.0	0.0	0.6660000000000004	5.334	0.0
394	0.0	1.0	0.0	1.0	0.6680000000000001	2.332	1.0
395	0.0	0.0	0.0	0.0	0.0	0.0	0.0
396	2.0	2.0	0.0	2.0	2.733	6.2669999999999995	1.0
397	1.0	1.0	0.0	1.0	1.0	5.0	1.0
398	2.0	1.0	2.0	1.0	1.3330000000000002	4.667	2.0
399	0.0	0.0	0.0	0.0	0.0	0.0	0.0
400	2.0	0.0	2.0	0.0	2.0	4.0	2.0
401	0.0	0.0	0.0	0.0	0.0	0.0	0.0
402	0.0	2.0	0.0	1.0	0.6660000000000004	5.334	1.0
403	1.0	0.0	1.0	0.0	1.0	2.0	1.0
404	3.0	1.0	1.0	1.0	4.0	8.0	2.0
405	2.0	2.0	2.0	2.0	1.733	4.2669999999999995	2.0
406	1.0	1.0	1.0	1.0	1.0	2.0	1.0
407	0.0	3.0	0.0	3.0	0.0	3.0	1.0
408	0.0	0.0	0.0	0.0	0.0	0.0	0.0
409	2.0	2.0	1.0	2.0	2.333	6.667	2.0
410	1.0	2.0	0.0	2.0	0.9990000000000006	8.001	2.0
411	1.0	0.0	1.0	0.0	1.0	2.0	1.0
412	3.0	2.0	1.0	2.0	3.0	6.0	1.0
413	2.0	2.0	0.0	2.0	3.668	8.332	2.0
414	3.0	1.0	2.0	1.0	3.0010000000000003	8.998999999999999	3.0
415	3.0	0.0	1.0	0.0	3.0	6.0	1.0
416	1.0	0.0	1.0	0.0	1.0	2.0	1.0
417	2.0	0.0	1.0	0.0	1.6680000000000001	4.332	1.0
418	0.0	2.0	0.0	2.0	0.6660000000000004	5.334	2.0
419	2.0	0.0	1.0	0.0	1.3360000000000003	4.664	1.0
420	1.0	5.0	1.0	2.0	1.6660000000000004	7.334	1.0
421	2.0	2.0	1.0	2.0	1.3330000000000002	4.667	1.0
422	1.0	1.0	1.0	1.0	0.3330000000000002	2.667	1.0
423	1.0	3.0	1.0	2.0	1.3330000000000002	4.667	1.0
424	1.0	4.0	1.0	2.0	1.3330000000000002	7.667	1.0
425	3.0	1.0	2.0	1.0	4.0	8.0	3.0
426	0.0	4.0	0.0	2.0	0.9990000000000006	8.001	1.0
427	3.0	2.0	2.0	2.0	3.0	6.0	2.0
428	3.0	1.0	2.0	1.0	3.0	6.0	2.0
429	1.0	2.0	1.0	2.0	1.0	2.0	1.0
430	2.0	2.0	1.0	2.0	1.3330000000000002	4.667	1.0
431	2.0	2.0	1.0	2.0	1.3330000000000002	4.667	1.0
432	2.0	1.0	1.0	1.0	1.0010000000000003	4.999	1.0
433	3.0	0.0	3.0	0.0	3.0	6.0	3.0
434	1.0	0.0	1.0	0.0	1.0	2.0	1.0
435	2.0	1.0	1.0	1.0	2.3360000000000003	6.664	2.0
436	0.0	0.0	0.0	0.0	0.0	0.0	0.0
437	1.0	0.0	0.0	0.0	0.3330000000000002	2.667	0.0
438	2.0	2.0	1.0	2.0	3.0	6.0	2.0
439	0.0	0.0	0.0	0.0	0.0	0.0	0.0
440	3.0	2.0	2.0	2.0	3.333	8.667	3.0
441	3.0	3.0	1.0	1.0	3.6660000000000004	11.334	2.0
442	0.0	4.0	0.0	3.0	1.3320000000000007	10.668	3.0
443	2.0	4.0	1.0	2.0	1.6660000000000004	7.334	1.0
444	0.0	0.0	0.0	0.0	0.0	0.0	0.0
445	0.0	0.0	0.0	0.0	0.0	0.0	0.0
446	0.0	0.0	0.0	0.0	0.0	0.0	0.0
447	0.0	0.0	0.0	0.0	0.0	0.0	0.0
448	0.0	0.0	0.0	0.0	0.0	0.0	0.0
449	0.0	0.0	0.0	0.0	0.0	0.0	0.0
450	0.0	0.0	0.0	0.0	0.0	0.0	0.0
451	0.0	0.0	0.0	0.0	0.0	0.0	0.0
452	0.0	0.0	0.0	0.0	0.0	0.0	0.0
453	0.0	0.0	0.0	0.0	0.0	0.0	0.0
