pos	Sd	Nd	Sd_tip	Nd_tip	S	N	comparisons
001	0.0	0.0	0.0	0.0	0.0	0.0	0.0
002	1.0	0.0	0.0	0.0	0.3330000000000002	2.667	0.0
003	0.0	0.0	0.0	0.0	0.0	0.0	0.0
004	1.0	2.0	1.0	2.0	0.0	3.0	1.0
005	1.0	2.0	1.0	1.0	3.0	6.0	2.0
006	0.0	0.0	0.0	0.0	0.0	0.0	0.0
007	1.0	2.0	0.0	2.0	1.0010000000000003	4.999	1.0
008	3.0	0.0	1.0	0.0	3.4	5.6	1.0
009	0.0	0.0	0.0	0.0	0.0	0.0	0.0
010	1.0	0.0	1.0	0.0	1.0	2.0	1.0
011	2.0	0.0	1.0	0.0	2.0	4.0	1.0
012	2.0	0.0	1.0	0.0	2.0	4.0	1.0
013	0.0	0.0	0.0	0.0	0.0	0.0	0.0
014	1.0	0.0	1.0	0.0	1.0	2.0	1.0
015	0.0	0.0	0.0	0.0	0.0	0.0	0.0
016	1.0	0.0	1.0	0.0	0.6680000000000001	2.332	1.0
017	1.0	0.0	1.0	0.0	1.0	2.0	1.0
018	3.0	0.0	2.0	0.0	2.668	6.332	2.0
019	2.0	0.0	1.0	0.0	2.0	4.0	1.0
020	2.0	1.0	1.0	1.0	1.733	4.2669999999999995	1.0
021	1.0	1.0	1.0	1.0	1.0	2.0	1.0
022	0.0	1.0	0.0	1.0	0.3330000000000002	2.667	1.0
023	3.0	1.0	2.0	1.0	2.0	4.0	1.0
024	1.0	2.0	0.0	2.0	1.0010000000000003	4.999	1.0
025	2.0	0.0	1.0	0.0	2.4	3.6	1.0
026	1.0	2.0	1.0	2.0	1.0	2.0	1.0
027	1.0	1.0	1.0	1.0	1.0	2.0	1.0
028	1.0	0.0	1.0	0.0	1.0	2.0	1.0
029	1.0	0.0	1.0	0.0	1.0	2.0	1.0
030	0.0	0.0	0.0	0.0	0.0	0.0	0.0
031	2.0	0.0	1.0	0.0	2.0	4.0	1.0
032	0.0	0.0	0.0	0.0	0.0	0.0	0.0
033	0.0	1.0	0.0	1.0	1.0	2.0	1.0
034	2.0	0.0	1.0	0.0	2.0	4.0	1.0
035	0.0	0.0	0.0	0.0	0.0	0.0	0.0
036	1.0	0.0	1.0	0.0	1.0	2.0	1.0
037	0.0	0.0	0.0	0.0	0.0	0.0	0.0
038	1.0	0.0	1.0	0.0	0.3330000000000002	2.667	1.0
039	1.0	0.0	1.0	0.0	1.0	2.0	1.0
040	2.0	0.0	1.0	0.0	2.0	4.0	1.0
041	0.0	0.0	0.0	0.0	0.0	0.0	0.0
042	2.0	2.0	1.0	2.0	1.3330000000000002	4.667	1.0
043	2.0	0.0	0.0	0.0	2.0	4.0	0.0
044	1.0	0.0	1.0	0.0	1.0	2.0	1.0
045	1.0	1.0	1.0	1.0	1.0	2.0	1.0
046	0.0	2.0	0.0	2.0	0.3330000000000002	2.667	1.0
047	0.0	0.0	0.0	0.0	0.0	0.0	0.0
048	1.0	1.0	1.0	1.0	1.0	2.0	1.0
049	1.0	1.0	1.0	1.0	0.3330000000000002	2.667	1.0
050	1.0	0.0	0.0	0.0	1.4	1.6	0.0
051	0.0	0.0	0.0	0.0	0.0	0.0	0.0
052	1.0	0.0	0.0	0.0	0.3330000000000002	2.667	0.0
053	1.0	1.0	1.0	1.0	2.0	4.0	2.0
054	1.0	2.0	1.0	2.0	1.3330000000000002	4.667	2.0
055	0.0	1.0	0.0	1.0	1.0	2.0	1.0
056	1.0	1.0	1.0	1.0	1.0	2.0	1.0
057	1.0	1.0	0.0	1.0	1.0010000000000003	4.999	1.0
058	1.0	0.0	0.0	0.0	1.0	2.0	0.0
059	1.0	1.0	1.0	1.0	1.6680000000000001	4.332	2.0
060	1.0	2.0	1.0	1.0	3.068	5.932	2.0
061	0.0	1.0	0.0	0.0	1.0	2.0	0.0
062	0.0	0.0	0.0	0.0	0.0	0.0	0.0
063	0.0	0.0	0.0	0.0	0.0	0.0	0.0
064	0.0	0.0	0.0	0.0	0.0	0.0	0.0
065	0.0	0.0	0.0	0.0	0.0	0.0	0.0
066	0.0	1.0	0.0	1.0	1.0	2.0	1.0
067	1.0	0.0	1.0	0.0	1.0	2.0	1.0
068	1.0	0.0	0.0	0.0	0.3330000000000002	2.667	0.0
069	2.0	0.0	1.0	0.0	2.0	4.0	1.0
070	1.0	0.0	0.0	0.0	0.3330000000000002	2.667	0.0
071	2.0	0.0	1.0	0.0	2.0	4.0	1.0
072	1.0	1.0	0.0	1.0	2.0	4.0	1.0
073	1.0	1.0	1.0	0.0	0.6660000000000004	5.334	1.0
074	2.0	0.0	1.0	0.0	2.0	4.0	1.0
075	1.0	0.0	1.0	0.0	1.0	2.0	1.0
076	1.0	2.0	1.0	1.0	2.0	4.0	1.0
077	1.0	1.0	0.0	1.0	0.6660000000000004	5.334	1.0
078	2.0	0.0	1.0	0.0	2.0	4.0	1.0
079	3.0	1.0	2.0	1.0	1.3330000000000002	4.667	1.0
080	0.0	0.0	0.0	0.0	0.0	0.0	0.0
081	0.0	0.0	0.0	0.0	0.0	0.0	0.0
082	0.0	1.0	0.0	1.0	0.3330000000000002	2.667	1.0
083	1.0	0.0	0.0	0.0	1.0	2.0	0.0
084	0.0	0.0	0.0	0.0	0.0	0.0	0.0
085	2.0	2.0	1.0	2.0	2.333	6.667	2.0
086	2.0	0.0	1.0	0.0	2.0	4.0	1.0
087	2.0	0.0	2.0	0.0	2.068	3.932	2.0
088	0.0	0.0	0.0	0.0	0.0	0.0	0.0
089	2.0	2.0	1.0	2.0	3.4	5.6	2.0
090	2.0	0.0	2.0	0.0	2.0	4.0	2.0
091	1.0	0.0	1.0	0.0	0.6680000000000001	2.332	1.0
092	0.0	0.0	0.0	0.0	0.0	0.0	0.0
093	0.0	0.0	0.0	0.0	0.0	0.0	0.0
094	1.0	0.0	1.0	0.0	1.0	2.0	1.0
095	0.0	0.0	0.0	0.0	0.0	0.0	0.0
096	0.0	0.0	0.0	0.0	0.0	0.0	0.0
097	1.0	0.0	0.0	0.0	1.0	2.0	0.0
098	1.0	2.0	1.0	2.0	1.0	2.0	1.0
099	1.0	1.0	0.0	1.0	1.3330000000000002	4.667	1.0
100	2.0	0.0	1.0	0.0	2.0	4.0	1.0
101	1.0	2.0	1.0	2.0	1.3330000000000002	4.667	2.0
102	1.0	1.0	0.0	1.0	1.3330000000000002	4.667	1.0
103	1.0	0.0	1.0	0.0	1.0	2.0	1.0
104	2.0	0.0	2.0	0.0	0.6680000000000001	2.332	1.0
105	1.0	0.0	1.0	0.0	0.3330000000000002	2.667	1.0
106	2.0	0.0	1.0	0.0	2.0	4.0	1.0
107	1.0	1.0	1.0	1.0	1.0	2.0	1.0
108	0.0	2.0	0.0	2.0	1.0	2.0	1.0
109	0.0	2.0	0.0	2.0	0.6680000000000001	2.332	1.0
110	0.0	0.0	0.0	0.0	0.0	0.0	0.0
111	2.0	2.0	1.0	2.0	2.0	4.0	1.0
112	0.0	1.0	0.0	1.0	1.0	2.0	1.0
113	1.0	1.0	1.0	1.0	0.6660000000000004	5.334	2.0
114	1.0	0.0	1.0	0.0	0.3330000000000002	2.667	1.0
115	1.0	1.0	1.0	1.0	1.3330000000000002	4.667	2.0
116	0.0	2.0	0.0	2.0	1.0	2.0	1.0
117	0.0	1.0	0.0	0.0	1.0	2.0	0.0
118	1.0	0.0	0.0	0.0	0.3330000000000002	2.667	0.0
119	2.0	3.0	1.0	3.0	4.0	8.0	3.0
120	1.0	1.0	0.0	1.0	1.6680000000000001	4.332	1.0
121	1.0	0.0	1.0	0.0	1.0	2.0	1.0
122	2.0	0.0	1.0	0.0	2.0	4.0	1.0
123	2.0	1.0	1.0	1.0	1.6680000000000001	4.332	1.0
124	1.0	3.0	1.0	2.0	3.0	6.0	2.0
125	2.0	0.0	1.0	0.0	2.0	4.0	1.0
126	0.0	0.0	0.0	0.0	0.0	0.0	0.0
127	1.0	0.0	1.0	0.0	0.3330000000000002	2.667	1.0
128	1.0	0.0	1.0	0.0	1.0	2.0	1.0
129	2.0	0.0	1.0	0.0	2.0	4.0	1.0
130	1.0	0.0	1.0	0.0	1.0	2.0	1.0
131	1.0	0.0	1.0	0.0	0.3330000000000002	2.667	1.0
132	1.0	3.0	1.0	1.0	3.3360000000000003	8.664	2.0
133	0.0	0.0	0.0	0.0	0.0	0.0	0.0
134	0.0	1.0	0.0	1.0	0.3330000000000002	2.667	1.0
135	1.0	0.0	0.0	0.0	1.0	2.0	0.0
136	0.0	2.0	0.0	2.0	2.0	4.0	2.0
137	0.0	1.0	0.0	1.0	0.3330000000000002	2.667	1.0
138	2.0	0.0	1.0	0.0	2.0	4.0	1.0
139	0.0	0.0	0.0	0.0	0.0	0.0	0.0
140	1.0	2.0	0.0	2.0	1.3330000000000002	4.667	1.0
141	2.0	0.0	2.0	0.0	2.0	4.0	2.0
142	1.0	0.0	0.0	0.0	0.3330000000000002	2.667	0.0
143	0.0	0.0	0.0	0.0	0.0	0.0	0.0
144	1.0	0.0	1.0	0.0	1.0	2.0	1.0
145	1.0	0.0	0.0	0.0	1.0	2.0	0.0
146	2.0	1.0	2.0	1.0	2.668	6.332	3.0
147	2.0	0.0	1.0	0.0	2.0	4.0	1.0
148	2.0	1.0	2.0	1.0	2.333	6.667	3.0
149	2.0	2.0	1.0	2.0	2.0010000000000003	6.999	2.0
150	1.0	2.0	1.0	1.0	2.668	6.332	2.0
151	1.0	0.0	1.0	0.0	1.0	2.0	1.0
152	0.0	0.0	0.0	0.0	0.0	0.0	0.0
153	0.0	1.0	0.0	1.0	1.0	2.0	1.0
154	1.0	0.0	0.0	0.0	1.0	2.0	0.0
155	2.0	2.0	1.0	2.0	2.0	4.0	1.0
156	2.0	2.0	1.0	2.0	1.0010000000000003	4.999	1.0
157	0.0	1.0	0.0	1.0	0.3330000000000002	2.667	1.0
158	1.0	1.0	1.0	0.0	1.6680000000000001	4.332	1.0
159	0.0	3.0	0.0	2.0	1.3360000000000003	7.664	2.0
160	1.0	2.0	1.0	1.0	3.0	6.0	2.0
161	0.0	0.0	0.0	0.0	0.0	0.0	0.0
162	0.0	0.0	0.0	0.0	0.0	0.0	0.0
163	0.0	2.0	0.0	2.0	1.0	2.0	1.0
164	1.0	0.0	1.0	0.0	0.3330000000000002	2.667	1.0
165	1.0	0.0	1.0	0.0	1.0	2.0	1.0
166	1.0	1.0	1.0	1.0	1.3330000000000002	4.667	2.0
167	2.0	1.0	1.0	1.0	2.0	4.0	1.0
168	1.0	1.0	1.0	1.0	2.0	4.0	2.0
169	2.0	0.0	1.0	0.0	0.6660000000000004	5.334	1.0
170	2.0	0.0	1.0	0.0	2.0	4.0	1.0
171	1.0	0.0	0.0	0.0	0.3330000000000002	2.667	0.0
172	2.0	0.0	1.0	0.0	2.0	4.0	1.0
173	0.0	1.0	0.0	1.0	1.0	2.0	1.0
174	0.0	2.0	0.0	2.0	0.3330000000000002	2.667	1.0
175	0.0	0.0	0.0	0.0	0.0	0.0	0.0
176	1.0	0.0	1.0	0.0	1.0	2.0	1.0
177	2.0	0.0	1.0	0.0	2.0	4.0	1.0
178	3.0	0.0	3.0	0.0	3.068	5.932	3.0
179	0.0	0.0	0.0	0.0	0.0	0.0	0.0
180	0.0	0.0	0.0	0.0	0.0	0.0	0.0
181	0.0	0.0	0.0	0.0	0.0	0.0	0.0
182	1.0	1.0	1.0	1.0	1.0	2.0	1.0
183	1.0	0.0	1.0	0.0	1.0	2.0	1.0
184	2.0	1.0	1.0	1.0	3.4	5.6	2.0
185	2.0	0.0	1.0	0.0	2.4	3.6	1.0
186	1.0	2.0	0.0	2.0	1.3330000000000002	4.667	1.0
187	1.0	0.0	1.0	0.0	0.3330000000000002	2.667	1.0
188	0.0	0.0	0.0	0.0	0.0	0.0	0.0
189	0.0	0.0	0.0	0.0	0.0	0.0	0.0
190	1.0	0.0	1.0	0.0	1.0	2.0	1.0
191	0.0	0.0	0.0	0.0	0.0	0.0	0.0
192	2.0	0.0	2.0	0.0	1.0	2.0	1.0
193	1.0	1.0	0.0	1.0	2.0	4.0	1.0
194	1.0	0.0	0.0	0.0	0.3330000000000002	2.667	0.0
195	0.0	2.0	0.0	2.0	0.3330000000000002	2.667	1.0
196	0.0	0.0	0.0	0.0	0.0	0.0	0.0
197	1.0	1.0	1.0	1.0	1.3330000000000002	4.667	2.0
198	0.0	0.0	0.0	0.0	0.0	0.0	0.0
199	1.0	0.0	0.0	0.0	1.0	2.0	0.0
200	3.0	0.0	1.0	0.0	3.0	6.0	1.0
201	1.0	1.0	1.0	1.0	2.4	3.6	2.0
202	2.0	0.0	1.0	0.0	2.0	4.0	1.0
203	0.0	0.0	0.0	0.0	0.0	0.0	0.0
204	1.0	0.0	1.0	0.0	1.0	2.0	1.0
205	1.0	0.0	1.0	0.0	0.3330000000000002	2.667	1.0
206	0.0	0.0	0.0	0.0	0.0	0.0	0.0
207	1.0	2.0	1.0	2.0	1.3330000000000002	4.667	2.0
208	0.0	0.0	0.0	0.0	0.0	0.0	0.0
209	0.0	0.0	0.0	0.0	0.0	0.0	0.0
210	0.0	0.0	0.0	0.0	0.0	0.0	0.0
211	0.0	0.0	0.0	0.0	0.0	0.0	0.0
212	1.0	2.0	1.0	2.0	1.3330000000000002	4.667	2.0
213	1.0	0.0	1.0	0.0	1.0	2.0	1.0
214	1.0	2.0	1.0	2.0	1.0	2.0	1.0
215	1.0	0.0	1.0	0.0	1.0	2.0	1.0
216	0.0	2.0	0.0	1.0	1.6680000000000001	4.332	1.0
217	1.0	2.0	1.0	2.0	0.6680000000000001	2.332	1.0
218	2.0	0.0	0.0	0.0	1.0	2.0	0.0
219	1.0	1.0	0.0	1.0	0.6660000000000004	5.334	1.0
220	2.0	1.0	1.0	1.0	1.3330000000000002	4.667	1.0
221	0.0	2.0	0.0	2.0	0.6680000000000001	2.332	1.0
222	2.0	0.0	1.0	0.0	2.0	4.0	1.0
223	0.0	0.0	0.0	0.0	0.0	0.0	0.0
224	2.0	1.0	2.0	1.0	2.3360000000000003	6.664	3.0
225	1.0	0.0	0.0	0.0	1.0	2.0	0.0
226	2.0	0.0	1.0	0.0	2.0	4.0	1.0
227	0.0	0.0	0.0	0.0	0.0	0.0	0.0
228	1.0	1.0	1.0	0.0	2.0	4.0	1.0
229	1.0	0.0	1.0	0.0	0.3330000000000002	2.667	1.0
230	0.0	0.0	0.0	0.0	0.0	0.0	0.0
231	1.0	1.0	1.0	1.0	1.0	2.0	1.0
232	1.0	1.0	1.0	1.0	1.0	2.0	1.0
233	0.0	1.0	0.0	1.0	0.6680000000000001	2.332	1.0
234	2.0	2.0	1.0	2.0	2.668	6.332	2.0
235	0.0	0.0	0.0	0.0	0.0	0.0	0.0
236	1.0	2.0	1.0	2.0	1.0	2.0	1.0
237	1.0	2.0	1.0	2.0	2.0	4.0	2.0
238	0.0	0.0	0.0	0.0	0.0	0.0	0.0
239	0.0	2.0	0.0	2.0	0.3330000000000002	2.667	1.0
240	0.0	1.0	0.0	1.0	1.0	2.0	1.0
241	0.0	2.0	0.0	2.0	1.3330000000000002	4.667	2.0
242	1.0	1.0	1.0	1.0	1.0	2.0	1.0
243	3.0	1.0	2.0	1.0	1.3330000000000002	4.667	1.0
244	1.0	1.0	1.0	1.0	0.6660000000000004	5.334	2.0
245	2.0	2.0	1.0	2.0	2.0	4.0	1.0
246	1.0	0.0	1.0	0.0	0.3330000000000002	2.667	1.0
247	0.0	0.0	0.0	0.0	0.0	0.0	0.0
248	1.0	0.0	1.0	0.0	1.0	2.0	1.0
249	1.0	0.0	0.0	0.0	0.3330000000000002	2.667	0.0
250	2.0	2.0	1.0	1.0	1.6660000000000004	7.334	1.0
251	0.0	0.0	0.0	0.0	0.0	0.0	0.0
252	1.0	1.0	1.0	1.0	0.6660000000000004	5.334	2.0
253	0.0	0.0	0.0	0.0	0.0	0.0	0.0
254	2.0	1.0	1.0	1.0	2.333	6.667	2.0
255	2.0	2.0	2.0	2.0	2.0	4.0	2.0
256	0.0	2.0	0.0	1.0	1.6680000000000001	4.332	1.0
257	2.0	0.0	2.0	0.0	1.3360000000000003	4.664	2.0
258	2.0	1.0	1.0	1.0	3.0	6.0	2.0
259	0.0	0.0	0.0	0.0	0.0	0.0	0.0
260	0.0	0.0	0.0	0.0	0.0	0.0	0.0
261	0.0	0.0	0.0	0.0	0.0	0.0	0.0
262	0.0	0.0	0.0	0.0	0.0	0.0	0.0
263	0.0	0.0	0.0	0.0	0.0	0.0	0.0
264	0.0	0.0	0.0	0.0	0.0	0.0	0.0
265	0.0	0.0	0.0	0.0	0.0	0.0	0.0
266	0.0	0.0	0.0	0.0	0.0	0.0	0.0
267	0.0	0.0	0.0	0.0	0.0	0.0	0.0
268	1.0	1.0	0.0	0.0	0.6660000000000004	5.334	0.0
269	0.0	0.0	0.0	0.0	0.0	0.0	0.0
270	0.0	0.0	0.0	0.0	0.0	0.0	0.0
271	0.0	0.0	0.0	0.0	0.0	0.0	0.0
272	0.0	0.0	0.0	0.0	0.0	0.0	0.0
273	0.0	0.0	0.0	0.0	0.0	0.0	0.0
274	0.0	0.0	0.0	0.0	0.0	0.0	0.0
275	0.0	0.0	0.0	0.0	0.0	0.0	0.0
276	0.0	0.0	0.0	0.0	0.0	0.0	0.0
277	0.0	0.0	0.0	0.0	0.0	0.0	0.0
278	0.0	0.0	0.0	0.0	0.0	0.0	0.0
279	0.0	0.0	0.0	0.0	0.0	0.0	0.0
280	0.0	0.0	0.0	0.0	0.0	0.0	0.0
281	0.0	0.0	0.0	0.0	0.0	0.0	0.0
282	0.0	0.0	0.0	0.0	0.0	0.0	0.0
283	0.0	0.0	0.0	0.0	0.0	0.0	0.0
284	0.0	0.0	0.0	0.0	0.0	0.0	0.0
285	0.0	0.0	0.0	0.0	0.0	0.0	0.0
286	0.0	0.0	0.0	0.0	0.0	0.0	0.0
287	0.0	0.0	0.0	0.0	0.0	0.0	0.0
288	0.0	0.0	0.0	0.0	0.0	0.0	0.0
289	0.0	0.0	0.0	0.0	0.0	0.0	0.0
290	0.0	0.0	0.0	0.0	0.0	0.0	0.0
291	0.0	0.0	0.0	0.0	0.0	0.0	0.0
292	0.0	0.0	0.0	0.0	0.0	0.0	0.0
293	0.0	0.0	0.0	0.0	0.0	0.0	0.0
294	0.0	0.0	0.0	0.0	0.0	0.0	0.0
295	0.0	0.0	0.0	0.0	0.0	0.0	0.0
296	0.0	0.0	0.0	0.0	0.0	0.0	0.0
297	0.0	0.0	0.0	0.0	0.0	0.0	0.0
298	0.0	0.0	0.0	0.0	0.0	0.0	0.0
299	0.0	0.0	0.0	0.0	0.0	0.0	0.0
300	0.0	0.0	0.0	0.0	0.0	0.0	0.0
301	0.0	0.0	0.0	0.0	0.0	0.0	0.0
302	0.0	0.0	0.0	0.0	0.0	0.0	0.0
303	0.0	0.0	0.0	0.0	0.0	0.0	0.0
304	0.0	0.0	0.0	0.0	0.0	0.0	0.0
305	0.0	0.0	0.0	0.0	0.0	0.0	0.0
306	0.0	0.0	0.0	0.0	0.0	0.0	0.0
307	0.0	0.0	0.0	0.0	0.0	0.0	0.0
308	0.0	0.0	0.0	0.0	0.0	0.0	0.0
309	0.0	0.0	0.0	0.0	0.0	0.0	0.0
310	0.0	0.0	0.0	0.0	0.0	0.0	0.0
311	0.0	0.0	0.0	0.0	0.0	0.0	0.0
312	0.0	0.0	0.0	0.0	0.0	0.0	0.0
313	0.0	0.0	0.0	0.0	0.0	0.0	0.0
314	0.0	0.0	0.0	0.0	0.0	0.0	0.0
315	0.0	0.0	0.0	0.0	0.0	0.0	0.0
316	0.0	0.0	0.0	0.0	0.0	0.0	0.0
317	0.0	0.0	0.0	0.0	0.0	0.0	0.0
318	0.0	0.0	0.0	0.0	0.0	0.0	0.0
319	0.0	0.0	0.0	0.0	0.0	0.0	0.0
320	0.0	0.0	0.0	0.0	0.0	0.0	0.0
321	0.0	0.0	0.0	0.0	0.0	0.0	0.0
322	0.0	0.0	0.0	0.0	0.0	0.0	0.0
323	0.0	0.0	0.0	0.0	0.0	0.0	0.0
324	0.0	0.0	0.0	0.0	0.0	0.0	0.0
325	0.0	0.0	0.0	0.0	0.0	0.0	0.0
326	0.0	0.0	0.0	0.0	0.0	0.0	0.0
327	0.0	0.0	0.0	0.0	0.0	0.0	0.0
328	0.0	0.0	0.0	0.0	0.0	0.0	0.0
329	0.0	0.0	0.0	0.0	0.0	0.0	0.0
330	0.0	0.0	0.0	0.0	0.0	0.0	0.0
331	0.0	0.0	0.0	0.0	0.0	0.0	0.0
332	0.0	0.0	0.0	0.0	0.0	0.0	0.0
333	0.0	0.0	0.0	0.0	0.0	0.0	0.0
334	0.0	0.0	0.0	0.0	0.0	0.0	0.0
335	0.0	0.0	0.0	0.0	0.0	0.0	0.0
336	0.0	0.0	0.0	0.0	0.0	0.0	0.0
337	0.0	0.0	0.0	0.0	0.0	0.0	0.0
338	0.0	0.0	0.0	0.0	0.0	0.0	0.0
339	0.0	0.0	0.0	0.0	0.0	0.0	0.0
340	0.0	0.0	0.0	0.0	0.0	0.0	0.0
341	0.0	0.0	0.0	0.0	0.0	0.0	0.0
342	0.0	0.0	0.0	0.0	0.0	0.0	0.0
343	0.0	0.0	0.0	0.0	0.0	0.0	0.0
344	0.0	0.0	0.0	0.0	0.0	0.0	0.0
345	0.0	0.0	0.0	0.0	0.0	0.0	0.0
346	0.0	0.0	0.0	0.0	0.0	0.0	0.0
347	0.0	0.0	0.0	0.0	0.0	0.0	0.0
348	0.0	0.0	0.0	0.0	0.0	0.0	0.0
349	0.0	0.0	0.0	0.0	0.0	0.0	0.0
350	0.0	0.0	0.0	0.0	0.0	0.0	0.0
351	0.0	0.0	0.0	0.0	0.0	0.0	0.0
352	0.0	0.0	0.0	0.0	0.0	0.0	0.0
353	0.0	0.0	0.0	0.0	0.0	0.0	0.0
354	0.0	0.0	0.0	0.0	0.0	0.0	0.0
355	0.0	0.0	0.0	0.0	0.0	0.0	0.0
356	0.0	0.0	0.0	0.0	0.0	0.0	0.0
357	0.0	0.0	0.0	0.0	0.0	0.0	0.0
358	0.0	0.0	0.0	0.0	0.0	0.0	0.0
359	0.0	0.0	0.0	0.0	0.0	0.0	0.0
360	0.0	0.0	0.0	0.0	0.0	0.0	0.0
361	0.0	0.0	0.0	0.0	0.0	0.0	0.0
362	0.0	0.0	0.0	0.0	0.0	0.0	0.0
363	0.0	0.0	0.0	0.0	0.0	0.0	0.0
364	0.0	0.0	0.0	0.0	0.0	0.0	0.0
365	0.0	0.0	0.0	0.0	0.0	0.0	0.0
366	0.0	0.0	0.0	0.0	0.0	0.0	0.0
367	0.0	0.0	0.0	0.0	0.0	0.0	0.0
368	0.0	0.0	0.0	0.0	0.0	0.0	0.0
369	0.0	0.0	0.0	0.0	0.0	0.0	0.0
370	0.0	0.0	0.0	0.0	0.0	0.0	0.0
371	0.0	0.0	0.0	0.0	0.0	0.0	0.0
372	0.0	0.0	0.0	0.0	0.0	0.0	0.0
373	0.0	0.0	0.0	0.0	0.0	0.0	0.0
374	0.0	0.0	0.0	0.0	0.0	0.0	0.0
375	0.0	0.0	0.0	0.0	0.0	0.0	0.0
376	0.0	0.0	0.0	0.0	0.0	0.0	0.0
377	0.0	0.0	0.0	0.0	0.0	0.0	0.0
378	0.0	0.0	0.0	0.0	0.0	0.0	0.0
379	0.0	0.0	0.0	0.0	0.0	0.0	0.0
380	0.0	0.0	0.0	0.0	0.0	0.0	0.0
381	0.0	0.0	0.0	0.0	0.0	0.0	0.0
382	0.0	0.0	0.0	0.0	0.0	0.0	0.0
383	0.0	0.0	0.0	0.0	0.0	0.0	0.0
