all_syn	all_nonSyn	tip_syn	tip_nonSyn	S	N	comparisons
001	0.0	0.0	0.0	0.0	0.0	0.0	0.0
002	0.0	0.0	0.0	0.0	0.0	0.0	0.0
003	0.0	0.0	0.0	0.0	0.0	0.0	0.0
004	0.0	0.0	0.0	0.0	0.0	0.0	0.0
005	0.0	0.0	0.0	0.0	0.0	0.0	0.0
006	0.0	0.0	0.0	0.0	0.0	0.0	0.0
007	0.0	0.0	0.0	0.0	0.0	0.0	0.0
008	0.0	0.0	0.0	0.0	0.0	0.0	0.0
009	0.0	0.0	0.0	0.0	0.0	0.0	0.0
010	0.0	0.0	0.0	0.0	0.0	0.0	0.0
011	0.0	0.0	0.0	0.0	0.0	0.0	0.0
012	0.0	0.0	0.0	0.0	0.0	0.0	0.0
013	0.0	0.0	0.0	0.0	0.0	0.0	0.0
014	0.0	0.0	0.0	0.0	0.0	0.0	0.0
015	0.0	0.0	0.0	0.0	0.0	0.0	0.0
016	0.0	0.0	0.0	0.0	0.0	0.0	0.0
017	0.0	0.0	0.0	0.0	0.0	0.0	0.0
018	0.0	0.0	0.0	0.0	0.0	0.0	0.0
019	0.0	0.0	0.0	0.0	0.0	0.0	0.0
020	0.0	0.0	0.0	0.0	0.0	0.0	0.0
021	0.0	0.0	0.0	0.0	0.0	0.0	0.0
022	0.0	0.0	0.0	0.0	0.0	0.0	0.0
023	0.0	0.0	0.0	0.0	0.0	0.0	0.0
024	0.0	0.0	0.0	0.0	0.0	0.0	0.0
025	0.0	0.0	0.0	0.0	0.0	0.0	0.0
026	0.0	0.0	0.0	0.0	0.0	0.0	0.0
027	0.0	0.0	0.0	0.0	0.0	0.0	0.0
028	0.0	0.0	0.0	0.0	0.0	0.0	0.0
029	0.0	0.0	0.0	0.0	0.0	0.0	0.0
030	0.0	0.0	0.0	0.0	0.0	0.0	0.0
031	0.0	0.0	0.0	0.0	0.0	0.0	0.0
032	3.0	3.0	2.0	3.0	3.333	8.667	3.0
033	2.0	2.0	2.0	1.0	4.0	8.0	3.0
034	2.0	3.0	1.0	1.0	4.0	11.0	2.0
035	1.0	4.0	0.0	3.0	1.3320000000000007	10.668	3.0
036	2.0	1.0	1.0	1.0	2.0	4.0	1.0
037	0.0	0.0	0.0	0.0	0.0	0.0	0.0
038	1.0	5.0	1.0	3.0	3.3340000000000005	11.666	3.0
039	1.0	0.0	0.0	0.0	1.0	2.0	0.0
040	2.0	0.0	2.0	0.0	2.0	4.0	2.0
041	2.0	1.0	1.0	1.0	2.668	6.332	2.0
042	0.0	1.0	0.0	1.0	0.3330000000000002	2.667	1.0
043	2.0	0.0	1.0	0.0	0.6660000000000004	5.334	1.0
044	3.0	0.0	1.0	0.0	3.0	6.0	1.0
045	3.0	1.0	2.0	1.0	4.4	7.6	3.0
046	4.0	2.0	3.0	1.0	1.6660000000000004	7.334	2.0
047	2.0	2.0	2.0	0.0	1.3320000000000007	10.668	2.0
048	3.0	1.0	1.0	1.0	2.668	6.332	1.0
049	2.0	1.0	2.0	1.0	1.6680000000000001	4.332	2.0
050	4.0	0.0	3.0	0.0	4.0	8.0	3.0
051	0.0	1.0	0.0	1.0	0.3330000000000002	2.667	1.0
052	1.0	3.0	0.0	3.0	2.6660000000000004	9.334	3.0
053	4.0	1.0	3.0	1.0	2.333	6.667	2.0
054	2.0	1.0	1.0	1.0	3.0	6.0	2.0
055	3.0	0.0	3.0	0.0	2.0040000000000004	6.9959999999999996	3.0
056	3.0	0.0	1.0	0.0	3.0	6.0	1.0
057	1.0	2.0	0.0	2.0	2.333	6.667	2.0
058	2.0	1.0	1.0	0.0	1.6680000000000001	4.332	1.0
059	3.0	0.0	2.0	0.0	0.9990000000000006	8.001	2.0
060	1.0	2.0	1.0	1.0	0.9990000000000006	8.001	2.0
061	2.0	3.0	2.0	2.0	1.9990000000000006	10.001	3.0
062	3.0	2.0	1.0	2.0	4.001	10.999	3.0
063	2.0	0.0	1.0	0.0	0.6660000000000004	5.334	1.0
064	2.0	2.0	2.0	1.0	2.668	6.332	2.0
065	1.0	0.0	0.0	0.0	0.6680000000000001	2.332	0.0
066	0.0	1.0	0.0	1.0	0.6680000000000001	2.332	1.0
067	3.0	1.0	3.0	1.0	1.3330000000000002	4.667	2.0
068	4.0	2.0	2.0	2.0	4.0	8.0	2.0
069	1.0	0.0	1.0	0.0	0.3330000000000002	2.667	1.0
070	3.0	4.0	2.0	2.0	3.0	6.0	2.0
071	1.0	1.0	1.0	1.0	2.0	4.0	2.0
072	2.0	0.0	2.0	0.0	2.0	4.0	2.0
073	4.0	1.0	2.0	1.0	5.068	9.932	3.0
074	2.0	0.0	1.0	0.0	0.6660000000000004	5.334	1.0
075	0.0	0.0	0.0	0.0	0.0	0.0	0.0
076	3.0	0.0	2.0	0.0	3.0	6.0	2.0
077	0.0	0.0	0.0	0.0	0.0	0.0	0.0
078	0.0	0.0	0.0	0.0	0.0	0.0	0.0
079	1.0	1.0	1.0	1.0	0.6660000000000004	5.334	2.0
080	5.0	0.0	3.0	0.0	4.8	7.199999999999999	2.0
081	0.0	0.0	0.0	0.0	0.0	0.0	0.0
082	2.0	0.0	2.0	0.0	2.0	4.0	2.0
083	1.0	3.0	0.0	1.0	1.3320000000000007	10.668	1.0
084	2.0	0.0	2.0	0.0	2.0	4.0	2.0
085	2.0	0.0	1.0	0.0	2.0	4.0	1.0
086	1.0	2.0	0.0	2.0	1.0010000000000003	4.999	1.0
087	1.0	1.0	1.0	1.0	0.6660000000000004	5.334	2.0
088	3.0	0.0	1.0	0.0	3.0	6.0	1.0
089	1.0	1.0	1.0	1.0	1.3330000000000002	4.667	2.0
090	1.0	4.0	1.0	4.0	1.9990000000000006	10.001	4.0
091	3.0	1.0	2.0	1.0	4.0	8.0	3.0
092	1.0	0.0	1.0	0.0	1.0	2.0	1.0
093	1.0	1.0	1.0	1.0	1.0	2.0	1.0
094	1.0	1.0	1.0	1.0	1.6680000000000001	4.332	2.0
095	0.0	0.0	0.0	0.0	0.0	0.0	0.0
096	2.0	0.0	2.0	0.0	2.0	4.0	2.0
097	3.0	0.0	2.0	0.0	0.9990000000000006	8.001	2.0
098	2.0	0.0	0.0	0.0	0.6660000000000004	5.334	0.0
099	2.0	0.0	1.0	0.0	0.6660000000000004	5.334	1.0
100	2.0	1.0	2.0	1.0	2.333	6.667	3.0
101	1.0	0.0	1.0	0.0	1.0	2.0	1.0
102	1.0	6.0	0.0	4.0	1.6670000000000007	10.332999999999998	3.0
103	2.0	0.0	1.0	0.0	2.0	4.0	1.0
104	2.0	0.0	2.0	0.0	2.0	4.0	2.0
105	2.0	1.0	1.0	1.0	0.9990000000000006	8.001	2.0
106	2.0	1.0	1.0	1.0	1.3330000000000002	4.667	1.0
107	0.0	0.0	0.0	0.0	0.0	0.0	0.0
108	2.0	2.0	2.0	2.0	4.0	8.0	4.0
109	2.0	4.0	1.0	3.0	5.0	10.0	3.0
110	2.0	0.0	2.0	0.0	2.0	4.0	2.0
111	2.0	4.0	2.0	3.0	3.333	8.667	3.0
112	3.0	3.0	2.0	2.0	4.0	8.0	3.0
113	1.0	4.0	0.0	2.0	3.6690000000000005	11.331	2.0
114	1.0	5.0	1.0	3.0	1.6660000000000004	7.334	2.0
115	3.0	0.0	1.0	0.0	2.0040000000000004	6.9959999999999996	1.0
116	2.0	0.0	1.0	0.0	2.0	4.0	1.0
117	1.0	0.0	0.0	0.0	0.3330000000000002	2.667	0.0
118	3.0	0.0	2.0	0.0	2.3360000000000003	6.664	2.0
119	1.0	1.0	1.0	0.0	1.6680000000000001	4.332	1.0
120	3.0	0.0	3.0	0.0	3.0	6.0	3.0
121	2.0	2.0	2.0	2.0	3.0	6.0	3.0
122	2.0	0.0	0.0	0.0	2.0	4.0	0.0
123	1.0	0.0	0.0	0.0	0.3330000000000002	2.667	0.0
124	3.0	0.0	2.0	0.0	3.0	6.0	2.0
125	1.0	3.0	0.0	2.0	3.0	6.0	2.0
126	2.0	0.0	1.0	0.0	2.0	4.0	1.0
127	0.0	0.0	0.0	0.0	0.0	0.0	0.0
128	0.0	0.0	0.0	0.0	0.0	0.0	0.0
129	1.0	2.0	0.0	1.0	0.9990000000000006	8.001	1.0
130	1.0	0.0	1.0	0.0	0.3330000000000002	2.667	1.0
131	0.0	1.0	0.0	0.0	0.3330000000000002	2.667	0.0
132	2.0	1.0	1.0	0.0	0.9990000000000006	8.001	1.0
133	0.0	0.0	0.0	0.0	0.0	0.0	0.0
134	1.0	4.0	1.0	0.0	1.9990000000000006	10.001	1.0
135	2.0	1.0	0.0	1.0	0.9990000000000006	8.001	1.0
136	2.0	1.0	1.0	1.0	2.333	6.667	2.0
137	0.0	0.0	0.0	0.0	0.0	0.0	0.0
138	2.0	1.0	0.0	0.0	3.0	6.0	0.0
139	1.0	0.0	0.0	0.0	1.0	2.0	0.0
140	1.0	0.0	1.0	0.0	1.0	2.0	1.0
141	2.0	0.0	0.0	0.0	0.6660000000000004	5.334	0.0
142	2.0	1.0	0.0	0.0	1.3330000000000002	4.667	0.0
143	2.0	2.0	1.0	0.0	1.3330000000000002	4.667	1.0
144	1.0	0.0	0.0	0.0	0.3330000000000002	2.667	0.0
145	1.0	2.0	1.0	2.0	1.0	2.0	1.0
146	5.0	0.0	2.0	0.0	3.736	8.264	2.0
147	1.0	0.0	0.0	0.0	0.3330000000000002	2.667	0.0
148	3.0	0.0	2.0	0.0	3.0	6.0	2.0
149	3.0	0.0	1.0	0.0	0.9990000000000006	8.001	1.0
150	2.0	4.0	1.0	4.0	2.6660000000000004	9.334	3.0
151	4.0	2.0	2.0	2.0	4.333	10.667	3.0
152	3.0	0.0	2.0	0.0	4.199999999999999	4.800000000000001	2.0
153	1.0	0.0	1.0	0.0	0.3330000000000002	2.667	1.0
154	1.0	0.0	0.0	0.0	1.0	2.0	0.0
155	1.0	1.0	1.0	1.0	2.0	4.0	2.0
156	1.0	0.0	0.0	0.0	0.3330000000000002	2.667	0.0
157	0.0	0.0	0.0	0.0	0.0	0.0	0.0
158	3.0	0.0	2.0	0.0	0.9990000000000006	8.001	2.0
159	3.0	0.0	1.0	0.0	0.9990000000000006	8.001	1.0
160	3.0	0.0	2.0	0.0	3.0	6.0	2.0
161	1.0	0.0	1.0	0.0	1.0	2.0	1.0
162	4.0	1.0	2.0	0.0	4.0040000000000004	10.995999999999999	2.0
163	4.0	0.0	2.0	0.0	4.0	8.0	2.0
164	1.0	3.0	0.0	3.0	0.9990000000000006	8.001	2.0
165	0.0	0.0	0.0	0.0	0.0	0.0	0.0
166	1.0	0.0	1.0	0.0	0.3330000000000002	2.667	1.0
167	1.0	0.0	0.0	0.0	1.0	2.0	0.0
168	3.0	0.0	2.0	0.0	3.0	6.0	2.0
169	2.0	2.0	2.0	2.0	3.0	6.0	3.0
170	1.0	2.0	1.0	2.0	1.6680000000000001	4.332	2.0
171	2.0	1.0	2.0	1.0	1.3330000000000002	4.667	2.0
172	1.0	0.0	1.0	0.0	1.0	2.0	1.0
173	3.0	0.0	2.0	0.0	3.0	6.0	2.0
174	2.0	3.0	2.0	2.0	2.6660000000000004	9.334	3.0
175	0.0	1.0	0.0	1.0	0.3330000000000002	2.667	1.0
176	2.0	1.0	2.0	1.0	2.3360000000000003	6.664	3.0
177	2.0	2.0	1.0	2.0	2.0	7.0	2.0
178	2.0	2.0	1.0	2.0	1.6660000000000004	7.334	2.0
179	1.0	3.0	0.0	2.0	0.9990000000000006	8.001	1.0
180	2.0	0.0	2.0	0.0	2.0	4.0	2.0
181	3.0	2.0	3.0	2.0	1.6680000000000001	4.332	2.0
182	2.0	2.0	1.0	1.0	2.0	4.0	1.0
183	3.0	0.0	2.0	0.0	3.4	5.6	2.0
184	0.0	0.0	0.0	0.0	0.0	0.0	0.0
185	1.0	1.0	0.0	1.0	2.0	4.0	1.0
186	2.0	0.0	2.0	0.0	0.6660000000000004	5.334	2.0
187	3.0	0.0	2.0	0.0	2.0040000000000004	6.9959999999999996	2.0
188	0.0	2.0	0.0	2.0	0.3330000000000002	2.667	1.0
189	1.0	0.0	0.0	0.0	1.0	2.0	0.0
190	1.0	0.0	0.0	0.0	1.0	2.0	0.0
191	3.0	0.0	1.0	0.0	3.0	6.0	1.0
192	1.0	0.0	1.0	0.0	0.3330000000000002	2.667	1.0
193	2.0	0.0	2.0	0.0	0.6660000000000004	5.334	2.0
194	3.0	0.0	2.0	0.0	3.0	6.0	2.0
195	2.0	0.0	2.0	0.0	2.0	4.0	2.0
196	0.0	2.0	0.0	2.0	1.0	2.0	1.0
197	2.0	3.0	1.0	2.0	3.6660000000000004	11.334	3.0
198	2.0	1.0	0.0	1.0	3.0	6.0	1.0
199	0.0	3.0	0.0	3.0	0.6680000000000001	2.332	1.0
200	0.0	5.0	0.0	2.0	2.3320000000000007	12.668	2.0
201	1.0	2.0	1.0	0.0	0.6680000000000001	8.332	1.0
202	2.0	0.0	1.0	0.0	2.8	3.2	1.0
203	2.0	2.0	0.0	2.0	1.6660000000000004	7.334	1.0
204	1.0	4.0	1.0	2.0	1.6660000000000004	7.334	1.0
205	1.0	2.0	0.0	2.0	1.6660000000000004	7.334	2.0
206	1.0	2.0	1.0	2.0	1.0010000000000003	4.999	2.0
207	1.0	1.0	0.0	1.0	0.6680000000000001	5.332	1.0
208	2.0	2.0	2.0	2.0	2.4	3.6	2.0
209	1.0	2.0	1.0	1.0	1.6660000000000004	7.334	2.0
210	3.0	0.0	2.0	0.0	3.0	6.0	2.0
211	1.0	2.0	1.0	2.0	2.0	4.0	2.0
212	2.0	2.0	1.0	1.0	3.668	8.332	2.0
213	1.0	0.0	1.0	0.0	1.0	2.0	1.0
214	2.0	0.0	1.0	0.0	2.0	4.0	1.0
215	2.0	0.0	1.0	0.0	1.3360000000000003	4.664	1.0
216	3.0	0.0	2.0	0.0	3.0	6.0	2.0
217	3.0	2.0	1.0	1.0	2.733	6.2669999999999995	1.0
218	3.0	0.0	2.0	0.0	3.0	6.0	2.0
219	3.0	0.0	3.0	0.0	3.0	6.0	3.0
220	1.0	0.0	1.0	0.0	1.0	2.0	1.0
221	3.0	0.0	3.0	0.0	3.0	6.0	3.0
222	3.0	0.0	2.0	0.0	3.4	5.6	2.0
223	1.0	0.0	0.0	0.0	0.3330000000000002	2.667	0.0
224	0.0	0.0	0.0	0.0	0.0	0.0	0.0
225	2.0	3.0	0.0	2.0	4.736000000000001	10.264	2.0
226	3.0	1.0	0.0	0.0	2.3360000000000003	6.664	0.0
227	4.0	3.0	2.0	3.0	5.0	10.0	3.0
228	2.0	0.0	0.0	0.0	2.0	4.0	0.0
229	3.0	0.0	2.0	0.0	3.4	5.6	2.0
230	1.0	1.0	1.0	1.0	1.0	2.0	1.0
231	1.0	1.0	1.0	1.0	0.6660000000000004	5.334	2.0
232	1.0	2.0	1.0	2.0	1.6660000000000004	7.334	3.0
233	1.0	0.0	0.0	0.0	1.0	2.0	0.0
234	2.0	1.0	2.0	1.0	1.0	2.0	1.0
235	1.0	2.0	0.0	2.0	0.6660000000000004	5.334	1.0
236	2.0	1.0	2.0	0.0	3.0	6.0	2.0
237	0.0	0.0	0.0	0.0	0.0	0.0	0.0
238	0.0	0.0	0.0	0.0	0.0	0.0	0.0
239	0.0	0.0	0.0	0.0	0.0	0.0	0.0
240	1.0	0.0	1.0	0.0	0.3330000000000002	2.667	1.0
241	2.0	1.0	0.0	1.0	1.6660000000000004	7.334	1.0
242	1.0	0.0	0.0	0.0	1.0	2.0	0.0
243	2.0	1.0	1.0	1.0	0.9990000000000006	8.001	2.0
244	0.0	0.0	0.0	0.0	0.0	0.0	0.0
245	2.0	0.0	0.0	0.0	2.0	4.0	0.0
246	1.0	0.0	1.0	0.0	1.0	2.0	1.0
247	1.0	3.0	1.0	3.0	1.9990000000000006	10.001	4.0
248	3.0	1.0	3.0	1.0	1.3360000000000003	4.664	2.0
249	1.0	0.0	0.0	0.0	1.0	2.0	0.0
250	2.0	3.0	1.0	2.0	2.3340000000000005	9.666	2.0
251	0.0	5.0	0.0	3.0	2.3320000000000007	12.668	3.0
252	3.0	0.0	1.0	0.0	3.068	5.932	1.0
253	2.0	0.0	2.0	0.0	2.0	4.0	2.0
254	2.0	0.0	1.0	0.0	2.0	4.0	1.0
255	1.0	0.0	0.0	0.0	0.3330000000000002	2.667	0.0
256	2.0	1.0	1.0	1.0	2.0	4.0	1.0
257	2.0	0.0	2.0	0.0	1.4	1.6	1.0
258	1.0	0.0	1.0	0.0	0.3330000000000002	2.667	1.0
259	0.0	1.0	0.0	1.0	0.3330000000000002	2.667	1.0
260	1.0	3.0	0.0	3.0	0.6660000000000004	8.334	2.0
261	2.0	2.0	1.0	2.0	1.3330000000000002	4.667	1.0
262	1.0	1.0	1.0	1.0	1.3330000000000002	4.667	2.0
263	3.0	1.0	2.0	1.0	3.0	6.0	2.0
264	2.0	1.0	0.0	1.0	2.333	6.667	1.0
265	2.0	1.0	1.0	1.0	2.0	4.0	1.0
266	0.0	2.0	0.0	2.0	0.3330000000000002	2.667	1.0
267	0.0	3.0	0.0	2.0	1.3330000000000002	4.667	1.0
268	1.0	2.0	1.0	1.0	1.6690000000000005	7.3309999999999995	2.0
269	3.0	0.0	2.0	0.0	2.668	6.332	2.0
270	1.0	0.0	1.0	0.0	0.6680000000000001	2.332	1.0
271	1.0	2.0	1.0	2.0	0.6660000000000004	5.334	2.0
272	1.0	0.0	1.0	0.0	0.3330000000000002	2.667	1.0
273	3.0	2.0	1.0	2.0	4.0	8.0	2.0
274	3.0	0.0	3.0	0.0	3.0	6.0	3.0
275	0.0	0.0	0.0	0.0	0.0	0.0	0.0
276	1.0	0.0	1.0	0.0	1.0	2.0	1.0
277	1.0	0.0	0.0	0.0	1.0	2.0	0.0
278	2.0	0.0	1.0	0.0	2.0	4.0	1.0
279	1.0	0.0	0.0	0.0	1.0	2.0	0.0
280	2.0	0.0	1.0	0.0	0.6660000000000004	5.334	1.0
281	1.0	1.0	1.0	1.0	1.0	2.0	1.0
282	3.0	1.0	3.0	1.0	2.668	6.332	3.0
283	1.0	0.0	1.0	0.0	0.6680000000000001	2.332	1.0
284	2.0	0.0	2.0	0.0	0.6660000000000004	5.334	2.0
285	4.0	0.0	1.0	0.0	4.0	8.0	1.0
286	3.0	0.0	1.0	0.0	3.0	6.0	1.0
287	1.0	0.0	1.0	0.0	1.0	2.0	1.0
288	2.0	0.0	0.0	0.0	2.068	3.932	0.0
289	2.0	4.0	0.0	4.0	1.9990000000000006	10.001	2.0
290	3.0	0.0	2.0	0.0	3.0	6.0	2.0
291	2.0	0.0	1.0	0.0	2.0	4.0	1.0
292	3.0	1.0	1.0	1.0	3.4	8.6	2.0
293	4.0	1.0	1.0	1.0	3.6690000000000005	11.331	2.0
294	3.0	0.0	3.0	0.0	3.0	6.0	3.0
295	2.0	0.0	1.0	0.0	2.0	4.0	1.0
296	2.0	1.0	2.0	1.0	0.6660000000000004	5.334	2.0
297	1.0	2.0	1.0	1.0	0.9990000000000006	8.001	2.0
298	2.0	2.0	0.0	1.0	3.0040000000000004	8.995999999999999	1.0
299	1.0	0.0	0.0	0.0	1.0	2.0	0.0
300	3.0	0.0	3.0	0.0	1.6680000000000001	4.332	2.0
301	1.0	0.0	0.0	0.0	1.0	2.0	0.0
302	0.0	2.0	0.0	2.0	0.3330000000000002	2.667	1.0
303	1.0	0.0	1.0	0.0	1.0	2.0	1.0
304	2.0	0.0	2.0	0.0	2.0	4.0	2.0
305	2.0	0.0	1.0	0.0	1.3360000000000003	4.664	1.0
306	0.0	2.0	0.0	0.0	1.0	2.0	0.0
307	1.0	0.0	1.0	0.0	0.3330000000000002	2.667	1.0
308	1.0	1.0	1.0	1.0	1.6680000000000001	4.332	2.0
309	3.0	0.0	2.0	0.0	3.0	6.0	2.0
310	2.0	1.0	1.0	1.0	2.0	4.0	1.0
311	0.0	0.0	0.0	0.0	0.0	0.0	0.0
312	0.0	2.0	0.0	1.0	0.6660000000000004	5.334	1.0
313	3.0	4.0	2.0	3.0	2.6660000000000004	9.334	3.0
314	0.0	1.0	0.0	1.0	0.3330000000000002	2.667	1.0
315	1.0	1.0	1.0	1.0	1.6680000000000001	4.332	2.0
316	1.0	0.0	0.0	0.0	1.0	2.0	0.0
317	0.0	2.0	0.0	2.0	0.3330000000000002	2.667	1.0
318	3.0	2.0	1.0	2.0	3.333	8.667	2.0
319	3.0	0.0	3.0	0.0	3.0	6.0	3.0
320	1.0	5.0	1.0	3.0	2.9990000000000006	12.001	4.0
321	2.0	1.0	1.0	1.0	0.9990000000000006	8.001	2.0
322	2.0	1.0	1.0	1.0	3.0	6.0	2.0
323	1.0	0.0	1.0	0.0	0.3330000000000002	2.667	1.0
324	1.0	5.0	1.0	4.0	2.6670000000000007	12.332999999999998	4.0
325	3.0	2.0	2.0	2.0	1.6660000000000004	7.334	2.0
326	1.0	1.0	1.0	1.0	0.6660000000000004	5.334	2.0
327	2.0	2.0	1.0	2.0	1.0010000000000003	4.999	1.0
328	3.0	0.0	1.0	0.0	2.3360000000000003	6.664	1.0
329	4.0	2.0	2.0	1.0	4.068	7.932	2.0
330	3.0	2.0	3.0	2.0	1.3340000000000005	7.6659999999999995	3.0
331	0.0	1.0	0.0	1.0	1.4	1.6	1.0
332	3.0	1.0	2.0	1.0	2.668	6.332	2.0
333	4.0	2.0	1.0	2.0	4.0	8.0	1.0
334	2.0	2.0	2.0	2.0	1.3340000000000005	7.6659999999999995	3.0
335	3.0	1.0	2.0	1.0	3.0	6.0	2.0
336	2.0	2.0	2.0	2.0	2.333	6.667	3.0
337	3.0	0.0	2.0	0.0	3.0	6.0	2.0
338	2.0	1.0	2.0	0.0	3.0	6.0	2.0
339	0.0	0.0	0.0	0.0	0.0	0.0	0.0
340	1.0	0.0	0.0	0.0	0.3330000000000002	2.667	0.0
341	2.0	1.0	2.0	0.0	3.0	6.0	2.0
342	1.0	1.0	1.0	0.0	0.6660000000000004	5.334	1.0
343	2.0	0.0	1.0	0.0	2.0	4.0	1.0
344	2.0	0.0	1.0	0.0	2.4	3.6	1.0
345	1.0	1.0	1.0	0.0	2.0	4.0	1.0
346	2.0	0.0	0.0	0.0	2.068	3.932	0.0
347	1.0	0.0	0.0	0.0	0.6680000000000001	2.332	0.0
348	2.0	0.0	2.0	0.0	0.6660000000000004	5.334	2.0
349	1.0	0.0	1.0	0.0	0.3330000000000002	2.667	1.0
350	1.0	1.0	1.0	0.0	1.3360000000000003	4.664	1.0
351	1.0	1.0	0.0	1.0	0.6660000000000004	5.334	1.0
352	1.0	1.0	0.0	0.0	0.6660000000000004	5.334	0.0
353	1.0	2.0	0.0	0.0	1.0	2.0	0.0
354	2.0	1.0	1.0	1.0	2.4	3.6	1.0
355	0.0	0.0	0.0	0.0	0.0	0.0	0.0
356	0.0	0.0	0.0	0.0	0.0	0.0	0.0
357	0.0	0.0	0.0	0.0	0.0	0.0	0.0
358	1.0	0.0	0.0	0.0	0.3330000000000002	2.667	0.0
359	2.0	0.0	1.0	0.0	0.6660000000000004	5.334	1.0
360	4.0	2.0	1.0	1.0	3.6660000000000004	11.334	2.0
361	2.0	0.0	2.0	0.0	1.3360000000000003	4.664	2.0
362	0.0	1.0	0.0	0.0	0.6680000000000001	2.332	0.0
363	2.0	0.0	0.0	0.0	2.0	4.0	0.0
364	2.0	0.0	0.0	0.0	1.0	2.0	0.0
365	2.0	5.0	1.0	2.0	2.998000000000001	18.002	3.0
366	0.0	2.0	0.0	0.0	0.6660000000000004	5.334	0.0
367	2.0	0.0	1.0	0.0	2.0	4.0	1.0
368	2.0	2.0	0.0	0.0	3.0	6.0	0.0
369	1.0	0.0	0.0	0.0	0.3330000000000002	2.667	0.0
370	1.0	0.0	0.0	0.0	1.0	2.0	0.0
371	1.0	0.0	0.0	0.0	0.3330000000000002	2.667	0.0
372	0.0	2.0	0.0	0.0	0.3330000000000002	2.667	0.0
373	4.0	0.0	2.0	0.0	4.136	7.863999999999999	2.0
374	1.0	0.0	1.0	0.0	0.3330000000000002	2.667	1.0
375	1.0	0.0	0.0	0.0	0.3330000000000002	2.667	0.0
376	0.0	1.0	0.0	0.0	0.3330000000000002	2.667	0.0
377	0.0	0.0	0.0	0.0	0.0	0.0	0.0
378	1.0	1.0	1.0	1.0	0.3330000000000002	2.667	1.0
379	0.0	0.0	0.0	0.0	0.0	0.0	0.0
380	2.0	0.0	2.0	0.0	0.6660000000000004	5.334	2.0
381	1.0	0.0	0.0	0.0	0.3330000000000002	2.667	0.0
382	2.0	1.0	2.0	1.0	2.668	6.332	3.0
383	1.0	0.0	0.0	0.0	0.6680000000000001	2.332	0.0
384	2.0	1.0	1.0	0.0	1.6660000000000004	7.334	1.0
385	2.0	2.0	1.0	1.0	1.6660000000000004	7.334	1.0
386	2.0	0.0	1.0	0.0	2.0	4.0	1.0
387	2.0	0.0	0.0	0.0	0.3330000000000002	2.667	0.0
