pos	Sd	Nd	Sd_tip	Nd_tip	S	N	comparisons
001	0.0	0.0	0.0	0.0	0.0	0.0	0.0
002	3.0	0.0	1.0	0.0	3.0	6.0	1.0
003	2.0	2.0	0.0	2.0	2.3990000000000005	9.600999999999999	2.0
004	1.0	0.0	1.0	0.0	1.0	2.0	1.0
005	1.0	1.0	1.0	1.0	0.6680000000000001	2.332	1.0
006	0.0	0.0	0.0	0.0	0.0	0.0	0.0
007	2.0	1.0	1.0	0.0	3.8	5.2	1.0
008	0.0	0.0	0.0	0.0	0.0	0.0	0.0
009	1.0	0.0	1.0	0.0	1.0	2.0	1.0
010	2.0	0.0	2.0	0.0	2.0	4.0	2.0
011	1.0	0.0	0.0	0.0	0.3330000000000002	2.667	0.0
012	0.0	0.0	0.0	0.0	0.0	0.0	0.0
013	0.0	0.0	0.0	0.0	0.0	0.0	0.0
014	1.0	0.0	0.0	0.0	0.6680000000000001	2.332	0.0
015	0.0	0.0	0.0	0.0	0.0	0.0	0.0
016	0.0	0.0	0.0	0.0	0.0	0.0	0.0
017	0.0	0.0	0.0	0.0	0.0	0.0	0.0
018	0.0	0.0	0.0	0.0	0.0	0.0	0.0
019	1.0	0.0	1.0	0.0	1.0	2.0	1.0
020	2.0	1.0	2.0	0.0	3.0	6.0	2.0
021	1.0	0.0	1.0	0.0	0.3330000000000002	2.667	1.0
022	2.0	0.0	1.0	0.0	0.6660000000000004	5.334	1.0
023	0.0	0.0	0.0	0.0	0.0	0.0	0.0
024	1.0	1.0	1.0	0.0	1.3330000000000002	4.667	1.0
025	1.0	0.0	0.0	0.0	1.0	2.0	0.0
026	0.0	0.0	0.0	0.0	0.0	0.0	0.0
027	0.0	0.0	0.0	0.0	0.0	0.0	0.0
028	1.0	0.0	0.0	0.0	1.0	2.0	0.0
029	1.0	0.0	0.0	0.0	1.0	2.0	0.0
030	0.0	0.0	0.0	0.0	0.0	0.0	0.0
031	2.0	0.0	2.0	0.0	2.0	4.0	2.0
032	1.0	0.0	1.0	0.0	1.0	2.0	1.0
033	0.0	0.0	0.0	0.0	0.0	0.0	0.0
034	0.0	0.0	0.0	0.0	0.0	0.0	0.0
035	0.0	2.0	0.0	2.0	1.0	2.0	1.0
036	2.0	1.0	2.0	1.0	0.9990000000000006	8.001	3.0
037	2.0	1.0	1.0	1.0	3.0	6.0	2.0
038	2.0	1.0	1.0	1.0	3.0	6.0	2.0
039	1.0	2.0	1.0	2.0	2.0	4.0	2.0
040	2.0	3.0	1.0	1.0	2.6660000000000004	9.334	1.0
041	0.0	2.0	0.0	1.0	0.6660000000000004	5.334	1.0
042	0.0	1.0	0.0	0.0	1.0	2.0	0.0
043	2.0	1.0	2.0	1.0	0.3330000000000002	2.667	1.0
044	1.0	2.0	1.0	2.0	1.0	2.0	1.0
045	1.0	3.0	1.0	3.0	2.0	4.0	2.0
046	1.0	0.0	0.0	0.0	0.3330000000000002	2.667	0.0
047	1.0	1.0	0.0	0.0	2.0	4.0	0.0
048	2.0	3.0	2.0	3.0	3.0	6.0	3.0
049	1.0	4.0	1.0	3.0	1.6660000000000004	7.334	2.0
050	2.0	2.0	2.0	1.0	3.0	6.0	2.0
051	2.0	4.0	1.0	2.0	6.0	12.0	3.0
052	0.0	2.0	0.0	2.0	1.0	2.0	1.0
053	2.0	1.0	1.0	1.0	2.0	4.0	1.0
054	1.0	3.0	1.0	3.0	1.3330000000000002	4.667	2.0
055	1.0	1.0	0.0	1.0	2.4	3.6	1.0
056	1.0	2.0	1.0	2.0	0.3330000000000002	2.667	1.0
057	1.0	3.0	1.0	2.0	2.733	6.2669999999999995	2.0
058	1.0	2.0	0.0	2.0	2.0	4.0	1.0
059	4.0	1.0	1.0	1.0	5.136	9.864	2.0
060	2.0	1.0	2.0	1.0	2.0	4.0	2.0
061	3.0	2.0	2.0	2.0	2.333	6.667	2.0
062	0.0	1.0	0.0	1.0	0.3330000000000002	2.667	1.0
063	1.0	0.0	1.0	0.0	0.6680000000000001	2.332	1.0
064	0.0	1.0	0.0	1.0	1.0	2.0	1.0
065	2.0	2.0	1.0	1.0	3.0	6.0	1.0
066	2.0	0.0	2.0	0.0	2.0	4.0	2.0
067	1.0	0.0	1.0	0.0	1.0	2.0	1.0
068	0.0	0.0	0.0	0.0	0.0	0.0	0.0
069	0.0	1.0	0.0	1.0	1.0	2.0	1.0
070	0.0	0.0	0.0	0.0	0.0	0.0	0.0
071	1.0	3.0	0.0	1.0	2.333	6.667	1.0
072	1.0	4.0	1.0	1.0	3.0	6.0	1.0
073	0.0	0.0	0.0	0.0	0.0	0.0	0.0
074	1.0	2.0	1.0	0.0	3.0	6.0	1.0
075	2.0	2.0	2.0	2.0	2.333	6.667	3.0
076	1.0	1.0	1.0	1.0	0.3330000000000002	2.667	1.0
077	1.0	0.0	1.0	0.0	1.0	2.0	1.0
078	2.0	1.0	1.0	0.0	3.0	6.0	1.0
079	0.0	1.0	0.0	1.0	1.0	2.0	1.0
080	1.0	1.0	1.0	1.0	0.6660000000000004	5.334	2.0
081	1.0	4.0	1.0	3.0	5.0	10.0	4.0
082	1.0	0.0	1.0	0.0	1.0	2.0	1.0
083	0.0	0.0	0.0	0.0	0.0	0.0	0.0
084	1.0	0.0	1.0	0.0	0.3330000000000002	2.667	1.0
085	0.0	0.0	0.0	0.0	0.0	0.0	0.0
086	1.0	0.0	1.0	0.0	1.0	2.0	1.0
087	2.0	0.0	1.0	0.0	2.0	4.0	1.0
088	0.0	0.0	0.0	0.0	0.0	0.0	0.0
089	2.0	0.0	1.0	0.0	0.6660000000000004	5.334	1.0
090	0.0	2.0	0.0	1.0	0.6660000000000004	5.334	1.0
091	0.0	0.0	0.0	0.0	0.0	0.0	0.0
092	1.0	0.0	1.0	0.0	1.0	2.0	1.0
093	1.0	2.0	1.0	0.0	1.3330000000000002	4.667	1.0
094	0.0	0.0	0.0	0.0	0.0	0.0	0.0
095	0.0	1.0	0.0	1.0	0.3330000000000002	2.667	1.0
096	0.0	1.0	0.0	1.0	1.0	2.0	1.0
097	1.0	2.0	0.0	1.0	0.9990000000000006	8.001	1.0
098	0.0	5.0	0.0	3.0	2.333	6.667	2.0
099	0.0	0.0	0.0	0.0	0.0	0.0	0.0
100	1.0	0.0	1.0	0.0	0.3330000000000002	2.667	1.0
101	3.0	1.0	2.0	0.0	4.468	7.532	2.0
102	1.0	3.0	0.0	3.0	1.9990000000000006	10.001	3.0
103	3.0	0.0	3.0	0.0	3.0	6.0	3.0
104	0.0	0.0	0.0	0.0	0.0	0.0	0.0
105	0.0	2.0	0.0	1.0	2.0	4.0	1.0
106	1.0	3.0	1.0	3.0	1.3330000000000002	4.667	2.0
107	0.0	0.0	0.0	0.0	0.0	0.0	0.0
108	1.0	0.0	0.0	0.0	1.0	2.0	0.0
109	1.0	0.0	0.0	0.0	1.0	2.0	0.0
110	0.0	0.0	0.0	0.0	0.0	0.0	0.0
111	0.0	0.0	0.0	0.0	0.0	0.0	0.0
112	2.0	0.0	1.0	0.0	2.4	3.6	1.0
113	1.0	1.0	1.0	1.0	1.3330000000000002	4.667	2.0
114	0.0	0.0	0.0	0.0	0.0	0.0	0.0
115	0.0	1.0	0.0	0.0	0.6680000000000001	2.332	0.0
116	1.0	5.0	1.0	2.0	3.733	8.267	2.0
117	0.0	0.0	0.0	0.0	0.0	0.0	0.0
118	3.0	3.0	2.0	0.0	3.6660000000000004	11.334	2.0
119	2.0	1.0	2.0	1.0	3.0	6.0	3.0
120	0.0	3.0	0.0	3.0	1.3330000000000002	4.667	2.0
121	2.0	1.0	1.0	0.0	3.0	6.0	1.0
122	1.0	2.0	1.0	1.0	3.0	6.0	2.0
123	3.0	0.0	2.0	0.0	3.0	6.0	2.0
124	1.0	0.0	0.0	0.0	0.3330000000000002	2.667	0.0
125	3.0	0.0	0.0	0.0	1.6680000000000001	4.332	0.0
126	0.0	1.0	0.0	1.0	0.6680000000000001	2.332	1.0
127	0.0	1.0	0.0	1.0	0.6680000000000001	2.332	1.0
128	3.0	1.0	2.0	1.0	3.668	8.332	3.0
129	2.0	0.0	1.0	0.0	2.0	4.0	1.0
130	2.0	0.0	2.0	0.0	0.6660000000000004	5.334	2.0
131	0.0	0.0	0.0	0.0	0.0	0.0	0.0
132	0.0	1.0	0.0	1.0	1.0	2.0	1.0
133	0.0	0.0	0.0	0.0	0.0	0.0	0.0
134	0.0	0.0	0.0	0.0	0.0	0.0	0.0
135	1.0	3.0	0.0	2.0	1.6680000000000001	7.332	2.0
136	0.0	1.0	0.0	1.0	1.0	2.0	1.0
137	0.0	1.0	0.0	1.0	0.3330000000000002	2.667	1.0
138	0.0	0.0	0.0	0.0	0.0	0.0	0.0
139	1.0	3.0	0.0	2.0	3.3360000000000003	8.664	2.0
140	0.0	5.0	0.0	3.0	3.6660000000000004	11.334	3.0
141	1.0	4.0	0.0	1.0	2.6660000000000004	9.334	1.0
142	1.0	0.0	1.0	0.0	1.0	2.0	1.0
143	1.0	1.0	0.0	1.0	2.0	4.0	1.0
144	2.0	1.0	2.0	1.0	1.6680000000000001	4.332	2.0
145	1.0	1.0	1.0	1.0	2.0	4.0	2.0
146	0.0	3.0	0.0	1.0	1.3330000000000002	4.667	1.0
147	0.0	0.0	0.0	0.0	0.0	0.0	0.0
148	3.0	0.0	2.0	0.0	3.0	6.0	2.0
149	0.0	0.0	0.0	0.0	0.0	0.0	0.0
150	0.0	0.0	0.0	0.0	0.0	0.0	0.0
151	0.0	0.0	0.0	0.0	0.0	0.0	0.0
152	1.0	4.0	1.0	2.0	3.333	8.667	2.0
153	1.0	3.0	1.0	1.0	0.9990000000000006	8.001	2.0
154	1.0	2.0	1.0	0.0	2.333	6.667	1.0
155	0.0	0.0	0.0	0.0	0.0	0.0	0.0
156	0.0	0.0	0.0	0.0	0.0	0.0	0.0
157	0.0	2.0	0.0	1.0	0.6660000000000004	5.334	1.0
158	0.0	3.0	0.0	2.0	0.9990000000000006	8.001	2.0
159	0.0	1.0	0.0	0.0	1.0	2.0	0.0
160	0.0	0.0	0.0	0.0	0.0	0.0	0.0
161	1.0	2.0	0.0	1.0	1.6660000000000004	7.334	1.0
162	0.0	2.0	0.0	1.0	1.3330000000000002	4.667	1.0
163	1.0	1.0	1.0	0.0	0.6660000000000004	5.334	1.0
164	0.0	1.0	0.0	1.0	1.0	2.0	1.0
165	0.0	0.0	0.0	0.0	0.0	0.0	0.0
166	2.0	2.0	2.0	2.0	2.333	6.667	3.0
167	2.0	3.0	1.0	2.0	4.0	8.0	2.0
168	0.0	3.0	0.0	3.0	0.9990000000000006	8.001	3.0
169	2.0	1.0	2.0	1.0	0.6660000000000004	5.334	2.0
170	2.0	0.0	1.0	0.0	2.0	4.0	1.0
171	3.0	3.0	3.0	1.0	3.6660000000000004	11.334	3.0
172	1.0	1.0	1.0	1.0	0.6680000000000001	2.332	1.0
173	1.0	1.0	1.0	1.0	2.0	4.0	2.0
174	0.0	0.0	0.0	0.0	0.0	0.0	0.0
175	1.0	2.0	1.0	2.0	3.0	6.0	3.0
176	2.0	1.0	2.0	1.0	2.0	4.0	2.0
177	1.0	2.0	0.0	2.0	1.3330000000000002	4.667	1.0
178	1.0	0.0	0.0	0.0	0.3330000000000002	2.667	0.0
179	0.0	4.0	0.0	3.0	3.0	9.0	3.0
180	1.0	1.0	1.0	1.0	1.3330000000000002	4.667	2.0
181	1.0	0.0	0.0	0.0	1.0	2.0	0.0
182	1.0	0.0	1.0	0.0	0.3330000000000002	2.667	1.0
183	0.0	0.0	0.0	0.0	0.0	0.0	0.0
184	2.0	1.0	2.0	0.0	3.0	6.0	2.0
185	2.0	0.0	2.0	0.0	2.0	4.0	2.0
186	0.0	0.0	0.0	0.0	0.0	0.0	0.0
187	1.0	1.0	1.0	0.0	1.3330000000000002	4.667	1.0
188	1.0	0.0	1.0	0.0	0.3330000000000002	2.667	1.0
189	1.0	1.0	1.0	0.0	2.0	4.0	1.0
190	2.0	3.0	2.0	2.0	3.6660000000000004	11.334	4.0
191	0.0	0.0	0.0	0.0	0.0	0.0	0.0
192	0.0	3.0	0.0	0.0	0.9990000000000006	8.001	0.0
193	0.0	1.0	0.0	0.0	0.3330000000000002	2.667	0.0
194	3.0	0.0	1.0	0.0	3.0	6.0	1.0
195	3.0	4.0	2.0	3.0	4.0	8.0	2.0
196	0.0	0.0	0.0	0.0	0.0	0.0	0.0
197	0.0	1.0	0.0	1.0	0.3330000000000002	2.667	1.0
198	1.0	3.0	1.0	2.0	3.736	8.264	3.0
199	1.0	1.0	1.0	1.0	2.0	4.0	2.0
200	3.0	0.0	3.0	0.0	3.0	6.0	3.0
201	0.0	1.0	0.0	0.0	1.0	2.0	0.0
202	0.0	0.0	0.0	0.0	0.0	0.0	0.0
203	0.0	0.0	0.0	0.0	0.0	0.0	0.0
204	1.0	0.0	1.0	0.0	1.0	2.0	1.0
205	0.0	2.0	0.0	2.0	2.068	3.932	2.0
206	2.0	0.0	1.0	0.0	2.0	4.0	1.0
207	0.0	0.0	0.0	0.0	0.0	0.0	0.0
208	2.0	0.0	1.0	0.0	2.0	4.0	1.0
209	2.0	0.0	0.0	0.0	2.0	4.0	0.0
210	2.0	3.0	1.0	2.0	3.4	8.6	3.0
211	2.0	4.0	2.0	3.0	2.3990000000000005	9.600999999999999	3.0
212	1.0	0.0	0.0	0.0	0.3330000000000002	2.667	0.0
213	3.0	2.0	2.0	1.0	5.0	10.0	3.0
214	2.0	0.0	1.0	0.0	2.0	4.0	1.0
215	0.0	6.0	0.0	5.0	3.6660000000000004	11.334	4.0
216	0.0	2.0	0.0	1.0	1.0010000000000003	4.999	1.0
217	0.0	2.0	0.0	1.0	1.3330000000000002	4.667	1.0
218	3.0	1.0	2.0	1.0	3.0	6.0	2.0
219	2.0	0.0	1.0	0.0	2.0	4.0	1.0
220	0.0	4.0	0.0	3.0	2.733	6.2669999999999995	2.0
221	1.0	3.0	1.0	1.0	2.6660000000000004	9.334	2.0
222	3.0	0.0	2.0	0.0	3.4	5.6	2.0
223	1.0	2.0	1.0	2.0	1.0	2.0	1.0
224	0.0	0.0	0.0	0.0	0.0	0.0	0.0
225	1.0	0.0	1.0	0.0	0.3330000000000002	2.667	1.0
226	1.0	0.0	1.0	0.0	0.3330000000000002	2.667	1.0
227	0.0	2.0	0.0	1.0	0.6660000000000004	5.334	1.0
228	0.0	6.0	0.0	3.0	2.6690000000000005	9.331	2.0
229	1.0	0.0	0.0	0.0	1.4	1.6	0.0
230	1.0	0.0	1.0	0.0	0.3330000000000002	2.667	1.0
231	3.0	4.0	2.0	2.0	3.3320000000000007	14.668	4.0
232	2.0	6.0	1.0	4.0	3.9990000000000006	14.001	3.0
233	0.0	1.0	0.0	1.0	1.0	2.0	1.0
234	0.0	2.0	0.0	2.0	2.0	4.0	2.0
235	0.0	4.0	0.0	2.0	2.6660000000000004	9.334	2.0
236	3.0	1.0	1.0	1.0	4.0	8.0	2.0
237	2.0	2.0	2.0	2.0	1.6660000000000004	7.334	3.0
238	1.0	0.0	1.0	0.0	1.0	2.0	1.0
239	2.0	0.0	0.0	0.0	2.0	4.0	0.0
240	1.0	3.0	1.0	3.0	2.333	6.667	3.0
241	0.0	3.0	0.0	3.0	2.333	6.667	3.0
242	2.0	2.0	0.0	2.0	2.333	6.667	1.0
243	2.0	1.0	2.0	1.0	2.0	4.0	2.0
244	2.0	2.0	1.0	0.0	3.668	8.332	1.0
245	0.0	0.0	0.0	0.0	0.0	0.0	0.0
246	2.0	0.0	1.0	0.0	2.0	4.0	1.0
247	0.0	1.0	0.0	1.0	1.0	2.0	1.0
248	2.0	4.0	1.0	1.0	2.6660000000000004	9.334	1.0
249	2.0	0.0	2.0	0.0	2.8	3.2	2.0
250	1.0	0.0	0.0	0.0	0.3330000000000002	2.667	0.0
251	2.0	0.0	1.0	0.0	2.068	3.932	1.0
252	2.0	0.0	1.0	0.0	0.6660000000000004	5.334	1.0
253	2.0	0.0	2.0	0.0	2.0	4.0	2.0
254	2.0	0.0	1.0	0.0	0.6660000000000004	5.334	1.0
255	0.0	0.0	0.0	0.0	0.0	0.0	0.0
256	3.0	0.0	2.0	0.0	2.668	6.332	2.0
257	1.0	0.0	1.0	0.0	0.3330000000000002	2.667	1.0
258	1.0	0.0	1.0	0.0	1.0	2.0	1.0
259	0.0	0.0	0.0	0.0	0.0	0.0	0.0
260	2.0	0.0	2.0	0.0	2.0	4.0	2.0
261	1.0	0.0	1.0	0.0	1.0	2.0	1.0
262	1.0	0.0	0.0	0.0	0.3330000000000002	2.667	0.0
263	0.0	1.0	0.0	1.0	0.3330000000000002	2.667	1.0
264	4.0	0.0	2.0	0.0	4.468	7.532	2.0
265	1.0	0.0	1.0	0.0	1.0	2.0	1.0
266	1.0	1.0	1.0	1.0	2.0	4.0	2.0
267	0.0	0.0	0.0	0.0	0.0	0.0	0.0
268	0.0	1.0	0.0	0.0	1.0	2.0	0.0
269	2.0	0.0	1.0	0.0	2.0	4.0	1.0
270	2.0	3.0	2.0	2.0	4.333	10.667	4.0
271	3.0	0.0	2.0	0.0	3.0	6.0	2.0
272	3.0	0.0	2.0	0.0	3.0	6.0	2.0
273	3.0	0.0	2.0	0.0	3.0	6.0	2.0
274	0.0	2.0	0.0	2.0	1.0	2.0	1.0
275	3.0	0.0	3.0	0.0	2.0	4.0	2.0
276	1.0	0.0	0.0	0.0	0.3330000000000002	2.667	0.0
277	1.0	0.0	0.0	0.0	1.0	2.0	0.0
278	1.0	1.0	1.0	1.0	1.6680000000000001	4.332	2.0
279	2.0	1.0	2.0	1.0	1.3330000000000002	4.667	2.0
280	3.0	1.0	3.0	1.0	3.0	6.0	3.0
281	3.0	0.0	2.0	0.0	3.0	6.0	2.0
282	1.0	0.0	0.0	0.0	1.0	2.0	0.0
283	1.0	1.0	0.0	0.0	1.6680000000000001	4.332	0.0
284	2.0	0.0	1.0	0.0	2.0	4.0	1.0
285	1.0	1.0	0.0	1.0	0.6660000000000004	5.334	1.0
286	1.0	0.0	1.0	0.0	0.3330000000000002	2.667	1.0
287	0.0	2.0	0.0	2.0	1.3330000000000002	4.667	2.0
288	1.0	1.0	0.0	1.0	1.6680000000000001	4.332	1.0
289	1.0	0.0	0.0	0.0	1.0	2.0	0.0
290	0.0	0.0	0.0	0.0	0.0	0.0	0.0
291	1.0	5.0	1.0	2.0	4.069000000000001	10.931000000000001	2.0
292	1.0	3.0	1.0	1.0	3.0660000000000003	8.934	2.0
293	2.0	0.0	1.0	0.0	1.3360000000000003	4.664	1.0
294	0.0	0.0	0.0	0.0	0.0	0.0	0.0
295	1.0	3.0	1.0	1.0	1.6690000000000005	7.3309999999999995	2.0
296	1.0	3.0	0.0	2.0	2.733	6.2669999999999995	2.0
297	0.0	0.0	0.0	0.0	0.0	0.0	0.0
298	0.0	1.0	0.0	1.0	0.3330000000000002	2.667	1.0
299	2.0	0.0	1.0	0.0	2.4	3.6	1.0
300	2.0	4.0	2.0	3.0	3.0010000000000003	8.998999999999999	3.0
301	2.0	2.0	1.0	2.0	2.333	6.667	2.0
302	4.0	0.0	3.0	0.0	2.668	6.332	2.0
303	1.0	0.0	0.0	0.0	0.6680000000000001	2.332	0.0
304	1.0	0.0	1.0	0.0	1.0	2.0	1.0
305	0.0	3.0	0.0	1.0	1.6660000000000004	7.334	1.0
306	2.0	0.0	2.0	0.0	2.0	4.0	2.0
307	2.0	0.0	1.0	0.0	0.6660000000000004	5.334	1.0
308	1.0	0.0	0.0	0.0	1.0	2.0	0.0
309	1.0	4.0	1.0	3.0	3.333	8.667	3.0
310	1.0	1.0	0.0	1.0	0.6660000000000004	5.334	1.0
311	0.0	2.0	0.0	2.0	2.0	4.0	2.0
312	0.0	1.0	0.0	1.0	0.3330000000000002	2.667	1.0
313	2.0	0.0	2.0	0.0	2.0	4.0	2.0
314	1.0	1.0	1.0	1.0	2.0	4.0	2.0
315	0.0	3.0	0.0	3.0	1.3330000000000002	4.667	2.0
316	4.0	0.0	3.0	0.0	4.0	8.0	3.0
317	2.0	2.0	2.0	1.0	3.3360000000000003	8.664	3.0
318	1.0	1.0	1.0	1.0	0.6660000000000004	5.334	2.0
319	3.0	0.0	1.0	0.0	3.0	6.0	1.0
320	1.0	2.0	1.0	2.0	2.668	6.332	3.0
321	1.0	0.0	1.0	0.0	0.3330000000000002	2.667	1.0
322	3.0	3.0	3.0	2.0	5.0	10.0	4.0
323	3.0	0.0	3.0	0.0	3.0	6.0	3.0
324	1.0	1.0	1.0	1.0	2.4	3.6	2.0
325	1.0	0.0	1.0	0.0	1.0	2.0	1.0
326	0.0	5.0	0.0	3.0	2.6660000000000004	9.334	2.0
327	0.0	4.0	0.0	2.0	2.0020000000000007	9.998	2.0
328	1.0	2.0	1.0	1.0	1.0	5.0	1.0
329	3.0	0.0	3.0	0.0	2.068	3.932	2.0
330	2.0	0.0	2.0	0.0	2.0	4.0	2.0
331	2.0	0.0	1.0	0.0	2.8	3.2	1.0
332	0.0	0.0	0.0	0.0	0.0	0.0	0.0
333	1.0	1.0	1.0	1.0	0.6660000000000004	5.334	2.0
334	1.0	2.0	1.0	1.0	2.0010000000000003	6.999	2.0
335	0.0	4.0	0.0	4.0	0.6660000000000004	5.334	2.0
336	2.0	2.0	1.0	0.0	2.4010000000000002	6.599	1.0
337	0.0	1.0	0.0	1.0	0.3330000000000002	2.667	1.0
338	0.0	2.0	0.0	0.0	0.3330000000000002	2.667	0.0
339	3.0	0.0	2.0	0.0	3.0	6.0	2.0
340	3.0	2.0	2.0	1.0	1.6670000000000007	10.332999999999998	2.0
341	2.0	4.0	1.0	3.0	4.333	10.667	3.0
342	2.0	0.0	1.0	0.0	0.6660000000000004	5.334	1.0
343	4.0	3.0	2.0	1.0	3.668	8.332	2.0
344	0.0	0.0	0.0	0.0	0.0	0.0	0.0
345	2.0	4.0	1.0	2.0	3.0010000000000003	8.998999999999999	2.0
346	1.0	1.0	1.0	1.0	1.3330000000000002	4.667	2.0
347	0.0	1.0	0.0	0.0	0.6680000000000001	2.332	0.0
348	2.0	4.0	2.0	3.0	4.001	10.998999999999999	4.0
349	1.0	2.0	1.0	1.0	0.9990000000000006	8.001	2.0
350	0.0	2.0	0.0	1.0	0.6680000000000001	5.332	1.0
351	0.0	0.0	0.0	0.0	0.0	0.0	0.0
352	0.0	2.0	0.0	2.0	1.0010000000000003	4.999	2.0
353	1.0	0.0	1.0	0.0	1.0	2.0	1.0
354	3.0	0.0	2.0	0.0	3.0	6.0	2.0
355	2.0	3.0	1.0	3.0	1.9990000000000006	10.001	3.0
356	0.0	3.0	0.0	0.0	1.6680000000000001	4.332	0.0
357	0.0	3.0	0.0	1.0	3.0	6.0	1.0
358	1.0	1.0	0.0	1.0	2.0	4.0	1.0
359	0.0	0.0	0.0	0.0	0.0	0.0	0.0
