all_syn	all_nonSyn	tip_syn	tip_nonSyn	S	N	comparisons
001	0.0	0.0	0.0	0.0	0.0	0.0	0.0
002	2.0	0.0	1.0	0.0	2.0	4.0	1.0
003	2.0	0.0	1.0	0.0	2.0	4.0	1.0
004	1.0	2.0	1.0	0.0	2.668	6.332	1.0
005	0.0	1.0	0.0	1.0	0.3330000000000002	2.667	1.0
006	1.0	1.0	0.0	0.0	0.6660000000000004	5.334	0.0
007	2.0	0.0	0.0	0.0	2.0	4.0	0.0
008	2.0	0.0	0.0	0.0	2.0	4.0	0.0
009	1.0	0.0	0.0	0.0	0.6680000000000001	2.332	0.0
010	3.0	1.0	1.0	0.0	1.3330000000000002	4.667	1.0
011	2.0	2.0	1.0	1.0	2.333	6.667	2.0
012	0.0	1.0	0.0	0.0	1.0	2.0	0.0
013	0.0	3.0	0.0	1.0	2.333	6.667	1.0
014	2.0	0.0	1.0	0.0	2.0	4.0	1.0
015	2.0	1.0	1.0	0.0	2.0	4.0	1.0
016	2.0	1.0	2.0	0.0	2.3360000000000003	6.664	2.0
017	0.0	1.0	0.0	1.0	0.3330000000000002	2.667	1.0
018	1.0	2.0	0.0	1.0	2.0	4.0	1.0
019	1.0	0.0	0.0	0.0	0.6680000000000001	2.332	0.0
020	2.0	1.0	1.0	1.0	0.9990000000000006	8.001	2.0
021	2.0	0.0	1.0	0.0	2.0	4.0	1.0
022	1.0	0.0	0.0	0.0	1.0	2.0	0.0
023	1.0	3.0	0.0	1.0	1.3330000000000002	4.667	1.0
024	1.0	2.0	1.0	1.0	1.733	4.2669999999999995	1.0
025	1.0	1.0	0.0	0.0	1.0	2.0	0.0
026	2.0	0.0	1.0	0.0	2.0	4.0	1.0
027	1.0	1.0	0.0	0.0	2.0	4.0	0.0
028	1.0	0.0	0.0	0.0	1.0	2.0	0.0
029	1.0	2.0	0.0	0.0	1.0	2.0	0.0
030	1.0	2.0	0.0	1.0	1.3330000000000002	4.667	1.0
031	0.0	0.0	0.0	0.0	0.0	0.0	0.0
032	1.0	4.0	0.0	2.0	1.3320000000000007	10.668	2.0
033	1.0	2.0	0.0	1.0	3.0	6.0	1.0
034	1.0	1.0	0.0	0.0	1.3330000000000002	4.667	0.0
035	1.0	0.0	0.0	0.0	0.3330000000000002	2.667	0.0
036	1.0	2.0	0.0	0.0	2.0	4.0	0.0
037	1.0	3.0	0.0	0.0	2.3340000000000005	9.666	0.0
038	2.0	1.0	0.0	0.0	2.3360000000000003	6.664	0.0
039	2.0	0.0	0.0	0.0	2.0	4.0	0.0
040	0.0	0.0	0.0	0.0	0.0	0.0	0.0
041	0.0	1.0	0.0	0.0	1.0	2.0	0.0
042	0.0	2.0	0.0	2.0	0.3330000000000002	2.667	1.0
043	2.0	0.0	1.0	0.0	0.6660000000000004	5.334	1.0
044	0.0	3.0	0.0	1.0	0.9990000000000006	8.001	1.0
045	2.0	1.0	1.0	1.0	2.0	4.0	1.0
046	2.0	0.0	1.0	0.0	2.0	4.0	1.0
047	2.0	0.0	1.0	0.0	2.4	3.6	1.0
048	2.0	1.0	2.0	0.0	0.9990000000000006	8.001	2.0
049	1.0	5.0	0.0	2.0	3.333	8.667	2.0
050	1.0	1.0	1.0	1.0	1.6680000000000001	4.332	2.0
051	0.0	2.0	0.0	0.0	2.0	4.0	0.0
052	0.0	0.0	0.0	0.0	0.0	0.0	0.0
053	2.0	1.0	1.0	0.0	3.0	6.0	1.0
054	1.0	2.0	0.0	1.0	0.9990000000000006	8.001	1.0
055	1.0	0.0	0.0	0.0	1.0	2.0	0.0
056	1.0	0.0	1.0	0.0	1.0	2.0	1.0
057	0.0	0.0	0.0	0.0	0.0	0.0	0.0
058	1.0	0.0	0.0	0.0	1.0	2.0	0.0
059	0.0	0.0	0.0	0.0	0.0	0.0	0.0
060	1.0	1.0	0.0	0.0	1.6680000000000001	4.332	0.0
061	1.0	0.0	1.0	0.0	1.4	1.6	1.0
062	1.0	0.0	1.0	0.0	1.0	2.0	1.0
063	1.0	0.0	1.0	0.0	1.0	2.0	1.0
064	2.0	2.0	1.0	1.0	2.0	4.0	1.0
065	0.0	1.0	0.0	1.0	1.0	2.0	1.0
066	1.0	1.0	0.0	1.0	2.0	4.0	1.0
067	1.0	0.0	0.0	0.0	1.0	2.0	0.0
068	0.0	0.0	0.0	0.0	0.0	0.0	0.0
069	1.0	2.0	1.0	1.0	0.9990000000000006	8.001	2.0
070	1.0	1.0	1.0	0.0	2.0	4.0	1.0
071	0.0	0.0	0.0	0.0	0.0	0.0	0.0
072	0.0	0.0	0.0	0.0	0.0	0.0	0.0
073	2.0	0.0	1.0	0.0	0.6660000000000004	5.334	1.0
074	0.0	1.0	0.0	1.0	0.3330000000000002	2.667	1.0
075	2.0	0.0	1.0	0.0	2.0	4.0	1.0
076	1.0	0.0	0.0	0.0	0.3330000000000002	2.667	0.0
077	0.0	0.0	0.0	0.0	0.0	0.0	0.0
078	1.0	0.0	0.0	0.0	0.3330000000000002	2.667	0.0
079	2.0	2.0	1.0	0.0	3.068	5.932	1.0
080	0.0	2.0	0.0	1.0	2.0	4.0	1.0
081	2.0	0.0	1.0	0.0	2.0	4.0	1.0
082	0.0	0.0	0.0	0.0	0.0	0.0	0.0
083	1.0	3.0	0.0	1.0	1.3320000000000007	10.668	1.0
084	0.0	0.0	0.0	0.0	0.0	0.0	0.0
085	3.0	0.0	1.0	0.0	2.4	3.6	1.0
086	0.0	0.0	0.0	0.0	0.0	0.0	0.0
087	2.0	1.0	1.0	1.0	2.0	4.0	1.0
088	2.0	0.0	1.0	0.0	2.0	4.0	1.0
089	1.0	0.0	0.0	0.0	1.0	2.0	0.0
090	2.0	0.0	1.0	0.0	2.0	4.0	1.0
091	2.0	0.0	1.0	0.0	2.0	4.0	1.0
092	2.0	0.0	1.0	0.0	2.4	3.6	1.0
093	0.0	2.0	0.0	0.0	1.3330000000000002	4.667	0.0
094	1.0	1.0	0.0	0.0	2.0	4.0	0.0
095	1.0	2.0	1.0	1.0	2.0	4.0	1.0
096	1.0	0.0	1.0	0.0	0.3330000000000002	2.667	1.0
097	1.0	0.0	0.0	0.0	1.0	2.0	0.0
098	1.0	2.0	0.0	1.0	3.0	6.0	1.0
099	3.0	0.0	1.0	0.0	3.0	6.0	1.0
100	1.0	0.0	0.0	0.0	1.0	2.0	0.0
101	1.0	1.0	0.0	0.0	1.0	2.0	0.0
102	2.0	2.0	0.0	0.0	1.3330000000000002	4.667	0.0
103	2.0	1.0	1.0	0.0	2.3360000000000003	6.664	1.0
104	0.0	0.0	0.0	0.0	0.0	0.0	0.0
105	0.0	0.0	0.0	0.0	0.0	0.0	0.0
106	2.0	0.0	1.0	0.0	2.0	4.0	1.0
107	1.0	0.0	1.0	0.0	0.3330000000000002	2.667	1.0
108	2.0	1.0	2.0	1.0	2.668	6.332	3.0
109	2.0	3.0	1.0	2.0	3.0010000000000003	8.998999999999999	3.0
110	1.0	1.0	1.0	1.0	1.6680000000000001	4.332	2.0
111	4.0	1.0	2.0	1.0	5.0	10.0	3.0
112	0.0	4.0	0.0	1.0	2.333	6.667	1.0
113	2.0	2.0	1.0	0.0	1.6660000000000004	7.334	1.0
114	2.0	3.0	1.0	1.0	2.6660000000000004	9.334	2.0
115	0.0	3.0	0.0	2.0	2.333	6.667	2.0
116	2.0	3.0	1.0	2.0	1.9990000000000006	10.001	3.0
117	1.0	1.0	1.0	1.0	0.6660000000000004	5.334	2.0
118	0.0	2.0	0.0	2.0	1.0	2.0	1.0
119	1.0	0.0	1.0	0.0	1.4	1.6	1.0
120	2.0	0.0	2.0	0.0	2.0	4.0	2.0
121	2.0	2.0	1.0	1.0	4.0	8.0	2.0
122	2.0	0.0	2.0	0.0	0.6660000000000004	5.334	2.0
123	0.0	0.0	0.0	0.0	0.0	0.0	0.0
124	2.0	0.0	1.0	0.0	2.0	4.0	1.0
125	3.0	0.0	3.0	0.0	0.9990000000000006	8.001	3.0
126	5.0	0.0	3.0	0.0	4.736000000000001	10.264	3.0
127	3.0	0.0	1.0	0.0	3.0	6.0	1.0
128	3.0	0.0	2.0	0.0	3.0	6.0	2.0
129	2.0	0.0	1.0	0.0	2.0	4.0	1.0
130	2.0	0.0	2.0	0.0	2.0	4.0	2.0
131	2.0	3.0	1.0	2.0	3.333	8.667	3.0
132	0.0	0.0	0.0	0.0	0.0	0.0	0.0
133	2.0	2.0	1.0	2.0	1.3330000000000002	4.667	1.0
134	0.0	0.0	0.0	0.0	0.0	0.0	0.0
135	3.0	0.0	2.0	0.0	3.0	6.0	2.0
136	2.0	0.0	0.0	0.0	2.0	4.0	0.0
137	1.0	1.0	1.0	1.0	0.6660000000000004	5.334	2.0
138	2.0	0.0	0.0	0.0	2.0	4.0	0.0
139	2.0	0.0	1.0	0.0	0.6660000000000004	5.334	1.0
140	3.0	4.0	2.0	3.0	5.668	12.332	4.0
141	3.0	2.0	1.0	2.0	4.4	7.6	2.0
142	2.0	1.0	1.0	1.0	3.0	6.0	2.0
143	1.0	1.0	0.0	0.0	1.0	2.0	0.0
144	0.0	1.0	0.0	1.0	0.3330000000000002	2.667	1.0
145	1.0	1.0	1.0	0.0	2.0	4.0	1.0
146	1.0	1.0	1.0	0.0	1.3360000000000003	4.664	1.0
147	2.0	3.0	1.0	2.0	3.736	8.264	2.0
148	0.0	0.0	0.0	0.0	0.0	0.0	0.0
149	1.0	0.0	0.0	0.0	0.3330000000000002	2.667	0.0
150	3.0	0.0	2.0	0.0	3.0	6.0	2.0
151	1.0	0.0	0.0	0.0	0.3330000000000002	2.667	0.0
152	2.0	0.0	1.0	0.0	2.0	4.0	1.0
153	2.0	1.0	1.0	1.0	2.333	6.667	2.0
154	1.0	4.0	1.0	3.0	2.668	6.332	2.0
155	0.0	5.0	0.0	3.0	2.9990000000000006	12.001	3.0
156	2.0	1.0	1.0	1.0	1.3330000000000002	4.667	1.0
157	1.0	2.0	1.0	1.0	3.0	6.0	2.0
158	1.0	0.0	0.0	0.0	1.0	2.0	0.0
159	2.0	0.0	2.0	0.0	2.0	4.0	2.0
160	0.0	1.0	0.0	1.0	0.3330000000000002	2.667	1.0
161	1.0	0.0	1.0	0.0	1.0	2.0	1.0
162	1.0	1.0	1.0	1.0	1.4	1.6	1.0
163	0.0	2.0	0.0	0.0	0.3330000000000002	2.667	0.0
164	0.0	3.0	0.0	3.0	1.733	4.2669999999999995	2.0
165	3.0	0.0	2.0	0.0	3.0	6.0	2.0
166	2.0	2.0	2.0	2.0	3.0	6.0	3.0
167	2.0	0.0	1.0	0.0	2.0	4.0	1.0
168	3.0	1.0	2.0	1.0	1.6690000000000005	7.3309999999999995	2.0
169	0.0	0.0	0.0	0.0	0.0	0.0	0.0
170	2.0	1.0	1.0	1.0	3.0	6.0	2.0
171	1.0	1.0	1.0	0.0	0.6660000000000004	5.334	1.0
172	2.0	3.0	1.0	2.0	3.0	6.0	2.0
173	1.0	1.0	1.0	1.0	0.6680000000000001	2.332	1.0
174	3.0	1.0	3.0	1.0	3.0	6.0	3.0
175	3.0	2.0	1.0	1.0	4.333	10.667	2.0
176	3.0	1.0	2.0	1.0	3.0	6.0	2.0
177	0.0	0.0	0.0	0.0	0.0	0.0	0.0
178	1.0	1.0	1.0	1.0	0.3330000000000002	2.667	1.0
179	2.0	0.0	2.0	0.0	2.0	4.0	2.0
180	1.0	0.0	0.0	0.0	1.0	2.0	0.0
181	0.0	0.0	0.0	0.0	0.0	0.0	0.0
182	0.0	0.0	0.0	0.0	0.0	0.0	0.0
183	0.0	0.0	0.0	0.0	0.0	0.0	0.0
184	0.0	0.0	0.0	0.0	0.0	0.0	0.0
185	2.0	0.0	1.0	0.0	2.0	4.0	1.0
186	0.0	0.0	0.0	0.0	0.0	0.0	0.0
187	1.0	0.0	1.0	0.0	0.3330000000000002	2.667	1.0
188	2.0	2.0	1.0	2.0	4.0	8.0	3.0
189	3.0	1.0	2.0	1.0	4.0	8.0	3.0
190	2.0	1.0	1.0	0.0	1.6680000000000001	4.332	1.0
191	2.0	0.0	2.0	0.0	2.0	4.0	2.0
192	1.0	1.0	1.0	0.0	2.0	4.0	1.0
193	1.0	0.0	1.0	0.0	1.0	2.0	1.0
194	3.0	1.0	2.0	1.0	1.6660000000000004	7.334	2.0
195	1.0	3.0	1.0	3.0	2.6660000000000004	9.334	4.0
196	1.0	0.0	0.0	0.0	1.0	2.0	0.0
197	1.0	2.0	0.0	1.0	1.6680000000000001	7.332	1.0
198	0.0	0.0	0.0	0.0	0.0	0.0	0.0
199	1.0	0.0	1.0	0.0	0.3330000000000002	2.667	1.0
200	2.0	0.0	1.0	0.0	2.0	4.0	1.0
201	1.0	0.0	0.0	0.0	0.3330000000000002	2.667	0.0
202	2.0	0.0	1.0	0.0	2.0	4.0	1.0
203	1.0	0.0	1.0	0.0	0.3330000000000002	2.667	1.0
204	2.0	0.0	1.0	0.0	0.6660000000000004	5.334	1.0
205	3.0	0.0	3.0	0.0	3.0	6.0	3.0
206	2.0	1.0	1.0	1.0	0.9990000000000006	8.001	2.0
207	2.0	0.0	2.0	0.0	0.6660000000000004	5.334	2.0
208	0.0	3.0	0.0	2.0	2.4	3.6	1.0
209	1.0	1.0	1.0	0.0	0.6660000000000004	5.334	1.0
210	2.0	0.0	0.0	0.0	0.6660000000000004	5.334	0.0
211	1.0	0.0	0.0	0.0	0.6680000000000001	2.332	0.0
212	2.0	2.0	2.0	2.0	2.333	6.667	3.0
213	0.0	1.0	0.0	1.0	1.0	2.0	1.0
214	0.0	0.0	0.0	0.0	0.0	0.0	0.0
215	0.0	0.0	0.0	0.0	0.0	0.0	0.0
216	2.0	0.0	1.0	0.0	2.8	3.2	1.0
217	0.0	0.0	0.0	0.0	0.0	0.0	0.0
218	2.0	0.0	1.0	0.0	2.0	4.0	1.0
219	0.0	4.0	0.0	2.0	1.3330000000000002	7.667	2.0
220	2.0	1.0	0.0	0.0	1.6680000000000001	4.332	0.0
221	1.0	0.0	1.0	0.0	0.3330000000000002	2.667	1.0
222	2.0	1.0	1.0	1.0	1.6680000000000001	7.332	2.0
223	2.0	1.0	1.0	0.0	0.6660000000000004	5.334	1.0
224	2.0	0.0	1.0	0.0	0.6660000000000004	5.334	1.0
225	3.0	2.0	3.0	0.0	2.6660000000000004	9.334	3.0
226	1.0	2.0	1.0	1.0	2.0	4.0	1.0
227	3.0	1.0	2.0	1.0	4.0	8.0	3.0
228	1.0	1.0	1.0	0.0	1.6680000000000001	4.332	1.0
229	2.0	0.0	2.0	0.0	0.6660000000000004	5.334	2.0
230	2.0	0.0	2.0	0.0	2.0	4.0	2.0
231	1.0	0.0	1.0	0.0	1.0	2.0	1.0
232	1.0	0.0	1.0	0.0	1.0	2.0	1.0
233	1.0	1.0	1.0	1.0	1.0	2.0	1.0
234	3.0	0.0	3.0	0.0	3.0	6.0	3.0
235	2.0	0.0	2.0	0.0	0.6660000000000004	5.334	2.0
236	2.0	0.0	1.0	0.0	2.0	4.0	1.0
237	1.0	0.0	0.0	0.0	0.3330000000000002	2.667	0.0
238	3.0	2.0	2.0	2.0	4.0	8.0	3.0
239	3.0	0.0	2.0	0.0	2.668	6.332	2.0
240	3.0	0.0	3.0	0.0	3.0	6.0	3.0
241	3.0	1.0	2.0	1.0	3.333	8.667	3.0
242	2.0	0.0	2.0	0.0	2.0	4.0	2.0
243	2.0	0.0	1.0	0.0	1.3360000000000003	4.664	1.0
244	2.0	0.0	1.0	0.0	2.0	4.0	1.0
245	0.0	3.0	0.0	2.0	1.6680000000000001	7.332	2.0
246	2.0	0.0	2.0	0.0	0.6660000000000004	5.334	2.0
247	1.0	1.0	0.0	1.0	0.6660000000000004	5.334	1.0
248	1.0	2.0	0.0	1.0	2.0	4.0	1.0
249	1.0	1.0	1.0	1.0	1.3330000000000002	4.667	2.0
250	1.0	0.0	1.0	0.0	1.0	2.0	1.0
251	0.0	0.0	0.0	0.0	0.0	0.0	0.0
252	2.0	1.0	2.0	1.0	3.468	5.532	3.0
253	2.0	0.0	1.0	0.0	0.6660000000000004	5.334	1.0
254	1.0	2.0	1.0	2.0	1.3360000000000003	4.664	2.0
255	0.0	1.0	0.0	1.0	1.0	2.0	1.0
256	1.0	0.0	1.0	0.0	0.3330000000000002	2.667	1.0
257	1.0	3.0	1.0	3.0	1.3330000000000002	4.667	2.0
258	1.0	0.0	1.0	0.0	1.0	2.0	1.0
259	3.0	0.0	2.0	0.0	3.0	6.0	2.0
260	1.0	0.0	1.0	0.0	1.0	2.0	1.0
261	3.0	1.0	1.0	0.0	2.333	6.667	1.0
262	2.0	2.0	1.0	2.0	2.668	6.332	2.0
263	2.0	0.0	2.0	0.0	0.6660000000000004	5.334	2.0
264	1.0	0.0	1.0	0.0	1.0	2.0	1.0
265	1.0	0.0	1.0	0.0	0.3330000000000002	2.667	1.0
266	3.0	0.0	2.0	0.0	2.668	6.332	2.0
267	1.0	0.0	0.0	0.0	0.3330000000000002	2.667	0.0
268	0.0	0.0	0.0	0.0	0.0	0.0	0.0
269	1.0	2.0	1.0	2.0	1.3330000000000002	4.667	2.0
270	1.0	1.0	1.0	1.0	0.3330000000000002	2.667	1.0
271	1.0	0.0	0.0	0.0	1.0	2.0	0.0
272	1.0	0.0	0.0	0.0	0.6680000000000001	2.332	0.0
273	2.0	0.0	1.0	0.0	0.6660000000000004	5.334	1.0
274	1.0	0.0	1.0	0.0	0.6680000000000001	2.332	1.0
275	0.0	0.0	0.0	0.0	0.0	0.0	0.0
276	1.0	0.0	0.0	0.0	1.0	2.0	0.0
277	1.0	0.0	0.0	0.0	0.3330000000000002	2.667	0.0
278	0.0	0.0	0.0	0.0	0.0	0.0	0.0
279	1.0	2.0	1.0	1.0	1.3360000000000003	7.664	2.0
280	0.0	0.0	0.0	0.0	0.0	0.0	0.0
281	2.0	0.0	1.0	0.0	0.6660000000000004	5.334	1.0
282	3.0	0.0	1.0	0.0	1.6680000000000001	4.332	1.0
283	3.0	2.0	1.0	2.0	3.333	8.667	2.0
284	1.0	2.0	1.0	2.0	1.6660000000000004	7.334	3.0
285	1.0	0.0	0.0	0.0	1.0	2.0	0.0
286	1.0	1.0	0.0	0.0	1.6680000000000001	4.332	0.0
287	1.0	0.0	0.0	0.0	0.3330000000000002	2.667	0.0
288	3.0	0.0	1.0	0.0	3.068	5.932	1.0
289	2.0	2.0	1.0	0.0	3.668	8.332	1.0
290	1.0	0.0	1.0	0.0	0.3330000000000002	2.667	1.0
291	1.0	1.0	1.0	0.0	1.0010000000000003	4.999	1.0
292	1.0	0.0	0.0	0.0	1.0	2.0	0.0
293	0.0	2.0	0.0	1.0	1.6680000000000001	4.332	1.0
294	1.0	0.0	0.0	0.0	0.3330000000000002	2.667	0.0
295	1.0	0.0	0.0	0.0	1.0	2.0	0.0
296	3.0	0.0	2.0	0.0	3.8	5.2	2.0
297	1.0	0.0	1.0	0.0	1.0	2.0	1.0
298	3.0	0.0	2.0	0.0	1.6680000000000001	4.332	1.0
299	0.0	0.0	0.0	0.0	0.0	0.0	0.0
300	0.0	0.0	0.0	0.0	0.0	0.0	0.0
301	1.0	1.0	0.0	0.0	1.0	2.0	0.0
302	1.0	0.0	1.0	0.0	1.0	2.0	1.0
303	1.0	1.0	0.0	0.0	1.0	2.0	0.0
304	1.0	0.0	0.0	0.0	0.3330000000000002	2.667	0.0
305	1.0	0.0	1.0	0.0	1.0	2.0	1.0
306	0.0	0.0	0.0	0.0	0.0	0.0	0.0
307	2.0	0.0	1.0	0.0	0.6660000000000004	5.334	1.0
308	0.0	0.0	0.0	0.0	0.0	0.0	0.0
309	1.0	1.0	1.0	1.0	0.3330000000000002	2.667	1.0
310	1.0	0.0	0.0	0.0	1.0	2.0	0.0
311	1.0	0.0	1.0	0.0	0.3330000000000002	2.667	1.0
312	2.0	0.0	0.0	0.0	2.0	4.0	0.0
313	0.0	0.0	0.0	0.0	0.0	0.0	0.0
314	3.0	0.0	1.0	0.0	3.0	6.0	1.0
315	1.0	0.0	0.0	0.0	1.0	2.0	0.0
316	1.0	0.0	1.0	0.0	0.3330000000000002	2.667	1.0
317	1.0	0.0	0.0	0.0	1.0	2.0	0.0
318	2.0	0.0	1.0	0.0	0.6660000000000004	5.334	1.0
319	1.0	0.0	0.0	0.0	1.0	2.0	0.0
320	1.0	1.0	0.0	0.0	1.3360000000000003	4.664	0.0
321	0.0	0.0	0.0	0.0	0.0	0.0	0.0
322	0.0	0.0	0.0	0.0	0.0	0.0	0.0
323	0.0	0.0	0.0	0.0	0.0	0.0	0.0
324	2.0	0.0	1.0	0.0	0.6660000000000004	5.334	1.0
325	0.0	1.0	0.0	0.0	0.3330000000000002	2.667	0.0
326	0.0	1.0	0.0	0.0	0.3330000000000002	2.667	0.0
327	2.0	0.0	1.0	0.0	2.0	4.0	1.0
328	1.0	0.0	0.0	0.0	1.0	2.0	0.0
329	2.0	0.0	1.0	0.0	2.068	3.932	1.0
330	2.0	0.0	1.0	0.0	2.0	4.0	1.0
331	0.0	0.0	0.0	0.0	0.0	0.0	0.0
332	0.0	1.0	0.0	0.0	0.6680000000000001	2.332	0.0
333	2.0	0.0	2.0	0.0	1.3360000000000003	4.664	2.0
334	1.0	1.0	1.0	0.0	0.6660000000000004	5.334	1.0
335	0.0	0.0	0.0	0.0	0.0	0.0	0.0
336	1.0	1.0	1.0	0.0	2.0	4.0	1.0
337	1.0	0.0	1.0	0.0	1.0	2.0	1.0
338	2.0	2.0	1.0	1.0	2.6660000000000004	9.334	2.0
339	1.0	1.0	0.0	1.0	2.0	4.0	1.0
340	2.0	1.0	2.0	1.0	3.8	5.2	3.0
341	1.0	1.0	0.0	1.0	1.0010000000000003	4.999	1.0
342	1.0	1.0	0.0	1.0	1.3330000000000002	4.667	1.0
343	1.0	2.0	1.0	2.0	0.6680000000000001	2.332	1.0
344	0.0	1.0	0.0	1.0	1.0	2.0	1.0
345	0.0	2.0	0.0	2.0	1.0	2.0	1.0
346	0.0	3.0	0.0	2.0	1.3330000000000002	4.667	1.0
347	2.0	2.0	1.0	2.0	1.6660000000000004	7.334	2.0
348	0.0	5.0	0.0	3.0	2.0660000000000003	6.933999999999999	2.0
349	0.0	4.0	0.0	3.0	1.0010000000000003	4.999	1.0
350	2.0	1.0	2.0	1.0	2.4	3.6	2.0
351	0.0	2.0	0.0	2.0	0.6680000000000001	2.332	1.0
352	0.0	1.0	0.0	0.0	1.0	2.0	0.0
353	0.0	0.0	0.0	0.0	0.0	0.0	0.0
354	1.0	0.0	0.0	0.0	1.0	2.0	0.0
355	0.0	1.0	0.0	0.0	1.0	2.0	0.0
356	1.0	0.0	1.0	0.0	0.3330000000000002	2.667	1.0
357	0.0	0.0	0.0	0.0	0.0	0.0	0.0
358	2.0	0.0	1.0	0.0	2.068	3.932	1.0
359	0.0	0.0	0.0	0.0	0.0	0.0	0.0
360	0.0	1.0	0.0	0.0	0.6680000000000001	2.332	0.0
361	0.0	0.0	0.0	0.0	0.0	0.0	0.0
362	1.0	0.0	0.0	0.0	0.3330000000000002	2.667	0.0
363	0.0	0.0	0.0	0.0	0.0	0.0	0.0
364	0.0	0.0	0.0	0.0	0.0	0.0	0.0
365	1.0	1.0	0.0	0.0	1.0	2.0	0.0
366	1.0	1.0	1.0	0.0	1.0010000000000003	4.999	1.0
367	1.0	1.0	0.0	0.0	1.3330000000000002	4.667	0.0
368	0.0	1.0	0.0	0.0	0.6680000000000001	2.332	0.0
369	0.0	1.0	0.0	0.0	0.3330000000000002	2.667	0.0
370	0.0	1.0	0.0	0.0	0.3330000000000002	2.667	0.0
371	1.0	0.0	0.0	0.0	1.0	2.0	0.0
372	1.0	1.0	0.0	0.0	1.6680000000000001	4.332	0.0
373	0.0	0.0	0.0	0.0	0.0	0.0	0.0
374	0.0	0.0	0.0	0.0	0.0	0.0	0.0
375	0.0	0.0	0.0	0.0	0.0	0.0	0.0
376	1.0	0.0	0.0	0.0	1.0	2.0	0.0
377	1.0	0.0	0.0	0.0	0.3330000000000002	2.667	0.0
378	2.0	0.0	0.0	0.0	0.6680000000000001	2.332	0.0
379	1.0	0.0	0.0	0.0	1.0	2.0	0.0
380	0.0	0.0	0.0	0.0	0.0	0.0	0.0
