all_syn	all_nonSyn	tip_syn	tip_nonSyn	S	N	comparisons
001	0.0	0.0	0.0	0.0	0.0	0.0	0.0
002	0.0	0.0	0.0	0.0	0.0	0.0	0.0
003	0.0	0.0	0.0	0.0	0.0	0.0	0.0
004	0.0	0.0	0.0	0.0	0.0	0.0	0.0
005	0.0	0.0	0.0	0.0	0.0	0.0	0.0
006	0.0	0.0	0.0	0.0	0.0	0.0	0.0
007	0.0	0.0	0.0	0.0	0.0	0.0	0.0
008	0.0	0.0	0.0	0.0	0.0	0.0	0.0
009	0.0	0.0	0.0	0.0	0.0	0.0	0.0
010	0.0	0.0	0.0	0.0	0.0	0.0	0.0
011	0.0	0.0	0.0	0.0	0.0	0.0	0.0
012	0.0	0.0	0.0	0.0	0.0	0.0	0.0
013	0.0	0.0	0.0	0.0	0.0	0.0	0.0
014	0.0	0.0	0.0	0.0	0.0	0.0	0.0
015	0.0	0.0	0.0	0.0	0.0	0.0	0.0
016	0.0	0.0	0.0	0.0	0.0	0.0	0.0
017	0.0	0.0	0.0	0.0	0.0	0.0	0.0
018	0.0	0.0	0.0	0.0	0.0	0.0	0.0
019	0.0	0.0	0.0	0.0	0.0	0.0	0.0
020	0.0	0.0	0.0	0.0	0.0	0.0	0.0
021	0.0	0.0	0.0	0.0	0.0	0.0	0.0
022	0.0	0.0	0.0	0.0	0.0	0.0	0.0
023	0.0	0.0	0.0	0.0	0.0	0.0	0.0
024	0.0	0.0	0.0	0.0	0.0	0.0	0.0
025	0.0	0.0	0.0	0.0	0.0	0.0	0.0
026	0.0	0.0	0.0	0.0	0.0	0.0	0.0
027	0.0	1.0	0.0	0.0	1.0	2.0	0.0
028	1.0	0.0	0.0	0.0	0.3330000000000002	2.667	0.0
029	2.0	2.0	0.0	0.0	3.0	6.0	0.0
030	1.0	0.0	1.0	0.0	1.4	1.6	1.0
031	0.0	0.0	0.0	0.0	0.0	0.0	0.0
032	1.0	0.0	0.0	0.0	1.4	1.6	0.0
033	2.0	1.0	1.0	1.0	3.0	6.0	2.0
034	1.0	2.0	0.0	0.0	3.4	5.6	0.0
035	1.0	0.0	0.0	0.0	1.0	2.0	0.0
036	0.0	0.0	0.0	0.0	0.0	0.0	0.0
037	0.0	3.0	0.0	1.0	3.4	5.6	1.0
038	3.0	0.0	1.0	0.0	3.8	5.2	1.0
039	0.0	0.0	0.0	0.0	0.0	0.0	0.0
040	0.0	0.0	0.0	0.0	0.0	0.0	0.0
041	3.0	2.0	1.0	1.0	2.6660000000000004	9.334	1.0
042	1.0	1.0	0.0	0.0	1.0	2.0	0.0
043	1.0	1.0	0.0	0.0	2.0	4.0	0.0
044	1.0	0.0	0.0	0.0	1.0	2.0	0.0
045	0.0	0.0	0.0	0.0	0.0	0.0	0.0
046	2.0	0.0	1.0	0.0	0.6660000000000004	5.334	1.0
047	1.0	1.0	1.0	1.0	1.3330000000000002	4.667	2.0
048	1.0	0.0	0.0	0.0	0.3330000000000002	2.667	0.0
049	0.0	0.0	0.0	0.0	0.0	0.0	0.0
050	2.0	3.0	1.0	2.0	2.0	4.0	1.0
051	3.0	1.0	1.0	1.0	4.0	8.0	2.0
052	0.0	0.0	0.0	0.0	0.0	0.0	0.0
053	1.0	0.0	0.0	0.0	1.0	2.0	0.0
054	2.0	2.0	1.0	0.0	3.0	6.0	1.0
055	1.0	3.0	1.0	1.0	2.668	6.332	1.0
056	2.0	1.0	0.0	1.0	2.068	6.932	1.0
057	2.0	1.0	2.0	1.0	1.6680000000000001	4.332	2.0
058	2.0	3.0	2.0	3.0	1.3330000000000002	4.667	2.0
059	2.0	1.0	2.0	1.0	1.3330000000000002	4.667	2.0
060	0.0	2.0	0.0	0.0	1.0	2.0	0.0
061	1.0	1.0	0.0	0.0	1.3330000000000002	4.667	0.0
062	1.0	2.0	0.0	0.0	2.4	3.6	0.0
063	1.0	1.0	0.0	0.0	2.068	3.932	0.0
064	1.0	2.0	0.0	0.0	1.3330000000000002	4.667	0.0
065	1.0	2.0	0.0	0.0	1.733	4.2669999999999995	0.0
066	2.0	3.0	2.0	3.0	2.333	6.667	3.0
067	0.0	2.0	0.0	2.0	1.0	2.0	1.0
068	3.0	1.0	1.0	0.0	3.0	6.0	1.0
069	1.0	0.0	0.0	0.0	0.3330000000000002	2.667	0.0
070	1.0	0.0	1.0	0.0	1.4	1.6	1.0
071	2.0	3.0	1.0	2.0	3.3360000000000003	8.664	2.0
072	1.0	2.0	1.0	2.0	1.0010000000000003	4.999	2.0
073	2.0	0.0	2.0	0.0	2.0	4.0	2.0
074	1.0	1.0	1.0	1.0	1.0	2.0	1.0
075	3.0	2.0	1.0	2.0	3.4010000000000002	8.599	2.0
076	1.0	2.0	1.0	1.0	1.3330000000000002	4.667	1.0
077	3.0	0.0	1.0	0.0	3.0	6.0	1.0
078	2.0	1.0	1.0	1.0	3.0	6.0	2.0
079	1.0	0.0	0.0	0.0	0.3330000000000002	2.667	0.0
080	1.0	3.0	1.0	0.0	2.333	6.667	1.0
081	2.0	3.0	2.0	1.0	4.0	8.0	2.0
082	2.0	0.0	2.0	0.0	2.0	4.0	2.0
083	1.0	1.0	1.0	1.0	0.3330000000000002	2.667	1.0
084	1.0	2.0	1.0	2.0	1.0	2.0	1.0
085	0.0	1.0	0.0	1.0	1.0	2.0	1.0
086	2.0	0.0	2.0	0.0	0.6660000000000004	5.334	2.0
087	1.0	0.0	1.0	0.0	0.6680000000000001	2.332	1.0
088	0.0	0.0	0.0	0.0	0.0	0.0	0.0
089	1.0	2.0	0.0	2.0	1.3330000000000002	4.667	1.0
090	0.0	2.0	0.0	2.0	0.6660000000000004	5.334	2.0
091	2.0	2.0	1.0	2.0	1.3330000000000002	4.667	1.0
092	2.0	1.0	1.0	0.0	3.0	6.0	1.0
093	1.0	0.0	1.0	0.0	1.4	1.6	1.0
094	0.0	0.0	0.0	0.0	0.0	0.0	0.0
095	0.0	0.0	0.0	0.0	0.0	0.0	0.0
096	1.0	3.0	1.0	1.0	0.9990000000000006	8.001	2.0
097	2.0	0.0	2.0	0.0	2.0	4.0	2.0
098	2.0	2.0	1.0	1.0	1.6660000000000004	7.334	1.0
099	1.0	2.0	1.0	1.0	2.668	6.332	2.0
100	2.0	0.0	2.0	0.0	0.6660000000000004	5.334	2.0
101	3.0	0.0	2.0	0.0	3.0	6.0	2.0
102	0.0	3.0	0.0	1.0	1.0	5.0	1.0
103	1.0	3.0	1.0	2.0	1.3330000000000002	4.667	1.0
104	1.0	2.0	1.0	1.0	2.0	4.0	1.0
105	2.0	0.0	0.0	0.0	0.6660000000000004	5.334	0.0
106	2.0	0.0	1.0	0.0	2.0	4.0	1.0
107	1.0	1.0	1.0	1.0	2.0	4.0	2.0
108	3.0	2.0	0.0	1.0	2.333	9.667	1.0
109	0.0	6.0	0.0	4.0	2.3320000000000007	12.668	3.0
110	4.0	3.0	3.0	3.0	4.333	10.667	4.0
111	3.0	1.0	2.0	1.0	4.068	7.9319999999999995	3.0
112	3.0	4.0	2.0	2.0	4.0	8.0	2.0
113	0.0	1.0	0.0	1.0	0.3330000000000002	2.667	1.0
114	0.0	1.0	0.0	1.0	0.3330000000000002	2.667	1.0
115	0.0	0.0	0.0	0.0	0.0	0.0	0.0
116	0.0	2.0	0.0	1.0	2.0	4.0	1.0
117	3.0	0.0	2.0	0.0	3.0	6.0	2.0
118	0.0	4.0	0.0	2.0	3.4	8.6	2.0
119	2.0	0.0	2.0	0.0	2.0	4.0	2.0
120	2.0	1.0	0.0	1.0	3.0	6.0	1.0
121	0.0	0.0	0.0	0.0	0.0	0.0	0.0
122	1.0	4.0	1.0	4.0	0.6660000000000004	5.334	2.0
123	2.0	0.0	1.0	0.0	2.0	4.0	1.0
124	4.0	4.0	2.0	1.0	6.0	12.0	3.0
125	2.0	4.0	1.0	0.0	4.0	8.0	1.0
126	5.0	0.0	4.0	0.0	3.668	8.332	3.0
127	0.0	2.0	0.0	2.0	0.3330000000000002	2.667	1.0
128	0.0	2.0	0.0	2.0	0.6680000000000001	2.332	1.0
129	2.0	2.0	2.0	2.0	2.0	4.0	2.0
130	2.0	3.0	1.0	2.0	5.0	10.0	3.0
131	1.0	6.0	1.0	4.0	1.9990000000000006	13.001	3.0
132	0.0	1.0	0.0	1.0	0.3330000000000002	2.667	1.0
133	0.0	0.0	0.0	0.0	0.0	0.0	0.0
134	0.0	2.0	0.0	2.0	1.6680000000000001	4.332	2.0
135	2.0	0.0	2.0	0.0	1.3360000000000003	4.664	2.0
136	0.0	0.0	0.0	0.0	0.0	0.0	0.0
137	0.0	1.0	0.0	1.0	1.0	2.0	1.0
138	3.0	1.0	2.0	1.0	4.0	8.0	3.0
139	1.0	1.0	1.0	1.0	1.0	2.0	1.0
140	1.0	0.0	1.0	0.0	1.0	2.0	1.0
141	3.0	5.0	2.0	3.0	5.0	10.0	3.0
142	1.0	2.0	1.0	1.0	2.3360000000000003	6.664	2.0
143	2.0	0.0	2.0	0.0	2.0	4.0	2.0
144	1.0	3.0	1.0	2.0	3.0	6.0	2.0
145	1.0	4.0	0.0	4.0	3.668	8.332	3.0
146	1.0	1.0	0.0	1.0	1.3330000000000002	4.667	1.0
147	1.0	0.0	0.0	0.0	1.0	2.0	0.0
148	1.0	3.0	1.0	3.0	2.0	4.0	2.0
149	0.0	2.0	0.0	2.0	2.0	4.0	2.0
150	3.0	0.0	2.0	0.0	3.0	6.0	2.0
151	3.0	1.0	2.0	1.0	4.468	7.532	3.0
152	2.0	3.0	1.0	2.0	4.0	8.0	2.0
153	1.0	1.0	1.0	1.0	0.3330000000000002	2.667	1.0
154	0.0	1.0	0.0	1.0	0.3330000000000002	2.667	1.0
155	2.0	4.0	1.0	4.0	3.0010000000000003	8.998999999999999	3.0
156	2.0	4.0	2.0	2.0	4.066000000000001	10.934	3.0
157	2.0	0.0	2.0	0.0	2.0	4.0	2.0
158	3.0	1.0	2.0	1.0	4.0	8.0	3.0
159	2.0	3.0	1.0	2.0	4.068	10.932	3.0
160	2.0	2.0	2.0	2.0	2.0	4.0	2.0
161	0.0	2.0	0.0	2.0	0.3330000000000002	2.667	1.0
162	1.0	0.0	1.0	0.0	1.4	1.6	1.0
163	1.0	0.0	1.0	0.0	1.0	2.0	1.0
164	3.0	2.0	3.0	2.0	2.0	4.0	2.0
165	1.0	0.0	1.0	0.0	0.3330000000000002	2.667	1.0
166	1.0	0.0	0.0	0.0	0.3330000000000002	2.667	0.0
167	0.0	2.0	0.0	2.0	0.3330000000000002	2.667	1.0
168	1.0	0.0	0.0	0.0	0.3330000000000002	2.667	0.0
169	0.0	0.0	0.0	0.0	0.0	0.0	0.0
170	1.0	0.0	1.0	0.0	1.4	1.6	1.0
171	1.0	1.0	1.0	1.0	1.0	2.0	1.0
172	1.0	2.0	1.0	2.0	2.0	4.0	2.0
173	0.0	0.0	0.0	0.0	0.0	0.0	0.0
174	1.0	2.0	1.0	1.0	2.333	6.667	2.0
175	2.0	3.0	1.0	2.0	5.0	10.0	3.0
176	3.0	0.0	3.0	0.0	3.0	6.0	3.0
177	2.0	2.0	2.0	1.0	3.3360000000000003	8.664	3.0
178	3.0	1.0	2.0	1.0	3.0	6.0	2.0
179	2.0	3.0	1.0	3.0	2.333	6.667	2.0
180	3.0	0.0	2.0	0.0	3.0	6.0	2.0
181	3.0	1.0	2.0	1.0	2.333	6.667	2.0
182	0.0	1.0	0.0	1.0	1.0	2.0	1.0
183	1.0	0.0	1.0	0.0	0.3330000000000002	2.667	1.0
184	3.0	3.0	3.0	2.0	5.0	10.0	4.0
185	3.0	6.0	3.0	5.0	4.332000000000001	16.668	6.0
186	1.0	0.0	0.0	0.0	1.0	2.0	0.0
187	1.0	1.0	1.0	1.0	1.3330000000000002	4.667	2.0
188	3.0	3.0	1.0	3.0	5.0	10.0	3.0
189	2.0	4.0	2.0	3.0	4.0	8.0	3.0
190	0.0	1.0	0.0	1.0	0.3330000000000002	2.667	1.0
191	2.0	0.0	1.0	0.0	2.0	4.0	1.0
192	4.0	1.0	3.0	1.0	4.068	7.932	3.0
193	0.0	0.0	0.0	0.0	0.0	0.0	0.0
194	5.0	2.0	5.0	1.0	3.0010000000000003	8.998999999999999	3.0
195	1.0	0.0	1.0	0.0	0.3330000000000002	2.667	1.0
196	0.0	0.0	0.0	0.0	0.0	0.0	0.0
197	0.0	0.0	0.0	0.0	0.0	0.0	0.0
198	1.0	0.0	0.0	0.0	1.0	2.0	0.0
199	4.0	1.0	2.0	1.0	5.0	10.0	3.0
200	3.0	2.0	0.0	1.0	4.0	8.0	1.0
201	1.0	0.0	1.0	0.0	0.3330000000000002	2.667	1.0
202	0.0	1.0	0.0	1.0	0.3330000000000002	2.667	1.0
203	0.0	6.0	0.0	4.0	3.6670000000000007	14.332999999999998	4.0
204	1.0	1.0	1.0	1.0	1.6680000000000001	4.332	2.0
205	3.0	0.0	1.0	0.0	3.0	6.0	1.0
206	2.0	4.0	2.0	2.0	2.9990000000000006	12.001	3.0
207	1.0	1.0	0.0	1.0	1.0010000000000003	4.999	1.0
208	3.0	2.0	1.0	2.0	3.668	8.332	2.0
209	0.0	2.0	0.0	2.0	0.3330000000000002	2.667	1.0
210	0.0	2.0	0.0	2.0	0.3330000000000002	2.667	1.0
211	0.0	0.0	0.0	0.0	0.0	0.0	0.0
212	0.0	2.0	0.0	1.0	0.6660000000000004	5.334	1.0
213	0.0	1.0	0.0	1.0	0.6680000000000001	2.332	1.0
214	0.0	2.0	0.0	2.0	0.3330000000000002	2.667	1.0
215	0.0	0.0	0.0	0.0	0.0	0.0	0.0
216	2.0	4.0	1.0	2.0	3.3360000000000003	8.664	2.0
217	1.0	2.0	1.0	1.0	2.4	6.6	2.0
218	1.0	0.0	0.0	0.0	0.3330000000000002	2.667	0.0
219	2.0	0.0	2.0	0.0	0.6660000000000004	5.334	2.0
220	0.0	3.0	0.0	2.0	3.0	6.0	2.0
221	1.0	0.0	1.0	0.0	0.3330000000000002	2.667	1.0
222	2.0	1.0	2.0	1.0	1.6680000000000001	4.332	2.0
223	2.0	1.0	1.0	1.0	3.0	6.0	2.0
224	2.0	0.0	2.0	0.0	2.4	3.6	2.0
225	1.0	0.0	0.0	0.0	1.0	2.0	0.0
226	0.0	0.0	0.0	0.0	0.0	0.0	0.0
227	0.0	1.0	0.0	1.0	1.0	2.0	1.0
228	3.0	0.0	1.0	0.0	3.0	6.0	1.0
229	2.0	1.0	1.0	1.0	3.068	5.932	2.0
230	3.0	0.0	2.0	0.0	2.068	3.932	1.0
231	0.0	0.0	0.0	0.0	0.0	0.0	0.0
232	0.0	0.0	0.0	0.0	0.0	0.0	0.0
233	0.0	0.0	0.0	0.0	0.0	0.0	0.0
234	0.0	1.0	0.0	1.0	1.4	1.6	1.0
235	0.0	0.0	0.0	0.0	0.0	0.0	0.0
236	0.0	0.0	0.0	0.0	0.0	0.0	0.0
237	0.0	0.0	0.0	0.0	0.0	0.0	0.0
238	3.0	2.0	2.0	2.0	4.0	8.0	3.0
239	1.0	0.0	1.0	0.0	0.3330000000000002	2.667	1.0
240	0.0	1.0	0.0	1.0	1.0	2.0	1.0
241	0.0	6.0	0.0	2.0	2.9990000000000006	12.001	1.0
242	1.0	4.0	0.0	2.0	3.4	8.6	2.0
243	0.0	3.0	0.0	0.0	0.3330000000000002	5.667	0.0
244	1.0	1.0	1.0	1.0	0.6680000000000001	2.332	1.0
245	1.0	1.0	0.0	1.0	1.0010000000000003	4.999	1.0
246	1.0	1.0	1.0	1.0	0.3330000000000002	2.667	1.0
247	2.0	0.0	2.0	0.0	1.3360000000000003	4.664	2.0
248	0.0	0.0	0.0	0.0	0.0	0.0	0.0
249	1.0	0.0	1.0	0.0	1.0	2.0	1.0
250	1.0	0.0	1.0	0.0	1.0	2.0	1.0
251	1.0	2.0	1.0	2.0	1.6680000000000001	7.332	3.0
252	2.0	3.0	1.0	2.0	2.668	6.332	2.0
253	0.0	0.0	0.0	0.0	0.0	0.0	0.0
254	1.0	0.0	1.0	0.0	0.3330000000000002	2.667	1.0
255	1.0	0.0	1.0	0.0	1.0	2.0	1.0
256	0.0	1.0	0.0	1.0	1.0	2.0	1.0
257	2.0	0.0	1.0	0.0	0.6660000000000004	5.334	1.0
258	2.0	0.0	1.0	0.0	2.0	4.0	1.0
259	1.0	6.0	0.0	4.0	6.4	11.6	3.0
260	1.0	2.0	1.0	2.0	2.0	4.0	2.0
261	3.0	0.0	2.0	0.0	0.9990000000000006	8.001	2.0
262	1.0	0.0	1.0	0.0	0.6680000000000001	2.332	1.0
263	1.0	0.0	0.0	0.0	0.3330000000000002	2.667	0.0
264	1.0	2.0	0.0	2.0	2.668	6.332	2.0
265	1.0	0.0	0.0	0.0	1.0	2.0	0.0
266	1.0	1.0	0.0	1.0	2.0	4.0	1.0
267	0.0	0.0	0.0	0.0	0.0	0.0	0.0
268	1.0	0.0	1.0	0.0	0.3330000000000002	2.667	1.0
269	0.0	0.0	0.0	0.0	0.0	0.0	0.0
270	4.0	3.0	2.0	3.0	5.333	12.667	4.0
271	2.0	0.0	2.0	0.0	2.0	4.0	2.0
272	0.0	1.0	0.0	1.0	1.0	2.0	1.0
273	0.0	0.0	0.0	0.0	0.0	0.0	0.0
274	1.0	1.0	1.0	1.0	0.3330000000000002	2.667	1.0
275	1.0	1.0	0.0	1.0	0.6660000000000004	5.334	1.0
276	0.0	0.0	0.0	0.0	0.0	0.0	0.0
277	3.0	0.0	2.0	0.0	3.0	6.0	2.0
278	2.0	2.0	1.0	2.0	1.6660000000000004	7.334	2.0
279	0.0	0.0	0.0	0.0	0.0	0.0	0.0
280	3.0	0.0	2.0	0.0	0.9990000000000006	8.001	2.0
281	4.0	5.0	2.0	1.0	4.001	10.998999999999999	2.0
282	2.0	0.0	1.0	0.0	0.6660000000000004	5.334	1.0
283	1.0	2.0	0.0	2.0	1.3330000000000002	4.667	1.0
284	2.0	5.0	1.0	4.0	1.9990000000000006	10.001	3.0
285	3.0	0.0	3.0	0.0	3.0	6.0	3.0
286	4.0	5.0	4.0	5.0	4.333	10.667	5.0
287	1.0	0.0	1.0	0.0	0.3330000000000002	2.667	1.0
288	4.0	0.0	3.0	0.0	3.068	5.932	2.0
289	2.0	1.0	2.0	1.0	0.9990000000000006	8.001	3.0
290	0.0	1.0	0.0	1.0	1.0	2.0	1.0
291	0.0	0.0	0.0	0.0	0.0	0.0	0.0
292	0.0	1.0	0.0	1.0	1.0	2.0	1.0
293	4.0	0.0	2.0	0.0	2.6720000000000006	9.328	2.0
294	2.0	1.0	2.0	1.0	3.0	6.0	3.0
295	0.0	0.0	0.0	0.0	0.0	0.0	0.0
296	2.0	0.0	1.0	0.0	2.0	4.0	1.0
297	1.0	0.0	1.0	0.0	0.3330000000000002	2.667	1.0
298	2.0	0.0	1.0	0.0	2.0	4.0	1.0
299	0.0	0.0	0.0	0.0	0.0	0.0	0.0
300	0.0	0.0	0.0	0.0	0.0	0.0	0.0
301	2.0	3.0	1.0	3.0	2.333	6.667	2.0
302	1.0	0.0	0.0	0.0	0.6680000000000001	2.332	0.0
303	1.0	1.0	0.0	1.0	1.6680000000000001	4.332	1.0
304	4.0	0.0	3.0	0.0	4.068	7.932	3.0
305	1.0	0.0	1.0	0.0	0.3330000000000002	2.667	1.0
306	2.0	0.0	2.0	0.0	0.6660000000000004	5.334	2.0
307	0.0	0.0	0.0	0.0	0.0	0.0	0.0
308	0.0	0.0	0.0	0.0	0.0	0.0	0.0
309	1.0	0.0	1.0	0.0	1.0	2.0	1.0
310	3.0	2.0	2.0	1.0	4.0	8.0	3.0
311	3.0	0.0	2.0	0.0	3.8	5.2	2.0
312	2.0	0.0	2.0	0.0	2.0	4.0	2.0
313	2.0	0.0	1.0	0.0	2.4	3.6	1.0
314	3.0	2.0	2.0	2.0	3.333	8.667	3.0
315	0.0	0.0	0.0	0.0	0.0	0.0	0.0
316	2.0	1.0	2.0	1.0	2.3360000000000003	6.664	3.0
317	3.0	2.0	3.0	2.0	2.333	6.667	3.0
318	2.0	2.0	1.0	1.0	2.6660000000000004	9.334	2.0
319	3.0	0.0	2.0	0.0	3.8	5.2	2.0
320	1.0	1.0	1.0	1.0	1.0	2.0	1.0
321	3.0	0.0	0.0	0.0	3.4	5.6	0.0
322	1.0	0.0	1.0	0.0	0.3330000000000002	2.667	1.0
323	0.0	0.0	0.0	0.0	0.0	0.0	0.0
324	2.0	0.0	2.0	0.0	0.6660000000000004	5.334	2.0
325	0.0	0.0	0.0	0.0	0.0	0.0	0.0
326	0.0	0.0	0.0	0.0	0.0	0.0	0.0
327	2.0	0.0	1.0	0.0	1.3360000000000003	4.664	1.0
328	2.0	1.0	1.0	1.0	2.333	6.667	2.0
329	3.0	0.0	1.0	0.0	3.0	6.0	1.0
330	2.0	1.0	2.0	1.0	3.0	6.0	3.0
331	1.0	3.0	1.0	2.0	2.4	9.6	3.0
332	0.0	0.0	0.0	0.0	0.0	0.0	0.0
333	0.0	0.0	0.0	0.0	0.0	0.0	0.0
334	1.0	1.0	1.0	1.0	0.6660000000000004	5.334	2.0
335	1.0	0.0	0.0	0.0	1.0	2.0	0.0
336	3.0	0.0	2.0	0.0	3.0	6.0	2.0
337	1.0	0.0	1.0	0.0	1.0	2.0	1.0
338	2.0	0.0	1.0	0.0	0.6660000000000004	5.334	1.0
339	2.0	0.0	2.0	0.0	2.0	4.0	2.0
340	0.0	0.0	0.0	0.0	0.0	0.0	0.0
341	0.0	0.0	0.0	0.0	0.0	0.0	0.0
342	0.0	0.0	0.0	0.0	0.0	0.0	0.0
343	1.0	0.0	1.0	0.0	0.3330000000000002	2.667	1.0
344	2.0	0.0	1.0	0.0	1.3360000000000003	4.664	1.0
345	2.0	0.0	1.0	0.0	2.4	3.6	1.0
346	3.0	0.0	3.0	0.0	3.0	6.0	3.0
347	0.0	0.0	0.0	0.0	0.0	0.0	0.0
348	2.0	0.0	1.0	0.0	0.6660000000000004	5.334	1.0
349	3.0	1.0	2.0	1.0	3.0	6.0	2.0
350	2.0	0.0	1.0	0.0	2.4	3.6	1.0
351	0.0	0.0	0.0	0.0	0.0	0.0	0.0
352	2.0	4.0	0.0	0.0	1.3330000000000002	4.667	0.0
353	2.0	0.0	2.0	0.0	0.6660000000000004	5.334	2.0
354	2.0	1.0	1.0	1.0	2.333	6.667	2.0
355	2.0	0.0	2.0	0.0	0.6660000000000004	5.334	2.0
356	3.0	1.0	3.0	1.0	3.0	6.0	3.0
357	1.0	1.0	1.0	1.0	1.0	2.0	1.0
358	0.0	0.0	0.0	0.0	0.0	0.0	0.0
359	0.0	0.0	0.0	0.0	0.0	0.0	0.0
360	3.0	0.0	1.0	0.0	3.0	6.0	1.0
361	0.0	0.0	0.0	0.0	0.0	0.0	0.0
362	1.0	0.0	1.0	0.0	0.3330000000000002	2.667	1.0
363	0.0	0.0	0.0	0.0	0.0	0.0	0.0
364	0.0	1.0	0.0	1.0	0.3330000000000002	2.667	1.0
365	1.0	3.0	1.0	2.0	1.6660000000000004	7.334	2.0
366	3.0	1.0	1.0	1.0	3.668	8.332	2.0
367	3.0	2.0	2.0	2.0	3.4	5.6	2.0
368	2.0	4.0	1.0	2.0	3.668	8.332	2.0
369	0.0	0.0	0.0	0.0	0.0	0.0	0.0
370	0.0	0.0	0.0	0.0	0.0	0.0	0.0
371	2.0	0.0	2.0	0.0	2.0	4.0	2.0
372	0.0	1.0	0.0	1.0	0.6680000000000001	2.332	1.0
373	0.0	0.0	0.0	0.0	0.0	0.0	0.0
374	0.0	0.0	0.0	0.0	0.0	0.0	0.0
375	0.0	0.0	0.0	0.0	0.0	0.0	0.0
376	1.0	2.0	0.0	0.0	1.0	2.0	0.0
377	0.0	0.0	0.0	0.0	0.0	0.0	0.0
378	0.0	0.0	0.0	0.0	0.0	0.0	0.0
379	0.0	0.0	0.0	0.0	0.0	0.0	0.0
380	0.0	0.0	0.0	0.0	0.0	0.0	0.0
381	0.0	0.0	0.0	0.0	0.0	0.0	0.0
382	1.0	0.0	1.0	0.0	0.3330000000000002	2.667	1.0
383	0.0	1.0	0.0	1.0	1.4	1.6	1.0
384	2.0	0.0	2.0	0.0	2.0	4.0	2.0
385	3.0	0.0	2.0	0.0	3.0	6.0	2.0
386	2.0	2.0	1.0	1.0	3.068	5.932	1.0
387	0.0	0.0	0.0	0.0	0.0	0.0	0.0
388	0.0	2.0	0.0	1.0	1.6680000000000001	4.332	1.0
389	1.0	0.0	1.0	0.0	0.6680000000000001	2.332	1.0
390	0.0	0.0	0.0	0.0	0.0	0.0	0.0
391	1.0	0.0	0.0	0.0	1.0	2.0	0.0
392	2.0	5.0	1.0	4.0	4.666	13.334	4.0
393	0.0	2.0	0.0	2.0	2.0	4.0	2.0
394	0.0	0.0	0.0	0.0	0.0	0.0	0.0
395	0.0	0.0	0.0	0.0	0.0	0.0	0.0
396	3.0	2.0	3.0	2.0	2.0	4.0	2.0
397	2.0	1.0	1.0	1.0	3.068	5.932	2.0
398	1.0	1.0	1.0	1.0	0.0	3.0	1.0
399	0.0	0.0	0.0	0.0	0.0	0.0	0.0
400	0.0	2.0	0.0	1.0	1.3330000000000002	4.667	1.0
401	2.0	0.0	0.0	0.0	2.0	4.0	0.0
402	2.0	0.0	2.0	0.0	2.0	4.0	2.0
403	2.0	3.0	1.0	3.0	2.333	6.667	2.0
404	3.0	0.0	2.0	0.0	3.0	6.0	2.0
405	1.0	2.0	0.0	2.0	2.0	4.0	1.0
406	2.0	0.0	1.0	0.0	2.0	4.0	1.0
407	1.0	6.0	1.0	1.0	2.3320000000000007	12.668	1.0
408	1.0	2.0	0.0	2.0	2.0	4.0	1.0
409	2.0	1.0	2.0	1.0	2.0	4.0	2.0
410	4.0	2.0	2.0	1.0	1.3330000000000002	4.667	1.0
411	0.0	0.0	0.0	0.0	0.0	0.0	0.0
412	1.0	0.0	0.0	0.0	0.3330000000000002	2.667	0.0
413	0.0	2.0	0.0	2.0	1.0	5.0	2.0
414	1.0	3.0	1.0	2.0	1.3320000000000007	10.668	3.0
415	1.0	0.0	1.0	0.0	1.0	2.0	1.0
416	0.0	2.0	0.0	2.0	1.0	2.0	1.0
417	1.0	2.0	0.0	1.0	2.333	6.667	1.0
418	0.0	0.0	0.0	0.0	0.0	0.0	0.0
419	1.0	2.0	0.0	0.0	0.3330000000000002	2.667	0.0
420	0.0	0.0	0.0	0.0	0.0	0.0	0.0
421	0.0	3.0	0.0	1.0	2.333	6.667	1.0
422	0.0	4.0	0.0	2.0	2.6660000000000004	9.334	2.0
423	0.0	0.0	0.0	0.0	0.0	0.0	0.0
424	0.0	0.0	0.0	0.0	0.0	0.0	0.0
425	1.0	2.0	1.0	2.0	2.0	4.0	2.0
426	2.0	2.0	1.0	2.0	3.0	6.0	2.0
427	0.0	0.0	0.0	0.0	0.0	0.0	0.0
428	1.0	1.0	0.0	1.0	1.3330000000000002	4.667	1.0
429	4.0	1.0	4.0	1.0	3.0010000000000003	8.998999999999999	4.0
430	1.0	6.0	1.0	6.0	3.0	6.0	3.0
431	2.0	0.0	2.0	0.0	0.6680000000000001	2.332	1.0
432	2.0	2.0	1.0	2.0	2.333	6.667	2.0
433	2.0	2.0	1.0	2.0	3.0660000000000003	8.934	3.0
434	0.0	0.0	0.0	0.0	0.0	0.0	0.0
435	0.0	2.0	0.0	2.0	1.3330000000000002	4.667	2.0
436	0.0	0.0	0.0	0.0	0.0	0.0	0.0
437	1.0	1.0	1.0	1.0	1.0	2.0	1.0
438	0.0	2.0	0.0	2.0	0.3330000000000002	2.667	1.0
439	2.0	3.0	2.0	2.0	3.3360000000000003	8.664	3.0
440	3.0	2.0	2.0	2.0	3.0020000000000007	11.998	4.0
441	1.0	1.0	1.0	1.0	1.3330000000000002	4.667	2.0
442	2.0	3.0	1.0	3.0	2.733	6.2669999999999995	2.0
443	0.0	1.0	0.0	1.0	0.3330000000000002	2.667	1.0
444	2.0	0.0	1.0	0.0	2.0	4.0	1.0
445	1.0	3.0	0.0	2.0	1.3320000000000007	10.668	2.0
446	2.0	3.0	1.0	2.0	4.0	8.0	2.0
447	2.0	3.0	1.0	2.0	4.0	8.0	2.0
448	3.0	6.0	2.0	5.0	6.333	14.667	5.0
449	1.0	3.0	1.0	0.0	3.0	6.0	1.0
450	1.0	4.0	0.0	1.0	2.6660000000000004	9.334	1.0
451	1.0	3.0	0.0	0.0	1.3330000000000002	4.667	0.0
452	0.0	0.0	0.0	0.0	0.0	0.0	0.0
453	0.0	0.0	0.0	0.0	0.0	0.0	0.0
454	1.0	1.0	0.0	0.0	1.0	2.0	0.0
455	1.0	3.0	0.0	1.0	2.6660000000000004	9.334	1.0
456	1.0	1.0	1.0	1.0	1.0	2.0	1.0
457	2.0	4.0	1.0	2.0	6.0	12.0	3.0
458	2.0	3.0	1.0	1.0	2.333	6.667	1.0
459	1.0	3.0	1.0	3.0	2.333	6.667	3.0
460	3.0	3.0	2.0	2.0	2.6660000000000004	9.334	3.0
461	2.0	1.0	2.0	1.0	2.0	4.0	2.0
462	0.0	5.0	0.0	5.0	1.9990000000000006	10.001	4.0
463	0.0	0.0	0.0	0.0	0.0	0.0	0.0
464	0.0	0.0	0.0	0.0	0.0	0.0	0.0
465	0.0	1.0	0.0	1.0	0.6680000000000001	2.332	1.0
466	0.0	1.0	0.0	1.0	0.3330000000000002	2.667	1.0
467	0.0	0.0	0.0	0.0	0.0	0.0	0.0
468	1.0	0.0	1.0	0.0	0.3330000000000002	2.667	1.0
469	2.0	2.0	2.0	2.0	0.6660000000000004	5.334	2.0
470	0.0	1.0	0.0	1.0	0.3330000000000002	2.667	1.0
471	3.0	5.0	2.0	4.0	3.6660000000000004	11.334	3.0
472	3.0	0.0	2.0	0.0	3.0	6.0	2.0
473	2.0	1.0	2.0	1.0	0.9990000000000006	8.001	3.0
474	0.0	2.0	0.0	1.0	0.6660000000000004	5.334	1.0
475	0.0	0.0	0.0	0.0	0.0	0.0	0.0
476	1.0	0.0	0.0	0.0	0.3330000000000002	2.667	0.0
477	1.0	0.0	1.0	0.0	0.3330000000000002	2.667	1.0
478	3.0	1.0	2.0	1.0	3.0	6.0	2.0
479	4.0	1.0	3.0	1.0	1.9990000000000006	10.001	3.0
480	5.0	0.0	3.0	0.0	4.468	7.532	3.0
481	2.0	0.0	1.0	0.0	2.0	4.0	1.0
482	2.0	2.0	1.0	1.0	2.6660000000000004	9.334	2.0
483	0.0	0.0	0.0	0.0	0.0	0.0	0.0
484	2.0	1.0	2.0	1.0	1.3330000000000002	4.667	2.0
485	1.0	3.0	1.0	3.0	2.0	4.0	2.0
486	3.0	1.0	3.0	1.0	2.736	9.264	4.0
487	0.0	1.0	0.0	1.0	0.3330000000000002	2.667	1.0
488	2.0	3.0	0.0	3.0	3.333	8.667	2.0
489	1.0	4.0	1.0	1.0	4.0	8.0	1.0
490	2.0	2.0	0.0	2.0	1.6660000000000004	7.334	1.0
491	3.0	1.0	2.0	1.0	3.0	6.0	2.0
492	2.0	2.0	2.0	2.0	1.3330000000000002	4.667	2.0
493	2.0	3.0	1.0	3.0	3.333	8.667	3.0
494	1.0	4.0	1.0	3.0	5.0	10.0	4.0
495	2.0	1.0	2.0	1.0	1.6680000000000001	4.332	2.0
496	1.0	3.0	1.0	3.0	1.3330000000000002	4.667	2.0
497	1.0	2.0	0.0	2.0	2.0	4.0	1.0
498	3.0	2.0	1.0	2.0	3.333	8.667	2.0
499	2.0	0.0	2.0	0.0	2.0	4.0	2.0
500	2.0	2.0	2.0	2.0	0.6660000000000004	5.334	2.0
501	1.0	1.0	0.0	0.0	1.0	2.0	0.0
502	0.0	0.0	0.0	0.0	0.0	0.0	0.0
503	0.0	0.0	0.0	0.0	0.0	0.0	0.0
504	0.0	0.0	0.0	0.0	0.0	0.0	0.0
505	0.0	0.0	0.0	0.0	0.0	0.0	0.0
506	0.0	0.0	0.0	0.0	0.0	0.0	0.0
507	0.0	0.0	0.0	0.0	0.0	0.0	0.0
