all_syn	all_nonSyn	tip_syn	tip_nonSyn	S	N	comparisons
001	0.0	0.0	0.0	0.0	0.0	0.0	0.0
002	0.0	0.0	0.0	0.0	0.0	0.0	0.0
003	1.0	1.0	1.0	0.0	1.0	5.0	1.0
004	2.0	4.0	1.0	2.0	3.0	9.0	2.0
005	3.0	2.0	2.0	0.0	4.0	11.0	2.0
006	2.0	2.0	1.0	1.0	2.0	7.0	2.0
007	2.0	1.0	1.0	1.0	2.0	4.0	1.0
008	3.0	2.0	2.0	1.0	4.0	8.0	3.0
009	3.0	2.0	2.0	1.0	4.333	10.667	3.0
010	3.0	5.0	2.0	5.0	4.333	10.667	4.0
011	2.0	1.0	1.0	0.0	3.0	6.0	1.0
012	1.0	2.0	1.0	1.0	3.0	6.0	2.0
013	2.0	4.0	1.0	3.0	4.668	10.332	3.0
014	3.0	1.0	2.0	1.0	4.0	8.0	3.0
015	2.0	2.0	1.0	1.0	4.0	8.0	2.0
016	5.0	2.0	3.0	1.0	6.333	14.667	4.0
017	2.0	1.0	2.0	0.0	1.6660000000000004	7.334	2.0
018	3.0	2.0	1.0	2.0	3.333	8.667	2.0
019	4.0	1.0	2.0	0.0	3.4040000000000004	8.596	2.0
020	1.0	0.0	1.0	0.0	0.3330000000000002	2.667	1.0
021	1.0	3.0	0.0	2.0	2.0660000000000003	6.933999999999999	1.0
022	3.0	4.0	2.0	1.0	5.333	12.667	3.0
023	2.0	1.0	2.0	1.0	2.0	4.0	2.0
024	2.0	4.0	2.0	2.0	3.333	8.667	3.0
025	2.0	3.0	1.0	1.0	2.333	6.667	2.0
026	3.0	2.0	2.0	1.0	3.0	6.0	2.0
027	1.0	3.0	1.0	2.0	3.4	5.6	2.0
028	3.0	5.0	2.0	2.0	4.002000000000001	13.998000000000001	3.0
029	1.0	4.0	1.0	2.0	2.6660000000000004	9.334	2.0
030	0.0	0.0	0.0	0.0	0.0	0.0	0.0
031	0.0	2.0	0.0	2.0	1.3330000000000002	4.667	2.0
032	1.0	1.0	1.0	1.0	1.0	2.0	1.0
033	1.0	1.0	1.0	1.0	1.0	2.0	1.0
034	1.0	1.0	1.0	1.0	1.0	2.0	1.0
035	1.0	0.0	1.0	0.0	1.0	2.0	1.0
036	3.0	1.0	2.0	0.0	3.0660000000000003	8.934	2.0
037	3.0	2.0	0.0	1.0	2.333	6.667	1.0
038	3.0	3.0	2.0	2.0	3.0660000000000003	8.934	2.0
039	2.0	4.0	1.0	2.0	4.333	10.667	2.0
040	1.0	0.0	1.0	0.0	1.0	2.0	1.0
041	3.0	3.0	2.0	1.0	4.0	8.0	2.0
042	3.0	4.0	2.0	2.0	5.668	12.332	4.0
043	3.0	3.0	2.0	2.0	1.6660000000000004	7.334	2.0
044	3.0	4.0	2.0	2.0	3.733	8.267	2.0
045	4.0	6.0	2.0	2.0	6.333	17.667	3.0
046	2.0	8.0	1.0	5.0	4.332000000000001	19.668	5.0
047	5.0	5.0	3.0	5.0	5.666	15.334	5.0
048	2.0	5.0	1.0	3.0	4.333	10.667	3.0
049	3.0	7.0	2.0	4.0	6.3340000000000005	17.666	4.0
050	3.0	4.0	1.0	3.0	3.3990000000000005	11.600999999999999	2.0
051	1.0	5.0	0.0	3.0	3.3320000000000007	14.668	3.0
052	2.0	6.0	2.0	2.0	1.9990000000000006	10.001	2.0
053	1.0	7.0	1.0	2.0	4.667000000000001	16.333	3.0
054	2.0	0.0	1.0	0.0	0.6660000000000004	5.334	1.0
055	4.0	0.0	2.0	0.0	4.0	8.0	2.0
056	4.0	2.0	1.0	1.0	3.668	8.332	1.0
057	3.0	0.0	3.0	0.0	3.4	5.6	3.0
058	3.0	2.0	1.0	0.0	1.9990000000000006	10.001	1.0
059	1.0	0.0	1.0	0.0	1.0	2.0	1.0
060	2.0	0.0	2.0	0.0	2.0	4.0	2.0
061	1.0	0.0	0.0	0.0	1.0	2.0	0.0
062	2.0	6.0	2.0	3.0	5.734	15.266	5.0
063	2.0	0.0	1.0	0.0	2.0	4.0	1.0
064	1.0	0.0	1.0	0.0	0.3330000000000002	2.667	1.0
065	2.0	3.0	1.0	0.0	2.333	6.667	1.0
066	2.0	2.0	2.0	0.0	4.0	8.0	2.0
067	3.0	0.0	2.0	0.0	3.0	6.0	2.0
068	3.0	0.0	2.0	0.0	3.0	6.0	2.0
069	1.0	2.0	1.0	0.0	0.9990000000000006	8.001	1.0
070	0.0	0.0	0.0	0.0	0.0	0.0	0.0
071	2.0	0.0	2.0	0.0	2.0	4.0	2.0
072	0.0	0.0	0.0	0.0	0.0	0.0	0.0
073	0.0	0.0	0.0	0.0	0.0	0.0	0.0
074	0.0	0.0	0.0	0.0	0.0	0.0	0.0
075	0.0	0.0	0.0	0.0	0.0	0.0	0.0
076	3.0	2.0	2.0	2.0	4.668	10.332	4.0
077	3.0	1.0	1.0	1.0	2.668	6.332	1.0
078	0.0	5.0	0.0	3.0	4.0	11.0	3.0
079	1.0	1.0	1.0	0.0	2.0	4.0	1.0
080	2.0	0.0	2.0	0.0	0.6660000000000004	5.334	2.0
081	1.0	2.0	1.0	0.0	2.0	4.0	1.0
082	1.0	1.0	1.0	1.0	0.6680000000000001	2.332	1.0
083	2.0	2.0	1.0	1.0	3.668	8.332	2.0
084	2.0	1.0	2.0	1.0	3.0	6.0	3.0
085	0.0	2.0	0.0	2.0	0.3330000000000002	2.667	1.0
086	0.0	0.0	0.0	0.0	0.0	0.0	0.0
087	2.0	3.0	2.0	3.0	2.3340000000000005	9.666	4.0
088	0.0	2.0	0.0	2.0	1.0	2.0	1.0
089	1.0	0.0	1.0	0.0	1.0	2.0	1.0
090	1.0	2.0	1.0	1.0	2.668	6.332	2.0
091	3.0	4.0	2.0	2.0	4.666	13.334	4.0
092	1.0	0.0	1.0	0.0	0.3330000000000002	2.667	1.0
093	1.0	2.0	0.0	1.0	1.6660000000000004	7.334	1.0
094	0.0	0.0	0.0	0.0	0.0	0.0	0.0
095	2.0	0.0	2.0	0.0	2.0	4.0	2.0
096	3.0	0.0	2.0	0.0	3.0	6.0	2.0
097	0.0	3.0	0.0	3.0	0.3330000000000002	5.667	2.0
098	2.0	0.0	2.0	0.0	0.6660000000000004	5.334	2.0
099	1.0	3.0	0.0	2.0	2.6660000000000004	9.334	2.0
100	1.0	0.0	1.0	0.0	1.0	2.0	1.0
101	5.0	0.0	4.0	0.0	4.736000000000001	10.264	4.0
102	1.0	2.0	1.0	1.0	2.668	6.332	2.0
103	1.0	2.0	1.0	0.0	0.9990000000000006	8.001	1.0
104	4.0	2.0	3.0	0.0	2.9990000000000006	12.001	3.0
105	1.0	0.0	1.0	0.0	1.0	2.0	1.0
106	0.0	1.0	0.0	0.0	1.0	2.0	0.0
107	2.0	3.0	2.0	1.0	5.0	10.0	3.0
108	2.0	1.0	1.0	0.0	3.0	6.0	1.0
109	2.0	1.0	2.0	1.0	3.0	6.0	3.0
110	1.0	3.0	0.0	2.0	3.4	5.6	2.0
111	0.0	0.0	0.0	0.0	0.0	0.0	0.0
112	2.0	0.0	2.0	0.0	2.4	3.6	2.0
113	3.0	0.0	2.0	0.0	3.0	6.0	2.0
114	2.0	0.0	2.0	0.0	0.6660000000000004	5.334	2.0
115	2.0	2.0	1.0	0.0	2.333	6.667	1.0
116	2.0	0.0	1.0	0.0	2.0	4.0	1.0
117	4.0	1.0	3.0	1.0	4.0	8.0	3.0
118	4.0	0.0	3.0	0.0	3.736	8.264	3.0
119	3.0	1.0	2.0	0.0	4.0	8.0	2.0
120	3.0	3.0	2.0	2.0	6.0	12.0	4.0
121	3.0	1.0	1.0	0.0	4.0	8.0	1.0
122	3.0	2.0	2.0	1.0	5.468	9.532	3.0
123	0.0	1.0	0.0	0.0	0.0	3.0	0.0
124	2.0	1.0	2.0	1.0	2.0	4.0	2.0
125	2.0	2.0	1.0	2.0	4.0	8.0	3.0
126	2.0	5.0	1.0	3.0	4.736	13.264	3.0
127	0.0	0.0	0.0	0.0	0.0	0.0	0.0
128	2.0	1.0	2.0	1.0	2.068	3.932	2.0
129	0.0	3.0	0.0	2.0	2.0010000000000003	6.999	2.0
130	1.0	2.0	0.0	2.0	1.3330000000000002	4.667	1.0
131	0.0	3.0	0.0	2.0	3.0	6.0	2.0
132	2.0	1.0	2.0	1.0	1.0	5.0	2.0
133	2.0	1.0	2.0	1.0	3.0	6.0	3.0
134	1.0	1.0	1.0	1.0	1.0	2.0	1.0
135	6.0	0.0	4.0	0.0	4.336	10.664000000000001	3.0
136	2.0	2.0	1.0	0.0	2.0	4.0	1.0
137	2.0	2.0	1.0	1.0	3.733	8.267	2.0
138	2.0	0.0	1.0	0.0	2.0	4.0	1.0
139	2.0	1.0	2.0	0.0	3.0	6.0	2.0
140	4.0	0.0	3.0	0.0	3.668	8.332	3.0
141	0.0	3.0	0.0	0.0	1.3340000000000005	7.6659999999999995	0.0
142	2.0	4.0	2.0	3.0	4.4	10.6	4.0
143	2.0	1.0	1.0	0.0	3.0	6.0	1.0
144	5.0	0.0	2.0	0.0	4.068	7.932	1.0
145	2.0	6.0	2.0	4.0	5.868	12.132	4.0
146	4.0	0.0	3.0	0.0	4.0	8.0	3.0
147	1.0	2.0	1.0	2.0	2.0	4.0	2.0
148	3.0	4.0	2.0	3.0	5.333	12.667	4.0
149	1.0	2.0	0.0	2.0	1.0010000000000003	7.999	2.0
150	1.0	5.0	1.0	3.0	3.3370000000000006	14.663	4.0
151	3.0	2.0	2.0	2.0	4.0	8.0	3.0
152	1.0	3.0	1.0	1.0	3.4	8.6	2.0
153	3.0	2.0	3.0	0.0	2.6660000000000004	9.334	3.0
154	0.0	1.0	0.0	0.0	0.3330000000000002	2.667	0.0
155	3.0	2.0	1.0	1.0	3.736	8.264	2.0
156	1.0	2.0	1.0	0.0	2.4	3.6	1.0
157	0.0	2.0	0.0	0.0	1.0	2.0	0.0
158	1.0	1.0	1.0	1.0	1.3330000000000002	4.667	2.0
159	2.0	0.0	1.0	0.0	0.6660000000000004	5.334	1.0
160	4.0	1.0	4.0	0.0	5.0	10.0	4.0
161	3.0	2.0	2.0	1.0	4.0	8.0	2.0
162	1.0	5.0	1.0	2.0	1.9990000000000006	10.001	2.0
163	0.0	1.0	0.0	0.0	0.3330000000000002	2.667	0.0
164	1.0	2.0	0.0	1.0	3.0	6.0	1.0
165	4.0	1.0	2.0	0.0	5.0	10.0	2.0
166	2.0	1.0	2.0	0.0	3.0	6.0	2.0
167	4.0	2.0	4.0	1.0	5.404000000000001	12.596	5.0
168	3.0	0.0	2.0	0.0	0.9990000000000006	8.001	2.0
169	2.0	2.0	1.0	0.0	2.333	6.667	1.0
170	2.0	2.0	0.0	0.0	3.4	5.6	0.0
171	3.0	2.0	2.0	0.0	2.6660000000000004	9.334	2.0
172	3.0	0.0	1.0	0.0	3.0	6.0	1.0
173	2.0	4.0	2.0	4.0	2.6690000000000005	9.331	4.0
174	1.0	3.0	1.0	1.0	2.736	9.264	2.0
175	2.0	2.0	1.0	0.0	2.0	7.0	1.0
176	4.0	0.0	2.0	0.0	4.0	8.0	2.0
177	3.0	1.0	1.0	1.0	4.468	7.532	2.0
178	1.0	0.0	1.0	0.0	1.0	2.0	1.0
179	2.0	2.0	1.0	1.0	1.0	5.0	1.0
180	1.0	0.0	0.0	0.0	0.3330000000000002	2.667	0.0
181	3.0	3.0	3.0	3.0	4.133	7.866999999999999	4.0
182	2.0	1.0	1.0	1.0	1.6660000000000004	7.334	2.0
183	1.0	0.0	1.0	0.0	0.3330000000000002	2.667	1.0
184	2.0	2.0	1.0	0.0	2.0	7.0	1.0
185	2.0	3.0	1.0	0.0	3.0040000000000004	8.995999999999999	1.0
186	1.0	1.0	1.0	1.0	1.6680000000000001	4.332	2.0
187	3.0	4.0	2.0	3.0	4.333	10.667	3.0
188	3.0	3.0	2.0	3.0	4.4	7.6	3.0
189	3.0	3.0	2.0	1.0	4.0040000000000004	10.995999999999999	3.0
190	1.0	0.0	1.0	0.0	1.0	2.0	1.0
191	3.0	0.0	1.0	0.0	3.0	6.0	1.0
192	3.0	0.0	3.0	0.0	0.9990000000000006	8.001	3.0
193	0.0	0.0	0.0	0.0	0.0	0.0	0.0
194	2.0	0.0	0.0	0.0	0.6660000000000004	5.334	0.0
195	3.0	5.0	2.0	4.0	4.9990000000000006	16.000999999999998	5.0
196	0.0	4.0	0.0	2.0	2.6690000000000005	9.331	2.0
197	2.0	1.0	2.0	0.0	1.3340000000000005	7.6659999999999995	2.0
198	4.0	0.0	3.0	0.0	4.0	8.0	3.0
199	5.0	0.0	3.0	0.0	5.0	10.0	3.0
200	1.0	0.0	0.0	0.0	0.6680000000000001	2.332	0.0
201	2.0	0.0	2.0	0.0	2.0	4.0	2.0
202	1.0	0.0	0.0	0.0	0.3330000000000002	2.667	0.0
203	1.0	0.0	1.0	0.0	1.0	2.0	1.0
204	1.0	0.0	1.0	0.0	0.6680000000000001	2.332	1.0
205	1.0	0.0	0.0	0.0	1.0	2.0	0.0
206	1.0	1.0	1.0	0.0	0.6660000000000004	5.334	1.0
207	3.0	0.0	2.0	0.0	3.0	6.0	2.0
208	1.0	0.0	1.0	0.0	1.0	2.0	1.0
209	2.0	0.0	2.0	0.0	2.0	4.0	2.0
210	3.0	0.0	2.0	0.0	3.0	6.0	2.0
211	2.0	2.0	2.0	2.0	3.0660000000000003	8.934	4.0
212	1.0	0.0	1.0	0.0	1.0	2.0	1.0
213	2.0	1.0	2.0	1.0	2.0	4.0	2.0
214	3.0	0.0	1.0	0.0	3.0	6.0	1.0
215	4.0	0.0	2.0	0.0	4.0	8.0	2.0
216	0.0	3.0	0.0	1.0	1.4	4.6	1.0
217	0.0	0.0	0.0	0.0	0.0	0.0	0.0
218	1.0	1.0	0.0	0.0	1.0010000000000003	4.999	0.0
219	2.0	1.0	2.0	1.0	2.0	4.0	2.0
220	4.0	3.0	3.0	1.0	5.736000000000001	12.264	4.0
221	2.0	1.0	2.0	0.0	0.9990000000000006	8.001	2.0
222	2.0	0.0	2.0	0.0	2.0	4.0	2.0
223	2.0	2.0	0.0	0.0	3.4	8.6	0.0
224	1.0	1.0	0.0	0.0	0.6680000000000001	2.332	0.0
225	2.0	4.0	1.0	2.0	1.998000000000001	16.002	3.0
226	4.0	2.0	2.0	2.0	3.6660000000000004	11.334	3.0
227	3.0	4.0	3.0	1.0	5.799000000000001	15.200999999999999	4.0
228	2.0	0.0	1.0	0.0	2.0	4.0	1.0
229	3.0	4.0	2.0	1.0	6.0	12.0	3.0
230	3.0	2.0	2.0	1.0	2.6660000000000004	9.334	2.0
231	0.0	0.0	0.0	0.0	0.0	0.0	0.0
232	3.0	0.0	2.0	0.0	3.0	6.0	2.0
233	1.0	1.0	1.0	0.0	0.6660000000000004	5.334	1.0
234	3.0	1.0	2.0	1.0	4.0	8.0	3.0
235	3.0	1.0	2.0	0.0	2.668	6.332	2.0
236	4.0	2.0	4.0	1.0	4.0040000000000004	10.995999999999999	4.0
237	3.0	1.0	3.0	0.0	4.0	8.0	3.0
238	2.0	1.0	1.0	0.0	2.3360000000000003	6.664	1.0
239	3.0	2.0	2.0	2.0	4.0	11.0	4.0
240	2.0	4.0	1.0	2.0	3.6660000000000004	11.334	3.0
241	2.0	3.0	0.0	2.0	3.4010000000000002	8.599	1.0
242	2.0	2.0	2.0	2.0	3.0	6.0	3.0
243	3.0	0.0	1.0	0.0	3.0	6.0	1.0
244	3.0	0.0	2.0	0.0	3.0	6.0	2.0
245	3.0	1.0	2.0	1.0	2.733	6.2669999999999995	2.0
246	4.0	0.0	3.0	0.0	4.0	8.0	3.0
247	3.0	0.0	3.0	0.0	3.0	6.0	3.0
248	4.0	0.0	2.0	0.0	4.0	8.0	2.0
249	0.0	2.0	0.0	2.0	0.3330000000000002	2.667	1.0
250	2.0	4.0	0.0	3.0	5.068	12.932	3.0
251	1.0	1.0	1.0	1.0	1.6680000000000001	4.332	2.0
252	3.0	2.0	2.0	2.0	1.6660000000000004	7.334	2.0
253	0.0	0.0	0.0	0.0	0.0	0.0	0.0
254	3.0	0.0	1.0	0.0	3.0	6.0	1.0
255	3.0	2.0	2.0	1.0	3.668	8.332	2.0
256	4.0	0.0	3.0	0.0	4.0	8.0	3.0
257	3.0	2.0	2.0	1.0	4.0040000000000004	10.995999999999999	3.0
258	4.0	1.0	3.0	0.0	3.6690000000000005	11.331	3.0
259	1.0	4.0	1.0	2.0	2.6660000000000004	9.334	2.0
260	2.0	1.0	2.0	1.0	3.0	6.0	3.0
261	2.0	0.0	2.0	0.0	2.0	4.0	2.0
262	2.0	1.0	2.0	1.0	1.6660000000000004	7.334	3.0
263	2.0	1.0	2.0	1.0	2.668	6.332	3.0
264	2.0	1.0	1.0	0.0	0.9990000000000006	8.001	1.0
265	0.0	0.0	0.0	0.0	0.0	0.0	0.0
266	4.0	3.0	1.0	2.0	3.333	8.667	2.0
267	1.0	0.0	1.0	0.0	1.0	2.0	1.0
268	1.0	0.0	0.0	0.0	0.3330000000000002	2.667	0.0
269	3.0	1.0	1.0	0.0	2.333	6.667	1.0
270	3.0	4.0	2.0	0.0	1.9990000000000006	10.001	2.0
271	0.0	4.0	0.0	2.0	3.0	6.0	2.0
272	3.0	2.0	2.0	1.0	3.6660000000000004	11.334	3.0
273	2.0	0.0	1.0	0.0	0.6660000000000004	5.334	1.0
274	2.0	5.0	2.0	3.0	5.466000000000001	12.533999999999999	4.0
275	0.0	4.0	0.0	1.0	3.0010000000000003	8.998999999999999	1.0
276	2.0	2.0	1.0	1.0	2.736	6.263999999999999	1.0
277	1.0	0.0	1.0	0.0	0.3330000000000002	2.667	1.0
278	3.0	3.0	1.0	2.0	5.401	12.598999999999998	3.0
279	3.0	1.0	2.0	1.0	3.0	6.0	2.0
280	1.0	0.0	1.0	0.0	1.0	2.0	1.0
281	2.0	2.0	2.0	2.0	3.4	5.6	3.0
282	3.0	1.0	2.0	1.0	2.668	6.332	2.0
283	2.0	0.0	2.0	0.0	2.0	4.0	2.0
284	4.0	2.0	4.0	0.0	5.0	10.0	4.0
285	1.0	0.0	1.0	0.0	0.3330000000000002	2.667	1.0
286	3.0	0.0	3.0	0.0	3.0	6.0	3.0
287	1.0	0.0	1.0	0.0	1.4	1.6	1.0
288	0.0	1.0	0.0	1.0	1.0	2.0	1.0
289	2.0	0.0	2.0	0.0	2.0	4.0	2.0
290	1.0	0.0	1.0	0.0	1.0	2.0	1.0
291	3.0	0.0	1.0	0.0	3.0	6.0	1.0
292	0.0	0.0	0.0	0.0	0.0	0.0	0.0
293	1.0	0.0	1.0	0.0	0.3330000000000002	2.667	1.0
294	1.0	1.0	1.0	0.0	2.068	3.932	1.0
295	3.0	0.0	2.0	0.0	3.0	6.0	2.0
296	5.0	0.0	4.0	0.0	4.336	10.664000000000001	4.0
297	1.0	0.0	1.0	0.0	0.3330000000000002	2.667	1.0
298	1.0	2.0	0.0	1.0	2.0	4.0	1.0
299	4.0	1.0	3.0	0.0	2.6660000000000004	9.334	3.0
300	2.0	0.0	2.0	0.0	2.0	4.0	2.0
301	1.0	2.0	1.0	1.0	1.0010000000000003	7.999	2.0
302	4.0	1.0	3.0	1.0	4.333	10.667	4.0
303	3.0	1.0	2.0	0.0	4.068	7.932	2.0
304	1.0	2.0	1.0	0.0	1.3330000000000002	4.667	1.0
305	3.0	2.0	2.0	1.0	4.333	10.667	3.0
306	2.0	2.0	1.0	2.0	1.3330000000000002	4.667	1.0
307	3.0	0.0	2.0	0.0	3.0	6.0	2.0
308	3.0	0.0	2.0	0.0	3.0	6.0	2.0
309	4.0	0.0	3.0	0.0	4.0	8.0	3.0
310	2.0	1.0	2.0	0.0	3.0	6.0	2.0
311	1.0	3.0	0.0	2.0	3.0010000000000003	8.998999999999999	2.0
312	4.0	2.0	3.0	0.0	5.068	9.932	3.0
313	4.0	0.0	3.0	0.0	4.0	8.0	3.0
314	1.0	1.0	0.0	0.0	2.0	4.0	0.0
315	1.0	1.0	1.0	1.0	0.3330000000000002	2.667	1.0
316	0.0	0.0	0.0	0.0	0.0	0.0	0.0
317	1.0	0.0	1.0	0.0	0.3330000000000002	2.667	1.0
318	1.0	1.0	0.0	1.0	2.0	4.0	1.0
319	2.0	0.0	2.0	0.0	2.0	4.0	2.0
320	1.0	0.0	1.0	0.0	1.0	2.0	1.0
321	4.0	2.0	2.0	1.0	4.672000000000001	13.328	3.0
322	3.0	0.0	3.0	0.0	3.0	6.0	3.0
323	2.0	0.0	2.0	0.0	2.0	4.0	2.0
324	2.0	0.0	2.0	0.0	1.3360000000000003	4.664	2.0
325	3.0	3.0	2.0	1.0	2.3340000000000005	9.666	2.0
326	1.0	1.0	1.0	0.0	0.6660000000000004	5.334	1.0
327	2.0	0.0	2.0	0.0	2.0	4.0	2.0
328	1.0	5.0	1.0	2.0	3.9990000000000006	14.001	3.0
329	3.0	0.0	1.0	0.0	3.068	5.932	1.0
330	2.0	0.0	2.0	0.0	0.6660000000000004	5.334	2.0
331	2.0	0.0	1.0	0.0	0.6660000000000004	5.334	1.0
332	2.0	6.0	0.0	3.0	3.000000000000001	14.999999999999998	3.0
333	4.0	2.0	4.0	0.0	4.799	13.200999999999999	4.0
334	4.0	0.0	2.0	0.0	4.0	8.0	2.0
335	4.0	2.0	2.0	1.0	5.0	10.0	3.0
336	5.0	0.0	4.0	0.0	4.736000000000001	10.264	4.0
337	1.0	0.0	1.0	0.0	0.3330000000000002	2.667	1.0
338	2.0	2.0	2.0	0.0	3.0	6.0	2.0
339	6.0	0.0	5.0	0.0	5.736000000000001	12.264	5.0
340	3.0	3.0	3.0	3.0	2.6670000000000007	12.332999999999998	5.0
341	2.0	5.0	2.0	4.0	2.668	9.332	3.0
342	3.0	1.0	2.0	0.0	3.333	8.667	2.0
343	3.0	1.0	2.0	1.0	3.8	8.2	3.0
344	2.0	6.0	1.0	3.0	5.401	12.599	3.0
345	4.0	1.0	3.0	0.0	2.6720000000000006	9.328	3.0
346	2.0	2.0	1.0	0.0	2.333	6.667	1.0
347	2.0	2.0	2.0	2.0	3.0	6.0	3.0
348	3.0	3.0	1.0	2.0	3.736	8.264	2.0
349	0.0	1.0	0.0	1.0	1.0	2.0	1.0
350	1.0	2.0	1.0	1.0	1.6680000000000001	4.332	1.0
351	4.0	1.0	3.0	0.0	4.0040000000000004	10.995999999999999	3.0
352	1.0	0.0	0.0	0.0	1.0	2.0	0.0
353	2.0	1.0	2.0	0.0	3.068	5.932	2.0
354	0.0	0.0	0.0	0.0	0.0	0.0	0.0
355	3.0	0.0	2.0	0.0	3.0	6.0	2.0
356	4.0	2.0	4.0	2.0	4.0	8.0	4.0
357	2.0	0.0	2.0	0.0	2.0	4.0	2.0
358	2.0	0.0	2.0	0.0	2.0	4.0	2.0
359	2.0	1.0	1.0	1.0	1.3330000000000002	4.667	1.0
360	4.0	0.0	3.0	0.0	3.3360000000000003	8.664	3.0
361	3.0	3.0	2.0	2.0	4.333	10.667	3.0
362	3.0	0.0	2.0	0.0	3.0	6.0	2.0
363	0.0	1.0	0.0	0.0	0.6680000000000001	2.332	0.0
364	2.0	4.0	2.0	4.0	4.0040000000000004	10.995999999999999	5.0
365	4.0	2.0	3.0	2.0	4.668	10.332	4.0
366	1.0	0.0	0.0	0.0	0.3330000000000002	2.667	0.0
367	2.0	1.0	2.0	0.0	3.0	6.0	2.0
368	3.0	2.0	2.0	1.0	4.336	10.664	3.0
369	1.0	3.0	1.0	1.0	1.6680000000000001	7.332	1.0
370	2.0	0.0	2.0	0.0	0.6660000000000004	5.334	2.0
371	4.0	0.0	3.0	0.0	4.0	8.0	3.0
372	2.0	3.0	2.0	2.0	3.4	5.6	2.0
373	2.0	1.0	1.0	0.0	2.0	4.0	1.0
374	3.0	0.0	2.0	0.0	0.9990000000000006	8.001	2.0
375	1.0	0.0	1.0	0.0	1.0	2.0	1.0
376	4.0	0.0	2.0	0.0	4.0	8.0	2.0
377	2.0	1.0	1.0	1.0	1.3330000000000002	4.667	1.0
378	1.0	0.0	0.0	0.0	0.3330000000000002	2.667	0.0
379	2.0	1.0	1.0	0.0	3.0	6.0	1.0
380	1.0	1.0	1.0	1.0	1.0	2.0	1.0
381	0.0	0.0	0.0	0.0	0.0	0.0	0.0
382	3.0	0.0	2.0	0.0	3.0	6.0	2.0
383	2.0	0.0	0.0	0.0	2.0	4.0	0.0
384	2.0	2.0	1.0	2.0	2.333	6.667	2.0
385	5.0	1.0	3.0	1.0	5.668	12.332	4.0
386	3.0	0.0	2.0	0.0	3.0	6.0	2.0
387	2.0	0.0	2.0	0.0	0.6660000000000004	5.334	2.0
388	3.0	1.0	2.0	1.0	3.668	8.332	3.0
389	1.0	0.0	1.0	0.0	0.3330000000000002	2.667	1.0
390	3.0	0.0	1.0	0.0	3.0	6.0	1.0
391	4.0	0.0	3.0	0.0	4.0	8.0	3.0
392	3.0	0.0	2.0	0.0	3.0	6.0	2.0
393	4.0	0.0	2.0	0.0	3.0	6.0	2.0
394	2.0	0.0	2.0	0.0	2.0	4.0	2.0
395	3.0	0.0	3.0	0.0	3.0	6.0	3.0
396	3.0	2.0	2.0	0.0	3.0	6.0	2.0
397	2.0	0.0	1.0	0.0	2.0	4.0	1.0
398	0.0	0.0	0.0	0.0	0.0	0.0	0.0
399	0.0	1.0	0.0	0.0	1.0	2.0	0.0
400	0.0	0.0	0.0	0.0	0.0	0.0	0.0
401	2.0	0.0	1.0	0.0	1.3360000000000003	4.664	1.0
402	3.0	0.0	2.0	0.0	3.0	6.0	2.0
403	2.0	0.0	1.0	0.0	2.0	4.0	1.0
404	3.0	0.0	2.0	0.0	3.0	6.0	2.0
405	0.0	0.0	0.0	0.0	0.0	0.0	0.0
406	3.0	2.0	3.0	1.0	5.0	10.0	4.0
407	4.0	2.0	3.0	2.0	3.333	8.667	3.0
408	3.0	0.0	2.0	0.0	3.0	6.0	2.0
409	1.0	0.0	0.0	0.0	0.3330000000000002	2.667	0.0
410	1.0	0.0	0.0	0.0	1.0	2.0	0.0
411	1.0	2.0	1.0	0.0	0.6660000000000004	5.334	1.0
412	2.0	0.0	1.0	0.0	2.0	4.0	1.0
413	4.0	1.0	2.0	1.0	4.0	8.0	2.0
414	1.0	0.0	0.0	0.0	1.0	2.0	0.0
415	1.0	0.0	1.0	0.0	0.6680000000000001	2.332	1.0
416	3.0	0.0	3.0	0.0	3.0	6.0	3.0
417	4.0	0.0	3.0	0.0	4.0	8.0	3.0
418	3.0	1.0	1.0	1.0	1.9990000000000006	10.001	2.0
419	4.0	0.0	2.0	0.0	4.468	7.532	2.0
420	3.0	0.0	3.0	0.0	2.068	3.932	2.0
421	1.0	2.0	0.0	2.0	0.9990000000000006	8.001	2.0
422	2.0	0.0	2.0	0.0	2.0	4.0	2.0
423	3.0	0.0	2.0	0.0	0.9990000000000006	8.001	2.0
424	3.0	0.0	0.0	0.0	3.0	6.0	0.0
425	3.0	0.0	2.0	0.0	3.0	6.0	2.0
426	2.0	2.0	1.0	2.0	3.333	8.667	3.0
427	1.0	3.0	1.0	2.0	1.3320000000000007	10.668	3.0
428	2.0	3.0	1.0	2.0	2.3320000000000007	12.668	3.0
429	2.0	0.0	2.0	0.0	2.0	4.0	2.0
430	4.0	0.0	1.0	0.0	3.068	5.932	1.0
431	2.0	2.0	1.0	2.0	1.3320000000000007	10.668	3.0
432	2.0	0.0	1.0	0.0	2.0	4.0	1.0
433	0.0	0.0	0.0	0.0	0.0	0.0	0.0
434	6.0	0.0	4.0	0.0	4.336	10.664	3.0
435	2.0	0.0	2.0	0.0	2.0	4.0	2.0
436	0.0	0.0	0.0	0.0	0.0	0.0	0.0
437	0.0	0.0	0.0	0.0	0.0	0.0	0.0
438	1.0	0.0	1.0	0.0	0.3330000000000002	2.667	1.0
439	3.0	0.0	2.0	0.0	0.9990000000000006	8.001	2.0
440	4.0	0.0	4.0	0.0	4.0	8.0	4.0
441	2.0	1.0	1.0	1.0	3.0	6.0	2.0
442	3.0	2.0	3.0	2.0	3.668	8.332	4.0
443	3.0	2.0	1.0	0.0	4.068	7.932	1.0
444	2.0	2.0	1.0	2.0	3.0	6.0	2.0
445	3.0	0.0	3.0	0.0	2.3360000000000003	6.664	3.0
446	2.0	2.0	1.0	1.0	2.668	6.332	1.0
447	2.0	1.0	1.0	0.0	3.0	6.0	1.0
448	4.0	2.0	2.0	0.0	5.0	10.0	2.0
449	2.0	3.0	1.0	3.0	3.333	8.667	3.0
450	3.0	1.0	2.0	1.0	3.068	5.932	2.0
451	3.0	3.0	2.0	3.0	4.336	10.664	4.0
452	3.0	2.0	3.0	2.0	2.668	6.332	3.0
453	1.0	1.0	1.0	0.0	0.6680000000000001	5.332	1.0
454	3.0	1.0	2.0	0.0	3.0	9.0	2.0
455	3.0	0.0	2.0	0.0	2.668	6.332	2.0
456	1.0	3.0	0.0	2.0	3.4	5.6	2.0
457	4.0	1.0	3.0	1.0	3.0010000000000003	8.998999999999999	3.0
458	1.0	2.0	0.0	1.0	2.068	6.932	1.0
459	0.0	1.0	0.0	1.0	0.3330000000000002	2.667	1.0
460	2.0	3.0	2.0	0.0	2.0020000000000007	9.998	2.0
461	2.0	3.0	0.0	2.0	1.9990000000000006	10.001	2.0
462	0.0	4.0	0.0	0.0	1.6680000000000001	7.332	0.0
463	2.0	2.0	1.0	2.0	2.8	9.2	3.0
464	3.0	0.0	2.0	0.0	3.0	6.0	2.0
465	1.0	1.0	1.0	1.0	1.0010000000000003	4.999	2.0
466	3.0	2.0	2.0	0.0	3.3360000000000003	8.664	1.0
467	0.0	0.0	0.0	0.0	0.0	0.0	0.0
