all_syn	all_nonSyn	tip_syn	tip_nonSyn	S	N	comparisons
001	0.0	0.0	0.0	0.0	0.0	0.0	0.0
002	0.0	0.0	0.0	0.0	0.0	0.0	0.0
003	0.0	2.0	0.0	2.0	0.3330000000000002	2.667	1.0
004	0.0	1.0	0.0	1.0	0.3330000000000002	2.667	1.0
005	0.0	1.0	0.0	1.0	1.0	2.0	1.0
006	2.0	1.0	1.0	1.0	0.6660000000000004	5.334	1.0
007	2.0	2.0	2.0	2.0	2.0	4.0	2.0
008	2.0	2.0	0.0	1.0	1.6660000000000004	7.334	1.0
009	3.0	2.0	2.0	2.0	2.333	6.667	2.0
010	2.0	1.0	1.0	1.0	3.0	6.0	2.0
011	0.0	2.0	0.0	2.0	1.0	2.0	1.0
012	3.0	1.0	1.0	1.0	4.0	8.0	2.0
013	2.0	0.0	2.0	0.0	2.0	4.0	2.0
014	4.0	1.0	3.0	1.0	3.6690000000000005	11.331	4.0
015	3.0	0.0	2.0	0.0	3.0	6.0	2.0
016	0.0	0.0	0.0	0.0	0.0	0.0	0.0
017	2.0	0.0	0.0	0.0	2.0	4.0	0.0
018	3.0	0.0	2.0	0.0	3.468	5.532	2.0
019	0.0	0.0	0.0	0.0	0.0	0.0	0.0
020	0.0	0.0	0.0	0.0	0.0	0.0	0.0
021	0.0	0.0	0.0	0.0	0.0	0.0	0.0
022	1.0	0.0	0.0	0.0	1.4	1.6	0.0
023	2.0	0.0	1.0	0.0	0.6660000000000004	5.334	1.0
024	1.0	1.0	1.0	1.0	1.0	2.0	1.0
025	2.0	4.0	1.0	2.0	5.0680000000000005	12.931999999999999	3.0
026	0.0	0.0	0.0	0.0	0.0	0.0	0.0
027	0.0	2.0	0.0	1.0	0.6660000000000004	5.334	1.0
028	2.0	1.0	1.0	1.0	0.9990000000000006	8.001	2.0
029	0.0	2.0	0.0	2.0	0.3330000000000002	2.667	1.0
030	2.0	2.0	0.0	2.0	2.333	6.667	1.0
031	2.0	1.0	1.0	1.0	1.3330000000000002	4.667	1.0
032	1.0	2.0	1.0	2.0	1.3330000000000002	4.667	2.0
033	0.0	0.0	0.0	0.0	0.0	0.0	0.0
034	4.0	2.0	4.0	2.0	3.333	8.667	4.0
035	1.0	2.0	1.0	2.0	1.0	2.0	1.0
036	1.0	1.0	1.0	1.0	0.6660000000000004	5.334	2.0
037	1.0	2.0	1.0	2.0	0.6660000000000004	5.334	2.0
038	4.0	1.0	2.0	1.0	5.0	10.0	3.0
039	1.0	3.0	1.0	3.0	2.333	6.667	3.0
040	2.0	2.0	1.0	1.0	0.9990000000000006	8.001	2.0
041	1.0	1.0	1.0	1.0	1.0	2.0	1.0
042	0.0	0.0	0.0	0.0	0.0	0.0	0.0
043	1.0	0.0	1.0	0.0	0.3330000000000002	2.667	1.0
044	1.0	0.0	1.0	0.0	0.3330000000000002	2.667	1.0
045	3.0	0.0	2.0	0.0	2.668	6.332	2.0
046	2.0	1.0	1.0	1.0	0.9990000000000006	8.001	2.0
047	1.0	1.0	1.0	1.0	1.0	2.0	1.0
048	1.0	1.0	1.0	1.0	2.0	4.0	2.0
049	0.0	1.0	0.0	1.0	1.0	2.0	1.0
050	2.0	0.0	2.0	0.0	0.6660000000000004	5.334	2.0
051	3.0	1.0	2.0	1.0	3.0	6.0	2.0
052	2.0	0.0	0.0	0.0	2.8	3.2	0.0
053	1.0	1.0	0.0	1.0	0.6660000000000004	5.334	1.0
054	2.0	2.0	1.0	2.0	3.0	6.0	2.0
055	2.0	2.0	1.0	0.0	3.0	6.0	1.0
056	1.0	2.0	1.0	2.0	1.0	2.0	1.0
057	2.0	0.0	2.0	0.0	2.0	4.0	2.0
058	1.0	3.0	0.0	2.0	4.0	8.0	2.0
059	2.0	1.0	0.0	1.0	3.0	6.0	1.0
060	1.0	3.0	0.0	2.0	3.333	8.667	2.0
061	2.0	3.0	2.0	0.0	3.333	8.667	2.0
062	2.0	2.0	1.0	2.0	3.0	6.0	2.0
063	3.0	1.0	1.0	1.0	4.068	7.932	2.0
064	1.0	0.0	0.0	0.0	1.0	2.0	0.0
065	2.0	2.0	0.0	0.0	1.3330000000000002	4.667	0.0
066	4.0	0.0	2.0	0.0	4.8	7.2	2.0
067	0.0	1.0	0.0	1.0	1.0	2.0	1.0
068	0.0	0.0	0.0	0.0	0.0	0.0	0.0
069	2.0	0.0	2.0	0.0	2.4	3.6	2.0
070	2.0	0.0	0.0	0.0	0.6660000000000004	5.334	0.0
071	4.0	1.0	3.0	1.0	3.668	8.332	3.0
072	3.0	2.0	1.0	1.0	3.668	8.332	2.0
073	2.0	3.0	2.0	3.0	2.333	6.667	3.0
074	1.0	0.0	1.0	0.0	1.0	2.0	1.0
075	3.0	2.0	2.0	2.0	4.0	8.0	3.0
076	1.0	0.0	1.0	0.0	1.0	2.0	1.0
077	1.0	0.0	0.0	0.0	0.3330000000000002	2.667	0.0
078	2.0	0.0	2.0	0.0	2.0	4.0	2.0
079	1.0	0.0	1.0	0.0	0.3330000000000002	2.667	1.0
080	3.0	0.0	2.0	0.0	3.0	6.0	2.0
081	2.0	1.0	1.0	1.0	2.733	6.2669999999999995	2.0
082	1.0	4.0	1.0	3.0	1.9990000000000006	10.001	3.0
083	2.0	0.0	2.0	0.0	2.0	4.0	2.0
084	2.0	1.0	1.0	1.0	3.0	6.0	2.0
085	1.0	2.0	0.0	0.0	1.3330000000000002	4.667	0.0
086	2.0	1.0	1.0	1.0	0.9990000000000006	8.001	2.0
087	2.0	2.0	1.0	2.0	1.6660000000000004	7.334	2.0
088	3.0	0.0	3.0	0.0	3.0	6.0	3.0
089	0.0	0.0	0.0	0.0	0.0	0.0	0.0
090	1.0	2.0	1.0	2.0	0.6660000000000004	5.334	2.0
091	1.0	0.0	1.0	0.0	0.3330000000000002	2.667	1.0
092	4.0	0.0	3.0	0.0	4.8	7.199999999999999	3.0
093	0.0	3.0	0.0	2.0	1.6660000000000004	7.334	2.0
094	4.0	1.0	4.0	1.0	4.8	7.2	4.0
095	2.0	1.0	2.0	1.0	2.333	6.667	3.0
096	2.0	3.0	2.0	1.0	1.3340000000000005	10.666	3.0
097	2.0	1.0	1.0	1.0	1.6660000000000004	7.334	2.0
098	1.0	1.0	1.0	0.0	2.0	4.0	1.0
099	1.0	2.0	0.0	2.0	1.3330000000000002	4.667	1.0
100	2.0	0.0	1.0	0.0	2.0	4.0	1.0
101	1.0	0.0	1.0	0.0	0.3330000000000002	2.667	1.0
102	1.0	0.0	1.0	0.0	1.0	2.0	1.0
103	3.0	1.0	1.0	0.0	3.0	6.0	1.0
104	1.0	1.0	0.0	1.0	0.6660000000000004	5.334	1.0
105	1.0	0.0	1.0	0.0	0.3330000000000002	2.667	1.0
106	3.0	0.0	1.0	0.0	3.0	6.0	1.0
107	1.0	0.0	1.0	0.0	1.0	2.0	1.0
108	1.0	2.0	0.0	1.0	1.6680000000000001	4.332	1.0
109	3.0	1.0	2.0	1.0	4.0	8.0	3.0
110	1.0	0.0	1.0	0.0	1.0	2.0	1.0
111	2.0	0.0	1.0	0.0	2.0	4.0	1.0
112	2.0	0.0	1.0	0.0	2.0	4.0	1.0
113	2.0	2.0	2.0	2.0	1.3330000000000002	4.667	2.0
114	2.0	0.0	2.0	0.0	2.0	4.0	2.0
115	3.0	1.0	3.0	1.0	1.3330000000000002	4.667	2.0
116	0.0	0.0	0.0	0.0	0.0	0.0	0.0
117	0.0	4.0	0.0	2.0	2.0010000000000003	6.999	1.0
118	0.0	0.0	0.0	0.0	0.0	0.0	0.0
119	3.0	0.0	1.0	0.0	2.3360000000000003	6.664	1.0
120	1.0	1.0	0.0	1.0	1.0010000000000003	4.999	1.0
121	2.0	0.0	1.0	0.0	2.0	4.0	1.0
122	4.0	2.0	2.0	2.0	5.2010000000000005	9.799	3.0
123	4.0	2.0	3.0	2.0	4.666	13.334	5.0
124	2.0	0.0	2.0	0.0	2.0	4.0	2.0
125	2.0	0.0	2.0	0.0	2.0	4.0	2.0
126	2.0	0.0	1.0	0.0	0.6660000000000004	5.334	1.0
127	3.0	1.0	2.0	1.0	3.0	6.0	2.0
128	1.0	0.0	0.0	0.0	0.3330000000000002	2.667	0.0
129	2.0	1.0	1.0	0.0	2.0	4.0	1.0
130	1.0	2.0	1.0	2.0	0.6660000000000004	5.334	2.0
131	3.0	0.0	1.0	0.0	3.0	6.0	1.0
132	0.0	0.0	0.0	0.0	0.0	0.0	0.0
133	3.0	3.0	3.0	2.0	3.0010000000000003	8.998999999999999	3.0
134	1.0	0.0	1.0	0.0	0.6680000000000001	2.332	1.0
135	3.0	0.0	2.0	0.0	3.0	6.0	2.0
136	2.0	0.0	1.0	0.0	0.6660000000000004	5.334	1.0
137	1.0	0.0	1.0	0.0	1.0	2.0	1.0
138	0.0	0.0	0.0	0.0	0.0	0.0	0.0
139	1.0	1.0	1.0	1.0	0.6660000000000004	5.334	2.0
140	0.0	0.0	0.0	0.0	0.0	0.0	0.0
141	1.0	0.0	1.0	0.0	1.0	2.0	1.0
142	2.0	2.0	2.0	2.0	1.6660000000000004	7.334	3.0
143	4.0	2.0	4.0	2.0	2.3370000000000006	9.663	4.0
144	2.0	0.0	1.0	0.0	2.0	4.0	1.0
145	2.0	2.0	0.0	2.0	4.0	8.0	2.0
146	2.0	0.0	2.0	0.0	1.3360000000000003	4.664	2.0
147	2.0	0.0	2.0	0.0	0.6660000000000004	5.334	2.0
148	3.0	1.0	2.0	1.0	3.668	8.332	3.0
149	3.0	0.0	1.0	0.0	3.0	6.0	1.0
150	2.0	1.0	1.0	1.0	1.6690000000000005	7.3309999999999995	2.0
151	0.0	3.0	0.0	1.0	0.9990000000000006	8.001	1.0
152	0.0	1.0	0.0	1.0	0.6680000000000001	2.332	1.0
153	1.0	0.0	1.0	0.0	0.3330000000000002	2.667	1.0
154	1.0	1.0	1.0	1.0	1.4	1.6	1.0
155	2.0	2.0	2.0	2.0	3.333	8.667	4.0
156	3.0	0.0	0.0	0.0	3.0	6.0	0.0
157	0.0	0.0	0.0	0.0	0.0	0.0	0.0
158	4.0	0.0	4.0	0.0	4.0	8.0	4.0
159	2.0	2.0	0.0	2.0	2.333	6.667	1.0
160	2.0	3.0	1.0	3.0	3.333	8.667	3.0
161	0.0	1.0	0.0	0.0	0.3330000000000002	2.667	0.0
162	0.0	6.0	0.0	6.0	3.0	6.0	3.0
163	2.0	1.0	1.0	1.0	3.0	6.0	2.0
164	2.0	1.0	2.0	1.0	2.0010000000000003	6.999	3.0
165	2.0	1.0	2.0	1.0	2.0	4.0	2.0
166	1.0	0.0	0.0	0.0	0.6680000000000001	2.332	0.0
167	1.0	1.0	0.0	1.0	2.0	4.0	1.0
168	2.0	0.0	1.0	0.0	2.0	4.0	1.0
169	1.0	0.0	1.0	0.0	1.0	2.0	1.0
170	0.0	1.0	0.0	1.0	0.3330000000000002	2.667	1.0
171	1.0	1.0	1.0	1.0	0.6660000000000004	5.334	2.0
172	2.0	2.0	2.0	2.0	1.3330000000000002	4.667	2.0
173	3.0	0.0	3.0	0.0	3.0	6.0	3.0
174	3.0	2.0	3.0	2.0	2.668	6.332	3.0
175	2.0	0.0	2.0	0.0	1.6680000000000001	4.332	2.0
176	3.0	3.0	1.0	3.0	4.333	10.667	3.0
177	2.0	0.0	0.0	0.0	2.0	4.0	0.0
178	2.0	1.0	1.0	0.0	2.0	4.0	1.0
179	1.0	2.0	1.0	2.0	1.3330000000000002	4.667	2.0
180	3.0	0.0	2.0	0.0	3.0	6.0	2.0
181	2.0	3.0	2.0	3.0	2.3340000000000005	9.666	4.0
182	1.0	3.0	1.0	3.0	1.6660000000000004	7.334	3.0
183	1.0	1.0	1.0	1.0	0.3330000000000002	2.667	1.0
184	3.0	3.0	2.0	3.0	3.333	8.667	3.0
185	2.0	0.0	1.0	0.0	0.6660000000000004	5.334	1.0
186	1.0	0.0	1.0	0.0	0.3330000000000002	2.667	1.0
187	1.0	4.0	1.0	2.0	3.0	9.0	2.0
188	3.0	2.0	2.0	2.0	3.333	8.667	3.0
189	2.0	4.0	1.0	4.0	2.333	6.667	2.0
190	3.0	1.0	2.0	1.0	3.0	6.0	2.0
191	3.0	1.0	1.0	1.0	1.3360000000000003	4.664	1.0
192	2.0	1.0	2.0	1.0	0.3330000000000002	2.667	1.0
193	2.0	0.0	0.0	0.0	2.0	4.0	0.0
194	3.0	0.0	1.0	0.0	3.0	6.0	1.0
195	2.0	0.0	1.0	0.0	0.6660000000000004	5.334	1.0
196	1.0	0.0	0.0	0.0	1.0	2.0	0.0
197	2.0	0.0	1.0	0.0	2.0	4.0	1.0
198	2.0	2.0	1.0	2.0	0.9990000000000006	8.001	2.0
199	2.0	1.0	2.0	1.0	2.0	4.0	2.0
200	1.0	1.0	0.0	1.0	2.0	4.0	1.0
201	2.0	3.0	1.0	2.0	3.668	8.332	2.0
202	2.0	3.0	1.0	1.0	1.6660000000000004	7.334	1.0
203	0.0	2.0	0.0	0.0	0.6660000000000004	5.334	0.0
204	3.0	2.0	1.0	0.0	2.9990000000000006	12.001	1.0
205	2.0	1.0	1.0	1.0	2.0	4.0	1.0
206	1.0	4.0	1.0	1.0	3.333	8.667	1.0
207	0.0	1.0	0.0	1.0	1.0	2.0	1.0
208	1.0	2.0	1.0	2.0	0.3330000000000002	2.667	1.0
209	3.0	3.0	2.0	2.0	1.9990000000000006	10.001	3.0
210	2.0	2.0	2.0	2.0	1.3330000000000002	4.667	2.0
211	1.0	0.0	1.0	0.0	1.0	2.0	1.0
212	0.0	1.0	0.0	1.0	1.0	2.0	1.0
213	2.0	0.0	2.0	0.0	2.0	4.0	2.0
214	4.0	3.0	2.0	3.0	5.0	10.0	3.0
215	2.0	6.0	1.0	6.0	2.6670000000000007	12.332999999999998	4.0
216	2.0	1.0	1.0	1.0	1.0010000000000003	4.999	1.0
217	0.0	1.0	0.0	1.0	0.3330000000000002	2.667	1.0
218	2.0	1.0	1.0	1.0	2.333	6.667	2.0
219	3.0	1.0	3.0	1.0	3.0	6.0	3.0
220	3.0	0.0	1.0	0.0	3.0	6.0	1.0
221	3.0	0.0	3.0	0.0	3.0	6.0	3.0
222	2.0	3.0	2.0	2.0	1.6660000000000004	7.334	2.0
223	2.0	2.0	2.0	0.0	2.333	6.667	2.0
224	1.0	1.0	1.0	0.0	2.0	4.0	1.0
225	3.0	3.0	3.0	3.0	4.0	8.0	4.0
226	3.0	1.0	2.0	1.0	3.0	6.0	2.0
227	4.0	1.0	4.0	1.0	2.668	6.332	3.0
228	2.0	1.0	1.0	0.0	0.9990000000000006	8.001	1.0
229	2.0	0.0	2.0	0.0	1.6680000000000001	4.332	2.0
230	1.0	0.0	1.0	0.0	0.3330000000000002	2.667	1.0
231	2.0	0.0	0.0	0.0	2.0	4.0	0.0
232	4.0	2.0	1.0	2.0	6.0	12.0	3.0
233	1.0	2.0	1.0	2.0	2.333	6.667	3.0
234	2.0	2.0	2.0	0.0	1.3320000000000007	10.668	2.0
235	3.0	1.0	2.0	1.0	3.0	6.0	2.0
236	1.0	1.0	1.0	1.0	0.6680000000000001	2.332	1.0
237	1.0	1.0	0.0	0.0	1.0	2.0	0.0
238	1.0	0.0	1.0	0.0	0.3330000000000002	2.667	1.0
239	1.0	0.0	0.0	0.0	0.3330000000000002	2.667	0.0
240	1.0	0.0	1.0	0.0	0.3330000000000002	2.667	1.0
241	1.0	0.0	0.0	0.0	0.3330000000000002	2.667	0.0
242	4.0	0.0	2.0	0.0	3.668	8.332	2.0
243	1.0	1.0	1.0	1.0	1.0010000000000003	4.999	2.0
244	3.0	0.0	1.0	0.0	3.0	6.0	1.0
245	0.0	0.0	0.0	0.0	0.0	0.0	0.0
246	2.0	1.0	1.0	1.0	2.3360000000000003	6.664	2.0
247	3.0	0.0	3.0	0.0	0.9990000000000006	8.001	3.0
248	3.0	5.0	2.0	4.0	3.000000000000001	15.0	4.0
249	0.0	2.0	0.0	1.0	0.6660000000000004	5.334	1.0
250	0.0	0.0	0.0	0.0	0.0	0.0	0.0
251	4.0	0.0	3.0	0.0	4.0	8.0	3.0
252	1.0	0.0	1.0	0.0	0.3330000000000002	2.667	1.0
253	0.0	0.0	0.0	0.0	0.0	0.0	0.0
254	4.0	0.0	3.0	0.0	2.668	6.332	2.0
255	2.0	0.0	2.0	0.0	0.6660000000000004	5.334	2.0
256	2.0	0.0	0.0	0.0	2.0	4.0	0.0
257	1.0	0.0	1.0	0.0	0.3330000000000002	2.667	1.0
258	1.0	0.0	1.0	0.0	1.0	2.0	1.0
259	3.0	1.0	3.0	1.0	2.0010000000000003	6.999	3.0
260	3.0	0.0	2.0	0.0	3.0	6.0	2.0
261	1.0	0.0	1.0	0.0	0.3330000000000002	2.667	1.0
262	3.0	0.0	1.0	0.0	3.0	6.0	1.0
263	1.0	0.0	1.0	0.0	0.3330000000000002	2.667	1.0
264	2.0	0.0	1.0	0.0	2.0	4.0	1.0
265	3.0	0.0	2.0	0.0	3.0	6.0	2.0
266	2.0	0.0	2.0	0.0	2.0	4.0	2.0
267	2.0	0.0	1.0	0.0	2.0	4.0	1.0
268	2.0	0.0	2.0	0.0	2.0	4.0	2.0
269	0.0	1.0	0.0	1.0	1.0	2.0	1.0
270	2.0	2.0	2.0	2.0	1.3330000000000002	4.667	2.0
271	2.0	2.0	2.0	1.0	4.0	8.0	3.0
272	3.0	3.0	2.0	2.0	3.333	8.667	2.0
273	0.0	5.0	0.0	4.0	1.9990000000000006	10.001	3.0
274	2.0	1.0	0.0	1.0	2.333	6.667	1.0
275	0.0	1.0	0.0	0.0	0.3330000000000002	2.667	0.0
276	1.0	4.0	1.0	2.0	2.333	6.667	1.0
277	0.0	2.0	0.0	1.0	0.6660000000000004	5.334	1.0
278	0.0	2.0	0.0	1.0	0.6660000000000004	5.334	1.0
279	0.0	0.0	0.0	0.0	0.0	0.0	0.0
280	0.0	0.0	0.0	0.0	0.0	0.0	0.0
281	0.0	0.0	0.0	0.0	0.0	0.0	0.0
282	0.0	0.0	0.0	0.0	0.0	0.0	0.0
283	0.0	0.0	0.0	0.0	0.0	0.0	0.0
284	2.0	4.0	2.0	0.0	2.3340000000000005	12.666	1.0
285	2.0	3.0	1.0	2.0	3.333	8.667	3.0
286	1.0	2.0	1.0	1.0	0.6660000000000004	5.334	1.0
287	1.0	4.0	1.0	3.0	1.6660000000000004	7.334	2.0
288	0.0	2.0	0.0	1.0	1.6680000000000001	4.332	1.0
289	2.0	4.0	2.0	4.0	1.6660000000000004	7.334	3.0
290	1.0	3.0	0.0	2.0	3.0	6.0	1.0
291	2.0	2.0	2.0	1.0	2.0010000000000003	6.999	2.0
292	0.0	0.0	0.0	0.0	0.0	0.0	0.0
293	0.0	0.0	0.0	0.0	0.0	0.0	0.0
294	0.0	0.0	0.0	0.0	0.0	0.0	0.0
295	0.0	0.0	0.0	0.0	0.0	0.0	0.0
296	2.0	2.0	1.0	2.0	2.333	6.667	2.0
297	2.0	1.0	2.0	1.0	1.6660000000000004	7.334	3.0
298	2.0	2.0	1.0	1.0	2.068	3.932	1.0
299	3.0	5.0	2.0	5.0	3.3990000000000005	11.600999999999999	4.0
300	1.0	2.0	1.0	2.0	1.3330000000000002	4.667	2.0
301	3.0	0.0	3.0	0.0	3.0	6.0	3.0
302	4.0	0.0	2.0	0.0	4.0	8.0	2.0
303	2.0	3.0	2.0	3.0	2.333	6.667	3.0
304	2.0	3.0	2.0	2.0	1.6660000000000004	7.334	2.0
305	3.0	1.0	3.0	1.0	3.0	6.0	3.0
306	1.0	2.0	0.0	2.0	3.0	6.0	2.0
307	1.0	3.0	0.0	2.0	3.4010000000000002	8.599	2.0
308	2.0	2.0	0.0	0.0	4.0	8.0	0.0
309	1.0	0.0	0.0	0.0	1.0	2.0	0.0
310	0.0	1.0	0.0	1.0	1.0	2.0	1.0
311	1.0	2.0	0.0	0.0	1.3330000000000002	4.667	0.0
312	1.0	2.0	1.0	1.0	1.6680000000000001	4.332	1.0
313	2.0	1.0	1.0	0.0	3.0	6.0	1.0
314	1.0	2.0	0.0	0.0	1.6680000000000001	4.332	0.0
315	0.0	0.0	0.0	0.0	0.0	0.0	0.0
316	0.0	0.0	0.0	0.0	0.0	0.0	0.0
317	0.0	0.0	0.0	0.0	0.0	0.0	0.0
318	0.0	0.0	0.0	0.0	0.0	0.0	0.0
319	0.0	0.0	0.0	0.0	0.0	0.0	0.0
320	0.0	0.0	0.0	0.0	0.0	0.0	0.0
321	0.0	0.0	0.0	0.0	0.0	0.0	0.0
322	1.0	2.0	0.0	0.0	2.4	3.6	0.0
323	1.0	0.0	0.0	0.0	1.0	2.0	0.0
324	1.0	2.0	1.0	0.0	2.0040000000000004	6.9959999999999996	1.0
325	2.0	0.0	1.0	0.0	2.0	4.0	1.0
326	2.0	0.0	0.0	0.0	2.0	4.0	0.0
327	0.0	1.0	0.0	0.0	0.3330000000000002	2.667	0.0
328	0.0	0.0	0.0	0.0	0.0	0.0	0.0
329	0.0	0.0	0.0	0.0	0.0	0.0	0.0
330	0.0	0.0	0.0	0.0	0.0	0.0	0.0
331	0.0	0.0	0.0	0.0	0.0	0.0	0.0
332	0.0	0.0	0.0	0.0	0.0	0.0	0.0
333	0.0	0.0	0.0	0.0	0.0	0.0	0.0
334	0.0	0.0	0.0	0.0	0.0	0.0	0.0
335	0.0	0.0	0.0	0.0	0.0	0.0	0.0
336	2.0	5.0	0.0	3.0	2.665000000000001	15.334999999999999	3.0
337	1.0	3.0	1.0	2.0	1.6660000000000004	7.334	2.0
338	2.0	3.0	0.0	1.0	3.0010000000000003	8.998999999999999	1.0
339	1.0	4.0	1.0	3.0	1.6660000000000004	7.334	2.0
340	4.0	2.0	3.0	2.0	4.333	10.667	4.0
341	3.0	0.0	3.0	0.0	3.0	6.0	3.0
342	3.0	0.0	2.0	0.0	0.9990000000000006	8.001	2.0
343	2.0	0.0	2.0	0.0	0.6660000000000004	5.334	2.0
344	2.0	0.0	2.0	0.0	0.6660000000000004	5.334	2.0
345	2.0	0.0	0.0	0.0	2.0	4.0	0.0
346	1.0	1.0	0.0	1.0	2.0	4.0	1.0
347	1.0	0.0	1.0	0.0	1.0	2.0	1.0
348	3.0	1.0	1.0	1.0	3.0	9.0	2.0
349	3.0	0.0	3.0	0.0	0.9990000000000006	8.001	3.0
350	1.0	0.0	1.0	0.0	1.0	2.0	1.0
351	1.0	2.0	0.0	0.0	2.333	6.667	0.0
352	0.0	4.0	0.0	2.0	3.333	8.667	2.0
353	2.0	1.0	1.0	0.0	2.333	6.667	1.0
354	1.0	3.0	1.0	0.0	2.6660000000000004	9.334	1.0
355	1.0	4.0	1.0	3.0	1.9990000000000006	10.001	3.0
356	2.0	2.0	2.0	1.0	2.333	6.667	2.0
357	1.0	2.0	1.0	2.0	1.0	2.0	1.0
358	1.0	0.0	1.0	0.0	0.3330000000000002	2.667	1.0
359	3.0	0.0	2.0	0.0	0.9990000000000006	8.001	2.0
360	4.0	2.0	3.0	2.0	3.333	8.667	3.0
361	2.0	2.0	1.0	1.0	3.0	6.0	1.0
362	1.0	2.0	1.0	0.0	0.6660000000000004	5.334	1.0
363	4.0	4.0	3.0	1.0	5.666	15.334	4.0
364	0.0	3.0	0.0	2.0	1.6660000000000004	7.334	2.0
365	2.0	1.0	1.0	1.0	1.3340000000000005	7.6659999999999995	2.0
366	3.0	0.0	2.0	0.0	3.0	6.0	2.0
367	4.0	0.0	3.0	0.0	3.668	8.332	3.0
368	2.0	0.0	1.0	0.0	0.6660000000000004	5.334	1.0
369	2.0	4.0	1.0	3.0	5.333	12.667	4.0
370	3.0	2.0	2.0	2.0	2.333	6.667	2.0
371	1.0	1.0	0.0	0.0	1.0	2.0	0.0
372	0.0	1.0	0.0	1.0	0.3330000000000002	2.667	1.0
373	3.0	0.0	3.0	0.0	3.0	6.0	3.0
374	1.0	2.0	1.0	0.0	0.9990000000000006	8.001	1.0
375	1.0	2.0	1.0	1.0	0.6660000000000004	5.334	1.0
376	2.0	3.0	2.0	2.0	1.6660000000000004	7.334	2.0
377	0.0	0.0	0.0	0.0	0.0	0.0	0.0
378	0.0	0.0	0.0	0.0	0.0	0.0	0.0
379	0.0	2.0	0.0	2.0	1.6680000000000001	4.332	2.0
380	3.0	3.0	3.0	2.0	4.0	11.0	4.0
381	3.0	3.0	3.0	2.0	5.0	10.0	4.0
382	0.0	0.0	0.0	0.0	0.0	0.0	0.0
383	0.0	2.0	0.0	1.0	2.0	4.0	1.0
384	2.0	1.0	1.0	0.0	2.0	4.0	1.0
385	1.0	2.0	1.0	0.0	3.0	6.0	1.0
386	3.0	5.0	2.0	3.0	4.0	8.0	2.0
387	2.0	6.0	1.0	6.0	6.333	14.667	6.0
388	2.0	2.0	1.0	2.0	2.333	6.667	2.0
389	4.0	0.0	3.0	0.0	3.3360000000000003	8.664	3.0
390	0.0	0.0	0.0	0.0	0.0	0.0	0.0
391	2.0	2.0	1.0	1.0	4.0	8.0	2.0
392	0.0	0.0	0.0	0.0	0.0	0.0	0.0
393	1.0	0.0	1.0	0.0	0.3330000000000002	2.667	1.0
394	1.0	0.0	1.0	0.0	0.3330000000000002	2.667	1.0
395	1.0	3.0	0.0	2.0	1.4	10.6	2.0
396	1.0	1.0	1.0	1.0	0.6660000000000004	5.334	2.0
397	2.0	0.0	1.0	0.0	0.6660000000000004	5.334	1.0
398	3.0	0.0	3.0	0.0	3.0	6.0	3.0
399	2.0	2.0	2.0	2.0	3.0	6.0	3.0
400	1.0	2.0	0.0	2.0	2.0	4.0	1.0
401	2.0	1.0	0.0	1.0	3.0	6.0	1.0
402	2.0	1.0	2.0	1.0	2.0	4.0	2.0
403	2.0	0.0	2.0	0.0	2.0	4.0	2.0
404	0.0	3.0	0.0	3.0	0.9990000000000006	8.001	3.0
405	1.0	0.0	0.0	0.0	0.3330000000000002	2.667	0.0
406	1.0	0.0	0.0	0.0	1.0	2.0	0.0
407	3.0	0.0	1.0	0.0	3.068	5.932	1.0
408	0.0	3.0	0.0	3.0	0.3330000000000002	5.667	2.0
409	3.0	3.0	2.0	3.0	3.0010000000000003	8.998999999999999	3.0
410	2.0	0.0	1.0	0.0	0.6660000000000004	5.334	1.0
411	1.0	0.0	0.0	0.0	1.0	2.0	0.0
412	3.0	1.0	1.0	0.0	4.0	8.0	1.0
413	0.0	0.0	0.0	0.0	0.0	0.0	0.0
414	2.0	0.0	2.0	0.0	2.0	4.0	2.0
415	2.0	0.0	0.0	0.0	2.0	4.0	0.0
416	1.0	0.0	1.0	0.0	0.3330000000000002	2.667	1.0
417	3.0	0.0	2.0	0.0	1.6680000000000001	4.332	1.0
418	2.0	2.0	2.0	1.0	1.3320000000000007	10.668	3.0
419	0.0	0.0	0.0	0.0	0.0	0.0	0.0
420	4.0	0.0	3.0	0.0	3.668	8.332	3.0
421	1.0	0.0	1.0	0.0	0.3330000000000002	2.667	1.0
422	1.0	0.0	1.0	0.0	1.0	2.0	1.0
423	3.0	0.0	3.0	0.0	2.668	6.332	3.0
424	2.0	0.0	1.0	0.0	0.6660000000000004	5.334	1.0
425	2.0	0.0	1.0	0.0	2.0	4.0	1.0
426	0.0	0.0	0.0	0.0	0.0	0.0	0.0
427	1.0	0.0	1.0	0.0	1.0	2.0	1.0
428	1.0	2.0	1.0	1.0	2.0	4.0	1.0
429	1.0	1.0	1.0	1.0	1.0	2.0	1.0
430	3.0	0.0	2.0	0.0	3.0	6.0	2.0
431	1.0	1.0	1.0	1.0	1.0	2.0	1.0
432	2.0	2.0	2.0	2.0	2.0	4.0	2.0
433	1.0	0.0	1.0	0.0	1.0	2.0	1.0
434	3.0	0.0	2.0	0.0	0.9990000000000006	8.001	2.0
435	3.0	1.0	3.0	1.0	2.4	3.6	2.0
436	2.0	3.0	1.0	2.0	4.0	8.0	3.0
437	2.0	6.0	0.0	3.0	4.332000000000001	16.668	3.0
438	2.0	0.0	0.0	0.0	0.6660000000000004	5.334	0.0
439	2.0	1.0	2.0	1.0	1.6680000000000001	7.332	3.0
440	2.0	3.0	2.0	2.0	3.668	8.332	3.0
441	2.0	0.0	2.0	0.0	0.6680000000000001	2.332	1.0
442	1.0	0.0	1.0	0.0	1.0	2.0	1.0
443	4.0	1.0	2.0	1.0	4.0	8.0	2.0
444	2.0	0.0	2.0	0.0	2.068	3.932	2.0
445	0.0	0.0	0.0	0.0	0.0	0.0	0.0
446	0.0	0.0	0.0	0.0	0.0	0.0	0.0
447	2.0	0.0	2.0	0.0	0.6660000000000004	5.334	2.0
448	2.0	2.0	0.0	2.0	2.668	6.332	2.0
449	1.0	0.0	1.0	0.0	0.3330000000000002	2.667	1.0
450	3.0	0.0	1.0	0.0	3.0	6.0	1.0
451	3.0	0.0	2.0	0.0	3.0	6.0	2.0
452	0.0	0.0	0.0	0.0	0.0	0.0	0.0
453	2.0	1.0	1.0	1.0	3.0	6.0	2.0
454	2.0	0.0	1.0	0.0	1.6680000000000001	4.332	1.0
455	1.0	0.0	1.0	0.0	0.3330000000000002	2.667	1.0
456	1.0	5.0	1.0	4.0	2.6690000000000005	9.331	3.0
457	3.0	0.0	2.0	0.0	3.0	6.0	2.0
458	2.0	1.0	2.0	1.0	1.6680000000000001	4.332	2.0
459	5.0	0.0	4.0	0.0	3.668	8.332	3.0
460	1.0	0.0	0.0	0.0	1.0	2.0	0.0
461	3.0	0.0	2.0	0.0	2.668	6.332	2.0
462	2.0	0.0	1.0	0.0	2.0	4.0	1.0
463	1.0	1.0	1.0	0.0	2.0	4.0	1.0
464	2.0	0.0	1.0	0.0	0.6660000000000004	5.334	1.0
465	3.0	0.0	2.0	0.0	3.0	6.0	2.0
466	2.0	3.0	1.0	1.0	1.665000000000001	13.334999999999999	2.0
467	2.0	2.0	2.0	1.0	2.6660000000000004	9.334	3.0
468	1.0	0.0	1.0	0.0	0.3330000000000002	2.667	1.0
469	0.0	1.0	0.0	1.0	0.6680000000000001	2.332	1.0
470	0.0	0.0	0.0	0.0	0.0	0.0	0.0
471	1.0	2.0	0.0	1.0	0.9990000000000006	8.001	1.0
472	1.0	1.0	1.0	1.0	0.6660000000000004	5.334	2.0
473	0.0	0.0	0.0	0.0	0.0	0.0	0.0
474	1.0	1.0	1.0	1.0	0.6660000000000004	5.334	2.0
475	1.0	1.0	1.0	1.0	1.0	2.0	1.0
476	2.0	0.0	2.0	0.0	0.6660000000000004	5.334	2.0
477	1.0	0.0	1.0	0.0	0.3330000000000002	2.667	1.0
478	2.0	0.0	2.0	0.0	2.0	4.0	2.0
479	2.0	0.0	1.0	0.0	0.6660000000000004	5.334	1.0
480	4.0	2.0	3.0	1.0	6.0	12.0	4.0
481	0.0	0.0	0.0	0.0	0.0	0.0	0.0
482	2.0	0.0	2.0	0.0	2.4	3.6	2.0
483	1.0	0.0	1.0	0.0	1.0	2.0	1.0
484	1.0	0.0	1.0	0.0	0.3330000000000002	2.667	1.0
485	3.0	1.0	0.0	1.0	4.0	8.0	1.0
486	1.0	1.0	0.0	1.0	0.6660000000000004	5.334	1.0
487	0.0	0.0	0.0	0.0	0.0	0.0	0.0
488	3.0	0.0	2.0	0.0	1.6680000000000001	4.332	1.0
489	5.0	1.0	3.0	1.0	5.0	10.0	3.0
490	2.0	0.0	1.0	0.0	0.6660000000000004	5.334	1.0
491	2.0	0.0	1.0	0.0	0.6660000000000004	5.334	1.0
492	3.0	0.0	3.0	0.0	3.0	6.0	3.0
493	2.0	0.0	1.0	0.0	1.3360000000000003	4.664	1.0
494	2.0	0.0	1.0	0.0	2.0	4.0	1.0
495	0.0	0.0	0.0	0.0	0.0	0.0	0.0
496	3.0	1.0	3.0	1.0	2.0	7.0	3.0
497	0.0	1.0	0.0	0.0	0.0	3.0	0.0
498	1.0	3.0	1.0	3.0	1.6660000000000004	7.334	3.0
499	1.0	2.0	1.0	0.0	2.0	4.0	1.0
500	2.0	1.0	1.0	0.0	1.6690000000000005	7.3309999999999995	1.0
501	1.0	3.0	1.0	1.0	2.6660000000000004	9.334	2.0
502	3.0	0.0	3.0	0.0	2.068	3.932	2.0
503	4.0	2.0	3.0	1.0	5.0	10.0	3.0
504	4.0	0.0	1.0	0.0	4.0	8.0	1.0
505	1.0	1.0	0.0	1.0	1.3330000000000002	4.667	1.0
506	2.0	3.0	0.0	3.0	3.333	8.667	2.0
507	2.0	1.0	2.0	1.0	1.3330000000000002	4.667	2.0
508	1.0	1.0	1.0	1.0	1.6680000000000001	4.332	2.0
509	1.0	1.0	1.0	1.0	0.3330000000000002	2.667	1.0
510	1.0	1.0	0.0	0.0	0.6660000000000004	5.334	0.0
511	2.0	2.0	2.0	2.0	1.6680000000000001	4.332	2.0
512	2.0	0.0	0.0	0.0	2.0	4.0	0.0
513	3.0	2.0	1.0	2.0	3.333	8.667	2.0
514	3.0	3.0	3.0	3.0	2.0	7.0	3.0
515	3.0	1.0	2.0	1.0	4.8	7.2	3.0
516	2.0	0.0	1.0	0.0	2.0	4.0	1.0
517	3.0	2.0	2.0	0.0	4.0	11.0	2.0
518	2.0	4.0	2.0	4.0	4.0	8.0	4.0
519	3.0	0.0	2.0	0.0	3.8	5.2	2.0
520	1.0	2.0	1.0	2.0	1.0	2.0	1.0
521	1.0	0.0	1.0	0.0	0.3330000000000002	2.667	1.0
522	3.0	0.0	2.0	0.0	2.736	6.263999999999999	2.0
523	1.0	1.0	1.0	1.0	2.0	4.0	2.0
524	2.0	2.0	0.0	2.0	3.668	8.332	2.0
525	4.0	0.0	3.0	0.0	4.0	8.0	3.0
526	0.0	0.0	0.0	0.0	0.0	0.0	0.0
527	0.0	0.0	0.0	0.0	0.0	0.0	0.0
528	3.0	0.0	3.0	0.0	1.6680000000000001	4.332	2.0
529	2.0	0.0	1.0	0.0	0.6660000000000004	5.334	1.0
530	3.0	0.0	2.0	0.0	3.0	6.0	2.0
531	1.0	1.0	1.0	0.0	2.0	4.0	1.0
532	4.0	0.0	3.0	0.0	4.0	8.0	3.0
533	3.0	0.0	1.0	0.0	3.0	6.0	1.0
534	2.0	0.0	2.0	0.0	2.0	4.0	2.0
535	2.0	0.0	2.0	0.0	0.6660000000000004	5.334	2.0
536	1.0	0.0	0.0	0.0	0.3330000000000002	2.667	0.0
537	2.0	0.0	2.0	0.0	2.0	4.0	2.0
538	1.0	0.0	1.0	0.0	0.3330000000000002	2.667	1.0
539	3.0	0.0	2.0	0.0	3.8	5.2	2.0
540	3.0	0.0	2.0	0.0	3.0	6.0	2.0
541	0.0	0.0	0.0	0.0	0.0	0.0	0.0
542	2.0	0.0	1.0	0.0	2.0	4.0	1.0
543	2.0	0.0	1.0	0.0	1.3360000000000003	4.664	1.0
544	1.0	0.0	1.0	0.0	0.3330000000000002	2.667	1.0
545	2.0	0.0	0.0	0.0	0.6660000000000004	5.334	0.0
546	4.0	0.0	2.0	0.0	4.0	8.0	2.0
547	2.0	0.0	2.0	0.0	1.3360000000000003	4.664	2.0
548	0.0	0.0	0.0	0.0	0.0	0.0	0.0
549	1.0	0.0	1.0	0.0	1.0	2.0	1.0
550	1.0	0.0	1.0	0.0	0.3330000000000002	2.667	1.0
551	3.0	0.0	2.0	0.0	0.9990000000000006	8.001	2.0
552	2.0	0.0	1.0	0.0	2.0	4.0	1.0
553	3.0	1.0	2.0	1.0	2.3370000000000006	9.663	3.0
554	3.0	0.0	2.0	0.0	3.068	5.932	2.0
555	3.0	0.0	2.0	0.0	0.9990000000000006	8.001	2.0
556	2.0	3.0	1.0	3.0	2.333	9.667	3.0
557	2.0	0.0	1.0	0.0	0.6660000000000004	5.334	1.0
558	0.0	0.0	0.0	0.0	0.0	0.0	0.0
559	1.0	1.0	0.0	1.0	1.6680000000000001	4.332	1.0
560	2.0	0.0	2.0	0.0	2.0	4.0	2.0
561	3.0	0.0	2.0	0.0	3.4	5.6	2.0
562	2.0	0.0	2.0	0.0	2.4	3.6	2.0
563	4.0	0.0	3.0	0.0	4.0	8.0	3.0
564	1.0	2.0	0.0	2.0	3.0	6.0	2.0
565	1.0	1.0	1.0	1.0	0.3330000000000002	2.667	1.0
566	4.0	1.0	3.0	1.0	4.0	8.0	3.0
567	1.0	3.0	0.0	1.0	2.333	6.667	1.0
568	1.0	0.0	0.0	0.0	1.0	2.0	0.0
569	2.0	0.0	2.0	0.0	2.0	4.0	2.0
570	0.0	1.0	0.0	1.0	0.6680000000000001	2.332	1.0
571	3.0	3.0	2.0	2.0	3.333	8.667	2.0
572	1.0	0.0	1.0	0.0	1.0	2.0	1.0
573	3.0	2.0	1.0	2.0	3.333	8.667	2.0
574	2.0	1.0	2.0	1.0	1.6680000000000001	4.332	2.0
575	3.0	3.0	2.0	2.0	2.6660000000000004	9.334	3.0
576	1.0	2.0	1.0	2.0	1.0	2.0	1.0
577	2.0	1.0	0.0	1.0	3.0	6.0	1.0
578	2.0	1.0	1.0	1.0	3.0	6.0	2.0
579	4.0	2.0	4.0	2.0	4.0	8.0	4.0
580	3.0	5.0	2.0	1.0	6.0040000000000004	14.996	3.0
581	1.0	0.0	1.0	0.0	0.3330000000000002	2.667	1.0
582	3.0	2.0	3.0	2.0	2.3360000000000003	6.664	3.0
583	3.0	0.0	2.0	0.0	3.068	5.932	2.0
584	2.0	2.0	2.0	1.0	1.3320000000000007	10.668	3.0
585	4.0	2.0	3.0	1.0	5.0	10.0	3.0
586	2.0	0.0	2.0	0.0	2.068	3.932	2.0
587	4.0	0.0	3.0	0.0	4.0	8.0	3.0
588	2.0	3.0	2.0	3.0	2.668	6.332	3.0
589	2.0	2.0	1.0	2.0	2.333	6.667	2.0
590	2.0	0.0	1.0	0.0	0.6660000000000004	5.334	1.0
591	3.0	0.0	3.0	0.0	3.0	6.0	3.0
592	2.0	1.0	2.0	1.0	2.0	4.0	2.0
593	0.0	1.0	0.0	1.0	0.3330000000000002	2.667	1.0
594	1.0	1.0	1.0	1.0	1.0	2.0	1.0
595	2.0	0.0	2.0	0.0	0.6660000000000004	5.334	2.0
596	3.0	1.0	3.0	1.0	2.333	6.667	3.0
597	2.0	0.0	1.0	0.0	0.6660000000000004	5.334	1.0
598	1.0	2.0	1.0	1.0	2.333	6.667	2.0
599	2.0	0.0	2.0	0.0	1.0	2.0	1.0
600	0.0	0.0	0.0	0.0	0.0	0.0	0.0
601	2.0	4.0	1.0	3.0	2.6660000000000004	9.334	2.0
602	3.0	2.0	1.0	2.0	4.0	8.0	2.0
603	2.0	0.0	1.0	0.0	0.6660000000000004	5.334	1.0
604	2.0	1.0	2.0	1.0	2.0	4.0	2.0
605	1.0	1.0	0.0	1.0	0.6660000000000004	5.334	1.0
606	5.0	0.0	4.0	0.0	4.336	10.664	4.0
607	0.0	0.0	0.0	0.0	0.0	0.0	0.0
608	0.0	0.0	0.0	0.0	0.0	0.0	0.0
609	2.0	0.0	1.0	0.0	0.6660000000000004	5.334	1.0
610	0.0	0.0	0.0	0.0	0.0	0.0	0.0
611	2.0	1.0	2.0	1.0	1.0	2.0	1.0
612	2.0	2.0	2.0	1.0	1.3320000000000007	10.668	3.0
613	3.0	0.0	1.0	0.0	3.0	6.0	1.0
614	2.0	1.0	1.0	1.0	1.6660000000000004	7.334	2.0
615	3.0	2.0	3.0	2.0	2.668	6.332	3.0
616	1.0	1.0	0.0	1.0	0.6660000000000004	5.334	1.0
617	1.0	1.0	1.0	1.0	0.3330000000000002	2.667	1.0
618	0.0	0.0	0.0	0.0	0.0	0.0	0.0
619	2.0	2.0	2.0	2.0	1.3330000000000002	4.667	2.0
620	1.0	1.0	0.0	1.0	0.6660000000000004	5.334	1.0
621	1.0	0.0	0.0	0.0	1.0	2.0	0.0
622	1.0	0.0	0.0	0.0	0.6680000000000001	2.332	0.0
623	1.0	1.0	1.0	0.0	2.0	4.0	1.0
624	0.0	6.0	0.0	5.0	2.0010000000000003	9.998999999999999	3.0
625	2.0	1.0	1.0	1.0	2.668	6.332	2.0
626	3.0	0.0	2.0	0.0	2.668	6.332	2.0
627	2.0	1.0	2.0	1.0	3.0	6.0	3.0
628	1.0	2.0	1.0	2.0	1.6680000000000001	4.332	2.0
629	1.0	1.0	0.0	1.0	0.6660000000000004	5.334	1.0
630	1.0	0.0	1.0	0.0	0.3330000000000002	2.667	1.0
631	4.0	2.0	3.0	1.0	6.0	12.0	4.0
632	1.0	2.0	1.0	2.0	1.0	2.0	1.0
633	3.0	0.0	1.0	0.0	2.668	6.332	1.0
634	4.0	3.0	1.0	3.0	5.333	12.667	3.0
635	2.0	1.0	2.0	1.0	1.733	4.2669999999999995	2.0
636	1.0	1.0	1.0	1.0	1.6680000000000001	4.332	2.0
637	2.0	2.0	2.0	2.0	2.0040000000000004	6.9959999999999996	3.0
638	2.0	0.0	2.0	0.0	2.0	4.0	2.0
639	2.0	0.0	1.0	0.0	0.6660000000000004	5.334	1.0
640	3.0	0.0	2.0	0.0	0.9990000000000006	8.001	2.0
641	3.0	1.0	2.0	1.0	1.3320000000000007	10.668	3.0
642	1.0	0.0	1.0	0.0	1.0	2.0	1.0
643	1.0	0.0	0.0	0.0	0.3330000000000002	2.667	0.0
644	3.0	0.0	3.0	0.0	3.0	6.0	3.0
645	0.0	1.0	0.0	1.0	0.3330000000000002	2.667	1.0
646	4.0	0.0	1.0	0.0	4.068	7.932	1.0
647	3.0	0.0	2.0	0.0	3.0	6.0	2.0
648	0.0	0.0	0.0	0.0	0.0	0.0	0.0
649	2.0	2.0	1.0	2.0	1.6660000000000004	7.334	2.0
650	3.0	1.0	2.0	1.0	2.333	6.667	2.0
651	0.0	1.0	0.0	1.0	0.3330000000000002	2.667	1.0
652	1.0	0.0	1.0	0.0	0.3330000000000002	2.667	1.0
653	1.0	4.0	0.0	0.0	1.6660000000000004	7.334	0.0
654	2.0	7.0	1.0	4.0	4.668	13.332	3.0
655	2.0	0.0	2.0	0.0	2.0	4.0	2.0
656	2.0	0.0	1.0	0.0	2.0	4.0	1.0
657	4.0	0.0	3.0	0.0	4.0	8.0	3.0
658	0.0	0.0	0.0	0.0	0.0	0.0	0.0
659	1.0	1.0	0.0	1.0	0.6660000000000004	5.334	1.0
660	1.0	0.0	0.0	0.0	0.3330000000000002	2.667	0.0
661	3.0	1.0	2.0	1.0	2.668	6.332	2.0
662	3.0	0.0	3.0	0.0	3.0	6.0	3.0
663	0.0	0.0	0.0	0.0	0.0	0.0	0.0
664	3.0	0.0	2.0	0.0	1.6680000000000001	4.332	1.0
665	1.0	1.0	1.0	1.0	0.6660000000000004	5.334	2.0
666	1.0	0.0	1.0	0.0	0.3330000000000002	2.667	1.0
667	3.0	0.0	3.0	0.0	3.0	6.0	3.0
668	1.0	0.0	1.0	0.0	0.3330000000000002	2.667	1.0
669	3.0	2.0	3.0	2.0	2.668	6.332	3.0
670	5.0	1.0	5.0	1.0	3.3360000000000003	8.664	4.0
671	1.0	0.0	1.0	0.0	0.3330000000000002	2.667	1.0
672	1.0	1.0	1.0	0.0	1.6680000000000001	4.332	1.0
673	1.0	3.0	1.0	3.0	0.6660000000000004	5.334	2.0
674	3.0	0.0	3.0	0.0	3.068	5.932	3.0
675	1.0	0.0	1.0	0.0	1.0	2.0	1.0
676	2.0	0.0	1.0	0.0	2.0	4.0	1.0
677	1.0	0.0	1.0	0.0	1.0	2.0	1.0
678	3.0	0.0	1.0	0.0	0.9990000000000006	8.001	1.0
679	0.0	1.0	0.0	1.0	0.3330000000000002	2.667	1.0
680	1.0	1.0	1.0	0.0	2.0	4.0	1.0
681	3.0	1.0	2.0	1.0	3.0	6.0	2.0
682	2.0	1.0	0.0	1.0	3.0	6.0	1.0
683	1.0	0.0	1.0	0.0	0.3330000000000002	2.667	1.0
684	1.0	0.0	1.0	0.0	0.3330000000000002	2.667	1.0
685	1.0	2.0	1.0	2.0	1.0	5.0	2.0
686	2.0	0.0	1.0	0.0	0.6660000000000004	5.334	1.0
687	2.0	2.0	1.0	0.0	2.333	6.667	1.0
688	1.0	0.0	0.0	0.0	0.3330000000000002	2.667	0.0
689	1.0	1.0	1.0	1.0	0.3330000000000002	2.667	1.0
690	3.0	0.0	3.0	0.0	1.6680000000000001	4.332	2.0
691	0.0	0.0	0.0	0.0	0.0	0.0	0.0
692	4.0	1.0	1.0	1.0	5.136	9.864	2.0
693	0.0	0.0	0.0	0.0	0.0	0.0	0.0
694	2.0	2.0	1.0	2.0	1.9990000000000006	10.001	3.0
695	0.0	0.0	0.0	0.0	0.0	0.0	0.0
696	2.0	0.0	2.0	0.0	0.6660000000000004	5.334	2.0
697	1.0	1.0	1.0	1.0	0.6660000000000004	5.334	2.0
698	2.0	0.0	2.0	0.0	0.6660000000000004	5.334	2.0
699	1.0	0.0	0.0	0.0	1.0	2.0	0.0
700	1.0	2.0	0.0	2.0	1.3330000000000002	4.667	1.0
701	0.0	0.0	0.0	0.0	0.0	0.0	0.0
702	1.0	2.0	1.0	2.0	1.0	2.0	1.0
703	1.0	0.0	0.0	0.0	0.3330000000000002	2.667	0.0
704	3.0	3.0	2.0	2.0	4.333	10.667	4.0
705	3.0	0.0	2.0	0.0	3.0	6.0	2.0
706	2.0	0.0	2.0	0.0	2.4	3.6	2.0
707	0.0	1.0	0.0	1.0	0.3330000000000002	2.667	1.0
708	1.0	0.0	1.0	0.0	1.0	2.0	1.0
709	2.0	0.0	1.0	0.0	1.6680000000000001	4.332	1.0
710	2.0	3.0	0.0	1.0	2.333	6.667	1.0
711	1.0	1.0	1.0	0.0	0.6660000000000004	5.334	1.0
712	0.0	0.0	0.0	0.0	0.0	0.0	0.0
713	2.0	1.0	2.0	1.0	0.9990000000000006	8.001	3.0
714	1.0	0.0	1.0	0.0	0.3330000000000002	2.667	1.0
715	3.0	2.0	2.0	0.0	3.668	8.332	2.0
716	0.0	0.0	0.0	0.0	0.0	0.0	0.0
717	1.0	1.0	0.0	1.0	1.3330000000000002	4.667	1.0
718	3.0	2.0	0.0	1.0	4.0	8.0	1.0
719	3.0	1.0	1.0	0.0	1.6660000000000004	7.334	1.0
720	3.0	0.0	2.0	0.0	2.3360000000000003	6.664	2.0
721	3.0	0.0	1.0	0.0	3.0	6.0	1.0
722	2.0	1.0	1.0	1.0	3.0	6.0	2.0
723	1.0	0.0	1.0	0.0	0.3330000000000002	2.667	1.0
724	2.0	0.0	2.0	0.0	0.6660000000000004	5.334	2.0
725	0.0	1.0	0.0	1.0	0.3330000000000002	2.667	1.0
726	1.0	0.0	1.0	0.0	0.3330000000000002	2.667	1.0
727	3.0	0.0	2.0	0.0	0.9990000000000006	8.001	2.0
728	2.0	1.0	1.0	1.0	3.0	6.0	2.0
729	1.0	0.0	0.0	0.0	0.3330000000000002	2.667	0.0
730	3.0	1.0	3.0	1.0	3.0	6.0	3.0
731	2.0	0.0	1.0	0.0	0.6660000000000004	5.334	1.0
732	1.0	2.0	1.0	1.0	2.0	4.0	1.0
733	4.0	0.0	2.0	0.0	3.668	8.332	2.0
734	2.0	1.0	1.0	1.0	3.0	6.0	2.0
735	1.0	0.0	1.0	0.0	0.3330000000000002	2.667	1.0
736	3.0	0.0	2.0	0.0	3.0	6.0	2.0
737	0.0	0.0	0.0	0.0	0.0	0.0	0.0
738	0.0	0.0	0.0	0.0	0.0	0.0	0.0
739	1.0	1.0	1.0	0.0	2.0	4.0	1.0
740	3.0	1.0	2.0	1.0	2.668	6.332	2.0
741	1.0	2.0	1.0	1.0	2.333	6.667	2.0
742	1.0	2.0	0.0	2.0	2.0	4.0	1.0
743	0.0	0.0	0.0	0.0	0.0	0.0	0.0
744	0.0	0.0	0.0	0.0	0.0	0.0	0.0
745	1.0	4.0	0.0	2.0	3.3360000000000003	11.664	2.0
746	1.0	1.0	1.0	1.0	2.0	4.0	2.0
747	3.0	0.0	3.0	0.0	3.8	5.2	3.0
748	1.0	0.0	0.0	0.0	0.3330000000000002	2.667	0.0
749	2.0	0.0	2.0	0.0	0.6660000000000004	5.334	2.0
750	0.0	0.0	0.0	0.0	0.0	0.0	0.0
751	0.0	2.0	0.0	2.0	0.3330000000000002	2.667	1.0
752	4.0	1.0	4.0	1.0	1.3340000000000005	7.6659999999999995	3.0
753	1.0	0.0	0.0	0.0	0.3330000000000002	2.667	0.0
754	2.0	0.0	1.0	0.0	0.6660000000000004	5.334	1.0
755	3.0	3.0	1.0	2.0	1.665000000000001	13.334999999999999	2.0
756	3.0	2.0	0.0	0.0	4.0	8.0	0.0
757	3.0	1.0	3.0	0.0	4.0	8.0	3.0
758	3.0	1.0	3.0	0.0	4.0	8.0	3.0
759	2.0	0.0	2.0	0.0	2.0	4.0	2.0
760	1.0	0.0	1.0	0.0	1.0	2.0	1.0
761	2.0	0.0	1.0	0.0	2.0	4.0	1.0
762	2.0	1.0	0.0	1.0	3.0	6.0	1.0
763	0.0	1.0	0.0	1.0	0.3330000000000002	2.667	1.0
764	2.0	0.0	0.0	0.0	0.6660000000000004	5.334	0.0
765	3.0	0.0	3.0	0.0	1.6680000000000001	4.332	2.0
766	3.0	0.0	2.0	0.0	3.0	6.0	2.0
767	1.0	1.0	1.0	1.0	0.3330000000000002	2.667	1.0
768	2.0	0.0	1.0	0.0	1.3360000000000003	4.664	1.0
769	3.0	1.0	2.0	1.0	3.0040000000000004	8.995999999999999	3.0
770	2.0	1.0	2.0	1.0	3.0	6.0	3.0
771	2.0	0.0	1.0	0.0	2.0	4.0	1.0
772	2.0	0.0	1.0	0.0	2.0	4.0	1.0
773	1.0	2.0	0.0	1.0	2.333	6.667	1.0
774	2.0	1.0	1.0	1.0	2.333	6.667	2.0
775	2.0	1.0	1.0	1.0	2.0	4.0	1.0
776	2.0	2.0	1.0	2.0	2.6660000000000004	9.334	3.0
777	2.0	0.0	2.0	0.0	2.0	4.0	2.0
778	4.0	0.0	2.0	0.0	3.3360000000000003	8.664	2.0
779	2.0	0.0	1.0	0.0	2.0	4.0	1.0
780	3.0	2.0	3.0	0.0	3.668	8.332	2.0
781	2.0	0.0	2.0	0.0	0.6660000000000004	5.334	2.0
782	2.0	0.0	2.0	0.0	2.0	4.0	2.0
783	0.0	1.0	0.0	1.0	1.0	2.0	1.0
784	2.0	0.0	2.0	0.0	0.6660000000000004	5.334	2.0
785	3.0	1.0	1.0	1.0	1.9990000000000006	10.001	2.0
786	3.0	3.0	3.0	3.0	1.9990000000000006	10.001	4.0
787	1.0	2.0	1.0	2.0	0.3330000000000002	5.667	2.0
788	2.0	3.0	2.0	2.0	5.0	10.0	4.0
789	2.0	0.0	1.0	0.0	2.0	4.0	1.0
790	2.0	0.0	2.0	0.0	0.6660000000000004	5.334	2.0
791	1.0	4.0	1.0	2.0	0.6660000000000004	8.334	2.0
792	3.0	0.0	1.0	0.0	3.0	6.0	1.0
793	1.0	0.0	1.0	0.0	0.6680000000000001	2.332	1.0
794	1.0	0.0	1.0	0.0	1.0	2.0	1.0
795	2.0	1.0	1.0	1.0	0.9990000000000006	8.001	2.0
796	2.0	0.0	0.0	0.0	2.0	4.0	0.0
797	0.0	0.0	0.0	0.0	0.0	0.0	0.0
798	3.0	0.0	1.0	0.0	3.8	5.2	1.0
799	4.0	0.0	1.0	0.0	3.3360000000000003	8.664	1.0
800	2.0	4.0	1.0	4.0	2.333	6.667	2.0
801	1.0	2.0	0.0	2.0	0.9990000000000006	8.001	2.0
802	2.0	3.0	1.0	1.0	2.6660000000000004	9.334	2.0
803	0.0	0.0	0.0	0.0	0.0	0.0	0.0
804	2.0	2.0	1.0	2.0	1.3330000000000002	4.667	1.0
805	2.0	1.0	2.0	0.0	0.9990000000000006	8.001	2.0
806	4.0	1.0	3.0	0.0	5.0	10.0	3.0
807	2.0	0.0	2.0	0.0	2.0	4.0	2.0
808	5.0	1.0	5.0	1.0	5.068	12.932	6.0
809	2.0	0.0	1.0	0.0	2.4	3.6	1.0
810	4.0	1.0	3.0	1.0	4.8	7.2	3.0
811	1.0	0.0	1.0	0.0	0.3330000000000002	2.667	1.0
812	0.0	1.0	0.0	1.0	0.3330000000000002	2.667	1.0
813	1.0	0.0	1.0	0.0	0.3330000000000002	2.667	1.0
814	1.0	0.0	1.0	0.0	0.3330000000000002	2.667	1.0
815	3.0	0.0	1.0	0.0	3.0	6.0	1.0
816	1.0	0.0	1.0	0.0	1.0	2.0	1.0
817	0.0	2.0	0.0	2.0	0.3330000000000002	2.667	1.0
818	1.0	1.0	1.0	1.0	0.6680000000000001	2.332	1.0
819	2.0	1.0	1.0	1.0	2.0	4.0	1.0
820	1.0	1.0	1.0	1.0	1.3330000000000002	4.667	2.0
821	0.0	0.0	0.0	0.0	0.0	0.0	0.0
822	2.0	1.0	1.0	0.0	2.0	4.0	1.0
823	2.0	1.0	0.0	1.0	3.068	5.932	1.0
824	3.0	1.0	2.0	1.0	3.0	6.0	2.0
825	1.0	0.0	1.0	0.0	0.3330000000000002	2.667	1.0
826	1.0	4.0	1.0	3.0	2.6660000000000004	9.334	3.0
827	1.0	0.0	0.0	0.0	0.3330000000000002	2.667	0.0
828	1.0	0.0	1.0	0.0	0.3330000000000002	2.667	1.0
829	1.0	2.0	1.0	2.0	1.0	2.0	1.0
830	0.0	0.0	0.0	0.0	0.0	0.0	0.0
831	3.0	0.0	2.0	0.0	1.6680000000000001	4.332	1.0
832	3.0	3.0	2.0	1.0	5.4	9.6	2.0
833	0.0	3.0	0.0	1.0	0.9990000000000006	8.001	1.0
834	0.0	0.0	0.0	0.0	0.0	0.0	0.0
835	1.0	0.0	1.0	0.0	0.3330000000000002	2.667	1.0
836	2.0	1.0	2.0	0.0	2.333	6.667	2.0
837	1.0	3.0	1.0	2.0	3.4010000000000002	8.599	3.0
838	1.0	1.0	1.0	0.0	1.3360000000000003	4.664	1.0
839	2.0	2.0	1.0	1.0	3.0	6.0	1.0
840	0.0	0.0	0.0	0.0	0.0	0.0	0.0
841	2.0	0.0	1.0	0.0	2.0	4.0	1.0
842	3.0	3.0	3.0	1.0	3.6660000000000004	11.334	3.0
843	2.0	0.0	1.0	0.0	2.0	4.0	1.0
844	1.0	1.0	0.0	1.0	0.6660000000000004	5.334	1.0
845	0.0	1.0	0.0	1.0	0.3330000000000002	2.667	1.0
846	2.0	0.0	1.0	0.0	0.6660000000000004	5.334	1.0
847	1.0	0.0	1.0	0.0	0.3330000000000002	2.667	1.0
848	2.0	0.0	2.0	0.0	2.0	4.0	2.0
849	2.0	0.0	2.0	0.0	1.3360000000000003	4.664	2.0
850	2.0	1.0	2.0	0.0	0.9990000000000006	8.001	2.0
851	3.0	0.0	3.0	0.0	3.0	6.0	3.0
852	0.0	0.0	0.0	0.0	0.0	0.0	0.0
853	1.0	0.0	1.0	0.0	1.0	2.0	1.0
854	2.0	0.0	2.0	0.0	2.0	4.0	2.0
855	4.0	0.0	4.0	0.0	4.068	7.932	4.0
856	2.0	1.0	2.0	1.0	2.0	4.0	2.0
857	4.0	0.0	2.0	0.0	4.0	8.0	2.0
858	1.0	1.0	1.0	1.0	0.3330000000000002	2.667	1.0
859	1.0	1.0	1.0	1.0	2.0	4.0	2.0
860	1.0	3.0	1.0	2.0	2.3360000000000003	6.664	2.0
861	3.0	2.0	2.0	2.0	3.333	8.667	3.0
862	3.0	2.0	2.0	2.0	3.333	8.667	3.0
863	1.0	2.0	0.0	0.0	2.0	4.0	0.0
864	2.0	0.0	2.0	0.0	1.6680000000000001	4.332	2.0
865	1.0	4.0	1.0	1.0	1.665000000000001	13.334999999999999	2.0
866	3.0	2.0	2.0	1.0	0.9990000000000006	8.001	2.0
867	0.0	3.0	0.0	1.0	2.333	6.667	1.0
868	2.0	2.0	2.0	2.0	1.6690000000000005	7.3309999999999995	3.0
869	2.0	3.0	2.0	2.0	1.6660000000000004	7.334	2.0
870	4.0	0.0	3.0	0.0	4.468	7.532	3.0
871	1.0	0.0	1.0	0.0	1.0	2.0	1.0
872	4.0	0.0	1.0	0.0	4.0	8.0	1.0
873	2.0	2.0	1.0	1.0	3.668	8.332	2.0
874	2.0	0.0	2.0	0.0	0.6660000000000004	5.334	2.0
875	0.0	1.0	0.0	1.0	0.3330000000000002	2.667	1.0
876	2.0	3.0	1.0	2.0	3.3360000000000003	8.664	2.0
877	2.0	0.0	1.0	0.0	2.0	4.0	1.0
878	0.0	0.0	0.0	0.0	0.0	0.0	0.0
879	2.0	2.0	2.0	2.0	1.3330000000000002	4.667	2.0
880	3.0	1.0	2.0	0.0	4.0	8.0	2.0
881	2.0	1.0	1.0	0.0	3.0	6.0	1.0
882	2.0	0.0	0.0	0.0	2.0	4.0	0.0
883	2.0	0.0	1.0	0.0	2.0	4.0	1.0
884	0.0	0.0	0.0	0.0	0.0	0.0	0.0
885	2.0	0.0	0.0	0.0	0.6660000000000004	5.334	0.0
886	0.0	2.0	0.0	0.0	0.6660000000000004	5.334	0.0
887	1.0	0.0	1.0	0.0	0.3330000000000002	2.667	1.0
888	2.0	2.0	1.0	2.0	2.333	6.667	2.0
889	0.0	0.0	0.0	0.0	0.0	0.0	0.0
890	2.0	1.0	2.0	1.0	1.6660000000000004	7.334	3.0
891	1.0	2.0	1.0	1.0	0.9990000000000006	8.001	2.0
892	1.0	1.0	0.0	1.0	0.6660000000000004	5.334	1.0
893	1.0	4.0	1.0	0.0	2.333	6.667	1.0
894	3.0	0.0	3.0	0.0	3.0	6.0	3.0
895	4.0	2.0	4.0	2.0	2.333	6.667	3.0
896	1.0	0.0	1.0	0.0	1.0	2.0	1.0
897	3.0	0.0	3.0	0.0	3.0	6.0	3.0
898	3.0	0.0	1.0	0.0	2.668	6.332	1.0
899	4.0	0.0	2.0	0.0	4.0	8.0	2.0
900	1.0	0.0	1.0	0.0	0.3330000000000002	2.667	1.0
901	2.0	1.0	1.0	1.0	1.0010000000000003	4.999	1.0
902	4.0	0.0	3.0	0.0	3.736	8.264	3.0
903	1.0	0.0	1.0	0.0	0.6680000000000001	2.332	1.0
904	2.0	0.0	2.0	0.0	2.0	4.0	2.0
905	1.0	1.0	1.0	1.0	1.6680000000000001	4.332	2.0
906	0.0	1.0	0.0	1.0	1.0	2.0	1.0
907	2.0	1.0	1.0	1.0	0.9990000000000006	8.001	2.0
908	1.0	0.0	0.0	0.0	1.0	2.0	0.0
909	1.0	0.0	1.0	0.0	0.3330000000000002	2.667	1.0
910	1.0	2.0	1.0	2.0	1.0	2.0	1.0
911	0.0	0.0	0.0	0.0	0.0	0.0	0.0
912	2.0	2.0	2.0	1.0	1.6660000000000004	7.334	2.0
913	2.0	1.0	2.0	1.0	3.068	5.932	3.0
914	2.0	1.0	1.0	1.0	3.0	6.0	2.0
915	1.0	0.0	1.0	0.0	0.3330000000000002	2.667	1.0
916	3.0	0.0	3.0	0.0	3.0	6.0	3.0
917	1.0	1.0	0.0	0.0	1.6680000000000001	4.332	0.0
918	0.0	0.0	0.0	0.0	0.0	0.0	0.0
919	2.0	2.0	2.0	1.0	2.0	7.0	2.0
920	3.0	3.0	2.0	1.0	2.6660000000000004	9.334	2.0
921	3.0	1.0	3.0	1.0	3.0	6.0	3.0
922	1.0	0.0	1.0	0.0	1.0	2.0	1.0
923	2.0	0.0	2.0	0.0	0.6660000000000004	5.334	2.0
924	3.0	0.0	2.0	0.0	2.3360000000000003	6.664	2.0
925	3.0	0.0	2.0	0.0	2.3360000000000003	6.664	2.0
926	1.0	2.0	0.0	0.0	2.068	3.932	0.0
927	1.0	0.0	1.0	0.0	0.6680000000000001	2.332	1.0
928	2.0	0.0	1.0	0.0	2.068	3.932	1.0
929	0.0	0.0	0.0	0.0	0.0	0.0	0.0
930	4.0	0.0	1.0	0.0	4.0	8.0	1.0
931	1.0	4.0	0.0	3.0	1.3320000000000007	10.668	2.0
932	1.0	0.0	1.0	0.0	0.3330000000000002	2.667	1.0
933	3.0	1.0	2.0	0.0	3.0	6.0	2.0
934	1.0	0.0	1.0	0.0	0.3330000000000002	2.667	1.0
935	2.0	2.0	2.0	0.0	2.6660000000000004	9.334	2.0
936	4.0	0.0	3.0	0.0	4.068	7.932	3.0
937	1.0	0.0	1.0	0.0	1.0	2.0	1.0
938	2.0	1.0	2.0	1.0	3.4	5.6	3.0
939	0.0	1.0	0.0	1.0	0.6680000000000001	2.332	1.0
940	3.0	0.0	2.0	0.0	1.6680000000000001	4.332	1.0
941	0.0	1.0	0.0	1.0	1.0	2.0	1.0
942	2.0	0.0	1.0	0.0	2.0	4.0	1.0
943	2.0	0.0	1.0	0.0	0.6660000000000004	5.334	1.0
944	1.0	2.0	1.0	2.0	0.6660000000000004	5.334	2.0
945	1.0	0.0	1.0	0.0	0.3330000000000002	2.667	1.0
946	0.0	1.0	0.0	1.0	1.0	2.0	1.0
947	2.0	0.0	1.0	0.0	2.0	4.0	1.0
948	1.0	5.0	0.0	3.0	5.0	13.0	3.0
949	1.0	2.0	1.0	1.0	2.0	7.0	2.0
950	3.0	0.0	3.0	0.0	3.0	6.0	3.0
951	2.0	1.0	1.0	0.0	3.0	6.0	1.0
952	1.0	0.0	1.0	0.0	0.3330000000000002	2.667	1.0
953	4.0	2.0	2.0	2.0	4.0	8.0	2.0
954	2.0	3.0	1.0	3.0	2.333	6.667	2.0
955	4.0	0.0	2.0	0.0	4.0	8.0	2.0
956	2.0	2.0	2.0	1.0	3.333	8.667	3.0
957	1.0	1.0	1.0	1.0	1.0	2.0	1.0
958	1.0	2.0	0.0	0.0	0.9990000000000006	8.001	0.0
959	2.0	2.0	1.0	2.0	1.3330000000000002	4.667	1.0
960	3.0	0.0	2.0	0.0	3.0	6.0	2.0
961	2.0	2.0	2.0	2.0	1.3330000000000002	4.667	2.0
962	1.0	2.0	1.0	1.0	1.6660000000000004	7.334	2.0
963	2.0	1.0	2.0	0.0	3.468	5.532	2.0
964	3.0	3.0	3.0	3.0	2.333	6.667	3.0
965	1.0	2.0	1.0	1.0	0.9990000000000006	8.001	2.0
966	1.0	2.0	1.0	2.0	2.4	3.6	2.0
967	3.0	0.0	3.0	0.0	1.6680000000000001	4.332	2.0
968	0.0	0.0	0.0	0.0	0.0	0.0	0.0
969	0.0	1.0	0.0	1.0	0.6680000000000001	2.332	1.0
970	1.0	0.0	1.0	0.0	0.6680000000000001	2.332	1.0
971	0.0	0.0	0.0	0.0	0.0	0.0	0.0
972	1.0	0.0	0.0	0.0	1.0	2.0	0.0
973	2.0	1.0	1.0	0.0	3.0	6.0	1.0
974	0.0	0.0	0.0	0.0	0.0	0.0	0.0
975	2.0	2.0	2.0	2.0	2.333	6.667	3.0
976	2.0	1.0	1.0	0.0	2.3360000000000003	6.664	1.0
977	3.0	0.0	2.0	0.0	3.0	6.0	2.0
978	3.0	0.0	2.0	0.0	3.0	6.0	2.0
979	1.0	2.0	1.0	1.0	0.9990000000000006	8.001	2.0
980	2.0	4.0	2.0	2.0	1.998000000000001	16.002	4.0
981	2.0	0.0	1.0	0.0	0.6660000000000004	5.334	1.0
982	2.0	0.0	1.0	0.0	2.0	4.0	1.0
983	1.0	1.0	1.0	1.0	1.3330000000000002	4.667	2.0
984	2.0	1.0	2.0	0.0	2.0010000000000003	6.999	2.0
985	1.0	1.0	0.0	0.0	1.0010000000000003	4.999	0.0
986	1.0	0.0	1.0	0.0	0.3330000000000002	2.667	1.0
987	3.0	0.0	3.0	0.0	3.4	5.6	3.0
988	1.0	0.0	1.0	0.0	0.3330000000000002	2.667	1.0
989	1.0	1.0	1.0	1.0	2.0	4.0	2.0
990	0.0	0.0	0.0	0.0	0.0	0.0	0.0
991	1.0	0.0	1.0	0.0	0.3330000000000002	2.667	1.0
992	2.0	0.0	2.0	0.0	2.0	4.0	2.0
993	3.0	0.0	3.0	0.0	3.0	6.0	3.0
994	3.0	2.0	2.0	1.0	3.736	8.264	3.0
995	1.0	0.0	1.0	0.0	1.0	2.0	1.0
996	2.0	0.0	2.0	0.0	2.0	4.0	2.0
997	0.0	0.0	0.0	0.0	0.0	0.0	0.0
998	1.0	3.0	1.0	2.0	0.9990000000000006	8.001	2.0
999	1.0	0.0	0.0	0.0	1.0	2.0	0.0
1000	2.0	2.0	2.0	1.0	2.0010000000000003	6.999	2.0
1001	2.0	1.0	1.0	1.0	0.9990000000000006	8.001	2.0
1002	1.0	0.0	0.0	0.0	0.3330000000000002	2.667	0.0
1003	2.0	1.0	1.0	1.0	2.333	6.667	2.0
1004	2.0	1.0	2.0	1.0	1.0	5.0	2.0
1005	3.0	0.0	3.0	0.0	3.0	6.0	3.0
1006	2.0	1.0	0.0	1.0	3.0	6.0	1.0
1007	3.0	3.0	2.0	2.0	4.0	8.0	3.0
1008	0.0	0.0	0.0	0.0	0.0	0.0	0.0
1009	0.0	1.0	0.0	1.0	1.0	2.0	1.0
1010	2.0	0.0	1.0	0.0	1.3360000000000003	4.664	1.0
1011	2.0	1.0	1.0	1.0	3.0	6.0	2.0
1012	1.0	0.0	0.0	0.0	1.0	2.0	0.0
1013	2.0	0.0	2.0	0.0	1.6680000000000001	4.332	2.0
1014	2.0	0.0	1.0	0.0	2.0	4.0	1.0
1015	0.0	0.0	0.0	0.0	0.0	0.0	0.0
1016	0.0	0.0	0.0	0.0	0.0	0.0	0.0
1017	2.0	0.0	1.0	0.0	2.0	4.0	1.0
1018	4.0	0.0	3.0	0.0	4.0	8.0	3.0
1019	3.0	1.0	2.0	1.0	3.0040000000000004	8.995999999999999	3.0
1020	1.0	0.0	1.0	0.0	0.3330000000000002	2.667	1.0
1021	1.0	0.0	0.0	0.0	0.3330000000000002	2.667	0.0
1022	2.0	0.0	1.0	0.0	0.6660000000000004	5.334	1.0
1023	0.0	0.0	0.0	0.0	0.0	0.0	0.0
1024	1.0	0.0	1.0	0.0	0.3330000000000002	2.667	1.0
1025	3.0	0.0	2.0	0.0	3.0	6.0	2.0
1026	2.0	0.0	2.0	0.0	2.0	4.0	2.0
1027	1.0	2.0	1.0	1.0	1.0	5.0	1.0
1028	3.0	0.0	3.0	0.0	3.0	6.0	3.0
1029	1.0	0.0	0.0	0.0	1.0	2.0	0.0
1030	2.0	1.0	1.0	0.0	2.668	6.332	1.0
1031	1.0	0.0	1.0	0.0	0.3330000000000002	2.667	1.0
1032	1.0	0.0	0.0	0.0	1.0	2.0	0.0
1033	2.0	1.0	2.0	1.0	1.6680000000000001	4.332	2.0
1034	1.0	0.0	1.0	0.0	0.3330000000000002	2.667	1.0
1035	1.0	0.0	1.0	0.0	0.3330000000000002	2.667	1.0
1036	3.0	2.0	3.0	0.0	3.6660000000000004	11.334	3.0
1037	2.0	2.0	1.0	1.0	4.0	8.0	2.0
1038	1.0	2.0	1.0	1.0	2.3360000000000003	6.664	2.0
1039	1.0	2.0	0.0	2.0	1.6680000000000001	4.332	1.0
1040	1.0	0.0	1.0	0.0	0.3330000000000002	2.667	1.0
1041	2.0	0.0	2.0	0.0	2.4	3.6	2.0
1042	3.0	0.0	1.0	0.0	3.068	5.932	1.0
1043	3.0	0.0	2.0	0.0	3.0	6.0	2.0
1044	0.0	0.0	0.0	0.0	0.0	0.0	0.0
1045	0.0	0.0	0.0	0.0	0.0	0.0	0.0
1046	0.0	0.0	0.0	0.0	0.0	0.0	0.0
1047	1.0	1.0	0.0	0.0	0.6660000000000004	5.334	0.0
1048	0.0	0.0	0.0	0.0	0.0	0.0	0.0
1049	1.0	3.0	1.0	3.0	0.9990000000000006	8.001	3.0
1050	1.0	0.0	0.0	0.0	0.3330000000000002	2.667	0.0
1051	1.0	0.0	1.0	0.0	1.0	2.0	1.0
1052	1.0	0.0	1.0	0.0	0.3330000000000002	2.667	1.0
1053	1.0	0.0	1.0	0.0	0.3330000000000002	2.667	1.0
1054	0.0	0.0	0.0	0.0	0.0	0.0	0.0
1055	1.0	0.0	1.0	0.0	0.3330000000000002	2.667	1.0
1056	1.0	0.0	1.0	0.0	0.3330000000000002	2.667	1.0
1057	2.0	3.0	1.0	0.0	3.333	8.667	1.0
1058	3.0	0.0	1.0	0.0	2.068	3.932	1.0
1059	2.0	0.0	1.0	0.0	0.6660000000000004	5.334	1.0
1060	1.0	0.0	1.0	0.0	1.0	2.0	1.0
1061	3.0	0.0	1.0	0.0	3.0	6.0	1.0
1062	1.0	0.0	1.0	0.0	0.3330000000000002	2.667	1.0
1063	3.0	0.0	1.0	0.0	3.0	6.0	1.0
1064	1.0	1.0	1.0	0.0	0.6660000000000004	5.334	1.0
1065	2.0	0.0	2.0	0.0	0.6660000000000004	5.334	2.0
1066	1.0	1.0	1.0	0.0	2.0	4.0	1.0
1067	2.0	2.0	1.0	2.0	2.3340000000000005	9.666	3.0
1068	2.0	0.0	1.0	0.0	2.0	4.0	1.0
1069	2.0	0.0	1.0	0.0	2.0	4.0	1.0
1070	1.0	0.0	1.0	0.0	0.3330000000000002	2.667	1.0
1071	1.0	2.0	1.0	1.0	1.6660000000000004	7.334	2.0
1072	1.0	0.0	1.0	0.0	0.3330000000000002	2.667	1.0
1073	2.0	2.0	1.0	2.0	2.333	6.667	2.0
1074	2.0	0.0	1.0	0.0	2.0	4.0	1.0
1075	2.0	1.0	1.0	1.0	2.3360000000000003	6.664	2.0
1076	2.0	1.0	2.0	1.0	1.0	2.0	1.0
1077	1.0	0.0	1.0	0.0	0.3330000000000002	2.667	1.0
1078	3.0	0.0	2.0	0.0	3.0	6.0	2.0
1079	0.0	0.0	0.0	0.0	0.0	0.0	0.0
1080	0.0	0.0	0.0	0.0	0.0	0.0	0.0
1081	1.0	0.0	0.0	0.0	0.3330000000000002	2.667	0.0
1082	3.0	0.0	2.0	0.0	0.9990000000000006	8.001	2.0
1083	1.0	0.0	1.0	0.0	1.0	2.0	1.0
1084	4.0	0.0	3.0	0.0	3.068	5.932	2.0
1085	2.0	0.0	2.0	0.0	2.0	4.0	2.0
1086	3.0	0.0	2.0	0.0	3.0	6.0	2.0
1087	0.0	0.0	0.0	0.0	0.0	0.0	0.0
1088	3.0	1.0	3.0	1.0	3.0	6.0	3.0
1089	1.0	1.0	1.0	1.0	0.3330000000000002	2.667	1.0
1090	2.0	2.0	2.0	2.0	1.6660000000000004	7.334	3.0
1091	1.0	3.0	1.0	1.0	2.6660000000000004	9.334	2.0
1092	0.0	2.0	0.0	0.0	0.6660000000000004	5.334	0.0
1093	3.0	1.0	3.0	1.0	2.333	6.667	3.0
1094	3.0	0.0	3.0	0.0	3.0	6.0	3.0
1095	2.0	1.0	2.0	1.0	3.0	6.0	3.0
1096	2.0	0.0	1.0	0.0	0.6660000000000004	5.334	1.0
1097	0.0	0.0	0.0	0.0	0.0	0.0	0.0
1098	0.0	0.0	0.0	0.0	0.0	0.0	0.0
1099	3.0	0.0	2.0	0.0	3.0	6.0	2.0
1100	3.0	0.0	1.0	0.0	0.9990000000000006	8.001	1.0
1101	1.0	1.0	1.0	1.0	1.6680000000000001	4.332	2.0
1102	1.0	0.0	0.0	0.0	0.3330000000000002	2.667	0.0
1103	3.0	1.0	1.0	1.0	2.3360000000000003	6.664	1.0
1104	2.0	0.0	1.0	0.0	0.6660000000000004	5.334	1.0
1105	1.0	3.0	0.0	1.0	2.0010000000000003	9.998999999999999	1.0
1106	0.0	0.0	0.0	0.0	0.0	0.0	0.0
1107	1.0	0.0	1.0	0.0	0.3330000000000002	2.667	1.0
1108	2.0	0.0	2.0	0.0	2.068	3.932	2.0
1109	1.0	0.0	1.0	0.0	1.0	2.0	1.0
1110	0.0	0.0	0.0	0.0	0.0	0.0	0.0
1111	2.0	0.0	2.0	0.0	0.6660000000000004	5.334	2.0
1112	2.0	0.0	1.0	0.0	0.6660000000000004	5.334	1.0
1113	3.0	0.0	2.0	0.0	0.9990000000000006	8.001	2.0
1114	0.0	0.0	0.0	0.0	0.0	0.0	0.0
1115	2.0	1.0	2.0	1.0	1.6680000000000001	4.332	2.0
1116	1.0	0.0	1.0	0.0	1.0	2.0	1.0
1117	0.0	1.0	0.0	1.0	0.3330000000000002	2.667	1.0
1118	2.0	1.0	2.0	1.0	2.068	3.932	2.0
1119	2.0	0.0	2.0	0.0	0.6660000000000004	5.334	2.0
1120	1.0	0.0	1.0	0.0	0.3330000000000002	2.667	1.0
1121	0.0	1.0	0.0	1.0	0.3330000000000002	2.667	1.0
1122	0.0	0.0	0.0	0.0	0.0	0.0	0.0
1123	1.0	1.0	1.0	1.0	1.3330000000000002	4.667	2.0
1124	0.0	1.0	0.0	1.0	0.3330000000000002	2.667	1.0
1125	1.0	0.0	1.0	0.0	1.0	2.0	1.0
1126	1.0	1.0	1.0	1.0	0.6660000000000004	5.334	2.0
1127	3.0	0.0	1.0	0.0	3.0	6.0	1.0
1128	1.0	0.0	1.0	0.0	1.0	2.0	1.0
1129	3.0	2.0	1.0	2.0	1.9990000000000006	10.001	2.0
1130	1.0	1.0	1.0	1.0	0.6660000000000004	5.334	2.0
1131	0.0	0.0	0.0	0.0	0.0	0.0	0.0
1132	2.0	0.0	2.0	0.0	2.4	3.6	2.0
1133	1.0	0.0	1.0	0.0	1.0	2.0	1.0
1134	1.0	0.0	1.0	0.0	1.0	2.0	1.0
1135	1.0	0.0	0.0	0.0	1.0	2.0	0.0
1136	2.0	0.0	2.0	0.0	2.0	4.0	2.0
1137	1.0	0.0	0.0	0.0	0.3330000000000002	2.667	0.0
1138	2.0	0.0	1.0	0.0	2.0	4.0	1.0
1139	2.0	3.0	1.0	2.0	4.0	8.0	2.0
1140	3.0	0.0	0.0	0.0	3.0	6.0	0.0
1141	3.0	0.0	2.0	0.0	2.3360000000000003	6.664	2.0
1142	3.0	2.0	1.0	2.0	4.0	8.0	2.0
1143	3.0	2.0	1.0	2.0	3.4	5.6	1.0
1144	0.0	1.0	0.0	1.0	0.3330000000000002	2.667	1.0
1145	2.0	2.0	2.0	2.0	1.3330000000000002	4.667	2.0
1146	1.0	2.0	1.0	2.0	1.3360000000000003	4.664	2.0
1147	1.0	2.0	0.0	0.0	0.6660000000000004	5.334	0.0
1148	0.0	0.0	0.0	0.0	0.0	0.0	0.0
1149	0.0	0.0	0.0	0.0	0.0	0.0	0.0
