pos	Sd	Nd	Sd_tip	Nd_tip	S	N	comparisons
001	0.0	0.0	0.0	0.0	0.0	0.0	0.0
002	1.0	2.0	0.0	1.0	2.4	3.6	1.0
003	1.0	1.0	0.0	0.0	0.3330000000000002	2.667	0.0
004	1.0	1.0	1.0	0.0	2.0	4.0	1.0
005	0.0	2.0	0.0	1.0	0.6660000000000004	5.334	1.0
006	1.0	1.0	0.0	0.0	1.0	2.0	0.0
007	0.0	0.0	0.0	0.0	0.0	0.0	0.0
008	0.0	4.0	0.0	1.0	1.3340000000000005	7.6659999999999995	1.0
009	1.0	2.0	1.0	0.0	3.0	6.0	1.0
010	1.0	1.0	0.0	1.0	0.6660000000000004	5.334	1.0
011	1.0	2.0	0.0	0.0	1.0	2.0	0.0
012	1.0	0.0	0.0	0.0	1.0	2.0	0.0
013	1.0	0.0	0.0	0.0	1.0	2.0	0.0
014	0.0	3.0	0.0	1.0	0.6680000000000001	5.332	1.0
015	2.0	0.0	1.0	0.0	2.0	4.0	1.0
016	1.0	3.0	0.0	1.0	2.0	4.0	1.0
017	1.0	3.0	1.0	1.0	4.0	8.0	2.0
018	1.0	0.0	0.0	0.0	0.3330000000000002	2.667	0.0
019	0.0	3.0	0.0	1.0	1.6660000000000004	7.334	1.0
020	0.0	4.0	0.0	1.0	2.3360000000000003	6.664	1.0
021	0.0	2.0	0.0	0.0	1.0	2.0	0.0
022	1.0	0.0	0.0	0.0	0.3330000000000002	2.667	0.0
023	0.0	3.0	0.0	0.0	1.0010000000000003	4.999	0.0
024	0.0	5.0	0.0	4.0	1.9990000000000006	10.001	3.0
025	2.0	4.0	1.0	2.0	3.333	8.667	2.0
026	1.0	3.0	1.0	2.0	3.0	6.0	2.0
027	1.0	4.0	1.0	2.0	1.6660000000000004	7.334	2.0
028	1.0	0.0	1.0	0.0	1.0	2.0	1.0
029	1.0	1.0	1.0	0.0	2.0	4.0	1.0
030	1.0	2.0	0.0	0.0	1.3330000000000002	4.667	0.0
031	0.0	2.0	0.0	0.0	1.0	2.0	0.0
032	2.0	3.0	2.0	2.0	3.3360000000000003	8.664	3.0
033	1.0	2.0	1.0	0.0	2.0	4.0	1.0
034	1.0	3.0	1.0	1.0	0.9990000000000006	11.001	2.0
035	1.0	1.0	1.0	1.0	0.3330000000000002	2.667	1.0
036	1.0	1.0	0.0	0.0	2.0	4.0	0.0
037	0.0	0.0	0.0	0.0	0.0	0.0	0.0
038	1.0	1.0	0.0	1.0	1.3330000000000002	4.667	1.0
039	1.0	2.0	0.0	1.0	2.333	6.667	1.0
040	1.0	1.0	0.0	1.0	2.4	3.6	1.0
041	1.0	1.0	0.0	0.0	1.0	2.0	0.0
042	1.0	2.0	0.0	0.0	0.3330000000000002	2.667	0.0
043	1.0	3.0	0.0	1.0	2.333	6.667	1.0
044	0.0	0.0	0.0	0.0	0.0	0.0	0.0
045	1.0	3.0	0.0	2.0	2.0010000000000003	6.999	2.0
046	0.0	2.0	0.0	1.0	0.6660000000000004	5.334	1.0
047	2.0	2.0	1.0	0.0	1.3360000000000003	4.664	1.0
048	2.0	2.0	1.0	1.0	2.333	6.667	1.0
049	1.0	2.0	0.0	1.0	0.6660000000000004	5.334	1.0
050	1.0	1.0	1.0	0.0	2.0	4.0	1.0
051	2.0	0.0	1.0	0.0	2.0	4.0	1.0
052	1.0	0.0	0.0	0.0	1.0	2.0	0.0
053	2.0	1.0	1.0	0.0	2.0	4.0	1.0
054	0.0	0.0	0.0	0.0	0.0	0.0	0.0
055	0.0	3.0	0.0	3.0	2.333	6.667	3.0
056	1.0	3.0	1.0	2.0	1.3330000000000002	4.667	1.0
057	0.0	3.0	0.0	1.0	2.668	6.332	1.0
058	1.0	2.0	0.0	2.0	1.3330000000000002	4.667	1.0
059	1.0	3.0	0.0	1.0	1.3330000000000002	4.667	1.0
060	1.0	0.0	0.0	0.0	1.0	2.0	0.0
061	0.0	1.0	0.0	1.0	0.3330000000000002	2.667	1.0
062	1.0	3.0	0.0	2.0	2.0	4.0	1.0
063	1.0	1.0	1.0	1.0	2.0	4.0	2.0
064	0.0	0.0	0.0	0.0	0.0	0.0	0.0
065	1.0	3.0	0.0	2.0	4.0	8.0	2.0
066	0.0	0.0	0.0	0.0	0.0	0.0	0.0
067	1.0	0.0	1.0	0.0	1.0	2.0	1.0
068	1.0	2.0	1.0	2.0	1.3330000000000002	4.667	2.0
069	0.0	2.0	0.0	1.0	0.6660000000000004	5.334	1.0
070	1.0	1.0	1.0	1.0	0.3330000000000002	2.667	1.0
071	0.0	3.0	0.0	2.0	1.3360000000000003	4.664	1.0
072	1.0	0.0	1.0	0.0	1.0	2.0	1.0
073	0.0	2.0	0.0	1.0	0.6660000000000004	5.334	1.0
074	1.0	1.0	1.0	1.0	1.0	2.0	1.0
075	2.0	3.0	1.0	1.0	2.6660000000000004	9.334	2.0
076	1.0	2.0	0.0	1.0	0.9990000000000006	8.001	1.0
077	0.0	0.0	0.0	0.0	0.0	0.0	0.0
078	0.0	1.0	0.0	0.0	1.0	2.0	0.0
079	1.0	1.0	0.0	0.0	0.3330000000000002	2.667	0.0
080	1.0	0.0	0.0	0.0	1.0	2.0	0.0
081	1.0	0.0	0.0	0.0	1.0	2.0	0.0
082	1.0	2.0	0.0	0.0	1.0	2.0	0.0
083	0.0	4.0	0.0	3.0	2.333	6.667	2.0
084	2.0	4.0	1.0	2.0	2.333	6.667	2.0
085	1.0	0.0	1.0	0.0	1.0	2.0	1.0
086	2.0	3.0	1.0	2.0	3.0	9.0	2.0
087	1.0	2.0	1.0	1.0	3.0	6.0	2.0
088	1.0	1.0	1.0	1.0	2.0	4.0	2.0
089	1.0	2.0	1.0	2.0	1.3330000000000002	4.667	2.0
090	1.0	0.0	0.0	0.0	1.0	2.0	0.0
091	1.0	0.0	0.0	0.0	1.0	2.0	0.0
092	1.0	2.0	0.0	2.0	2.333	6.667	2.0
093	1.0	1.0	1.0	1.0	1.0	2.0	1.0
094	1.0	4.0	1.0	3.0	1.9990000000000006	10.001	3.0
095	2.0	2.0	1.0	1.0	2.333	6.667	1.0
096	2.0	2.0	0.0	2.0	3.0	6.0	1.0
097	1.0	1.0	1.0	0.0	2.0	4.0	1.0
098	1.0	2.0	0.0	2.0	0.6660000000000004	5.334	1.0
099	2.0	1.0	1.0	1.0	3.0	6.0	2.0
100	1.0	0.0	1.0	0.0	1.0	2.0	1.0
101	2.0	0.0	1.0	0.0	2.0	4.0	1.0
102	1.0	2.0	1.0	1.0	3.4	5.6	2.0
103	1.0	3.0	1.0	1.0	3.0	6.0	2.0
104	1.0	2.0	1.0	1.0	3.0	6.0	2.0
105	0.0	0.0	0.0	0.0	0.0	0.0	0.0
106	1.0	1.0	1.0	0.0	2.0	4.0	1.0
107	1.0	0.0	0.0	0.0	1.0	2.0	0.0
108	0.0	3.0	0.0	1.0	1.6660000000000004	7.334	1.0
109	1.0	0.0	0.0	0.0	1.0	2.0	0.0
110	0.0	0.0	0.0	0.0	0.0	0.0	0.0
111	1.0	2.0	0.0	0.0	1.4	1.6	0.0
112	0.0	0.0	0.0	0.0	0.0	0.0	0.0
113	1.0	2.0	1.0	1.0	2.668	6.332	2.0
114	2.0	3.0	1.0	3.0	2.6660000000000004	9.334	3.0
115	0.0	0.0	0.0	0.0	0.0	0.0	0.0
116	1.0	1.0	1.0	0.0	0.6660000000000004	5.334	1.0
117	2.0	0.0	1.0	0.0	2.0	4.0	1.0
118	2.0	0.0	1.0	0.0	2.0	4.0	1.0
119	0.0	0.0	0.0	0.0	0.0	0.0	0.0
120	1.0	3.0	1.0	2.0	2.333	6.667	2.0
121	0.0	4.0	0.0	2.0	2.0	4.0	1.0
122	2.0	3.0	1.0	1.0	2.0	4.0	1.0
123	1.0	4.0	0.0	2.0	4.668	10.332	2.0
124	2.0	3.0	2.0	3.0	1.3330000000000002	4.667	2.0
125	0.0	0.0	0.0	0.0	0.0	0.0	0.0
126	0.0	0.0	0.0	0.0	0.0	0.0	0.0
127	0.0	0.0	0.0	0.0	0.0	0.0	0.0
128	0.0	0.0	0.0	0.0	0.0	0.0	0.0
129	0.0	0.0	0.0	0.0	0.0	0.0	0.0
130	0.0	0.0	0.0	0.0	0.0	0.0	0.0
131	0.0	0.0	0.0	0.0	0.0	0.0	0.0
132	1.0	3.0	0.0	2.0	3.0	6.0	1.0
133	3.0	2.0	1.0	1.0	1.3330000000000002	4.667	1.0
134	1.0	0.0	0.0	0.0	1.0	2.0	0.0
135	1.0	2.0	0.0	2.0	2.0	4.0	1.0
136	1.0	3.0	1.0	3.0	2.0	4.0	2.0
137	2.0	3.0	1.0	2.0	4.0	8.0	2.0
138	1.0	3.0	1.0	3.0	1.3330000000000002	4.667	2.0
139	1.0	3.0	1.0	2.0	3.0	6.0	2.0
140	0.0	1.0	0.0	1.0	0.3330000000000002	2.667	1.0
141	3.0	1.0	3.0	1.0	2.0	4.0	2.0
142	2.0	1.0	1.0	0.0	2.0	4.0	1.0
143	1.0	0.0	0.0	0.0	1.0	2.0	0.0
144	0.0	1.0	0.0	0.0	1.0	2.0	0.0
145	1.0	1.0	0.0	1.0	2.0	4.0	1.0
146	0.0	0.0	0.0	0.0	0.0	0.0	0.0
147	0.0	0.0	0.0	0.0	0.0	0.0	0.0
148	1.0	0.0	1.0	0.0	1.0	2.0	1.0
149	1.0	2.0	1.0	0.0	2.0	4.0	1.0
150	2.0	1.0	2.0	1.0	2.0	4.0	2.0
151	0.0	7.0	0.0	4.0	3.3320000000000007	14.668	3.0
152	1.0	1.0	1.0	1.0	2.0	4.0	2.0
153	0.0	1.0	0.0	1.0	0.6680000000000001	2.332	1.0
154	2.0	1.0	1.0	1.0	2.0	4.0	1.0
155	1.0	2.0	1.0	2.0	1.3330000000000002	4.667	2.0
156	0.0	3.0	0.0	1.0	2.333	6.667	1.0
157	0.0	0.0	0.0	0.0	0.0	0.0	0.0
158	3.0	0.0	2.0	0.0	3.0	6.0	2.0
159	1.0	0.0	1.0	0.0	0.3330000000000002	2.667	1.0
160	1.0	0.0	0.0	0.0	1.0	2.0	0.0
161	0.0	0.0	0.0	0.0	0.0	0.0	0.0
162	1.0	2.0	0.0	2.0	2.0	7.0	2.0
163	4.0	2.0	3.0	1.0	3.333	8.667	3.0
164	0.0	0.0	0.0	0.0	0.0	0.0	0.0
165	0.0	1.0	0.0	1.0	1.0	2.0	1.0
166	0.0	0.0	0.0	0.0	0.0	0.0	0.0
167	1.0	1.0	0.0	1.0	2.0	4.0	1.0
168	1.0	1.0	0.0	1.0	2.0	4.0	1.0
169	0.0	3.0	0.0	1.0	0.6660000000000004	5.334	1.0
170	1.0	3.0	0.0	3.0	3.0	6.0	2.0
171	2.0	2.0	2.0	2.0	1.3330000000000002	4.667	2.0
172	2.0	0.0	2.0	0.0	2.0	4.0	2.0
173	0.0	1.0	0.0	1.0	0.3330000000000002	2.667	1.0
174	2.0	4.0	1.0	3.0	3.3360000000000003	8.664	3.0
175	0.0	3.0	0.0	1.0	2.4	3.6	1.0
176	1.0	2.0	0.0	2.0	1.3330000000000002	4.667	1.0
177	2.0	2.0	1.0	1.0	1.3330000000000002	4.667	1.0
178	1.0	2.0	0.0	1.0	1.6660000000000004	7.334	1.0
179	1.0	3.0	1.0	3.0	2.4	3.6	2.0
180	0.0	0.0	0.0	0.0	0.0	0.0	0.0
181	0.0	0.0	0.0	0.0	0.0	0.0	0.0
182	0.0	0.0	0.0	0.0	0.0	0.0	0.0
183	2.0	3.0	1.0	1.0	3.0	6.0	2.0
184	0.0	3.0	0.0	3.0	1.3330000000000002	4.667	2.0
185	2.0	2.0	2.0	2.0	1.3330000000000002	4.667	2.0
186	1.0	4.0	0.0	2.0	4.068	10.931999999999999	2.0
187	0.0	3.0	0.0	2.0	1.6660000000000004	7.334	2.0
188	1.0	1.0	1.0	1.0	2.0	4.0	2.0
189	0.0	2.0	0.0	2.0	0.3330000000000002	2.667	1.0
190	1.0	1.0	1.0	1.0	1.6680000000000001	4.332	2.0
191	0.0	3.0	0.0	3.0	1.3330000000000002	4.667	2.0
192	1.0	2.0	1.0	2.0	1.0	2.0	1.0
193	0.0	2.0	0.0	2.0	1.0	2.0	1.0
194	2.0	0.0	1.0	0.0	2.0	4.0	1.0
195	1.0	1.0	0.0	1.0	0.6660000000000004	5.334	1.0
196	0.0	1.0	0.0	1.0	0.3330000000000002	2.667	1.0
197	0.0	0.0	0.0	0.0	0.0	0.0	0.0
198	2.0	0.0	1.0	0.0	0.6660000000000004	5.334	1.0
199	0.0	0.0	0.0	0.0	0.0	0.0	0.0
200	0.0	0.0	0.0	0.0	0.0	0.0	0.0
201	0.0	0.0	0.0	0.0	0.0	0.0	0.0
202	1.0	0.0	1.0	0.0	1.0	2.0	1.0
203	2.0	2.0	1.0	1.0	3.0	6.0	2.0
204	2.0	1.0	2.0	1.0	3.0	6.0	3.0
205	0.0	1.0	0.0	1.0	0.6680000000000001	2.332	1.0
206	1.0	1.0	1.0	1.0	1.0	2.0	1.0
207	0.0	2.0	0.0	2.0	0.3330000000000002	2.667	1.0
208	1.0	1.0	1.0	1.0	0.6660000000000004	5.334	2.0
209	1.0	1.0	1.0	0.0	2.0	4.0	1.0
210	1.0	0.0	1.0	0.0	1.0	2.0	1.0
211	0.0	4.0	0.0	2.0	2.3340000000000005	9.666	2.0
212	0.0	2.0	0.0	1.0	1.3330000000000002	4.667	1.0
213	1.0	1.0	1.0	0.0	2.0	4.0	1.0
214	2.0	0.0	2.0	0.0	2.4	3.6	2.0
215	2.0	2.0	1.0	2.0	2.333	6.667	2.0
216	1.0	1.0	1.0	1.0	0.3330000000000002	2.667	1.0
217	2.0	3.0	1.0	2.0	4.0040000000000004	10.995999999999999	3.0
218	1.0	2.0	0.0	1.0	2.0	4.0	1.0
219	0.0	1.0	0.0	1.0	0.3330000000000002	2.667	1.0
220	0.0	2.0	0.0	1.0	0.6660000000000004	5.334	1.0
221	2.0	0.0	1.0	0.0	2.0	4.0	1.0
222	1.0	4.0	1.0	2.0	4.333	10.667	3.0
223	0.0	1.0	0.0	0.0	0.0	3.0	0.0
224	2.0	1.0	1.0	0.0	3.068	5.932	1.0
225	2.0	1.0	2.0	0.0	2.668	6.332	2.0
226	2.0	1.0	0.0	0.0	1.3330000000000002	4.667	0.0
227	0.0	1.0	0.0	1.0	1.0	2.0	1.0
228	1.0	4.0	0.0	2.0	2.3340000000000005	9.666	2.0
229	1.0	2.0	1.0	2.0	2.0010000000000003	6.999	3.0
230	0.0	1.0	0.0	0.0	0.3330000000000002	2.667	0.0
231	2.0	2.0	1.0	2.0	1.3330000000000002	4.667	1.0
232	1.0	2.0	1.0	2.0	0.6680000000000001	2.332	1.0
233	1.0	1.0	1.0	1.0	1.0	2.0	1.0
234	3.0	4.0	1.0	3.0	4.333	10.667	2.0
235	3.0	2.0	2.0	0.0	4.0	8.0	2.0
236	2.0	1.0	1.0	1.0	2.0	4.0	1.0
237	2.0	1.0	2.0	0.0	3.4	5.6	2.0
238	2.0	1.0	1.0	1.0	3.0	6.0	2.0
239	1.0	2.0	0.0	0.0	1.0010000000000003	4.999	0.0
240	2.0	0.0	2.0	0.0	2.0	4.0	2.0
241	0.0	1.0	0.0	1.0	1.0	2.0	1.0
242	0.0	2.0	0.0	2.0	1.3330000000000002	4.667	2.0
243	2.0	1.0	0.0	0.0	1.3330000000000002	4.667	0.0
244	1.0	0.0	0.0	0.0	0.3330000000000002	2.667	0.0
245	0.0	3.0	0.0	1.0	3.4	5.6	1.0
246	2.0	2.0	1.0	1.0	2.6660000000000004	9.334	2.0
247	2.0	1.0	1.0	0.0	3.0	6.0	1.0
248	1.0	0.0	1.0	0.0	1.0	2.0	1.0
249	1.0	4.0	0.0	2.0	1.6660000000000004	7.334	2.0
250	3.0	2.0	2.0	0.0	4.4	7.6	2.0
251	2.0	2.0	1.0	2.0	3.0	6.0	2.0
252	2.0	0.0	1.0	0.0	2.0	4.0	1.0
253	1.0	0.0	0.0	0.0	0.3330000000000002	2.667	0.0
254	0.0	0.0	0.0	0.0	0.0	0.0	0.0
255	3.0	0.0	2.0	0.0	3.068	5.932	2.0
256	2.0	2.0	2.0	0.0	2.668	6.332	1.0
257	2.0	0.0	1.0	0.0	1.3360000000000003	4.664	1.0
258	0.0	1.0	0.0	1.0	0.6680000000000001	2.332	1.0
259	1.0	2.0	1.0	2.0	2.0	4.0	2.0
260	0.0	3.0	0.0	2.0	0.6660000000000004	5.334	1.0
261	0.0	1.0	0.0	1.0	1.0	2.0	1.0
262	2.0	2.0	2.0	2.0	3.0	6.0	3.0
263	2.0	3.0	2.0	2.0	3.733	8.267	3.0
264	1.0	2.0	1.0	1.0	3.0	6.0	2.0
265	2.0	0.0	1.0	0.0	1.6680000000000001	4.332	1.0
266	0.0	0.0	0.0	0.0	0.0	0.0	0.0
267	1.0	1.0	1.0	1.0	1.3330000000000002	4.667	2.0
268	1.0	0.0	1.0	0.0	0.3330000000000002	2.667	1.0
269	2.0	0.0	2.0	0.0	2.0	4.0	2.0
270	1.0	2.0	1.0	1.0	1.6660000000000004	7.334	2.0
271	0.0	0.0	0.0	0.0	0.0	0.0	0.0
272	0.0	0.0	0.0	0.0	0.0	0.0	0.0
273	1.0	0.0	1.0	0.0	1.0	2.0	1.0
274	1.0	6.0	0.0	4.0	1.665000000000001	13.334999999999999	3.0
275	0.0	2.0	0.0	2.0	2.4	3.6	2.0
276	2.0	0.0	1.0	0.0	2.068	3.932	1.0
277	1.0	2.0	1.0	1.0	1.0010000000000003	4.999	1.0
278	2.0	3.0	2.0	1.0	2.3340000000000005	9.666	2.0
279	1.0	2.0	0.0	2.0	1.6680000000000001	7.332	2.0
280	2.0	1.0	2.0	0.0	3.0	6.0	2.0
281	2.0	5.0	2.0	1.0	2.9990000000000006	12.001	2.0
282	3.0	3.0	0.0	2.0	4.336	10.664000000000001	2.0
283	1.0	0.0	1.0	0.0	1.0	2.0	1.0
284	1.0	1.0	0.0	1.0	0.6660000000000004	5.334	1.0
285	2.0	3.0	1.0	2.0	4.068	7.9319999999999995	2.0
286	0.0	0.0	0.0	0.0	0.0	0.0	0.0
287	0.0	0.0	0.0	0.0	0.0	0.0	0.0
288	0.0	0.0	0.0	0.0	0.0	0.0	0.0
289	1.0	2.0	1.0	2.0	2.0	4.0	2.0
290	2.0	2.0	1.0	1.0	3.668	8.332	2.0
291	1.0	3.0	0.0	2.0	2.0	7.0	2.0
292	0.0	2.0	0.0	2.0	1.3330000000000002	4.667	2.0
293	1.0	2.0	1.0	1.0	1.3330000000000002	4.667	1.0
294	0.0	0.0	0.0	0.0	0.0	0.0	0.0
295	0.0	1.0	0.0	0.0	1.0	2.0	0.0
296	1.0	1.0	0.0	1.0	1.4	4.6	1.0
297	2.0	0.0	1.0	0.0	2.0	4.0	1.0
298	0.0	2.0	0.0	2.0	1.3330000000000002	4.667	2.0
299	2.0	2.0	0.0	1.0	2.333	6.667	1.0
300	2.0	0.0	1.0	0.0	0.6660000000000004	5.334	1.0
301	0.0	3.0	0.0	2.0	1.3330000000000002	4.667	1.0
302	2.0	4.0	1.0	0.0	1.9990000000000006	10.001	1.0
303	1.0	2.0	1.0	2.0	0.3330000000000002	2.667	1.0
304	3.0	2.0	2.0	1.0	2.0020000000000007	9.998	2.0
305	1.0	2.0	0.0	0.0	2.0	4.0	0.0
306	0.0	1.0	0.0	0.0	0.0	3.0	0.0
