all_syn	all_nonSyn	tip_syn	tip_nonSyn	S	N	comparisons
001	0.0	0.0	0.0	0.0	0.0	0.0	0.0
002	0.0	0.0	0.0	0.0	0.0	0.0	0.0
003	0.0	0.0	0.0	0.0	0.0	0.0	0.0
004	0.0	0.0	0.0	0.0	0.0	0.0	0.0
005	0.0	0.0	0.0	0.0	0.0	0.0	0.0
006	0.0	0.0	0.0	0.0	0.0	0.0	0.0
007	0.0	0.0	0.0	0.0	0.0	0.0	0.0
008	0.0	0.0	0.0	0.0	0.0	0.0	0.0
009	0.0	0.0	0.0	0.0	0.0	0.0	0.0
010	0.0	0.0	0.0	0.0	0.0	0.0	0.0
011	0.0	0.0	0.0	0.0	0.0	0.0	0.0
012	0.0	0.0	0.0	0.0	0.0	0.0	0.0
013	0.0	0.0	0.0	0.0	0.0	0.0	0.0
014	0.0	0.0	0.0	0.0	0.0	0.0	0.0
015	0.0	0.0	0.0	0.0	0.0	0.0	0.0
016	0.0	0.0	0.0	0.0	0.0	0.0	0.0
017	0.0	0.0	0.0	0.0	0.0	0.0	0.0
018	0.0	0.0	0.0	0.0	0.0	0.0	0.0
019	0.0	0.0	0.0	0.0	0.0	0.0	0.0
020	0.0	0.0	0.0	0.0	0.0	0.0	0.0
021	0.0	0.0	0.0	0.0	0.0	0.0	0.0
022	1.0	0.0	0.0	0.0	1.0	2.0	0.0
023	1.0	1.0	1.0	0.0	0.6660000000000004	5.334	1.0
024	0.0	3.0	0.0	1.0	0.6660000000000004	5.334	1.0
025	1.0	0.0	1.0	0.0	0.6680000000000001	2.332	1.0
026	0.0	0.0	0.0	0.0	0.0	0.0	0.0
027	0.0	0.0	0.0	0.0	0.0	0.0	0.0
028	1.0	0.0	0.0	0.0	0.3330000000000002	2.667	0.0
029	2.0	0.0	2.0	0.0	1.3360000000000003	4.664	2.0
030	0.0	0.0	0.0	0.0	0.0	0.0	0.0
031	0.0	0.0	0.0	0.0	0.0	0.0	0.0
032	4.0	0.0	2.0	0.0	3.668	8.332	2.0
033	2.0	0.0	1.0	0.0	1.6680000000000001	4.332	1.0
034	0.0	0.0	0.0	0.0	0.0	0.0	0.0
035	0.0	0.0	0.0	0.0	0.0	0.0	0.0
036	3.0	0.0	2.0	0.0	3.0	6.0	2.0
037	2.0	0.0	0.0	0.0	0.6680000000000001	2.332	0.0
038	1.0	1.0	1.0	0.0	1.3330000000000002	4.667	1.0
039	1.0	1.0	1.0	1.0	1.3330000000000002	4.667	2.0
040	3.0	1.0	1.0	0.0	3.0	6.0	1.0
041	0.0	0.0	0.0	0.0	0.0	0.0	0.0
042	2.0	0.0	1.0	0.0	1.6680000000000001	4.332	1.0
043	0.0	0.0	0.0	0.0	0.0	0.0	0.0
044	2.0	0.0	2.0	0.0	2.0	4.0	2.0
045	3.0	0.0	1.0	0.0	3.0	6.0	1.0
046	2.0	0.0	0.0	0.0	2.0	4.0	0.0
047	0.0	0.0	0.0	0.0	0.0	0.0	0.0
048	1.0	0.0	1.0	0.0	0.6680000000000001	2.332	1.0
049	0.0	0.0	0.0	0.0	0.0	0.0	0.0
050	0.0	0.0	0.0	0.0	0.0	0.0	0.0
051	2.0	0.0	2.0	0.0	2.0	4.0	2.0
052	0.0	0.0	0.0	0.0	0.0	0.0	0.0
053	0.0	0.0	0.0	0.0	0.0	0.0	0.0
054	2.0	0.0	0.0	0.0	0.6660000000000004	5.334	0.0
055	3.0	5.0	2.0	2.0	6.333	14.667	4.0
056	2.0	3.0	0.0	1.0	1.6660000000000004	7.334	1.0
057	0.0	5.0	0.0	3.0	1.6670000000000007	10.332999999999998	2.0
058	0.0	4.0	0.0	2.0	1.733	4.2669999999999995	1.0
059	1.0	2.0	0.0	1.0	0.6660000000000004	5.334	1.0
060	1.0	2.0	1.0	0.0	1.3330000000000002	4.667	1.0
061	2.0	2.0	0.0	0.0	1.6680000000000001	4.332	0.0
062	1.0	3.0	1.0	2.0	1.6660000000000004	7.334	2.0
063	1.0	2.0	1.0	1.0	2.333	6.667	2.0
064	0.0	2.0	0.0	1.0	1.0	5.0	1.0
065	1.0	2.0	1.0	0.0	2.0	4.0	1.0
066	1.0	4.0	1.0	2.0	2.333	6.667	2.0
067	1.0	5.0	1.0	2.0	1.9990000000000006	10.001	2.0
068	2.0	3.0	1.0	1.0	1.665000000000001	13.334999999999999	2.0
069	2.0	5.0	1.0	3.0	1.9990000000000006	10.001	2.0
070	1.0	2.0	0.0	0.0	1.3330000000000002	4.667	0.0
071	1.0	2.0	0.0	0.0	1.3330000000000002	4.667	0.0
072	0.0	0.0	0.0	0.0	0.0	0.0	0.0
073	0.0	0.0	0.0	0.0	0.0	0.0	0.0
074	2.0	0.0	1.0	0.0	2.4	3.6	1.0
075	0.0	0.0	0.0	0.0	0.0	0.0	0.0
076	1.0	0.0	0.0	0.0	1.0	2.0	0.0
077	2.0	0.0	2.0	0.0	2.0	4.0	2.0
078	1.0	0.0	0.0	0.0	0.3330000000000002	2.667	0.0
079	1.0	2.0	0.0	1.0	3.0	6.0	1.0
080	3.0	0.0	1.0	0.0	2.3360000000000003	6.664	1.0
081	1.0	0.0	0.0	0.0	1.0	2.0	0.0
082	3.0	3.0	2.0	2.0	5.0	10.0	3.0
083	1.0	0.0	1.0	0.0	1.0	2.0	1.0
084	2.0	0.0	0.0	0.0	0.6660000000000004	5.334	0.0
085	1.0	2.0	1.0	1.0	3.0	6.0	2.0
086	1.0	0.0	0.0	0.0	0.3330000000000002	2.667	0.0
087	3.0	0.0	3.0	0.0	3.0	6.0	3.0
088	0.0	0.0	0.0	0.0	0.0	0.0	0.0
089	0.0	0.0	0.0	0.0	0.0	0.0	0.0
090	0.0	0.0	0.0	0.0	0.0	0.0	0.0
091	1.0	1.0	1.0	0.0	0.6660000000000004	5.334	1.0
092	3.0	0.0	2.0	0.0	3.0	6.0	2.0
093	1.0	1.0	0.0	0.0	0.6660000000000004	5.334	0.0
094	2.0	1.0	2.0	0.0	3.0	6.0	2.0
095	1.0	0.0	1.0	0.0	0.3330000000000002	2.667	1.0
096	0.0	0.0	0.0	0.0	0.0	0.0	0.0
097	1.0	0.0	0.0	0.0	0.3330000000000002	2.667	0.0
098	0.0	0.0	0.0	0.0	0.0	0.0	0.0
099	0.0	0.0	0.0	0.0	0.0	0.0	0.0
100	1.0	0.0	1.0	0.0	0.3330000000000002	2.667	1.0
101	1.0	0.0	1.0	0.0	1.0	2.0	1.0
102	3.0	0.0	2.0	0.0	3.0	6.0	2.0
103	1.0	0.0	1.0	0.0	0.3330000000000002	2.667	1.0
104	1.0	0.0	1.0	0.0	0.3330000000000002	2.667	1.0
105	0.0	1.0	0.0	0.0	0.3330000000000002	2.667	0.0
106	1.0	0.0	1.0	0.0	0.3330000000000002	2.667	1.0
107	1.0	0.0	0.0	0.0	1.0	2.0	0.0
108	0.0	1.0	0.0	1.0	0.3330000000000002	2.667	1.0
109	0.0	0.0	0.0	0.0	0.0	0.0	0.0
110	0.0	1.0	0.0	0.0	0.3330000000000002	2.667	0.0
111	5.0	0.0	3.0	0.0	5.0	10.0	3.0
112	2.0	2.0	1.0	0.0	0.6660000000000004	5.334	1.0
113	2.0	4.0	2.0	2.0	3.3340000000000005	11.665999999999999	3.0
114	2.0	4.0	2.0	3.0	2.9990000000000006	12.001	4.0
115	1.0	3.0	1.0	2.0	2.333	6.667	2.0
116	2.0	4.0	1.0	2.0	1.9990000000000006	10.001	2.0
117	0.0	0.0	0.0	0.0	0.0	0.0	0.0
118	2.0	1.0	2.0	1.0	1.6680000000000001	4.332	2.0
119	1.0	0.0	0.0	0.0	1.0	2.0	0.0
120	2.0	1.0	1.0	0.0	2.0	4.0	1.0
121	1.0	0.0	0.0	0.0	1.0	2.0	0.0
122	1.0	0.0	0.0	0.0	1.0	2.0	0.0
123	2.0	0.0	2.0	0.0	2.4	3.6	2.0
124	2.0	1.0	2.0	1.0	0.3330000000000002	2.667	1.0
125	1.0	0.0	1.0	0.0	1.0	2.0	1.0
126	3.0	0.0	1.0	0.0	0.9990000000000006	8.001	1.0
127	2.0	1.0	1.0	1.0	3.0	6.0	2.0
128	1.0	0.0	1.0	0.0	1.0	2.0	1.0
129	2.0	0.0	1.0	0.0	2.0	4.0	1.0
130	0.0	0.0	0.0	0.0	0.0	0.0	0.0
131	3.0	1.0	3.0	0.0	1.6660000000000004	7.334	2.0
132	1.0	0.0	1.0	0.0	0.3330000000000002	2.667	1.0
133	1.0	0.0	1.0	0.0	0.3330000000000002	2.667	1.0
134	0.0	0.0	0.0	0.0	0.0	0.0	0.0
135	2.0	0.0	1.0	0.0	2.4	3.6	1.0
136	1.0	0.0	0.0	0.0	1.0	2.0	0.0
137	1.0	0.0	1.0	0.0	0.3330000000000002	2.667	1.0
138	2.0	0.0	1.0	0.0	2.0	4.0	1.0
139	1.0	2.0	1.0	1.0	1.3330000000000002	4.667	1.0
140	1.0	0.0	1.0	0.0	0.3330000000000002	2.667	1.0
141	1.0	0.0	1.0	0.0	0.3330000000000002	2.667	1.0
142	2.0	0.0	1.0	0.0	0.6660000000000004	5.334	1.0
143	1.0	1.0	1.0	0.0	2.0	4.0	1.0
144	0.0	0.0	0.0	0.0	0.0	0.0	0.0
145	2.0	0.0	1.0	0.0	2.4	3.6	1.0
146	1.0	0.0	1.0	0.0	1.0	2.0	1.0
147	0.0	0.0	0.0	0.0	0.0	0.0	0.0
148	0.0	0.0	0.0	0.0	0.0	0.0	0.0
149	2.0	0.0	1.0	0.0	2.0	4.0	1.0
150	2.0	1.0	0.0	1.0	3.0	6.0	1.0
151	1.0	4.0	1.0	2.0	2.6660000000000004	9.334	2.0
152	1.0	0.0	1.0	0.0	0.3330000000000002	2.667	1.0
153	2.0	0.0	1.0	0.0	1.3360000000000003	4.664	1.0
154	3.0	2.0	2.0	1.0	5.0	10.0	3.0
155	2.0	0.0	1.0	0.0	2.0	4.0	1.0
156	1.0	0.0	1.0	0.0	1.0	2.0	1.0
157	2.0	0.0	2.0	0.0	1.3360000000000003	4.664	2.0
158	0.0	1.0	0.0	0.0	0.3330000000000002	2.667	0.0
159	2.0	2.0	1.0	1.0	3.668	8.332	2.0
160	0.0	0.0	0.0	0.0	0.0	0.0	0.0
161	2.0	0.0	1.0	0.0	2.0	4.0	1.0
162	0.0	3.0	0.0	3.0	0.9990000000000006	8.001	3.0
163	1.0	0.0	1.0	0.0	0.6680000000000001	2.332	1.0
164	0.0	1.0	0.0	1.0	0.3330000000000002	2.667	1.0
165	2.0	0.0	1.0	0.0	2.0	4.0	1.0
166	1.0	0.0	1.0	0.0	1.0	2.0	1.0
167	0.0	0.0	0.0	0.0	0.0	0.0	0.0
168	1.0	0.0	1.0	0.0	1.4	1.6	1.0
169	1.0	2.0	1.0	1.0	2.333	6.667	2.0
170	2.0	2.0	2.0	1.0	4.0	8.0	3.0
171	2.0	2.0	2.0	2.0	3.0	6.0	3.0
172	0.0	1.0	0.0	1.0	0.3330000000000002	2.667	1.0
173	4.0	1.0	3.0	1.0	5.0	10.0	4.0
174	1.0	0.0	1.0	0.0	1.4	1.6	1.0
175	0.0	3.0	0.0	2.0	1.3330000000000002	4.667	1.0
176	0.0	0.0	0.0	0.0	0.0	0.0	0.0
177	2.0	2.0	1.0	2.0	2.333	6.667	2.0
178	1.0	0.0	1.0	0.0	1.0	2.0	1.0
179	2.0	0.0	0.0	0.0	2.0	4.0	0.0
180	3.0	2.0	3.0	2.0	2.333	6.667	3.0
181	2.0	0.0	0.0	0.0	2.0	4.0	0.0
182	0.0	5.0	0.0	3.0	2.3320000000000007	12.668	3.0
183	2.0	1.0	0.0	1.0	2.668	6.332	1.0
184	3.0	0.0	2.0	0.0	3.0	6.0	2.0
185	2.0	2.0	1.0	2.0	2.333	6.667	2.0
186	1.0	3.0	0.0	3.0	4.0	8.0	3.0
187	2.0	2.0	2.0	1.0	2.333	6.667	2.0
188	2.0	0.0	2.0	0.0	2.0	4.0	2.0
189	1.0	1.0	0.0	1.0	1.3330000000000002	4.667	1.0
190	0.0	2.0	0.0	1.0	1.3330000000000002	4.667	1.0
191	2.0	1.0	1.0	1.0	2.333	6.667	2.0
192	0.0	2.0	0.0	1.0	1.6680000000000001	4.332	1.0
193	1.0	1.0	1.0	1.0	2.0	4.0	2.0
194	2.0	1.0	2.0	1.0	2.0	4.0	2.0
195	2.0	0.0	1.0	0.0	2.0	4.0	1.0
196	2.0	1.0	0.0	0.0	1.0	2.0	0.0
197	0.0	2.0	0.0	1.0	1.3330000000000002	4.667	1.0
198	1.0	5.0	1.0	1.0	1.665000000000001	13.334999999999999	2.0
199	2.0	0.0	0.0	0.0	2.8	3.2	0.0
200	2.0	0.0	0.0	0.0	2.0	4.0	0.0
201	0.0	1.0	0.0	1.0	0.3330000000000002	2.667	1.0
202	0.0	0.0	0.0	0.0	0.0	0.0	0.0
203	1.0	0.0	1.0	0.0	0.3330000000000002	2.667	1.0
204	1.0	0.0	1.0	0.0	0.6680000000000001	2.332	1.0
205	3.0	0.0	3.0	0.0	0.9990000000000006	8.001	3.0
206	1.0	0.0	1.0	0.0	0.3330000000000002	2.667	1.0
207	1.0	0.0	0.0	0.0	0.3330000000000002	2.667	0.0
208	0.0	0.0	0.0	0.0	0.0	0.0	0.0
209	1.0	0.0	1.0	0.0	1.0	2.0	1.0
210	2.0	0.0	2.0	0.0	2.0	4.0	2.0
211	1.0	0.0	0.0	0.0	1.0	2.0	0.0
212	0.0	0.0	0.0	0.0	0.0	0.0	0.0
213	4.0	0.0	2.0	0.0	4.0	8.0	2.0
214	2.0	0.0	1.0	0.0	0.6660000000000004	5.334	1.0
215	1.0	0.0	0.0	0.0	1.0	2.0	0.0
216	1.0	0.0	1.0	0.0	0.3330000000000002	2.667	1.0
217	2.0	0.0	1.0	0.0	2.0	4.0	1.0
218	1.0	0.0	0.0	0.0	0.3330000000000002	2.667	0.0
219	3.0	0.0	2.0	0.0	3.0	6.0	2.0
220	0.0	0.0	0.0	0.0	0.0	0.0	0.0
221	0.0	1.0	0.0	1.0	1.0	2.0	1.0
222	0.0	0.0	0.0	0.0	0.0	0.0	0.0
223	0.0	2.0	0.0	1.0	1.6680000000000001	4.332	1.0
224	0.0	0.0	0.0	0.0	0.0	0.0	0.0
225	2.0	1.0	1.0	1.0	3.0	6.0	2.0
226	1.0	0.0	0.0	0.0	1.0	2.0	0.0
227	2.0	0.0	1.0	0.0	2.0	4.0	1.0
228	3.0	0.0	1.0	0.0	3.0	6.0	1.0
229	1.0	1.0	1.0	0.0	1.0	5.0	1.0
230	2.0	0.0	2.0	0.0	2.0	4.0	2.0
231	0.0	0.0	0.0	0.0	0.0	0.0	0.0
232	0.0	0.0	0.0	0.0	0.0	0.0	0.0
233	3.0	0.0	2.0	0.0	3.0	6.0	2.0
234	2.0	1.0	2.0	0.0	3.0	6.0	2.0
235	3.0	1.0	2.0	1.0	4.0	8.0	3.0
236	1.0	0.0	1.0	0.0	0.3330000000000002	2.667	1.0
237	2.0	1.0	1.0	1.0	2.0	7.0	2.0
238	1.0	4.0	1.0	3.0	2.6660000000000004	9.334	3.0
239	1.0	0.0	1.0	0.0	0.3330000000000002	2.667	1.0
240	0.0	0.0	0.0	0.0	0.0	0.0	0.0
241	0.0	0.0	0.0	0.0	0.0	0.0	0.0
242	1.0	0.0	1.0	0.0	0.3330000000000002	2.667	1.0
243	0.0	0.0	0.0	0.0	0.0	0.0	0.0
244	0.0	0.0	0.0	0.0	0.0	0.0	0.0
245	0.0	5.0	0.0	4.0	1.3320000000000007	10.668	3.0
246	1.0	3.0	1.0	1.0	1.6660000000000004	7.334	2.0
247	2.0	1.0	0.0	1.0	0.9990000000000006	8.001	1.0
248	3.0	0.0	2.0	0.0	3.0	6.0	2.0
249	3.0	0.0	1.0	0.0	3.0	6.0	1.0
250	3.0	1.0	2.0	1.0	2.0010000000000003	6.999	2.0
251	2.0	0.0	1.0	0.0	0.6660000000000004	5.334	1.0
252	2.0	1.0	2.0	1.0	2.068	6.9319999999999995	3.0
253	2.0	0.0	1.0	0.0	2.068	3.932	1.0
254	1.0	2.0	1.0	2.0	3.0	6.0	3.0
255	0.0	0.0	0.0	0.0	0.0	0.0	0.0
256	1.0	0.0	1.0	0.0	0.3330000000000002	2.667	1.0
257	0.0	0.0	0.0	0.0	0.0	0.0	0.0
258	0.0	0.0	0.0	0.0	0.0	0.0	0.0
259	3.0	0.0	3.0	0.0	3.0	6.0	3.0
260	0.0	0.0	0.0	0.0	0.0	0.0	0.0
261	1.0	1.0	0.0	1.0	0.6680000000000001	5.332	1.0
262	2.0	0.0	2.0	0.0	0.6660000000000004	5.334	2.0
263	0.0	0.0	0.0	0.0	0.0	0.0	0.0
264	1.0	1.0	1.0	1.0	0.6660000000000004	5.334	2.0
265	0.0	0.0	0.0	0.0	0.0	0.0	0.0
266	2.0	0.0	1.0	0.0	2.0	4.0	1.0
267	3.0	1.0	1.0	0.0	4.0	8.0	1.0
268	3.0	0.0	2.0	0.0	3.0	6.0	2.0
269	2.0	0.0	1.0	0.0	0.6660000000000004	5.334	1.0
270	0.0	1.0	0.0	0.0	0.3330000000000002	2.667	0.0
271	1.0	0.0	1.0	0.0	0.3330000000000002	2.667	1.0
272	2.0	3.0	2.0	1.0	2.3320000000000007	12.668	3.0
273	1.0	5.0	1.0	2.0	3.6660000000000004	11.334	2.0
274	3.0	1.0	3.0	1.0	1.6660000000000004	7.334	3.0
275	2.0	2.0	1.0	2.0	2.668	6.332	2.0
276	3.0	0.0	2.0	0.0	3.0	6.0	2.0
277	3.0	0.0	2.0	0.0	3.0	6.0	2.0
278	2.0	4.0	1.0	4.0	2.6660000000000004	9.334	3.0
279	2.0	0.0	2.0	0.0	2.0	4.0	2.0
280	0.0	0.0	0.0	0.0	0.0	0.0	0.0
281	0.0	0.0	0.0	0.0	0.0	0.0	0.0
282	2.0	2.0	0.0	1.0	3.0	6.0	1.0
283	2.0	1.0	1.0	1.0	2.668	6.332	2.0
284	0.0	0.0	0.0	0.0	0.0	0.0	0.0
285	0.0	0.0	0.0	0.0	0.0	0.0	0.0
286	1.0	0.0	0.0	0.0	0.3330000000000002	2.667	0.0
287	0.0	0.0	0.0	0.0	0.0	0.0	0.0
288	1.0	0.0	1.0	0.0	1.0	2.0	1.0
289	3.0	1.0	1.0	1.0	2.736	9.264	2.0
290	2.0	1.0	2.0	1.0	1.6680000000000001	4.332	2.0
291	1.0	0.0	0.0	0.0	0.6680000000000001	2.332	0.0
292	1.0	0.0	0.0	0.0	1.0	2.0	0.0
293	1.0	0.0	1.0	0.0	0.3330000000000002	2.667	1.0
294	5.0	0.0	3.0	0.0	4.0040000000000004	10.995999999999999	3.0
295	1.0	0.0	0.0	0.0	0.3330000000000002	2.667	0.0
296	1.0	1.0	0.0	1.0	1.6680000000000001	4.332	1.0
297	0.0	0.0	0.0	0.0	0.0	0.0	0.0
298	1.0	0.0	1.0	0.0	1.0	2.0	1.0
299	4.0	0.0	4.0	0.0	3.068	5.932	3.0
300	2.0	0.0	2.0	0.0	2.0	4.0	2.0
301	1.0	0.0	1.0	0.0	0.3330000000000002	2.667	1.0
302	1.0	0.0	1.0	0.0	1.4	1.6	1.0
303	2.0	2.0	1.0	0.0	2.6660000000000004	9.334	1.0
304	2.0	0.0	2.0	0.0	2.0	4.0	2.0
305	0.0	1.0	0.0	1.0	0.3330000000000002	2.667	1.0
306	0.0	0.0	0.0	0.0	0.0	0.0	0.0
307	3.0	0.0	1.0	0.0	2.668	6.332	1.0
308	2.0	3.0	1.0	2.0	3.4010000000000002	8.599	2.0
309	1.0	2.0	1.0	0.0	0.6660000000000004	5.334	1.0
310	2.0	1.0	2.0	1.0	0.6660000000000004	5.334	2.0
311	1.0	0.0	1.0	0.0	1.0	2.0	1.0
312	1.0	0.0	0.0	0.0	0.3330000000000002	2.667	0.0
313	1.0	0.0	1.0	0.0	1.0	2.0	1.0
314	1.0	0.0	1.0	0.0	0.6680000000000001	2.332	1.0
315	1.0	0.0	1.0	0.0	0.3330000000000002	2.667	1.0
316	1.0	0.0	1.0	0.0	0.3330000000000002	2.667	1.0
317	1.0	0.0	1.0	0.0	1.0	2.0	1.0
318	2.0	1.0	2.0	0.0	3.0	6.0	2.0
319	1.0	0.0	1.0	0.0	0.6680000000000001	2.332	1.0
320	2.0	0.0	0.0	0.0	0.6680000000000001	2.332	0.0
321	1.0	0.0	1.0	0.0	0.3330000000000002	2.667	1.0
322	0.0	0.0	0.0	0.0	0.0	0.0	0.0
323	2.0	0.0	2.0	0.0	0.6660000000000004	5.334	2.0
324	1.0	0.0	0.0	0.0	1.0	2.0	0.0
325	2.0	0.0	1.0	0.0	0.6660000000000004	5.334	1.0
326	0.0	1.0	0.0	1.0	0.3330000000000002	2.667	1.0
327	3.0	0.0	1.0	0.0	3.0	6.0	1.0
328	1.0	1.0	1.0	1.0	0.6660000000000004	5.334	2.0
329	0.0	0.0	0.0	0.0	0.0	0.0	0.0
330	1.0	0.0	1.0	0.0	1.0	2.0	1.0
331	0.0	0.0	0.0	0.0	0.0	0.0	0.0
332	2.0	0.0	1.0	0.0	0.6660000000000004	5.334	1.0
333	2.0	1.0	1.0	1.0	3.0	6.0	2.0
334	1.0	0.0	0.0	0.0	1.0	2.0	0.0
335	2.0	0.0	0.0	0.0	1.3360000000000003	4.664	0.0
336	0.0	0.0	0.0	0.0	0.0	0.0	0.0
337	1.0	0.0	0.0	0.0	0.3330000000000002	2.667	0.0
338	1.0	0.0	1.0	0.0	1.0	2.0	1.0
339	3.0	0.0	2.0	0.0	3.0	6.0	2.0
340	3.0	0.0	3.0	0.0	3.4	5.6	3.0
341	2.0	0.0	1.0	0.0	0.6660000000000004	5.334	1.0
342	1.0	0.0	0.0	0.0	1.0	2.0	0.0
343	0.0	0.0	0.0	0.0	0.0	0.0	0.0
344	1.0	1.0	1.0	0.0	0.6660000000000004	5.334	1.0
345	1.0	0.0	1.0	0.0	0.3330000000000002	2.667	1.0
346	0.0	0.0	0.0	0.0	0.0	0.0	0.0
347	1.0	0.0	1.0	0.0	1.0	2.0	1.0
348	0.0	1.0	0.0	0.0	0.3330000000000002	2.667	0.0
349	0.0	0.0	0.0	0.0	0.0	0.0	0.0
350	0.0	0.0	0.0	0.0	0.0	0.0	0.0
351	0.0	0.0	0.0	0.0	0.0	0.0	0.0
352	3.0	0.0	3.0	0.0	3.8	5.2	3.0
353	1.0	0.0	1.0	0.0	0.3330000000000002	2.667	1.0
354	0.0	0.0	0.0	0.0	0.0	0.0	0.0
355	0.0	0.0	0.0	0.0	0.0	0.0	0.0
356	1.0	0.0	1.0	0.0	0.3330000000000002	2.667	1.0
357	0.0	0.0	0.0	0.0	0.0	0.0	0.0
358	1.0	0.0	1.0	0.0	1.0	2.0	1.0
359	3.0	0.0	2.0	0.0	3.0	6.0	2.0
360	3.0	0.0	1.0	0.0	3.068	5.932	1.0
361	2.0	0.0	0.0	0.0	2.0	4.0	0.0
362	2.0	0.0	0.0	0.0	2.0	4.0	0.0
363	1.0	0.0	1.0	0.0	1.0	2.0	1.0
364	2.0	0.0	2.0	0.0	2.0	4.0	2.0
365	2.0	0.0	2.0	0.0	2.0	4.0	2.0
366	2.0	0.0	1.0	0.0	2.0	4.0	1.0
367	1.0	0.0	1.0	0.0	1.0	2.0	1.0
368	0.0	0.0	0.0	0.0	0.0	0.0	0.0
369	0.0	0.0	0.0	0.0	0.0	0.0	0.0
370	2.0	0.0	0.0	0.0	2.0	4.0	0.0
371	1.0	0.0	1.0	0.0	1.0	2.0	1.0
372	2.0	0.0	1.0	0.0	2.0	4.0	1.0
373	0.0	0.0	0.0	0.0	0.0	0.0	0.0
374	1.0	0.0	0.0	0.0	0.3330000000000002	2.667	0.0
375	3.0	1.0	1.0	1.0	3.068	8.932	2.0
376	0.0	1.0	0.0	0.0	1.4	1.6	0.0
377	2.0	0.0	1.0	0.0	2.0	4.0	1.0
378	1.0	0.0	1.0	0.0	0.3330000000000002	2.667	1.0
379	3.0	1.0	3.0	0.0	4.0	8.0	3.0
380	0.0	0.0	0.0	0.0	0.0	0.0	0.0
381	2.0	0.0	1.0	0.0	2.0	4.0	1.0
382	2.0	0.0	1.0	0.0	0.6660000000000004	5.334	1.0
383	1.0	0.0	0.0	0.0	0.6680000000000001	2.332	0.0
384	2.0	0.0	2.0	0.0	2.0	4.0	2.0
385	1.0	0.0	1.0	0.0	1.0	2.0	1.0
386	1.0	0.0	1.0	0.0	0.3330000000000002	2.667	1.0
387	2.0	0.0	2.0	0.0	0.6660000000000004	5.334	2.0
388	1.0	0.0	1.0	0.0	1.0	2.0	1.0
389	1.0	0.0	0.0	0.0	1.0	2.0	0.0
390	3.0	0.0	2.0	0.0	3.0	6.0	2.0
391	2.0	1.0	1.0	1.0	2.0010000000000003	6.999	2.0
392	3.0	0.0	1.0	0.0	3.0	6.0	1.0
393	3.0	0.0	2.0	0.0	2.3360000000000003	6.664	2.0
394	2.0	2.0	0.0	0.0	2.333	6.667	0.0
395	2.0	3.0	1.0	1.0	2.0	7.0	1.0
396	3.0	0.0	2.0	0.0	3.0	6.0	2.0
397	3.0	0.0	1.0	0.0	3.0	6.0	1.0
398	1.0	3.0	0.0	3.0	1.3320000000000007	10.668	3.0
399	1.0	0.0	0.0	0.0	1.4	1.6	0.0
400	1.0	0.0	1.0	0.0	0.3330000000000002	2.667	1.0
401	0.0	0.0	0.0	0.0	0.0	0.0	0.0
402	1.0	2.0	1.0	2.0	0.6660000000000004	5.334	2.0
403	2.0	4.0	0.0	1.0	4.333	10.667	1.0
404	2.0	2.0	2.0	2.0	3.068	5.932	3.0
405	0.0	1.0	0.0	0.0	0.3330000000000002	2.667	0.0
406	2.0	0.0	2.0	0.0	0.6660000000000004	5.334	2.0
