all_syn	all_nonSyn	tip_syn	tip_nonSyn	S	N	comparisons
001	0.0	0.0	0.0	0.0	0.0	0.0	0.0
002	0.0	0.0	0.0	0.0	0.0	0.0	0.0
003	1.0	1.0	1.0	1.0	2.4	3.6	2.0
004	2.0	1.0	1.0	0.0	2.733	6.2669999999999995	1.0
005	2.0	1.0	1.0	1.0	0.9990000000000006	8.001	2.0
006	0.0	2.0	0.0	1.0	0.6660000000000004	5.334	1.0
007	2.0	0.0	2.0	0.0	2.4	3.6	2.0
008	0.0	0.0	0.0	0.0	0.0	0.0	0.0
009	1.0	2.0	1.0	1.0	3.4	5.6	2.0
010	0.0	0.0	0.0	0.0	0.0	0.0	0.0
011	0.0	0.0	0.0	0.0	0.0	0.0	0.0
012	1.0	0.0	1.0	0.0	1.0	2.0	1.0
013	0.0	0.0	0.0	0.0	0.0	0.0	0.0
014	0.0	1.0	0.0	0.0	0.6680000000000001	2.332	0.0
015	1.0	0.0	1.0	0.0	0.3330000000000002	2.667	1.0
016	0.0	0.0	0.0	0.0	0.0	0.0	0.0
017	1.0	0.0	1.0	0.0	0.3330000000000002	2.667	1.0
018	1.0	0.0	0.0	0.0	0.3330000000000002	2.667	0.0
019	1.0	1.0	0.0	0.0	1.0	2.0	0.0
020	1.0	0.0	1.0	0.0	1.4	1.6	1.0
021	0.0	0.0	0.0	0.0	0.0	0.0	0.0
022	2.0	0.0	1.0	0.0	2.4	3.6	1.0
023	0.0	0.0	0.0	0.0	0.0	0.0	0.0
024	0.0	1.0	0.0	0.0	1.0	2.0	0.0
025	0.0	0.0	0.0	0.0	0.0	0.0	0.0
026	0.0	0.0	0.0	0.0	0.0	0.0	0.0
027	0.0	0.0	0.0	0.0	0.0	0.0	0.0
028	0.0	0.0	0.0	0.0	0.0	0.0	0.0
029	0.0	0.0	0.0	0.0	0.0	0.0	0.0
030	2.0	1.0	1.0	0.0	2.0	4.0	1.0
031	2.0	0.0	2.0	0.0	0.6660000000000004	5.334	2.0
032	1.0	0.0	1.0	0.0	1.0	2.0	1.0
033	0.0	2.0	0.0	2.0	1.0	5.0	2.0
034	0.0	0.0	0.0	0.0	0.0	0.0	0.0
035	1.0	0.0	0.0	0.0	1.0	2.0	0.0
036	0.0	4.0	0.0	2.0	1.3330000000000002	4.667	1.0
037	0.0	0.0	0.0	0.0	0.0	0.0	0.0
038	2.0	0.0	2.0	0.0	2.0	4.0	2.0
039	0.0	0.0	0.0	0.0	0.0	0.0	0.0
040	1.0	0.0	1.0	0.0	1.0	2.0	1.0
041	0.0	0.0	0.0	0.0	0.0	0.0	0.0
042	1.0	0.0	1.0	0.0	1.0	2.0	1.0
043	0.0	0.0	0.0	0.0	0.0	0.0	0.0
044	1.0	1.0	0.0	0.0	1.0	2.0	0.0
045	2.0	0.0	0.0	0.0	2.0	4.0	0.0
046	1.0	0.0	0.0	0.0	1.0	2.0	0.0
047	1.0	1.0	0.0	1.0	2.0	4.0	1.0
048	0.0	0.0	0.0	0.0	0.0	0.0	0.0
049	0.0	0.0	0.0	0.0	0.0	0.0	0.0
050	1.0	0.0	0.0	0.0	1.0	2.0	0.0
051	0.0	0.0	0.0	0.0	0.0	0.0	0.0
052	1.0	0.0	1.0	0.0	1.0	2.0	1.0
053	0.0	1.0	0.0	1.0	0.3330000000000002	2.667	1.0
054	0.0	1.0	0.0	1.0	1.0	2.0	1.0
055	0.0	0.0	0.0	0.0	0.0	0.0	0.0
056	1.0	0.0	1.0	0.0	1.0	2.0	1.0
057	2.0	0.0	2.0	0.0	2.0	4.0	2.0
058	2.0	1.0	1.0	1.0	1.6680000000000001	4.332	1.0
059	0.0	2.0	0.0	1.0	1.6680000000000001	4.332	1.0
060	1.0	0.0	1.0	0.0	1.4	1.6	1.0
061	0.0	0.0	0.0	0.0	0.0	0.0	0.0
062	1.0	2.0	1.0	2.0	0.3330000000000002	2.667	1.0
063	1.0	0.0	1.0	0.0	1.0	2.0	1.0
064	0.0	0.0	0.0	0.0	0.0	0.0	0.0
065	2.0	0.0	1.0	0.0	2.0	4.0	1.0
066	0.0	0.0	0.0	0.0	0.0	0.0	0.0
067	1.0	0.0	1.0	0.0	1.0	2.0	1.0
068	0.0	0.0	0.0	0.0	0.0	0.0	0.0
069	0.0	1.0	0.0	1.0	0.3330000000000002	2.667	1.0
070	0.0	0.0	0.0	0.0	0.0	0.0	0.0
071	0.0	0.0	0.0	0.0	0.0	0.0	0.0
072	1.0	0.0	1.0	0.0	1.0	2.0	1.0
073	0.0	0.0	0.0	0.0	0.0	0.0	0.0
074	1.0	1.0	1.0	1.0	2.0	4.0	2.0
075	2.0	1.0	1.0	1.0	2.3360000000000003	6.664	2.0
076	0.0	1.0	0.0	1.0	1.0	2.0	1.0
077	0.0	0.0	0.0	0.0	0.0	0.0	0.0
078	1.0	2.0	1.0	2.0	1.0	2.0	1.0
079	2.0	0.0	1.0	0.0	2.0	4.0	1.0
080	0.0	1.0	0.0	1.0	0.3330000000000002	2.667	1.0
081	0.0	0.0	0.0	0.0	0.0	0.0	0.0
082	0.0	0.0	0.0	0.0	0.0	0.0	0.0
083	0.0	0.0	0.0	0.0	0.0	0.0	0.0
084	1.0	0.0	1.0	0.0	1.0	2.0	1.0
085	0.0	0.0	0.0	0.0	0.0	0.0	0.0
086	0.0	0.0	0.0	0.0	0.0	0.0	0.0
087	0.0	0.0	0.0	0.0	0.0	0.0	0.0
088	0.0	0.0	0.0	0.0	0.0	0.0	0.0
089	0.0	0.0	0.0	0.0	0.0	0.0	0.0
090	2.0	1.0	1.0	1.0	2.3360000000000003	6.664	2.0
091	1.0	0.0	1.0	0.0	1.0	2.0	1.0
092	1.0	0.0	1.0	0.0	1.0	2.0	1.0
093	1.0	0.0	1.0	0.0	1.0	2.0	1.0
094	0.0	0.0	0.0	0.0	0.0	0.0	0.0
095	0.0	0.0	0.0	0.0	0.0	0.0	0.0
096	1.0	0.0	1.0	0.0	0.6680000000000001	2.332	1.0
097	1.0	0.0	1.0	0.0	1.0	2.0	1.0
098	1.0	3.0	1.0	2.0	3.333	8.667	3.0
099	1.0	0.0	1.0	0.0	0.6680000000000001	2.332	1.0
100	1.0	0.0	0.0	0.0	1.0	2.0	0.0
101	0.0	0.0	0.0	0.0	0.0	0.0	0.0
102	0.0	1.0	0.0	1.0	1.0	2.0	1.0
103	0.0	0.0	0.0	0.0	0.0	0.0	0.0
104	0.0	0.0	0.0	0.0	0.0	0.0	0.0
105	2.0	0.0	1.0	0.0	2.0	4.0	1.0
106	0.0	0.0	0.0	0.0	0.0	0.0	0.0
107	0.0	0.0	0.0	0.0	0.0	0.0	0.0
108	1.0	1.0	1.0	1.0	1.6680000000000001	4.332	2.0
109	1.0	0.0	0.0	0.0	1.0	2.0	0.0
110	0.0	0.0	0.0	0.0	0.0	0.0	0.0
111	0.0	1.0	0.0	0.0	1.0	2.0	0.0
112	0.0	0.0	0.0	0.0	0.0	0.0	0.0
113	0.0	0.0	0.0	0.0	0.0	0.0	0.0
114	0.0	0.0	0.0	0.0	0.0	0.0	0.0
115	1.0	0.0	1.0	0.0	1.0	2.0	1.0
116	0.0	0.0	0.0	0.0	0.0	0.0	0.0
117	0.0	0.0	0.0	0.0	0.0	0.0	0.0
118	0.0	0.0	0.0	0.0	0.0	0.0	0.0
119	0.0	0.0	0.0	0.0	0.0	0.0	0.0
120	0.0	0.0	0.0	0.0	0.0	0.0	0.0
121	1.0	0.0	1.0	0.0	1.0	2.0	1.0
122	0.0	0.0	0.0	0.0	0.0	0.0	0.0
123	2.0	0.0	1.0	0.0	2.0	4.0	1.0
124	0.0	0.0	0.0	0.0	0.0	0.0	0.0
125	0.0	0.0	0.0	0.0	0.0	0.0	0.0
126	1.0	0.0	0.0	0.0	0.3330000000000002	2.667	0.0
127	0.0	0.0	0.0	0.0	0.0	0.0	0.0
128	0.0	0.0	0.0	0.0	0.0	0.0	0.0
129	1.0	1.0	1.0	0.0	1.6680000000000001	4.332	1.0
130	1.0	2.0	1.0	1.0	1.6660000000000004	7.334	2.0
131	0.0	0.0	0.0	0.0	0.0	0.0	0.0
132	2.0	0.0	1.0	0.0	0.6660000000000004	5.334	1.0
133	0.0	0.0	0.0	0.0	0.0	0.0	0.0
134	1.0	1.0	0.0	0.0	1.0	2.0	0.0
135	0.0	0.0	0.0	0.0	0.0	0.0	0.0
136	0.0	0.0	0.0	0.0	0.0	0.0	0.0
137	0.0	0.0	0.0	0.0	0.0	0.0	0.0
138	2.0	1.0	2.0	1.0	0.3330000000000002	2.667	1.0
139	1.0	2.0	1.0	1.0	2.333	6.667	2.0
140	0.0	0.0	0.0	0.0	0.0	0.0	0.0
141	2.0	2.0	0.0	2.0	2.333	6.667	1.0
142	1.0	0.0	0.0	0.0	1.0	2.0	0.0
143	1.0	0.0	0.0	0.0	1.0	2.0	0.0
144	0.0	0.0	0.0	0.0	0.0	0.0	0.0
145	1.0	0.0	1.0	0.0	1.0	2.0	1.0
146	0.0	0.0	0.0	0.0	0.0	0.0	0.0
147	0.0	0.0	0.0	0.0	0.0	0.0	0.0
148	0.0	0.0	0.0	0.0	0.0	0.0	0.0
149	2.0	0.0	2.0	0.0	1.3360000000000003	4.664	2.0
150	2.0	2.0	2.0	2.0	1.3330000000000002	4.667	2.0
151	1.0	2.0	1.0	2.0	2.0	4.0	2.0
152	1.0	2.0	1.0	2.0	2.0	4.0	2.0
153	1.0	2.0	1.0	2.0	1.0	2.0	1.0
154	1.0	1.0	1.0	1.0	1.0	2.0	1.0
155	0.0	2.0	0.0	1.0	0.6660000000000004	5.334	1.0
156	2.0	0.0	1.0	0.0	2.0	4.0	1.0
157	0.0	1.0	0.0	0.0	0.3330000000000002	2.667	0.0
158	0.0	0.0	0.0	0.0	0.0	0.0	0.0
159	0.0	0.0	0.0	0.0	0.0	0.0	0.0
160	1.0	0.0	1.0	0.0	0.6680000000000001	2.332	1.0
161	0.0	1.0	0.0	0.0	0.3330000000000002	2.667	0.0
162	0.0	0.0	0.0	0.0	0.0	0.0	0.0
163	0.0	0.0	0.0	0.0	0.0	0.0	0.0
164	0.0	0.0	0.0	0.0	0.0	0.0	0.0
165	1.0	2.0	0.0	0.0	1.0	2.0	0.0
166	0.0	0.0	0.0	0.0	0.0	0.0	0.0
167	0.0	0.0	0.0	0.0	0.0	0.0	0.0
168	0.0	0.0	0.0	0.0	0.0	0.0	0.0
169	0.0	0.0	0.0	0.0	0.0	0.0	0.0
170	1.0	1.0	1.0	0.0	2.0	4.0	1.0
171	0.0	0.0	0.0	0.0	0.0	0.0	0.0
172	0.0	0.0	0.0	0.0	0.0	0.0	0.0
173	0.0	0.0	0.0	0.0	0.0	0.0	0.0
174	0.0	0.0	0.0	0.0	0.0	0.0	0.0
175	1.0	1.0	1.0	0.0	1.0010000000000003	4.999	1.0
176	0.0	0.0	0.0	0.0	0.0	0.0	0.0
177	0.0	0.0	0.0	0.0	0.0	0.0	0.0
178	0.0	0.0	0.0	0.0	0.0	0.0	0.0
179	0.0	0.0	0.0	0.0	0.0	0.0	0.0
180	0.0	0.0	0.0	0.0	0.0	0.0	0.0
181	1.0	0.0	0.0	0.0	0.6680000000000001	2.332	0.0
182	0.0	0.0	0.0	0.0	0.0	0.0	0.0
183	0.0	0.0	0.0	0.0	0.0	0.0	0.0
184	0.0	0.0	0.0	0.0	0.0	0.0	0.0
185	0.0	0.0	0.0	0.0	0.0	0.0	0.0
186	0.0	0.0	0.0	0.0	0.0	0.0	0.0
187	0.0	0.0	0.0	0.0	0.0	0.0	0.0
188	0.0	0.0	0.0	0.0	0.0	0.0	0.0
189	2.0	0.0	1.0	0.0	0.6660000000000004	5.334	1.0
190	0.0	0.0	0.0	0.0	0.0	0.0	0.0
191	0.0	0.0	0.0	0.0	0.0	0.0	0.0
192	0.0	0.0	0.0	0.0	0.0	0.0	0.0
193	0.0	0.0	0.0	0.0	0.0	0.0	0.0
194	0.0	0.0	0.0	0.0	0.0	0.0	0.0
195	1.0	0.0	0.0	0.0	0.3330000000000002	2.667	0.0
196	2.0	0.0	2.0	0.0	2.0	4.0	2.0
197	0.0	0.0	0.0	0.0	0.0	0.0	0.0
198	0.0	0.0	0.0	0.0	0.0	0.0	0.0
199	0.0	0.0	0.0	0.0	0.0	0.0	0.0
200	2.0	0.0	1.0	0.0	2.0	4.0	1.0
201	2.0	0.0	2.0	0.0	2.4	3.6	2.0
202	0.0	0.0	0.0	0.0	0.0	0.0	0.0
203	2.0	0.0	2.0	0.0	2.0	4.0	2.0
204	0.0	0.0	0.0	0.0	0.0	0.0	0.0
205	1.0	0.0	0.0	0.0	1.0	2.0	0.0
206	0.0	0.0	0.0	0.0	0.0	0.0	0.0
207	0.0	0.0	0.0	0.0	0.0	0.0	0.0
208	0.0	0.0	0.0	0.0	0.0	0.0	0.0
209	0.0	1.0	0.0	0.0	0.3330000000000002	2.667	0.0
210	0.0	2.0	0.0	0.0	0.3330000000000002	2.667	0.0
211	0.0	0.0	0.0	0.0	0.0	0.0	0.0
212	0.0	0.0	0.0	0.0	0.0	0.0	0.0
213	1.0	2.0	0.0	0.0	1.0	2.0	0.0
214	1.0	2.0	1.0	1.0	2.0	4.0	1.0
215	0.0	0.0	0.0	0.0	0.0	0.0	0.0
216	1.0	3.0	1.0	1.0	1.3330000000000002	4.667	1.0
217	0.0	0.0	0.0	0.0	0.0	0.0	0.0
218	0.0	0.0	0.0	0.0	0.0	0.0	0.0
219	0.0	2.0	0.0	0.0	1.0	2.0	0.0
220	1.0	0.0	0.0	0.0	1.0	2.0	0.0
221	0.0	0.0	0.0	0.0	0.0	0.0	0.0
222	0.0	0.0	0.0	0.0	0.0	0.0	0.0
223	0.0	2.0	0.0	2.0	1.0	2.0	1.0
224	1.0	0.0	1.0	0.0	0.6680000000000001	2.332	1.0
225	1.0	0.0	0.0	0.0	1.0	2.0	0.0
226	1.0	0.0	1.0	0.0	1.0	2.0	1.0
227	1.0	0.0	0.0	0.0	1.0	2.0	0.0
228	0.0	0.0	0.0	0.0	0.0	0.0	0.0
229	2.0	0.0	0.0	0.0	2.0	4.0	0.0
230	0.0	0.0	0.0	0.0	0.0	0.0	0.0
231	0.0	0.0	0.0	0.0	0.0	0.0	0.0
232	0.0	0.0	0.0	0.0	0.0	0.0	0.0
233	1.0	0.0	1.0	0.0	1.0	2.0	1.0
234	0.0	0.0	0.0	0.0	0.0	0.0	0.0
235	0.0	0.0	0.0	0.0	0.0	0.0	0.0
236	0.0	0.0	0.0	0.0	0.0	0.0	0.0
237	2.0	0.0	1.0	0.0	2.0	4.0	1.0
238	0.0	0.0	0.0	0.0	0.0	0.0	0.0
239	0.0	0.0	0.0	0.0	0.0	0.0	0.0
240	0.0	0.0	0.0	0.0	0.0	0.0	0.0
241	0.0	0.0	0.0	0.0	0.0	0.0	0.0
242	1.0	0.0	1.0	0.0	1.0	2.0	1.0
243	0.0	0.0	0.0	0.0	0.0	0.0	0.0
244	0.0	0.0	0.0	0.0	0.0	0.0	0.0
245	0.0	0.0	0.0	0.0	0.0	0.0	0.0
246	2.0	0.0	1.0	0.0	2.068	3.932	1.0
247	1.0	0.0	1.0	0.0	1.0	2.0	1.0
248	1.0	0.0	1.0	0.0	1.0	2.0	1.0
249	0.0	0.0	0.0	0.0	0.0	0.0	0.0
250	0.0	0.0	0.0	0.0	0.0	0.0	0.0
251	0.0	0.0	0.0	0.0	0.0	0.0	0.0
252	0.0	0.0	0.0	0.0	0.0	0.0	0.0
253	1.0	0.0	0.0	0.0	0.3330000000000002	2.667	0.0
254	0.0	0.0	0.0	0.0	0.0	0.0	0.0
255	2.0	1.0	1.0	0.0	3.0	6.0	1.0
256	1.0	2.0	1.0	2.0	1.0	2.0	1.0
257	0.0	0.0	0.0	0.0	0.0	0.0	0.0
258	1.0	0.0	0.0	0.0	1.0	2.0	0.0
259	1.0	0.0	1.0	0.0	1.0	2.0	1.0
260	0.0	1.0	0.0	0.0	0.3330000000000002	2.667	0.0
261	0.0	2.0	0.0	0.0	1.0	2.0	0.0
262	0.0	0.0	0.0	0.0	0.0	0.0	0.0
263	0.0	1.0	0.0	0.0	0.3330000000000002	2.667	0.0
264	0.0	0.0	0.0	0.0	0.0	0.0	0.0
265	1.0	0.0	0.0	0.0	1.0	2.0	0.0
266	0.0	0.0	0.0	0.0	0.0	0.0	0.0
267	0.0	0.0	0.0	0.0	0.0	0.0	0.0
268	0.0	0.0	0.0	0.0	0.0	0.0	0.0
269	1.0	0.0	1.0	0.0	1.0	2.0	1.0
270	0.0	0.0	0.0	0.0	0.0	0.0	0.0
271	0.0	0.0	0.0	0.0	0.0	0.0	0.0
272	2.0	0.0	1.0	0.0	2.0	4.0	1.0
273	1.0	0.0	1.0	0.0	1.0	2.0	1.0
274	0.0	0.0	0.0	0.0	0.0	0.0	0.0
275	1.0	0.0	0.0	0.0	1.0	2.0	0.0
276	1.0	0.0	1.0	0.0	1.0	2.0	1.0
277	1.0	1.0	1.0	1.0	2.0	4.0	2.0
278	1.0	0.0	1.0	0.0	1.0	2.0	1.0
279	0.0	1.0	0.0	1.0	0.3330000000000002	2.667	1.0
280	0.0	0.0	0.0	0.0	0.0	0.0	0.0
281	0.0	0.0	0.0	0.0	0.0	0.0	0.0
282	0.0	1.0	0.0	0.0	0.3330000000000002	2.667	0.0
283	1.0	1.0	0.0	0.0	1.0	2.0	0.0
284	0.0	0.0	0.0	0.0	0.0	0.0	0.0
285	0.0	0.0	0.0	0.0	0.0	0.0	0.0
286	0.0	0.0	0.0	0.0	0.0	0.0	0.0
287	0.0	0.0	0.0	0.0	0.0	0.0	0.0
288	1.0	0.0	0.0	0.0	1.0	2.0	0.0
289	0.0	0.0	0.0	0.0	0.0	0.0	0.0
290	0.0	0.0	0.0	0.0	0.0	0.0	0.0
291	0.0	0.0	0.0	0.0	0.0	0.0	0.0
292	0.0	0.0	0.0	0.0	0.0	0.0	0.0
293	0.0	0.0	0.0	0.0	0.0	0.0	0.0
294	1.0	1.0	0.0	0.0	0.6680000000000001	2.332	0.0
295	0.0	0.0	0.0	0.0	0.0	0.0	0.0
296	1.0	0.0	1.0	0.0	1.0	2.0	1.0
297	1.0	0.0	1.0	0.0	0.3330000000000002	2.667	1.0
298	1.0	0.0	0.0	0.0	1.4	1.6	0.0
299	0.0	0.0	0.0	0.0	0.0	0.0	0.0
300	0.0	2.0	0.0	0.0	0.0	3.0	0.0
301	1.0	0.0	1.0	0.0	1.0	2.0	1.0
302	0.0	0.0	0.0	0.0	0.0	0.0	0.0
303	1.0	0.0	0.0	0.0	1.0	2.0	0.0
304	1.0	2.0	0.0	1.0	2.0	4.0	1.0
305	0.0	0.0	0.0	0.0	0.0	0.0	0.0
306	0.0	1.0	0.0	0.0	0.6680000000000001	2.332	0.0
307	2.0	0.0	1.0	0.0	2.0	4.0	1.0
308	0.0	0.0	0.0	0.0	0.0	0.0	0.0
309	0.0	1.0	0.0	0.0	0.3330000000000002	2.667	0.0
310	1.0	0.0	0.0	0.0	1.0	2.0	0.0
311	0.0	2.0	0.0	0.0	1.0	2.0	0.0
312	0.0	0.0	0.0	0.0	0.0	0.0	0.0
313	0.0	0.0	0.0	0.0	0.0	0.0	0.0
314	1.0	0.0	0.0	0.0	0.6680000000000001	2.332	0.0
315	0.0	1.0	0.0	1.0	0.3330000000000002	2.667	1.0
316	0.0	0.0	0.0	0.0	0.0	0.0	0.0
317	0.0	0.0	0.0	0.0	0.0	0.0	0.0
318	1.0	2.0	1.0	2.0	1.0	2.0	1.0
319	1.0	3.0	1.0	2.0	3.0	6.0	2.0
320	0.0	1.0	0.0	1.0	0.3330000000000002	2.667	1.0
321	0.0	0.0	0.0	0.0	0.0	0.0	0.0
322	1.0	0.0	1.0	0.0	1.0	2.0	1.0
323	0.0	0.0	0.0	0.0	0.0	0.0	0.0
324	0.0	0.0	0.0	0.0	0.0	0.0	0.0
325	0.0	0.0	0.0	0.0	0.0	0.0	0.0
326	2.0	0.0	0.0	0.0	2.0	4.0	0.0
327	1.0	2.0	1.0	0.0	1.6660000000000004	7.334	1.0
328	0.0	0.0	0.0	0.0	0.0	0.0	0.0
329	0.0	0.0	0.0	0.0	0.0	0.0	0.0
330	0.0	0.0	0.0	0.0	0.0	0.0	0.0
331	0.0	0.0	0.0	0.0	0.0	0.0	0.0
332	0.0	0.0	0.0	0.0	0.0	0.0	0.0
333	0.0	0.0	0.0	0.0	0.0	0.0	0.0
334	1.0	0.0	1.0	0.0	0.3330000000000002	2.667	1.0
335	0.0	0.0	0.0	0.0	0.0	0.0	0.0
336	0.0	0.0	0.0	0.0	0.0	0.0	0.0
337	0.0	0.0	0.0	0.0	0.0	0.0	0.0
338	2.0	0.0	2.0	0.0	1.0	2.0	1.0
339	0.0	0.0	0.0	0.0	0.0	0.0	0.0
340	0.0	0.0	0.0	0.0	0.0	0.0	0.0
341	2.0	0.0	1.0	0.0	2.0	4.0	1.0
342	1.0	0.0	1.0	0.0	1.0	2.0	1.0
343	0.0	0.0	0.0	0.0	0.0	0.0	0.0
344	1.0	2.0	1.0	2.0	1.0	2.0	1.0
345	0.0	0.0	0.0	0.0	0.0	0.0	0.0
346	0.0	0.0	0.0	0.0	0.0	0.0	0.0
347	2.0	2.0	1.0	2.0	3.0	6.0	2.0
348	0.0	0.0	0.0	0.0	0.0	0.0	0.0
349	1.0	1.0	1.0	1.0	1.0	2.0	1.0
350	0.0	3.0	0.0	2.0	1.6660000000000004	7.334	2.0
351	1.0	0.0	1.0	0.0	1.0	2.0	1.0
352	0.0	0.0	0.0	0.0	0.0	0.0	0.0
353	0.0	0.0	0.0	0.0	0.0	0.0	0.0
354	0.0	1.0	0.0	1.0	0.3330000000000002	2.667	1.0
355	1.0	0.0	0.0	0.0	1.0	2.0	0.0
356	1.0	0.0	1.0	0.0	1.0	2.0	1.0
357	1.0	3.0	1.0	2.0	0.9990000000000006	8.001	2.0
358	0.0	1.0	0.0	1.0	0.3330000000000002	2.667	1.0
359	0.0	0.0	0.0	0.0	0.0	0.0	0.0
360	0.0	1.0	0.0	0.0	0.3330000000000002	2.667	0.0
361	0.0	0.0	0.0	0.0	0.0	0.0	0.0
362	0.0	2.0	0.0	1.0	1.3330000000000002	4.667	1.0
363	1.0	2.0	0.0	2.0	1.6660000000000004	7.334	2.0
364	0.0	2.0	0.0	2.0	1.0	2.0	1.0
365	0.0	0.0	0.0	0.0	0.0	0.0	0.0
366	0.0	0.0	0.0	0.0	0.0	0.0	0.0
