pos	Sd	Nd	Sd_tip	Nd_tip	S	N	comparisons
001	0.0	0.0	0.0	0.0	0.0	0.0	0.0
002	0.0	0.0	0.0	0.0	0.0	0.0	0.0
003	2.0	2.0	1.0	1.0	3.0	6.0	2.0
004	1.0	4.0	1.0	2.0	1.3320000000000007	10.668	2.0
005	2.0	1.0	1.0	1.0	3.0	6.0	2.0
006	1.0	1.0	1.0	0.0	2.0	4.0	1.0
007	1.0	2.0	1.0	2.0	2.4	3.6	2.0
008	1.0	3.0	1.0	2.0	3.333	8.667	3.0
009	2.0	2.0	1.0	2.0	1.6660000000000004	7.334	2.0
010	1.0	0.0	1.0	0.0	1.0	2.0	1.0
011	0.0	0.0	0.0	0.0	0.0	0.0	0.0
012	1.0	1.0	1.0	1.0	2.0	4.0	2.0
013	3.0	3.0	3.0	3.0	3.0	6.0	3.0
014	1.0	1.0	1.0	0.0	2.0	4.0	1.0
015	1.0	0.0	1.0	0.0	1.0	2.0	1.0
016	1.0	0.0	1.0	0.0	0.3330000000000002	2.667	1.0
017	0.0	0.0	0.0	0.0	0.0	0.0	0.0
018	1.0	0.0	0.0	0.0	0.3330000000000002	2.667	0.0
019	0.0	0.0	0.0	0.0	0.0	0.0	0.0
020	1.0	0.0	1.0	0.0	0.3330000000000002	2.667	1.0
021	0.0	0.0	0.0	0.0	0.0	0.0	0.0
022	0.0	2.0	0.0	2.0	1.0	2.0	1.0
023	3.0	1.0	1.0	1.0	4.0	8.0	2.0
024	2.0	0.0	1.0	0.0	2.0	4.0	1.0
025	2.0	1.0	2.0	1.0	3.0	6.0	3.0
026	3.0	0.0	2.0	0.0	3.0	6.0	2.0
027	2.0	0.0	0.0	0.0	0.6660000000000004	5.334	0.0
028	1.0	3.0	1.0	2.0	3.333	8.667	3.0
029	4.0	0.0	2.0	0.0	4.0	8.0	2.0
030	0.0	2.0	0.0	2.0	2.0	4.0	2.0
031	0.0	4.0	0.0	4.0	1.3320000000000007	10.668	4.0
032	0.0	4.0	0.0	2.0	3.3360000000000003	8.664	2.0
033	0.0	2.0	0.0	2.0	0.6660000000000004	5.334	2.0
034	1.0	0.0	1.0	0.0	0.3330000000000002	2.667	1.0
035	0.0	0.0	0.0	0.0	0.0	0.0	0.0
036	3.0	0.0	3.0	0.0	3.0	6.0	3.0
037	5.0	0.0	3.0	0.0	3.736	8.264	2.0
038	0.0	6.0	0.0	4.0	2.0020000000000007	9.998	3.0
039	3.0	3.0	1.0	2.0	1.6660000000000004	7.334	1.0
040	1.0	6.0	1.0	5.0	2.3320000000000007	12.668	4.0
041	1.0	0.0	1.0	0.0	1.0	2.0	1.0
042	3.0	4.0	1.0	2.0	1.9990000000000006	10.001	2.0
043	1.0	3.0	1.0	3.0	0.9990000000000006	8.001	3.0
044	1.0	0.0	1.0	0.0	0.3330000000000002	2.667	1.0
045	2.0	0.0	2.0	0.0	2.0	4.0	2.0
046	0.0	0.0	0.0	0.0	0.0	0.0	0.0
047	2.0	0.0	0.0	0.0	0.6660000000000004	5.334	0.0
048	3.0	6.0	2.0	4.0	2.6660000000000004	9.334	3.0
049	3.0	1.0	1.0	1.0	3.333	8.667	2.0
050	1.0	1.0	0.0	0.0	2.0	4.0	0.0
051	2.0	3.0	2.0	3.0	3.0	6.0	3.0
052	2.0	5.0	1.0	3.0	4.333	10.667	3.0
053	1.0	0.0	1.0	0.0	0.3330000000000002	2.667	1.0
054	1.0	4.0	1.0	3.0	1.3320000000000007	10.668	3.0
055	0.0	0.0	0.0	0.0	0.0	0.0	0.0
056	0.0	0.0	0.0	0.0	0.0	0.0	0.0
057	2.0	4.0	1.0	3.0	1.9990000000000006	10.001	3.0
058	2.0	0.0	1.0	0.0	2.0	4.0	1.0
059	2.0	1.0	0.0	1.0	3.0	6.0	1.0
060	1.0	0.0	1.0	0.0	1.0	2.0	1.0
061	1.0	0.0	1.0	0.0	0.3330000000000002	2.667	1.0
062	2.0	0.0	1.0	0.0	2.0	4.0	1.0
063	0.0	0.0	0.0	0.0	0.0	0.0	0.0
064	3.0	0.0	2.0	0.0	3.0	6.0	2.0
065	1.0	1.0	1.0	1.0	1.0	2.0	1.0
066	3.0	0.0	3.0	0.0	3.0	6.0	3.0
067	0.0	1.0	0.0	1.0	1.0	2.0	1.0
068	2.0	6.0	2.0	2.0	4.666	13.334	3.0
069	1.0	0.0	0.0	0.0	1.0	2.0	0.0
070	0.0	0.0	0.0	0.0	0.0	0.0	0.0
071	1.0	7.0	1.0	7.0	3.333	8.667	4.0
072	3.0	0.0	3.0	0.0	1.6680000000000001	4.332	2.0
073	3.0	2.0	1.0	2.0	4.0	8.0	2.0
074	0.0	0.0	0.0	0.0	0.0	0.0	0.0
075	2.0	1.0	1.0	1.0	2.3360000000000003	6.664	2.0
076	1.0	0.0	1.0	0.0	1.0	2.0	1.0
077	1.0	0.0	0.0	0.0	1.0	2.0	0.0
078	2.0	0.0	2.0	0.0	2.0	4.0	2.0
079	2.0	0.0	1.0	0.0	2.0	4.0	1.0
080	2.0	0.0	2.0	0.0	0.6660000000000004	5.334	2.0
081	2.0	0.0	1.0	0.0	2.0	4.0	1.0
082	1.0	0.0	1.0	0.0	1.0	2.0	1.0
083	3.0	0.0	2.0	0.0	3.0	6.0	2.0
084	3.0	0.0	1.0	0.0	3.0	6.0	1.0
085	2.0	0.0	2.0	0.0	0.6660000000000004	5.334	2.0
086	3.0	0.0	2.0	0.0	0.9990000000000006	8.001	2.0
087	3.0	1.0	2.0	1.0	3.668	8.332	3.0
088	2.0	0.0	0.0	0.0	2.0	4.0	0.0
089	1.0	1.0	1.0	1.0	1.6680000000000001	4.332	2.0
090	1.0	0.0	1.0	0.0	1.0	2.0	1.0
091	2.0	0.0	2.0	0.0	0.6660000000000004	5.334	2.0
092	1.0	0.0	1.0	0.0	0.3330000000000002	2.667	1.0
093	3.0	0.0	1.0	0.0	3.0	6.0	1.0
094	1.0	1.0	1.0	1.0	0.6660000000000004	5.334	2.0
095	3.0	0.0	2.0	0.0	3.0	6.0	2.0
096	0.0	3.0	0.0	2.0	0.9990000000000006	8.001	2.0
097	0.0	0.0	0.0	0.0	0.0	0.0	0.0
098	0.0	0.0	0.0	0.0	0.0	0.0	0.0
099	3.0	4.0	1.0	2.0	2.9990000000000006	12.001	2.0
100	0.0	0.0	0.0	0.0	0.0	0.0	0.0
101	0.0	0.0	0.0	0.0	0.0	0.0	0.0
102	0.0	0.0	0.0	0.0	0.0	0.0	0.0
103	1.0	0.0	1.0	0.0	1.0	2.0	1.0
104	0.0	0.0	0.0	0.0	0.0	0.0	0.0
105	0.0	0.0	0.0	0.0	0.0	0.0	0.0
106	3.0	0.0	1.0	0.0	3.0	6.0	1.0
107	3.0	0.0	1.0	0.0	2.0040000000000004	6.9959999999999996	1.0
108	0.0	0.0	0.0	0.0	0.0	0.0	0.0
109	2.0	0.0	1.0	0.0	2.0	4.0	1.0
110	1.0	0.0	1.0	0.0	1.0	2.0	1.0
111	0.0	0.0	0.0	0.0	0.0	0.0	0.0
112	2.0	0.0	1.0	0.0	2.0	4.0	1.0
113	0.0	0.0	0.0	0.0	0.0	0.0	0.0
114	1.0	1.0	1.0	1.0	0.6660000000000004	5.334	2.0
115	0.0	1.0	0.0	1.0	0.3330000000000002	2.667	1.0
116	1.0	1.0	1.0	1.0	2.0	4.0	2.0
117	3.0	2.0	3.0	2.0	3.333	8.667	4.0
118	0.0	0.0	0.0	0.0	0.0	0.0	0.0
119	1.0	0.0	1.0	0.0	0.3330000000000002	2.667	1.0
120	4.0	0.0	2.0	0.0	4.4	7.6	2.0
121	1.0	2.0	0.0	2.0	2.0	4.0	1.0
122	0.0	1.0	0.0	1.0	0.3330000000000002	2.667	1.0
123	1.0	0.0	1.0	0.0	0.3330000000000002	2.667	1.0
124	0.0	0.0	0.0	0.0	0.0	0.0	0.0
125	0.0	0.0	0.0	0.0	0.0	0.0	0.0
126	2.0	1.0	1.0	1.0	1.3330000000000002	4.667	1.0
127	2.0	4.0	1.0	2.0	3.3340000000000005	11.666	3.0
128	0.0	1.0	0.0	1.0	1.0	2.0	1.0
129	2.0	2.0	0.0	2.0	1.9990000000000006	10.001	2.0
130	0.0	2.0	0.0	2.0	0.3330000000000002	2.667	1.0
131	1.0	1.0	1.0	1.0	1.0	2.0	1.0
132	1.0	0.0	1.0	0.0	0.3330000000000002	2.667	1.0
133	0.0	4.0	0.0	2.0	1.3330000000000002	4.667	1.0
134	2.0	0.0	1.0	0.0	0.6660000000000004	5.334	1.0
135	2.0	4.0	1.0	4.0	2.6660000000000004	9.334	3.0
136	1.0	0.0	1.0	0.0	0.6680000000000001	2.332	1.0
137	2.0	0.0	1.0	0.0	2.0	4.0	1.0
138	1.0	5.0	1.0	4.0	1.665000000000001	13.334999999999999	4.0
139	1.0	0.0	0.0	0.0	0.3330000000000002	2.667	0.0
140	0.0	1.0	0.0	1.0	0.6680000000000001	2.332	1.0
141	1.0	0.0	0.0	0.0	1.0	2.0	0.0
142	3.0	0.0	2.0	0.0	3.0	6.0	2.0
143	2.0	0.0	1.0	0.0	2.0	4.0	1.0
144	1.0	0.0	1.0	0.0	0.3330000000000002	2.667	1.0
145	3.0	0.0	2.0	0.0	3.0	6.0	2.0
146	1.0	0.0	1.0	0.0	1.0	2.0	1.0
147	2.0	0.0	2.0	0.0	1.3360000000000003	4.664	2.0
148	1.0	0.0	1.0	0.0	1.0	2.0	1.0
149	0.0	0.0	0.0	0.0	0.0	0.0	0.0
150	2.0	0.0	1.0	0.0	2.0	4.0	1.0
151	0.0	0.0	0.0	0.0	0.0	0.0	0.0
152	0.0	0.0	0.0	0.0	0.0	0.0	0.0
153	0.0	0.0	0.0	0.0	0.0	0.0	0.0
154	0.0	1.0	0.0	1.0	0.6680000000000001	2.332	1.0
155	4.0	2.0	3.0	1.0	3.668	8.332	3.0
156	0.0	0.0	0.0	0.0	0.0	0.0	0.0
157	1.0	0.0	0.0	0.0	0.3330000000000002	2.667	0.0
158	3.0	0.0	3.0	0.0	3.0	6.0	3.0
159	1.0	0.0	1.0	0.0	0.3330000000000002	2.667	1.0
160	0.0	0.0	0.0	0.0	0.0	0.0	0.0
161	0.0	0.0	0.0	0.0	0.0	0.0	0.0
162	0.0	0.0	0.0	0.0	0.0	0.0	0.0
163	0.0	0.0	0.0	0.0	0.0	0.0	0.0
164	1.0	0.0	1.0	0.0	0.3330000000000002	2.667	1.0
165	4.0	0.0	3.0	0.0	4.0	8.0	3.0
166	3.0	0.0	3.0	0.0	3.0	6.0	3.0
167	2.0	0.0	0.0	0.0	2.0	4.0	0.0
168	1.0	0.0	1.0	0.0	1.0	2.0	1.0
169	2.0	1.0	2.0	1.0	2.068	3.932	2.0
170	3.0	0.0	3.0	0.0	3.0	6.0	3.0
171	3.0	0.0	2.0	0.0	3.0	6.0	2.0
172	3.0	1.0	2.0	0.0	4.0	8.0	2.0
173	0.0	4.0	0.0	3.0	2.6660000000000004	9.334	3.0
174	2.0	0.0	2.0	0.0	2.0	4.0	2.0
175	3.0	0.0	1.0	0.0	3.0	6.0	1.0
176	1.0	2.0	1.0	2.0	0.9990000000000006	8.001	3.0
177	4.0	4.0	3.0	2.0	3.9990000000000006	14.001	4.0
178	3.0	1.0	1.0	0.0	3.0	6.0	1.0
179	0.0	0.0	0.0	0.0	0.0	0.0	0.0
180	1.0	5.0	1.0	4.0	1.998000000000001	16.002	5.0
181	2.0	1.0	2.0	1.0	3.0	6.0	3.0
182	1.0	0.0	1.0	0.0	1.0	2.0	1.0
183	2.0	0.0	2.0	0.0	2.0	4.0	2.0
184	1.0	0.0	1.0	0.0	0.3330000000000002	2.667	1.0
185	0.0	0.0	0.0	0.0	0.0	0.0	0.0
186	0.0	1.0	0.0	1.0	0.3330000000000002	2.667	1.0
187	3.0	2.0	1.0	0.0	4.0	8.0	1.0
188	2.0	0.0	1.0	0.0	2.0	4.0	1.0
189	0.0	0.0	0.0	0.0	0.0	0.0	0.0
190	2.0	2.0	1.0	0.0	3.4040000000000004	8.596	1.0
191	0.0	2.0	0.0	0.0	2.0	4.0	0.0
192	0.0	0.0	0.0	0.0	0.0	0.0	0.0
193	0.0	0.0	0.0	0.0	0.0	0.0	0.0
194	0.0	4.0	0.0	4.0	2.0	4.0	2.0
195	3.0	5.0	2.0	3.0	5.666	15.334	4.0
196	0.0	0.0	0.0	0.0	0.0	0.0	0.0
197	2.0	10.0	2.0	7.0	3.9990000000000006	17.000999999999998	4.0
198	4.0	3.0	3.0	1.0	6.0	12.0	3.0
199	2.0	6.0	1.0	1.0	5.333	12.667	2.0
200	1.0	3.0	1.0	2.0	1.9990000000000006	10.001	3.0
201	2.0	3.0	1.0	1.0	3.6660000000000004	11.334	2.0
202	3.0	1.0	3.0	1.0	2.333	6.667	3.0
203	2.0	1.0	2.0	1.0	0.9990000000000006	8.001	3.0
204	3.0	1.0	1.0	1.0	4.0	8.0	2.0
205	1.0	0.0	1.0	0.0	0.3330000000000002	2.667	1.0
206	2.0	0.0	2.0	0.0	0.6660000000000004	5.334	2.0
207	1.0	0.0	1.0	0.0	1.0	2.0	1.0
208	0.0	0.0	0.0	0.0	0.0	0.0	0.0
209	2.0	1.0	0.0	0.0	3.0	6.0	0.0
210	2.0	0.0	2.0	0.0	2.0	4.0	2.0
211	1.0	4.0	1.0	2.0	1.9990000000000006	10.001	2.0
212	3.0	2.0	1.0	2.0	3.0	6.0	1.0
213	2.0	0.0	1.0	0.0	2.0	4.0	1.0
214	1.0	1.0	0.0	1.0	0.6660000000000004	5.334	1.0
215	1.0	2.0	0.0	0.0	1.0	2.0	0.0
216	1.0	1.0	1.0	1.0	1.4	1.6	1.0
217	2.0	3.0	2.0	3.0	3.333	8.667	4.0
218	2.0	8.0	1.0	4.0	5.665000000000001	21.335	4.0
219	0.0	0.0	0.0	0.0	0.0	0.0	0.0
220	2.0	4.0	2.0	4.0	3.333	8.667	4.0
221	1.0	1.0	0.0	1.0	1.6680000000000001	4.332	1.0
222	2.0	3.0	1.0	1.0	3.0	6.0	1.0
223	2.0	1.0	1.0	1.0	1.733	4.2669999999999995	1.0
224	3.0	6.0	2.0	4.0	5.666	15.334	5.0
225	3.0	3.0	3.0	2.0	4.668	10.332	4.0
226	1.0	0.0	1.0	0.0	1.0	2.0	1.0
227	3.0	6.0	1.0	4.0	6.666	17.334	5.0
228	3.0	3.0	2.0	1.0	5.0	10.0	3.0
229	1.0	1.0	1.0	1.0	1.0	2.0	1.0
230	3.0	6.0	1.0	3.0	6.667000000000001	20.333	4.0
231	3.0	0.0	1.0	0.0	0.9990000000000006	8.001	1.0
232	2.0	4.0	1.0	2.0	1.3330000000000002	4.667	1.0
233	2.0	4.0	2.0	2.0	4.333	10.667	3.0
234	2.0	4.0	1.0	2.0	5.0	10.0	2.0
235	1.0	2.0	1.0	2.0	0.3330000000000002	2.667	1.0
236	2.0	0.0	2.0	0.0	2.0	4.0	2.0
237	2.0	0.0	1.0	0.0	2.0	4.0	1.0
238	0.0	2.0	0.0	2.0	0.3330000000000002	2.667	1.0
239	4.0	2.0	2.0	2.0	4.0	8.0	2.0
240	2.0	0.0	1.0	0.0	2.0	4.0	1.0
241	3.0	0.0	1.0	0.0	3.0	6.0	1.0
242	2.0	2.0	1.0	2.0	2.333	6.667	2.0
243	2.0	5.0	2.0	4.0	3.6660000000000004	11.334	4.0
244	3.0	5.0	2.0	3.0	4.666	13.334	4.0
245	1.0	1.0	1.0	1.0	1.3330000000000002	4.667	2.0
246	3.0	4.0	3.0	3.0	3.333	8.667	3.0
247	1.0	0.0	0.0	0.0	1.0	2.0	0.0
248	2.0	4.0	1.0	2.0	2.668	6.332	2.0
249	1.0	1.0	1.0	1.0	2.0	4.0	2.0
250	2.0	2.0	2.0	1.0	3.333	8.667	3.0
251	1.0	3.0	1.0	2.0	1.6660000000000004	7.334	2.0
252	1.0	1.0	1.0	1.0	1.0	2.0	1.0
253	0.0	1.0	0.0	0.0	1.0	2.0	0.0
254	2.0	0.0	2.0	0.0	2.0	4.0	2.0
255	0.0	2.0	0.0	2.0	1.0	2.0	1.0
256	3.0	4.0	2.0	2.0	3.0	6.0	2.0
257	1.0	3.0	1.0	3.0	1.3330000000000002	4.667	2.0
258	2.0	0.0	1.0	0.0	2.0	4.0	1.0
259	1.0	4.0	0.0	2.0	1.6660000000000004	7.334	1.0
260	3.0	2.0	2.0	0.0	3.0	6.0	2.0
261	2.0	2.0	1.0	0.0	3.0	6.0	1.0
262	1.0	2.0	0.0	2.0	1.3330000000000002	4.667	1.0
263	3.0	1.0	1.0	0.0	3.0	6.0	1.0
264	1.0	2.0	1.0	1.0	3.0	6.0	2.0
265	1.0	3.0	1.0	1.0	4.0	8.0	2.0
266	0.0	0.0	0.0	0.0	0.0	0.0	0.0
267	0.0	0.0	0.0	0.0	0.0	0.0	0.0
268	0.0	0.0	0.0	0.0	0.0	0.0	0.0
269	0.0	0.0	0.0	0.0	0.0	0.0	0.0
270	0.0	0.0	0.0	0.0	0.0	0.0	0.0
271	2.0	2.0	1.0	1.0	4.0	8.0	2.0
272	1.0	1.0	1.0	1.0	2.0	4.0	2.0
273	2.0	0.0	2.0	0.0	2.0	4.0	2.0
274	2.0	0.0	0.0	0.0	2.0	4.0	0.0
275	1.0	1.0	0.0	0.0	2.0	4.0	0.0
276	3.0	0.0	1.0	0.0	3.0	6.0	1.0
277	1.0	4.0	1.0	2.0	4.0	8.0	3.0
278	2.0	3.0	1.0	1.0	4.0	8.0	2.0
279	3.0	3.0	2.0	2.0	5.0	10.0	3.0
280	2.0	4.0	1.0	3.0	1.9990000000000006	10.001	3.0
281	2.0	4.0	2.0	2.0	3.333	8.667	3.0
282	2.0	1.0	1.0	1.0	3.0	6.0	2.0
283	3.0	2.0	1.0	2.0	4.0	8.0	2.0
284	4.0	3.0	4.0	2.0	5.333	12.667	5.0
285	3.0	0.0	2.0	0.0	3.0	6.0	2.0
286	0.0	0.0	0.0	0.0	0.0	0.0	0.0
287	1.0	1.0	1.0	1.0	2.0	4.0	2.0
288	1.0	3.0	0.0	2.0	4.0	8.0	2.0
289	1.0	1.0	0.0	0.0	1.0	2.0	0.0
290	0.0	1.0	0.0	0.0	1.0	2.0	0.0
291	0.0	2.0	0.0	0.0	1.0	2.0	0.0
292	1.0	2.0	1.0	1.0	1.3330000000000002	4.667	1.0
293	1.0	2.0	1.0	2.0	3.0	6.0	3.0
294	2.0	5.0	1.0	3.0	3.6660000000000004	11.334	3.0
295	2.0	1.0	1.0	1.0	3.0	6.0	2.0
296	2.0	2.0	2.0	2.0	3.0	6.0	3.0
297	3.0	1.0	2.0	1.0	3.668	8.332	3.0
298	1.0	0.0	1.0	0.0	1.0	2.0	1.0
299	2.0	0.0	1.0	0.0	2.0	4.0	1.0
300	2.0	0.0	1.0	0.0	2.0	4.0	1.0
301	2.0	0.0	1.0	0.0	2.0	4.0	1.0
302	1.0	0.0	1.0	0.0	0.3330000000000002	2.667	1.0
303	1.0	2.0	1.0	2.0	1.3360000000000003	4.664	2.0
304	0.0	1.0	0.0	1.0	1.0	2.0	1.0
305	4.0	2.0	3.0	2.0	4.333	10.667	4.0
306	3.0	0.0	2.0	0.0	3.0	6.0	2.0
307	0.0	4.0	0.0	3.0	2.6660000000000004	9.334	3.0
308	1.0	3.0	1.0	3.0	2.333	6.667	3.0
309	2.0	6.0	2.0	4.0	3.333	8.667	3.0
310	2.0	2.0	1.0	1.0	3.0	6.0	1.0
311	2.0	3.0	1.0	1.0	3.0	6.0	2.0
312	1.0	1.0	1.0	0.0	2.0	4.0	1.0
313	2.0	1.0	1.0	0.0	2.0	4.0	1.0
314	2.0	1.0	0.0	0.0	2.0	4.0	0.0
315	3.0	3.0	3.0	2.0	3.333	8.667	3.0
316	3.0	1.0	1.0	1.0	4.0	8.0	2.0
317	0.0	1.0	0.0	1.0	1.0	2.0	1.0
318	1.0	2.0	0.0	1.0	2.0	4.0	1.0
319	2.0	2.0	1.0	1.0	3.333	8.667	2.0
320	1.0	1.0	0.0	0.0	0.3330000000000002	2.667	0.0
321	1.0	1.0	1.0	0.0	2.0	4.0	1.0
322	1.0	0.0	1.0	0.0	1.0	2.0	1.0
323	0.0	2.0	0.0	1.0	2.0	4.0	1.0
324	2.0	2.0	2.0	2.0	1.3330000000000002	4.667	2.0
325	1.0	2.0	1.0	2.0	1.3330000000000002	4.667	2.0
326	2.0	2.0	1.0	1.0	4.0	8.0	2.0
327	1.0	2.0	1.0	2.0	3.0	6.0	3.0
328	0.0	0.0	0.0	0.0	0.0	0.0	0.0
329	0.0	0.0	0.0	0.0	0.0	0.0	0.0
330	0.0	0.0	0.0	0.0	0.0	0.0	0.0
331	1.0	3.0	1.0	2.0	2.333	6.667	2.0
332	3.0	0.0	2.0	0.0	3.0	6.0	2.0
333	2.0	0.0	1.0	0.0	2.0	4.0	1.0
334	2.0	3.0	1.0	3.0	3.668	8.332	3.0
335	1.0	2.0	1.0	1.0	3.0	6.0	2.0
336	3.0	3.0	2.0	3.0	3.333	8.667	3.0
337	1.0	0.0	0.0	0.0	1.0	2.0	0.0
338	2.0	2.0	1.0	2.0	0.6660000000000004	5.334	1.0
339	2.0	0.0	2.0	0.0	2.0	4.0	2.0
340	3.0	1.0	2.0	1.0	3.0	6.0	2.0
341	0.0	0.0	0.0	0.0	0.0	0.0	0.0
342	0.0	0.0	0.0	0.0	0.0	0.0	0.0
343	0.0	0.0	0.0	0.0	0.0	0.0	0.0
344	0.0	0.0	0.0	0.0	0.0	0.0	0.0
345	1.0	0.0	0.0	0.0	1.0	2.0	0.0
346	2.0	3.0	0.0	2.0	4.333	10.667	2.0
347	2.0	2.0	2.0	1.0	4.0	8.0	3.0
348	2.0	2.0	1.0	1.0	2.333	6.667	1.0
349	2.0	1.0	1.0	1.0	3.0	6.0	2.0
350	2.0	3.0	0.0	1.0	3.333	8.667	1.0
351	2.0	4.0	0.0	3.0	5.0	10.0	3.0
352	3.0	4.0	1.0	4.0	7.0	14.0	5.0
353	1.0	4.0	1.0	2.0	1.6660000000000004	7.334	2.0
354	2.0	4.0	1.0	2.0	3.0010000000000003	8.998999999999999	2.0
355	2.0	1.0	2.0	0.0	3.0	6.0	2.0
356	1.0	3.0	1.0	2.0	3.333	8.667	3.0
357	2.0	3.0	1.0	3.0	4.0	8.0	3.0
358	2.0	7.0	1.0	5.0	3.0010000000000003	8.998999999999999	3.0
359	2.0	5.0	2.0	1.0	5.333	12.667	3.0
360	3.0	1.0	3.0	1.0	2.333	6.667	3.0
361	2.0	4.0	1.0	4.0	3.333	8.667	3.0
362	0.0	0.0	0.0	0.0	0.0	0.0	0.0
363	0.0	0.0	0.0	0.0	0.0	0.0	0.0
364	0.0	0.0	0.0	0.0	0.0	0.0	0.0
365	1.0	1.0	1.0	1.0	1.3330000000000002	4.667	2.0
366	2.0	1.0	1.0	1.0	3.0	6.0	2.0
367	2.0	2.0	2.0	2.0	2.0	4.0	2.0
368	3.0	4.0	1.0	2.0	2.6660000000000004	9.334	2.0
369	1.0	2.0	0.0	2.0	2.0	4.0	1.0
370	3.0	7.0	2.0	5.0	2.9990000000000006	12.001	4.0
371	3.0	1.0	0.0	1.0	4.0	8.0	1.0
372	1.0	4.0	1.0	3.0	1.9990000000000006	10.001	3.0
373	2.0	4.0	0.0	2.0	3.333	8.667	2.0
374	3.0	3.0	2.0	2.0	5.0	10.0	3.0
375	2.0	2.0	1.0	2.0	2.333	6.667	2.0
376	3.0	4.0	2.0	3.0	4.333	10.667	4.0
377	3.0	3.0	1.0	1.0	3.333	8.667	1.0
378	3.0	3.0	2.0	2.0	3.6660000000000004	11.334	3.0
379	1.0	2.0	0.0	2.0	1.3330000000000002	4.667	1.0
380	1.0	3.0	1.0	3.0	3.0	6.0	3.0
381	2.0	1.0	2.0	1.0	3.0	6.0	3.0
382	2.0	2.0	1.0	2.0	1.3330000000000002	4.667	1.0
383	4.0	0.0	4.0	0.0	4.0	8.0	4.0
384	2.0	2.0	1.0	2.0	2.0	4.0	1.0
385	2.0	0.0	2.0	0.0	2.0	4.0	2.0
386	1.0	2.0	1.0	1.0	3.0	6.0	2.0
387	2.0	2.0	1.0	2.0	3.0	6.0	2.0
388	1.0	0.0	1.0	0.0	0.3330000000000002	2.667	1.0
389	2.0	2.0	1.0	1.0	4.0	8.0	2.0
390	1.0	4.0	0.0	2.0	1.665000000000001	13.334999999999999	2.0
391	0.0	0.0	0.0	0.0	0.0	0.0	0.0
392	4.0	0.0	2.0	0.0	4.0	8.0	2.0
393	3.0	2.0	2.0	2.0	2.6660000000000004	9.334	3.0
394	0.0	0.0	0.0	0.0	0.0	0.0	0.0
395	0.0	0.0	0.0	0.0	0.0	0.0	0.0
396	2.0	0.0	1.0	0.0	0.6660000000000004	5.334	1.0
397	2.0	1.0	1.0	1.0	1.6680000000000001	4.332	1.0
398	2.0	1.0	1.0	1.0	2.333	6.667	2.0
399	0.0	0.0	0.0	0.0	0.0	0.0	0.0
400	1.0	2.0	1.0	1.0	2.333	6.667	2.0
401	3.0	0.0	1.0	0.0	3.0	6.0	1.0
402	0.0	1.0	0.0	1.0	0.3330000000000002	2.667	1.0
403	1.0	0.0	1.0	0.0	0.3330000000000002	2.667	1.0
404	0.0	0.0	0.0	0.0	0.0	0.0	0.0
405	2.0	0.0	1.0	0.0	0.6660000000000004	5.334	1.0
406	0.0	0.0	0.0	0.0	0.0	0.0	0.0
407	2.0	0.0	1.0	0.0	0.6660000000000004	5.334	1.0
408	2.0	0.0	0.0	0.0	2.0	4.0	0.0
409	2.0	1.0	2.0	0.0	3.0	6.0	2.0
410	0.0	0.0	0.0	0.0	0.0	0.0	0.0
411	3.0	0.0	1.0	0.0	3.0	6.0	1.0
412	3.0	2.0	2.0	1.0	5.0	10.0	3.0
413	2.0	1.0	2.0	1.0	1.6680000000000001	4.332	2.0
414	1.0	2.0	1.0	2.0	0.3330000000000002	5.667	2.0
415	1.0	1.0	0.0	1.0	1.3330000000000002	4.667	1.0
416	3.0	0.0	3.0	0.0	3.4	5.6	3.0
417	4.0	0.0	2.0	0.0	4.0	8.0	2.0
418	2.0	3.0	2.0	1.0	4.0	8.0	3.0
419	3.0	0.0	1.0	0.0	3.0	6.0	1.0
420	4.0	1.0	2.0	1.0	3.0	9.0	2.0
421	2.0	3.0	1.0	3.0	2.333	6.667	2.0
422	0.0	0.0	0.0	0.0	0.0	0.0	0.0
423	3.0	4.0	1.0	3.0	3.333	8.667	2.0
424	2.0	1.0	1.0	0.0	2.0	4.0	1.0
425	0.0	0.0	0.0	0.0	0.0	0.0	0.0
426	0.0	2.0	0.0	2.0	0.3330000000000002	2.667	1.0
427	1.0	2.0	1.0	2.0	1.6660000000000004	7.334	3.0
428	3.0	1.0	2.0	1.0	3.0	6.0	2.0
429	3.0	4.0	2.0	2.0	1.6660000000000004	7.334	2.0
430	1.0	1.0	1.0	0.0	1.6680000000000001	4.332	1.0
431	1.0	3.0	1.0	3.0	0.9990000000000006	8.001	3.0
432	0.0	0.0	0.0	0.0	0.0	0.0	0.0
433	2.0	1.0	2.0	1.0	2.668	6.332	3.0
434	1.0	0.0	1.0	0.0	1.0	2.0	1.0
435	0.0	2.0	0.0	2.0	1.0	2.0	1.0
436	1.0	0.0	1.0	0.0	1.0	2.0	1.0
437	0.0	0.0	0.0	0.0	0.0	0.0	0.0
438	1.0	0.0	0.0	0.0	1.0	2.0	0.0
439	2.0	0.0	2.0	0.0	0.6680000000000001	2.332	1.0
440	1.0	1.0	1.0	1.0	1.0	2.0	1.0
441	2.0	0.0	1.0	0.0	2.0	4.0	1.0
442	3.0	1.0	2.0	1.0	4.0	8.0	3.0
443	1.0	1.0	0.0	1.0	1.6680000000000001	4.332	1.0
444	0.0	1.0	0.0	1.0	0.3330000000000002	2.667	1.0
445	2.0	4.0	1.0	2.0	0.9990000000000006	8.001	2.0
446	1.0	2.0	0.0	2.0	1.6680000000000001	4.332	1.0
447	1.0	0.0	0.0	0.0	1.0	2.0	0.0
448	2.0	4.0	1.0	1.0	3.333	8.667	2.0
449	2.0	4.0	2.0	2.0	2.668	6.332	2.0
450	0.0	0.0	0.0	0.0	0.0	0.0	0.0
451	0.0	0.0	0.0	0.0	0.0	0.0	0.0
452	0.0	0.0	0.0	0.0	0.0	0.0	0.0
453	0.0	0.0	0.0	0.0	0.0	0.0	0.0
454	0.0	0.0	0.0	0.0	0.0	0.0	0.0
