pos	Sd	Nd	Sd_tip	Nd_tip	S	N	comparisons
001	0.0	0.0	0.0	0.0	0.0	0.0	0.0
002	0.0	0.0	0.0	0.0	0.0	0.0	0.0
003	0.0	0.0	0.0	0.0	0.0	0.0	0.0
004	0.0	1.0	0.0	0.0	1.0	2.0	0.0
005	0.0	2.0	0.0	0.0	1.3330000000000002	4.667	0.0
006	1.0	2.0	0.0	0.0	0.3330000000000002	2.667	0.0
007	1.0	2.0	0.0	0.0	1.6680000000000001	4.332	0.0
008	1.0	4.0	0.0	0.0	1.0010000000000003	4.999	0.0
009	1.0	1.0	0.0	0.0	0.3330000000000002	2.667	0.0
010	1.0	1.0	0.0	0.0	0.3330000000000002	2.667	0.0
011	1.0	1.0	0.0	0.0	1.0	2.0	0.0
012	1.0	1.0	0.0	0.0	0.6660000000000004	5.334	0.0
013	1.0	0.0	0.0	0.0	0.3330000000000002	2.667	0.0
014	1.0	0.0	0.0	0.0	0.3330000000000002	2.667	0.0
015	1.0	1.0	0.0	0.0	1.0	2.0	0.0
016	1.0	3.0	0.0	0.0	3.0	6.0	0.0
017	0.0	1.0	0.0	0.0	0.3330000000000002	2.667	0.0
018	1.0	2.0	0.0	0.0	0.6660000000000004	5.334	0.0
019	0.0	0.0	0.0	0.0	0.0	0.0	0.0
020	0.0	0.0	0.0	0.0	0.0	0.0	0.0
021	0.0	1.0	0.0	0.0	0.0	3.0	0.0
022	0.0	1.0	0.0	0.0	1.0	2.0	0.0
023	1.0	1.0	0.0	0.0	0.6680000000000001	2.332	0.0
024	1.0	0.0	0.0	0.0	0.3330000000000002	2.667	0.0
025	0.0	0.0	0.0	0.0	0.0	0.0	0.0
026	1.0	0.0	0.0	0.0	0.3330000000000002	2.667	0.0
027	2.0	0.0	0.0	0.0	2.0	4.0	0.0
028	1.0	0.0	0.0	0.0	0.3330000000000002	2.667	0.0
029	1.0	1.0	0.0	0.0	0.3330000000000002	2.667	0.0
030	0.0	0.0	0.0	0.0	0.0	0.0	0.0
031	0.0	0.0	0.0	0.0	0.0	0.0	0.0
032	1.0	0.0	0.0	0.0	1.0	2.0	0.0
033	1.0	0.0	0.0	0.0	0.3330000000000002	2.667	0.0
034	0.0	0.0	0.0	0.0	0.0	0.0	0.0
035	1.0	1.0	1.0	0.0	2.0	4.0	1.0
036	0.0	3.0	0.0	1.0	1.6660000000000004	7.334	1.0
037	1.0	0.0	0.0	0.0	0.3330000000000002	2.667	0.0
038	1.0	0.0	0.0	0.0	1.0	2.0	0.0
039	1.0	0.0	0.0	0.0	1.0	2.0	0.0
040	0.0	0.0	0.0	0.0	0.0	0.0	0.0
041	1.0	1.0	0.0	0.0	1.0010000000000003	4.999	0.0
042	1.0	1.0	0.0	0.0	2.0	4.0	0.0
043	1.0	1.0	0.0	0.0	1.6680000000000001	4.332	0.0
044	1.0	0.0	0.0	0.0	1.0	2.0	0.0
045	3.0	0.0	1.0	0.0	3.468	5.532	1.0
046	0.0	0.0	0.0	0.0	0.0	0.0	0.0
047	1.0	0.0	0.0	0.0	0.3330000000000002	2.667	0.0
048	2.0	1.0	0.0	0.0	3.0	6.0	0.0
049	1.0	0.0	0.0	0.0	1.0	2.0	0.0
050	0.0	0.0	0.0	0.0	0.0	0.0	0.0
051	0.0	0.0	0.0	0.0	0.0	0.0	0.0
052	2.0	0.0	0.0	0.0	2.0	4.0	0.0
053	1.0	1.0	1.0	0.0	2.0	4.0	1.0
054	1.0	2.0	0.0	0.0	1.6660000000000004	7.334	0.0
055	2.0	2.0	1.0	1.0	2.6660000000000004	9.334	2.0
056	1.0	0.0	0.0	0.0	0.3330000000000002	2.667	0.0
057	0.0	2.0	0.0	0.0	0.6660000000000004	5.334	0.0
058	2.0	2.0	0.0	1.0	3.0	6.0	1.0
059	2.0	1.0	0.0	0.0	2.333	6.667	0.0
060	0.0	0.0	0.0	0.0	0.0	0.0	0.0
061	0.0	0.0	0.0	0.0	0.0	0.0	0.0
062	0.0	3.0	0.0	0.0	1.6680000000000001	7.332	0.0
063	1.0	0.0	0.0	0.0	0.3330000000000002	2.667	0.0
064	1.0	1.0	0.0	0.0	1.6680000000000001	4.332	0.0
065	1.0	1.0	0.0	0.0	1.4	1.6	0.0
066	0.0	1.0	0.0	0.0	0.3330000000000002	2.667	0.0
067	0.0	0.0	0.0	0.0	0.0	0.0	0.0
068	1.0	1.0	0.0	1.0	0.6660000000000004	5.334	1.0
069	1.0	0.0	0.0	0.0	1.0	2.0	0.0
070	0.0	0.0	0.0	0.0	0.0	0.0	0.0
071	3.0	3.0	0.0	0.0	2.668	6.332	0.0
072	1.0	0.0	0.0	0.0	0.3330000000000002	2.667	0.0
073	1.0	0.0	0.0	0.0	0.3330000000000002	2.667	0.0
074	1.0	3.0	0.0	0.0	2.0010000000000003	6.999	0.0
075	2.0	1.0	0.0	0.0	2.668	6.332	0.0
076	2.0	0.0	0.0	0.0	2.0	4.0	0.0
077	1.0	3.0	0.0	0.0	2.0010000000000003	6.999	0.0
078	1.0	2.0	0.0	0.0	2.0010000000000003	6.999	0.0
079	1.0	4.0	0.0	1.0	1.9990000000000006	10.001	1.0
080	1.0	2.0	0.0	0.0	2.333	6.667	0.0
081	1.0	2.0	0.0	0.0	1.0	2.0	0.0
082	1.0	3.0	0.0	0.0	2.333	6.667	0.0
083	1.0	3.0	0.0	0.0	1.3330000000000002	4.667	0.0
084	1.0	3.0	0.0	0.0	1.9990000000000006	10.001	0.0
085	0.0	4.0	0.0	0.0	2.6660000000000004	9.334	0.0
086	2.0	3.0	1.0	1.0	3.668	8.332	1.0
087	1.0	1.0	0.0	0.0	2.0	4.0	0.0
088	1.0	3.0	0.0	0.0	1.6660000000000004	7.334	0.0
089	1.0	3.0	0.0	1.0	1.6660000000000004	7.334	1.0
090	1.0	2.0	0.0	0.0	1.3340000000000005	7.6659999999999995	0.0
091	0.0	3.0	0.0	0.0	1.3330000000000002	4.667	0.0
092	1.0	3.0	0.0	0.0	2.333	6.667	0.0
093	1.0	2.0	0.0	0.0	3.0	6.0	0.0
094	1.0	2.0	0.0	0.0	0.3330000000000002	2.667	0.0
095	1.0	1.0	0.0	0.0	0.6660000000000004	5.334	0.0
096	1.0	1.0	0.0	0.0	1.0	2.0	0.0
097	3.0	4.0	0.0	2.0	4.0	11.0	1.0
098	2.0	3.0	0.0	1.0	2.0	7.0	1.0
099	2.0	4.0	0.0	2.0	3.668	8.332	1.0
100	2.0	3.0	1.0	0.0	4.134	10.866	1.0
101	2.0	3.0	0.0	1.0	3.333	8.667	1.0
102	1.0	3.0	0.0	0.0	3.333	8.667	0.0
103	1.0	0.0	0.0	0.0	1.0	2.0	0.0
104	1.0	2.0	0.0	2.0	0.9990000000000006	8.001	2.0
105	1.0	2.0	0.0	1.0	3.0	6.0	1.0
106	2.0	5.0	0.0	0.0	5.333	12.667	0.0
107	2.0	3.0	0.0	0.0	2.0010000000000003	6.999	0.0
108	1.0	4.0	0.0	0.0	1.6660000000000004	7.334	0.0
109	2.0	2.0	0.0	0.0	2.668	6.332	0.0
110	1.0	1.0	0.0	1.0	1.0	5.0	1.0
111	2.0	0.0	0.0	0.0	2.0	4.0	0.0
112	1.0	0.0	1.0	0.0	1.0	2.0	1.0
113	2.0	1.0	1.0	1.0	2.0	7.0	2.0
114	3.0	0.0	0.0	0.0	3.0	6.0	0.0
115	0.0	2.0	0.0	0.0	0.6660000000000004	5.334	0.0
116	1.0	1.0	0.0	0.0	0.6680000000000001	5.332	0.0
117	3.0	0.0	1.0	0.0	3.8	5.2	1.0
118	2.0	0.0	0.0	0.0	0.6660000000000004	5.334	0.0
119	2.0	0.0	0.0	0.0	1.3360000000000003	4.664	0.0
120	1.0	0.0	0.0	0.0	1.0	2.0	0.0
121	1.0	0.0	0.0	0.0	0.3330000000000002	2.667	0.0
122	0.0	1.0	0.0	1.0	1.0	2.0	1.0
123	1.0	0.0	1.0	0.0	0.3330000000000002	2.667	1.0
124	2.0	3.0	0.0	2.0	1.665000000000001	13.334999999999999	2.0
125	2.0	2.0	2.0	0.0	1.3320000000000007	10.668	2.0
126	2.0	0.0	1.0	0.0	2.0	4.0	1.0
127	0.0	2.0	0.0	1.0	2.8	3.2	1.0
128	1.0	2.0	0.0	0.0	2.0010000000000003	6.999	0.0
129	2.0	0.0	0.0	0.0	0.6660000000000004	5.334	0.0
130	4.0	0.0	2.0	0.0	4.136	7.863999999999999	2.0
131	2.0	0.0	1.0	0.0	0.6660000000000004	5.334	1.0
132	2.0	0.0	1.0	0.0	2.0	4.0	1.0
133	0.0	0.0	0.0	0.0	0.0	0.0	0.0
134	1.0	0.0	0.0	0.0	1.0	2.0	0.0
135	1.0	2.0	1.0	1.0	2.668	6.332	2.0
136	1.0	0.0	1.0	0.0	1.0	2.0	1.0
137	1.0	0.0	1.0	0.0	0.3330000000000002	2.667	1.0
138	0.0	0.0	0.0	0.0	0.0	0.0	0.0
139	3.0	0.0	2.0	0.0	3.0	6.0	2.0
140	1.0	0.0	0.0	0.0	1.0	2.0	0.0
141	3.0	0.0	2.0	0.0	3.0	6.0	2.0
142	0.0	1.0	0.0	1.0	0.3330000000000002	2.667	1.0
143	1.0	0.0	1.0	0.0	0.3330000000000002	2.667	1.0
144	1.0	0.0	1.0	0.0	0.3330000000000002	2.667	1.0
145	2.0	0.0	1.0	0.0	0.6660000000000004	5.334	1.0
146	3.0	1.0	1.0	1.0	2.3360000000000003	6.664	1.0
147	1.0	0.0	1.0	0.0	1.0	2.0	1.0
148	1.0	0.0	1.0	0.0	0.3330000000000002	2.667	1.0
149	2.0	2.0	1.0	0.0	3.3360000000000003	8.664	1.0
150	1.0	3.0	0.0	2.0	1.3340000000000005	7.6659999999999995	2.0
151	1.0	0.0	0.0	0.0	0.3330000000000002	2.667	0.0
152	1.0	1.0	0.0	1.0	1.3330000000000002	4.667	1.0
153	2.0	2.0	1.0	2.0	3.0	6.0	2.0
154	1.0	1.0	1.0	1.0	1.6680000000000001	4.332	2.0
155	0.0	0.0	0.0	0.0	0.0	0.0	0.0
156	2.0	0.0	2.0	0.0	0.6680000000000001	2.332	1.0
157	1.0	1.0	1.0	0.0	2.0	4.0	1.0
158	1.0	0.0	0.0	0.0	0.6680000000000001	2.332	0.0
159	2.0	0.0	1.0	0.0	2.4	3.6	1.0
160	4.0	0.0	3.0	0.0	4.136	7.864	3.0
161	3.0	0.0	1.0	0.0	2.668	6.332	1.0
162	2.0	0.0	0.0	0.0	2.0	4.0	0.0
163	2.0	0.0	1.0	0.0	2.0	4.0	1.0
164	2.0	0.0	1.0	0.0	2.0	4.0	1.0
165	1.0	0.0	1.0	0.0	0.3330000000000002	2.667	1.0
166	1.0	1.0	1.0	1.0	1.0	2.0	1.0
167	1.0	0.0	1.0	0.0	0.3330000000000002	2.667	1.0
168	1.0	0.0	0.0	0.0	0.3330000000000002	2.667	0.0
169	3.0	1.0	1.0	1.0	3.333	8.667	2.0
170	1.0	0.0	1.0	0.0	1.0	2.0	1.0
171	2.0	0.0	0.0	0.0	0.6660000000000004	5.334	0.0
172	3.0	0.0	1.0	0.0	3.0	6.0	1.0
173	3.0	0.0	2.0	0.0	2.068	3.932	1.0
174	2.0	1.0	1.0	0.0	3.0	6.0	1.0
175	1.0	0.0	1.0	0.0	1.0	2.0	1.0
176	1.0	3.0	1.0	2.0	2.0010000000000003	6.999	2.0
177	1.0	0.0	1.0	0.0	0.6680000000000001	2.332	1.0
178	1.0	0.0	1.0	0.0	1.4	1.6	1.0
179	1.0	0.0	0.0	0.0	1.0	2.0	0.0
180	1.0	0.0	1.0	0.0	0.3330000000000002	2.667	1.0
181	2.0	4.0	0.0	2.0	2.6660000000000004	9.334	1.0
182	2.0	0.0	1.0	0.0	2.0	4.0	1.0
183	2.0	1.0	1.0	1.0	2.333	6.667	2.0
184	0.0	1.0	0.0	1.0	0.6680000000000001	2.332	1.0
185	2.0	0.0	2.0	0.0	2.0	4.0	2.0
186	2.0	1.0	0.0	0.0	2.668	6.332	0.0
187	1.0	0.0	1.0	0.0	0.3330000000000002	2.667	1.0
188	2.0	0.0	1.0	0.0	2.0	4.0	1.0
189	2.0	1.0	1.0	1.0	3.0	6.0	2.0
190	2.0	0.0	1.0	0.0	2.0	4.0	1.0
191	2.0	0.0	0.0	0.0	2.0	4.0	0.0
192	0.0	0.0	0.0	0.0	0.0	0.0	0.0
193	0.0	0.0	0.0	0.0	0.0	0.0	0.0
194	2.0	0.0	2.0	0.0	2.0	4.0	2.0
195	3.0	0.0	2.0	0.0	0.9990000000000006	8.001	2.0
196	3.0	0.0	2.0	0.0	3.068	5.932	2.0
197	3.0	0.0	2.0	0.0	3.0	6.0	2.0
198	1.0	0.0	1.0	0.0	0.3330000000000002	2.667	1.0
199	3.0	1.0	3.0	1.0	4.0	8.0	4.0
200	4.0	6.0	2.0	4.0	6.666	17.334	4.0
201	2.0	0.0	2.0	0.0	2.0	4.0	2.0
202	1.0	0.0	1.0	0.0	0.3330000000000002	2.667	1.0
203	3.0	1.0	1.0	1.0	4.0	8.0	2.0
204	2.0	0.0	2.0	0.0	2.0	4.0	2.0
205	0.0	0.0	0.0	0.0	0.0	0.0	0.0
206	3.0	1.0	1.0	1.0	4.0	8.0	2.0
207	1.0	2.0	1.0	2.0	2.0	4.0	2.0
208	4.0	0.0	2.0	0.0	4.0	8.0	2.0
209	3.0	0.0	2.0	0.0	0.9990000000000006	8.001	2.0
210	4.0	1.0	3.0	1.0	4.0	8.0	3.0
211	1.0	1.0	1.0	1.0	1.0010000000000003	4.999	2.0
212	0.0	0.0	0.0	0.0	0.0	0.0	0.0
213	1.0	4.0	1.0	3.0	2.6660000000000004	9.334	3.0
214	1.0	2.0	1.0	1.0	2.0	4.0	1.0
215	5.0	0.0	4.0	0.0	5.468	9.532	4.0
216	1.0	0.0	1.0	0.0	0.3330000000000002	2.667	1.0
217	1.0	0.0	1.0	0.0	0.6680000000000001	2.332	1.0
218	1.0	0.0	0.0	0.0	0.6680000000000001	2.332	0.0
219	1.0	0.0	1.0	0.0	0.3330000000000002	2.667	1.0
220	1.0	0.0	1.0	0.0	0.3330000000000002	2.667	1.0
221	1.0	0.0	0.0	0.0	0.3330000000000002	2.667	0.0
222	2.0	0.0	1.0	0.0	2.0	4.0	1.0
223	2.0	1.0	2.0	1.0	2.333	6.667	3.0
224	0.0	0.0	0.0	0.0	0.0	0.0	0.0
225	2.0	0.0	1.0	0.0	2.0	4.0	1.0
226	2.0	1.0	2.0	0.0	3.0	6.0	2.0
227	3.0	3.0	2.0	2.0	3.733	11.267	3.0
228	3.0	3.0	1.0	2.0	4.333	10.667	2.0
229	3.0	0.0	3.0	0.0	2.0040000000000004	6.9959999999999996	3.0
230	2.0	0.0	2.0	0.0	2.0	4.0	2.0
231	2.0	4.0	2.0	4.0	2.6660000000000004	9.334	4.0
232	3.0	0.0	3.0	0.0	3.0	6.0	3.0
233	2.0	0.0	2.0	0.0	2.0	4.0	2.0
234	1.0	3.0	1.0	3.0	1.3330000000000002	4.667	2.0
235	1.0	1.0	0.0	0.0	0.6660000000000004	5.334	0.0
236	1.0	0.0	1.0	0.0	1.0	2.0	1.0
237	2.0	5.0	1.0	3.0	6.0	12.0	3.0
238	1.0	1.0	1.0	1.0	0.6660000000000004	5.334	2.0
239	3.0	1.0	2.0	1.0	3.0	6.0	2.0
240	0.0	0.0	0.0	0.0	0.0	0.0	0.0
241	3.0	0.0	1.0	0.0	0.9990000000000006	8.001	1.0
242	3.0	0.0	2.0	0.0	3.8	5.2	2.0
243	0.0	0.0	0.0	0.0	0.0	0.0	0.0
244	2.0	0.0	1.0	0.0	2.0	4.0	1.0
245	3.0	0.0	3.0	0.0	2.3360000000000003	6.664	3.0
246	3.0	0.0	3.0	0.0	0.9990000000000006	8.001	3.0
247	0.0	0.0	0.0	0.0	0.0	0.0	0.0
248	2.0	1.0	1.0	1.0	2.3360000000000003	6.664	2.0
249	1.0	2.0	1.0	2.0	0.6660000000000004	5.334	2.0
250	3.0	0.0	2.0	0.0	3.0	6.0	2.0
251	1.0	0.0	1.0	0.0	1.0	2.0	1.0
252	2.0	0.0	2.0	0.0	0.6660000000000004	5.334	2.0
253	3.0	0.0	2.0	0.0	2.668	6.332	2.0
254	3.0	0.0	0.0	0.0	3.0	6.0	0.0
255	1.0	0.0	1.0	0.0	1.4	1.6	1.0
256	2.0	0.0	2.0	0.0	2.0	4.0	2.0
257	1.0	0.0	1.0	0.0	0.3330000000000002	2.667	1.0
258	1.0	0.0	1.0	0.0	0.6680000000000001	2.332	1.0
259	3.0	0.0	2.0	0.0	2.668	6.332	2.0
260	2.0	2.0	2.0	2.0	3.0	6.0	3.0
261	2.0	1.0	2.0	1.0	2.3360000000000003	6.664	3.0
262	3.0	0.0	2.0	0.0	3.0	6.0	2.0
263	2.0	2.0	2.0	1.0	0.9990000000000006	8.001	2.0
264	0.0	0.0	0.0	0.0	0.0	0.0	0.0
265	2.0	0.0	1.0	0.0	0.6660000000000004	5.334	1.0
266	1.0	0.0	1.0	0.0	0.3330000000000002	2.667	1.0
267	1.0	0.0	1.0	0.0	0.6680000000000001	2.332	1.0
268	3.0	0.0	2.0	0.0	3.0	6.0	2.0
269	1.0	0.0	1.0	0.0	1.4	1.6	1.0
270	3.0	0.0	2.0	0.0	3.0	6.0	2.0
271	2.0	0.0	2.0	0.0	0.6680000000000001	2.332	1.0
272	0.0	0.0	0.0	0.0	0.0	0.0	0.0
273	2.0	0.0	2.0	0.0	2.0	4.0	2.0
274	2.0	0.0	2.0	0.0	2.0	4.0	2.0
275	0.0	0.0	0.0	0.0	0.0	0.0	0.0
276	3.0	0.0	1.0	0.0	3.0	6.0	1.0
277	2.0	0.0	2.0	0.0	2.0	4.0	2.0
278	2.0	0.0	2.0	0.0	0.6660000000000004	5.334	2.0
279	3.0	0.0	3.0	0.0	2.0	4.0	2.0
280	1.0	0.0	0.0	0.0	0.3330000000000002	2.667	0.0
281	3.0	0.0	2.0	0.0	3.0	6.0	2.0
282	0.0	0.0	0.0	0.0	0.0	0.0	0.0
283	2.0	0.0	1.0	0.0	0.6660000000000004	5.334	1.0
284	3.0	1.0	2.0	1.0	3.333	8.667	3.0
285	1.0	0.0	0.0	0.0	0.3330000000000002	2.667	0.0
286	1.0	0.0	0.0	0.0	0.3330000000000002	2.667	0.0
287	0.0	0.0	0.0	0.0	0.0	0.0	0.0
288	0.0	1.0	0.0	1.0	1.0	2.0	1.0
289	1.0	0.0	0.0	0.0	0.3330000000000002	2.667	0.0
290	0.0	0.0	0.0	0.0	0.0	0.0	0.0
291	3.0	0.0	2.0	0.0	3.0	6.0	2.0
292	1.0	2.0	1.0	2.0	1.3330000000000002	4.667	2.0
293	1.0	0.0	1.0	0.0	1.0	2.0	1.0
294	2.0	1.0	2.0	1.0	2.0	4.0	2.0
295	2.0	2.0	1.0	2.0	3.0	6.0	2.0
296	3.0	0.0	3.0	0.0	3.0	6.0	3.0
297	0.0	0.0	0.0	0.0	0.0	0.0	0.0
298	2.0	4.0	1.0	4.0	4.001	10.998999999999999	4.0
299	0.0	0.0	0.0	0.0	0.0	0.0	0.0
300	1.0	0.0	1.0	0.0	1.0	2.0	1.0
301	2.0	0.0	1.0	0.0	2.0	4.0	1.0
302	2.0	0.0	2.0	0.0	0.6660000000000004	5.334	2.0
303	3.0	2.0	2.0	2.0	3.0	6.0	2.0
304	3.0	1.0	3.0	1.0	3.333	8.667	4.0
305	2.0	0.0	0.0	0.0	1.3360000000000003	4.664	0.0
306	3.0	0.0	2.0	0.0	3.0	6.0	2.0
307	0.0	0.0	0.0	0.0	0.0	0.0	0.0
308	3.0	4.0	2.0	3.0	2.9990000000000006	12.001	4.0
309	2.0	1.0	2.0	1.0	1.3340000000000005	7.6659999999999995	3.0
310	3.0	0.0	3.0	0.0	3.0	6.0	3.0
311	3.0	0.0	1.0	0.0	3.468	5.532	1.0
312	1.0	2.0	1.0	2.0	1.3330000000000002	4.667	2.0
313	0.0	0.0	0.0	0.0	0.0	0.0	0.0
314	2.0	0.0	1.0	0.0	2.4	3.6	1.0
315	2.0	4.0	1.0	3.0	4.333	10.667	3.0
316	0.0	2.0	0.0	2.0	1.3330000000000002	4.667	2.0
317	0.0	2.0	0.0	2.0	0.6660000000000004	5.334	2.0
318	3.0	0.0	2.0	0.0	3.0	6.0	2.0
319	0.0	2.0	0.0	2.0	0.3330000000000002	2.667	1.0
320	3.0	0.0	2.0	0.0	3.8	5.2	2.0
321	2.0	0.0	2.0	0.0	2.0	4.0	2.0
322	2.0	0.0	2.0	0.0	1.3360000000000003	4.664	2.0
323	2.0	0.0	2.0	0.0	2.0	4.0	2.0
324	4.0	0.0	3.0	0.0	3.0040000000000004	8.995999999999999	3.0
325	1.0	0.0	0.0	0.0	0.3330000000000002	2.667	0.0
326	2.0	0.0	2.0	0.0	2.0	4.0	2.0
327	1.0	0.0	1.0	0.0	0.6680000000000001	2.332	1.0
328	1.0	0.0	1.0	0.0	0.3330000000000002	2.667	1.0
329	3.0	1.0	2.0	1.0	4.0	8.0	3.0
330	1.0	1.0	0.0	1.0	0.6660000000000004	5.334	1.0
331	1.0	0.0	0.0	0.0	0.3330000000000002	2.667	0.0
332	1.0	0.0	1.0	0.0	0.3330000000000002	2.667	1.0
333	3.0	0.0	2.0	0.0	3.0	6.0	2.0
334	0.0	1.0	0.0	1.0	0.3330000000000002	2.667	1.0
335	2.0	0.0	1.0	0.0	2.0	4.0	1.0
336	3.0	0.0	2.0	0.0	3.0	6.0	2.0
337	4.0	1.0	3.0	1.0	5.0	10.0	4.0
338	3.0	0.0	3.0	0.0	2.068	3.932	2.0
339	1.0	0.0	1.0	0.0	0.3330000000000002	2.667	1.0
340	3.0	0.0	3.0	0.0	3.0	6.0	3.0
341	2.0	2.0	2.0	2.0	1.3330000000000002	4.667	2.0
342	1.0	0.0	1.0	0.0	1.0	2.0	1.0
343	1.0	1.0	1.0	1.0	1.0010000000000003	4.999	2.0
344	0.0	0.0	0.0	0.0	0.0	0.0	0.0
345	0.0	0.0	0.0	0.0	0.0	0.0	0.0
346	1.0	0.0	1.0	0.0	0.6680000000000001	2.332	1.0
347	2.0	0.0	1.0	0.0	1.3360000000000003	4.664	1.0
348	2.0	0.0	1.0	0.0	2.0	4.0	1.0
349	1.0	0.0	1.0	0.0	0.3330000000000002	2.667	1.0
350	1.0	0.0	1.0	0.0	0.3330000000000002	2.667	1.0
351	2.0	0.0	1.0	0.0	2.0	4.0	1.0
352	4.0	0.0	3.0	0.0	4.0	8.0	3.0
353	4.0	0.0	2.0	0.0	3.668	8.332	2.0
354	3.0	1.0	2.0	1.0	4.0	8.0	3.0
355	3.0	0.0	2.0	0.0	2.0040000000000004	6.9959999999999996	2.0
356	1.0	0.0	1.0	0.0	0.3330000000000002	2.667	1.0
357	2.0	0.0	2.0	0.0	2.0	4.0	2.0
358	3.0	1.0	2.0	1.0	3.0	6.0	2.0
359	1.0	3.0	1.0	3.0	2.4	3.6	2.0
360	1.0	0.0	1.0	0.0	1.0	2.0	1.0
361	3.0	0.0	1.0	0.0	3.0	6.0	1.0
362	1.0	2.0	1.0	2.0	1.3360000000000003	4.664	2.0
363	2.0	0.0	2.0	0.0	0.6660000000000004	5.334	2.0
364	2.0	0.0	2.0	0.0	2.0	4.0	2.0
365	6.0	0.0	4.0	0.0	3.0	6.0	2.0
366	3.0	0.0	3.0	0.0	2.8	3.2	2.0
367	2.0	0.0	2.0	0.0	0.6660000000000004	5.334	2.0
368	2.0	0.0	1.0	0.0	1.3360000000000003	4.664	1.0
369	3.0	0.0	3.0	0.0	2.668	6.332	3.0
370	0.0	0.0	0.0	0.0	0.0	0.0	0.0
371	1.0	1.0	1.0	1.0	0.6660000000000004	5.334	2.0
372	2.0	0.0	1.0	0.0	0.6660000000000004	5.334	1.0
373	1.0	0.0	1.0	0.0	1.0	2.0	1.0
374	2.0	0.0	1.0	0.0	0.6660000000000004	5.334	1.0
375	3.0	0.0	2.0	0.0	3.0	6.0	2.0
376	1.0	2.0	1.0	2.0	2.0660000000000003	6.933999999999999	3.0
377	2.0	4.0	0.0	3.0	1.9990000000000006	10.001	2.0
378	0.0	2.0	0.0	2.0	1.0010000000000003	4.999	2.0
379	2.0	1.0	1.0	1.0	1.6680000000000001	4.332	1.0
380	1.0	0.0	1.0	0.0	0.3330000000000002	2.667	1.0
381	3.0	0.0	3.0	0.0	3.0	6.0	3.0
382	2.0	0.0	2.0	0.0	1.0	2.0	1.0
383	1.0	1.0	1.0	1.0	1.0	2.0	1.0
384	1.0	0.0	1.0	0.0	0.3330000000000002	2.667	1.0
385	2.0	0.0	1.0	0.0	2.0	4.0	1.0
386	2.0	1.0	1.0	1.0	2.333	6.667	2.0
387	0.0	1.0	0.0	0.0	1.0	2.0	0.0
388	1.0	2.0	1.0	2.0	1.3360000000000003	4.664	2.0
389	3.0	0.0	2.0	0.0	2.0040000000000004	6.9959999999999996	2.0
390	3.0	0.0	2.0	0.0	3.0	6.0	2.0
391	4.0	0.0	2.0	0.0	4.0	8.0	2.0
392	3.0	0.0	2.0	0.0	0.9990000000000006	8.001	2.0
393	3.0	0.0	3.0	0.0	3.0	6.0	3.0
394	0.0	0.0	0.0	0.0	0.0	0.0	0.0
395	1.0	0.0	0.0	0.0	0.3330000000000002	2.667	0.0
396	4.0	0.0	3.0	0.0	4.0	8.0	3.0
397	5.0	0.0	4.0	0.0	3.736	8.264	3.0
398	1.0	0.0	1.0	0.0	1.0	2.0	1.0
399	3.0	0.0	3.0	0.0	2.4	3.6	2.0
400	2.0	0.0	1.0	0.0	2.0	4.0	1.0
401	2.0	0.0	1.0	0.0	2.0	4.0	1.0
402	1.0	0.0	1.0	0.0	0.3330000000000002	2.667	1.0
403	3.0	0.0	1.0	0.0	3.0	6.0	1.0
404	3.0	0.0	2.0	0.0	3.0	6.0	2.0
405	2.0	0.0	1.0	0.0	2.0	4.0	1.0
406	1.0	1.0	0.0	0.0	1.6680000000000001	4.332	0.0
407	4.0	0.0	3.0	0.0	4.0	8.0	3.0
408	3.0	0.0	3.0	0.0	2.0	4.0	2.0
409	2.0	0.0	2.0	0.0	2.0	4.0	2.0
410	2.0	0.0	1.0	0.0	2.0	4.0	1.0
411	4.0	0.0	4.0	0.0	3.736	8.264	4.0
412	2.0	0.0	2.0	0.0	0.6660000000000004	5.334	2.0
413	2.0	2.0	1.0	1.0	2.6660000000000004	9.334	2.0
414	5.0	0.0	4.0	0.0	2.3360000000000003	6.664	2.0
415	1.0	1.0	0.0	1.0	2.0	4.0	1.0
416	3.0	1.0	2.0	1.0	2.668	6.332	2.0
417	3.0	0.0	1.0	0.0	3.0	6.0	1.0
418	2.0	0.0	1.0	0.0	2.0	4.0	1.0
419	0.0	0.0	0.0	0.0	0.0	0.0	0.0
420	2.0	2.0	1.0	2.0	3.333	8.667	3.0
421	2.0	0.0	0.0	0.0	2.0	4.0	0.0
422	3.0	0.0	3.0	0.0	3.0	6.0	3.0
423	1.0	0.0	1.0	0.0	0.3330000000000002	2.667	1.0
424	3.0	0.0	3.0	0.0	2.3360000000000003	6.664	3.0
425	1.0	1.0	0.0	1.0	2.0	4.0	1.0
426	2.0	0.0	1.0	0.0	2.8	3.2	1.0
427	1.0	1.0	1.0	1.0	0.6660000000000004	5.334	2.0
428	1.0	0.0	1.0	0.0	0.6680000000000001	2.332	1.0
429	3.0	0.0	1.0	0.0	3.4	5.6	1.0
430	2.0	1.0	1.0	1.0	3.0	6.0	2.0
431	1.0	1.0	0.0	1.0	0.6660000000000004	5.334	1.0
432	2.0	0.0	2.0	0.0	0.6660000000000004	5.334	2.0
433	2.0	1.0	2.0	1.0	2.668	6.332	3.0
434	3.0	4.0	1.0	2.0	5.668	12.332	3.0
435	3.0	0.0	2.0	0.0	3.0	6.0	2.0
436	3.0	1.0	2.0	1.0	4.0	8.0	3.0
437	0.0	1.0	0.0	1.0	1.4	1.6	1.0
438	2.0	0.0	2.0	0.0	1.3360000000000003	4.664	2.0
439	3.0	0.0	1.0	0.0	3.068	5.932	1.0
440	3.0	1.0	3.0	1.0	2.3360000000000003	6.664	3.0
441	2.0	0.0	1.0	0.0	2.0	4.0	1.0
442	3.0	0.0	2.0	0.0	3.0	6.0	2.0
443	2.0	2.0	2.0	2.0	0.6660000000000004	5.334	2.0
444	3.0	1.0	3.0	1.0	1.3330000000000002	4.667	2.0
445	1.0	1.0	1.0	1.0	1.6680000000000001	4.332	2.0
446	2.0	2.0	1.0	2.0	0.9990000000000006	8.001	2.0
447	1.0	2.0	1.0	2.0	0.6660000000000004	5.334	2.0
448	1.0	0.0	1.0	0.0	1.4	1.6	1.0
449	4.0	2.0	2.0	2.0	3.333	8.667	2.0
450	3.0	1.0	3.0	1.0	2.668	6.332	3.0
451	2.0	1.0	2.0	1.0	0.3330000000000002	2.667	1.0
452	3.0	1.0	3.0	1.0	0.9990000000000006	8.001	3.0
453	1.0	2.0	1.0	1.0	2.668	6.332	2.0
454	2.0	0.0	2.0	0.0	0.6660000000000004	5.334	2.0
455	2.0	2.0	1.0	0.0	2.668	9.332	1.0
456	0.0	2.0	0.0	2.0	2.0	4.0	2.0
457	3.0	2.0	2.0	2.0	4.333	10.667	4.0
458	6.0	1.0	3.0	1.0	6.869000000000001	14.131	4.0
459	2.0	3.0	1.0	1.0	1.9990000000000006	10.001	1.0
460	4.0	4.0	2.0	3.0	5.333	12.667	3.0
461	0.0	4.0	0.0	2.0	1.9990000000000006	10.001	2.0
462	4.0	0.0	3.0	0.0	4.468	7.532	3.0
463	2.0	2.0	2.0	2.0	1.3320000000000007	10.668	4.0
464	1.0	5.0	0.0	4.0	2.9990000000000006	12.001	3.0
465	4.0	0.0	3.0	0.0	4.0	8.0	3.0
466	3.0	4.0	3.0	3.0	4.333	10.667	4.0
467	2.0	4.0	1.0	4.0	4.333	10.667	4.0
468	2.0	0.0	2.0	0.0	2.0	4.0	2.0
469	3.0	0.0	2.0	0.0	2.668	6.332	2.0
470	0.0	1.0	0.0	1.0	0.3330000000000002	2.667	1.0
471	2.0	2.0	2.0	2.0	1.3320000000000007	10.668	4.0
472	2.0	2.0	2.0	2.0	2.0	4.0	2.0
473	1.0	3.0	0.0	2.0	1.3320000000000007	10.668	2.0
474	2.0	4.0	2.0	4.0	3.668	8.332	4.0
475	2.0	1.0	2.0	1.0	0.9990000000000006	8.001	3.0
476	1.0	0.0	1.0	0.0	1.4	1.6	1.0
477	1.0	1.0	0.0	0.0	0.6660000000000004	5.334	0.0
478	3.0	4.0	3.0	4.0	2.333	6.667	3.0
479	1.0	2.0	1.0	1.0	1.3340000000000005	7.6659999999999995	2.0
480	2.0	0.0	2.0	0.0	2.068	3.932	2.0
481	1.0	0.0	0.0	0.0	0.3330000000000002	2.667	0.0
