pos	Sd	Nd	Sd_tip	Nd_tip	S	N	comparisons
001	0.0	0.0	0.0	0.0	0.0	0.0	0.0
002	0.0	0.0	0.0	0.0	0.0	0.0	0.0
003	0.0	0.0	0.0	0.0	0.0	0.0	0.0
004	0.0	0.0	0.0	0.0	0.0	0.0	0.0
005	0.0	0.0	0.0	0.0	0.0	0.0	0.0
006	0.0	0.0	0.0	0.0	0.0	0.0	0.0
007	0.0	0.0	0.0	0.0	0.0	0.0	0.0
008	0.0	0.0	0.0	0.0	0.0	0.0	0.0
009	0.0	0.0	0.0	0.0	0.0	0.0	0.0
010	0.0	0.0	0.0	0.0	0.0	0.0	0.0
011	0.0	0.0	0.0	0.0	0.0	0.0	0.0
012	0.0	0.0	0.0	0.0	0.0	0.0	0.0
013	0.0	0.0	0.0	0.0	0.0	0.0	0.0
014	0.0	0.0	0.0	0.0	0.0	0.0	0.0
015	0.0	0.0	0.0	0.0	0.0	0.0	0.0
016	0.0	0.0	0.0	0.0	0.0	0.0	0.0
017	0.0	0.0	0.0	0.0	0.0	0.0	0.0
018	0.0	0.0	0.0	0.0	0.0	0.0	0.0
019	0.0	0.0	0.0	0.0	0.0	0.0	0.0
020	0.0	0.0	0.0	0.0	0.0	0.0	0.0
021	0.0	0.0	0.0	0.0	0.0	0.0	0.0
022	0.0	0.0	0.0	0.0	0.0	0.0	0.0
023	0.0	0.0	0.0	0.0	0.0	0.0	0.0
024	0.0	0.0	0.0	0.0	0.0	0.0	0.0
025	0.0	0.0	0.0	0.0	0.0	0.0	0.0
026	0.0	0.0	0.0	0.0	0.0	0.0	0.0
027	0.0	0.0	0.0	0.0	0.0	0.0	0.0
028	0.0	0.0	0.0	0.0	0.0	0.0	0.0
029	0.0	0.0	0.0	0.0	0.0	0.0	0.0
030	0.0	0.0	0.0	0.0	0.0	0.0	0.0
031	0.0	0.0	0.0	0.0	0.0	0.0	0.0
032	0.0	0.0	0.0	0.0	0.0	0.0	0.0
033	0.0	0.0	0.0	0.0	0.0	0.0	0.0
034	0.0	0.0	0.0	0.0	0.0	0.0	0.0
035	0.0	0.0	0.0	0.0	0.0	0.0	0.0
036	0.0	0.0	0.0	0.0	0.0	0.0	0.0
037	0.0	0.0	0.0	0.0	0.0	0.0	0.0
038	0.0	0.0	0.0	0.0	0.0	0.0	0.0
039	0.0	0.0	0.0	0.0	0.0	0.0	0.0
040	0.0	0.0	0.0	0.0	0.0	0.0	0.0
041	1.0	1.0	0.0	0.0	0.6680000000000001	2.332	0.0
042	1.0	0.0	0.0	0.0	1.0	2.0	0.0
043	1.0	0.0	0.0	0.0	1.0	2.0	0.0
044	0.0	2.0	0.0	0.0	1.0	2.0	0.0
045	1.0	1.0	0.0	0.0	1.0	2.0	0.0
046	0.0	2.0	0.0	0.0	1.0	2.0	0.0
047	0.0	2.0	0.0	0.0	1.0	2.0	0.0
048	0.0	2.0	0.0	0.0	1.0	2.0	0.0
049	1.0	1.0	0.0	0.0	1.4	1.6	0.0
050	0.0	0.0	0.0	0.0	0.0	0.0	0.0
051	0.0	0.0	0.0	0.0	0.0	0.0	0.0
052	0.0	0.0	0.0	0.0	0.0	0.0	0.0
053	0.0	0.0	0.0	0.0	0.0	0.0	0.0
054	1.0	2.0	0.0	0.0	0.3330000000000002	2.667	0.0
055	0.0	1.0	0.0	0.0	0.6680000000000001	2.332	0.0
056	0.0	0.0	0.0	0.0	0.0	0.0	0.0
057	0.0	1.0	0.0	0.0	0.3330000000000002	2.667	0.0
058	1.0	1.0	0.0	0.0	1.0	2.0	0.0
059	0.0	2.0	0.0	0.0	1.0	2.0	0.0
060	1.0	1.0	0.0	0.0	1.0	2.0	0.0
061	0.0	0.0	0.0	0.0	0.0	0.0	0.0
062	2.0	1.0	0.0	0.0	1.0	2.0	0.0
063	0.0	2.0	0.0	0.0	1.0	2.0	0.0
064	0.0	2.0	0.0	0.0	1.0	2.0	0.0
065	0.0	2.0	0.0	0.0	0.0	3.0	0.0
066	1.0	2.0	0.0	0.0	1.4	1.6	0.0
067	1.0	2.0	0.0	0.0	0.3330000000000002	2.667	0.0
068	0.0	1.0	0.0	0.0	0.3330000000000002	2.667	0.0
069	0.0	1.0	0.0	0.0	1.0	2.0	0.0
070	1.0	0.0	0.0	0.0	1.0	2.0	0.0
071	0.0	0.0	0.0	0.0	0.0	0.0	0.0
072	1.0	2.0	0.0	0.0	0.3330000000000002	2.667	0.0
073	1.0	2.0	0.0	0.0	0.3330000000000002	2.667	0.0
074	0.0	2.0	0.0	0.0	0.3330000000000002	2.667	0.0
075	0.0	0.0	0.0	0.0	0.0	0.0	0.0
076	0.0	0.0	0.0	0.0	0.0	0.0	0.0
077	0.0	1.0	0.0	0.0	1.0	2.0	0.0
078	0.0	0.0	0.0	0.0	0.0	0.0	0.0
079	0.0	0.0	0.0	0.0	0.0	0.0	0.0
080	0.0	0.0	0.0	0.0	0.0	0.0	0.0
081	0.0	0.0	0.0	0.0	0.0	0.0	0.0
082	0.0	0.0	0.0	0.0	0.0	0.0	0.0
083	0.0	0.0	0.0	0.0	0.0	0.0	0.0
084	1.0	0.0	1.0	0.0	0.3330000000000002	2.667	1.0
085	0.0	0.0	0.0	0.0	0.0	0.0	0.0
086	0.0	0.0	0.0	0.0	0.0	0.0	0.0
087	1.0	0.0	1.0	0.0	0.3330000000000002	2.667	1.0
088	0.0	1.0	0.0	0.0	0.0	3.0	0.0
089	2.0	4.0	0.0	0.0	1.3330000000000002	4.667	0.0
090	4.0	4.0	1.0	0.0	5.333	12.667	1.0
091	3.0	7.0	1.0	0.0	4.667000000000001	16.333	1.0
092	0.0	7.0	0.0	0.0	1.665000000000001	13.334999999999999	0.0
093	0.0	6.0	0.0	2.0	2.6670000000000007	12.332999999999998	1.0
094	4.0	2.0	1.0	0.0	5.0	10.0	1.0
095	1.0	0.0	0.0	0.0	1.0	2.0	0.0
096	1.0	0.0	0.0	0.0	0.3330000000000002	2.667	0.0
097	0.0	0.0	0.0	0.0	0.0	0.0	0.0
098	3.0	0.0	0.0	0.0	2.0040000000000004	6.9959999999999996	0.0
099	3.0	0.0	0.0	0.0	3.0	6.0	0.0
100	2.0	0.0	0.0	0.0	2.0	4.0	0.0
101	3.0	0.0	0.0	0.0	3.0	6.0	0.0
102	4.0	0.0	0.0	0.0	4.0	8.0	0.0
103	0.0	0.0	0.0	0.0	0.0	0.0	0.0
104	1.0	0.0	0.0	0.0	0.3330000000000002	2.667	0.0
105	3.0	0.0	1.0	0.0	3.0	6.0	1.0
106	2.0	0.0	0.0	0.0	2.0	4.0	0.0
107	3.0	0.0	0.0	0.0	3.0	6.0	0.0
108	1.0	0.0	0.0	0.0	1.0	2.0	0.0
109	0.0	0.0	0.0	0.0	0.0	0.0	0.0
110	1.0	0.0	0.0	0.0	0.3330000000000002	2.667	0.0
111	1.0	0.0	0.0	0.0	0.3330000000000002	2.667	0.0
112	2.0	0.0	0.0	0.0	2.0	4.0	0.0
113	0.0	0.0	0.0	0.0	0.0	0.0	0.0
114	0.0	1.0	0.0	0.0	0.3330000000000002	2.667	0.0
115	1.0	0.0	0.0	0.0	0.3330000000000002	2.667	0.0
116	0.0	0.0	0.0	0.0	0.0	0.0	0.0
117	2.0	0.0	0.0	0.0	2.0	4.0	0.0
118	2.0	1.0	0.0	0.0	1.6660000000000004	7.334	0.0
119	1.0	0.0	0.0	0.0	1.0	2.0	0.0
120	1.0	1.0	0.0	0.0	2.0	4.0	0.0
121	1.0	0.0	0.0	0.0	1.0	2.0	0.0
122	1.0	0.0	0.0	0.0	1.0	2.0	0.0
123	0.0	0.0	0.0	0.0	0.0	0.0	0.0
124	0.0	0.0	0.0	0.0	0.0	0.0	0.0
125	0.0	0.0	0.0	0.0	0.0	0.0	0.0
126	0.0	1.0	0.0	0.0	0.6680000000000001	2.332	0.0
127	0.0	0.0	0.0	0.0	0.0	0.0	0.0
128	1.0	0.0	0.0	0.0	1.0	2.0	0.0
129	1.0	1.0	0.0	0.0	0.6660000000000004	5.334	0.0
130	1.0	0.0	0.0	0.0	0.3330000000000002	2.667	0.0
131	1.0	0.0	0.0	0.0	1.0	2.0	0.0
132	0.0	3.0	0.0	0.0	0.9990000000000006	8.001	0.0
133	0.0	0.0	0.0	0.0	0.0	0.0	0.0
134	2.0	0.0	0.0	0.0	2.0	4.0	0.0
135	1.0	0.0	0.0	0.0	1.0	2.0	0.0
136	1.0	0.0	0.0	0.0	1.0	2.0	0.0
137	2.0	0.0	0.0	0.0	2.0	4.0	0.0
138	3.0	0.0	0.0	0.0	3.0	6.0	0.0
139	0.0	0.0	0.0	0.0	0.0	0.0	0.0
140	0.0	0.0	0.0	0.0	0.0	0.0	0.0
141	0.0	0.0	0.0	0.0	0.0	0.0	0.0
142	0.0	0.0	0.0	0.0	0.0	0.0	0.0
143	0.0	0.0	0.0	0.0	0.0	0.0	0.0
144	1.0	0.0	0.0	0.0	1.0	2.0	0.0
145	1.0	0.0	0.0	0.0	1.0	2.0	0.0
146	0.0	0.0	0.0	0.0	0.0	0.0	0.0
147	0.0	0.0	0.0	0.0	0.0	0.0	0.0
148	0.0	0.0	0.0	0.0	0.0	0.0	0.0
149	0.0	0.0	0.0	0.0	0.0	0.0	0.0
150	0.0	0.0	0.0	0.0	0.0	0.0	0.0
151	3.0	0.0	0.0	0.0	0.9990000000000006	8.001	0.0
152	1.0	0.0	0.0	0.0	0.3330000000000002	2.667	0.0
153	3.0	2.0	1.0	0.0	4.0	8.0	1.0
154	1.0	0.0	1.0	0.0	0.3330000000000002	2.667	1.0
155	1.0	0.0	1.0	0.0	0.3330000000000002	2.667	1.0
156	2.0	1.0	0.0	0.0	0.6660000000000004	5.334	0.0
157	3.0	0.0	1.0	0.0	4.199999999999999	4.800000000000001	1.0
158	3.0	0.0	0.0	0.0	3.0	6.0	0.0
159	1.0	0.0	0.0	0.0	0.6680000000000001	2.332	0.0
160	2.0	0.0	1.0	0.0	0.6660000000000004	5.334	1.0
161	3.0	0.0	0.0	0.0	3.0	6.0	0.0
162	1.0	0.0	0.0	0.0	0.3330000000000002	2.667	0.0
163	1.0	0.0	0.0	0.0	0.3330000000000002	2.667	0.0
164	2.0	2.0	0.0	0.0	2.668	6.332	0.0
165	0.0	0.0	0.0	0.0	0.0	0.0	0.0
166	3.0	0.0	1.0	0.0	0.9990000000000006	8.001	1.0
167	3.0	3.0	0.0	0.0	3.333	8.667	0.0
168	1.0	0.0	0.0	0.0	0.3330000000000002	2.667	0.0
169	1.0	0.0	0.0	0.0	1.0	2.0	0.0
170	3.0	0.0	0.0	0.0	3.8	5.2	0.0
171	0.0	0.0	0.0	0.0	0.0	0.0	0.0
172	0.0	0.0	0.0	0.0	0.0	0.0	0.0
173	2.0	0.0	0.0	0.0	2.0	4.0	0.0
174	2.0	3.0	0.0	0.0	0.9990000000000006	8.001	0.0
175	0.0	0.0	0.0	0.0	0.0	0.0	0.0
176	0.0	0.0	0.0	0.0	0.0	0.0	0.0
177	0.0	0.0	0.0	0.0	0.0	0.0	0.0
178	0.0	0.0	0.0	0.0	0.0	0.0	0.0
179	2.0	0.0	1.0	0.0	2.0	4.0	1.0
180	2.0	0.0	0.0	0.0	2.0	4.0	0.0
181	0.0	0.0	0.0	0.0	0.0	0.0	0.0
182	0.0	0.0	0.0	0.0	0.0	0.0	0.0
183	0.0	1.0	0.0	0.0	0.3330000000000002	2.667	0.0
184	0.0	0.0	0.0	0.0	0.0	0.0	0.0
185	2.0	0.0	0.0	0.0	2.0	4.0	0.0
186	1.0	0.0	1.0	0.0	0.3330000000000002	2.667	1.0
187	1.0	0.0	0.0	0.0	0.3330000000000002	2.667	0.0
188	2.0	0.0	0.0	0.0	0.6660000000000004	5.334	0.0
189	1.0	0.0	0.0	0.0	1.0	2.0	0.0
190	1.0	0.0	0.0	0.0	0.3330000000000002	2.667	0.0
191	3.0	0.0	1.0	0.0	0.9990000000000006	8.001	1.0
192	0.0	0.0	0.0	0.0	0.0	0.0	0.0
193	1.0	0.0	0.0	0.0	0.6680000000000001	2.332	0.0
194	0.0	3.0	0.0	0.0	1.6660000000000004	7.334	0.0
195	0.0	0.0	0.0	0.0	0.0	0.0	0.0
196	2.0	0.0	1.0	0.0	0.6660000000000004	5.334	1.0
197	3.0	2.0	0.0	0.0	1.6660000000000004	7.334	0.0
198	2.0	1.0	1.0	0.0	1.3340000000000005	7.6659999999999995	1.0
199	1.0	0.0	0.0	0.0	1.0	2.0	0.0
200	2.0	0.0	0.0	0.0	2.0	4.0	0.0
201	0.0	0.0	0.0	0.0	0.0	0.0	0.0
202	1.0	2.0	0.0	0.0	1.3330000000000002	4.667	0.0
203	1.0	0.0	0.0	0.0	0.3330000000000002	2.667	0.0
204	0.0	0.0	0.0	0.0	0.0	0.0	0.0
205	1.0	0.0	0.0	0.0	0.6680000000000001	2.332	0.0
206	2.0	1.0	1.0	0.0	2.3360000000000003	6.664	1.0
207	2.0	0.0	0.0	0.0	2.0	4.0	0.0
208	3.0	0.0	0.0	0.0	3.8	5.2	0.0
209	2.0	0.0	0.0	0.0	2.0	4.0	0.0
210	4.0	3.0	0.0	1.0	6.0040000000000004	14.995999999999999	1.0
211	4.0	1.0	0.0	0.0	5.0	10.0	0.0
212	2.0	0.0	0.0	0.0	0.6660000000000004	5.334	0.0
213	2.0	0.0	0.0	0.0	2.0	4.0	0.0
214	2.0	1.0	0.0	0.0	0.3330000000000002	2.667	0.0
215	0.0	0.0	0.0	0.0	0.0	0.0	0.0
216	2.0	0.0	0.0	0.0	2.4	3.6	0.0
217	2.0	0.0	0.0	0.0	0.6660000000000004	5.334	0.0
218	2.0	5.0	0.0	0.0	3.6660000000000004	11.334	0.0
219	2.0	0.0	1.0	0.0	2.0	4.0	1.0
220	3.0	1.0	0.0	0.0	4.068	7.932	0.0
221	2.0	0.0	0.0	0.0	0.6660000000000004	5.334	0.0
222	1.0	1.0	0.0	0.0	0.6660000000000004	5.334	0.0
223	3.0	0.0	1.0	0.0	0.9990000000000006	8.001	1.0
224	3.0	0.0	1.0	0.0	3.0	6.0	1.0
225	2.0	1.0	0.0	0.0	0.9990000000000006	8.001	0.0
226	2.0	0.0	0.0	0.0	0.6660000000000004	5.334	0.0
227	3.0	4.0	0.0	0.0	4.333	10.667	0.0
228	3.0	0.0	0.0	0.0	3.0	6.0	0.0
229	1.0	1.0	1.0	0.0	2.0	4.0	1.0
230	1.0	1.0	0.0	0.0	1.3330000000000002	4.667	0.0
231	0.0	0.0	0.0	0.0	0.0	0.0	0.0
232	1.0	0.0	0.0	0.0	1.0	2.0	0.0
233	3.0	0.0	0.0	0.0	3.8	5.2	0.0
234	2.0	0.0	1.0	0.0	2.0	4.0	1.0
235	1.0	0.0	0.0	0.0	0.3330000000000002	2.667	0.0
236	2.0	0.0	0.0	0.0	0.6680000000000001	2.332	0.0
237	2.0	0.0	0.0	0.0	2.0	4.0	0.0
238	1.0	0.0	0.0	0.0	0.3330000000000002	2.667	0.0
239	0.0	0.0	0.0	0.0	0.0	0.0	0.0
240	0.0	0.0	0.0	0.0	0.0	0.0	0.0
241	2.0	0.0	0.0	0.0	2.0	4.0	0.0
242	2.0	0.0	1.0	0.0	2.0	4.0	1.0
243	1.0	0.0	1.0	0.0	1.0	2.0	1.0
244	2.0	0.0	0.0	0.0	2.0	4.0	0.0
245	1.0	0.0	0.0	0.0	0.3330000000000002	2.667	0.0
246	2.0	2.0	0.0	0.0	2.333	6.667	0.0
247	4.0	0.0	0.0	0.0	4.468	7.532	0.0
248	3.0	0.0	0.0	0.0	2.668	6.332	0.0
249	2.0	0.0	0.0	0.0	2.0	4.0	0.0
250	2.0	0.0	0.0	0.0	2.0	4.0	0.0
251	3.0	0.0	0.0	0.0	3.0	6.0	0.0
252	2.0	0.0	0.0	0.0	2.0	4.0	0.0
253	1.0	2.0	0.0	0.0	1.0010000000000003	4.999	0.0
254	2.0	2.0	0.0	0.0	4.0	8.0	0.0
255	4.0	3.0	0.0	0.0	7.136	13.864	0.0
256	1.0	2.0	0.0	0.0	1.0010000000000003	4.999	0.0
257	5.0	0.0	0.0	0.0	5.136	9.864	0.0
258	3.0	0.0	1.0	0.0	3.0	6.0	1.0
259	1.0	0.0	1.0	0.0	1.0	2.0	1.0
260	1.0	3.0	0.0	1.0	1.6670000000000007	10.332999999999998	1.0
261	1.0	0.0	0.0	0.0	0.3330000000000002	2.667	0.0
262	1.0	0.0	0.0	0.0	1.0	2.0	0.0
263	2.0	2.0	0.0	0.0	4.0	8.0	0.0
264	2.0	0.0	0.0	0.0	2.0	4.0	0.0
265	3.0	0.0	1.0	0.0	0.9990000000000006	8.001	1.0
266	3.0	0.0	0.0	0.0	3.0	6.0	0.0
267	3.0	1.0	0.0	0.0	4.0	8.0	0.0
268	4.0	2.0	1.0	0.0	6.0	12.0	1.0
269	2.0	0.0	0.0	0.0	2.8	3.2	0.0
270	0.0	3.0	0.0	0.0	0.9990000000000006	8.001	0.0
271	1.0	2.0	0.0	0.0	2.4	3.6	0.0
272	2.0	3.0	0.0	0.0	1.3320000000000007	10.668	0.0
273	2.0	5.0	0.0	0.0	4.666	13.334	0.0
274	1.0	5.0	1.0	0.0	2.9990000000000006	12.001	1.0
275	2.0	0.0	0.0	0.0	2.0	4.0	0.0
276	2.0	4.0	0.0	0.0	4.001	10.999	0.0
277	1.0	0.0	0.0	0.0	0.3330000000000002	2.667	0.0
278	2.0	0.0	0.0	0.0	2.0	4.0	0.0
279	2.0	0.0	0.0	0.0	2.0	4.0	0.0
280	1.0	1.0	0.0	0.0	1.0	2.0	0.0
281	2.0	4.0	0.0	0.0	3.668	11.332	0.0
282	1.0	0.0	0.0	0.0	1.0	2.0	0.0
283	3.0	1.0	0.0	0.0	3.0	6.0	0.0
284	1.0	3.0	0.0	0.0	2.333	6.667	0.0
285	4.0	0.0	0.0	0.0	4.0	8.0	0.0
286	0.0	2.0	0.0	0.0	0.6660000000000004	5.334	0.0
287	2.0	3.0	1.0	0.0	4.0	8.0	1.0
288	4.0	2.0	1.0	1.0	3.4010000000000002	8.599	1.0
289	1.0	4.0	0.0	1.0	3.0	9.0	1.0
290	3.0	0.0	0.0	0.0	3.0	6.0	0.0
291	2.0	4.0	0.0	0.0	4.333	10.667	0.0
292	1.0	0.0	0.0	0.0	0.3330000000000002	2.667	0.0
293	4.0	2.0	0.0	0.0	4.0	8.0	0.0
294	2.0	1.0	0.0	0.0	1.6680000000000001	4.332	0.0
295	3.0	0.0	1.0	0.0	3.4	5.6	1.0
296	0.0	1.0	0.0	0.0	0.3330000000000002	2.667	0.0
297	1.0	0.0	0.0	0.0	1.0	2.0	0.0
298	3.0	0.0	0.0	0.0	3.0	6.0	0.0
299	3.0	0.0	1.0	0.0	3.0	6.0	1.0
300	1.0	0.0	0.0	0.0	0.3330000000000002	2.667	0.0
301	3.0	0.0	0.0	0.0	3.0	6.0	0.0
302	4.0	1.0	1.0	0.0	4.0	8.0	1.0
303	0.0	0.0	0.0	0.0	0.0	0.0	0.0
304	2.0	1.0	0.0	0.0	2.068	6.932	0.0
305	5.0	0.0	1.0	0.0	5.868	9.132	1.0
306	0.0	0.0	0.0	0.0	0.0	0.0	0.0
307	2.0	0.0	0.0	0.0	2.8	3.2	0.0
308	2.0	0.0	0.0	0.0	0.6660000000000004	5.334	0.0
309	4.0	0.0	0.0	0.0	4.0	8.0	0.0
310	3.0	1.0	0.0	0.0	4.0	8.0	0.0
311	1.0	4.0	0.0	0.0	2.000000000000001	12.999999999999998	0.0
312	1.0	0.0	0.0	0.0	0.3330000000000002	2.667	0.0
313	1.0	0.0	0.0	0.0	1.0	2.0	0.0
314	0.0	4.0	0.0	0.0	1.3330000000000002	7.667	0.0
315	2.0	3.0	0.0	0.0	3.333	8.667	0.0
316	1.0	3.0	0.0	0.0	1.3330000000000002	4.667	0.0
317	5.0	0.0	1.0	0.0	4.468	7.532	1.0
318	2.0	2.0	0.0	0.0	3.0	6.0	0.0
319	3.0	1.0	1.0	0.0	4.0	8.0	1.0
320	4.0	0.0	0.0	0.0	4.0	8.0	0.0
321	1.0	0.0	0.0	0.0	0.3330000000000002	2.667	0.0
322	4.0	0.0	1.0	0.0	3.668	8.332	1.0
323	2.0	0.0	0.0	0.0	1.3360000000000003	4.664	0.0
324	2.0	0.0	0.0	0.0	2.4	3.6	0.0
325	3.0	0.0	0.0	0.0	3.0	6.0	0.0
326	3.0	0.0	0.0	0.0	3.0	6.0	0.0
327	1.0	0.0	0.0	0.0	1.0	2.0	0.0
328	1.0	0.0	0.0	0.0	0.6680000000000001	2.332	0.0
329	3.0	0.0	0.0	0.0	3.0	6.0	0.0
330	2.0	0.0	1.0	0.0	2.0	4.0	1.0
331	4.0	0.0	1.0	0.0	4.0	8.0	1.0
332	0.0	0.0	0.0	0.0	0.0	0.0	0.0
333	3.0	0.0	1.0	0.0	3.0	6.0	1.0
334	0.0	1.0	0.0	0.0	0.3330000000000002	2.667	0.0
335	3.0	0.0	0.0	0.0	3.8	5.2	0.0
336	2.0	1.0	0.0	0.0	0.9990000000000006	8.001	0.0
337	2.0	0.0	0.0	0.0	0.6660000000000004	5.334	0.0
338	2.0	3.0	1.0	0.0	1.665000000000001	13.334999999999999	1.0
339	1.0	1.0	0.0	0.0	0.6660000000000004	5.334	0.0
340	2.0	0.0	0.0	0.0	0.6660000000000004	5.334	0.0
341	3.0	2.0	0.0	0.0	1.6660000000000004	7.334	0.0
342	1.0	2.0	0.0	0.0	1.3330000000000002	4.667	0.0
343	2.0	0.0	0.0	0.0	0.6660000000000004	5.334	0.0
344	2.0	3.0	0.0	0.0	3.333	8.667	0.0
345	1.0	3.0	1.0	0.0	1.3320000000000007	10.668	1.0
346	0.0	0.0	0.0	0.0	0.0	0.0	0.0
347	1.0	0.0	0.0	0.0	1.0	2.0	0.0
348	2.0	0.0	0.0	0.0	2.0	4.0	0.0
349	4.0	0.0	1.0	0.0	4.0	8.0	1.0
350	1.0	0.0	0.0	0.0	0.3330000000000002	2.667	0.0
351	2.0	0.0	0.0	0.0	0.6660000000000004	5.334	0.0
352	3.0	0.0	0.0	0.0	3.0	6.0	0.0
353	1.0	0.0	0.0	0.0	0.3330000000000002	2.667	0.0
354	2.0	0.0	1.0	0.0	2.0	4.0	1.0
355	2.0	1.0	0.0	0.0	2.0	4.0	0.0
356	1.0	2.0	0.0	0.0	0.6660000000000004	5.334	0.0
357	3.0	0.0	1.0	0.0	0.9990000000000006	8.001	1.0
358	0.0	0.0	0.0	0.0	0.0	0.0	0.0
359	0.0	0.0	0.0	0.0	0.0	0.0	0.0
360	3.0	0.0	0.0	0.0	3.0	6.0	0.0
361	3.0	0.0	1.0	0.0	0.9990000000000006	8.001	1.0
362	3.0	1.0	1.0	0.0	2.3360000000000003	6.664	1.0
363	1.0	0.0	0.0	0.0	1.0	2.0	0.0
364	2.0	0.0	1.0	0.0	0.6660000000000004	5.334	1.0
365	3.0	1.0	1.0	0.0	3.0040000000000004	8.995999999999999	1.0
366	3.0	0.0	0.0	0.0	3.0	6.0	0.0
367	2.0	0.0	0.0	0.0	2.0	4.0	0.0
368	1.0	0.0	0.0	0.0	1.0	2.0	0.0
369	2.0	2.0	0.0	0.0	2.333	6.667	0.0
370	0.0	0.0	0.0	0.0	0.0	0.0	0.0
371	2.0	0.0	0.0	0.0	1.3360000000000003	4.664	0.0
372	1.0	0.0	0.0	0.0	0.3330000000000002	2.667	0.0
373	3.0	0.0	2.0	0.0	1.6680000000000001	4.332	1.0
374	0.0	0.0	0.0	0.0	0.0	0.0	0.0
375	0.0	0.0	0.0	0.0	0.0	0.0	0.0
376	0.0	0.0	0.0	0.0	0.0	0.0	0.0
377	2.0	0.0	0.0	0.0	2.0	4.0	0.0
378	1.0	2.0	0.0	0.0	2.0	4.0	0.0
379	0.0	0.0	0.0	0.0	0.0	0.0	0.0
380	0.0	0.0	0.0	0.0	0.0	0.0	0.0
381	1.0	0.0	0.0	0.0	0.3330000000000002	2.667	0.0
382	2.0	2.0	0.0	0.0	3.0	6.0	0.0
383	0.0	0.0	0.0	0.0	0.0	0.0	0.0
384	4.0	0.0	1.0	0.0	4.0	8.0	1.0
385	1.0	8.0	0.0	0.0	3.9990000000000006	14.001	0.0
386	1.0	0.0	0.0	0.0	0.3330000000000002	2.667	0.0
387	4.0	1.0	1.0	0.0	4.0040000000000004	10.995999999999999	1.0
388	1.0	3.0	0.0	0.0	3.668	8.332	0.0
389	3.0	0.0	0.0	0.0	3.0	6.0	0.0
390	4.0	0.0	0.0	0.0	4.0	8.0	0.0
391	1.0	0.0	0.0	0.0	1.0	2.0	0.0
392	0.0	2.0	0.0	0.0	0.3330000000000002	2.667	0.0
393	2.0	0.0	0.0	0.0	2.0	4.0	0.0
394	3.0	0.0	0.0	0.0	3.0	6.0	0.0
395	4.0	0.0	1.0	0.0	4.0	8.0	1.0
396	3.0	0.0	0.0	0.0	3.0	6.0	0.0
397	3.0	0.0	1.0	0.0	3.0	6.0	1.0
398	3.0	1.0	1.0	0.0	3.0	6.0	1.0
399	5.0	0.0	0.0	0.0	5.0	10.0	0.0
400	3.0	1.0	1.0	0.0	0.9990000000000006	8.001	1.0
401	1.0	0.0	0.0	0.0	0.3330000000000002	2.667	0.0
402	2.0	0.0	0.0	0.0	0.6660000000000004	5.334	0.0
403	1.0	3.0	0.0	0.0	3.0	6.0	0.0
404	1.0	0.0	0.0	0.0	0.3330000000000002	2.667	0.0
405	0.0	0.0	0.0	0.0	0.0	0.0	0.0
406	1.0	0.0	0.0	0.0	0.3330000000000002	2.667	0.0
407	2.0	0.0	0.0	0.0	2.0	4.0	0.0
408	2.0	0.0	1.0	0.0	2.0	4.0	1.0
409	3.0	1.0	0.0	0.0	2.6690000000000005	9.331	0.0
410	2.0	1.0	0.0	0.0	1.6660000000000004	7.334	0.0
411	2.0	0.0	0.0	0.0	2.0	4.0	0.0
412	2.0	0.0	1.0	0.0	0.6660000000000004	5.334	1.0
413	1.0	2.0	0.0	0.0	0.9990000000000006	8.001	0.0
414	1.0	0.0	0.0	0.0	0.3330000000000002	2.667	0.0
415	3.0	1.0	0.0	0.0	2.3360000000000003	6.664	0.0
416	2.0	4.0	0.0	1.0	4.668	10.332	1.0
417	2.0	1.0	0.0	0.0	0.9990000000000006	8.001	0.0
418	1.0	2.0	0.0	0.0	1.3330000000000002	4.667	0.0
419	2.0	0.0	0.0	0.0	0.6680000000000001	2.332	0.0
420	0.0	1.0	0.0	0.0	0.3330000000000002	2.667	0.0
421	2.0	0.0	0.0	0.0	1.6680000000000001	4.332	0.0
422	0.0	0.0	0.0	0.0	0.0	0.0	0.0
423	1.0	0.0	0.0	0.0	0.3330000000000002	2.667	0.0
424	3.0	0.0	1.0	0.0	3.0	6.0	1.0
425	1.0	3.0	1.0	0.0	0.9990000000000006	8.001	1.0
426	0.0	0.0	0.0	0.0	0.0	0.0	0.0
427	0.0	0.0	0.0	0.0	0.0	0.0	0.0
428	1.0	2.0	0.0	0.0	0.6660000000000004	5.334	0.0
429	1.0	6.0	1.0	0.0	2.9990000000000006	12.001	1.0
430	0.0	0.0	0.0	0.0	0.0	0.0	0.0
431	1.0	1.0	0.0	0.0	0.6660000000000004	5.334	0.0
432	0.0	0.0	0.0	0.0	0.0	0.0	0.0
433	2.0	0.0	0.0	0.0	2.0	4.0	0.0
434	0.0	0.0	0.0	0.0	0.0	0.0	0.0
435	1.0	0.0	0.0	0.0	0.3330000000000002	2.667	0.0
436	2.0	0.0	0.0	0.0	0.6680000000000001	2.332	0.0
437	1.0	0.0	0.0	0.0	0.6680000000000001	2.332	0.0
438	1.0	0.0	1.0	0.0	0.3330000000000002	2.667	1.0
439	0.0	0.0	0.0	0.0	0.0	0.0	0.0
440	1.0	2.0	0.0	0.0	1.0010000000000003	4.999	0.0
441	2.0	0.0	0.0	0.0	2.0	4.0	0.0
442	0.0	2.0	0.0	0.0	0.0	3.0	0.0
443	2.0	1.0	0.0	0.0	3.0	6.0	0.0
444	2.0	1.0	0.0	0.0	2.0	4.0	0.0
445	3.0	2.0	1.0	0.0	0.9990000000000006	8.001	1.0
446	1.0	2.0	0.0	0.0	1.3330000000000002	4.667	0.0
447	2.0	1.0	0.0	0.0	1.3330000000000002	4.667	0.0
448	2.0	0.0	0.0	0.0	0.6660000000000004	5.334	0.0
449	0.0	0.0	0.0	0.0	0.0	0.0	0.0
450	1.0	1.0	0.0	0.0	1.0	2.0	0.0
451	2.0	0.0	0.0	0.0	2.0	4.0	0.0
452	3.0	2.0	0.0	0.0	4.0	8.0	0.0
453	0.0	2.0	0.0	0.0	0.3330000000000002	2.667	0.0
454	1.0	0.0	1.0	0.0	1.0	2.0	1.0
455	4.0	2.0	1.0	0.0	5.668	12.332	1.0
456	1.0	1.0	0.0	0.0	1.0	2.0	0.0
457	2.0	1.0	0.0	0.0	1.3340000000000005	7.6659999999999995	0.0
458	2.0	1.0	0.0	0.0	1.6680000000000001	4.332	0.0
459	3.0	1.0	0.0	0.0	2.3360000000000003	6.664	0.0
460	3.0	1.0	1.0	0.0	1.6660000000000004	7.334	1.0
461	0.0	0.0	0.0	0.0	0.0	0.0	0.0
462	0.0	0.0	0.0	0.0	0.0	0.0	0.0
463	0.0	0.0	0.0	0.0	0.0	0.0	0.0
464	4.0	5.0	0.0	1.0	5.001	12.998999999999999	1.0
465	4.0	4.0	0.0	0.0	3.0	9.0	0.0
466	3.0	0.0	0.0	0.0	3.0	6.0	0.0
467	1.0	0.0	0.0	0.0	0.3330000000000002	2.667	0.0
468	1.0	2.0	0.0	0.0	1.6680000000000001	4.332	0.0
469	4.0	4.0	0.0	0.0	4.001	10.999	0.0
470	0.0	6.0	0.0	0.0	1.0010000000000003	4.999	0.0
471	2.0	3.0	0.0	0.0	1.0010000000000003	4.999	0.0
472	3.0	0.0	0.0	0.0	3.0	6.0	0.0
473	1.0	2.0	0.0	0.0	1.733	4.2669999999999995	0.0
474	1.0	2.0	0.0	0.0	1.0	2.0	0.0
475	1.0	1.0	0.0	0.0	1.3330000000000002	4.667	0.0
476	1.0	2.0	0.0	0.0	0.3330000000000002	2.667	0.0
477	5.0	0.0	0.0	0.0	5.0	10.0	0.0
478	2.0	1.0	0.0	0.0	3.0	6.0	0.0
479	3.0	1.0	1.0	0.0	3.0	6.0	1.0
480	1.0	0.0	0.0	0.0	1.0	2.0	0.0
481	1.0	2.0	0.0	0.0	1.0	2.0	0.0
482	3.0	1.0	0.0	0.0	0.9990000000000006	8.001	0.0
483	3.0	0.0	0.0	0.0	3.0	6.0	0.0
484	2.0	3.0	1.0	0.0	3.3360000000000003	8.664	1.0
485	0.0	0.0	0.0	0.0	0.0	0.0	0.0
486	0.0	0.0	0.0	0.0	0.0	0.0	0.0
487	4.0	0.0	0.0	0.0	3.3360000000000003	8.664	0.0
488	2.0	0.0	0.0	0.0	0.6660000000000004	5.334	0.0
489	1.0	1.0	0.0	0.0	1.3330000000000002	4.667	0.0
490	2.0	4.0	0.0	0.0	3.0	6.0	0.0
491	2.0	0.0	0.0	0.0	2.068	3.932	0.0
492	2.0	2.0	0.0	0.0	2.333	6.667	0.0
493	2.0	0.0	0.0	0.0	2.0	4.0	0.0
494	0.0	2.0	0.0	0.0	0.6660000000000004	5.334	0.0
495	5.0	0.0	1.0	0.0	5.068	9.931999999999999	1.0
496	1.0	2.0	0.0	0.0	0.9990000000000006	8.001	0.0
497	2.0	2.0	0.0	0.0	2.0	4.0	0.0
498	3.0	0.0	0.0	0.0	3.0	6.0	0.0
499	0.0	0.0	0.0	0.0	0.0	0.0	0.0
500	3.0	0.0	0.0	0.0	3.0	6.0	0.0
501	0.0	0.0	0.0	0.0	0.0	0.0	0.0
502	2.0	0.0	0.0	0.0	0.6660000000000004	5.334	0.0
503	3.0	0.0	0.0	0.0	1.6680000000000001	4.332	0.0
504	1.0	0.0	0.0	0.0	0.3330000000000002	2.667	0.0
505	2.0	0.0	0.0	0.0	2.0	4.0	0.0
506	3.0	0.0	1.0	0.0	3.0	6.0	1.0
507	1.0	0.0	0.0	0.0	0.3330000000000002	2.667	0.0
508	2.0	2.0	0.0	0.0	2.0	4.0	0.0
509	2.0	2.0	0.0	0.0	4.4	7.6	0.0
510	0.0	2.0	0.0	0.0	0.6660000000000004	5.334	0.0
511	0.0	0.0	0.0	0.0	0.0	0.0	0.0
512	2.0	2.0	0.0	0.0	1.6660000000000004	7.334	0.0
513	0.0	2.0	0.0	0.0	1.0	2.0	0.0
514	1.0	1.0	0.0	0.0	0.6660000000000004	5.334	0.0
515	3.0	0.0	0.0	0.0	3.0	6.0	0.0
516	4.0	3.0	1.0	0.0	2.3320000000000007	12.668	1.0
517	4.0	2.0	1.0	0.0	4.0	8.0	1.0
518	0.0	2.0	0.0	0.0	0.3330000000000002	2.667	0.0
519	1.0	3.0	0.0	0.0	1.0	5.0	0.0
520	1.0	3.0	0.0	0.0	0.6660000000000004	8.334	0.0
521	2.0	4.0	1.0	1.0	3.0010000000000003	8.998999999999999	1.0
522	4.0	3.0	0.0	0.0	3.733	8.267	0.0
523	2.0	5.0	0.0	2.0	4.734	13.266	2.0
524	1.0	3.0	0.0	0.0	1.3330000000000002	4.667	0.0
525	1.0	2.0	0.0	0.0	1.6660000000000004	7.334	0.0
526	3.0	2.0	0.0	0.0	1.3320000000000007	10.668	0.0
527	4.0	1.0	0.0	0.0	5.0	10.0	0.0
528	1.0	1.0	0.0	0.0	2.0	4.0	0.0
529	4.0	2.0	1.0	0.0	4.333	10.667	1.0
530	2.0	3.0	0.0	0.0	2.333	6.667	0.0
531	5.0	2.0	1.0	1.0	4.068	7.932	1.0
532	1.0	2.0	0.0	0.0	0.6660000000000004	5.334	0.0
533	0.0	1.0	0.0	0.0	1.0	2.0	0.0
534	0.0	1.0	0.0	0.0	0.3330000000000002	2.667	0.0
535	1.0	2.0	0.0	0.0	0.3330000000000002	2.667	0.0
536	1.0	0.0	0.0	0.0	1.4	1.6	0.0
537	1.0	2.0	0.0	0.0	1.3330000000000002	4.667	0.0
538	1.0	0.0	0.0	0.0	1.0	2.0	0.0
539	0.0	0.0	0.0	0.0	0.0	0.0	0.0
540	0.0	0.0	0.0	0.0	0.0	0.0	0.0
541	0.0	0.0	0.0	0.0	0.0	0.0	0.0
542	0.0	0.0	0.0	0.0	0.0	0.0	0.0
543	0.0	0.0	0.0	0.0	0.0	0.0	0.0
544	0.0	2.0	0.0	0.0	0.3330000000000002	2.667	0.0
545	1.0	0.0	0.0	0.0	1.0	2.0	0.0
546	1.0	0.0	0.0	0.0	1.0	2.0	0.0
547	1.0	4.0	0.0	1.0	2.333	9.667	1.0
548	4.0	2.0	0.0	0.0	1.6680000000000001	4.332	0.0
549	2.0	4.0	0.0	0.0	2.0	4.0	0.0
550	2.0	2.0	0.0	0.0	3.0	6.0	0.0
551	2.0	4.0	0.0	0.0	1.0010000000000003	4.999	0.0
552	1.0	5.0	0.0	0.0	2.333	6.667	0.0
553	2.0	3.0	0.0	0.0	3.0	6.0	0.0
554	3.0	2.0	0.0	0.0	3.668	8.332	0.0
555	1.0	4.0	0.0	0.0	1.3330000000000002	4.667	0.0
556	1.0	1.0	0.0	0.0	0.6660000000000004	5.334	0.0
557	1.0	1.0	0.0	0.0	0.3330000000000002	2.667	0.0
558	2.0	1.0	0.0	0.0	1.3360000000000003	4.664	0.0
559	2.0	2.0	0.0	0.0	2.068	3.932	0.0
560	1.0	1.0	0.0	0.0	0.6660000000000004	5.334	0.0
561	1.0	4.0	0.0	0.0	1.6660000000000004	7.334	0.0
562	2.0	2.0	0.0	0.0	3.068	5.932	0.0
563	2.0	2.0	0.0	0.0	0.6660000000000004	5.334	0.0
564	0.0	1.0	0.0	0.0	0.3330000000000002	2.667	0.0
565	1.0	0.0	0.0	0.0	0.3330000000000002	2.667	0.0
566	0.0	0.0	0.0	0.0	0.0	0.0	0.0
567	0.0	0.0	0.0	0.0	0.0	0.0	0.0
568	1.0	0.0	0.0	0.0	1.0	2.0	0.0
569	0.0	0.0	0.0	0.0	0.0	0.0	0.0
570	0.0	0.0	0.0	0.0	0.0	0.0	0.0
571	0.0	0.0	0.0	0.0	0.0	0.0	0.0
572	0.0	0.0	0.0	0.0	0.0	0.0	0.0
573	2.0	0.0	0.0	0.0	2.0	4.0	0.0
574	1.0	1.0	0.0	0.0	2.0	4.0	0.0
575	1.0	2.0	0.0	0.0	2.736	6.263999999999999	0.0
576	1.0	3.0	0.0	0.0	3.0	9.0	0.0
577	0.0	6.0	0.0	0.0	0.9990000000000006	11.001	0.0
578	2.0	2.0	0.0	0.0	1.9990000000000006	10.001	0.0
579	0.0	4.0	0.0	0.0	2.6660000000000004	9.334	0.0
580	2.0	3.0	0.0	0.0	3.0010000000000003	8.998999999999999	0.0
581	2.0	4.0	0.0	0.0	3.333	8.667	0.0
582	0.0	1.0	0.0	0.0	0.3330000000000002	2.667	0.0
583	0.0	0.0	0.0	0.0	0.0	0.0	0.0
584	2.0	3.0	0.0	0.0	2.333	6.667	0.0
585	2.0	2.0	0.0	0.0	2.333	6.667	0.0
586	3.0	3.0	0.0	0.0	3.0	6.0	0.0
587	0.0	0.0	0.0	0.0	0.0	0.0	0.0
588	2.0	2.0	0.0	0.0	2.333	6.667	0.0
589	1.0	0.0	0.0	0.0	0.3330000000000002	2.667	0.0
590	0.0	4.0	0.0	0.0	0.6660000000000004	5.334	0.0
591	2.0	4.0	0.0	0.0	3.333	8.667	0.0
592	0.0	6.0	0.0	0.0	2.9990000000000006	12.001	0.0
593	2.0	1.0	0.0	0.0	0.9990000000000006	8.001	0.0
594	3.0	3.0	0.0	0.0	4.333	10.667	0.0
595	0.0	2.0	0.0	0.0	0.3330000000000002	2.667	0.0
596	1.0	0.0	0.0	0.0	1.0	2.0	0.0
597	3.0	4.0	0.0	0.0	1.3330000000000002	7.667	0.0
598	1.0	5.0	0.0	0.0	3.333	8.667	0.0
599	2.0	3.0	0.0	0.0	2.333	6.667	0.0
600	3.0	3.0	0.0	0.0	1.9990000000000006	10.001	0.0
601	0.0	2.0	0.0	0.0	0.6660000000000004	5.334	0.0
602	4.0	2.0	1.0	0.0	4.333	10.667	1.0
603	0.0	4.0	0.0	0.0	1.0010000000000003	4.999	0.0
604	2.0	1.0	0.0	0.0	1.3330000000000002	4.667	0.0
605	3.0	4.0	0.0	1.0	6.0	12.0	1.0
606	2.0	1.0	0.0	0.0	3.0	6.0	0.0
607	2.0	0.0	0.0	0.0	2.0	4.0	0.0
608	2.0	0.0	0.0	0.0	2.0	4.0	0.0
609	2.0	3.0	0.0	0.0	4.0	8.0	0.0
610	3.0	0.0	0.0	0.0	3.0	6.0	0.0
611	0.0	7.0	0.0	1.0	1.665000000000001	13.334999999999999	1.0
612	1.0	9.0	1.0	0.0	4.332000000000001	16.668	1.0
613	0.0	3.0	0.0	0.0	1.3330000000000002	4.667	0.0
614	1.0	3.0	0.0	0.0	2.333	6.667	0.0
615	1.0	4.0	1.0	0.0	0.9990000000000006	11.001	1.0
616	1.0	2.0	0.0	0.0	0.9990000000000006	8.001	0.0
617	2.0	3.0	0.0	0.0	3.733	8.267	0.0
618	2.0	3.0	0.0	0.0	3.333	8.667	0.0
619	0.0	5.0	0.0	0.0	2.3320000000000007	12.668	0.0
620	3.0	2.0	0.0	1.0	1.3320000000000007	10.668	1.0
621	2.0	6.0	0.0	0.0	4.666	13.334	0.0
622	1.0	5.0	0.0	0.0	2.3340000000000005	9.666	0.0
623	0.0	0.0	0.0	0.0	0.0	0.0	0.0
624	4.0	4.0	1.0	1.0	4.333	10.667	1.0
625	3.0	3.0	0.0	0.0	4.0	8.0	0.0
626	0.0	2.0	0.0	0.0	1.0	2.0	0.0
627	3.0	1.0	0.0	0.0	3.0	9.0	0.0
628	2.0	0.0	1.0	0.0	0.6660000000000004	5.334	1.0
629	2.0	0.0	1.0	0.0	0.6660000000000004	5.334	1.0
630	0.0	0.0	0.0	0.0	0.0	0.0	0.0
631	0.0	0.0	0.0	0.0	0.0	0.0	0.0
632	0.0	0.0	0.0	0.0	0.0	0.0	0.0
633	0.0	0.0	0.0	0.0	0.0	0.0	0.0
634	0.0	0.0	0.0	0.0	0.0	0.0	0.0
635	0.0	0.0	0.0	0.0	0.0	0.0	0.0
636	0.0	0.0	0.0	0.0	0.0	0.0	0.0
637	0.0	0.0	0.0	0.0	0.0	0.0	0.0
638	0.0	0.0	0.0	0.0	0.0	0.0	0.0
639	3.0	1.0	0.0	0.0	1.6680000000000001	4.332	0.0
640	3.0	3.0	1.0	0.0	1.9990000000000006	10.001	1.0
641	1.0	1.0	1.0	0.0	0.6660000000000004	5.334	1.0
642	0.0	0.0	0.0	0.0	0.0	0.0	0.0
643	2.0	2.0	0.0	0.0	0.6660000000000004	5.334	0.0
644	2.0	2.0	1.0	0.0	3.333	8.667	1.0
645	3.0	0.0	1.0	0.0	3.0	6.0	1.0
646	2.0	3.0	1.0	0.0	4.336	10.664000000000001	1.0
647	1.0	6.0	0.0	2.0	2.665000000000001	15.334999999999999	1.0
648	3.0	0.0	1.0	0.0	3.4	5.6	1.0
649	1.0	0.0	0.0	0.0	0.3330000000000002	2.667	0.0
650	1.0	0.0	1.0	0.0	0.3330000000000002	2.667	1.0
651	0.0	0.0	0.0	0.0	0.0	0.0	0.0
652	3.0	1.0	0.0	0.0	1.3320000000000007	10.668	0.0
653	2.0	0.0	0.0	0.0	0.6660000000000004	5.334	0.0
654	1.0	0.0	0.0	0.0	0.3330000000000002	2.667	0.0
655	5.0	0.0	0.0	0.0	3.3360000000000003	8.664	0.0
656	0.0	0.0	0.0	0.0	0.0	0.0	0.0
657	1.0	0.0	0.0	0.0	1.0	2.0	0.0
658	1.0	0.0	1.0	0.0	0.6680000000000001	2.332	1.0
659	0.0	0.0	0.0	0.0	0.0	0.0	0.0
660	1.0	0.0	0.0	0.0	0.3330000000000002	2.667	0.0
661	2.0	0.0	0.0	0.0	0.6660000000000004	5.334	0.0
662	0.0	0.0	0.0	0.0	0.0	0.0	0.0
663	5.0	0.0	0.0	0.0	3.668	8.332	0.0
664	1.0	1.0	1.0	0.0	0.6660000000000004	5.334	1.0
665	2.0	0.0	1.0	0.0	0.6660000000000004	5.334	1.0
666	3.0	3.0	0.0	0.0	4.068	7.932	0.0
667	1.0	2.0	0.0	0.0	1.0	2.0	0.0
668	1.0	1.0	0.0	0.0	1.3330000000000002	4.667	0.0
669	2.0	0.0	1.0	0.0	0.6660000000000004	5.334	1.0
670	2.0	4.0	0.0	0.0	2.6690000000000005	9.331	0.0
671	3.0	3.0	0.0	0.0	3.333	8.667	0.0
672	2.0	0.0	0.0	0.0	2.4	3.6	0.0
673	1.0	0.0	0.0	0.0	1.0	2.0	0.0
674	1.0	0.0	0.0	0.0	0.3330000000000002	2.667	0.0
675	0.0	2.0	0.0	0.0	0.6660000000000004	5.334	0.0
676	1.0	0.0	0.0	0.0	1.4	1.6	0.0
677	0.0	0.0	0.0	0.0	0.0	0.0	0.0
678	0.0	1.0	0.0	0.0	0.3330000000000002	2.667	0.0
679	0.0	0.0	0.0	0.0	0.0	0.0	0.0
680	1.0	0.0	0.0	0.0	0.6680000000000001	2.332	0.0
681	3.0	0.0	0.0	0.0	3.4	5.6	0.0
682	3.0	0.0	0.0	0.0	3.0	6.0	0.0
683	1.0	1.0	0.0	0.0	2.0	4.0	0.0
684	2.0	0.0	0.0	0.0	2.0	4.0	0.0
685	2.0	1.0	0.0	0.0	3.0	6.0	0.0
686	4.0	0.0	0.0	0.0	4.0	8.0	0.0
687	2.0	0.0	1.0	0.0	0.6660000000000004	5.334	1.0
688	2.0	0.0	0.0	0.0	2.0	4.0	0.0
689	0.0	4.0	0.0	0.0	1.3320000000000007	10.668	0.0
690	1.0	1.0	0.0	0.0	1.0010000000000003	4.999	0.0
691	2.0	1.0	0.0	0.0	2.333	6.667	0.0
692	1.0	0.0	0.0	0.0	0.3330000000000002	2.667	0.0
693	2.0	0.0	0.0	0.0	0.6660000000000004	5.334	0.0
694	2.0	3.0	0.0	0.0	3.736	11.264	0.0
695	2.0	1.0	1.0	0.0	0.9990000000000006	8.001	1.0
696	3.0	0.0	0.0	0.0	4.199999999999999	4.800000000000001	0.0
697	0.0	0.0	0.0	0.0	0.0	0.0	0.0
698	1.0	1.0	0.0	0.0	1.3330000000000002	4.667	0.0
699	1.0	2.0	0.0	0.0	0.9990000000000006	8.001	0.0
700	1.0	0.0	0.0	0.0	0.3330000000000002	2.667	0.0
701	4.0	0.0	1.0	0.0	4.0	8.0	1.0
702	3.0	0.0	1.0	0.0	0.9990000000000006	8.001	1.0
703	2.0	0.0	0.0	0.0	2.0	4.0	0.0
704	4.0	0.0	1.0	0.0	3.736	8.264	1.0
705	1.0	2.0	0.0	0.0	2.668	6.332	0.0
706	0.0	0.0	0.0	0.0	0.0	0.0	0.0
707	2.0	0.0	0.0	0.0	2.4	3.6	0.0
708	4.0	0.0	1.0	0.0	2.668	6.332	1.0
709	1.0	0.0	0.0	0.0	0.6680000000000001	2.332	0.0
710	3.0	0.0	1.0	0.0	3.0	6.0	1.0
711	1.0	0.0	0.0	0.0	0.3330000000000002	2.667	0.0
712	2.0	0.0	1.0	0.0	2.0	4.0	1.0
713	2.0	1.0	0.0	0.0	2.0	4.0	0.0
714	3.0	0.0	1.0	0.0	3.0	6.0	1.0
715	1.0	1.0	0.0	0.0	0.6660000000000004	5.334	0.0
716	2.0	3.0	0.0	0.0	2.3360000000000003	9.664	0.0
717	3.0	0.0	0.0	0.0	3.0	6.0	0.0
718	0.0	0.0	0.0	0.0	0.0	0.0	0.0
719	3.0	0.0	0.0	0.0	2.0040000000000004	6.9959999999999996	0.0
720	1.0	0.0	0.0	0.0	0.3330000000000002	2.667	0.0
721	0.0	0.0	0.0	0.0	0.0	0.0	0.0
722	4.0	0.0	1.0	0.0	4.068	7.932	1.0
723	0.0	0.0	0.0	0.0	0.0	0.0	0.0
724	2.0	0.0	0.0	0.0	2.4	3.6	0.0
725	5.0	0.0	0.0	0.0	3.3360000000000003	8.664	0.0
726	3.0	0.0	0.0	0.0	3.0	6.0	0.0
727	2.0	0.0	0.0	0.0	0.6660000000000004	5.334	0.0
728	3.0	2.0	0.0	0.0	5.0	10.0	0.0
729	2.0	1.0	0.0	0.0	3.0	6.0	0.0
730	1.0	0.0	0.0	0.0	0.3330000000000002	2.667	0.0
731	1.0	0.0	0.0	0.0	0.6680000000000001	2.332	0.0
732	2.0	0.0	0.0	0.0	0.6660000000000004	5.334	0.0
733	2.0	0.0	0.0	0.0	2.0	4.0	0.0
734	1.0	0.0	0.0	0.0	0.3330000000000002	2.667	0.0
735	3.0	0.0	2.0	0.0	3.0	6.0	2.0
736	1.0	0.0	0.0	0.0	0.3330000000000002	2.667	0.0
737	2.0	0.0	0.0	0.0	2.0	4.0	0.0
738	1.0	0.0	0.0	0.0	1.0	2.0	0.0
739	3.0	0.0	1.0	0.0	0.9990000000000006	8.001	1.0
740	2.0	0.0	0.0	0.0	0.6660000000000004	5.334	0.0
741	2.0	0.0	0.0	0.0	0.6660000000000004	5.334	0.0
742	2.0	0.0	1.0	0.0	2.4	3.6	1.0
743	2.0	0.0	2.0	0.0	2.0	4.0	2.0
744	2.0	0.0	0.0	0.0	2.4	3.6	0.0
745	3.0	1.0	0.0	0.0	3.0	6.0	0.0
746	3.0	1.0	1.0	0.0	3.733	8.267	1.0
747	2.0	0.0	1.0	0.0	0.6660000000000004	5.334	1.0
748	2.0	0.0	1.0	0.0	2.0	4.0	1.0
749	3.0	0.0	0.0	0.0	0.9990000000000006	8.001	0.0
750	4.0	0.0	0.0	0.0	2.668	6.332	0.0
751	3.0	0.0	0.0	0.0	3.0	6.0	0.0
752	3.0	0.0	0.0	0.0	3.0	6.0	0.0
753	0.0	1.0	0.0	0.0	1.0	2.0	0.0
754	3.0	0.0	1.0	0.0	2.3360000000000003	6.664	1.0
755	1.0	0.0	0.0	0.0	0.3330000000000002	2.667	0.0
756	1.0	3.0	0.0	0.0	2.668	6.332	0.0
757	2.0	1.0	0.0	0.0	0.9990000000000006	8.001	0.0
758	2.0	0.0	1.0	0.0	2.0	4.0	1.0
759	2.0	2.0	0.0	0.0	3.0	6.0	0.0
760	2.0	0.0	0.0	0.0	0.6660000000000004	5.334	0.0
761	3.0	4.0	1.0	0.0	5.4	9.6	1.0
762	3.0	2.0	0.0	0.0	2.668	6.332	0.0
763	1.0	7.0	0.0	0.0	2.333000000000001	15.666999999999998	0.0
764	3.0	0.0	0.0	0.0	0.9990000000000006	8.001	0.0
765	3.0	2.0	0.0	0.0	3.333	8.667	0.0
766	2.0	2.0	0.0	0.0	3.668	8.332	0.0
767	2.0	1.0	0.0	0.0	3.0	6.0	0.0
768	2.0	1.0	0.0	0.0	0.9990000000000006	8.001	0.0
769	2.0	0.0	0.0	0.0	2.0	4.0	0.0
770	2.0	0.0	0.0	0.0	0.6660000000000004	5.334	0.0
771	1.0	0.0	0.0	0.0	0.3330000000000002	2.667	0.0
772	4.0	0.0	0.0	0.0	3.668	8.332	0.0
773	6.0	0.0	1.0	0.0	4.736000000000001	10.264	1.0
774	1.0	0.0	0.0	0.0	0.3330000000000002	2.667	0.0
775	0.0	0.0	0.0	0.0	0.0	0.0	0.0
776	2.0	0.0	1.0	0.0	0.6660000000000004	5.334	1.0
777	3.0	0.0	1.0	0.0	3.4	5.6	1.0
778	0.0	0.0	0.0	0.0	0.0	0.0	0.0
779	5.0	1.0	1.0	0.0	6.135999999999999	11.863999999999999	1.0
780	2.0	0.0	0.0	0.0	2.0	4.0	0.0
781	1.0	0.0	0.0	0.0	0.3330000000000002	2.667	0.0
782	2.0	0.0	0.0	0.0	0.6660000000000004	5.334	0.0
783	4.0	0.0	1.0	0.0	4.0	8.0	1.0
784	0.0	0.0	0.0	0.0	0.0	0.0	0.0
785	0.0	0.0	0.0	0.0	0.0	0.0	0.0
786	3.0	1.0	1.0	0.0	4.0	8.0	1.0
787	2.0	0.0	0.0	0.0	0.6660000000000004	5.334	0.0
788	3.0	1.0	1.0	0.0	1.9990000000000006	10.001	1.0
789	3.0	0.0	0.0	0.0	3.0	6.0	0.0
790	3.0	0.0	0.0	0.0	3.4	5.6	0.0
791	3.0	0.0	0.0	0.0	3.068	5.932	0.0
792	1.0	0.0	0.0	0.0	0.3330000000000002	2.667	0.0
793	4.0	2.0	1.0	0.0	3.9990000000000006	14.001	1.0
794	2.0	0.0	0.0	0.0	2.0	4.0	0.0
795	2.0	2.0	1.0	0.0	2.6660000000000004	9.334	1.0
796	1.0	0.0	0.0	0.0	0.3330000000000002	2.667	0.0
797	1.0	4.0	0.0	0.0	3.0040000000000004	11.995999999999999	0.0
798	2.0	2.0	1.0	0.0	3.0	9.0	1.0
799	1.0	1.0	0.0	0.0	1.3330000000000002	4.667	0.0
800	2.0	0.0	0.0	0.0	2.0	4.0	0.0
801	0.0	3.0	0.0	0.0	2.333	6.667	0.0
802	4.0	4.0	0.0	0.0	5.199	12.800999999999998	0.0
803	4.0	3.0	1.0	0.0	4.333	10.667	1.0
804	4.0	4.0	0.0	1.0	8.0	16.0	1.0
805	1.0	5.0	0.0	0.0	4.001	10.998999999999999	0.0
806	2.0	0.0	0.0	0.0	2.0	4.0	0.0
807	0.0	5.0	0.0	0.0	2.9990000000000006	12.001	0.0
808	0.0	2.0	0.0	0.0	0.3330000000000002	2.667	0.0
809	0.0	2.0	0.0	0.0	1.3330000000000002	4.667	0.0
810	1.0	2.0	0.0	0.0	2.0	4.0	0.0
811	0.0	1.0	0.0	0.0	0.3330000000000002	2.667	0.0
812	0.0	0.0	0.0	0.0	0.0	0.0	0.0
813	0.0	0.0	0.0	0.0	0.0	0.0	0.0
814	0.0	0.0	0.0	0.0	0.0	0.0	0.0
815	0.0	0.0	0.0	0.0	0.0	0.0	0.0
816	0.0	0.0	0.0	0.0	0.0	0.0	0.0
817	0.0	0.0	0.0	0.0	0.0	0.0	0.0
818	0.0	0.0	0.0	0.0	0.0	0.0	0.0
819	0.0	3.0	0.0	0.0	0.9990000000000006	8.001	0.0
820	2.0	5.0	0.0	1.0	2.333	12.667	1.0
821	1.0	1.0	0.0	0.0	0.3330000000000002	2.667	0.0
822	1.0	2.0	0.0	0.0	1.733	4.2669999999999995	0.0
823	1.0	3.0	0.0	0.0	2.0	4.0	0.0
824	2.0	7.0	1.0	0.0	5.000000000000001	19.0	1.0
825	1.0	1.0	0.0	0.0	2.0	4.0	0.0
826	1.0	2.0	0.0	0.0	0.3330000000000002	5.667	0.0
827	2.0	1.0	1.0	0.0	2.0	4.0	1.0
828	2.0	0.0	0.0	0.0	2.0	4.0	0.0
829	2.0	0.0	1.0	0.0	2.0	4.0	1.0
830	6.0	0.0	1.0	0.0	5.136	9.863999999999999	1.0
831	3.0	0.0	0.0	0.0	3.0	6.0	0.0
832	6.0	2.0	2.0	0.0	4.002000000000001	13.998	1.0
833	1.0	0.0	0.0	0.0	0.3330000000000002	2.667	0.0
834	0.0	5.0	0.0	1.0	1.665000000000001	13.334999999999999	1.0
835	4.0	0.0	1.0	0.0	4.4	7.6	1.0
836	4.0	0.0	1.0	0.0	4.0	8.0	1.0
837	2.0	0.0	0.0	0.0	2.0	4.0	0.0
838	2.0	2.0	1.0	0.0	4.0	8.0	1.0
839	3.0	1.0	0.0	0.0	3.668	8.332	0.0
840	4.0	1.0	0.0	0.0	5.0	10.0	0.0
841	1.0	0.0	0.0	0.0	0.3330000000000002	2.667	0.0
842	2.0	0.0	1.0	0.0	0.6660000000000004	5.334	1.0
843	2.0	0.0	0.0	0.0	2.0	4.0	0.0
844	2.0	0.0	0.0	0.0	2.0	4.0	0.0
845	3.0	0.0	1.0	0.0	2.0040000000000004	6.9959999999999996	1.0
846	0.0	0.0	0.0	0.0	0.0	0.0	0.0
847	1.0	0.0	0.0	0.0	0.3330000000000002	2.667	0.0
848	2.0	0.0	1.0	0.0	2.0	4.0	1.0
849	1.0	1.0	0.0	0.0	1.3330000000000002	4.667	0.0
850	0.0	0.0	0.0	0.0	0.0	0.0	0.0
851	2.0	3.0	1.0	0.0	2.9990000000000006	12.001	1.0
852	3.0	0.0	1.0	0.0	2.3360000000000003	6.664	1.0
853	2.0	0.0	0.0	0.0	2.0	4.0	0.0
854	0.0	0.0	0.0	0.0	0.0	0.0	0.0
855	2.0	0.0	0.0	0.0	2.0	4.0	0.0
856	0.0	0.0	0.0	0.0	0.0	0.0	0.0
857	0.0	0.0	0.0	0.0	0.0	0.0	0.0
858	0.0	0.0	0.0	0.0	0.0	0.0	0.0
859	1.0	0.0	0.0	0.0	1.0	2.0	0.0
860	5.0	0.0	1.0	0.0	4.336	10.664000000000001	1.0
861	3.0	0.0	0.0	0.0	0.9990000000000006	8.001	0.0
862	0.0	0.0	0.0	0.0	0.0	0.0	0.0
863	2.0	0.0	0.0	0.0	2.0	4.0	0.0
864	3.0	0.0	0.0	0.0	3.0	6.0	0.0
865	0.0	0.0	0.0	0.0	0.0	0.0	0.0
866	0.0	0.0	0.0	0.0	0.0	0.0	0.0
867	4.0	2.0	1.0	0.0	4.0	8.0	1.0
868	2.0	3.0	0.0	0.0	2.6660000000000004	9.334	0.0
869	0.0	0.0	0.0	0.0	0.0	0.0	0.0
870	1.0	0.0	0.0	0.0	0.6680000000000001	2.332	0.0
871	3.0	0.0	1.0	0.0	3.068	5.932	1.0
872	0.0	1.0	0.0	0.0	0.3330000000000002	2.667	0.0
873	1.0	0.0	1.0	0.0	0.3330000000000002	2.667	1.0
874	4.0	0.0	0.0	0.0	4.0	8.0	0.0
875	0.0	0.0	0.0	0.0	0.0	0.0	0.0
876	5.0	0.0	1.0	0.0	4.668	10.332	1.0
877	1.0	1.0	0.0	0.0	0.6660000000000004	5.334	0.0
878	3.0	0.0	1.0	0.0	0.9990000000000006	8.001	1.0
879	4.0	0.0	1.0	0.0	4.0	8.0	1.0
880	1.0	2.0	0.0	0.0	1.0	8.0	0.0
881	1.0	0.0	0.0	0.0	0.3330000000000002	2.667	0.0
882	1.0	0.0	0.0	0.0	1.0	2.0	0.0
883	2.0	1.0	0.0	0.0	1.3330000000000002	4.667	0.0
884	3.0	0.0	1.0	0.0	3.0	6.0	1.0
885	2.0	0.0	0.0	0.0	2.4	3.6	0.0
886	3.0	0.0	1.0	0.0	3.0	6.0	1.0
887	0.0	0.0	0.0	0.0	0.0	0.0	0.0
888	3.0	0.0	1.0	0.0	0.9990000000000006	8.001	1.0
889	0.0	1.0	0.0	0.0	1.4	1.6	0.0
890	0.0	0.0	0.0	0.0	0.0	0.0	0.0
891	1.0	0.0	0.0	0.0	1.0	2.0	0.0
892	0.0	0.0	0.0	0.0	0.0	0.0	0.0
893	0.0	0.0	0.0	0.0	0.0	0.0	0.0
894	3.0	0.0	0.0	0.0	2.668	6.332	0.0
895	0.0	0.0	0.0	0.0	0.0	0.0	0.0
896	1.0	0.0	0.0	0.0	1.0	2.0	0.0
897	0.0	0.0	0.0	0.0	0.0	0.0	0.0
898	1.0	0.0	0.0	0.0	0.3330000000000002	2.667	0.0
899	1.0	0.0	0.0	0.0	0.3330000000000002	2.667	0.0
900	3.0	0.0	0.0	0.0	3.0	6.0	0.0
901	0.0	0.0	0.0	0.0	0.0	0.0	0.0
902	1.0	0.0	0.0	0.0	0.3330000000000002	2.667	0.0
903	1.0	0.0	0.0	0.0	1.0	2.0	0.0
904	0.0	0.0	0.0	0.0	0.0	0.0	0.0
905	0.0	0.0	0.0	0.0	0.0	0.0	0.0
906	3.0	0.0	1.0	0.0	0.9990000000000006	8.001	1.0
907	1.0	0.0	0.0	0.0	0.3330000000000002	2.667	0.0
908	2.0	0.0	0.0	0.0	0.6660000000000004	5.334	0.0
909	1.0	0.0	1.0	0.0	1.0	2.0	1.0
910	1.0	1.0	0.0	0.0	1.0	2.0	0.0
911	0.0	3.0	0.0	0.0	2.3360000000000003	6.664	0.0
912	0.0	2.0	0.0	1.0	0.6660000000000004	5.334	1.0
913	0.0	0.0	0.0	0.0	0.0	0.0	0.0
914	3.0	0.0	0.0	0.0	2.668	6.332	0.0
915	1.0	0.0	1.0	0.0	0.3330000000000002	2.667	1.0
916	0.0	4.0	0.0	1.0	3.068	8.931999999999999	1.0
917	0.0	0.0	0.0	0.0	0.0	0.0	0.0
918	2.0	0.0	0.0	0.0	2.0	4.0	0.0
919	0.0	0.0	0.0	0.0	0.0	0.0	0.0
920	2.0	0.0	1.0	0.0	0.6660000000000004	5.334	1.0
921	0.0	0.0	0.0	0.0	0.0	0.0	0.0
922	1.0	0.0	0.0	0.0	1.0	2.0	0.0
923	1.0	2.0	0.0	0.0	0.3330000000000002	2.667	0.0
924	0.0	0.0	0.0	0.0	0.0	0.0	0.0
925	4.0	0.0	0.0	0.0	4.068	7.932	0.0
926	1.0	0.0	0.0	0.0	0.3330000000000002	2.667	0.0
927	2.0	0.0	0.0	0.0	0.6660000000000004	5.334	0.0
928	0.0	0.0	0.0	0.0	0.0	0.0	0.0
929	1.0	0.0	0.0	0.0	0.3330000000000002	2.667	0.0
930	3.0	0.0	0.0	0.0	3.0	6.0	0.0
931	1.0	0.0	1.0	0.0	0.3330000000000002	2.667	1.0
932	1.0	0.0	0.0	0.0	0.3330000000000002	2.667	0.0
933	4.0	1.0	0.0	0.0	4.0	8.0	0.0
934	2.0	0.0	1.0	0.0	1.3360000000000003	4.664	1.0
935	3.0	0.0	0.0	0.0	3.0	6.0	0.0
936	2.0	0.0	0.0	0.0	2.0	4.0	0.0
937	1.0	0.0	0.0	0.0	1.0	2.0	0.0
938	3.0	0.0	0.0	0.0	2.668	6.332	0.0
939	1.0	0.0	0.0	0.0	0.3330000000000002	2.667	0.0
940	2.0	0.0	0.0	0.0	0.6660000000000004	5.334	0.0
941	1.0	0.0	0.0	0.0	1.0	2.0	0.0
942	2.0	0.0	0.0	0.0	0.6660000000000004	5.334	0.0
943	2.0	0.0	0.0	0.0	2.8	3.2	0.0
944	1.0	0.0	1.0	0.0	0.3330000000000002	2.667	1.0
945	2.0	0.0	0.0	0.0	1.3360000000000003	4.664	0.0
946	1.0	1.0	0.0	0.0	0.6680000000000001	2.332	0.0
947	4.0	0.0	0.0	0.0	4.0	8.0	0.0
948	3.0	0.0	0.0	0.0	3.0	6.0	0.0
949	1.0	0.0	1.0	0.0	0.3330000000000002	2.667	1.0
950	0.0	0.0	0.0	0.0	0.0	0.0	0.0
951	1.0	0.0	0.0	0.0	0.3330000000000002	2.667	0.0
952	3.0	0.0	1.0	0.0	3.0	6.0	1.0
953	1.0	0.0	0.0	0.0	0.3330000000000002	2.667	0.0
954	0.0	0.0	0.0	0.0	0.0	0.0	0.0
955	2.0	0.0	0.0	0.0	2.0	4.0	0.0
956	2.0	0.0	1.0	0.0	1.3360000000000003	4.664	1.0
957	3.0	0.0	0.0	0.0	3.0	6.0	0.0
958	1.0	0.0	0.0	0.0	0.3330000000000002	2.667	0.0
959	2.0	0.0	0.0	0.0	2.0	4.0	0.0
960	2.0	0.0	0.0	0.0	0.6660000000000004	5.334	0.0
961	0.0	0.0	0.0	0.0	0.0	0.0	0.0
962	4.0	0.0	0.0	0.0	2.668	6.332	0.0
963	4.0	0.0	0.0	0.0	3.668	8.332	0.0
964	3.0	0.0	1.0	0.0	3.0	6.0	1.0
965	3.0	0.0	0.0	0.0	3.0	6.0	0.0
966	0.0	0.0	0.0	0.0	0.0	0.0	0.0
967	2.0	0.0	0.0	0.0	0.6660000000000004	5.334	0.0
968	2.0	0.0	0.0	0.0	2.0	4.0	0.0
969	4.0	0.0	1.0	0.0	3.668	8.332	1.0
970	4.0	0.0	0.0	0.0	4.4	7.6	0.0
971	2.0	0.0	0.0	0.0	0.6660000000000004	5.334	0.0
972	3.0	0.0	1.0	0.0	3.0	6.0	1.0
973	2.0	0.0	0.0	0.0	2.0	4.0	0.0
974	0.0	0.0	0.0	0.0	0.0	0.0	0.0
975	3.0	0.0	1.0	0.0	2.0040000000000004	6.9959999999999996	1.0
976	1.0	0.0	0.0	0.0	1.0	2.0	0.0
977	3.0	0.0	1.0	0.0	3.0	6.0	1.0
978	0.0	0.0	0.0	0.0	0.0	0.0	0.0
979	2.0	0.0	0.0	0.0	1.3360000000000003	4.664	0.0
980	0.0	0.0	0.0	0.0	0.0	0.0	0.0
981	0.0	0.0	0.0	0.0	0.0	0.0	0.0
982	3.0	0.0	0.0	0.0	3.0	6.0	0.0
983	2.0	0.0	0.0	0.0	2.0	4.0	0.0
984	1.0	0.0	0.0	0.0	0.3330000000000002	2.667	0.0
985	2.0	0.0	0.0	0.0	0.6660000000000004	5.334	0.0
986	3.0	0.0	1.0	0.0	0.9990000000000006	8.001	1.0
987	1.0	0.0	0.0	0.0	1.0	2.0	0.0
988	1.0	1.0	0.0	0.0	1.0	2.0	0.0
989	2.0	0.0	1.0	0.0	1.6680000000000001	4.332	1.0
990	4.0	0.0	1.0	0.0	4.0	8.0	1.0
991	1.0	0.0	0.0	0.0	0.3330000000000002	2.667	0.0
992	2.0	0.0	0.0	0.0	2.0	4.0	0.0
993	1.0	0.0	0.0	0.0	0.3330000000000002	2.667	0.0
994	2.0	0.0	1.0	0.0	0.6660000000000004	5.334	1.0
995	3.0	0.0	0.0	0.0	3.0	6.0	0.0
996	3.0	0.0	1.0	0.0	0.9990000000000006	8.001	1.0
997	2.0	1.0	0.0	0.0	3.0	6.0	0.0
998	3.0	0.0	1.0	0.0	3.0	6.0	1.0
999	2.0	0.0	0.0	0.0	2.0	4.0	0.0
1000	3.0	0.0	0.0	0.0	2.0040000000000004	6.9959999999999996	0.0
1001	3.0	0.0	0.0	0.0	3.0	6.0	0.0
1002	3.0	0.0	1.0	0.0	3.0	6.0	1.0
1003	4.0	0.0	1.0	0.0	4.0	8.0	1.0
1004	2.0	0.0	0.0	0.0	2.0	4.0	0.0
1005	2.0	0.0	0.0	0.0	0.6660000000000004	5.334	0.0
1006	3.0	0.0	0.0	0.0	3.4	5.6	0.0
1007	3.0	0.0	1.0	0.0	0.9990000000000006	8.001	1.0
1008	0.0	0.0	0.0	0.0	0.0	0.0	0.0
1009	1.0	0.0	0.0	0.0	0.3330000000000002	2.667	0.0
1010	2.0	0.0	0.0	0.0	0.6660000000000004	5.334	0.0
1011	3.0	0.0	0.0	0.0	3.0	6.0	0.0
1012	3.0	0.0	0.0	0.0	3.0	6.0	0.0
1013	1.0	0.0	0.0	0.0	1.0	2.0	0.0
1014	2.0	0.0	0.0	0.0	2.0	4.0	0.0
1015	1.0	0.0	0.0	0.0	1.0	2.0	0.0
1016	3.0	0.0	0.0	0.0	2.736	6.263999999999999	0.0
1017	0.0	0.0	0.0	0.0	0.0	0.0	0.0
1018	1.0	1.0	0.0	0.0	0.6660000000000004	5.334	0.0
1019	1.0	0.0	0.0	0.0	0.3330000000000002	2.667	0.0
1020	1.0	0.0	0.0	0.0	1.0	2.0	0.0
1021	0.0	0.0	0.0	0.0	0.0	0.0	0.0
1022	2.0	0.0	1.0	0.0	2.0	4.0	1.0
1023	1.0	0.0	0.0	0.0	0.3330000000000002	2.667	0.0
1024	1.0	0.0	0.0	0.0	0.3330000000000002	2.667	0.0
1025	2.0	0.0	1.0	0.0	2.0	4.0	1.0
1026	0.0	0.0	0.0	0.0	0.0	0.0	0.0
1027	0.0	0.0	0.0	0.0	0.0	0.0	0.0
1028	3.0	0.0	0.0	0.0	2.3360000000000003	6.664	0.0
1029	1.0	0.0	0.0	0.0	0.6680000000000001	2.332	0.0
1030	3.0	0.0	0.0	0.0	0.9990000000000006	8.001	0.0
1031	3.0	0.0	1.0	0.0	2.3360000000000003	6.664	1.0
1032	0.0	0.0	0.0	0.0	0.0	0.0	0.0
1033	1.0	0.0	0.0	0.0	0.3330000000000002	2.667	0.0
1034	1.0	0.0	0.0	0.0	0.3330000000000002	2.667	0.0
1035	1.0	0.0	0.0	0.0	0.6680000000000001	2.332	0.0
1036	3.0	0.0	0.0	0.0	3.0	6.0	0.0
1037	1.0	0.0	0.0	0.0	0.3330000000000002	2.667	0.0
1038	3.0	0.0	0.0	0.0	3.0	6.0	0.0
1039	4.0	0.0	1.0	0.0	4.0	8.0	1.0
1040	2.0	0.0	0.0	0.0	2.0	4.0	0.0
1041	2.0	0.0	1.0	0.0	0.6660000000000004	5.334	1.0
1042	1.0	2.0	0.0	0.0	1.6660000000000004	7.334	0.0
1043	3.0	0.0	0.0	0.0	3.0	6.0	0.0
1044	2.0	0.0	0.0	0.0	1.6680000000000001	4.332	0.0
1045	2.0	0.0	0.0	0.0	0.6660000000000004	5.334	0.0
1046	2.0	0.0	0.0	0.0	2.0	4.0	0.0
1047	1.0	1.0	0.0	0.0	0.3330000000000002	2.667	0.0
1048	5.0	0.0	0.0	0.0	5.468	9.532	0.0
1049	1.0	0.0	0.0	0.0	0.3330000000000002	2.667	0.0
1050	2.0	1.0	0.0	0.0	1.6690000000000005	7.3309999999999995	0.0
1051	0.0	0.0	0.0	0.0	0.0	0.0	0.0
1052	2.0	0.0	1.0	0.0	2.0	4.0	1.0
1053	1.0	1.0	1.0	0.0	1.3330000000000002	4.667	1.0
1054	1.0	0.0	0.0	0.0	0.6680000000000001	2.332	0.0
1055	2.0	0.0	0.0	0.0	2.0	4.0	0.0
1056	3.0	1.0	1.0	0.0	4.0	8.0	1.0
1057	2.0	0.0	0.0	0.0	2.0	4.0	0.0
1058	4.0	3.0	0.0	0.0	4.333	10.667	0.0
1059	3.0	1.0	1.0	0.0	1.3320000000000007	10.668	1.0
1060	1.0	4.0	0.0	0.0	2.6660000000000004	9.334	0.0
1061	0.0	0.0	0.0	0.0	0.0	0.0	0.0
1062	1.0	0.0	0.0	0.0	0.3330000000000002	2.667	0.0
1063	2.0	0.0	0.0	0.0	2.0	4.0	0.0
1064	3.0	0.0	0.0	0.0	0.9990000000000006	8.001	0.0
1065	0.0	0.0	0.0	0.0	0.0	0.0	0.0
1066	0.0	0.0	0.0	0.0	0.0	0.0	0.0
1067	0.0	0.0	0.0	0.0	0.0	0.0	0.0
1068	2.0	0.0	1.0	0.0	2.0	4.0	1.0
1069	1.0	0.0	0.0	0.0	1.0	2.0	0.0
1070	1.0	1.0	0.0	0.0	0.6680000000000001	2.332	0.0
1071	3.0	1.0	0.0	0.0	2.0040000000000004	9.995999999999999	0.0
1072	1.0	0.0	0.0	0.0	0.3330000000000002	2.667	0.0
1073	0.0	0.0	0.0	0.0	0.0	0.0	0.0
1074	0.0	0.0	0.0	0.0	0.0	0.0	0.0
1075	2.0	0.0	0.0	0.0	2.0	4.0	0.0
1076	4.0	0.0	1.0	0.0	4.0	8.0	1.0
1077	3.0	0.0	0.0	0.0	2.068	3.932	0.0
1078	0.0	0.0	0.0	0.0	0.0	0.0	0.0
1079	0.0	0.0	0.0	0.0	0.0	0.0	0.0
1080	0.0	2.0	0.0	0.0	0.6680000000000001	2.332	0.0
1081	0.0	0.0	0.0	0.0	0.0	0.0	0.0
1082	2.0	0.0	0.0	0.0	1.6680000000000001	4.332	0.0
1083	1.0	0.0	0.0	0.0	0.3330000000000002	2.667	0.0
1084	0.0	0.0	0.0	0.0	0.0	0.0	0.0
1085	0.0	0.0	0.0	0.0	0.0	0.0	0.0
1086	1.0	0.0	1.0	0.0	1.0	2.0	1.0
1087	2.0	0.0	1.0	0.0	2.0	4.0	1.0
1088	5.0	2.0	1.0	0.0	6.0	12.0	1.0
1089	0.0	0.0	0.0	0.0	0.0	0.0	0.0
1090	2.0	2.0	0.0	0.0	2.4	3.6	0.0
1091	2.0	0.0	0.0	0.0	0.6660000000000004	5.334	0.0
1092	1.0	2.0	0.0	0.0	2.0	4.0	0.0
1093	2.0	0.0	0.0	0.0	1.3360000000000003	4.664	0.0
1094	2.0	1.0	0.0	0.0	3.0	6.0	0.0
1095	1.0	1.0	0.0	0.0	2.0	4.0	0.0
1096	4.0	2.0	0.0	0.0	5.0	10.0	0.0
1097	3.0	0.0	1.0	0.0	3.0	6.0	1.0
1098	3.0	1.0	1.0	0.0	3.0	6.0	1.0
1099	2.0	0.0	0.0	0.0	2.0	4.0	0.0
1100	2.0	1.0	1.0	0.0	1.6660000000000004	7.334	1.0
1101	3.0	2.0	1.0	0.0	3.333	8.667	1.0
1102	3.0	0.0	0.0	0.0	3.0	6.0	0.0
1103	3.0	0.0	1.0	0.0	3.4	5.6	1.0
1104	2.0	1.0	0.0	0.0	3.0	6.0	0.0
1105	4.0	1.0	1.0	0.0	5.0	10.0	1.0
1106	2.0	0.0	0.0	0.0	2.0	4.0	0.0
1107	2.0	4.0	0.0	0.0	5.4	9.6	0.0
1108	2.0	1.0	1.0	0.0	3.0	6.0	1.0
1109	2.0	1.0	0.0	0.0	1.3330000000000002	4.667	0.0
1110	3.0	2.0	0.0	0.0	2.333	9.667	0.0
1111	0.0	1.0	0.0	0.0	0.3330000000000002	2.667	0.0
1112	4.0	2.0	1.0	0.0	3.333	8.667	1.0
1113	2.0	2.0	0.0	0.0	0.9990000000000006	8.001	0.0
1114	1.0	2.0	0.0	0.0	0.9990000000000006	8.001	0.0
1115	0.0	3.0	0.0	0.0	1.6660000000000004	7.334	0.0
1116	3.0	0.0	0.0	0.0	3.0	6.0	0.0
1117	0.0	0.0	0.0	0.0	0.0	0.0	0.0
1118	1.0	0.0	0.0	0.0	1.4	1.6	0.0
1119	0.0	0.0	0.0	0.0	0.0	0.0	0.0
1120	1.0	0.0	1.0	0.0	0.6680000000000001	2.332	1.0
1121	3.0	1.0	0.0	0.0	2.3360000000000003	6.664	0.0
1122	2.0	0.0	0.0	0.0	2.0	4.0	0.0
1123	3.0	0.0	0.0	0.0	3.0	6.0	0.0
1124	4.0	0.0	1.0	0.0	4.0	8.0	1.0
1125	3.0	0.0	1.0	0.0	3.0	6.0	1.0
1126	3.0	0.0	0.0	0.0	3.0	6.0	0.0
1127	2.0	0.0	0.0	0.0	0.6660000000000004	5.334	0.0
1128	1.0	0.0	0.0	0.0	0.6680000000000001	2.332	0.0
1129	4.0	2.0	1.0	0.0	5.333	12.667	1.0
1130	0.0	0.0	0.0	0.0	0.0	0.0	0.0
1131	0.0	0.0	0.0	0.0	0.0	0.0	0.0
1132	3.0	2.0	0.0	0.0	4.336	10.664000000000001	0.0
1133	3.0	0.0	0.0	0.0	3.0	6.0	0.0
1134	2.0	0.0	0.0	0.0	0.6660000000000004	5.334	0.0
1135	3.0	0.0	1.0	0.0	3.0	6.0	1.0
1136	3.0	0.0	1.0	0.0	3.0	6.0	1.0
1137	3.0	0.0	0.0	0.0	0.9990000000000006	8.001	0.0
1138	0.0	1.0	0.0	0.0	0.3330000000000002	2.667	0.0
1139	1.0	1.0	0.0	0.0	1.0	2.0	0.0
1140	2.0	0.0	1.0	0.0	2.0	4.0	1.0
1141	3.0	1.0	1.0	0.0	4.0	8.0	1.0
1142	2.0	3.0	0.0	0.0	3.068	5.932	0.0
1143	3.0	2.0	0.0	0.0	2.333	6.667	0.0
1144	1.0	3.0	0.0	0.0	1.3330000000000002	4.667	0.0
1145	1.0	2.0	0.0	0.0	1.3330000000000002	4.667	0.0
1146	2.0	4.0	0.0	0.0	3.333	8.667	0.0
1147	1.0	4.0	0.0	0.0	2.333	6.667	0.0
1148	3.0	5.0	0.0	0.0	3.9990000000000006	14.001	0.0
1149	1.0	4.0	0.0	0.0	2.4010000000000002	6.599	0.0
1150	3.0	3.0	1.0	0.0	4.333	10.667	1.0
1151	1.0	5.0	0.0	0.0	5.333	12.667	0.0
1152	0.0	6.0	0.0	0.0	3.733	8.267	0.0
1153	2.0	7.0	0.0	0.0	2.6660000000000004	9.334	0.0
1154	3.0	6.0	1.0	0.0	5.7330000000000005	12.267	1.0
1155	2.0	4.0	0.0	0.0	2.0	4.0	0.0
1156	1.0	2.0	0.0	0.0	0.3330000000000002	2.667	0.0
1157	1.0	3.0	0.0	0.0	3.333	8.667	0.0
1158	1.0	0.0	0.0	0.0	1.0	2.0	0.0
1159	1.0	1.0	0.0	0.0	1.3330000000000002	4.667	0.0
1160	0.0	0.0	0.0	0.0	0.0	0.0	0.0
1161	2.0	2.0	0.0	0.0	3.0	6.0	0.0
1162	2.0	3.0	0.0	0.0	3.333	8.667	0.0
1163	3.0	3.0	0.0	0.0	4.333	10.667	0.0
1164	3.0	3.0	0.0	0.0	5.4	9.6	0.0
1165	3.0	3.0	0.0	0.0	4.0	8.0	0.0
1166	3.0	4.0	0.0	1.0	6.0	12.0	1.0
1167	2.0	4.0	0.0	1.0	6.0	12.0	1.0
1168	3.0	4.0	1.0	0.0	3.6660000000000004	11.334	1.0
1169	3.0	1.0	0.0	0.0	3.0	6.0	0.0
1170	4.0	2.0	1.0	0.0	6.0	12.0	1.0
1171	1.0	2.0	0.0	0.0	3.0	6.0	0.0
1172	2.0	1.0	0.0	0.0	2.0010000000000003	6.999	0.0
1173	4.0	7.0	1.0	0.0	5.666	15.334	1.0
1174	3.0	4.0	0.0	0.0	3.6660000000000004	11.334	0.0
1175	1.0	2.0	0.0	0.0	2.0	4.0	0.0
1176	1.0	1.0	0.0	0.0	0.6660000000000004	5.334	0.0
1177	2.0	0.0	0.0	0.0	0.6660000000000004	5.334	0.0
1178	2.0	2.0	0.0	0.0	4.0	8.0	0.0
1179	3.0	0.0	0.0	0.0	3.0	6.0	0.0
1180	2.0	2.0	0.0	0.0	3.333	8.667	0.0
1181	1.0	0.0	0.0	0.0	1.0	2.0	0.0
1182	2.0	0.0	1.0	0.0	0.6660000000000004	5.334	1.0
1183	1.0	0.0	0.0	0.0	0.3330000000000002	2.667	0.0
1184	1.0	1.0	0.0	1.0	1.6680000000000001	4.332	1.0
1185	1.0	0.0	1.0	0.0	0.3330000000000002	2.667	1.0
1186	2.0	0.0	0.0	0.0	0.6660000000000004	5.334	0.0
1187	3.0	0.0	0.0	0.0	3.0	6.0	0.0
1188	2.0	0.0	0.0	0.0	2.0	4.0	0.0
1189	0.0	0.0	0.0	0.0	0.0	0.0	0.0
1190	0.0	0.0	0.0	0.0	0.0	0.0	0.0
1191	4.0	0.0	1.0	0.0	4.0	8.0	1.0
1192	4.0	0.0	1.0	0.0	4.0	8.0	1.0
1193	3.0	0.0	0.0	0.0	3.0	6.0	0.0
1194	0.0	0.0	0.0	0.0	0.0	0.0	0.0
1195	3.0	0.0	1.0	0.0	2.736	6.263999999999999	1.0
1196	2.0	0.0	0.0	0.0	0.6660000000000004	5.334	0.0
1197	3.0	0.0	0.0	0.0	3.0	6.0	0.0
1198	3.0	0.0	1.0	0.0	0.9990000000000006	8.001	1.0
1199	4.0	2.0	1.0	0.0	5.0	10.0	1.0
1200	3.0	0.0	0.0	0.0	3.0	6.0	0.0
1201	1.0	0.0	0.0	0.0	0.3330000000000002	2.667	0.0
1202	3.0	0.0	0.0	0.0	3.4	5.6	0.0
1203	2.0	3.0	1.0	0.0	4.001	10.998999999999999	1.0
1204	0.0	4.0	0.0	0.0	1.9990000000000006	10.001	0.0
1205	2.0	0.0	1.0	0.0	1.3360000000000003	4.664	1.0
1206	3.0	0.0	0.0	0.0	3.0	6.0	0.0
1207	0.0	2.0	0.0	0.0	0.6660000000000004	5.334	0.0
1208	0.0	3.0	0.0	0.0	3.468	5.532	0.0
1209	1.0	5.0	0.0	0.0	4.333	10.667	0.0
1210	2.0	3.0	0.0	0.0	1.3320000000000007	10.668	0.0
1211	1.0	4.0	0.0	0.0	3.733	8.267	0.0
1212	1.0	1.0	0.0	0.0	1.3330000000000002	4.667	0.0
1213	3.0	1.0	1.0	0.0	4.0	8.0	1.0
1214	2.0	0.0	0.0	0.0	0.6660000000000004	5.334	0.0
1215	1.0	0.0	0.0	0.0	1.0	2.0	0.0
1216	2.0	0.0	0.0	0.0	2.0	4.0	0.0
1217	3.0	1.0	0.0	0.0	1.3320000000000007	10.668	0.0
1218	3.0	0.0	0.0	0.0	3.0	6.0	0.0
1219	0.0	0.0	0.0	0.0	0.0	0.0	0.0
1220	0.0	0.0	0.0	0.0	0.0	0.0	0.0
1221	2.0	0.0	0.0	0.0	0.6660000000000004	5.334	0.0
1222	3.0	1.0	0.0	0.0	3.333	8.667	0.0
1223	0.0	3.0	0.0	0.0	0.9990000000000006	8.001	0.0
1224	1.0	0.0	0.0	0.0	0.3330000000000002	2.667	0.0
1225	1.0	0.0	0.0	0.0	0.3330000000000002	2.667	0.0
1226	0.0	1.0	0.0	0.0	0.3330000000000002	2.667	0.0
1227	1.0	1.0	0.0	0.0	0.6660000000000004	5.334	0.0
1228	0.0	1.0	0.0	0.0	0.0	3.0	0.0
1229	0.0	2.0	0.0	0.0	1.3360000000000003	4.664	0.0
1230	1.0	0.0	0.0	0.0	0.3330000000000002	2.667	0.0
1231	1.0	0.0	0.0	0.0	0.3330000000000002	2.667	0.0
1232	2.0	1.0	0.0	0.0	0.9990000000000006	8.001	0.0
1233	2.0	2.0	0.0	0.0	1.6660000000000004	7.334	0.0
1234	0.0	0.0	0.0	0.0	0.0	0.0	0.0
