pos	Sd	Nd	Sd_tip	Nd_tip	S	N	comparisons
001	0.0	0.0	0.0	0.0	0.0	0.0	0.0
002	2.0	0.0	2.0	0.0	1.3360000000000003	4.664	2.0
003	0.0	0.0	0.0	0.0	0.0	0.0	0.0
004	1.0	0.0	1.0	0.0	0.6680000000000001	2.332	1.0
005	0.0	0.0	0.0	0.0	0.0	0.0	0.0
006	4.0	0.0	4.0	0.0	4.0	8.0	4.0
007	0.0	0.0	0.0	0.0	0.0	0.0	0.0
008	2.0	0.0	2.0	0.0	0.6660000000000004	5.334	2.0
009	2.0	0.0	2.0	0.0	0.6660000000000004	5.334	2.0
010	0.0	0.0	0.0	0.0	0.0	0.0	0.0
011	0.0	0.0	0.0	0.0	0.0	0.0	0.0
012	1.0	0.0	1.0	0.0	0.3330000000000002	2.667	1.0
013	1.0	0.0	1.0	0.0	0.3330000000000002	2.667	1.0
014	0.0	0.0	0.0	0.0	0.0	0.0	0.0
015	2.0	0.0	1.0	0.0	0.6660000000000004	5.334	1.0
016	0.0	0.0	0.0	0.0	0.0	0.0	0.0
017	0.0	0.0	0.0	0.0	0.0	0.0	0.0
018	1.0	1.0	1.0	1.0	0.6660000000000004	5.334	2.0
019	0.0	0.0	0.0	0.0	0.0	0.0	0.0
020	0.0	0.0	0.0	0.0	0.0	0.0	0.0
021	2.0	1.0	2.0	1.0	3.0	6.0	3.0
022	3.0	0.0	2.0	0.0	3.0	6.0	2.0
023	2.0	0.0	2.0	0.0	2.0	4.0	2.0
024	3.0	0.0	1.0	0.0	3.0	6.0	1.0
025	0.0	0.0	0.0	0.0	0.0	0.0	0.0
026	0.0	0.0	0.0	0.0	0.0	0.0	0.0
027	0.0	0.0	0.0	0.0	0.0	0.0	0.0
028	0.0	0.0	0.0	0.0	0.0	0.0	0.0
029	0.0	0.0	0.0	0.0	0.0	0.0	0.0
030	0.0	0.0	0.0	0.0	0.0	0.0	0.0
031	4.0	0.0	3.0	0.0	4.0	8.0	3.0
032	1.0	0.0	1.0	0.0	1.0	2.0	1.0
033	2.0	0.0	1.0	0.0	0.6660000000000004	5.334	1.0
034	3.0	0.0	2.0	0.0	3.8	5.2	2.0
035	3.0	0.0	2.0	0.0	3.0	6.0	2.0
036	1.0	0.0	1.0	0.0	1.0	2.0	1.0
037	2.0	0.0	2.0	0.0	0.6660000000000004	5.334	2.0
038	2.0	0.0	2.0	0.0	0.6660000000000004	5.334	2.0
039	1.0	0.0	1.0	0.0	0.3330000000000002	2.667	1.0
040	2.0	0.0	1.0	0.0	2.8	3.2	1.0
041	1.0	0.0	1.0	0.0	1.0	2.0	1.0
042	2.0	0.0	1.0	0.0	0.6660000000000004	5.334	1.0
043	3.0	0.0	2.0	0.0	3.4	5.6	2.0
044	2.0	0.0	2.0	0.0	2.0	4.0	2.0
045	2.0	0.0	0.0	0.0	2.4	3.6	0.0
046	1.0	0.0	1.0	0.0	1.0	2.0	1.0
047	2.0	2.0	2.0	2.0	2.333	6.667	3.0
048	3.0	0.0	2.0	0.0	3.0	6.0	2.0
049	0.0	0.0	0.0	0.0	0.0	0.0	0.0
050	0.0	0.0	0.0	0.0	0.0	0.0	0.0
051	3.0	0.0	2.0	0.0	3.0	6.0	2.0
052	4.0	1.0	4.0	1.0	1.665000000000001	13.334999999999999	5.0
053	3.0	0.0	3.0	0.0	0.9990000000000006	8.001	3.0
054	3.0	0.0	2.0	0.0	3.0	6.0	2.0
055	4.0	0.0	3.0	0.0	1.3320000000000007	10.668	3.0
056	2.0	0.0	2.0	0.0	2.0	4.0	2.0
057	1.0	0.0	1.0	0.0	0.3330000000000002	2.667	1.0
058	0.0	0.0	0.0	0.0	0.0	0.0	0.0
059	4.0	0.0	4.0	0.0	2.6720000000000006	9.328	4.0
060	3.0	0.0	2.0	0.0	3.4	5.6	2.0
061	0.0	0.0	0.0	0.0	0.0	0.0	0.0
062	2.0	0.0	1.0	0.0	0.6660000000000004	5.334	1.0
063	1.0	0.0	1.0	0.0	1.0	2.0	1.0
064	4.0	0.0	3.0	0.0	3.736	8.264	3.0
065	3.0	0.0	2.0	0.0	3.0	6.0	2.0
066	0.0	0.0	0.0	0.0	0.0	0.0	0.0
067	0.0	0.0	0.0	0.0	0.0	0.0	0.0
068	1.0	0.0	1.0	0.0	1.0	2.0	1.0
069	0.0	0.0	0.0	0.0	0.0	0.0	0.0
070	1.0	0.0	1.0	0.0	0.3330000000000002	2.667	1.0
071	1.0	0.0	1.0	0.0	1.0	2.0	1.0
072	0.0	0.0	0.0	0.0	0.0	0.0	0.0
073	0.0	0.0	0.0	0.0	0.0	0.0	0.0
074	3.0	0.0	2.0	0.0	3.0	6.0	2.0
075	1.0	1.0	1.0	1.0	1.0	2.0	1.0
076	3.0	0.0	3.0	0.0	3.0	6.0	3.0
077	3.0	2.0	2.0	2.0	4.0	8.0	3.0
078	1.0	0.0	1.0	0.0	0.3330000000000002	2.667	1.0
079	4.0	1.0	2.0	1.0	4.333	10.667	3.0
080	3.0	0.0	2.0	0.0	0.9990000000000006	8.001	2.0
081	2.0	1.0	1.0	1.0	2.333	6.667	2.0
082	0.0	0.0	0.0	0.0	0.0	0.0	0.0
083	0.0	0.0	0.0	0.0	0.0	0.0	0.0
084	0.0	0.0	0.0	0.0	0.0	0.0	0.0
085	0.0	0.0	0.0	0.0	0.0	0.0	0.0
086	2.0	0.0	1.0	0.0	0.6660000000000004	5.334	1.0
087	1.0	0.0	1.0	0.0	0.3330000000000002	2.667	1.0
088	0.0	0.0	0.0	0.0	0.0	0.0	0.0
089	2.0	0.0	2.0	0.0	2.0	4.0	2.0
090	1.0	0.0	1.0	0.0	0.3330000000000002	2.667	1.0
091	0.0	1.0	0.0	1.0	0.3330000000000002	2.667	1.0
092	1.0	0.0	1.0	0.0	1.0	2.0	1.0
093	1.0	0.0	1.0	0.0	1.0	2.0	1.0
094	2.0	0.0	2.0	0.0	0.6660000000000004	5.334	2.0
095	2.0	0.0	2.0	0.0	2.0	4.0	2.0
096	2.0	0.0	1.0	0.0	1.6680000000000001	4.332	1.0
097	2.0	0.0	2.0	0.0	0.6660000000000004	5.334	2.0
098	0.0	0.0	0.0	0.0	0.0	0.0	0.0
099	1.0	0.0	1.0	0.0	0.3330000000000002	2.667	1.0
100	1.0	0.0	1.0	0.0	0.3330000000000002	2.667	1.0
101	2.0	0.0	2.0	0.0	1.3360000000000003	4.664	2.0
102	1.0	0.0	1.0	0.0	0.3330000000000002	2.667	1.0
103	0.0	0.0	0.0	0.0	0.0	0.0	0.0
104	3.0	0.0	2.0	0.0	3.0	6.0	2.0
105	0.0	0.0	0.0	0.0	0.0	0.0	0.0
106	3.0	0.0	2.0	0.0	2.0040000000000004	6.9959999999999996	2.0
107	2.0	0.0	2.0	0.0	0.6660000000000004	5.334	2.0
108	1.0	0.0	1.0	0.0	1.4	1.6	1.0
109	0.0	0.0	0.0	0.0	0.0	0.0	0.0
110	0.0	0.0	0.0	0.0	0.0	0.0	0.0
111	0.0	0.0	0.0	0.0	0.0	0.0	0.0
112	2.0	0.0	1.0	0.0	2.0	4.0	1.0
113	0.0	0.0	0.0	0.0	0.0	0.0	0.0
114	4.0	0.0	3.0	0.0	4.068	7.932	3.0
115	2.0	0.0	2.0	0.0	0.6660000000000004	5.334	2.0
116	3.0	0.0	3.0	0.0	2.0040000000000004	6.9959999999999996	3.0
117	1.0	0.0	1.0	0.0	1.0	2.0	1.0
118	1.0	0.0	1.0	0.0	1.0	2.0	1.0
119	0.0	0.0	0.0	0.0	0.0	0.0	0.0
120	0.0	0.0	0.0	0.0	0.0	0.0	0.0
121	0.0	0.0	0.0	0.0	0.0	0.0	0.0
122	0.0	0.0	0.0	0.0	0.0	0.0	0.0
123	2.0	0.0	0.0	0.0	2.0	4.0	0.0
124	2.0	0.0	2.0	0.0	2.0	4.0	2.0
125	4.0	0.0	3.0	0.0	3.668	8.332	3.0
126	0.0	0.0	0.0	0.0	0.0	0.0	0.0
127	3.0	0.0	3.0	0.0	1.6680000000000001	4.332	2.0
128	2.0	0.0	1.0	0.0	0.6660000000000004	5.334	1.0
129	2.0	0.0	1.0	0.0	2.0	4.0	1.0
130	1.0	0.0	1.0	0.0	1.0	2.0	1.0
131	2.0	0.0	2.0	0.0	1.3360000000000003	4.664	2.0
132	1.0	0.0	1.0	0.0	1.0	2.0	1.0
133	2.0	0.0	2.0	0.0	2.0	4.0	2.0
134	3.0	0.0	2.0	0.0	3.8	5.2	2.0
135	0.0	0.0	0.0	0.0	0.0	0.0	0.0
136	1.0	0.0	1.0	0.0	0.3330000000000002	2.667	1.0
137	4.0	0.0	2.0	0.0	4.0	8.0	2.0
138	1.0	0.0	1.0	0.0	0.3330000000000002	2.667	1.0
139	0.0	0.0	0.0	0.0	0.0	0.0	0.0
140	2.0	0.0	2.0	0.0	0.6660000000000004	5.334	2.0
141	2.0	0.0	2.0	0.0	2.0	4.0	2.0
142	1.0	0.0	0.0	0.0	0.3330000000000002	2.667	0.0
143	2.0	0.0	2.0	0.0	2.0	4.0	2.0
144	1.0	0.0	1.0	0.0	1.0	2.0	1.0
145	1.0	0.0	1.0	0.0	0.3330000000000002	2.667	1.0
146	4.0	0.0	3.0	0.0	4.0	8.0	3.0
147	2.0	0.0	2.0	0.0	2.0	4.0	2.0
148	0.0	0.0	0.0	0.0	0.0	0.0	0.0
149	1.0	0.0	1.0	0.0	0.3330000000000002	2.667	1.0
150	1.0	0.0	0.0	0.0	0.3330000000000002	2.667	0.0
151	2.0	0.0	1.0	0.0	2.0	4.0	1.0
152	4.0	0.0	4.0	0.0	4.0	8.0	4.0
153	2.0	0.0	1.0	0.0	0.6660000000000004	5.334	1.0
154	1.0	0.0	1.0	0.0	0.3330000000000002	2.667	1.0
155	2.0	0.0	2.0	0.0	2.0	4.0	2.0
156	4.0	0.0	2.0	0.0	3.3360000000000003	8.664	2.0
157	3.0	1.0	3.0	1.0	2.4	3.6	2.0
158	0.0	0.0	0.0	0.0	0.0	0.0	0.0
159	2.0	0.0	1.0	0.0	2.0	4.0	1.0
160	0.0	1.0	0.0	1.0	0.3330000000000002	2.667	1.0
161	3.0	0.0	2.0	0.0	3.0	6.0	2.0
162	0.0	0.0	0.0	0.0	0.0	0.0	0.0
163	0.0	0.0	0.0	0.0	0.0	0.0	0.0
164	2.0	0.0	1.0	0.0	2.0	4.0	1.0
165	1.0	0.0	1.0	0.0	0.3330000000000002	2.667	1.0
166	3.0	0.0	2.0	0.0	3.0	6.0	2.0
167	1.0	0.0	1.0	0.0	1.0	2.0	1.0
168	1.0	1.0	1.0	1.0	2.0	4.0	2.0
169	1.0	2.0	1.0	2.0	2.0	4.0	2.0
170	0.0	0.0	0.0	0.0	0.0	0.0	0.0
171	2.0	0.0	1.0	0.0	2.0	4.0	1.0
172	3.0	0.0	2.0	0.0	3.0	6.0	2.0
173	2.0	0.0	2.0	0.0	2.0	4.0	2.0
174	1.0	1.0	1.0	0.0	2.0	4.0	1.0
175	4.0	0.0	3.0	0.0	4.0	8.0	3.0
176	1.0	0.0	1.0	0.0	0.3330000000000002	2.667	1.0
177	3.0	0.0	3.0	0.0	3.0	6.0	3.0
178	1.0	4.0	1.0	2.0	2.0010000000000003	6.999	1.0
179	1.0	3.0	1.0	3.0	2.4	3.6	2.0
180	3.0	0.0	3.0	0.0	0.9990000000000006	8.001	3.0
181	2.0	0.0	1.0	0.0	0.6660000000000004	5.334	1.0
182	3.0	0.0	2.0	0.0	3.0	6.0	2.0
183	2.0	0.0	1.0	0.0	2.0	4.0	1.0
184	2.0	0.0	2.0	0.0	1.6680000000000001	4.332	2.0
185	1.0	0.0	1.0	0.0	0.3330000000000002	2.667	1.0
186	0.0	0.0	0.0	0.0	0.0	0.0	0.0
