all_syn	all_nonSyn	tip_syn	tip_nonSyn	S	N	comparisons
001	0.0	0.0	0.0	0.0	0.0	0.0	0.0
002	0.0	0.0	0.0	0.0	0.0	0.0	0.0
003	0.0	0.0	0.0	0.0	0.0	0.0	0.0
004	0.0	0.0	0.0	0.0	0.0	0.0	0.0
005	0.0	0.0	0.0	0.0	0.0	0.0	0.0
006	0.0	0.0	0.0	0.0	0.0	0.0	0.0
007	0.0	0.0	0.0	0.0	0.0	0.0	0.0
008	0.0	0.0	0.0	0.0	0.0	0.0	0.0
009	0.0	0.0	0.0	0.0	0.0	0.0	0.0
010	0.0	0.0	0.0	0.0	0.0	0.0	0.0
011	0.0	0.0	0.0	0.0	0.0	0.0	0.0
012	0.0	0.0	0.0	0.0	0.0	0.0	0.0
013	0.0	0.0	0.0	0.0	0.0	0.0	0.0
014	0.0	0.0	0.0	0.0	0.0	0.0	0.0
015	0.0	0.0	0.0	0.0	0.0	0.0	0.0
016	0.0	0.0	0.0	0.0	0.0	0.0	0.0
017	0.0	0.0	0.0	0.0	0.0	0.0	0.0
018	0.0	0.0	0.0	0.0	0.0	0.0	0.0
019	0.0	0.0	0.0	0.0	0.0	0.0	0.0
020	0.0	0.0	0.0	0.0	0.0	0.0	0.0
021	0.0	0.0	0.0	0.0	0.0	0.0	0.0
022	0.0	0.0	0.0	0.0	0.0	0.0	0.0
023	0.0	0.0	0.0	0.0	0.0	0.0	0.0
024	0.0	0.0	0.0	0.0	0.0	0.0	0.0
025	0.0	0.0	0.0	0.0	0.0	0.0	0.0
026	0.0	0.0	0.0	0.0	0.0	0.0	0.0
027	0.0	0.0	0.0	0.0	0.0	0.0	0.0
028	0.0	0.0	0.0	0.0	0.0	0.0	0.0
029	0.0	0.0	0.0	0.0	0.0	0.0	0.0
030	0.0	0.0	0.0	0.0	0.0	0.0	0.0
031	0.0	0.0	0.0	0.0	0.0	0.0	0.0
032	0.0	0.0	0.0	0.0	0.0	0.0	0.0
033	0.0	0.0	0.0	0.0	0.0	0.0	0.0
034	0.0	0.0	0.0	0.0	0.0	0.0	0.0
035	0.0	0.0	0.0	0.0	0.0	0.0	0.0
036	0.0	0.0	0.0	0.0	0.0	0.0	0.0
037	0.0	0.0	0.0	0.0	0.0	0.0	0.0
038	0.0	0.0	0.0	0.0	0.0	0.0	0.0
039	0.0	0.0	0.0	0.0	0.0	0.0	0.0
040	0.0	0.0	0.0	0.0	0.0	0.0	0.0
041	0.0	0.0	0.0	0.0	0.0	0.0	0.0
042	0.0	0.0	0.0	0.0	0.0	0.0	0.0
043	0.0	0.0	0.0	0.0	0.0	0.0	0.0
044	0.0	0.0	0.0	0.0	0.0	0.0	0.0
045	0.0	0.0	0.0	0.0	0.0	0.0	0.0
046	0.0	0.0	0.0	0.0	0.0	0.0	0.0
047	0.0	0.0	0.0	0.0	0.0	0.0	0.0
048	0.0	0.0	0.0	0.0	0.0	0.0	0.0
049	0.0	0.0	0.0	0.0	0.0	0.0	0.0
050	0.0	0.0	0.0	0.0	0.0	0.0	0.0
051	0.0	0.0	0.0	0.0	0.0	0.0	0.0
052	0.0	0.0	0.0	0.0	0.0	0.0	0.0
053	0.0	0.0	0.0	0.0	0.0	0.0	0.0
054	0.0	0.0	0.0	0.0	0.0	0.0	0.0
055	0.0	0.0	0.0	0.0	0.0	0.0	0.0
056	0.0	1.0	0.0	0.0	1.0	2.0	0.0
057	0.0	0.0	0.0	0.0	0.0	0.0	0.0
058	0.0	0.0	0.0	0.0	0.0	0.0	0.0
059	0.0	0.0	0.0	0.0	0.0	0.0	0.0
060	0.0	0.0	0.0	0.0	0.0	0.0	0.0
061	0.0	0.0	0.0	0.0	0.0	0.0	0.0
062	0.0	0.0	0.0	0.0	0.0	0.0	0.0
063	0.0	0.0	0.0	0.0	0.0	0.0	0.0
064	0.0	0.0	0.0	0.0	0.0	0.0	0.0
065	0.0	0.0	0.0	0.0	0.0	0.0	0.0
066	0.0	0.0	0.0	0.0	0.0	0.0	0.0
067	0.0	0.0	0.0	0.0	0.0	0.0	0.0
068	0.0	0.0	0.0	0.0	0.0	0.0	0.0
069	0.0	0.0	0.0	0.0	0.0	0.0	0.0
070	0.0	0.0	0.0	0.0	0.0	0.0	0.0
071	0.0	0.0	0.0	0.0	0.0	0.0	0.0
072	0.0	0.0	0.0	0.0	0.0	0.0	0.0
073	0.0	0.0	0.0	0.0	0.0	0.0	0.0
074	0.0	0.0	0.0	0.0	0.0	0.0	0.0
075	0.0	0.0	0.0	0.0	0.0	0.0	0.0
076	1.0	0.0	1.0	0.0	1.0	2.0	1.0
077	2.0	0.0	2.0	0.0	0.6680000000000001	2.332	1.0
078	0.0	0.0	0.0	0.0	0.0	0.0	0.0
079	0.0	0.0	0.0	0.0	0.0	0.0	0.0
080	1.0	0.0	1.0	0.0	1.0	2.0	1.0
081	2.0	1.0	1.0	1.0	1.0010000000000003	4.999	1.0
082	1.0	0.0	1.0	0.0	1.0	2.0	1.0
083	0.0	0.0	0.0	0.0	0.0	0.0	0.0
084	1.0	0.0	1.0	0.0	0.3330000000000002	2.667	1.0
085	2.0	0.0	1.0	0.0	2.068	3.932	1.0
086	0.0	0.0	0.0	0.0	0.0	0.0	0.0
087	1.0	0.0	1.0	0.0	0.3330000000000002	2.667	1.0
088	1.0	0.0	0.0	0.0	0.3330000000000002	2.667	0.0
089	1.0	1.0	1.0	1.0	1.0	2.0	1.0
090	1.0	2.0	1.0	2.0	0.3330000000000002	2.667	1.0
091	0.0	2.0	0.0	2.0	1.3330000000000002	4.667	2.0
092	1.0	2.0	1.0	2.0	0.3330000000000002	2.667	1.0
093	1.0	1.0	1.0	1.0	1.3330000000000002	4.667	2.0
094	0.0	1.0	0.0	1.0	0.6680000000000001	2.332	1.0
095	1.0	0.0	1.0	0.0	1.0	2.0	1.0
096	1.0	1.0	1.0	0.0	2.0	4.0	1.0
097	0.0	0.0	0.0	0.0	0.0	0.0	0.0
098	0.0	0.0	0.0	0.0	0.0	0.0	0.0
099	1.0	0.0	1.0	0.0	0.6680000000000001	2.332	1.0
100	2.0	0.0	2.0	0.0	1.4	1.6	1.0
101	1.0	0.0	1.0	0.0	1.0	2.0	1.0
102	1.0	1.0	1.0	1.0	0.6660000000000004	5.334	2.0
103	1.0	0.0	1.0	0.0	1.0	2.0	1.0
104	0.0	0.0	0.0	0.0	0.0	0.0	0.0
105	1.0	1.0	1.0	1.0	1.0	2.0	1.0
106	1.0	0.0	1.0	0.0	0.3330000000000002	2.667	1.0
107	1.0	0.0	1.0	0.0	1.0	2.0	1.0
108	0.0	1.0	0.0	1.0	1.0	2.0	1.0
109	1.0	1.0	1.0	1.0	1.0	2.0	1.0
110	0.0	0.0	0.0	0.0	0.0	0.0	0.0
111	1.0	1.0	0.0	0.0	0.3330000000000002	2.667	0.0
112	0.0	1.0	0.0	1.0	0.3330000000000002	2.667	1.0
113	0.0	1.0	0.0	1.0	0.3330000000000002	2.667	1.0
114	0.0	0.0	0.0	0.0	0.0	0.0	0.0
115	0.0	1.0	0.0	1.0	0.3330000000000002	2.667	1.0
116	1.0	0.0	1.0	0.0	0.3330000000000002	2.667	1.0
117	1.0	2.0	1.0	2.0	1.3330000000000002	4.667	2.0
118	0.0	0.0	0.0	0.0	0.0	0.0	0.0
119	1.0	2.0	1.0	1.0	1.3330000000000002	4.667	1.0
120	1.0	0.0	1.0	0.0	0.6680000000000001	2.332	1.0
121	1.0	0.0	1.0	0.0	1.0	2.0	1.0
122	1.0	0.0	1.0	0.0	0.3330000000000002	2.667	1.0
123	0.0	0.0	0.0	0.0	0.0	0.0	0.0
124	0.0	1.0	0.0	1.0	0.3330000000000002	2.667	1.0
125	0.0	0.0	0.0	0.0	0.0	0.0	0.0
126	1.0	1.0	1.0	1.0	1.3330000000000002	4.667	2.0
127	0.0	0.0	0.0	0.0	0.0	0.0	0.0
128	0.0	1.0	0.0	1.0	0.3330000000000002	2.667	1.0
129	1.0	0.0	1.0	0.0	0.3330000000000002	2.667	1.0
130	1.0	0.0	1.0	0.0	0.6680000000000001	2.332	1.0
131	1.0	1.0	1.0	1.0	1.0	2.0	1.0
132	0.0	0.0	0.0	0.0	0.0	0.0	0.0
133	1.0	0.0	1.0	0.0	1.0	2.0	1.0
134	1.0	0.0	1.0	0.0	0.3330000000000002	2.667	1.0
135	2.0	1.0	2.0	1.0	0.6680000000000001	2.332	1.0
136	0.0	0.0	0.0	0.0	0.0	0.0	0.0
137	1.0	0.0	1.0	0.0	1.0	2.0	1.0
138	2.0	1.0	1.0	1.0	3.4	5.6	2.0
139	0.0	1.0	0.0	0.0	0.3330000000000002	2.667	0.0
140	1.0	0.0	1.0	0.0	0.3330000000000002	2.667	1.0
141	1.0	0.0	1.0	0.0	1.0	2.0	1.0
142	0.0	0.0	0.0	0.0	0.0	0.0	0.0
143	1.0	2.0	1.0	2.0	1.0	2.0	1.0
144	0.0	1.0	0.0	1.0	0.3330000000000002	2.667	1.0
145	1.0	0.0	1.0	0.0	1.0	2.0	1.0
146	0.0	0.0	0.0	0.0	0.0	0.0	0.0
147	1.0	0.0	1.0	0.0	1.0	2.0	1.0
148	0.0	0.0	0.0	0.0	0.0	0.0	0.0
149	0.0	0.0	0.0	0.0	0.0	0.0	0.0
150	1.0	0.0	1.0	0.0	0.3330000000000002	2.667	1.0
151	0.0	0.0	0.0	0.0	0.0	0.0	0.0
152	1.0	0.0	1.0	0.0	0.6680000000000001	2.332	1.0
153	0.0	1.0	0.0	1.0	0.3330000000000002	2.667	1.0
154	0.0	0.0	0.0	0.0	0.0	0.0	0.0
155	1.0	2.0	1.0	2.0	1.0	2.0	1.0
156	1.0	0.0	1.0	0.0	0.3330000000000002	2.667	1.0
157	0.0	0.0	0.0	0.0	0.0	0.0	0.0
158	1.0	0.0	1.0	0.0	1.0	2.0	1.0
159	0.0	0.0	0.0	0.0	0.0	0.0	0.0
160	1.0	0.0	1.0	0.0	1.4	1.6	1.0
161	1.0	0.0	1.0	0.0	1.0	2.0	1.0
162	1.0	0.0	0.0	0.0	0.3330000000000002	2.667	0.0
163	1.0	1.0	1.0	1.0	1.0	2.0	1.0
164	0.0	0.0	0.0	0.0	0.0	0.0	0.0
165	0.0	0.0	0.0	0.0	0.0	0.0	0.0
166	0.0	0.0	0.0	0.0	0.0	0.0	0.0
167	0.0	0.0	0.0	0.0	0.0	0.0	0.0
168	0.0	0.0	0.0	0.0	0.0	0.0	0.0
169	0.0	3.0	0.0	3.0	1.3330000000000002	4.667	2.0
170	0.0	0.0	0.0	0.0	0.0	0.0	0.0
171	1.0	0.0	1.0	0.0	0.3330000000000002	2.667	1.0
172	1.0	2.0	1.0	2.0	0.3330000000000002	2.667	1.0
173	0.0	3.0	0.0	2.0	0.6660000000000004	5.334	1.0
174	1.0	0.0	1.0	0.0	1.0	2.0	1.0
175	1.0	1.0	1.0	1.0	1.0	2.0	1.0
176	1.0	1.0	1.0	1.0	1.0	2.0	1.0
177	1.0	0.0	1.0	0.0	0.3330000000000002	2.667	1.0
178	1.0	0.0	1.0	0.0	0.3330000000000002	2.667	1.0
179	0.0	0.0	0.0	0.0	0.0	0.0	0.0
180	0.0	1.0	0.0	1.0	1.0	2.0	1.0
181	0.0	1.0	0.0	1.0	1.0	2.0	1.0
182	1.0	2.0	1.0	1.0	3.0	6.0	2.0
183	1.0	0.0	1.0	0.0	0.3330000000000002	2.667	1.0
184	0.0	0.0	0.0	0.0	0.0	0.0	0.0
185	1.0	2.0	1.0	2.0	0.6680000000000001	2.332	1.0
186	0.0	2.0	0.0	1.0	1.733	4.2669999999999995	1.0
187	2.0	1.0	2.0	1.0	0.6680000000000001	2.332	1.0
188	1.0	1.0	1.0	1.0	1.0	2.0	1.0
189	0.0	1.0	0.0	1.0	1.0	2.0	1.0
190	0.0	0.0	0.0	0.0	0.0	0.0	0.0
191	0.0	0.0	0.0	0.0	0.0	0.0	0.0
192	1.0	1.0	0.0	0.0	0.3330000000000002	2.667	0.0
193	0.0	0.0	0.0	0.0	0.0	0.0	0.0
194	0.0	3.0	0.0	3.0	0.3330000000000002	2.667	1.0
195	1.0	1.0	1.0	1.0	1.0	2.0	1.0
196	1.0	2.0	1.0	2.0	0.3330000000000002	2.667	1.0
197	0.0	1.0	0.0	1.0	1.0	2.0	1.0
198	0.0	1.0	0.0	1.0	1.0	2.0	1.0
199	1.0	0.0	1.0	0.0	0.3330000000000002	2.667	1.0
200	0.0	0.0	0.0	0.0	0.0	0.0	0.0
201	1.0	1.0	1.0	1.0	0.3330000000000002	2.667	1.0
202	0.0	1.0	0.0	1.0	0.3330000000000002	2.667	1.0
203	0.0	0.0	0.0	0.0	0.0	0.0	0.0
204	1.0	0.0	1.0	0.0	0.6680000000000001	2.332	1.0
205	0.0	0.0	0.0	0.0	0.0	0.0	0.0
206	0.0	0.0	0.0	0.0	0.0	0.0	0.0
207	1.0	0.0	1.0	0.0	1.0	2.0	1.0
208	1.0	0.0	1.0	0.0	1.0	2.0	1.0
209	1.0	0.0	0.0	0.0	1.0	2.0	0.0
210	0.0	0.0	0.0	0.0	0.0	0.0	0.0
211	1.0	0.0	0.0	0.0	1.0	2.0	0.0
212	1.0	0.0	0.0	0.0	1.4	1.6	0.0
213	0.0	0.0	0.0	0.0	0.0	0.0	0.0
214	0.0	0.0	0.0	0.0	0.0	0.0	0.0
215	1.0	0.0	0.0	0.0	1.0	2.0	0.0
216	1.0	0.0	0.0	0.0	0.6680000000000001	2.332	0.0
217	1.0	0.0	0.0	0.0	1.0	2.0	0.0
218	1.0	0.0	0.0	0.0	1.0	2.0	0.0
219	2.0	1.0	0.0	0.0	1.0	2.0	0.0
220	0.0	2.0	0.0	0.0	0.3330000000000002	2.667	0.0
221	0.0	1.0	0.0	0.0	0.6680000000000001	2.332	0.0
222	1.0	2.0	0.0	0.0	1.0	2.0	0.0
223	1.0	0.0	0.0	0.0	0.3330000000000002	2.667	0.0
224	1.0	0.0	0.0	0.0	0.3330000000000002	2.667	0.0
225	0.0	1.0	0.0	0.0	1.0	2.0	0.0
226	2.0	1.0	0.0	0.0	1.0	2.0	0.0
227	0.0	1.0	0.0	0.0	0.3330000000000002	2.667	0.0
228	0.0	0.0	0.0	0.0	0.0	0.0	0.0
229	1.0	2.0	0.0	0.0	0.3330000000000002	2.667	0.0
230	0.0	1.0	0.0	0.0	0.0	3.0	0.0
231	2.0	0.0	0.0	0.0	1.4	1.6	0.0
232	1.0	0.0	0.0	0.0	1.0	2.0	0.0
233	2.0	2.0	1.0	2.0	3.0	6.0	2.0
234	0.0	0.0	0.0	0.0	0.0	0.0	0.0
235	1.0	2.0	1.0	2.0	1.0	2.0	1.0
236	1.0	1.0	1.0	1.0	1.0	2.0	1.0
237	1.0	0.0	1.0	0.0	1.0	2.0	1.0
238	1.0	1.0	1.0	1.0	1.0	2.0	1.0
239	1.0	2.0	1.0	2.0	1.0	2.0	1.0
240	1.0	1.0	1.0	1.0	2.0	4.0	2.0
241	0.0	2.0	0.0	2.0	1.0010000000000003	4.999	2.0
242	1.0	2.0	1.0	2.0	1.0	2.0	1.0
243	0.0	0.0	0.0	0.0	0.0	0.0	0.0
244	0.0	2.0	0.0	2.0	1.0	2.0	1.0
245	0.0	3.0	0.0	2.0	1.6680000000000001	4.332	1.0
246	0.0	0.0	0.0	0.0	0.0	0.0	0.0
247	0.0	2.0	0.0	1.0	1.0010000000000003	4.999	1.0
248	0.0	0.0	0.0	0.0	0.0	0.0	0.0
249	0.0	2.0	0.0	1.0	1.3330000000000002	4.667	1.0
250	0.0	2.0	0.0	2.0	0.6680000000000001	2.332	1.0
251	2.0	2.0	1.0	2.0	1.3330000000000002	4.667	1.0
252	0.0	0.0	0.0	0.0	0.0	0.0	0.0
253	3.0	0.0	2.0	0.0	3.068	5.932	2.0
254	1.0	2.0	1.0	2.0	1.4	1.6	1.0
255	1.0	2.0	1.0	2.0	0.3330000000000002	2.667	1.0
256	0.0	1.0	0.0	1.0	0.3330000000000002	2.667	1.0
257	0.0	1.0	0.0	1.0	0.3330000000000002	2.667	1.0
258	1.0	2.0	1.0	2.0	1.0	2.0	1.0
259	1.0	1.0	1.0	1.0	1.0	2.0	1.0
260	1.0	0.0	1.0	0.0	1.0	2.0	1.0
261	0.0	2.0	0.0	2.0	0.3330000000000002	2.667	1.0
262	1.0	0.0	1.0	0.0	0.3330000000000002	2.667	1.0
263	0.0	0.0	0.0	0.0	0.0	0.0	0.0
264	0.0	2.0	0.0	2.0	1.3330000000000002	4.667	2.0
265	1.0	0.0	1.0	0.0	1.0	2.0	1.0
266	0.0	1.0	0.0	1.0	0.3330000000000002	2.667	1.0
267	1.0	1.0	1.0	1.0	0.6680000000000001	2.332	1.0
268	0.0	0.0	0.0	0.0	0.0	0.0	0.0
269	0.0	0.0	0.0	0.0	0.0	0.0	0.0
270	0.0	0.0	0.0	0.0	0.0	0.0	0.0
271	1.0	1.0	1.0	1.0	2.0	4.0	2.0
272	0.0	1.0	0.0	1.0	1.0	2.0	1.0
273	1.0	1.0	1.0	1.0	1.0	2.0	1.0
274	1.0	0.0	1.0	0.0	1.0	2.0	1.0
275	1.0	0.0	1.0	0.0	1.0	2.0	1.0
276	3.0	0.0	2.0	0.0	3.0	6.0	2.0
277	1.0	0.0	1.0	0.0	1.0	2.0	1.0
278	0.0	0.0	0.0	0.0	0.0	0.0	0.0
279	1.0	1.0	1.0	1.0	1.0	2.0	1.0
280	1.0	0.0	1.0	0.0	0.3330000000000002	2.667	1.0
281	0.0	0.0	0.0	0.0	0.0	0.0	0.0
282	0.0	0.0	0.0	0.0	0.0	0.0	0.0
283	0.0	0.0	0.0	0.0	0.0	0.0	0.0
284	1.0	0.0	1.0	0.0	0.3330000000000002	2.667	1.0
285	1.0	1.0	1.0	1.0	0.6660000000000004	5.334	2.0
286	0.0	0.0	0.0	0.0	0.0	0.0	0.0
287	2.0	0.0	2.0	0.0	0.6680000000000001	2.332	1.0
288	2.0	1.0	1.0	1.0	2.0	4.0	1.0
289	2.0	0.0	2.0	0.0	0.6680000000000001	2.332	1.0
290	1.0	0.0	1.0	0.0	0.3330000000000002	2.667	1.0
291	1.0	0.0	1.0	0.0	1.0	2.0	1.0
292	1.0	0.0	1.0	0.0	1.0	2.0	1.0
293	1.0	0.0	1.0	0.0	0.3330000000000002	2.667	1.0
294	0.0	0.0	0.0	0.0	0.0	0.0	0.0
295	1.0	0.0	1.0	0.0	1.0	2.0	1.0
296	0.0	0.0	0.0	0.0	0.0	0.0	0.0
297	0.0	0.0	0.0	0.0	0.0	0.0	0.0
298	1.0	0.0	0.0	0.0	0.3330000000000002	2.667	0.0
299	1.0	0.0	0.0	0.0	1.0	2.0	0.0
300	1.0	0.0	1.0	0.0	0.3330000000000002	2.667	1.0
301	0.0	0.0	0.0	0.0	0.0	0.0	0.0
302	1.0	2.0	1.0	2.0	1.0	2.0	1.0
303	1.0	0.0	1.0	0.0	0.3330000000000002	2.667	1.0
304	1.0	0.0	1.0	0.0	1.0	2.0	1.0
305	0.0	0.0	0.0	0.0	0.0	0.0	0.0
306	0.0	2.0	0.0	2.0	2.0	4.0	2.0
307	0.0	0.0	0.0	0.0	0.0	0.0	0.0
308	1.0	0.0	1.0	0.0	1.4	1.6	1.0
309	0.0	0.0	0.0	0.0	0.0	0.0	0.0
310	1.0	0.0	1.0	0.0	0.3330000000000002	2.667	1.0
311	0.0	0.0	0.0	0.0	0.0	0.0	0.0
312	0.0	0.0	0.0	0.0	0.0	0.0	0.0
313	1.0	0.0	0.0	0.0	0.6680000000000001	2.332	0.0
314	0.0	0.0	0.0	0.0	0.0	0.0	0.0
315	1.0	1.0	1.0	1.0	0.6680000000000001	2.332	1.0
316	2.0	0.0	1.0	0.0	2.0	4.0	1.0
317	1.0	0.0	1.0	0.0	0.3330000000000002	2.667	1.0
318	0.0	0.0	0.0	0.0	0.0	0.0	0.0
319	1.0	0.0	1.0	0.0	0.3330000000000002	2.667	1.0
320	0.0	0.0	0.0	0.0	0.0	0.0	0.0
321	1.0	0.0	1.0	0.0	0.6680000000000001	2.332	1.0
322	0.0	0.0	0.0	0.0	0.0	0.0	0.0
323	1.0	1.0	1.0	0.0	2.0	4.0	1.0
324	0.0	1.0	0.0	1.0	0.3330000000000002	2.667	1.0
325	1.0	0.0	1.0	0.0	0.3330000000000002	2.667	1.0
326	0.0	1.0	0.0	0.0	0.0	3.0	0.0
327	0.0	0.0	0.0	0.0	0.0	0.0	0.0
328	1.0	1.0	1.0	1.0	1.3330000000000002	4.667	2.0
329	1.0	0.0	1.0	0.0	1.4	1.6	1.0
330	1.0	2.0	1.0	2.0	2.0	4.0	2.0
331	0.0	0.0	0.0	0.0	0.0	0.0	0.0
332	1.0	1.0	1.0	1.0	1.0010000000000003	4.999	2.0
333	1.0	0.0	1.0	0.0	1.0	2.0	1.0
334	1.0	0.0	1.0	0.0	1.0	2.0	1.0
335	1.0	1.0	1.0	1.0	0.0	3.0	1.0
336	1.0	2.0	1.0	1.0	2.0	4.0	1.0
337	0.0	0.0	0.0	0.0	0.0	0.0	0.0
338	0.0	3.0	0.0	3.0	1.3330000000000002	4.667	2.0
339	1.0	0.0	1.0	0.0	1.0	2.0	1.0
340	0.0	2.0	0.0	2.0	1.0	2.0	1.0
341	1.0	0.0	1.0	0.0	1.0	2.0	1.0
342	1.0	0.0	1.0	0.0	0.3330000000000002	2.667	1.0
343	0.0	2.0	0.0	2.0	2.0	4.0	2.0
344	2.0	0.0	1.0	0.0	2.0	4.0	1.0
345	1.0	1.0	1.0	1.0	1.3330000000000002	4.667	2.0
346	1.0	2.0	1.0	2.0	1.0	2.0	1.0
347	0.0	2.0	0.0	2.0	0.3330000000000002	2.667	1.0
348	1.0	2.0	0.0	1.0	2.668	6.332	1.0
349	0.0	1.0	0.0	1.0	0.3330000000000002	2.667	1.0
350	2.0	0.0	2.0	0.0	0.6680000000000001	2.332	1.0
351	2.0	1.0	2.0	1.0	1.0	2.0	1.0
352	1.0	2.0	1.0	2.0	1.3330000000000002	4.667	2.0
353	2.0	1.0	2.0	1.0	1.6680000000000001	4.332	2.0
354	1.0	1.0	1.0	1.0	1.0	2.0	1.0
355	1.0	0.0	1.0	0.0	1.0	2.0	1.0
356	0.0	1.0	0.0	1.0	1.0	2.0	1.0
357	1.0	1.0	1.0	1.0	0.3330000000000002	2.667	1.0
358	1.0	1.0	1.0	0.0	2.0	4.0	1.0
359	0.0	2.0	0.0	2.0	1.3330000000000002	4.667	2.0
360	1.0	0.0	0.0	0.0	1.0	2.0	0.0
361	1.0	1.0	1.0	1.0	1.0	2.0	1.0
362	1.0	0.0	1.0	0.0	1.0	2.0	1.0
363	1.0	0.0	1.0	0.0	1.0	2.0	1.0
364	0.0	0.0	0.0	0.0	0.0	0.0	0.0
365	0.0	0.0	0.0	0.0	0.0	0.0	0.0
366	1.0	0.0	1.0	0.0	1.0	2.0	1.0
367	0.0	3.0	0.0	3.0	1.3330000000000002	7.667	3.0
368	2.0	0.0	1.0	0.0	2.0	4.0	1.0
369	1.0	0.0	1.0	0.0	0.3330000000000002	2.667	1.0
370	1.0	0.0	1.0	0.0	1.0	2.0	1.0
371	1.0	0.0	1.0	0.0	1.0	2.0	1.0
372	1.0	0.0	1.0	0.0	1.0	2.0	1.0
373	1.0	0.0	1.0	0.0	1.0	2.0	1.0
374	1.0	0.0	1.0	0.0	0.6680000000000001	2.332	1.0
375	0.0	1.0	0.0	1.0	1.0	2.0	1.0
376	2.0	0.0	2.0	0.0	1.0	2.0	1.0
377	1.0	0.0	1.0	0.0	1.0	2.0	1.0
378	1.0	0.0	1.0	0.0	1.0	2.0	1.0
379	1.0	1.0	1.0	1.0	1.0	2.0	1.0
380	1.0	1.0	1.0	1.0	1.3330000000000002	4.667	2.0
381	1.0	0.0	1.0	0.0	1.0	2.0	1.0
382	2.0	0.0	2.0	0.0	0.6680000000000001	2.332	1.0
383	1.0	0.0	1.0	0.0	1.0	2.0	1.0
384	0.0	0.0	0.0	0.0	0.0	0.0	0.0
385	1.0	2.0	1.0	2.0	0.3330000000000002	2.667	1.0
386	1.0	0.0	1.0	0.0	0.3330000000000002	2.667	1.0
387	1.0	0.0	1.0	0.0	1.0	2.0	1.0
388	2.0	0.0	2.0	0.0	1.0	2.0	1.0
389	1.0	0.0	1.0	0.0	1.0	2.0	1.0
390	2.0	2.0	1.0	2.0	1.3330000000000002	4.667	1.0
391	1.0	2.0	1.0	2.0	1.0010000000000003	4.999	2.0
392	0.0	1.0	0.0	1.0	0.3330000000000002	2.667	1.0
393	0.0	0.0	0.0	0.0	0.0	0.0	0.0
394	1.0	2.0	1.0	2.0	0.0	3.0	1.0
395	0.0	2.0	0.0	2.0	1.0	5.0	2.0
396	0.0	0.0	0.0	0.0	0.0	0.0	0.0
397	0.0	0.0	0.0	0.0	0.0	0.0	0.0
398	1.0	1.0	1.0	1.0	1.0	2.0	1.0
399	0.0	2.0	0.0	2.0	0.3330000000000002	2.667	1.0
400	1.0	2.0	1.0	2.0	1.0	2.0	1.0
401	0.0	1.0	0.0	1.0	1.0	2.0	1.0
402	1.0	2.0	1.0	2.0	1.6680000000000001	4.332	2.0
403	1.0	2.0	1.0	2.0	1.0	2.0	1.0
404	1.0	0.0	1.0	0.0	0.6680000000000001	2.332	1.0
405	0.0	3.0	0.0	3.0	0.0	3.0	1.0
406	1.0	0.0	1.0	0.0	1.4	1.6	1.0
407	0.0	0.0	0.0	0.0	0.0	0.0	0.0
408	1.0	0.0	0.0	0.0	0.6680000000000001	2.332	0.0
409	1.0	0.0	1.0	0.0	1.0	2.0	1.0
410	1.0	0.0	1.0	0.0	1.0	2.0	1.0
411	1.0	0.0	1.0	0.0	0.3330000000000002	2.667	1.0
412	1.0	0.0	1.0	0.0	1.0	2.0	1.0
413	0.0	0.0	0.0	0.0	0.0	0.0	0.0
414	1.0	0.0	1.0	0.0	0.3330000000000002	2.667	1.0
415	0.0	0.0	0.0	0.0	0.0	0.0	0.0
416	1.0	0.0	1.0	0.0	1.0	2.0	1.0
417	0.0	0.0	0.0	0.0	0.0	0.0	0.0
418	1.0	0.0	1.0	0.0	0.3330000000000002	2.667	1.0
419	1.0	0.0	1.0	0.0	0.3330000000000002	2.667	1.0
420	1.0	0.0	1.0	0.0	1.0	2.0	1.0
421	2.0	0.0	1.0	0.0	2.0	4.0	1.0
422	2.0	1.0	1.0	1.0	2.668	6.332	2.0
423	0.0	0.0	0.0	0.0	0.0	0.0	0.0
424	1.0	1.0	1.0	1.0	1.0	2.0	1.0
425	1.0	0.0	1.0	0.0	1.0	2.0	1.0
426	1.0	1.0	1.0	1.0	1.0	2.0	1.0
427	2.0	1.0	1.0	1.0	2.0	4.0	1.0
428	0.0	0.0	0.0	0.0	0.0	0.0	0.0
429	0.0	0.0	0.0	0.0	0.0	0.0	0.0
430	1.0	1.0	0.0	1.0	2.0	4.0	1.0
431	0.0	1.0	0.0	1.0	0.3330000000000002	2.667	1.0
432	0.0	2.0	0.0	2.0	0.3330000000000002	2.667	1.0
433	1.0	1.0	1.0	1.0	0.3330000000000002	2.667	1.0
434	1.0	1.0	1.0	1.0	0.3330000000000002	2.667	1.0
435	1.0	0.0	1.0	0.0	1.0	2.0	1.0
436	2.0	0.0	1.0	0.0	1.3360000000000003	4.664	1.0
437	0.0	1.0	0.0	1.0	0.3330000000000002	2.667	1.0
438	1.0	2.0	1.0	2.0	0.3330000000000002	2.667	1.0
439	1.0	0.0	1.0	0.0	1.4	1.6	1.0
440	1.0	0.0	1.0	0.0	1.0	2.0	1.0
441	0.0	0.0	0.0	0.0	0.0	0.0	0.0
442	0.0	2.0	0.0	1.0	1.6680000000000001	4.332	1.0
443	0.0	0.0	0.0	0.0	0.0	0.0	0.0
444	1.0	0.0	1.0	0.0	0.3330000000000002	2.667	1.0
445	0.0	1.0	0.0	1.0	0.3330000000000002	2.667	1.0
446	1.0	1.0	0.0	1.0	0.6660000000000004	5.334	1.0
447	0.0	1.0	0.0	1.0	1.0	2.0	1.0
448	0.0	1.0	0.0	1.0	0.3330000000000002	2.667	1.0
449	0.0	2.0	0.0	2.0	0.3330000000000002	2.667	1.0
450	1.0	0.0	1.0	0.0	1.0	2.0	1.0
451	1.0	0.0	0.0	0.0	0.3330000000000002	2.667	0.0
452	0.0	0.0	0.0	0.0	0.0	0.0	0.0
453	0.0	0.0	0.0	0.0	0.0	0.0	0.0
454	1.0	1.0	1.0	1.0	1.0	2.0	1.0
455	1.0	2.0	1.0	2.0	2.0	4.0	2.0
456	0.0	1.0	0.0	1.0	0.3330000000000002	2.667	1.0
457	1.0	0.0	1.0	0.0	0.3330000000000002	2.667	1.0
458	0.0	1.0	0.0	1.0	0.3330000000000002	2.667	1.0
459	1.0	0.0	1.0	0.0	1.0	2.0	1.0
460	1.0	0.0	0.0	0.0	0.3330000000000002	2.667	0.0
461	0.0	0.0	0.0	0.0	0.0	0.0	0.0
462	1.0	1.0	1.0	1.0	1.0	2.0	1.0
463	1.0	0.0	1.0	0.0	1.0	2.0	1.0
464	0.0	2.0	0.0	2.0	1.3330000000000002	4.667	2.0
465	0.0	0.0	0.0	0.0	0.0	0.0	0.0
466	0.0	0.0	0.0	0.0	0.0	0.0	0.0
467	0.0	1.0	0.0	0.0	0.6680000000000001	2.332	0.0
468	1.0	1.0	1.0	1.0	1.0	2.0	1.0
469	0.0	2.0	0.0	2.0	0.0	3.0	1.0
470	1.0	0.0	1.0	0.0	1.0	2.0	1.0
471	0.0	2.0	0.0	2.0	0.3330000000000002	2.667	1.0
472	1.0	1.0	1.0	1.0	1.0	2.0	1.0
473	1.0	2.0	1.0	2.0	1.0	2.0	1.0
474	0.0	1.0	0.0	1.0	0.3330000000000002	2.667	1.0
475	0.0	2.0	0.0	2.0	0.3330000000000002	2.667	1.0
476	1.0	2.0	1.0	2.0	1.0010000000000003	4.999	2.0
477	1.0	0.0	1.0	0.0	0.3330000000000002	2.667	1.0
478	1.0	0.0	1.0	0.0	1.0	2.0	1.0
479	1.0	2.0	1.0	2.0	1.3330000000000002	4.667	2.0
480	1.0	1.0	1.0	1.0	0.6680000000000001	2.332	1.0
481	2.0	0.0	2.0	0.0	0.6680000000000001	2.332	1.0
482	1.0	1.0	1.0	1.0	1.0	2.0	1.0
483	1.0	1.0	1.0	1.0	0.3330000000000002	2.667	1.0
484	1.0	1.0	1.0	1.0	0.3330000000000002	2.667	1.0
485	1.0	0.0	1.0	0.0	1.0	2.0	1.0
486	1.0	1.0	0.0	1.0	1.6680000000000001	4.332	1.0
487	2.0	1.0	1.0	1.0	1.0010000000000003	4.999	1.0
488	1.0	0.0	1.0	0.0	0.6680000000000001	2.332	1.0
489	0.0	0.0	0.0	0.0	0.0	0.0	0.0
490	1.0	1.0	1.0	1.0	1.3330000000000002	4.667	2.0
491	1.0	1.0	1.0	1.0	2.0	4.0	2.0
492	0.0	1.0	0.0	0.0	0.3330000000000002	2.667	0.0
493	0.0	0.0	0.0	0.0	0.0	0.0	0.0
494	1.0	0.0	1.0	0.0	0.3330000000000002	2.667	1.0
495	0.0	1.0	0.0	1.0	0.6680000000000001	2.332	1.0
496	1.0	1.0	1.0	1.0	1.0	2.0	1.0
497	1.0	1.0	1.0	1.0	0.6680000000000001	2.332	1.0
498	1.0	1.0	1.0	1.0	1.0	2.0	1.0
499	1.0	0.0	1.0	0.0	0.3330000000000002	2.667	1.0
500	2.0	0.0	1.0	0.0	2.0	4.0	1.0
501	2.0	1.0	1.0	1.0	1.3330000000000002	4.667	1.0
502	1.0	1.0	1.0	1.0	1.3330000000000002	4.667	2.0
503	1.0	1.0	1.0	1.0	1.4	1.6	1.0
504	1.0	0.0	1.0	0.0	1.0	2.0	1.0
505	1.0	1.0	1.0	1.0	1.0	2.0	1.0
506	0.0	0.0	0.0	0.0	0.0	0.0	0.0
507	1.0	0.0	1.0	0.0	1.0	2.0	1.0
508	0.0	0.0	0.0	0.0	0.0	0.0	0.0
509	1.0	0.0	1.0	0.0	0.3330000000000002	2.667	1.0
510	0.0	1.0	0.0	1.0	1.0	2.0	1.0
511	1.0	0.0	1.0	0.0	1.0	2.0	1.0
512	1.0	0.0	0.0	0.0	0.3330000000000002	2.667	0.0
513	0.0	0.0	0.0	0.0	0.0	0.0	0.0
514	1.0	0.0	1.0	0.0	1.0	2.0	1.0
515	0.0	0.0	0.0	0.0	0.0	0.0	0.0
516	0.0	0.0	0.0	0.0	0.0	0.0	0.0
517	1.0	0.0	1.0	0.0	1.0	2.0	1.0
518	0.0	1.0	0.0	1.0	0.3330000000000002	2.667	1.0
519	0.0	1.0	0.0	1.0	0.3330000000000002	2.667	1.0
520	1.0	0.0	1.0	0.0	1.0	2.0	1.0
521	1.0	0.0	1.0	0.0	1.0	2.0	1.0
522	1.0	0.0	1.0	0.0	0.3330000000000002	2.667	1.0
523	0.0	0.0	0.0	0.0	0.0	0.0	0.0
524	1.0	1.0	1.0	1.0	0.0	3.0	1.0
525	1.0	0.0	1.0	0.0	1.0	2.0	1.0
526	0.0	0.0	0.0	0.0	0.0	0.0	0.0
527	1.0	0.0	1.0	0.0	1.0	2.0	1.0
528	1.0	2.0	1.0	2.0	2.0	4.0	2.0
529	1.0	1.0	1.0	0.0	0.6660000000000004	5.334	1.0
530	1.0	1.0	1.0	1.0	0.3330000000000002	2.667	1.0
531	0.0	2.0	0.0	2.0	0.3330000000000002	2.667	1.0
532	1.0	1.0	1.0	1.0	1.0	2.0	1.0
533	0.0	2.0	0.0	1.0	0.6660000000000004	5.334	1.0
534	0.0	2.0	0.0	1.0	0.6660000000000004	5.334	1.0
535	1.0	1.0	1.0	1.0	1.0	2.0	1.0
536	1.0	0.0	0.0	0.0	1.0	2.0	0.0
537	3.0	0.0	2.0	0.0	2.668	6.332	2.0
538	0.0	1.0	0.0	1.0	1.0	2.0	1.0
539	2.0	0.0	2.0	0.0	1.0	2.0	1.0
540	1.0	0.0	0.0	0.0	1.0	2.0	0.0
541	1.0	1.0	1.0	1.0	1.6680000000000001	4.332	2.0
542	0.0	0.0	0.0	0.0	0.0	0.0	0.0
543	1.0	0.0	1.0	0.0	0.3330000000000002	2.667	1.0
544	1.0	1.0	1.0	1.0	0.6660000000000004	5.334	2.0
545	1.0	1.0	1.0	1.0	0.3330000000000002	2.667	1.0
546	0.0	0.0	0.0	0.0	0.0	0.0	0.0
547	0.0	0.0	0.0	0.0	0.0	0.0	0.0
548	2.0	1.0	1.0	1.0	1.6680000000000001	4.332	1.0
549	1.0	0.0	1.0	0.0	1.0	2.0	1.0
550	0.0	1.0	0.0	1.0	0.3330000000000002	2.667	1.0
551	0.0	0.0	0.0	0.0	0.0	0.0	0.0
552	0.0	0.0	0.0	0.0	0.0	0.0	0.0
553	1.0	0.0	0.0	0.0	0.3330000000000002	2.667	0.0
554	0.0	0.0	0.0	0.0	0.0	0.0	0.0
555	1.0	0.0	1.0	0.0	1.0	2.0	1.0
556	2.0	1.0	1.0	1.0	3.0	6.0	2.0
557	1.0	0.0	1.0	0.0	1.0	2.0	1.0
558	1.0	0.0	0.0	0.0	0.3330000000000002	2.667	0.0
559	1.0	0.0	0.0	0.0	1.0	2.0	0.0
560	1.0	0.0	1.0	0.0	0.3330000000000002	2.667	1.0
561	1.0	0.0	1.0	0.0	1.0	2.0	1.0
562	1.0	1.0	1.0	1.0	1.0	2.0	1.0
563	1.0	0.0	1.0	0.0	1.4	1.6	1.0
564	0.0	2.0	0.0	2.0	0.3330000000000002	2.667	1.0
565	0.0	2.0	0.0	2.0	0.3330000000000002	2.667	1.0
566	0.0	1.0	0.0	1.0	0.3330000000000002	2.667	1.0
567	0.0	0.0	0.0	0.0	0.0	0.0	0.0
568	0.0	0.0	0.0	0.0	0.0	0.0	0.0
569	0.0	0.0	0.0	0.0	0.0	0.0	0.0
570	0.0	0.0	0.0	0.0	0.0	0.0	0.0
571	1.0	1.0	1.0	1.0	0.3330000000000002	2.667	1.0
572	1.0	3.0	1.0	2.0	3.0	6.0	2.0
573	0.0	3.0	0.0	2.0	1.3330000000000002	4.667	1.0
574	0.0	2.0	0.0	2.0	0.3330000000000002	2.667	1.0
575	2.0	1.0	2.0	1.0	1.3330000000000002	4.667	2.0
576	0.0	0.0	0.0	0.0	0.0	0.0	0.0
577	1.0	1.0	1.0	1.0	2.0	4.0	2.0
578	1.0	0.0	1.0	0.0	1.0	2.0	1.0
579	0.0	2.0	0.0	2.0	0.6680000000000001	2.332	1.0
580	1.0	0.0	1.0	0.0	0.3330000000000002	2.667	1.0
581	1.0	1.0	1.0	1.0	1.0	2.0	1.0
582	1.0	2.0	1.0	2.0	1.0	2.0	1.0
583	1.0	1.0	0.0	1.0	0.6660000000000004	5.334	1.0
584	1.0	0.0	0.0	0.0	1.0	2.0	0.0
585	0.0	1.0	0.0	1.0	0.3330000000000002	2.667	1.0
586	0.0	0.0	0.0	0.0	0.0	0.0	0.0
587	0.0	2.0	0.0	2.0	0.3330000000000002	2.667	1.0
588	1.0	2.0	1.0	2.0	2.668	6.332	3.0
589	1.0	1.0	1.0	1.0	0.6660000000000004	5.334	2.0
590	0.0	1.0	0.0	1.0	0.3330000000000002	2.667	1.0
591	0.0	2.0	0.0	1.0	1.3330000000000002	4.667	1.0
592	2.0	1.0	1.0	1.0	3.4	5.6	2.0
593	0.0	2.0	0.0	1.0	0.6660000000000004	5.334	1.0
594	1.0	2.0	1.0	2.0	1.3330000000000002	4.667	2.0
595	1.0	0.0	1.0	0.0	1.0	2.0	1.0
596	2.0	2.0	1.0	2.0	2.333	6.667	2.0
597	1.0	1.0	1.0	1.0	1.0	2.0	1.0
598	0.0	1.0	0.0	1.0	0.3330000000000002	2.667	1.0
599	0.0	1.0	0.0	1.0	0.3330000000000002	2.667	1.0
600	0.0	0.0	0.0	0.0	0.0	0.0	0.0
601	1.0	1.0	1.0	0.0	0.6660000000000004	5.334	1.0
602	1.0	0.0	1.0	0.0	0.3330000000000002	2.667	1.0
603	0.0	0.0	0.0	0.0	0.0	0.0	0.0
604	0.0	0.0	0.0	0.0	0.0	0.0	0.0
605	0.0	2.0	0.0	2.0	0.3330000000000002	2.667	1.0
606	2.0	0.0	2.0	0.0	1.6680000000000001	4.332	2.0
607	1.0	0.0	1.0	0.0	1.0	2.0	1.0
608	2.0	0.0	2.0	0.0	0.6680000000000001	2.332	1.0
609	1.0	1.0	1.0	1.0	1.0	2.0	1.0
610	0.0	0.0	0.0	0.0	0.0	0.0	0.0
611	0.0	0.0	0.0	0.0	0.0	0.0	0.0
612	1.0	0.0	0.0	0.0	1.0	2.0	0.0
613	1.0	0.0	1.0	0.0	1.0	2.0	1.0
614	1.0	1.0	1.0	1.0	0.6660000000000004	5.334	2.0
615	0.0	2.0	0.0	1.0	1.0010000000000003	4.999	1.0
616	1.0	0.0	1.0	0.0	0.6680000000000001	2.332	1.0
617	1.0	0.0	1.0	0.0	1.0	2.0	1.0
618	1.0	2.0	1.0	1.0	3.0	6.0	2.0
619	3.0	1.0	2.0	1.0	3.0	6.0	2.0
620	0.0	0.0	0.0	0.0	0.0	0.0	0.0
621	1.0	0.0	1.0	0.0	1.0	2.0	1.0
622	0.0	2.0	0.0	2.0	0.0	3.0	1.0
623	1.0	1.0	1.0	1.0	1.0	2.0	1.0
624	1.0	0.0	1.0	0.0	1.0	2.0	1.0
625	1.0	0.0	1.0	0.0	1.0	2.0	1.0
626	0.0	1.0	0.0	1.0	0.3330000000000002	2.667	1.0
627	1.0	1.0	1.0	0.0	2.0	4.0	1.0
628	1.0	1.0	1.0	1.0	1.0	2.0	1.0
629	0.0	1.0	0.0	1.0	0.3330000000000002	2.667	1.0
630	0.0	1.0	0.0	1.0	0.6680000000000001	2.332	1.0
631	0.0	0.0	0.0	0.0	0.0	0.0	0.0
632	1.0	0.0	1.0	0.0	1.0	2.0	1.0
633	0.0	0.0	0.0	0.0	0.0	0.0	0.0
634	1.0	0.0	0.0	0.0	1.0	2.0	0.0
635	1.0	1.0	1.0	1.0	1.0	2.0	1.0
636	0.0	0.0	0.0	0.0	0.0	0.0	0.0
637	0.0	1.0	0.0	1.0	0.3330000000000002	2.667	1.0
638	1.0	1.0	1.0	1.0	1.0	2.0	1.0
639	1.0	0.0	1.0	0.0	1.0	2.0	1.0
640	1.0	0.0	1.0	0.0	0.3330000000000002	2.667	1.0
641	0.0	0.0	0.0	0.0	0.0	0.0	0.0
642	0.0	0.0	0.0	0.0	0.0	0.0	0.0
643	0.0	0.0	0.0	0.0	0.0	0.0	0.0
644	1.0	0.0	1.0	0.0	0.3330000000000002	2.667	1.0
645	0.0	0.0	0.0	0.0	0.0	0.0	0.0
646	1.0	2.0	1.0	0.0	0.6660000000000004	5.334	1.0
647	1.0	0.0	0.0	0.0	1.0	2.0	0.0
648	1.0	2.0	1.0	1.0	1.3330000000000002	4.667	1.0
649	1.0	1.0	1.0	1.0	1.0	2.0	1.0
650	0.0	3.0	0.0	2.0	0.6660000000000004	5.334	1.0
651	1.0	2.0	1.0	2.0	0.0	3.0	1.0
652	2.0	0.0	2.0	0.0	0.6680000000000001	2.332	1.0
653	1.0	0.0	1.0	0.0	1.0	2.0	1.0
654	1.0	1.0	1.0	1.0	2.0	4.0	2.0
655	0.0	0.0	0.0	0.0	0.0	0.0	0.0
656	1.0	1.0	1.0	1.0	1.3330000000000002	4.667	2.0
657	2.0	0.0	1.0	0.0	2.0	4.0	1.0
658	0.0	2.0	0.0	2.0	1.0010000000000003	4.999	2.0
659	1.0	1.0	1.0	1.0	0.3330000000000002	2.667	1.0
660	0.0	1.0	0.0	1.0	0.3330000000000002	2.667	1.0
661	1.0	1.0	0.0	1.0	2.0	4.0	1.0
662	1.0	0.0	1.0	0.0	0.3330000000000002	2.667	1.0
663	1.0	2.0	1.0	2.0	1.3330000000000002	4.667	2.0
664	1.0	1.0	1.0	1.0	2.0	4.0	2.0
665	1.0	2.0	1.0	2.0	0.3330000000000002	2.667	1.0
666	0.0	1.0	0.0	1.0	0.3330000000000002	2.667	1.0
667	0.0	2.0	0.0	2.0	0.3330000000000002	2.667	1.0
668	0.0	0.0	0.0	0.0	0.0	0.0	0.0
669	1.0	1.0	0.0	1.0	0.6680000000000001	5.332	1.0
670	0.0	0.0	0.0	0.0	0.0	0.0	0.0
671	2.0	0.0	1.0	0.0	2.068	3.932	1.0
672	2.0	0.0	2.0	0.0	1.0	2.0	1.0
673	0.0	0.0	0.0	0.0	0.0	0.0	0.0
674	0.0	0.0	0.0	0.0	0.0	0.0	0.0
675	0.0	1.0	0.0	1.0	0.3330000000000002	2.667	1.0
676	1.0	3.0	1.0	2.0	1.6660000000000004	7.334	2.0
677	0.0	0.0	0.0	0.0	0.0	0.0	0.0
678	0.0	0.0	0.0	0.0	0.0	0.0	0.0
679	1.0	2.0	1.0	1.0	2.0	4.0	1.0
680	1.0	1.0	1.0	1.0	1.0	2.0	1.0
681	2.0	1.0	2.0	1.0	1.4	1.6	1.0
