all_syn	all_nonSyn	tip_syn	tip_nonSyn	S	N	comparisons
001	0.0	0.0	0.0	0.0	0.0	0.0	0.0
002	0.0	0.0	0.0	0.0	0.0	0.0	0.0
003	0.0	0.0	0.0	0.0	0.0	0.0	0.0
004	0.0	0.0	0.0	0.0	0.0	0.0	0.0
005	0.0	0.0	0.0	0.0	0.0	0.0	0.0
006	0.0	0.0	0.0	0.0	0.0	0.0	0.0
007	0.0	0.0	0.0	0.0	0.0	0.0	0.0
008	0.0	0.0	0.0	0.0	0.0	0.0	0.0
009	0.0	0.0	0.0	0.0	0.0	0.0	0.0
010	0.0	0.0	0.0	0.0	0.0	0.0	0.0
011	0.0	0.0	0.0	0.0	0.0	0.0	0.0
012	0.0	0.0	0.0	0.0	0.0	0.0	0.0
013	0.0	0.0	0.0	0.0	0.0	0.0	0.0
014	0.0	0.0	0.0	0.0	0.0	0.0	0.0
015	0.0	0.0	0.0	0.0	0.0	0.0	0.0
016	0.0	0.0	0.0	0.0	0.0	0.0	0.0
017	0.0	0.0	0.0	0.0	0.0	0.0	0.0
018	0.0	0.0	0.0	0.0	0.0	0.0	0.0
019	0.0	0.0	0.0	0.0	0.0	0.0	0.0
020	0.0	0.0	0.0	0.0	0.0	0.0	0.0
021	0.0	0.0	0.0	0.0	0.0	0.0	0.0
022	0.0	0.0	0.0	0.0	0.0	0.0	0.0
023	0.0	0.0	0.0	0.0	0.0	0.0	0.0
024	0.0	0.0	0.0	0.0	0.0	0.0	0.0
025	0.0	0.0	0.0	0.0	0.0	0.0	0.0
026	0.0	0.0	0.0	0.0	0.0	0.0	0.0
027	0.0	0.0	0.0	0.0	0.0	0.0	0.0
028	0.0	0.0	0.0	0.0	0.0	0.0	0.0
029	0.0	0.0	0.0	0.0	0.0	0.0	0.0
030	0.0	0.0	0.0	0.0	0.0	0.0	0.0
031	0.0	0.0	0.0	0.0	0.0	0.0	0.0
032	0.0	0.0	0.0	0.0	0.0	0.0	0.0
033	0.0	0.0	0.0	0.0	0.0	0.0	0.0
034	0.0	0.0	0.0	0.0	0.0	0.0	0.0
035	0.0	0.0	0.0	0.0	0.0	0.0	0.0
036	0.0	0.0	0.0	0.0	0.0	0.0	0.0
037	0.0	0.0	0.0	0.0	0.0	0.0	0.0
038	0.0	0.0	0.0	0.0	0.0	0.0	0.0
039	0.0	0.0	0.0	0.0	0.0	0.0	0.0
040	0.0	0.0	0.0	0.0	0.0	0.0	0.0
041	0.0	0.0	0.0	0.0	0.0	0.0	0.0
042	0.0	0.0	0.0	0.0	0.0	0.0	0.0
043	0.0	0.0	0.0	0.0	0.0	0.0	0.0
044	0.0	0.0	0.0	0.0	0.0	0.0	0.0
045	0.0	0.0	0.0	0.0	0.0	0.0	0.0
046	0.0	0.0	0.0	0.0	0.0	0.0	0.0
047	0.0	0.0	0.0	0.0	0.0	0.0	0.0
048	0.0	0.0	0.0	0.0	0.0	0.0	0.0
049	0.0	0.0	0.0	0.0	0.0	0.0	0.0
050	0.0	0.0	0.0	0.0	0.0	0.0	0.0
051	0.0	0.0	0.0	0.0	0.0	0.0	0.0
052	0.0	0.0	0.0	0.0	0.0	0.0	0.0
053	0.0	0.0	0.0	0.0	0.0	0.0	0.0
054	0.0	0.0	0.0	0.0	0.0	0.0	0.0
055	0.0	0.0	0.0	0.0	0.0	0.0	0.0
056	0.0	0.0	0.0	0.0	0.0	0.0	0.0
057	0.0	0.0	0.0	0.0	0.0	0.0	0.0
058	0.0	0.0	0.0	0.0	0.0	0.0	0.0
059	0.0	0.0	0.0	0.0	0.0	0.0	0.0
060	0.0	0.0	0.0	0.0	0.0	0.0	0.0
061	0.0	0.0	0.0	0.0	0.0	0.0	0.0
062	0.0	0.0	0.0	0.0	0.0	0.0	0.0
063	0.0	0.0	0.0	0.0	0.0	0.0	0.0
064	0.0	0.0	0.0	0.0	0.0	0.0	0.0
065	0.0	0.0	0.0	0.0	0.0	0.0	0.0
066	0.0	0.0	0.0	0.0	0.0	0.0	0.0
067	0.0	0.0	0.0	0.0	0.0	0.0	0.0
068	0.0	0.0	0.0	0.0	0.0	0.0	0.0
069	0.0	0.0	0.0	0.0	0.0	0.0	0.0
070	0.0	0.0	0.0	0.0	0.0	0.0	0.0
071	0.0	1.0	0.0	1.0	0.6680000000000001	2.332	1.0
072	1.0	2.0	1.0	2.0	1.3330000000000002	4.667	2.0
073	0.0	0.0	0.0	0.0	0.0	0.0	0.0
074	0.0	0.0	0.0	0.0	0.0	0.0	0.0
075	0.0	0.0	0.0	0.0	0.0	0.0	0.0
076	1.0	0.0	1.0	0.0	1.0	2.0	1.0
077	0.0	0.0	0.0	0.0	0.0	0.0	0.0
078	1.0	0.0	1.0	0.0	0.3330000000000002	2.667	1.0
079	1.0	0.0	1.0	0.0	1.0	2.0	1.0
080	1.0	0.0	1.0	0.0	1.0	2.0	1.0
081	1.0	0.0	1.0	0.0	0.3330000000000002	2.667	1.0
082	2.0	0.0	2.0	0.0	1.4	1.6	1.0
083	0.0	0.0	0.0	0.0	0.0	0.0	0.0
084	1.0	1.0	1.0	1.0	1.0	2.0	1.0
085	1.0	1.0	1.0	1.0	0.6660000000000004	5.334	2.0
086	1.0	0.0	1.0	0.0	0.3330000000000002	2.667	1.0
087	1.0	0.0	1.0	0.0	1.0	2.0	1.0
088	1.0	0.0	1.0	0.0	1.0	2.0	1.0
089	1.0	0.0	1.0	0.0	1.0	2.0	1.0
090	1.0	0.0	1.0	0.0	1.0	2.0	1.0
091	0.0	0.0	0.0	0.0	0.0	0.0	0.0
092	1.0	0.0	1.0	0.0	1.4	1.6	1.0
093	0.0	0.0	0.0	0.0	0.0	0.0	0.0
094	1.0	0.0	1.0	0.0	1.0	2.0	1.0
095	1.0	0.0	1.0	0.0	1.0	2.0	1.0
096	0.0	0.0	0.0	0.0	0.0	0.0	0.0
097	1.0	0.0	1.0	0.0	1.0	2.0	1.0
098	1.0	0.0	1.0	0.0	1.0	2.0	1.0
099	0.0	0.0	0.0	0.0	0.0	0.0	0.0
100	0.0	0.0	0.0	0.0	0.0	0.0	0.0
101	1.0	0.0	1.0	0.0	0.3330000000000002	2.667	1.0
102	0.0	0.0	0.0	0.0	0.0	0.0	0.0
103	1.0	1.0	1.0	1.0	0.3330000000000002	2.667	1.0
104	0.0	0.0	0.0	0.0	0.0	0.0	0.0
105	0.0	0.0	0.0	0.0	0.0	0.0	0.0
106	1.0	0.0	1.0	0.0	0.3330000000000002	2.667	1.0
107	0.0	0.0	0.0	0.0	0.0	0.0	0.0
108	1.0	0.0	1.0	0.0	0.6680000000000001	2.332	1.0
109	1.0	0.0	1.0	0.0	0.3330000000000002	2.667	1.0
110	1.0	0.0	1.0	0.0	1.0	2.0	1.0
111	2.0	1.0	2.0	1.0	1.3330000000000002	4.667	2.0
112	1.0	0.0	1.0	0.0	0.3330000000000002	2.667	1.0
113	0.0	0.0	0.0	0.0	0.0	0.0	0.0
114	1.0	0.0	1.0	0.0	1.0	2.0	1.0
115	1.0	0.0	1.0	0.0	1.0	2.0	1.0
116	0.0	0.0	0.0	0.0	0.0	0.0	0.0
117	1.0	0.0	1.0	0.0	0.3330000000000002	2.667	1.0
118	0.0	0.0	0.0	0.0	0.0	0.0	0.0
119	0.0	0.0	0.0	0.0	0.0	0.0	0.0
120	1.0	0.0	1.0	0.0	0.3330000000000002	2.667	1.0
121	0.0	0.0	0.0	0.0	0.0	0.0	0.0
122	0.0	0.0	0.0	0.0	0.0	0.0	0.0
123	0.0	0.0	0.0	0.0	0.0	0.0	0.0
124	1.0	0.0	1.0	0.0	0.3330000000000002	2.667	1.0
125	0.0	0.0	0.0	0.0	0.0	0.0	0.0
126	0.0	0.0	0.0	0.0	0.0	0.0	0.0
127	0.0	0.0	0.0	0.0	0.0	0.0	0.0
128	0.0	0.0	0.0	0.0	0.0	0.0	0.0
129	1.0	0.0	1.0	0.0	1.0	2.0	1.0
130	1.0	0.0	1.0	0.0	1.0	2.0	1.0
131	1.0	0.0	1.0	0.0	0.3330000000000002	2.667	1.0
132	1.0	0.0	1.0	0.0	1.0	2.0	1.0
133	1.0	0.0	1.0	0.0	1.0	2.0	1.0
134	1.0	0.0	1.0	0.0	0.3330000000000002	2.667	1.0
135	1.0	0.0	1.0	0.0	1.0	2.0	1.0
136	0.0	0.0	0.0	0.0	0.0	0.0	0.0
137	1.0	0.0	1.0	0.0	1.0	2.0	1.0
138	0.0	0.0	0.0	0.0	0.0	0.0	0.0
139	0.0	0.0	0.0	0.0	0.0	0.0	0.0
140	0.0	3.0	0.0	3.0	1.3330000000000002	4.667	2.0
141	0.0	0.0	0.0	0.0	0.0	0.0	0.0
142	0.0	0.0	0.0	0.0	0.0	0.0	0.0
143	0.0	1.0	0.0	1.0	0.3330000000000002	2.667	1.0
144	1.0	0.0	1.0	0.0	1.0	2.0	1.0
145	1.0	0.0	1.0	0.0	0.3330000000000002	2.667	1.0
146	1.0	0.0	1.0	0.0	1.0	2.0	1.0
147	0.0	0.0	0.0	0.0	0.0	0.0	0.0
148	1.0	1.0	1.0	1.0	1.4	1.6	1.0
149	1.0	0.0	1.0	0.0	0.6680000000000001	2.332	1.0
150	1.0	0.0	1.0	0.0	1.0	2.0	1.0
151	0.0	0.0	0.0	0.0	0.0	0.0	0.0
152	0.0	0.0	0.0	0.0	0.0	0.0	0.0
153	0.0	0.0	0.0	0.0	0.0	0.0	0.0
154	0.0	0.0	0.0	0.0	0.0	0.0	0.0
155	1.0	0.0	1.0	0.0	1.0	2.0	1.0
156	0.0	0.0	0.0	0.0	0.0	0.0	0.0
157	0.0	0.0	0.0	0.0	0.0	0.0	0.0
158	0.0	0.0	0.0	0.0	0.0	0.0	0.0
159	1.0	0.0	1.0	0.0	0.3330000000000002	2.667	1.0
160	1.0	0.0	1.0	0.0	1.0	2.0	1.0
161	1.0	0.0	1.0	0.0	1.0	2.0	1.0
162	2.0	0.0	2.0	0.0	1.0	2.0	1.0
163	0.0	0.0	0.0	0.0	0.0	0.0	0.0
164	1.0	0.0	1.0	0.0	0.3330000000000002	2.667	1.0
165	0.0	0.0	0.0	0.0	0.0	0.0	0.0
166	1.0	1.0	1.0	1.0	1.0	2.0	1.0
167	0.0	1.0	0.0	1.0	1.0	2.0	1.0
168	1.0	0.0	1.0	0.0	0.6680000000000001	2.332	1.0
169	1.0	0.0	1.0	0.0	1.0	2.0	1.0
170	0.0	1.0	0.0	1.0	1.0	2.0	1.0
171	1.0	0.0	1.0	0.0	0.3330000000000002	2.667	1.0
172	1.0	0.0	1.0	0.0	0.3330000000000002	2.667	1.0
173	0.0	1.0	0.0	1.0	0.3330000000000002	2.667	1.0
174	1.0	0.0	1.0	0.0	0.3330000000000002	2.667	1.0
175	1.0	0.0	1.0	0.0	1.0	2.0	1.0
176	1.0	0.0	1.0	0.0	1.0	2.0	1.0
177	1.0	0.0	1.0	0.0	1.0	2.0	1.0
178	1.0	0.0	1.0	0.0	0.6680000000000001	2.332	1.0
179	1.0	1.0	1.0	1.0	2.068	3.932	2.0
180	1.0	0.0	1.0	0.0	1.0	2.0	1.0
181	0.0	0.0	0.0	0.0	0.0	0.0	0.0
182	1.0	0.0	1.0	0.0	1.0	2.0	1.0
183	1.0	2.0	1.0	2.0	1.3330000000000002	4.667	2.0
184	1.0	1.0	1.0	1.0	1.0	2.0	1.0
185	0.0	1.0	0.0	1.0	0.3330000000000002	2.667	1.0
186	1.0	1.0	1.0	1.0	0.3330000000000002	2.667	1.0
187	0.0	1.0	0.0	1.0	0.3330000000000002	2.667	1.0
188	1.0	0.0	1.0	0.0	1.0	2.0	1.0
189	0.0	0.0	0.0	0.0	0.0	0.0	0.0
190	1.0	0.0	1.0	0.0	0.3330000000000002	2.667	1.0
191	0.0	0.0	0.0	0.0	0.0	0.0	0.0
192	0.0	0.0	0.0	0.0	0.0	0.0	0.0
193	1.0	1.0	1.0	1.0	1.0010000000000003	4.999	2.0
194	0.0	0.0	0.0	0.0	0.0	0.0	0.0
195	1.0	0.0	1.0	0.0	0.3330000000000002	2.667	1.0
196	0.0	0.0	0.0	0.0	0.0	0.0	0.0
197	1.0	0.0	1.0	0.0	1.0	2.0	1.0
198	0.0	1.0	0.0	1.0	1.0	2.0	1.0
199	1.0	0.0	1.0	0.0	1.0	2.0	1.0
200	1.0	0.0	1.0	0.0	0.3330000000000002	2.667	1.0
201	1.0	0.0	1.0	0.0	0.3330000000000002	2.667	1.0
202	0.0	1.0	0.0	1.0	1.0	2.0	1.0
203	0.0	0.0	0.0	0.0	0.0	0.0	0.0
204	1.0	0.0	1.0	0.0	1.0	2.0	1.0
205	0.0	0.0	0.0	0.0	0.0	0.0	0.0
206	0.0	0.0	0.0	0.0	0.0	0.0	0.0
207	1.0	0.0	1.0	0.0	1.0	2.0	1.0
208	1.0	0.0	1.0	0.0	0.3330000000000002	2.667	1.0
209	1.0	0.0	1.0	0.0	1.0	2.0	1.0
210	1.0	0.0	1.0	0.0	0.3330000000000002	2.667	1.0
211	1.0	1.0	1.0	1.0	0.6660000000000004	5.334	2.0
212	1.0	0.0	1.0	0.0	0.6680000000000001	2.332	1.0
213	0.0	0.0	0.0	0.0	0.0	0.0	0.0
214	0.0	0.0	0.0	0.0	0.0	0.0	0.0
215	0.0	1.0	0.0	1.0	1.4	1.6	1.0
216	0.0	2.0	0.0	2.0	0.3330000000000002	2.667	1.0
217	0.0	0.0	0.0	0.0	0.0	0.0	0.0
218	0.0	0.0	0.0	0.0	0.0	0.0	0.0
219	1.0	0.0	1.0	0.0	1.0	2.0	1.0
220	0.0	1.0	0.0	1.0	0.3330000000000002	2.667	1.0
221	0.0	1.0	0.0	1.0	0.3330000000000002	2.667	1.0
222	1.0	0.0	1.0	0.0	1.0	2.0	1.0
223	1.0	0.0	1.0	0.0	0.3330000000000002	2.667	1.0
224	0.0	0.0	0.0	0.0	0.0	0.0	0.0
225	0.0	0.0	0.0	0.0	0.0	0.0	0.0
226	1.0	0.0	1.0	0.0	0.6680000000000001	2.332	1.0
227	0.0	1.0	0.0	1.0	0.3330000000000002	2.667	1.0
228	0.0	0.0	0.0	0.0	0.0	0.0	0.0
229	0.0	2.0	0.0	2.0	1.6680000000000001	4.332	2.0
230	0.0	0.0	0.0	0.0	0.0	0.0	0.0
231	0.0	0.0	0.0	0.0	0.0	0.0	0.0
232	1.0	0.0	1.0	0.0	0.6680000000000001	2.332	1.0
233	1.0	0.0	1.0	0.0	1.0	2.0	1.0
234	0.0	0.0	0.0	0.0	0.0	0.0	0.0
235	1.0	0.0	1.0	0.0	1.0	2.0	1.0
236	0.0	0.0	0.0	0.0	0.0	0.0	0.0
237	1.0	0.0	1.0	0.0	0.3330000000000002	2.667	1.0
238	2.0	0.0	2.0	0.0	1.0	2.0	1.0
239	1.0	0.0	1.0	0.0	1.0	2.0	1.0
240	1.0	0.0	1.0	0.0	1.0	2.0	1.0
241	0.0	0.0	0.0	0.0	0.0	0.0	0.0
242	0.0	0.0	0.0	0.0	0.0	0.0	0.0
243	1.0	0.0	1.0	0.0	1.0	2.0	1.0
244	1.0	0.0	1.0	0.0	0.3330000000000002	2.667	1.0
245	1.0	0.0	1.0	0.0	0.3330000000000002	2.667	1.0
246	0.0	1.0	0.0	1.0	0.3330000000000002	2.667	1.0
247	1.0	0.0	1.0	0.0	1.0	2.0	1.0
248	1.0	0.0	1.0	0.0	1.0	2.0	1.0
249	0.0	0.0	0.0	0.0	0.0	0.0	0.0
250	0.0	1.0	0.0	1.0	0.3330000000000002	2.667	1.0
251	1.0	0.0	1.0	0.0	1.4	1.6	1.0
252	2.0	0.0	2.0	0.0	1.6680000000000001	4.332	2.0
253	2.0	0.0	2.0	0.0	1.0	2.0	1.0
254	1.0	1.0	1.0	1.0	1.0	2.0	1.0
255	0.0	0.0	0.0	0.0	0.0	0.0	0.0
256	0.0	0.0	0.0	0.0	0.0	0.0	0.0
257	1.0	0.0	1.0	0.0	1.0	2.0	1.0
258	1.0	0.0	1.0	0.0	1.0	2.0	1.0
259	1.0	0.0	1.0	0.0	0.3330000000000002	2.667	1.0
260	1.0	0.0	1.0	0.0	0.3330000000000002	2.667	1.0
261	1.0	0.0	1.0	0.0	1.4	1.6	1.0
262	1.0	0.0	1.0	0.0	1.0	2.0	1.0
263	2.0	0.0	2.0	0.0	1.6680000000000001	4.332	2.0
264	0.0	0.0	0.0	0.0	0.0	0.0	0.0
265	0.0	0.0	0.0	0.0	0.0	0.0	0.0
266	0.0	0.0	0.0	0.0	0.0	0.0	0.0
267	0.0	0.0	0.0	0.0	0.0	0.0	0.0
268	1.0	0.0	1.0	0.0	0.3330000000000002	2.667	1.0
269	1.0	0.0	1.0	0.0	1.0	2.0	1.0
270	1.0	2.0	1.0	2.0	2.0	4.0	2.0
271	1.0	1.0	1.0	1.0	0.0	3.0	1.0
272	1.0	0.0	1.0	0.0	1.0	2.0	1.0
273	0.0	0.0	0.0	0.0	0.0	0.0	0.0
274	0.0	2.0	0.0	2.0	0.6660000000000004	5.334	2.0
275	0.0	0.0	0.0	0.0	0.0	0.0	0.0
276	1.0	0.0	1.0	0.0	1.4	1.6	1.0
277	0.0	0.0	0.0	0.0	0.0	0.0	0.0
278	0.0	0.0	0.0	0.0	0.0	0.0	0.0
279	0.0	0.0	0.0	0.0	0.0	0.0	0.0
280	0.0	0.0	0.0	0.0	0.0	0.0	0.0
281	0.0	1.0	0.0	1.0	1.0	2.0	1.0
282	1.0	1.0	1.0	1.0	0.3330000000000002	2.667	1.0
283	1.0	1.0	1.0	1.0	1.0	2.0	1.0
284	1.0	0.0	1.0	0.0	0.3330000000000002	2.667	1.0
285	1.0	0.0	1.0	0.0	1.0	2.0	1.0
286	1.0	0.0	1.0	0.0	1.0	2.0	1.0
287	0.0	0.0	0.0	0.0	0.0	0.0	0.0
288	0.0	0.0	0.0	0.0	0.0	0.0	0.0
289	0.0	0.0	0.0	0.0	0.0	0.0	0.0
290	0.0	0.0	0.0	0.0	0.0	0.0	0.0
291	0.0	0.0	0.0	0.0	0.0	0.0	0.0
292	1.0	1.0	1.0	1.0	0.6660000000000004	5.334	2.0
293	1.0	0.0	1.0	0.0	1.0	2.0	1.0
294	1.0	0.0	1.0	0.0	0.6680000000000001	2.332	1.0
295	0.0	0.0	0.0	0.0	0.0	0.0	0.0
296	1.0	0.0	1.0	0.0	0.3330000000000002	2.667	1.0
297	1.0	0.0	1.0	0.0	1.0	2.0	1.0
298	1.0	1.0	1.0	1.0	0.6660000000000004	5.334	2.0
299	0.0	0.0	0.0	0.0	0.0	0.0	0.0
300	1.0	0.0	1.0	0.0	1.0	2.0	1.0
301	0.0	0.0	0.0	0.0	0.0	0.0	0.0
302	0.0	0.0	0.0	0.0	0.0	0.0	0.0
303	0.0	0.0	0.0	0.0	0.0	0.0	0.0
304	1.0	1.0	1.0	1.0	2.0	4.0	2.0
305	0.0	0.0	0.0	0.0	0.0	0.0	0.0
306	1.0	0.0	1.0	0.0	0.3330000000000002	2.667	1.0
307	0.0	0.0	0.0	0.0	0.0	0.0	0.0
308	0.0	0.0	0.0	0.0	0.0	0.0	0.0
309	1.0	1.0	1.0	1.0	1.0	5.0	2.0
310	0.0	0.0	0.0	0.0	0.0	0.0	0.0
311	0.0	0.0	0.0	0.0	0.0	0.0	0.0
312	0.0	0.0	0.0	0.0	0.0	0.0	0.0
313	0.0	0.0	0.0	0.0	0.0	0.0	0.0
314	1.0	0.0	1.0	0.0	0.3330000000000002	2.667	1.0
315	1.0	1.0	1.0	1.0	1.6680000000000001	4.332	2.0
316	1.0	0.0	1.0	0.0	1.4	1.6	1.0
317	0.0	0.0	0.0	0.0	0.0	0.0	0.0
318	1.0	0.0	1.0	0.0	1.0	2.0	1.0
319	0.0	0.0	0.0	0.0	0.0	0.0	0.0
320	0.0	0.0	0.0	0.0	0.0	0.0	0.0
321	1.0	0.0	1.0	0.0	0.3330000000000002	2.667	1.0
322	1.0	0.0	1.0	0.0	1.0	2.0	1.0
323	1.0	0.0	1.0	0.0	1.0	2.0	1.0
324	0.0	0.0	0.0	0.0	0.0	0.0	0.0
325	0.0	0.0	0.0	0.0	0.0	0.0	0.0
326	1.0	0.0	1.0	0.0	1.0	2.0	1.0
327	2.0	0.0	2.0	0.0	1.0	2.0	1.0
328	1.0	0.0	1.0	0.0	1.0	2.0	1.0
329	1.0	0.0	1.0	0.0	1.0	2.0	1.0
330	1.0	0.0	1.0	0.0	1.0	2.0	1.0
331	1.0	0.0	1.0	0.0	1.0	2.0	1.0
332	1.0	0.0	1.0	0.0	0.3330000000000002	2.667	1.0
333	1.0	0.0	1.0	0.0	1.4	1.6	1.0
334	0.0	2.0	0.0	2.0	1.6680000000000001	4.332	2.0
335	1.0	0.0	1.0	0.0	0.3330000000000002	2.667	1.0
336	1.0	1.0	1.0	1.0	0.6660000000000004	5.334	2.0
337	0.0	1.0	0.0	1.0	0.3330000000000002	2.667	1.0
338	0.0	2.0	0.0	2.0	1.3330000000000002	4.667	2.0
339	0.0	2.0	0.0	2.0	0.6660000000000004	5.334	2.0
340	1.0	0.0	1.0	0.0	1.0	2.0	1.0
341	1.0	0.0	1.0	0.0	1.4	1.6	1.0
342	1.0	1.0	1.0	1.0	1.3330000000000002	4.667	2.0
343	1.0	0.0	1.0	0.0	1.0	2.0	1.0
344	1.0	1.0	1.0	1.0	1.0	2.0	1.0
345	1.0	0.0	1.0	0.0	1.0	2.0	1.0
346	1.0	1.0	1.0	1.0	1.0	2.0	1.0
347	0.0	0.0	0.0	0.0	0.0	0.0	0.0
348	0.0	1.0	0.0	1.0	0.6680000000000001	2.332	1.0
349	1.0	0.0	1.0	0.0	1.0	2.0	1.0
350	1.0	1.0	1.0	1.0	1.3330000000000002	4.667	2.0
351	1.0	0.0	1.0	0.0	1.0	2.0	1.0
352	1.0	0.0	1.0	0.0	0.3330000000000002	2.667	1.0
353	1.0	1.0	1.0	1.0	2.0	4.0	2.0
354	1.0	1.0	1.0	1.0	1.0	2.0	1.0
355	1.0	1.0	1.0	1.0	0.3330000000000002	2.667	1.0
356	0.0	0.0	0.0	0.0	0.0	0.0	0.0
357	0.0	2.0	0.0	2.0	1.3330000000000002	4.667	2.0
358	0.0	2.0	0.0	2.0	1.0010000000000003	4.999	2.0
359	1.0	0.0	1.0	0.0	0.6680000000000001	2.332	1.0
360	1.0	2.0	1.0	2.0	1.0	2.0	1.0
361	0.0	0.0	0.0	0.0	0.0	0.0	0.0
362	1.0	0.0	1.0	0.0	1.0	2.0	1.0
363	1.0	0.0	1.0	0.0	1.0	2.0	1.0
364	1.0	0.0	1.0	0.0	1.0	2.0	1.0
365	1.0	0.0	1.0	0.0	1.0	2.0	1.0
366	1.0	0.0	1.0	0.0	0.3330000000000002	2.667	1.0
367	1.0	0.0	1.0	0.0	1.0	2.0	1.0
368	1.0	1.0	1.0	1.0	0.6660000000000004	5.334	2.0
369	0.0	0.0	0.0	0.0	0.0	0.0	0.0
370	1.0	0.0	1.0	0.0	1.0	2.0	1.0
371	1.0	0.0	1.0	0.0	0.3330000000000002	2.667	1.0
372	1.0	0.0	1.0	0.0	1.0	2.0	1.0
373	1.0	2.0	1.0	2.0	1.3330000000000002	4.667	2.0
374	1.0	0.0	1.0	0.0	1.0	2.0	1.0
375	1.0	0.0	1.0	0.0	1.0	2.0	1.0
376	1.0	1.0	1.0	1.0	1.6680000000000001	4.332	2.0
377	1.0	0.0	1.0	0.0	0.3330000000000002	2.667	1.0
378	1.0	0.0	1.0	0.0	0.3330000000000002	2.667	1.0
379	1.0	0.0	1.0	0.0	1.0	2.0	1.0
380	2.0	0.0	2.0	0.0	0.6680000000000001	2.332	1.0
381	1.0	0.0	1.0	0.0	1.0	2.0	1.0
382	0.0	0.0	0.0	0.0	0.0	0.0	0.0
383	1.0	0.0	1.0	0.0	0.3330000000000002	2.667	1.0
384	0.0	0.0	0.0	0.0	0.0	0.0	0.0
385	1.0	0.0	1.0	0.0	1.0	2.0	1.0
386	0.0	0.0	0.0	0.0	0.0	0.0	0.0
387	1.0	0.0	1.0	0.0	1.0	2.0	1.0
388	0.0	0.0	0.0	0.0	0.0	0.0	0.0
389	1.0	0.0	1.0	0.0	1.0	2.0	1.0
390	2.0	0.0	2.0	0.0	1.0	2.0	1.0
391	0.0	0.0	0.0	0.0	0.0	0.0	0.0
392	1.0	0.0	1.0	0.0	1.0	2.0	1.0
393	1.0	1.0	1.0	1.0	2.0	4.0	2.0
394	1.0	0.0	1.0	0.0	1.0	2.0	1.0
395	1.0	0.0	1.0	0.0	1.0	2.0	1.0
396	0.0	0.0	0.0	0.0	0.0	0.0	0.0
397	1.0	0.0	1.0	0.0	0.3330000000000002	2.667	1.0
398	1.0	0.0	1.0	0.0	1.0	2.0	1.0
399	1.0	0.0	1.0	0.0	0.3330000000000002	2.667	1.0
400	0.0	0.0	0.0	0.0	0.0	0.0	0.0
401	1.0	0.0	1.0	0.0	0.6680000000000001	2.332	1.0
402	0.0	2.0	0.0	2.0	0.3330000000000002	2.667	1.0
403	0.0	0.0	0.0	0.0	0.0	0.0	0.0
404	0.0	2.0	0.0	2.0	0.3330000000000002	2.667	1.0
405	1.0	0.0	1.0	0.0	0.3330000000000002	2.667	1.0
406	0.0	0.0	0.0	0.0	0.0	0.0	0.0
407	1.0	0.0	1.0	0.0	1.0	2.0	1.0
408	0.0	0.0	0.0	0.0	0.0	0.0	0.0
409	1.0	0.0	1.0	0.0	0.3330000000000002	2.667	1.0
410	1.0	1.0	1.0	1.0	2.0	4.0	2.0
411	0.0	0.0	0.0	0.0	0.0	0.0	0.0
412	1.0	0.0	1.0	0.0	1.0	2.0	1.0
413	1.0	0.0	1.0	0.0	0.3330000000000002	2.667	1.0
414	1.0	0.0	1.0	0.0	1.0	2.0	1.0
415	1.0	0.0	1.0	0.0	0.3330000000000002	2.667	1.0
416	1.0	0.0	1.0	0.0	0.3330000000000002	2.667	1.0
417	1.0	0.0	1.0	0.0	0.6680000000000001	2.332	1.0
418	1.0	0.0	1.0	0.0	1.0	2.0	1.0
419	1.0	0.0	1.0	0.0	1.0	2.0	1.0
420	1.0	0.0	1.0	0.0	0.3330000000000002	2.667	1.0
421	0.0	0.0	0.0	0.0	0.0	0.0	0.0
422	0.0	0.0	0.0	0.0	0.0	0.0	0.0
423	0.0	0.0	0.0	0.0	0.0	0.0	0.0
424	1.0	1.0	1.0	1.0	0.3330000000000002	2.667	1.0
425	0.0	0.0	0.0	0.0	0.0	0.0	0.0
426	1.0	0.0	1.0	0.0	0.3330000000000002	2.667	1.0
427	1.0	0.0	1.0	0.0	1.0	2.0	1.0
428	0.0	0.0	0.0	0.0	0.0	0.0	0.0
429	0.0	0.0	0.0	0.0	0.0	0.0	0.0
430	1.0	2.0	1.0	2.0	2.0	4.0	2.0
431	1.0	0.0	1.0	0.0	1.0	2.0	1.0
432	0.0	0.0	0.0	0.0	0.0	0.0	0.0
433	1.0	0.0	1.0	0.0	1.0	2.0	1.0
434	1.0	0.0	1.0	0.0	1.0	2.0	1.0
435	0.0	0.0	0.0	0.0	0.0	0.0	0.0
436	0.0	2.0	0.0	2.0	1.6680000000000001	4.332	2.0
437	0.0	0.0	0.0	0.0	0.0	0.0	0.0
438	0.0	3.0	0.0	3.0	1.733	4.2669999999999995	2.0
439	1.0	2.0	1.0	2.0	1.3330000000000002	4.667	2.0
440	1.0	2.0	1.0	2.0	0.6660000000000004	5.334	2.0
441	0.0	2.0	0.0	2.0	0.3330000000000002	2.667	1.0
442	0.0	3.0	0.0	3.0	1.3330000000000002	4.667	2.0
443	1.0	1.0	1.0	1.0	0.3330000000000002	2.667	1.0
444	1.0	1.0	1.0	1.0	1.0	2.0	1.0
445	0.0	2.0	0.0	2.0	1.733	4.2669999999999995	2.0
446	0.0	0.0	0.0	0.0	0.0	0.0	0.0
447	0.0	1.0	0.0	1.0	0.3330000000000002	2.667	1.0
448	1.0	2.0	1.0	2.0	1.3330000000000002	4.667	2.0
449	1.0	0.0	1.0	0.0	0.3330000000000002	2.667	1.0
450	1.0	1.0	1.0	1.0	2.0	4.0	2.0
451	1.0	0.0	1.0	0.0	0.3330000000000002	2.667	1.0
452	0.0	0.0	0.0	0.0	0.0	0.0	0.0
453	0.0	0.0	0.0	0.0	0.0	0.0	0.0
454	0.0	1.0	0.0	1.0	0.3330000000000002	2.667	1.0
455	0.0	0.0	0.0	0.0	0.0	0.0	0.0
456	0.0	0.0	0.0	0.0	0.0	0.0	0.0
457	1.0	0.0	1.0	0.0	0.3330000000000002	2.667	1.0
458	1.0	0.0	1.0	0.0	1.0	2.0	1.0
459	0.0	0.0	0.0	0.0	0.0	0.0	0.0
460	1.0	0.0	1.0	0.0	1.0	2.0	1.0
461	1.0	0.0	1.0	0.0	1.0	2.0	1.0
462	2.0	0.0	2.0	0.0	0.6680000000000001	2.332	1.0
463	0.0	0.0	0.0	0.0	0.0	0.0	0.0
464	0.0	0.0	0.0	0.0	0.0	0.0	0.0
465	1.0	0.0	1.0	0.0	0.6680000000000001	2.332	1.0
466	0.0	0.0	0.0	0.0	0.0	0.0	0.0
467	0.0	1.0	0.0	1.0	0.6680000000000001	2.332	1.0
468	1.0	0.0	1.0	0.0	0.3330000000000002	2.667	1.0
469	1.0	0.0	1.0	0.0	0.6680000000000001	2.332	1.0
470	0.0	0.0	0.0	0.0	0.0	0.0	0.0
471	0.0	0.0	0.0	0.0	0.0	0.0	0.0
472	1.0	1.0	1.0	1.0	1.0	2.0	1.0
473	0.0	0.0	0.0	0.0	0.0	0.0	0.0
474	1.0	0.0	1.0	0.0	1.0	2.0	1.0
475	1.0	0.0	1.0	0.0	1.0	2.0	1.0
476	1.0	0.0	1.0	0.0	1.0	2.0	1.0
477	1.0	1.0	1.0	1.0	1.4	1.6	1.0
478	1.0	0.0	1.0	0.0	1.0	2.0	1.0
479	1.0	0.0	1.0	0.0	1.0	2.0	1.0
480	0.0	0.0	0.0	0.0	0.0	0.0	0.0
481	1.0	0.0	1.0	0.0	0.6680000000000001	2.332	1.0
482	2.0	0.0	2.0	0.0	1.0	2.0	1.0
483	0.0	2.0	0.0	2.0	1.0	5.0	2.0
484	0.0	0.0	0.0	0.0	0.0	0.0	0.0
485	0.0	0.0	0.0	0.0	0.0	0.0	0.0
486	1.0	0.0	1.0	0.0	0.3330000000000002	2.667	1.0
487	0.0	2.0	0.0	2.0	1.0	5.0	2.0
488	0.0	1.0	0.0	1.0	0.3330000000000002	2.667	1.0
489	1.0	0.0	1.0	0.0	1.4	1.6	1.0
490	1.0	2.0	1.0	2.0	1.0	5.0	2.0
491	1.0	1.0	1.0	1.0	1.0	2.0	1.0
492	0.0	0.0	0.0	0.0	0.0	0.0	0.0
493	1.0	0.0	1.0	0.0	0.3330000000000002	2.667	1.0
494	1.0	2.0	1.0	2.0	1.0010000000000003	4.999	2.0
495	0.0	1.0	0.0	1.0	1.0	2.0	1.0
496	0.0	0.0	0.0	0.0	0.0	0.0	0.0
497	0.0	0.0	0.0	0.0	0.0	0.0	0.0
498	1.0	1.0	1.0	1.0	0.6660000000000004	5.334	2.0
499	1.0	0.0	1.0	0.0	0.3330000000000002	2.667	1.0
500	0.0	0.0	0.0	0.0	0.0	0.0	0.0
501	1.0	0.0	1.0	0.0	0.3330000000000002	2.667	1.0
502	1.0	0.0	1.0	0.0	0.6680000000000001	2.332	1.0
503	0.0	0.0	0.0	0.0	0.0	0.0	0.0
504	1.0	0.0	1.0	0.0	1.0	2.0	1.0
505	1.0	0.0	1.0	0.0	1.0	2.0	1.0
506	0.0	0.0	0.0	0.0	0.0	0.0	0.0
507	1.0	0.0	1.0	0.0	0.3330000000000002	2.667	1.0
508	1.0	0.0	1.0	0.0	0.3330000000000002	2.667	1.0
509	2.0	0.0	2.0	0.0	0.6680000000000001	2.332	1.0
510	1.0	0.0	1.0	0.0	1.0	2.0	1.0
511	2.0	0.0	2.0	0.0	2.068	3.932	2.0
512	0.0	0.0	0.0	0.0	0.0	0.0	0.0
513	1.0	1.0	1.0	1.0	1.6680000000000001	4.332	2.0
514	1.0	0.0	1.0	0.0	1.0	2.0	1.0
515	1.0	0.0	1.0	0.0	0.3330000000000002	2.667	1.0
516	2.0	1.0	2.0	1.0	1.3330000000000002	4.667	2.0
517	1.0	0.0	1.0	0.0	1.0	2.0	1.0
518	1.0	1.0	1.0	1.0	1.0	2.0	1.0
519	0.0	2.0	0.0	2.0	1.0	2.0	1.0
520	1.0	2.0	1.0	2.0	1.0010000000000003	4.999	2.0
521	1.0	2.0	1.0	2.0	1.0010000000000003	4.999	2.0
522	1.0	1.0	1.0	1.0	1.0	2.0	1.0
523	1.0	1.0	1.0	1.0	1.0	2.0	1.0
524	0.0	2.0	0.0	2.0	1.0	2.0	1.0
525	0.0	0.0	0.0	0.0	0.0	0.0	0.0
526	0.0	0.0	0.0	0.0	0.0	0.0	0.0
527	0.0	0.0	0.0	0.0	0.0	0.0	0.0
