pos	Sd	Nd	Sd_tip	Nd_tip	S	N	comparisons
001	0.0	0.0	0.0	0.0	0.0	0.0	0.0
002	2.0	2.0	2.0	2.0	2.0	7.0	3.0
003	0.0	2.0	0.0	1.0	1.3330000000000002	4.667	1.0
004	0.0	1.0	0.0	1.0	0.3330000000000002	2.667	1.0
005	1.0	0.0	0.0	0.0	0.3330000000000002	2.667	0.0
006	2.0	4.0	1.0	3.0	2.9990000000000006	12.001	3.0
007	0.0	0.0	0.0	0.0	0.0	0.0	0.0
008	0.0	2.0	0.0	2.0	0.3330000000000002	2.667	1.0
009	1.0	0.0	0.0	0.0	0.3330000000000002	2.667	0.0
010	0.0	0.0	0.0	0.0	0.0	0.0	0.0
011	2.0	1.0	0.0	0.0	1.3330000000000002	4.667	0.0
012	2.0	1.0	0.0	1.0	3.0	6.0	1.0
013	0.0	1.0	0.0	1.0	0.6680000000000001	2.332	1.0
014	3.0	0.0	2.0	0.0	3.0	6.0	2.0
015	1.0	3.0	1.0	1.0	2.668	9.332	2.0
016	0.0	0.0	0.0	0.0	0.0	0.0	0.0
017	1.0	3.0	1.0	3.0	2.0	7.0	3.0
018	1.0	1.0	1.0	1.0	0.6660000000000004	5.334	2.0
019	1.0	3.0	1.0	1.0	2.6660000000000004	9.334	2.0
020	0.0	0.0	0.0	0.0	0.0	0.0	0.0
021	1.0	1.0	1.0	0.0	2.0	4.0	1.0
022	0.0	0.0	0.0	0.0	0.0	0.0	0.0
023	1.0	2.0	1.0	2.0	1.6660000000000004	7.334	3.0
024	1.0	0.0	1.0	0.0	1.0	2.0	1.0
025	2.0	0.0	2.0	0.0	2.0	4.0	2.0
026	1.0	1.0	1.0	1.0	2.0	4.0	2.0
027	2.0	0.0	1.0	0.0	2.0	4.0	1.0
028	3.0	0.0	3.0	0.0	3.0	6.0	3.0
029	2.0	0.0	0.0	0.0	2.8	3.2	0.0
030	1.0	0.0	1.0	0.0	0.3330000000000002	2.667	1.0
031	2.0	0.0	1.0	0.0	0.6660000000000004	5.334	1.0
032	2.0	0.0	2.0	0.0	2.0	4.0	2.0
033	2.0	0.0	1.0	0.0	2.0	4.0	1.0
034	1.0	0.0	1.0	0.0	1.0	2.0	1.0
035	1.0	0.0	1.0	0.0	0.3330000000000002	2.667	1.0
036	1.0	0.0	1.0	0.0	1.0	2.0	1.0
037	2.0	0.0	2.0	0.0	2.0	4.0	2.0
038	2.0	0.0	1.0	0.0	2.0	4.0	1.0
039	2.0	1.0	1.0	0.0	3.0	6.0	1.0
040	2.0	0.0	2.0	0.0	2.0	4.0	2.0
041	0.0	1.0	0.0	0.0	0.3330000000000002	2.667	0.0
042	2.0	0.0	2.0	0.0	2.0	4.0	2.0
043	2.0	0.0	1.0	0.0	2.0	4.0	1.0
044	1.0	2.0	0.0	0.0	0.6680000000000001	5.332	0.0
045	2.0	0.0	1.0	0.0	2.0	4.0	1.0
046	2.0	1.0	1.0	1.0	2.668	6.332	2.0
047	1.0	0.0	0.0	0.0	1.0	2.0	0.0
048	1.0	0.0	0.0	0.0	1.0	2.0	0.0
049	2.0	0.0	2.0	0.0	2.0	4.0	2.0
050	3.0	2.0	2.0	2.0	2.668	6.332	2.0
051	0.0	0.0	0.0	0.0	0.0	0.0	0.0
052	1.0	0.0	0.0	0.0	1.0	2.0	0.0
053	2.0	0.0	2.0	0.0	2.0	4.0	2.0
054	3.0	0.0	2.0	0.0	3.0	6.0	2.0
055	0.0	0.0	0.0	0.0	0.0	0.0	0.0
056	1.0	1.0	1.0	1.0	1.3330000000000002	4.667	2.0
057	2.0	0.0	2.0	0.0	2.0	4.0	2.0
058	2.0	0.0	1.0	0.0	1.6680000000000001	4.332	1.0
059	2.0	0.0	1.0	0.0	2.0	4.0	1.0
060	2.0	1.0	1.0	1.0	2.0	7.0	2.0
061	1.0	1.0	1.0	1.0	1.0010000000000003	4.999	2.0
062	1.0	0.0	0.0	0.0	0.3330000000000002	2.667	0.0
063	0.0	1.0	0.0	0.0	0.3330000000000002	2.667	0.0
064	1.0	1.0	0.0	0.0	0.6660000000000004	5.334	0.0
065	1.0	2.0	1.0	1.0	0.6660000000000004	5.334	1.0
066	1.0	3.0	0.0	0.0	2.333	6.667	0.0
067	0.0	2.0	0.0	1.0	0.6660000000000004	5.334	1.0
068	1.0	0.0	1.0	0.0	0.3330000000000002	2.667	1.0
069	1.0	1.0	0.0	0.0	2.4	3.6	0.0
070	1.0	0.0	0.0	0.0	0.3330000000000002	2.667	0.0
071	1.0	0.0	0.0	0.0	0.3330000000000002	2.667	0.0
072	1.0	0.0	1.0	0.0	1.0	2.0	1.0
073	1.0	0.0	1.0	0.0	1.0	2.0	1.0
074	2.0	4.0	1.0	2.0	3.0660000000000003	8.934	2.0
075	2.0	3.0	2.0	3.0	1.3330000000000002	4.667	2.0
076	1.0	2.0	0.0	1.0	3.0	6.0	1.0
077	1.0	0.0	0.0	0.0	1.0	2.0	0.0
078	1.0	0.0	0.0	0.0	1.0	2.0	0.0
079	0.0	3.0	0.0	2.0	1.6680000000000001	7.332	2.0
080	1.0	1.0	1.0	1.0	1.3330000000000002	4.667	2.0
081	2.0	2.0	1.0	1.0	1.6660000000000004	7.334	1.0
082	1.0	2.0	1.0	2.0	1.6660000000000004	7.334	3.0
083	1.0	0.0	1.0	0.0	1.0	2.0	1.0
084	2.0	0.0	2.0	0.0	2.0	4.0	2.0
085	1.0	0.0	1.0	0.0	1.0	2.0	1.0
086	1.0	1.0	0.0	1.0	0.6660000000000004	5.334	1.0
087	1.0	1.0	1.0	0.0	1.6680000000000001	4.332	1.0
088	1.0	0.0	0.0	0.0	1.0	2.0	0.0
089	1.0	0.0	1.0	0.0	0.3330000000000002	2.667	1.0
090	2.0	0.0	0.0	0.0	2.0	4.0	0.0
091	0.0	1.0	0.0	1.0	0.3330000000000002	2.667	1.0
092	0.0	0.0	0.0	0.0	0.0	0.0	0.0
093	1.0	1.0	0.0	0.0	0.6660000000000004	5.334	0.0
094	1.0	0.0	1.0	0.0	1.0	2.0	1.0
095	0.0	0.0	0.0	0.0	0.0	0.0	0.0
096	1.0	0.0	0.0	0.0	0.3330000000000002	2.667	0.0
097	2.0	0.0	0.0	0.0	2.068	3.932	0.0
098	2.0	0.0	1.0	0.0	2.0	4.0	1.0
099	2.0	3.0	2.0	3.0	1.3330000000000002	4.667	2.0
100	1.0	0.0	1.0	0.0	0.3330000000000002	2.667	1.0
101	2.0	0.0	2.0	0.0	2.0	4.0	2.0
102	2.0	0.0	0.0	0.0	0.6680000000000001	2.332	0.0
103	1.0	0.0	0.0	0.0	1.0	2.0	0.0
104	2.0	0.0	2.0	0.0	2.0	4.0	2.0
105	2.0	0.0	2.0	0.0	0.6660000000000004	5.334	2.0
106	2.0	0.0	0.0	0.0	2.0	4.0	0.0
107	1.0	0.0	0.0	0.0	1.0	2.0	0.0
108	0.0	0.0	0.0	0.0	0.0	0.0	0.0
109	2.0	0.0	2.0	0.0	2.0	4.0	2.0
110	1.0	0.0	1.0	0.0	0.3330000000000002	2.667	1.0
111	2.0	0.0	1.0	0.0	2.0	4.0	1.0
112	1.0	0.0	0.0	0.0	0.6680000000000001	2.332	0.0
113	4.0	0.0	3.0	0.0	3.668	8.332	3.0
114	1.0	0.0	0.0	0.0	0.3330000000000002	2.667	0.0
115	2.0	0.0	0.0	0.0	2.0	4.0	0.0
116	1.0	0.0	1.0	0.0	1.0	2.0	1.0
117	1.0	0.0	0.0	0.0	1.0	2.0	0.0
118	0.0	0.0	0.0	0.0	0.0	0.0	0.0
119	1.0	0.0	0.0	0.0	0.3330000000000002	2.667	0.0
120	1.0	0.0	0.0	0.0	1.0	2.0	0.0
121	2.0	0.0	2.0	0.0	2.0	4.0	2.0
122	1.0	0.0	1.0	0.0	1.0	2.0	1.0
123	1.0	0.0	1.0	0.0	0.3330000000000002	2.667	1.0
124	1.0	0.0	1.0	0.0	1.0	2.0	1.0
125	1.0	0.0	0.0	0.0	1.0	2.0	0.0
126	1.0	0.0	0.0	0.0	1.0	2.0	0.0
127	1.0	0.0	0.0	0.0	1.0	2.0	0.0
128	3.0	0.0	1.0	0.0	3.0	6.0	1.0
129	0.0	0.0	0.0	0.0	0.0	0.0	0.0
130	2.0	0.0	1.0	0.0	2.0	4.0	1.0
131	1.0	0.0	0.0	0.0	1.0	2.0	0.0
132	2.0	0.0	1.0	0.0	2.0	4.0	1.0
133	1.0	0.0	1.0	0.0	1.0	2.0	1.0
134	2.0	1.0	2.0	1.0	1.733	4.2669999999999995	2.0
135	1.0	3.0	0.0	2.0	3.0	6.0	2.0
136	2.0	0.0	1.0	0.0	2.0	4.0	1.0
137	3.0	0.0	2.0	0.0	3.0	6.0	2.0
138	1.0	0.0	1.0	0.0	1.0	2.0	1.0
139	3.0	0.0	2.0	0.0	3.0	6.0	2.0
140	2.0	0.0	1.0	0.0	2.0	4.0	1.0
141	2.0	0.0	2.0	0.0	2.0	4.0	2.0
142	0.0	0.0	0.0	0.0	0.0	0.0	0.0
143	1.0	1.0	0.0	1.0	1.3330000000000002	4.667	1.0
144	1.0	1.0	0.0	0.0	2.0	4.0	0.0
145	1.0	0.0	1.0	0.0	1.0	2.0	1.0
146	1.0	0.0	1.0	0.0	1.0	2.0	1.0
147	2.0	2.0	1.0	2.0	2.333	6.667	2.0
148	0.0	0.0	0.0	0.0	0.0	0.0	0.0
149	1.0	2.0	1.0	2.0	1.6680000000000001	4.332	2.0
150	1.0	0.0	0.0	0.0	1.0	2.0	0.0
151	1.0	1.0	0.0	1.0	2.0	4.0	1.0
152	1.0	0.0	1.0	0.0	0.3330000000000002	2.667	1.0
153	2.0	1.0	1.0	1.0	0.9990000000000006	8.001	2.0
154	1.0	0.0	0.0	0.0	0.3330000000000002	2.667	0.0
155	3.0	1.0	0.0	1.0	3.0040000000000004	8.995999999999999	1.0
156	1.0	0.0	1.0	0.0	1.0	2.0	1.0
157	2.0	1.0	0.0	1.0	3.0	6.0	1.0
158	2.0	0.0	1.0	0.0	2.0	4.0	1.0
159	1.0	0.0	1.0	0.0	0.3330000000000002	2.667	1.0
160	1.0	0.0	1.0	0.0	1.0	2.0	1.0
161	1.0	0.0	0.0	0.0	0.3330000000000002	2.667	0.0
162	3.0	0.0	0.0	0.0	3.0	6.0	0.0
163	0.0	0.0	0.0	0.0	0.0	0.0	0.0
164	1.0	1.0	0.0	1.0	1.6680000000000001	4.332	1.0
165	1.0	0.0	1.0	0.0	1.0	2.0	1.0
166	1.0	0.0	0.0	0.0	1.0	2.0	0.0
167	1.0	1.0	1.0	0.0	1.3360000000000003	4.664	1.0
168	1.0	0.0	1.0	0.0	1.0	2.0	1.0
169	2.0	0.0	1.0	0.0	2.0	4.0	1.0
170	1.0	0.0	1.0	0.0	0.3330000000000002	2.667	1.0
171	2.0	0.0	1.0	0.0	2.0	4.0	1.0
172	2.0	0.0	1.0	0.0	2.0	4.0	1.0
173	1.0	0.0	0.0	0.0	1.0	2.0	0.0
174	2.0	1.0	1.0	1.0	2.3360000000000003	6.664	2.0
175	2.0	0.0	1.0	0.0	2.0	4.0	1.0
176	2.0	0.0	2.0	0.0	2.0	4.0	2.0
177	2.0	0.0	0.0	0.0	2.4	3.6	0.0
178	1.0	0.0	1.0	0.0	0.3330000000000002	2.667	1.0
179	2.0	0.0	2.0	0.0	2.0	4.0	2.0
180	1.0	0.0	1.0	0.0	0.3330000000000002	2.667	1.0
181	0.0	0.0	0.0	0.0	0.0	0.0	0.0
182	1.0	0.0	0.0	0.0	1.0	2.0	0.0
183	1.0	0.0	0.0	0.0	0.3330000000000002	2.667	0.0
184	1.0	2.0	1.0	2.0	1.733	4.2669999999999995	2.0
185	1.0	1.0	0.0	0.0	1.3360000000000003	4.664	0.0
186	1.0	0.0	0.0	0.0	0.3330000000000002	2.667	0.0
187	1.0	0.0	0.0	0.0	0.3330000000000002	2.667	0.0
188	1.0	1.0	1.0	1.0	1.6680000000000001	4.332	2.0
189	1.0	0.0	1.0	0.0	0.3330000000000002	2.667	1.0
190	0.0	0.0	0.0	0.0	0.0	0.0	0.0
191	2.0	2.0	1.0	2.0	3.0	6.0	2.0
192	1.0	2.0	1.0	2.0	0.3330000000000002	2.667	1.0
193	2.0	2.0	1.0	2.0	3.0	6.0	2.0
194	1.0	1.0	1.0	1.0	0.3330000000000002	2.667	1.0
195	1.0	1.0	0.0	1.0	1.6680000000000001	4.332	1.0
196	1.0	2.0	1.0	2.0	0.3330000000000002	2.667	1.0
197	2.0	1.0	2.0	1.0	2.068	3.932	2.0
198	2.0	1.0	2.0	1.0	2.0	4.0	2.0
199	0.0	0.0	0.0	0.0	0.0	0.0	0.0
200	1.0	2.0	0.0	2.0	2.0	4.0	1.0
201	2.0	2.0	0.0	2.0	2.3360000000000003	6.664	1.0
202	0.0	2.0	0.0	2.0	0.3330000000000002	2.667	1.0
203	3.0	2.0	2.0	2.0	2.3340000000000005	9.666	3.0
204	0.0	1.0	0.0	1.0	0.3330000000000002	2.667	1.0
205	1.0	0.0	1.0	0.0	0.3330000000000002	2.667	1.0
206	0.0	2.0	0.0	0.0	0.6660000000000004	5.334	0.0
207	1.0	0.0	1.0	0.0	1.0	2.0	1.0
208	1.0	0.0	0.0	0.0	0.3330000000000002	2.667	0.0
209	1.0	1.0	0.0	0.0	0.6660000000000004	5.334	0.0
210	2.0	1.0	1.0	1.0	1.3330000000000002	4.667	1.0
211	0.0	0.0	0.0	0.0	0.0	0.0	0.0
212	2.0	0.0	0.0	0.0	2.068	3.932	0.0
213	0.0	0.0	0.0	0.0	0.0	0.0	0.0
214	0.0	0.0	0.0	0.0	0.0	0.0	0.0
215	3.0	0.0	2.0	0.0	3.4	5.6	2.0
216	1.0	0.0	1.0	0.0	0.6680000000000001	2.332	1.0
217	1.0	0.0	1.0	0.0	1.0	2.0	1.0
218	1.0	0.0	0.0	0.0	1.0	2.0	0.0
219	0.0	0.0	0.0	0.0	0.0	0.0	0.0
220	1.0	0.0	0.0	0.0	1.0	2.0	0.0
221	2.0	0.0	0.0	0.0	2.068	3.932	0.0
222	2.0	0.0	0.0	0.0	2.0	4.0	0.0
223	2.0	0.0	1.0	0.0	0.6660000000000004	5.334	1.0
224	1.0	0.0	0.0	0.0	1.0	2.0	0.0
225	0.0	0.0	0.0	0.0	0.0	0.0	0.0
226	0.0	0.0	0.0	0.0	0.0	0.0	0.0
227	2.0	0.0	1.0	0.0	2.0	4.0	1.0
228	2.0	0.0	1.0	0.0	1.6680000000000001	4.332	1.0
229	5.0	0.0	1.0	0.0	4.468	7.532	1.0
230	1.0	1.0	0.0	0.0	2.0	4.0	0.0
231	1.0	0.0	0.0	0.0	1.0	2.0	0.0
232	1.0	0.0	0.0	0.0	1.0	2.0	0.0
233	2.0	0.0	1.0	0.0	2.4	3.6	1.0
234	0.0	0.0	0.0	0.0	0.0	0.0	0.0
235	2.0	0.0	1.0	0.0	0.6660000000000004	5.334	1.0
236	2.0	0.0	1.0	0.0	2.0	4.0	1.0
237	0.0	0.0	0.0	0.0	0.0	0.0	0.0
238	2.0	0.0	2.0	0.0	2.0	4.0	2.0
239	3.0	0.0	1.0	0.0	2.668	6.332	1.0
240	1.0	0.0	0.0	0.0	0.3330000000000002	2.667	0.0
241	3.0	0.0	0.0	0.0	2.0	4.0	0.0
242	2.0	1.0	1.0	1.0	2.3360000000000003	6.664	2.0
243	0.0	0.0	0.0	0.0	0.0	0.0	0.0
244	0.0	0.0	0.0	0.0	0.0	0.0	0.0
245	2.0	0.0	2.0	0.0	2.0	4.0	2.0
246	2.0	0.0	2.0	0.0	2.0	4.0	2.0
247	0.0	0.0	0.0	0.0	0.0	0.0	0.0
248	1.0	0.0	1.0	0.0	1.0	2.0	1.0
249	2.0	1.0	2.0	1.0	1.6680000000000001	4.332	2.0
250	2.0	0.0	0.0	0.0	1.0	2.0	0.0
251	1.0	0.0	1.0	0.0	0.3330000000000002	2.667	1.0
252	3.0	1.0	1.0	1.0	2.3360000000000003	6.664	1.0
253	0.0	0.0	0.0	0.0	0.0	0.0	0.0
254	3.0	0.0	2.0	0.0	3.0	6.0	2.0
255	2.0	1.0	1.0	0.0	2.668	6.332	1.0
256	0.0	0.0	0.0	0.0	0.0	0.0	0.0
257	1.0	1.0	1.0	1.0	0.6660000000000004	5.334	2.0
258	1.0	0.0	0.0	0.0	1.0	2.0	0.0
259	1.0	1.0	0.0	1.0	1.3330000000000002	4.667	1.0
260	2.0	0.0	2.0	0.0	2.0	4.0	2.0
261	2.0	0.0	2.0	0.0	2.0	4.0	2.0
262	2.0	0.0	0.0	0.0	2.0	4.0	0.0
263	1.0	0.0	1.0	0.0	0.3330000000000002	2.667	1.0
264	1.0	0.0	1.0	0.0	0.6680000000000001	2.332	1.0
265	0.0	0.0	0.0	0.0	0.0	0.0	0.0
266	2.0	0.0	0.0	0.0	2.8	3.2	0.0
267	2.0	1.0	0.0	0.0	2.0	4.0	0.0
268	2.0	0.0	1.0	0.0	1.3360000000000003	4.664	1.0
269	0.0	0.0	0.0	0.0	0.0	0.0	0.0
270	3.0	0.0	1.0	0.0	3.0	6.0	1.0
271	1.0	0.0	0.0	0.0	1.0	2.0	0.0
272	2.0	0.0	0.0	0.0	2.068	3.932	0.0
273	1.0	0.0	1.0	0.0	0.3330000000000002	2.667	1.0
274	1.0	0.0	1.0	0.0	1.0	2.0	1.0
275	1.0	0.0	1.0	0.0	0.6680000000000001	2.332	1.0
276	2.0	0.0	2.0	0.0	2.0	4.0	2.0
277	1.0	0.0	0.0	0.0	1.0	2.0	0.0
278	2.0	0.0	0.0	0.0	2.0	4.0	0.0
279	0.0	0.0	0.0	0.0	0.0	0.0	0.0
280	1.0	0.0	0.0	0.0	1.0	2.0	0.0
281	3.0	0.0	2.0	0.0	3.0	6.0	2.0
282	2.0	0.0	2.0	0.0	2.0	4.0	2.0
283	0.0	0.0	0.0	0.0	0.0	0.0	0.0
284	2.0	0.0	0.0	0.0	2.0	4.0	0.0
285	1.0	0.0	1.0	0.0	1.0	2.0	1.0
286	2.0	0.0	1.0	0.0	2.0	4.0	1.0
287	0.0	0.0	0.0	0.0	0.0	0.0	0.0
288	0.0	0.0	0.0	0.0	0.0	0.0	0.0
289	0.0	0.0	0.0	0.0	0.0	0.0	0.0
290	0.0	0.0	0.0	0.0	0.0	0.0	0.0
291	0.0	0.0	0.0	0.0	0.0	0.0	0.0
292	1.0	0.0	0.0	0.0	0.3330000000000002	2.667	0.0
293	1.0	0.0	0.0	0.0	1.0	2.0	0.0
294	1.0	1.0	0.0	1.0	2.0	4.0	1.0
295	1.0	2.0	0.0	2.0	1.3330000000000002	4.667	1.0
296	0.0	0.0	0.0	0.0	0.0	0.0	0.0
297	1.0	0.0	1.0	0.0	1.0	2.0	1.0
298	1.0	0.0	1.0	0.0	1.0	2.0	1.0
299	2.0	0.0	1.0	0.0	2.4	3.6	1.0
300	3.0	1.0	2.0	1.0	4.0	8.0	3.0
301	3.0	0.0	0.0	0.0	2.736	6.263999999999999	0.0
302	1.0	0.0	1.0	0.0	1.0	2.0	1.0
303	0.0	0.0	0.0	0.0	0.0	0.0	0.0
304	1.0	0.0	0.0	0.0	0.3330000000000002	2.667	0.0
305	2.0	0.0	0.0	0.0	2.0	4.0	0.0
306	0.0	0.0	0.0	0.0	0.0	0.0	0.0
307	2.0	0.0	1.0	0.0	2.0	4.0	1.0
308	2.0	0.0	0.0	0.0	2.0	4.0	0.0
309	1.0	0.0	1.0	0.0	1.0	2.0	1.0
310	3.0	0.0	1.0	0.0	3.0	6.0	1.0
311	1.0	0.0	0.0	0.0	1.0	2.0	0.0
312	0.0	0.0	0.0	0.0	0.0	0.0	0.0
313	0.0	0.0	0.0	0.0	0.0	0.0	0.0
314	2.0	0.0	2.0	0.0	2.8	3.2	2.0
315	1.0	0.0	0.0	0.0	1.0	2.0	0.0
316	3.0	0.0	1.0	0.0	3.068	5.932	1.0
317	3.0	0.0	3.0	0.0	2.0040000000000004	6.9959999999999996	3.0
318	2.0	0.0	0.0	0.0	0.6660000000000004	5.334	0.0
319	2.0	0.0	1.0	0.0	2.0	4.0	1.0
320	2.0	0.0	1.0	0.0	2.0	4.0	1.0
321	0.0	0.0	0.0	0.0	0.0	0.0	0.0
322	2.0	0.0	2.0	0.0	2.068	3.932	2.0
323	3.0	0.0	3.0	0.0	3.0	6.0	3.0
324	2.0	0.0	1.0	0.0	2.0	4.0	1.0
325	2.0	0.0	1.0	0.0	2.0	4.0	1.0
326	2.0	0.0	0.0	0.0	2.0	4.0	0.0
327	2.0	0.0	1.0	0.0	2.0	4.0	1.0
328	0.0	0.0	0.0	0.0	0.0	0.0	0.0
329	2.0	0.0	2.0	0.0	1.6680000000000001	4.332	2.0
330	0.0	0.0	0.0	0.0	0.0	0.0	0.0
331	1.0	0.0	1.0	0.0	0.6680000000000001	2.332	1.0
332	0.0	0.0	0.0	0.0	0.0	0.0	0.0
333	0.0	0.0	0.0	0.0	0.0	0.0	0.0
334	1.0	0.0	1.0	0.0	0.6680000000000001	2.332	1.0
335	2.0	0.0	2.0	0.0	2.0	4.0	2.0
336	2.0	2.0	2.0	0.0	3.0	6.0	2.0
337	2.0	0.0	2.0	0.0	2.0	4.0	2.0
338	1.0	0.0	1.0	0.0	1.0	2.0	1.0
339	0.0	1.0	0.0	0.0	0.3330000000000002	2.667	0.0
340	1.0	0.0	0.0	0.0	1.0	2.0	0.0
341	1.0	1.0	1.0	0.0	2.0	4.0	1.0
342	2.0	1.0	0.0	1.0	3.068	5.932	1.0
343	0.0	0.0	0.0	0.0	0.0	0.0	0.0
344	2.0	3.0	0.0	2.0	2.3360000000000003	6.664	1.0
345	1.0	1.0	1.0	1.0	1.0	2.0	1.0
346	1.0	0.0	0.0	0.0	1.0	2.0	0.0
347	0.0	0.0	0.0	0.0	0.0	0.0	0.0
348	1.0	2.0	0.0	2.0	2.0010000000000003	6.999	2.0
349	0.0	1.0	0.0	0.0	1.0	2.0	0.0
350	1.0	0.0	1.0	0.0	1.0	2.0	1.0
351	1.0	0.0	1.0	0.0	1.0	2.0	1.0
352	0.0	0.0	0.0	0.0	0.0	0.0	0.0
353	0.0	0.0	0.0	0.0	0.0	0.0	0.0
354	2.0	0.0	0.0	0.0	0.6680000000000001	2.332	0.0
355	1.0	3.0	1.0	2.0	3.4	8.6	3.0
356	1.0	0.0	1.0	0.0	0.3330000000000002	2.667	1.0
357	2.0	0.0	1.0	0.0	2.0	4.0	1.0
358	1.0	1.0	1.0	0.0	1.3330000000000002	4.667	1.0
359	1.0	1.0	0.0	1.0	2.0	4.0	1.0
360	2.0	1.0	0.0	0.0	1.3330000000000002	4.667	0.0
361	1.0	0.0	1.0	0.0	1.0	2.0	1.0
362	0.0	0.0	0.0	0.0	0.0	0.0	0.0
363	2.0	0.0	0.0	0.0	2.8	3.2	0.0
364	0.0	0.0	0.0	0.0	0.0	0.0	0.0
365	0.0	0.0	0.0	0.0	0.0	0.0	0.0
366	0.0	0.0	0.0	0.0	0.0	0.0	0.0
367	1.0	0.0	0.0	0.0	1.0	2.0	0.0
368	1.0	0.0	1.0	0.0	1.0	2.0	1.0
369	1.0	0.0	1.0	0.0	1.0	2.0	1.0
370	2.0	0.0	2.0	0.0	1.6680000000000001	4.332	2.0
371	2.0	0.0	0.0	0.0	2.0	4.0	0.0
372	2.0	0.0	1.0	0.0	2.0	4.0	1.0
373	2.0	0.0	2.0	0.0	2.0	4.0	2.0
374	1.0	0.0	0.0	0.0	1.0	2.0	0.0
375	2.0	0.0	1.0	0.0	2.4	3.6	1.0
376	2.0	0.0	2.0	0.0	1.3360000000000003	4.664	2.0
377	1.0	0.0	1.0	0.0	1.4	1.6	1.0
378	1.0	0.0	1.0	0.0	1.4	1.6	1.0
379	1.0	0.0	1.0	0.0	0.3330000000000002	2.667	1.0
380	1.0	0.0	1.0	0.0	0.3330000000000002	2.667	1.0
381	1.0	0.0	0.0	0.0	1.0	2.0	0.0
382	1.0	0.0	0.0	0.0	1.0	2.0	0.0
383	2.0	0.0	0.0	0.0	2.0	4.0	0.0
384	0.0	0.0	0.0	0.0	0.0	0.0	0.0
385	1.0	0.0	1.0	0.0	1.0	2.0	1.0
386	0.0	0.0	0.0	0.0	0.0	0.0	0.0
387	0.0	0.0	0.0	0.0	0.0	0.0	0.0
388	0.0	0.0	0.0	0.0	0.0	0.0	0.0
389	2.0	0.0	0.0	0.0	2.0	4.0	0.0
390	0.0	0.0	0.0	0.0	0.0	0.0	0.0
391	0.0	0.0	0.0	0.0	0.0	0.0	0.0
392	1.0	0.0	0.0	0.0	0.3330000000000002	2.667	0.0
393	2.0	0.0	1.0	0.0	2.0	4.0	1.0
394	1.0	0.0	1.0	0.0	0.3330000000000002	2.667	1.0
395	1.0	0.0	1.0	0.0	0.6680000000000001	2.332	1.0
396	1.0	0.0	1.0	0.0	0.6680000000000001	2.332	1.0
397	3.0	1.0	2.0	1.0	4.0	8.0	3.0
398	3.0	0.0	1.0	0.0	3.468	5.532	1.0
399	2.0	0.0	2.0	0.0	2.4	3.6	2.0
400	0.0	1.0	0.0	1.0	1.0	2.0	1.0
401	1.0	2.0	1.0	0.0	2.3360000000000003	6.664	1.0
402	1.0	0.0	0.0	0.0	0.3330000000000002	2.667	0.0
403	2.0	0.0	0.0	0.0	1.3360000000000003	4.664	0.0
404	2.0	0.0	1.0	0.0	2.0	4.0	1.0
405	0.0	1.0	0.0	0.0	0.6680000000000001	2.332	0.0
406	0.0	0.0	0.0	0.0	0.0	0.0	0.0
407	2.0	0.0	1.0	0.0	2.0	4.0	1.0
408	0.0	0.0	0.0	0.0	0.0	0.0	0.0
409	1.0	0.0	0.0	0.0	0.3330000000000002	2.667	0.0
410	1.0	0.0	1.0	0.0	1.0	2.0	1.0
411	0.0	0.0	0.0	0.0	0.0	0.0	0.0
412	1.0	0.0	0.0	0.0	1.0	2.0	0.0
413	0.0	0.0	0.0	0.0	0.0	0.0	0.0
414	1.0	0.0	1.0	0.0	0.3330000000000002	2.667	1.0
415	0.0	0.0	0.0	0.0	0.0	0.0	0.0
416	2.0	0.0	1.0	0.0	2.0	4.0	1.0
417	2.0	1.0	0.0	0.0	3.0	6.0	0.0
418	1.0	0.0	1.0	0.0	0.3330000000000002	2.667	1.0
419	0.0	0.0	0.0	0.0	0.0	0.0	0.0
420	0.0	0.0	0.0	0.0	0.0	0.0	0.0
421	0.0	0.0	0.0	0.0	0.0	0.0	0.0
422	2.0	0.0	1.0	0.0	2.0	4.0	1.0
423	3.0	0.0	1.0	0.0	3.8	5.2	1.0
424	2.0	0.0	0.0	0.0	2.0	4.0	0.0
425	4.0	0.0	1.0	0.0	2.736	6.263999999999999	1.0
426	0.0	0.0	0.0	0.0	0.0	0.0	0.0
427	2.0	0.0	2.0	0.0	0.6660000000000004	5.334	2.0
428	2.0	0.0	2.0	0.0	2.8	3.2	2.0
429	1.0	1.0	1.0	0.0	0.6660000000000004	5.334	1.0
430	0.0	0.0	0.0	0.0	0.0	0.0	0.0
431	0.0	0.0	0.0	0.0	0.0	0.0	0.0
432	1.0	0.0	0.0	0.0	1.0	2.0	0.0
433	1.0	0.0	1.0	0.0	1.0	2.0	1.0
434	2.0	0.0	0.0	0.0	2.0	4.0	0.0
435	0.0	0.0	0.0	0.0	0.0	0.0	0.0
436	0.0	0.0	0.0	0.0	0.0	0.0	0.0
437	1.0	0.0	0.0	0.0	1.0	2.0	0.0
438	2.0	0.0	2.0	0.0	2.0	4.0	2.0
439	1.0	0.0	0.0	0.0	0.3330000000000002	2.667	0.0
440	0.0	0.0	0.0	0.0	0.0	0.0	0.0
441	0.0	0.0	0.0	0.0	0.0	0.0	0.0
442	1.0	0.0	0.0	0.0	0.3330000000000002	2.667	0.0
443	0.0	0.0	0.0	0.0	0.0	0.0	0.0
444	2.0	0.0	2.0	0.0	2.0	4.0	2.0
445	0.0	0.0	0.0	0.0	0.0	0.0	0.0
446	0.0	0.0	0.0	0.0	0.0	0.0	0.0
447	1.0	0.0	1.0	0.0	1.0	2.0	1.0
448	2.0	0.0	1.0	0.0	2.0	4.0	1.0
449	0.0	1.0	0.0	0.0	1.0	2.0	0.0
450	2.0	0.0	1.0	0.0	0.6660000000000004	5.334	1.0
451	0.0	0.0	0.0	0.0	0.0	0.0	0.0
452	1.0	0.0	1.0	0.0	1.0	2.0	1.0
453	1.0	0.0	1.0	0.0	1.0	2.0	1.0
454	1.0	0.0	0.0	0.0	1.0	2.0	0.0
455	1.0	0.0	1.0	0.0	0.6680000000000001	2.332	1.0
456	2.0	0.0	2.0	0.0	2.0	4.0	2.0
457	2.0	0.0	0.0	0.0	0.6660000000000004	5.334	0.0
458	0.0	0.0	0.0	0.0	0.0	0.0	0.0
459	2.0	0.0	1.0	0.0	2.0	4.0	1.0
460	0.0	0.0	0.0	0.0	0.0	0.0	0.0
461	1.0	0.0	0.0	0.0	0.3330000000000002	2.667	0.0
462	2.0	0.0	2.0	0.0	0.6680000000000001	2.332	1.0
463	1.0	0.0	0.0	0.0	0.3330000000000002	2.667	0.0
464	1.0	0.0	1.0	0.0	1.0	2.0	1.0
465	2.0	0.0	2.0	0.0	2.0	4.0	2.0
466	1.0	2.0	0.0	1.0	0.9990000000000006	8.001	1.0
467	2.0	0.0	2.0	0.0	2.0	4.0	2.0
468	2.0	0.0	1.0	0.0	2.0	4.0	1.0
469	1.0	0.0	1.0	0.0	1.0	2.0	1.0
470	2.0	0.0	2.0	0.0	2.0	4.0	2.0
471	0.0	0.0	0.0	0.0	0.0	0.0	0.0
472	1.0	0.0	1.0	0.0	1.4	1.6	1.0
473	3.0	0.0	1.0	0.0	3.0	6.0	1.0
474	0.0	0.0	0.0	0.0	0.0	0.0	0.0
475	2.0	0.0	1.0	0.0	2.0	4.0	1.0
476	2.0	0.0	1.0	0.0	2.0	4.0	1.0
477	1.0	0.0	0.0	0.0	1.0	2.0	0.0
478	2.0	0.0	1.0	0.0	2.0	4.0	1.0
479	2.0	0.0	1.0	0.0	0.6660000000000004	5.334	1.0
480	0.0	0.0	0.0	0.0	0.0	0.0	0.0
481	1.0	1.0	0.0	0.0	1.0010000000000003	4.999	0.0
482	1.0	0.0	0.0	0.0	0.3330000000000002	2.667	0.0
483	2.0	0.0	2.0	0.0	2.4	3.6	2.0
484	1.0	0.0	0.0	0.0	1.0	2.0	0.0
485	0.0	0.0	0.0	0.0	0.0	0.0	0.0
486	2.0	0.0	2.0	0.0	2.0	4.0	2.0
487	0.0	0.0	0.0	0.0	0.0	0.0	0.0
488	0.0	0.0	0.0	0.0	0.0	0.0	0.0
489	3.0	0.0	1.0	0.0	3.4	5.6	1.0
490	1.0	0.0	1.0	0.0	0.3330000000000002	2.667	1.0
491	1.0	1.0	0.0	1.0	1.6680000000000001	4.332	1.0
492	0.0	0.0	0.0	0.0	0.0	0.0	0.0
493	0.0	0.0	0.0	0.0	0.0	0.0	0.0
494	2.0	1.0	1.0	1.0	3.0	6.0	2.0
495	1.0	0.0	0.0	0.0	0.3330000000000002	2.667	0.0
496	0.0	2.0	0.0	0.0	0.3330000000000002	2.667	0.0
497	2.0	0.0	2.0	0.0	2.4	3.6	2.0
498	2.0	0.0	0.0	0.0	2.0	4.0	0.0
499	1.0	2.0	0.0	1.0	1.6680000000000001	4.332	1.0
500	1.0	3.0	1.0	2.0	2.668	6.332	2.0
501	2.0	0.0	0.0	0.0	2.0	4.0	0.0
502	0.0	0.0	0.0	0.0	0.0	0.0	0.0
503	0.0	1.0	0.0	1.0	1.0	2.0	1.0
504	1.0	1.0	0.0	1.0	1.6680000000000001	4.332	1.0
505	0.0	0.0	0.0	0.0	0.0	0.0	0.0
506	2.0	0.0	2.0	0.0	2.0	4.0	2.0
507	0.0	1.0	0.0	1.0	1.0	2.0	1.0
508	2.0	0.0	1.0	0.0	2.0	4.0	1.0
509	3.0	0.0	1.0	0.0	3.0	6.0	1.0
510	0.0	2.0	0.0	1.0	1.6680000000000001	4.332	1.0
511	2.0	0.0	2.0	0.0	2.0	4.0	2.0
512	2.0	1.0	1.0	1.0	3.0	6.0	2.0
513	1.0	0.0	1.0	0.0	1.0	2.0	1.0
514	2.0	0.0	2.0	0.0	2.4	3.6	2.0
515	0.0	0.0	0.0	0.0	0.0	0.0	0.0
516	0.0	1.0	0.0	0.0	0.3330000000000002	2.667	0.0
517	1.0	3.0	0.0	1.0	1.6660000000000004	7.334	1.0
518	1.0	1.0	0.0	1.0	1.3330000000000002	4.667	1.0
519	0.0	0.0	0.0	0.0	0.0	0.0	0.0
520	0.0	0.0	0.0	0.0	0.0	0.0	0.0
521	0.0	1.0	0.0	1.0	0.3330000000000002	2.667	1.0
522	0.0	0.0	0.0	0.0	0.0	0.0	0.0
523	0.0	0.0	0.0	0.0	0.0	0.0	0.0
524	0.0	0.0	0.0	0.0	0.0	0.0	0.0
525	1.0	0.0	1.0	0.0	0.3330000000000002	2.667	1.0
526	1.0	1.0	1.0	1.0	1.6680000000000001	4.332	2.0
527	1.0	0.0	0.0	0.0	0.3330000000000002	2.667	0.0
528	2.0	0.0	1.0	0.0	2.0	4.0	1.0
529	2.0	0.0	1.0	0.0	2.0	4.0	1.0
530	2.0	0.0	2.0	0.0	2.0	4.0	2.0
531	2.0	0.0	1.0	0.0	2.0	4.0	1.0
532	0.0	2.0	0.0	1.0	1.0	5.0	1.0
533	1.0	0.0	0.0	0.0	1.0	2.0	0.0
534	1.0	0.0	0.0	0.0	1.0	2.0	0.0
535	1.0	0.0	1.0	0.0	1.0	2.0	1.0
536	2.0	0.0	1.0	0.0	2.0	4.0	1.0
537	2.0	0.0	2.0	0.0	2.0	4.0	2.0
538	2.0	0.0	1.0	0.0	2.0	4.0	1.0
539	1.0	0.0	0.0	0.0	0.6680000000000001	2.332	0.0
540	1.0	0.0	0.0	0.0	1.0	2.0	0.0
541	0.0	0.0	0.0	0.0	0.0	0.0	0.0
542	1.0	0.0	0.0	0.0	0.3330000000000002	2.667	0.0
543	1.0	0.0	0.0	0.0	1.0	2.0	0.0
544	1.0	0.0	1.0	0.0	0.6680000000000001	2.332	1.0
545	0.0	0.0	0.0	0.0	0.0	0.0	0.0
546	2.0	0.0	2.0	0.0	2.0	4.0	2.0
547	1.0	0.0	0.0	0.0	1.0	2.0	0.0
548	2.0	0.0	1.0	0.0	2.4	3.6	1.0
549	1.0	0.0	0.0	0.0	0.6680000000000001	2.332	0.0
550	0.0	0.0	0.0	0.0	0.0	0.0	0.0
551	2.0	0.0	0.0	0.0	2.0	4.0	0.0
552	3.0	1.0	2.0	1.0	4.4	7.6	3.0
553	3.0	0.0	3.0	0.0	3.0	6.0	3.0
554	1.0	0.0	0.0	0.0	1.0	2.0	0.0
555	0.0	0.0	0.0	0.0	0.0	0.0	0.0
556	1.0	0.0	1.0	0.0	1.0	2.0	1.0
557	0.0	0.0	0.0	0.0	0.0	0.0	0.0
558	1.0	0.0	0.0	0.0	0.3330000000000002	2.667	0.0
559	1.0	0.0	0.0	0.0	1.0	2.0	0.0
560	0.0	0.0	0.0	0.0	0.0	0.0	0.0
561	1.0	0.0	1.0	0.0	1.0	2.0	1.0
562	1.0	0.0	0.0	0.0	1.0	2.0	0.0
563	0.0	0.0	0.0	0.0	0.0	0.0	0.0
564	0.0	0.0	0.0	0.0	0.0	0.0	0.0
565	0.0	0.0	0.0	0.0	0.0	0.0	0.0
566	1.0	0.0	1.0	0.0	1.0	2.0	1.0
567	1.0	0.0	0.0	0.0	1.0	2.0	0.0
568	2.0	0.0	1.0	0.0	0.6660000000000004	5.334	1.0
569	2.0	0.0	1.0	0.0	0.6660000000000004	5.334	1.0
570	1.0	0.0	1.0	0.0	0.6680000000000001	2.332	1.0
571	1.0	0.0	0.0	0.0	1.0	2.0	0.0
572	0.0	0.0	0.0	0.0	0.0	0.0	0.0
573	1.0	0.0	0.0	0.0	1.0	2.0	0.0
574	2.0	1.0	1.0	0.0	2.333	6.667	1.0
575	3.0	0.0	2.0	0.0	3.0	6.0	2.0
576	2.0	0.0	0.0	0.0	2.0	4.0	0.0
577	1.0	0.0	0.0	0.0	1.0	2.0	0.0
578	2.0	1.0	2.0	0.0	3.4	5.6	2.0
579	1.0	0.0	0.0	0.0	1.0	2.0	0.0
580	1.0	0.0	1.0	0.0	0.3330000000000002	2.667	1.0
581	1.0	0.0	1.0	0.0	1.0	2.0	1.0
582	1.0	1.0	1.0	0.0	1.3360000000000003	4.664	1.0
583	2.0	0.0	1.0	0.0	2.0	4.0	1.0
584	0.0	0.0	0.0	0.0	0.0	0.0	0.0
585	2.0	0.0	1.0	0.0	2.0	4.0	1.0
586	2.0	0.0	1.0	0.0	2.0	4.0	1.0
587	1.0	0.0	1.0	0.0	0.3330000000000002	2.667	1.0
588	1.0	1.0	1.0	1.0	1.6680000000000001	4.332	2.0
589	0.0	3.0	0.0	2.0	0.9990000000000006	8.001	2.0
590	1.0	1.0	1.0	1.0	0.6660000000000004	5.334	2.0
591	2.0	0.0	1.0	0.0	2.0	4.0	1.0
592	1.0	0.0	1.0	0.0	0.3330000000000002	2.667	1.0
593	1.0	3.0	0.0	1.0	2.333	6.667	1.0
594	1.0	2.0	0.0	0.0	0.3330000000000002	2.667	0.0
595	1.0	2.0	1.0	0.0	3.4	5.6	1.0
596	1.0	0.0	1.0	0.0	0.3330000000000002	2.667	1.0
597	1.0	0.0	1.0	0.0	0.3330000000000002	2.667	1.0
598	1.0	1.0	1.0	0.0	0.6660000000000004	5.334	1.0
599	1.0	2.0	0.0	0.0	1.3330000000000002	4.667	0.0
600	2.0	0.0	1.0	0.0	2.0	4.0	1.0
601	1.0	0.0	0.0	0.0	1.0	2.0	0.0
602	1.0	0.0	1.0	0.0	1.4	1.6	1.0
603	0.0	0.0	0.0	0.0	0.0	0.0	0.0
604	0.0	0.0	0.0	0.0	0.0	0.0	0.0
605	2.0	0.0	1.0	0.0	0.6660000000000004	5.334	1.0
606	2.0	0.0	1.0	0.0	2.0	4.0	1.0
607	1.0	0.0	0.0	0.0	1.0	2.0	0.0
608	1.0	1.0	1.0	0.0	2.0	4.0	1.0
609	3.0	0.0	2.0	0.0	3.0	6.0	2.0
610	0.0	1.0	0.0	0.0	0.3330000000000002	2.667	0.0
611	2.0	0.0	2.0	0.0	2.0	4.0	2.0
612	2.0	0.0	2.0	0.0	2.0	4.0	2.0
613	2.0	0.0	1.0	0.0	2.0	4.0	1.0
614	2.0	0.0	2.0	0.0	2.0	4.0	2.0
615	2.0	0.0	1.0	0.0	2.0	4.0	1.0
616	2.0	0.0	0.0	0.0	0.6660000000000004	5.334	0.0
617	2.0	2.0	2.0	1.0	3.668	8.332	3.0
618	1.0	0.0	0.0	0.0	0.3330000000000002	2.667	0.0
619	1.0	0.0	0.0	0.0	1.0	2.0	0.0
620	2.0	0.0	1.0	0.0	2.0	4.0	1.0
621	1.0	0.0	0.0	0.0	0.3330000000000002	2.667	0.0
622	1.0	2.0	0.0	1.0	0.6660000000000004	5.334	1.0
623	1.0	3.0	0.0	2.0	2.3360000000000003	9.664	2.0
624	2.0	0.0	1.0	0.0	2.0	4.0	1.0
625	1.0	1.0	1.0	1.0	0.6680000000000001	2.332	1.0
626	1.0	2.0	0.0	1.0	3.0	6.0	1.0
627	1.0	1.0	0.0	1.0	1.6680000000000001	4.332	1.0
628	1.0	4.0	0.0	3.0	2.9990000000000006	12.001	3.0
629	2.0	0.0	1.0	0.0	2.0	4.0	1.0
630	2.0	0.0	1.0	0.0	2.0	4.0	1.0
631	2.0	1.0	1.0	1.0	2.0	4.0	1.0
632	0.0	2.0	0.0	1.0	1.6680000000000001	4.332	1.0
633	2.0	1.0	1.0	0.0	3.0	6.0	1.0
634	1.0	0.0	0.0	0.0	0.3330000000000002	2.667	0.0
635	0.0	0.0	0.0	0.0	0.0	0.0	0.0
