pos	Sd	Nd	Sd_tip	Nd_tip	S	N	comparisons
001	0.0	0.0	0.0	0.0	0.0	0.0	0.0
002	1.0	0.0	1.0	0.0	0.3330000000000002	2.667	1.0
003	0.0	0.0	0.0	0.0	0.0	0.0	0.0
004	1.0	0.0	0.0	0.0	1.0	2.0	0.0
005	1.0	1.0	1.0	1.0	2.068	3.932	2.0
006	0.0	0.0	0.0	0.0	0.0	0.0	0.0
007	2.0	1.0	1.0	1.0	2.0	4.0	1.0
008	0.0	0.0	0.0	0.0	0.0	0.0	0.0
009	1.0	0.0	1.0	0.0	1.0	2.0	1.0
010	2.0	0.0	2.0	0.0	2.0	4.0	2.0
011	1.0	0.0	1.0	0.0	0.3330000000000002	2.667	1.0
012	1.0	0.0	0.0	0.0	1.0	2.0	0.0
013	1.0	2.0	1.0	1.0	1.3330000000000002	4.667	1.0
014	1.0	3.0	0.0	2.0	1.3330000000000002	4.667	1.0
015	1.0	1.0	1.0	1.0	1.6680000000000001	4.332	2.0
016	1.0	2.0	0.0	2.0	2.333	6.667	2.0
017	0.0	1.0	0.0	1.0	0.3330000000000002	2.667	1.0
018	1.0	2.0	1.0	2.0	1.6680000000000001	4.332	2.0
019	2.0	2.0	2.0	2.0	2.333	6.667	3.0
020	0.0	0.0	0.0	0.0	0.0	0.0	0.0
021	0.0	0.0	0.0	0.0	0.0	0.0	0.0
022	2.0	1.0	2.0	1.0	2.668	6.332	3.0
023	1.0	0.0	1.0	0.0	1.0	2.0	1.0
024	0.0	0.0	0.0	0.0	0.0	0.0	0.0
025	1.0	3.0	1.0	3.0	1.6690000000000005	7.3309999999999995	3.0
026	0.0	2.0	0.0	2.0	1.0	2.0	1.0
027	2.0	1.0	2.0	1.0	1.6660000000000004	7.334	3.0
028	1.0	0.0	1.0	0.0	0.3330000000000002	2.667	1.0
029	2.0	2.0	1.0	2.0	3.0	6.0	2.0
030	1.0	1.0	1.0	1.0	1.0	2.0	1.0
031	1.0	1.0	1.0	1.0	2.4	3.6	2.0
032	2.0	3.0	2.0	3.0	2.333	6.667	3.0
033	0.0	0.0	0.0	0.0	0.0	0.0	0.0
034	0.0	0.0	0.0	0.0	0.0	0.0	0.0
035	0.0	0.0	0.0	0.0	0.0	0.0	0.0
036	0.0	0.0	0.0	0.0	0.0	0.0	0.0
037	1.0	4.0	1.0	3.0	2.333	6.667	2.0
038	0.0	3.0	0.0	2.0	1.6660000000000004	7.334	2.0
039	1.0	2.0	1.0	2.0	0.3330000000000002	2.667	1.0
040	2.0	3.0	2.0	2.0	1.6660000000000004	7.334	2.0
041	1.0	1.0	1.0	1.0	2.0	4.0	2.0
042	2.0	3.0	1.0	2.0	4.668	10.332	3.0
043	0.0	3.0	0.0	2.0	1.3340000000000005	7.6659999999999995	2.0
044	2.0	1.0	1.0	1.0	3.4	5.6	2.0
045	2.0	1.0	1.0	1.0	3.0	6.0	2.0
046	1.0	0.0	0.0	0.0	1.0	2.0	0.0
047	2.0	2.0	2.0	2.0	2.0	4.0	2.0
048	2.0	0.0	2.0	0.0	2.0	4.0	2.0
049	3.0	2.0	3.0	2.0	2.0	4.0	2.0
050	2.0	2.0	2.0	2.0	1.3330000000000002	4.667	2.0
051	0.0	1.0	0.0	1.0	0.3330000000000002	2.667	1.0
052	0.0	2.0	0.0	2.0	0.3330000000000002	2.667	1.0
053	2.0	1.0	2.0	1.0	2.0	4.0	2.0
054	0.0	0.0	0.0	0.0	0.0	0.0	0.0
055	0.0	0.0	0.0	0.0	0.0	0.0	0.0
056	0.0	0.0	0.0	0.0	0.0	0.0	0.0
057	0.0	0.0	0.0	0.0	0.0	0.0	0.0
058	0.0	0.0	0.0	0.0	0.0	0.0	0.0
059	1.0	1.0	1.0	1.0	1.0	2.0	1.0
060	1.0	3.0	1.0	2.0	2.668	6.332	2.0
061	2.0	2.0	2.0	2.0	2.0	4.0	2.0
062	3.0	0.0	3.0	0.0	3.0	6.0	3.0
063	1.0	2.0	1.0	2.0	1.0	2.0	1.0
064	2.0	2.0	2.0	2.0	1.6680000000000001	4.332	2.0
065	1.0	2.0	1.0	2.0	0.6680000000000001	2.332	1.0
066	2.0	0.0	1.0	0.0	2.0	4.0	1.0
067	0.0	3.0	0.0	3.0	3.0	6.0	3.0
068	0.0	2.0	0.0	2.0	0.3330000000000002	2.667	1.0
069	1.0	0.0	1.0	0.0	1.0	2.0	1.0
070	1.0	2.0	1.0	1.0	0.6660000000000004	5.334	1.0
071	2.0	2.0	2.0	2.0	2.333	6.667	3.0
072	3.0	2.0	3.0	2.0	2.668	6.332	3.0
073	0.0	0.0	0.0	0.0	0.0	0.0	0.0
074	1.0	0.0	1.0	0.0	0.3330000000000002	2.667	1.0
075	0.0	0.0	0.0	0.0	0.0	0.0	0.0
076	1.0	2.0	0.0	2.0	3.0	6.0	2.0
077	0.0	3.0	0.0	2.0	2.668	6.332	2.0
078	1.0	0.0	1.0	0.0	0.3330000000000002	2.667	1.0
079	1.0	1.0	1.0	1.0	0.6660000000000004	5.334	2.0
080	0.0	2.0	0.0	2.0	0.3330000000000002	2.667	1.0
081	1.0	0.0	1.0	0.0	1.0	2.0	1.0
082	1.0	1.0	1.0	1.0	0.6660000000000004	5.334	2.0
083	1.0	1.0	1.0	0.0	0.6660000000000004	5.334	1.0
084	0.0	1.0	0.0	1.0	1.0	2.0	1.0
085	2.0	2.0	2.0	2.0	1.3330000000000002	4.667	2.0
086	1.0	0.0	1.0	0.0	0.3330000000000002	2.667	1.0
087	1.0	1.0	1.0	1.0	0.6680000000000001	2.332	1.0
088	0.0	0.0	0.0	0.0	0.0	0.0	0.0
089	0.0	0.0	0.0	0.0	0.0	0.0	0.0
090	0.0	0.0	0.0	0.0	0.0	0.0	0.0
091	0.0	0.0	0.0	0.0	0.0	0.0	0.0
092	0.0	0.0	0.0	0.0	0.0	0.0	0.0
093	0.0	0.0	0.0	0.0	0.0	0.0	0.0
094	0.0	0.0	0.0	0.0	0.0	0.0	0.0
095	0.0	0.0	0.0	0.0	0.0	0.0	0.0
096	0.0	0.0	0.0	0.0	0.0	0.0	0.0
097	0.0	0.0	0.0	0.0	0.0	0.0	0.0
098	1.0	2.0	0.0	2.0	1.3330000000000002	4.667	1.0
099	0.0	2.0	0.0	2.0	0.3330000000000002	2.667	1.0
100	0.0	3.0	0.0	3.0	1.0	5.0	2.0
101	1.0	1.0	1.0	1.0	1.0	2.0	1.0
102	2.0	0.0	2.0	0.0	2.0	4.0	2.0
103	1.0	2.0	1.0	2.0	1.0	2.0	1.0
104	1.0	2.0	0.0	0.0	1.0	2.0	0.0
105	2.0	2.0	2.0	2.0	1.3330000000000002	4.667	2.0
106	1.0	3.0	1.0	3.0	1.6680000000000001	4.332	2.0
107	0.0	3.0	0.0	3.0	0.6660000000000004	5.334	2.0
108	1.0	2.0	0.0	1.0	0.3330000000000002	5.667	1.0
109	0.0	0.0	0.0	0.0	0.0	0.0	0.0
110	1.0	0.0	0.0	0.0	0.3330000000000002	2.667	0.0
111	1.0	3.0	1.0	1.0	2.668	6.332	2.0
112	1.0	0.0	1.0	0.0	0.3330000000000002	2.667	1.0
113	1.0	0.0	1.0	0.0	0.3330000000000002	2.667	1.0
114	1.0	1.0	0.0	0.0	0.3330000000000002	2.667	0.0
115	1.0	0.0	1.0	0.0	1.0	2.0	1.0
116	0.0	0.0	0.0	0.0	0.0	0.0	0.0
117	0.0	0.0	0.0	0.0	0.0	0.0	0.0
118	0.0	3.0	0.0	2.0	0.6660000000000004	5.334	1.0
119	2.0	2.0	2.0	2.0	2.668	6.332	3.0
120	1.0	0.0	1.0	0.0	0.6680000000000001	2.332	1.0
121	1.0	2.0	1.0	2.0	2.333	6.667	3.0
122	0.0	2.0	0.0	2.0	0.3330000000000002	2.667	1.0
123	2.0	0.0	2.0	0.0	2.0	4.0	2.0
124	1.0	1.0	1.0	1.0	0.6660000000000004	5.334	2.0
125	0.0	2.0	0.0	2.0	1.0	2.0	1.0
126	2.0	1.0	2.0	1.0	2.333	6.667	3.0
127	3.0	3.0	3.0	1.0	4.668	10.332	3.0
128	0.0	5.0	0.0	3.0	1.9990000000000006	10.001	3.0
129	1.0	1.0	1.0	1.0	0.6680000000000001	2.332	1.0
130	2.0	1.0	2.0	1.0	2.0	4.0	2.0
131	0.0	0.0	0.0	0.0	0.0	0.0	0.0
132	2.0	4.0	2.0	2.0	3.0010000000000003	11.998999999999999	3.0
133	2.0	3.0	2.0	3.0	2.333	6.667	3.0
134	1.0	1.0	1.0	1.0	1.0	2.0	1.0
135	3.0	0.0	3.0	0.0	1.6680000000000001	4.332	2.0
136	2.0	1.0	2.0	1.0	0.9990000000000006	8.001	3.0
137	1.0	1.0	1.0	0.0	0.6660000000000004	5.334	1.0
138	2.0	2.0	1.0	2.0	2.668	6.332	2.0
139	1.0	0.0	1.0	0.0	0.3330000000000002	2.667	1.0
140	1.0	4.0	1.0	2.0	1.6690000000000005	7.3309999999999995	2.0
141	2.0	2.0	2.0	2.0	1.3330000000000002	4.667	2.0
142	1.0	0.0	1.0	0.0	1.4	1.6	1.0
143	1.0	0.0	1.0	0.0	1.0	2.0	1.0
144	1.0	1.0	1.0	1.0	1.0	2.0	1.0
145	2.0	2.0	2.0	2.0	1.3330000000000002	4.667	2.0
146	0.0	3.0	0.0	2.0	1.6680000000000001	7.332	2.0
147	1.0	1.0	1.0	0.0	0.6660000000000004	5.334	1.0
148	2.0	2.0	2.0	2.0	1.3330000000000002	4.667	2.0
149	1.0	3.0	1.0	3.0	2.0	4.0	2.0
150	2.0	2.0	2.0	2.0	1.733	4.2669999999999995	2.0
151	0.0	2.0	0.0	2.0	1.3360000000000003	4.664	2.0
152	1.0	2.0	1.0	1.0	0.9990000000000006	8.001	2.0
153	0.0	0.0	0.0	0.0	0.0	0.0	0.0
154	1.0	1.0	1.0	1.0	0.6680000000000001	2.332	1.0
155	1.0	0.0	1.0	0.0	0.3330000000000002	2.667	1.0
156	0.0	0.0	0.0	0.0	0.0	0.0	0.0
157	2.0	0.0	2.0	0.0	0.6660000000000004	5.334	2.0
158	1.0	3.0	1.0	3.0	1.6660000000000004	7.334	3.0
159	2.0	0.0	2.0	0.0	2.0	4.0	2.0
160	1.0	1.0	1.0	1.0	2.0	4.0	2.0
161	2.0	1.0	2.0	1.0	2.333	6.667	3.0
162	1.0	2.0	1.0	2.0	2.4	3.6	2.0
163	2.0	3.0	2.0	3.0	2.0010000000000003	6.999	3.0
164	1.0	0.0	1.0	0.0	0.3330000000000002	2.667	1.0
165	1.0	2.0	1.0	2.0	0.6660000000000004	5.334	2.0
166	1.0	0.0	1.0	0.0	0.3330000000000002	2.667	1.0
167	1.0	2.0	0.0	2.0	1.3330000000000002	4.667	1.0
168	0.0	3.0	0.0	3.0	1.3330000000000002	4.667	2.0
169	1.0	1.0	1.0	1.0	1.3330000000000002	4.667	2.0
170	2.0	1.0	1.0	1.0	3.4	5.6	2.0
171	1.0	2.0	1.0	2.0	1.0	2.0	1.0
172	2.0	2.0	2.0	2.0	1.3330000000000002	4.667	2.0
173	2.0	2.0	2.0	2.0	1.3330000000000002	4.667	2.0
174	2.0	2.0	1.0	2.0	2.333	6.667	2.0
175	1.0	1.0	0.0	1.0	0.6660000000000004	5.334	1.0
176	2.0	1.0	2.0	1.0	2.0	4.0	2.0
177	1.0	0.0	0.0	0.0	0.3330000000000002	2.667	0.0
178	0.0	2.0	0.0	2.0	1.0	2.0	1.0
179	1.0	1.0	0.0	1.0	0.6660000000000004	5.334	1.0
180	0.0	1.0	0.0	1.0	0.3330000000000002	2.667	1.0
181	2.0	5.0	2.0	3.0	4.668	13.332	4.0
182	1.0	1.0	1.0	1.0	1.0	2.0	1.0
183	1.0	2.0	1.0	2.0	0.3330000000000002	2.667	1.0
184	2.0	3.0	2.0	3.0	1.3330000000000002	4.667	2.0
185	2.0	2.0	2.0	1.0	3.0	6.0	2.0
186	1.0	2.0	1.0	2.0	2.668	6.332	3.0
187	1.0	3.0	1.0	3.0	0.6660000000000004	5.334	2.0
188	2.0	3.0	1.0	3.0	2.0010000000000003	6.999	2.0
189	1.0	4.0	1.0	4.0	2.0010000000000003	6.999	3.0
190	1.0	1.0	1.0	1.0	0.3330000000000002	2.667	1.0
191	2.0	0.0	2.0	0.0	2.0	4.0	2.0
192	2.0	3.0	2.0	2.0	1.9990000000000006	10.001	3.0
193	1.0	2.0	0.0	2.0	1.6660000000000004	7.334	2.0
194	1.0	1.0	1.0	1.0	1.6680000000000001	4.332	2.0
195	1.0	1.0	1.0	1.0	1.0	2.0	1.0
196	1.0	2.0	1.0	2.0	1.0	2.0	1.0
197	1.0	3.0	1.0	2.0	2.0	7.0	2.0
198	1.0	2.0	0.0	2.0	1.6660000000000004	7.334	2.0
199	1.0	4.0	1.0	3.0	1.9990000000000006	10.001	3.0
200	0.0	0.0	0.0	0.0	0.0	0.0	0.0
201	0.0	0.0	0.0	0.0	0.0	0.0	0.0
202	0.0	0.0	0.0	0.0	0.0	0.0	0.0
203	0.0	0.0	0.0	0.0	0.0	0.0	0.0
204	0.0	0.0	0.0	0.0	0.0	0.0	0.0
205	0.0	0.0	0.0	0.0	0.0	0.0	0.0
206	0.0	0.0	0.0	0.0	0.0	0.0	0.0
207	0.0	0.0	0.0	0.0	0.0	0.0	0.0
208	0.0	0.0	0.0	0.0	0.0	0.0	0.0
209	0.0	0.0	0.0	0.0	0.0	0.0	0.0
210	0.0	0.0	0.0	0.0	0.0	0.0	0.0
211	0.0	0.0	0.0	0.0	0.0	0.0	0.0
212	0.0	0.0	0.0	0.0	0.0	0.0	0.0
213	0.0	0.0	0.0	0.0	0.0	0.0	0.0
214	0.0	0.0	0.0	0.0	0.0	0.0	0.0
215	1.0	2.0	1.0	2.0	2.4	6.6	3.0
216	1.0	0.0	0.0	0.0	0.6680000000000001	2.332	0.0
217	1.0	3.0	0.0	1.0	2.0	4.0	1.0
218	1.0	1.0	1.0	1.0	0.6660000000000004	5.334	2.0
219	1.0	3.0	0.0	3.0	3.0010000000000003	8.998999999999999	3.0
220	1.0	2.0	1.0	2.0	2.0	4.0	2.0
221	2.0	2.0	2.0	2.0	1.6660000000000004	7.334	3.0
222	1.0	1.0	1.0	1.0	1.0	2.0	1.0
223	1.0	1.0	0.0	1.0	2.0	4.0	1.0
224	1.0	2.0	1.0	2.0	0.6680000000000001	2.332	1.0
225	0.0	4.0	0.0	3.0	0.9990000000000006	8.001	2.0
226	0.0	2.0	0.0	2.0	1.0	2.0	1.0
227	1.0	3.0	1.0	3.0	3.0	6.0	3.0
228	3.0	1.0	3.0	1.0	1.6680000000000001	4.332	2.0
229	3.0	3.0	2.0	3.0	4.0	8.0	3.0
230	1.0	3.0	0.0	3.0	2.333	6.667	2.0
231	1.0	3.0	1.0	3.0	1.3330000000000002	4.667	2.0
232	2.0	4.0	2.0	1.0	4.333	10.667	3.0
233	2.0	3.0	1.0	3.0	3.668	8.332	3.0
234	1.0	4.0	1.0	2.0	2.333	6.667	1.0
235	1.0	2.0	1.0	2.0	1.3330000000000002	4.667	2.0
236	2.0	2.0	2.0	2.0	3.333	8.667	4.0
237	2.0	3.0	2.0	3.0	0.6660000000000004	5.334	2.0
238	2.0	2.0	2.0	2.0	0.3330000000000002	5.667	2.0
239	1.0	0.0	1.0	0.0	0.3330000000000002	2.667	1.0
240	2.0	4.0	2.0	3.0	4.4	7.6	3.0
241	1.0	1.0	1.0	1.0	1.3330000000000002	4.667	2.0
242	1.0	4.0	1.0	4.0	1.6660000000000004	7.334	3.0
243	1.0	2.0	1.0	2.0	1.3330000000000002	4.667	2.0
244	2.0	0.0	2.0	0.0	0.6680000000000001	2.332	1.0
245	2.0	0.0	2.0	0.0	2.0	4.0	2.0
246	1.0	3.0	1.0	1.0	4.0	8.0	2.0
247	0.0	0.0	0.0	0.0	0.0	0.0	0.0
248	2.0	2.0	0.0	1.0	2.3360000000000003	6.664	1.0
249	2.0	1.0	2.0	1.0	2.0	4.0	2.0
250	2.0	3.0	2.0	3.0	3.0	9.0	4.0
251	1.0	2.0	1.0	1.0	3.4	5.6	2.0
252	1.0	1.0	1.0	1.0	1.0	2.0	1.0
253	2.0	2.0	1.0	2.0	2.668	6.332	2.0
254	1.0	1.0	1.0	1.0	1.0	2.0	1.0
255	2.0	2.0	1.0	2.0	1.6660000000000004	7.334	2.0
256	1.0	0.0	1.0	0.0	1.4	1.6	1.0
257	2.0	0.0	1.0	0.0	2.0	4.0	1.0
258	1.0	1.0	1.0	1.0	1.0	2.0	1.0
259	2.0	4.0	2.0	3.0	4.7330000000000005	10.267	4.0
260	1.0	0.0	1.0	0.0	0.3330000000000002	2.667	1.0
261	1.0	1.0	0.0	1.0	2.0	4.0	1.0
262	3.0	1.0	2.0	1.0	3.468	5.532	2.0
263	1.0	1.0	1.0	1.0	0.3330000000000002	2.667	1.0
264	2.0	0.0	2.0	0.0	2.8	3.2	2.0
265	3.0	0.0	3.0	0.0	1.6680000000000001	4.332	2.0
266	3.0	1.0	3.0	1.0	2.0010000000000003	6.999	3.0
267	2.0	0.0	2.0	0.0	2.0	4.0	2.0
268	1.0	0.0	1.0	0.0	1.0	2.0	1.0
269	2.0	1.0	2.0	1.0	2.0	4.0	2.0
270	2.0	2.0	2.0	1.0	3.0	6.0	2.0
271	0.0	2.0	0.0	2.0	1.0	2.0	1.0
272	1.0	2.0	1.0	2.0	1.0	2.0	1.0
273	0.0	4.0	0.0	4.0	0.6660000000000004	5.334	2.0
274	2.0	2.0	1.0	2.0	1.6680000000000001	7.332	2.0
275	2.0	2.0	1.0	2.0	0.9990000000000006	8.001	2.0
276	1.0	4.0	1.0	3.0	1.3340000000000005	7.6659999999999995	2.0
277	2.0	3.0	0.0	2.0	2.6660000000000004	9.334	2.0
278	1.0	2.0	1.0	2.0	0.6660000000000004	5.334	2.0
279	1.0	2.0	1.0	2.0	1.3330000000000002	4.667	2.0
280	1.0	0.0	1.0	0.0	0.3330000000000002	2.667	1.0
281	0.0	0.0	0.0	0.0	0.0	0.0	0.0
282	1.0	2.0	1.0	2.0	1.3330000000000002	4.667	2.0
283	2.0	0.0	2.0	0.0	2.0	4.0	2.0
284	3.0	0.0	3.0	0.0	1.6680000000000001	4.332	2.0
285	1.0	0.0	1.0	0.0	0.3330000000000002	2.667	1.0
286	2.0	3.0	2.0	3.0	2.0	4.0	2.0
287	1.0	2.0	0.0	1.0	1.6660000000000004	7.334	1.0
288	0.0	4.0	0.0	2.0	3.333	8.667	2.0
289	2.0	2.0	2.0	2.0	2.0	4.0	2.0
290	1.0	2.0	1.0	2.0	1.3330000000000002	4.667	2.0
291	2.0	2.0	2.0	2.0	2.333	6.667	3.0
292	1.0	2.0	1.0	2.0	0.3330000000000002	2.667	1.0
293	1.0	2.0	1.0	2.0	0.3330000000000002	2.667	1.0
294	1.0	1.0	1.0	1.0	2.4	3.6	2.0
295	1.0	0.0	1.0	0.0	0.3330000000000002	2.667	1.0
296	1.0	0.0	0.0	0.0	0.3330000000000002	2.667	0.0
297	2.0	0.0	2.0	0.0	2.0	4.0	2.0
298	2.0	0.0	1.0	0.0	2.0	4.0	1.0
299	0.0	4.0	0.0	2.0	1.3320000000000007	10.668	2.0
300	2.0	3.0	2.0	3.0	0.9990000000000006	8.001	3.0
301	2.0	3.0	1.0	3.0	2.333	6.667	2.0
302	0.0	0.0	0.0	0.0	0.0	0.0	0.0
303	0.0	0.0	0.0	0.0	0.0	0.0	0.0
304	0.0	0.0	0.0	0.0	0.0	0.0	0.0
305	0.0	0.0	0.0	0.0	0.0	0.0	0.0
306	1.0	2.0	1.0	2.0	0.9990000000000006	8.001	3.0
307	2.0	4.0	2.0	3.0	3.0010000000000003	8.998999999999999	3.0
308	1.0	2.0	1.0	2.0	1.3330000000000002	4.667	2.0
309	2.0	2.0	2.0	2.0	1.0010000000000003	4.999	2.0
310	0.0	0.0	0.0	0.0	0.0	0.0	0.0
311	2.0	0.0	1.0	0.0	1.3360000000000003	4.664	1.0
312	0.0	1.0	0.0	1.0	1.0	2.0	1.0
313	1.0	1.0	1.0	1.0	0.6680000000000001	2.332	1.0
314	2.0	1.0	1.0	0.0	0.6660000000000004	5.334	1.0
315	4.0	0.0	3.0	0.0	3.668	8.332	3.0
316	2.0	2.0	2.0	2.0	2.0	4.0	2.0
317	1.0	1.0	0.0	1.0	1.0	5.0	1.0
318	0.0	3.0	0.0	3.0	0.6660000000000004	5.334	2.0
319	0.0	3.0	0.0	2.0	1.0010000000000003	4.999	1.0
320	2.0	3.0	2.0	1.0	3.4	5.6	2.0
321	2.0	2.0	2.0	2.0	1.3330000000000002	4.667	2.0
322	0.0	3.0	0.0	2.0	1.6690000000000005	7.3309999999999995	2.0
323	1.0	3.0	1.0	1.0	4.0	8.0	2.0
324	2.0	3.0	2.0	1.0	4.0	8.0	3.0
325	1.0	2.0	1.0	2.0	2.0	4.0	2.0
326	2.0	1.0	2.0	1.0	2.8	6.199999999999999	3.0
327	1.0	2.0	0.0	2.0	1.6660000000000004	7.334	2.0
328	0.0	0.0	0.0	0.0	0.0	0.0	0.0
329	1.0	0.0	0.0	0.0	0.6680000000000001	2.332	0.0
330	1.0	4.0	1.0	3.0	3.333	8.667	3.0
331	1.0	0.0	1.0	0.0	1.0	2.0	1.0
332	2.0	2.0	1.0	2.0	3.3360000000000003	8.664	3.0
333	0.0	0.0	0.0	0.0	0.0	0.0	0.0
334	0.0	2.0	0.0	1.0	0.6660000000000004	5.334	1.0
335	2.0	1.0	1.0	1.0	3.468	5.532	2.0
336	2.0	1.0	2.0	1.0	2.0	4.0	2.0
337	1.0	2.0	1.0	2.0	0.3330000000000002	5.667	2.0
338	0.0	3.0	0.0	2.0	1.3340000000000005	7.6659999999999995	2.0
339	1.0	2.0	1.0	1.0	2.668	6.332	2.0
340	1.0	2.0	1.0	2.0	1.0	2.0	1.0
341	1.0	3.0	1.0	3.0	1.6660000000000004	7.334	3.0
342	2.0	2.0	1.0	1.0	2.0	7.0	2.0
343	1.0	0.0	1.0	0.0	0.6680000000000001	2.332	1.0
344	0.0	3.0	0.0	3.0	0.6660000000000004	5.334	2.0
345	0.0	2.0	0.0	2.0	0.3330000000000002	2.667	1.0
346	3.0	2.0	3.0	2.0	1.3330000000000002	7.667	3.0
347	1.0	2.0	1.0	2.0	0.3330000000000002	2.667	1.0
348	0.0	0.0	0.0	0.0	0.0	0.0	0.0
349	0.0	0.0	0.0	0.0	0.0	0.0	0.0
350	0.0	0.0	0.0	0.0	0.0	0.0	0.0
351	0.0	0.0	0.0	0.0	0.0	0.0	0.0
352	2.0	2.0	2.0	2.0	3.0	6.0	3.0
353	2.0	2.0	2.0	2.0	1.6660000000000004	7.334	3.0
354	1.0	2.0	1.0	1.0	2.668	6.332	2.0
355	2.0	1.0	2.0	1.0	3.0	6.0	3.0
356	1.0	2.0	0.0	2.0	3.4	5.6	2.0
357	1.0	4.0	1.0	3.0	2.6660000000000004	9.334	3.0
358	2.0	1.0	2.0	1.0	2.333	6.667	3.0
359	1.0	2.0	1.0	2.0	1.3330000000000002	4.667	2.0
360	0.0	0.0	0.0	0.0	0.0	0.0	0.0
361	0.0	0.0	0.0	0.0	0.0	0.0	0.0
362	0.0	0.0	0.0	0.0	0.0	0.0	0.0
363	0.0	0.0	0.0	0.0	0.0	0.0	0.0
364	0.0	0.0	0.0	0.0	0.0	0.0	0.0
365	2.0	1.0	1.0	1.0	3.0	6.0	2.0
366	1.0	7.0	1.0	4.0	2.6670000000000007	12.333	3.0
367	1.0	1.0	1.0	1.0	1.0	2.0	1.0
368	1.0	3.0	1.0	1.0	1.6660000000000004	7.334	2.0
369	1.0	2.0	0.0	2.0	3.0	6.0	2.0
370	2.0	2.0	1.0	2.0	2.333	6.667	2.0
371	2.0	1.0	2.0	1.0	1.0010000000000003	4.999	2.0
372	2.0	3.0	2.0	2.0	3.0	9.0	3.0
373	2.0	2.0	2.0	2.0	2.668	6.332	3.0
374	1.0	3.0	1.0	2.0	1.9990000000000006	10.001	3.0
375	2.0	2.0	1.0	2.0	3.0	6.0	2.0
376	2.0	2.0	2.0	2.0	4.0	8.0	4.0
377	1.0	2.0	1.0	2.0	0.3330000000000002	2.667	1.0
378	2.0	3.0	2.0	3.0	1.3340000000000005	7.6659999999999995	3.0
379	2.0	1.0	2.0	0.0	2.068	3.932	1.0
380	2.0	1.0	2.0	1.0	1.0	2.0	1.0
381	1.0	2.0	1.0	2.0	0.6680000000000001	2.332	1.0
382	0.0	1.0	0.0	1.0	0.3330000000000002	2.667	1.0
383	1.0	1.0	1.0	1.0	2.4	3.6	2.0
384	2.0	2.0	2.0	1.0	4.0	8.0	3.0
385	0.0	1.0	0.0	1.0	1.0	2.0	1.0
386	2.0	3.0	1.0	3.0	3.333	8.667	3.0
387	1.0	2.0	1.0	1.0	2.0	4.0	1.0
388	1.0	4.0	1.0	3.0	2.6660000000000004	9.334	3.0
389	2.0	3.0	1.0	3.0	3.333	8.667	3.0
390	1.0	4.0	0.0	2.0	2.0	4.0	1.0
391	1.0	3.0	1.0	3.0	1.3330000000000002	7.667	3.0
392	1.0	3.0	1.0	3.0	0.6660000000000004	8.334	3.0
393	2.0	1.0	2.0	0.0	2.0010000000000003	6.999	2.0
394	2.0	0.0	2.0	0.0	2.0	4.0	2.0
395	1.0	0.0	1.0	0.0	0.3330000000000002	2.667	1.0
396	2.0	0.0	2.0	0.0	0.6680000000000001	2.332	1.0
397	1.0	2.0	1.0	2.0	1.0	2.0	1.0
398	1.0	1.0	1.0	1.0	1.0010000000000003	4.999	2.0
399	0.0	4.0	0.0	4.0	0.6660000000000004	5.334	2.0
400	0.0	2.0	0.0	1.0	0.6660000000000004	5.334	1.0
401	0.0	3.0	0.0	3.0	1.3330000000000002	4.667	2.0
402	2.0	1.0	1.0	1.0	2.333	6.667	2.0
403	3.0	2.0	3.0	2.0	3.668	8.332	4.0
404	0.0	0.0	0.0	0.0	0.0	0.0	0.0
405	2.0	2.0	0.0	2.0	4.0	8.0	2.0
406	1.0	1.0	1.0	1.0	1.4	1.6	1.0
407	2.0	2.0	1.0	2.0	1.3330000000000002	4.667	1.0
408	0.0	3.0	0.0	3.0	0.6660000000000004	5.334	2.0
409	1.0	2.0	1.0	2.0	0.6660000000000004	5.334	2.0
410	3.0	1.0	3.0	1.0	2.736	6.263999999999999	3.0
411	1.0	2.0	1.0	2.0	1.0	2.0	1.0
412	2.0	3.0	2.0	2.0	3.333	8.667	3.0
413	1.0	2.0	1.0	1.0	2.0	4.0	1.0
414	2.0	1.0	1.0	1.0	2.333	6.667	2.0
415	0.0	1.0	0.0	1.0	0.6680000000000001	2.332	1.0
416	1.0	2.0	1.0	2.0	2.333	6.667	3.0
417	1.0	2.0	0.0	2.0	2.333	6.667	2.0
418	2.0	2.0	2.0	1.0	3.668	8.332	3.0
419	1.0	4.0	1.0	4.0	3.0660000000000003	8.934	4.0
420	1.0	3.0	1.0	3.0	1.6680000000000001	7.332	3.0
421	2.0	2.0	2.0	2.0	1.3330000000000002	4.667	2.0
422	0.0	1.0	0.0	1.0	1.0	2.0	1.0
423	1.0	4.0	1.0	3.0	3.0010000000000003	8.998999999999999	3.0
424	0.0	5.0	0.0	3.0	1.6670000000000007	10.332999999999998	2.0
425	2.0	0.0	2.0	0.0	0.6660000000000004	5.334	2.0
426	0.0	1.0	0.0	1.0	1.0	2.0	1.0
427	0.0	2.0	0.0	1.0	2.0	4.0	1.0
428	2.0	0.0	2.0	0.0	2.0	4.0	2.0
429	1.0	0.0	0.0	0.0	1.4	1.6	0.0
430	2.0	1.0	1.0	1.0	1.3330000000000002	4.667	1.0
431	1.0	2.0	1.0	1.0	2.0010000000000003	6.999	2.0
432	1.0	2.0	1.0	2.0	1.4	1.6	1.0
433	1.0	2.0	1.0	1.0	1.3330000000000002	4.667	1.0
434	3.0	2.0	2.0	2.0	3.0	6.0	2.0
435	2.0	3.0	2.0	3.0	2.0010000000000003	6.999	3.0
436	1.0	2.0	0.0	2.0	1.3330000000000002	4.667	1.0
437	1.0	3.0	0.0	3.0	1.3320000000000007	10.668	3.0
438	1.0	4.0	0.0	3.0	3.0	6.0	2.0
439	1.0	2.0	1.0	2.0	0.6660000000000004	5.334	2.0
440	2.0	2.0	2.0	2.0	2.333	6.667	3.0
441	2.0	3.0	2.0	2.0	3.3360000000000003	8.664	3.0
442	2.0	0.0	1.0	0.0	2.0	4.0	1.0
443	0.0	0.0	0.0	0.0	0.0	0.0	0.0
444	0.0	3.0	0.0	3.0	0.6680000000000001	2.332	1.0
445	2.0	3.0	2.0	3.0	2.6660000000000004	9.334	4.0
446	1.0	3.0	0.0	3.0	2.333	6.667	2.0
447	2.0	4.0	1.0	3.0	5.333	12.667	4.0
448	0.0	2.0	0.0	2.0	0.3330000000000002	2.667	1.0
449	1.0	2.0	1.0	2.0	1.3330000000000002	4.667	2.0
450	2.0	3.0	2.0	3.0	2.0	7.0	3.0
451	0.0	0.0	0.0	0.0	0.0	0.0	0.0
452	0.0	0.0	0.0	0.0	0.0	0.0	0.0
453	0.0	0.0	0.0	0.0	0.0	0.0	0.0
454	0.0	0.0	0.0	0.0	0.0	0.0	0.0
455	0.0	0.0	0.0	0.0	0.0	0.0	0.0
456	0.0	0.0	0.0	0.0	0.0	0.0	0.0
457	2.0	2.0	1.0	2.0	3.668	8.332	3.0
458	2.0	2.0	2.0	2.0	0.6660000000000004	5.334	2.0
459	0.0	3.0	0.0	3.0	2.0	4.0	2.0
460	2.0	1.0	1.0	1.0	2.333	6.667	2.0
461	2.0	3.0	1.0	3.0	2.6660000000000004	9.334	3.0
462	1.0	1.0	1.0	0.0	1.3360000000000003	4.664	1.0
463	3.0	3.0	2.0	3.0	1.6660000000000004	7.334	2.0
464	2.0	0.0	1.0	0.0	2.0	4.0	1.0
465	0.0	0.0	0.0	0.0	0.0	0.0	0.0
466	0.0	4.0	0.0	4.0	0.9990000000000006	8.001	3.0
467	1.0	3.0	1.0	3.0	2.668	6.332	3.0
468	1.0	0.0	0.0	0.0	1.0	2.0	0.0
469	1.0	2.0	1.0	2.0	1.3330000000000002	4.667	2.0
470	1.0	1.0	1.0	1.0	0.3330000000000002	2.667	1.0
471	2.0	2.0	2.0	2.0	1.3330000000000002	4.667	2.0
472	2.0	0.0	2.0	0.0	1.6680000000000001	4.332	2.0
473	1.0	0.0	1.0	0.0	1.0	2.0	1.0
474	1.0	1.0	1.0	1.0	1.6680000000000001	4.332	2.0
475	1.0	1.0	1.0	1.0	0.6680000000000001	2.332	1.0
476	1.0	1.0	1.0	1.0	1.0	2.0	1.0
477	2.0	0.0	1.0	0.0	1.6680000000000001	4.332	1.0
478	1.0	2.0	1.0	2.0	1.0	2.0	1.0
479	2.0	2.0	1.0	1.0	2.6660000000000004	9.334	2.0
480	1.0	1.0	1.0	1.0	1.6680000000000001	4.332	2.0
481	2.0	3.0	2.0	2.0	3.0	6.0	2.0
482	1.0	5.0	1.0	3.0	1.9990000000000006	10.001	3.0
483	1.0	3.0	1.0	2.0	1.6660000000000004	7.334	2.0
484	0.0	4.0	0.0	2.0	2.0	4.0	1.0
485	1.0	5.0	1.0	4.0	2.9990000000000006	12.001	4.0
486	1.0	3.0	1.0	2.0	3.068	8.932	3.0
487	3.0	3.0	3.0	0.0	3.6660000000000004	11.334	3.0
488	0.0	2.0	0.0	1.0	0.6660000000000004	5.334	1.0
489	0.0	0.0	0.0	0.0	0.0	0.0	0.0
490	1.0	1.0	1.0	1.0	1.0	2.0	1.0
491	1.0	0.0	1.0	0.0	1.0	2.0	1.0
492	1.0	3.0	1.0	2.0	1.6660000000000004	7.334	2.0
493	1.0	1.0	1.0	1.0	0.3330000000000002	2.667	1.0
494	0.0	1.0	0.0	1.0	0.3330000000000002	2.667	1.0
495	2.0	2.0	1.0	2.0	2.0010000000000003	6.999	2.0
496	2.0	2.0	1.0	2.0	2.668	6.332	2.0
497	0.0	1.0	0.0	1.0	1.0	2.0	1.0
498	0.0	0.0	0.0	0.0	0.0	0.0	0.0
499	1.0	1.0	1.0	1.0	0.6680000000000001	2.332	1.0
500	1.0	2.0	1.0	1.0	2.0010000000000003	6.999	2.0
501	1.0	1.0	1.0	1.0	2.0	4.0	2.0
502	3.0	1.0	3.0	1.0	3.068	5.932	3.0
503	1.0	3.0	0.0	2.0	1.6660000000000004	7.334	2.0
504	1.0	3.0	1.0	3.0	1.3330000000000002	4.667	2.0
505	1.0	4.0	1.0	4.0	1.3330000000000002	4.667	2.0
506	1.0	1.0	1.0	0.0	2.0	4.0	1.0
507	1.0	2.0	1.0	2.0	1.0	2.0	1.0
508	0.0	0.0	0.0	0.0	0.0	0.0	0.0
509	0.0	0.0	0.0	0.0	0.0	0.0	0.0
510	0.0	0.0	0.0	0.0	0.0	0.0	0.0
511	0.0	0.0	0.0	0.0	0.0	0.0	0.0
512	0.0	0.0	0.0	0.0	0.0	0.0	0.0
513	0.0	0.0	0.0	0.0	0.0	0.0	0.0
514	2.0	2.0	2.0	2.0	1.6680000000000001	4.332	2.0
515	2.0	2.0	2.0	1.0	2.333	6.667	2.0
516	1.0	3.0	1.0	3.0	1.0010000000000003	4.999	2.0
517	2.0	1.0	1.0	1.0	2.668	6.332	2.0
518	0.0	2.0	0.0	2.0	0.6660000000000004	5.334	2.0
519	2.0	2.0	1.0	2.0	3.668	8.332	3.0
520	2.0	0.0	2.0	0.0	2.0	4.0	2.0
521	1.0	0.0	0.0	0.0	0.3330000000000002	2.667	0.0
522	0.0	0.0	0.0	0.0	0.0	0.0	0.0
523	2.0	3.0	1.0	3.0	4.0	8.0	3.0
524	0.0	3.0	0.0	1.0	1.6660000000000004	7.334	1.0
525	1.0	5.0	1.0	3.0	0.9990000000000006	8.001	2.0
526	3.0	2.0	2.0	1.0	4.668	10.332	3.0
527	2.0	3.0	2.0	3.0	3.668	8.332	4.0
528	2.0	3.0	1.0	2.0	3.333	8.667	2.0
529	2.0	2.0	2.0	1.0	4.0	8.0	3.0
530	1.0	3.0	1.0	2.0	3.333	8.667	3.0
531	1.0	1.0	1.0	1.0	1.6680000000000001	4.332	2.0
532	1.0	3.0	1.0	2.0	3.333	8.667	3.0
533	2.0	3.0	2.0	3.0	2.0	4.0	2.0
534	0.0	4.0	0.0	4.0	1.6660000000000004	7.334	3.0
535	0.0	4.0	0.0	3.0	1.733	7.2669999999999995	2.0
536	2.0	3.0	2.0	3.0	2.333	6.667	3.0
537	1.0	2.0	1.0	1.0	3.0	6.0	2.0
538	0.0	0.0	0.0	0.0	0.0	0.0	0.0
539	0.0	0.0	0.0	0.0	0.0	0.0	0.0
540	0.0	0.0	0.0	0.0	0.0	0.0	0.0
541	1.0	2.0	0.0	1.0	1.3330000000000002	4.667	1.0
542	0.0	1.0	0.0	0.0	1.0	2.0	0.0
543	0.0	1.0	0.0	1.0	0.3330000000000002	2.667	1.0
544	1.0	2.0	1.0	0.0	1.3330000000000002	4.667	1.0
545	1.0	2.0	0.0	1.0	1.3330000000000002	4.667	1.0
546	0.0	3.0	0.0	1.0	1.733	4.2669999999999995	1.0
547	0.0	3.0	0.0	1.0	1.0010000000000003	4.999	1.0
548	1.0	1.0	1.0	1.0	0.3330000000000002	2.667	1.0
549	0.0	1.0	0.0	0.0	0.6680000000000001	2.332	0.0
550	0.0	1.0	0.0	0.0	0.3330000000000002	2.667	0.0
551	1.0	2.0	1.0	0.0	2.0	4.0	1.0
552	1.0	1.0	1.0	1.0	1.0	2.0	1.0
553	0.0	2.0	0.0	2.0	0.6680000000000001	2.332	1.0
554	0.0	0.0	0.0	0.0	0.0	0.0	0.0
555	1.0	0.0	1.0	0.0	0.3330000000000002	2.667	1.0
556	1.0	0.0	1.0	0.0	1.0	2.0	1.0
557	0.0	2.0	0.0	2.0	0.3330000000000002	2.667	1.0
558	1.0	0.0	0.0	0.0	0.6680000000000001	2.332	0.0
559	0.0	0.0	0.0	0.0	0.0	0.0	0.0
560	1.0	2.0	1.0	1.0	1.3330000000000002	4.667	1.0
561	1.0	2.0	1.0	1.0	1.3330000000000002	4.667	1.0
562	1.0	2.0	1.0	1.0	1.3330000000000002	4.667	1.0
563	1.0	0.0	1.0	0.0	1.4	1.6	1.0
564	1.0	2.0	0.0	1.0	1.3330000000000002	4.667	1.0
565	0.0	1.0	0.0	0.0	0.6680000000000001	2.332	0.0
566	1.0	2.0	1.0	2.0	1.4	1.6	1.0
567	1.0	1.0	1.0	1.0	1.0	2.0	1.0
568	1.0	2.0	1.0	2.0	1.0	2.0	1.0
569	1.0	0.0	0.0	0.0	1.0	2.0	0.0
570	0.0	0.0	0.0	0.0	0.0	0.0	0.0
571	0.0	0.0	0.0	0.0	0.0	0.0	0.0
572	0.0	1.0	0.0	0.0	0.3330000000000002	2.667	0.0
573	1.0	2.0	0.0	2.0	1.733	4.2669999999999995	1.0
574	0.0	2.0	0.0	0.0	1.0	2.0	0.0
575	2.0	0.0	0.0	0.0	0.6680000000000001	2.332	0.0
576	0.0	2.0	0.0	1.0	0.6660000000000004	5.334	1.0
577	0.0	3.0	0.0	2.0	1.0010000000000003	4.999	1.0
578	1.0	0.0	0.0	0.0	0.3330000000000002	2.667	0.0
579	1.0	2.0	0.0	1.0	0.3330000000000002	5.667	1.0
580	0.0	1.0	0.0	1.0	0.3330000000000002	2.667	1.0
581	1.0	1.0	0.0	0.0	1.0	2.0	0.0
582	0.0	0.0	0.0	0.0	0.0	0.0	0.0
583	0.0	0.0	0.0	0.0	0.0	0.0	0.0
584	0.0	2.0	0.0	2.0	1.0	2.0	1.0
585	0.0	2.0	0.0	1.0	1.6680000000000001	4.332	1.0
586	0.0	2.0	0.0	0.0	0.3330000000000002	2.667	0.0
587	0.0	2.0	0.0	1.0	0.3330000000000002	5.667	1.0
588	1.0	2.0	0.0	0.0	1.0	2.0	0.0
589	1.0	2.0	0.0	2.0	2.0	4.0	1.0
590	0.0	0.0	0.0	0.0	0.0	0.0	0.0
591	1.0	0.0	0.0	0.0	1.0	2.0	0.0
592	1.0	1.0	1.0	1.0	0.3330000000000002	2.667	1.0
593	1.0	1.0	0.0	0.0	1.0	2.0	0.0
594	0.0	1.0	0.0	0.0	1.0	2.0	0.0
595	1.0	0.0	0.0	0.0	1.0	2.0	0.0
596	1.0	2.0	0.0	1.0	1.0010000000000003	4.999	1.0
597	0.0	1.0	0.0	1.0	0.3330000000000002	2.667	1.0
598	1.0	2.0	1.0	1.0	2.0	4.0	1.0
599	1.0	0.0	1.0	0.0	1.0	2.0	1.0
600	0.0	0.0	0.0	0.0	0.0	0.0	0.0
601	1.0	1.0	1.0	0.0	2.0	4.0	1.0
602	0.0	0.0	0.0	0.0	0.0	0.0	0.0
603	1.0	1.0	0.0	0.0	0.3330000000000002	2.667	0.0
604	0.0	1.0	0.0	1.0	1.0	2.0	1.0
605	0.0	1.0	0.0	0.0	0.3330000000000002	2.667	0.0
606	1.0	0.0	1.0	0.0	1.0	2.0	1.0
607	2.0	1.0	0.0	0.0	1.0	2.0	0.0
608	0.0	2.0	0.0	2.0	0.0	3.0	1.0
609	0.0	3.0	0.0	2.0	1.3330000000000002	4.667	1.0
610	0.0	1.0	0.0	0.0	1.0	2.0	0.0
611	0.0	2.0	0.0	0.0	1.0	2.0	0.0
612	1.0	0.0	0.0	0.0	1.0	2.0	0.0
613	1.0	2.0	0.0	1.0	1.6680000000000001	4.332	1.0
614	1.0	1.0	1.0	1.0	1.0	2.0	1.0
615	0.0	2.0	0.0	1.0	1.3330000000000002	4.667	1.0
616	0.0	1.0	0.0	1.0	0.3330000000000002	2.667	1.0
617	1.0	2.0	0.0	0.0	0.3330000000000002	2.667	0.0
618	0.0	2.0	0.0	1.0	0.6660000000000004	5.334	1.0
619	0.0	2.0	0.0	1.0	1.3330000000000002	4.667	1.0
620	1.0	1.0	1.0	0.0	1.3330000000000002	4.667	1.0
621	0.0	2.0	0.0	2.0	0.3330000000000002	2.667	1.0
622	0.0	1.0	0.0	0.0	1.0	2.0	0.0
623	0.0	0.0	0.0	0.0	0.0	0.0	0.0
624	0.0	0.0	0.0	0.0	0.0	0.0	0.0
625	0.0	0.0	0.0	0.0	0.0	0.0	0.0
626	1.0	1.0	0.0	1.0	1.3330000000000002	4.667	1.0
627	0.0	1.0	0.0	1.0	0.3330000000000002	2.667	1.0
628	1.0	0.0	1.0	0.0	1.0	2.0	1.0
629	1.0	2.0	1.0	0.0	2.0	4.0	1.0
630	1.0	1.0	1.0	1.0	1.0	2.0	1.0
631	0.0	0.0	0.0	0.0	0.0	0.0	0.0
632	0.0	0.0	0.0	0.0	0.0	0.0	0.0
633	0.0	0.0	0.0	0.0	0.0	0.0	0.0
634	0.0	0.0	0.0	0.0	0.0	0.0	0.0
635	1.0	1.0	1.0	0.0	2.0	4.0	1.0
636	1.0	2.0	1.0	1.0	2.0	4.0	1.0
637	0.0	1.0	0.0	0.0	0.3330000000000002	2.667	0.0
638	0.0	0.0	0.0	0.0	0.0	0.0	0.0
639	0.0	2.0	0.0	1.0	1.3330000000000002	4.667	1.0
640	0.0	0.0	0.0	0.0	0.0	0.0	0.0
641	2.0	1.0	0.0	0.0	1.0	2.0	0.0
642	1.0	2.0	1.0	1.0	1.3330000000000002	4.667	1.0
643	0.0	0.0	0.0	0.0	0.0	0.0	0.0
644	0.0	2.0	0.0	0.0	0.3330000000000002	2.667	0.0
645	0.0	2.0	0.0	2.0	1.0	2.0	1.0
646	1.0	1.0	1.0	1.0	1.0	2.0	1.0
647	0.0	1.0	0.0	1.0	0.3330000000000002	2.667	1.0
648	0.0	2.0	0.0	1.0	0.6660000000000004	5.334	1.0
649	1.0	2.0	0.0	1.0	1.0010000000000003	4.999	1.0
650	0.0	2.0	0.0	0.0	0.3330000000000002	2.667	0.0
651	1.0	1.0	1.0	0.0	1.733	4.2669999999999995	1.0
652	1.0	2.0	1.0	2.0	1.0	2.0	1.0
653	0.0	1.0	0.0	0.0	0.6680000000000001	2.332	0.0
654	0.0	0.0	0.0	0.0	0.0	0.0	0.0
655	1.0	0.0	1.0	0.0	1.0	2.0	1.0
656	1.0	0.0	0.0	0.0	1.0	2.0	0.0
657	1.0	0.0	1.0	0.0	1.0	2.0	1.0
658	0.0	0.0	0.0	0.0	0.0	0.0	0.0
659	0.0	0.0	0.0	0.0	0.0	0.0	0.0
660	0.0	2.0	0.0	2.0	1.0	2.0	1.0
661	1.0	0.0	1.0	0.0	0.6680000000000001	2.332	1.0
662	1.0	2.0	1.0	1.0	1.3330000000000002	4.667	1.0
663	1.0	1.0	0.0	0.0	1.0	2.0	0.0
664	1.0	1.0	1.0	0.0	2.068	3.932	1.0
665	1.0	0.0	1.0	0.0	0.3330000000000002	2.667	1.0
666	0.0	2.0	0.0	1.0	2.0	4.0	1.0
667	0.0	2.0	0.0	1.0	1.3330000000000002	4.667	1.0
668	0.0	2.0	0.0	1.0	0.6660000000000004	5.334	1.0
669	0.0	2.0	0.0	0.0	0.3330000000000002	2.667	0.0
670	1.0	1.0	1.0	1.0	0.3330000000000002	2.667	1.0
671	0.0	2.0	0.0	1.0	2.0	4.0	1.0
672	0.0	1.0	0.0	0.0	0.3330000000000002	2.667	0.0
673	0.0	3.0	0.0	2.0	1.3330000000000002	4.667	1.0
674	0.0	0.0	0.0	0.0	0.0	0.0	0.0
675	0.0	2.0	0.0	1.0	1.0010000000000003	4.999	1.0
676	1.0	2.0	1.0	1.0	2.0	4.0	1.0
677	0.0	2.0	0.0	1.0	0.3330000000000002	5.667	1.0
678	0.0	1.0	0.0	1.0	1.0	2.0	1.0
679	1.0	2.0	0.0	0.0	1.0	2.0	0.0
680	0.0	0.0	0.0	0.0	0.0	0.0	0.0
681	1.0	2.0	0.0	1.0	1.3330000000000002	4.667	1.0
682	0.0	0.0	0.0	0.0	0.0	0.0	0.0
683	1.0	1.0	0.0	0.0	0.6680000000000001	2.332	0.0
684	1.0	1.0	0.0	0.0	1.0	2.0	0.0
685	1.0	1.0	0.0	1.0	1.3330000000000002	4.667	1.0
686	0.0	2.0	0.0	1.0	1.3330000000000002	4.667	1.0
687	2.0	0.0	0.0	0.0	0.6680000000000001	2.332	0.0
688	1.0	2.0	1.0	0.0	1.3330000000000002	4.667	1.0
689	0.0	1.0	0.0	1.0	1.4	1.6	1.0
690	1.0	1.0	0.0	1.0	1.0010000000000003	4.999	1.0
691	1.0	1.0	1.0	0.0	2.0	4.0	1.0
692	1.0	2.0	0.0	2.0	1.3330000000000002	4.667	1.0
693	0.0	0.0	0.0	0.0	0.0	0.0	0.0
694	0.0	0.0	0.0	0.0	0.0	0.0	0.0
695	0.0	0.0	0.0	0.0	0.0	0.0	0.0
696	0.0	0.0	0.0	0.0	0.0	0.0	0.0
697	0.0	0.0	0.0	0.0	0.0	0.0	0.0
698	0.0	0.0	0.0	0.0	0.0	0.0	0.0
699	0.0	0.0	0.0	0.0	0.0	0.0	0.0
700	0.0	0.0	0.0	0.0	0.0	0.0	0.0
701	1.0	2.0	0.0	2.0	1.3330000000000002	4.667	1.0
702	0.0	0.0	0.0	0.0	0.0	0.0	0.0
703	1.0	2.0	0.0	2.0	1.0010000000000003	4.999	1.0
704	0.0	2.0	0.0	1.0	1.3330000000000002	4.667	1.0
705	0.0	0.0	0.0	0.0	0.0	0.0	0.0
706	1.0	2.0	1.0	2.0	1.0	2.0	1.0
707	0.0	3.0	0.0	2.0	0.6660000000000004	5.334	1.0
708	1.0	2.0	1.0	1.0	1.3330000000000002	4.667	1.0
709	1.0	0.0	0.0	0.0	1.0	2.0	0.0
710	1.0	2.0	1.0	1.0	1.3330000000000002	4.667	1.0
711	0.0	1.0	0.0	0.0	1.0	2.0	0.0
712	0.0	0.0	0.0	0.0	0.0	0.0	0.0
713	0.0	0.0	0.0	0.0	0.0	0.0	0.0
714	0.0	0.0	0.0	0.0	0.0	0.0	0.0
715	0.0	0.0	0.0	0.0	0.0	0.0	0.0
716	0.0	0.0	0.0	0.0	0.0	0.0	0.0
717	0.0	0.0	0.0	0.0	0.0	0.0	0.0
718	0.0	0.0	0.0	0.0	0.0	0.0	0.0
719	0.0	0.0	0.0	0.0	0.0	0.0	0.0
720	0.0	0.0	0.0	0.0	0.0	0.0	0.0
721	0.0	0.0	0.0	0.0	0.0	0.0	0.0
722	0.0	0.0	0.0	0.0	0.0	0.0	0.0
723	0.0	0.0	0.0	0.0	0.0	0.0	0.0
724	1.0	1.0	0.0	1.0	1.3330000000000002	4.667	1.0
725	0.0	2.0	0.0	1.0	0.6660000000000004	5.334	1.0
726	1.0	2.0	0.0	1.0	2.0	4.0	1.0
727	1.0	0.0	1.0	0.0	1.0	2.0	1.0
728	1.0	0.0	1.0	0.0	1.0	2.0	1.0
729	1.0	1.0	1.0	1.0	1.4	1.6	1.0
730	1.0	2.0	1.0	0.0	1.3330000000000002	4.667	1.0
731	0.0	1.0	0.0	0.0	1.0	2.0	0.0
732	0.0	3.0	0.0	2.0	1.3330000000000002	4.667	1.0
733	0.0	2.0	0.0	0.0	0.3330000000000002	2.667	0.0
734	1.0	0.0	1.0	0.0	1.0	2.0	1.0
735	0.0	1.0	0.0	0.0	0.3330000000000002	2.667	0.0
736	0.0	0.0	0.0	0.0	0.0	0.0	0.0
737	0.0	0.0	0.0	0.0	0.0	0.0	0.0
738	0.0	0.0	0.0	0.0	0.0	0.0	0.0
739	0.0	0.0	0.0	0.0	0.0	0.0	0.0
740	0.0	0.0	0.0	0.0	0.0	0.0	0.0
741	0.0	0.0	0.0	0.0	0.0	0.0	0.0
742	0.0	0.0	0.0	0.0	0.0	0.0	0.0
743	0.0	0.0	0.0	0.0	0.0	0.0	0.0
744	0.0	0.0	0.0	0.0	0.0	0.0	0.0
745	0.0	0.0	0.0	0.0	0.0	0.0	0.0
746	0.0	0.0	0.0	0.0	0.0	0.0	0.0
747	0.0	0.0	0.0	0.0	0.0	0.0	0.0
748	0.0	0.0	0.0	0.0	0.0	0.0	0.0
749	0.0	0.0	0.0	0.0	0.0	0.0	0.0
750	0.0	0.0	0.0	0.0	0.0	0.0	0.0
751	0.0	0.0	0.0	0.0	0.0	0.0	0.0
752	0.0	0.0	0.0	0.0	0.0	0.0	0.0
753	0.0	0.0	0.0	0.0	0.0	0.0	0.0
754	0.0	0.0	0.0	0.0	0.0	0.0	0.0
755	0.0	0.0	0.0	0.0	0.0	0.0	0.0
