pos	Sd	Nd	Sd_tip	Nd_tip	S	N	comparisons
001	0.0	0.0	0.0	0.0	0.0	0.0	0.0
002	2.0	0.0	1.0	0.0	0.6660000000000004	5.334	1.0
003	3.0	3.0	2.0	2.0	3.9990000000000006	14.001	4.0
004	1.0	4.0	0.0	1.0	2.6660000000000004	9.334	1.0
005	1.0	0.0	0.0	0.0	1.0	2.0	0.0
006	1.0	2.0	0.0	1.0	3.0	6.0	1.0
007	1.0	1.0	1.0	1.0	1.3330000000000002	4.667	2.0
008	0.0	0.0	0.0	0.0	0.0	0.0	0.0
009	2.0	3.0	2.0	2.0	3.668	8.332	3.0
010	1.0	2.0	1.0	2.0	0.6660000000000004	5.334	2.0
011	1.0	2.0	0.0	0.0	2.0	4.0	0.0
012	1.0	4.0	0.0	3.0	3.668	8.332	2.0
013	2.0	4.0	1.0	2.0	1.9990000000000006	10.001	2.0
014	1.0	0.0	1.0	0.0	0.3330000000000002	2.667	1.0
015	0.0	0.0	0.0	0.0	0.0	0.0	0.0
016	1.0	1.0	1.0	1.0	0.3330000000000002	2.667	1.0
017	0.0	2.0	0.0	0.0	1.3360000000000003	4.664	0.0
018	0.0	2.0	0.0	2.0	2.0	4.0	2.0
019	1.0	3.0	0.0	1.0	1.9990000000000006	10.001	1.0
020	0.0	0.0	0.0	0.0	0.0	0.0	0.0
021	3.0	2.0	1.0	0.0	2.333	6.667	1.0
022	1.0	0.0	1.0	0.0	1.0	2.0	1.0
023	1.0	1.0	0.0	1.0	1.3330000000000002	4.667	1.0
024	1.0	3.0	0.0	0.0	1.3330000000000002	4.667	0.0
025	0.0	2.0	0.0	0.0	0.6660000000000004	5.334	0.0
026	2.0	3.0	2.0	1.0	4.8	7.2	2.0
027	0.0	5.0	0.0	1.0	3.668	11.332	1.0
028	2.0	1.0	1.0	0.0	3.0	6.0	1.0
029	0.0	2.0	0.0	1.0	0.6660000000000004	5.334	1.0
030	0.0	1.0	0.0	1.0	0.3330000000000002	2.667	1.0
031	2.0	3.0	2.0	3.0	2.333	6.667	3.0
032	0.0	0.0	0.0	0.0	0.0	0.0	0.0
033	0.0	1.0	0.0	0.0	0.6680000000000001	2.332	0.0
034	3.0	2.0	2.0	0.0	4.333	10.667	2.0
035	0.0	2.0	0.0	1.0	1.6680000000000001	4.332	1.0
036	0.0	0.0	0.0	0.0	0.0	0.0	0.0
037	0.0	3.0	0.0	3.0	1.0010000000000003	4.999	2.0
038	0.0	5.0	0.0	2.0	2.6660000000000004	9.334	2.0
039	2.0	2.0	1.0	2.0	3.0010000000000003	8.998999999999999	3.0
040	1.0	2.0	0.0	0.0	1.6680000000000001	4.332	0.0
041	2.0	3.0	1.0	2.0	2.6660000000000004	9.334	2.0
042	1.0	2.0	1.0	1.0	0.9990000000000006	8.001	2.0
043	0.0	6.0	0.0	5.0	2.3320000000000007	12.668	4.0
044	1.0	2.0	0.0	0.0	1.3330000000000002	4.667	0.0
045	1.0	1.0	0.0	0.0	1.0	2.0	0.0
046	0.0	1.0	0.0	0.0	1.0	2.0	0.0
047	0.0	0.0	0.0	0.0	0.0	0.0	0.0
048	0.0	0.0	0.0	0.0	0.0	0.0	0.0
049	0.0	0.0	0.0	0.0	0.0	0.0	0.0
050	0.0	1.0	0.0	1.0	0.3330000000000002	2.667	1.0
051	1.0	0.0	0.0	0.0	0.3330000000000002	2.667	0.0
052	0.0	0.0	0.0	0.0	0.0	0.0	0.0
053	1.0	2.0	1.0	2.0	1.0010000000000003	4.999	2.0
054	0.0	2.0	0.0	2.0	1.733	4.2669999999999995	2.0
055	0.0	1.0	0.0	1.0	0.3330000000000002	2.667	1.0
056	0.0	3.0	0.0	2.0	1.6660000000000004	7.334	2.0
057	2.0	0.0	1.0	0.0	0.6660000000000004	5.334	1.0
058	1.0	2.0	1.0	2.0	1.3330000000000002	4.667	2.0
059	1.0	2.0	0.0	2.0	0.6660000000000004	5.334	1.0
060	1.0	2.0	0.0	2.0	0.6660000000000004	5.334	1.0
061	2.0	0.0	2.0	0.0	0.6660000000000004	5.334	2.0
062	4.0	1.0	1.0	1.0	3.0010000000000003	8.998999999999999	1.0
063	1.0	1.0	1.0	0.0	2.0	4.0	1.0
064	1.0	2.0	1.0	2.0	0.9990000000000006	8.001	3.0
065	1.0	3.0	1.0	2.0	0.9990000000000006	8.001	2.0
066	3.0	2.0	2.0	1.0	3.801	8.199	2.0
067	1.0	1.0	1.0	1.0	1.4	1.6	1.0
068	0.0	5.0	0.0	4.0	1.3320000000000007	10.668	3.0
069	1.0	1.0	1.0	1.0	1.0	2.0	1.0
070	2.0	0.0	1.0	0.0	0.6660000000000004	5.334	1.0
071	0.0	0.0	0.0	0.0	0.0	0.0	0.0
072	2.0	1.0	1.0	0.0	2.068	3.932	1.0
073	2.0	2.0	1.0	2.0	1.3330000000000002	4.667	1.0
074	1.0	3.0	0.0	2.0	2.0040000000000004	9.995999999999999	2.0
075	1.0	1.0	1.0	0.0	0.6660000000000004	5.334	1.0
076	2.0	2.0	1.0	1.0	1.6680000000000001	4.332	1.0
077	1.0	2.0	0.0	1.0	0.6660000000000004	5.334	1.0
078	2.0	4.0	1.0	2.0	1.3330000000000002	4.667	1.0
079	1.0	0.0	1.0	0.0	0.3330000000000002	2.667	1.0
080	2.0	2.0	0.0	1.0	3.0	6.0	1.0
081	2.0	2.0	2.0	1.0	2.3360000000000003	6.664	2.0
082	1.0	3.0	1.0	3.0	2.333	6.667	3.0
083	2.0	1.0	2.0	1.0	3.0	6.0	3.0
084	1.0	2.0	1.0	2.0	1.3330000000000002	4.667	2.0
085	2.0	4.0	1.0	4.0	2.3320000000000007	12.668	4.0
086	3.0	5.0	2.0	5.0	5.333	12.667	5.0
087	1.0	2.0	1.0	1.0	1.6680000000000001	4.332	1.0
088	2.0	1.0	1.0	0.0	2.333	6.667	1.0
089	1.0	2.0	1.0	1.0	2.333	6.667	2.0
090	3.0	2.0	2.0	1.0	4.333	10.667	3.0
091	0.0	1.0	0.0	1.0	0.3330000000000002	2.667	1.0
092	2.0	0.0	1.0	0.0	2.0	4.0	1.0
093	3.0	2.0	3.0	1.0	3.333	8.667	3.0
094	1.0	1.0	1.0	0.0	2.0	4.0	1.0
095	0.0	0.0	0.0	0.0	0.0	0.0	0.0
096	3.0	1.0	2.0	1.0	4.0	8.0	3.0
097	2.0	0.0	0.0	0.0	1.3360000000000003	4.664	0.0
098	3.0	1.0	1.0	0.0	2.333	6.667	1.0
099	2.0	0.0	1.0	0.0	2.0	4.0	1.0
100	2.0	1.0	1.0	1.0	3.0	6.0	2.0
101	2.0	3.0	1.0	2.0	5.0	10.0	3.0
102	1.0	2.0	0.0	2.0	1.6660000000000004	7.334	2.0
103	3.0	2.0	2.0	2.0	3.4	5.6	2.0
104	2.0	1.0	1.0	0.0	3.0	6.0	1.0
105	2.0	2.0	2.0	2.0	2.333	6.667	3.0
106	2.0	4.0	1.0	2.0	2.3360000000000003	6.664	1.0
107	0.0	4.0	0.0	2.0	1.3360000000000003	7.664	2.0
108	1.0	1.0	1.0	1.0	2.0	4.0	2.0
109	2.0	3.0	1.0	3.0	3.0010000000000003	8.998999999999999	3.0
110	1.0	2.0	0.0	0.0	1.0	2.0	0.0
111	1.0	2.0	1.0	1.0	1.3330000000000002	4.667	1.0
112	1.0	0.0	0.0	0.0	1.0	2.0	0.0
113	0.0	4.0	0.0	3.0	0.9990000000000006	8.001	2.0
114	1.0	1.0	1.0	1.0	2.0	4.0	2.0
115	3.0	0.0	0.0	0.0	3.0	6.0	0.0
116	3.0	1.0	2.0	1.0	4.0	8.0	3.0
117	3.0	2.0	2.0	1.0	3.0	6.0	2.0
118	3.0	1.0	0.0	1.0	4.0	8.0	1.0
119	1.0	1.0	1.0	1.0	2.0	4.0	2.0
120	1.0	1.0	1.0	1.0	1.3330000000000002	4.667	2.0
121	1.0	0.0	1.0	0.0	0.3330000000000002	2.667	1.0
122	1.0	0.0	1.0	0.0	1.0	2.0	1.0
123	3.0	3.0	1.0	1.0	2.333	6.667	1.0
124	2.0	1.0	2.0	1.0	2.0	4.0	2.0
125	0.0	0.0	0.0	0.0	0.0	0.0	0.0
126	1.0	2.0	0.0	1.0	1.6660000000000004	7.334	1.0
127	1.0	0.0	0.0	0.0	0.3330000000000002	2.667	0.0
128	2.0	0.0	0.0	0.0	2.0	4.0	0.0
129	3.0	1.0	2.0	1.0	4.0	8.0	3.0
130	1.0	5.0	1.0	2.0	4.668	10.332	2.0
131	0.0	1.0	0.0	1.0	1.0	2.0	1.0
132	1.0	0.0	0.0	0.0	0.3330000000000002	2.667	0.0
133	3.0	2.0	2.0	2.0	4.0	8.0	3.0
134	0.0	0.0	0.0	0.0	0.0	0.0	0.0
135	1.0	3.0	1.0	1.0	3.668	8.332	2.0
136	1.0	0.0	0.0	0.0	0.3330000000000002	2.667	0.0
137	0.0	0.0	0.0	0.0	0.0	0.0	0.0
138	4.0	1.0	2.0	1.0	3.801	8.199	2.0
139	2.0	1.0	1.0	1.0	1.6680000000000001	4.332	1.0
140	1.0	0.0	1.0	0.0	1.0	2.0	1.0
141	2.0	0.0	2.0	0.0	2.0	4.0	2.0
142	2.0	2.0	2.0	1.0	4.0	8.0	3.0
143	0.0	0.0	0.0	0.0	0.0	0.0	0.0
144	1.0	0.0	0.0	0.0	1.0	2.0	0.0
145	3.0	1.0	1.0	0.0	3.3360000000000003	8.664	1.0
146	2.0	4.0	1.0	4.0	4.736000000000001	10.264	4.0
147	3.0	1.0	1.0	1.0	3.0	6.0	1.0
148	2.0	2.0	1.0	1.0	3.0	6.0	1.0
149	2.0	2.0	1.0	1.0	3.333	8.667	2.0
150	1.0	3.0	1.0	1.0	2.0010000000000003	6.999	1.0
151	2.0	2.0	1.0	1.0	4.0	8.0	2.0
152	0.0	2.0	0.0	2.0	2.0	4.0	2.0
153	1.0	3.0	0.0	2.0	1.6670000000000007	10.332999999999998	2.0
154	0.0	0.0	0.0	0.0	0.0	0.0	0.0
155	2.0	2.0	1.0	1.0	2.4	3.6	1.0
156	0.0	2.0	0.0	1.0	1.3330000000000002	4.667	1.0
157	2.0	6.0	1.0	4.0	4.333	13.667	4.0
158	2.0	2.0	2.0	1.0	4.0	8.0	3.0
159	2.0	0.0	1.0	0.0	2.0	4.0	1.0
160	1.0	0.0	1.0	0.0	1.0	2.0	1.0
161	2.0	1.0	1.0	0.0	2.0	4.0	1.0
162	1.0	0.0	1.0	0.0	0.3330000000000002	2.667	1.0
163	4.0	0.0	2.0	0.0	4.0	8.0	2.0
164	3.0	1.0	1.0	1.0	2.668	6.332	1.0
165	2.0	3.0	1.0	3.0	3.3360000000000003	8.664	3.0
166	2.0	2.0	1.0	2.0	2.4010000000000002	6.599	2.0
167	1.0	3.0	0.0	1.0	1.3320000000000007	10.668	1.0
168	2.0	5.0	1.0	2.0	6.0	12.0	3.0
169	3.0	3.0	2.0	3.0	4.001	10.998999999999999	4.0
170	1.0	3.0	0.0	2.0	1.9990000000000006	10.001	2.0
171	1.0	4.0	0.0	3.0	2.3320000000000007	12.668	3.0
172	3.0	3.0	1.0	2.0	4.333	10.667	3.0
173	1.0	3.0	0.0	2.0	1.9990000000000006	10.001	2.0
174	3.0	5.0	2.0	3.0	6.336	14.664000000000001	4.0
175	3.0	4.0	1.0	2.0	6.133	11.866999999999999	3.0
176	1.0	4.0	1.0	1.0	1.9990000000000006	10.001	2.0
177	0.0	2.0	0.0	0.0	0.3330000000000002	2.667	0.0
178	2.0	3.0	1.0	2.0	4.333	10.667	3.0
179	2.0	3.0	1.0	1.0	3.6660000000000004	11.334	2.0
180	1.0	1.0	0.0	1.0	0.6660000000000004	5.334	1.0
181	2.0	1.0	2.0	0.0	3.0	6.0	2.0
182	0.0	3.0	0.0	1.0	2.0010000000000003	6.999	1.0
183	0.0	0.0	0.0	0.0	0.0	0.0	0.0
184	1.0	2.0	0.0	1.0	3.0	6.0	1.0
185	2.0	0.0	1.0	0.0	2.0	4.0	1.0
186	1.0	0.0	0.0	0.0	0.3330000000000002	2.667	0.0
187	4.0	0.0	2.0	0.0	2.668	6.332	1.0
188	3.0	2.0	1.0	0.0	4.0	8.0	1.0
189	0.0	3.0	0.0	2.0	2.3360000000000003	6.664	2.0
190	2.0	0.0	1.0	0.0	2.0	4.0	1.0
191	4.0	0.0	2.0	0.0	3.668	8.332	2.0
192	1.0	0.0	1.0	0.0	1.0	2.0	1.0
193	4.0	0.0	2.0	0.0	3.3360000000000003	8.664	2.0
194	1.0	1.0	0.0	1.0	2.068	3.932	1.0
195	2.0	2.0	1.0	2.0	3.333	8.667	3.0
196	0.0	2.0	0.0	0.0	0.6660000000000004	5.334	0.0
197	0.0	3.0	0.0	1.0	3.0	6.0	1.0
198	1.0	4.0	1.0	2.0	1.6660000000000004	7.334	2.0
199	2.0	4.0	2.0	3.0	4.333	10.667	4.0
200	3.0	1.0	2.0	1.0	2.333	6.667	2.0
201	2.0	2.0	2.0	1.0	4.0	8.0	3.0
202	3.0	0.0	1.0	0.0	3.0	6.0	1.0
203	1.0	4.0	1.0	4.0	2.6660000000000004	9.334	4.0
204	1.0	1.0	1.0	1.0	1.0	2.0	1.0
205	3.0	2.0	2.0	1.0	4.0	8.0	3.0
206	2.0	2.0	1.0	2.0	4.0	8.0	3.0
207	0.0	3.0	0.0	1.0	3.0	6.0	1.0
208	1.0	0.0	0.0	0.0	1.0	2.0	0.0
209	1.0	2.0	0.0	1.0	3.0	6.0	1.0
210	0.0	0.0	0.0	0.0	0.0	0.0	0.0
211	1.0	2.0	1.0	2.0	1.6680000000000001	4.332	2.0
212	0.0	1.0	0.0	1.0	1.0	2.0	1.0
213	1.0	1.0	1.0	1.0	1.0	2.0	1.0
214	1.0	3.0	0.0	2.0	3.333	8.667	2.0
215	2.0	1.0	1.0	1.0	1.3330000000000002	4.667	1.0
216	1.0	4.0	0.0	2.0	2.333	6.667	1.0
217	0.0	1.0	0.0	1.0	0.3330000000000002	2.667	1.0
218	1.0	0.0	1.0	0.0	0.3330000000000002	2.667	1.0
219	1.0	0.0	1.0	0.0	0.3330000000000002	2.667	1.0
220	2.0	2.0	1.0	0.0	2.333	6.667	1.0
221	2.0	5.0	1.0	2.0	4.0	8.0	2.0
222	1.0	1.0	0.0	0.0	1.0	2.0	0.0
223	2.0	1.0	1.0	0.0	3.0	6.0	1.0
224	0.0	0.0	0.0	0.0	0.0	0.0	0.0
225	1.0	0.0	0.0	0.0	1.0	2.0	0.0
226	2.0	1.0	1.0	0.0	3.0	6.0	1.0
227	1.0	0.0	1.0	0.0	1.0	2.0	1.0
228	1.0	0.0	1.0	0.0	1.0	2.0	1.0
229	2.0	0.0	0.0	0.0	2.0	4.0	0.0
230	2.0	0.0	1.0	0.0	2.0	4.0	1.0
231	2.0	1.0	2.0	1.0	3.0	6.0	3.0
232	1.0	0.0	1.0	0.0	0.3330000000000002	2.667	1.0
233	0.0	0.0	0.0	0.0	0.0	0.0	0.0
234	2.0	1.0	2.0	1.0	2.0	4.0	2.0
235	0.0	0.0	0.0	0.0	0.0	0.0	0.0
236	1.0	2.0	1.0	0.0	0.9990000000000006	8.001	1.0
237	1.0	3.0	1.0	1.0	3.0	6.0	2.0
238	2.0	4.0	1.0	3.0	3.6660000000000004	11.334	3.0
239	2.0	4.0	1.0	1.0	3.333	8.667	2.0
240	2.0	1.0	0.0	0.0	2.333	6.667	0.0
241	2.0	3.0	1.0	3.0	2.6660000000000004	9.334	3.0
242	1.0	3.0	0.0	2.0	1.6660000000000004	7.334	1.0
243	1.0	1.0	1.0	0.0	2.0	4.0	1.0
244	0.0	0.0	0.0	0.0	0.0	0.0	0.0
245	2.0	3.0	1.0	3.0	3.668	8.332	3.0
246	1.0	4.0	1.0	1.0	4.001	10.998999999999999	2.0
247	1.0	2.0	1.0	0.0	0.6660000000000004	5.334	1.0
248	0.0	4.0	0.0	3.0	1.3340000000000005	7.6659999999999995	2.0
249	0.0	1.0	0.0	1.0	1.0	2.0	1.0
250	3.0	2.0	2.0	2.0	1.6660000000000004	7.334	2.0
251	0.0	2.0	0.0	0.0	1.0	2.0	0.0
252	1.0	0.0	0.0	0.0	1.0	2.0	0.0
253	0.0	1.0	0.0	1.0	1.0	2.0	1.0
254	0.0	0.0	0.0	0.0	0.0	0.0	0.0
255	2.0	0.0	1.0	0.0	2.0	4.0	1.0
256	2.0	0.0	1.0	0.0	2.0	4.0	1.0
257	1.0	0.0	1.0	0.0	0.3330000000000002	2.667	1.0
258	3.0	0.0	2.0	0.0	1.6680000000000001	4.332	1.0
259	0.0	0.0	0.0	0.0	0.0	0.0	0.0
260	2.0	0.0	1.0	0.0	2.0	4.0	1.0
261	0.0	0.0	0.0	0.0	0.0	0.0	0.0
262	0.0	0.0	0.0	0.0	0.0	0.0	0.0
263	1.0	0.0	0.0	0.0	0.3330000000000002	2.667	0.0
264	1.0	0.0	0.0	0.0	0.3330000000000002	2.667	0.0
265	2.0	0.0	1.0	0.0	2.0	4.0	1.0
266	2.0	2.0	1.0	1.0	1.3320000000000007	10.668	2.0
267	0.0	0.0	0.0	0.0	0.0	0.0	0.0
268	0.0	0.0	0.0	0.0	0.0	0.0	0.0
269	2.0	0.0	1.0	0.0	0.6660000000000004	5.334	1.0
270	1.0	0.0	1.0	0.0	0.3330000000000002	2.667	1.0
271	1.0	0.0	0.0	0.0	1.0	2.0	0.0
272	0.0	0.0	0.0	0.0	0.0	0.0	0.0
273	1.0	1.0	1.0	1.0	1.0	2.0	1.0
274	0.0	1.0	0.0	1.0	1.0	2.0	1.0
275	0.0	0.0	0.0	0.0	0.0	0.0	0.0
276	1.0	0.0	0.0	0.0	0.3330000000000002	2.667	0.0
277	2.0	1.0	0.0	0.0	3.0	6.0	0.0
278	1.0	0.0	0.0	0.0	0.3330000000000002	2.667	0.0
279	0.0	0.0	0.0	0.0	0.0	0.0	0.0
280	3.0	1.0	2.0	1.0	3.0	6.0	2.0
281	3.0	2.0	2.0	1.0	3.0	12.0	3.0
282	2.0	4.0	1.0	2.0	4.668	13.332	3.0
283	2.0	0.0	1.0	0.0	0.6660000000000004	5.334	1.0
284	1.0	0.0	1.0	0.0	0.3330000000000002	2.667	1.0
285	1.0	2.0	1.0	1.0	2.668	6.332	2.0
286	0.0	0.0	0.0	0.0	0.0	0.0	0.0
287	2.0	2.0	1.0	1.0	1.9990000000000006	10.001	2.0
288	0.0	2.0	0.0	2.0	1.3330000000000002	4.667	2.0
289	1.0	0.0	0.0	0.0	1.4	1.6	0.0
290	0.0	2.0	0.0	2.0	1.3330000000000002	4.667	2.0
291	1.0	4.0	1.0	0.0	2.6660000000000004	9.334	1.0
292	1.0	0.0	1.0	0.0	0.3330000000000002	2.667	1.0
293	1.0	0.0	1.0	0.0	1.0	2.0	1.0
294	2.0	1.0	1.0	1.0	2.0	4.0	1.0
295	1.0	3.0	1.0	1.0	1.733	7.2669999999999995	1.0
296	3.0	0.0	1.0	0.0	3.468	5.532	1.0
297	2.0	0.0	1.0	0.0	2.0	4.0	1.0
298	2.0	2.0	2.0	1.0	3.0	6.0	2.0
299	1.0	0.0	1.0	0.0	0.3330000000000002	2.667	1.0
300	2.0	0.0	2.0	0.0	1.3360000000000003	4.664	2.0
301	3.0	0.0	3.0	0.0	2.736	6.263999999999999	3.0
302	0.0	0.0	0.0	0.0	0.0	0.0	0.0
303	2.0	0.0	1.0	0.0	1.6680000000000001	4.332	1.0
304	0.0	0.0	0.0	0.0	0.0	0.0	0.0
305	1.0	0.0	1.0	0.0	0.3330000000000002	2.667	1.0
306	0.0	0.0	0.0	0.0	0.0	0.0	0.0
307	2.0	0.0	1.0	0.0	2.0	4.0	1.0
308	3.0	0.0	3.0	0.0	1.6680000000000001	4.332	2.0
309	0.0	0.0	0.0	0.0	0.0	0.0	0.0
310	1.0	0.0	1.0	0.0	0.3330000000000002	2.667	1.0
311	2.0	0.0	2.0	0.0	2.0	4.0	2.0
312	2.0	0.0	1.0	0.0	2.0	4.0	1.0
313	2.0	0.0	1.0	0.0	0.6660000000000004	5.334	1.0
314	1.0	0.0	1.0	0.0	1.0	2.0	1.0
315	1.0	0.0	1.0	0.0	0.3330000000000002	2.667	1.0
316	3.0	1.0	2.0	1.0	4.0	8.0	3.0
317	1.0	2.0	0.0	1.0	0.9990000000000006	8.001	1.0
318	3.0	0.0	1.0	0.0	2.0040000000000004	6.9959999999999996	1.0
319	2.0	0.0	0.0	0.0	0.6660000000000004	5.334	0.0
320	1.0	1.0	1.0	1.0	0.6660000000000004	5.334	2.0
321	1.0	0.0	1.0	0.0	0.3330000000000002	2.667	1.0
322	1.0	1.0	0.0	0.0	1.6680000000000001	4.332	0.0
323	1.0	0.0	0.0	0.0	1.0	2.0	0.0
324	3.0	0.0	2.0	0.0	3.0	6.0	2.0
325	2.0	0.0	1.0	0.0	2.0	4.0	1.0
326	3.0	0.0	2.0	0.0	3.0	6.0	2.0
327	0.0	0.0	0.0	0.0	0.0	0.0	0.0
328	1.0	1.0	0.0	0.0	0.6660000000000004	5.334	0.0
329	2.0	0.0	1.0	0.0	1.3360000000000003	4.664	1.0
330	2.0	0.0	1.0	0.0	2.0	4.0	1.0
331	1.0	2.0	1.0	2.0	1.3330000000000002	4.667	2.0
332	2.0	1.0	1.0	1.0	3.0	6.0	2.0
333	1.0	1.0	1.0	1.0	1.3330000000000002	4.667	2.0
334	0.0	0.0	0.0	0.0	0.0	0.0	0.0
335	1.0	1.0	0.0	1.0	2.0	4.0	1.0
336	1.0	0.0	1.0	0.0	1.0	2.0	1.0
337	3.0	4.0	2.0	3.0	4.333	10.667	3.0
338	2.0	2.0	1.0	1.0	4.0	8.0	2.0
339	3.0	2.0	2.0	1.0	5.0	10.0	3.0
340	3.0	4.0	2.0	2.0	5.0	10.0	2.0
341	2.0	5.0	1.0	2.0	4.333	10.667	3.0
342	3.0	3.0	3.0	2.0	3.6660000000000004	11.334	4.0
343	1.0	2.0	1.0	1.0	3.0	6.0	2.0
344	2.0	3.0	1.0	3.0	3.333	8.667	3.0
345	1.0	1.0	0.0	1.0	1.3330000000000002	4.667	1.0
346	0.0	2.0	0.0	1.0	1.3330000000000002	4.667	1.0
347	1.0	2.0	0.0	2.0	1.3330000000000002	4.667	1.0
348	1.0	0.0	1.0	0.0	1.0	2.0	1.0
349	1.0	2.0	1.0	2.0	0.3330000000000002	2.667	1.0
350	1.0	2.0	1.0	0.0	1.3330000000000002	4.667	1.0
351	1.0	2.0	0.0	2.0	2.0	4.0	1.0
352	2.0	0.0	0.0	0.0	2.0	4.0	0.0
353	3.0	2.0	2.0	1.0	2.0	7.0	1.0
354	1.0	3.0	0.0	2.0	1.6690000000000005	7.3309999999999995	1.0
355	1.0	2.0	1.0	0.0	0.6660000000000004	5.334	1.0
356	0.0	2.0	0.0	1.0	1.3360000000000003	4.664	1.0
357	0.0	2.0	0.0	0.0	0.3330000000000002	2.667	0.0
358	2.0	3.0	0.0	2.0	1.6660000000000004	7.334	1.0
359	1.0	2.0	1.0	2.0	1.0	2.0	1.0
360	1.0	4.0	1.0	2.0	2.333	6.667	2.0
361	2.0	3.0	0.0	2.0	1.3330000000000002	7.667	1.0
362	3.0	4.0	2.0	3.0	4.001	10.999	3.0
363	0.0	2.0	0.0	2.0	1.3330000000000002	4.667	2.0
364	2.0	2.0	2.0	0.0	4.0	8.0	2.0
365	2.0	4.0	2.0	4.0	2.668	6.332	3.0
366	0.0	2.0	0.0	2.0	1.3330000000000002	4.667	2.0
367	3.0	1.0	2.0	1.0	2.333	6.667	2.0
368	2.0	0.0	0.0	0.0	2.0	4.0	0.0
369	1.0	2.0	1.0	1.0	1.6660000000000004	7.334	2.0
370	0.0	0.0	0.0	0.0	0.0	0.0	0.0
371	2.0	5.0	2.0	4.0	3.6660000000000004	11.334	4.0
372	2.0	3.0	2.0	2.0	2.9990000000000006	12.001	4.0
373	1.0	2.0	0.0	2.0	1.6680000000000001	7.332	2.0
374	0.0	0.0	0.0	0.0	0.0	0.0	0.0
375	0.0	0.0	0.0	0.0	0.0	0.0	0.0
376	1.0	2.0	0.0	2.0	0.6660000000000004	5.334	1.0
377	1.0	2.0	1.0	2.0	1.0	2.0	1.0
378	1.0	0.0	1.0	0.0	0.3330000000000002	2.667	1.0
379	0.0	0.0	0.0	0.0	0.0	0.0	0.0
380	0.0	3.0	0.0	3.0	1.0010000000000003	4.999	2.0
381	0.0	0.0	0.0	0.0	0.0	0.0	0.0
382	2.0	4.0	0.0	2.0	4.333	10.667	2.0
383	0.0	2.0	0.0	2.0	1.0	2.0	1.0
384	1.0	2.0	1.0	2.0	1.3330000000000002	4.667	2.0
385	3.0	2.0	2.0	1.0	4.0	8.0	2.0
386	2.0	1.0	2.0	1.0	1.3330000000000002	4.667	2.0
387	0.0	3.0	0.0	2.0	2.0040000000000004	6.9959999999999996	2.0
388	2.0	3.0	1.0	3.0	4.0	8.0	3.0
389	3.0	1.0	2.0	0.0	4.0	8.0	2.0
390	5.0	1.0	4.0	1.0	4.069000000000001	10.931	4.0
391	1.0	1.0	0.0	0.0	2.0	4.0	0.0
392	2.0	0.0	1.0	0.0	2.0	4.0	1.0
393	0.0	1.0	0.0	1.0	0.3330000000000002	2.667	1.0
394	2.0	2.0	1.0	2.0	0.6660000000000004	5.334	1.0
395	1.0	0.0	1.0	0.0	1.0	2.0	1.0
396	2.0	0.0	2.0	0.0	0.6660000000000004	5.334	2.0
397	1.0	0.0	0.0	0.0	1.0	2.0	0.0
398	2.0	2.0	1.0	2.0	2.0	7.0	2.0
399	0.0	3.0	0.0	2.0	1.6660000000000004	7.334	2.0
400	2.0	0.0	1.0	0.0	0.6660000000000004	5.334	1.0
401	3.0	0.0	2.0	0.0	0.9990000000000006	8.001	2.0
402	1.0	2.0	0.0	1.0	3.0	6.0	1.0
403	1.0	0.0	1.0	0.0	1.0	2.0	1.0
404	0.0	2.0	0.0	1.0	1.6680000000000001	4.332	1.0
405	1.0	1.0	1.0	0.0	2.0	4.0	1.0
406	2.0	0.0	2.0	0.0	0.6660000000000004	5.334	2.0
407	0.0	0.0	0.0	0.0	0.0	0.0	0.0
408	2.0	2.0	1.0	2.0	3.0	6.0	2.0
409	2.0	0.0	2.0	0.0	1.6680000000000001	4.332	2.0
410	3.0	0.0	2.0	0.0	3.0	6.0	2.0
411	1.0	2.0	1.0	2.0	1.3330000000000002	4.667	2.0
412	2.0	0.0	1.0	0.0	2.0	4.0	1.0
413	1.0	0.0	1.0	0.0	0.3330000000000002	2.667	1.0
414	1.0	1.0	1.0	1.0	1.3330000000000002	4.667	2.0
415	2.0	3.0	2.0	3.0	2.333	6.667	3.0
416	1.0	4.0	1.0	3.0	3.0	9.0	3.0
417	1.0	2.0	1.0	2.0	1.0	2.0	1.0
418	1.0	2.0	0.0	1.0	2.333	6.667	1.0
419	0.0	0.0	0.0	0.0	0.0	0.0	0.0
