all_syn	all_nonSyn	tip_syn	tip_nonSyn	S	N	comparisons
001	0.0	0.0	0.0	0.0	0.0	0.0	0.0
002	0.0	0.0	0.0	0.0	0.0	0.0	0.0
003	0.0	0.0	0.0	0.0	0.0	0.0	0.0
004	0.0	0.0	0.0	0.0	0.0	0.0	0.0
005	0.0	0.0	0.0	0.0	0.0	0.0	0.0
006	0.0	0.0	0.0	0.0	0.0	0.0	0.0
007	0.0	0.0	0.0	0.0	0.0	0.0	0.0
008	0.0	0.0	0.0	0.0	0.0	0.0	0.0
009	0.0	0.0	0.0	0.0	0.0	0.0	0.0
010	0.0	0.0	0.0	0.0	0.0	0.0	0.0
011	0.0	0.0	0.0	0.0	0.0	0.0	0.0
012	0.0	0.0	0.0	0.0	0.0	0.0	0.0
013	0.0	0.0	0.0	0.0	0.0	0.0	0.0
014	0.0	0.0	0.0	0.0	0.0	0.0	0.0
015	0.0	0.0	0.0	0.0	0.0	0.0	0.0
016	0.0	0.0	0.0	0.0	0.0	0.0	0.0
017	0.0	0.0	0.0	0.0	0.0	0.0	0.0
018	0.0	0.0	0.0	0.0	0.0	0.0	0.0
019	0.0	0.0	0.0	0.0	0.0	0.0	0.0
020	0.0	0.0	0.0	0.0	0.0	0.0	0.0
021	0.0	0.0	0.0	0.0	0.0	0.0	0.0
022	0.0	0.0	0.0	0.0	0.0	0.0	0.0
023	0.0	0.0	0.0	0.0	0.0	0.0	0.0
024	0.0	0.0	0.0	0.0	0.0	0.0	0.0
025	0.0	0.0	0.0	0.0	0.0	0.0	0.0
026	0.0	0.0	0.0	0.0	0.0	0.0	0.0
027	0.0	0.0	0.0	0.0	0.0	0.0	0.0
028	0.0	0.0	0.0	0.0	0.0	0.0	0.0
029	0.0	0.0	0.0	0.0	0.0	0.0	0.0
030	0.0	0.0	0.0	0.0	0.0	0.0	0.0
031	0.0	0.0	0.0	0.0	0.0	0.0	0.0
032	0.0	0.0	0.0	0.0	0.0	0.0	0.0
033	0.0	0.0	0.0	0.0	0.0	0.0	0.0
034	0.0	0.0	0.0	0.0	0.0	0.0	0.0
035	0.0	0.0	0.0	0.0	0.0	0.0	0.0
036	0.0	0.0	0.0	0.0	0.0	0.0	0.0
037	0.0	0.0	0.0	0.0	0.0	0.0	0.0
038	0.0	0.0	0.0	0.0	0.0	0.0	0.0
039	0.0	0.0	0.0	0.0	0.0	0.0	0.0
040	0.0	0.0	0.0	0.0	0.0	0.0	0.0
041	0.0	0.0	0.0	0.0	0.0	0.0	0.0
042	0.0	0.0	0.0	0.0	0.0	0.0	0.0
043	0.0	0.0	0.0	0.0	0.0	0.0	0.0
044	0.0	0.0	0.0	0.0	0.0	0.0	0.0
045	0.0	0.0	0.0	0.0	0.0	0.0	0.0
046	0.0	0.0	0.0	0.0	0.0	0.0	0.0
047	0.0	0.0	0.0	0.0	0.0	0.0	0.0
048	0.0	0.0	0.0	0.0	0.0	0.0	0.0
049	0.0	0.0	0.0	0.0	0.0	0.0	0.0
050	0.0	0.0	0.0	0.0	0.0	0.0	0.0
051	0.0	0.0	0.0	0.0	0.0	0.0	0.0
052	0.0	0.0	0.0	0.0	0.0	0.0	0.0
053	0.0	0.0	0.0	0.0	0.0	0.0	0.0
054	0.0	0.0	0.0	0.0	0.0	0.0	0.0
055	0.0	0.0	0.0	0.0	0.0	0.0	0.0
056	0.0	0.0	0.0	0.0	0.0	0.0	0.0
057	0.0	0.0	0.0	0.0	0.0	0.0	0.0
058	0.0	0.0	0.0	0.0	0.0	0.0	0.0
059	0.0	0.0	0.0	0.0	0.0	0.0	0.0
060	0.0	0.0	0.0	0.0	0.0	0.0	0.0
061	0.0	0.0	0.0	0.0	0.0	0.0	0.0
062	0.0	0.0	0.0	0.0	0.0	0.0	0.0
063	0.0	0.0	0.0	0.0	0.0	0.0	0.0
064	0.0	0.0	0.0	0.0	0.0	0.0	0.0
065	0.0	0.0	0.0	0.0	0.0	0.0	0.0
066	0.0	0.0	0.0	0.0	0.0	0.0	0.0
067	0.0	0.0	0.0	0.0	0.0	0.0	0.0
068	2.0	0.0	2.0	0.0	2.0	4.0	2.0
069	0.0	0.0	0.0	0.0	0.0	0.0	0.0
070	1.0	0.0	1.0	0.0	0.3330000000000002	2.667	1.0
071	1.0	0.0	1.0	0.0	1.0	2.0	1.0
072	1.0	2.0	1.0	2.0	1.0	2.0	1.0
073	0.0	0.0	0.0	0.0	0.0	0.0	0.0
074	1.0	0.0	1.0	0.0	0.3330000000000002	2.667	1.0
075	0.0	0.0	0.0	0.0	0.0	0.0	0.0
076	2.0	0.0	1.0	0.0	2.0	4.0	1.0
077	0.0	0.0	0.0	0.0	0.0	0.0	0.0
078	0.0	0.0	0.0	0.0	0.0	0.0	0.0
079	2.0	0.0	1.0	0.0	2.0	4.0	1.0
080	0.0	0.0	0.0	0.0	0.0	0.0	0.0
081	2.0	0.0	1.0	0.0	2.0	4.0	1.0
082	1.0	1.0	1.0	0.0	2.0	4.0	1.0
083	1.0	0.0	1.0	0.0	1.0	2.0	1.0
084	3.0	0.0	3.0	0.0	3.0	6.0	3.0
085	1.0	0.0	1.0	0.0	0.3330000000000002	2.667	1.0
086	0.0	0.0	0.0	0.0	0.0	0.0	0.0
087	0.0	0.0	0.0	0.0	0.0	0.0	0.0
088	2.0	0.0	1.0	0.0	2.0	4.0	1.0
089	0.0	0.0	0.0	0.0	0.0	0.0	0.0
090	1.0	0.0	1.0	0.0	0.3330000000000002	2.667	1.0
091	2.0	1.0	2.0	1.0	0.6660000000000004	5.334	2.0
092	1.0	0.0	1.0	0.0	0.3330000000000002	2.667	1.0
093	0.0	1.0	0.0	1.0	0.3330000000000002	2.667	1.0
094	1.0	0.0	1.0	0.0	0.3330000000000002	2.667	1.0
095	2.0	0.0	2.0	0.0	2.0	4.0	2.0
096	0.0	0.0	0.0	0.0	0.0	0.0	0.0
097	0.0	0.0	0.0	0.0	0.0	0.0	0.0
098	0.0	0.0	0.0	0.0	0.0	0.0	0.0
099	0.0	0.0	0.0	0.0	0.0	0.0	0.0
100	0.0	0.0	0.0	0.0	0.0	0.0	0.0
101	1.0	0.0	1.0	0.0	0.3330000000000002	2.667	1.0
102	1.0	0.0	1.0	0.0	1.0	2.0	1.0
103	2.0	0.0	1.0	0.0	1.3360000000000003	4.664	1.0
104	0.0	0.0	0.0	0.0	0.0	0.0	0.0
105	3.0	0.0	3.0	0.0	1.6680000000000001	4.332	2.0
106	1.0	0.0	1.0	0.0	0.3330000000000002	2.667	1.0
107	0.0	0.0	0.0	0.0	0.0	0.0	0.0
108	0.0	0.0	0.0	0.0	0.0	0.0	0.0
109	1.0	0.0	1.0	0.0	1.0	2.0	1.0
110	4.0	0.0	3.0	0.0	4.0	8.0	3.0
111	1.0	0.0	0.0	0.0	1.0	2.0	0.0
112	0.0	0.0	0.0	0.0	0.0	0.0	0.0
113	0.0	0.0	0.0	0.0	0.0	0.0	0.0
114	2.0	1.0	2.0	1.0	2.3360000000000003	6.664	3.0
115	2.0	0.0	1.0	0.0	2.0	4.0	1.0
116	2.0	0.0	1.0	0.0	2.0	4.0	1.0
117	3.0	2.0	3.0	2.0	3.0	6.0	3.0
118	2.0	0.0	1.0	0.0	2.0	4.0	1.0
119	0.0	0.0	0.0	0.0	0.0	0.0	0.0
120	1.0	0.0	1.0	0.0	0.3330000000000002	2.667	1.0
121	1.0	0.0	0.0	0.0	0.6680000000000001	2.332	0.0
122	0.0	0.0	0.0	0.0	0.0	0.0	0.0
123	1.0	0.0	1.0	0.0	0.3330000000000002	2.667	1.0
124	0.0	0.0	0.0	0.0	0.0	0.0	0.0
125	0.0	0.0	0.0	0.0	0.0	0.0	0.0
126	0.0	2.0	0.0	2.0	0.6680000000000001	2.332	1.0
127	2.0	5.0	2.0	4.0	2.6660000000000004	9.334	3.0
128	0.0	0.0	0.0	0.0	0.0	0.0	0.0
129	2.0	0.0	2.0	0.0	2.0	4.0	2.0
130	0.0	0.0	0.0	0.0	0.0	0.0	0.0
131	0.0	0.0	0.0	0.0	0.0	0.0	0.0
132	0.0	0.0	0.0	0.0	0.0	0.0	0.0
133	2.0	0.0	1.0	0.0	2.068	3.932	1.0
134	0.0	0.0	0.0	0.0	0.0	0.0	0.0
135	0.0	0.0	0.0	0.0	0.0	0.0	0.0
136	0.0	0.0	0.0	0.0	0.0	0.0	0.0
137	3.0	0.0	2.0	0.0	3.0	6.0	2.0
138	1.0	3.0	1.0	2.0	1.3320000000000007	10.668	3.0
139	2.0	0.0	1.0	0.0	2.068	3.932	1.0
140	2.0	0.0	2.0	0.0	1.6680000000000001	4.332	2.0
141	1.0	0.0	1.0	0.0	0.3330000000000002	2.667	1.0
142	0.0	1.0	0.0	1.0	0.6680000000000001	2.332	1.0
143	0.0	0.0	0.0	0.0	0.0	0.0	0.0
144	3.0	0.0	2.0	0.0	3.068	5.932	2.0
145	3.0	2.0	3.0	2.0	1.6660000000000004	7.334	3.0
146	1.0	0.0	1.0	0.0	0.6680000000000001	2.332	1.0
147	2.0	0.0	1.0	0.0	1.6680000000000001	4.332	1.0
148	1.0	0.0	1.0	0.0	0.3330000000000002	2.667	1.0
149	0.0	0.0	0.0	0.0	0.0	0.0	0.0
150	0.0	0.0	0.0	0.0	0.0	0.0	0.0
151	0.0	0.0	0.0	0.0	0.0	0.0	0.0
152	2.0	0.0	1.0	0.0	2.0	4.0	1.0
153	0.0	1.0	0.0	1.0	1.0	2.0	1.0
154	2.0	0.0	2.0	0.0	2.0	4.0	2.0
155	2.0	0.0	2.0	0.0	2.0	4.0	2.0
156	2.0	0.0	1.0	0.0	2.8	3.2	1.0
157	1.0	0.0	1.0	0.0	0.3330000000000002	2.667	1.0
158	1.0	1.0	1.0	1.0	0.6660000000000004	5.334	2.0
159	2.0	0.0	2.0	0.0	0.6660000000000004	5.334	2.0
160	1.0	2.0	1.0	2.0	1.0	2.0	1.0
161	0.0	0.0	0.0	0.0	0.0	0.0	0.0
162	0.0	0.0	0.0	0.0	0.0	0.0	0.0
163	0.0	0.0	0.0	0.0	0.0	0.0	0.0
164	1.0	2.0	1.0	1.0	2.0	4.0	1.0
165	0.0	0.0	0.0	0.0	0.0	0.0	0.0
166	2.0	0.0	1.0	0.0	0.6660000000000004	5.334	1.0
167	1.0	4.0	1.0	2.0	1.6660000000000004	7.334	2.0
168	0.0	1.0	0.0	0.0	0.3330000000000002	2.667	0.0
169	1.0	2.0	0.0	0.0	1.0	2.0	0.0
170	0.0	0.0	0.0	0.0	0.0	0.0	0.0
171	0.0	0.0	0.0	0.0	0.0	0.0	0.0
