pos	Sd	Nd	Sd_tip	Nd_tip	S	N	comparisons
001	0.0	0.0	0.0	0.0	0.0	0.0	0.0
002	2.0	0.0	1.0	0.0	2.0	4.0	1.0
003	0.0	0.0	0.0	0.0	0.0	0.0	0.0
004	0.0	0.0	0.0	0.0	0.0	0.0	0.0
005	1.0	0.0	1.0	0.0	1.0	2.0	1.0
006	1.0	0.0	0.0	0.0	1.0	2.0	0.0
007	0.0	0.0	0.0	0.0	0.0	0.0	0.0
008	2.0	0.0	0.0	0.0	2.0	4.0	0.0
009	0.0	0.0	0.0	0.0	0.0	0.0	0.0
010	1.0	0.0	1.0	0.0	1.0	2.0	1.0
011	1.0	0.0	1.0	0.0	1.0	2.0	1.0
012	2.0	0.0	1.0	0.0	2.0	4.0	1.0
013	1.0	0.0	0.0	0.0	0.3330000000000002	2.667	0.0
014	2.0	0.0	1.0	0.0	2.0	4.0	1.0
015	3.0	0.0	3.0	0.0	3.0	6.0	3.0
016	2.0	0.0	1.0	0.0	2.0	4.0	1.0
017	0.0	0.0	0.0	0.0	0.0	0.0	0.0
018	1.0	0.0	0.0	0.0	0.3330000000000002	2.667	0.0
019	0.0	0.0	0.0	0.0	0.0	0.0	0.0
020	1.0	0.0	0.0	0.0	0.3330000000000002	2.667	0.0
021	0.0	0.0	0.0	0.0	0.0	0.0	0.0
022	1.0	0.0	1.0	0.0	0.3330000000000002	2.667	1.0
023	0.0	0.0	0.0	0.0	0.0	0.0	0.0
024	0.0	0.0	0.0	0.0	0.0	0.0	0.0
025	1.0	0.0	1.0	0.0	0.3330000000000002	2.667	1.0
026	0.0	1.0	0.0	1.0	1.0	2.0	1.0
027	1.0	0.0	0.0	0.0	1.0	2.0	0.0
028	0.0	0.0	0.0	0.0	0.0	0.0	0.0
029	0.0	0.0	0.0	0.0	0.0	0.0	0.0
030	0.0	0.0	0.0	0.0	0.0	0.0	0.0
031	0.0	1.0	0.0	1.0	0.3330000000000002	2.667	1.0
032	2.0	1.0	2.0	0.0	3.0	6.0	2.0
033	0.0	0.0	0.0	0.0	0.0	0.0	0.0
034	2.0	0.0	2.0	0.0	2.0	4.0	2.0
035	1.0	0.0	0.0	0.0	0.3330000000000002	2.667	0.0
036	3.0	0.0	2.0	0.0	3.0	6.0	2.0
037	2.0	0.0	2.0	0.0	2.0	4.0	2.0
038	1.0	0.0	1.0	0.0	0.3330000000000002	2.667	1.0
039	1.0	0.0	1.0	0.0	0.3330000000000002	2.667	1.0
040	1.0	2.0	1.0	2.0	2.0	4.0	2.0
041	2.0	1.0	1.0	1.0	0.9990000000000006	8.001	2.0
042	1.0	0.0	1.0	0.0	1.0	2.0	1.0
043	1.0	1.0	1.0	1.0	1.733	4.2669999999999995	2.0
044	4.0	0.0	2.0	0.0	4.0	8.0	2.0
045	0.0	0.0	0.0	0.0	0.0	0.0	0.0
046	1.0	1.0	1.0	1.0	1.0	2.0	1.0
047	1.0	0.0	1.0	0.0	0.3330000000000002	2.667	1.0
048	2.0	0.0	1.0	0.0	2.0	4.0	1.0
049	1.0	2.0	1.0	2.0	1.0	2.0	1.0
050	0.0	0.0	0.0	0.0	0.0	0.0	0.0
051	1.0	0.0	1.0	0.0	0.3330000000000002	2.667	1.0
052	0.0	0.0	0.0	0.0	0.0	0.0	0.0
053	2.0	1.0	2.0	1.0	1.3330000000000002	4.667	2.0
054	1.0	0.0	0.0	0.0	0.6680000000000001	2.332	0.0
055	2.0	0.0	0.0	0.0	1.0	2.0	0.0
056	1.0	0.0	1.0	0.0	0.3330000000000002	2.667	1.0
057	0.0	0.0	0.0	0.0	0.0	0.0	0.0
058	1.0	0.0	1.0	0.0	0.3330000000000002	2.667	1.0
059	1.0	0.0	1.0	0.0	1.0	2.0	1.0
060	0.0	0.0	0.0	0.0	0.0	0.0	0.0
061	0.0	0.0	0.0	0.0	0.0	0.0	0.0
062	0.0	0.0	0.0	0.0	0.0	0.0	0.0
063	2.0	0.0	0.0	0.0	2.0	4.0	0.0
064	1.0	0.0	1.0	0.0	0.3330000000000002	2.667	1.0
065	1.0	0.0	1.0	0.0	1.0	2.0	1.0
066	1.0	0.0	1.0	0.0	0.3330000000000002	2.667	1.0
067	2.0	0.0	2.0	0.0	2.0	4.0	2.0
068	2.0	1.0	2.0	1.0	1.733	4.2669999999999995	2.0
069	0.0	0.0	0.0	0.0	0.0	0.0	0.0
070	1.0	0.0	1.0	0.0	1.0	2.0	1.0
071	3.0	0.0	2.0	0.0	3.0	6.0	2.0
072	2.0	0.0	1.0	0.0	0.6660000000000004	5.334	1.0
073	3.0	2.0	2.0	2.0	3.333	8.667	3.0
074	2.0	0.0	2.0	0.0	2.4	3.6	2.0
075	1.0	0.0	0.0	0.0	0.3330000000000002	2.667	0.0
076	1.0	1.0	0.0	1.0	0.6660000000000004	5.334	1.0
077	0.0	0.0	0.0	0.0	0.0	0.0	0.0
078	2.0	1.0	2.0	1.0	1.3330000000000002	4.667	2.0
079	3.0	1.0	2.0	1.0	3.0	6.0	2.0
080	0.0	1.0	0.0	1.0	0.3330000000000002	2.667	1.0
081	1.0	0.0	1.0	0.0	0.3330000000000002	2.667	1.0
082	1.0	0.0	0.0	0.0	0.3330000000000002	2.667	0.0
083	1.0	0.0	0.0	0.0	0.3330000000000002	2.667	0.0
084	1.0	2.0	0.0	1.0	1.6680000000000001	4.332	1.0
085	0.0	1.0	0.0	1.0	0.3330000000000002	2.667	1.0
086	3.0	2.0	3.0	2.0	2.0010000000000003	6.999	3.0
087	2.0	1.0	2.0	1.0	0.3330000000000002	2.667	1.0
088	0.0	0.0	0.0	0.0	0.0	0.0	0.0
089	2.0	0.0	0.0	0.0	0.6660000000000004	5.334	0.0
090	0.0	0.0	0.0	0.0	0.0	0.0	0.0
091	1.0	2.0	1.0	0.0	2.736	6.263999999999999	1.0
092	3.0	0.0	2.0	0.0	1.6680000000000001	4.332	1.0
093	1.0	2.0	1.0	0.0	0.6660000000000004	5.334	1.0
094	0.0	0.0	0.0	0.0	0.0	0.0	0.0
095	3.0	0.0	1.0	0.0	3.8	5.2	1.0
096	3.0	0.0	3.0	0.0	3.4	5.6	3.0
097	0.0	0.0	0.0	0.0	0.0	0.0	0.0
098	1.0	1.0	1.0	1.0	0.6660000000000004	5.334	2.0
099	4.0	1.0	2.0	1.0	3.068	8.932	2.0
100	0.0	0.0	0.0	0.0	0.0	0.0	0.0
101	0.0	3.0	0.0	1.0	0.9990000000000006	8.001	1.0
102	0.0	1.0	0.0	0.0	0.3330000000000002	2.667	0.0
103	2.0	0.0	1.0	0.0	0.6660000000000004	5.334	1.0
104	2.0	1.0	0.0	1.0	0.9990000000000006	8.001	1.0
105	2.0	4.0	2.0	2.0	2.6660000000000004	9.334	2.0
106	3.0	1.0	2.0	1.0	4.0	8.0	3.0
107	2.0	1.0	2.0	1.0	3.0	6.0	3.0
108	0.0	0.0	0.0	0.0	0.0	0.0	0.0
109	1.0	1.0	0.0	1.0	1.3330000000000002	4.667	1.0
110	1.0	2.0	1.0	1.0	3.0	6.0	2.0
111	4.0	0.0	3.0	0.0	4.0	8.0	3.0
112	2.0	0.0	1.0	0.0	2.0	4.0	1.0
113	3.0	3.0	2.0	1.0	3.0040000000000004	8.995999999999999	2.0
114	5.0	0.0	3.0	0.0	2.668	6.332	2.0
115	0.0	0.0	0.0	0.0	0.0	0.0	0.0
116	1.0	2.0	1.0	2.0	1.0	2.0	1.0
117	1.0	0.0	1.0	0.0	0.3330000000000002	2.667	1.0
118	2.0	0.0	2.0	0.0	0.6660000000000004	5.334	2.0
119	2.0	0.0	1.0	0.0	0.6660000000000004	5.334	1.0
120	1.0	0.0	0.0	0.0	0.3330000000000002	2.667	0.0
121	1.0	0.0	0.0	0.0	0.3330000000000002	2.667	0.0
122	2.0	0.0	2.0	0.0	2.0	4.0	2.0
123	0.0	0.0	0.0	0.0	0.0	0.0	0.0
124	1.0	0.0	1.0	0.0	0.3330000000000002	2.667	1.0
125	0.0	0.0	0.0	0.0	0.0	0.0	0.0
126	2.0	0.0	1.0	0.0	2.0	4.0	1.0
127	3.0	0.0	2.0	0.0	0.9990000000000006	8.001	2.0
128	1.0	0.0	1.0	0.0	1.0	2.0	1.0
129	1.0	0.0	1.0	0.0	0.3330000000000002	2.667	1.0
130	1.0	0.0	0.0	0.0	0.6680000000000001	2.332	0.0
131	1.0	0.0	0.0	0.0	0.3330000000000002	2.667	0.0
132	0.0	0.0	0.0	0.0	0.0	0.0	0.0
133	2.0	0.0	2.0	0.0	0.6660000000000004	5.334	2.0
134	0.0	0.0	0.0	0.0	0.0	0.0	0.0
135	2.0	0.0	1.0	0.0	1.3360000000000003	4.664	1.0
136	4.0	0.0	2.0	0.0	3.736	8.264	2.0
137	3.0	0.0	3.0	0.0	2.668	6.332	3.0
138	0.0	2.0	0.0	1.0	0.6660000000000004	5.334	1.0
139	2.0	0.0	1.0	0.0	2.0	4.0	1.0
140	2.0	0.0	1.0	0.0	2.4	3.6	1.0
141	1.0	1.0	0.0	1.0	1.0010000000000003	4.999	1.0
142	1.0	0.0	1.0	0.0	0.6680000000000001	2.332	1.0
143	2.0	0.0	1.0	0.0	0.6660000000000004	5.334	1.0
144	2.0	1.0	1.0	0.0	0.9990000000000006	8.001	1.0
145	2.0	0.0	1.0	0.0	0.6660000000000004	5.334	1.0
146	1.0	0.0	0.0	0.0	0.3330000000000002	2.667	0.0
147	1.0	0.0	0.0	0.0	0.3330000000000002	2.667	0.0
148	0.0	0.0	0.0	0.0	0.0	0.0	0.0
149	4.0	0.0	3.0	0.0	4.0	8.0	3.0
150	0.0	0.0	0.0	0.0	0.0	0.0	0.0
151	0.0	0.0	0.0	0.0	0.0	0.0	0.0
152	0.0	0.0	0.0	0.0	0.0	0.0	0.0
153	0.0	2.0	0.0	1.0	1.0010000000000003	4.999	1.0
154	3.0	0.0	2.0	0.0	2.3360000000000003	6.664	2.0
155	2.0	0.0	1.0	0.0	0.6660000000000004	5.334	1.0
156	0.0	0.0	0.0	0.0	0.0	0.0	0.0
157	0.0	1.0	0.0	1.0	0.3330000000000002	2.667	1.0
158	2.0	0.0	1.0	0.0	1.3360000000000003	4.664	1.0
159	2.0	0.0	1.0	0.0	2.068	3.932	1.0
160	3.0	0.0	2.0	0.0	1.6680000000000001	4.332	1.0
161	2.0	3.0	1.0	2.0	2.6660000000000004	9.334	2.0
162	4.0	1.0	4.0	0.0	5.0	10.0	4.0
163	4.0	2.0	2.0	1.0	4.468	7.532	2.0
164	1.0	2.0	1.0	1.0	0.9990000000000006	8.001	2.0
165	2.0	2.0	2.0	1.0	1.0010000000000003	4.999	1.0
166	1.0	2.0	1.0	1.0	0.9990000000000006	8.001	2.0
167	1.0	3.0	1.0	1.0	2.0	4.0	1.0
168	2.0	1.0	1.0	1.0	0.6660000000000004	5.334	1.0
169	0.0	2.0	0.0	1.0	1.0010000000000003	4.999	1.0
170	2.0	1.0	0.0	1.0	0.9990000000000006	8.001	1.0
171	2.0	3.0	2.0	2.0	1.6660000000000004	7.334	2.0
172	2.0	3.0	1.0	3.0	3.333	8.667	3.0
173	2.0	1.0	2.0	1.0	1.6660000000000004	7.334	3.0
174	0.0	1.0	0.0	0.0	0.3330000000000002	2.667	0.0
175	0.0	0.0	0.0	0.0	0.0	0.0	0.0
176	0.0	0.0	0.0	0.0	0.0	0.0	0.0
177	0.0	0.0	0.0	0.0	0.0	0.0	0.0
