all_syn	all_nonSyn	tip_syn	tip_nonSyn	S	N	comparisons
001	0.0	0.0	0.0	0.0	0.0	0.0	0.0
002	0.0	0.0	0.0	0.0	0.0	0.0	0.0
003	0.0	0.0	0.0	0.0	0.0	0.0	0.0
004	0.0	0.0	0.0	0.0	0.0	0.0	0.0
005	0.0	0.0	0.0	0.0	0.0	0.0	0.0
006	0.0	0.0	0.0	0.0	0.0	0.0	0.0
007	0.0	0.0	0.0	0.0	0.0	0.0	0.0
008	0.0	0.0	0.0	0.0	0.0	0.0	0.0
009	0.0	0.0	0.0	0.0	0.0	0.0	0.0
010	0.0	0.0	0.0	0.0	0.0	0.0	0.0
011	0.0	0.0	0.0	0.0	0.0	0.0	0.0
012	0.0	0.0	0.0	0.0	0.0	0.0	0.0
013	0.0	0.0	0.0	0.0	0.0	0.0	0.0
014	0.0	0.0	0.0	0.0	0.0	0.0	0.0
015	0.0	0.0	0.0	0.0	0.0	0.0	0.0
016	0.0	0.0	0.0	0.0	0.0	0.0	0.0
017	0.0	0.0	0.0	0.0	0.0	0.0	0.0
018	0.0	0.0	0.0	0.0	0.0	0.0	0.0
019	0.0	0.0	0.0	0.0	0.0	0.0	0.0
020	0.0	0.0	0.0	0.0	0.0	0.0	0.0
021	0.0	0.0	0.0	0.0	0.0	0.0	0.0
022	0.0	0.0	0.0	0.0	0.0	0.0	0.0
023	0.0	0.0	0.0	0.0	0.0	0.0	0.0
024	0.0	0.0	0.0	0.0	0.0	0.0	0.0
025	0.0	0.0	0.0	0.0	0.0	0.0	0.0
026	0.0	0.0	0.0	0.0	0.0	0.0	0.0
027	0.0	0.0	0.0	0.0	0.0	0.0	0.0
028	0.0	0.0	0.0	0.0	0.0	0.0	0.0
029	0.0	0.0	0.0	0.0	0.0	0.0	0.0
030	1.0	1.0	0.0	0.0	1.0	2.0	0.0
031	0.0	0.0	0.0	0.0	0.0	0.0	0.0
032	0.0	0.0	0.0	0.0	0.0	0.0	0.0
033	0.0	1.0	0.0	1.0	1.0	2.0	1.0
034	0.0	0.0	0.0	0.0	0.0	0.0	0.0
035	0.0	0.0	0.0	0.0	0.0	0.0	0.0
036	0.0	0.0	0.0	0.0	0.0	0.0	0.0
037	2.0	0.0	0.0	0.0	0.6660000000000004	5.334	0.0
038	0.0	0.0	0.0	0.0	0.0	0.0	0.0
039	3.0	0.0	1.0	0.0	3.0	6.0	1.0
040	0.0	0.0	0.0	0.0	0.0	0.0	0.0
041	2.0	0.0	0.0	0.0	2.0	4.0	0.0
042	2.0	0.0	2.0	0.0	2.068	3.932	2.0
043	1.0	0.0	1.0	0.0	0.3330000000000002	2.667	1.0
044	0.0	0.0	0.0	0.0	0.0	0.0	0.0
045	0.0	0.0	0.0	0.0	0.0	0.0	0.0
046	0.0	0.0	0.0	0.0	0.0	0.0	0.0
047	1.0	0.0	1.0	0.0	1.0	2.0	1.0
048	1.0	0.0	1.0	0.0	1.0	2.0	1.0
049	1.0	1.0	0.0	1.0	0.6660000000000004	5.334	1.0
050	1.0	0.0	1.0	0.0	1.0	2.0	1.0
051	1.0	2.0	1.0	1.0	0.9990000000000006	8.001	2.0
052	1.0	0.0	1.0	0.0	0.3330000000000002	2.667	1.0
053	2.0	1.0	1.0	1.0	2.3360000000000003	6.664	2.0
054	0.0	2.0	0.0	2.0	2.0	4.0	2.0
055	1.0	1.0	1.0	1.0	0.6660000000000004	5.334	2.0
056	0.0	0.0	0.0	0.0	0.0	0.0	0.0
057	0.0	2.0	0.0	2.0	1.0	2.0	1.0
058	2.0	0.0	1.0	0.0	0.6660000000000004	5.334	1.0
059	0.0	0.0	0.0	0.0	0.0	0.0	0.0
060	0.0	0.0	0.0	0.0	0.0	0.0	0.0
061	3.0	0.0	1.0	0.0	3.8	5.2	1.0
062	1.0	0.0	1.0	0.0	1.0	2.0	1.0
063	1.0	0.0	1.0	0.0	1.0	2.0	1.0
064	3.0	0.0	1.0	0.0	3.0	6.0	1.0
065	2.0	0.0	2.0	0.0	2.0	4.0	2.0
066	2.0	0.0	1.0	0.0	2.0	4.0	1.0
067	0.0	0.0	0.0	0.0	0.0	0.0	0.0
068	1.0	0.0	1.0	0.0	1.0	2.0	1.0
069	3.0	0.0	1.0	0.0	1.6680000000000001	4.332	1.0
070	1.0	0.0	1.0	0.0	1.0	2.0	1.0
071	2.0	0.0	2.0	0.0	1.6680000000000001	4.332	2.0
072	1.0	0.0	1.0	0.0	0.6680000000000001	2.332	1.0
073	0.0	0.0	0.0	0.0	0.0	0.0	0.0
074	3.0	0.0	2.0	0.0	3.0	6.0	2.0
075	2.0	0.0	1.0	0.0	2.0	4.0	1.0
076	3.0	0.0	3.0	0.0	3.0	6.0	3.0
077	4.0	0.0	3.0	0.0	4.0	8.0	3.0
078	2.0	0.0	2.0	0.0	2.0	4.0	2.0
079	4.0	1.0	2.0	1.0	5.0	10.0	3.0
080	1.0	0.0	1.0	0.0	0.3330000000000002	2.667	1.0
081	1.0	2.0	1.0	2.0	2.0	4.0	2.0
082	1.0	2.0	1.0	0.0	0.6660000000000004	5.334	1.0
083	1.0	1.0	1.0	0.0	2.0	4.0	1.0
084	3.0	3.0	2.0	2.0	2.3320000000000007	12.668	3.0
085	0.0	0.0	0.0	0.0	0.0	0.0	0.0
086	0.0	0.0	0.0	0.0	0.0	0.0	0.0
087	0.0	0.0	0.0	0.0	0.0	0.0	0.0
088	1.0	0.0	0.0	0.0	1.0	2.0	0.0
089	1.0	3.0	0.0	1.0	4.0	8.0	1.0
090	1.0	2.0	1.0	2.0	0.6660000000000004	5.334	2.0
091	3.0	2.0	2.0	2.0	4.0	8.0	3.0
092	4.0	0.0	3.0	0.0	4.0	8.0	3.0
093	3.0	2.0	1.0	0.0	4.0	8.0	1.0
094	1.0	0.0	1.0	0.0	0.3330000000000002	2.667	1.0
095	0.0	0.0	0.0	0.0	0.0	0.0	0.0
096	1.0	0.0	1.0	0.0	0.3330000000000002	2.667	1.0
097	0.0	0.0	0.0	0.0	0.0	0.0	0.0
098	3.0	0.0	3.0	0.0	3.068	5.932	3.0
099	0.0	0.0	0.0	0.0	0.0	0.0	0.0
100	2.0	0.0	2.0	0.0	2.8	3.2	2.0
101	1.0	0.0	0.0	0.0	0.3330000000000002	2.667	0.0
102	2.0	0.0	1.0	0.0	2.4	3.6	1.0
103	1.0	0.0	1.0	0.0	1.0	2.0	1.0
104	0.0	0.0	0.0	0.0	0.0	0.0	0.0
105	1.0	0.0	0.0	0.0	0.3330000000000002	2.667	0.0
106	0.0	0.0	0.0	0.0	0.0	0.0	0.0
107	2.0	0.0	1.0	0.0	0.6660000000000004	5.334	1.0
108	4.0	0.0	3.0	0.0	2.668	6.332	2.0
109	0.0	0.0	0.0	0.0	0.0	0.0	0.0
110	3.0	0.0	3.0	0.0	3.4	5.6	3.0
111	3.0	0.0	2.0	0.0	3.0	6.0	2.0
112	0.0	0.0	0.0	0.0	0.0	0.0	0.0
113	4.0	0.0	3.0	0.0	4.0	8.0	3.0
114	0.0	0.0	0.0	0.0	0.0	0.0	0.0
115	2.0	0.0	1.0	0.0	0.6660000000000004	5.334	1.0
116	0.0	0.0	0.0	0.0	0.0	0.0	0.0
117	1.0	0.0	1.0	0.0	0.3330000000000002	2.667	1.0
118	0.0	0.0	0.0	0.0	0.0	0.0	0.0
119	1.0	0.0	1.0	0.0	0.3330000000000002	2.667	1.0
120	2.0	0.0	2.0	0.0	2.0	4.0	2.0
121	2.0	0.0	2.0	0.0	2.0	4.0	2.0
122	1.0	1.0	1.0	1.0	0.6680000000000001	2.332	1.0
123	0.0	0.0	0.0	0.0	0.0	0.0	0.0
124	0.0	0.0	0.0	0.0	0.0	0.0	0.0
125	2.0	0.0	2.0	0.0	2.0	4.0	2.0
126	3.0	0.0	3.0	0.0	2.0040000000000004	6.9959999999999996	3.0
127	3.0	0.0	2.0	0.0	3.0	6.0	2.0
128	2.0	0.0	2.0	0.0	1.0	2.0	1.0
129	0.0	0.0	0.0	0.0	0.0	0.0	0.0
130	3.0	0.0	1.0	0.0	0.9990000000000006	8.001	1.0
131	2.0	4.0	2.0	1.0	3.668	11.332	2.0
132	2.0	0.0	1.0	0.0	2.0	4.0	1.0
133	3.0	0.0	2.0	0.0	3.0	6.0	2.0
134	1.0	0.0	1.0	0.0	0.3330000000000002	2.667	1.0
135	0.0	0.0	0.0	0.0	0.0	0.0	0.0
136	2.0	0.0	2.0	0.0	2.0	4.0	2.0
137	1.0	0.0	1.0	0.0	1.0	2.0	1.0
138	2.0	0.0	1.0	0.0	0.6660000000000004	5.334	1.0
139	1.0	0.0	1.0	0.0	1.0	2.0	1.0
140	0.0	0.0	0.0	0.0	0.0	0.0	0.0
141	1.0	1.0	1.0	1.0	1.0	2.0	1.0
142	0.0	1.0	0.0	1.0	0.3330000000000002	2.667	1.0
143	4.0	0.0	3.0	0.0	1.3320000000000007	10.668	3.0
144	3.0	0.0	1.0	0.0	3.0	6.0	1.0
145	2.0	0.0	1.0	0.0	0.6660000000000004	5.334	1.0
146	2.0	1.0	2.0	1.0	2.0	4.0	2.0
147	1.0	0.0	1.0	0.0	1.0	2.0	1.0
148	0.0	0.0	0.0	0.0	0.0	0.0	0.0
149	2.0	0.0	2.0	0.0	1.0	2.0	1.0
150	1.0	1.0	1.0	1.0	0.3330000000000002	2.667	1.0
151	1.0	0.0	1.0	0.0	1.0	2.0	1.0
152	3.0	0.0	2.0	0.0	2.668	6.332	2.0
153	1.0	0.0	1.0	0.0	0.3330000000000002	2.667	1.0
154	2.0	0.0	1.0	0.0	0.6660000000000004	5.334	1.0
155	1.0	0.0	0.0	0.0	0.3330000000000002	2.667	0.0
156	3.0	0.0	2.0	0.0	3.0	6.0	2.0
157	1.0	0.0	1.0	0.0	0.3330000000000002	2.667	1.0
158	2.0	0.0	1.0	0.0	2.0	4.0	1.0
159	2.0	0.0	1.0	0.0	0.6660000000000004	5.334	1.0
160	2.0	0.0	1.0	0.0	0.6660000000000004	5.334	1.0
161	4.0	0.0	3.0	0.0	4.0	8.0	3.0
162	1.0	0.0	1.0	0.0	0.6680000000000001	2.332	1.0
163	2.0	0.0	1.0	0.0	2.4	3.6	1.0
164	4.0	0.0	3.0	0.0	4.0	8.0	3.0
165	3.0	0.0	3.0	0.0	0.9990000000000006	8.001	3.0
166	2.0	0.0	0.0	0.0	0.6660000000000004	5.334	0.0
167	2.0	0.0	1.0	0.0	2.0	4.0	1.0
168	2.0	0.0	1.0	0.0	2.0	4.0	1.0
169	2.0	0.0	2.0	0.0	0.6660000000000004	5.334	2.0
170	0.0	0.0	0.0	0.0	0.0	0.0	0.0
171	2.0	0.0	1.0	0.0	0.6660000000000004	5.334	1.0
172	1.0	0.0	0.0	0.0	1.0	2.0	0.0
173	4.0	1.0	3.0	1.0	4.0	8.0	3.0
174	1.0	0.0	1.0	0.0	1.0	2.0	1.0
175	2.0	0.0	1.0	0.0	2.0	4.0	1.0
176	4.0	0.0	2.0	0.0	4.0	8.0	2.0
177	0.0	1.0	0.0	1.0	0.3330000000000002	2.667	1.0
178	2.0	6.0	1.0	2.0	5.666	15.334	3.0
179	1.0	4.0	1.0	3.0	4.333	10.667	4.0
180	1.0	1.0	1.0	1.0	2.0	4.0	2.0
181	2.0	3.0	2.0	3.0	2.333	6.667	3.0
182	3.0	4.0	2.0	2.0	4.333	10.667	3.0
183	1.0	4.0	1.0	4.0	1.3330000000000002	4.667	2.0
184	2.0	6.0	1.0	5.0	5.333	12.667	4.0
185	2.0	3.0	0.0	0.0	1.3330000000000002	4.667	0.0
186	1.0	1.0	0.0	0.0	1.0	2.0	0.0
187	3.0	1.0	2.0	1.0	4.0	8.0	3.0
188	1.0	1.0	0.0	1.0	2.0	4.0	1.0
189	1.0	1.0	1.0	1.0	1.0	2.0	1.0
190	2.0	2.0	0.0	0.0	2.0	7.0	0.0
191	2.0	3.0	2.0	1.0	3.668	8.332	2.0
192	0.0	1.0	0.0	0.0	1.0	2.0	0.0
193	0.0	0.0	0.0	0.0	0.0	0.0	0.0
194	0.0	0.0	0.0	0.0	0.0	0.0	0.0
195	1.0	0.0	1.0	0.0	1.0	2.0	1.0
196	0.0	0.0	0.0	0.0	0.0	0.0	0.0
197	0.0	0.0	0.0	0.0	0.0	0.0	0.0
198	1.0	0.0	1.0	0.0	0.3330000000000002	2.667	1.0
199	1.0	0.0	0.0	0.0	0.3330000000000002	2.667	0.0
200	1.0	0.0	1.0	0.0	0.3330000000000002	2.667	1.0
201	0.0	0.0	0.0	0.0	0.0	0.0	0.0
202	1.0	0.0	0.0	0.0	1.0	2.0	0.0
203	1.0	0.0	0.0	0.0	1.0	2.0	0.0
204	1.0	1.0	1.0	0.0	2.0	4.0	1.0
205	1.0	3.0	1.0	2.0	2.333	6.667	2.0
206	1.0	4.0	1.0	3.0	1.6660000000000004	7.334	2.0
207	1.0	3.0	0.0	2.0	2.6660000000000004	9.334	2.0
208	2.0	4.0	0.0	3.0	3.333	8.667	2.0
209	2.0	2.0	2.0	2.0	1.733	4.2669999999999995	2.0
210	1.0	1.0	1.0	0.0	2.0	4.0	1.0
211	2.0	1.0	1.0	1.0	2.3360000000000003	6.664	2.0
212	2.0	0.0	1.0	0.0	2.0	4.0	1.0
213	1.0	1.0	1.0	1.0	2.0	4.0	2.0
214	1.0	1.0	1.0	1.0	1.0	2.0	1.0
215	0.0	4.0	0.0	3.0	1.6660000000000004	7.334	2.0
216	2.0	2.0	1.0	1.0	1.6660000000000004	7.334	1.0
217	4.0	4.0	2.0	3.0	4.7330000000000005	10.267	3.0
218	2.0	2.0	2.0	2.0	3.4	5.6	3.0
219	1.0	0.0	1.0	0.0	1.0	2.0	1.0
220	3.0	0.0	1.0	0.0	3.0	6.0	1.0
221	0.0	0.0	0.0	0.0	0.0	0.0	0.0
222	2.0	0.0	1.0	0.0	0.6660000000000004	5.334	1.0
223	3.0	0.0	2.0	0.0	3.0	6.0	2.0
224	1.0	0.0	1.0	0.0	1.0	2.0	1.0
225	2.0	0.0	1.0	0.0	0.6660000000000004	5.334	1.0
226	2.0	0.0	1.0	0.0	0.6660000000000004	5.334	1.0
227	0.0	1.0	0.0	1.0	0.3330000000000002	2.667	1.0
228	4.0	0.0	3.0	0.0	4.0	8.0	3.0
229	2.0	0.0	1.0	0.0	2.0	4.0	1.0
230	1.0	0.0	1.0	0.0	0.3330000000000002	2.667	1.0
231	2.0	1.0	1.0	0.0	2.0	4.0	1.0
232	1.0	0.0	1.0	0.0	0.3330000000000002	2.667	1.0
233	4.0	0.0	2.0	0.0	4.0	8.0	2.0
234	1.0	1.0	1.0	0.0	0.6660000000000004	5.334	1.0
235	3.0	0.0	2.0	0.0	3.0	6.0	2.0
236	1.0	4.0	0.0	2.0	2.333	6.667	1.0
237	0.0	0.0	0.0	0.0	0.0	0.0	0.0
238	0.0	0.0	0.0	0.0	0.0	0.0	0.0
239	5.0	1.0	3.0	1.0	5.4	9.6	3.0
240	0.0	0.0	0.0	0.0	0.0	0.0	0.0
241	3.0	3.0	2.0	2.0	1.9990000000000006	10.001	3.0
242	3.0	3.0	3.0	2.0	1.9990000000000006	10.001	3.0
243	2.0	0.0	0.0	0.0	2.0	4.0	0.0
244	1.0	0.0	1.0	0.0	1.0	2.0	1.0
245	1.0	0.0	1.0	0.0	0.6680000000000001	2.332	1.0
246	1.0	0.0	1.0	0.0	0.6680000000000001	2.332	1.0
247	2.0	0.0	0.0	0.0	2.0	4.0	0.0
248	2.0	0.0	2.0	0.0	2.0	4.0	2.0
249	2.0	3.0	1.0	2.0	3.668	8.332	2.0
250	1.0	0.0	0.0	0.0	0.3330000000000002	2.667	0.0
251	0.0	0.0	0.0	0.0	0.0	0.0	0.0
252	1.0	0.0	1.0	0.0	0.3330000000000002	2.667	1.0
253	1.0	0.0	1.0	0.0	0.3330000000000002	2.667	1.0
254	3.0	0.0	3.0	0.0	3.0	6.0	3.0
255	2.0	0.0	0.0	0.0	0.6660000000000004	5.334	0.0
256	0.0	0.0	0.0	0.0	0.0	0.0	0.0
257	2.0	0.0	0.0	0.0	1.3360000000000003	4.664	0.0
258	1.0	0.0	0.0	0.0	1.0	2.0	0.0
259	1.0	0.0	1.0	0.0	0.3330000000000002	2.667	1.0
260	3.0	0.0	2.0	0.0	3.468	5.532	2.0
261	3.0	1.0	2.0	1.0	4.0	8.0	3.0
262	0.0	1.0	0.0	1.0	0.3330000000000002	2.667	1.0
263	1.0	2.0	1.0	2.0	1.0	2.0	1.0
264	0.0	0.0	0.0	0.0	0.0	0.0	0.0
265	0.0	0.0	0.0	0.0	0.0	0.0	0.0
266	1.0	1.0	0.0	1.0	1.6680000000000001	4.332	1.0
267	2.0	4.0	2.0	2.0	2.665000000000001	15.334999999999999	4.0
268	0.0	1.0	0.0	1.0	0.3330000000000002	2.667	1.0
269	1.0	4.0	1.0	3.0	1.3320000000000007	10.668	3.0
270	0.0	0.0	0.0	0.0	0.0	0.0	0.0
271	1.0	0.0	1.0	0.0	1.0	2.0	1.0
272	1.0	1.0	1.0	1.0	1.6680000000000001	4.332	2.0
273	2.0	1.0	2.0	0.0	1.6690000000000005	7.3309999999999995	2.0
274	2.0	0.0	1.0	0.0	2.0	4.0	1.0
275	0.0	0.0	0.0	0.0	0.0	0.0	0.0
276	3.0	1.0	2.0	1.0	4.0	8.0	3.0
277	0.0	0.0	0.0	0.0	0.0	0.0	0.0
278	0.0	0.0	0.0	0.0	0.0	0.0	0.0
279	0.0	0.0	0.0	0.0	0.0	0.0	0.0
280	2.0	1.0	0.0	0.0	1.6660000000000004	7.334	0.0
281	0.0	0.0	0.0	0.0	0.0	0.0	0.0
282	0.0	0.0	0.0	0.0	0.0	0.0	0.0
283	0.0	2.0	0.0	0.0	0.3330000000000002	2.667	0.0
284	0.0	1.0	0.0	0.0	0.3330000000000002	2.667	0.0
285	0.0	2.0	0.0	0.0	0.3330000000000002	2.667	0.0
286	0.0	0.0	0.0	0.0	0.0	0.0	0.0
287	0.0	0.0	0.0	0.0	0.0	0.0	0.0
288	0.0	0.0	0.0	0.0	0.0	0.0	0.0
289	0.0	0.0	0.0	0.0	0.0	0.0	0.0
290	0.0	0.0	0.0	0.0	0.0	0.0	0.0
291	1.0	0.0	0.0	0.0	0.3330000000000002	2.667	0.0
292	1.0	0.0	1.0	0.0	1.0	2.0	1.0
293	1.0	2.0	1.0	2.0	1.0	2.0	1.0
294	1.0	4.0	0.0	1.0	4.401	10.599	1.0
295	0.0	1.0	0.0	1.0	0.3330000000000002	2.667	1.0
296	2.0	0.0	1.0	0.0	2.0	4.0	1.0
297	1.0	0.0	1.0	0.0	1.0	2.0	1.0
298	1.0	0.0	1.0	0.0	0.3330000000000002	2.667	1.0
299	0.0	0.0	0.0	0.0	0.0	0.0	0.0
300	3.0	0.0	2.0	0.0	3.0	6.0	2.0
301	1.0	0.0	1.0	0.0	1.0	2.0	1.0
302	2.0	0.0	1.0	0.0	2.0	4.0	1.0
303	1.0	1.0	1.0	1.0	2.0	4.0	2.0
304	1.0	1.0	1.0	1.0	0.6660000000000004	5.334	2.0
305	0.0	3.0	0.0	3.0	0.6660000000000004	5.334	2.0
306	1.0	1.0	1.0	1.0	1.3330000000000002	4.667	2.0
307	1.0	0.0	0.0	0.0	0.3330000000000002	2.667	0.0
308	1.0	0.0	1.0	0.0	1.0	2.0	1.0
309	2.0	1.0	1.0	1.0	2.3360000000000003	6.664	2.0
310	1.0	1.0	1.0	1.0	0.3330000000000002	2.667	1.0
311	1.0	0.0	1.0	0.0	1.0	2.0	1.0
312	0.0	0.0	0.0	0.0	0.0	0.0	0.0
313	2.0	0.0	2.0	0.0	2.0	4.0	2.0
314	5.0	3.0	3.0	2.0	7.468	13.532	4.0
315	1.0	0.0	1.0	0.0	1.0	2.0	1.0
316	1.0	0.0	1.0	0.0	0.3330000000000002	2.667	1.0
317	2.0	0.0	1.0	0.0	0.6660000000000004	5.334	1.0
318	1.0	0.0	1.0	0.0	0.3330000000000002	2.667	1.0
319	0.0	2.0	0.0	2.0	1.0	2.0	1.0
320	0.0	1.0	0.0	0.0	0.3330000000000002	2.667	0.0
321	0.0	1.0	0.0	1.0	0.6680000000000001	2.332	1.0
322	1.0	2.0	1.0	1.0	2.0	4.0	1.0
323	0.0	0.0	0.0	0.0	0.0	0.0	0.0
324	1.0	0.0	1.0	0.0	0.3330000000000002	2.667	1.0
325	2.0	0.0	1.0	0.0	2.0	4.0	1.0
326	1.0	2.0	1.0	2.0	2.0	4.0	2.0
327	0.0	0.0	0.0	0.0	0.0	0.0	0.0
328	2.0	0.0	1.0	0.0	0.6660000000000004	5.334	1.0
329	1.0	1.0	1.0	1.0	1.0010000000000003	4.999	2.0
330	2.0	0.0	2.0	0.0	2.0	4.0	2.0
331	2.0	0.0	2.0	0.0	0.6660000000000004	5.334	2.0
332	3.0	0.0	1.0	0.0	3.8	5.2	1.0
333	2.0	0.0	1.0	0.0	2.0	4.0	1.0
334	1.0	3.0	1.0	3.0	2.333	6.667	3.0
335	2.0	0.0	1.0	0.0	0.6660000000000004	5.334	1.0
336	1.0	0.0	1.0	0.0	1.0	2.0	1.0
337	1.0	1.0	1.0	1.0	2.0	4.0	2.0
338	1.0	0.0	1.0	0.0	0.3330000000000002	2.667	1.0
339	3.0	0.0	2.0	0.0	3.0	6.0	2.0
340	1.0	0.0	0.0	0.0	1.0	2.0	0.0
341	5.0	0.0	2.0	0.0	4.668	10.332	2.0
342	3.0	0.0	2.0	0.0	3.4	5.6	2.0
343	0.0	0.0	0.0	0.0	0.0	0.0	0.0
344	2.0	0.0	1.0	0.0	2.0	4.0	1.0
345	2.0	0.0	0.0	0.0	2.0	4.0	0.0
346	0.0	0.0	0.0	0.0	0.0	0.0	0.0
347	1.0	0.0	1.0	0.0	1.0	2.0	1.0
348	1.0	0.0	1.0	0.0	0.3330000000000002	2.667	1.0
349	4.0	1.0	4.0	1.0	2.0	7.0	3.0
350	3.0	1.0	2.0	1.0	3.668	8.332	3.0
351	0.0	2.0	0.0	2.0	2.0	4.0	2.0
352	0.0	0.0	0.0	0.0	0.0	0.0	0.0
353	2.0	0.0	1.0	0.0	2.0	4.0	1.0
354	2.0	0.0	1.0	0.0	2.068	3.932	1.0
355	1.0	0.0	1.0	0.0	0.3330000000000002	2.667	1.0
356	1.0	3.0	1.0	2.0	2.333	6.667	2.0
357	2.0	4.0	1.0	2.0	3.0	6.0	2.0
358	2.0	0.0	2.0	0.0	2.0	4.0	2.0
359	1.0	0.0	1.0	0.0	0.3330000000000002	2.667	1.0
360	1.0	2.0	1.0	1.0	2.333	6.667	2.0
361	2.0	0.0	2.0	0.0	0.6660000000000004	5.334	2.0
362	2.0	1.0	1.0	1.0	3.0	6.0	2.0
363	2.0	2.0	1.0	1.0	2.333	6.667	2.0
364	0.0	0.0	0.0	0.0	0.0	0.0	0.0
365	2.0	0.0	1.0	0.0	2.0	4.0	1.0
366	0.0	0.0	0.0	0.0	0.0	0.0	0.0
367	1.0	2.0	0.0	2.0	3.0	6.0	2.0
368	0.0	4.0	0.0	2.0	1.6660000000000004	7.334	1.0
369	3.0	4.0	2.0	1.0	3.6660000000000004	11.334	2.0
370	0.0	2.0	0.0	1.0	1.3330000000000002	4.667	1.0
371	3.0	1.0	2.0	1.0	3.0	6.0	2.0
372	1.0	1.0	1.0	1.0	1.0	5.0	2.0
373	3.0	0.0	3.0	0.0	3.0	6.0	3.0
374	3.0	0.0	1.0	0.0	0.9990000000000006	8.001	1.0
375	3.0	0.0	2.0	0.0	3.0	6.0	2.0
376	3.0	0.0	1.0	0.0	3.0	6.0	1.0
377	1.0	0.0	1.0	0.0	1.0	2.0	1.0
378	4.0	0.0	3.0	0.0	4.0	8.0	3.0
379	0.0	0.0	0.0	0.0	0.0	0.0	0.0
380	1.0	0.0	1.0	0.0	0.3330000000000002	2.667	1.0
381	2.0	0.0	2.0	0.0	2.0	4.0	2.0
382	2.0	0.0	1.0	0.0	1.3360000000000003	4.664	1.0
383	2.0	0.0	2.0	0.0	2.0	4.0	2.0
384	4.0	1.0	2.0	1.0	2.0010000000000003	6.999	2.0
385	1.0	0.0	1.0	0.0	0.6680000000000001	2.332	1.0
386	1.0	0.0	1.0	0.0	0.3330000000000002	2.667	1.0
387	2.0	2.0	2.0	2.0	1.3330000000000002	4.667	2.0
388	2.0	0.0	2.0	0.0	0.6660000000000004	5.334	2.0
389	3.0	1.0	3.0	1.0	4.0	8.0	4.0
390	2.0	1.0	1.0	1.0	3.0	6.0	2.0
391	1.0	1.0	1.0	1.0	1.0	2.0	1.0
392	3.0	0.0	2.0	0.0	3.0	6.0	2.0
393	3.0	0.0	2.0	0.0	3.0	6.0	2.0
394	4.0	0.0	1.0	0.0	4.0	8.0	1.0
395	2.0	0.0	1.0	0.0	2.068	3.932	1.0
396	2.0	0.0	2.0	0.0	2.0	4.0	2.0
397	2.0	0.0	2.0	0.0	2.0	4.0	2.0
398	2.0	0.0	0.0	0.0	2.0	4.0	0.0
399	0.0	0.0	0.0	0.0	0.0	0.0	0.0
400	3.0	0.0	2.0	0.0	3.0	6.0	2.0
401	5.0	2.0	3.0	2.0	5.0	10.0	3.0
402	2.0	3.0	1.0	0.0	2.6660000000000004	9.334	1.0
403	3.0	1.0	2.0	0.0	2.3360000000000003	6.664	2.0
404	2.0	0.0	2.0	0.0	2.0	4.0	2.0
405	1.0	1.0	1.0	1.0	0.6680000000000001	2.332	1.0
406	3.0	2.0	2.0	2.0	3.333	8.667	3.0
407	4.0	0.0	3.0	0.0	4.0	8.0	3.0
408	0.0	0.0	0.0	0.0	0.0	0.0	0.0
409	1.0	0.0	1.0	0.0	0.3330000000000002	2.667	1.0
410	2.0	1.0	1.0	1.0	2.4010000000000002	6.599	2.0
411	2.0	0.0	1.0	0.0	2.0	4.0	1.0
412	2.0	0.0	1.0	0.0	2.0	4.0	1.0
413	2.0	2.0	2.0	2.0	2.333	6.667	3.0
414	2.0	0.0	2.0	0.0	2.4	3.6	2.0
415	2.0	2.0	2.0	2.0	4.0	8.0	4.0
416	1.0	0.0	0.0	0.0	0.6680000000000001	2.332	0.0
417	1.0	0.0	1.0	0.0	0.3330000000000002	2.667	1.0
418	1.0	0.0	1.0	0.0	0.3330000000000002	2.667	1.0
419	3.0	0.0	2.0	0.0	0.9990000000000006	8.001	2.0
420	1.0	0.0	1.0	0.0	1.0	2.0	1.0
421	1.0	3.0	0.0	2.0	3.333	8.667	2.0
422	3.0	0.0	3.0	0.0	3.0	6.0	3.0
423	3.0	0.0	3.0	0.0	2.3360000000000003	6.664	3.0
424	3.0	0.0	1.0	0.0	3.0	6.0	1.0
425	1.0	0.0	1.0	0.0	0.3330000000000002	2.667	1.0
426	1.0	0.0	1.0	0.0	0.3330000000000002	2.667	1.0
427	0.0	1.0	0.0	1.0	0.6680000000000001	2.332	1.0
428	2.0	1.0	2.0	1.0	0.9990000000000006	8.001	3.0
429	2.0	0.0	1.0	0.0	2.0	4.0	1.0
430	0.0	0.0	0.0	0.0	0.0	0.0	0.0
431	2.0	2.0	2.0	2.0	2.0	4.0	2.0
432	2.0	1.0	1.0	1.0	2.3360000000000003	6.664	2.0
433	0.0	0.0	0.0	0.0	0.0	0.0	0.0
434	0.0	2.0	0.0	2.0	1.0	2.0	1.0
435	0.0	0.0	0.0	0.0	0.0	0.0	0.0
436	1.0	0.0	1.0	0.0	0.3330000000000002	2.667	1.0
437	2.0	0.0	2.0	0.0	2.0	4.0	2.0
438	4.0	0.0	2.0	0.0	4.0	8.0	2.0
439	2.0	0.0	1.0	0.0	2.8	3.2	1.0
440	4.0	0.0	2.0	0.0	5.199999999999999	6.800000000000001	2.0
441	0.0	0.0	0.0	0.0	0.0	0.0	0.0
442	2.0	1.0	2.0	1.0	1.6690000000000005	7.3309999999999995	3.0
443	2.0	0.0	2.0	0.0	0.6660000000000004	5.334	2.0
444	4.0	0.0	4.0	0.0	3.068	5.932	3.0
445	0.0	0.0	0.0	0.0	0.0	0.0	0.0
446	4.0	0.0	3.0	0.0	4.0	8.0	3.0
447	0.0	0.0	0.0	0.0	0.0	0.0	0.0
448	1.0	0.0	1.0	0.0	0.3330000000000002	2.667	1.0
449	2.0	0.0	1.0	0.0	2.0	4.0	1.0
450	4.0	0.0	3.0	0.0	4.0	8.0	3.0
451	3.0	0.0	1.0	0.0	3.0	6.0	1.0
452	1.0	0.0	1.0	0.0	0.3330000000000002	2.667	1.0
453	1.0	0.0	1.0	0.0	1.0	2.0	1.0
454	1.0	0.0	1.0	0.0	0.6680000000000001	2.332	1.0
455	3.0	1.0	2.0	1.0	1.3320000000000007	10.668	3.0
456	2.0	0.0	2.0	0.0	0.6660000000000004	5.334	2.0
457	1.0	0.0	1.0	0.0	1.0	2.0	1.0
458	3.0	0.0	3.0	0.0	3.0	6.0	3.0
459	3.0	1.0	3.0	1.0	1.3330000000000002	4.667	2.0
460	1.0	0.0	1.0	0.0	0.3330000000000002	2.667	1.0
461	4.0	0.0	3.0	0.0	4.068	7.932	3.0
462	1.0	0.0	1.0	0.0	1.0	2.0	1.0
463	2.0	4.0	1.0	3.0	6.0	12.0	4.0
464	2.0	0.0	2.0	0.0	2.0	4.0	2.0
465	3.0	0.0	2.0	0.0	3.0	6.0	2.0
466	4.0	1.0	4.0	1.0	4.0	8.0	4.0
467	3.0	0.0	2.0	0.0	3.0	6.0	2.0
468	2.0	0.0	2.0	0.0	0.6660000000000004	5.334	2.0
469	3.0	0.0	2.0	0.0	3.0	6.0	2.0
470	3.0	0.0	3.0	0.0	3.0	6.0	3.0
471	1.0	0.0	1.0	0.0	0.3330000000000002	2.667	1.0
472	0.0	2.0	0.0	1.0	1.0	5.0	1.0
473	2.0	0.0	1.0	0.0	2.0	4.0	1.0
474	2.0	1.0	1.0	1.0	1.6660000000000004	7.334	2.0
475	1.0	0.0	1.0	0.0	0.3330000000000002	2.667	1.0
476	2.0	0.0	2.0	0.0	2.0	4.0	2.0
477	0.0	0.0	0.0	0.0	0.0	0.0	0.0
478	2.0	0.0	2.0	0.0	2.0	4.0	2.0
479	4.0	3.0	2.0	3.0	5.333	12.667	4.0
480	1.0	0.0	0.0	0.0	0.3330000000000002	2.667	0.0
481	2.0	0.0	1.0	0.0	2.0	4.0	1.0
482	4.0	0.0	2.0	0.0	4.0	8.0	2.0
483	3.0	0.0	2.0	0.0	0.9990000000000006	8.001	2.0
484	2.0	1.0	1.0	1.0	2.0	4.0	1.0
485	0.0	0.0	0.0	0.0	0.0	0.0	0.0
486	2.0	0.0	0.0	0.0	0.6680000000000001	2.332	0.0
487	0.0	2.0	0.0	0.0	0.6660000000000004	5.334	0.0
488	3.0	0.0	2.0	0.0	2.0040000000000004	6.9959999999999996	2.0
489	1.0	0.0	1.0	0.0	1.0	2.0	1.0
490	3.0	0.0	2.0	0.0	3.0	6.0	2.0
491	3.0	0.0	2.0	0.0	3.0	6.0	2.0
492	0.0	0.0	0.0	0.0	0.0	0.0	0.0
493	2.0	0.0	2.0	0.0	0.6660000000000004	5.334	2.0
494	3.0	0.0	2.0	0.0	0.9990000000000006	8.001	2.0
495	2.0	0.0	1.0	0.0	2.0	4.0	1.0
496	1.0	0.0	0.0	0.0	1.0	2.0	0.0
497	3.0	0.0	3.0	0.0	2.3360000000000003	6.664	3.0
498	1.0	0.0	1.0	0.0	1.0	2.0	1.0
499	2.0	0.0	2.0	0.0	0.6660000000000004	5.334	2.0
500	0.0	0.0	0.0	0.0	0.0	0.0	0.0
501	1.0	0.0	1.0	0.0	0.3330000000000002	2.667	1.0
502	2.0	0.0	1.0	0.0	2.0	4.0	1.0
503	2.0	0.0	1.0	0.0	2.0	4.0	1.0
504	2.0	0.0	2.0	0.0	2.0	4.0	2.0
505	1.0	0.0	1.0	0.0	1.0	2.0	1.0
506	3.0	0.0	3.0	0.0	3.0	6.0	3.0
507	3.0	0.0	2.0	0.0	3.0	6.0	2.0
508	4.0	0.0	3.0	0.0	3.3360000000000003	8.664	3.0
509	0.0	0.0	0.0	0.0	0.0	0.0	0.0
510	2.0	0.0	1.0	0.0	1.3360000000000003	4.664	1.0
511	2.0	0.0	1.0	0.0	2.8	3.2	1.0
512	0.0	0.0	0.0	0.0	0.0	0.0	0.0
513	2.0	0.0	1.0	0.0	0.6660000000000004	5.334	1.0
514	2.0	0.0	1.0	0.0	2.0	4.0	1.0
515	4.0	0.0	3.0	0.0	4.0	8.0	3.0
516	0.0	0.0	0.0	0.0	0.0	0.0	0.0
517	3.0	0.0	2.0	0.0	3.0	6.0	2.0
518	0.0	0.0	0.0	0.0	0.0	0.0	0.0
519	2.0	0.0	2.0	0.0	2.0	4.0	2.0
520	2.0	0.0	2.0	0.0	2.0	4.0	2.0
521	2.0	0.0	1.0	0.0	2.0	4.0	1.0
522	1.0	0.0	1.0	0.0	0.3330000000000002	2.667	1.0
523	4.0	0.0	3.0	0.0	4.0	8.0	3.0
524	2.0	2.0	1.0	2.0	1.6660000000000004	7.334	2.0
525	0.0	0.0	0.0	0.0	0.0	0.0	0.0
526	4.0	0.0	3.0	0.0	4.0	8.0	3.0
527	3.0	0.0	2.0	0.0	3.0	6.0	2.0
528	4.0	0.0	2.0	0.0	4.0	8.0	2.0
529	0.0	1.0	0.0	1.0	0.3330000000000002	2.667	1.0
530	0.0	0.0	0.0	0.0	0.0	0.0	0.0
531	3.0	0.0	2.0	0.0	2.0040000000000004	6.9959999999999996	2.0
532	2.0	0.0	2.0	0.0	2.0	4.0	2.0
533	3.0	0.0	3.0	0.0	3.0	6.0	3.0
534	2.0	0.0	2.0	0.0	2.0	4.0	2.0
535	3.0	0.0	1.0	0.0	3.0	6.0	1.0
536	1.0	0.0	0.0	0.0	0.3330000000000002	2.667	0.0
537	2.0	0.0	1.0	0.0	2.0	4.0	1.0
538	2.0	0.0	1.0	0.0	2.0	4.0	1.0
539	1.0	3.0	0.0	0.0	2.333	6.667	0.0
540	4.0	2.0	2.0	0.0	4.0	8.0	2.0
541	2.0	3.0	2.0	1.0	5.0	10.0	3.0
542	3.0	3.0	1.0	0.0	4.4	7.6	1.0
543	2.0	2.0	1.0	1.0	3.068	5.932	2.0
544	1.0	2.0	1.0	1.0	3.4	5.6	2.0
545	3.0	4.0	2.0	1.0	5.066000000000001	12.934	3.0
546	2.0	1.0	2.0	0.0	0.9990000000000006	8.001	2.0
547	2.0	1.0	1.0	0.0	2.0	4.0	1.0
548	2.0	3.0	1.0	2.0	2.6660000000000004	9.334	2.0
549	1.0	4.0	1.0	2.0	1.6680000000000001	7.332	1.0
550	1.0	4.0	0.0	4.0	2.6660000000000004	9.334	3.0
551	1.0	4.0	0.0	3.0	2.333	6.667	2.0
552	2.0	3.0	2.0	1.0	4.336	10.664	3.0
553	1.0	3.0	1.0	1.0	1.3340000000000005	7.6659999999999995	1.0
554	2.0	2.0	2.0	2.0	1.3330000000000002	4.667	2.0
555	1.0	1.0	1.0	1.0	0.6660000000000004	5.334	2.0
556	1.0	3.0	1.0	3.0	1.0010000000000003	4.999	2.0
557	0.0	0.0	0.0	0.0	0.0	0.0	0.0
558	4.0	1.0	3.0	1.0	1.9990000000000006	10.001	3.0
559	1.0	1.0	1.0	1.0	1.0	2.0	1.0
560	1.0	2.0	0.0	1.0	2.0	4.0	1.0
561	0.0	0.0	0.0	0.0	0.0	0.0	0.0
562	1.0	3.0	1.0	2.0	2.736	9.264	3.0
563	0.0	1.0	0.0	1.0	0.3330000000000002	2.667	1.0
564	3.0	0.0	2.0	0.0	3.0	6.0	2.0
565	4.0	0.0	3.0	0.0	4.0	8.0	3.0
566	3.0	0.0	2.0	0.0	0.9990000000000006	8.001	2.0
567	1.0	0.0	0.0	0.0	0.3330000000000002	2.667	0.0
568	2.0	0.0	1.0	0.0	2.0	4.0	1.0
569	3.0	2.0	3.0	2.0	1.9990000000000006	10.001	4.0
570	2.0	1.0	1.0	1.0	2.333	6.667	2.0
571	1.0	2.0	1.0	2.0	0.6660000000000004	5.334	2.0
572	0.0	2.0	0.0	1.0	1.0010000000000003	4.999	1.0
573	3.0	3.0	2.0	2.0	6.0	12.0	4.0
574	3.0	3.0	1.0	1.0	4.333	10.667	2.0
575	1.0	3.0	1.0	2.0	1.6660000000000004	7.334	2.0
576	1.0	4.0	1.0	2.0	2.6660000000000004	9.334	2.0
577	2.0	7.0	1.0	3.0	4.001	13.998999999999999	3.0
578	0.0	3.0	0.0	2.0	1.6660000000000004	7.334	2.0
579	0.0	0.0	0.0	0.0	0.0	0.0	0.0
