pos	Sd	Nd	Sd_tip	Nd_tip	S	N	comparisons
001	0.0	0.0	0.0	0.0	0.0	0.0	0.0
002	1.0	2.0	1.0	1.0	1.3330000000000002	4.667	1.0
003	1.0	2.0	1.0	1.0	2.0	4.0	1.0
004	2.0	0.0	2.0	0.0	1.6680000000000001	4.332	2.0
005	0.0	2.0	0.0	1.0	0.6660000000000004	5.334	1.0
006	4.0	3.0	3.0	3.0	3.0	9.0	3.0
007	2.0	3.0	0.0	2.0	5.0	10.0	2.0
008	3.0	2.0	1.0	2.0	3.3360000000000003	8.664	2.0
009	1.0	1.0	0.0	1.0	1.0010000000000003	4.999	1.0
010	1.0	1.0	0.0	0.0	2.4	3.6	0.0
011	1.0	0.0	1.0	0.0	1.4	1.6	1.0
012	2.0	0.0	1.0	0.0	0.6660000000000004	5.334	1.0
013	2.0	0.0	2.0	0.0	1.3360000000000003	4.664	2.0
014	0.0	1.0	0.0	1.0	1.0	2.0	1.0
015	2.0	0.0	1.0	0.0	2.0	4.0	1.0
016	1.0	0.0	0.0	0.0	0.6680000000000001	2.332	0.0
017	2.0	0.0	2.0	0.0	2.0	4.0	2.0
018	3.0	0.0	2.0	0.0	3.0	6.0	2.0
019	1.0	0.0	0.0	0.0	1.0	2.0	0.0
020	1.0	1.0	1.0	0.0	2.0	4.0	1.0
021	0.0	0.0	0.0	0.0	0.0	0.0	0.0
022	2.0	0.0	1.0	0.0	2.0	4.0	1.0
023	1.0	1.0	1.0	0.0	0.6660000000000004	5.334	1.0
024	0.0	0.0	0.0	0.0	0.0	0.0	0.0
025	3.0	0.0	2.0	0.0	1.6680000000000001	4.332	1.0
026	2.0	4.0	2.0	2.0	4.333	10.667	3.0
027	1.0	0.0	0.0	0.0	1.0	2.0	0.0
028	1.0	1.0	0.0	0.0	0.6680000000000001	2.332	0.0
029	1.0	1.0	1.0	1.0	0.3330000000000002	2.667	1.0
030	2.0	4.0	0.0	1.0	1.3340000000000005	7.6659999999999995	1.0
031	1.0	1.0	1.0	1.0	2.0	4.0	2.0
032	0.0	3.0	0.0	1.0	2.0010000000000003	6.999	1.0
033	3.0	1.0	2.0	0.0	4.0	8.0	2.0
034	2.0	1.0	2.0	1.0	1.3330000000000002	4.667	2.0
035	2.0	1.0	2.0	1.0	3.4	5.6	3.0
036	1.0	1.0	1.0	1.0	0.6660000000000004	5.334	2.0
037	1.0	1.0	0.0	1.0	1.6680000000000001	4.332	1.0
038	1.0	1.0	0.0	1.0	2.0	4.0	1.0
039	2.0	0.0	1.0	0.0	0.6660000000000004	5.334	1.0
040	1.0	1.0	0.0	0.0	1.6680000000000001	4.332	0.0
041	1.0	0.0	1.0	0.0	0.3330000000000002	2.667	1.0
042	0.0	0.0	0.0	0.0	0.0	0.0	0.0
043	3.0	1.0	1.0	1.0	3.333	8.667	2.0
044	2.0	2.0	2.0	1.0	2.6660000000000004	9.334	3.0
045	1.0	0.0	0.0	0.0	1.0	2.0	0.0
046	1.0	3.0	1.0	1.0	1.6680000000000001	4.332	1.0
047	1.0	1.0	0.0	1.0	1.3330000000000002	4.667	1.0
048	0.0	0.0	0.0	0.0	0.0	0.0	0.0
049	0.0	0.0	0.0	0.0	0.0	0.0	0.0
050	1.0	0.0	0.0	0.0	1.0	2.0	0.0
051	1.0	0.0	1.0	0.0	0.3330000000000002	2.667	1.0
052	2.0	0.0	0.0	0.0	1.3360000000000003	4.664	0.0
053	1.0	0.0	0.0	0.0	0.3330000000000002	2.667	0.0
054	1.0	0.0	0.0	0.0	0.3330000000000002	2.667	0.0
055	1.0	4.0	1.0	2.0	1.3320000000000007	10.668	2.0
056	2.0	4.0	2.0	3.0	4.333	10.667	4.0
057	1.0	0.0	0.0	0.0	0.3330000000000002	2.667	0.0
058	1.0	0.0	0.0	0.0	1.0	2.0	0.0
059	1.0	3.0	1.0	2.0	3.068	5.932	2.0
060	1.0	1.0	1.0	1.0	0.6660000000000004	5.334	2.0
061	1.0	0.0	0.0	0.0	1.0	2.0	0.0
062	2.0	0.0	1.0	0.0	2.0	4.0	1.0
063	0.0	3.0	0.0	2.0	2.0010000000000003	6.999	2.0
064	1.0	0.0	1.0	0.0	1.0	2.0	1.0
065	2.0	2.0	2.0	0.0	3.4	8.6	2.0
066	3.0	0.0	1.0	0.0	3.068	5.932	1.0
067	2.0	0.0	1.0	0.0	2.0	4.0	1.0
068	2.0	0.0	1.0	0.0	1.6680000000000001	4.332	1.0
069	1.0	1.0	1.0	1.0	2.0	4.0	2.0
070	1.0	3.0	1.0	2.0	2.3360000000000003	9.664	3.0
071	1.0	1.0	1.0	1.0	0.6660000000000004	5.334	2.0
072	0.0	1.0	0.0	0.0	0.3330000000000002	2.667	0.0
073	0.0	2.0	0.0	2.0	2.0	4.0	2.0
074	0.0	2.0	0.0	2.0	0.6660000000000004	5.334	2.0
075	3.0	0.0	2.0	0.0	3.0	6.0	2.0
076	0.0	2.0	0.0	2.0	0.3330000000000002	2.667	1.0
077	2.0	3.0	2.0	1.0	4.333	10.667	3.0
078	2.0	2.0	0.0	1.0	3.0	6.0	1.0
079	0.0	0.0	0.0	0.0	0.0	0.0	0.0
080	1.0	1.0	1.0	1.0	1.0	2.0	1.0
081	2.0	0.0	2.0	0.0	2.0	4.0	2.0
082	0.0	0.0	0.0	0.0	0.0	0.0	0.0
083	2.0	1.0	1.0	1.0	1.6680000000000001	4.332	1.0
084	1.0	0.0	1.0	0.0	0.3330000000000002	2.667	1.0
085	1.0	0.0	0.0	0.0	0.3330000000000002	2.667	0.0
086	1.0	0.0	1.0	0.0	0.3330000000000002	2.667	1.0
087	1.0	0.0	1.0	0.0	1.0	2.0	1.0
088	2.0	2.0	2.0	2.0	1.3320000000000007	10.668	4.0
089	0.0	0.0	0.0	0.0	0.0	0.0	0.0
090	1.0	0.0	0.0	0.0	1.0	2.0	0.0
091	2.0	0.0	2.0	0.0	2.8	3.2	2.0
092	2.0	0.0	0.0	0.0	2.0	4.0	0.0
093	1.0	2.0	1.0	2.0	0.6660000000000004	5.334	2.0
094	0.0	0.0	0.0	0.0	0.0	0.0	0.0
095	2.0	0.0	1.0	0.0	2.8	3.2	1.0
096	3.0	1.0	2.0	1.0	2.6690000000000005	9.331	3.0
097	1.0	1.0	0.0	1.0	0.6660000000000004	5.334	1.0
098	0.0	4.0	0.0	3.0	4.068	7.932	3.0
099	1.0	5.0	1.0	3.0	4.001	10.999	3.0
100	2.0	1.0	1.0	1.0	2.333	6.667	2.0
101	1.0	1.0	1.0	0.0	2.068	3.932	1.0
102	1.0	0.0	0.0	0.0	1.0	2.0	0.0
103	0.0	1.0	0.0	1.0	0.6680000000000001	2.332	1.0
104	2.0	0.0	1.0	0.0	2.0	4.0	1.0
105	3.0	0.0	1.0	0.0	3.0	6.0	1.0
106	2.0	0.0	1.0	0.0	1.3360000000000003	4.664	1.0
107	1.0	0.0	1.0	0.0	0.3330000000000002	2.667	1.0
108	1.0	0.0	1.0	0.0	0.3330000000000002	2.667	1.0
109	1.0	0.0	1.0	0.0	1.0	2.0	1.0
110	1.0	0.0	0.0	0.0	1.0	2.0	0.0
111	1.0	0.0	1.0	0.0	1.4	1.6	1.0
112	1.0	1.0	0.0	1.0	0.6660000000000004	5.334	1.0
113	2.0	1.0	1.0	1.0	0.9990000000000006	8.001	2.0
114	2.0	1.0	2.0	1.0	2.0	4.0	2.0
115	2.0	3.0	1.0	2.0	4.0	8.0	2.0
116	0.0	2.0	0.0	1.0	1.3330000000000002	4.667	1.0
117	1.0	2.0	1.0	1.0	1.6660000000000004	7.334	2.0
118	2.0	0.0	2.0	0.0	2.0	4.0	2.0
119	1.0	1.0	0.0	1.0	2.0	4.0	1.0
120	2.0	2.0	1.0	2.0	0.9990000000000006	8.001	2.0
121	2.0	1.0	2.0	1.0	1.3330000000000002	4.667	2.0
122	1.0	0.0	1.0	0.0	1.0	2.0	1.0
123	0.0	0.0	0.0	0.0	0.0	0.0	0.0
124	1.0	0.0	0.0	0.0	1.0	2.0	0.0
125	1.0	0.0	0.0	0.0	1.0	2.0	0.0
126	0.0	0.0	0.0	0.0	0.0	0.0	0.0
127	1.0	0.0	0.0	0.0	1.0	2.0	0.0
128	2.0	3.0	1.0	2.0	1.3330000000000002	7.667	2.0
129	2.0	0.0	0.0	0.0	2.0	4.0	0.0
130	0.0	0.0	0.0	0.0	0.0	0.0	0.0
131	1.0	0.0	1.0	0.0	0.3330000000000002	2.667	1.0
132	1.0	4.0	1.0	1.0	3.668	8.332	2.0
133	1.0	5.0	1.0	2.0	4.068	7.932	2.0
134	1.0	0.0	0.0	0.0	0.6680000000000001	2.332	0.0
135	2.0	1.0	2.0	0.0	3.0	6.0	2.0
136	1.0	3.0	1.0	2.0	1.6660000000000004	7.334	2.0
137	3.0	0.0	2.0	0.0	3.0	6.0	2.0
138	2.0	0.0	0.0	0.0	2.0	4.0	0.0
139	0.0	2.0	0.0	2.0	1.3330000000000002	4.667	2.0
140	1.0	2.0	0.0	1.0	0.9990000000000006	8.001	1.0
141	1.0	0.0	1.0	0.0	1.0	2.0	1.0
142	1.0	0.0	0.0	0.0	1.0	2.0	0.0
143	1.0	1.0	1.0	0.0	0.6660000000000004	5.334	1.0
144	2.0	2.0	1.0	1.0	2.333	6.667	2.0
145	1.0	2.0	0.0	1.0	2.0010000000000003	6.999	1.0
146	1.0	3.0	1.0	2.0	1.6660000000000004	7.334	2.0
147	1.0	0.0	1.0	0.0	1.0	2.0	1.0
148	1.0	0.0	0.0	0.0	1.0	2.0	0.0
149	3.0	0.0	1.0	0.0	3.0	6.0	1.0
150	1.0	0.0	0.0	0.0	1.0	2.0	0.0
151	2.0	2.0	2.0	2.0	2.0	4.0	2.0
152	3.0	0.0	1.0	0.0	3.0	6.0	1.0
153	2.0	0.0	1.0	0.0	2.0	4.0	1.0
154	3.0	0.0	3.0	0.0	3.0	6.0	3.0
155	2.0	1.0	2.0	1.0	1.3360000000000003	4.664	2.0
156	2.0	1.0	1.0	1.0	2.333	6.667	2.0
157	2.0	2.0	1.0	0.0	3.0	6.0	1.0
158	2.0	0.0	0.0	0.0	2.0	4.0	0.0
159	0.0	0.0	0.0	0.0	0.0	0.0	0.0
160	1.0	0.0	1.0	0.0	0.6680000000000001	2.332	1.0
161	1.0	1.0	1.0	0.0	0.6660000000000004	5.334	1.0
162	1.0	3.0	0.0	3.0	2.0010000000000003	6.999	2.0
163	2.0	0.0	1.0	0.0	1.6680000000000001	4.332	1.0
164	0.0	2.0	0.0	1.0	0.6660000000000004	5.334	1.0
165	2.0	0.0	1.0	0.0	2.0	4.0	1.0
166	2.0	2.0	2.0	0.0	3.0010000000000003	8.998999999999999	2.0
167	3.0	1.0	2.0	0.0	4.0	8.0	2.0
168	0.0	0.0	0.0	0.0	0.0	0.0	0.0
169	0.0	2.0	0.0	0.0	1.6680000000000001	4.332	0.0
170	1.0	2.0	0.0	1.0	0.9990000000000006	8.001	1.0
171	2.0	2.0	1.0	1.0	3.668	8.332	2.0
172	0.0	0.0	0.0	0.0	0.0	0.0	0.0
173	1.0	2.0	1.0	0.0	2.0	4.0	1.0
174	0.0	4.0	0.0	4.0	2.333	6.667	3.0
175	1.0	1.0	0.0	1.0	0.6660000000000004	5.334	1.0
176	0.0	2.0	0.0	0.0	2.0	4.0	0.0
177	1.0	1.0	0.0	0.0	0.6660000000000004	5.334	0.0
178	2.0	3.0	0.0	0.0	3.0	6.0	0.0
179	2.0	0.0	0.0	0.0	2.068	3.932	0.0
180	1.0	1.0	1.0	1.0	1.6680000000000001	4.332	2.0
181	0.0	0.0	0.0	0.0	0.0	0.0	0.0
182	1.0	2.0	1.0	1.0	0.9990000000000006	8.001	2.0
183	3.0	0.0	3.0	0.0	3.0	6.0	3.0
184	2.0	0.0	1.0	0.0	2.0	4.0	1.0
185	2.0	3.0	1.0	1.0	2.3340000000000005	9.666	2.0
186	0.0	1.0	0.0	0.0	0.3330000000000002	2.667	0.0
187	1.0	0.0	0.0	0.0	0.6680000000000001	2.332	0.0
188	1.0	1.0	1.0	0.0	1.3360000000000003	4.664	1.0
189	0.0	0.0	0.0	0.0	0.0	0.0	0.0
190	2.0	0.0	0.0	0.0	2.0	4.0	0.0
191	1.0	0.0	0.0	0.0	0.3330000000000002	2.667	0.0
192	2.0	0.0	1.0	0.0	2.0	4.0	1.0
193	1.0	0.0	0.0	0.0	1.0	2.0	0.0
194	0.0	0.0	0.0	0.0	0.0	0.0	0.0
195	2.0	1.0	1.0	0.0	2.0	4.0	1.0
196	2.0	0.0	0.0	0.0	2.0	4.0	0.0
197	1.0	0.0	0.0	0.0	1.4	1.6	0.0
198	1.0	0.0	0.0	0.0	0.3330000000000002	2.667	0.0
199	1.0	4.0	0.0	1.0	2.9990000000000006	12.001	1.0
200	2.0	3.0	0.0	1.0	1.6660000000000004	7.334	1.0
201	1.0	0.0	0.0	0.0	0.6680000000000001	2.332	0.0
202	1.0	2.0	1.0	1.0	3.8	5.2	2.0
203	1.0	4.0	0.0	2.0	2.333	6.667	2.0
204	2.0	3.0	2.0	2.0	4.0	8.0	3.0
205	2.0	0.0	1.0	0.0	2.4	3.6	1.0
206	2.0	0.0	1.0	0.0	2.0	4.0	1.0
207	3.0	3.0	2.0	2.0	2.0010000000000003	6.999	2.0
208	2.0	1.0	1.0	1.0	2.333	6.667	2.0
209	1.0	3.0	1.0	1.0	2.3360000000000003	9.664	2.0
210	1.0	3.0	0.0	2.0	2.0010000000000003	6.999	1.0
211	2.0	0.0	1.0	0.0	2.0	4.0	1.0
212	1.0	1.0	0.0	0.0	1.0	2.0	0.0
213	0.0	0.0	0.0	0.0	0.0	0.0	0.0
214	2.0	0.0	1.0	0.0	2.0	4.0	1.0
215	2.0	0.0	1.0	0.0	2.0	4.0	1.0
216	1.0	0.0	1.0	0.0	1.0	2.0	1.0
217	2.0	1.0	2.0	0.0	3.0	6.0	2.0
218	2.0	0.0	1.0	0.0	2.0	4.0	1.0
219	1.0	0.0	1.0	0.0	0.6680000000000001	2.332	1.0
220	1.0	3.0	1.0	3.0	1.6660000000000004	7.334	3.0
221	2.0	1.0	1.0	1.0	1.3360000000000003	7.664	2.0
222	3.0	0.0	2.0	0.0	2.3360000000000003	6.664	2.0
223	2.0	2.0	2.0	0.0	4.0	8.0	2.0
224	3.0	2.0	2.0	0.0	3.0010000000000003	8.998999999999999	2.0
225	2.0	0.0	1.0	0.0	2.4	3.6	1.0
226	3.0	2.0	1.0	2.0	5.0	10.0	3.0
227	1.0	3.0	0.0	1.0	1.3320000000000007	10.668	1.0
228	1.0	1.0	0.0	0.0	0.3330000000000002	2.667	0.0
229	1.0	3.0	0.0	2.0	2.0010000000000003	6.999	2.0
230	1.0	3.0	0.0	2.0	4.4	7.6	2.0
231	2.0	5.0	2.0	1.0	2.6690000000000005	12.331	2.0
232	3.0	3.0	1.0	1.0	4.068	10.932	2.0
233	0.0	3.0	0.0	1.0	0.9990000000000006	8.001	1.0
234	2.0	2.0	0.0	2.0	2.333	6.667	1.0
235	0.0	0.0	0.0	0.0	0.0	0.0	0.0
236	0.0	0.0	0.0	0.0	0.0	0.0	0.0
237	2.0	2.0	1.0	2.0	1.3330000000000002	4.667	1.0
238	3.0	1.0	2.0	0.0	4.0	8.0	2.0
239	2.0	4.0	1.0	3.0	2.333	6.667	2.0
240	0.0	4.0	0.0	1.0	1.6660000000000004	10.334	1.0
241	2.0	2.0	0.0	1.0	2.668	6.332	1.0
242	0.0	5.0	0.0	3.0	2.6660000000000004	9.334	2.0
243	0.0	1.0	0.0	0.0	0.3330000000000002	2.667	0.0
244	2.0	3.0	2.0	2.0	3.333	8.667	3.0
245	1.0	1.0	0.0	0.0	0.6660000000000004	5.334	0.0
246	1.0	5.0	1.0	4.0	3.3340000000000005	11.666	4.0
247	3.0	6.0	2.0	3.0	5.337000000000001	15.662999999999998	4.0
248	2.0	0.0	0.0	0.0	0.6660000000000004	5.334	0.0
249	2.0	3.0	0.0	1.0	5.0	10.0	1.0
250	2.0	2.0	2.0	2.0	2.0010000000000003	6.999	3.0
251	2.0	2.0	2.0	2.0	0.9990000000000006	8.001	3.0
252	2.0	1.0	1.0	0.0	0.9990000000000006	8.001	1.0
253	1.0	2.0	1.0	1.0	2.0010000000000003	6.999	2.0
254	0.0	1.0	0.0	1.0	0.3330000000000002	2.667	1.0
255	3.0	0.0	1.0	0.0	3.468	5.532	1.0
256	1.0	2.0	1.0	1.0	2.0	4.0	1.0
257	1.0	1.0	1.0	1.0	1.0	2.0	1.0
258	1.0	5.0	1.0	3.0	3.0660000000000003	8.934	3.0
259	1.0	3.0	0.0	1.0	2.0	4.0	1.0
260	2.0	1.0	0.0	1.0	1.6660000000000004	7.334	1.0
261	0.0	3.0	0.0	1.0	0.9990000000000006	8.001	1.0
262	1.0	2.0	0.0	1.0	2.333	6.667	1.0
263	2.0	4.0	1.0	3.0	3.3990000000000005	11.600999999999999	3.0
264	1.0	2.0	0.0	1.0	1.733	4.2669999999999995	1.0
265	0.0	0.0	0.0	0.0	0.0	0.0	0.0
266	0.0	0.0	0.0	0.0	0.0	0.0	0.0
267	0.0	0.0	0.0	0.0	0.0	0.0	0.0
268	0.0	0.0	0.0	0.0	0.0	0.0	0.0
269	0.0	0.0	0.0	0.0	0.0	0.0	0.0
270	0.0	0.0	0.0	0.0	0.0	0.0	0.0
271	0.0	0.0	0.0	0.0	0.0	0.0	0.0
272	0.0	0.0	0.0	0.0	0.0	0.0	0.0
273	0.0	0.0	0.0	0.0	0.0	0.0	0.0
274	0.0	0.0	0.0	0.0	0.0	0.0	0.0
275	0.0	0.0	0.0	0.0	0.0	0.0	0.0
276	0.0	0.0	0.0	0.0	0.0	0.0	0.0
277	0.0	0.0	0.0	0.0	0.0	0.0	0.0
278	0.0	0.0	0.0	0.0	0.0	0.0	0.0
279	0.0	0.0	0.0	0.0	0.0	0.0	0.0
