all_syn	all_nonSyn	tip_syn	tip_nonSyn	S	N	comparisons
001	0.0	0.0	0.0	0.0	0.0	0.0	0.0
002	1.0	0.0	0.0	0.0	1.0	2.0	0.0
003	0.0	0.0	0.0	0.0	0.0	0.0	0.0
004	0.0	0.0	0.0	0.0	0.0	0.0	0.0
005	0.0	0.0	0.0	0.0	0.0	0.0	0.0
006	2.0	1.0	0.0	0.0	0.0	3.0	0.0
007	1.0	3.0	0.0	2.0	1.6660000000000004	7.334	2.0
008	1.0	3.0	0.0	3.0	1.3330000000000002	7.667	2.0
009	2.0	4.0	2.0	3.0	4.0	8.0	3.0
010	1.0	3.0	1.0	2.0	2.333	6.667	2.0
011	1.0	3.0	1.0	1.0	3.3360000000000003	8.664	2.0
012	2.0	1.0	1.0	1.0	1.6680000000000001	4.332	1.0
013	1.0	2.0	1.0	2.0	1.3330000000000002	4.667	2.0
014	1.0	1.0	0.0	0.0	0.0	3.0	0.0
015	0.0	2.0	0.0	1.0	1.3330000000000002	4.667	1.0
016	2.0	1.0	1.0	1.0	3.0	6.0	2.0
017	1.0	3.0	0.0	1.0	2.0	4.0	1.0
018	1.0	2.0	1.0	1.0	2.668	6.332	2.0
019	0.0	3.0	0.0	2.0	2.0	4.0	1.0
020	2.0	0.0	1.0	0.0	2.0	4.0	1.0
021	2.0	1.0	1.0	0.0	3.0	6.0	1.0
022	2.0	1.0	1.0	1.0	2.0	4.0	1.0
023	2.0	2.0	1.0	2.0	3.0	6.0	2.0
024	1.0	0.0	1.0	0.0	0.3330000000000002	2.667	1.0
025	2.0	0.0	1.0	0.0	2.0	4.0	1.0
026	1.0	0.0	0.0	0.0	1.0	2.0	0.0
027	1.0	1.0	0.0	1.0	2.4	3.6	1.0
028	1.0	1.0	1.0	0.0	0.6660000000000004	5.334	1.0
029	1.0	0.0	1.0	0.0	1.0	2.0	1.0
030	2.0	0.0	1.0	0.0	2.0	4.0	1.0
031	1.0	1.0	0.0	1.0	1.3330000000000002	4.667	1.0
032	2.0	3.0	1.0	2.0	2.333	6.667	2.0
033	2.0	1.0	1.0	0.0	3.4	5.6	1.0
034	1.0	0.0	1.0	0.0	0.3330000000000002	2.667	1.0
035	2.0	1.0	1.0	0.0	3.0	6.0	1.0
036	1.0	1.0	1.0	0.0	2.0	4.0	1.0
037	1.0	0.0	0.0	0.0	1.0	2.0	0.0
038	0.0	0.0	0.0	0.0	0.0	0.0	0.0
039	0.0	3.0	0.0	2.0	1.6660000000000004	7.334	2.0
040	1.0	0.0	1.0	0.0	1.0	2.0	1.0
041	2.0	2.0	1.0	0.0	0.6660000000000004	5.334	1.0
042	0.0	0.0	0.0	0.0	0.0	0.0	0.0
043	1.0	0.0	0.0	0.0	1.0	2.0	0.0
044	0.0	0.0	0.0	0.0	0.0	0.0	0.0
045	1.0	1.0	0.0	1.0	0.6660000000000004	5.334	1.0
046	1.0	0.0	1.0	0.0	0.3330000000000002	2.667	1.0
047	1.0	0.0	1.0	0.0	0.3330000000000002	2.667	1.0
048	0.0	0.0	0.0	0.0	0.0	0.0	0.0
049	0.0	0.0	0.0	0.0	0.0	0.0	0.0
050	0.0	0.0	0.0	0.0	0.0	0.0	0.0
051	2.0	0.0	1.0	0.0	0.6660000000000004	5.334	1.0
052	2.0	1.0	1.0	0.0	0.9990000000000006	8.001	1.0
053	1.0	0.0	0.0	0.0	0.3330000000000002	2.667	0.0
054	2.0	2.0	1.0	1.0	3.0	6.0	1.0
055	1.0	0.0	1.0	0.0	0.3330000000000002	2.667	1.0
056	1.0	0.0	0.0	0.0	0.3330000000000002	2.667	0.0
057	2.0	0.0	1.0	0.0	2.4	3.6	1.0
058	1.0	0.0	1.0	0.0	0.3330000000000002	2.667	1.0
059	0.0	0.0	0.0	0.0	0.0	0.0	0.0
060	0.0	0.0	0.0	0.0	0.0	0.0	0.0
061	1.0	2.0	0.0	2.0	2.0010000000000003	6.999	2.0
062	2.0	0.0	1.0	0.0	2.0	4.0	1.0
063	1.0	0.0	1.0	0.0	0.3330000000000002	2.667	1.0
064	1.0	0.0	1.0	0.0	0.3330000000000002	2.667	1.0
065	0.0	0.0	0.0	0.0	0.0	0.0	0.0
066	1.0	1.0	0.0	0.0	0.3330000000000002	2.667	0.0
067	1.0	0.0	0.0	0.0	0.3330000000000002	2.667	0.0
068	2.0	0.0	2.0	0.0	2.0	4.0	2.0
069	0.0	1.0	0.0	1.0	1.0	2.0	1.0
070	1.0	1.0	1.0	1.0	0.6660000000000004	5.334	2.0
071	1.0	0.0	1.0	0.0	0.3330000000000002	2.667	1.0
072	2.0	0.0	1.0	0.0	2.0	4.0	1.0
073	0.0	1.0	0.0	0.0	1.0	2.0	0.0
074	1.0	1.0	0.0	1.0	1.6680000000000001	4.332	1.0
075	2.0	0.0	1.0	0.0	2.4	3.6	1.0
076	0.0	0.0	0.0	0.0	0.0	0.0	0.0
077	0.0	0.0	0.0	0.0	0.0	0.0	0.0
078	2.0	0.0	1.0	0.0	0.6660000000000004	5.334	1.0
079	1.0	0.0	1.0	0.0	1.0	2.0	1.0
080	0.0	0.0	0.0	0.0	0.0	0.0	0.0
081	2.0	0.0	1.0	0.0	2.0	4.0	1.0
082	2.0	0.0	1.0	0.0	2.0	4.0	1.0
083	1.0	0.0	1.0	0.0	1.0	2.0	1.0
084	2.0	0.0	1.0	0.0	2.0	4.0	1.0
085	1.0	0.0	1.0	0.0	1.0	2.0	1.0
086	1.0	0.0	1.0	0.0	1.0	2.0	1.0
087	2.0	0.0	1.0	0.0	2.0	4.0	1.0
088	1.0	0.0	1.0	0.0	0.3330000000000002	2.667	1.0
089	2.0	0.0	1.0	0.0	2.0	4.0	1.0
090	2.0	0.0	0.0	0.0	1.0	2.0	0.0
091	0.0	0.0	0.0	0.0	0.0	0.0	0.0
092	2.0	1.0	1.0	1.0	0.9990000000000006	8.001	2.0
093	1.0	0.0	0.0	0.0	0.3330000000000002	2.667	0.0
094	2.0	0.0	1.0	0.0	2.0	4.0	1.0
095	2.0	0.0	1.0	0.0	2.0	4.0	1.0
096	2.0	0.0	1.0	0.0	2.0	4.0	1.0
097	0.0	0.0	0.0	0.0	0.0	0.0	0.0
098	2.0	1.0	0.0	1.0	1.6680000000000001	4.332	1.0
099	1.0	0.0	0.0	0.0	0.6680000000000001	2.332	0.0
100	0.0	1.0	0.0	0.0	0.3330000000000002	2.667	0.0
101	1.0	2.0	1.0	0.0	2.0	4.0	1.0
102	1.0	2.0	1.0	1.0	3.0	6.0	2.0
103	1.0	2.0	0.0	0.0	0.3330000000000002	2.667	0.0
104	2.0	0.0	1.0	0.0	2.0	4.0	1.0
105	2.0	1.0	1.0	0.0	2.0	4.0	1.0
106	2.0	1.0	2.0	0.0	1.3340000000000005	7.6659999999999995	2.0
107	1.0	2.0	1.0	0.0	2.0	4.0	1.0
108	1.0	0.0	0.0	0.0	0.3330000000000002	2.667	0.0
109	1.0	2.0	0.0	0.0	1.3330000000000002	4.667	0.0
110	2.0	0.0	1.0	0.0	0.6660000000000004	5.334	1.0
111	1.0	0.0	1.0	0.0	1.0	2.0	1.0
112	0.0	0.0	0.0	0.0	0.0	0.0	0.0
113	0.0	0.0	0.0	0.0	0.0	0.0	0.0
114	1.0	2.0	1.0	1.0	1.6660000000000004	7.334	2.0
115	1.0	1.0	1.0	1.0	0.6660000000000004	5.334	2.0
116	1.0	0.0	0.0	0.0	1.0	2.0	0.0
117	1.0	0.0	1.0	0.0	0.3330000000000002	2.667	1.0
118	0.0	0.0	0.0	0.0	0.0	0.0	0.0
119	1.0	1.0	1.0	0.0	1.3360000000000003	4.664	1.0
120	0.0	0.0	0.0	0.0	0.0	0.0	0.0
121	1.0	0.0	0.0	0.0	1.0	2.0	0.0
122	1.0	0.0	1.0	0.0	0.3330000000000002	2.667	1.0
123	2.0	0.0	1.0	0.0	0.6660000000000004	5.334	1.0
124	1.0	0.0	0.0	0.0	1.0	2.0	0.0
125	2.0	2.0	1.0	1.0	3.0	6.0	1.0
126	2.0	2.0	1.0	0.0	1.3340000000000005	7.6659999999999995	1.0
127	2.0	0.0	1.0	0.0	2.0	4.0	1.0
128	1.0	0.0	0.0	0.0	1.0	2.0	0.0
129	0.0	1.0	0.0	0.0	0.3330000000000002	2.667	0.0
130	2.0	0.0	1.0	0.0	2.0	4.0	1.0
131	1.0	1.0	1.0	1.0	1.3330000000000002	4.667	2.0
132	1.0	0.0	1.0	0.0	1.0	2.0	1.0
133	1.0	4.0	0.0	3.0	1.9990000000000006	10.001	2.0
134	1.0	3.0	1.0	1.0	3.0	6.0	2.0
135	2.0	0.0	1.0	0.0	2.0	4.0	1.0
136	1.0	0.0	1.0	0.0	1.0	2.0	1.0
137	1.0	1.0	1.0	1.0	1.0	2.0	1.0
138	3.0	1.0	2.0	1.0	2.333	6.667	2.0
139	2.0	0.0	0.0	0.0	0.6680000000000001	2.332	0.0
140	0.0	2.0	0.0	1.0	0.6660000000000004	5.334	1.0
141	0.0	1.0	0.0	0.0	0.3330000000000002	2.667	0.0
142	2.0	0.0	1.0	0.0	2.0	4.0	1.0
143	1.0	2.0	0.0	1.0	1.3330000000000002	7.667	1.0
144	1.0	3.0	1.0	1.0	2.0	4.0	1.0
145	0.0	0.0	0.0	0.0	0.0	0.0	0.0
146	0.0	0.0	0.0	0.0	0.0	0.0	0.0
147	0.0	0.0	0.0	0.0	0.0	0.0	0.0
148	0.0	4.0	0.0	2.0	1.3330000000000002	4.667	1.0
149	1.0	0.0	1.0	0.0	0.3330000000000002	2.667	1.0
150	0.0	0.0	0.0	0.0	0.0	0.0	0.0
151	2.0	1.0	2.0	1.0	2.0	4.0	2.0
152	1.0	0.0	1.0	0.0	1.0	2.0	1.0
153	0.0	0.0	0.0	0.0	0.0	0.0	0.0
154	0.0	1.0	0.0	0.0	0.0	3.0	0.0
155	1.0	1.0	0.0	0.0	0.3330000000000002	2.667	0.0
156	1.0	3.0	1.0	1.0	0.9990000000000006	8.001	2.0
157	0.0	1.0	0.0	0.0	0.3330000000000002	2.667	0.0
158	1.0	0.0	0.0	0.0	1.0	2.0	0.0
159	1.0	1.0	0.0	0.0	0.3330000000000002	2.667	0.0
160	1.0	1.0	1.0	0.0	0.6660000000000004	5.334	1.0
161	1.0	1.0	0.0	0.0	1.0	2.0	0.0
162	0.0	4.0	0.0	1.0	1.6660000000000004	7.334	1.0
163	1.0	0.0	0.0	0.0	0.3330000000000002	2.667	0.0
164	0.0	0.0	0.0	0.0	0.0	0.0	0.0
165	1.0	0.0	1.0	0.0	0.3330000000000002	2.667	1.0
166	0.0	0.0	0.0	0.0	0.0	0.0	0.0
167	0.0	0.0	0.0	0.0	0.0	0.0	0.0
168	1.0	1.0	1.0	1.0	1.0	2.0	1.0
169	2.0	0.0	1.0	0.0	2.0	4.0	1.0
170	0.0	0.0	0.0	0.0	0.0	0.0	0.0
171	1.0	0.0	1.0	0.0	1.0	2.0	1.0
172	1.0	1.0	1.0	1.0	0.3330000000000002	2.667	1.0
173	1.0	0.0	1.0	0.0	1.0	2.0	1.0
174	1.0	0.0	1.0	0.0	1.0	2.0	1.0
175	2.0	0.0	1.0	0.0	2.0	4.0	1.0
176	0.0	0.0	0.0	0.0	0.0	0.0	0.0
177	1.0	0.0	1.0	0.0	1.0	2.0	1.0
178	2.0	1.0	1.0	1.0	3.0	6.0	2.0
179	1.0	0.0	1.0	0.0	1.0	2.0	1.0
180	2.0	0.0	1.0	0.0	2.4	3.6	1.0
181	1.0	0.0	1.0	0.0	1.0	2.0	1.0
182	2.0	0.0	0.0	0.0	0.6680000000000001	2.332	0.0
183	1.0	3.0	0.0	1.0	0.6660000000000004	5.334	1.0
184	0.0	0.0	0.0	0.0	0.0	0.0	0.0
185	0.0	1.0	0.0	0.0	0.3330000000000002	2.667	0.0
186	0.0	1.0	0.0	0.0	0.3330000000000002	2.667	0.0
187	0.0	4.0	0.0	2.0	2.0010000000000003	6.999	2.0
188	0.0	1.0	0.0	1.0	0.3330000000000002	2.667	1.0
189	1.0	2.0	1.0	2.0	2.0	4.0	2.0
190	0.0	0.0	0.0	0.0	0.0	0.0	0.0
191	1.0	2.0	1.0	1.0	2.0	4.0	1.0
192	0.0	0.0	0.0	0.0	0.0	0.0	0.0
193	1.0	1.0	0.0	1.0	2.0	4.0	1.0
194	0.0	2.0	0.0	1.0	0.6660000000000004	5.334	1.0
195	0.0	1.0	0.0	0.0	1.0	2.0	0.0
196	1.0	0.0	0.0	0.0	1.0	2.0	0.0
197	1.0	0.0	1.0	0.0	1.0	2.0	1.0
198	1.0	3.0	1.0	2.0	2.333	6.667	2.0
199	2.0	0.0	1.0	0.0	2.0	4.0	1.0
200	2.0	2.0	1.0	1.0	3.0	6.0	2.0
201	2.0	4.0	1.0	2.0	2.6660000000000004	9.334	2.0
202	1.0	1.0	0.0	0.0	1.0	2.0	0.0
203	0.0	0.0	0.0	0.0	0.0	0.0	0.0
204	2.0	3.0	1.0	2.0	2.333	6.667	1.0
205	1.0	2.0	0.0	0.0	0.6660000000000004	5.334	0.0
206	3.0	2.0	2.0	1.0	2.333	6.667	2.0
207	0.0	5.0	0.0	4.0	3.333	8.667	3.0
208	1.0	0.0	1.0	0.0	0.6680000000000001	2.332	1.0
209	0.0	0.0	0.0	0.0	0.0	0.0	0.0
210	1.0	0.0	1.0	0.0	1.4	1.6	1.0
211	0.0	1.0	0.0	1.0	0.6680000000000001	2.332	1.0
212	2.0	0.0	1.0	0.0	2.0	4.0	1.0
213	1.0	0.0	1.0	0.0	0.6680000000000001	2.332	1.0
214	3.0	1.0	2.0	1.0	3.333	8.667	3.0
215	1.0	0.0	0.0	0.0	1.4	1.6	0.0
216	1.0	0.0	0.0	0.0	1.0	2.0	0.0
217	0.0	0.0	0.0	0.0	0.0	0.0	0.0
218	1.0	0.0	0.0	0.0	1.0	2.0	0.0
219	0.0	0.0	0.0	0.0	0.0	0.0	0.0
220	1.0	0.0	1.0	0.0	1.0	2.0	1.0
221	1.0	0.0	1.0	0.0	1.0	2.0	1.0
222	0.0	0.0	0.0	0.0	0.0	0.0	0.0
223	0.0	4.0	0.0	2.0	3.0010000000000003	8.998999999999999	2.0
224	1.0	0.0	1.0	0.0	1.0	2.0	1.0
225	1.0	0.0	1.0	0.0	0.3330000000000002	2.667	1.0
226	0.0	0.0	0.0	0.0	0.0	0.0	0.0
227	1.0	0.0	1.0	0.0	1.0	2.0	1.0
228	1.0	0.0	0.0	0.0	1.0	2.0	0.0
229	0.0	0.0	0.0	0.0	0.0	0.0	0.0
230	0.0	0.0	0.0	0.0	0.0	0.0	0.0
231	1.0	0.0	1.0	0.0	1.0	2.0	1.0
232	1.0	0.0	0.0	0.0	1.0	2.0	0.0
233	2.0	0.0	1.0	0.0	2.0	4.0	1.0
234	1.0	0.0	1.0	0.0	0.3330000000000002	2.667	1.0
235	1.0	3.0	1.0	2.0	2.4	6.6	2.0
236	1.0	0.0	1.0	0.0	1.0	2.0	1.0
237	1.0	3.0	1.0	2.0	1.3330000000000002	4.667	1.0
238	1.0	2.0	1.0	0.0	0.6660000000000004	5.334	1.0
239	2.0	0.0	1.0	0.0	2.0	4.0	1.0
240	0.0	2.0	0.0	1.0	1.6680000000000001	4.332	1.0
241	0.0	1.0	0.0	0.0	0.3330000000000002	2.667	0.0
242	0.0	0.0	0.0	0.0	0.0	0.0	0.0
243	1.0	1.0	1.0	1.0	0.3330000000000002	2.667	1.0
244	1.0	1.0	1.0	1.0	1.3330000000000002	4.667	2.0
245	1.0	2.0	1.0	1.0	2.0	4.0	1.0
246	0.0	0.0	0.0	0.0	0.0	0.0	0.0
247	0.0	1.0	0.0	1.0	1.0	2.0	1.0
248	1.0	2.0	1.0	1.0	1.6680000000000001	4.332	1.0
249	0.0	1.0	0.0	0.0	0.6680000000000001	2.332	0.0
250	0.0	0.0	0.0	0.0	0.0	0.0	0.0
251	3.0	1.0	1.0	1.0	3.333	8.667	2.0
252	2.0	4.0	1.0	2.0	2.6660000000000004	9.334	2.0
253	0.0	0.0	0.0	0.0	0.0	0.0	0.0
254	1.0	1.0	0.0	0.0	1.0	2.0	0.0
255	1.0	2.0	1.0	1.0	1.6660000000000004	7.334	2.0
256	0.0	0.0	0.0	0.0	0.0	0.0	0.0
257	1.0	1.0	0.0	0.0	0.3330000000000002	2.667	0.0
258	1.0	2.0	0.0	0.0	0.3330000000000002	2.667	0.0
259	0.0	0.0	0.0	0.0	0.0	0.0	0.0
260	1.0	0.0	1.0	0.0	1.4	1.6	1.0
261	1.0	2.0	1.0	2.0	1.3330000000000002	4.667	2.0
262	2.0	2.0	1.0	1.0	3.0	6.0	2.0
263	0.0	0.0	0.0	0.0	0.0	0.0	0.0
264	2.0	3.0	1.0	2.0	3.0	6.0	2.0
265	1.0	1.0	1.0	0.0	0.6660000000000004	5.334	1.0
266	0.0	3.0	0.0	3.0	1.0	5.0	2.0
267	1.0	1.0	1.0	1.0	1.3330000000000002	4.667	2.0
268	0.0	0.0	0.0	0.0	0.0	0.0	0.0
269	1.0	3.0	1.0	1.0	0.9990000000000006	8.001	2.0
270	0.0	1.0	0.0	1.0	1.0	2.0	1.0
271	0.0	0.0	0.0	0.0	0.0	0.0	0.0
272	0.0	0.0	0.0	0.0	0.0	0.0	0.0
273	1.0	0.0	1.0	0.0	0.3330000000000002	2.667	1.0
274	1.0	2.0	0.0	1.0	0.6660000000000004	5.334	1.0
275	1.0	4.0	1.0	2.0	1.6660000000000004	7.334	2.0
276	0.0	0.0	0.0	0.0	0.0	0.0	0.0
277	1.0	0.0	1.0	0.0	1.4	1.6	1.0
278	0.0	0.0	0.0	0.0	0.0	0.0	0.0
279	2.0	2.0	1.0	0.0	0.6660000000000004	5.334	1.0
280	0.0	0.0	0.0	0.0	0.0	0.0	0.0
281	2.0	0.0	1.0	0.0	1.6680000000000001	4.332	1.0
282	1.0	1.0	0.0	0.0	0.3330000000000002	2.667	0.0
283	2.0	1.0	1.0	0.0	2.0	4.0	1.0
284	0.0	0.0	0.0	0.0	0.0	0.0	0.0
285	1.0	0.0	1.0	0.0	1.0	2.0	1.0
286	0.0	1.0	0.0	0.0	0.3330000000000002	2.667	0.0
287	0.0	1.0	0.0	0.0	0.3330000000000002	2.667	0.0
288	0.0	0.0	0.0	0.0	0.0	0.0	0.0
289	0.0	1.0	0.0	0.0	0.3330000000000002	2.667	0.0
290	0.0	1.0	0.0	0.0	0.3330000000000002	2.667	0.0
291	1.0	2.0	0.0	0.0	0.3330000000000002	2.667	0.0
292	2.0	2.0	1.0	1.0	2.333	6.667	2.0
293	1.0	0.0	1.0	0.0	1.4	1.6	1.0
294	0.0	1.0	0.0	1.0	0.3330000000000002	2.667	1.0
295	1.0	0.0	0.0	0.0	1.0	2.0	0.0
296	0.0	0.0	0.0	0.0	0.0	0.0	0.0
297	1.0	0.0	1.0	0.0	0.3330000000000002	2.667	1.0
298	0.0	0.0	0.0	0.0	0.0	0.0	0.0
299	0.0	0.0	0.0	0.0	0.0	0.0	0.0
300	0.0	0.0	0.0	0.0	0.0	0.0	0.0
301	2.0	0.0	1.0	0.0	2.0	4.0	1.0
302	1.0	0.0	1.0	0.0	0.3330000000000002	2.667	1.0
303	1.0	2.0	1.0	0.0	2.0	4.0	1.0
304	1.0	2.0	1.0	1.0	0.6660000000000004	5.334	1.0
305	1.0	2.0	1.0	0.0	2.0	4.0	1.0
306	2.0	0.0	1.0	0.0	2.0	4.0	1.0
307	3.0	0.0	2.0	0.0	3.8	5.2	2.0
308	0.0	0.0	0.0	0.0	0.0	0.0	0.0
309	0.0	1.0	0.0	0.0	0.3330000000000002	2.667	0.0
310	1.0	0.0	1.0	0.0	0.3330000000000002	2.667	1.0
311	0.0	0.0	0.0	0.0	0.0	0.0	0.0
312	0.0	0.0	0.0	0.0	0.0	0.0	0.0
313	1.0	2.0	0.0	0.0	1.0010000000000003	4.999	0.0
314	0.0	0.0	0.0	0.0	0.0	0.0	0.0
315	0.0	2.0	0.0	1.0	1.3360000000000003	4.664	1.0
316	0.0	3.0	0.0	3.0	1.3330000000000002	4.667	2.0
317	1.0	1.0	1.0	0.0	0.6660000000000004	5.334	1.0
318	1.0	0.0	0.0	0.0	0.3330000000000002	2.667	0.0
319	1.0	0.0	1.0	0.0	1.4	1.6	1.0
320	0.0	0.0	0.0	0.0	0.0	0.0	0.0
321	1.0	0.0	0.0	0.0	1.0	2.0	0.0
322	2.0	1.0	1.0	0.0	3.0	6.0	1.0
323	0.0	5.0	0.0	3.0	3.3340000000000005	11.665999999999999	3.0
324	2.0	1.0	1.0	0.0	2.0	4.0	1.0
325	1.0	1.0	0.0	0.0	0.3330000000000002	2.667	0.0
326	2.0	2.0	1.0	1.0	1.6660000000000004	7.334	1.0
327	1.0	1.0	1.0	0.0	0.6660000000000004	5.334	1.0
328	3.0	0.0	2.0	0.0	1.6680000000000001	4.332	1.0
329	1.0	0.0	0.0	0.0	1.0	2.0	0.0
330	1.0	1.0	1.0	1.0	1.0	2.0	1.0
331	2.0	2.0	1.0	1.0	2.0	4.0	1.0
332	1.0	2.0	1.0	0.0	0.6660000000000004	5.334	1.0
333	1.0	3.0	1.0	1.0	1.9990000000000006	10.001	2.0
334	1.0	2.0	1.0	0.0	2.0	4.0	1.0
335	2.0	2.0	2.0	0.0	2.333	6.667	2.0
336	1.0	0.0	1.0	0.0	0.3330000000000002	2.667	1.0
337	2.0	1.0	1.0	0.0	0.6660000000000004	5.334	1.0
338	0.0	1.0	0.0	0.0	0.6680000000000001	2.332	0.0
339	1.0	1.0	1.0	0.0	1.3360000000000003	4.664	1.0
340	0.0	0.0	0.0	0.0	0.0	0.0	0.0
341	0.0	2.0	0.0	2.0	0.3330000000000002	2.667	1.0
342	1.0	1.0	1.0	1.0	1.3330000000000002	4.667	2.0
343	0.0	0.0	0.0	0.0	0.0	0.0	0.0
344	1.0	0.0	0.0	0.0	1.0	2.0	0.0
345	1.0	2.0	0.0	1.0	0.6660000000000004	5.334	1.0
346	1.0	2.0	1.0	1.0	0.9990000000000006	8.001	2.0
347	1.0	1.0	0.0	1.0	0.6660000000000004	5.334	1.0
348	0.0	3.0	0.0	3.0	2.0010000000000003	6.999	3.0
349	2.0	2.0	1.0	1.0	0.9990000000000006	8.001	2.0
350	2.0	0.0	1.0	0.0	2.0	4.0	1.0
351	1.0	0.0	0.0	0.0	1.0	2.0	0.0
352	1.0	0.0	0.0	0.0	0.3330000000000002	2.667	0.0
353	1.0	2.0	1.0	1.0	2.4	3.6	1.0
354	2.0	3.0	1.0	2.0	1.0	5.0	1.0
355	1.0	2.0	1.0	1.0	1.733	4.2669999999999995	1.0
356	2.0	0.0	1.0	0.0	0.6660000000000004	5.334	1.0
357	1.0	1.0	0.0	0.0	1.0	2.0	0.0
358	1.0	1.0	1.0	0.0	2.0	4.0	1.0
359	1.0	2.0	0.0	1.0	2.0	4.0	1.0
360	0.0	0.0	0.0	0.0	0.0	0.0	0.0
361	2.0	1.0	1.0	0.0	2.0	4.0	1.0
362	1.0	1.0	0.0	0.0	1.0	2.0	0.0
363	1.0	1.0	0.0	0.0	0.6660000000000004	5.334	0.0
364	1.0	0.0	0.0	0.0	1.4	1.6	0.0
365	1.0	0.0	1.0	0.0	1.4	1.6	1.0
366	1.0	1.0	0.0	0.0	1.3330000000000002	4.667	0.0
367	0.0	1.0	0.0	0.0	0.3330000000000002	2.667	0.0
368	2.0	2.0	1.0	1.0	1.6660000000000004	7.334	1.0
369	1.0	0.0	0.0	0.0	0.3330000000000002	2.667	0.0
370	2.0	3.0	1.0	1.0	2.6660000000000004	9.334	2.0
371	0.0	0.0	0.0	0.0	0.0	0.0	0.0
372	2.0	0.0	2.0	0.0	1.0	2.0	1.0
373	0.0	1.0	0.0	0.0	1.0	2.0	0.0
374	0.0	0.0	0.0	0.0	0.0	0.0	0.0
375	1.0	0.0	1.0	0.0	1.0	2.0	1.0
376	2.0	0.0	1.0	0.0	2.0	4.0	1.0
377	0.0	0.0	0.0	0.0	0.0	0.0	0.0
378	1.0	0.0	0.0	0.0	0.3330000000000002	2.667	0.0
379	1.0	0.0	1.0	0.0	0.3330000000000002	2.667	1.0
380	0.0	0.0	0.0	0.0	0.0	0.0	0.0
381	0.0	0.0	0.0	0.0	0.0	0.0	0.0
382	2.0	0.0	2.0	0.0	0.6660000000000004	5.334	2.0
383	0.0	0.0	0.0	0.0	0.0	0.0	0.0
384	2.0	1.0	1.0	0.0	2.0	4.0	1.0
385	1.0	1.0	1.0	1.0	1.3330000000000002	4.667	2.0
386	3.0	0.0	2.0	0.0	3.0	6.0	2.0
387	1.0	0.0	1.0	0.0	0.3330000000000002	2.667	1.0
388	1.0	1.0	0.0	0.0	0.3330000000000002	2.667	0.0
389	1.0	2.0	1.0	0.0	0.6660000000000004	5.334	1.0
390	2.0	1.0	2.0	0.0	2.068	3.932	1.0
391	1.0	1.0	1.0	0.0	2.0	4.0	1.0
392	0.0	1.0	0.0	1.0	0.3330000000000002	2.667	1.0
393	1.0	2.0	0.0	0.0	0.3330000000000002	2.667	0.0
394	1.0	0.0	1.0	0.0	0.6680000000000001	2.332	1.0
395	2.0	0.0	1.0	0.0	2.0	4.0	1.0
396	0.0	0.0	0.0	0.0	0.0	0.0	0.0
397	1.0	3.0	0.0	1.0	1.6660000000000004	7.334	1.0
398	1.0	0.0	0.0	0.0	0.3330000000000002	2.667	0.0
399	0.0	0.0	0.0	0.0	0.0	0.0	0.0
400	1.0	3.0	1.0	0.0	3.0	6.0	1.0
401	1.0	4.0	0.0	3.0	2.6660000000000004	9.334	3.0
402	1.0	0.0	1.0	0.0	0.3330000000000002	2.667	1.0
403	2.0	1.0	1.0	1.0	1.0010000000000003	4.999	1.0
404	1.0	0.0	0.0	0.0	1.0	2.0	0.0
405	0.0	3.0	0.0	2.0	1.6660000000000004	7.334	2.0
406	1.0	3.0	0.0	2.0	0.6660000000000004	5.334	1.0
407	1.0	2.0	0.0	1.0	1.3330000000000002	4.667	1.0
408	2.0	2.0	1.0	1.0	2.0660000000000003	6.933999999999999	2.0
409	2.0	3.0	1.0	1.0	2.0	4.0	1.0
410	0.0	3.0	0.0	1.0	0.6660000000000004	5.334	1.0
411	2.0	2.0	1.0	1.0	2.333	6.667	2.0
412	1.0	2.0	0.0	1.0	0.6680000000000001	5.332	1.0
413	1.0	3.0	0.0	3.0	2.0010000000000003	6.999	2.0
414	1.0	1.0	1.0	1.0	1.3330000000000002	4.667	2.0
415	0.0	2.0	0.0	1.0	0.6660000000000004	5.334	1.0
416	1.0	3.0	1.0	2.0	2.0010000000000003	6.999	2.0
417	2.0	2.0	1.0	0.0	1.3360000000000003	4.664	1.0
418	1.0	0.0	0.0	0.0	1.0	2.0	0.0
419	2.0	5.0	2.0	2.0	2.9990000000000006	12.001	3.0
420	1.0	1.0	0.0	0.0	0.3330000000000002	2.667	0.0
421	2.0	0.0	1.0	0.0	0.6660000000000004	5.334	1.0
422	1.0	1.0	1.0	1.0	0.6660000000000004	5.334	2.0
423	0.0	3.0	0.0	2.0	0.6660000000000004	5.334	1.0
424	1.0	3.0	0.0	1.0	0.6660000000000004	5.334	1.0
425	2.0	1.0	1.0	0.0	2.0	4.0	1.0
426	2.0	0.0	1.0	0.0	2.4	3.6	1.0
427	2.0	2.0	1.0	1.0	1.3330000000000002	4.667	1.0
428	1.0	0.0	1.0	0.0	0.3330000000000002	2.667	1.0
429	2.0	1.0	1.0	1.0	2.0	4.0	1.0
430	1.0	0.0	1.0	0.0	0.3330000000000002	2.667	1.0
431	1.0	2.0	1.0	1.0	2.068	3.932	1.0
432	1.0	2.0	0.0	1.0	1.3330000000000002	4.667	1.0
433	0.0	0.0	0.0	0.0	0.0	0.0	0.0
434	1.0	0.0	1.0	0.0	1.0	2.0	1.0
435	1.0	0.0	1.0	0.0	1.0	2.0	1.0
436	1.0	0.0	1.0	0.0	0.3330000000000002	2.667	1.0
437	0.0	0.0	0.0	0.0	0.0	0.0	0.0
438	1.0	0.0	0.0	0.0	1.0	2.0	0.0
439	2.0	0.0	1.0	0.0	2.0	4.0	1.0
440	1.0	0.0	1.0	0.0	1.0	2.0	1.0
441	0.0	0.0	0.0	0.0	0.0	0.0	0.0
442	1.0	0.0	1.0	0.0	0.3330000000000002	2.667	1.0
443	1.0	0.0	1.0	0.0	1.0	2.0	1.0
444	0.0	2.0	0.0	1.0	1.0010000000000003	4.999	1.0
445	0.0	0.0	0.0	0.0	0.0	0.0	0.0
446	1.0	1.0	0.0	1.0	2.0	4.0	1.0
447	2.0	0.0	2.0	0.0	0.6680000000000001	2.332	1.0
448	0.0	1.0	0.0	1.0	0.3330000000000002	2.667	1.0
449	2.0	1.0	1.0	1.0	1.6680000000000001	7.332	2.0
450	2.0	0.0	1.0	0.0	1.3360000000000003	4.664	1.0
451	1.0	3.0	1.0	1.0	0.9990000000000006	8.001	2.0
452	1.0	2.0	0.0	0.0	1.0	2.0	0.0
453	0.0	0.0	0.0	0.0	0.0	0.0	0.0
454	1.0	2.0	0.0	1.0	0.6680000000000001	5.332	1.0
455	1.0	3.0	0.0	1.0	0.6660000000000004	5.334	1.0
456	1.0	0.0	1.0	0.0	1.0	2.0	1.0
457	0.0	4.0	0.0	2.0	0.6660000000000004	5.334	1.0
458	1.0	2.0	1.0	2.0	1.3360000000000003	4.664	2.0
459	1.0	4.0	1.0	2.0	1.6660000000000004	7.334	2.0
460	1.0	2.0	1.0	2.0	1.3330000000000002	4.667	2.0
461	1.0	0.0	1.0	0.0	1.0	2.0	1.0
462	0.0	0.0	0.0	0.0	0.0	0.0	0.0
463	0.0	0.0	0.0	0.0	0.0	0.0	0.0
464	0.0	0.0	0.0	0.0	0.0	0.0	0.0
465	0.0	0.0	0.0	0.0	0.0	0.0	0.0
466	0.0	0.0	0.0	0.0	0.0	0.0	0.0
467	0.0	0.0	0.0	0.0	0.0	0.0	0.0
