pos	Sd	Nd	Sd_tip	Nd_tip	S	N	comparisons
001	0.0	0.0	0.0	0.0	0.0	0.0	0.0
002	1.0	0.0	0.0	0.0	1.0	2.0	0.0
003	1.0	3.0	1.0	2.0	2.0	4.0	1.0
004	0.0	0.0	0.0	0.0	0.0	0.0	0.0
005	0.0	0.0	0.0	0.0	0.0	0.0	0.0
006	0.0	0.0	0.0	0.0	0.0	0.0	0.0
007	1.0	1.0	1.0	0.0	0.6680000000000001	5.332	1.0
008	2.0	4.0	2.0	3.0	4.001	10.998999999999999	4.0
009	1.0	3.0	0.0	2.0	2.6660000000000004	9.334	2.0
010	1.0	5.0	1.0	2.0	3.6690000000000005	11.331	2.0
011	2.0	3.0	2.0	3.0	4.0	8.0	4.0
012	1.0	3.0	1.0	2.0	1.6660000000000004	7.334	2.0
013	2.0	4.0	1.0	2.0	5.0	10.0	2.0
014	1.0	1.0	1.0	0.0	2.0	4.0	1.0
015	2.0	2.0	1.0	1.0	1.3330000000000002	4.667	1.0
016	2.0	1.0	1.0	1.0	3.0	6.0	2.0
017	1.0	4.0	1.0	1.0	5.0	10.0	2.0
018	3.0	2.0	2.0	2.0	3.333	8.667	3.0
019	1.0	2.0	1.0	1.0	2.668	6.332	2.0
020	0.0	2.0	0.0	1.0	0.6680000000000001	5.332	1.0
021	1.0	1.0	0.0	0.0	2.0	4.0	0.0
022	0.0	2.0	0.0	0.0	1.0	2.0	0.0
023	2.0	2.0	1.0	1.0	3.4	5.6	1.0
024	0.0	1.0	0.0	0.0	0.3330000000000002	2.667	0.0
025	0.0	0.0	0.0	0.0	0.0	0.0	0.0
026	1.0	4.0	1.0	2.0	3.0	6.0	2.0
027	3.0	1.0	3.0	1.0	2.668	6.332	3.0
028	3.0	3.0	1.0	2.0	3.3360000000000003	8.664	2.0
029	1.0	2.0	1.0	2.0	1.3330000000000002	4.667	2.0
030	1.0	4.0	0.0	2.0	2.6660000000000004	9.334	1.0
031	1.0	3.0	0.0	1.0	2.6660000000000004	9.334	1.0
032	3.0	3.0	1.0	2.0	4.7330000000000005	10.267	2.0
033	2.0	4.0	1.0	2.0	2.6660000000000004	9.334	2.0
034	3.0	4.0	2.0	2.0	4.333	10.667	3.0
035	3.0	2.0	2.0	1.0	5.0	10.0	3.0
036	3.0	3.0	2.0	2.0	3.3360000000000003	8.664	2.0
037	2.0	2.0	1.0	0.0	2.333	6.667	1.0
038	0.0	4.0	0.0	1.0	2.668	9.332	1.0
039	1.0	1.0	0.0	1.0	0.6660000000000004	5.334	1.0
040	0.0	3.0	0.0	2.0	0.9990000000000006	8.001	2.0
041	0.0	0.0	0.0	0.0	0.0	0.0	0.0
042	1.0	3.0	1.0	0.0	2.3990000000000005	9.600999999999999	1.0
043	1.0	0.0	0.0	0.0	0.3330000000000002	2.667	0.0
044	1.0	0.0	1.0	0.0	1.0	2.0	1.0
045	1.0	2.0	0.0	1.0	1.6660000000000004	7.334	1.0
046	3.0	3.0	2.0	1.0	6.4	11.6	3.0
047	0.0	3.0	0.0	1.0	0.6660000000000004	8.334	1.0
048	1.0	0.0	0.0	0.0	0.3330000000000002	2.667	0.0
049	2.0	2.0	1.0	0.0	2.333	6.667	1.0
050	2.0	0.0	1.0	0.0	2.0	4.0	1.0
051	0.0	0.0	0.0	0.0	0.0	0.0	0.0
052	2.0	2.0	2.0	0.0	2.6660000000000004	9.334	2.0
053	2.0	2.0	1.0	1.0	3.0	6.0	1.0
054	1.0	2.0	0.0	1.0	1.3330000000000002	4.667	1.0
055	1.0	2.0	1.0	2.0	1.3330000000000002	4.667	2.0
056	2.0	2.0	1.0	1.0	2.0	4.0	1.0
057	0.0	2.0	0.0	2.0	1.0	2.0	1.0
058	0.0	0.0	0.0	0.0	0.0	0.0	0.0
059	0.0	1.0	0.0	1.0	0.3330000000000002	2.667	1.0
060	0.0	0.0	0.0	0.0	0.0	0.0	0.0
061	1.0	2.0	1.0	1.0	2.0	4.0	1.0
062	1.0	2.0	0.0	1.0	0.9990000000000006	8.001	1.0
063	2.0	1.0	1.0	0.0	2.0660000000000003	6.933999999999999	1.0
064	1.0	0.0	1.0	0.0	0.3330000000000002	2.667	1.0
065	3.0	0.0	2.0	0.0	2.668	6.332	2.0
066	1.0	0.0	1.0	0.0	1.0	2.0	1.0
067	2.0	2.0	2.0	2.0	1.6660000000000004	7.334	3.0
068	2.0	2.0	0.0	0.0	2.668	6.332	0.0
069	1.0	0.0	1.0	0.0	0.3330000000000002	2.667	1.0
070	1.0	0.0	1.0	0.0	1.4	1.6	1.0
071	3.0	1.0	2.0	0.0	3.0660000000000003	8.934	2.0
072	1.0	2.0	0.0	0.0	0.6660000000000004	5.334	0.0
073	1.0	1.0	0.0	0.0	0.6660000000000004	5.334	0.0
074	1.0	1.0	1.0	1.0	2.0	4.0	2.0
075	1.0	0.0	1.0	0.0	0.3330000000000002	2.667	1.0
076	2.0	2.0	1.0	0.0	2.0	7.0	1.0
077	2.0	4.0	2.0	2.0	3.333	8.667	3.0
078	2.0	3.0	1.0	0.0	3.333	8.667	1.0
079	1.0	0.0	0.0	0.0	0.3330000000000002	2.667	0.0
080	2.0	3.0	0.0	3.0	4.0	8.0	2.0
081	2.0	3.0	2.0	2.0	2.668	6.332	2.0
082	0.0	3.0	0.0	2.0	1.6690000000000005	7.3309999999999995	2.0
083	0.0	1.0	0.0	1.0	0.3330000000000002	2.667	1.0
084	3.0	4.0	3.0	2.0	2.9990000000000006	12.001	3.0
085	0.0	0.0	0.0	0.0	0.0	0.0	0.0
086	1.0	1.0	1.0	1.0	2.4	3.6	2.0
087	2.0	1.0	2.0	0.0	1.3340000000000005	7.6659999999999995	2.0
088	0.0	3.0	0.0	2.0	1.3330000000000002	4.667	1.0
089	1.0	0.0	1.0	0.0	0.6680000000000001	2.332	1.0
090	2.0	1.0	1.0	1.0	3.0	6.0	2.0
091	2.0	2.0	2.0	1.0	3.0	9.0	3.0
092	1.0	1.0	1.0	0.0	0.6660000000000004	5.334	1.0
093	1.0	2.0	1.0	1.0	1.6660000000000004	7.334	2.0
094	1.0	4.0	0.0	3.0	2.0020000000000007	9.998	3.0
095	0.0	2.0	0.0	2.0	0.6660000000000004	5.334	2.0
096	2.0	3.0	1.0	2.0	3.333	8.667	2.0
097	2.0	2.0	1.0	1.0	1.6660000000000004	7.334	1.0
098	2.0	1.0	1.0	0.0	2.668	6.332	1.0
099	2.0	2.0	2.0	1.0	3.0	6.0	2.0
100	2.0	1.0	1.0	0.0	3.0	6.0	1.0
101	1.0	3.0	0.0	2.0	2.736	6.263999999999999	2.0
102	1.0	0.0	1.0	0.0	1.0	2.0	1.0
103	1.0	4.0	1.0	2.0	3.0	6.0	2.0
104	2.0	0.0	1.0	0.0	2.0	4.0	1.0
105	2.0	1.0	2.0	1.0	1.6680000000000001	4.332	2.0
106	1.0	2.0	1.0	0.0	1.3330000000000002	4.667	1.0
107	0.0	4.0	0.0	2.0	1.6660000000000004	10.334	2.0
108	2.0	0.0	2.0	0.0	0.6680000000000001	2.332	1.0
109	2.0	2.0	2.0	1.0	2.668	6.332	2.0
110	2.0	0.0	1.0	0.0	0.6660000000000004	5.334	1.0
111	1.0	1.0	0.0	1.0	1.3330000000000002	4.667	1.0
112	1.0	1.0	1.0	0.0	0.6660000000000004	5.334	1.0
113	1.0	1.0	1.0	1.0	1.3330000000000002	4.667	2.0
114	1.0	0.0	0.0	0.0	0.3330000000000002	2.667	0.0
115	0.0	2.0	0.0	1.0	2.0	4.0	1.0
116	1.0	0.0	0.0	0.0	0.3330000000000002	2.667	0.0
117	1.0	0.0	0.0	0.0	0.3330000000000002	2.667	0.0
118	1.0	2.0	1.0	0.0	2.0	4.0	1.0
119	3.0	1.0	2.0	1.0	4.0	8.0	3.0
120	3.0	2.0	2.0	1.0	1.6660000000000004	7.334	2.0
121	1.0	0.0	0.0	0.0	1.0	2.0	0.0
122	2.0	0.0	1.0	0.0	2.4	3.6	1.0
123	3.0	1.0	1.0	1.0	2.4	6.6	1.0
124	2.0	0.0	1.0	0.0	0.6660000000000004	5.334	1.0
125	0.0	1.0	0.0	0.0	0.3330000000000002	2.667	0.0
126	2.0	0.0	1.0	0.0	2.0	4.0	1.0
127	1.0	0.0	1.0	0.0	1.0	2.0	1.0
128	2.0	0.0	2.0	0.0	0.6660000000000004	5.334	2.0
129	0.0	1.0	0.0	0.0	0.6680000000000001	2.332	0.0
130	0.0	0.0	0.0	0.0	0.0	0.0	0.0
131	1.0	0.0	0.0	0.0	0.6680000000000001	2.332	0.0
132	2.0	0.0	2.0	0.0	0.6660000000000004	5.334	2.0
133	0.0	2.0	0.0	0.0	1.0	2.0	0.0
134	2.0	2.0	1.0	2.0	1.6660000000000004	7.334	2.0
135	2.0	1.0	1.0	0.0	3.0	6.0	1.0
136	1.0	0.0	1.0	0.0	1.0	2.0	1.0
137	0.0	2.0	0.0	2.0	0.3330000000000002	2.667	1.0
138	0.0	2.0	0.0	2.0	0.3330000000000002	2.667	1.0
139	1.0	2.0	1.0	1.0	1.0	5.0	1.0
140	1.0	4.0	0.0	2.0	3.0010000000000003	8.998999999999999	2.0
141	2.0	0.0	1.0	0.0	2.0	4.0	1.0
142	1.0	5.0	0.0	2.0	3.0010000000000003	8.998999999999999	2.0
143	1.0	0.0	1.0	0.0	0.3330000000000002	2.667	1.0
144	0.0	1.0	0.0	0.0	1.0	2.0	0.0
145	2.0	0.0	2.0	0.0	0.6660000000000004	5.334	2.0
146	1.0	4.0	1.0	2.0	4.0	8.0	2.0
147	2.0	1.0	2.0	1.0	2.668	6.332	3.0
148	3.0	1.0	0.0	0.0	2.0	7.0	0.0
149	1.0	0.0	0.0	0.0	0.3330000000000002	2.667	0.0
150	0.0	0.0	0.0	0.0	0.0	0.0	0.0
151	1.0	0.0	1.0	0.0	0.3330000000000002	2.667	1.0
152	0.0	0.0	0.0	0.0	0.0	0.0	0.0
153	1.0	0.0	0.0	0.0	0.3330000000000002	2.667	0.0
154	2.0	0.0	2.0	0.0	2.0	4.0	2.0
155	2.0	1.0	2.0	1.0	2.0	4.0	2.0
156	2.0	2.0	1.0	2.0	3.3360000000000003	8.664	3.0
157	1.0	3.0	1.0	3.0	2.333	6.667	3.0
158	4.0	0.0	3.0	0.0	2.668	6.332	2.0
159	0.0	0.0	0.0	0.0	0.0	0.0	0.0
160	2.0	1.0	0.0	1.0	1.6680000000000001	4.332	1.0
161	1.0	3.0	1.0	2.0	2.333	6.667	2.0
162	2.0	2.0	2.0	0.0	2.6660000000000004	9.334	2.0
163	2.0	2.0	1.0	1.0	3.0	6.0	2.0
164	2.0	0.0	1.0	0.0	2.0	4.0	1.0
165	1.0	2.0	0.0	1.0	2.333	6.667	1.0
166	2.0	1.0	1.0	1.0	0.9990000000000006	8.001	2.0
167	2.0	2.0	1.0	2.0	3.0	6.0	2.0
168	1.0	0.0	1.0	0.0	1.0	2.0	1.0
169	1.0	6.0	1.0	3.0	4.6690000000000005	13.331	3.0
170	2.0	0.0	1.0	0.0	0.6660000000000004	5.334	1.0
171	2.0	4.0	2.0	4.0	2.333	6.667	3.0
172	1.0	0.0	1.0	0.0	0.3330000000000002	2.667	1.0
173	2.0	0.0	0.0	0.0	2.0	4.0	0.0
174	3.0	1.0	2.0	1.0	3.0	6.0	2.0
175	2.0	1.0	2.0	1.0	3.0	6.0	3.0
176	2.0	1.0	2.0	0.0	3.0	6.0	2.0
177	1.0	0.0	0.0	0.0	1.0	2.0	0.0
178	0.0	0.0	0.0	0.0	0.0	0.0	0.0
179	2.0	0.0	2.0	0.0	2.0	4.0	2.0
180	1.0	3.0	0.0	1.0	1.6680000000000001	7.332	1.0
181	2.0	0.0	1.0	0.0	1.3360000000000003	4.664	1.0
182	1.0	0.0	1.0	0.0	1.0	2.0	1.0
183	2.0	0.0	1.0	0.0	2.0	4.0	1.0
184	2.0	0.0	2.0	0.0	2.0	4.0	2.0
185	2.0	0.0	1.0	0.0	2.0	4.0	1.0
186	1.0	0.0	1.0	0.0	1.0	2.0	1.0
187	2.0	0.0	2.0	0.0	2.0	4.0	2.0
188	1.0	1.0	0.0	0.0	2.0	4.0	0.0
189	2.0	0.0	2.0	0.0	2.4	3.6	2.0
190	2.0	0.0	1.0	0.0	2.0	4.0	1.0
191	3.0	0.0	1.0	0.0	3.0	6.0	1.0
192	2.0	0.0	0.0	0.0	2.0	4.0	0.0
193	1.0	0.0	0.0	0.0	0.6680000000000001	2.332	0.0
194	2.0	1.0	1.0	0.0	3.0	6.0	1.0
195	2.0	0.0	0.0	0.0	1.6680000000000001	4.332	0.0
196	1.0	0.0	1.0	0.0	1.0	2.0	1.0
197	1.0	0.0	1.0	0.0	0.3330000000000002	2.667	1.0
198	1.0	0.0	0.0	0.0	0.3330000000000002	2.667	0.0
199	3.0	1.0	3.0	0.0	4.0	8.0	3.0
200	2.0	1.0	1.0	0.0	3.0	6.0	1.0
201	2.0	2.0	1.0	0.0	4.0	8.0	1.0
202	1.0	2.0	0.0	1.0	1.3340000000000005	7.6659999999999995	1.0
203	0.0	1.0	0.0	1.0	0.6680000000000001	2.332	1.0
204	2.0	1.0	1.0	1.0	0.9990000000000006	8.001	2.0
205	1.0	0.0	1.0	0.0	1.0	2.0	1.0
206	0.0	0.0	0.0	0.0	0.0	0.0	0.0
207	2.0	2.0	2.0	2.0	2.0	7.0	3.0
208	1.0	0.0	0.0	0.0	0.3330000000000002	2.667	0.0
209	1.0	0.0	1.0	0.0	0.3330000000000002	2.667	1.0
210	2.0	1.0	2.0	0.0	1.6680000000000001	4.332	1.0
211	1.0	0.0	1.0	0.0	1.0	2.0	1.0
212	0.0	0.0	0.0	0.0	0.0	0.0	0.0
213	2.0	0.0	1.0	0.0	2.0	4.0	1.0
214	2.0	2.0	2.0	2.0	1.3330000000000002	4.667	2.0
215	2.0	4.0	0.0	3.0	0.9990000000000006	11.001	2.0
216	2.0	2.0	2.0	1.0	3.0	6.0	2.0
217	0.0	1.0	0.0	1.0	1.0	2.0	1.0
218	1.0	0.0	1.0	0.0	1.0	2.0	1.0
219	1.0	1.0	1.0	1.0	0.6660000000000004	5.334	2.0
220	3.0	0.0	3.0	0.0	3.0	6.0	3.0
221	1.0	1.0	0.0	0.0	0.6660000000000004	5.334	0.0
222	2.0	1.0	2.0	1.0	3.0	6.0	3.0
223	1.0	1.0	1.0	0.0	0.6660000000000004	5.334	1.0
224	0.0	0.0	0.0	0.0	0.0	0.0	0.0
225	1.0	3.0	1.0	0.0	1.9990000000000006	10.001	1.0
226	1.0	0.0	0.0	0.0	0.3330000000000002	2.667	0.0
227	3.0	0.0	1.0	0.0	3.0	6.0	1.0
228	3.0	0.0	1.0	0.0	3.0	6.0	1.0
229	1.0	3.0	0.0	1.0	4.0	8.0	1.0
230	1.0	0.0	1.0	0.0	1.0	2.0	1.0
231	3.0	1.0	1.0	1.0	2.0010000000000003	6.999	2.0
232	3.0	0.0	2.0	0.0	1.6680000000000001	4.332	1.0
233	1.0	0.0	0.0	0.0	1.0	2.0	0.0
234	2.0	0.0	1.0	0.0	0.6660000000000004	5.334	1.0
235	1.0	0.0	1.0	0.0	0.3330000000000002	2.667	1.0
236	1.0	0.0	1.0	0.0	1.0	2.0	1.0
237	1.0	0.0	1.0	0.0	1.0	2.0	1.0
238	2.0	0.0	1.0	0.0	2.0	4.0	1.0
239	4.0	0.0	2.0	0.0	3.068	5.932	1.0
240	1.0	0.0	1.0	0.0	0.3330000000000002	2.667	1.0
241	1.0	1.0	1.0	0.0	0.6660000000000004	5.334	1.0
242	2.0	0.0	1.0	0.0	2.0	4.0	1.0
243	0.0	0.0	0.0	0.0	0.0	0.0	0.0
244	2.0	1.0	1.0	1.0	2.668	6.332	2.0
245	1.0	3.0	0.0	1.0	0.6660000000000004	5.334	1.0
246	2.0	0.0	1.0	0.0	2.068	3.932	1.0
247	0.0	0.0	0.0	0.0	0.0	0.0	0.0
248	0.0	0.0	0.0	0.0	0.0	0.0	0.0
249	1.0	4.0	1.0	2.0	1.9990000000000006	10.001	2.0
250	2.0	2.0	1.0	0.0	2.3360000000000003	6.664	1.0
251	3.0	1.0	1.0	1.0	4.0	8.0	2.0
252	1.0	2.0	0.0	0.0	1.0010000000000003	4.999	0.0
253	2.0	1.0	2.0	1.0	1.3330000000000002	4.667	2.0
254	2.0	0.0	2.0	0.0	2.0	4.0	2.0
255	2.0	1.0	2.0	0.0	3.0	6.0	2.0
256	1.0	0.0	1.0	0.0	0.3330000000000002	2.667	1.0
257	1.0	2.0	0.0	1.0	1.6660000000000004	7.334	1.0
258	3.0	0.0	2.0	0.0	3.0	6.0	2.0
259	2.0	1.0	1.0	0.0	1.6660000000000004	7.334	1.0
260	2.0	0.0	2.0	0.0	2.0	4.0	2.0
261	0.0	0.0	0.0	0.0	0.0	0.0	0.0
262	3.0	2.0	3.0	2.0	2.0010000000000003	6.999	3.0
263	1.0	0.0	1.0	0.0	1.0	2.0	1.0
264	0.0	0.0	0.0	0.0	0.0	0.0	0.0
265	2.0	0.0	2.0	0.0	2.0	4.0	2.0
266	2.0	0.0	2.0	0.0	2.0	4.0	2.0
267	3.0	0.0	2.0	0.0	3.0	6.0	2.0
268	0.0	2.0	0.0	0.0	0.3330000000000002	2.667	0.0
269	1.0	0.0	0.0	0.0	0.3330000000000002	2.667	0.0
270	2.0	2.0	2.0	0.0	1.6680000000000001	4.332	1.0
271	1.0	0.0	1.0	0.0	0.3330000000000002	2.667	1.0
272	2.0	0.0	2.0	0.0	1.3360000000000003	4.664	2.0
273	1.0	0.0	1.0	0.0	1.0	2.0	1.0
274	0.0	0.0	0.0	0.0	0.0	0.0	0.0
275	0.0	1.0	0.0	0.0	1.0	2.0	0.0
276	1.0	0.0	1.0	0.0	0.3330000000000002	2.667	1.0
277	1.0	0.0	1.0	0.0	0.3330000000000002	2.667	1.0
278	2.0	1.0	2.0	0.0	3.0	6.0	2.0
279	3.0	0.0	2.0	0.0	2.068	3.932	1.0
280	2.0	0.0	1.0	0.0	2.8	3.2	1.0
281	3.0	1.0	2.0	1.0	2.0010000000000003	6.999	2.0
282	4.0	0.0	2.0	0.0	3.668	8.332	2.0
283	2.0	2.0	1.0	0.0	2.333	6.667	1.0
284	1.0	1.0	0.0	0.0	0.6660000000000004	5.334	0.0
285	1.0	1.0	0.0	0.0	0.3330000000000002	2.667	0.0
286	1.0	2.0	1.0	0.0	2.333	6.667	1.0
287	0.0	1.0	0.0	0.0	0.3330000000000002	2.667	0.0
288	2.0	0.0	0.0	0.0	0.6660000000000004	5.334	0.0
289	0.0	3.0	0.0	2.0	0.6660000000000004	5.334	1.0
290	1.0	1.0	0.0	1.0	1.3330000000000002	4.667	1.0
291	1.0	0.0	1.0	0.0	1.4	1.6	1.0
292	2.0	1.0	2.0	1.0	1.6680000000000001	4.332	2.0
293	2.0	2.0	2.0	0.0	1.3320000000000007	10.668	2.0
294	2.0	0.0	2.0	0.0	1.6680000000000001	4.332	2.0
295	1.0	0.0	1.0	0.0	0.3330000000000002	2.667	1.0
296	2.0	1.0	1.0	1.0	3.0	6.0	2.0
297	2.0	3.0	0.0	0.0	1.3340000000000005	7.6659999999999995	0.0
298	2.0	2.0	2.0	0.0	2.6660000000000004	9.334	2.0
299	2.0	1.0	2.0	1.0	3.0	6.0	3.0
300	4.0	4.0	4.0	2.0	4.002000000000001	13.998000000000001	4.0
301	2.0	0.0	0.0	0.0	1.0	2.0	0.0
302	2.0	0.0	2.0	0.0	0.6660000000000004	5.334	2.0
303	1.0	1.0	0.0	0.0	0.6660000000000004	5.334	0.0
304	3.0	1.0	2.0	1.0	2.3360000000000003	9.664	3.0
305	1.0	3.0	0.0	2.0	2.333	6.667	2.0
306	1.0	3.0	1.0	2.0	1.6670000000000007	10.332999999999998	3.0
307	2.0	3.0	2.0	1.0	2.3340000000000005	9.666	3.0
308	1.0	0.0	1.0	0.0	1.0	2.0	1.0
309	0.0	0.0	0.0	0.0	0.0	0.0	0.0
310	1.0	0.0	0.0	0.0	0.3330000000000002	2.667	0.0
311	1.0	0.0	0.0	0.0	0.3330000000000002	2.667	0.0
312	1.0	2.0	1.0	1.0	2.668	6.332	2.0
313	1.0	1.0	1.0	0.0	2.4	3.6	1.0
314	3.0	0.0	1.0	0.0	3.8	5.2	1.0
315	2.0	0.0	1.0	0.0	2.0	4.0	1.0
316	2.0	0.0	0.0	0.0	2.0	4.0	0.0
317	1.0	0.0	0.0	0.0	0.3330000000000002	2.667	0.0
318	3.0	0.0	1.0	0.0	3.0	6.0	1.0
319	2.0	0.0	2.0	0.0	2.0	4.0	2.0
320	3.0	1.0	1.0	0.0	4.0	8.0	1.0
321	2.0	0.0	2.0	0.0	2.0	4.0	2.0
322	0.0	0.0	0.0	0.0	0.0	0.0	0.0
323	2.0	2.0	0.0	1.0	4.068	7.932	1.0
324	2.0	0.0	1.0	0.0	2.0	4.0	1.0
325	2.0	2.0	0.0	0.0	1.3330000000000002	4.667	0.0
326	1.0	3.0	0.0	3.0	3.333	8.667	3.0
327	1.0	0.0	1.0	0.0	0.3330000000000002	2.667	1.0
328	1.0	0.0	0.0	0.0	0.3330000000000002	2.667	0.0
329	2.0	2.0	2.0	1.0	1.3320000000000007	10.668	3.0
330	3.0	0.0	1.0	0.0	3.0	6.0	1.0
331	1.0	2.0	1.0	0.0	0.9990000000000006	8.001	1.0
332	0.0	0.0	0.0	0.0	0.0	0.0	0.0
333	1.0	4.0	0.0	2.0	1.9990000000000006	10.001	1.0
334	1.0	1.0	1.0	1.0	1.3330000000000002	4.667	2.0
335	1.0	2.0	0.0	0.0	3.0	6.0	0.0
336	1.0	0.0	1.0	0.0	1.0	2.0	1.0
337	3.0	1.0	2.0	0.0	1.6660000000000004	7.334	1.0
338	2.0	0.0	2.0	0.0	0.6660000000000004	5.334	2.0
339	1.0	0.0	0.0	0.0	0.3330000000000002	2.667	0.0
340	1.0	0.0	1.0	0.0	1.0	2.0	1.0
341	3.0	0.0	2.0	0.0	3.4	5.6	2.0
342	2.0	0.0	1.0	0.0	2.0	4.0	1.0
343	3.0	1.0	2.0	0.0	3.0	6.0	1.0
344	3.0	0.0	2.0	0.0	3.0	6.0	2.0
345	1.0	0.0	1.0	0.0	0.3330000000000002	2.667	1.0
346	2.0	0.0	1.0	0.0	0.6660000000000004	5.334	1.0
347	3.0	0.0	1.0	0.0	2.0	4.0	1.0
348	3.0	0.0	1.0	0.0	3.0	6.0	1.0
349	2.0	2.0	1.0	0.0	2.0	4.0	1.0
350	3.0	0.0	2.0	0.0	3.0	6.0	2.0
351	2.0	0.0	1.0	0.0	2.4	3.6	1.0
352	2.0	0.0	1.0	0.0	2.0	4.0	1.0
353	0.0	3.0	0.0	1.0	1.6660000000000004	7.334	1.0
354	2.0	0.0	2.0	0.0	2.0	4.0	2.0
355	1.0	0.0	0.0	0.0	0.3330000000000002	2.667	0.0
356	1.0	0.0	1.0	0.0	1.0	2.0	1.0
357	0.0	3.0	0.0	2.0	2.0010000000000003	6.999	2.0
358	1.0	0.0	1.0	0.0	0.3330000000000002	2.667	1.0
359	1.0	1.0	1.0	0.0	1.6680000000000001	4.332	1.0
360	1.0	0.0	1.0	0.0	0.3330000000000002	2.667	1.0
361	2.0	0.0	0.0	0.0	2.0	4.0	0.0
362	3.0	0.0	2.0	0.0	3.0	6.0	2.0
363	2.0	2.0	2.0	0.0	1.6680000000000001	7.332	1.0
364	2.0	0.0	1.0	0.0	2.0	4.0	1.0
365	2.0	0.0	1.0	0.0	0.6660000000000004	5.334	1.0
366	2.0	0.0	2.0	0.0	2.0	4.0	2.0
367	2.0	0.0	2.0	0.0	2.0	4.0	2.0
368	1.0	0.0	1.0	0.0	0.3330000000000002	2.667	1.0
369	1.0	0.0	1.0	0.0	1.4	1.6	1.0
370	1.0	0.0	1.0	0.0	1.4	1.6	1.0
371	1.0	0.0	1.0	0.0	0.3330000000000002	2.667	1.0
372	1.0	0.0	1.0	0.0	1.0	2.0	1.0
373	2.0	0.0	0.0	0.0	0.6660000000000004	5.334	0.0
374	0.0	0.0	0.0	0.0	0.0	0.0	0.0
375	1.0	0.0	1.0	0.0	0.3330000000000002	2.667	1.0
376	2.0	0.0	1.0	0.0	0.6660000000000004	5.334	1.0
377	1.0	0.0	1.0	0.0	1.0	2.0	1.0
378	2.0	2.0	2.0	0.0	3.0	6.0	2.0
379	2.0	0.0	1.0	0.0	2.0	4.0	1.0
380	1.0	0.0	0.0	0.0	0.3330000000000002	2.667	0.0
381	0.0	0.0	0.0	0.0	0.0	0.0	0.0
382	1.0	0.0	1.0	0.0	0.3330000000000002	2.667	1.0
383	0.0	0.0	0.0	0.0	0.0	0.0	0.0
384	0.0	0.0	0.0	0.0	0.0	0.0	0.0
385	4.0	0.0	2.0	0.0	3.3360000000000003	8.664	2.0
386	3.0	0.0	1.0	0.0	3.0	6.0	1.0
387	1.0	0.0	1.0	0.0	0.3330000000000002	2.667	1.0
388	1.0	2.0	0.0	0.0	1.3330000000000002	4.667	0.0
389	1.0	0.0	1.0	0.0	0.3330000000000002	2.667	1.0
390	0.0	0.0	0.0	0.0	0.0	0.0	0.0
391	0.0	2.0	0.0	2.0	0.6660000000000004	5.334	2.0
392	1.0	1.0	0.0	0.0	0.6660000000000004	5.334	0.0
393	0.0	0.0	0.0	0.0	0.0	0.0	0.0
394	1.0	1.0	1.0	1.0	0.6680000000000001	2.332	1.0
395	2.0	1.0	1.0	1.0	3.0	6.0	2.0
396	3.0	1.0	1.0	1.0	2.0	7.0	1.0
397	2.0	0.0	1.0	0.0	0.6660000000000004	5.334	1.0
398	1.0	0.0	1.0	0.0	1.0	2.0	1.0
399	0.0	2.0	0.0	1.0	0.6660000000000004	5.334	1.0
400	3.0	2.0	3.0	2.0	2.333	6.667	3.0
401	0.0	2.0	0.0	0.0	1.3330000000000002	4.667	0.0
402	2.0	0.0	1.0	0.0	2.0	4.0	1.0
403	0.0	0.0	0.0	0.0	0.0	0.0	0.0
404	2.0	0.0	1.0	0.0	2.0	4.0	1.0
405	0.0	4.0	0.0	2.0	1.9990000000000006	10.001	2.0
406	2.0	0.0	1.0	0.0	2.0	4.0	1.0
407	1.0	1.0	1.0	0.0	2.0	4.0	1.0
408	2.0	0.0	2.0	0.0	0.6660000000000004	5.334	2.0
409	5.0	0.0	4.0	0.0	2.3360000000000003	6.664	2.0
410	2.0	2.0	1.0	1.0	1.9990000000000006	10.001	2.0
411	1.0	0.0	1.0	0.0	1.0	2.0	1.0
412	2.0	4.0	1.0	2.0	3.668	8.332	2.0
413	1.0	2.0	1.0	1.0	1.6660000000000004	7.334	2.0
414	3.0	0.0	1.0	0.0	3.0	6.0	1.0
415	0.0	4.0	0.0	2.0	3.333	8.667	2.0
416	1.0	5.0	1.0	3.0	3.6720000000000006	11.328	3.0
417	1.0	0.0	1.0	0.0	1.0	2.0	1.0
418	2.0	4.0	1.0	3.0	1.9990000000000006	10.001	2.0
419	3.0	0.0	1.0	0.0	3.0	6.0	1.0
420	1.0	0.0	1.0	0.0	0.3330000000000002	2.667	1.0
421	0.0	2.0	0.0	1.0	0.6660000000000004	5.334	1.0
422	1.0	0.0	1.0	0.0	0.3330000000000002	2.667	1.0
423	2.0	1.0	1.0	1.0	0.6660000000000004	5.334	1.0
424	1.0	0.0	1.0	0.0	0.3330000000000002	2.667	1.0
425	2.0	0.0	2.0	0.0	2.0	4.0	2.0
426	2.0	0.0	2.0	0.0	0.6660000000000004	5.334	2.0
427	1.0	0.0	0.0	0.0	1.0	2.0	0.0
428	3.0	0.0	1.0	0.0	3.0	6.0	1.0
429	2.0	0.0	2.0	0.0	2.0	4.0	2.0
430	2.0	2.0	2.0	1.0	1.6660000000000004	7.334	2.0
431	0.0	3.0	0.0	1.0	0.6660000000000004	5.334	1.0
432	4.0	1.0	3.0	0.0	2.668	6.332	2.0
433	2.0	4.0	2.0	3.0	2.9990000000000006	12.001	4.0
434	0.0	1.0	0.0	1.0	1.0	2.0	1.0
435	3.0	1.0	2.0	1.0	4.0	8.0	3.0
436	2.0	0.0	1.0	0.0	2.4	3.6	1.0
437	0.0	0.0	0.0	0.0	0.0	0.0	0.0
438	0.0	1.0	0.0	1.0	0.6680000000000001	2.332	1.0
439	1.0	1.0	1.0	0.0	2.0	4.0	1.0
440	1.0	0.0	1.0	0.0	0.6680000000000001	2.332	1.0
441	3.0	3.0	1.0	2.0	3.333	8.667	2.0
442	2.0	0.0	1.0	0.0	0.6660000000000004	5.334	1.0
443	2.0	0.0	1.0	0.0	2.0	4.0	1.0
444	3.0	0.0	3.0	0.0	1.6680000000000001	4.332	2.0
445	2.0	1.0	1.0	0.0	0.9990000000000006	8.001	1.0
446	2.0	0.0	2.0	0.0	2.4	3.6	2.0
447	2.0	1.0	1.0	0.0	0.9990000000000006	8.001	1.0
448	0.0	0.0	0.0	0.0	0.0	0.0	0.0
449	0.0	0.0	0.0	0.0	0.0	0.0	0.0
450	2.0	1.0	1.0	1.0	1.3340000000000005	7.6659999999999995	2.0
451	1.0	1.0	1.0	0.0	0.6660000000000004	5.334	1.0
452	0.0	1.0	0.0	0.0	0.3330000000000002	2.667	0.0
453	2.0	0.0	0.0	0.0	0.6660000000000004	5.334	0.0
454	0.0	0.0	0.0	0.0	0.0	0.0	0.0
455	0.0	1.0	0.0	0.0	1.0	2.0	0.0
456	1.0	0.0	1.0	0.0	0.3330000000000002	2.667	1.0
457	2.0	1.0	2.0	0.0	2.3360000000000003	6.664	2.0
458	2.0	0.0	1.0	0.0	2.0	4.0	1.0
459	1.0	0.0	1.0	0.0	1.0	2.0	1.0
460	1.0	0.0	0.0	0.0	0.6680000000000001	2.332	0.0
461	2.0	0.0	2.0	0.0	2.0	4.0	2.0
462	1.0	0.0	0.0	0.0	0.6680000000000001	2.332	0.0
463	2.0	0.0	2.0	0.0	2.0	4.0	2.0
464	1.0	0.0	0.0	0.0	1.0	2.0	0.0
465	3.0	1.0	2.0	0.0	2.6660000000000004	9.334	2.0
466	4.0	2.0	2.0	0.0	3.3360000000000003	8.664	2.0
467	1.0	1.0	1.0	0.0	2.0	4.0	1.0
468	1.0	3.0	1.0	2.0	2.3340000000000005	9.666	3.0
469	2.0	1.0	2.0	0.0	0.9990000000000006	8.001	2.0
470	2.0	1.0	0.0	0.0	3.0	6.0	0.0
471	1.0	2.0	0.0	1.0	2.3360000000000003	6.664	1.0
472	0.0	1.0	0.0	0.0	0.3330000000000002	2.667	0.0
473	1.0	3.0	0.0	2.0	1.9990000000000006	10.001	2.0
474	2.0	0.0	2.0	0.0	2.4	3.6	2.0
475	2.0	0.0	2.0	0.0	2.0	4.0	2.0
476	1.0	1.0	1.0	0.0	2.0	4.0	1.0
477	1.0	2.0	1.0	1.0	3.0	6.0	2.0
478	1.0	0.0	1.0	0.0	0.3330000000000002	2.667	1.0
479	2.0	0.0	2.0	0.0	2.0	4.0	2.0
480	2.0	3.0	2.0	2.0	3.0	9.0	3.0
481	3.0	3.0	2.0	2.0	5.0	10.0	3.0
482	1.0	1.0	0.0	0.0	1.6680000000000001	4.332	0.0
483	1.0	2.0	0.0	0.0	1.3330000000000002	4.667	0.0
484	2.0	0.0	0.0	0.0	2.0	4.0	0.0
485	2.0	0.0	2.0	0.0	2.0	4.0	2.0
486	2.0	0.0	1.0	0.0	0.6660000000000004	5.334	1.0
487	2.0	1.0	0.0	0.0	2.0	4.0	0.0
488	2.0	0.0	1.0	0.0	2.0	4.0	1.0
489	2.0	0.0	1.0	0.0	2.0	4.0	1.0
490	1.0	0.0	1.0	0.0	1.0	2.0	1.0
491	3.0	1.0	2.0	0.0	4.8	7.2	2.0
492	2.0	0.0	1.0	0.0	2.0	4.0	1.0
493	2.0	0.0	2.0	0.0	2.0	4.0	2.0
494	2.0	0.0	2.0	0.0	0.6660000000000004	5.334	2.0
495	1.0	0.0	1.0	0.0	1.0	2.0	1.0
496	2.0	0.0	1.0	0.0	2.0	4.0	1.0
497	0.0	0.0	0.0	0.0	0.0	0.0	0.0
498	3.0	0.0	1.0	0.0	3.0	6.0	1.0
499	3.0	0.0	2.0	0.0	3.0	6.0	2.0
500	0.0	0.0	0.0	0.0	0.0	0.0	0.0
501	1.0	0.0	1.0	0.0	0.3330000000000002	2.667	1.0
502	0.0	0.0	0.0	0.0	0.0	0.0	0.0
503	2.0	0.0	1.0	0.0	2.0	4.0	1.0
504	2.0	0.0	1.0	0.0	2.0	4.0	1.0
505	1.0	0.0	0.0	0.0	1.0	2.0	0.0
506	2.0	0.0	1.0	0.0	2.0	4.0	1.0
507	1.0	2.0	0.0	0.0	2.0	4.0	0.0
508	1.0	0.0	1.0	0.0	0.3330000000000002	2.667	1.0
509	1.0	3.0	0.0	0.0	2.333	6.667	0.0
510	2.0	0.0	2.0	0.0	2.0	4.0	2.0
511	1.0	2.0	1.0	1.0	1.6680000000000001	7.332	2.0
512	0.0	0.0	0.0	0.0	0.0	0.0	0.0
513	2.0	1.0	1.0	0.0	3.0	6.0	1.0
514	1.0	0.0	0.0	0.0	1.0	2.0	0.0
515	2.0	0.0	1.0	0.0	1.3360000000000003	4.664	1.0
516	1.0	0.0	1.0	0.0	1.0	2.0	1.0
517	3.0	1.0	1.0	0.0	2.4	6.6	1.0
518	1.0	1.0	1.0	0.0	2.0	4.0	1.0
519	1.0	0.0	1.0	0.0	0.3330000000000002	2.667	1.0
520	0.0	0.0	0.0	0.0	0.0	0.0	0.0
521	0.0	1.0	0.0	0.0	0.6680000000000001	2.332	0.0
522	2.0	2.0	1.0	1.0	4.0	8.0	2.0
523	0.0	2.0	0.0	1.0	1.3330000000000002	4.667	1.0
524	3.0	0.0	2.0	0.0	3.0	6.0	2.0
525	1.0	0.0	1.0	0.0	1.4	1.6	1.0
526	1.0	2.0	1.0	0.0	0.3330000000000002	5.667	1.0
527	2.0	4.0	0.0	3.0	2.6660000000000004	9.334	2.0
528	2.0	1.0	1.0	0.0	1.6660000000000004	7.334	1.0
529	1.0	4.0	1.0	2.0	1.9990000000000006	10.001	2.0
530	0.0	1.0	0.0	1.0	1.0	2.0	1.0
531	1.0	1.0	1.0	1.0	1.6680000000000001	4.332	2.0
532	2.0	0.0	1.0	0.0	2.0	4.0	1.0
533	2.0	0.0	1.0	0.0	2.4	3.6	1.0
534	2.0	2.0	1.0	0.0	1.6660000000000004	7.334	1.0
535	2.0	3.0	1.0	1.0	5.4	9.6	2.0
536	2.0	3.0	2.0	2.0	3.333	8.667	3.0
537	2.0	1.0	1.0	0.0	2.0	4.0	1.0
538	2.0	1.0	1.0	0.0	2.4	6.6	1.0
539	1.0	4.0	1.0	3.0	2.3320000000000007	12.668	4.0
540	1.0	4.0	0.0	1.0	1.3330000000000002	7.667	1.0
541	0.0	0.0	0.0	0.0	0.0	0.0	0.0
542	0.0	2.0	0.0	2.0	0.6660000000000004	5.334	2.0
543	2.0	0.0	2.0	0.0	0.6660000000000004	5.334	2.0
544	0.0	0.0	0.0	0.0	0.0	0.0	0.0
545	1.0	1.0	0.0	0.0	2.4	3.6	0.0
546	1.0	2.0	0.0	0.0	0.3330000000000002	5.667	0.0
547	1.0	0.0	1.0	0.0	0.3330000000000002	2.667	1.0
548	2.0	0.0	1.0	0.0	2.4	3.6	1.0
549	1.0	0.0	0.0	0.0	0.3330000000000002	2.667	0.0
550	0.0	3.0	0.0	2.0	1.6660000000000004	7.334	2.0
551	1.0	0.0	1.0	0.0	1.0	2.0	1.0
552	0.0	0.0	0.0	0.0	0.0	0.0	0.0
553	0.0	0.0	0.0	0.0	0.0	0.0	0.0
554	1.0	1.0	1.0	0.0	1.3330000000000002	4.667	1.0
555	0.0	3.0	0.0	0.0	1.3330000000000002	4.667	0.0
556	0.0	0.0	0.0	0.0	0.0	0.0	0.0
557	1.0	0.0	0.0	0.0	0.3330000000000002	2.667	0.0
558	1.0	2.0	1.0	0.0	2.0040000000000004	6.9959999999999996	1.0
559	2.0	0.0	2.0	0.0	2.0	4.0	2.0
560	0.0	0.0	0.0	0.0	0.0	0.0	0.0
561	0.0	1.0	0.0	0.0	1.0	2.0	0.0
562	0.0	1.0	0.0	0.0	0.3330000000000002	2.667	0.0
563	0.0	0.0	0.0	0.0	0.0	0.0	0.0
564	3.0	1.0	1.0	0.0	4.0	8.0	1.0
565	3.0	0.0	1.0	0.0	3.0	6.0	1.0
566	3.0	3.0	2.0	1.0	2.6660000000000004	9.334	2.0
567	2.0	0.0	1.0	0.0	2.0	4.0	1.0
568	1.0	2.0	1.0	0.0	0.6660000000000004	5.334	1.0
569	0.0	1.0	0.0	1.0	1.0	2.0	1.0
570	1.0	2.0	1.0	0.0	2.0	7.0	1.0
571	2.0	1.0	1.0	0.0	3.0	6.0	1.0
572	0.0	0.0	0.0	0.0	0.0	0.0	0.0
573	2.0	0.0	1.0	0.0	2.0	4.0	1.0
574	1.0	1.0	1.0	0.0	2.068	3.932	1.0
575	1.0	3.0	1.0	1.0	1.6660000000000004	7.334	1.0
576	0.0	1.0	0.0	0.0	0.3330000000000002	2.667	0.0
577	3.0	0.0	1.0	0.0	3.0	6.0	1.0
578	1.0	2.0	0.0	1.0	1.6660000000000004	7.334	1.0
579	1.0	2.0	1.0	0.0	3.0	6.0	1.0
580	2.0	1.0	2.0	0.0	2.0040000000000004	6.9959999999999996	2.0
581	1.0	0.0	0.0	0.0	1.0	2.0	0.0
582	1.0	2.0	0.0	0.0	0.9990000000000006	8.001	0.0
583	0.0	4.0	0.0	2.0	0.6660000000000004	5.334	1.0
584	2.0	0.0	1.0	0.0	2.0	4.0	1.0
585	1.0	0.0	0.0	0.0	1.0	2.0	0.0
586	1.0	1.0	1.0	0.0	0.6680000000000001	5.332	1.0
587	1.0	0.0	1.0	0.0	0.3330000000000002	2.667	1.0
588	0.0	0.0	0.0	0.0	0.0	0.0	0.0
589	3.0	0.0	2.0	0.0	1.6680000000000001	4.332	1.0
590	1.0	1.0	0.0	1.0	1.6680000000000001	4.332	1.0
591	2.0	0.0	2.0	0.0	2.0	4.0	2.0
592	2.0	3.0	0.0	1.0	2.333	6.667	1.0
593	0.0	0.0	0.0	0.0	0.0	0.0	0.0
594	3.0	3.0	3.0	1.0	5.0	10.0	3.0
595	1.0	1.0	0.0	0.0	1.3330000000000002	4.667	0.0
596	0.0	2.0	0.0	0.0	0.6680000000000001	2.332	0.0
597	1.0	1.0	1.0	0.0	2.0	4.0	1.0
598	0.0	3.0	0.0	1.0	2.0010000000000003	6.999	1.0
599	2.0	0.0	1.0	0.0	2.0	4.0	1.0
600	3.0	1.0	2.0	0.0	4.136	7.864	2.0
601	1.0	1.0	0.0	0.0	0.6660000000000004	5.334	0.0
602	1.0	1.0	1.0	0.0	0.6660000000000004	5.334	1.0
603	3.0	0.0	2.0	0.0	2.668	6.332	2.0
604	1.0	5.0	1.0	4.0	5.0	10.0	4.0
605	0.0	0.0	0.0	0.0	0.0	0.0	0.0
606	0.0	0.0	0.0	0.0	0.0	0.0	0.0
607	1.0	1.0	0.0	0.0	2.0	4.0	0.0
608	1.0	0.0	1.0	0.0	0.3330000000000002	2.667	1.0
609	1.0	2.0	1.0	1.0	1.6660000000000004	7.334	2.0
610	1.0	1.0	0.0	0.0	1.3330000000000002	4.667	0.0
611	3.0	1.0	2.0	1.0	3.333	8.667	3.0
612	2.0	1.0	2.0	0.0	3.0	6.0	2.0
613	1.0	0.0	1.0	0.0	0.3330000000000002	2.667	1.0
614	1.0	1.0	0.0	0.0	1.0	2.0	0.0
615	1.0	0.0	1.0	0.0	0.3330000000000002	2.667	1.0
616	3.0	2.0	2.0	0.0	4.0	8.0	2.0
617	2.0	0.0	2.0	0.0	0.6660000000000004	5.334	2.0
618	2.0	0.0	2.0	0.0	2.0	4.0	2.0
619	2.0	0.0	2.0	0.0	2.0	4.0	2.0
620	1.0	3.0	0.0	0.0	1.3340000000000005	7.6659999999999995	0.0
621	2.0	2.0	1.0	0.0	3.0	6.0	1.0
622	2.0	0.0	1.0	0.0	1.6680000000000001	4.332	1.0
623	1.0	2.0	0.0	1.0	0.6660000000000004	5.334	1.0
624	2.0	1.0	2.0	0.0	0.9990000000000006	8.001	2.0
625	1.0	1.0	0.0	0.0	1.0	5.0	0.0
626	1.0	1.0	0.0	1.0	0.6660000000000004	5.334	1.0
627	2.0	1.0	2.0	0.0	3.0	6.0	2.0
628	1.0	2.0	0.0	2.0	2.0010000000000003	6.999	2.0
629	1.0	1.0	0.0	1.0	1.3330000000000002	4.667	1.0
630	3.0	0.0	1.0	0.0	3.068	5.932	1.0
631	2.0	1.0	2.0	0.0	2.0010000000000003	6.999	2.0
632	1.0	0.0	0.0	0.0	0.3330000000000002	2.667	0.0
633	0.0	0.0	0.0	0.0	0.0	0.0	0.0
634	2.0	0.0	2.0	0.0	2.0	4.0	2.0
635	0.0	1.0	0.0	0.0	1.0	2.0	0.0
636	2.0	1.0	0.0	0.0	2.333	6.667	0.0
637	0.0	0.0	0.0	0.0	0.0	0.0	0.0
638	3.0	0.0	3.0	0.0	3.0	6.0	3.0
639	0.0	0.0	0.0	0.0	0.0	0.0	0.0
640	2.0	0.0	1.0	0.0	2.0	4.0	1.0
641	1.0	0.0	1.0	0.0	1.0	2.0	1.0
642	3.0	0.0	2.0	0.0	1.6680000000000001	4.332	1.0
643	1.0	0.0	1.0	0.0	0.3330000000000002	2.667	1.0
644	0.0	0.0	0.0	0.0	0.0	0.0	0.0
645	1.0	1.0	1.0	0.0	2.0	4.0	1.0
646	1.0	0.0	0.0	0.0	1.0	2.0	0.0
647	3.0	0.0	2.0	0.0	3.0	6.0	2.0
648	1.0	0.0	1.0	0.0	0.3330000000000002	2.667	1.0
649	2.0	0.0	1.0	0.0	2.0	4.0	1.0
650	1.0	1.0	0.0	1.0	1.4	4.6	1.0
651	1.0	0.0	0.0	0.0	1.0	2.0	0.0
652	1.0	4.0	1.0	1.0	2.6690000000000005	9.331	2.0
653	3.0	0.0	1.0	0.0	2.668	6.332	1.0
654	3.0	1.0	3.0	1.0	3.0	6.0	3.0
655	0.0	3.0	0.0	1.0	1.6680000000000001	7.332	1.0
656	2.0	2.0	1.0	0.0	2.333	6.667	1.0
657	2.0	2.0	1.0	0.0	1.6660000000000004	7.334	1.0
658	3.0	1.0	2.0	0.0	2.6660000000000004	9.334	2.0
659	2.0	2.0	0.0	0.0	0.6660000000000004	5.334	0.0
660	1.0	2.0	1.0	0.0	2.4010000000000002	6.599	1.0
661	2.0	2.0	0.0	0.0	1.6670000000000007	10.332999999999998	0.0
662	1.0	3.0	0.0	1.0	2.0010000000000003	6.999	1.0
663	0.0	4.0	0.0	0.0	0.6660000000000004	8.334	0.0
664	2.0	3.0	1.0	0.0	3.733	8.267	1.0
665	3.0	2.0	2.0	0.0	1.3320000000000007	10.668	2.0
666	0.0	2.0	0.0	0.0	1.0010000000000003	4.999	0.0
667	0.0	2.0	0.0	0.0	1.3330000000000002	4.667	0.0
668	1.0	2.0	1.0	0.0	0.3330000000000002	5.667	1.0
669	1.0	3.0	1.0	2.0	1.9990000000000006	10.001	3.0
670	2.0	2.0	1.0	1.0	3.801	8.199	2.0
671	1.0	2.0	0.0	0.0	2.4	3.6	0.0
672	1.0	2.0	1.0	1.0	2.0010000000000003	6.999	2.0
673	1.0	5.0	1.0	2.0	3.3340000000000005	11.666	3.0
674	1.0	0.0	1.0	0.0	0.3330000000000002	2.667	1.0
675	1.0	2.0	1.0	2.0	1.0	2.0	1.0
676	0.0	5.0	0.0	4.0	1.9990000000000006	10.001	3.0
677	2.0	3.0	2.0	2.0	2.333	6.667	2.0
678	0.0	1.0	0.0	1.0	0.3330000000000002	2.667	1.0
679	2.0	2.0	2.0	1.0	4.0	8.0	3.0
680	0.0	0.0	0.0	0.0	0.0	0.0	0.0
681	0.0	1.0	0.0	1.0	0.6680000000000001	2.332	1.0
682	1.0	3.0	0.0	2.0	1.6660000000000004	7.334	1.0
683	0.0	5.0	0.0	3.0	2.9990000000000006	12.001	3.0
684	4.0	2.0	2.0	1.0	1.9990000000000006	10.001	2.0
685	2.0	1.0	0.0	0.0	0.3330000000000002	2.667	0.0
686	1.0	2.0	0.0	0.0	0.3330000000000002	2.667	0.0
687	0.0	2.0	0.0	0.0	1.3330000000000002	4.667	0.0
688	2.0	2.0	1.0	0.0	2.3360000000000003	6.664	1.0
689	1.0	1.0	0.0	1.0	1.0010000000000003	4.999	1.0
690	0.0	0.0	0.0	0.0	0.0	0.0	0.0
691	0.0	0.0	0.0	0.0	0.0	0.0	0.0
692	0.0	0.0	0.0	0.0	0.0	0.0	0.0
693	0.0	0.0	0.0	0.0	0.0	0.0	0.0
694	0.0	2.0	0.0	2.0	2.0	4.0	2.0
695	0.0	2.0	0.0	2.0	0.3330000000000002	2.667	1.0
696	1.0	2.0	1.0	2.0	1.3330000000000002	4.667	2.0
697	1.0	2.0	1.0	2.0	2.0	4.0	2.0
698	1.0	2.0	1.0	2.0	2.0	4.0	2.0
699	1.0	1.0	1.0	1.0	1.0	2.0	1.0
700	1.0	0.0	1.0	0.0	1.0	2.0	1.0
701	1.0	0.0	1.0	0.0	1.0	2.0	1.0
702	0.0	0.0	0.0	0.0	0.0	0.0	0.0
703	0.0	0.0	0.0	0.0	0.0	0.0	0.0
704	1.0	0.0	1.0	0.0	1.0	2.0	1.0
705	1.0	0.0	1.0	0.0	1.0	2.0	1.0
706	0.0	0.0	0.0	0.0	0.0	0.0	0.0
707	1.0	2.0	1.0	2.0	1.3330000000000002	4.667	2.0
708	1.0	3.0	1.0	1.0	2.6660000000000004	9.334	2.0
709	2.0	0.0	2.0	0.0	2.0	4.0	2.0
710	2.0	4.0	1.0	2.0	2.6660000000000004	9.334	2.0
711	2.0	4.0	2.0	2.0	3.6690000000000005	11.331	3.0
712	2.0	4.0	1.0	3.0	5.0	10.0	3.0
713	2.0	3.0	2.0	0.0	3.3360000000000003	8.664	2.0
714	3.0	2.0	1.0	0.0	3.0	6.0	1.0
715	2.0	1.0	1.0	0.0	3.0	6.0	1.0
716	3.0	4.0	2.0	2.0	3.9990000000000006	14.001	3.0
717	0.0	3.0	0.0	1.0	1.3330000000000002	4.667	1.0
718	1.0	3.0	0.0	0.0	2.668	6.332	0.0
719	2.0	0.0	1.0	0.0	2.0	4.0	1.0
720	1.0	1.0	0.0	0.0	2.0	4.0	0.0
721	1.0	2.0	1.0	0.0	1.3330000000000002	4.667	1.0
722	1.0	0.0	0.0	0.0	0.3330000000000002	2.667	0.0
723	4.0	0.0	2.0	0.0	4.068	7.932	2.0
724	1.0	2.0	1.0	1.0	2.0	4.0	1.0
725	2.0	2.0	1.0	0.0	2.333	6.667	1.0
726	1.0	5.0	0.0	1.0	2.7340000000000004	12.266	1.0
727	2.0	2.0	1.0	1.0	3.0	6.0	1.0
728	2.0	4.0	1.0	2.0	3.0010000000000003	8.998999999999999	2.0
729	3.0	4.0	2.0	3.0	4.333	10.667	3.0
730	2.0	3.0	1.0	2.0	5.0	10.0	3.0
731	2.0	2.0	2.0	1.0	3.333	8.667	3.0
732	1.0	0.0	1.0	0.0	1.0	2.0	1.0
733	1.0	4.0	0.0	3.0	3.6660000000000004	11.334	3.0
734	2.0	2.0	1.0	0.0	3.0	6.0	1.0
735	2.0	5.0	0.0	1.0	3.6660000000000004	11.334	1.0
736	1.0	2.0	0.0	0.0	1.3330000000000002	4.667	0.0
737	2.0	2.0	1.0	2.0	3.0	6.0	2.0
738	3.0	3.0	1.0	2.0	3.333	8.667	1.0
739	2.0	1.0	2.0	0.0	2.068	3.932	1.0
740	5.0	0.0	4.0	0.0	4.336	10.664	4.0
741	1.0	2.0	0.0	0.0	2.0	4.0	0.0
742	0.0	2.0	0.0	0.0	0.6660000000000004	5.334	0.0
743	2.0	1.0	0.0	0.0	0.9990000000000006	8.001	0.0
744	2.0	3.0	2.0	0.0	2.6660000000000004	9.334	2.0
745	2.0	3.0	1.0	2.0	2.0	4.0	1.0
746	2.0	2.0	1.0	0.0	2.333	6.667	1.0
747	2.0	2.0	0.0	0.0	2.668	6.332	0.0
748	1.0	3.0	1.0	1.0	2.0	4.0	1.0
749	2.0	1.0	1.0	0.0	1.3330000000000002	4.667	1.0
750	2.0	1.0	0.0	0.0	1.3330000000000002	4.667	0.0
751	1.0	2.0	1.0	0.0	1.3330000000000002	4.667	1.0
752	2.0	3.0	1.0	2.0	3.333	8.667	2.0
753	1.0	2.0	0.0	1.0	2.333	6.667	1.0
754	0.0	1.0	0.0	1.0	1.0	2.0	1.0
755	0.0	2.0	0.0	2.0	2.0	4.0	2.0
756	1.0	0.0	1.0	0.0	1.0	2.0	1.0
757	1.0	0.0	1.0	0.0	1.0	2.0	1.0
758	0.0	0.0	0.0	0.0	0.0	0.0	0.0
759	1.0	0.0	1.0	0.0	1.0	2.0	1.0
760	1.0	1.0	1.0	1.0	1.0	2.0	1.0
761	0.0	0.0	0.0	0.0	0.0	0.0	0.0
762	0.0	1.0	0.0	1.0	0.6680000000000001	2.332	1.0
763	1.0	1.0	1.0	1.0	0.3330000000000002	2.667	1.0
764	1.0	0.0	1.0	0.0	1.0	2.0	1.0
765	1.0	2.0	1.0	2.0	1.0	5.0	2.0
766	1.0	0.0	1.0	0.0	1.0	2.0	1.0
767	1.0	0.0	1.0	0.0	1.0	2.0	1.0
768	1.0	2.0	1.0	2.0	1.3330000000000002	4.667	2.0
769	1.0	1.0	1.0	1.0	1.0	2.0	1.0
770	0.0	1.0	0.0	1.0	1.0	2.0	1.0
771	1.0	2.0	1.0	2.0	0.3330000000000002	2.667	1.0
772	0.0	2.0	0.0	2.0	0.6660000000000004	5.334	2.0
773	0.0	2.0	0.0	2.0	0.3330000000000002	2.667	1.0
774	1.0	0.0	1.0	0.0	1.0	2.0	1.0
775	0.0	0.0	0.0	0.0	0.0	0.0	0.0
776	0.0	0.0	0.0	0.0	0.0	0.0	0.0
777	0.0	0.0	0.0	0.0	0.0	0.0	0.0
778	2.0	0.0	2.0	0.0	1.0	2.0	1.0
779	0.0	0.0	0.0	0.0	0.0	0.0	0.0
780	1.0	0.0	1.0	0.0	1.0	2.0	1.0
781	0.0	0.0	0.0	0.0	0.0	0.0	0.0
782	0.0	0.0	0.0	0.0	0.0	0.0	0.0
783	1.0	0.0	1.0	0.0	1.0	2.0	1.0
784	1.0	1.0	1.0	1.0	1.0	2.0	1.0
785	1.0	0.0	1.0	0.0	1.0	2.0	1.0
786	1.0	0.0	1.0	0.0	1.0	2.0	1.0
787	0.0	1.0	0.0	1.0	0.3330000000000002	2.667	1.0
788	1.0	0.0	1.0	0.0	1.0	2.0	1.0
789	1.0	2.0	1.0	2.0	1.3330000000000002	4.667	2.0
790	1.0	0.0	1.0	0.0	1.4	1.6	1.0
791	1.0	0.0	1.0	0.0	1.0	2.0	1.0
792	0.0	0.0	0.0	0.0	0.0	0.0	0.0
793	1.0	0.0	1.0	0.0	1.4	1.6	1.0
794	1.0	0.0	1.0	0.0	1.4	1.6	1.0
795	0.0	0.0	0.0	0.0	0.0	0.0	0.0
796	1.0	0.0	1.0	0.0	1.0	2.0	1.0
797	1.0	0.0	1.0	0.0	0.3330000000000002	2.667	1.0
798	1.0	1.0	1.0	1.0	0.3330000000000002	2.667	1.0
799	1.0	0.0	1.0	0.0	0.6680000000000001	2.332	1.0
800	1.0	0.0	1.0	0.0	1.0	2.0	1.0
801	1.0	0.0	1.0	0.0	1.0	2.0	1.0
802	1.0	2.0	1.0	2.0	1.3330000000000002	4.667	2.0
803	1.0	1.0	1.0	1.0	1.0	2.0	1.0
804	1.0	1.0	1.0	1.0	1.6680000000000001	4.332	2.0
805	0.0	0.0	0.0	0.0	0.0	0.0	0.0
806	1.0	1.0	1.0	1.0	2.0	4.0	2.0
807	0.0	0.0	0.0	0.0	0.0	0.0	0.0
808	1.0	0.0	1.0	0.0	1.0	2.0	1.0
809	0.0	0.0	0.0	0.0	0.0	0.0	0.0
810	1.0	0.0	1.0	0.0	1.0	2.0	1.0
811	0.0	2.0	0.0	2.0	1.6680000000000001	4.332	2.0
812	1.0	0.0	1.0	0.0	1.0	2.0	1.0
813	1.0	2.0	1.0	2.0	0.6680000000000001	2.332	1.0
814	0.0	3.0	0.0	3.0	1.3330000000000002	4.667	2.0
815	0.0	3.0	0.0	3.0	1.3330000000000002	4.667	2.0
816	1.0	2.0	1.0	2.0	2.0	4.0	2.0
817	1.0	2.0	1.0	2.0	1.3330000000000002	4.667	2.0
818	0.0	2.0	0.0	2.0	1.0	2.0	1.0
819	0.0	0.0	0.0	0.0	0.0	0.0	0.0
820	0.0	0.0	0.0	0.0	0.0	0.0	0.0
821	0.0	0.0	0.0	0.0	0.0	0.0	0.0
