pos	Sd	Nd	Sd_tip	Nd_tip	S	N	comparisons
001	0.0	0.0	0.0	0.0	0.0	0.0	0.0
002	0.0	0.0	0.0	0.0	0.0	0.0	0.0
003	1.0	2.0	1.0	2.0	0.0	3.0	1.0
004	0.0	5.0	0.0	4.0	2.6660000000000004	9.334	3.0
005	1.0	2.0	0.0	0.0	1.3330000000000002	4.667	0.0
006	3.0	3.0	1.0	1.0	4.333	10.667	2.0
007	3.0	4.0	1.0	2.0	4.001	10.998999999999999	2.0
008	3.0	3.0	2.0	2.0	3.333	8.667	2.0
009	1.0	4.0	0.0	3.0	4.333	10.667	3.0
010	2.0	0.0	2.0	0.0	0.6680000000000001	2.332	1.0
011	0.0	2.0	0.0	0.0	2.0	4.0	0.0
012	1.0	0.0	0.0	0.0	0.3330000000000002	2.667	0.0
013	2.0	0.0	1.0	0.0	2.0	4.0	1.0
014	1.0	0.0	1.0	0.0	1.0	2.0	1.0
015	1.0	2.0	1.0	2.0	0.3330000000000002	2.667	1.0
016	1.0	0.0	0.0	0.0	0.3330000000000002	2.667	0.0
017	1.0	0.0	1.0	0.0	0.3330000000000002	2.667	1.0
018	2.0	3.0	1.0	2.0	2.0010000000000003	6.999	1.0
019	1.0	0.0	0.0	0.0	1.0	2.0	0.0
020	2.0	0.0	1.0	0.0	2.0	4.0	1.0
021	3.0	0.0	2.0	0.0	1.6680000000000001	4.332	1.0
022	1.0	0.0	1.0	0.0	1.0	2.0	1.0
023	2.0	0.0	2.0	0.0	2.0	4.0	2.0
024	2.0	0.0	1.0	0.0	2.0	4.0	1.0
025	1.0	0.0	1.0	0.0	1.0	2.0	1.0
026	1.0	3.0	0.0	2.0	2.333	6.667	1.0
027	1.0	0.0	1.0	0.0	1.0	2.0	1.0
028	1.0	0.0	1.0	0.0	1.0	2.0	1.0
029	1.0	0.0	1.0	0.0	1.0	2.0	1.0
030	2.0	0.0	1.0	0.0	2.4	3.6	1.0
031	3.0	0.0	1.0	0.0	3.068	5.932	1.0
032	0.0	0.0	0.0	0.0	0.0	0.0	0.0
033	2.0	0.0	1.0	0.0	2.0	4.0	1.0
034	2.0	0.0	1.0	0.0	1.6680000000000001	4.332	1.0
035	0.0	0.0	0.0	0.0	0.0	0.0	0.0
036	1.0	0.0	1.0	0.0	0.6680000000000001	2.332	1.0
037	2.0	0.0	2.0	0.0	2.4	3.6	2.0
038	1.0	0.0	0.0	0.0	0.3330000000000002	2.667	0.0
039	2.0	0.0	1.0	0.0	2.0	4.0	1.0
040	1.0	0.0	0.0	0.0	1.0	2.0	0.0
041	1.0	0.0	1.0	0.0	1.0	2.0	1.0
042	1.0	0.0	1.0	0.0	0.3330000000000002	2.667	1.0
043	1.0	0.0	1.0	0.0	0.3330000000000002	2.667	1.0
044	1.0	0.0	1.0	0.0	1.0	2.0	1.0
045	2.0	0.0	2.0	0.0	2.0	4.0	2.0
046	1.0	0.0	0.0	0.0	0.3330000000000002	2.667	0.0
047	1.0	0.0	1.0	0.0	1.0	2.0	1.0
048	1.0	0.0	1.0	0.0	1.0	2.0	1.0
049	2.0	0.0	2.0	0.0	2.4	3.6	2.0
050	3.0	4.0	1.0	3.0	5.0	13.0	3.0
051	2.0	0.0	1.0	0.0	2.0	4.0	1.0
052	0.0	1.0	0.0	1.0	1.0	2.0	1.0
053	3.0	0.0	2.0	0.0	1.6680000000000001	4.332	1.0
054	0.0	4.0	0.0	2.0	1.3340000000000005	7.6659999999999995	1.0
055	3.0	1.0	2.0	0.0	1.3320000000000007	10.668	2.0
056	3.0	0.0	2.0	0.0	3.0	6.0	2.0
057	1.0	0.0	1.0	0.0	1.0	2.0	1.0
058	3.0	0.0	2.0	0.0	3.0	6.0	2.0
059	2.0	1.0	1.0	0.0	3.0	6.0	1.0
060	2.0	0.0	1.0	0.0	2.0	4.0	1.0
061	0.0	2.0	0.0	1.0	0.6660000000000004	5.334	1.0
062	2.0	0.0	2.0	0.0	0.6660000000000004	5.334	2.0
063	1.0	2.0	0.0	1.0	1.6690000000000005	7.3309999999999995	1.0
064	1.0	1.0	1.0	1.0	1.3330000000000002	4.667	2.0
065	4.0	0.0	2.0	0.0	4.0	8.0	2.0
066	1.0	0.0	1.0	0.0	1.0	2.0	1.0
067	0.0	0.0	0.0	0.0	0.0	0.0	0.0
068	2.0	0.0	1.0	0.0	2.0	4.0	1.0
069	2.0	0.0	2.0	0.0	2.0	4.0	2.0
070	1.0	0.0	1.0	0.0	1.0	2.0	1.0
071	2.0	0.0	2.0	0.0	2.0	4.0	2.0
072	3.0	0.0	1.0	0.0	3.0	6.0	1.0
073	3.0	0.0	2.0	0.0	3.0	6.0	2.0
074	3.0	1.0	2.0	0.0	4.0	8.0	2.0
075	2.0	0.0	1.0	0.0	1.6680000000000001	4.332	1.0
076	3.0	0.0	2.0	0.0	1.6680000000000001	4.332	1.0
077	2.0	0.0	1.0	0.0	2.0	4.0	1.0
078	1.0	0.0	1.0	0.0	1.0	2.0	1.0
079	2.0	1.0	2.0	1.0	1.733	4.2669999999999995	2.0
080	1.0	0.0	1.0	0.0	1.0	2.0	1.0
081	1.0	0.0	1.0	0.0	1.0	2.0	1.0
082	2.0	0.0	2.0	0.0	2.0	4.0	2.0
083	1.0	0.0	0.0	0.0	1.4	1.6	0.0
084	1.0	0.0	1.0	0.0	0.3330000000000002	2.667	1.0
085	0.0	0.0	0.0	0.0	0.0	0.0	0.0
086	3.0	0.0	1.0	0.0	3.0	6.0	1.0
087	2.0	1.0	1.0	0.0	3.0	6.0	1.0
088	0.0	0.0	0.0	0.0	0.0	0.0	0.0
089	2.0	0.0	2.0	0.0	0.6660000000000004	5.334	2.0
090	2.0	1.0	1.0	1.0	3.0	6.0	2.0
091	0.0	1.0	0.0	1.0	0.3330000000000002	2.667	1.0
092	1.0	0.0	1.0	0.0	1.0	2.0	1.0
093	1.0	2.0	0.0	2.0	0.9990000000000006	8.001	2.0
094	0.0	2.0	0.0	1.0	0.6660000000000004	5.334	1.0
095	2.0	0.0	1.0	0.0	2.0	4.0	1.0
096	1.0	1.0	0.0	0.0	2.0	4.0	0.0
097	1.0	1.0	1.0	1.0	0.3330000000000002	2.667	1.0
098	3.0	1.0	2.0	1.0	3.668	8.332	3.0
099	1.0	3.0	0.0	2.0	2.333	6.667	2.0
100	3.0	0.0	3.0	0.0	3.0	6.0	3.0
101	3.0	0.0	2.0	0.0	1.6680000000000001	4.332	1.0
102	2.0	0.0	1.0	0.0	2.0	4.0	1.0
103	1.0	2.0	1.0	1.0	1.6660000000000004	7.334	2.0
104	1.0	2.0	1.0	2.0	1.6660000000000004	7.334	3.0
105	2.0	3.0	2.0	3.0	1.3330000000000002	4.667	2.0
106	0.0	0.0	0.0	0.0	0.0	0.0	0.0
107	1.0	1.0	0.0	0.0	1.0	2.0	0.0
108	1.0	3.0	1.0	3.0	1.3330000000000002	4.667	2.0
109	3.0	3.0	2.0	2.0	4.3340000000000005	13.666	4.0
110	3.0	3.0	2.0	2.0	2.0	7.0	2.0
111	3.0	2.0	1.0	0.0	4.0	8.0	1.0
112	2.0	0.0	2.0	0.0	0.6660000000000004	5.334	2.0
113	2.0	0.0	1.0	0.0	2.0	4.0	1.0
114	2.0	0.0	1.0	0.0	2.0	4.0	1.0
115	2.0	0.0	1.0	0.0	2.0	4.0	1.0
116	4.0	0.0	2.0	0.0	2.3360000000000003	6.664	1.0
117	1.0	0.0	1.0	0.0	1.0	2.0	1.0
118	4.0	1.0	4.0	1.0	4.0	8.0	4.0
119	1.0	0.0	0.0	0.0	1.0	2.0	0.0
120	3.0	2.0	2.0	1.0	3.0	6.0	2.0
121	2.0	2.0	1.0	2.0	1.3330000000000002	4.667	1.0
122	2.0	2.0	2.0	1.0	3.0	9.0	3.0
123	2.0	1.0	2.0	1.0	2.0	4.0	2.0
124	1.0	0.0	1.0	0.0	0.3330000000000002	2.667	1.0
125	3.0	0.0	3.0	0.0	3.4	5.6	3.0
126	2.0	2.0	1.0	2.0	2.668	9.332	3.0
127	1.0	1.0	1.0	1.0	1.0	2.0	1.0
128	1.0	0.0	1.0	0.0	1.0	2.0	1.0
129	0.0	1.0	0.0	0.0	1.0	2.0	0.0
130	2.0	2.0	0.0	2.0	4.0	8.0	2.0
131	1.0	0.0	0.0	0.0	1.0	2.0	0.0
132	3.0	0.0	2.0	0.0	2.3360000000000003	6.664	2.0
133	2.0	0.0	1.0	0.0	2.0	4.0	1.0
134	0.0	1.0	0.0	1.0	1.0	2.0	1.0
135	1.0	0.0	0.0	0.0	1.0	2.0	0.0
136	0.0	0.0	0.0	0.0	0.0	0.0	0.0
137	0.0	0.0	0.0	0.0	0.0	0.0	0.0
138	3.0	0.0	1.0	0.0	3.0	6.0	1.0
139	3.0	0.0	2.0	0.0	1.6680000000000001	4.332	1.0
140	0.0	0.0	0.0	0.0	0.0	0.0	0.0
141	3.0	0.0	1.0	0.0	3.0	6.0	1.0
142	3.0	0.0	2.0	0.0	2.3360000000000003	6.664	2.0
143	2.0	0.0	1.0	0.0	2.0	4.0	1.0
144	2.0	1.0	0.0	1.0	2.668	6.332	1.0
145	3.0	0.0	2.0	0.0	2.0040000000000004	6.9959999999999996	2.0
146	1.0	0.0	0.0	0.0	0.3330000000000002	2.667	0.0
147	1.0	0.0	1.0	0.0	1.0	2.0	1.0
148	2.0	0.0	1.0	0.0	2.0	4.0	1.0
149	2.0	0.0	2.0	0.0	0.6660000000000004	5.334	2.0
150	1.0	0.0	0.0	0.0	0.3330000000000002	2.667	0.0
151	2.0	0.0	1.0	0.0	2.0	4.0	1.0
152	1.0	2.0	1.0	2.0	0.9990000000000006	8.001	3.0
153	1.0	1.0	1.0	1.0	1.0	5.0	2.0
154	1.0	0.0	1.0	0.0	0.3330000000000002	2.667	1.0
155	2.0	0.0	1.0	0.0	2.0	4.0	1.0
156	0.0	0.0	0.0	0.0	0.0	0.0	0.0
157	2.0	1.0	1.0	1.0	1.6660000000000004	7.334	2.0
158	3.0	0.0	2.0	0.0	3.0	6.0	2.0
159	2.0	1.0	1.0	0.0	2.4	3.6	1.0
160	3.0	1.0	3.0	1.0	2.668	6.332	3.0
161	2.0	1.0	2.0	1.0	2.333	6.667	3.0
162	2.0	0.0	1.0	0.0	2.0	4.0	1.0
163	2.0	0.0	1.0	0.0	2.0	4.0	1.0
164	1.0	2.0	1.0	1.0	1.3330000000000002	4.667	1.0
165	1.0	0.0	1.0	0.0	0.3330000000000002	2.667	1.0
166	3.0	0.0	2.0	0.0	2.0040000000000004	6.9959999999999996	2.0
167	1.0	0.0	0.0	0.0	0.3330000000000002	2.667	0.0
168	2.0	1.0	1.0	1.0	1.3360000000000003	4.664	1.0
169	1.0	2.0	1.0	2.0	1.3330000000000002	4.667	2.0
170	1.0	1.0	1.0	1.0	1.0	2.0	1.0
171	0.0	0.0	0.0	0.0	0.0	0.0	0.0
172	2.0	1.0	1.0	1.0	1.733	4.2669999999999995	1.0
173	2.0	0.0	1.0	0.0	2.0	4.0	1.0
174	2.0	0.0	1.0	0.0	2.0	4.0	1.0
175	0.0	0.0	0.0	0.0	0.0	0.0	0.0
176	1.0	0.0	0.0	0.0	0.3330000000000002	2.667	0.0
177	2.0	1.0	1.0	1.0	3.0	6.0	2.0
178	0.0	0.0	0.0	0.0	0.0	0.0	0.0
179	1.0	0.0	1.0	0.0	0.3330000000000002	2.667	1.0
180	0.0	0.0	0.0	0.0	0.0	0.0	0.0
181	2.0	0.0	2.0	0.0	2.0	4.0	2.0
182	2.0	0.0	1.0	0.0	2.0	4.0	1.0
183	2.0	0.0	1.0	0.0	2.0	4.0	1.0
184	2.0	0.0	1.0	0.0	2.0	4.0	1.0
185	0.0	0.0	0.0	0.0	0.0	0.0	0.0
186	0.0	0.0	0.0	0.0	0.0	0.0	0.0
187	1.0	0.0	1.0	0.0	1.0	2.0	1.0
188	1.0	0.0	0.0	0.0	1.0	2.0	0.0
189	1.0	0.0	1.0	0.0	0.3330000000000002	2.667	1.0
190	2.0	0.0	0.0	0.0	2.0	4.0	0.0
191	0.0	0.0	0.0	0.0	0.0	0.0	0.0
192	0.0	0.0	0.0	0.0	0.0	0.0	0.0
193	1.0	0.0	1.0	0.0	0.3330000000000002	2.667	1.0
194	1.0	0.0	1.0	0.0	1.0	2.0	1.0
195	5.0	0.0	3.0	0.0	3.736	8.264	2.0
196	1.0	0.0	1.0	0.0	0.3330000000000002	2.667	1.0
197	1.0	0.0	1.0	0.0	0.3330000000000002	2.667	1.0
198	2.0	0.0	2.0	0.0	0.6660000000000004	5.334	2.0
199	3.0	0.0	3.0	0.0	1.6680000000000001	4.332	2.0
200	4.0	0.0	2.0	0.0	3.068	5.932	1.0
201	1.0	0.0	0.0	0.0	0.3330000000000002	2.667	0.0
202	1.0	1.0	1.0	1.0	1.0010000000000003	4.999	2.0
203	3.0	0.0	1.0	0.0	3.0	6.0	1.0
204	2.0	1.0	1.0	1.0	2.4	6.6	2.0
205	2.0	0.0	1.0	0.0	0.6660000000000004	5.334	1.0
206	1.0	2.0	0.0	2.0	1.6660000000000004	7.334	2.0
207	2.0	1.0	1.0	1.0	2.068	3.932	1.0
208	1.0	2.0	1.0	2.0	2.0	4.0	2.0
209	1.0	3.0	0.0	2.0	1.3330000000000002	4.667	1.0
210	2.0	3.0	2.0	1.0	1.9990000000000006	10.001	2.0
211	1.0	4.0	1.0	3.0	1.3340000000000005	7.6659999999999995	2.0
212	1.0	2.0	1.0	0.0	2.333	6.667	1.0
213	1.0	2.0	0.0	1.0	1.6680000000000001	4.332	1.0
214	1.0	2.0	0.0	0.0	0.3330000000000002	2.667	0.0
215	0.0	0.0	0.0	0.0	0.0	0.0	0.0
216	0.0	2.0	0.0	0.0	0.6660000000000004	5.334	0.0
217	2.0	4.0	1.0	2.0	4.333	10.667	3.0
218	3.0	5.0	2.0	4.0	3.6660000000000004	11.334	4.0
219	1.0	4.0	0.0	2.0	2.6660000000000004	9.334	2.0
220	1.0	4.0	0.0	3.0	2.333	6.667	2.0
221	1.0	4.0	1.0	3.0	3.333	8.667	3.0
222	3.0	2.0	2.0	1.0	3.333	8.667	3.0
223	2.0	1.0	1.0	1.0	1.6680000000000001	4.332	1.0
224	1.0	1.0	1.0	1.0	1.3330000000000002	4.667	2.0
225	2.0	1.0	1.0	1.0	1.0	5.0	1.0
226	2.0	0.0	1.0	0.0	2.0	4.0	1.0
227	1.0	2.0	0.0	1.0	0.9990000000000006	8.001	1.0
228	2.0	0.0	1.0	0.0	2.0	4.0	1.0
229	3.0	2.0	1.0	2.0	4.0	8.0	2.0
230	1.0	3.0	1.0	2.0	1.6680000000000001	4.332	1.0
231	2.0	1.0	2.0	1.0	1.6680000000000001	4.332	2.0
232	0.0	0.0	0.0	0.0	0.0	0.0	0.0
233	2.0	0.0	2.0	0.0	0.6660000000000004	5.334	2.0
234	1.0	1.0	1.0	1.0	1.0	2.0	1.0
235	3.0	0.0	2.0	0.0	3.0	6.0	2.0
236	0.0	0.0	0.0	0.0	0.0	0.0	0.0
237	2.0	0.0	2.0	0.0	1.3360000000000003	4.664	2.0
238	1.0	1.0	1.0	1.0	1.0	2.0	1.0
239	1.0	0.0	1.0	0.0	1.0	2.0	1.0
240	2.0	0.0	1.0	0.0	2.0	4.0	1.0
241	2.0	0.0	1.0	0.0	2.0	4.0	1.0
242	1.0	0.0	1.0	0.0	1.0	2.0	1.0
243	1.0	0.0	1.0	0.0	0.3330000000000002	2.667	1.0
244	2.0	0.0	2.0	0.0	2.0	4.0	2.0
245	0.0	1.0	0.0	1.0	1.0	2.0	1.0
246	3.0	1.0	3.0	1.0	2.668	6.332	3.0
247	2.0	0.0	2.0	0.0	2.0	4.0	2.0
248	2.0	0.0	2.0	0.0	0.6660000000000004	5.334	2.0
249	2.0	0.0	2.0	0.0	2.0	4.0	2.0
250	1.0	0.0	1.0	0.0	0.3330000000000002	2.667	1.0
251	1.0	0.0	1.0	0.0	0.3330000000000002	2.667	1.0
252	1.0	0.0	1.0	0.0	1.0	2.0	1.0
253	3.0	2.0	2.0	2.0	3.3360000000000003	8.664	3.0
254	1.0	0.0	1.0	0.0	0.3330000000000002	2.667	1.0
255	1.0	0.0	1.0	0.0	1.0	2.0	1.0
256	2.0	0.0	2.0	0.0	1.0	2.0	1.0
257	2.0	0.0	1.0	0.0	1.3360000000000003	4.664	1.0
258	2.0	0.0	1.0	0.0	0.6660000000000004	5.334	1.0
259	4.0	0.0	4.0	0.0	2.4	3.6	2.0
260	0.0	0.0	0.0	0.0	0.0	0.0	0.0
261	1.0	0.0	0.0	0.0	1.0	2.0	0.0
262	2.0	3.0	1.0	2.0	3.333	8.667	2.0
263	3.0	2.0	2.0	2.0	2.3360000000000003	6.664	2.0
264	2.0	0.0	1.0	0.0	0.6660000000000004	5.334	1.0
265	2.0	1.0	1.0	1.0	2.0	4.0	1.0
266	0.0	0.0	0.0	0.0	0.0	0.0	0.0
267	0.0	0.0	0.0	0.0	0.0	0.0	0.0
268	1.0	0.0	1.0	0.0	0.3330000000000002	2.667	1.0
269	2.0	1.0	2.0	1.0	1.3330000000000002	4.667	2.0
270	3.0	0.0	2.0	0.0	3.0	6.0	2.0
271	0.0	0.0	0.0	0.0	0.0	0.0	0.0
272	1.0	1.0	1.0	0.0	1.3330000000000002	4.667	1.0
273	0.0	0.0	0.0	0.0	0.0	0.0	0.0
274	0.0	0.0	0.0	0.0	0.0	0.0	0.0
275	2.0	1.0	1.0	0.0	3.0	6.0	1.0
276	2.0	2.0	1.0	1.0	3.0	6.0	1.0
277	1.0	0.0	1.0	0.0	0.3330000000000002	2.667	1.0
278	1.0	0.0	1.0	0.0	0.3330000000000002	2.667	1.0
279	1.0	0.0	0.0	0.0	1.0	2.0	0.0
280	3.0	3.0	2.0	3.0	3.333	8.667	3.0
281	4.0	1.0	3.0	1.0	2.0010000000000003	6.999	2.0
282	2.0	2.0	1.0	2.0	1.3330000000000002	4.667	1.0
283	4.0	3.0	2.0	3.0	4.066000000000001	10.934	3.0
284	2.0	2.0	1.0	1.0	2.8	3.2	1.0
285	2.0	1.0	2.0	1.0	1.6660000000000004	7.334	3.0
286	2.0	0.0	1.0	0.0	2.0	4.0	1.0
287	2.0	1.0	1.0	1.0	3.0	6.0	2.0
288	3.0	2.0	2.0	2.0	3.0	6.0	2.0
289	3.0	0.0	1.0	0.0	3.4	5.6	1.0
290	1.0	2.0	1.0	2.0	0.3330000000000002	2.667	1.0
291	0.0	3.0	0.0	3.0	0.3330000000000002	2.667	1.0
292	1.0	2.0	1.0	2.0	1.0	2.0	1.0
293	0.0	1.0	0.0	1.0	0.3330000000000002	2.667	1.0
294	1.0	0.0	0.0	0.0	0.3330000000000002	2.667	0.0
295	1.0	0.0	1.0	0.0	1.0	2.0	1.0
296	0.0	1.0	0.0	1.0	1.4	1.6	1.0
297	2.0	0.0	0.0	0.0	0.6660000000000004	5.334	0.0
298	2.0	0.0	1.0	0.0	2.0	4.0	1.0
299	1.0	0.0	0.0	0.0	1.0	2.0	0.0
300	3.0	0.0	3.0	0.0	2.068	3.932	2.0
301	1.0	0.0	1.0	0.0	1.0	2.0	1.0
302	0.0	0.0	0.0	0.0	0.0	0.0	0.0
303	1.0	0.0	0.0	0.0	1.0	2.0	0.0
304	1.0	0.0	1.0	0.0	1.0	2.0	1.0
305	0.0	0.0	0.0	0.0	0.0	0.0	0.0
306	0.0	0.0	0.0	0.0	0.0	0.0	0.0
307	0.0	0.0	0.0	0.0	0.0	0.0	0.0
308	1.0	0.0	1.0	0.0	1.4	1.6	1.0
309	0.0	1.0	0.0	1.0	0.0	3.0	1.0
310	2.0	0.0	2.0	0.0	1.6680000000000001	4.332	2.0
311	2.0	0.0	2.0	0.0	1.6680000000000001	4.332	2.0
312	1.0	0.0	1.0	0.0	1.0	2.0	1.0
313	0.0	0.0	0.0	0.0	0.0	0.0	0.0
314	1.0	1.0	0.0	1.0	1.3330000000000002	4.667	1.0
315	3.0	1.0	2.0	1.0	2.0	7.0	2.0
316	0.0	0.0	0.0	0.0	0.0	0.0	0.0
317	0.0	2.0	0.0	1.0	1.3330000000000002	4.667	1.0
318	2.0	2.0	2.0	2.0	3.0	6.0	3.0
319	2.0	4.0	2.0	2.0	2.6660000000000004	9.334	2.0
320	0.0	2.0	0.0	1.0	1.3360000000000003	4.664	1.0
321	1.0	2.0	0.0	2.0	1.3330000000000002	4.667	1.0
322	2.0	1.0	2.0	1.0	2.0	4.0	2.0
323	2.0	4.0	2.0	3.0	2.0010000000000003	6.999	2.0
324	1.0	4.0	1.0	3.0	3.0010000000000003	8.998999999999999	3.0
325	1.0	3.0	1.0	2.0	2.6660000000000004	9.334	3.0
326	1.0	4.0	1.0	3.0	2.6660000000000004	9.334	3.0
327	0.0	0.0	0.0	0.0	0.0	0.0	0.0
328	0.0	0.0	0.0	0.0	0.0	0.0	0.0
