pos	Sd	Nd	Sd_tip	Nd_tip	S	N	comparisons
001	0.0	0.0	0.0	0.0	0.0	0.0	0.0
002	0.0	0.0	0.0	0.0	0.0	0.0	0.0
003	0.0	0.0	0.0	0.0	0.0	0.0	0.0
004	0.0	0.0	0.0	0.0	0.0	0.0	0.0
005	0.0	0.0	0.0	0.0	0.0	0.0	0.0
006	0.0	0.0	0.0	0.0	0.0	0.0	0.0
007	0.0	2.0	0.0	0.0	0.0	3.0	0.0
008	0.0	3.0	0.0	0.0	1.3330000000000002	4.667	0.0
009	1.0	2.0	0.0	0.0	1.3330000000000002	4.667	0.0
010	1.0	1.0	0.0	0.0	0.3330000000000002	2.667	0.0
011	1.0	1.0	0.0	0.0	1.0	2.0	0.0
012	0.0	0.0	0.0	0.0	0.0	0.0	0.0
013	1.0	3.0	0.0	0.0	1.6660000000000004	7.334	0.0
014	1.0	1.0	0.0	0.0	1.0	2.0	0.0
015	1.0	2.0	0.0	0.0	0.6660000000000004	5.334	0.0
016	0.0	2.0	0.0	0.0	0.6680000000000001	2.332	0.0
017	0.0	1.0	0.0	0.0	1.0	2.0	0.0
018	1.0	0.0	0.0	0.0	1.0	2.0	0.0
019	1.0	2.0	0.0	0.0	2.0	4.0	0.0
020	1.0	1.0	0.0	0.0	1.3330000000000002	4.667	0.0
021	1.0	2.0	0.0	0.0	2.0	4.0	0.0
022	0.0	3.0	0.0	0.0	1.3330000000000002	4.667	0.0
023	1.0	1.0	0.0	0.0	0.6660000000000004	5.334	0.0
024	1.0	0.0	0.0	0.0	1.0	2.0	0.0
025	0.0	2.0	0.0	0.0	1.3330000000000002	4.667	0.0
026	1.0	2.0	0.0	0.0	0.3330000000000002	2.667	0.0
027	1.0	2.0	0.0	0.0	0.6660000000000004	5.334	0.0
028	0.0	2.0	0.0	0.0	2.0	4.0	0.0
029	1.0	2.0	0.0	0.0	1.0	5.0	0.0
030	1.0	1.0	0.0	0.0	2.0	4.0	0.0
031	1.0	2.0	0.0	0.0	0.6660000000000004	5.334	0.0
032	0.0	0.0	0.0	0.0	0.0	0.0	0.0
033	0.0	0.0	0.0	0.0	0.0	0.0	0.0
034	0.0	0.0	0.0	0.0	0.0	0.0	0.0
035	0.0	0.0	0.0	0.0	0.0	0.0	0.0
036	0.0	2.0	0.0	0.0	1.0	2.0	0.0
037	1.0	1.0	0.0	0.0	1.0	2.0	0.0
038	1.0	2.0	0.0	0.0	1.0	2.0	0.0
039	1.0	2.0	0.0	0.0	0.3330000000000002	2.667	0.0
040	1.0	1.0	0.0	0.0	1.0	2.0	0.0
041	2.0	1.0	0.0	0.0	1.0	2.0	0.0
042	0.0	0.0	0.0	0.0	0.0	0.0	0.0
043	0.0	2.0	0.0	0.0	0.3330000000000002	2.667	0.0
044	1.0	2.0	0.0	0.0	0.3330000000000002	2.667	0.0
045	2.0	1.0	0.0	0.0	1.0	2.0	0.0
046	1.0	2.0	0.0	0.0	0.3330000000000002	2.667	0.0
047	0.0	1.0	0.0	0.0	1.0	2.0	0.0
048	1.0	0.0	0.0	0.0	0.3330000000000002	2.667	0.0
049	1.0	2.0	0.0	0.0	1.0	2.0	0.0
050	1.0	1.0	0.0	0.0	1.0	2.0	0.0
051	1.0	1.0	0.0	0.0	1.0	2.0	0.0
052	1.0	0.0	0.0	0.0	1.0	2.0	0.0
053	1.0	0.0	0.0	0.0	1.0	2.0	0.0
054	1.0	1.0	0.0	0.0	1.0	2.0	0.0
055	0.0	1.0	0.0	0.0	0.6680000000000001	2.332	0.0
056	1.0	1.0	0.0	0.0	1.0	2.0	0.0
057	1.0	0.0	0.0	0.0	0.3330000000000002	2.667	0.0
058	0.0	1.0	0.0	0.0	1.0	2.0	0.0
059	1.0	1.0	0.0	0.0	1.0	2.0	0.0
060	1.0	0.0	0.0	0.0	1.0	2.0	0.0
061	2.0	1.0	0.0	0.0	1.0	2.0	0.0
062	1.0	2.0	0.0	0.0	1.0	2.0	0.0
063	1.0	1.0	0.0	0.0	0.3330000000000002	2.667	0.0
064	0.0	0.0	0.0	0.0	0.0	0.0	0.0
065	1.0	2.0	0.0	0.0	0.3330000000000002	2.667	0.0
066	1.0	2.0	0.0	0.0	1.0	2.0	0.0
067	0.0	1.0	0.0	0.0	1.0	2.0	0.0
068	1.0	1.0	0.0	0.0	0.3330000000000002	2.667	0.0
069	1.0	2.0	0.0	0.0	0.3330000000000002	2.667	0.0
070	0.0	1.0	0.0	0.0	0.3330000000000002	2.667	0.0
071	1.0	2.0	0.0	0.0	1.0	2.0	0.0
072	0.0	2.0	0.0	0.0	1.0	2.0	0.0
073	1.0	2.0	0.0	0.0	1.0	2.0	0.0
074	1.0	0.0	0.0	0.0	1.0	2.0	0.0
075	2.0	1.0	0.0	0.0	0.3330000000000002	2.667	0.0
076	0.0	1.0	0.0	0.0	1.0	2.0	0.0
077	0.0	0.0	0.0	0.0	0.0	0.0	0.0
078	0.0	0.0	0.0	0.0	0.0	0.0	0.0
079	0.0	0.0	0.0	0.0	0.0	0.0	0.0
080	0.0	0.0	0.0	0.0	0.0	0.0	0.0
081	0.0	0.0	0.0	0.0	0.0	0.0	0.0
082	1.0	1.0	0.0	0.0	1.0	2.0	0.0
083	1.0	1.0	0.0	0.0	1.0	2.0	0.0
084	0.0	1.0	0.0	0.0	0.3330000000000002	2.667	0.0
085	1.0	0.0	0.0	0.0	1.0	2.0	0.0
086	1.0	2.0	0.0	0.0	1.0	2.0	0.0
087	1.0	0.0	0.0	0.0	1.0	2.0	0.0
088	0.0	0.0	0.0	0.0	0.0	0.0	0.0
089	0.0	0.0	0.0	0.0	0.0	0.0	0.0
090	0.0	0.0	0.0	0.0	0.0	0.0	0.0
091	0.0	2.0	0.0	0.0	0.3330000000000002	2.667	0.0
092	1.0	2.0	0.0	0.0	1.0	2.0	0.0
093	1.0	1.0	0.0	0.0	1.0	2.0	0.0
094	1.0	2.0	0.0	0.0	1.0	2.0	0.0
095	0.0	2.0	0.0	0.0	1.0	2.0	0.0
096	1.0	2.0	0.0	0.0	1.0	2.0	0.0
097	0.0	1.0	0.0	0.0	1.0	2.0	0.0
098	0.0	0.0	0.0	0.0	0.0	0.0	0.0
099	0.0	0.0	0.0	0.0	0.0	0.0	0.0
100	0.0	0.0	0.0	0.0	0.0	0.0	0.0
101	0.0	0.0	0.0	0.0	0.0	0.0	0.0
102	0.0	0.0	0.0	0.0	0.0	0.0	0.0
103	0.0	0.0	0.0	0.0	0.0	0.0	0.0
104	0.0	0.0	0.0	0.0	0.0	0.0	0.0
105	0.0	0.0	0.0	0.0	0.0	0.0	0.0
106	0.0	0.0	0.0	0.0	0.0	0.0	0.0
107	0.0	0.0	0.0	0.0	0.0	0.0	0.0
108	0.0	0.0	0.0	0.0	0.0	0.0	0.0
109	0.0	0.0	0.0	0.0	0.0	0.0	0.0
110	0.0	1.0	0.0	0.0	1.0	2.0	0.0
111	0.0	0.0	0.0	0.0	0.0	0.0	0.0
112	0.0	0.0	0.0	0.0	0.0	0.0	0.0
113	0.0	0.0	0.0	0.0	0.0	0.0	0.0
114	0.0	0.0	0.0	0.0	0.0	0.0	0.0
115	0.0	0.0	0.0	0.0	0.0	0.0	0.0
116	0.0	0.0	0.0	0.0	0.0	0.0	0.0
117	0.0	0.0	0.0	0.0	0.0	0.0	0.0
118	0.0	1.0	0.0	0.0	0.3330000000000002	2.667	0.0
119	0.0	0.0	0.0	0.0	0.0	0.0	0.0
120	0.0	0.0	0.0	0.0	0.0	0.0	0.0
121	0.0	0.0	0.0	0.0	0.0	0.0	0.0
122	0.0	0.0	0.0	0.0	0.0	0.0	0.0
123	0.0	0.0	0.0	0.0	0.0	0.0	0.0
124	0.0	0.0	0.0	0.0	0.0	0.0	0.0
125	0.0	1.0	0.0	1.0	0.6680000000000001	2.332	1.0
126	0.0	0.0	0.0	0.0	0.0	0.0	0.0
127	0.0	0.0	0.0	0.0	0.0	0.0	0.0
128	1.0	0.0	0.0	0.0	1.0	2.0	0.0
129	1.0	0.0	0.0	0.0	0.3330000000000002	2.667	0.0
130	0.0	0.0	0.0	0.0	0.0	0.0	0.0
131	0.0	1.0	0.0	0.0	0.3330000000000002	2.667	0.0
132	2.0	2.0	1.0	1.0	2.3360000000000003	6.664	2.0
133	0.0	0.0	0.0	0.0	0.0	0.0	0.0
134	0.0	2.0	0.0	0.0	0.3330000000000002	2.667	0.0
135	1.0	1.0	0.0	0.0	0.3330000000000002	2.667	0.0
136	0.0	0.0	0.0	0.0	0.0	0.0	0.0
137	1.0	2.0	0.0	0.0	0.3330000000000002	2.667	0.0
138	1.0	1.0	0.0	0.0	0.3330000000000002	2.667	0.0
139	2.0	4.0	1.0	2.0	1.6660000000000004	7.334	2.0
140	2.0	2.0	1.0	0.0	1.3330000000000002	4.667	1.0
141	2.0	3.0	1.0	1.0	2.333	6.667	2.0
142	2.0	2.0	1.0	1.0	1.3330000000000002	4.667	1.0
143	1.0	2.0	1.0	1.0	2.0	4.0	1.0
144	0.0	3.0	0.0	2.0	1.3330000000000002	4.667	1.0
145	1.0	1.0	1.0	0.0	2.0	4.0	1.0
146	0.0	0.0	0.0	0.0	0.0	0.0	0.0
147	0.0	0.0	0.0	0.0	0.0	0.0	0.0
148	0.0	0.0	0.0	0.0	0.0	0.0	0.0
149	0.0	0.0	0.0	0.0	0.0	0.0	0.0
150	2.0	2.0	1.0	0.0	1.3330000000000002	4.667	1.0
151	2.0	3.0	1.0	1.0	0.6660000000000004	5.334	1.0
152	1.0	1.0	0.0	0.0	1.0	2.0	0.0
153	3.0	3.0	2.0	1.0	2.333	6.667	2.0
154	2.0	2.0	1.0	1.0	1.3330000000000002	4.667	1.0
155	1.0	2.0	1.0	1.0	1.3330000000000002	4.667	1.0
156	3.0	3.0	1.0	2.0	2.3340000000000005	9.666	2.0
157	2.0	3.0	2.0	1.0	2.333	6.667	2.0
158	2.0	1.0	1.0	1.0	2.0	4.0	1.0
159	3.0	1.0	1.0	1.0	4.0	8.0	2.0
160	2.0	2.0	1.0	1.0	2.0	4.0	1.0
161	0.0	0.0	0.0	0.0	0.0	0.0	0.0
162	1.0	0.0	0.0	0.0	0.3330000000000002	2.667	0.0
163	0.0	0.0	0.0	0.0	0.0	0.0	0.0
164	2.0	0.0	1.0	0.0	2.0	4.0	1.0
165	0.0	1.0	0.0	0.0	0.3330000000000002	2.667	0.0
166	0.0	0.0	0.0	0.0	0.0	0.0	0.0
167	1.0	0.0	1.0	0.0	0.3330000000000002	2.667	1.0
168	2.0	0.0	2.0	0.0	2.0	4.0	2.0
169	0.0	0.0	0.0	0.0	0.0	0.0	0.0
170	0.0	0.0	0.0	0.0	0.0	0.0	0.0
171	0.0	0.0	0.0	0.0	0.0	0.0	0.0
172	3.0	0.0	3.0	0.0	3.0	6.0	3.0
173	1.0	0.0	1.0	0.0	1.0	2.0	1.0
174	0.0	0.0	0.0	0.0	0.0	0.0	0.0
175	0.0	0.0	0.0	0.0	0.0	0.0	0.0
176	0.0	0.0	0.0	0.0	0.0	0.0	0.0
177	1.0	0.0	1.0	0.0	1.0	2.0	1.0
178	1.0	0.0	1.0	0.0	0.6680000000000001	2.332	1.0
179	0.0	0.0	0.0	0.0	0.0	0.0	0.0
180	1.0	0.0	1.0	0.0	1.0	2.0	1.0
181	0.0	0.0	0.0	0.0	0.0	0.0	0.0
182	1.0	0.0	1.0	0.0	0.6680000000000001	2.332	1.0
183	0.0	1.0	0.0	0.0	1.0	2.0	0.0
184	0.0	1.0	0.0	1.0	0.6680000000000001	2.332	1.0
185	3.0	0.0	3.0	0.0	3.0	6.0	3.0
186	0.0	0.0	0.0	0.0	0.0	0.0	0.0
187	0.0	0.0	0.0	0.0	0.0	0.0	0.0
188	1.0	0.0	1.0	0.0	1.0	2.0	1.0
189	1.0	0.0	1.0	0.0	0.3330000000000002	2.667	1.0
190	0.0	0.0	0.0	0.0	0.0	0.0	0.0
191	0.0	0.0	0.0	0.0	0.0	0.0	0.0
192	1.0	0.0	1.0	0.0	1.0	2.0	1.0
193	0.0	0.0	0.0	0.0	0.0	0.0	0.0
194	0.0	0.0	0.0	0.0	0.0	0.0	0.0
195	1.0	0.0	1.0	0.0	0.3330000000000002	2.667	1.0
196	0.0	1.0	0.0	1.0	1.0	2.0	1.0
197	1.0	1.0	1.0	1.0	1.4	1.6	1.0
198	1.0	1.0	1.0	1.0	0.6660000000000004	5.334	2.0
199	0.0	0.0	0.0	0.0	0.0	0.0	0.0
200	0.0	1.0	0.0	1.0	0.3330000000000002	2.667	1.0
201	1.0	0.0	1.0	0.0	0.3330000000000002	2.667	1.0
202	0.0	0.0	0.0	0.0	0.0	0.0	0.0
203	0.0	0.0	0.0	0.0	0.0	0.0	0.0
204	1.0	1.0	1.0	0.0	0.6660000000000004	5.334	1.0
205	1.0	0.0	1.0	0.0	1.0	2.0	1.0
206	0.0	0.0	0.0	0.0	0.0	0.0	0.0
207	1.0	0.0	1.0	0.0	0.6680000000000001	2.332	1.0
208	0.0	0.0	0.0	0.0	0.0	0.0	0.0
209	0.0	0.0	0.0	0.0	0.0	0.0	0.0
210	1.0	0.0	1.0	0.0	0.6680000000000001	2.332	1.0
211	1.0	0.0	1.0	0.0	0.3330000000000002	2.667	1.0
212	1.0	0.0	1.0	0.0	1.4	1.6	1.0
213	1.0	2.0	1.0	2.0	1.3330000000000002	4.667	2.0
214	2.0	0.0	2.0	0.0	0.6680000000000001	2.332	1.0
215	0.0	0.0	0.0	0.0	0.0	0.0	0.0
216	3.0	0.0	3.0	0.0	1.3360000000000003	4.664	2.0
217	3.0	0.0	2.0	0.0	3.0	6.0	2.0
218	1.0	0.0	1.0	0.0	0.3330000000000002	2.667	1.0
219	2.0	0.0	2.0	0.0	2.0	4.0	2.0
220	0.0	0.0	0.0	0.0	0.0	0.0	0.0
221	1.0	0.0	1.0	0.0	1.0	2.0	1.0
222	0.0	0.0	0.0	0.0	0.0	0.0	0.0
223	1.0	0.0	1.0	0.0	1.0	2.0	1.0
224	0.0	2.0	0.0	2.0	0.3330000000000002	2.667	1.0
225	2.0	2.0	2.0	2.0	2.333	6.667	3.0
226	1.0	2.0	1.0	2.0	1.3330000000000002	4.667	2.0
227	0.0	0.0	0.0	0.0	0.0	0.0	0.0
228	3.0	0.0	2.0	0.0	0.9990000000000006	8.001	2.0
229	0.0	0.0	0.0	0.0	0.0	0.0	0.0
230	2.0	0.0	1.0	0.0	2.0	4.0	1.0
231	0.0	0.0	0.0	0.0	0.0	0.0	0.0
232	1.0	0.0	1.0	0.0	1.0	2.0	1.0
233	0.0	1.0	0.0	1.0	1.0	2.0	1.0
234	2.0	0.0	1.0	0.0	0.6660000000000004	5.334	1.0
235	0.0	0.0	0.0	0.0	0.0	0.0	0.0
236	0.0	0.0	0.0	0.0	0.0	0.0	0.0
237	0.0	0.0	0.0	0.0	0.0	0.0	0.0
238	3.0	0.0	2.0	0.0	3.0	6.0	2.0
239	0.0	0.0	0.0	0.0	0.0	0.0	0.0
240	0.0	1.0	0.0	0.0	0.3330000000000002	2.667	0.0
241	1.0	2.0	0.0	0.0	0.3330000000000002	2.667	0.0
242	0.0	0.0	0.0	0.0	0.0	0.0	0.0
243	1.0	0.0	1.0	0.0	0.3330000000000002	2.667	1.0
244	0.0	0.0	0.0	0.0	0.0	0.0	0.0
245	0.0	0.0	0.0	0.0	0.0	0.0	0.0
246	1.0	0.0	1.0	0.0	0.3330000000000002	2.667	1.0
247	1.0	0.0	1.0	0.0	1.0	2.0	1.0
248	0.0	0.0	0.0	0.0	0.0	0.0	0.0
249	0.0	0.0	0.0	0.0	0.0	0.0	0.0
250	0.0	0.0	0.0	0.0	0.0	0.0	0.0
251	1.0	0.0	1.0	0.0	1.0	2.0	1.0
252	1.0	0.0	1.0	0.0	1.0	2.0	1.0
253	0.0	0.0	0.0	0.0	0.0	0.0	0.0
254	0.0	0.0	0.0	0.0	0.0	0.0	0.0
255	0.0	0.0	0.0	0.0	0.0	0.0	0.0
256	0.0	0.0	0.0	0.0	0.0	0.0	0.0
257	0.0	0.0	0.0	0.0	0.0	0.0	0.0
258	2.0	0.0	1.0	0.0	0.6660000000000004	5.334	1.0
259	2.0	0.0	1.0	0.0	2.0	4.0	1.0
260	1.0	0.0	1.0	0.0	1.0	2.0	1.0
261	1.0	0.0	0.0	0.0	1.0	2.0	0.0
262	1.0	0.0	0.0	0.0	1.0	2.0	0.0
263	1.0	0.0	1.0	0.0	1.0	2.0	1.0
264	3.0	1.0	2.0	1.0	3.333	8.667	3.0
265	0.0	3.0	0.0	2.0	3.0	6.0	2.0
266	0.0	2.0	0.0	2.0	0.3330000000000002	2.667	1.0
267	1.0	0.0	1.0	0.0	1.0	2.0	1.0
268	1.0	0.0	1.0	0.0	1.0	2.0	1.0
269	0.0	3.0	0.0	1.0	2.0	4.0	1.0
270	0.0	4.0	0.0	4.0	2.0	4.0	2.0
271	0.0	3.0	0.0	2.0	1.3330000000000002	4.667	1.0
272	0.0	1.0	0.0	1.0	1.0	2.0	1.0
273	1.0	0.0	1.0	0.0	1.0	2.0	1.0
274	2.0	0.0	1.0	0.0	2.0	4.0	1.0
275	1.0	1.0	1.0	1.0	2.0	4.0	2.0
276	0.0	0.0	0.0	0.0	0.0	0.0	0.0
277	0.0	4.0	0.0	3.0	3.0	6.0	2.0
278	1.0	1.0	0.0	0.0	0.6680000000000001	2.332	0.0
279	2.0	0.0	1.0	0.0	2.0	4.0	1.0
280	6.0	0.0	5.0	0.0	3.668	8.332	3.0
281	0.0	2.0	0.0	1.0	2.0	4.0	1.0
282	0.0	0.0	0.0	0.0	0.0	0.0	0.0
283	0.0	0.0	0.0	0.0	0.0	0.0	0.0
284	0.0	0.0	0.0	0.0	0.0	0.0	0.0
285	2.0	0.0	2.0	0.0	2.0	4.0	2.0
286	2.0	0.0	2.0	0.0	0.6680000000000001	2.332	1.0
287	3.0	0.0	2.0	0.0	3.0	6.0	2.0
288	2.0	2.0	1.0	2.0	1.6680000000000001	4.332	1.0
289	2.0	2.0	1.0	2.0	1.6660000000000004	7.334	2.0
290	1.0	2.0	0.0	2.0	2.0	4.0	1.0
291	1.0	2.0	1.0	2.0	1.0	2.0	1.0
292	1.0	1.0	1.0	1.0	1.0	2.0	1.0
293	2.0	2.0	2.0	2.0	1.3330000000000002	4.667	2.0
294	3.0	1.0	1.0	1.0	2.3360000000000003	6.664	2.0
295	2.0	2.0	1.0	1.0	3.0	6.0	2.0
296	1.0	3.0	0.0	2.0	2.0	4.0	1.0
297	1.0	4.0	1.0	3.0	2.0010000000000003	6.999	2.0
298	3.0	2.0	3.0	1.0	3.0	6.0	2.0
299	3.0	5.0	2.0	4.0	3.333	8.667	3.0
300	1.0	5.0	1.0	5.0	4.4	7.6	4.0
301	1.0	3.0	0.0	2.0	1.3330000000000002	4.667	1.0
302	2.0	0.0	2.0	0.0	2.0	4.0	2.0
303	2.0	3.0	2.0	2.0	2.6660000000000004	9.334	3.0
304	1.0	3.0	1.0	2.0	2.0010000000000003	6.999	2.0
305	1.0	3.0	0.0	2.0	2.0010000000000003	6.999	1.0
306	1.0	1.0	0.0	1.0	2.0	4.0	1.0
307	2.0	2.0	1.0	1.0	2.0	4.0	1.0
308	0.0	2.0	0.0	2.0	1.0	2.0	1.0
309	2.0	3.0	1.0	1.0	1.6680000000000001	4.332	1.0
310	3.0	2.0	2.0	0.0	3.0	6.0	2.0
311	3.0	2.0	2.0	1.0	2.0010000000000003	6.999	2.0
312	1.0	1.0	1.0	1.0	0.6660000000000004	5.334	2.0
313	1.0	5.0	1.0	4.0	2.333	6.667	2.0
314	1.0	3.0	1.0	2.0	1.6660000000000004	7.334	2.0
315	2.0	5.0	1.0	3.0	3.0	6.0	2.0
316	0.0	2.0	0.0	2.0	1.0	2.0	1.0
317	0.0	2.0	0.0	2.0	1.0010000000000003	4.999	2.0
318	0.0	0.0	0.0	0.0	0.0	0.0	0.0
319	0.0	0.0	0.0	0.0	0.0	0.0	0.0
320	0.0	0.0	0.0	0.0	0.0	0.0	0.0
321	0.0	0.0	0.0	0.0	0.0	0.0	0.0
322	0.0	0.0	0.0	0.0	0.0	0.0	0.0
323	0.0	0.0	0.0	0.0	0.0	0.0	0.0
324	0.0	0.0	0.0	0.0	0.0	0.0	0.0
325	0.0	0.0	0.0	0.0	0.0	0.0	0.0
326	0.0	0.0	0.0	0.0	0.0	0.0	0.0
327	0.0	0.0	0.0	0.0	0.0	0.0	0.0
328	0.0	0.0	0.0	0.0	0.0	0.0	0.0
329	0.0	0.0	0.0	0.0	0.0	0.0	0.0
330	0.0	0.0	0.0	0.0	0.0	0.0	0.0
331	0.0	0.0	0.0	0.0	0.0	0.0	0.0
332	0.0	0.0	0.0	0.0	0.0	0.0	0.0
333	0.0	0.0	0.0	0.0	0.0	0.0	0.0
334	0.0	0.0	0.0	0.0	0.0	0.0	0.0
335	0.0	0.0	0.0	0.0	0.0	0.0	0.0
336	0.0	0.0	0.0	0.0	0.0	0.0	0.0
337	0.0	0.0	0.0	0.0	0.0	0.0	0.0
