pos	Sd	Nd	Sd_tip	Nd_tip	S	N	comparisons
001	0.0	0.0	0.0	0.0	0.0	0.0	0.0
002	3.0	0.0	1.0	0.0	0.9990000000000006	8.001	1.0
003	1.0	1.0	1.0	0.0	2.0	4.0	1.0
004	1.0	0.0	1.0	0.0	1.0	2.0	1.0
005	2.0	0.0	2.0	0.0	2.4	3.6	2.0
006	2.0	0.0	1.0	0.0	0.6660000000000004	5.334	1.0
007	3.0	1.0	3.0	1.0	2.668	6.332	3.0
008	2.0	1.0	2.0	1.0	2.0	4.0	2.0
009	1.0	0.0	1.0	0.0	0.3330000000000002	2.667	1.0
010	1.0	0.0	1.0	0.0	1.0	2.0	1.0
011	0.0	0.0	0.0	0.0	0.0	0.0	0.0
012	0.0	1.0	0.0	1.0	1.0	2.0	1.0
013	0.0	1.0	0.0	1.0	1.0	2.0	1.0
014	0.0	0.0	0.0	0.0	0.0	0.0	0.0
015	2.0	3.0	1.0	3.0	1.6670000000000007	10.332999999999998	3.0
016	0.0	2.0	0.0	1.0	1.0010000000000003	4.999	1.0
017	2.0	0.0	2.0	0.0	0.6660000000000004	5.334	2.0
018	2.0	0.0	2.0	0.0	2.0	4.0	2.0
019	1.0	4.0	1.0	2.0	3.0	9.0	2.0
020	3.0	0.0	3.0	0.0	2.068	3.932	2.0
021	3.0	0.0	3.0	0.0	3.8	5.2	3.0
022	2.0	0.0	2.0	0.0	2.0	4.0	2.0
023	3.0	2.0	0.0	2.0	5.0	10.0	2.0
024	1.0	4.0	1.0	2.0	1.9990000000000006	10.001	2.0
025	2.0	2.0	0.0	2.0	2.333	6.667	1.0
026	2.0	0.0	1.0	0.0	2.0	4.0	1.0
027	3.0	0.0	1.0	0.0	3.0	6.0	1.0
028	1.0	0.0	1.0	0.0	0.3330000000000002	2.667	1.0
029	0.0	0.0	0.0	0.0	0.0	0.0	0.0
030	1.0	0.0	1.0	0.0	0.3330000000000002	2.667	1.0
031	2.0	1.0	0.0	1.0	3.0	6.0	1.0
032	1.0	2.0	1.0	2.0	1.733	4.2669999999999995	2.0
033	0.0	5.0	0.0	2.0	1.9990000000000006	10.001	2.0
034	1.0	3.0	1.0	3.0	4.0	8.0	4.0
035	0.0	0.0	0.0	0.0	0.0	0.0	0.0
036	3.0	2.0	1.0	2.0	4.0	8.0	2.0
037	0.0	0.0	0.0	0.0	0.0	0.0	0.0
038	1.0	1.0	1.0	1.0	2.0	4.0	2.0
039	3.0	0.0	1.0	0.0	3.0	6.0	1.0
040	2.0	1.0	2.0	1.0	2.0	4.0	2.0
041	1.0	3.0	1.0	3.0	1.733	4.2669999999999995	2.0
042	2.0	1.0	1.0	1.0	3.0	6.0	2.0
043	2.0	2.0	2.0	0.0	3.733	8.267	2.0
044	0.0	0.0	0.0	0.0	0.0	0.0	0.0
045	0.0	2.0	0.0	0.0	2.0	4.0	0.0
046	0.0	0.0	0.0	0.0	0.0	0.0	0.0
047	2.0	1.0	1.0	1.0	0.9990000000000006	8.001	2.0
048	1.0	0.0	1.0	0.0	0.3330000000000002	2.667	1.0
049	1.0	0.0	1.0	0.0	0.3330000000000002	2.667	1.0
050	1.0	0.0	1.0	0.0	1.0	2.0	1.0
051	3.0	1.0	3.0	0.0	4.0	8.0	3.0
052	3.0	0.0	2.0	0.0	3.0	6.0	2.0
053	3.0	2.0	3.0	2.0	1.6660000000000004	7.334	3.0
054	0.0	3.0	0.0	1.0	1.0	5.0	1.0
055	3.0	1.0	2.0	1.0	3.4	8.6	3.0
056	1.0	1.0	1.0	1.0	0.3330000000000002	2.667	1.0
057	2.0	0.0	2.0	0.0	0.6680000000000001	2.332	1.0
058	1.0	0.0	1.0	0.0	0.3330000000000002	2.667	1.0
059	2.0	0.0	2.0	0.0	2.0	4.0	2.0
060	3.0	1.0	3.0	1.0	3.0	6.0	3.0
061	2.0	1.0	1.0	1.0	0.9990000000000006	8.001	2.0
062	3.0	0.0	2.0	0.0	3.0	6.0	2.0
063	4.0	0.0	2.0	0.0	4.0	8.0	2.0
064	1.0	2.0	1.0	1.0	0.6660000000000004	5.334	1.0
065	0.0	3.0	0.0	2.0	1.733	4.2669999999999995	1.0
066	1.0	0.0	1.0	0.0	0.3330000000000002	2.667	1.0
067	2.0	1.0	2.0	1.0	2.0	4.0	2.0
068	0.0	0.0	0.0	0.0	0.0	0.0	0.0
069	3.0	2.0	1.0	2.0	3.333	8.667	2.0
070	3.0	0.0	1.0	0.0	2.3360000000000003	6.664	1.0
071	1.0	0.0	1.0	0.0	0.3330000000000002	2.667	1.0
072	1.0	0.0	1.0	0.0	0.3330000000000002	2.667	1.0
073	2.0	3.0	1.0	2.0	3.0040000000000004	8.995999999999999	2.0
074	2.0	4.0	2.0	3.0	2.333	6.667	2.0
075	2.0	0.0	1.0	0.0	2.0	4.0	1.0
076	2.0	0.0	1.0	0.0	0.6660000000000004	5.334	1.0
077	1.0	2.0	1.0	2.0	2.0	4.0	2.0
078	3.0	2.0	3.0	2.0	1.0	8.0	3.0
079	1.0	1.0	0.0	1.0	2.0	4.0	1.0
080	3.0	0.0	2.0	0.0	3.4	5.6	2.0
081	1.0	1.0	1.0	1.0	0.6660000000000004	5.334	2.0
082	0.0	2.0	0.0	2.0	1.0	2.0	1.0
083	0.0	2.0	0.0	0.0	1.6680000000000001	4.332	0.0
084	2.0	0.0	2.0	0.0	2.0	4.0	2.0
085	0.0	2.0	0.0	2.0	1.0	2.0	1.0
086	1.0	1.0	1.0	1.0	1.6680000000000001	4.332	2.0
087	1.0	0.0	0.0	0.0	0.3330000000000002	2.667	0.0
088	4.0	0.0	1.0	0.0	4.0	8.0	1.0
089	2.0	3.0	0.0	2.0	3.0010000000000003	8.998999999999999	2.0
090	0.0	0.0	0.0	0.0	0.0	0.0	0.0
091	0.0	1.0	0.0	1.0	1.0	2.0	1.0
092	0.0	0.0	0.0	0.0	0.0	0.0	0.0
093	0.0	0.0	0.0	0.0	0.0	0.0	0.0
094	2.0	1.0	2.0	1.0	1.6680000000000001	4.332	2.0
095	1.0	0.0	1.0	0.0	0.3330000000000002	2.667	1.0
096	1.0	0.0	0.0	0.0	1.0	2.0	0.0
097	3.0	2.0	3.0	2.0	3.0	6.0	3.0
098	0.0	0.0	0.0	0.0	0.0	0.0	0.0
099	2.0	0.0	2.0	0.0	2.0	4.0	2.0
100	0.0	0.0	0.0	0.0	0.0	0.0	0.0
101	2.0	4.0	2.0	2.0	3.3370000000000006	14.663	4.0
102	1.0	0.0	1.0	0.0	0.3330000000000002	2.667	1.0
103	2.0	0.0	0.0	0.0	1.3360000000000003	4.664	0.0
104	2.0	0.0	1.0	0.0	0.6660000000000004	5.334	1.0
105	1.0	0.0	1.0	0.0	0.3330000000000002	2.667	1.0
106	2.0	0.0	1.0	0.0	0.6660000000000004	5.334	1.0
107	1.0	0.0	1.0	0.0	0.3330000000000002	2.667	1.0
108	2.0	1.0	1.0	1.0	2.668	6.332	2.0
109	1.0	1.0	1.0	1.0	1.0	2.0	1.0
110	0.0	2.0	0.0	1.0	1.3330000000000002	4.667	1.0
111	1.0	0.0	1.0	0.0	0.3330000000000002	2.667	1.0
112	0.0	0.0	0.0	0.0	0.0	0.0	0.0
113	1.0	0.0	1.0	0.0	0.3330000000000002	2.667	1.0
114	1.0	0.0	0.0	0.0	0.3330000000000002	2.667	0.0
115	0.0	0.0	0.0	0.0	0.0	0.0	0.0
116	2.0	1.0	0.0	1.0	0.9990000000000006	8.001	1.0
117	0.0	1.0	0.0	1.0	0.3330000000000002	2.667	1.0
118	2.0	0.0	1.0	0.0	0.6660000000000004	5.334	1.0
119	0.0	4.0	0.0	3.0	3.3360000000000003	8.664	3.0
120	2.0	1.0	0.0	0.0	2.0	7.0	0.0
121	1.0	0.0	1.0	0.0	1.0	2.0	1.0
122	0.0	0.0	0.0	0.0	0.0	0.0	0.0
123	0.0	0.0	0.0	0.0	0.0	0.0	0.0
124	1.0	4.0	1.0	4.0	2.4	3.6	2.0
125	0.0	0.0	0.0	0.0	0.0	0.0	0.0
126	2.0	0.0	1.0	0.0	2.0	4.0	1.0
127	1.0	1.0	1.0	1.0	1.0010000000000003	4.999	2.0
128	1.0	2.0	1.0	2.0	0.9990000000000006	8.001	3.0
129	1.0	0.0	1.0	0.0	1.0	2.0	1.0
130	0.0	0.0	0.0	0.0	0.0	0.0	0.0
131	2.0	0.0	1.0	0.0	2.0	4.0	1.0
132	1.0	3.0	1.0	2.0	2.668	6.332	2.0
133	0.0	0.0	0.0	0.0	0.0	0.0	0.0
134	2.0	1.0	2.0	0.0	3.0	6.0	2.0
135	2.0	3.0	2.0	1.0	4.401	10.599	3.0
136	2.0	0.0	1.0	0.0	0.6660000000000004	5.334	1.0
137	1.0	0.0	1.0	0.0	1.0	2.0	1.0
138	1.0	0.0	1.0	0.0	1.0	2.0	1.0
139	1.0	2.0	1.0	2.0	3.068	5.932	3.0
140	1.0	1.0	1.0	1.0	0.0	3.0	1.0
141	0.0	0.0	0.0	0.0	0.0	0.0	0.0
142	1.0	1.0	1.0	0.0	2.0	4.0	1.0
143	2.0	2.0	2.0	2.0	2.4	3.6	2.0
144	0.0	0.0	0.0	0.0	0.0	0.0	0.0
145	2.0	1.0	2.0	1.0	3.0	6.0	3.0
146	2.0	0.0	2.0	0.0	0.6680000000000001	2.332	1.0
147	1.0	0.0	1.0	0.0	1.0	2.0	1.0
148	1.0	1.0	1.0	1.0	0.6660000000000004	5.334	2.0
149	1.0	3.0	1.0	3.0	2.333	6.667	3.0
150	0.0	2.0	0.0	1.0	1.0010000000000003	4.999	1.0
151	1.0	0.0	1.0	0.0	1.0	2.0	1.0
152	0.0	0.0	0.0	0.0	0.0	0.0	0.0
153	1.0	0.0	1.0	0.0	0.3330000000000002	2.667	1.0
154	1.0	1.0	1.0	0.0	2.0	4.0	1.0
155	2.0	1.0	2.0	1.0	3.0	6.0	3.0
156	0.0	0.0	0.0	0.0	0.0	0.0	0.0
157	0.0	1.0	0.0	0.0	0.3330000000000002	2.667	0.0
158	3.0	0.0	2.0	0.0	3.0	6.0	2.0
159	2.0	0.0	2.0	0.0	2.0	4.0	2.0
160	3.0	0.0	3.0	0.0	3.0	6.0	3.0
161	2.0	0.0	2.0	0.0	2.0	4.0	2.0
162	0.0	0.0	0.0	0.0	0.0	0.0	0.0
163	1.0	0.0	1.0	0.0	0.3330000000000002	2.667	1.0
164	0.0	1.0	0.0	1.0	0.3330000000000002	2.667	1.0
165	0.0	2.0	0.0	2.0	0.3330000000000002	2.667	1.0
166	3.0	0.0	1.0	0.0	3.0	6.0	1.0
167	1.0	0.0	1.0	0.0	0.3330000000000002	2.667	1.0
168	0.0	0.0	0.0	0.0	0.0	0.0	0.0
169	3.0	0.0	3.0	0.0	3.0	6.0	3.0
170	0.0	2.0	0.0	2.0	1.0010000000000003	4.999	2.0
171	0.0	0.0	0.0	0.0	0.0	0.0	0.0
172	3.0	0.0	3.0	0.0	2.0040000000000004	6.9959999999999996	3.0
173	1.0	0.0	1.0	0.0	1.0	2.0	1.0
174	1.0	2.0	1.0	0.0	2.0660000000000003	6.933999999999999	1.0
175	0.0	0.0	0.0	0.0	0.0	0.0	0.0
176	1.0	0.0	1.0	0.0	0.3330000000000002	2.667	1.0
177	2.0	0.0	1.0	0.0	2.0	4.0	1.0
178	0.0	2.0	0.0	2.0	1.0	2.0	1.0
179	1.0	0.0	1.0	0.0	0.6680000000000001	2.332	1.0
180	1.0	0.0	1.0	0.0	0.3330000000000002	2.667	1.0
181	0.0	0.0	0.0	0.0	0.0	0.0	0.0
182	1.0	2.0	1.0	2.0	2.668	6.332	3.0
183	2.0	0.0	2.0	0.0	0.6660000000000004	5.334	2.0
184	2.0	0.0	1.0	0.0	2.0	4.0	1.0
185	1.0	1.0	1.0	1.0	1.0	2.0	1.0
186	1.0	0.0	1.0	0.0	1.0	2.0	1.0
187	1.0	0.0	0.0	0.0	0.3330000000000002	2.667	0.0
188	2.0	1.0	1.0	1.0	2.733	6.2669999999999995	2.0
189	4.0	0.0	1.0	0.0	4.0	8.0	1.0
190	1.0	3.0	1.0	0.0	3.0	6.0	1.0
191	0.0	1.0	0.0	1.0	0.6680000000000001	2.332	1.0
192	0.0	0.0	0.0	0.0	0.0	0.0	0.0
193	0.0	0.0	0.0	0.0	0.0	0.0	0.0
194	0.0	1.0	0.0	1.0	1.0	2.0	1.0
195	2.0	0.0	2.0	0.0	2.4	3.6	2.0
196	0.0	0.0	0.0	0.0	0.0	0.0	0.0
197	1.0	0.0	1.0	0.0	0.3330000000000002	2.667	1.0
198	3.0	1.0	3.0	1.0	3.0	6.0	3.0
199	2.0	0.0	2.0	0.0	0.6660000000000004	5.334	2.0
200	0.0	0.0	0.0	0.0	0.0	0.0	0.0
201	1.0	1.0	1.0	1.0	0.6680000000000001	2.332	1.0
202	0.0	0.0	0.0	0.0	0.0	0.0	0.0
203	1.0	0.0	1.0	0.0	0.6680000000000001	2.332	1.0
204	0.0	1.0	0.0	1.0	0.6680000000000001	2.332	1.0
205	2.0	0.0	1.0	0.0	2.0	4.0	1.0
206	3.0	1.0	2.0	1.0	4.0	8.0	3.0
207	3.0	0.0	1.0	0.0	3.0	6.0	1.0
208	2.0	1.0	1.0	1.0	0.9990000000000006	8.001	2.0
209	0.0	0.0	0.0	0.0	0.0	0.0	0.0
210	1.0	2.0	1.0	2.0	1.3330000000000002	4.667	2.0
211	0.0	0.0	0.0	0.0	0.0	0.0	0.0
212	1.0	0.0	1.0	0.0	1.0	2.0	1.0
213	0.0	0.0	0.0	0.0	0.0	0.0	0.0
214	2.0	0.0	2.0	0.0	0.6660000000000004	5.334	2.0
215	4.0	0.0	2.0	0.0	4.0	8.0	2.0
216	1.0	0.0	1.0	0.0	1.4	1.6	1.0
217	2.0	0.0	2.0	0.0	0.6660000000000004	5.334	2.0
218	2.0	0.0	2.0	0.0	2.0	4.0	2.0
219	1.0	0.0	1.0	0.0	0.3330000000000002	2.667	1.0
220	2.0	1.0	1.0	1.0	3.0	6.0	2.0
221	1.0	0.0	1.0	0.0	0.3330000000000002	2.667	1.0
222	2.0	0.0	2.0	0.0	2.0	4.0	2.0
223	1.0	3.0	1.0	3.0	2.668	6.332	3.0
224	3.0	0.0	3.0	0.0	3.0	6.0	3.0
225	1.0	0.0	1.0	0.0	0.3330000000000002	2.667	1.0
226	0.0	0.0	0.0	0.0	0.0	0.0	0.0
227	2.0	2.0	2.0	1.0	2.668	6.332	2.0
228	3.0	2.0	3.0	2.0	1.6660000000000004	7.334	3.0
229	2.0	0.0	2.0	0.0	2.0	4.0	2.0
230	0.0	0.0	0.0	0.0	0.0	0.0	0.0
231	2.0	2.0	1.0	0.0	4.468	7.532	1.0
232	1.0	1.0	1.0	1.0	0.6680000000000001	2.332	1.0
233	1.0	0.0	1.0	0.0	1.0	2.0	1.0
234	4.0	0.0	3.0	0.0	4.068	7.932	3.0
235	0.0	2.0	0.0	0.0	0.6660000000000004	5.334	0.0
236	1.0	0.0	0.0	0.0	0.3330000000000002	2.667	0.0
237	1.0	2.0	1.0	1.0	0.0	6.0	1.0
238	1.0	0.0	1.0	0.0	1.0	2.0	1.0
239	1.0	1.0	1.0	1.0	0.6660000000000004	5.334	2.0
240	1.0	0.0	0.0	0.0	1.0	2.0	0.0
241	3.0	2.0	3.0	2.0	4.0	8.0	4.0
242	2.0	0.0	2.0	0.0	2.4	3.6	2.0
243	2.0	0.0	0.0	0.0	0.6660000000000004	5.334	0.0
244	2.0	2.0	2.0	1.0	2.3360000000000003	9.664	3.0
245	0.0	0.0	0.0	0.0	0.0	0.0	0.0
246	0.0	1.0	0.0	1.0	1.0	2.0	1.0
247	0.0	0.0	0.0	0.0	0.0	0.0	0.0
248	0.0	0.0	0.0	0.0	0.0	0.0	0.0
249	0.0	0.0	0.0	0.0	0.0	0.0	0.0
250	0.0	1.0	0.0	1.0	1.0	2.0	1.0
251	1.0	0.0	0.0	0.0	0.6680000000000001	2.332	0.0
252	0.0	0.0	0.0	0.0	0.0	0.0	0.0
253	1.0	0.0	0.0	0.0	0.6680000000000001	2.332	0.0
254	2.0	0.0	2.0	0.0	0.6660000000000004	5.334	2.0
255	1.0	0.0	1.0	0.0	0.3330000000000002	2.667	1.0
256	1.0	0.0	1.0	0.0	1.0	2.0	1.0
257	0.0	0.0	0.0	0.0	0.0	0.0	0.0
258	1.0	0.0	1.0	0.0	0.3330000000000002	2.667	1.0
259	1.0	1.0	1.0	1.0	1.6680000000000001	4.332	2.0
260	1.0	1.0	1.0	1.0	1.0	2.0	1.0
261	0.0	0.0	0.0	0.0	0.0	0.0	0.0
262	1.0	0.0	1.0	0.0	0.3330000000000002	2.667	1.0
263	2.0	0.0	1.0	0.0	2.0	4.0	1.0
264	0.0	2.0	0.0	1.0	2.0	4.0	1.0
265	0.0	0.0	0.0	0.0	0.0	0.0	0.0
266	1.0	0.0	1.0	0.0	0.3330000000000002	2.667	1.0
267	3.0	0.0	2.0	0.0	3.0	6.0	2.0
268	1.0	0.0	1.0	0.0	1.0	2.0	1.0
269	2.0	0.0	1.0	0.0	2.0	4.0	1.0
270	1.0	0.0	1.0	0.0	0.3330000000000002	2.667	1.0
271	2.0	0.0	0.0	0.0	0.6660000000000004	5.334	0.0
272	4.0	0.0	4.0	0.0	4.0	8.0	4.0
273	1.0	0.0	1.0	0.0	1.0	2.0	1.0
274	1.0	0.0	1.0	0.0	0.3330000000000002	2.667	1.0
275	1.0	0.0	1.0	0.0	0.3330000000000002	2.667	1.0
276	2.0	0.0	2.0	0.0	2.4	3.6	2.0
277	1.0	0.0	1.0	0.0	0.3330000000000002	2.667	1.0
278	0.0	0.0	0.0	0.0	0.0	0.0	0.0
279	1.0	0.0	1.0	0.0	0.3330000000000002	2.667	1.0
280	2.0	0.0	1.0	0.0	0.6660000000000004	5.334	1.0
281	1.0	0.0	1.0	0.0	0.3330000000000002	2.667	1.0
282	1.0	0.0	1.0	0.0	0.3330000000000002	2.667	1.0
283	2.0	0.0	2.0	0.0	2.0	4.0	2.0
284	0.0	0.0	0.0	0.0	0.0	0.0	0.0
285	1.0	0.0	1.0	0.0	0.3330000000000002	2.667	1.0
286	2.0	0.0	1.0	0.0	2.0	4.0	1.0
287	2.0	0.0	2.0	0.0	2.0	4.0	2.0
288	2.0	0.0	2.0	0.0	2.4	3.6	2.0
289	0.0	0.0	0.0	0.0	0.0	0.0	0.0
290	2.0	0.0	2.0	0.0	0.6660000000000004	5.334	2.0
291	3.0	0.0	2.0	0.0	3.0	6.0	2.0
292	5.0	1.0	5.0	1.0	3.0	9.0	4.0
293	2.0	0.0	1.0	0.0	2.0	4.0	1.0
294	1.0	0.0	1.0	0.0	1.0	2.0	1.0
295	1.0	0.0	1.0	0.0	0.3330000000000002	2.667	1.0
296	0.0	0.0	0.0	0.0	0.0	0.0	0.0
297	2.0	0.0	2.0	0.0	0.6680000000000001	2.332	1.0
298	0.0	1.0	0.0	1.0	0.3330000000000002	2.667	1.0
299	2.0	0.0	2.0	0.0	2.0	4.0	2.0
300	2.0	0.0	2.0	0.0	0.6660000000000004	5.334	2.0
301	3.0	2.0	3.0	2.0	3.4	5.6	3.0
302	1.0	0.0	0.0	0.0	1.0	2.0	0.0
303	0.0	0.0	0.0	0.0	0.0	0.0	0.0
304	0.0	0.0	0.0	0.0	0.0	0.0	0.0
305	0.0	1.0	0.0	1.0	0.3330000000000002	2.667	1.0
306	0.0	0.0	0.0	0.0	0.0	0.0	0.0
307	0.0	3.0	0.0	2.0	0.9990000000000006	8.001	2.0
308	1.0	0.0	1.0	0.0	1.0	2.0	1.0
309	0.0	0.0	0.0	0.0	0.0	0.0	0.0
310	0.0	0.0	0.0	0.0	0.0	0.0	0.0
311	1.0	0.0	1.0	0.0	1.0	2.0	1.0
312	1.0	5.0	1.0	3.0	2.665000000000001	15.334999999999999	4.0
313	0.0	3.0	0.0	3.0	2.0	4.0	2.0
314	2.0	0.0	2.0	0.0	2.0	4.0	2.0
315	0.0	0.0	0.0	0.0	0.0	0.0	0.0
316	2.0	3.0	1.0	2.0	1.6670000000000007	10.332999999999998	3.0
317	3.0	1.0	1.0	1.0	4.0	8.0	2.0
318	3.0	2.0	2.0	0.0	1.6660000000000004	7.334	2.0
319	0.0	1.0	0.0	0.0	0.0	3.0	0.0
320	0.0	1.0	0.0	1.0	0.3330000000000002	2.667	1.0
321	0.0	1.0	0.0	0.0	0.3330000000000002	2.667	0.0
322	0.0	0.0	0.0	0.0	0.0	0.0	0.0
323	1.0	0.0	0.0	0.0	0.3330000000000002	2.667	0.0
324	2.0	3.0	1.0	1.0	1.9990000000000006	10.001	1.0
325	2.0	0.0	1.0	0.0	1.3360000000000003	4.664	1.0
326	0.0	1.0	0.0	1.0	1.0	2.0	1.0
327	2.0	2.0	2.0	2.0	1.3340000000000005	7.6659999999999995	3.0
328	1.0	2.0	0.0	2.0	0.9990000000000006	8.001	2.0
329	2.0	0.0	2.0	0.0	2.0	4.0	2.0
330	1.0	0.0	1.0	0.0	0.3330000000000002	2.667	1.0
331	1.0	0.0	0.0	0.0	1.0	2.0	0.0
332	0.0	5.0	0.0	2.0	2.3320000000000007	12.668	2.0
333	2.0	0.0	2.0	0.0	0.6660000000000004	5.334	2.0
334	1.0	0.0	1.0	0.0	0.3330000000000002	2.667	1.0
335	1.0	0.0	1.0	0.0	1.0	2.0	1.0
336	1.0	2.0	1.0	2.0	1.0	2.0	1.0
337	1.0	0.0	1.0	0.0	0.3330000000000002	2.667	1.0
338	2.0	3.0	1.0	2.0	3.6660000000000004	11.334	3.0
339	1.0	3.0	0.0	3.0	4.0	8.0	3.0
340	2.0	3.0	2.0	2.0	3.333	8.667	3.0
341	2.0	2.0	1.0	0.0	0.9990000000000006	8.001	1.0
342	1.0	3.0	0.0	1.0	3.333	8.667	1.0
343	2.0	1.0	2.0	0.0	0.9990000000000006	8.001	2.0
344	1.0	0.0	1.0	0.0	0.3330000000000002	2.667	1.0
345	1.0	3.0	1.0	2.0	2.0010000000000003	6.999	2.0
346	1.0	2.0	0.0	2.0	0.9990000000000006	8.001	2.0
347	1.0	2.0	0.0	0.0	0.6660000000000004	5.334	0.0
