pos	Sd	Nd	Sd_tip	Nd_tip	S	N	comparisons
001	0.0	0.0	0.0	0.0	0.0	0.0	0.0
002	1.0	3.0	1.0	2.0	1.0	5.0	1.0
003	1.0	1.0	1.0	1.0	2.0	4.0	2.0
004	0.0	1.0	0.0	1.0	1.0	2.0	1.0
005	1.0	0.0	1.0	0.0	1.0	2.0	1.0
006	2.0	1.0	1.0	0.0	2.0	4.0	1.0
007	0.0	0.0	0.0	0.0	0.0	0.0	0.0
008	0.0	0.0	0.0	0.0	0.0	0.0	0.0
009	0.0	0.0	0.0	0.0	0.0	0.0	0.0
010	0.0	0.0	0.0	0.0	0.0	0.0	0.0
011	0.0	1.0	0.0	1.0	0.6680000000000001	2.332	1.0
012	1.0	0.0	1.0	0.0	1.0	2.0	1.0
013	1.0	0.0	1.0	0.0	1.0	2.0	1.0
014	1.0	0.0	1.0	0.0	0.3330000000000002	2.667	1.0
015	2.0	0.0	1.0	0.0	2.0	4.0	1.0
016	0.0	0.0	0.0	0.0	0.0	0.0	0.0
017	1.0	0.0	1.0	0.0	0.3330000000000002	2.667	1.0
018	2.0	0.0	0.0	0.0	2.0	4.0	0.0
019	3.0	0.0	2.0	0.0	3.468	5.532	2.0
020	2.0	1.0	2.0	1.0	2.0	4.0	2.0
021	1.0	0.0	1.0	0.0	0.6680000000000001	2.332	1.0
022	2.0	0.0	2.0	0.0	2.0	4.0	2.0
023	2.0	0.0	1.0	0.0	2.8	3.2	1.0
024	2.0	0.0	2.0	0.0	2.0	4.0	2.0
025	0.0	0.0	0.0	0.0	0.0	0.0	0.0
026	2.0	0.0	2.0	0.0	2.0	4.0	2.0
027	1.0	1.0	1.0	1.0	1.0	2.0	1.0
028	1.0	0.0	1.0	0.0	1.0	2.0	1.0
029	1.0	0.0	0.0	0.0	0.6680000000000001	2.332	0.0
030	1.0	0.0	0.0	0.0	0.6680000000000001	2.332	0.0
031	1.0	0.0	1.0	0.0	0.3330000000000002	2.667	1.0
032	1.0	0.0	1.0	0.0	1.0	2.0	1.0
033	1.0	0.0	1.0	0.0	0.3330000000000002	2.667	1.0
034	1.0	0.0	0.0	0.0	0.3330000000000002	2.667	0.0
035	0.0	0.0	0.0	0.0	0.0	0.0	0.0
036	0.0	1.0	0.0	1.0	0.3330000000000002	2.667	1.0
037	0.0	0.0	0.0	0.0	0.0	0.0	0.0
038	1.0	0.0	1.0	0.0	1.0	2.0	1.0
039	0.0	1.0	0.0	1.0	0.6680000000000001	2.332	1.0
040	2.0	2.0	1.0	2.0	2.333	6.667	2.0
041	1.0	0.0	1.0	0.0	1.0	2.0	1.0
042	0.0	0.0	0.0	0.0	0.0	0.0	0.0
043	0.0	2.0	0.0	2.0	0.6660000000000004	5.334	2.0
044	0.0	0.0	0.0	0.0	0.0	0.0	0.0
045	1.0	1.0	1.0	1.0	1.6680000000000001	4.332	2.0
046	0.0	1.0	0.0	1.0	1.0	2.0	1.0
047	1.0	2.0	1.0	2.0	0.6680000000000001	2.332	1.0
048	2.0	0.0	2.0	0.0	2.0	4.0	2.0
049	1.0	0.0	1.0	0.0	0.3330000000000002	2.667	1.0
050	0.0	0.0	0.0	0.0	0.0	0.0	0.0
051	1.0	0.0	1.0	0.0	1.0	2.0	1.0
052	0.0	1.0	0.0	1.0	1.0	2.0	1.0
053	2.0	2.0	2.0	2.0	1.3330000000000002	4.667	2.0
054	0.0	3.0	0.0	3.0	0.3330000000000002	2.667	1.0
055	0.0	2.0	0.0	2.0	0.6660000000000004	5.334	2.0
056	1.0	1.0	1.0	1.0	0.3330000000000002	5.667	2.0
057	1.0	0.0	1.0	0.0	1.0	2.0	1.0
058	1.0	1.0	1.0	1.0	2.0	4.0	2.0
059	2.0	3.0	2.0	3.0	3.4	5.6	3.0
060	1.0	0.0	0.0	0.0	0.3330000000000002	2.667	0.0
