pos	Sd	Nd	Sd_tip	Nd_tip	S	N	comparisons
001	0.0	0.0	0.0	0.0	0.0	0.0	0.0
002	1.0	1.0	1.0	1.0	1.0	2.0	1.0
003	1.0	1.0	1.0	1.0	1.3330000000000002	4.667	2.0
004	1.0	2.0	1.0	2.0	1.3330000000000002	4.667	2.0
005	0.0	2.0	0.0	2.0	0.3330000000000002	2.667	1.0
006	1.0	2.0	1.0	2.0	0.3330000000000002	2.667	1.0
007	1.0	1.0	1.0	1.0	1.0	2.0	1.0
008	1.0	1.0	1.0	1.0	2.0	4.0	2.0
009	0.0	2.0	0.0	2.0	1.3360000000000003	4.664	2.0
010	1.0	2.0	1.0	2.0	1.3330000000000002	4.667	2.0
011	0.0	0.0	0.0	0.0	0.0	0.0	0.0
012	1.0	1.0	1.0	1.0	1.0	2.0	1.0
013	0.0	2.0	0.0	2.0	0.3330000000000002	2.667	1.0
014	0.0	2.0	0.0	2.0	1.0	2.0	1.0
015	1.0	0.0	1.0	0.0	1.0	2.0	1.0
016	0.0	2.0	0.0	2.0	0.6680000000000001	2.332	1.0
017	0.0	0.0	0.0	0.0	0.0	0.0	0.0
018	0.0	0.0	0.0	0.0	0.0	0.0	0.0
019	0.0	1.0	0.0	1.0	1.0	2.0	1.0
020	1.0	0.0	1.0	0.0	1.0	2.0	1.0
021	0.0	3.0	0.0	3.0	1.3330000000000002	4.667	2.0
022	1.0	2.0	1.0	2.0	1.3330000000000002	4.667	2.0
023	1.0	0.0	1.0	0.0	1.0	2.0	1.0
024	0.0	0.0	0.0	0.0	0.0	0.0	0.0
025	0.0	0.0	0.0	0.0	0.0	0.0	0.0
026	0.0	0.0	0.0	0.0	0.0	0.0	0.0
027	0.0	0.0	0.0	0.0	0.0	0.0	0.0
028	0.0	2.0	0.0	2.0	0.6660000000000004	5.334	2.0
029	1.0	0.0	1.0	0.0	1.4	1.6	1.0
030	1.0	2.0	1.0	2.0	2.0	4.0	2.0
031	1.0	2.0	1.0	2.0	2.0	4.0	2.0
032	0.0	2.0	0.0	2.0	1.3330000000000002	4.667	2.0
033	1.0	1.0	1.0	1.0	1.0	2.0	1.0
034	0.0	1.0	0.0	1.0	1.0	2.0	1.0
035	1.0	1.0	1.0	1.0	1.0	2.0	1.0
036	0.0	1.0	0.0	1.0	1.0	2.0	1.0
037	1.0	0.0	1.0	0.0	0.3330000000000002	2.667	1.0
038	1.0	2.0	1.0	2.0	0.3330000000000002	2.667	1.0
039	0.0	1.0	0.0	1.0	0.3330000000000002	2.667	1.0
040	1.0	1.0	1.0	1.0	1.0	2.0	1.0
041	1.0	1.0	1.0	1.0	1.3330000000000002	4.667	2.0
042	0.0	2.0	0.0	2.0	0.6680000000000001	2.332	1.0
043	1.0	2.0	1.0	2.0	1.3330000000000002	4.667	2.0
044	0.0	1.0	0.0	1.0	1.0	2.0	1.0
045	0.0	0.0	0.0	0.0	0.0	0.0	0.0
046	0.0	0.0	0.0	0.0	0.0	0.0	0.0
047	0.0	1.0	0.0	1.0	0.3330000000000002	2.667	1.0
048	1.0	1.0	1.0	1.0	0.3330000000000002	2.667	1.0
049	1.0	0.0	1.0	0.0	1.0	2.0	1.0
050	0.0	0.0	0.0	0.0	0.0	0.0	0.0
051	1.0	0.0	1.0	0.0	1.0	2.0	1.0
052	0.0	1.0	0.0	1.0	0.3330000000000002	2.667	1.0
053	0.0	1.0	0.0	1.0	1.0	2.0	1.0
054	1.0	2.0	1.0	2.0	1.0010000000000003	4.999	2.0
055	0.0	0.0	0.0	0.0	0.0	0.0	0.0
056	1.0	0.0	1.0	0.0	0.3330000000000002	2.667	1.0
057	0.0	0.0	0.0	0.0	0.0	0.0	0.0
058	1.0	0.0	1.0	0.0	0.3330000000000002	2.667	1.0
059	1.0	1.0	1.0	1.0	2.0	4.0	2.0
060	0.0	1.0	0.0	1.0	0.3330000000000002	2.667	1.0
061	1.0	1.0	1.0	1.0	1.0	2.0	1.0
062	0.0	1.0	0.0	1.0	0.6680000000000001	2.332	1.0
063	1.0	2.0	1.0	2.0	1.0	2.0	1.0
064	1.0	1.0	1.0	1.0	0.6680000000000001	2.332	1.0
065	1.0	0.0	1.0	0.0	1.0	2.0	1.0
066	1.0	1.0	1.0	1.0	2.4	3.6	2.0
067	1.0	1.0	1.0	1.0	0.6680000000000001	2.332	1.0
068	0.0	0.0	0.0	0.0	0.0	0.0	0.0
069	1.0	2.0	1.0	2.0	1.0	2.0	1.0
070	0.0	1.0	0.0	1.0	0.6680000000000001	2.332	1.0
071	1.0	2.0	1.0	2.0	2.0	4.0	2.0
072	1.0	0.0	1.0	0.0	1.0	2.0	1.0
073	0.0	0.0	0.0	0.0	0.0	0.0	0.0
074	0.0	1.0	0.0	1.0	0.3330000000000002	2.667	1.0
075	1.0	1.0	1.0	1.0	1.0	2.0	1.0
076	1.0	0.0	1.0	0.0	1.0	2.0	1.0
077	0.0	2.0	0.0	2.0	0.3330000000000002	2.667	1.0
078	1.0	0.0	1.0	0.0	0.6680000000000001	2.332	1.0
079	0.0	2.0	0.0	2.0	1.0	2.0	1.0
080	0.0	0.0	0.0	0.0	0.0	0.0	0.0
081	0.0	0.0	0.0	0.0	0.0	0.0	0.0
082	0.0	0.0	0.0	0.0	0.0	0.0	0.0
083	1.0	0.0	1.0	0.0	0.3330000000000002	2.667	1.0
084	0.0	0.0	0.0	0.0	0.0	0.0	0.0
085	0.0	0.0	0.0	0.0	0.0	0.0	0.0
086	1.0	0.0	1.0	0.0	1.0	2.0	1.0
087	1.0	2.0	1.0	2.0	1.3330000000000002	4.667	2.0
088	0.0	2.0	0.0	2.0	1.6680000000000001	4.332	2.0
089	0.0	2.0	0.0	2.0	0.3330000000000002	5.667	2.0
090	1.0	1.0	1.0	1.0	1.6680000000000001	4.332	2.0
091	0.0	1.0	0.0	1.0	0.3330000000000002	2.667	1.0
092	1.0	0.0	1.0	0.0	1.0	2.0	1.0
093	1.0	1.0	1.0	1.0	0.3330000000000002	2.667	1.0
094	1.0	2.0	1.0	2.0	2.4	3.6	2.0
095	1.0	1.0	1.0	1.0	2.0	4.0	2.0
096	1.0	1.0	1.0	1.0	0.3330000000000002	2.667	1.0
097	0.0	0.0	0.0	0.0	0.0	0.0	0.0
098	1.0	1.0	1.0	1.0	1.3330000000000002	4.667	2.0
099	0.0	1.0	0.0	1.0	0.6680000000000001	2.332	1.0
100	1.0	0.0	1.0	0.0	0.6680000000000001	2.332	1.0
101	1.0	1.0	1.0	1.0	0.3330000000000002	2.667	1.0
102	1.0	1.0	1.0	1.0	0.6660000000000004	5.334	2.0
103	1.0	0.0	1.0	0.0	1.4	1.6	1.0
104	0.0	0.0	0.0	0.0	0.0	0.0	0.0
105	1.0	0.0	1.0	0.0	0.3330000000000002	2.667	1.0
106	1.0	1.0	1.0	1.0	1.3330000000000002	4.667	2.0
107	1.0	0.0	1.0	0.0	0.3330000000000002	2.667	1.0
108	0.0	0.0	0.0	0.0	0.0	0.0	0.0
109	1.0	1.0	1.0	1.0	1.6680000000000001	4.332	2.0
110	0.0	0.0	0.0	0.0	0.0	0.0	0.0
111	1.0	0.0	1.0	0.0	1.0	2.0	1.0
112	1.0	2.0	1.0	2.0	1.3330000000000002	4.667	2.0
113	1.0	0.0	1.0	0.0	1.0	2.0	1.0
114	0.0	1.0	0.0	1.0	0.3330000000000002	2.667	1.0
115	1.0	1.0	1.0	1.0	1.6680000000000001	4.332	2.0
116	1.0	1.0	1.0	1.0	1.6680000000000001	4.332	2.0
117	1.0	0.0	1.0	0.0	1.0	2.0	1.0
118	0.0	3.0	0.0	3.0	1.3330000000000002	4.667	2.0
119	1.0	0.0	1.0	0.0	0.3330000000000002	2.667	1.0
120	0.0	1.0	0.0	1.0	0.3330000000000002	2.667	1.0
121	1.0	0.0	1.0	0.0	1.0	2.0	1.0
122	0.0	2.0	0.0	2.0	0.3330000000000002	2.667	1.0
123	1.0	0.0	1.0	0.0	0.3330000000000002	2.667	1.0
124	1.0	1.0	1.0	1.0	0.3330000000000002	2.667	1.0
125	1.0	2.0	1.0	2.0	0.3330000000000002	2.667	1.0
126	1.0	2.0	1.0	2.0	0.6660000000000004	5.334	2.0
127	1.0	0.0	1.0	0.0	0.3330000000000002	2.667	1.0
128	0.0	0.0	0.0	0.0	0.0	0.0	0.0
129	0.0	0.0	0.0	0.0	0.0	0.0	0.0
130	0.0	1.0	0.0	1.0	1.0	2.0	1.0
131	1.0	0.0	1.0	0.0	0.3330000000000002	2.667	1.0
132	1.0	1.0	1.0	1.0	0.6680000000000001	2.332	1.0
133	0.0	0.0	0.0	0.0	0.0	0.0	0.0
