pos	Sd	Nd	Sd_tip	Nd_tip	S	N	comparisons
001	0.0	0.0	0.0	0.0	0.0	0.0	0.0
002	0.0	0.0	0.0	0.0	0.0	0.0	0.0
003	0.0	0.0	0.0	0.0	0.0	0.0	0.0
004	0.0	0.0	0.0	0.0	0.0	0.0	0.0
005	0.0	0.0	0.0	0.0	0.0	0.0	0.0
006	0.0	0.0	0.0	0.0	0.0	0.0	0.0
007	0.0	0.0	0.0	0.0	0.0	0.0	0.0
008	0.0	0.0	0.0	0.0	0.0	0.0	0.0
009	0.0	0.0	0.0	0.0	0.0	0.0	0.0
010	0.0	0.0	0.0	0.0	0.0	0.0	0.0
011	0.0	0.0	0.0	0.0	0.0	0.0	0.0
012	0.0	0.0	0.0	0.0	0.0	0.0	0.0
013	0.0	0.0	0.0	0.0	0.0	0.0	0.0
014	0.0	0.0	0.0	0.0	0.0	0.0	0.0
015	0.0	0.0	0.0	0.0	0.0	0.0	0.0
016	0.0	0.0	0.0	0.0	0.0	0.0	0.0
017	0.0	0.0	0.0	0.0	0.0	0.0	0.0
018	0.0	0.0	0.0	0.0	0.0	0.0	0.0
019	0.0	0.0	0.0	0.0	0.0	0.0	0.0
020	0.0	0.0	0.0	0.0	0.0	0.0	0.0
021	0.0	0.0	0.0	0.0	0.0	0.0	0.0
022	0.0	0.0	0.0	0.0	0.0	0.0	0.0
023	0.0	0.0	0.0	0.0	0.0	0.0	0.0
024	0.0	0.0	0.0	0.0	0.0	0.0	0.0
025	0.0	0.0	0.0	0.0	0.0	0.0	0.0
026	0.0	0.0	0.0	0.0	0.0	0.0	0.0
027	0.0	0.0	0.0	0.0	0.0	0.0	0.0
028	0.0	0.0	0.0	0.0	0.0	0.0	0.0
029	0.0	0.0	0.0	0.0	0.0	0.0	0.0
030	0.0	0.0	0.0	0.0	0.0	0.0	0.0
031	0.0	0.0	0.0	0.0	0.0	0.0	0.0
032	0.0	0.0	0.0	0.0	0.0	0.0	0.0
033	0.0	0.0	0.0	0.0	0.0	0.0	0.0
034	0.0	0.0	0.0	0.0	0.0	0.0	0.0
035	0.0	0.0	0.0	0.0	0.0	0.0	0.0
036	0.0	0.0	0.0	0.0	0.0	0.0	0.0
037	0.0	0.0	0.0	0.0	0.0	0.0	0.0
038	0.0	0.0	0.0	0.0	0.0	0.0	0.0
039	0.0	0.0	0.0	0.0	0.0	0.0	0.0
040	0.0	0.0	0.0	0.0	0.0	0.0	0.0
041	0.0	0.0	0.0	0.0	0.0	0.0	0.0
042	0.0	0.0	0.0	0.0	0.0	0.0	0.0
043	0.0	0.0	0.0	0.0	0.0	0.0	0.0
044	0.0	0.0	0.0	0.0	0.0	0.0	0.0
045	0.0	0.0	0.0	0.0	0.0	0.0	0.0
046	0.0	0.0	0.0	0.0	0.0	0.0	0.0
047	0.0	1.0	0.0	0.0	0.3330000000000002	2.667	0.0
048	0.0	0.0	0.0	0.0	0.0	0.0	0.0
049	0.0	0.0	0.0	0.0	0.0	0.0	0.0
050	0.0	0.0	0.0	0.0	0.0	0.0	0.0
051	0.0	0.0	0.0	0.0	0.0	0.0	0.0
052	0.0	0.0	0.0	0.0	0.0	0.0	0.0
053	0.0	0.0	0.0	0.0	0.0	0.0	0.0
054	0.0	0.0	0.0	0.0	0.0	0.0	0.0
055	0.0	0.0	0.0	0.0	0.0	0.0	0.0
056	0.0	1.0	0.0	0.0	0.3330000000000002	2.667	0.0
057	0.0	1.0	0.0	0.0	1.0	2.0	0.0
058	1.0	0.0	0.0	0.0	1.0	2.0	0.0
059	0.0	0.0	0.0	0.0	0.0	0.0	0.0
060	0.0	1.0	0.0	0.0	1.0	2.0	0.0
061	0.0	1.0	0.0	0.0	1.0	2.0	0.0
062	1.0	1.0	0.0	0.0	2.0	4.0	0.0
063	0.0	0.0	0.0	0.0	0.0	0.0	0.0
064	0.0	0.0	0.0	0.0	0.0	0.0	0.0
065	0.0	1.0	0.0	0.0	1.0	2.0	0.0
066	0.0	0.0	0.0	0.0	0.0	0.0	0.0
067	0.0	0.0	0.0	0.0	0.0	0.0	0.0
068	0.0	0.0	0.0	0.0	0.0	0.0	0.0
069	0.0	0.0	0.0	0.0	0.0	0.0	0.0
070	0.0	0.0	0.0	0.0	0.0	0.0	0.0
071	0.0	0.0	0.0	0.0	0.0	0.0	0.0
072	0.0	0.0	0.0	0.0	0.0	0.0	0.0
073	0.0	0.0	0.0	0.0	0.0	0.0	0.0
074	0.0	0.0	0.0	0.0	0.0	0.0	0.0
075	0.0	0.0	0.0	0.0	0.0	0.0	0.0
076	0.0	0.0	0.0	0.0	0.0	0.0	0.0
077	0.0	0.0	0.0	0.0	0.0	0.0	0.0
078	0.0	0.0	0.0	0.0	0.0	0.0	0.0
079	0.0	0.0	0.0	0.0	0.0	0.0	0.0
080	1.0	2.0	0.0	0.0	0.0	3.0	0.0
081	1.0	2.0	0.0	0.0	1.3330000000000002	4.667	0.0
082	1.0	2.0	0.0	0.0	1.0	2.0	0.0
083	0.0	2.0	0.0	0.0	0.3330000000000002	2.667	0.0
084	1.0	3.0	0.0	0.0	1.6660000000000004	7.334	0.0
085	1.0	2.0	0.0	0.0	0.3330000000000002	2.667	0.0
086	1.0	1.0	0.0	0.0	1.0	2.0	0.0
087	1.0	2.0	0.0	0.0	1.0	2.0	0.0
088	1.0	2.0	1.0	2.0	1.0	2.0	1.0
089	2.0	2.0	1.0	2.0	2.333	6.667	2.0
090	0.0	3.0	0.0	3.0	2.3360000000000003	6.664	3.0
091	0.0	1.0	0.0	1.0	1.0	2.0	1.0
092	1.0	3.0	1.0	3.0	2.0	4.0	2.0
093	1.0	2.0	1.0	2.0	1.6680000000000001	4.332	2.0
094	1.0	2.0	1.0	2.0	2.4	3.6	2.0
095	3.0	2.0	3.0	2.0	2.333	6.667	3.0
096	2.0	2.0	0.0	2.0	1.6660000000000004	7.334	1.0
097	1.0	0.0	1.0	0.0	0.3330000000000002	2.667	1.0
098	0.0	0.0	0.0	0.0	0.0	0.0	0.0
099	0.0	0.0	0.0	0.0	0.0	0.0	0.0
100	2.0	0.0	1.0	0.0	1.3360000000000003	4.664	1.0
101	2.0	0.0	2.0	0.0	0.6660000000000004	5.334	2.0
102	1.0	0.0	1.0	0.0	1.0	2.0	1.0
103	0.0	0.0	0.0	0.0	0.0	0.0	0.0
104	0.0	0.0	0.0	0.0	0.0	0.0	0.0
105	0.0	0.0	0.0	0.0	0.0	0.0	0.0
106	1.0	1.0	1.0	1.0	2.0	4.0	2.0
107	1.0	0.0	1.0	0.0	1.0	2.0	1.0
108	1.0	0.0	1.0	0.0	1.0	2.0	1.0
109	1.0	1.0	1.0	1.0	1.0	2.0	1.0
110	0.0	0.0	0.0	0.0	0.0	0.0	0.0
111	2.0	0.0	1.0	0.0	2.0	4.0	1.0
112	1.0	0.0	1.0	0.0	0.3330000000000002	2.667	1.0
113	2.0	4.0	1.0	3.0	4.001	10.998999999999999	3.0
114	0.0	1.0	0.0	1.0	1.0	2.0	1.0
115	2.0	0.0	2.0	0.0	2.0	4.0	2.0
116	1.0	1.0	0.0	1.0	1.6680000000000001	4.332	1.0
117	2.0	0.0	2.0	0.0	0.6660000000000004	5.334	2.0
118	3.0	3.0	1.0	1.0	2.6660000000000004	9.334	2.0
119	1.0	0.0	0.0	0.0	0.3330000000000002	2.667	0.0
120	1.0	0.0	1.0	0.0	0.3330000000000002	2.667	1.0
121	0.0	1.0	0.0	1.0	0.3330000000000002	2.667	1.0
122	1.0	0.0	1.0	0.0	1.4	1.6	1.0
123	1.0	3.0	1.0	1.0	1.3320000000000007	10.668	2.0
124	3.0	0.0	2.0	0.0	2.3360000000000003	6.664	2.0
125	1.0	2.0	0.0	1.0	0.6660000000000004	5.334	1.0
126	1.0	0.0	1.0	0.0	0.3330000000000002	2.667	1.0
127	2.0	0.0	1.0	0.0	0.6660000000000004	5.334	1.0
128	3.0	0.0	2.0	0.0	3.0	6.0	2.0
129	1.0	3.0	1.0	2.0	3.333	8.667	3.0
130	2.0	1.0	1.0	1.0	2.0	4.0	1.0
131	0.0	0.0	0.0	0.0	0.0	0.0	0.0
132	0.0	2.0	0.0	2.0	1.0010000000000003	4.999	2.0
133	0.0	0.0	0.0	0.0	0.0	0.0	0.0
134	0.0	0.0	0.0	0.0	0.0	0.0	0.0
135	2.0	0.0	1.0	0.0	1.3360000000000003	4.664	1.0
136	0.0	1.0	0.0	0.0	0.3330000000000002	2.667	0.0
137	1.0	0.0	1.0	0.0	0.3330000000000002	2.667	1.0
138	0.0	0.0	0.0	0.0	0.0	0.0	0.0
139	2.0	0.0	1.0	0.0	2.0	4.0	1.0
140	0.0	2.0	0.0	1.0	1.3330000000000002	4.667	1.0
141	1.0	0.0	0.0	0.0	0.3330000000000002	2.667	0.0
142	0.0	0.0	0.0	0.0	0.0	0.0	0.0
143	0.0	0.0	0.0	0.0	0.0	0.0	0.0
144	2.0	0.0	2.0	0.0	0.6660000000000004	5.334	2.0
145	2.0	0.0	2.0	0.0	2.0	4.0	2.0
146	0.0	0.0	0.0	0.0	0.0	0.0	0.0
147	2.0	0.0	2.0	0.0	0.6660000000000004	5.334	2.0
148	0.0	0.0	0.0	0.0	0.0	0.0	0.0
149	3.0	2.0	1.0	2.0	3.0	6.0	1.0
150	1.0	0.0	1.0	0.0	1.0	2.0	1.0
151	3.0	2.0	2.0	1.0	3.668	8.332	2.0
152	3.0	1.0	3.0	1.0	3.333	8.667	4.0
153	1.0	0.0	1.0	0.0	1.0	2.0	1.0
154	2.0	0.0	1.0	0.0	2.0	4.0	1.0
155	0.0	2.0	0.0	1.0	0.6660000000000004	5.334	1.0
156	2.0	1.0	2.0	1.0	3.0	6.0	3.0
157	2.0	0.0	2.0	0.0	0.6660000000000004	5.334	2.0
158	1.0	0.0	1.0	0.0	0.3330000000000002	2.667	1.0
159	0.0	1.0	0.0	1.0	0.3330000000000002	2.667	1.0
160	0.0	0.0	0.0	0.0	0.0	0.0	0.0
161	2.0	0.0	2.0	0.0	1.6680000000000001	4.332	2.0
162	1.0	0.0	1.0	0.0	1.0	2.0	1.0
163	0.0	4.0	0.0	3.0	1.6660000000000004	7.334	2.0
164	2.0	2.0	1.0	1.0	1.9990000000000006	10.001	2.0
165	3.0	0.0	2.0	0.0	3.0	6.0	2.0
166	0.0	0.0	0.0	0.0	0.0	0.0	0.0
167	0.0	0.0	0.0	0.0	0.0	0.0	0.0
168	0.0	0.0	0.0	0.0	0.0	0.0	0.0
169	0.0	0.0	0.0	0.0	0.0	0.0	0.0
170	2.0	0.0	1.0	0.0	2.0	4.0	1.0
171	1.0	0.0	1.0	0.0	1.0	2.0	1.0
172	0.0	0.0	0.0	0.0	0.0	0.0	0.0
173	1.0	0.0	1.0	0.0	0.3330000000000002	2.667	1.0
174	2.0	0.0	1.0	0.0	0.6660000000000004	5.334	1.0
175	2.0	1.0	2.0	1.0	1.3330000000000002	4.667	2.0
176	2.0	0.0	2.0	0.0	2.0	4.0	2.0
177	1.0	2.0	1.0	2.0	3.0	6.0	3.0
178	1.0	0.0	1.0	0.0	1.0	2.0	1.0
179	0.0	0.0	0.0	0.0	0.0	0.0	0.0
180	1.0	0.0	1.0	0.0	0.3330000000000002	2.667	1.0
181	1.0	0.0	0.0	0.0	0.3330000000000002	2.667	0.0
182	1.0	0.0	1.0	0.0	1.0	2.0	1.0
183	1.0	0.0	1.0	0.0	0.3330000000000002	2.667	1.0
184	1.0	0.0	1.0	0.0	0.3330000000000002	2.667	1.0
185	3.0	0.0	1.0	0.0	3.8	5.2	1.0
186	1.0	0.0	1.0	0.0	1.0	2.0	1.0
187	0.0	0.0	0.0	0.0	0.0	0.0	0.0
188	2.0	0.0	2.0	0.0	2.0	4.0	2.0
189	2.0	0.0	2.0	0.0	2.0	4.0	2.0
190	0.0	0.0	0.0	0.0	0.0	0.0	0.0
191	2.0	1.0	1.0	1.0	3.0	6.0	2.0
192	1.0	3.0	1.0	2.0	1.6660000000000004	7.334	2.0
193	0.0	0.0	0.0	0.0	0.0	0.0	0.0
194	1.0	2.0	1.0	2.0	1.0	2.0	1.0
195	1.0	0.0	1.0	0.0	1.0	2.0	1.0
196	1.0	2.0	1.0	2.0	0.3330000000000002	2.667	1.0
197	0.0	0.0	0.0	0.0	0.0	0.0	0.0
198	2.0	0.0	1.0	0.0	2.0	4.0	1.0
199	2.0	0.0	1.0	0.0	2.0	4.0	1.0
200	2.0	1.0	2.0	1.0	1.6680000000000001	4.332	2.0
201	0.0	0.0	0.0	0.0	0.0	0.0	0.0
202	2.0	0.0	2.0	0.0	2.0	4.0	2.0
203	3.0	0.0	1.0	0.0	3.0	6.0	1.0
204	1.0	0.0	1.0	0.0	1.0	2.0	1.0
205	2.0	0.0	1.0	0.0	0.6660000000000004	5.334	1.0
206	0.0	0.0	0.0	0.0	0.0	0.0	0.0
207	1.0	0.0	1.0	0.0	1.0	2.0	1.0
208	1.0	3.0	1.0	2.0	2.333	6.667	2.0
209	1.0	4.0	1.0	2.0	2.333	6.667	1.0
210	1.0	0.0	1.0	0.0	1.0	2.0	1.0
211	1.0	0.0	1.0	0.0	1.0	2.0	1.0
212	1.0	0.0	1.0	0.0	1.0	2.0	1.0
213	2.0	0.0	1.0	0.0	2.0	4.0	1.0
214	0.0	0.0	0.0	0.0	0.0	0.0	0.0
215	0.0	0.0	0.0	0.0	0.0	0.0	0.0
216	0.0	1.0	0.0	1.0	1.0	2.0	1.0
217	1.0	0.0	1.0	0.0	1.0	2.0	1.0
218	3.0	0.0	3.0	0.0	3.0	6.0	3.0
219	0.0	0.0	0.0	0.0	0.0	0.0	0.0
220	1.0	0.0	1.0	0.0	1.0	2.0	1.0
221	0.0	0.0	0.0	0.0	0.0	0.0	0.0
222	0.0	0.0	0.0	0.0	0.0	0.0	0.0
223	0.0	0.0	0.0	0.0	0.0	0.0	0.0
224	0.0	0.0	0.0	0.0	0.0	0.0	0.0
225	2.0	2.0	0.0	2.0	2.333	6.667	1.0
226	1.0	2.0	1.0	2.0	1.3330000000000002	4.667	2.0
227	1.0	1.0	0.0	1.0	2.0	4.0	1.0
228	1.0	0.0	1.0	0.0	1.4	1.6	1.0
229	2.0	0.0	2.0	0.0	2.0	4.0	2.0
230	0.0	0.0	0.0	0.0	0.0	0.0	0.0
231	1.0	1.0	0.0	0.0	0.3330000000000002	2.667	0.0
232	1.0	0.0	0.0	0.0	1.0	2.0	0.0
233	1.0	0.0	1.0	0.0	1.0	2.0	1.0
234	2.0	3.0	1.0	2.0	1.3330000000000002	4.667	1.0
235	2.0	3.0	2.0	3.0	1.3330000000000002	4.667	2.0
236	3.0	3.0	2.0	3.0	2.3320000000000007	12.668	4.0
237	2.0	0.0	1.0	0.0	0.6660000000000004	5.334	1.0
238	1.0	1.0	1.0	0.0	2.0	4.0	1.0
239	4.0	0.0	3.0	0.0	4.0	8.0	3.0
240	3.0	0.0	2.0	0.0	3.0	6.0	2.0
241	2.0	0.0	1.0	0.0	2.0	4.0	1.0
242	0.0	1.0	0.0	1.0	0.3330000000000002	2.667	1.0
243	4.0	0.0	3.0	0.0	4.0	8.0	3.0
244	3.0	0.0	1.0	0.0	3.0	6.0	1.0
245	3.0	0.0	2.0	0.0	0.9990000000000006	8.001	2.0
246	1.0	0.0	0.0	0.0	0.3330000000000002	2.667	0.0
247	3.0	2.0	3.0	2.0	3.333	8.667	4.0
248	2.0	0.0	1.0	0.0	0.6660000000000004	5.334	1.0
249	2.0	0.0	2.0	0.0	2.0	4.0	2.0
250	0.0	2.0	0.0	0.0	1.6680000000000001	4.332	0.0
251	4.0	1.0	2.0	1.0	3.668	8.332	2.0
252	0.0	0.0	0.0	0.0	0.0	0.0	0.0
253	3.0	2.0	3.0	0.0	5.0	10.0	3.0
254	1.0	0.0	1.0	0.0	1.0	2.0	1.0
255	1.0	1.0	1.0	0.0	2.0	4.0	1.0
256	1.0	0.0	0.0	0.0	1.0	2.0	0.0
257	2.0	0.0	1.0	0.0	2.0	4.0	1.0
258	2.0	1.0	0.0	1.0	3.0	6.0	1.0
259	2.0	1.0	2.0	1.0	2.668	6.332	3.0
260	4.0	0.0	3.0	0.0	4.0	8.0	3.0
261	0.0	0.0	0.0	0.0	0.0	0.0	0.0
262	2.0	1.0	2.0	1.0	1.6680000000000001	4.332	2.0
263	0.0	0.0	0.0	0.0	0.0	0.0	0.0
264	1.0	0.0	0.0	0.0	1.0	2.0	0.0
265	1.0	0.0	1.0	0.0	1.0	2.0	1.0
266	0.0	0.0	0.0	0.0	0.0	0.0	0.0
267	0.0	0.0	0.0	0.0	0.0	0.0	0.0
268	0.0	0.0	0.0	0.0	0.0	0.0	0.0
269	0.0	0.0	0.0	0.0	0.0	0.0	0.0
270	0.0	0.0	0.0	0.0	0.0	0.0	0.0
271	2.0	0.0	1.0	0.0	2.0	4.0	1.0
272	2.0	1.0	1.0	1.0	2.668	6.332	2.0
273	1.0	0.0	1.0	0.0	0.3330000000000002	2.667	1.0
274	0.0	0.0	0.0	0.0	0.0	0.0	0.0
275	2.0	0.0	1.0	0.0	2.0	4.0	1.0
276	3.0	0.0	2.0	0.0	3.4	5.6	2.0
277	0.0	0.0	0.0	0.0	0.0	0.0	0.0
278	1.0	0.0	1.0	0.0	1.0	2.0	1.0
279	3.0	0.0	1.0	0.0	4.199999999999999	4.800000000000001	1.0
280	3.0	0.0	1.0	0.0	3.0	6.0	1.0
281	1.0	0.0	1.0	0.0	0.3330000000000002	2.667	1.0
282	2.0	0.0	1.0	0.0	1.3360000000000003	4.664	1.0
283	2.0	2.0	2.0	2.0	2.0	4.0	2.0
284	0.0	0.0	0.0	0.0	0.0	0.0	0.0
285	0.0	0.0	0.0	0.0	0.0	0.0	0.0
286	2.0	1.0	2.0	1.0	2.668	6.332	3.0
287	1.0	0.0	1.0	0.0	1.4	1.6	1.0
288	2.0	0.0	2.0	0.0	0.6660000000000004	5.334	2.0
289	1.0	0.0	1.0	0.0	1.0	2.0	1.0
290	0.0	0.0	0.0	0.0	0.0	0.0	0.0
291	2.0	0.0	2.0	0.0	0.6660000000000004	5.334	2.0
292	1.0	0.0	1.0	0.0	1.0	2.0	1.0
293	1.0	0.0	1.0	0.0	1.0	2.0	1.0
294	3.0	0.0	1.0	0.0	3.0	6.0	1.0
295	1.0	0.0	1.0	0.0	0.3330000000000002	2.667	1.0
296	1.0	0.0	1.0	0.0	0.3330000000000002	2.667	1.0
297	0.0	0.0	0.0	0.0	0.0	0.0	0.0
298	2.0	0.0	2.0	0.0	0.6660000000000004	5.334	2.0
299	1.0	0.0	1.0	0.0	0.3330000000000002	2.667	1.0
300	0.0	0.0	0.0	0.0	0.0	0.0	0.0
301	0.0	0.0	0.0	0.0	0.0	0.0	0.0
302	2.0	0.0	0.0	0.0	0.6660000000000004	5.334	0.0
303	3.0	0.0	1.0	0.0	3.0	6.0	1.0
304	0.0	3.0	0.0	3.0	0.6660000000000004	5.334	2.0
305	0.0	0.0	0.0	0.0	0.0	0.0	0.0
306	1.0	0.0	1.0	0.0	1.0	2.0	1.0
307	1.0	3.0	1.0	2.0	1.6660000000000004	7.334	2.0
308	1.0	1.0	0.0	1.0	0.6660000000000004	5.334	1.0
309	2.0	0.0	1.0	0.0	1.3360000000000003	4.664	1.0
310	0.0	0.0	0.0	0.0	0.0	0.0	0.0
311	2.0	2.0	1.0	2.0	2.0010000000000003	6.999	2.0
312	2.0	2.0	0.0	2.0	4.0	8.0	2.0
313	3.0	0.0	1.0	0.0	3.068	5.932	1.0
314	0.0	1.0	0.0	0.0	0.3330000000000002	2.667	0.0
315	1.0	5.0	1.0	3.0	3.3320000000000007	14.668	4.0
316	1.0	3.0	1.0	1.0	1.3320000000000007	10.668	2.0
317	3.0	0.0	2.0	0.0	3.0	6.0	2.0
318	4.0	0.0	3.0	0.0	4.4	7.6	3.0
319	1.0	0.0	1.0	0.0	0.3330000000000002	2.667	1.0
320	3.0	0.0	2.0	0.0	3.0	6.0	2.0
321	1.0	0.0	0.0	0.0	1.0	2.0	0.0
322	2.0	0.0	1.0	0.0	2.0	4.0	1.0
323	0.0	0.0	0.0	0.0	0.0	0.0	0.0
324	1.0	0.0	1.0	0.0	0.6680000000000001	2.332	1.0
325	0.0	1.0	0.0	1.0	0.3330000000000002	2.667	1.0
326	2.0	0.0	2.0	0.0	0.6660000000000004	5.334	2.0
327	3.0	0.0	2.0	0.0	3.0	6.0	2.0
328	4.0	2.0	2.0	2.0	5.0	10.0	3.0
329	1.0	0.0	0.0	0.0	0.3330000000000002	2.667	0.0
330	2.0	1.0	2.0	1.0	0.9990000000000006	8.001	3.0
331	2.0	0.0	1.0	0.0	2.4	3.6	1.0
332	2.0	3.0	2.0	2.0	5.0	10.0	4.0
333	1.0	3.0	1.0	1.0	2.0040000000000004	9.995999999999999	2.0
334	2.0	0.0	0.0	0.0	0.6660000000000004	5.334	0.0
335	2.0	1.0	2.0	1.0	1.3330000000000002	4.667	2.0
336	2.0	0.0	2.0	0.0	1.6680000000000001	4.332	2.0
337	0.0	1.0	0.0	0.0	0.6680000000000001	2.332	0.0
338	2.0	1.0	2.0	1.0	1.3330000000000002	4.667	2.0
339	1.0	1.0	1.0	1.0	1.3330000000000002	4.667	2.0
340	3.0	3.0	1.0	3.0	3.6660000000000004	11.334	3.0
341	1.0	1.0	0.0	1.0	1.6680000000000001	4.332	1.0
342	2.0	3.0	1.0	2.0	2.6660000000000004	9.334	2.0
343	0.0	0.0	0.0	0.0	0.0	0.0	0.0
344	4.0	1.0	3.0	1.0	5.0	10.0	4.0
345	1.0	1.0	1.0	1.0	1.0	2.0	1.0
346	1.0	0.0	1.0	0.0	0.3330000000000002	2.667	1.0
347	1.0	0.0	1.0	0.0	0.3330000000000002	2.667	1.0
348	1.0	2.0	1.0	1.0	0.9990000000000006	8.001	2.0
349	1.0	2.0	1.0	2.0	2.0	4.0	2.0
350	1.0	0.0	1.0	0.0	0.3330000000000002	2.667	1.0
351	2.0	0.0	1.0	0.0	1.6680000000000001	4.332	1.0
352	3.0	2.0	2.0	2.0	1.6660000000000004	7.334	2.0
353	1.0	3.0	1.0	2.0	2.3360000000000003	6.664	2.0
354	2.0	2.0	2.0	1.0	3.0	6.0	2.0
355	0.0	0.0	0.0	0.0	0.0	0.0	0.0
356	2.0	2.0	1.0	2.0	2.333	6.667	2.0
357	1.0	0.0	1.0	0.0	0.3330000000000002	2.667	1.0
358	1.0	3.0	1.0	3.0	2.0	4.0	2.0
359	3.0	1.0	3.0	1.0	3.0	6.0	3.0
360	2.0	0.0	2.0	0.0	2.4	3.6	2.0
361	1.0	5.0	1.0	2.0	2.9990000000000006	12.001	2.0
362	1.0	0.0	0.0	0.0	0.3330000000000002	2.667	0.0
363	0.0	0.0	0.0	0.0	0.0	0.0	0.0
364	0.0	0.0	0.0	0.0	0.0	0.0	0.0
365	2.0	0.0	1.0	0.0	2.4	3.6	1.0
366	1.0	0.0	1.0	0.0	1.0	2.0	1.0
367	3.0	0.0	2.0	0.0	3.0	6.0	2.0
368	2.0	1.0	2.0	1.0	3.0	6.0	3.0
369	2.0	0.0	0.0	0.0	0.6660000000000004	5.334	0.0
370	2.0	0.0	2.0	0.0	2.0	4.0	2.0
371	2.0	0.0	2.0	0.0	0.6680000000000001	2.332	1.0
372	1.0	0.0	1.0	0.0	0.3330000000000002	2.667	1.0
373	1.0	0.0	1.0	0.0	0.6680000000000001	2.332	1.0
374	1.0	0.0	1.0	0.0	1.0	2.0	1.0
375	0.0	0.0	0.0	0.0	0.0	0.0	0.0
376	0.0	0.0	0.0	0.0	0.0	0.0	0.0
377	1.0	0.0	1.0	0.0	0.3330000000000002	2.667	1.0
378	0.0	0.0	0.0	0.0	0.0	0.0	0.0
379	2.0	0.0	2.0	0.0	2.0	4.0	2.0
380	2.0	0.0	1.0	0.0	2.0	4.0	1.0
381	1.0	0.0	1.0	0.0	1.0	2.0	1.0
382	1.0	0.0	1.0	0.0	1.0	2.0	1.0
383	0.0	0.0	0.0	0.0	0.0	0.0	0.0
384	0.0	0.0	0.0	0.0	0.0	0.0	0.0
385	2.0	0.0	0.0	0.0	2.0	4.0	0.0
386	2.0	0.0	2.0	0.0	1.3360000000000003	4.664	2.0
387	1.0	0.0	1.0	0.0	1.0	2.0	1.0
388	1.0	0.0	1.0	0.0	0.3330000000000002	2.667	1.0
389	1.0	0.0	1.0	0.0	1.0	2.0	1.0
390	1.0	1.0	1.0	1.0	1.0	2.0	1.0
391	3.0	0.0	1.0	0.0	3.068	5.932	1.0
392	2.0	0.0	2.0	0.0	2.0	4.0	2.0
393	3.0	0.0	2.0	0.0	3.0	6.0	2.0
394	2.0	0.0	1.0	0.0	2.068	3.932	1.0
395	1.0	0.0	1.0	0.0	0.6680000000000001	2.332	1.0
396	1.0	0.0	1.0	0.0	0.3330000000000002	2.667	1.0
397	0.0	0.0	0.0	0.0	0.0	0.0	0.0
398	0.0	0.0	0.0	0.0	0.0	0.0	0.0
399	1.0	0.0	1.0	0.0	0.3330000000000002	2.667	1.0
400	2.0	0.0	1.0	0.0	0.6660000000000004	5.334	1.0
401	1.0	0.0	1.0	0.0	0.3330000000000002	2.667	1.0
402	0.0	2.0	0.0	2.0	0.3330000000000002	2.667	1.0
403	2.0	1.0	2.0	1.0	1.3360000000000003	4.664	2.0
404	2.0	0.0	2.0	0.0	0.6660000000000004	5.334	2.0
405	1.0	2.0	1.0	2.0	1.6660000000000004	7.334	3.0
406	1.0	0.0	1.0	0.0	1.0	2.0	1.0
407	3.0	1.0	2.0	1.0	2.0	7.0	2.0
408	2.0	2.0	2.0	2.0	2.333	6.667	3.0
409	1.0	0.0	1.0	0.0	1.0	2.0	1.0
410	1.0	3.0	1.0	2.0	3.0	6.0	2.0
411	1.0	0.0	1.0	0.0	1.0	2.0	1.0
412	1.0	2.0	1.0	2.0	1.0	2.0	1.0
413	0.0	1.0	0.0	1.0	0.6680000000000001	2.332	1.0
414	1.0	0.0	1.0	0.0	1.0	2.0	1.0
415	0.0	0.0	0.0	0.0	0.0	0.0	0.0
416	2.0	1.0	1.0	1.0	0.9990000000000006	8.001	2.0
417	3.0	0.0	2.0	0.0	3.0	6.0	2.0
418	3.0	0.0	1.0	0.0	3.0	6.0	1.0
419	2.0	0.0	1.0	0.0	2.0	4.0	1.0
420	2.0	0.0	1.0	0.0	2.0	4.0	1.0
421	0.0	0.0	0.0	0.0	0.0	0.0	0.0
422	0.0	0.0	0.0	0.0	0.0	0.0	0.0
423	0.0	0.0	0.0	0.0	0.0	0.0	0.0
424	0.0	0.0	0.0	0.0	0.0	0.0	0.0
425	1.0	0.0	1.0	0.0	0.3330000000000002	2.667	1.0
426	0.0	0.0	0.0	0.0	0.0	0.0	0.0
427	1.0	0.0	1.0	0.0	1.0	2.0	1.0
428	1.0	2.0	1.0	2.0	2.668	6.332	3.0
429	3.0	0.0	3.0	0.0	3.0	6.0	3.0
430	2.0	0.0	2.0	0.0	2.0	4.0	2.0
431	2.0	0.0	2.0	0.0	2.4	3.6	2.0
432	0.0	0.0	0.0	0.0	0.0	0.0	0.0
433	2.0	0.0	2.0	0.0	2.0	4.0	2.0
434	1.0	0.0	1.0	0.0	1.0	2.0	1.0
435	2.0	0.0	1.0	0.0	2.0	4.0	1.0
436	2.0	1.0	1.0	1.0	2.333	6.667	2.0
437	1.0	3.0	1.0	2.0	3.3360000000000003	8.664	3.0
438	1.0	0.0	1.0	0.0	1.0	2.0	1.0
439	3.0	0.0	2.0	0.0	3.068	5.932	2.0
440	1.0	0.0	1.0	0.0	0.3330000000000002	2.667	1.0
441	2.0	0.0	2.0	0.0	2.0	4.0	2.0
442	1.0	0.0	1.0	0.0	1.0	2.0	1.0
443	1.0	0.0	1.0	0.0	1.0	2.0	1.0
444	2.0	0.0	2.0	0.0	2.0	4.0	2.0
445	0.0	0.0	0.0	0.0	0.0	0.0	0.0
446	1.0	0.0	1.0	0.0	0.3330000000000002	2.667	1.0
447	1.0	0.0	1.0	0.0	1.0	2.0	1.0
448	2.0	2.0	2.0	2.0	0.6660000000000004	5.334	2.0
449	1.0	0.0	0.0	0.0	1.0	2.0	0.0
450	2.0	1.0	1.0	1.0	0.9990000000000006	8.001	2.0
451	2.0	0.0	1.0	0.0	2.0	4.0	1.0
452	3.0	0.0	3.0	0.0	3.0	6.0	3.0
453	2.0	0.0	1.0	0.0	2.4	3.6	1.0
454	2.0	0.0	2.0	0.0	2.0	4.0	2.0
455	3.0	0.0	2.0	0.0	3.0	6.0	2.0
456	0.0	0.0	0.0	0.0	0.0	0.0	0.0
457	0.0	0.0	0.0	0.0	0.0	0.0	0.0
458	1.0	0.0	1.0	0.0	1.0	2.0	1.0
459	1.0	4.0	1.0	3.0	0.9990000000000006	8.001	2.0
460	1.0	0.0	1.0	0.0	1.4	1.6	1.0
461	3.0	1.0	3.0	1.0	1.3330000000000002	4.667	2.0
462	3.0	1.0	2.0	1.0	3.668	8.332	3.0
463	1.0	0.0	1.0	0.0	1.0	2.0	1.0
464	0.0	0.0	0.0	0.0	0.0	0.0	0.0
465	1.0	0.0	1.0	0.0	0.3330000000000002	2.667	1.0
466	0.0	0.0	0.0	0.0	0.0	0.0	0.0
467	2.0	0.0	0.0	0.0	2.0	4.0	0.0
468	2.0	0.0	1.0	0.0	2.0	4.0	1.0
469	1.0	0.0	1.0	0.0	1.0	2.0	1.0
470	0.0	0.0	0.0	0.0	0.0	0.0	0.0
471	1.0	0.0	1.0	0.0	0.3330000000000002	2.667	1.0
472	0.0	0.0	0.0	0.0	0.0	0.0	0.0
473	3.0	1.0	2.0	1.0	2.668	6.332	2.0
474	2.0	1.0	2.0	1.0	3.0	6.0	3.0
475	1.0	0.0	1.0	0.0	1.0	2.0	1.0
476	2.0	0.0	1.0	0.0	0.6660000000000004	5.334	1.0
477	2.0	0.0	1.0	0.0	2.0	4.0	1.0
478	0.0	2.0	0.0	2.0	1.0	2.0	1.0
479	1.0	3.0	1.0	2.0	2.333	6.667	2.0
480	2.0	0.0	2.0	0.0	2.0	4.0	2.0
481	0.0	2.0	0.0	2.0	1.0	2.0	1.0
482	0.0	0.0	0.0	0.0	0.0	0.0	0.0
483	1.0	0.0	1.0	0.0	1.0	2.0	1.0
484	0.0	0.0	0.0	0.0	0.0	0.0	0.0
485	1.0	2.0	1.0	1.0	0.9990000000000006	8.001	2.0
486	1.0	0.0	0.0	0.0	0.3330000000000002	2.667	0.0
487	1.0	0.0	1.0	0.0	1.0	2.0	1.0
488	2.0	3.0	2.0	2.0	2.333	6.667	2.0
489	0.0	1.0	0.0	1.0	1.0	2.0	1.0
490	1.0	0.0	1.0	0.0	0.3330000000000002	2.667	1.0
491	1.0	0.0	0.0	0.0	1.0	2.0	0.0
492	1.0	0.0	1.0	0.0	1.0	2.0	1.0
493	1.0	3.0	1.0	3.0	2.333	6.667	3.0
494	1.0	0.0	1.0	0.0	1.4	1.6	1.0
495	1.0	0.0	1.0	0.0	0.3330000000000002	2.667	1.0
496	2.0	0.0	1.0	0.0	2.0	4.0	1.0
497	0.0	0.0	0.0	0.0	0.0	0.0	0.0
498	1.0	0.0	1.0	0.0	0.3330000000000002	2.667	1.0
499	2.0	0.0	2.0	0.0	2.0	4.0	2.0
500	1.0	0.0	1.0	0.0	1.0	2.0	1.0
501	2.0	0.0	1.0	0.0	2.0	4.0	1.0
502	2.0	0.0	1.0	0.0	0.6660000000000004	5.334	1.0
503	1.0	0.0	1.0	0.0	1.0	2.0	1.0
504	3.0	0.0	2.0	0.0	3.068	5.932	2.0
505	1.0	0.0	1.0	0.0	1.0	2.0	1.0
506	2.0	0.0	1.0	0.0	2.0	4.0	1.0
507	2.0	2.0	2.0	2.0	2.333	6.667	3.0
508	0.0	0.0	0.0	0.0	0.0	0.0	0.0
509	1.0	0.0	1.0	0.0	0.3330000000000002	2.667	1.0
510	1.0	2.0	1.0	2.0	1.3330000000000002	4.667	2.0
511	1.0	0.0	1.0	0.0	0.3330000000000002	2.667	1.0
512	2.0	0.0	1.0	0.0	2.0	4.0	1.0
513	0.0	0.0	0.0	0.0	0.0	0.0	0.0
514	1.0	1.0	1.0	1.0	0.3330000000000002	2.667	1.0
515	0.0	0.0	0.0	0.0	0.0	0.0	0.0
516	0.0	0.0	0.0	0.0	0.0	0.0	0.0
517	0.0	0.0	0.0	0.0	0.0	0.0	0.0
518	1.0	1.0	1.0	1.0	2.0	4.0	2.0
519	0.0	3.0	0.0	2.0	0.9990000000000006	8.001	2.0
520	1.0	1.0	1.0	1.0	1.6680000000000001	4.332	2.0
521	0.0	0.0	0.0	0.0	0.0	0.0	0.0
522	1.0	0.0	1.0	0.0	1.0	2.0	1.0
523	2.0	0.0	1.0	0.0	2.0	4.0	1.0
524	2.0	0.0	1.0	0.0	2.0	4.0	1.0
525	1.0	0.0	1.0	0.0	0.6680000000000001	2.332	1.0
526	3.0	0.0	3.0	0.0	3.0	6.0	3.0
527	0.0	0.0	0.0	0.0	0.0	0.0	0.0
528	3.0	0.0	1.0	0.0	3.0	6.0	1.0
529	1.0	0.0	1.0	0.0	1.0	2.0	1.0
530	1.0	0.0	1.0	0.0	0.3330000000000002	2.667	1.0
531	1.0	0.0	1.0	0.0	0.6680000000000001	2.332	1.0
532	0.0	0.0	0.0	0.0	0.0	0.0	0.0
533	0.0	0.0	0.0	0.0	0.0	0.0	0.0
534	1.0	0.0	1.0	0.0	1.0	2.0	1.0
535	2.0	0.0	2.0	0.0	0.6660000000000004	5.334	2.0
536	0.0	0.0	0.0	0.0	0.0	0.0	0.0
537	0.0	0.0	0.0	0.0	0.0	0.0	0.0
538	0.0	0.0	0.0	0.0	0.0	0.0	0.0
539	1.0	1.0	1.0	1.0	1.3330000000000002	4.667	2.0
540	3.0	0.0	2.0	0.0	3.0	6.0	2.0
541	0.0	0.0	0.0	0.0	0.0	0.0	0.0
542	4.0	0.0	3.0	0.0	4.8	7.2	3.0
543	0.0	0.0	0.0	0.0	0.0	0.0	0.0
544	2.0	0.0	2.0	0.0	2.0	4.0	2.0
545	2.0	0.0	2.0	0.0	2.0	4.0	2.0
546	2.0	2.0	2.0	2.0	2.0	4.0	2.0
547	0.0	0.0	0.0	0.0	0.0	0.0	0.0
548	2.0	0.0	1.0	0.0	0.6660000000000004	5.334	1.0
549	0.0	0.0	0.0	0.0	0.0	0.0	0.0
550	1.0	0.0	1.0	0.0	0.3330000000000002	2.667	1.0
551	1.0	0.0	1.0	0.0	0.3330000000000002	2.667	1.0
552	2.0	0.0	0.0	0.0	2.0	4.0	0.0
553	2.0	0.0	2.0	0.0	2.0	4.0	2.0
554	3.0	0.0	2.0	0.0	3.4	5.6	2.0
555	2.0	0.0	2.0	0.0	2.0	4.0	2.0
556	0.0	0.0	0.0	0.0	0.0	0.0	0.0
557	0.0	0.0	0.0	0.0	0.0	0.0	0.0
558	1.0	0.0	1.0	0.0	0.6680000000000001	2.332	1.0
559	0.0	1.0	0.0	1.0	0.3330000000000002	2.667	1.0
560	1.0	0.0	1.0	0.0	1.0	2.0	1.0
561	1.0	1.0	1.0	1.0	2.0	4.0	2.0
562	0.0	0.0	0.0	0.0	0.0	0.0	0.0
563	0.0	0.0	0.0	0.0	0.0	0.0	0.0
564	1.0	0.0	1.0	0.0	1.0	2.0	1.0
565	2.0	1.0	1.0	1.0	3.0	6.0	2.0
566	1.0	0.0	1.0	0.0	1.0	2.0	1.0
567	0.0	1.0	0.0	0.0	0.3330000000000002	2.667	0.0
568	2.0	1.0	1.0	1.0	3.0	6.0	2.0
569	1.0	0.0	1.0	0.0	1.4	1.6	1.0
570	2.0	1.0	1.0	1.0	3.0	6.0	2.0
571	0.0	1.0	0.0	1.0	1.0	2.0	1.0
572	2.0	0.0	0.0	0.0	2.0	4.0	0.0
573	1.0	2.0	1.0	1.0	3.0	6.0	2.0
574	1.0	1.0	1.0	1.0	0.6660000000000004	5.334	2.0
575	2.0	0.0	1.0	0.0	2.0	4.0	1.0
576	2.0	0.0	2.0	0.0	2.0	4.0	2.0
577	1.0	0.0	1.0	0.0	0.3330000000000002	2.667	1.0
578	0.0	0.0	0.0	0.0	0.0	0.0	0.0
579	0.0	3.0	0.0	1.0	2.3360000000000003	6.664	1.0
580	0.0	0.0	0.0	0.0	0.0	0.0	0.0
581	1.0	2.0	1.0	0.0	2.0	4.0	1.0
582	2.0	2.0	2.0	0.0	3.0	6.0	2.0
583	2.0	0.0	2.0	0.0	2.0	4.0	2.0
584	0.0	0.0	0.0	0.0	0.0	0.0	0.0
585	0.0	0.0	0.0	0.0	0.0	0.0	0.0
586	3.0	1.0	1.0	1.0	1.6660000000000004	7.334	1.0
587	2.0	0.0	2.0	0.0	0.6660000000000004	5.334	2.0
588	3.0	0.0	2.0	0.0	3.0	6.0	2.0
589	1.0	0.0	1.0	0.0	0.6680000000000001	2.332	1.0
590	0.0	0.0	0.0	0.0	0.0	0.0	0.0
591	1.0	0.0	0.0	0.0	0.3330000000000002	2.667	0.0
592	0.0	0.0	0.0	0.0	0.0	0.0	0.0
593	1.0	0.0	1.0	0.0	1.0	2.0	1.0
594	0.0	1.0	0.0	0.0	1.0	2.0	0.0
595	1.0	2.0	0.0	2.0	1.3330000000000002	4.667	1.0
596	0.0	0.0	0.0	0.0	0.0	0.0	0.0
597	0.0	0.0	0.0	0.0	0.0	0.0	0.0
598	2.0	1.0	2.0	1.0	2.333	6.667	3.0
599	2.0	0.0	2.0	0.0	0.6660000000000004	5.334	2.0
600	1.0	0.0	1.0	0.0	0.3330000000000002	2.667	1.0
601	1.0	3.0	1.0	1.0	1.6660000000000004	7.334	1.0
602	1.0	1.0	0.0	1.0	2.0	4.0	1.0
603	1.0	0.0	1.0	0.0	1.0	2.0	1.0
604	1.0	0.0	1.0	0.0	0.3330000000000002	2.667	1.0
605	3.0	0.0	2.0	0.0	0.9990000000000006	8.001	2.0
606	2.0	0.0	1.0	0.0	0.6660000000000004	5.334	1.0
607	0.0	0.0	0.0	0.0	0.0	0.0	0.0
608	0.0	0.0	0.0	0.0	0.0	0.0	0.0
609	1.0	2.0	1.0	2.0	2.0	4.0	2.0
610	0.0	1.0	0.0	1.0	0.3330000000000002	2.667	1.0
611	1.0	2.0	1.0	2.0	1.3360000000000003	4.664	2.0
612	0.0	0.0	0.0	0.0	0.0	0.0	0.0
613	1.0	0.0	1.0	0.0	1.0	2.0	1.0
614	1.0	2.0	1.0	2.0	2.0	4.0	2.0
615	1.0	2.0	1.0	2.0	1.3330000000000002	4.667	2.0
616	0.0	0.0	0.0	0.0	0.0	0.0	0.0
617	3.0	1.0	2.0	1.0	4.0	8.0	3.0
618	2.0	0.0	0.0	0.0	2.0	4.0	0.0
619	0.0	0.0	0.0	0.0	0.0	0.0	0.0
620	0.0	0.0	0.0	0.0	0.0	0.0	0.0
621	0.0	0.0	0.0	0.0	0.0	0.0	0.0
622	1.0	0.0	1.0	0.0	1.0	2.0	1.0
623	1.0	0.0	1.0	0.0	0.3330000000000002	2.667	1.0
624	1.0	0.0	1.0	0.0	0.3330000000000002	2.667	1.0
625	1.0	0.0	0.0	0.0	1.0	2.0	0.0
626	2.0	1.0	2.0	1.0	1.0	2.0	1.0
627	1.0	1.0	1.0	1.0	1.0	2.0	1.0
628	2.0	0.0	1.0	0.0	2.0	4.0	1.0
629	0.0	1.0	0.0	1.0	0.3330000000000002	2.667	1.0
630	3.0	0.0	2.0	0.0	3.0	6.0	2.0
631	2.0	1.0	2.0	1.0	3.0	6.0	3.0
632	3.0	0.0	2.0	0.0	3.0	6.0	2.0
633	1.0	0.0	1.0	0.0	1.0	2.0	1.0
634	1.0	2.0	1.0	2.0	0.3330000000000002	2.667	1.0
635	2.0	0.0	2.0	0.0	0.6680000000000001	2.332	1.0
636	1.0	1.0	1.0	1.0	2.0	4.0	2.0
637	0.0	0.0	0.0	0.0	0.0	0.0	0.0
638	3.0	0.0	2.0	0.0	3.4	5.6	2.0
639	1.0	0.0	1.0	0.0	1.0	2.0	1.0
640	3.0	0.0	2.0	0.0	2.668	6.332	2.0
641	2.0	0.0	2.0	0.0	2.0	4.0	2.0
642	1.0	0.0	1.0	0.0	0.3330000000000002	2.667	1.0
643	1.0	0.0	1.0	0.0	1.0	2.0	1.0
644	3.0	0.0	2.0	0.0	3.0	6.0	2.0
645	2.0	0.0	2.0	0.0	0.6680000000000001	2.332	1.0
646	1.0	0.0	0.0	0.0	0.3330000000000002	2.667	0.0
647	2.0	0.0	2.0	0.0	2.0	4.0	2.0
648	2.0	0.0	2.0	0.0	2.0	4.0	2.0
649	2.0	0.0	2.0	0.0	2.0	4.0	2.0
650	1.0	0.0	1.0	0.0	1.0	2.0	1.0
651	2.0	0.0	1.0	0.0	2.0	4.0	1.0
652	2.0	0.0	1.0	0.0	0.6660000000000004	5.334	1.0
653	0.0	0.0	0.0	0.0	0.0	0.0	0.0
654	0.0	0.0	0.0	0.0	0.0	0.0	0.0
655	0.0	0.0	0.0	0.0	0.0	0.0	0.0
656	0.0	0.0	0.0	0.0	0.0	0.0	0.0
657	1.0	0.0	1.0	0.0	0.6680000000000001	2.332	1.0
658	0.0	0.0	0.0	0.0	0.0	0.0	0.0
659	1.0	0.0	1.0	0.0	0.3330000000000002	2.667	1.0
660	2.0	2.0	2.0	0.0	3.3360000000000003	8.664	2.0
661	0.0	0.0	0.0	0.0	0.0	0.0	0.0
662	0.0	1.0	0.0	1.0	1.0	2.0	1.0
663	1.0	1.0	1.0	1.0	0.3330000000000002	2.667	1.0
664	0.0	0.0	0.0	0.0	0.0	0.0	0.0
665	0.0	0.0	0.0	0.0	0.0	0.0	0.0
666	3.0	1.0	2.0	1.0	3.0	6.0	2.0
667	0.0	2.0	0.0	2.0	2.0	4.0	2.0
668	1.0	0.0	1.0	0.0	0.3330000000000002	2.667	1.0
669	1.0	1.0	1.0	1.0	1.6680000000000001	4.332	2.0
670	1.0	1.0	1.0	1.0	1.0	2.0	1.0
671	2.0	0.0	2.0	0.0	0.6660000000000004	5.334	2.0
672	1.0	0.0	1.0	0.0	1.0	2.0	1.0
673	0.0	0.0	0.0	0.0	0.0	0.0	0.0
674	0.0	0.0	0.0	0.0	0.0	0.0	0.0
675	1.0	0.0	1.0	0.0	1.0	2.0	1.0
676	1.0	0.0	1.0	0.0	1.0	2.0	1.0
677	2.0	0.0	1.0	0.0	2.0	4.0	1.0
678	3.0	1.0	1.0	1.0	3.0	6.0	2.0
679	1.0	0.0	1.0	0.0	1.0	2.0	1.0
680	1.0	1.0	1.0	1.0	0.3330000000000002	2.667	1.0
681	3.0	0.0	2.0	0.0	3.0	6.0	2.0
682	0.0	0.0	0.0	0.0	0.0	0.0	0.0
683	1.0	3.0	0.0	2.0	3.0	6.0	2.0
684	1.0	0.0	1.0	0.0	0.3330000000000002	2.667	1.0
685	0.0	0.0	0.0	0.0	0.0	0.0	0.0
686	2.0	0.0	2.0	0.0	2.0	4.0	2.0
687	2.0	0.0	2.0	0.0	2.0	4.0	2.0
688	1.0	0.0	1.0	0.0	0.3330000000000002	2.667	1.0
689	1.0	0.0	1.0	0.0	1.0	2.0	1.0
690	1.0	0.0	1.0	0.0	0.3330000000000002	2.667	1.0
691	0.0	1.0	0.0	0.0	1.0	2.0	0.0
692	1.0	0.0	1.0	0.0	1.0	2.0	1.0
693	1.0	3.0	1.0	3.0	1.0	5.0	2.0
694	1.0	2.0	1.0	2.0	1.3330000000000002	4.667	2.0
695	1.0	1.0	1.0	1.0	2.0	4.0	2.0
696	2.0	1.0	1.0	1.0	2.333	6.667	2.0
697	1.0	4.0	1.0	3.0	2.6660000000000004	9.334	3.0
698	1.0	6.0	1.0	4.0	2.3320000000000007	12.668	3.0
699	1.0	0.0	0.0	0.0	0.3330000000000002	2.667	0.0
700	1.0	2.0	1.0	2.0	1.3330000000000002	4.667	2.0
701	2.0	1.0	0.0	1.0	0.9990000000000006	8.001	1.0
702	0.0	1.0	0.0	0.0	0.3330000000000002	2.667	0.0
703	2.0	1.0	2.0	1.0	2.0	4.0	2.0
704	1.0	0.0	1.0	0.0	0.6680000000000001	2.332	1.0
705	1.0	0.0	1.0	0.0	1.0	2.0	1.0
706	1.0	3.0	1.0	1.0	2.0	4.0	1.0
707	1.0	0.0	0.0	0.0	0.6680000000000001	2.332	0.0
708	0.0	2.0	0.0	2.0	1.0010000000000003	4.999	2.0
709	1.0	1.0	1.0	1.0	1.0010000000000003	4.999	2.0
710	2.0	2.0	2.0	2.0	2.0	4.0	2.0
711	2.0	1.0	2.0	1.0	1.6680000000000001	4.332	2.0
712	1.0	1.0	1.0	1.0	0.3330000000000002	2.667	1.0
713	3.0	1.0	3.0	1.0	2.668	6.332	3.0
714	0.0	0.0	0.0	0.0	0.0	0.0	0.0
715	1.0	0.0	1.0	0.0	1.0	2.0	1.0
716	2.0	0.0	2.0	0.0	0.6660000000000004	5.334	2.0
717	1.0	0.0	1.0	0.0	1.0	2.0	1.0
718	3.0	0.0	2.0	0.0	2.668	6.332	2.0
719	1.0	0.0	1.0	0.0	0.3330000000000002	2.667	1.0
720	3.0	0.0	2.0	0.0	3.0	6.0	2.0
721	2.0	0.0	1.0	0.0	2.0	4.0	1.0
722	2.0	0.0	1.0	0.0	2.0	4.0	1.0
723	3.0	0.0	2.0	0.0	3.0	6.0	2.0
724	3.0	1.0	2.0	1.0	3.668	8.332	3.0
725	0.0	0.0	0.0	0.0	0.0	0.0	0.0
726	0.0	1.0	0.0	1.0	0.3330000000000002	2.667	1.0
727	2.0	4.0	2.0	2.0	2.333	6.667	2.0
728	2.0	1.0	1.0	1.0	2.0	4.0	1.0
729	1.0	0.0	1.0	0.0	1.0	2.0	1.0
730	1.0	0.0	0.0	0.0	1.0	2.0	0.0
731	2.0	1.0	1.0	1.0	2.3360000000000003	6.664	2.0
732	1.0	0.0	0.0	0.0	1.0	2.0	0.0
733	1.0	0.0	1.0	0.0	0.3330000000000002	2.667	1.0
734	1.0	0.0	1.0	0.0	1.0	2.0	1.0
735	2.0	0.0	1.0	0.0	2.0	4.0	1.0
736	0.0	0.0	0.0	0.0	0.0	0.0	0.0
737	2.0	0.0	2.0	0.0	2.0	4.0	2.0
738	2.0	0.0	2.0	0.0	0.6660000000000004	5.334	2.0
739	1.0	0.0	1.0	0.0	0.3330000000000002	2.667	1.0
740	1.0	0.0	1.0	0.0	0.6680000000000001	2.332	1.0
741	1.0	0.0	1.0	0.0	0.3330000000000002	2.667	1.0
742	1.0	0.0	1.0	0.0	1.0	2.0	1.0
743	2.0	0.0	1.0	0.0	2.0	4.0	1.0
744	2.0	0.0	2.0	0.0	2.0	4.0	2.0
745	1.0	0.0	1.0	0.0	0.3330000000000002	2.667	1.0
746	0.0	0.0	0.0	0.0	0.0	0.0	0.0
747	0.0	0.0	0.0	0.0	0.0	0.0	0.0
748	0.0	0.0	0.0	0.0	0.0	0.0	0.0
749	2.0	0.0	2.0	0.0	2.0	4.0	2.0
750	1.0	0.0	1.0	0.0	1.0	2.0	1.0
751	0.0	0.0	0.0	0.0	0.0	0.0	0.0
752	0.0	1.0	0.0	1.0	1.0	2.0	1.0
753	0.0	1.0	0.0	1.0	0.6680000000000001	2.332	1.0
754	1.0	1.0	1.0	1.0	0.6660000000000004	5.334	2.0
755	3.0	0.0	2.0	0.0	3.0	6.0	2.0
756	0.0	0.0	0.0	0.0	0.0	0.0	0.0
757	1.0	0.0	0.0	0.0	1.0	2.0	0.0
758	0.0	2.0	0.0	2.0	1.0	2.0	1.0
759	1.0	0.0	1.0	0.0	1.0	2.0	1.0
760	3.0	0.0	2.0	0.0	3.0	6.0	2.0
761	0.0	0.0	0.0	0.0	0.0	0.0	0.0
762	0.0	0.0	0.0	0.0	0.0	0.0	0.0
763	0.0	0.0	0.0	0.0	0.0	0.0	0.0
764	2.0	1.0	0.0	1.0	3.0	6.0	1.0
765	2.0	0.0	1.0	0.0	1.6680000000000001	4.332	1.0
766	0.0	1.0	0.0	1.0	0.3330000000000002	2.667	1.0
767	0.0	0.0	0.0	0.0	0.0	0.0	0.0
768	2.0	0.0	1.0	0.0	0.6660000000000004	5.334	1.0
769	2.0	0.0	2.0	0.0	0.6680000000000001	2.332	1.0
770	2.0	3.0	1.0	3.0	2.333	6.667	2.0
771	0.0	0.0	0.0	0.0	0.0	0.0	0.0
772	2.0	0.0	2.0	0.0	2.0	4.0	2.0
773	1.0	3.0	1.0	2.0	1.3330000000000002	4.667	1.0
774	2.0	2.0	1.0	2.0	2.333	6.667	2.0
775	3.0	0.0	2.0	0.0	0.9990000000000006	8.001	2.0
776	0.0	0.0	0.0	0.0	0.0	0.0	0.0
