all_syn	all_nonSyn	tip_syn	tip_nonSyn	S	N	comparisons
001	0.0	0.0	0.0	0.0	0.0	0.0	0.0
002	0.0	2.0	0.0	0.0	1.3330000000000002	4.667	0.0
003	1.0	1.0	0.0	0.0	2.0	4.0	0.0
004	1.0	0.0	0.0	0.0	1.0	2.0	0.0
005	0.0	2.0	0.0	0.0	0.3330000000000002	2.667	0.0
006	0.0	3.0	0.0	0.0	1.3330000000000002	4.667	0.0
007	0.0	1.0	0.0	0.0	0.3330000000000002	2.667	0.0
008	0.0	0.0	0.0	0.0	0.0	0.0	0.0
009	0.0	0.0	0.0	0.0	0.0	0.0	0.0
010	0.0	0.0	0.0	0.0	0.0	0.0	0.0
011	0.0	0.0	0.0	0.0	0.0	0.0	0.0
012	0.0	0.0	0.0	0.0	0.0	0.0	0.0
013	0.0	0.0	0.0	0.0	0.0	0.0	0.0
014	0.0	0.0	0.0	0.0	0.0	0.0	0.0
015	0.0	0.0	0.0	0.0	0.0	0.0	0.0
016	0.0	0.0	0.0	0.0	0.0	0.0	0.0
017	0.0	0.0	0.0	0.0	0.0	0.0	0.0
018	0.0	0.0	0.0	0.0	0.0	0.0	0.0
019	0.0	0.0	0.0	0.0	0.0	0.0	0.0
020	0.0	0.0	0.0	0.0	0.0	0.0	0.0
021	1.0	2.0	0.0	0.0	2.0	4.0	0.0
022	0.0	2.0	0.0	0.0	0.3330000000000002	2.667	0.0
023	0.0	2.0	0.0	0.0	0.6680000000000001	2.332	0.0
024	1.0	0.0	0.0	0.0	0.3330000000000002	2.667	0.0
025	0.0	0.0	0.0	0.0	0.0	0.0	0.0
026	1.0	2.0	0.0	0.0	1.3330000000000002	4.667	0.0
027	0.0	1.0	0.0	0.0	1.0	2.0	0.0
028	0.0	0.0	0.0	0.0	0.0	0.0	0.0
029	0.0	0.0	0.0	0.0	0.0	0.0	0.0
030	1.0	2.0	0.0	0.0	1.4	1.6	0.0
031	1.0	1.0	0.0	0.0	2.0	4.0	0.0
032	0.0	2.0	0.0	0.0	1.3330000000000002	4.667	0.0
033	1.0	2.0	0.0	0.0	2.0	4.0	0.0
034	0.0	2.0	0.0	0.0	0.3330000000000002	2.667	0.0
035	1.0	2.0	0.0	0.0	1.0	2.0	0.0
036	0.0	0.0	0.0	0.0	0.0	0.0	0.0
037	1.0	2.0	0.0	0.0	1.0	2.0	0.0
038	0.0	2.0	0.0	0.0	1.0	2.0	0.0
039	0.0	0.0	0.0	0.0	0.0	0.0	0.0
040	0.0	1.0	0.0	0.0	0.3330000000000002	2.667	0.0
041	1.0	1.0	0.0	0.0	2.0	4.0	0.0
042	1.0	2.0	0.0	0.0	2.333	6.667	0.0
043	0.0	1.0	0.0	0.0	0.3330000000000002	2.667	0.0
044	1.0	2.0	0.0	0.0	1.0	2.0	0.0
045	0.0	2.0	0.0	0.0	0.3330000000000002	2.667	0.0
046	0.0	4.0	0.0	0.0	1.3330000000000002	4.667	0.0
047	0.0	1.0	0.0	0.0	1.0	2.0	0.0
048	2.0	2.0	0.0	0.0	2.4	3.6	0.0
049	1.0	2.0	0.0	0.0	1.0	2.0	0.0
050	0.0	2.0	0.0	0.0	1.0	2.0	0.0
051	1.0	1.0	0.0	0.0	1.0	2.0	0.0
052	1.0	1.0	0.0	0.0	1.0	2.0	0.0
053	0.0	2.0	0.0	0.0	1.0	2.0	0.0
054	1.0	1.0	0.0	0.0	1.0	2.0	0.0
055	0.0	2.0	0.0	0.0	0.3330000000000002	2.667	0.0
056	1.0	2.0	0.0	0.0	2.0010000000000003	6.999	0.0
057	0.0	0.0	0.0	0.0	0.0	0.0	0.0
058	0.0	0.0	0.0	0.0	0.0	0.0	0.0
059	1.0	0.0	1.0	0.0	1.0	2.0	1.0
060	0.0	0.0	0.0	0.0	0.0	0.0	0.0
061	1.0	2.0	1.0	2.0	0.3330000000000002	2.667	1.0
062	0.0	0.0	0.0	0.0	0.0	0.0	0.0
063	2.0	0.0	1.0	0.0	0.6660000000000004	5.334	1.0
064	0.0	0.0	0.0	0.0	0.0	0.0	0.0
065	0.0	0.0	0.0	0.0	0.0	0.0	0.0
066	0.0	1.0	0.0	0.0	0.3330000000000002	2.667	0.0
067	1.0	0.0	1.0	0.0	1.0	2.0	1.0
068	0.0	0.0	0.0	0.0	0.0	0.0	0.0
069	0.0	0.0	0.0	0.0	0.0	0.0	0.0
070	1.0	0.0	1.0	0.0	1.0	2.0	1.0
071	0.0	1.0	0.0	1.0	0.3330000000000002	2.667	1.0
072	0.0	0.0	0.0	0.0	0.0	0.0	0.0
073	2.0	0.0	2.0	0.0	0.6660000000000004	5.334	2.0
074	1.0	1.0	1.0	1.0	1.0	2.0	1.0
075	1.0	0.0	1.0	0.0	1.0	2.0	1.0
076	0.0	1.0	0.0	1.0	0.3330000000000002	2.667	1.0
077	0.0	0.0	0.0	0.0	0.0	0.0	0.0
078	0.0	2.0	0.0	2.0	0.3330000000000002	2.667	1.0
079	0.0	2.0	0.0	1.0	2.0	4.0	1.0
080	1.0	0.0	0.0	0.0	0.3330000000000002	2.667	0.0
081	2.0	1.0	1.0	1.0	2.668	6.332	2.0
082	0.0	0.0	0.0	0.0	0.0	0.0	0.0
083	2.0	4.0	2.0	2.0	4.0	8.0	3.0
084	1.0	0.0	1.0	0.0	0.3330000000000002	2.667	1.0
085	1.0	0.0	1.0	0.0	1.0	2.0	1.0
086	1.0	0.0	0.0	0.0	0.3330000000000002	2.667	0.0
087	1.0	0.0	1.0	0.0	0.3330000000000002	2.667	1.0
088	1.0	0.0	1.0	0.0	0.3330000000000002	2.667	1.0
089	1.0	0.0	1.0	0.0	0.3330000000000002	2.667	1.0
090	2.0	0.0	2.0	0.0	0.6680000000000001	2.332	1.0
091	1.0	0.0	1.0	0.0	1.0	2.0	1.0
092	2.0	0.0	1.0	0.0	2.0	4.0	1.0
093	0.0	0.0	0.0	0.0	0.0	0.0	0.0
094	3.0	0.0	1.0	0.0	1.3360000000000003	4.664	1.0
095	1.0	0.0	1.0	0.0	1.0	2.0	1.0
096	3.0	1.0	1.0	1.0	2.333	6.667	2.0
097	1.0	2.0	1.0	2.0	1.0	2.0	1.0
098	2.0	0.0	0.0	0.0	2.068	3.932	0.0
099	2.0	0.0	2.0	0.0	0.6660000000000004	5.334	2.0
100	0.0	1.0	0.0	0.0	0.6680000000000001	2.332	0.0
101	1.0	2.0	1.0	0.0	2.4	3.6	1.0
102	0.0	0.0	0.0	0.0	0.0	0.0	0.0
103	0.0	0.0	0.0	0.0	0.0	0.0	0.0
104	1.0	0.0	1.0	0.0	1.0	2.0	1.0
105	1.0	0.0	1.0	0.0	0.3330000000000002	2.667	1.0
106	1.0	1.0	1.0	0.0	2.0	4.0	1.0
107	0.0	2.0	0.0	2.0	1.0	2.0	1.0
108	2.0	0.0	2.0	0.0	0.6680000000000001	2.332	1.0
109	1.0	0.0	1.0	0.0	0.3330000000000002	2.667	1.0
110	0.0	0.0	0.0	0.0	0.0	0.0	0.0
111	0.0	1.0	0.0	1.0	1.0	2.0	1.0
112	2.0	0.0	1.0	0.0	2.0	4.0	1.0
113	0.0	1.0	0.0	1.0	0.3330000000000002	2.667	1.0
114	0.0	0.0	0.0	0.0	0.0	0.0	0.0
115	3.0	0.0	1.0	0.0	3.0	6.0	1.0
116	1.0	2.0	1.0	2.0	1.0010000000000003	4.999	2.0
117	1.0	0.0	0.0	0.0	1.0	2.0	0.0
118	3.0	0.0	2.0	0.0	3.0	6.0	2.0
119	2.0	0.0	1.0	0.0	2.0	4.0	1.0
120	0.0	1.0	0.0	0.0	0.3330000000000002	2.667	0.0
121	0.0	0.0	0.0	0.0	0.0	0.0	0.0
122	0.0	0.0	0.0	0.0	0.0	0.0	0.0
123	2.0	0.0	2.0	0.0	2.0	4.0	2.0
124	1.0	1.0	0.0	1.0	0.6660000000000004	5.334	1.0
125	3.0	1.0	2.0	0.0	2.668	6.332	2.0
126	1.0	0.0	0.0	0.0	1.0	2.0	0.0
127	1.0	2.0	1.0	1.0	1.3340000000000005	7.6659999999999995	2.0
128	1.0	0.0	1.0	0.0	1.0	2.0	1.0
129	2.0	0.0	2.0	0.0	1.6680000000000001	4.332	2.0
130	1.0	0.0	1.0	0.0	0.6680000000000001	2.332	1.0
131	0.0	0.0	0.0	0.0	0.0	0.0	0.0
132	1.0	0.0	1.0	0.0	1.0	2.0	1.0
133	2.0	0.0	1.0	0.0	0.6660000000000004	5.334	1.0
134	0.0	0.0	0.0	0.0	0.0	0.0	0.0
135	0.0	0.0	0.0	0.0	0.0	0.0	0.0
136	0.0	0.0	0.0	0.0	0.0	0.0	0.0
137	0.0	0.0	0.0	0.0	0.0	0.0	0.0
138	1.0	2.0	1.0	2.0	1.3330000000000002	4.667	2.0
139	0.0	0.0	0.0	0.0	0.0	0.0	0.0
140	4.0	0.0	4.0	0.0	4.0	8.0	4.0
141	2.0	0.0	2.0	0.0	2.0	4.0	2.0
142	0.0	0.0	0.0	0.0	0.0	0.0	0.0
143	3.0	0.0	2.0	0.0	2.0040000000000004	6.9959999999999996	2.0
144	0.0	0.0	0.0	0.0	0.0	0.0	0.0
145	1.0	0.0	1.0	0.0	0.3330000000000002	2.667	1.0
146	0.0	1.0	0.0	1.0	0.3330000000000002	2.667	1.0
147	2.0	0.0	1.0	0.0	0.6660000000000004	5.334	1.0
148	1.0	0.0	1.0	0.0	1.4	1.6	1.0
149	3.0	1.0	3.0	1.0	2.333	6.667	3.0
150	1.0	0.0	1.0	0.0	1.0	2.0	1.0
151	2.0	0.0	2.0	0.0	0.6660000000000004	5.334	2.0
152	3.0	0.0	3.0	0.0	1.6680000000000001	4.332	2.0
153	3.0	2.0	2.0	1.0	2.9990000000000006	12.001	3.0
154	0.0	0.0	0.0	0.0	0.0	0.0	0.0
155	0.0	0.0	0.0	0.0	0.0	0.0	0.0
156	1.0	0.0	1.0	0.0	1.0	2.0	1.0
157	1.0	0.0	1.0	0.0	0.3330000000000002	2.667	1.0
158	1.0	0.0	1.0	0.0	0.3330000000000002	2.667	1.0
159	1.0	1.0	1.0	1.0	2.0	4.0	2.0
160	3.0	1.0	2.0	1.0	4.0	8.0	3.0
161	0.0	0.0	0.0	0.0	0.0	0.0	0.0
162	3.0	0.0	2.0	0.0	3.0	6.0	2.0
163	1.0	0.0	1.0	0.0	0.3330000000000002	2.667	1.0
164	2.0	0.0	2.0	0.0	2.0	4.0	2.0
165	0.0	0.0	0.0	0.0	0.0	0.0	0.0
166	2.0	0.0	1.0	0.0	2.4	3.6	1.0
167	3.0	0.0	2.0	0.0	3.8	5.2	2.0
168	1.0	0.0	1.0	0.0	0.3330000000000002	2.667	1.0
169	0.0	1.0	0.0	1.0	1.0	2.0	1.0
170	1.0	0.0	1.0	0.0	0.3330000000000002	2.667	1.0
171	0.0	0.0	0.0	0.0	0.0	0.0	0.0
172	2.0	0.0	1.0	0.0	1.6680000000000001	4.332	1.0
173	0.0	0.0	0.0	0.0	0.0	0.0	0.0
174	0.0	0.0	0.0	0.0	0.0	0.0	0.0
175	1.0	0.0	1.0	0.0	1.0	2.0	1.0
176	4.0	0.0	2.0	0.0	1.6680000000000001	4.332	1.0
177	1.0	0.0	1.0	0.0	0.6680000000000001	2.332	1.0
178	3.0	1.0	2.0	1.0	1.3330000000000002	4.667	1.0
179	1.0	1.0	1.0	1.0	0.6660000000000004	5.334	2.0
180	2.0	1.0	0.0	1.0	2.333	6.667	1.0
181	0.0	0.0	0.0	0.0	0.0	0.0	0.0
182	2.0	2.0	2.0	2.0	1.3330000000000002	4.667	2.0
183	1.0	2.0	1.0	2.0	0.9990000000000006	8.001	3.0
184	0.0	1.0	0.0	1.0	1.0	2.0	1.0
185	0.0	1.0	0.0	1.0	0.3330000000000002	2.667	1.0
186	2.0	0.0	2.0	0.0	2.0	4.0	2.0
187	3.0	1.0	2.0	1.0	3.333	8.667	3.0
188	0.0	0.0	0.0	0.0	0.0	0.0	0.0
189	0.0	0.0	0.0	0.0	0.0	0.0	0.0
190	1.0	0.0	1.0	0.0	0.3330000000000002	2.667	1.0
191	1.0	1.0	1.0	1.0	0.6660000000000004	5.334	2.0
192	1.0	0.0	1.0	0.0	1.0	2.0	1.0
193	1.0	0.0	1.0	0.0	0.3330000000000002	2.667	1.0
194	0.0	0.0	0.0	0.0	0.0	0.0	0.0
195	1.0	0.0	1.0	0.0	1.0	2.0	1.0
196	1.0	0.0	1.0	0.0	0.6680000000000001	2.332	1.0
197	1.0	0.0	1.0	0.0	0.3330000000000002	2.667	1.0
198	3.0	0.0	3.0	0.0	3.0	6.0	3.0
199	2.0	0.0	2.0	0.0	2.0	4.0	2.0
200	3.0	0.0	2.0	0.0	3.0	6.0	2.0
201	1.0	0.0	1.0	0.0	0.3330000000000002	2.667	1.0
202	3.0	1.0	1.0	1.0	3.0	6.0	1.0
203	0.0	2.0	0.0	2.0	0.3330000000000002	2.667	1.0
204	2.0	0.0	2.0	0.0	2.0	4.0	2.0
205	3.0	0.0	1.0	0.0	0.9990000000000006	8.001	1.0
206	4.0	0.0	3.0	0.0	4.0	8.0	3.0
207	0.0	0.0	0.0	0.0	0.0	0.0	0.0
208	0.0	0.0	0.0	0.0	0.0	0.0	0.0
209	1.0	1.0	1.0	0.0	2.0	4.0	1.0
210	1.0	0.0	1.0	0.0	0.3330000000000002	2.667	1.0
211	6.0	0.0	4.0	0.0	5.0040000000000004	12.996000000000002	4.0
212	0.0	0.0	0.0	0.0	0.0	0.0	0.0
213	2.0	0.0	2.0	0.0	2.0	4.0	2.0
214	0.0	0.0	0.0	0.0	0.0	0.0	0.0
215	0.0	0.0	0.0	0.0	0.0	0.0	0.0
216	1.0	1.0	1.0	1.0	0.6680000000000001	5.332	2.0
217	2.0	1.0	2.0	1.0	2.333	6.667	3.0
218	3.0	1.0	1.0	1.0	3.0	6.0	1.0
219	0.0	1.0	0.0	1.0	0.3330000000000002	2.667	1.0
220	1.0	2.0	1.0	1.0	2.333	6.667	2.0
221	2.0	1.0	2.0	1.0	2.068	3.932	2.0
222	2.0	4.0	1.0	1.0	5.0	10.0	2.0
223	2.0	0.0	1.0	0.0	0.6660000000000004	5.334	1.0
224	3.0	0.0	2.0	0.0	3.068	5.932	2.0
225	3.0	2.0	2.0	2.0	3.0	9.0	3.0
226	3.0	2.0	3.0	1.0	3.6660000000000004	11.334	4.0
227	1.0	1.0	1.0	0.0	0.6660000000000004	5.334	1.0
228	1.0	1.0	1.0	0.0	2.0	4.0	1.0
229	1.0	0.0	1.0	0.0	0.3330000000000002	2.667	1.0
230	0.0	0.0	0.0	0.0	0.0	0.0	0.0
231	0.0	2.0	0.0	0.0	0.3330000000000002	2.667	0.0
232	1.0	2.0	1.0	0.0	1.6680000000000001	7.332	1.0
233	2.0	0.0	1.0	0.0	0.6660000000000004	5.334	1.0
234	2.0	1.0	2.0	0.0	3.0	6.0	2.0
235	0.0	0.0	0.0	0.0	0.0	0.0	0.0
236	1.0	3.0	0.0	3.0	1.6660000000000004	7.334	2.0
237	0.0	2.0	0.0	2.0	0.6660000000000004	5.334	2.0
238	3.0	0.0	2.0	0.0	3.0	6.0	2.0
239	4.0	1.0	3.0	1.0	3.668	8.332	3.0
240	0.0	1.0	0.0	1.0	0.3330000000000002	2.667	1.0
241	3.0	0.0	2.0	0.0	0.9990000000000006	8.001	2.0
242	3.0	2.0	3.0	2.0	2.333	6.667	3.0
243	0.0	0.0	0.0	0.0	0.0	0.0	0.0
244	3.0	0.0	2.0	0.0	3.4	5.6	2.0
245	1.0	0.0	1.0	0.0	1.4	1.6	1.0
246	1.0	0.0	1.0	0.0	0.3330000000000002	2.667	1.0
247	3.0	0.0	3.0	0.0	3.0	6.0	3.0
248	0.0	2.0	0.0	2.0	0.3330000000000002	2.667	1.0
249	4.0	0.0	1.0	0.0	4.0	8.0	1.0
250	3.0	0.0	2.0	0.0	3.0	6.0	2.0
251	3.0	3.0	2.0	3.0	5.333	12.667	5.0
252	3.0	4.0	3.0	2.0	6.333	14.667	5.0
253	1.0	3.0	1.0	2.0	2.6660000000000004	9.334	3.0
254	0.0	0.0	0.0	0.0	0.0	0.0	0.0
255	2.0	0.0	1.0	0.0	2.0	4.0	1.0
256	0.0	0.0	0.0	0.0	0.0	0.0	0.0
257	0.0	2.0	0.0	2.0	1.3330000000000002	4.667	2.0
258	0.0	0.0	0.0	0.0	0.0	0.0	0.0
259	3.0	5.0	1.0	3.0	3.333	8.667	2.0
260	1.0	0.0	0.0	0.0	0.3330000000000002	2.667	0.0
261	2.0	0.0	1.0	0.0	2.0	4.0	1.0
262	0.0	2.0	0.0	2.0	1.0	2.0	1.0
263	0.0	0.0	0.0	0.0	0.0	0.0	0.0
264	2.0	0.0	2.0	0.0	2.0	4.0	2.0
265	0.0	0.0	0.0	0.0	0.0	0.0	0.0
266	1.0	0.0	1.0	0.0	0.3330000000000002	2.667	1.0
267	0.0	0.0	0.0	0.0	0.0	0.0	0.0
268	2.0	0.0	2.0	0.0	1.3360000000000003	4.664	2.0
269	0.0	0.0	0.0	0.0	0.0	0.0	0.0
270	1.0	0.0	0.0	0.0	0.3330000000000002	2.667	0.0
271	1.0	0.0	1.0	0.0	0.3330000000000002	2.667	1.0
272	2.0	0.0	1.0	0.0	2.0	4.0	1.0
273	1.0	0.0	1.0	0.0	0.3330000000000002	2.667	1.0
274	1.0	0.0	1.0	0.0	0.3330000000000002	2.667	1.0
275	2.0	0.0	0.0	0.0	0.6660000000000004	5.334	0.0
276	1.0	0.0	1.0	0.0	1.0	2.0	1.0
277	1.0	0.0	1.0	0.0	0.6680000000000001	2.332	1.0
278	0.0	0.0	0.0	0.0	0.0	0.0	0.0
279	0.0	0.0	0.0	0.0	0.0	0.0	0.0
280	2.0	0.0	2.0	0.0	0.6660000000000004	5.334	2.0
281	3.0	0.0	3.0	0.0	3.068	5.932	3.0
282	1.0	0.0	1.0	0.0	0.3330000000000002	2.667	1.0
283	2.0	0.0	1.0	0.0	2.0	4.0	1.0
284	1.0	0.0	1.0	0.0	1.0	2.0	1.0
285	4.0	0.0	3.0	0.0	2.668	6.332	2.0
286	2.0	0.0	2.0	0.0	0.6660000000000004	5.334	2.0
287	3.0	0.0	2.0	0.0	3.0	6.0	2.0
288	2.0	0.0	2.0	0.0	2.0	4.0	2.0
289	1.0	0.0	0.0	0.0	0.3330000000000002	2.667	0.0
290	1.0	0.0	1.0	0.0	1.0	2.0	1.0
291	2.0	0.0	2.0	0.0	2.0	4.0	2.0
292	3.0	0.0	2.0	0.0	2.0040000000000004	6.9959999999999996	2.0
293	1.0	0.0	1.0	0.0	0.3330000000000002	2.667	1.0
294	2.0	0.0	2.0	0.0	2.0	4.0	2.0
295	1.0	0.0	0.0	0.0	1.0	2.0	0.0
296	2.0	0.0	1.0	0.0	0.6660000000000004	5.334	1.0
297	3.0	0.0	1.0	0.0	3.0	6.0	1.0
298	1.0	0.0	1.0	0.0	1.0	2.0	1.0
299	2.0	0.0	1.0	0.0	0.6660000000000004	5.334	1.0
300	2.0	0.0	2.0	0.0	2.0	4.0	2.0
301	3.0	0.0	2.0	0.0	3.068	5.932	2.0
302	3.0	0.0	2.0	0.0	3.0	6.0	2.0
303	4.0	0.0	2.0	0.0	4.0	8.0	2.0
304	2.0	0.0	0.0	0.0	1.0	2.0	0.0
305	1.0	0.0	1.0	0.0	0.3330000000000002	2.667	1.0
306	2.0	3.0	1.0	0.0	2.733	6.2669999999999995	1.0
307	0.0	0.0	0.0	0.0	0.0	0.0	0.0
308	3.0	0.0	2.0	0.0	3.0	6.0	2.0
309	0.0	0.0	0.0	0.0	0.0	0.0	0.0
310	1.0	0.0	0.0	0.0	0.3330000000000002	2.667	0.0
311	0.0	0.0	0.0	0.0	0.0	0.0	0.0
312	2.0	0.0	2.0	0.0	0.6680000000000001	2.332	1.0
313	3.0	2.0	1.0	1.0	3.668	8.332	2.0
314	1.0	1.0	1.0	1.0	0.6660000000000004	5.334	2.0
315	0.0	0.0	0.0	0.0	0.0	0.0	0.0
316	2.0	0.0	2.0	0.0	2.0	4.0	2.0
317	2.0	0.0	2.0	0.0	2.0	4.0	2.0
318	1.0	0.0	1.0	0.0	0.3330000000000002	2.667	1.0
319	1.0	0.0	1.0	0.0	0.3330000000000002	2.667	1.0
320	1.0	0.0	0.0	0.0	0.3330000000000002	2.667	0.0
321	0.0	0.0	0.0	0.0	0.0	0.0	0.0
322	0.0	0.0	0.0	0.0	0.0	0.0	0.0
323	0.0	0.0	0.0	0.0	0.0	0.0	0.0
324	0.0	0.0	0.0	0.0	0.0	0.0	0.0
325	2.0	0.0	1.0	0.0	2.068	3.932	1.0
326	0.0	0.0	0.0	0.0	0.0	0.0	0.0
327	0.0	0.0	0.0	0.0	0.0	0.0	0.0
328	3.0	0.0	2.0	0.0	3.0	6.0	2.0
329	1.0	0.0	0.0	0.0	0.3330000000000002	2.667	0.0
330	3.0	0.0	3.0	0.0	2.4	3.6	2.0
331	1.0	0.0	1.0	0.0	1.0	2.0	1.0
332	2.0	0.0	2.0	0.0	2.0	4.0	2.0
333	2.0	0.0	2.0	0.0	2.0	4.0	2.0
334	2.0	2.0	2.0	1.0	2.6660000000000004	9.334	3.0
335	1.0	0.0	1.0	0.0	1.0	2.0	1.0
336	0.0	0.0	0.0	0.0	0.0	0.0	0.0
337	1.0	0.0	1.0	0.0	1.0	2.0	1.0
338	1.0	0.0	1.0	0.0	1.0	2.0	1.0
339	0.0	0.0	0.0	0.0	0.0	0.0	0.0
340	3.0	0.0	2.0	0.0	3.0	6.0	2.0
341	2.0	1.0	1.0	0.0	1.3330000000000002	4.667	1.0
342	0.0	0.0	0.0	0.0	0.0	0.0	0.0
343	1.0	0.0	1.0	0.0	0.3330000000000002	2.667	1.0
344	0.0	0.0	0.0	0.0	0.0	0.0	0.0
345	1.0	0.0	1.0	0.0	0.3330000000000002	2.667	1.0
346	0.0	4.0	0.0	3.0	2.0010000000000003	6.999	2.0
347	3.0	1.0	3.0	0.0	2.0010000000000003	6.999	2.0
348	2.0	0.0	1.0	0.0	2.0	4.0	1.0
349	3.0	0.0	2.0	0.0	3.0	6.0	2.0
350	2.0	0.0	1.0	0.0	2.4	3.6	1.0
351	4.0	0.0	4.0	0.0	4.0	8.0	4.0
352	0.0	0.0	0.0	0.0	0.0	0.0	0.0
353	2.0	0.0	1.0	0.0	0.6660000000000004	5.334	1.0
354	2.0	0.0	2.0	0.0	2.0	4.0	2.0
355	1.0	0.0	0.0	0.0	0.3330000000000002	2.667	0.0
356	2.0	2.0	2.0	0.0	2.736	6.263999999999999	2.0
357	3.0	0.0	2.0	0.0	3.0	6.0	2.0
358	2.0	0.0	2.0	0.0	0.6660000000000004	5.334	2.0
359	2.0	0.0	0.0	0.0	2.0	4.0	0.0
360	3.0	0.0	2.0	0.0	0.9990000000000006	8.001	2.0
361	1.0	0.0	1.0	0.0	1.0	2.0	1.0
362	0.0	0.0	0.0	0.0	0.0	0.0	0.0
363	2.0	0.0	2.0	0.0	2.0	4.0	2.0
364	0.0	0.0	0.0	0.0	0.0	0.0	0.0
365	2.0	0.0	2.0	0.0	1.0	2.0	1.0
366	3.0	0.0	1.0	0.0	2.0040000000000004	6.9959999999999996	1.0
367	1.0	0.0	1.0	0.0	0.3330000000000002	2.667	1.0
368	4.0	0.0	3.0	0.0	3.068	5.932	2.0
369	3.0	0.0	2.0	0.0	2.668	6.332	2.0
370	3.0	0.0	2.0	0.0	2.668	6.332	2.0
371	2.0	0.0	1.0	0.0	0.6660000000000004	5.334	1.0
372	1.0	0.0	0.0	0.0	0.3330000000000002	2.667	0.0
373	1.0	0.0	1.0	0.0	1.0	2.0	1.0
374	0.0	0.0	0.0	0.0	0.0	0.0	0.0
375	2.0	0.0	1.0	0.0	2.4	3.6	1.0
376	1.0	0.0	1.0	0.0	0.3330000000000002	2.667	1.0
377	2.0	0.0	2.0	0.0	0.6660000000000004	5.334	2.0
378	0.0	1.0	0.0	0.0	0.3330000000000002	2.667	0.0
379	3.0	0.0	3.0	0.0	1.6680000000000001	4.332	2.0
380	2.0	0.0	1.0	0.0	0.6660000000000004	5.334	1.0
381	3.0	0.0	2.0	0.0	0.9990000000000006	8.001	2.0
382	2.0	0.0	1.0	0.0	1.3360000000000003	4.664	1.0
383	3.0	0.0	2.0	0.0	3.0	6.0	2.0
384	1.0	0.0	1.0	0.0	1.0	2.0	1.0
385	3.0	0.0	2.0	0.0	3.0	6.0	2.0
386	0.0	0.0	0.0	0.0	0.0	0.0	0.0
387	2.0	0.0	2.0	0.0	1.3360000000000003	4.664	2.0
388	3.0	0.0	1.0	0.0	3.0	6.0	1.0
389	2.0	0.0	1.0	0.0	0.6660000000000004	5.334	1.0
390	1.0	0.0	1.0	0.0	1.0	2.0	1.0
391	2.0	0.0	2.0	0.0	0.6660000000000004	5.334	2.0
392	1.0	0.0	1.0	0.0	1.0	2.0	1.0
393	0.0	0.0	0.0	0.0	0.0	0.0	0.0
394	0.0	0.0	0.0	0.0	0.0	0.0	0.0
395	0.0	0.0	0.0	0.0	0.0	0.0	0.0
396	2.0	0.0	1.0	0.0	0.6660000000000004	5.334	1.0
397	2.0	0.0	2.0	0.0	1.3360000000000003	4.664	2.0
398	2.0	0.0	2.0	0.0	2.0	4.0	2.0
399	0.0	0.0	0.0	0.0	0.0	0.0	0.0
400	4.0	0.0	3.0	0.0	4.0	8.0	3.0
401	2.0	0.0	2.0	0.0	1.6680000000000001	4.332	2.0
402	1.0	0.0	1.0	0.0	0.6680000000000001	2.332	1.0
403	1.0	4.0	1.0	4.0	0.9990000000000006	8.001	3.0
404	1.0	0.0	1.0	0.0	0.3330000000000002	2.667	1.0
405	0.0	0.0	0.0	0.0	0.0	0.0	0.0
406	1.0	0.0	1.0	0.0	1.0	2.0	1.0
407	0.0	0.0	0.0	0.0	0.0	0.0	0.0
408	3.0	1.0	2.0	0.0	2.6660000000000004	9.334	2.0
409	2.0	0.0	1.0	0.0	2.0	4.0	1.0
410	1.0	1.0	1.0	1.0	2.0	4.0	2.0
411	3.0	0.0	2.0	0.0	3.0	6.0	2.0
412	0.0	0.0	0.0	0.0	0.0	0.0	0.0
413	0.0	0.0	0.0	0.0	0.0	0.0	0.0
414	3.0	0.0	2.0	0.0	3.0	6.0	2.0
415	1.0	0.0	1.0	0.0	0.3330000000000002	2.667	1.0
416	0.0	0.0	0.0	0.0	0.0	0.0	0.0
417	1.0	0.0	1.0	0.0	0.3330000000000002	2.667	1.0
418	1.0	0.0	1.0	0.0	1.0	2.0	1.0
419	0.0	0.0	0.0	0.0	0.0	0.0	0.0
420	1.0	0.0	0.0	0.0	0.3330000000000002	2.667	0.0
421	0.0	0.0	0.0	0.0	0.0	0.0	0.0
422	0.0	0.0	0.0	0.0	0.0	0.0	0.0
423	3.0	0.0	2.0	0.0	3.0	6.0	2.0
424	2.0	0.0	1.0	0.0	2.0	4.0	1.0
425	3.0	0.0	2.0	0.0	3.0	6.0	2.0
426	2.0	2.0	0.0	1.0	1.0010000000000003	4.999	1.0
427	0.0	1.0	0.0	1.0	0.6680000000000001	2.332	1.0
428	2.0	0.0	2.0	0.0	1.3360000000000003	4.664	2.0
429	1.0	0.0	1.0	0.0	0.3330000000000002	2.667	1.0
430	2.0	1.0	1.0	0.0	3.4	5.6	1.0
431	1.0	0.0	1.0	0.0	0.6680000000000001	2.332	1.0
432	0.0	0.0	0.0	0.0	0.0	0.0	0.0
433	1.0	0.0	1.0	0.0	0.3330000000000002	2.667	1.0
434	3.0	0.0	3.0	0.0	3.0	6.0	3.0
435	0.0	0.0	0.0	0.0	0.0	0.0	0.0
436	1.0	0.0	1.0	0.0	0.6680000000000001	2.332	1.0
437	3.0	0.0	3.0	0.0	3.0	6.0	3.0
438	2.0	0.0	2.0	0.0	2.0	4.0	2.0
439	2.0	0.0	1.0	0.0	2.0	4.0	1.0
440	1.0	1.0	0.0	1.0	2.0	4.0	1.0
441	3.0	0.0	2.0	0.0	0.9990000000000006	8.001	2.0
442	4.0	1.0	1.0	1.0	5.0	10.0	2.0
443	0.0	0.0	0.0	0.0	0.0	0.0	0.0
444	3.0	0.0	2.0	0.0	3.0	6.0	2.0
445	2.0	0.0	2.0	0.0	2.0	4.0	2.0
446	1.0	3.0	1.0	3.0	1.3330000000000002	4.667	2.0
447	0.0	0.0	0.0	0.0	0.0	0.0	0.0
448	3.0	3.0	3.0	1.0	4.068	10.931999999999999	3.0
449	4.0	0.0	3.0	0.0	4.468	7.532	3.0
450	2.0	0.0	1.0	0.0	2.4	3.6	1.0
451	4.0	0.0	2.0	0.0	4.0	8.0	2.0
452	1.0	0.0	1.0	0.0	1.0	2.0	1.0
453	4.0	0.0	2.0	0.0	4.0	8.0	2.0
454	3.0	0.0	2.0	0.0	3.0	6.0	2.0
455	1.0	0.0	1.0	0.0	1.0	2.0	1.0
456	3.0	0.0	1.0	0.0	3.0	6.0	1.0
457	0.0	0.0	0.0	0.0	0.0	0.0	0.0
458	0.0	0.0	0.0	0.0	0.0	0.0	0.0
459	1.0	0.0	1.0	0.0	1.0	2.0	1.0
460	0.0	2.0	0.0	2.0	0.6660000000000004	5.334	2.0
461	1.0	1.0	1.0	1.0	0.6660000000000004	5.334	2.0
462	3.0	0.0	2.0	0.0	3.0	6.0	2.0
463	2.0	0.0	1.0	0.0	0.6660000000000004	5.334	1.0
464	1.0	0.0	1.0	0.0	0.3330000000000002	2.667	1.0
465	2.0	0.0	2.0	0.0	0.6660000000000004	5.334	2.0
466	1.0	0.0	1.0	0.0	0.6680000000000001	2.332	1.0
467	4.0	0.0	2.0	0.0	4.0	8.0	2.0
468	1.0	1.0	0.0	1.0	2.0	4.0	1.0
469	2.0	1.0	1.0	1.0	1.6680000000000001	4.332	1.0
470	4.0	1.0	2.0	1.0	4.4	10.6	3.0
471	1.0	2.0	1.0	2.0	0.3330000000000002	2.667	1.0
472	0.0	0.0	0.0	0.0	0.0	0.0	0.0
473	2.0	0.0	1.0	0.0	2.0	4.0	1.0
474	0.0	0.0	0.0	0.0	0.0	0.0	0.0
475	2.0	2.0	1.0	1.0	4.0	8.0	2.0
476	2.0	0.0	2.0	0.0	0.6660000000000004	5.334	2.0
477	2.0	0.0	2.0	0.0	0.6660000000000004	5.334	2.0
478	0.0	1.0	0.0	1.0	1.4	1.6	1.0
479	1.0	0.0	1.0	0.0	0.3330000000000002	2.667	1.0
480	2.0	0.0	1.0	0.0	1.3360000000000003	4.664	1.0
481	2.0	0.0	1.0	0.0	2.0	4.0	1.0
482	1.0	0.0	1.0	0.0	0.3330000000000002	2.667	1.0
483	1.0	0.0	1.0	0.0	0.3330000000000002	2.667	1.0
484	1.0	0.0	0.0	0.0	1.0	2.0	0.0
485	2.0	0.0	1.0	0.0	0.6660000000000004	5.334	1.0
486	1.0	0.0	1.0	0.0	1.0	2.0	1.0
487	0.0	2.0	0.0	2.0	0.3330000000000002	2.667	1.0
488	1.0	2.0	1.0	1.0	0.9990000000000006	8.001	2.0
489	1.0	2.0	1.0	1.0	0.9990000000000006	8.001	2.0
490	2.0	0.0	1.0	0.0	0.6660000000000004	5.334	1.0
491	0.0	3.0	0.0	2.0	1.6680000000000001	7.332	2.0
492	3.0	1.0	1.0	1.0	1.3320000000000007	10.668	2.0
493	2.0	0.0	1.0	0.0	0.6660000000000004	5.334	1.0
494	5.0	0.0	2.0	0.0	4.068	7.932	1.0
495	1.0	0.0	1.0	0.0	0.3330000000000002	2.667	1.0
496	0.0	0.0	0.0	0.0	0.0	0.0	0.0
497	1.0	1.0	1.0	1.0	1.4	1.6	1.0
498	3.0	0.0	3.0	0.0	3.0	6.0	3.0
499	1.0	0.0	1.0	0.0	1.0	2.0	1.0
500	0.0	0.0	0.0	0.0	0.0	0.0	0.0
501	2.0	1.0	0.0	1.0	0.9990000000000006	8.001	1.0
502	0.0	0.0	0.0	0.0	0.0	0.0	0.0
503	1.0	0.0	1.0	0.0	1.0	2.0	1.0
504	3.0	0.0	1.0	0.0	3.8	5.2	1.0
505	3.0	0.0	0.0	0.0	2.3360000000000003	6.664	0.0
506	3.0	1.0	1.0	1.0	2.333	6.667	2.0
507	0.0	2.0	0.0	2.0	1.0	2.0	1.0
508	1.0	0.0	1.0	0.0	1.0	2.0	1.0
509	2.0	0.0	1.0	0.0	0.6660000000000004	5.334	1.0
510	4.0	0.0	3.0	0.0	4.0	8.0	3.0
511	0.0	0.0	0.0	0.0	0.0	0.0	0.0
512	2.0	1.0	2.0	1.0	3.8	5.2	3.0
513	2.0	0.0	1.0	0.0	0.6660000000000004	5.334	1.0
514	1.0	0.0	0.0	0.0	1.0	2.0	0.0
515	2.0	0.0	1.0	0.0	2.0	4.0	1.0
516	0.0	0.0	0.0	0.0	0.0	0.0	0.0
517	0.0	0.0	0.0	0.0	0.0	0.0	0.0
518	0.0	0.0	0.0	0.0	0.0	0.0	0.0
519	4.0	1.0	1.0	1.0	4.668	10.332	2.0
520	3.0	0.0	3.0	0.0	3.4	5.6	3.0
521	0.0	0.0	0.0	0.0	0.0	0.0	0.0
522	1.0	0.0	1.0	0.0	0.3330000000000002	2.667	1.0
523	1.0	0.0	0.0	0.0	0.3330000000000002	2.667	0.0
524	0.0	0.0	0.0	0.0	0.0	0.0	0.0
525	2.0	0.0	2.0	0.0	2.0	4.0	2.0
526	2.0	0.0	1.0	0.0	2.0	4.0	1.0
527	1.0	0.0	1.0	0.0	0.3330000000000002	2.667	1.0
528	3.0	0.0	2.0	0.0	2.0040000000000004	6.9959999999999996	2.0
529	2.0	0.0	1.0	0.0	2.0	4.0	1.0
530	0.0	0.0	0.0	0.0	0.0	0.0	0.0
531	0.0	0.0	0.0	0.0	0.0	0.0	0.0
532	3.0	0.0	2.0	0.0	3.0	6.0	2.0
533	4.0	0.0	2.0	0.0	4.0	8.0	2.0
534	3.0	0.0	2.0	0.0	3.0	6.0	2.0
535	3.0	0.0	2.0	0.0	3.0	6.0	2.0
536	1.0	0.0	0.0	0.0	1.0	2.0	0.0
537	0.0	1.0	0.0	0.0	0.3330000000000002	2.667	0.0
538	2.0	0.0	0.0	0.0	0.6660000000000004	5.334	0.0
539	1.0	3.0	1.0	2.0	1.3330000000000002	4.667	1.0
540	3.0	1.0	3.0	0.0	4.0	8.0	3.0
541	2.0	2.0	2.0	2.0	1.6660000000000004	7.334	3.0
542	0.0	3.0	0.0	2.0	1.3330000000000002	4.667	1.0
543	0.0	0.0	0.0	0.0	0.0	0.0	0.0
544	3.0	3.0	1.0	2.0	4.333	10.667	2.0
545	2.0	2.0	1.0	1.0	3.333	8.667	2.0
546	1.0	2.0	1.0	2.0	0.6660000000000004	5.334	2.0
547	1.0	2.0	1.0	2.0	2.333	6.667	3.0
548	2.0	1.0	2.0	0.0	2.668	6.332	2.0
549	0.0	0.0	0.0	0.0	0.0	0.0	0.0
550	3.0	0.0	2.0	0.0	3.0	6.0	2.0
551	2.0	0.0	0.0	0.0	2.0	4.0	0.0
552	2.0	2.0	1.0	1.0	3.333	8.667	2.0
553	3.0	0.0	3.0	0.0	3.0	6.0	3.0
554	1.0	0.0	1.0	0.0	0.6680000000000001	2.332	1.0
555	3.0	0.0	3.0	0.0	3.0	6.0	3.0
556	2.0	0.0	1.0	0.0	2.0	4.0	1.0
557	0.0	0.0	0.0	0.0	0.0	0.0	0.0
558	0.0	0.0	0.0	0.0	0.0	0.0	0.0
559	3.0	0.0	2.0	0.0	3.0	6.0	2.0
560	1.0	2.0	1.0	1.0	1.733	4.2669999999999995	1.0
561	1.0	0.0	1.0	0.0	0.3330000000000002	2.667	1.0
562	4.0	0.0	3.0	0.0	3.668	8.332	3.0
563	2.0	0.0	2.0	0.0	0.6660000000000004	5.334	2.0
564	4.0	0.0	2.0	0.0	3.668	8.332	2.0
565	1.0	3.0	0.0	2.0	2.6660000000000004	9.334	2.0
566	3.0	2.0	1.0	0.0	2.9990000000000006	12.001	1.0
567	2.0	0.0	1.0	0.0	2.0	4.0	1.0
568	0.0	1.0	0.0	1.0	0.3330000000000002	2.667	1.0
569	1.0	3.0	0.0	1.0	0.9990000000000006	8.001	1.0
570	1.0	2.0	1.0	2.0	2.0	4.0	2.0
571	0.0	1.0	0.0	1.0	1.0	2.0	1.0
572	1.0	0.0	0.0	0.0	0.3330000000000002	2.667	0.0
573	3.0	2.0	3.0	2.0	3.0	9.0	4.0
574	3.0	2.0	2.0	1.0	3.0	6.0	2.0
575	3.0	1.0	2.0	1.0	1.9990000000000006	10.001	3.0
576	4.0	0.0	3.0	0.0	4.0	8.0	3.0
577	3.0	0.0	3.0	0.0	3.0	6.0	3.0
578	0.0	0.0	0.0	0.0	0.0	0.0	0.0
579	4.0	0.0	1.0	0.0	4.0	8.0	1.0
580	3.0	0.0	2.0	0.0	3.0	6.0	2.0
581	2.0	0.0	0.0	0.0	2.0	4.0	0.0
582	2.0	1.0	1.0	0.0	2.0	4.0	1.0
583	3.0	2.0	1.0	2.0	4.0	8.0	2.0
584	3.0	1.0	1.0	0.0	3.0	6.0	1.0
585	1.0	2.0	1.0	1.0	2.0	4.0	1.0
586	0.0	1.0	0.0	1.0	1.0	2.0	1.0
587	3.0	4.0	3.0	4.0	1.6660000000000004	7.334	3.0
588	3.0	3.0	2.0	3.0	1.9990000000000006	10.001	3.0
589	0.0	2.0	0.0	1.0	1.3330000000000002	4.667	1.0
590	1.0	1.0	1.0	0.0	1.3330000000000002	4.667	1.0
591	1.0	2.0	1.0	2.0	1.3330000000000002	4.667	2.0
592	0.0	0.0	0.0	0.0	0.0	0.0	0.0
593	0.0	0.0	0.0	0.0	0.0	0.0	0.0
594	0.0	0.0	0.0	0.0	0.0	0.0	0.0
595	0.0	2.0	0.0	1.0	0.6660000000000004	5.334	1.0
596	1.0	0.0	1.0	0.0	0.3330000000000002	2.667	1.0
597	0.0	2.0	0.0	1.0	0.6660000000000004	5.334	1.0
598	2.0	2.0	1.0	1.0	1.6660000000000004	7.334	1.0
599	1.0	2.0	0.0	2.0	0.9990000000000006	8.001	2.0
600	0.0	2.0	0.0	1.0	0.6660000000000004	5.334	1.0
601	1.0	0.0	1.0	0.0	0.3330000000000002	2.667	1.0
602	0.0	2.0	0.0	0.0	0.6660000000000004	5.334	0.0
603	3.0	0.0	2.0	0.0	3.0	6.0	2.0
604	1.0	0.0	0.0	0.0	0.3330000000000002	2.667	0.0
605	2.0	4.0	2.0	1.0	4.666	13.334	3.0
606	1.0	0.0	0.0	0.0	1.0	2.0	0.0
607	1.0	3.0	1.0	2.0	2.333	6.667	2.0
608	2.0	0.0	2.0	0.0	0.6660000000000004	5.334	2.0
609	1.0	3.0	0.0	1.0	1.9990000000000006	10.001	1.0
610	1.0	3.0	1.0	2.0	1.6660000000000004	7.334	2.0
611	1.0	5.0	1.0	4.0	4.333	10.667	4.0
612	1.0	5.0	1.0	5.0	1.9990000000000006	10.001	4.0
613	2.0	2.0	2.0	2.0	2.333	6.667	3.0
614	2.0	2.0	2.0	2.0	1.3320000000000007	10.668	4.0
615	0.0	0.0	0.0	0.0	0.0	0.0	0.0
616	3.0	3.0	3.0	3.0	2.333	6.667	3.0
617	2.0	3.0	2.0	3.0	1.3330000000000002	4.667	2.0
618	3.0	3.0	2.0	3.0	3.333	8.667	3.0
619	1.0	2.0	1.0	2.0	0.9990000000000006	8.001	3.0
620	2.0	2.0	1.0	2.0	4.0	8.0	3.0
621	0.0	0.0	0.0	0.0	0.0	0.0	0.0
622	3.0	2.0	3.0	2.0	2.333	6.667	3.0
623	3.0	1.0	3.0	1.0	1.6660000000000004	7.334	3.0
624	2.0	2.0	2.0	1.0	1.9990000000000006	10.001	3.0
625	2.0	2.0	2.0	1.0	3.0	6.0	2.0
626	2.0	5.0	1.0	5.0	2.3320000000000007	12.668	4.0
627	1.0	2.0	1.0	1.0	0.9990000000000006	8.001	2.0
628	3.0	2.0	3.0	1.0	3.333	8.667	3.0
629	2.0	1.0	2.0	1.0	2.0	4.0	2.0
630	1.0	0.0	1.0	0.0	0.3330000000000002	2.667	1.0
631	2.0	0.0	2.0	0.0	0.6660000000000004	5.334	2.0
632	2.0	2.0	2.0	1.0	3.0	9.0	3.0
633	3.0	0.0	2.0	0.0	2.0040000000000004	6.9959999999999996	2.0
634	2.0	1.0	2.0	1.0	3.0	6.0	3.0
635	4.0	0.0	2.0	0.0	4.068	7.932	2.0
636	2.0	3.0	0.0	3.0	2.6660000000000004	9.334	2.0
637	3.0	2.0	2.0	1.0	2.6660000000000004	9.334	3.0
638	0.0	5.0	0.0	2.0	1.6660000000000004	7.334	1.0
639	3.0	3.0	2.0	3.0	3.6660000000000004	11.334	4.0
640	2.0	2.0	1.0	2.0	1.3330000000000002	4.667	1.0
641	1.0	3.0	0.0	3.0	0.9990000000000006	8.001	2.0
642	0.0	4.0	0.0	3.0	2.6660000000000004	9.334	3.0
643	4.0	4.0	2.0	3.0	4.9990000000000006	16.000999999999998	4.0
644	3.0	4.0	1.0	3.0	3.6660000000000004	11.334	3.0
645	2.0	3.0	1.0	2.0	1.6660000000000004	7.334	2.0
646	0.0	1.0	0.0	1.0	0.3330000000000002	2.667	1.0
647	2.0	3.0	1.0	2.0	2.333	6.667	2.0
648	2.0	1.0	2.0	0.0	0.9990000000000006	8.001	2.0
649	2.0	2.0	2.0	2.0	1.3330000000000002	4.667	2.0
650	2.0	3.0	1.0	2.0	1.6660000000000004	7.334	2.0
651	1.0	5.0	1.0	3.0	0.9990000000000006	11.001	3.0
652	1.0	0.0	1.0	0.0	1.0	2.0	1.0
653	1.0	0.0	0.0	0.0	1.0	2.0	0.0
654	4.0	2.0	2.0	2.0	3.333	8.667	2.0
655	1.0	2.0	1.0	2.0	0.3330000000000002	2.667	1.0
656	0.0	2.0	0.0	2.0	0.3330000000000002	2.667	1.0
657	1.0	0.0	1.0	0.0	1.0	2.0	1.0
658	0.0	0.0	0.0	0.0	0.0	0.0	0.0
659	3.0	2.0	2.0	2.0	2.0660000000000003	6.933999999999999	2.0
660	1.0	1.0	0.0	1.0	0.6660000000000004	5.334	1.0
661	3.0	2.0	2.0	2.0	3.333	8.667	3.0
662	3.0	1.0	2.0	1.0	3.4	5.6	2.0
663	2.0	3.0	1.0	2.0	3.668	11.332	3.0
664	1.0	5.0	0.0	3.0	4.001	10.998999999999999	3.0
665	2.0	2.0	2.0	2.0	3.0	6.0	3.0
666	1.0	2.0	1.0	2.0	0.3330000000000002	2.667	1.0
667	3.0	3.0	2.0	2.0	3.6660000000000004	11.334	3.0
668	2.0	3.0	2.0	3.0	1.6660000000000004	7.334	3.0
669	3.0	2.0	2.0	2.0	3.668	8.332	3.0
670	1.0	2.0	0.0	0.0	1.0	2.0	0.0
671	1.0	6.0	1.0	4.0	1.9990000000000006	10.001	2.0
672	2.0	3.0	0.0	2.0	3.0010000000000003	8.998999999999999	2.0
673	1.0	4.0	0.0	2.0	2.3360000000000003	6.664	1.0
674	4.0	3.0	2.0	2.0	4.333	10.667	3.0
675	2.0	1.0	1.0	0.0	2.0	4.0	1.0
676	0.0	0.0	0.0	0.0	0.0	0.0	0.0
677	0.0	0.0	0.0	0.0	0.0	0.0	0.0
678	0.0	0.0	0.0	0.0	0.0	0.0	0.0
679	0.0	0.0	0.0	0.0	0.0	0.0	0.0
680	0.0	0.0	0.0	0.0	0.0	0.0	0.0
681	2.0	1.0	2.0	0.0	1.6680000000000001	4.332	1.0
682	0.0	2.0	0.0	1.0	0.6660000000000004	5.334	1.0
683	1.0	1.0	1.0	1.0	0.3330000000000002	2.667	1.0
684	2.0	2.0	1.0	1.0	3.0	6.0	2.0
685	0.0	1.0	0.0	1.0	1.0	2.0	1.0
686	1.0	3.0	1.0	2.0	2.333	6.667	2.0
687	0.0	2.0	0.0	2.0	1.0010000000000003	4.999	2.0
688	3.0	0.0	2.0	0.0	2.668	6.332	2.0
689	3.0	3.0	3.0	3.0	1.3340000000000005	7.6659999999999995	3.0
690	1.0	2.0	1.0	1.0	1.6690000000000005	7.3309999999999995	2.0
691	3.0	0.0	3.0	0.0	3.0	6.0	3.0
692	1.0	1.0	0.0	0.0	1.0	2.0	0.0
693	0.0	0.0	0.0	0.0	0.0	0.0	0.0
694	0.0	0.0	0.0	0.0	0.0	0.0	0.0
695	0.0	0.0	0.0	0.0	0.0	0.0	0.0
