pos	Sd	Nd	Sd_tip	Nd_tip	S	N	comparisons
001	0.0	0.0	0.0	0.0	0.0	0.0	0.0
002	0.0	0.0	0.0	0.0	0.0	0.0	0.0
003	0.0	0.0	0.0	0.0	0.0	0.0	0.0
004	0.0	0.0	0.0	0.0	0.0	0.0	0.0
005	0.0	0.0	0.0	0.0	0.0	0.0	0.0
006	0.0	0.0	0.0	0.0	0.0	0.0	0.0
007	0.0	0.0	0.0	0.0	0.0	0.0	0.0
008	0.0	0.0	0.0	0.0	0.0	0.0	0.0
009	0.0	0.0	0.0	0.0	0.0	0.0	0.0
010	0.0	0.0	0.0	0.0	0.0	0.0	0.0
011	0.0	0.0	0.0	0.0	0.0	0.0	0.0
012	0.0	0.0	0.0	0.0	0.0	0.0	0.0
013	0.0	0.0	0.0	0.0	0.0	0.0	0.0
014	0.0	0.0	0.0	0.0	0.0	0.0	0.0
015	0.0	0.0	0.0	0.0	0.0	0.0	0.0
016	0.0	0.0	0.0	0.0	0.0	0.0	0.0
017	0.0	0.0	0.0	0.0	0.0	0.0	0.0
018	0.0	0.0	0.0	0.0	0.0	0.0	0.0
019	0.0	0.0	0.0	0.0	0.0	0.0	0.0
020	0.0	0.0	0.0	0.0	0.0	0.0	0.0
021	2.0	0.0	1.0	0.0	2.0	4.0	1.0
022	0.0	2.0	0.0	1.0	1.3330000000000002	4.667	1.0
023	3.0	1.0	2.0	1.0	2.333	6.667	2.0
024	0.0	1.0	0.0	1.0	0.3330000000000002	2.667	1.0
025	2.0	2.0	1.0	1.0	3.4	8.6	2.0
026	2.0	1.0	2.0	0.0	3.0	6.0	2.0
027	4.0	0.0	1.0	0.0	4.0	8.0	1.0
028	2.0	1.0	1.0	1.0	2.668	6.332	2.0
029	2.0	0.0	1.0	0.0	2.0	4.0	1.0
030	2.0	0.0	2.0	0.0	2.0	4.0	2.0
031	2.0	0.0	2.0	0.0	2.0	4.0	2.0
032	2.0	0.0	2.0	0.0	2.8	3.2	2.0
033	0.0	0.0	0.0	0.0	0.0	0.0	0.0
034	2.0	2.0	1.0	1.0	3.0	6.0	2.0
035	0.0	2.0	0.0	1.0	2.0	4.0	1.0
036	3.0	0.0	1.0	0.0	3.0	6.0	1.0
037	1.0	0.0	1.0	0.0	1.0	2.0	1.0
038	2.0	0.0	0.0	0.0	2.0	4.0	0.0
039	3.0	0.0	2.0	0.0	1.6680000000000001	4.332	1.0
040	2.0	1.0	1.0	1.0	2.4	6.6	2.0
041	0.0	0.0	0.0	0.0	0.0	0.0	0.0
042	2.0	2.0	1.0	2.0	3.0	6.0	2.0
043	3.0	0.0	2.0	0.0	3.0	6.0	2.0
044	3.0	0.0	1.0	0.0	3.0	6.0	1.0
045	1.0	1.0	1.0	1.0	0.3330000000000002	2.667	1.0
046	0.0	0.0	0.0	0.0	0.0	0.0	0.0
047	0.0	1.0	0.0	1.0	1.0	2.0	1.0
048	2.0	4.0	2.0	3.0	2.6660000000000004	9.334	3.0
049	4.0	2.0	3.0	2.0	4.333	10.667	4.0
050	2.0	0.0	1.0	0.0	0.6660000000000004	5.334	1.0
051	2.0	0.0	1.0	0.0	0.6660000000000004	5.334	1.0
052	0.0	0.0	0.0	0.0	0.0	0.0	0.0
053	1.0	0.0	1.0	0.0	0.6680000000000001	2.332	1.0
054	1.0	0.0	1.0	0.0	0.3330000000000002	2.667	1.0
055	2.0	0.0	1.0	0.0	2.0	4.0	1.0
056	3.0	0.0	2.0	0.0	3.0	6.0	2.0
057	0.0	4.0	0.0	4.0	1.3330000000000002	4.667	2.0
058	2.0	0.0	2.0	0.0	2.0	4.0	2.0
059	0.0	0.0	0.0	0.0	0.0	0.0	0.0
060	1.0	0.0	1.0	0.0	1.0	2.0	1.0
061	1.0	0.0	0.0	0.0	1.0	2.0	0.0
062	1.0	0.0	1.0	0.0	1.0	2.0	1.0
063	2.0	0.0	2.0	0.0	2.0	4.0	2.0
064	1.0	0.0	0.0	0.0	0.3330000000000002	2.667	0.0
065	1.0	0.0	1.0	0.0	1.0	2.0	1.0
066	2.0	0.0	2.0	0.0	2.0	4.0	2.0
067	2.0	0.0	2.0	0.0	1.0	2.0	1.0
068	0.0	0.0	0.0	0.0	0.0	0.0	0.0
069	3.0	0.0	2.0	0.0	3.0	6.0	2.0
070	1.0	0.0	0.0	0.0	1.0	2.0	0.0
071	0.0	0.0	0.0	0.0	0.0	0.0	0.0
072	3.0	0.0	2.0	0.0	3.0	6.0	2.0
073	3.0	0.0	2.0	0.0	3.068	5.932	2.0
074	1.0	0.0	0.0	0.0	0.3330000000000002	2.667	0.0
075	2.0	0.0	1.0	0.0	2.0	4.0	1.0
076	3.0	0.0	3.0	0.0	1.6680000000000001	4.332	2.0
077	0.0	0.0	0.0	0.0	0.0	0.0	0.0
078	2.0	0.0	2.0	0.0	2.0	4.0	2.0
079	3.0	0.0	1.0	0.0	3.0	6.0	1.0
080	1.0	0.0	1.0	0.0	1.0	2.0	1.0
081	2.0	0.0	1.0	0.0	1.3360000000000003	4.664	1.0
082	1.0	2.0	1.0	2.0	0.9990000000000006	8.001	3.0
083	0.0	0.0	0.0	0.0	0.0	0.0	0.0
084	1.0	0.0	1.0	0.0	1.4	1.6	1.0
085	2.0	0.0	2.0	0.0	0.6660000000000004	5.334	2.0
086	1.0	2.0	1.0	2.0	1.0	2.0	1.0
087	2.0	0.0	2.0	0.0	2.0	4.0	2.0
088	1.0	0.0	1.0	0.0	0.6680000000000001	2.332	1.0
089	3.0	0.0	2.0	0.0	2.3360000000000003	6.664	2.0
090	2.0	0.0	1.0	0.0	2.0	4.0	1.0
091	0.0	0.0	0.0	0.0	0.0	0.0	0.0
092	0.0	0.0	0.0	0.0	0.0	0.0	0.0
093	1.0	2.0	1.0	1.0	0.9990000000000006	8.001	2.0
094	3.0	1.0	2.0	1.0	4.0	8.0	3.0
095	2.0	0.0	0.0	0.0	0.6660000000000004	5.334	0.0
096	0.0	1.0	0.0	1.0	0.3330000000000002	2.667	1.0
097	3.0	0.0	2.0	0.0	3.0	6.0	2.0
098	1.0	0.0	0.0	0.0	1.0	2.0	0.0
099	0.0	1.0	0.0	0.0	1.0	2.0	0.0
100	1.0	0.0	0.0	0.0	0.6680000000000001	2.332	0.0
101	2.0	1.0	1.0	0.0	2.0	4.0	1.0
102	1.0	0.0	1.0	0.0	1.4	1.6	1.0
103	3.0	0.0	1.0	0.0	3.0	6.0	1.0
104	0.0	0.0	0.0	0.0	0.0	0.0	0.0
105	3.0	0.0	1.0	0.0	3.0	6.0	1.0
106	2.0	0.0	1.0	0.0	0.6660000000000004	5.334	1.0
107	0.0	0.0	0.0	0.0	0.0	0.0	0.0
108	2.0	0.0	1.0	0.0	2.0	4.0	1.0
109	1.0	0.0	0.0	0.0	0.3330000000000002	2.667	0.0
110	1.0	0.0	1.0	0.0	1.0	2.0	1.0
111	3.0	0.0	2.0	0.0	3.0	6.0	2.0
112	2.0	0.0	2.0	0.0	2.0	4.0	2.0
113	1.0	0.0	1.0	0.0	1.0	2.0	1.0
114	2.0	0.0	1.0	0.0	0.6660000000000004	5.334	1.0
115	0.0	0.0	0.0	0.0	0.0	0.0	0.0
116	0.0	0.0	0.0	0.0	0.0	0.0	0.0
117	0.0	0.0	0.0	0.0	0.0	0.0	0.0
118	0.0	0.0	0.0	0.0	0.0	0.0	0.0
119	2.0	0.0	2.0	0.0	2.0	4.0	2.0
120	3.0	0.0	1.0	0.0	3.0	6.0	1.0
121	4.0	0.0	3.0	0.0	4.068	7.932	3.0
122	1.0	0.0	1.0	0.0	1.0	2.0	1.0
123	1.0	0.0	0.0	0.0	0.3330000000000002	2.667	0.0
124	1.0	0.0	1.0	0.0	1.0	2.0	1.0
125	0.0	0.0	0.0	0.0	0.0	0.0	0.0
126	3.0	0.0	1.0	0.0	3.0	6.0	1.0
127	0.0	0.0	0.0	0.0	0.0	0.0	0.0
128	0.0	0.0	0.0	0.0	0.0	0.0	0.0
129	0.0	0.0	0.0	0.0	0.0	0.0	0.0
130	1.0	1.0	1.0	1.0	2.0	4.0	2.0
131	2.0	0.0	1.0	0.0	0.6660000000000004	5.334	1.0
132	1.0	0.0	1.0	0.0	0.6680000000000001	2.332	1.0
133	2.0	0.0	1.0	0.0	0.6660000000000004	5.334	1.0
134	1.0	0.0	1.0	0.0	1.0	2.0	1.0
135	0.0	0.0	0.0	0.0	0.0	0.0	0.0
136	2.0	0.0	1.0	0.0	2.0	4.0	1.0
137	2.0	0.0	0.0	0.0	2.4	3.6	0.0
138	1.0	0.0	1.0	0.0	1.4	1.6	1.0
139	1.0	0.0	0.0	0.0	1.0	2.0	0.0
140	3.0	0.0	0.0	0.0	3.0	6.0	0.0
141	2.0	2.0	1.0	2.0	1.3320000000000007	10.668	3.0
142	2.0	2.0	1.0	1.0	3.668	8.332	2.0
143	0.0	0.0	0.0	0.0	0.0	0.0	0.0
144	0.0	0.0	0.0	0.0	0.0	0.0	0.0
145	0.0	0.0	0.0	0.0	0.0	0.0	0.0
146	0.0	0.0	0.0	0.0	0.0	0.0	0.0
147	1.0	1.0	1.0	1.0	1.6680000000000001	4.332	2.0
148	4.0	0.0	3.0	0.0	4.0	8.0	3.0
149	2.0	0.0	0.0	0.0	2.0	4.0	0.0
150	1.0	0.0	1.0	0.0	1.0	2.0	1.0
151	3.0	0.0	1.0	0.0	3.0	6.0	1.0
152	1.0	0.0	0.0	0.0	1.0	2.0	0.0
153	0.0	0.0	0.0	0.0	0.0	0.0	0.0
154	2.0	0.0	1.0	0.0	2.0	4.0	1.0
155	3.0	0.0	2.0	0.0	3.8	5.2	2.0
156	2.0	0.0	0.0	0.0	2.0	4.0	0.0
157	2.0	0.0	0.0	0.0	2.0	4.0	0.0
158	2.0	0.0	2.0	0.0	2.0	4.0	2.0
159	1.0	0.0	1.0	0.0	0.3330000000000002	2.667	1.0
160	0.0	0.0	0.0	0.0	0.0	0.0	0.0
161	1.0	0.0	1.0	0.0	1.0	2.0	1.0
162	3.0	1.0	1.0	1.0	4.0	8.0	2.0
163	0.0	0.0	0.0	0.0	0.0	0.0	0.0
164	0.0	0.0	0.0	0.0	0.0	0.0	0.0
165	1.0	0.0	1.0	0.0	0.3330000000000002	2.667	1.0
166	1.0	0.0	1.0	0.0	0.3330000000000002	2.667	1.0
167	4.0	2.0	3.0	2.0	4.0040000000000004	10.995999999999999	4.0
168	1.0	0.0	1.0	0.0	1.4	1.6	1.0
169	1.0	0.0	1.0	0.0	0.3330000000000002	2.667	1.0
170	0.0	0.0	0.0	0.0	0.0	0.0	0.0
171	1.0	0.0	1.0	0.0	1.0	2.0	1.0
172	1.0	0.0	1.0	0.0	0.3330000000000002	2.667	1.0
173	3.0	3.0	2.0	2.0	2.333	6.667	2.0
174	0.0	0.0	0.0	0.0	0.0	0.0	0.0
175	0.0	0.0	0.0	0.0	0.0	0.0	0.0
176	0.0	0.0	0.0	0.0	0.0	0.0	0.0
177	2.0	0.0	2.0	0.0	2.0	4.0	2.0
178	0.0	0.0	0.0	0.0	0.0	0.0	0.0
179	0.0	0.0	0.0	0.0	0.0	0.0	0.0
180	0.0	0.0	0.0	0.0	0.0	0.0	0.0
181	1.0	1.0	0.0	1.0	1.6680000000000001	4.332	1.0
182	1.0	0.0	1.0	0.0	0.3330000000000002	2.667	1.0
183	1.0	0.0	1.0	0.0	1.0	2.0	1.0
184	2.0	0.0	1.0	0.0	2.0	4.0	1.0
185	3.0	0.0	2.0	0.0	3.0	6.0	2.0
186	3.0	0.0	2.0	0.0	2.0040000000000004	6.9959999999999996	2.0
187	0.0	0.0	0.0	0.0	0.0	0.0	0.0
188	3.0	0.0	2.0	0.0	3.0	6.0	2.0
189	2.0	1.0	2.0	1.0	3.0	6.0	3.0
190	1.0	0.0	1.0	0.0	1.0	2.0	1.0
191	0.0	0.0	0.0	0.0	0.0	0.0	0.0
192	3.0	0.0	3.0	0.0	0.9990000000000006	8.001	3.0
193	0.0	0.0	0.0	0.0	0.0	0.0	0.0
194	3.0	0.0	2.0	0.0	2.668	6.332	2.0
195	1.0	0.0	1.0	0.0	0.6680000000000001	2.332	1.0
196	1.0	0.0	0.0	0.0	1.0	2.0	0.0
197	1.0	0.0	1.0	0.0	1.0	2.0	1.0
198	0.0	0.0	0.0	0.0	0.0	0.0	0.0
199	2.0	0.0	1.0	0.0	1.3360000000000003	4.664	1.0
200	2.0	0.0	1.0	0.0	2.0	4.0	1.0
201	0.0	0.0	0.0	0.0	0.0	0.0	0.0
202	0.0	0.0	0.0	0.0	0.0	0.0	0.0
203	0.0	0.0	0.0	0.0	0.0	0.0	0.0
204	0.0	0.0	0.0	0.0	0.0	0.0	0.0
205	0.0	0.0	0.0	0.0	0.0	0.0	0.0
206	0.0	0.0	0.0	0.0	0.0	0.0	0.0
207	1.0	0.0	0.0	0.0	1.0	2.0	0.0
208	0.0	0.0	0.0	0.0	0.0	0.0	0.0
209	3.0	0.0	2.0	0.0	2.3360000000000003	6.664	2.0
210	1.0	0.0	1.0	0.0	1.0	2.0	1.0
211	0.0	0.0	0.0	0.0	0.0	0.0	0.0
212	0.0	0.0	0.0	0.0	0.0	0.0	0.0
213	3.0	1.0	2.0	1.0	4.0	8.0	3.0
214	1.0	0.0	1.0	0.0	0.3330000000000002	2.667	1.0
215	2.0	4.0	1.0	3.0	3.333	8.667	2.0
216	2.0	0.0	1.0	0.0	2.0	4.0	1.0
217	3.0	1.0	2.0	0.0	4.0	8.0	2.0
218	1.0	1.0	0.0	1.0	0.6660000000000004	5.334	1.0
219	1.0	0.0	1.0	0.0	1.0	2.0	1.0
220	2.0	1.0	1.0	0.0	2.0	4.0	1.0
221	1.0	1.0	1.0	0.0	0.6660000000000004	5.334	1.0
222	0.0	0.0	0.0	0.0	0.0	0.0	0.0
223	2.0	0.0	1.0	0.0	2.0	4.0	1.0
224	2.0	0.0	2.0	0.0	2.4	3.6	2.0
225	2.0	0.0	0.0	0.0	2.0	4.0	0.0
226	3.0	0.0	2.0	0.0	3.0	6.0	2.0
227	2.0	1.0	2.0	1.0	1.0	2.0	1.0
228	4.0	0.0	3.0	0.0	4.0	8.0	3.0
229	0.0	1.0	0.0	0.0	0.3330000000000002	2.667	0.0
230	3.0	0.0	1.0	0.0	3.0	6.0	1.0
231	4.0	1.0	2.0	0.0	5.0	10.0	2.0
232	2.0	0.0	0.0	0.0	0.6660000000000004	5.334	0.0
233	1.0	0.0	1.0	0.0	0.3330000000000002	2.667	1.0
234	2.0	3.0	1.0	0.0	3.3360000000000003	8.664	1.0
235	4.0	0.0	2.0	0.0	1.6680000000000001	4.332	1.0
236	0.0	0.0	0.0	0.0	0.0	0.0	0.0
237	0.0	0.0	0.0	0.0	0.0	0.0	0.0
238	0.0	0.0	0.0	0.0	0.0	0.0	0.0
239	1.0	0.0	1.0	0.0	1.0	2.0	1.0
240	3.0	0.0	1.0	0.0	3.8	5.2	1.0
241	0.0	0.0	0.0	0.0	0.0	0.0	0.0
242	2.0	0.0	2.0	0.0	2.0	4.0	2.0
243	1.0	0.0	1.0	0.0	1.0	2.0	1.0
244	0.0	0.0	0.0	0.0	0.0	0.0	0.0
245	2.0	0.0	2.0	0.0	2.0	4.0	2.0
246	2.0	1.0	2.0	1.0	1.6680000000000001	4.332	2.0
247	2.0	0.0	2.0	0.0	2.0	4.0	2.0
248	4.0	1.0	2.0	1.0	4.333	10.667	3.0
249	0.0	0.0	0.0	0.0	0.0	0.0	0.0
250	1.0	0.0	1.0	0.0	1.0	2.0	1.0
251	4.0	0.0	2.0	0.0	3.0	6.0	2.0
252	2.0	0.0	0.0	0.0	2.0	4.0	0.0
253	0.0	0.0	0.0	0.0	0.0	0.0	0.0
254	0.0	1.0	0.0	1.0	1.0	2.0	1.0
255	1.0	2.0	0.0	2.0	0.6660000000000004	5.334	1.0
256	3.0	0.0	1.0	0.0	3.0	6.0	1.0
257	0.0	0.0	0.0	0.0	0.0	0.0	0.0
258	2.0	0.0	2.0	0.0	0.6660000000000004	5.334	2.0
259	0.0	0.0	0.0	0.0	0.0	0.0	0.0
260	2.0	0.0	1.0	0.0	2.0	4.0	1.0
261	1.0	0.0	0.0	0.0	1.0	2.0	0.0
262	0.0	0.0	0.0	0.0	0.0	0.0	0.0
263	0.0	0.0	0.0	0.0	0.0	0.0	0.0
264	0.0	0.0	0.0	0.0	0.0	0.0	0.0
265	1.0	0.0	0.0	0.0	0.3330000000000002	2.667	0.0
266	2.0	0.0	1.0	0.0	0.6660000000000004	5.334	1.0
267	1.0	0.0	1.0	0.0	1.0	2.0	1.0
268	2.0	3.0	1.0	3.0	4.0	8.0	3.0
269	0.0	0.0	0.0	0.0	0.0	0.0	0.0
270	1.0	0.0	1.0	0.0	0.6680000000000001	2.332	1.0
271	3.0	0.0	1.0	0.0	0.9990000000000006	8.001	1.0
272	2.0	0.0	2.0	0.0	2.0	4.0	2.0
273	1.0	0.0	1.0	0.0	1.0	2.0	1.0
274	0.0	0.0	0.0	0.0	0.0	0.0	0.0
275	1.0	0.0	0.0	0.0	0.3330000000000002	2.667	0.0
276	0.0	0.0	0.0	0.0	0.0	0.0	0.0
277	3.0	0.0	0.0	0.0	2.3360000000000003	6.664	0.0
278	3.0	0.0	2.0	0.0	1.6680000000000001	4.332	1.0
279	2.0	0.0	2.0	0.0	2.0	4.0	2.0
280	0.0	0.0	0.0	0.0	0.0	0.0	0.0
281	0.0	0.0	0.0	0.0	0.0	0.0	0.0
282	0.0	0.0	0.0	0.0	0.0	0.0	0.0
283	2.0	0.0	2.0	0.0	2.068	3.932	2.0
284	1.0	0.0	1.0	0.0	0.3330000000000002	2.667	1.0
285	1.0	0.0	1.0	0.0	1.0	2.0	1.0
286	0.0	0.0	0.0	0.0	0.0	0.0	0.0
287	2.0	0.0	1.0	0.0	0.6660000000000004	5.334	1.0
288	0.0	0.0	0.0	0.0	0.0	0.0	0.0
289	1.0	0.0	1.0	0.0	0.3330000000000002	2.667	1.0
290	0.0	0.0	0.0	0.0	0.0	0.0	0.0
291	2.0	1.0	1.0	1.0	1.6680000000000001	4.332	1.0
292	0.0	0.0	0.0	0.0	0.0	0.0	0.0
293	0.0	0.0	0.0	0.0	0.0	0.0	0.0
294	0.0	1.0	0.0	1.0	0.6680000000000001	2.332	1.0
295	2.0	0.0	1.0	0.0	2.0	4.0	1.0
296	0.0	0.0	0.0	0.0	0.0	0.0	0.0
297	2.0	0.0	1.0	0.0	2.0	4.0	1.0
298	0.0	1.0	0.0	1.0	0.3330000000000002	2.667	1.0
299	0.0	0.0	0.0	0.0	0.0	0.0	0.0
300	0.0	0.0	0.0	0.0	0.0	0.0	0.0
301	0.0	0.0	0.0	0.0	0.0	0.0	0.0
302	3.0	1.0	1.0	1.0	4.0	8.0	2.0
303	1.0	1.0	1.0	1.0	0.6660000000000004	5.334	2.0
304	0.0	0.0	0.0	0.0	0.0	0.0	0.0
305	2.0	0.0	1.0	0.0	2.0	4.0	1.0
306	0.0	0.0	0.0	0.0	0.0	0.0	0.0
307	3.0	0.0	3.0	0.0	3.0	6.0	3.0
308	2.0	0.0	0.0	0.0	0.3330000000000002	2.667	0.0
