all_syn	all_nonSyn	tip_syn	tip_nonSyn	S	N	comparisons
001	0.0	0.0	0.0	0.0	0.0	0.0	0.0
002	0.0	1.0	0.0	1.0	1.0	2.0	1.0
003	1.0	0.0	1.0	0.0	1.0	2.0	1.0
004	2.0	2.0	2.0	2.0	1.3330000000000002	4.667	2.0
005	1.0	1.0	1.0	1.0	1.733	4.2669999999999995	2.0
006	2.0	1.0	2.0	1.0	0.3330000000000002	2.667	1.0
007	2.0	2.0	1.0	1.0	4.0	8.0	2.0
008	0.0	2.0	0.0	1.0	2.0	4.0	1.0
009	4.0	1.0	1.0	1.0	2.0010000000000003	6.999	1.0
010	2.0	3.0	1.0	2.0	5.0	10.0	3.0
011	2.0	3.0	1.0	2.0	2.9990000000000006	12.001	3.0
012	0.0	1.0	0.0	1.0	0.3330000000000002	2.667	1.0
013	0.0	3.0	0.0	2.0	2.0	4.0	1.0
014	1.0	4.0	0.0	3.0	3.6690000000000005	11.331	3.0
015	3.0	4.0	2.0	4.0	5.0	10.0	4.0
016	3.0	5.0	3.0	4.0	4.4	7.6	3.0
017	0.0	3.0	0.0	2.0	2.668	6.332	2.0
018	3.0	1.0	3.0	1.0	2.4010000000000002	6.598999999999999	3.0
019	2.0	3.0	1.0	3.0	3.333	8.667	3.0
020	1.0	6.0	0.0	3.0	2.9990000000000006	12.001	2.0
021	1.0	6.0	1.0	2.0	3.333	8.667	2.0
022	2.0	2.0	1.0	2.0	1.3330000000000002	4.667	1.0
023	1.0	5.0	0.0	3.0	2.3320000000000007	12.668	3.0
024	1.0	2.0	1.0	2.0	1.3330000000000002	4.667	2.0
025	1.0	2.0	1.0	2.0	2.0660000000000003	6.933999999999999	3.0
026	3.0	3.0	1.0	2.0	5.0	10.0	2.0
027	0.0	7.0	0.0	5.0	3.3320000000000007	14.668	4.0
028	0.0	7.0	0.0	4.0	3.9990000000000006	14.001	3.0
029	2.0	5.0	2.0	3.0	6.333	14.667	5.0
030	2.0	5.0	1.0	4.0	2.0010000000000003	6.999	2.0
031	1.0	4.0	0.0	1.0	3.6660000000000004	11.334	1.0
032	1.0	3.0	0.0	1.0	2.333	6.667	1.0
033	1.0	4.0	0.0	0.0	2.668	6.332	0.0
034	0.0	2.0	0.0	1.0	1.3330000000000002	4.667	1.0
035	0.0	2.0	0.0	0.0	2.0	4.0	0.0
036	0.0	0.0	0.0	0.0	0.0	0.0	0.0
037	0.0	0.0	0.0	0.0	0.0	0.0	0.0
038	0.0	4.0	0.0	2.0	3.0010000000000003	8.998999999999999	2.0
039	1.0	4.0	0.0	2.0	4.333	10.667	2.0
040	2.0	2.0	1.0	2.0	3.333	8.667	3.0
041	0.0	8.0	0.0	6.0	3.6660000000000004	11.334	4.0
042	2.0	4.0	2.0	3.0	3.333	8.667	3.0
043	1.0	8.0	1.0	6.0	3.3320000000000007	17.668	5.0
044	1.0	8.0	0.0	5.0	4.9990000000000006	16.000999999999998	4.0
045	2.0	3.0	1.0	1.0	3.668	8.332	2.0
046	2.0	5.0	2.0	5.0	1.9990000000000006	10.001	4.0
047	2.0	3.0	1.0	3.0	4.668	10.332	4.0
048	2.0	2.0	1.0	2.0	3.0	6.0	2.0
049	1.0	0.0	1.0	0.0	1.0	2.0	1.0
050	0.0	0.0	0.0	0.0	0.0	0.0	0.0
051	3.0	1.0	2.0	1.0	0.9990000000000006	8.001	2.0
052	1.0	0.0	1.0	0.0	1.0	2.0	1.0
053	3.0	0.0	3.0	0.0	3.4	5.6	3.0
054	2.0	1.0	1.0	1.0	2.0	4.0	1.0
055	0.0	2.0	0.0	2.0	1.3330000000000002	4.667	2.0
056	2.0	0.0	2.0	0.0	2.0	4.0	2.0
057	3.0	0.0	2.0	0.0	3.0	6.0	2.0
058	4.0	0.0	3.0	0.0	4.0	8.0	3.0
059	2.0	0.0	1.0	0.0	0.6660000000000004	5.334	1.0
060	2.0	0.0	1.0	0.0	2.0	4.0	1.0
061	1.0	1.0	0.0	1.0	1.6680000000000001	4.332	1.0
062	1.0	0.0	0.0	0.0	0.3330000000000002	2.667	0.0
063	2.0	0.0	2.0	0.0	2.0	4.0	2.0
064	1.0	0.0	1.0	0.0	1.0	2.0	1.0
065	1.0	4.0	1.0	2.0	3.4	5.6	2.0
066	1.0	0.0	1.0	0.0	0.3330000000000002	2.667	1.0
067	0.0	0.0	0.0	0.0	0.0	0.0	0.0
068	0.0	3.0	0.0	3.0	2.0	4.0	2.0
069	0.0	3.0	0.0	3.0	0.9990000000000006	8.001	3.0
070	4.0	4.0	3.0	3.0	8.0	16.0	6.0
071	4.0	5.0	2.0	4.0	7.333	16.667	5.0
072	1.0	3.0	1.0	1.0	2.333	6.667	2.0
073	1.0	2.0	0.0	2.0	1.3330000000000002	4.667	1.0
074	3.0	2.0	0.0	1.0	4.668	10.332	1.0
075	3.0	3.0	2.0	2.0	2.6660000000000004	9.334	2.0
076	1.0	3.0	1.0	2.0	2.333	6.667	2.0
077	3.0	3.0	3.0	3.0	4.333	10.667	5.0
078	0.0	0.0	0.0	0.0	0.0	0.0	0.0
079	0.0	0.0	0.0	0.0	0.0	0.0	0.0
080	0.0	0.0	0.0	0.0	0.0	0.0	0.0
081	1.0	0.0	1.0	0.0	1.0	2.0	1.0
082	1.0	4.0	1.0	2.0	2.333	6.667	2.0
083	3.0	0.0	2.0	0.0	3.0	6.0	2.0
084	2.0	3.0	2.0	2.0	3.333	8.667	3.0
085	2.0	0.0	2.0	0.0	2.0	4.0	2.0
086	2.0	0.0	2.0	0.0	2.0	4.0	2.0
087	0.0	5.0	0.0	4.0	3.736	11.264	4.0
088	4.0	0.0	2.0	0.0	4.0	8.0	2.0
089	2.0	0.0	1.0	0.0	2.4	3.6	1.0
090	1.0	0.0	0.0	0.0	1.0	2.0	0.0
091	0.0	0.0	0.0	0.0	0.0	0.0	0.0
092	0.0	0.0	0.0	0.0	0.0	0.0	0.0
093	0.0	0.0	0.0	0.0	0.0	0.0	0.0
094	2.0	0.0	1.0	0.0	0.6660000000000004	5.334	1.0
095	1.0	2.0	1.0	2.0	0.6660000000000004	5.334	2.0
096	3.0	2.0	1.0	2.0	2.333	6.667	1.0
097	2.0	0.0	2.0	0.0	2.0	4.0	2.0
098	1.0	0.0	1.0	0.0	0.3330000000000002	2.667	1.0
099	2.0	0.0	1.0	0.0	2.0	4.0	1.0
100	0.0	0.0	0.0	0.0	0.0	0.0	0.0
101	3.0	0.0	2.0	0.0	3.0	6.0	2.0
102	3.0	4.0	3.0	3.0	3.333	8.667	3.0
103	1.0	0.0	1.0	0.0	0.3330000000000002	2.667	1.0
104	1.0	2.0	1.0	2.0	1.0	2.0	1.0
105	2.0	0.0	2.0	0.0	0.6660000000000004	5.334	2.0
106	0.0	0.0	0.0	0.0	0.0	0.0	0.0
107	2.0	0.0	2.0	0.0	2.0	4.0	2.0
108	2.0	0.0	0.0	0.0	2.0	4.0	0.0
109	1.0	0.0	1.0	0.0	0.3330000000000002	2.667	1.0
110	2.0	0.0	1.0	0.0	2.0	4.0	1.0
111	5.0	0.0	3.0	0.0	4.404	10.596	3.0
112	0.0	0.0	0.0	0.0	0.0	0.0	0.0
113	2.0	0.0	2.0	0.0	2.0	4.0	2.0
114	1.0	0.0	1.0	0.0	0.3330000000000002	2.667	1.0
115	2.0	0.0	1.0	0.0	2.4	3.6	1.0
116	1.0	0.0	1.0	0.0	0.3330000000000002	2.667	1.0
117	1.0	0.0	0.0	0.0	0.3330000000000002	2.667	0.0
118	1.0	0.0	1.0	0.0	1.0	2.0	1.0
119	0.0	0.0	0.0	0.0	0.0	0.0	0.0
120	0.0	0.0	0.0	0.0	0.0	0.0	0.0
121	1.0	0.0	1.0	0.0	0.3330000000000002	2.667	1.0
122	2.0	0.0	1.0	0.0	2.0	4.0	1.0
123	1.0	2.0	1.0	1.0	0.9990000000000006	8.001	2.0
124	0.0	0.0	0.0	0.0	0.0	0.0	0.0
125	2.0	0.0	2.0	0.0	2.0	4.0	2.0
126	0.0	0.0	0.0	0.0	0.0	0.0	0.0
127	0.0	0.0	0.0	0.0	0.0	0.0	0.0
128	1.0	0.0	1.0	0.0	1.0	2.0	1.0
129	0.0	0.0	0.0	0.0	0.0	0.0	0.0
130	1.0	0.0	1.0	0.0	0.3330000000000002	2.667	1.0
131	0.0	0.0	0.0	0.0	0.0	0.0	0.0
132	0.0	0.0	0.0	0.0	0.0	0.0	0.0
133	0.0	0.0	0.0	0.0	0.0	0.0	0.0
134	1.0	1.0	1.0	1.0	0.3330000000000002	2.667	1.0
135	0.0	2.0	0.0	1.0	0.6660000000000004	5.334	1.0
136	1.0	0.0	0.0	0.0	0.6680000000000001	2.332	0.0
137	2.0	0.0	1.0	0.0	2.0	4.0	1.0
138	0.0	8.0	0.0	6.0	2.9990000000000006	12.001	4.0
139	0.0	2.0	0.0	1.0	0.6660000000000004	5.334	1.0
140	0.0	2.0	0.0	2.0	0.3330000000000002	2.667	1.0
141	2.0	3.0	1.0	2.0	4.333	10.667	3.0
142	2.0	1.0	0.0	1.0	0.9990000000000006	8.001	1.0
143	2.0	5.0	1.0	4.0	3.6660000000000004	11.334	3.0
144	1.0	2.0	1.0	2.0	1.3330000000000002	4.667	2.0
145	1.0	0.0	1.0	0.0	1.4	1.6	1.0
146	3.0	1.0	2.0	1.0	4.8	7.2	3.0
147	2.0	2.0	2.0	2.0	1.3330000000000002	4.667	2.0
148	3.0	3.0	3.0	3.0	3.733	8.267	4.0
149	0.0	0.0	0.0	0.0	0.0	0.0	0.0
150	0.0	3.0	0.0	3.0	0.6660000000000004	5.334	2.0
151	3.0	0.0	1.0	0.0	2.3360000000000003	6.664	1.0
152	2.0	0.0	2.0	0.0	0.6660000000000004	5.334	2.0
153	0.0	0.0	0.0	0.0	0.0	0.0	0.0
154	1.0	0.0	1.0	0.0	1.0	2.0	1.0
155	4.0	1.0	2.0	1.0	5.0	10.0	3.0
156	2.0	0.0	2.0	0.0	2.0	4.0	2.0
157	1.0	0.0	0.0	0.0	0.3330000000000002	2.667	0.0
158	3.0	0.0	1.0	0.0	3.0	6.0	1.0
159	2.0	2.0	1.0	1.0	3.0	6.0	2.0
160	0.0	0.0	0.0	0.0	0.0	0.0	0.0
161	1.0	2.0	0.0	1.0	0.9990000000000006	8.001	1.0
162	1.0	0.0	0.0	0.0	0.3330000000000002	2.667	0.0
163	0.0	1.0	0.0	1.0	0.3330000000000002	2.667	1.0
164	0.0	0.0	0.0	0.0	0.0	0.0	0.0
165	1.0	0.0	0.0	0.0	1.0	2.0	0.0
166	0.0	0.0	0.0	0.0	0.0	0.0	0.0
167	1.0	0.0	1.0	0.0	0.3330000000000002	2.667	1.0
168	0.0	0.0	0.0	0.0	0.0	0.0	0.0
169	1.0	0.0	0.0	0.0	0.3330000000000002	2.667	0.0
170	2.0	0.0	1.0	0.0	0.6660000000000004	5.334	1.0
171	2.0	0.0	0.0	0.0	0.6660000000000004	5.334	0.0
172	2.0	0.0	1.0	0.0	2.0	4.0	1.0
173	1.0	2.0	1.0	2.0	1.0	2.0	1.0
174	0.0	0.0	0.0	0.0	0.0	0.0	0.0
175	2.0	0.0	0.0	0.0	1.3360000000000003	4.664	0.0
176	0.0	0.0	0.0	0.0	0.0	0.0	0.0
177	2.0	0.0	1.0	0.0	2.0	4.0	1.0
178	1.0	0.0	0.0	0.0	1.4	1.6	0.0
179	2.0	2.0	2.0	1.0	3.0	6.0	2.0
180	1.0	1.0	0.0	0.0	2.0	4.0	0.0
181	2.0	2.0	1.0	2.0	2.0	4.0	1.0
182	1.0	0.0	0.0	0.0	0.3330000000000002	2.667	0.0
183	0.0	0.0	0.0	0.0	0.0	0.0	0.0
184	0.0	1.0	0.0	0.0	1.0	2.0	0.0
185	1.0	4.0	1.0	0.0	1.9990000000000006	10.001	1.0
186	0.0	5.0	0.0	3.0	1.6660000000000004	7.334	2.0
187	0.0	0.0	0.0	0.0	0.0	0.0	0.0
188	1.0	3.0	0.0	0.0	1.3330000000000002	4.667	0.0
189	3.0	1.0	1.0	0.0	4.0	8.0	1.0
190	0.0	0.0	0.0	0.0	0.0	0.0	0.0
191	0.0	3.0	0.0	1.0	2.668	6.332	1.0
192	0.0	0.0	0.0	0.0	0.0	0.0	0.0
193	2.0	0.0	1.0	0.0	2.0	4.0	1.0
194	0.0	1.0	0.0	0.0	1.0	2.0	0.0
195	0.0	0.0	0.0	0.0	0.0	0.0	0.0
196	1.0	1.0	1.0	1.0	0.6660000000000004	5.334	2.0
197	0.0	0.0	0.0	0.0	0.0	0.0	0.0
198	0.0	0.0	0.0	0.0	0.0	0.0	0.0
199	0.0	0.0	0.0	0.0	0.0	0.0	0.0
200	1.0	0.0	1.0	0.0	1.0	2.0	1.0
201	2.0	0.0	1.0	0.0	0.6660000000000004	5.334	1.0
202	1.0	4.0	1.0	2.0	2.6660000000000004	9.334	2.0
203	0.0	0.0	0.0	0.0	0.0	0.0	0.0
204	0.0	0.0	0.0	0.0	0.0	0.0	0.0
205	4.0	1.0	3.0	1.0	2.333	6.667	2.0
206	0.0	2.0	0.0	0.0	1.0	2.0	0.0
207	1.0	0.0	0.0	0.0	1.4	1.6	0.0
208	0.0	1.0	0.0	0.0	0.3330000000000002	2.667	0.0
209	1.0	0.0	0.0	0.0	1.0	2.0	0.0
210	1.0	1.0	1.0	0.0	0.6660000000000004	5.334	1.0
211	2.0	1.0	1.0	0.0	3.0	6.0	1.0
212	1.0	1.0	0.0	0.0	2.0	4.0	0.0
213	3.0	0.0	2.0	0.0	3.4	5.6	2.0
214	2.0	1.0	1.0	0.0	1.3330000000000002	4.667	1.0
215	1.0	4.0	0.0	2.0	2.6660000000000004	9.334	2.0
216	1.0	0.0	0.0	0.0	1.0	2.0	0.0
217	0.0	1.0	0.0	0.0	0.3330000000000002	2.667	0.0
218	0.0	0.0	0.0	0.0	0.0	0.0	0.0
219	0.0	2.0	0.0	0.0	1.0	2.0	0.0
220	2.0	0.0	1.0	0.0	2.0	4.0	1.0
221	0.0	0.0	0.0	0.0	0.0	0.0	0.0
222	1.0	1.0	0.0	0.0	2.0	4.0	0.0
223	1.0	3.0	0.0	0.0	2.333	6.667	0.0
224	0.0	4.0	0.0	2.0	1.9990000000000006	10.001	2.0
225	2.0	3.0	1.0	1.0	2.6660000000000004	9.334	2.0
226	1.0	0.0	1.0	0.0	0.3330000000000002	2.667	1.0
227	2.0	2.0	1.0	2.0	3.0	6.0	2.0
228	2.0	2.0	1.0	1.0	3.4	5.6	1.0
229	3.0	4.0	1.0	2.0	3.333	8.667	1.0
230	1.0	1.0	1.0	0.0	1.3330000000000002	4.667	1.0
231	1.0	1.0	1.0	0.0	1.6680000000000001	4.332	1.0
232	3.0	3.0	2.0	1.0	4.001	10.998999999999999	3.0
233	2.0	4.0	2.0	2.0	2.3340000000000005	9.666	2.0
234	3.0	1.0	1.0	1.0	4.0	8.0	2.0
235	1.0	0.0	0.0	0.0	1.4	1.6	0.0
236	0.0	0.0	0.0	0.0	0.0	0.0	0.0
237	1.0	4.0	1.0	1.0	3.3340000000000005	11.666	2.0
238	2.0	1.0	1.0	0.0	1.0010000000000003	4.999	1.0
239	1.0	1.0	0.0	0.0	1.0	2.0	0.0
240	2.0	0.0	1.0	0.0	2.0	4.0	1.0
241	1.0	0.0	1.0	0.0	1.0	2.0	1.0
242	5.0	2.0	3.0	1.0	3.0	6.0	2.0
243	2.0	0.0	1.0	0.0	2.0	4.0	1.0
244	1.0	0.0	1.0	0.0	1.0	2.0	1.0
245	0.0	0.0	0.0	0.0	0.0	0.0	0.0
246	1.0	0.0	1.0	0.0	1.0	2.0	1.0
247	1.0	0.0	0.0	0.0	0.3330000000000002	2.667	0.0
248	1.0	5.0	1.0	0.0	3.6660000000000004	11.334	1.0
249	3.0	0.0	1.0	0.0	3.0	6.0	1.0
250	5.0	0.0	3.0	0.0	4.336	10.664	3.0
251	3.0	2.0	2.0	1.0	2.0010000000000003	6.999	2.0
252	3.0	3.0	3.0	1.0	2.6670000000000007	12.332999999999998	3.0
253	3.0	2.0	1.0	0.0	1.6660000000000004	7.334	1.0
254	1.0	0.0	0.0	0.0	1.0	2.0	0.0
255	2.0	0.0	1.0	0.0	2.4	3.6	1.0
256	0.0	0.0	0.0	0.0	0.0	0.0	0.0
257	1.0	0.0	1.0	0.0	0.3330000000000002	2.667	1.0
258	1.0	0.0	0.0	0.0	1.0	2.0	0.0
259	0.0	0.0	0.0	0.0	0.0	0.0	0.0
260	1.0	0.0	1.0	0.0	0.3330000000000002	2.667	1.0
261	1.0	2.0	1.0	0.0	1.3330000000000002	4.667	1.0
262	0.0	1.0	0.0	0.0	0.3330000000000002	2.667	0.0
263	1.0	0.0	1.0	0.0	0.3330000000000002	2.667	1.0
264	4.0	1.0	3.0	0.0	3.668	8.332	2.0
265	1.0	2.0	1.0	1.0	1.0010000000000003	4.999	1.0
266	2.0	0.0	1.0	0.0	2.0	4.0	1.0
267	0.0	0.0	0.0	0.0	0.0	0.0	0.0
268	2.0	0.0	2.0	0.0	2.8	3.2	2.0
269	0.0	0.0	0.0	0.0	0.0	0.0	0.0
270	1.0	0.0	1.0	0.0	1.0	2.0	1.0
271	2.0	0.0	0.0	0.0	2.0	4.0	0.0
272	0.0	2.0	0.0	0.0	0.3330000000000002	2.667	0.0
273	1.0	0.0	1.0	0.0	0.3330000000000002	2.667	1.0
274	2.0	0.0	2.0	0.0	2.0	4.0	2.0
275	2.0	0.0	1.0	0.0	2.0	4.0	1.0
276	1.0	0.0	1.0	0.0	1.0	2.0	1.0
277	3.0	5.0	0.0	3.0	5.666	15.334	3.0
278	0.0	4.0	0.0	0.0	2.333	6.667	0.0
279	2.0	2.0	1.0	0.0	2.733	6.2669999999999995	1.0
280	2.0	0.0	1.0	0.0	2.0	4.0	1.0
281	0.0	4.0	0.0	2.0	1.3320000000000007	10.668	2.0
282	0.0	0.0	0.0	0.0	0.0	0.0	0.0
283	1.0	0.0	0.0	0.0	1.0	2.0	0.0
284	1.0	0.0	1.0	0.0	0.3330000000000002	2.667	1.0
285	2.0	0.0	1.0	0.0	2.0	4.0	1.0
286	0.0	2.0	0.0	0.0	0.6680000000000001	2.332	0.0
287	1.0	0.0	1.0	0.0	0.3330000000000002	2.667	1.0
288	1.0	0.0	0.0	0.0	0.3330000000000002	2.667	0.0
289	2.0	1.0	1.0	0.0	3.0	6.0	1.0
290	0.0	5.0	0.0	3.0	2.6660000000000004	9.334	2.0
291	1.0	4.0	1.0	3.0	0.9990000000000006	8.001	2.0
292	0.0	0.0	0.0	0.0	0.0	0.0	0.0
293	2.0	1.0	2.0	0.0	2.0	7.0	2.0
294	1.0	0.0	1.0	0.0	0.3330000000000002	2.667	1.0
295	2.0	2.0	1.0	1.0	3.4	5.6	1.0
296	1.0	0.0	1.0	0.0	1.0	2.0	1.0
297	0.0	0.0	0.0	0.0	0.0	0.0	0.0
298	1.0	3.0	1.0	0.0	3.0010000000000003	8.998999999999999	1.0
299	0.0	0.0	0.0	0.0	0.0	0.0	0.0
300	1.0	4.0	1.0	1.0	2.9990000000000006	12.001	2.0
301	0.0	0.0	0.0	0.0	0.0	0.0	0.0
302	0.0	0.0	0.0	0.0	0.0	0.0	0.0
303	2.0	0.0	1.0	0.0	2.0	4.0	1.0
304	0.0	3.0	0.0	0.0	1.3330000000000002	4.667	0.0
305	1.0	0.0	0.0	0.0	0.3330000000000002	2.667	0.0
306	4.0	1.0	1.0	0.0	5.0	10.0	1.0
307	1.0	4.0	1.0	2.0	2.333	6.667	2.0
308	2.0	4.0	1.0	2.0	2.6660000000000004	9.334	2.0
309	1.0	4.0	0.0	2.0	2.333	6.667	1.0
310	1.0	4.0	1.0	2.0	1.3330000000000002	4.667	1.0
311	1.0	2.0	0.0	0.0	0.3330000000000002	2.667	0.0
312	1.0	2.0	0.0	0.0	0.6660000000000004	5.334	0.0
313	0.0	0.0	0.0	0.0	0.0	0.0	0.0
