pos	Sd	Nd	Sd_tip	Nd_tip	S	N	comparisons
001	0.0	0.0	0.0	0.0	0.0	0.0	0.0
002	2.0	0.0	2.0	0.0	2.0	4.0	2.0
003	1.0	0.0	1.0	0.0	1.0	2.0	1.0
004	3.0	0.0	1.0	0.0	3.0	6.0	1.0
005	2.0	0.0	2.0	0.0	2.0	4.0	2.0
006	2.0	0.0	1.0	0.0	1.3360000000000003	4.664	1.0
007	0.0	2.0	0.0	2.0	0.6660000000000004	5.334	2.0
008	1.0	0.0	1.0	0.0	1.0	2.0	1.0
009	0.0	2.0	0.0	2.0	0.3330000000000002	2.667	1.0
010	0.0	1.0	0.0	1.0	1.4	1.6	1.0
011	3.0	1.0	2.0	1.0	3.333	8.667	3.0
012	1.0	3.0	1.0	1.0	2.333	6.667	2.0
013	1.0	0.0	1.0	0.0	1.0	2.0	1.0
014	1.0	3.0	0.0	3.0	2.333	6.667	2.0
015	1.0	1.0	1.0	1.0	1.6680000000000001	4.332	2.0
016	1.0	2.0	0.0	2.0	0.9990000000000006	8.001	2.0
017	0.0	0.0	0.0	0.0	0.0	0.0	0.0
018	2.0	0.0	1.0	0.0	0.6660000000000004	5.334	1.0
019	3.0	0.0	3.0	0.0	2.668	6.332	3.0
020	2.0	5.0	1.0	4.0	4.068	7.932	3.0
021	2.0	1.0	2.0	1.0	0.9990000000000006	8.001	3.0
022	0.0	0.0	0.0	0.0	0.0	0.0	0.0
023	0.0	0.0	0.0	0.0	0.0	0.0	0.0
024	2.0	1.0	2.0	0.0	2.0	7.0	2.0
025	2.0	1.0	2.0	1.0	1.0	2.0	1.0
026	2.0	3.0	2.0	3.0	3.333	8.667	4.0
027	2.0	0.0	1.0	0.0	1.6680000000000001	4.332	1.0
028	2.0	1.0	2.0	1.0	2.0	4.0	2.0
029	2.0	3.0	1.0	1.0	2.333	6.667	1.0
030	2.0	0.0	2.0	0.0	2.0	4.0	2.0
031	1.0	0.0	0.0	0.0	0.6680000000000001	2.332	0.0
032	2.0	2.0	1.0	2.0	3.0	6.0	2.0
033	1.0	4.0	1.0	4.0	1.3330000000000002	4.667	2.0
034	2.0	3.0	1.0	1.0	4.668	10.332	2.0
035	1.0	2.0	1.0	1.0	2.333	6.667	2.0
036	0.0	1.0	0.0	1.0	0.6680000000000001	2.332	1.0
037	1.0	1.0	1.0	1.0	1.6680000000000001	4.332	2.0
038	0.0	0.0	0.0	0.0	0.0	0.0	0.0
039	2.0	0.0	2.0	0.0	0.6660000000000004	5.334	2.0
040	1.0	0.0	1.0	0.0	0.3330000000000002	2.667	1.0
041	2.0	0.0	2.0	0.0	0.6660000000000004	5.334	2.0
042	2.0	0.0	2.0	0.0	2.0	4.0	2.0
043	1.0	0.0	1.0	0.0	0.3330000000000002	2.667	1.0
044	1.0	1.0	1.0	1.0	1.3330000000000002	4.667	2.0
045	2.0	0.0	1.0	0.0	0.6660000000000004	5.334	1.0
046	2.0	0.0	2.0	0.0	2.0	4.0	2.0
047	5.0	0.0	4.0	0.0	5.468	9.532	4.0
048	2.0	0.0	2.0	0.0	2.0	4.0	2.0
049	0.0	2.0	0.0	1.0	1.3360000000000003	4.664	1.0
050	0.0	0.0	0.0	0.0	0.0	0.0	0.0
051	0.0	0.0	0.0	0.0	0.0	0.0	0.0
052	2.0	0.0	2.0	0.0	2.8	3.2	2.0
053	0.0	0.0	0.0	0.0	0.0	0.0	0.0
054	2.0	0.0	2.0	0.0	0.6660000000000004	5.334	2.0
055	3.0	0.0	1.0	0.0	3.4	5.6	1.0
056	2.0	0.0	2.0	0.0	2.8	3.2	2.0
057	2.0	0.0	1.0	0.0	0.6660000000000004	5.334	1.0
058	3.0	0.0	3.0	0.0	3.0	6.0	3.0
059	1.0	1.0	1.0	1.0	0.3330000000000002	2.667	1.0
060	2.0	2.0	1.0	2.0	1.6660000000000004	7.334	2.0
061	2.0	0.0	1.0	0.0	0.6660000000000004	5.334	1.0
062	2.0	0.0	1.0	0.0	2.0	4.0	1.0
063	1.0	0.0	1.0	0.0	0.3330000000000002	2.667	1.0
064	1.0	0.0	1.0	0.0	0.3330000000000002	2.667	1.0
065	0.0	2.0	0.0	2.0	0.0	3.0	1.0
066	3.0	0.0	2.0	0.0	3.0	6.0	2.0
067	0.0	1.0	0.0	1.0	1.0	2.0	1.0
068	4.0	0.0	3.0	0.0	4.0	8.0	3.0
069	2.0	0.0	2.0	0.0	2.0	4.0	2.0
070	2.0	0.0	0.0	0.0	0.6660000000000004	5.334	0.0
071	2.0	0.0	1.0	0.0	2.0	4.0	1.0
072	2.0	2.0	1.0	2.0	1.6680000000000001	4.332	1.0
073	2.0	1.0	1.0	1.0	0.9990000000000006	8.001	2.0
074	0.0	0.0	0.0	0.0	0.0	0.0	0.0
075	0.0	0.0	0.0	0.0	0.0	0.0	0.0
076	0.0	0.0	0.0	0.0	0.0	0.0	0.0
077	0.0	0.0	0.0	0.0	0.0	0.0	0.0
078	4.0	0.0	1.0	0.0	2.3360000000000003	6.664	1.0
079	2.0	1.0	1.0	1.0	3.0	6.0	2.0
080	1.0	0.0	1.0	0.0	0.3330000000000002	2.667	1.0
081	2.0	0.0	1.0	0.0	2.0	4.0	1.0
082	1.0	2.0	0.0	2.0	1.3330000000000002	4.667	1.0
083	2.0	0.0	2.0	0.0	2.0	4.0	2.0
084	3.0	2.0	2.0	2.0	4.0	8.0	3.0
085	1.0	1.0	1.0	1.0	0.6660000000000004	5.334	2.0
086	5.0	0.0	4.0	0.0	4.468	7.532	3.0
087	2.0	1.0	1.0	1.0	2.668	6.332	2.0
088	3.0	1.0	2.0	1.0	2.333	6.667	2.0
089	1.0	0.0	0.0	0.0	0.3330000000000002	2.667	0.0
090	2.0	1.0	0.0	1.0	1.6660000000000004	7.334	1.0
091	1.0	2.0	1.0	2.0	1.3330000000000002	4.667	2.0
092	2.0	0.0	2.0	0.0	2.0	4.0	2.0
093	0.0	0.0	0.0	0.0	0.0	0.0	0.0
094	2.0	2.0	0.0	0.0	3.0	6.0	0.0
095	0.0	1.0	0.0	1.0	0.3330000000000002	2.667	1.0
096	1.0	0.0	1.0	0.0	1.0	2.0	1.0
097	0.0	2.0	0.0	2.0	1.0	2.0	1.0
098	0.0	3.0	0.0	3.0	1.3330000000000002	4.667	2.0
099	1.0	1.0	1.0	1.0	1.6680000000000001	4.332	2.0
100	1.0	1.0	1.0	1.0	1.0	2.0	1.0
101	2.0	1.0	2.0	1.0	1.6680000000000001	7.332	3.0
102	2.0	0.0	0.0	0.0	2.0	4.0	0.0
103	2.0	0.0	1.0	0.0	0.6660000000000004	5.334	1.0
104	1.0	0.0	1.0	0.0	1.0	2.0	1.0
105	1.0	0.0	1.0	0.0	0.3330000000000002	2.667	1.0
106	2.0	1.0	2.0	1.0	1.6660000000000004	7.334	3.0
107	2.0	2.0	1.0	2.0	0.9990000000000006	8.001	2.0
108	3.0	1.0	3.0	1.0	3.0	6.0	3.0
109	2.0	0.0	2.0	0.0	2.0	4.0	2.0
110	2.0	0.0	1.0	0.0	0.6660000000000004	5.334	1.0
111	1.0	0.0	0.0	0.0	0.3330000000000002	2.667	0.0
112	2.0	0.0	2.0	0.0	1.3360000000000003	4.664	2.0
113	2.0	1.0	1.0	0.0	2.668	6.332	1.0
114	0.0	2.0	0.0	2.0	0.3330000000000002	2.667	1.0
115	1.0	2.0	1.0	2.0	0.6660000000000004	5.334	2.0
116	2.0	0.0	0.0	0.0	2.0	4.0	0.0
117	4.0	2.0	1.0	1.0	5.468	9.532	2.0
118	4.0	4.0	2.0	4.0	5.333	12.667	4.0
119	1.0	0.0	0.0	0.0	1.0	2.0	0.0
120	0.0	2.0	0.0	2.0	0.3330000000000002	2.667	1.0
121	2.0	2.0	2.0	2.0	0.9990000000000006	8.001	3.0
122	3.0	0.0	3.0	0.0	3.0	6.0	3.0
123	1.0	1.0	1.0	1.0	1.0	2.0	1.0
124	0.0	3.0	0.0	1.0	1.6660000000000004	7.334	1.0
125	2.0	0.0	2.0	0.0	2.0	4.0	2.0
126	0.0	1.0	0.0	1.0	0.3330000000000002	2.667	1.0
127	0.0	0.0	0.0	0.0	0.0	0.0	0.0
128	3.0	0.0	1.0	0.0	0.9990000000000006	8.001	1.0
129	2.0	2.0	1.0	1.0	2.0	4.0	1.0
130	2.0	0.0	1.0	0.0	2.0	4.0	1.0
131	0.0	1.0	0.0	1.0	1.0	2.0	1.0
132	1.0	0.0	1.0	0.0	0.3330000000000002	2.667	1.0
133	3.0	0.0	3.0	0.0	1.6680000000000001	4.332	2.0
134	1.0	0.0	1.0	0.0	0.3330000000000002	2.667	1.0
135	2.0	0.0	1.0	0.0	0.6660000000000004	5.334	1.0
136	2.0	0.0	2.0	0.0	2.0	4.0	2.0
137	2.0	2.0	1.0	2.0	1.6660000000000004	7.334	2.0
138	2.0	0.0	2.0	0.0	2.0	4.0	2.0
139	2.0	0.0	1.0	0.0	0.6660000000000004	5.334	1.0
140	3.0	0.0	2.0	0.0	3.0	6.0	2.0
141	3.0	0.0	2.0	0.0	3.0	6.0	2.0
142	0.0	0.0	0.0	0.0	0.0	0.0	0.0
143	1.0	0.0	1.0	0.0	1.0	2.0	1.0
144	1.0	2.0	0.0	1.0	0.9990000000000006	8.001	1.0
145	1.0	0.0	1.0	0.0	0.3330000000000002	2.667	1.0
146	2.0	2.0	0.0	2.0	1.6660000000000004	7.334	1.0
147	2.0	0.0	1.0	0.0	0.6660000000000004	5.334	1.0
148	1.0	0.0	1.0	0.0	0.3330000000000002	2.667	1.0
149	1.0	0.0	0.0	0.0	0.3330000000000002	2.667	0.0
150	2.0	2.0	2.0	2.0	2.0	4.0	2.0
151	1.0	1.0	1.0	1.0	2.0	4.0	2.0
152	0.0	1.0	0.0	1.0	0.3330000000000002	2.667	1.0
153	0.0	2.0	0.0	2.0	0.3330000000000002	2.667	1.0
154	1.0	1.0	1.0	1.0	0.6660000000000004	5.334	2.0
155	2.0	0.0	2.0	0.0	0.6680000000000001	2.332	1.0
156	0.0	0.0	0.0	0.0	0.0	0.0	0.0
157	3.0	1.0	2.0	1.0	4.468	7.532	3.0
158	1.0	1.0	1.0	1.0	0.6660000000000004	5.334	2.0
159	2.0	0.0	1.0	0.0	2.0	4.0	1.0
160	1.0	0.0	1.0	0.0	0.3330000000000002	2.667	1.0
161	1.0	1.0	1.0	1.0	0.6680000000000001	2.332	1.0
162	1.0	0.0	1.0	0.0	1.0	2.0	1.0
163	0.0	0.0	0.0	0.0	0.0	0.0	0.0
164	2.0	0.0	0.0	0.0	0.6660000000000004	5.334	0.0
165	1.0	0.0	1.0	0.0	0.3330000000000002	2.667	1.0
166	2.0	0.0	2.0	0.0	2.0	4.0	2.0
167	2.0	0.0	1.0	0.0	2.0	4.0	1.0
168	0.0	0.0	0.0	0.0	0.0	0.0	0.0
169	2.0	0.0	1.0	0.0	2.0	4.0	1.0
170	1.0	0.0	0.0	0.0	0.3330000000000002	2.667	0.0
171	1.0	0.0	1.0	0.0	1.0	2.0	1.0
172	0.0	2.0	0.0	2.0	1.0	2.0	1.0
173	1.0	3.0	0.0	1.0	1.3320000000000007	10.668	1.0
174	0.0	2.0	0.0	2.0	1.0	2.0	1.0
175	1.0	5.0	1.0	3.0	1.9990000000000006	10.001	2.0
176	0.0	0.0	0.0	0.0	0.0	0.0	0.0
177	0.0	4.0	0.0	4.0	2.0	4.0	2.0
178	3.0	1.0	1.0	1.0	2.3370000000000006	9.663	2.0
179	2.0	1.0	1.0	1.0	3.0	6.0	2.0
180	3.0	2.0	2.0	2.0	2.333	6.667	2.0
181	3.0	1.0	1.0	1.0	4.0	8.0	2.0
182	2.0	3.0	1.0	1.0	4.0	8.0	2.0
183	1.0	1.0	0.0	1.0	0.6660000000000004	5.334	1.0
184	2.0	0.0	1.0	0.0	0.6660000000000004	5.334	1.0
185	3.0	2.0	0.0	2.0	3.333	8.667	1.0
186	1.0	2.0	1.0	2.0	1.0	2.0	1.0
187	2.0	0.0	2.0	0.0	0.6660000000000004	5.334	2.0
188	1.0	3.0	1.0	3.0	0.3330000000000002	5.667	2.0
189	2.0	3.0	2.0	1.0	4.4	10.6	3.0
190	0.0	1.0	0.0	1.0	1.0	2.0	1.0
191	1.0	0.0	1.0	0.0	0.3330000000000002	2.667	1.0
192	4.0	0.0	4.0	0.0	2.3360000000000003	6.664	3.0
193	3.0	0.0	1.0	0.0	0.9990000000000006	8.001	1.0
194	1.0	1.0	1.0	1.0	1.4	1.6	1.0
195	2.0	0.0	1.0	0.0	2.0	4.0	1.0
196	0.0	1.0	0.0	1.0	1.4	1.6	1.0
197	2.0	0.0	1.0	0.0	0.6660000000000004	5.334	1.0
198	0.0	3.0	0.0	1.0	1.6680000000000001	7.332	1.0
199	3.0	0.0	2.0	0.0	2.668	6.332	2.0
200	2.0	0.0	1.0	0.0	2.8	3.2	1.0
201	2.0	0.0	2.0	0.0	2.0	4.0	2.0
202	3.0	2.0	3.0	1.0	5.0	10.0	4.0
203	1.0	1.0	0.0	1.0	0.6660000000000004	5.334	1.0
204	2.0	1.0	1.0	1.0	2.0	7.0	2.0
205	2.0	0.0	1.0	0.0	2.0	4.0	1.0
206	3.0	0.0	2.0	0.0	3.0	6.0	2.0
207	2.0	0.0	1.0	0.0	0.6660000000000004	5.334	1.0
208	0.0	0.0	0.0	0.0	0.0	0.0	0.0
209	1.0	0.0	1.0	0.0	1.0	2.0	1.0
210	2.0	2.0	2.0	2.0	1.3330000000000002	4.667	2.0
211	0.0	0.0	0.0	0.0	0.0	0.0	0.0
212	3.0	0.0	3.0	0.0	1.6680000000000001	4.332	2.0
213	0.0	0.0	0.0	0.0	0.0	0.0	0.0
214	2.0	0.0	2.0	0.0	1.6680000000000001	4.332	2.0
215	4.0	0.0	2.0	0.0	4.0	8.0	2.0
216	0.0	0.0	0.0	0.0	0.0	0.0	0.0
217	1.0	0.0	1.0	0.0	0.6680000000000001	2.332	1.0
218	0.0	0.0	0.0	0.0	0.0	0.0	0.0
219	0.0	2.0	0.0	2.0	0.3330000000000002	2.667	1.0
220	5.0	0.0	3.0	0.0	4.336	10.664	3.0
221	4.0	0.0	2.0	0.0	4.468	7.532	2.0
222	1.0	1.0	1.0	1.0	0.3330000000000002	2.667	1.0
223	3.0	1.0	2.0	1.0	2.333	6.667	2.0
224	4.0	0.0	3.0	0.0	2.736	6.263999999999999	2.0
225	0.0	0.0	0.0	0.0	0.0	0.0	0.0
226	2.0	1.0	1.0	1.0	0.9990000000000006	8.001	2.0
227	1.0	0.0	0.0	0.0	0.3330000000000002	2.667	0.0
228	3.0	0.0	2.0	0.0	2.736	6.263999999999999	2.0
229	3.0	0.0	2.0	0.0	3.0	6.0	2.0
230	1.0	0.0	1.0	0.0	1.0	2.0	1.0
231	4.0	1.0	4.0	1.0	1.6690000000000005	7.3309999999999995	3.0
232	2.0	0.0	1.0	0.0	0.6660000000000004	5.334	1.0
233	2.0	0.0	1.0	0.0	0.6660000000000004	5.334	1.0
234	1.0	0.0	1.0	0.0	0.3330000000000002	2.667	1.0
235	2.0	0.0	2.0	0.0	2.0	4.0	2.0
236	1.0	1.0	1.0	1.0	2.0	4.0	2.0
237	3.0	3.0	3.0	1.0	5.401000000000001	12.599	4.0
238	2.0	1.0	2.0	1.0	1.3330000000000002	4.667	2.0
239	2.0	3.0	1.0	2.0	3.333	8.667	2.0
240	2.0	4.0	0.0	2.0	3.9990000000000006	14.001	2.0
241	1.0	2.0	1.0	0.0	1.3330000000000002	4.667	1.0
242	1.0	1.0	0.0	1.0	0.6660000000000004	5.334	1.0
243	1.0	1.0	1.0	1.0	1.3330000000000002	4.667	2.0
244	2.0	2.0	1.0	2.0	3.0	6.0	2.0
245	2.0	4.0	2.0	2.0	2.665000000000001	15.334999999999999	4.0
246	1.0	4.0	1.0	1.0	2.333	9.667	2.0
247	2.0	0.0	1.0	0.0	1.3360000000000003	4.664	1.0
248	0.0	0.0	0.0	0.0	0.0	0.0	0.0
249	2.0	0.0	2.0	0.0	2.0	4.0	2.0
250	1.0	4.0	0.0	3.0	4.0	8.0	2.0
251	4.0	1.0	4.0	1.0	5.0	10.0	5.0
252	2.0	0.0	1.0	0.0	2.0	4.0	1.0
253	2.0	0.0	2.0	0.0	1.3360000000000003	4.664	2.0
254	0.0	0.0	0.0	0.0	0.0	0.0	0.0
255	0.0	0.0	0.0	0.0	0.0	0.0	0.0
256	1.0	0.0	0.0	0.0	0.3330000000000002	2.667	0.0
257	1.0	0.0	1.0	0.0	1.0	2.0	1.0
258	2.0	0.0	2.0	0.0	0.6660000000000004	5.334	2.0
259	2.0	0.0	1.0	0.0	0.6660000000000004	5.334	1.0
260	0.0	0.0	0.0	0.0	0.0	0.0	0.0
261	3.0	0.0	1.0	0.0	3.0	6.0	1.0
262	3.0	0.0	1.0	0.0	3.8	5.2	1.0
263	0.0	0.0	0.0	0.0	0.0	0.0	0.0
264	3.0	0.0	2.0	0.0	3.0	6.0	2.0
265	3.0	2.0	2.0	2.0	3.668	8.332	3.0
266	2.0	1.0	2.0	1.0	1.6680000000000001	4.332	2.0
267	3.0	2.0	1.0	2.0	3.333	8.667	2.0
268	2.0	0.0	2.0	0.0	2.0	4.0	2.0
269	2.0	1.0	2.0	1.0	1.6680000000000001	4.332	2.0
270	2.0	0.0	0.0	0.0	0.6660000000000004	5.334	0.0
271	2.0	0.0	2.0	0.0	2.0	4.0	2.0
272	4.0	1.0	2.0	1.0	4.333	10.667	3.0
273	2.0	2.0	2.0	2.0	2.4	3.6	2.0
274	1.0	1.0	1.0	1.0	0.6660000000000004	5.334	2.0
275	1.0	1.0	1.0	1.0	1.0	2.0	1.0
276	1.0	1.0	1.0	1.0	0.6660000000000004	5.334	2.0
277	2.0	0.0	2.0	0.0	2.0	4.0	2.0
278	0.0	0.0	0.0	0.0	0.0	0.0	0.0
279	3.0	2.0	2.0	2.0	3.0	6.0	2.0
280	2.0	0.0	1.0	0.0	0.6660000000000004	5.334	1.0
281	1.0	1.0	1.0	0.0	1.6680000000000001	4.332	1.0
282	1.0	1.0	1.0	0.0	0.6660000000000004	5.334	1.0
283	1.0	1.0	1.0	1.0	2.0	4.0	2.0
284	1.0	1.0	1.0	1.0	0.3330000000000002	2.667	1.0
285	2.0	0.0	2.0	0.0	2.0	4.0	2.0
286	0.0	2.0	0.0	1.0	0.6660000000000004	5.334	1.0
287	3.0	4.0	2.0	3.0	5.336	12.664	4.0
288	0.0	0.0	0.0	0.0	0.0	0.0	0.0
289	2.0	0.0	1.0	0.0	2.0	4.0	1.0
290	1.0	0.0	1.0	0.0	0.3330000000000002	2.667	1.0
291	1.0	0.0	1.0	0.0	0.3330000000000002	2.667	1.0
292	2.0	3.0	2.0	1.0	3.333	8.667	2.0
293	3.0	0.0	1.0	0.0	3.0	6.0	1.0
294	2.0	1.0	1.0	0.0	1.3360000000000003	4.664	1.0
295	1.0	0.0	0.0	0.0	0.3330000000000002	2.667	0.0
296	1.0	0.0	1.0	0.0	0.3330000000000002	2.667	1.0
297	1.0	2.0	1.0	1.0	1.0	5.0	1.0
298	1.0	0.0	1.0	0.0	0.3330000000000002	2.667	1.0
299	2.0	2.0	1.0	0.0	1.3330000000000002	4.667	1.0
300	1.0	0.0	0.0	0.0	0.3330000000000002	2.667	0.0
301	2.0	0.0	2.0	0.0	0.6660000000000004	5.334	2.0
302	1.0	1.0	1.0	1.0	0.6660000000000004	5.334	2.0
303	5.0	1.0	1.0	0.0	3.6690000000000005	11.331	1.0
304	5.0	0.0	5.0	0.0	5.468	9.532	5.0
305	2.0	0.0	1.0	0.0	2.0	4.0	1.0
306	2.0	0.0	1.0	0.0	2.0	4.0	1.0
307	2.0	1.0	2.0	1.0	0.9990000000000006	8.001	3.0
308	3.0	0.0	3.0	0.0	3.0	6.0	3.0
309	2.0	0.0	2.0	0.0	2.0	4.0	2.0
310	2.0	0.0	2.0	0.0	2.0	4.0	2.0
311	1.0	1.0	1.0	1.0	1.0	2.0	1.0
312	4.0	0.0	4.0	0.0	2.4	3.6	2.0
313	3.0	0.0	2.0	0.0	2.3360000000000003	6.664	2.0
314	2.0	2.0	2.0	2.0	0.9990000000000006	8.001	3.0
315	0.0	2.0	0.0	1.0	0.6660000000000004	5.334	1.0
316	2.0	0.0	1.0	0.0	0.6660000000000004	5.334	1.0
317	2.0	0.0	0.0	0.0	0.6660000000000004	5.334	0.0
318	1.0	0.0	0.0	0.0	0.3330000000000002	2.667	0.0
319	1.0	3.0	1.0	3.0	2.0	4.0	2.0
320	2.0	1.0	2.0	1.0	0.9990000000000006	8.001	3.0
321	0.0	2.0	0.0	2.0	0.6660000000000004	5.334	2.0
322	1.0	0.0	1.0	0.0	1.0	2.0	1.0
323	1.0	1.0	0.0	1.0	0.6660000000000004	5.334	1.0
324	1.0	1.0	1.0	1.0	0.6660000000000004	5.334	2.0
325	2.0	0.0	1.0	0.0	0.6660000000000004	5.334	1.0
326	0.0	0.0	0.0	0.0	0.0	0.0	0.0
327	2.0	1.0	1.0	1.0	1.0010000000000003	4.999	1.0
328	2.0	2.0	1.0	2.0	2.6690000000000005	9.331	3.0
329	1.0	1.0	1.0	1.0	2.0	4.0	2.0
330	1.0	0.0	0.0	0.0	0.3330000000000002	2.667	0.0
331	3.0	0.0	1.0	0.0	3.0	6.0	1.0
332	3.0	1.0	2.0	1.0	3.0	6.0	2.0
333	2.0	0.0	1.0	0.0	0.6660000000000004	5.334	1.0
334	2.0	0.0	1.0	0.0	2.4	3.6	1.0
335	4.0	0.0	4.0	0.0	4.0	8.0	4.0
336	1.0	1.0	0.0	1.0	0.6660000000000004	5.334	1.0
337	2.0	0.0	2.0	0.0	1.3360000000000003	4.664	2.0
338	1.0	2.0	0.0	2.0	1.3360000000000003	4.664	1.0
339	3.0	1.0	1.0	1.0	3.4010000000000002	8.599	2.0
340	1.0	3.0	1.0	3.0	0.9990000000000006	8.001	3.0
341	2.0	0.0	1.0	0.0	1.3360000000000003	4.664	1.0
342	1.0	2.0	1.0	2.0	1.6680000000000001	4.332	2.0
343	3.0	0.0	2.0	0.0	3.0	6.0	2.0
344	2.0	2.0	1.0	2.0	3.668	8.332	3.0
345	2.0	1.0	1.0	0.0	1.6660000000000004	7.334	1.0
346	3.0	0.0	1.0	0.0	3.0	6.0	1.0
347	2.0	0.0	2.0	0.0	0.6660000000000004	5.334	2.0
348	2.0	0.0	1.0	0.0	2.4	3.6	1.0
349	1.0	2.0	1.0	2.0	2.0	4.0	2.0
350	2.0	0.0	0.0	0.0	0.6660000000000004	5.334	0.0
351	1.0	0.0	1.0	0.0	1.0	2.0	1.0
352	1.0	0.0	0.0	0.0	1.0	2.0	0.0
353	2.0	1.0	1.0	1.0	3.0	6.0	2.0
354	3.0	1.0	3.0	0.0	4.0	8.0	3.0
355	3.0	1.0	3.0	1.0	2.333	6.667	3.0
356	2.0	3.0	1.0	3.0	4.4	7.6	3.0
357	2.0	0.0	2.0	0.0	0.6660000000000004	5.334	2.0
358	1.0	0.0	1.0	0.0	0.3330000000000002	2.667	1.0
359	3.0	1.0	2.0	0.0	4.0	8.0	2.0
360	2.0	0.0	1.0	0.0	2.0	4.0	1.0
361	4.0	0.0	3.0	0.0	4.0	8.0	3.0
362	3.0	0.0	2.0	0.0	3.0	6.0	2.0
363	4.0	0.0	3.0	0.0	2.668	6.332	2.0
364	2.0	0.0	1.0	0.0	2.0	4.0	1.0
365	1.0	2.0	1.0	0.0	0.6660000000000004	5.334	1.0
366	1.0	0.0	1.0	0.0	1.0	2.0	1.0
367	2.0	1.0	1.0	0.0	2.0	4.0	1.0
368	1.0	3.0	1.0	3.0	1.4	4.6	2.0
369	1.0	1.0	1.0	1.0	0.3330000000000002	2.667	1.0
370	3.0	0.0	2.0	0.0	3.0	6.0	2.0
371	1.0	2.0	1.0	0.0	0.6660000000000004	5.334	1.0
372	1.0	3.0	1.0	3.0	1.3320000000000007	10.668	4.0
373	1.0	2.0	1.0	2.0	0.6660000000000004	5.334	2.0
374	1.0	1.0	1.0	0.0	2.0	4.0	1.0
375	1.0	1.0	1.0	1.0	0.6660000000000004	5.334	2.0
376	3.0	2.0	3.0	2.0	3.0	6.0	3.0
377	1.0	2.0	0.0	1.0	0.9990000000000006	8.001	1.0
378	2.0	2.0	1.0	2.0	2.668	6.332	2.0
379	0.0	0.0	0.0	0.0	0.0	0.0	0.0
380	2.0	1.0	1.0	1.0	1.3330000000000002	4.667	1.0
381	2.0	2.0	1.0	2.0	4.0	8.0	3.0
382	1.0	1.0	1.0	1.0	1.4	1.6	1.0
383	3.0	0.0	1.0	0.0	3.0	6.0	1.0
384	1.0	1.0	1.0	1.0	0.6660000000000004	5.334	2.0
385	3.0	0.0	2.0	0.0	3.0	6.0	2.0
386	2.0	0.0	2.0	0.0	0.6660000000000004	5.334	2.0
387	3.0	2.0	2.0	2.0	4.0	8.0	3.0
388	2.0	1.0	2.0	1.0	3.0	6.0	3.0
389	2.0	2.0	1.0	1.0	1.3360000000000003	4.664	1.0
390	2.0	4.0	2.0	2.0	4.401	13.599	4.0
391	1.0	4.0	1.0	4.0	2.0	4.0	2.0
392	1.0	1.0	1.0	1.0	1.3330000000000002	4.667	2.0
393	2.0	0.0	0.0	0.0	0.6660000000000004	5.334	0.0
394	1.0	3.0	1.0	3.0	2.333	6.667	3.0
395	1.0	1.0	1.0	1.0	2.0	4.0	2.0
396	0.0	0.0	0.0	0.0	0.0	0.0	0.0
397	0.0	0.0	0.0	0.0	0.0	0.0	0.0
398	2.0	1.0	2.0	0.0	2.3360000000000003	6.664	2.0
399	2.0	3.0	1.0	1.0	2.6660000000000004	9.334	2.0
400	1.0	3.0	1.0	2.0	2.6690000000000005	9.331	3.0
401	3.0	1.0	2.0	1.0	3.333	8.667	3.0
402	2.0	1.0	1.0	1.0	3.0	6.0	2.0
403	3.0	0.0	3.0	0.0	1.6680000000000001	4.332	2.0
404	4.0	2.0	3.0	2.0	5.0	10.0	4.0
405	2.0	1.0	2.0	1.0	1.733	4.2669999999999995	2.0
406	2.0	1.0	1.0	0.0	0.9990000000000006	8.001	1.0
407	1.0	2.0	1.0	2.0	0.9990000000000006	8.001	3.0
408	0.0	0.0	0.0	0.0	0.0	0.0	0.0
409	0.0	0.0	0.0	0.0	0.0	0.0	0.0
410	0.0	0.0	0.0	0.0	0.0	0.0	0.0
411	3.0	4.0	0.0	2.0	5.0	10.0	2.0
412	2.0	4.0	1.0	4.0	2.9990000000000006	12.001	4.0
413	1.0	1.0	1.0	1.0	0.6660000000000004	5.334	2.0
414	1.0	3.0	1.0	1.0	4.0	8.0	2.0
415	0.0	5.0	0.0	3.0	2.9990000000000006	12.001	3.0
416	1.0	3.0	1.0	1.0	1.3320000000000007	10.668	2.0
417	3.0	0.0	3.0	0.0	0.9990000000000006	8.001	3.0
418	3.0	3.0	2.0	3.0	6.0	12.0	5.0
419	3.0	1.0	1.0	1.0	4.0	8.0	2.0
420	1.0	0.0	1.0	0.0	0.3330000000000002	2.667	1.0
421	3.0	0.0	1.0	0.0	3.0	6.0	1.0
422	1.0	0.0	1.0	0.0	0.3330000000000002	2.667	1.0
423	2.0	1.0	1.0	1.0	2.3360000000000003	6.664	2.0
424	2.0	0.0	2.0	0.0	2.0	4.0	2.0
425	1.0	4.0	1.0	3.0	2.6660000000000004	9.334	3.0
426	3.0	1.0	2.0	1.0	1.3320000000000007	10.668	3.0
427	4.0	2.0	3.0	2.0	5.0	10.0	4.0
428	3.0	0.0	3.0	0.0	2.3360000000000003	6.664	3.0
429	2.0	1.0	2.0	1.0	2.0	4.0	2.0
430	3.0	0.0	3.0	0.0	0.9990000000000006	8.001	3.0
431	0.0	0.0	0.0	0.0	0.0	0.0	0.0
432	1.0	0.0	1.0	0.0	0.3330000000000002	2.667	1.0
433	2.0	0.0	2.0	0.0	2.0	4.0	2.0
434	2.0	1.0	0.0	1.0	1.6690000000000005	7.3309999999999995	1.0
435	1.0	0.0	1.0	0.0	1.4	1.6	1.0
436	1.0	1.0	1.0	0.0	0.6660000000000004	5.334	1.0
437	2.0	2.0	1.0	1.0	1.9990000000000006	10.001	2.0
438	0.0	0.0	0.0	0.0	0.0	0.0	0.0
439	0.0	0.0	0.0	0.0	0.0	0.0	0.0
440	3.0	0.0	2.0	0.0	3.0	6.0	2.0
441	2.0	0.0	1.0	0.0	0.6660000000000004	5.334	1.0
442	0.0	0.0	0.0	0.0	0.0	0.0	0.0
443	1.0	1.0	1.0	1.0	0.6660000000000004	5.334	2.0
444	4.0	0.0	3.0	0.0	4.136	7.864	3.0
445	0.0	0.0	0.0	0.0	0.0	0.0	0.0
446	3.0	1.0	3.0	1.0	4.0	8.0	4.0
447	1.0	0.0	1.0	0.0	0.3330000000000002	2.667	1.0
448	3.0	0.0	2.0	0.0	3.0	6.0	2.0
449	3.0	0.0	1.0	0.0	3.0	6.0	1.0
450	2.0	2.0	2.0	2.0	3.4	5.6	3.0
451	1.0	3.0	1.0	3.0	1.3330000000000002	4.667	2.0
452	1.0	2.0	0.0	2.0	0.3330000000000002	5.667	1.0
453	2.0	4.0	2.0	1.0	4.333	13.667	3.0
454	2.0	0.0	1.0	0.0	2.0	4.0	1.0
455	2.0	2.0	1.0	0.0	2.3360000000000003	6.664	1.0
456	2.0	0.0	1.0	0.0	2.0	4.0	1.0
457	2.0	3.0	1.0	2.0	2.3340000000000005	9.666	2.0
458	0.0	1.0	0.0	1.0	1.0	2.0	1.0
459	2.0	2.0	1.0	2.0	2.333	6.667	2.0
460	0.0	4.0	0.0	1.0	2.333	6.667	1.0
461	2.0	0.0	1.0	0.0	0.6660000000000004	5.334	1.0
462	6.0	0.0	4.0	0.0	4.0040000000000004	10.995999999999999	3.0
463	4.0	0.0	3.0	0.0	3.668	8.332	3.0
464	1.0	1.0	0.0	0.0	0.6680000000000001	5.332	0.0
465	2.0	0.0	2.0	0.0	0.6660000000000004	5.334	2.0
466	3.0	1.0	1.0	1.0	4.468	7.532	2.0
467	1.0	3.0	1.0	2.0	2.333	6.667	2.0
468	1.0	0.0	1.0	0.0	1.0	2.0	1.0
469	0.0	1.0	0.0	1.0	0.3330000000000002	2.667	1.0
470	0.0	0.0	0.0	0.0	0.0	0.0	0.0
471	3.0	0.0	1.0	0.0	3.0	6.0	1.0
472	2.0	1.0	0.0	0.0	3.068	5.932	0.0
473	4.0	0.0	3.0	0.0	4.0	8.0	3.0
474	1.0	0.0	0.0	0.0	0.3330000000000002	2.667	0.0
475	1.0	0.0	1.0	0.0	0.3330000000000002	2.667	1.0
476	4.0	1.0	3.0	1.0	5.0	10.0	4.0
477	2.0	0.0	2.0	0.0	1.3360000000000003	4.664	2.0
478	3.0	0.0	3.0	0.0	3.8	5.2	3.0
479	1.0	1.0	1.0	0.0	1.3360000000000003	4.664	1.0
480	2.0	3.0	2.0	3.0	2.333	6.667	3.0
481	0.0	1.0	0.0	1.0	1.0	2.0	1.0
482	2.0	1.0	2.0	0.0	2.668	6.332	2.0
483	1.0	0.0	0.0	0.0	0.3330000000000002	2.667	0.0
484	2.0	1.0	2.0	1.0	3.0	6.0	3.0
485	1.0	1.0	1.0	1.0	2.0	4.0	2.0
486	1.0	2.0	1.0	1.0	2.0	4.0	1.0
487	1.0	0.0	0.0	0.0	0.3330000000000002	2.667	0.0
488	0.0	1.0	0.0	1.0	0.6680000000000001	2.332	1.0
489	1.0	0.0	1.0	0.0	0.3330000000000002	2.667	1.0
490	3.0	0.0	2.0	0.0	2.068	3.932	1.0
491	1.0	0.0	1.0	0.0	0.3330000000000002	2.667	1.0
492	3.0	1.0	1.0	0.0	2.668	6.332	1.0
493	1.0	0.0	0.0	0.0	0.3330000000000002	2.667	0.0
494	2.0	0.0	1.0	0.0	1.3360000000000003	4.664	1.0
495	3.0	3.0	1.0	1.0	4.401	10.599	2.0
496	2.0	3.0	1.0	3.0	3.668	8.332	3.0
497	0.0	1.0	0.0	0.0	0.3330000000000002	2.667	0.0
498	0.0	3.0	0.0	2.0	0.6660000000000004	5.334	1.0
499	3.0	0.0	2.0	0.0	1.6680000000000001	4.332	1.0
500	3.0	3.0	1.0	1.0	6.0	12.0	2.0
501	4.0	1.0	1.0	1.0	4.333	10.667	2.0
502	2.0	2.0	2.0	1.0	3.0	6.0	2.0
503	1.0	3.0	1.0	1.0	3.468	8.532	2.0
504	2.0	1.0	1.0	0.0	0.9990000000000006	8.001	1.0
505	3.0	4.0	3.0	3.0	2.6670000000000007	12.333	4.0
506	1.0	1.0	0.0	0.0	1.0	2.0	0.0
507	0.0	0.0	0.0	0.0	0.0	0.0	0.0
508	4.0	3.0	3.0	3.0	3.333	8.667	3.0
509	1.0	1.0	1.0	1.0	2.0	4.0	2.0
510	2.0	2.0	1.0	0.0	2.6660000000000004	9.334	1.0
511	2.0	4.0	0.0	2.0	4.0	11.0	2.0
512	0.0	2.0	0.0	0.0	0.6660000000000004	5.334	0.0
513	2.0	4.0	1.0	2.0	4.001	10.998999999999999	2.0
514	2.0	1.0	2.0	1.0	1.0	2.0	1.0
515	1.0	0.0	1.0	0.0	0.3330000000000002	2.667	1.0
516	2.0	1.0	2.0	1.0	2.0	4.0	2.0
517	3.0	0.0	2.0	0.0	3.0	6.0	2.0
518	2.0	2.0	2.0	2.0	1.3330000000000002	4.667	2.0
519	3.0	0.0	2.0	0.0	3.8	5.2	2.0
520	2.0	2.0	1.0	2.0	1.3320000000000007	10.668	3.0
521	1.0	1.0	0.0	1.0	0.6660000000000004	5.334	1.0
522	1.0	0.0	1.0	0.0	0.3330000000000002	2.667	1.0
523	3.0	2.0	2.0	2.0	1.6660000000000004	7.334	2.0
524	2.0	4.0	0.0	2.0	5.0	10.0	2.0
525	1.0	0.0	1.0	0.0	1.0	2.0	1.0
526	3.0	0.0	2.0	0.0	3.4	5.6	2.0
527	3.0	5.0	1.0	2.0	4.333	10.667	2.0
528	1.0	3.0	1.0	1.0	1.3330000000000002	4.667	1.0
529	1.0	0.0	1.0	0.0	0.6680000000000001	2.332	1.0
530	3.0	0.0	3.0	0.0	0.9990000000000006	8.001	3.0
531	1.0	1.0	0.0	1.0	1.3330000000000002	4.667	1.0
532	3.0	2.0	2.0	2.0	0.9990000000000006	8.001	2.0
533	1.0	1.0	0.0	1.0	2.0	4.0	1.0
534	0.0	0.0	0.0	0.0	0.0	0.0	0.0
535	2.0	0.0	1.0	0.0	2.0	4.0	1.0
536	2.0	4.0	2.0	1.0	3.668	11.332	2.0
537	1.0	1.0	1.0	1.0	0.6660000000000004	5.334	2.0
538	2.0	0.0	0.0	0.0	0.6660000000000004	5.334	0.0
539	1.0	0.0	1.0	0.0	0.3330000000000002	2.667	1.0
540	3.0	2.0	2.0	2.0	3.668	8.332	3.0
541	2.0	1.0	1.0	1.0	2.668	6.332	2.0
542	2.0	0.0	2.0	0.0	0.6660000000000004	5.334	2.0
543	1.0	2.0	1.0	2.0	1.6660000000000004	7.334	3.0
544	1.0	4.0	0.0	3.0	1.3320000000000007	10.668	2.0
545	3.0	0.0	2.0	0.0	3.0	6.0	2.0
546	2.0	0.0	0.0	0.0	2.068	3.932	0.0
547	1.0	4.0	1.0	1.0	1.3320000000000007	10.668	2.0
548	2.0	3.0	1.0	3.0	2.333	6.667	2.0
549	2.0	1.0	2.0	1.0	2.668	6.332	3.0
550	3.0	1.0	1.0	1.0	1.3320000000000007	10.668	2.0
551	2.0	0.0	1.0	0.0	0.6660000000000004	5.334	1.0
552	2.0	0.0	0.0	0.0	2.0	4.0	0.0
553	4.0	0.0	2.0	0.0	4.068	7.932	2.0
554	2.0	0.0	1.0	0.0	2.4	3.6	1.0
555	3.0	0.0	2.0	0.0	3.0	6.0	2.0
556	1.0	0.0	1.0	0.0	0.3330000000000002	2.667	1.0
557	4.0	0.0	2.0	0.0	4.8	7.199999999999999	2.0
558	1.0	1.0	1.0	1.0	0.6660000000000004	5.334	2.0
559	2.0	1.0	1.0	0.0	0.9990000000000006	8.001	1.0
560	2.0	1.0	1.0	1.0	2.0010000000000003	6.999	2.0
561	1.0	1.0	1.0	1.0	1.0	2.0	1.0
562	1.0	3.0	0.0	2.0	2.0010000000000003	6.999	1.0
563	1.0	4.0	1.0	2.0	2.6660000000000004	9.334	2.0
564	0.0	0.0	0.0	0.0	0.0	0.0	0.0
565	0.0	0.0	0.0	0.0	0.0	0.0	0.0
566	2.0	1.0	1.0	0.0	2.333	6.667	1.0
567	2.0	3.0	2.0	2.0	3.333	8.667	3.0
568	1.0	2.0	0.0	2.0	0.6660000000000004	5.334	1.0
569	4.0	0.0	2.0	0.0	4.0	8.0	2.0
570	2.0	0.0	2.0	0.0	2.0	4.0	2.0
571	0.0	3.0	0.0	1.0	1.3330000000000002	4.667	1.0
572	3.0	0.0	2.0	0.0	2.0040000000000004	6.9959999999999996	2.0
573	3.0	3.0	1.0	2.0	4.668	10.332	2.0
574	3.0	1.0	1.0	1.0	4.0	8.0	2.0
575	1.0	1.0	1.0	1.0	1.6680000000000001	4.332	2.0
576	0.0	0.0	0.0	0.0	0.0	0.0	0.0
577	2.0	2.0	2.0	2.0	0.3330000000000002	5.667	2.0
578	4.0	1.0	4.0	1.0	2.736	6.263999999999999	3.0
579	3.0	0.0	3.0	0.0	2.3360000000000003	6.664	3.0
580	1.0	0.0	1.0	0.0	0.3330000000000002	2.667	1.0
581	2.0	1.0	2.0	1.0	0.9990000000000006	8.001	3.0
582	2.0	0.0	0.0	0.0	0.6660000000000004	5.334	0.0
583	2.0	1.0	0.0	0.0	1.6680000000000001	4.332	0.0
584	2.0	2.0	1.0	1.0	2.7340000000000004	9.266	2.0
585	2.0	5.0	0.0	1.0	3.6660000000000004	11.334	1.0
586	1.0	0.0	0.0	0.0	0.3330000000000002	2.667	0.0
587	0.0	1.0	0.0	1.0	1.0	2.0	1.0
588	3.0	1.0	2.0	1.0	4.0	8.0	3.0
589	0.0	0.0	0.0	0.0	0.0	0.0	0.0
590	1.0	2.0	0.0	2.0	3.0	6.0	2.0
591	3.0	2.0	3.0	2.0	4.0	8.0	4.0
592	1.0	2.0	1.0	2.0	1.6690000000000005	7.3309999999999995	3.0
593	2.0	1.0	1.0	1.0	2.333	6.667	2.0
594	1.0	1.0	1.0	1.0	0.6660000000000004	5.334	2.0
595	1.0	0.0	1.0	0.0	0.3330000000000002	2.667	1.0
596	3.0	4.0	3.0	2.0	6.0	12.0	4.0
597	3.0	3.0	2.0	2.0	1.3320000000000007	10.668	2.0
598	1.0	1.0	0.0	1.0	0.6660000000000004	5.334	1.0
599	0.0	0.0	0.0	0.0	0.0	0.0	0.0
600	1.0	1.0	0.0	1.0	2.0	4.0	1.0
601	2.0	6.0	2.0	3.0	3.6660000000000004	11.334	3.0
602	0.0	1.0	0.0	1.0	0.3330000000000002	2.667	1.0
603	3.0	1.0	2.0	1.0	4.0	8.0	3.0
604	3.0	0.0	2.0	0.0	3.0	6.0	2.0
605	1.0	0.0	0.0	0.0	0.3330000000000002	2.667	0.0
606	1.0	1.0	1.0	1.0	2.0	4.0	2.0
607	3.0	0.0	3.0	0.0	2.4	3.6	2.0
608	2.0	3.0	1.0	2.0	3.0010000000000003	8.998999999999999	2.0
609	3.0	1.0	3.0	1.0	1.0010000000000003	4.999	2.0
610	4.0	1.0	3.0	1.0	4.0	8.0	3.0
611	3.0	0.0	2.0	0.0	3.0	6.0	2.0
612	4.0	1.0	3.0	1.0	3.0	6.0	2.0
613	1.0	1.0	1.0	0.0	0.6660000000000004	5.334	1.0
614	3.0	2.0	1.0	1.0	4.4	7.6	2.0
615	2.0	0.0	2.0	0.0	0.6660000000000004	5.334	2.0
616	2.0	1.0	0.0	1.0	0.9990000000000006	8.001	1.0
617	3.0	3.0	2.0	3.0	3.333	8.667	3.0
618	1.0	1.0	1.0	1.0	1.0010000000000003	4.999	2.0
619	2.0	0.0	1.0	0.0	2.0	4.0	1.0
620	0.0	1.0	0.0	1.0	0.3330000000000002	2.667	1.0
621	1.0	4.0	1.0	3.0	1.9990000000000006	10.001	3.0
622	2.0	0.0	2.0	0.0	0.6660000000000004	5.334	2.0
623	4.0	0.0	2.0	0.0	4.468	7.532	2.0
624	1.0	0.0	0.0	0.0	1.0	2.0	0.0
625	2.0	2.0	1.0	2.0	0.9990000000000006	8.001	2.0
626	0.0	1.0	0.0	1.0	0.3330000000000002	2.667	1.0
627	2.0	0.0	1.0	0.0	2.0	4.0	1.0
628	2.0	3.0	0.0	1.0	3.333	8.667	1.0
629	1.0	2.0	1.0	2.0	1.0	2.0	1.0
630	0.0	0.0	0.0	0.0	0.0	0.0	0.0
631	3.0	1.0	3.0	1.0	0.9990000000000006	8.001	3.0
632	2.0	0.0	2.0	0.0	0.6660000000000004	5.334	2.0
633	3.0	3.0	1.0	3.0	4.4	7.6	2.0
634	2.0	0.0	2.0	0.0	0.6660000000000004	5.334	2.0
635	2.0	0.0	1.0	0.0	2.0	4.0	1.0
636	2.0	1.0	2.0	1.0	2.668	6.332	3.0
637	2.0	0.0	2.0	0.0	0.6660000000000004	5.334	2.0
638	4.0	1.0	4.0	1.0	3.4	8.6	4.0
639	3.0	0.0	2.0	0.0	3.0	6.0	2.0
640	3.0	1.0	2.0	1.0	3.333	8.667	3.0
641	3.0	2.0	2.0	2.0	3.668	8.332	3.0
642	1.0	0.0	0.0	0.0	1.0	2.0	0.0
643	1.0	2.0	1.0	2.0	2.0	4.0	2.0
644	0.0	1.0	0.0	1.0	0.3330000000000002	2.667	1.0
645	1.0	1.0	1.0	1.0	2.4	3.6	2.0
646	2.0	2.0	2.0	2.0	3.0	6.0	3.0
647	1.0	2.0	1.0	1.0	1.6660000000000004	7.334	2.0
648	1.0	0.0	0.0	0.0	0.3330000000000002	2.667	0.0
649	0.0	1.0	0.0	1.0	0.0	3.0	1.0
650	1.0	2.0	1.0	2.0	1.3330000000000002	4.667	2.0
651	1.0	0.0	1.0	0.0	0.3330000000000002	2.667	1.0
652	5.0	0.0	2.0	0.0	4.668	10.332	2.0
653	1.0	0.0	1.0	0.0	0.3330000000000002	2.667	1.0
654	2.0	2.0	1.0	1.0	2.3340000000000005	9.666	2.0
655	1.0	1.0	0.0	1.0	0.6660000000000004	5.334	1.0
656	1.0	2.0	1.0	1.0	1.6680000000000001	7.332	2.0
657	2.0	1.0	0.0	1.0	3.0	6.0	1.0
658	0.0	1.0	0.0	0.0	0.3330000000000002	2.667	0.0
659	1.0	2.0	1.0	1.0	1.6680000000000001	4.332	1.0
660	0.0	1.0	0.0	1.0	0.3330000000000002	2.667	1.0
661	1.0	0.0	1.0	0.0	1.0	2.0	1.0
662	3.0	0.0	1.0	0.0	3.0	6.0	1.0
663	2.0	2.0	1.0	1.0	1.9990000000000006	10.001	2.0
664	4.0	2.0	2.0	0.0	4.336	10.664	2.0
665	1.0	1.0	1.0	1.0	1.4	1.6	1.0
666	3.0	1.0	2.0	1.0	1.6660000000000004	7.334	2.0
667	1.0	1.0	1.0	0.0	1.3360000000000003	4.664	1.0
668	4.0	0.0	4.0	0.0	2.736	6.263999999999999	3.0
669	2.0	0.0	0.0	0.0	2.0	4.0	0.0
670	1.0	1.0	1.0	1.0	0.6660000000000004	5.334	2.0
671	2.0	4.0	1.0	4.0	4.0	8.0	3.0
672	0.0	1.0	0.0	1.0	0.6680000000000001	2.332	1.0
673	0.0	1.0	0.0	1.0	1.0	2.0	1.0
674	3.0	0.0	2.0	0.0	3.0	6.0	2.0
675	2.0	1.0	2.0	1.0	1.0010000000000003	4.999	2.0
676	0.0	1.0	0.0	0.0	0.3330000000000002	2.667	0.0
677	1.0	0.0	1.0	0.0	0.3330000000000002	2.667	1.0
678	1.0	1.0	0.0	1.0	1.3330000000000002	4.667	1.0
679	3.0	0.0	2.0	0.0	0.9990000000000006	8.001	2.0
680	3.0	0.0	1.0	0.0	3.0	6.0	1.0
681	2.0	1.0	2.0	1.0	0.9990000000000006	8.001	3.0
682	0.0	0.0	0.0	0.0	0.0	0.0	0.0
683	3.0	0.0	2.0	0.0	2.0040000000000004	6.9959999999999996	2.0
684	2.0	0.0	2.0	0.0	1.3360000000000003	4.664	2.0
685	2.0	1.0	2.0	1.0	1.3330000000000002	4.667	2.0
686	3.0	1.0	2.0	1.0	2.0010000000000003	6.999	2.0
687	3.0	1.0	1.0	1.0	4.0	8.0	2.0
688	2.0	0.0	1.0	0.0	1.3360000000000003	4.664	1.0
689	2.0	2.0	1.0	2.0	2.333	6.667	2.0
690	2.0	2.0	2.0	2.0	2.0	4.0	2.0
691	3.0	1.0	3.0	1.0	4.0	8.0	4.0
692	3.0	1.0	1.0	1.0	1.3320000000000007	10.668	2.0
693	0.0	1.0	0.0	1.0	1.0	2.0	1.0
694	2.0	3.0	2.0	3.0	2.0	4.0	2.0
695	3.0	1.0	2.0	0.0	1.6660000000000004	7.334	2.0
696	0.0	5.0	0.0	4.0	1.6660000000000004	7.334	2.0
697	0.0	0.0	0.0	0.0	0.0	0.0	0.0
698	1.0	1.0	1.0	1.0	1.6680000000000001	4.332	2.0
699	1.0	1.0	1.0	1.0	0.6660000000000004	5.334	2.0
700	0.0	2.0	0.0	2.0	1.6680000000000001	4.332	2.0
701	1.0	3.0	0.0	1.0	1.3320000000000007	10.668	1.0
702	2.0	0.0	2.0	0.0	0.6660000000000004	5.334	2.0
703	2.0	0.0	2.0	0.0	2.0	4.0	2.0
704	3.0	0.0	2.0	0.0	0.9990000000000006	8.001	2.0
705	2.0	1.0	1.0	1.0	1.6660000000000004	7.334	2.0
706	3.0	0.0	2.0	0.0	3.4	5.6	2.0
707	0.0	0.0	0.0	0.0	0.0	0.0	0.0
708	2.0	1.0	1.0	1.0	1.3340000000000005	7.6659999999999995	2.0
709	1.0	0.0	1.0	0.0	0.3330000000000002	2.667	1.0
710	3.0	0.0	2.0	0.0	3.468	5.532	2.0
711	2.0	1.0	1.0	1.0	2.668	6.332	2.0
712	1.0	3.0	1.0	2.0	2.333	6.667	2.0
713	1.0	1.0	0.0	0.0	0.6680000000000001	5.332	0.0
714	4.0	0.0	2.0	0.0	3.668	8.332	2.0
715	2.0	4.0	1.0	3.0	2.9990000000000006	12.001	4.0
716	2.0	1.0	2.0	1.0	1.3330000000000002	4.667	2.0
717	0.0	0.0	0.0	0.0	0.0	0.0	0.0
718	1.0	2.0	0.0	2.0	0.9990000000000006	8.001	2.0
719	2.0	3.0	1.0	2.0	2.333	6.667	2.0
720	4.0	2.0	2.0	2.0	3.333	8.667	2.0
721	4.0	0.0	2.0	0.0	4.468	7.532	2.0
722	4.0	0.0	3.0	0.0	4.0	8.0	3.0
723	2.0	2.0	2.0	1.0	2.6660000000000004	9.334	3.0
724	1.0	2.0	1.0	2.0	1.0	2.0	1.0
725	3.0	2.0	1.0	2.0	3.333	8.667	2.0
726	2.0	0.0	1.0	0.0	0.6660000000000004	5.334	1.0
727	1.0	2.0	0.0	2.0	0.6660000000000004	5.334	1.0
728	2.0	0.0	1.0	0.0	0.6660000000000004	5.334	1.0
729	0.0	2.0	0.0	2.0	0.3330000000000002	2.667	1.0
730	1.0	0.0	0.0	0.0	0.6680000000000001	2.332	0.0
731	1.0	0.0	1.0	0.0	0.3330000000000002	2.667	1.0
732	1.0	1.0	0.0	1.0	1.3330000000000002	4.667	1.0
733	2.0	0.0	0.0	0.0	2.4	3.6	0.0
734	2.0	0.0	2.0	0.0	2.4	3.6	2.0
735	2.0	2.0	1.0	2.0	2.333	6.667	2.0
736	0.0	1.0	0.0	1.0	0.3330000000000002	2.667	1.0
737	3.0	0.0	2.0	0.0	0.9990000000000006	8.001	2.0
738	1.0	0.0	1.0	0.0	1.0	2.0	1.0
739	0.0	0.0	0.0	0.0	0.0	0.0	0.0
740	2.0	0.0	1.0	0.0	1.6680000000000001	4.332	1.0
741	0.0	0.0	0.0	0.0	0.0	0.0	0.0
742	2.0	1.0	2.0	1.0	1.6680000000000001	4.332	2.0
743	0.0	0.0	0.0	0.0	0.0	0.0	0.0
744	1.0	2.0	1.0	2.0	0.6660000000000004	5.334	2.0
745	3.0	0.0	2.0	0.0	3.0	6.0	2.0
746	0.0	0.0	0.0	0.0	0.0	0.0	0.0
747	3.0	2.0	1.0	1.0	2.6660000000000004	9.334	2.0
748	1.0	3.0	1.0	1.0	1.6680000000000001	7.332	1.0
749	0.0	1.0	0.0	1.0	1.0	2.0	1.0
750	2.0	3.0	1.0	3.0	2.333	6.667	2.0
751	1.0	2.0	1.0	1.0	1.6660000000000004	7.334	2.0
752	2.0	2.0	1.0	1.0	3.333	8.667	2.0
753	1.0	0.0	1.0	0.0	1.0	2.0	1.0
754	1.0	4.0	0.0	4.0	2.3340000000000005	9.666	3.0
755	2.0	4.0	2.0	2.0	3.333	8.667	3.0
756	0.0	0.0	0.0	0.0	0.0	0.0	0.0
757	0.0	0.0	0.0	0.0	0.0	0.0	0.0
758	0.0	3.0	0.0	1.0	0.6660000000000004	5.334	1.0
759	2.0	5.0	0.0	3.0	3.0670000000000006	11.933	2.0
760	1.0	0.0	0.0	0.0	0.3330000000000002	2.667	0.0
761	1.0	6.0	1.0	3.0	2.9990000000000006	12.001	3.0
762	2.0	0.0	0.0	0.0	0.6660000000000004	5.334	0.0
763	2.0	2.0	2.0	2.0	1.0010000000000003	4.999	2.0
764	2.0	1.0	1.0	1.0	3.0	6.0	2.0
765	2.0	1.0	0.0	1.0	3.4	5.6	1.0
766	2.0	4.0	1.0	1.0	3.333	8.667	2.0
767	2.0	2.0	2.0	2.0	1.3330000000000002	4.667	2.0
768	0.0	4.0	0.0	2.0	0.6660000000000004	5.334	1.0
769	2.0	3.0	2.0	3.0	2.333	6.667	3.0
770	0.0	3.0	0.0	3.0	0.6660000000000004	5.334	2.0
771	1.0	5.0	1.0	2.0	2.3320000000000007	12.668	3.0
772	2.0	1.0	2.0	1.0	2.068	3.932	2.0
773	2.0	0.0	1.0	0.0	2.0	4.0	1.0
774	2.0	4.0	1.0	3.0	3.333	8.667	2.0
775	3.0	0.0	3.0	0.0	0.9990000000000006	8.001	3.0
776	2.0	1.0	2.0	1.0	1.3330000000000002	4.667	2.0
777	1.0	2.0	1.0	2.0	0.6660000000000004	5.334	2.0
778	3.0	0.0	2.0	0.0	3.0	6.0	2.0
779	0.0	0.0	0.0	0.0	0.0	0.0	0.0
780	2.0	0.0	2.0	0.0	0.6660000000000004	5.334	2.0
781	3.0	4.0	2.0	2.0	6.4	11.6	4.0
782	1.0	2.0	1.0	2.0	0.3330000000000002	2.667	1.0
783	2.0	2.0	1.0	1.0	3.668	8.332	2.0
784	2.0	4.0	1.0	3.0	4.336	10.664	3.0
785	1.0	0.0	1.0	0.0	0.3330000000000002	2.667	1.0
786	0.0	3.0	0.0	2.0	2.0040000000000004	6.9959999999999996	2.0
787	1.0	0.0	0.0	0.0	0.3330000000000002	2.667	0.0
788	2.0	3.0	2.0	3.0	1.3330000000000002	7.667	3.0
789	0.0	2.0	0.0	0.0	0.0	3.0	0.0
790	0.0	0.0	0.0	0.0	0.0	0.0	0.0
791	1.0	5.0	0.0	1.0	2.3340000000000005	9.666	1.0
792	1.0	6.0	1.0	5.0	2.9990000000000006	12.001	4.0
793	3.0	1.0	2.0	1.0	4.0	8.0	3.0
794	0.0	2.0	0.0	1.0	2.0	4.0	1.0
795	1.0	2.0	1.0	2.0	1.3330000000000002	4.667	2.0
796	1.0	1.0	1.0	1.0	0.3330000000000002	2.667	1.0
797	3.0	1.0	1.0	1.0	3.668	8.332	2.0
798	2.0	2.0	1.0	2.0	0.9990000000000006	8.001	2.0
799	0.0	1.0	0.0	1.0	0.3330000000000002	2.667	1.0
800	4.0	0.0	4.0	0.0	3.068	5.932	3.0
801	2.0	2.0	1.0	2.0	0.9990000000000006	8.001	2.0
802	0.0	0.0	0.0	0.0	0.0	0.0	0.0
803	2.0	2.0	1.0	2.0	1.0010000000000003	4.999	1.0
804	2.0	1.0	2.0	1.0	0.9990000000000006	8.001	3.0
805	2.0	1.0	2.0	1.0	0.9990000000000006	8.001	3.0
806	3.0	1.0	2.0	1.0	2.333	6.667	2.0
807	1.0	0.0	1.0	0.0	0.3330000000000002	2.667	1.0
808	1.0	0.0	0.0	0.0	0.3330000000000002	2.667	0.0
809	2.0	0.0	1.0	0.0	2.0	4.0	1.0
810	5.0	0.0	3.0	0.0	3.0040000000000004	8.995999999999999	2.0
811	0.0	0.0	0.0	0.0	0.0	0.0	0.0
812	0.0	0.0	0.0	0.0	0.0	0.0	0.0
813	2.0	0.0	1.0	0.0	2.0	4.0	1.0
814	4.0	0.0	2.0	0.0	4.0	8.0	2.0
815	2.0	0.0	1.0	0.0	2.8	3.2	1.0
816	4.0	0.0	2.0	0.0	4.0	8.0	2.0
817	2.0	1.0	1.0	1.0	1.3330000000000002	4.667	1.0
818	2.0	1.0	2.0	1.0	3.0	6.0	3.0
819	2.0	1.0	2.0	0.0	0.9990000000000006	8.001	2.0
820	3.0	0.0	2.0	0.0	3.0	6.0	2.0
821	2.0	1.0	2.0	1.0	2.0	4.0	2.0
822	3.0	0.0	2.0	0.0	3.0	6.0	2.0
823	2.0	0.0	1.0	0.0	1.3360000000000003	4.664	1.0
824	2.0	1.0	2.0	1.0	1.3330000000000002	4.667	2.0
825	0.0	1.0	0.0	1.0	0.3330000000000002	2.667	1.0
826	0.0	0.0	0.0	0.0	0.0	0.0	0.0
827	2.0	0.0	1.0	0.0	0.6660000000000004	5.334	1.0
828	2.0	1.0	1.0	1.0	0.9990000000000006	8.001	2.0
829	2.0	0.0	1.0	0.0	0.6660000000000004	5.334	1.0
830	2.0	2.0	1.0	1.0	2.0	4.0	1.0
831	2.0	1.0	1.0	1.0	1.6660000000000004	7.334	2.0
832	3.0	1.0	3.0	1.0	1.6660000000000004	7.334	3.0
833	5.0	2.0	3.0	2.0	2.668	9.332	2.0
834	1.0	0.0	0.0	0.0	0.3330000000000002	2.667	0.0
835	2.0	1.0	1.0	1.0	3.0	6.0	2.0
836	2.0	3.0	1.0	3.0	2.0010000000000003	6.999	2.0
837	2.0	1.0	2.0	1.0	0.9990000000000006	8.001	3.0
838	0.0	0.0	0.0	0.0	0.0	0.0	0.0
839	2.0	1.0	2.0	1.0	0.9990000000000006	8.001	3.0
840	2.0	0.0	2.0	0.0	2.0	4.0	2.0
841	2.0	1.0	1.0	1.0	3.0	6.0	2.0
842	3.0	0.0	1.0	0.0	3.0	6.0	1.0
843	3.0	1.0	2.0	1.0	4.0	8.0	3.0
844	2.0	1.0	1.0	1.0	0.6660000000000004	5.334	1.0
845	0.0	2.0	0.0	1.0	0.6660000000000004	5.334	1.0
846	1.0	1.0	1.0	1.0	1.0	2.0	1.0
847	3.0	3.0	3.0	1.0	5.668	12.332	4.0
848	1.0	4.0	0.0	4.0	1.6680000000000001	7.332	2.0
849	1.0	0.0	1.0	0.0	1.0	2.0	1.0
850	1.0	3.0	1.0	3.0	1.3330000000000002	4.667	2.0
851	1.0	1.0	1.0	1.0	1.0010000000000003	4.999	2.0
852	3.0	0.0	2.0	0.0	3.0	6.0	2.0
853	2.0	2.0	2.0	2.0	4.0	8.0	4.0
854	1.0	0.0	1.0	0.0	0.3330000000000002	2.667	1.0
855	2.0	0.0	2.0	0.0	0.6660000000000004	5.334	2.0
856	1.0	2.0	0.0	2.0	1.0010000000000003	7.999	2.0
857	1.0	0.0	1.0	0.0	0.3330000000000002	2.667	1.0
858	0.0	1.0	0.0	1.0	0.3330000000000002	2.667	1.0
859	2.0	0.0	2.0	0.0	0.6660000000000004	5.334	2.0
860	1.0	0.0	0.0	0.0	0.3330000000000002	2.667	0.0
861	1.0	0.0	1.0	0.0	1.0	2.0	1.0
862	1.0	0.0	0.0	0.0	0.3330000000000002	2.667	0.0
863	2.0	3.0	1.0	1.0	2.3340000000000005	9.666	2.0
864	3.0	0.0	0.0	0.0	3.0	6.0	0.0
865	3.0	1.0	2.0	1.0	2.333	6.667	2.0
866	1.0	1.0	0.0	1.0	0.6660000000000004	5.334	1.0
867	2.0	0.0	1.0	0.0	2.0	4.0	1.0
868	0.0	0.0	0.0	0.0	0.0	0.0	0.0
869	0.0	1.0	0.0	1.0	1.0	2.0	1.0
870	2.0	3.0	0.0	2.0	3.333	8.667	2.0
871	0.0	0.0	0.0	0.0	0.0	0.0	0.0
872	1.0	1.0	1.0	0.0	0.6660000000000004	5.334	1.0
873	1.0	2.0	0.0	2.0	1.3330000000000002	4.667	1.0
874	3.0	0.0	2.0	0.0	3.0	6.0	2.0
875	1.0	1.0	1.0	1.0	1.0	2.0	1.0
876	1.0	0.0	1.0	0.0	1.0	2.0	1.0
877	0.0	1.0	0.0	1.0	0.3330000000000002	2.667	1.0
878	0.0	2.0	0.0	2.0	0.3330000000000002	2.667	1.0
879	0.0	0.0	0.0	0.0	0.0	0.0	0.0
880	2.0	4.0	0.0	4.0	1.9990000000000006	10.001	2.0
881	3.0	1.0	3.0	1.0	3.0	6.0	3.0
882	1.0	2.0	1.0	2.0	0.9990000000000006	8.001	3.0
883	3.0	1.0	3.0	1.0	3.0	6.0	3.0
884	1.0	0.0	1.0	0.0	0.3330000000000002	2.667	1.0
885	1.0	0.0	1.0	0.0	1.0	2.0	1.0
886	1.0	1.0	0.0	1.0	0.3330000000000002	5.667	1.0
887	1.0	0.0	1.0	0.0	1.4	1.6	1.0
888	0.0	0.0	0.0	0.0	0.0	0.0	0.0
889	2.0	0.0	1.0	0.0	0.6660000000000004	5.334	1.0
890	2.0	0.0	1.0	0.0	1.3360000000000003	4.664	1.0
891	1.0	0.0	1.0	0.0	0.3330000000000002	2.667	1.0
892	1.0	2.0	1.0	1.0	0.9990000000000006	8.001	2.0
893	1.0	0.0	1.0	0.0	1.0	2.0	1.0
894	0.0	1.0	0.0	1.0	0.3330000000000002	2.667	1.0
895	2.0	0.0	2.0	0.0	0.6660000000000004	5.334	2.0
896	2.0	2.0	1.0	2.0	1.3320000000000007	10.668	3.0
897	3.0	0.0	2.0	0.0	2.068	3.932	1.0
898	2.0	0.0	0.0	0.0	0.6660000000000004	5.334	0.0
899	1.0	1.0	0.0	1.0	1.0010000000000003	4.999	1.0
900	3.0	0.0	2.0	0.0	2.736	6.263999999999999	2.0
901	2.0	0.0	2.0	0.0	0.6660000000000004	5.334	2.0
902	1.0	2.0	0.0	2.0	0.6660000000000004	5.334	1.0
903	3.0	2.0	3.0	1.0	4.333	10.667	4.0
904	0.0	0.0	0.0	0.0	0.0	0.0	0.0
905	1.0	0.0	0.0	0.0	0.3330000000000002	2.667	0.0
906	4.0	0.0	2.0	0.0	4.0	8.0	2.0
907	2.0	0.0	1.0	0.0	0.6660000000000004	5.334	1.0
908	3.0	2.0	2.0	2.0	3.0	6.0	2.0
909	2.0	0.0	2.0	0.0	0.6660000000000004	5.334	2.0
910	2.0	0.0	2.0	0.0	2.0	4.0	2.0
911	1.0	1.0	1.0	0.0	0.6660000000000004	5.334	1.0
912	3.0	1.0	3.0	1.0	2.668	6.332	3.0
913	2.0	1.0	2.0	1.0	2.4	3.6	2.0
914	2.0	0.0	2.0	0.0	2.0	4.0	2.0
915	2.0	3.0	1.0	3.0	2.0010000000000003	6.999	2.0
916	2.0	4.0	2.0	4.0	2.0010000000000003	6.999	3.0
917	0.0	1.0	0.0	1.0	0.3330000000000002	2.667	1.0
918	3.0	0.0	3.0	0.0	3.0	6.0	3.0
919	4.0	4.0	2.0	2.0	6.0	12.0	3.0
920	1.0	0.0	1.0	0.0	1.0	2.0	1.0
921	1.0	0.0	1.0	0.0	0.3330000000000002	2.667	1.0
922	0.0	1.0	0.0	1.0	0.3330000000000002	2.667	1.0
923	1.0	0.0	1.0	0.0	0.3330000000000002	2.667	1.0
924	4.0	3.0	2.0	3.0	6.0	12.0	4.0
925	2.0	1.0	2.0	1.0	1.3330000000000002	4.667	2.0
926	1.0	0.0	1.0	0.0	1.0	2.0	1.0
927	2.0	0.0	2.0	0.0	2.0	4.0	2.0
928	0.0	0.0	0.0	0.0	0.0	0.0	0.0
929	2.0	0.0	1.0	0.0	0.6660000000000004	5.334	1.0
930	1.0	0.0	1.0	0.0	0.3330000000000002	2.667	1.0
931	2.0	2.0	2.0	2.0	2.333	6.667	3.0
932	2.0	0.0	2.0	0.0	0.6660000000000004	5.334	2.0
933	3.0	0.0	1.0	0.0	3.0	6.0	1.0
934	1.0	1.0	1.0	1.0	1.0	2.0	1.0
935	2.0	0.0	2.0	0.0	0.6660000000000004	5.334	2.0
936	3.0	1.0	1.0	1.0	3.668	8.332	2.0
937	2.0	0.0	1.0	0.0	2.0	4.0	1.0
938	1.0	0.0	1.0	0.0	0.3330000000000002	2.667	1.0
939	2.0	0.0	1.0	0.0	2.0	4.0	1.0
940	3.0	0.0	3.0	0.0	0.9990000000000006	8.001	3.0
941	2.0	0.0	1.0	0.0	0.6660000000000004	5.334	1.0
942	2.0	0.0	2.0	0.0	2.0	4.0	2.0
943	2.0	0.0	2.0	0.0	0.6660000000000004	5.334	2.0
944	1.0	0.0	0.0	0.0	1.0	2.0	0.0
945	0.0	0.0	0.0	0.0	0.0	0.0	0.0
946	2.0	0.0	2.0	0.0	0.6660000000000004	5.334	2.0
947	2.0	0.0	2.0	0.0	2.0	4.0	2.0
948	3.0	2.0	3.0	2.0	2.333	6.667	3.0
949	3.0	0.0	3.0	0.0	3.0	6.0	3.0
950	0.0	1.0	0.0	0.0	0.3330000000000002	2.667	0.0
951	1.0	0.0	1.0	0.0	0.3330000000000002	2.667	1.0
952	2.0	0.0	1.0	0.0	0.6660000000000004	5.334	1.0
953	3.0	0.0	2.0	0.0	3.0	6.0	2.0
954	2.0	0.0	0.0	0.0	0.6660000000000004	5.334	0.0
955	1.0	0.0	1.0	0.0	1.0	2.0	1.0
956	3.0	0.0	3.0	0.0	3.0	6.0	3.0
957	4.0	0.0	4.0	0.0	3.468	5.532	3.0
958	3.0	1.0	2.0	1.0	4.0	8.0	3.0
959	2.0	0.0	2.0	0.0	0.6660000000000004	5.334	2.0
960	2.0	0.0	1.0	0.0	0.6660000000000004	5.334	1.0
961	2.0	2.0	2.0	2.0	1.6660000000000004	7.334	3.0
962	3.0	0.0	3.0	0.0	0.9990000000000006	8.001	3.0
963	0.0	0.0	0.0	0.0	0.0	0.0	0.0
964	2.0	0.0	2.0	0.0	2.0	4.0	2.0
965	2.0	0.0	1.0	0.0	2.0	4.0	1.0
966	2.0	1.0	1.0	1.0	0.9990000000000006	8.001	2.0
967	0.0	0.0	0.0	0.0	0.0	0.0	0.0
968	2.0	0.0	1.0	0.0	2.0	4.0	1.0
969	3.0	0.0	3.0	0.0	1.6680000000000001	4.332	2.0
970	2.0	1.0	1.0	1.0	2.3360000000000003	6.664	2.0
971	2.0	1.0	2.0	1.0	1.6680000000000001	4.332	2.0
972	3.0	3.0	2.0	3.0	1.9990000000000006	10.001	3.0
973	2.0	2.0	1.0	2.0	2.3340000000000005	9.666	3.0
974	0.0	1.0	0.0	1.0	0.3330000000000002	2.667	1.0
975	4.0	0.0	3.0	0.0	3.0040000000000004	8.995999999999999	3.0
976	1.0	0.0	1.0	0.0	0.3330000000000002	2.667	1.0
977	2.0	0.0	1.0	0.0	2.0	4.0	1.0
978	2.0	0.0	1.0	0.0	2.0	4.0	1.0
979	0.0	0.0	0.0	0.0	0.0	0.0	0.0
980	1.0	0.0	1.0	0.0	0.3330000000000002	2.667	1.0
981	1.0	0.0	0.0	0.0	0.3330000000000002	2.667	0.0
982	1.0	0.0	1.0	0.0	1.0	2.0	1.0
983	1.0	2.0	1.0	2.0	0.6680000000000001	2.332	1.0
984	1.0	0.0	0.0	0.0	0.3330000000000002	2.667	0.0
985	2.0	0.0	1.0	0.0	1.3360000000000003	4.664	1.0
986	2.0	0.0	2.0	0.0	2.0	4.0	2.0
987	2.0	0.0	1.0	0.0	2.0	4.0	1.0
988	2.0	1.0	2.0	1.0	2.0	4.0	2.0
989	3.0	2.0	2.0	1.0	2.6660000000000004	9.334	2.0
990	2.0	0.0	0.0	0.0	2.0	4.0	0.0
991	2.0	1.0	1.0	1.0	2.668	6.332	2.0
992	0.0	1.0	0.0	1.0	1.0	2.0	1.0
993	0.0	1.0	0.0	0.0	1.0	2.0	0.0
994	2.0	0.0	1.0	0.0	1.3360000000000003	4.664	1.0
995	0.0	0.0	0.0	0.0	0.0	0.0	0.0
996	2.0	0.0	1.0	0.0	2.0	4.0	1.0
997	2.0	1.0	2.0	1.0	2.3360000000000003	6.664	3.0
998	0.0	0.0	0.0	0.0	0.0	0.0	0.0
999	1.0	0.0	1.0	0.0	0.3330000000000002	2.667	1.0
1000	2.0	2.0	1.0	2.0	1.3320000000000007	10.668	3.0
1001	1.0	0.0	1.0	0.0	0.3330000000000002	2.667	1.0
1002	3.0	1.0	2.0	1.0	3.0	9.0	3.0
1003	1.0	0.0	1.0	0.0	0.3330000000000002	2.667	1.0
1004	3.0	0.0	1.0	0.0	3.0	6.0	1.0
1005	2.0	1.0	0.0	1.0	0.9990000000000006	8.001	1.0
1006	1.0	0.0	0.0	0.0	0.3330000000000002	2.667	0.0
1007	1.0	0.0	1.0	0.0	0.3330000000000002	2.667	1.0
1008	1.0	0.0	1.0	0.0	0.3330000000000002	2.667	1.0
1009	2.0	0.0	1.0	0.0	2.0	4.0	1.0
1010	3.0	0.0	1.0	0.0	3.0	6.0	1.0
1011	2.0	0.0	2.0	0.0	2.0	4.0	2.0
1012	4.0	0.0	2.0	0.0	4.0	8.0	2.0
1013	2.0	0.0	2.0	0.0	2.0	4.0	2.0
1014	4.0	1.0	3.0	1.0	4.5329999999999995	7.467	3.0
1015	1.0	0.0	1.0	0.0	0.3330000000000002	2.667	1.0
1016	2.0	3.0	1.0	1.0	5.068	9.932	2.0
1017	3.0	0.0	2.0	0.0	0.9990000000000006	8.001	2.0
1018	3.0	0.0	1.0	0.0	3.0	6.0	1.0
1019	1.0	1.0	1.0	1.0	1.0	2.0	1.0
1020	0.0	0.0	0.0	0.0	0.0	0.0	0.0
1021	2.0	0.0	2.0	0.0	0.6660000000000004	5.334	2.0
1022	1.0	0.0	1.0	0.0	0.3330000000000002	2.667	1.0
1023	1.0	0.0	1.0	0.0	0.3330000000000002	2.667	1.0
1024	2.0	0.0	1.0	0.0	0.6660000000000004	5.334	1.0
1025	1.0	2.0	1.0	2.0	2.068	3.932	2.0
1026	2.0	0.0	1.0	0.0	2.0	4.0	1.0
1027	3.0	0.0	2.0	0.0	3.0	6.0	2.0
1028	3.0	0.0	2.0	0.0	0.9990000000000006	8.001	2.0
1029	0.0	2.0	0.0	2.0	0.6680000000000001	2.332	1.0
1030	0.0	0.0	0.0	0.0	0.0	0.0	0.0
1031	2.0	0.0	1.0	0.0	2.068	3.932	1.0
1032	1.0	0.0	1.0	0.0	0.3330000000000002	2.667	1.0
1033	2.0	0.0	2.0	0.0	1.0	2.0	1.0
1034	2.0	0.0	2.0	0.0	0.6660000000000004	5.334	2.0
1035	1.0	0.0	1.0	0.0	1.0	2.0	1.0
1036	1.0	0.0	0.0	0.0	0.3330000000000002	2.667	0.0
1037	3.0	0.0	2.0	0.0	3.0	6.0	2.0
1038	3.0	0.0	2.0	0.0	2.0040000000000004	6.9959999999999996	2.0
1039	1.0	3.0	1.0	3.0	2.3360000000000003	6.664	3.0
1040	3.0	0.0	2.0	0.0	3.468	5.532	2.0
1041	2.0	1.0	1.0	1.0	1.6680000000000001	4.332	1.0
1042	4.0	1.0	4.0	1.0	2.333	6.667	3.0
1043	2.0	1.0	2.0	1.0	1.6680000000000001	4.332	2.0
1044	1.0	0.0	1.0	0.0	0.3330000000000002	2.667	1.0
1045	0.0	0.0	0.0	0.0	0.0	0.0	0.0
1046	0.0	0.0	0.0	0.0	0.0	0.0	0.0
1047	2.0	0.0	2.0	0.0	2.0	4.0	2.0
1048	0.0	0.0	0.0	0.0	0.0	0.0	0.0
1049	1.0	0.0	1.0	0.0	1.0	2.0	1.0
1050	1.0	0.0	1.0	0.0	0.3330000000000002	2.667	1.0
1051	0.0	0.0	0.0	0.0	0.0	0.0	0.0
1052	2.0	0.0	0.0	0.0	1.3360000000000003	4.664	0.0
1053	1.0	1.0	1.0	1.0	0.6660000000000004	5.334	2.0
1054	1.0	0.0	1.0	0.0	0.3330000000000002	2.667	1.0
1055	2.0	2.0	1.0	2.0	0.9990000000000006	8.001	2.0
1056	2.0	0.0	2.0	0.0	0.6660000000000004	5.334	2.0
1057	2.0	0.0	2.0	0.0	2.0	4.0	2.0
1058	0.0	0.0	0.0	0.0	0.0	0.0	0.0
1059	1.0	0.0	0.0	0.0	1.0	2.0	0.0
1060	0.0	0.0	0.0	0.0	0.0	0.0	0.0
1061	4.0	0.0	2.0	0.0	3.668	8.332	2.0
1062	1.0	1.0	1.0	1.0	0.6660000000000004	5.334	2.0
1063	4.0	0.0	3.0	0.0	3.3360000000000003	8.664	3.0
1064	0.0	0.0	0.0	0.0	0.0	0.0	0.0
1065	5.0	0.0	4.0	0.0	3.3360000000000003	8.664	3.0
1066	2.0	0.0	2.0	0.0	2.0	4.0	2.0
1067	1.0	0.0	0.0	0.0	0.3330000000000002	2.667	0.0
1068	4.0	1.0	3.0	1.0	2.6690000000000005	9.331	3.0
1069	2.0	2.0	2.0	2.0	1.3340000000000005	7.6659999999999995	3.0
1070	0.0	0.0	0.0	0.0	0.0	0.0	0.0
1071	2.0	0.0	0.0	0.0	2.0	4.0	0.0
1072	0.0	0.0	0.0	0.0	0.0	0.0	0.0
1073	1.0	0.0	1.0	0.0	0.3330000000000002	2.667	1.0
1074	1.0	0.0	1.0	0.0	0.6680000000000001	2.332	1.0
1075	3.0	0.0	3.0	0.0	3.0	6.0	3.0
1076	0.0	2.0	0.0	2.0	0.6660000000000004	5.334	2.0
1077	0.0	0.0	0.0	0.0	0.0	0.0	0.0
1078	2.0	0.0	2.0	0.0	2.4	3.6	2.0
1079	1.0	0.0	0.0	0.0	1.0	2.0	0.0
1080	2.0	1.0	2.0	1.0	1.3330000000000002	4.667	2.0
1081	0.0	0.0	0.0	0.0	0.0	0.0	0.0
1082	0.0	0.0	0.0	0.0	0.0	0.0	0.0
1083	1.0	2.0	1.0	2.0	1.3330000000000002	4.667	2.0
1084	2.0	2.0	2.0	1.0	4.0	8.0	3.0
1085	1.0	1.0	0.0	1.0	1.3330000000000002	4.667	1.0
1086	2.0	1.0	2.0	1.0	2.3360000000000003	6.664	3.0
1087	2.0	0.0	1.0	0.0	2.0	4.0	1.0
1088	2.0	1.0	1.0	1.0	1.3330000000000002	4.667	1.0
1089	2.0	1.0	1.0	1.0	0.9990000000000006	8.001	2.0
1090	3.0	0.0	1.0	0.0	3.0	6.0	1.0
1091	3.0	0.0	2.0	0.0	2.4	3.6	1.0
1092	1.0	0.0	1.0	0.0	1.0	2.0	1.0
1093	3.0	4.0	2.0	3.0	3.9990000000000006	14.001	4.0
1094	3.0	0.0	2.0	0.0	2.736	6.263999999999999	2.0
1095	3.0	2.0	2.0	1.0	5.468	9.532	3.0
1096	2.0	3.0	1.0	1.0	2.6690000000000005	9.331	1.0
1097	3.0	1.0	2.0	1.0	3.333	8.667	3.0
1098	2.0	3.0	2.0	0.0	3.6660000000000004	11.334	2.0
1099	2.0	0.0	2.0	0.0	2.0	4.0	2.0
1100	2.0	1.0	2.0	1.0	2.3360000000000003	6.664	3.0
1101	3.0	0.0	2.0	0.0	3.0	6.0	2.0
1102	2.0	1.0	1.0	1.0	2.0	4.0	1.0
1103	0.0	3.0	0.0	0.0	1.3330000000000002	4.667	0.0
1104	1.0	0.0	1.0	0.0	1.0	2.0	1.0
1105	2.0	1.0	1.0	0.0	2.0	4.0	1.0
1106	2.0	2.0	2.0	1.0	2.333	6.667	2.0
1107	2.0	0.0	2.0	0.0	0.6680000000000001	2.332	1.0
1108	0.0	0.0	0.0	0.0	0.0	0.0	0.0
1109	1.0	0.0	1.0	0.0	0.3330000000000002	2.667	1.0
1110	1.0	0.0	1.0	0.0	0.3330000000000002	2.667	1.0
1111	2.0	0.0	1.0	0.0	1.3360000000000003	4.664	1.0
1112	2.0	2.0	1.0	2.0	3.0	6.0	2.0
1113	2.0	0.0	1.0	0.0	2.0	4.0	1.0
1114	2.0	1.0	2.0	1.0	1.6680000000000001	4.332	2.0
1115	0.0	0.0	0.0	0.0	0.0	0.0	0.0
1116	3.0	0.0	2.0	0.0	3.0	6.0	2.0
1117	3.0	3.0	3.0	1.0	5.668	12.332	4.0
1118	2.0	2.0	1.0	2.0	3.0	9.0	3.0
1119	2.0	1.0	2.0	1.0	3.0	6.0	3.0
1120	3.0	1.0	3.0	1.0	3.0	6.0	3.0
1121	3.0	4.0	2.0	3.0	3.9990000000000006	14.001	4.0
1122	2.0	2.0	2.0	0.0	2.333	6.667	2.0
1123	0.0	1.0	0.0	1.0	1.0	2.0	1.0
1124	2.0	0.0	2.0	0.0	1.3360000000000003	4.664	2.0
1125	1.0	1.0	1.0	1.0	0.6660000000000004	5.334	2.0
1126	3.0	2.0	0.0	2.0	3.6660000000000004	11.334	2.0
1127	3.0	1.0	3.0	1.0	3.0	6.0	3.0
1128	3.0	0.0	1.0	0.0	2.3360000000000003	6.664	1.0
1129	1.0	2.0	0.0	2.0	0.6660000000000004	5.334	1.0
1130	1.0	0.0	0.0	0.0	1.0	2.0	0.0
1131	2.0	0.0	1.0	0.0	2.4	3.6	1.0
1132	0.0	2.0	0.0	2.0	0.0	3.0	1.0
1133	1.0	2.0	1.0	2.0	1.3330000000000002	4.667	2.0
1134	0.0	0.0	0.0	0.0	0.0	0.0	0.0
1135	1.0	0.0	1.0	0.0	0.3330000000000002	2.667	1.0
1136	2.0	1.0	1.0	1.0	0.9990000000000006	8.001	2.0
1137	1.0	3.0	1.0	3.0	1.3330000000000002	4.667	2.0
1138	1.0	0.0	0.0	0.0	0.3330000000000002	2.667	0.0
1139	1.0	0.0	1.0	0.0	0.3330000000000002	2.667	1.0
1140	1.0	1.0	1.0	1.0	2.0	4.0	2.0
1141	1.0	0.0	0.0	0.0	0.6680000000000001	2.332	0.0
1142	0.0	0.0	0.0	0.0	0.0	0.0	0.0
1143	1.0	1.0	1.0	1.0	0.6660000000000004	5.334	2.0
1144	2.0	1.0	2.0	1.0	0.6660000000000004	5.334	2.0
1145	3.0	1.0	1.0	1.0	3.0	6.0	1.0
1146	2.0	0.0	1.0	0.0	2.4	3.6	1.0
1147	2.0	0.0	0.0	0.0	2.0	4.0	0.0
1148	1.0	2.0	0.0	2.0	0.9990000000000006	8.001	2.0
1149	1.0	1.0	0.0	1.0	1.3330000000000002	4.667	1.0
1150	1.0	0.0	1.0	0.0	1.0	2.0	1.0
1151	0.0	0.0	0.0	0.0	0.0	0.0	0.0
1152	4.0	2.0	3.0	2.0	4.468	10.532	4.0
1153	2.0	1.0	2.0	1.0	3.0	6.0	3.0
1154	2.0	0.0	2.0	0.0	2.0	4.0	2.0
1155	0.0	0.0	0.0	0.0	0.0	0.0	0.0
1156	2.0	2.0	2.0	2.0	2.4	3.6	2.0
1157	3.0	0.0	1.0	0.0	3.0	6.0	1.0
1158	5.0	0.0	3.0	0.0	3.668	8.332	2.0
1159	0.0	0.0	0.0	0.0	0.0	0.0	0.0
1160	0.0	0.0	0.0	0.0	0.0	0.0	0.0
1161	2.0	0.0	0.0	0.0	0.6660000000000004	5.334	0.0
1162	0.0	0.0	0.0	0.0	0.0	0.0	0.0
1163	0.0	0.0	0.0	0.0	0.0	0.0	0.0
1164	0.0	2.0	0.0	0.0	1.733	4.2669999999999995	0.0
1165	3.0	0.0	2.0	0.0	3.0	6.0	2.0
1166	2.0	1.0	1.0	0.0	2.3360000000000003	6.664	1.0
1167	0.0	0.0	0.0	0.0	0.0	0.0	0.0
1168	2.0	5.0	2.0	5.0	1.6660000000000004	7.334	3.0
1169	2.0	0.0	1.0	0.0	2.4	3.6	1.0
1170	2.0	0.0	2.0	0.0	2.8	3.2	2.0
1171	3.0	0.0	2.0	0.0	3.0	6.0	2.0
1172	3.0	0.0	2.0	0.0	3.0	6.0	2.0
1173	3.0	0.0	0.0	0.0	3.0	6.0	0.0
1174	3.0	0.0	1.0	0.0	4.199999999999999	4.800000000000001	1.0
1175	2.0	0.0	2.0	0.0	2.0	4.0	2.0
1176	2.0	1.0	2.0	1.0	0.9990000000000006	8.001	3.0
1177	2.0	0.0	2.0	0.0	0.6660000000000004	5.334	2.0
1178	2.0	0.0	2.0	0.0	2.0	4.0	2.0
1179	2.0	0.0	1.0	0.0	2.0	4.0	1.0
1180	1.0	4.0	1.0	3.0	2.6660000000000004	9.334	3.0
1181	3.0	0.0	1.0	0.0	0.9990000000000006	8.001	1.0
1182	2.0	1.0	2.0	1.0	2.0010000000000003	6.999	3.0
1183	3.0	0.0	2.0	0.0	3.0	6.0	2.0
1184	4.0	0.0	3.0	0.0	3.3360000000000003	8.664	3.0
1185	2.0	3.0	1.0	2.0	4.333	10.667	3.0
1186	2.0	1.0	2.0	1.0	1.3330000000000002	4.667	2.0
1187	2.0	2.0	2.0	2.0	1.3330000000000002	4.667	2.0
1188	1.0	0.0	0.0	0.0	0.3330000000000002	2.667	0.0
1189	3.0	3.0	2.0	1.0	5.0	10.0	3.0
1190	1.0	0.0	1.0	0.0	0.3330000000000002	2.667	1.0
1191	2.0	0.0	1.0	0.0	1.3360000000000003	4.664	1.0
1192	1.0	0.0	1.0	0.0	1.0	2.0	1.0
1193	1.0	0.0	1.0	0.0	0.3330000000000002	2.667	1.0
1194	3.0	4.0	2.0	3.0	2.3340000000000005	9.666	3.0
1195	0.0	0.0	0.0	0.0	0.0	0.0	0.0
1196	4.0	0.0	3.0	0.0	3.3360000000000003	8.664	3.0
1197	0.0	4.0	0.0	2.0	1.6660000000000004	7.334	1.0
1198	2.0	3.0	1.0	1.0	3.0010000000000003	11.998999999999999	2.0
1199	2.0	0.0	2.0	0.0	2.4	3.6	2.0
1200	1.0	1.0	1.0	1.0	1.3330000000000002	4.667	2.0
1201	0.0	2.0	0.0	1.0	1.3330000000000002	4.667	1.0
1202	2.0	0.0	0.0	0.0	0.6660000000000004	5.334	0.0
1203	0.0	0.0	0.0	0.0	0.0	0.0	0.0
1204	2.0	0.0	1.0	0.0	0.6660000000000004	5.334	1.0
1205	2.0	0.0	2.0	0.0	2.0	4.0	2.0
1206	0.0	0.0	0.0	0.0	0.0	0.0	0.0
1207	0.0	0.0	0.0	0.0	0.0	0.0	0.0
1208	0.0	3.0	0.0	2.0	0.9990000000000006	8.001	2.0
1209	1.0	5.0	1.0	3.0	3.6660000000000004	11.334	3.0
1210	2.0	0.0	1.0	0.0	2.0	4.0	1.0
1211	0.0	3.0	0.0	3.0	1.3330000000000002	4.667	2.0
1212	1.0	3.0	1.0	3.0	1.3330000000000002	4.667	2.0
1213	4.0	0.0	3.0	0.0	3.0040000000000004	8.995999999999999	3.0
1214	2.0	0.0	1.0	0.0	2.0	4.0	1.0
1215	1.0	0.0	1.0	0.0	1.0	2.0	1.0
1216	3.0	0.0	2.0	0.0	3.0	6.0	2.0
1217	2.0	1.0	1.0	1.0	0.9990000000000006	8.001	2.0
1218	1.0	2.0	0.0	2.0	0.9990000000000006	8.001	2.0
1219	2.0	2.0	2.0	2.0	2.333	6.667	3.0
1220	1.0	0.0	1.0	0.0	1.0	2.0	1.0
1221	1.0	2.0	1.0	2.0	1.6680000000000001	4.332	2.0
1222	3.0	0.0	1.0	0.0	3.0	6.0	1.0
1223	1.0	0.0	1.0	0.0	1.0	2.0	1.0
1224	0.0	0.0	0.0	0.0	0.0	0.0	0.0
1225	0.0	0.0	0.0	0.0	0.0	0.0	0.0
1226	2.0	0.0	2.0	0.0	0.6660000000000004	5.334	2.0
1227	1.0	0.0	0.0	0.0	0.3330000000000002	2.667	0.0
1228	2.0	0.0	1.0	0.0	2.4	3.6	1.0
1229	2.0	0.0	1.0	0.0	2.0	4.0	1.0
1230	3.0	1.0	2.0	1.0	4.0	8.0	3.0
1231	2.0	0.0	1.0	0.0	2.4	3.6	1.0
1232	2.0	0.0	2.0	0.0	0.6660000000000004	5.334	2.0
1233	0.0	0.0	0.0	0.0	0.0	0.0	0.0
1234	0.0	0.0	0.0	0.0	0.0	0.0	0.0
1235	2.0	0.0	2.0	0.0	0.6660000000000004	5.334	2.0
1236	2.0	0.0	0.0	0.0	0.6660000000000004	5.334	0.0
1237	1.0	0.0	1.0	0.0	0.3330000000000002	2.667	1.0
1238	0.0	3.0	0.0	1.0	0.6660000000000004	5.334	1.0
1239	4.0	0.0	1.0	0.0	4.0	8.0	1.0
1240	0.0	3.0	0.0	1.0	1.6660000000000004	7.334	1.0
1241	2.0	1.0	2.0	1.0	1.3330000000000002	4.667	2.0
1242	3.0	0.0	2.0	0.0	2.068	3.932	1.0
1243	2.0	1.0	1.0	1.0	2.3360000000000003	6.664	2.0
1244	2.0	0.0	1.0	0.0	2.0	4.0	1.0
1245	3.0	0.0	2.0	0.0	0.9990000000000006	8.001	2.0
1246	2.0	0.0	0.0	0.0	2.0	4.0	0.0
1247	1.0	0.0	0.0	0.0	0.3330000000000002	2.667	0.0
1248	2.0	0.0	1.0	0.0	2.0	4.0	1.0
1249	0.0	0.0	0.0	0.0	0.0	0.0	0.0
1250	4.0	0.0	3.0	0.0	4.0	8.0	3.0
1251	2.0	0.0	0.0	0.0	2.0	4.0	0.0
1252	3.0	1.0	2.0	1.0	3.0	6.0	2.0
1253	1.0	0.0	1.0	0.0	0.3330000000000002	2.667	1.0
1254	2.0	0.0	2.0	0.0	2.0	4.0	2.0
1255	1.0	0.0	1.0	0.0	0.3330000000000002	2.667	1.0
1256	3.0	1.0	2.0	1.0	2.333	6.667	2.0
1257	2.0	1.0	1.0	1.0	3.0	6.0	2.0
1258	1.0	4.0	1.0	1.0	2.6660000000000004	9.334	2.0
1259	1.0	1.0	1.0	1.0	0.6660000000000004	5.334	2.0
1260	0.0	2.0	0.0	2.0	1.0	2.0	1.0
1261	4.0	0.0	4.0	0.0	4.068	7.932	4.0
1262	3.0	2.0	2.0	2.0	3.4	5.6	2.0
1263	2.0	0.0	1.0	0.0	0.6660000000000004	5.334	1.0
1264	1.0	1.0	1.0	1.0	0.6660000000000004	5.334	2.0
1265	0.0	3.0	0.0	3.0	1.6680000000000001	4.332	2.0
1266	0.0	0.0	0.0	0.0	0.0	0.0	0.0
1267	0.0	0.0	0.0	0.0	0.0	0.0	0.0
1268	1.0	2.0	1.0	2.0	1.0	2.0	1.0
1269	1.0	2.0	0.0	2.0	1.3330000000000002	4.667	1.0
1270	0.0	0.0	0.0	0.0	0.0	0.0	0.0
1271	4.0	0.0	2.0	0.0	3.668	8.332	2.0
1272	3.0	0.0	3.0	0.0	1.6680000000000001	4.332	2.0
1273	2.0	0.0	1.0	0.0	2.0	4.0	1.0
1274	2.0	0.0	2.0	0.0	2.0	4.0	2.0
1275	3.0	0.0	2.0	0.0	3.0	6.0	2.0
1276	3.0	1.0	1.0	1.0	4.0	8.0	2.0
1277	4.0	0.0	1.0	0.0	4.0	8.0	1.0
1278	2.0	1.0	2.0	1.0	1.6660000000000004	7.334	3.0
1279	2.0	0.0	0.0	0.0	2.0	4.0	0.0
1280	2.0	1.0	1.0	1.0	3.0	6.0	2.0
1281	1.0	0.0	1.0	0.0	1.0	2.0	1.0
1282	3.0	2.0	3.0	2.0	1.9990000000000006	10.001	4.0
1283	1.0	2.0	1.0	2.0	0.3330000000000002	5.667	2.0
1284	2.0	0.0	2.0	0.0	2.0	4.0	2.0
1285	2.0	2.0	0.0	1.0	4.0	8.0	1.0
1286	3.0	2.0	2.0	2.0	4.0	8.0	3.0
1287	2.0	4.0	2.0	4.0	2.333	6.667	3.0
1288	1.0	1.0	0.0	0.0	2.0	4.0	0.0
1289	0.0	2.0	0.0	0.0	1.6680000000000001	4.332	0.0
1290	2.0	2.0	1.0	2.0	4.0	8.0	3.0
1291	1.0	1.0	1.0	1.0	0.6680000000000001	2.332	1.0
1292	2.0	2.0	1.0	1.0	3.0	6.0	1.0
1293	0.0	0.0	0.0	0.0	0.0	0.0	0.0
1294	0.0	0.0	0.0	0.0	0.0	0.0	0.0
1295	1.0	0.0	1.0	0.0	1.0	2.0	1.0
1296	2.0	0.0	0.0	0.0	2.0	4.0	0.0
1297	1.0	0.0	1.0	0.0	0.6680000000000001	2.332	1.0
1298	5.0	1.0	2.0	1.0	4.333	10.667	2.0
1299	1.0	0.0	1.0	0.0	1.0	2.0	1.0
1300	1.0	0.0	1.0	0.0	1.0	2.0	1.0
1301	2.0	0.0	2.0	0.0	0.6660000000000004	5.334	2.0
1302	0.0	2.0	0.0	0.0	1.3330000000000002	4.667	0.0
1303	0.0	0.0	0.0	0.0	0.0	0.0	0.0
1304	0.0	0.0	0.0	0.0	0.0	0.0	0.0
1305	0.0	0.0	0.0	0.0	0.0	0.0	0.0
1306	1.0	0.0	1.0	0.0	0.3330000000000002	2.667	1.0
1307	4.0	0.0	3.0	0.0	4.0	8.0	3.0
1308	2.0	0.0	2.0	0.0	0.6660000000000004	5.334	2.0
1309	3.0	0.0	3.0	0.0	1.6680000000000001	4.332	2.0
1310	3.0	0.0	1.0	0.0	3.0	6.0	1.0
1311	4.0	0.0	2.0	0.0	4.0	8.0	2.0
1312	0.0	0.0	0.0	0.0	0.0	0.0	0.0
1313	3.0	0.0	2.0	0.0	2.668	6.332	2.0
1314	3.0	2.0	3.0	1.0	2.6660000000000004	9.334	3.0
1315	0.0	0.0	0.0	0.0	0.0	0.0	0.0
1316	0.0	0.0	0.0	0.0	0.0	0.0	0.0
1317	2.0	0.0	1.0	0.0	0.6660000000000004	5.334	1.0
1318	0.0	0.0	0.0	0.0	0.0	0.0	0.0
1319	0.0	0.0	0.0	0.0	0.0	0.0	0.0
1320	1.0	1.0	1.0	1.0	0.0	3.0	1.0
1321	2.0	0.0	2.0	0.0	0.6660000000000004	5.334	2.0
1322	1.0	0.0	1.0	0.0	0.3330000000000002	2.667	1.0
1323	3.0	1.0	2.0	1.0	2.333	6.667	2.0
1324	0.0	0.0	0.0	0.0	0.0	0.0	0.0
1325	1.0	0.0	1.0	0.0	1.0	2.0	1.0
1326	0.0	1.0	0.0	1.0	0.3330000000000002	2.667	1.0
1327	2.0	0.0	2.0	0.0	2.0	4.0	2.0
1328	0.0	0.0	0.0	0.0	0.0	0.0	0.0
1329	2.0	0.0	2.0	0.0	0.6660000000000004	5.334	2.0
1330	3.0	0.0	1.0	0.0	0.9990000000000006	8.001	1.0
1331	0.0	0.0	0.0	0.0	0.0	0.0	0.0
1332	1.0	0.0	0.0	0.0	0.6680000000000001	2.332	0.0
1333	2.0	1.0	1.0	1.0	1.0	5.0	1.0
1334	2.0	1.0	2.0	1.0	2.0	4.0	2.0
1335	0.0	0.0	0.0	0.0	0.0	0.0	0.0
1336	0.0	0.0	0.0	0.0	0.0	0.0	0.0
1337	0.0	0.0	0.0	0.0	0.0	0.0	0.0
1338	0.0	0.0	0.0	0.0	0.0	0.0	0.0
1339	2.0	0.0	0.0	0.0	1.6680000000000001	4.332	0.0
1340	0.0	0.0	0.0	0.0	0.0	0.0	0.0
1341	1.0	0.0	1.0	0.0	0.3330000000000002	2.667	1.0
1342	2.0	0.0	2.0	0.0	2.0	4.0	2.0
1343	0.0	3.0	0.0	0.0	1.3330000000000002	4.667	0.0
1344	1.0	0.0	1.0	0.0	0.3330000000000002	2.667	1.0
1345	1.0	0.0	0.0	0.0	0.3330000000000002	2.667	0.0
1346	1.0	1.0	0.0	1.0	2.4	3.6	1.0
1347	1.0	4.0	0.0	2.0	1.9990000000000006	10.001	2.0
1348	1.0	2.0	1.0	2.0	0.6680000000000001	2.332	1.0
1349	3.0	2.0	3.0	2.0	1.3330000000000002	4.667	2.0
1350	3.0	4.0	1.0	2.0	4.666	13.334	3.0
1351	0.0	1.0	0.0	1.0	0.3330000000000002	2.667	1.0
1352	1.0	2.0	1.0	2.0	1.3330000000000002	4.667	2.0
1353	2.0	1.0	0.0	1.0	0.9990000000000006	8.001	1.0
1354	0.0	0.0	0.0	0.0	0.0	0.0	0.0
1355	2.0	0.0	0.0	0.0	2.0	4.0	0.0
1356	1.0	0.0	0.0	0.0	0.3330000000000002	2.667	0.0
1357	2.0	1.0	0.0	1.0	3.0	6.0	1.0
1358	2.0	0.0	1.0	0.0	2.0	4.0	1.0
1359	2.0	2.0	1.0	2.0	3.0	6.0	2.0
1360	2.0	1.0	1.0	1.0	3.0	6.0	2.0
1361	2.0	0.0	1.0	0.0	2.0	4.0	1.0
1362	2.0	0.0	1.0	0.0	2.0	4.0	1.0
1363	2.0	2.0	0.0	2.0	2.0	7.0	1.0
1364	3.0	1.0	2.0	1.0	3.068	8.932	3.0
1365	1.0	0.0	1.0	0.0	0.6680000000000001	2.332	1.0
1366	0.0	0.0	0.0	0.0	0.0	0.0	0.0
1367	1.0	1.0	1.0	1.0	0.6660000000000004	5.334	2.0
1368	1.0	0.0	1.0	0.0	0.3330000000000002	2.667	1.0
1369	1.0	0.0	1.0	0.0	0.3330000000000002	2.667	1.0
1370	1.0	0.0	1.0	0.0	1.0	2.0	1.0
1371	2.0	2.0	1.0	2.0	1.3330000000000002	4.667	1.0
1372	2.0	0.0	1.0	0.0	0.6660000000000004	5.334	1.0
1373	2.0	0.0	0.0	0.0	2.0	4.0	0.0
1374	0.0	0.0	0.0	0.0	0.0	0.0	0.0
1375	1.0	2.0	1.0	2.0	1.3330000000000002	4.667	2.0
1376	1.0	2.0	1.0	2.0	2.0	4.0	2.0
1377	3.0	0.0	2.0	0.0	3.0	6.0	2.0
1378	2.0	0.0	2.0	0.0	2.0	4.0	2.0
1379	3.0	0.0	2.0	0.0	3.0	6.0	2.0
1380	2.0	2.0	1.0	0.0	2.0	4.0	1.0
1381	0.0	0.0	0.0	0.0	0.0	0.0	0.0
1382	0.0	0.0	0.0	0.0	0.0	0.0	0.0
1383	1.0	1.0	0.0	1.0	2.0	4.0	1.0
1384	0.0	0.0	0.0	0.0	0.0	0.0	0.0
1385	2.0	2.0	1.0	1.0	4.0	8.0	2.0
1386	3.0	3.0	1.0	1.0	3.668	8.332	1.0
1387	1.0	0.0	1.0	0.0	0.3330000000000002	2.667	1.0
1388	2.0	0.0	2.0	0.0	0.6660000000000004	5.334	2.0
1389	1.0	0.0	1.0	0.0	1.0	2.0	1.0
1390	2.0	0.0	1.0	0.0	2.0	4.0	1.0
1391	3.0	0.0	1.0	0.0	1.3360000000000003	4.664	1.0
1392	2.0	0.0	1.0	0.0	1.6680000000000001	4.332	1.0
1393	0.0	0.0	0.0	0.0	0.0	0.0	0.0
