all_syn	all_nonSyn	tip_syn	tip_nonSyn	S	N	comparisons
001	0.0	0.0	0.0	0.0	0.0	0.0	0.0
002	0.0	0.0	0.0	0.0	0.0	0.0	0.0
003	0.0	0.0	0.0	0.0	0.0	0.0	0.0
004	0.0	0.0	0.0	0.0	0.0	0.0	0.0
005	0.0	0.0	0.0	0.0	0.0	0.0	0.0
006	0.0	0.0	0.0	0.0	0.0	0.0	0.0
007	1.0	1.0	1.0	1.0	1.0	5.0	2.0
008	1.0	1.0	1.0	1.0	1.0	2.0	1.0
009	2.0	1.0	2.0	1.0	0.6680000000000001	2.332	1.0
010	0.0	1.0	0.0	1.0	0.3330000000000002	2.667	1.0
011	0.0	0.0	0.0	0.0	0.0	0.0	0.0
012	1.0	0.0	1.0	0.0	1.0	2.0	1.0
013	0.0	0.0	0.0	0.0	0.0	0.0	0.0
014	1.0	2.0	1.0	2.0	1.3330000000000002	4.667	2.0
015	1.0	2.0	1.0	2.0	0.3330000000000002	2.667	1.0
016	1.0	1.0	1.0	1.0	1.0	2.0	1.0
017	0.0	0.0	0.0	0.0	0.0	0.0	0.0
018	0.0	1.0	0.0	1.0	0.3330000000000002	2.667	1.0
019	1.0	0.0	1.0	0.0	0.3330000000000002	2.667	1.0
020	1.0	0.0	1.0	0.0	1.0	2.0	1.0
021	1.0	0.0	1.0	0.0	1.0	2.0	1.0
022	1.0	1.0	1.0	1.0	0.3330000000000002	2.667	1.0
023	1.0	2.0	1.0	2.0	0.6660000000000004	5.334	2.0
024	0.0	0.0	0.0	0.0	0.0	0.0	0.0
025	0.0	1.0	0.0	1.0	0.6680000000000001	2.332	1.0
026	0.0	2.0	0.0	2.0	0.6660000000000004	5.334	2.0
027	0.0	0.0	0.0	0.0	0.0	0.0	0.0
028	0.0	2.0	0.0	2.0	1.6680000000000001	4.332	2.0
029	0.0	1.0	0.0	1.0	0.3330000000000002	2.667	1.0
030	0.0	1.0	0.0	1.0	0.3330000000000002	2.667	1.0
031	1.0	0.0	1.0	0.0	1.0	2.0	1.0
032	0.0	2.0	0.0	2.0	0.6680000000000001	2.332	1.0
033	0.0	1.0	0.0	1.0	0.3330000000000002	2.667	1.0
034	0.0	0.0	0.0	0.0	0.0	0.0	0.0
035	1.0	0.0	1.0	0.0	0.3330000000000002	2.667	1.0
036	0.0	3.0	0.0	3.0	1.3330000000000002	4.667	2.0
037	2.0	1.0	2.0	1.0	1.0	2.0	1.0
038	1.0	2.0	1.0	2.0	0.3330000000000002	2.667	1.0
039	1.0	0.0	1.0	0.0	1.0	2.0	1.0
040	1.0	0.0	1.0	0.0	1.0	2.0	1.0
041	1.0	0.0	1.0	0.0	1.0	2.0	1.0
042	1.0	0.0	1.0	0.0	1.0	2.0	1.0
043	1.0	0.0	1.0	0.0	0.3330000000000002	2.667	1.0
044	1.0	0.0	1.0	0.0	0.3330000000000002	2.667	1.0
045	1.0	0.0	1.0	0.0	1.0	2.0	1.0
046	1.0	0.0	1.0	0.0	1.0	2.0	1.0
047	0.0	3.0	0.0	3.0	1.3330000000000002	4.667	2.0
048	1.0	2.0	1.0	2.0	1.0	2.0	1.0
049	0.0	1.0	0.0	1.0	0.3330000000000002	2.667	1.0
050	0.0	0.0	0.0	0.0	0.0	0.0	0.0
051	1.0	1.0	1.0	1.0	0.3330000000000002	2.667	1.0
052	0.0	0.0	0.0	0.0	0.0	0.0	0.0
053	1.0	0.0	1.0	0.0	0.3330000000000002	2.667	1.0
054	1.0	0.0	1.0	0.0	1.0	2.0	1.0
055	0.0	2.0	0.0	2.0	0.6660000000000004	5.334	2.0
056	0.0	1.0	0.0	1.0	0.3330000000000002	2.667	1.0
057	1.0	2.0	1.0	2.0	1.0	2.0	1.0
058	1.0	2.0	1.0	2.0	0.3330000000000002	2.667	1.0
059	1.0	1.0	1.0	1.0	1.6680000000000001	4.332	2.0
060	0.0	1.0	0.0	1.0	0.3330000000000002	2.667	1.0
061	0.0	0.0	0.0	0.0	0.0	0.0	0.0
062	0.0	1.0	0.0	1.0	1.0	2.0	1.0
063	1.0	0.0	1.0	0.0	1.0	2.0	1.0
064	1.0	1.0	1.0	1.0	1.0	2.0	1.0
065	1.0	0.0	1.0	0.0	1.0	2.0	1.0
066	2.0	0.0	2.0	0.0	0.6680000000000001	2.332	1.0
067	2.0	0.0	2.0	0.0	1.0	2.0	1.0
068	0.0	0.0	0.0	0.0	0.0	0.0	0.0
069	0.0	0.0	0.0	0.0	0.0	0.0	0.0
070	1.0	0.0	1.0	0.0	0.3330000000000002	2.667	1.0
071	0.0	0.0	0.0	0.0	0.0	0.0	0.0
072	1.0	0.0	1.0	0.0	1.0	2.0	1.0
073	0.0	0.0	0.0	0.0	0.0	0.0	0.0
074	1.0	0.0	1.0	0.0	1.0	2.0	1.0
075	0.0	0.0	0.0	0.0	0.0	0.0	0.0
076	1.0	0.0	1.0	0.0	1.0	2.0	1.0
077	0.0	1.0	0.0	1.0	1.0	2.0	1.0
078	0.0	0.0	0.0	0.0	0.0	0.0	0.0
079	1.0	0.0	1.0	0.0	1.0	2.0	1.0
080	1.0	2.0	1.0	2.0	1.3330000000000002	4.667	2.0
081	1.0	1.0	1.0	1.0	1.6680000000000001	4.332	2.0
082	2.0	0.0	2.0	0.0	0.6680000000000001	2.332	1.0
083	0.0	2.0	0.0	2.0	0.3330000000000002	2.667	1.0
084	2.0	1.0	2.0	1.0	1.0	2.0	1.0
085	1.0	0.0	1.0	0.0	0.3330000000000002	2.667	1.0
086	1.0	0.0	1.0	0.0	1.0	2.0	1.0
087	0.0	2.0	0.0	2.0	1.3330000000000002	4.667	2.0
088	1.0	0.0	1.0	0.0	0.3330000000000002	2.667	1.0
089	1.0	0.0	1.0	0.0	0.3330000000000002	2.667	1.0
090	1.0	0.0	1.0	0.0	0.3330000000000002	2.667	1.0
091	0.0	2.0	0.0	2.0	0.6660000000000004	5.334	2.0
092	0.0	1.0	0.0	1.0	1.0	2.0	1.0
093	0.0	0.0	0.0	0.0	0.0	0.0	0.0
094	0.0	0.0	0.0	0.0	0.0	0.0	0.0
095	0.0	1.0	0.0	1.0	0.3330000000000002	2.667	1.0
096	0.0	0.0	0.0	0.0	0.0	0.0	0.0
097	0.0	2.0	0.0	2.0	1.6680000000000001	4.332	2.0
098	1.0	1.0	1.0	1.0	0.3330000000000002	2.667	1.0
099	0.0	0.0	0.0	0.0	0.0	0.0	0.0
100	1.0	0.0	1.0	0.0	1.0	2.0	1.0
101	0.0	1.0	0.0	1.0	0.3330000000000002	2.667	1.0
102	1.0	2.0	1.0	2.0	1.0	2.0	1.0
103	0.0	0.0	0.0	0.0	0.0	0.0	0.0
104	0.0	0.0	0.0	0.0	0.0	0.0	0.0
105	0.0	0.0	0.0	0.0	0.0	0.0	0.0
106	0.0	1.0	0.0	1.0	0.3330000000000002	2.667	1.0
107	0.0	1.0	0.0	1.0	0.3330000000000002	2.667	1.0
108	1.0	1.0	1.0	1.0	2.4	3.6	2.0
109	1.0	0.0	1.0	0.0	1.0	2.0	1.0
110	2.0	1.0	2.0	1.0	1.3330000000000002	4.667	2.0
111	0.0	2.0	0.0	2.0	0.3330000000000002	2.667	1.0
112	0.0	1.0	0.0	1.0	0.3330000000000002	2.667	1.0
113	0.0	2.0	0.0	2.0	0.3330000000000002	2.667	1.0
114	0.0	0.0	0.0	0.0	0.0	0.0	0.0
115	0.0	0.0	0.0	0.0	0.0	0.0	0.0
116	1.0	0.0	1.0	0.0	1.0	2.0	1.0
117	0.0	0.0	0.0	0.0	0.0	0.0	0.0
118	1.0	0.0	1.0	0.0	1.4	1.6	1.0
119	1.0	0.0	1.0	0.0	1.0	2.0	1.0
120	1.0	1.0	1.0	1.0	0.3330000000000002	2.667	1.0
121	1.0	0.0	1.0	0.0	1.0	2.0	1.0
122	1.0	0.0	1.0	0.0	0.3330000000000002	2.667	1.0
123	0.0	0.0	0.0	0.0	0.0	0.0	0.0
124	0.0	2.0	0.0	2.0	1.4	4.6	2.0
125	0.0	2.0	0.0	2.0	1.0010000000000003	4.999	2.0
126	0.0	1.0	0.0	1.0	0.3330000000000002	2.667	1.0
127	0.0	2.0	0.0	2.0	0.3330000000000002	5.667	2.0
128	0.0	2.0	0.0	2.0	0.3330000000000002	2.667	1.0
129	0.0	2.0	0.0	2.0	0.6660000000000004	5.334	2.0
130	0.0	0.0	0.0	0.0	0.0	0.0	0.0
131	1.0	1.0	1.0	1.0	1.0	2.0	1.0
132	0.0	2.0	0.0	2.0	0.3330000000000002	2.667	1.0
133	0.0	1.0	0.0	1.0	0.6680000000000001	2.332	1.0
134	1.0	1.0	1.0	1.0	1.3330000000000002	4.667	2.0
135	0.0	3.0	0.0	3.0	0.6660000000000004	5.334	2.0
136	1.0	1.0	1.0	1.0	1.6680000000000001	4.332	2.0
137	1.0	0.0	1.0	0.0	1.0	2.0	1.0
138	1.0	0.0	1.0	0.0	1.0	2.0	1.0
139	0.0	2.0	0.0	2.0	0.6660000000000004	5.334	2.0
140	0.0	0.0	0.0	0.0	0.0	0.0	0.0
141	1.0	1.0	1.0	1.0	1.0	2.0	1.0
142	1.0	1.0	1.0	1.0	1.3330000000000002	4.667	2.0
143	0.0	3.0	0.0	3.0	1.3330000000000002	4.667	2.0
144	1.0	1.0	1.0	1.0	1.0	2.0	1.0
145	0.0	1.0	0.0	1.0	0.6680000000000001	2.332	1.0
146	0.0	1.0	0.0	1.0	0.3330000000000002	2.667	1.0
147	0.0	1.0	0.0	1.0	1.0	2.0	1.0
148	1.0	2.0	1.0	2.0	1.3330000000000002	4.667	2.0
149	0.0	2.0	0.0	2.0	1.3360000000000003	4.664	2.0
150	1.0	2.0	1.0	2.0	1.0010000000000003	4.999	2.0
151	0.0	0.0	0.0	0.0	0.0	0.0	0.0
152	0.0	0.0	0.0	0.0	0.0	0.0	0.0
153	0.0	0.0	0.0	0.0	0.0	0.0	0.0
154	1.0	1.0	1.0	1.0	0.3330000000000002	2.667	1.0
155	0.0	1.0	0.0	1.0	0.3330000000000002	2.667	1.0
156	1.0	1.0	1.0	1.0	1.0	2.0	1.0
157	1.0	0.0	1.0	0.0	1.0	2.0	1.0
158	1.0	2.0	1.0	2.0	1.3330000000000002	4.667	2.0
159	1.0	2.0	1.0	2.0	1.3330000000000002	4.667	2.0
160	0.0	2.0	0.0	2.0	1.6680000000000001	4.332	2.0
161	1.0	1.0	1.0	1.0	1.733	4.2669999999999995	2.0
162	0.0	2.0	0.0	2.0	1.3330000000000002	4.667	2.0
163	1.0	1.0	1.0	1.0	2.0	4.0	2.0
164	1.0	1.0	1.0	1.0	2.4	3.6	2.0
165	1.0	1.0	1.0	1.0	2.0	4.0	2.0
166	1.0	1.0	1.0	1.0	1.0	2.0	1.0
167	0.0	3.0	0.0	3.0	1.733	4.2669999999999995	2.0
168	0.0	1.0	0.0	1.0	0.0	3.0	1.0
169	1.0	2.0	1.0	2.0	1.0010000000000003	4.999	2.0
170	1.0	0.0	1.0	0.0	1.0	2.0	1.0
171	1.0	0.0	1.0	0.0	0.3330000000000002	2.667	1.0
172	1.0	1.0	1.0	1.0	2.0	4.0	2.0
173	0.0	0.0	0.0	0.0	0.0	0.0	0.0
174	1.0	2.0	1.0	2.0	1.3330000000000002	4.667	2.0
175	1.0	2.0	1.0	2.0	1.3330000000000002	4.667	2.0
176	0.0	1.0	0.0	1.0	0.3330000000000002	2.667	1.0
177	0.0	2.0	0.0	2.0	0.3330000000000002	2.667	1.0
178	0.0	1.0	0.0	1.0	0.3330000000000002	2.667	1.0
179	1.0	1.0	1.0	1.0	1.0	2.0	1.0
180	1.0	0.0	1.0	0.0	0.3330000000000002	2.667	1.0
181	1.0	0.0	1.0	0.0	1.0	2.0	1.0
182	0.0	0.0	0.0	0.0	0.0	0.0	0.0
183	0.0	1.0	0.0	1.0	0.3330000000000002	2.667	1.0
184	0.0	2.0	0.0	2.0	1.3360000000000003	4.664	2.0
185	0.0	0.0	0.0	0.0	0.0	0.0	0.0
186	1.0	0.0	1.0	0.0	1.0	2.0	1.0
187	0.0	0.0	0.0	0.0	0.0	0.0	0.0
188	1.0	0.0	1.0	0.0	0.3330000000000002	2.667	1.0
189	0.0	1.0	0.0	1.0	0.3330000000000002	2.667	1.0
190	1.0	0.0	1.0	0.0	1.0	2.0	1.0
191	0.0	0.0	0.0	0.0	0.0	0.0	0.0
192	1.0	0.0	1.0	0.0	0.3330000000000002	2.667	1.0
193	0.0	0.0	0.0	0.0	0.0	0.0	0.0
194	0.0	0.0	0.0	0.0	0.0	0.0	0.0
195	0.0	0.0	0.0	0.0	0.0	0.0	0.0
196	1.0	0.0	1.0	0.0	1.0	2.0	1.0
197	1.0	1.0	1.0	1.0	1.4	1.6	1.0
198	1.0	0.0	1.0	0.0	1.0	2.0	1.0
199	1.0	0.0	1.0	0.0	1.0	2.0	1.0
200	1.0	0.0	1.0	0.0	0.3330000000000002	2.667	1.0
201	0.0	0.0	0.0	0.0	0.0	0.0	0.0
202	1.0	0.0	1.0	0.0	1.0	2.0	1.0
203	0.0	0.0	0.0	0.0	0.0	0.0	0.0
204	0.0	0.0	0.0	0.0	0.0	0.0	0.0
205	1.0	1.0	1.0	1.0	2.068	3.932	2.0
206	0.0	0.0	0.0	0.0	0.0	0.0	0.0
207	1.0	0.0	1.0	0.0	0.3330000000000002	2.667	1.0
208	1.0	0.0	1.0	0.0	1.0	2.0	1.0
209	0.0	0.0	0.0	0.0	0.0	0.0	0.0
210	0.0	0.0	0.0	0.0	0.0	0.0	0.0
211	1.0	1.0	1.0	1.0	1.0	2.0	1.0
212	0.0	0.0	0.0	0.0	0.0	0.0	0.0
213	0.0	0.0	0.0	0.0	0.0	0.0	0.0
214	0.0	0.0	0.0	0.0	0.0	0.0	0.0
215	1.0	1.0	1.0	1.0	0.6680000000000001	2.332	1.0
216	1.0	1.0	1.0	1.0	0.6660000000000004	5.334	2.0
217	1.0	0.0	1.0	0.0	1.4	1.6	1.0
218	0.0	0.0	0.0	0.0	0.0	0.0	0.0
219	1.0	0.0	1.0	0.0	1.0	2.0	1.0
220	0.0	1.0	0.0	1.0	0.6680000000000001	2.332	1.0
221	0.0	0.0	0.0	0.0	0.0	0.0	0.0
222	1.0	0.0	1.0	0.0	1.0	2.0	1.0
223	0.0	0.0	0.0	0.0	0.0	0.0	0.0
224	0.0	0.0	0.0	0.0	0.0	0.0	0.0
225	0.0	1.0	0.0	1.0	0.3330000000000002	2.667	1.0
226	0.0	1.0	0.0	1.0	0.3330000000000002	2.667	1.0
227	0.0	0.0	0.0	0.0	0.0	0.0	0.0
228	0.0	0.0	0.0	0.0	0.0	0.0	0.0
229	1.0	0.0	1.0	0.0	1.0	2.0	1.0
230	1.0	0.0	1.0	0.0	1.0	2.0	1.0
231	1.0	0.0	1.0	0.0	0.3330000000000002	2.667	1.0
232	1.0	1.0	1.0	1.0	2.0	4.0	2.0
233	0.0	0.0	0.0	0.0	0.0	0.0	0.0
234	1.0	1.0	1.0	1.0	0.6660000000000004	5.334	2.0
235	1.0	0.0	1.0	0.0	1.0	2.0	1.0
236	1.0	0.0	1.0	0.0	0.3330000000000002	2.667	1.0
237	0.0	0.0	0.0	0.0	0.0	0.0	0.0
238	0.0	0.0	0.0	0.0	0.0	0.0	0.0
239	1.0	0.0	1.0	0.0	1.0	2.0	1.0
240	1.0	0.0	1.0	0.0	1.0	2.0	1.0
241	1.0	0.0	1.0	0.0	1.0	2.0	1.0
242	0.0	0.0	0.0	0.0	0.0	0.0	0.0
243	1.0	2.0	1.0	2.0	2.0	4.0	2.0
244	2.0	0.0	2.0	0.0	1.0	2.0	1.0
245	0.0	0.0	0.0	0.0	0.0	0.0	0.0
246	1.0	0.0	1.0	0.0	1.0	2.0	1.0
247	1.0	0.0	1.0	0.0	1.0	2.0	1.0
248	0.0	0.0	0.0	0.0	0.0	0.0	0.0
249	0.0	0.0	0.0	0.0	0.0	0.0	0.0
250	0.0	1.0	0.0	1.0	0.3330000000000002	2.667	1.0
251	0.0	0.0	0.0	0.0	0.0	0.0	0.0
252	1.0	0.0	1.0	0.0	1.4	1.6	1.0
253	1.0	0.0	1.0	0.0	0.6680000000000001	2.332	1.0
254	1.0	0.0	1.0	0.0	1.0	2.0	1.0
255	1.0	1.0	1.0	1.0	1.3330000000000002	4.667	2.0
256	1.0	1.0	1.0	1.0	1.0	2.0	1.0
257	1.0	0.0	1.0	0.0	1.0	2.0	1.0
258	1.0	0.0	1.0	0.0	1.4	1.6	1.0
259	0.0	2.0	0.0	2.0	0.3330000000000002	5.667	2.0
260	1.0	2.0	1.0	2.0	0.6660000000000004	5.334	2.0
261	1.0	0.0	1.0	0.0	1.0	2.0	1.0
262	1.0	0.0	1.0	0.0	1.0	2.0	1.0
263	1.0	2.0	1.0	2.0	1.3330000000000002	4.667	2.0
264	0.0	1.0	0.0	1.0	1.0	2.0	1.0
265	0.0	0.0	0.0	0.0	0.0	0.0	0.0
266	1.0	0.0	1.0	0.0	0.3330000000000002	2.667	1.0
267	0.0	0.0	0.0	0.0	0.0	0.0	0.0
268	0.0	2.0	0.0	2.0	1.3330000000000002	4.667	2.0
269	0.0	1.0	0.0	1.0	1.0	2.0	1.0
270	0.0	1.0	0.0	1.0	1.0	2.0	1.0
271	1.0	0.0	1.0	0.0	1.0	2.0	1.0
272	0.0	0.0	0.0	0.0	0.0	0.0	0.0
273	0.0	2.0	0.0	2.0	0.3330000000000002	2.667	1.0
274	0.0	0.0	0.0	0.0	0.0	0.0	0.0
275	1.0	0.0	1.0	0.0	0.3330000000000002	2.667	1.0
276	1.0	1.0	1.0	1.0	1.0	2.0	1.0
277	0.0	1.0	0.0	1.0	0.3330000000000002	2.667	1.0
278	0.0	0.0	0.0	0.0	0.0	0.0	0.0
279	0.0	2.0	0.0	2.0	1.3330000000000002	4.667	2.0
280	0.0	0.0	0.0	0.0	0.0	0.0	0.0
281	1.0	0.0	1.0	0.0	1.0	2.0	1.0
282	1.0	0.0	1.0	0.0	1.0	2.0	1.0
283	0.0	0.0	0.0	0.0	0.0	0.0	0.0
284	2.0	0.0	2.0	0.0	1.0	2.0	1.0
285	0.0	0.0	0.0	0.0	0.0	0.0	0.0
286	1.0	2.0	1.0	2.0	1.3330000000000002	4.667	2.0
287	1.0	0.0	1.0	0.0	0.6680000000000001	2.332	1.0
288	0.0	0.0	0.0	0.0	0.0	0.0	0.0
289	0.0	2.0	0.0	2.0	0.6680000000000001	2.332	1.0
290	0.0	1.0	0.0	1.0	0.6680000000000001	2.332	1.0
291	1.0	0.0	1.0	0.0	1.0	2.0	1.0
292	0.0	0.0	0.0	0.0	0.0	0.0	0.0
293	1.0	1.0	1.0	1.0	1.0010000000000003	4.999	2.0
294	0.0	2.0	0.0	2.0	1.0	5.0	2.0
295	1.0	2.0	1.0	2.0	1.3330000000000002	4.667	2.0
296	1.0	2.0	1.0	2.0	1.3330000000000002	4.667	2.0
297	0.0	1.0	0.0	1.0	1.0	2.0	1.0
298	1.0	0.0	1.0	0.0	1.0	2.0	1.0
299	0.0	0.0	0.0	0.0	0.0	0.0	0.0
300	0.0	0.0	0.0	0.0	0.0	0.0	0.0
301	1.0	0.0	1.0	0.0	1.4	1.6	1.0
302	0.0	0.0	0.0	0.0	0.0	0.0	0.0
303	1.0	2.0	1.0	2.0	1.3330000000000002	4.667	2.0
304	0.0	0.0	0.0	0.0	0.0	0.0	0.0
305	1.0	0.0	1.0	0.0	1.0	2.0	1.0
306	1.0	0.0	1.0	0.0	1.0	2.0	1.0
307	1.0	1.0	1.0	1.0	2.0	4.0	2.0
308	0.0	0.0	0.0	0.0	0.0	0.0	0.0
309	0.0	0.0	0.0	0.0	0.0	0.0	0.0
310	1.0	0.0	1.0	0.0	0.3330000000000002	2.667	1.0
311	0.0	0.0	0.0	0.0	0.0	0.0	0.0
312	2.0	0.0	2.0	0.0	0.6680000000000001	2.332	1.0
313	0.0	0.0	0.0	0.0	0.0	0.0	0.0
314	0.0	0.0	0.0	0.0	0.0	0.0	0.0
315	0.0	0.0	0.0	0.0	0.0	0.0	0.0
316	0.0	0.0	0.0	0.0	0.0	0.0	0.0
317	0.0	0.0	0.0	0.0	0.0	0.0	0.0
318	1.0	1.0	1.0	1.0	0.6680000000000001	2.332	1.0
319	0.0	1.0	0.0	1.0	0.3330000000000002	2.667	1.0
320	0.0	0.0	0.0	0.0	0.0	0.0	0.0
321	0.0	1.0	0.0	1.0	0.6680000000000001	2.332	1.0
322	1.0	0.0	1.0	0.0	1.0	2.0	1.0
323	0.0	0.0	0.0	0.0	0.0	0.0	0.0
324	1.0	0.0	1.0	0.0	1.0	2.0	1.0
325	1.0	0.0	1.0	0.0	1.0	2.0	1.0
326	1.0	0.0	1.0	0.0	1.0	2.0	1.0
327	0.0	2.0	0.0	2.0	1.0	5.0	2.0
328	0.0	0.0	0.0	0.0	0.0	0.0	0.0
329	1.0	0.0	1.0	0.0	1.0	2.0	1.0
330	1.0	0.0	1.0	0.0	0.6680000000000001	2.332	1.0
331	0.0	0.0	0.0	0.0	0.0	0.0	0.0
332	1.0	0.0	1.0	0.0	1.0	2.0	1.0
333	1.0	0.0	1.0	0.0	0.3330000000000002	2.667	1.0
334	0.0	0.0	0.0	0.0	0.0	0.0	0.0
335	0.0	0.0	0.0	0.0	0.0	0.0	0.0
336	1.0	1.0	1.0	1.0	0.0	3.0	1.0
337	0.0	0.0	0.0	0.0	0.0	0.0	0.0
338	1.0	0.0	1.0	0.0	1.0	2.0	1.0
339	0.0	0.0	0.0	0.0	0.0	0.0	0.0
340	0.0	0.0	0.0	0.0	0.0	0.0	0.0
341	1.0	0.0	1.0	0.0	1.0	2.0	1.0
342	1.0	0.0	1.0	0.0	1.0	2.0	1.0
343	1.0	0.0	1.0	0.0	0.6680000000000001	2.332	1.0
344	0.0	0.0	0.0	0.0	0.0	0.0	0.0
345	0.0	0.0	0.0	0.0	0.0	0.0	0.0
346	1.0	0.0	1.0	0.0	1.0	2.0	1.0
347	0.0	0.0	0.0	0.0	0.0	0.0	0.0
348	1.0	0.0	1.0	0.0	1.0	2.0	1.0
349	1.0	0.0	1.0	0.0	1.0	2.0	1.0
350	1.0	0.0	1.0	0.0	1.0	2.0	1.0
351	0.0	0.0	0.0	0.0	0.0	0.0	0.0
352	1.0	0.0	1.0	0.0	0.3330000000000002	2.667	1.0
353	1.0	0.0	1.0	0.0	1.0	2.0	1.0
354	2.0	0.0	2.0	0.0	1.0	2.0	1.0
355	0.0	0.0	0.0	0.0	0.0	0.0	0.0
356	0.0	0.0	0.0	0.0	0.0	0.0	0.0
357	0.0	1.0	0.0	1.0	1.0	2.0	1.0
358	0.0	0.0	0.0	0.0	0.0	0.0	0.0
359	1.0	0.0	1.0	0.0	1.0	2.0	1.0
360	2.0	1.0	2.0	1.0	1.0	2.0	1.0
361	0.0	0.0	0.0	0.0	0.0	0.0	0.0
362	0.0	1.0	0.0	1.0	0.3330000000000002	2.667	1.0
363	1.0	0.0	1.0	0.0	0.3330000000000002	2.667	1.0
364	1.0	0.0	1.0	0.0	1.0	2.0	1.0
365	1.0	0.0	1.0	0.0	0.3330000000000002	2.667	1.0
366	0.0	0.0	0.0	0.0	0.0	0.0	0.0
367	0.0	0.0	0.0	0.0	0.0	0.0	0.0
368	0.0	0.0	0.0	0.0	0.0	0.0	0.0
369	1.0	1.0	1.0	1.0	1.3330000000000002	4.667	2.0
370	1.0	1.0	1.0	1.0	1.0	2.0	1.0
371	2.0	0.0	2.0	0.0	1.0	2.0	1.0
372	1.0	1.0	1.0	1.0	2.0	4.0	2.0
373	0.0	0.0	0.0	0.0	0.0	0.0	0.0
374	0.0	1.0	0.0	1.0	0.3330000000000002	2.667	1.0
375	0.0	2.0	0.0	2.0	0.3330000000000002	2.667	1.0
376	1.0	0.0	1.0	0.0	1.0	2.0	1.0
377	1.0	1.0	1.0	1.0	0.3330000000000002	2.667	1.0
378	1.0	0.0	1.0	0.0	0.3330000000000002	2.667	1.0
379	1.0	0.0	1.0	0.0	1.0	2.0	1.0
380	1.0	0.0	1.0	0.0	1.0	2.0	1.0
381	1.0	0.0	1.0	0.0	1.0	2.0	1.0
382	0.0	0.0	0.0	0.0	0.0	0.0	0.0
383	1.0	0.0	1.0	0.0	0.3330000000000002	2.667	1.0
384	1.0	0.0	1.0	0.0	1.0	2.0	1.0
385	1.0	0.0	1.0	0.0	1.0	2.0	1.0
386	1.0	0.0	1.0	0.0	0.3330000000000002	2.667	1.0
387	1.0	0.0	1.0	0.0	1.0	2.0	1.0
388	1.0	0.0	1.0	0.0	1.0	2.0	1.0
389	0.0	0.0	0.0	0.0	0.0	0.0	0.0
390	1.0	0.0	1.0	0.0	1.0	2.0	1.0
391	1.0	0.0	1.0	0.0	1.0	2.0	1.0
392	0.0	0.0	0.0	0.0	0.0	0.0	0.0
393	0.0	0.0	0.0	0.0	0.0	0.0	0.0
394	0.0	0.0	0.0	0.0	0.0	0.0	0.0
395	0.0	0.0	0.0	0.0	0.0	0.0	0.0
396	1.0	0.0	1.0	0.0	1.0	2.0	1.0
397	0.0	0.0	0.0	0.0	0.0	0.0	0.0
398	0.0	0.0	0.0	0.0	0.0	0.0	0.0
399	0.0	0.0	0.0	0.0	0.0	0.0	0.0
400	1.0	0.0	1.0	0.0	1.0	2.0	1.0
401	1.0	0.0	1.0	0.0	1.0	2.0	1.0
402	0.0	0.0	0.0	0.0	0.0	0.0	0.0
403	0.0	0.0	0.0	0.0	0.0	0.0	0.0
404	0.0	0.0	0.0	0.0	0.0	0.0	0.0
405	0.0	0.0	0.0	0.0	0.0	0.0	0.0
406	0.0	1.0	0.0	1.0	0.3330000000000002	2.667	1.0
407	1.0	0.0	1.0	0.0	0.6680000000000001	2.332	1.0
408	1.0	2.0	1.0	2.0	1.3330000000000002	4.667	2.0
409	0.0	0.0	0.0	0.0	0.0	0.0	0.0
410	0.0	1.0	0.0	1.0	0.3330000000000002	2.667	1.0
411	1.0	1.0	1.0	1.0	1.3330000000000002	4.667	2.0
412	1.0	1.0	1.0	1.0	1.0	2.0	1.0
413	1.0	0.0	1.0	0.0	1.0	2.0	1.0
414	1.0	0.0	1.0	0.0	1.0	2.0	1.0
415	1.0	0.0	1.0	0.0	1.0	2.0	1.0
416	1.0	0.0	1.0	0.0	0.3330000000000002	2.667	1.0
417	0.0	0.0	0.0	0.0	0.0	0.0	0.0
418	0.0	0.0	0.0	0.0	0.0	0.0	0.0
419	1.0	0.0	1.0	0.0	1.0	2.0	1.0
420	1.0	0.0	1.0	0.0	1.0	2.0	1.0
421	1.0	0.0	1.0	0.0	1.0	2.0	1.0
422	0.0	0.0	0.0	0.0	0.0	0.0	0.0
423	0.0	0.0	0.0	0.0	0.0	0.0	0.0
424	0.0	1.0	0.0	1.0	0.0	3.0	1.0
425	1.0	2.0	1.0	2.0	1.3330000000000002	4.667	2.0
426	0.0	1.0	0.0	1.0	0.3330000000000002	2.667	1.0
427	0.0	1.0	0.0	1.0	0.6680000000000001	2.332	1.0
428	1.0	2.0	1.0	2.0	0.6660000000000004	5.334	2.0
429	0.0	0.0	0.0	0.0	0.0	0.0	0.0
430	1.0	0.0	1.0	0.0	1.0	2.0	1.0
431	1.0	0.0	1.0	0.0	1.0	2.0	1.0
432	1.0	1.0	1.0	1.0	2.0	4.0	2.0
433	1.0	0.0	1.0	0.0	1.0	2.0	1.0
434	2.0	1.0	2.0	1.0	0.6680000000000001	2.332	1.0
435	1.0	2.0	1.0	2.0	1.6680000000000001	4.332	2.0
436	1.0	1.0	1.0	1.0	2.0	4.0	2.0
437	0.0	0.0	0.0	0.0	0.0	0.0	0.0
438	0.0	1.0	0.0	1.0	0.3330000000000002	2.667	1.0
439	0.0	1.0	0.0	1.0	1.0	2.0	1.0
440	1.0	0.0	1.0	0.0	0.6680000000000001	2.332	1.0
441	0.0	2.0	0.0	2.0	0.3330000000000002	2.667	1.0
442	1.0	1.0	1.0	1.0	1.0	2.0	1.0
443	1.0	2.0	1.0	2.0	0.3330000000000002	2.667	1.0
444	0.0	0.0	0.0	0.0	0.0	0.0	0.0
445	1.0	0.0	1.0	0.0	0.3330000000000002	2.667	1.0
446	1.0	2.0	1.0	2.0	2.0	4.0	2.0
447	0.0	2.0	0.0	2.0	1.3330000000000002	4.667	2.0
448	0.0	1.0	0.0	1.0	0.3330000000000002	2.667	1.0
449	1.0	0.0	1.0	0.0	0.3330000000000002	2.667	1.0
450	1.0	1.0	1.0	1.0	0.3330000000000002	2.667	1.0
451	0.0	2.0	0.0	2.0	1.3330000000000002	4.667	2.0
452	0.0	0.0	0.0	0.0	0.0	0.0	0.0
453	0.0	0.0	0.0	0.0	0.0	0.0	0.0
454	1.0	1.0	1.0	1.0	0.3330000000000002	2.667	1.0
455	0.0	2.0	0.0	2.0	0.3330000000000002	5.667	2.0
456	1.0	0.0	1.0	0.0	1.0	2.0	1.0
457	1.0	0.0	1.0	0.0	1.0	2.0	1.0
458	1.0	1.0	1.0	1.0	0.6660000000000004	5.334	2.0
459	1.0	0.0	1.0	0.0	0.3330000000000002	2.667	1.0
460	0.0	1.0	0.0	1.0	0.3330000000000002	2.667	1.0
461	1.0	0.0	1.0	0.0	0.3330000000000002	2.667	1.0
462	0.0	1.0	0.0	1.0	0.3330000000000002	2.667	1.0
463	1.0	0.0	1.0	0.0	0.3330000000000002	2.667	1.0
464	0.0	0.0	0.0	0.0	0.0	0.0	0.0
465	0.0	0.0	0.0	0.0	0.0	0.0	0.0
466	0.0	0.0	0.0	0.0	0.0	0.0	0.0
467	1.0	0.0	1.0	0.0	0.3330000000000002	2.667	1.0
468	1.0	0.0	1.0	0.0	1.0	2.0	1.0
469	1.0	0.0	1.0	0.0	0.3330000000000002	2.667	1.0
470	1.0	1.0	1.0	1.0	2.0	4.0	2.0
471	0.0	2.0	0.0	2.0	0.3330000000000002	2.667	1.0
472	1.0	1.0	1.0	1.0	0.6660000000000004	5.334	2.0
473	1.0	0.0	1.0	0.0	1.0	2.0	1.0
474	0.0	0.0	0.0	0.0	0.0	0.0	0.0
475	0.0	1.0	0.0	1.0	0.6680000000000001	2.332	1.0
476	0.0	0.0	0.0	0.0	0.0	0.0	0.0
477	1.0	1.0	1.0	1.0	1.0	2.0	1.0
478	0.0	0.0	0.0	0.0	0.0	0.0	0.0
479	1.0	0.0	1.0	0.0	0.3330000000000002	2.667	1.0
480	0.0	0.0	0.0	0.0	0.0	0.0	0.0
481	0.0	0.0	0.0	0.0	0.0	0.0	0.0
482	1.0	1.0	1.0	1.0	2.0	4.0	2.0
483	0.0	0.0	0.0	0.0	0.0	0.0	0.0
484	0.0	2.0	0.0	2.0	1.3330000000000002	4.667	2.0
485	0.0	2.0	0.0	2.0	1.0	2.0	1.0
486	1.0	1.0	1.0	1.0	0.3330000000000002	2.667	1.0
487	0.0	0.0	0.0	0.0	0.0	0.0	0.0
488	0.0	0.0	0.0	0.0	0.0	0.0	0.0
489	0.0	2.0	0.0	2.0	0.3330000000000002	2.667	1.0
490	0.0	2.0	0.0	2.0	0.3330000000000002	2.667	1.0
491	1.0	0.0	1.0	0.0	1.0	2.0	1.0
492	0.0	2.0	0.0	2.0	1.0	2.0	1.0
493	0.0	0.0	0.0	0.0	0.0	0.0	0.0
494	1.0	2.0	1.0	2.0	2.0	4.0	2.0
495	0.0	1.0	0.0	1.0	0.3330000000000002	2.667	1.0
496	1.0	0.0	1.0	0.0	0.6680000000000001	2.332	1.0
497	0.0	0.0	0.0	0.0	0.0	0.0	0.0
498	0.0	1.0	0.0	1.0	1.0	2.0	1.0
499	1.0	2.0	1.0	2.0	1.3330000000000002	4.667	2.0
500	0.0	0.0	0.0	0.0	0.0	0.0	0.0
501	1.0	1.0	1.0	1.0	2.4	3.6	2.0
502	1.0	0.0	1.0	0.0	0.3330000000000002	2.667	1.0
503	1.0	1.0	1.0	1.0	1.0	2.0	1.0
504	1.0	1.0	1.0	1.0	1.3330000000000002	4.667	2.0
505	1.0	0.0	1.0	0.0	1.0	2.0	1.0
506	0.0	0.0	0.0	0.0	0.0	0.0	0.0
507	0.0	0.0	0.0	0.0	0.0	0.0	0.0
508	1.0	1.0	1.0	1.0	1.0	2.0	1.0
509	1.0	0.0	1.0	0.0	1.4	1.6	1.0
510	0.0	0.0	0.0	0.0	0.0	0.0	0.0
511	1.0	1.0	1.0	1.0	0.3330000000000002	2.667	1.0
512	1.0	0.0	1.0	0.0	1.0	2.0	1.0
513	0.0	2.0	0.0	2.0	1.3330000000000002	4.667	2.0
514	1.0	1.0	1.0	1.0	1.0	2.0	1.0
515	1.0	0.0	1.0	0.0	1.0	2.0	1.0
516	0.0	2.0	0.0	2.0	1.0	2.0	1.0
517	0.0	1.0	0.0	1.0	0.3330000000000002	2.667	1.0
518	2.0	0.0	2.0	0.0	0.6680000000000001	2.332	1.0
519	1.0	1.0	1.0	1.0	1.0	2.0	1.0
520	0.0	1.0	0.0	1.0	0.3330000000000002	2.667	1.0
521	1.0	0.0	1.0	0.0	1.4	1.6	1.0
522	1.0	1.0	1.0	1.0	2.0	4.0	2.0
523	0.0	0.0	0.0	0.0	0.0	0.0	0.0
524	1.0	0.0	1.0	0.0	0.6680000000000001	2.332	1.0
525	1.0	2.0	1.0	2.0	2.0	4.0	2.0
526	0.0	0.0	0.0	0.0	0.0	0.0	0.0
527	1.0	1.0	1.0	1.0	1.0	2.0	1.0
528	0.0	1.0	0.0	1.0	1.0	2.0	1.0
529	1.0	0.0	1.0	0.0	1.0	2.0	1.0
530	1.0	0.0	1.0	0.0	1.0	2.0	1.0
531	0.0	0.0	0.0	0.0	0.0	0.0	0.0
532	1.0	0.0	1.0	0.0	0.6680000000000001	2.332	1.0
533	1.0	0.0	1.0	0.0	1.0	2.0	1.0
534	1.0	1.0	1.0	1.0	1.733	4.2669999999999995	2.0
535	1.0	2.0	1.0	2.0	1.0	2.0	1.0
536	1.0	1.0	1.0	1.0	1.0	2.0	1.0
537	1.0	2.0	1.0	2.0	2.4	3.6	2.0
538	0.0	1.0	0.0	1.0	0.3330000000000002	2.667	1.0
539	1.0	1.0	1.0	1.0	0.3330000000000002	2.667	1.0
540	1.0	1.0	1.0	1.0	0.0	3.0	1.0
541	0.0	0.0	0.0	0.0	0.0	0.0	0.0
542	0.0	0.0	0.0	0.0	0.0	0.0	0.0
543	0.0	2.0	0.0	2.0	0.3330000000000002	2.667	1.0
544	0.0	2.0	0.0	2.0	0.6680000000000001	2.332	1.0
545	0.0	0.0	0.0	0.0	0.0	0.0	0.0
546	1.0	1.0	1.0	1.0	1.3330000000000002	4.667	2.0
547	1.0	0.0	1.0	0.0	1.0	2.0	1.0
548	0.0	0.0	0.0	0.0	0.0	0.0	0.0
549	0.0	1.0	0.0	1.0	1.0	2.0	1.0
550	1.0	0.0	1.0	0.0	1.0	2.0	1.0
551	0.0	0.0	0.0	0.0	0.0	0.0	0.0
552	1.0	0.0	1.0	0.0	1.0	2.0	1.0
553	0.0	0.0	0.0	0.0	0.0	0.0	0.0
554	0.0	0.0	0.0	0.0	0.0	0.0	0.0
555	0.0	0.0	0.0	0.0	0.0	0.0	0.0
556	1.0	1.0	1.0	1.0	0.3330000000000002	2.667	1.0
557	2.0	0.0	2.0	0.0	1.6680000000000001	4.332	2.0
558	1.0	1.0	1.0	1.0	2.0	4.0	2.0
559	1.0	0.0	1.0	0.0	0.6680000000000001	2.332	1.0
560	0.0	0.0	0.0	0.0	0.0	0.0	0.0
561	1.0	0.0	1.0	0.0	0.3330000000000002	2.667	1.0
562	0.0	0.0	0.0	0.0	0.0	0.0	0.0
563	0.0	0.0	0.0	0.0	0.0	0.0	0.0
564	1.0	0.0	1.0	0.0	1.0	2.0	1.0
565	0.0	3.0	0.0	3.0	1.0010000000000003	4.999	2.0
566	0.0	0.0	0.0	0.0	0.0	0.0	0.0
567	0.0	2.0	0.0	2.0	1.0	5.0	2.0
568	0.0	0.0	0.0	0.0	0.0	0.0	0.0
569	1.0	0.0	1.0	0.0	1.0	2.0	1.0
570	0.0	0.0	0.0	0.0	0.0	0.0	0.0
571	0.0	0.0	0.0	0.0	0.0	0.0	0.0
572	1.0	0.0	1.0	0.0	1.0	2.0	1.0
573	0.0	0.0	0.0	0.0	0.0	0.0	0.0
574	1.0	0.0	1.0	0.0	1.0	2.0	1.0
575	0.0	1.0	0.0	1.0	1.0	2.0	1.0
576	0.0	0.0	0.0	0.0	0.0	0.0	0.0
577	0.0	2.0	0.0	2.0	0.6660000000000004	5.334	2.0
578	1.0	1.0	1.0	1.0	0.6660000000000004	5.334	2.0
579	1.0	2.0	1.0	2.0	2.0	4.0	2.0
580	1.0	2.0	1.0	2.0	0.3330000000000002	2.667	1.0
581	1.0	2.0	1.0	2.0	2.0	4.0	2.0
582	0.0	0.0	0.0	0.0	0.0	0.0	0.0
583	0.0	0.0	0.0	0.0	0.0	0.0	0.0
584	1.0	0.0	1.0	0.0	1.0	2.0	1.0
585	1.0	2.0	1.0	2.0	1.6680000000000001	4.332	2.0
586	1.0	1.0	1.0	1.0	0.3330000000000002	2.667	1.0
587	1.0	2.0	1.0	2.0	2.0	4.0	2.0
588	1.0	2.0	1.0	2.0	2.0	4.0	2.0
589	1.0	1.0	1.0	1.0	2.0	4.0	2.0
590	1.0	0.0	1.0	0.0	0.3330000000000002	2.667	1.0
591	1.0	0.0	1.0	0.0	0.6680000000000001	2.332	1.0
592	0.0	0.0	0.0	0.0	0.0	0.0	0.0
593	1.0	0.0	1.0	0.0	0.3330000000000002	2.667	1.0
594	1.0	0.0	1.0	0.0	1.0	2.0	1.0
595	0.0	1.0	0.0	1.0	1.0	2.0	1.0
596	1.0	0.0	1.0	0.0	1.0	2.0	1.0
597	0.0	0.0	0.0	0.0	0.0	0.0	0.0
598	1.0	0.0	1.0	0.0	1.0	2.0	1.0
599	1.0	0.0	1.0	0.0	1.0	2.0	1.0
600	0.0	0.0	0.0	0.0	0.0	0.0	0.0
601	0.0	0.0	0.0	0.0	0.0	0.0	0.0
602	0.0	0.0	0.0	0.0	0.0	0.0	0.0
603	1.0	0.0	1.0	0.0	1.0	2.0	1.0
604	0.0	0.0	0.0	0.0	0.0	0.0	0.0
605	0.0	0.0	0.0	0.0	0.0	0.0	0.0
606	1.0	0.0	1.0	0.0	1.0	2.0	1.0
607	1.0	1.0	1.0	1.0	2.0	4.0	2.0
608	1.0	0.0	1.0	0.0	0.3330000000000002	2.667	1.0
609	1.0	2.0	1.0	2.0	1.3330000000000002	4.667	2.0
610	1.0	1.0	1.0	1.0	0.6660000000000004	5.334	2.0
611	0.0	1.0	0.0	1.0	0.6680000000000001	2.332	1.0
612	0.0	2.0	0.0	2.0	0.6660000000000004	5.334	2.0
613	0.0	2.0	0.0	2.0	0.6660000000000004	5.334	2.0
614	1.0	2.0	1.0	2.0	1.3330000000000002	4.667	2.0
615	1.0	0.0	1.0	0.0	1.0	2.0	1.0
616	0.0	0.0	0.0	0.0	0.0	0.0	0.0
617	0.0	0.0	0.0	0.0	0.0	0.0	0.0
618	0.0	0.0	0.0	0.0	0.0	0.0	0.0
619	1.0	0.0	1.0	0.0	1.0	2.0	1.0
620	1.0	0.0	1.0	0.0	1.0	2.0	1.0
621	1.0	0.0	1.0	0.0	0.3330000000000002	2.667	1.0
622	0.0	0.0	0.0	0.0	0.0	0.0	0.0
623	2.0	0.0	2.0	0.0	1.0	2.0	1.0
624	0.0	0.0	0.0	0.0	0.0	0.0	0.0
625	0.0	0.0	0.0	0.0	0.0	0.0	0.0
626	1.0	0.0	1.0	0.0	1.0	2.0	1.0
627	0.0	0.0	0.0	0.0	0.0	0.0	0.0
628	1.0	0.0	1.0	0.0	0.3330000000000002	2.667	1.0
629	1.0	0.0	1.0	0.0	0.3330000000000002	2.667	1.0
630	0.0	1.0	0.0	1.0	0.6680000000000001	2.332	1.0
631	0.0	1.0	0.0	1.0	1.0	2.0	1.0
632	0.0	0.0	0.0	0.0	0.0	0.0	0.0
633	1.0	0.0	1.0	0.0	1.0	2.0	1.0
634	1.0	0.0	1.0	0.0	1.0	2.0	1.0
635	0.0	0.0	0.0	0.0	0.0	0.0	0.0
636	1.0	0.0	1.0	0.0	1.0	2.0	1.0
637	0.0	2.0	0.0	2.0	1.3330000000000002	4.667	2.0
638	1.0	0.0	1.0	0.0	0.3330000000000002	2.667	1.0
639	0.0	2.0	0.0	2.0	0.3330000000000002	2.667	1.0
640	1.0	0.0	1.0	0.0	1.0	2.0	1.0
641	1.0	0.0	1.0	0.0	1.0	2.0	1.0
642	1.0	0.0	1.0	0.0	1.0	2.0	1.0
643	1.0	0.0	1.0	0.0	0.3330000000000002	2.667	1.0
644	0.0	0.0	0.0	0.0	0.0	0.0	0.0
645	0.0	0.0	0.0	0.0	0.0	0.0	0.0
646	1.0	0.0	1.0	0.0	0.3330000000000002	2.667	1.0
647	1.0	1.0	1.0	1.0	1.0	2.0	1.0
648	1.0	0.0	1.0	0.0	1.0	2.0	1.0
649	1.0	0.0	1.0	0.0	1.0	2.0	1.0
650	1.0	0.0	1.0	0.0	0.6680000000000001	2.332	1.0
651	1.0	0.0	1.0	0.0	0.3330000000000002	2.667	1.0
652	0.0	0.0	0.0	0.0	0.0	0.0	0.0
653	1.0	0.0	1.0	0.0	1.0	2.0	1.0
654	0.0	1.0	0.0	1.0	1.0	2.0	1.0
655	1.0	2.0	1.0	2.0	2.0	4.0	2.0
656	0.0	2.0	0.0	2.0	0.3330000000000002	2.667	1.0
657	0.0	3.0	0.0	3.0	1.3330000000000002	4.667	2.0
658	0.0	0.0	0.0	0.0	0.0	0.0	0.0
659	1.0	2.0	1.0	2.0	2.0	4.0	2.0
660	1.0	1.0	1.0	1.0	1.3330000000000002	4.667	2.0
661	0.0	0.0	0.0	0.0	0.0	0.0	0.0
662	0.0	0.0	0.0	0.0	0.0	0.0	0.0
663	1.0	0.0	1.0	0.0	0.3330000000000002	2.667	1.0
664	1.0	1.0	1.0	1.0	0.3330000000000002	2.667	1.0
665	1.0	0.0	1.0	0.0	1.0	2.0	1.0
666	1.0	1.0	1.0	1.0	1.6680000000000001	4.332	2.0
667	0.0	0.0	0.0	0.0	0.0	0.0	0.0
668	0.0	3.0	0.0	3.0	1.3330000000000002	4.667	2.0
669	0.0	0.0	0.0	0.0	0.0	0.0	0.0
670	0.0	1.0	0.0	1.0	1.0	2.0	1.0
671	1.0	2.0	1.0	2.0	1.3330000000000002	4.667	2.0
672	2.0	0.0	2.0	0.0	0.6680000000000001	2.332	1.0
673	0.0	1.0	0.0	1.0	0.3330000000000002	2.667	1.0
674	0.0	0.0	0.0	0.0	0.0	0.0	0.0
675	1.0	0.0	1.0	0.0	1.0	2.0	1.0
676	1.0	2.0	1.0	2.0	1.3330000000000002	4.667	2.0
677	1.0	1.0	1.0	1.0	1.3330000000000002	4.667	2.0
678	1.0	2.0	1.0	2.0	1.0	2.0	1.0
679	0.0	2.0	0.0	2.0	0.3330000000000002	2.667	1.0
680	0.0	0.0	0.0	0.0	0.0	0.0	0.0
681	1.0	0.0	1.0	0.0	1.0	2.0	1.0
682	1.0	2.0	1.0	2.0	1.3330000000000002	4.667	2.0
683	1.0	0.0	1.0	0.0	1.0	2.0	1.0
684	0.0	0.0	0.0	0.0	0.0	0.0	0.0
685	1.0	0.0	1.0	0.0	1.0	2.0	1.0
686	0.0	0.0	0.0	0.0	0.0	0.0	0.0
687	0.0	0.0	0.0	0.0	0.0	0.0	0.0
688	0.0	0.0	0.0	0.0	0.0	0.0	0.0
689	1.0	0.0	1.0	0.0	0.3330000000000002	2.667	1.0
690	1.0	0.0	1.0	0.0	0.3330000000000002	2.667	1.0
691	0.0	0.0	0.0	0.0	0.0	0.0	0.0
692	1.0	1.0	1.0	1.0	0.3330000000000002	2.667	1.0
693	1.0	2.0	1.0	2.0	1.3330000000000002	4.667	2.0
694	0.0	1.0	0.0	1.0	0.3330000000000002	2.667	1.0
695	0.0	2.0	0.0	2.0	0.6660000000000004	5.334	2.0
696	1.0	0.0	1.0	0.0	1.0	2.0	1.0
697	1.0	2.0	1.0	2.0	1.3330000000000002	4.667	2.0
698	0.0	0.0	0.0	0.0	0.0	0.0	0.0
699	2.0	1.0	2.0	1.0	1.3330000000000002	4.667	2.0
700	1.0	0.0	1.0	0.0	1.0	2.0	1.0
701	0.0	0.0	0.0	0.0	0.0	0.0	0.0
702	0.0	1.0	0.0	1.0	0.6680000000000001	2.332	1.0
703	0.0	0.0	0.0	0.0	0.0	0.0	0.0
704	0.0	0.0	0.0	0.0	0.0	0.0	0.0
705	1.0	0.0	1.0	0.0	1.4	1.6	1.0
706	0.0	1.0	0.0	1.0	0.3330000000000002	2.667	1.0
707	0.0	1.0	0.0	1.0	0.3330000000000002	2.667	1.0
708	0.0	1.0	0.0	1.0	0.3330000000000002	2.667	1.0
709	0.0	0.0	0.0	0.0	0.0	0.0	0.0
710	1.0	0.0	1.0	0.0	0.3330000000000002	2.667	1.0
711	0.0	0.0	0.0	0.0	0.0	0.0	0.0
712	0.0	1.0	0.0	1.0	0.3330000000000002	2.667	1.0
713	0.0	0.0	0.0	0.0	0.0	0.0	0.0
714	0.0	0.0	0.0	0.0	0.0	0.0	0.0
715	1.0	2.0	1.0	2.0	1.3330000000000002	4.667	2.0
716	0.0	0.0	0.0	0.0	0.0	0.0	0.0
717	0.0	0.0	0.0	0.0	0.0	0.0	0.0
718	1.0	1.0	1.0	1.0	1.0	2.0	1.0
719	0.0	2.0	0.0	2.0	0.3330000000000002	2.667	1.0
720	1.0	1.0	1.0	1.0	0.6680000000000001	2.332	1.0
721	0.0	2.0	0.0	2.0	1.0	5.0	2.0
722	1.0	1.0	1.0	1.0	1.0	2.0	1.0
723	0.0	0.0	0.0	0.0	0.0	0.0	0.0
724	0.0	0.0	0.0	0.0	0.0	0.0	0.0
725	0.0	0.0	0.0	0.0	0.0	0.0	0.0
726	0.0	3.0	0.0	3.0	0.6660000000000004	5.334	2.0
727	1.0	1.0	1.0	1.0	1.0	2.0	1.0
728	1.0	2.0	1.0	2.0	1.3330000000000002	4.667	2.0
729	1.0	0.0	1.0	0.0	1.0	2.0	1.0
730	0.0	0.0	0.0	0.0	0.0	0.0	0.0
731	1.0	2.0	1.0	2.0	2.0	4.0	2.0
732	0.0	0.0	0.0	0.0	0.0	0.0	0.0
733	1.0	0.0	1.0	0.0	0.3330000000000002	2.667	1.0
734	1.0	0.0	1.0	0.0	0.3330000000000002	2.667	1.0
735	1.0	0.0	1.0	0.0	1.4	1.6	1.0
736	1.0	1.0	1.0	1.0	0.3330000000000002	2.667	1.0
737	1.0	2.0	1.0	2.0	1.3330000000000002	4.667	2.0
738	2.0	0.0	2.0	0.0	1.6680000000000001	4.332	2.0
739	1.0	0.0	1.0	0.0	0.3330000000000002	2.667	1.0
740	0.0	0.0	0.0	0.0	0.0	0.0	0.0
741	0.0	0.0	0.0	0.0	0.0	0.0	0.0
742	1.0	0.0	1.0	0.0	0.3330000000000002	2.667	1.0
743	1.0	1.0	1.0	1.0	0.0	3.0	1.0
744	1.0	0.0	1.0	0.0	0.3330000000000002	2.667	1.0
745	1.0	0.0	1.0	0.0	0.3330000000000002	2.667	1.0
746	0.0	3.0	0.0	3.0	1.3330000000000002	4.667	2.0
747	2.0	0.0	2.0	0.0	1.0	2.0	1.0
748	0.0	1.0	0.0	1.0	0.6680000000000001	2.332	1.0
749	0.0	0.0	0.0	0.0	0.0	0.0	0.0
750	0.0	2.0	0.0	2.0	0.3330000000000002	2.667	1.0
751	1.0	2.0	1.0	2.0	1.0	2.0	1.0
752	0.0	1.0	0.0	1.0	1.0	2.0	1.0
753	1.0	2.0	1.0	2.0	1.3330000000000002	4.667	2.0
754	1.0	2.0	1.0	2.0	1.3330000000000002	4.667	2.0
755	0.0	1.0	0.0	1.0	0.3330000000000002	2.667	1.0
756	1.0	2.0	1.0	2.0	1.0010000000000003	4.999	2.0
757	1.0	1.0	1.0	1.0	1.0	2.0	1.0
758	0.0	1.0	0.0	1.0	0.3330000000000002	2.667	1.0
759	1.0	1.0	1.0	1.0	1.0	2.0	1.0
760	2.0	1.0	2.0	1.0	1.6680000000000001	4.332	2.0
761	1.0	1.0	1.0	1.0	2.0	4.0	2.0
762	0.0	2.0	0.0	2.0	1.0	2.0	1.0
763	0.0	0.0	0.0	0.0	0.0	0.0	0.0
764	0.0	0.0	0.0	0.0	0.0	0.0	0.0
765	1.0	2.0	1.0	2.0	1.6680000000000001	4.332	2.0
766	1.0	0.0	1.0	0.0	0.6680000000000001	2.332	1.0
767	0.0	3.0	0.0	3.0	1.3330000000000002	4.667	2.0
768	1.0	1.0	1.0	1.0	1.0	2.0	1.0
769	1.0	2.0	1.0	2.0	1.0010000000000003	4.999	2.0
770	1.0	1.0	1.0	1.0	0.6660000000000004	5.334	2.0
771	1.0	2.0	1.0	2.0	2.0	4.0	2.0
772	1.0	0.0	1.0	0.0	0.3330000000000002	2.667	1.0
773	1.0	2.0	1.0	2.0	1.3330000000000002	4.667	2.0
774	1.0	2.0	1.0	2.0	1.733	4.2669999999999995	2.0
775	1.0	2.0	1.0	2.0	1.6680000000000001	4.332	2.0
776	0.0	1.0	0.0	1.0	1.0	2.0	1.0
777	0.0	0.0	0.0	0.0	0.0	0.0	0.0
778	1.0	1.0	1.0	1.0	1.6680000000000001	4.332	2.0
779	1.0	1.0	1.0	1.0	0.3330000000000002	2.667	1.0
780	0.0	2.0	0.0	2.0	1.0	2.0	1.0
781	0.0	1.0	0.0	1.0	0.6680000000000001	2.332	1.0
782	1.0	1.0	1.0	1.0	0.6680000000000001	2.332	1.0
783	1.0	1.0	1.0	1.0	2.4	3.6	2.0
784	1.0	0.0	1.0	0.0	0.3330000000000002	2.667	1.0
785	1.0	1.0	1.0	1.0	0.6680000000000001	2.332	1.0
786	1.0	2.0	1.0	2.0	1.3330000000000002	4.667	2.0
787	1.0	2.0	1.0	2.0	2.0	4.0	2.0
788	1.0	1.0	1.0	1.0	0.3330000000000002	2.667	1.0
789	0.0	0.0	0.0	0.0	0.0	0.0	0.0
790	0.0	0.0	0.0	0.0	0.0	0.0	0.0
791	0.0	0.0	0.0	0.0	0.0	0.0	0.0
792	0.0	0.0	0.0	0.0	0.0	0.0	0.0
793	0.0	0.0	0.0	0.0	0.0	0.0	0.0
