all_syn	all_nonSyn	tip_syn	tip_nonSyn	S	N	comparisons
001	0.0	0.0	0.0	0.0	0.0	0.0	0.0
002	0.0	2.0	0.0	2.0	0.3330000000000002	2.667	1.0
003	1.0	1.0	1.0	0.0	1.3330000000000002	4.667	1.0
004	3.0	4.0	2.0	3.0	2.333	6.667	2.0
005	1.0	5.0	0.0	1.0	3.333	8.667	1.0
006	3.0	5.0	1.0	3.0	5.0	10.0	2.0
007	3.0	5.0	2.0	4.0	3.0010000000000003	8.998999999999999	3.0
008	2.0	4.0	1.0	2.0	4.668	10.332	3.0
009	3.0	5.0	1.0	3.0	6.333	14.667	3.0
010	3.0	1.0	1.0	0.0	1.9990000000000006	10.001	1.0
011	1.0	0.0	1.0	0.0	1.0	2.0	1.0
012	1.0	1.0	0.0	0.0	1.3330000000000002	4.667	0.0
013	3.0	0.0	1.0	0.0	3.0	6.0	1.0
014	3.0	0.0	2.0	0.0	3.0	6.0	2.0
015	3.0	0.0	0.0	0.0	1.6680000000000001	4.332	0.0
016	2.0	0.0	1.0	0.0	2.0	4.0	1.0
017	1.0	1.0	1.0	1.0	1.3330000000000002	4.667	2.0
018	0.0	3.0	0.0	1.0	2.0010000000000003	6.999	1.0
019	3.0	0.0	2.0	0.0	3.0	6.0	2.0
020	3.0	0.0	2.0	0.0	3.0	6.0	2.0
021	2.0	0.0	1.0	0.0	2.0	4.0	1.0
022	2.0	0.0	0.0	0.0	0.6660000000000004	5.334	0.0
023	2.0	0.0	1.0	0.0	2.0	4.0	1.0
024	1.0	1.0	1.0	0.0	2.0	4.0	1.0
025	3.0	0.0	1.0	0.0	3.0	6.0	1.0
026	3.0	1.0	1.0	0.0	3.333	8.667	1.0
027	2.0	0.0	2.0	0.0	0.6680000000000001	2.332	1.0
028	5.0	0.0	3.0	0.0	3.668	8.332	2.0
029	1.0	0.0	1.0	0.0	0.6680000000000001	2.332	1.0
030	5.0	0.0	2.0	0.0	5.468	9.532	2.0
031	5.0	2.0	2.0	0.0	3.6660000000000004	11.334	2.0
032	2.0	0.0	2.0	0.0	2.0	4.0	2.0
033	2.0	0.0	0.0	0.0	2.0	4.0	0.0
034	2.0	0.0	1.0	0.0	2.0	4.0	1.0
035	2.0	0.0	1.0	0.0	2.0	4.0	1.0
036	1.0	0.0	0.0	0.0	0.3330000000000002	2.667	0.0
037	3.0	0.0	0.0	0.0	3.0	6.0	0.0
038	1.0	0.0	0.0	0.0	1.4	1.6	0.0
039	3.0	1.0	2.0	0.0	3.0	6.0	2.0
040	2.0	1.0	2.0	0.0	3.0	6.0	2.0
041	1.0	0.0	1.0	0.0	0.3330000000000002	2.667	1.0
042	1.0	0.0	0.0	0.0	0.6680000000000001	2.332	0.0
043	2.0	0.0	0.0	0.0	2.0	4.0	0.0
044	0.0	3.0	0.0	2.0	3.0	6.0	2.0
045	1.0	0.0	0.0	0.0	0.6680000000000001	2.332	0.0
046	2.0	0.0	0.0	0.0	0.6660000000000004	5.334	0.0
047	1.0	0.0	1.0	0.0	0.6680000000000001	2.332	1.0
048	2.0	0.0	1.0	0.0	2.0	4.0	1.0
049	2.0	2.0	0.0	0.0	2.0	4.0	0.0
050	3.0	2.0	2.0	2.0	3.0	6.0	2.0
051	0.0	0.0	0.0	0.0	0.0	0.0	0.0
052	3.0	1.0	1.0	1.0	0.9990000000000006	8.001	1.0
053	3.0	6.0	2.0	3.0	4.7330000000000005	13.267	3.0
054	2.0	5.0	1.0	2.0	1.998000000000001	16.002	3.0
055	1.0	1.0	1.0	1.0	1.6680000000000001	4.332	2.0
056	2.0	0.0	1.0	0.0	2.0	4.0	1.0
057	0.0	4.0	0.0	2.0	0.9990000000000006	8.001	1.0
058	4.0	0.0	1.0	0.0	4.0	8.0	1.0
059	2.0	1.0	2.0	0.0	0.6660000000000004	8.334	2.0
060	3.0	4.0	2.0	1.0	3.068	5.932	1.0
061	3.0	0.0	1.0	0.0	3.0	6.0	1.0
062	3.0	0.0	1.0	0.0	3.0	6.0	1.0
063	1.0	2.0	1.0	0.0	0.9990000000000006	8.001	1.0
064	1.0	0.0	1.0	0.0	0.3330000000000002	2.667	1.0
065	2.0	1.0	1.0	0.0	2.3360000000000003	6.664	1.0
066	1.0	0.0	0.0	0.0	1.0	2.0	0.0
067	1.0	4.0	1.0	2.0	0.9990000000000006	8.001	2.0
068	2.0	0.0	1.0	0.0	2.0	4.0	1.0
069	3.0	2.0	2.0	0.0	4.0	8.0	2.0
070	3.0	0.0	3.0	0.0	3.0	6.0	3.0
071	3.0	1.0	1.0	1.0	3.0	6.0	1.0
072	4.0	1.0	2.0	0.0	3.333	8.667	2.0
073	2.0	0.0	1.0	0.0	2.0	4.0	1.0
074	2.0	0.0	0.0	0.0	0.6660000000000004	5.334	0.0
075	1.0	0.0	1.0	0.0	0.3330000000000002	2.667	1.0
076	0.0	0.0	0.0	0.0	0.0	0.0	0.0
077	3.0	2.0	1.0	2.0	3.736	8.264	2.0
078	1.0	6.0	1.0	2.0	3.333	8.667	2.0
079	1.0	0.0	1.0	0.0	0.3330000000000002	2.667	1.0
080	2.0	0.0	2.0	0.0	0.6660000000000004	5.334	2.0
081	2.0	0.0	0.0	0.0	2.0	4.0	0.0
082	3.0	0.0	1.0	0.0	2.0040000000000004	6.9959999999999996	1.0
083	0.0	0.0	0.0	0.0	0.0	0.0	0.0
084	1.0	2.0	1.0	0.0	3.0	6.0	1.0
085	1.0	3.0	0.0	1.0	1.6660000000000004	7.334	1.0
086	1.0	3.0	1.0	1.0	3.668	8.332	2.0
087	1.0	0.0	1.0	0.0	1.0	2.0	1.0
088	0.0	1.0	0.0	0.0	1.0	2.0	0.0
089	3.0	1.0	0.0	1.0	4.0	8.0	1.0
090	2.0	0.0	2.0	0.0	2.0	4.0	2.0
091	2.0	2.0	2.0	0.0	0.9990000000000006	8.001	2.0
092	1.0	2.0	1.0	1.0	2.333	6.667	2.0
093	2.0	0.0	2.0	0.0	2.0	4.0	2.0
094	2.0	0.0	0.0	0.0	0.6660000000000004	5.334	0.0
095	5.0	0.0	2.0	0.0	5.136	9.863999999999999	2.0
096	1.0	2.0	1.0	2.0	0.9990000000000006	8.001	3.0
097	2.0	0.0	1.0	0.0	0.6660000000000004	5.334	1.0
098	1.0	0.0	0.0	0.0	0.3330000000000002	2.667	0.0
099	2.0	0.0	0.0	0.0	2.0	4.0	0.0
100	1.0	0.0	1.0	0.0	0.3330000000000002	2.667	1.0
101	1.0	2.0	0.0	1.0	1.6660000000000004	7.334	1.0
102	1.0	3.0	1.0	1.0	0.9990000000000006	8.001	2.0
103	1.0	3.0	1.0	1.0	1.3320000000000007	10.668	2.0
104	3.0	1.0	2.0	0.0	4.0	8.0	2.0
105	1.0	0.0	0.0	0.0	0.3330000000000002	2.667	0.0
106	0.0	0.0	0.0	0.0	0.0	0.0	0.0
107	2.0	1.0	1.0	0.0	2.0010000000000003	6.999	1.0
108	2.0	0.0	1.0	0.0	2.0	4.0	1.0
109	0.0	0.0	0.0	0.0	0.0	0.0	0.0
110	1.0	0.0	1.0	0.0	1.0	2.0	1.0
111	2.0	0.0	0.0	0.0	2.0	4.0	0.0
112	0.0	0.0	0.0	0.0	0.0	0.0	0.0
113	0.0	0.0	0.0	0.0	0.0	0.0	0.0
114	2.0	0.0	0.0	0.0	2.0	4.0	0.0
115	1.0	0.0	1.0	0.0	0.3330000000000002	2.667	1.0
116	1.0	0.0	0.0	0.0	0.3330000000000002	2.667	0.0
117	2.0	0.0	0.0	0.0	0.6660000000000004	5.334	0.0
118	1.0	0.0	0.0	0.0	1.0	2.0	0.0
119	0.0	0.0	0.0	0.0	0.0	0.0	0.0
120	1.0	0.0	0.0	0.0	0.3330000000000002	2.667	0.0
121	2.0	0.0	1.0	0.0	2.0	4.0	1.0
122	2.0	0.0	1.0	0.0	2.0	4.0	1.0
123	1.0	0.0	1.0	0.0	1.0	2.0	1.0
124	1.0	0.0	1.0	0.0	1.0	2.0	1.0
125	0.0	1.0	0.0	0.0	1.4	1.6	0.0
126	1.0	0.0	1.0	0.0	1.0	2.0	1.0
127	0.0	0.0	0.0	0.0	0.0	0.0	0.0
128	0.0	0.0	0.0	0.0	0.0	0.0	0.0
129	2.0	0.0	0.0	0.0	0.6660000000000004	5.334	0.0
130	1.0	0.0	1.0	0.0	1.0	2.0	1.0
131	2.0	0.0	1.0	0.0	0.6660000000000004	5.334	1.0
132	2.0	0.0	1.0	0.0	0.6660000000000004	5.334	1.0
133	1.0	1.0	0.0	1.0	1.6680000000000001	4.332	1.0
134	1.0	0.0	1.0	0.0	0.3330000000000002	2.667	1.0
135	2.0	3.0	2.0	0.0	2.3340000000000005	9.666	2.0
136	1.0	0.0	1.0	0.0	1.0	2.0	1.0
137	1.0	0.0	0.0	0.0	0.3330000000000002	2.667	0.0
138	1.0	2.0	1.0	2.0	2.0	4.0	2.0
139	1.0	0.0	1.0	0.0	0.3330000000000002	2.667	1.0
140	0.0	0.0	0.0	0.0	0.0	0.0	0.0
141	0.0	0.0	0.0	0.0	0.0	0.0	0.0
142	3.0	1.0	1.0	0.0	4.0	8.0	1.0
143	3.0	0.0	1.0	0.0	0.9990000000000006	8.001	1.0
144	1.0	0.0	0.0	0.0	0.3330000000000002	2.667	0.0
145	2.0	0.0	2.0	0.0	2.0	4.0	2.0
146	3.0	0.0	0.0	0.0	3.0	6.0	0.0
147	3.0	4.0	1.0	3.0	1.665000000000001	13.334999999999999	3.0
148	1.0	0.0	1.0	0.0	0.3330000000000002	2.667	1.0
149	2.0	1.0	1.0	0.0	2.0	4.0	1.0
150	1.0	0.0	0.0	0.0	0.3330000000000002	2.667	0.0
151	1.0	2.0	0.0	1.0	3.0	6.0	1.0
152	2.0	5.0	2.0	3.0	3.6660000000000004	11.334	3.0
153	2.0	1.0	2.0	0.0	0.9990000000000006	8.001	2.0
154	2.0	0.0	2.0	0.0	2.0	4.0	2.0
155	2.0	4.0	1.0	0.0	3.3320000000000007	14.668	1.0
156	1.0	3.0	0.0	3.0	4.0	8.0	3.0
157	1.0	0.0	0.0	0.0	0.6680000000000001	2.332	0.0
158	3.0	0.0	0.0	0.0	3.0	6.0	0.0
159	1.0	2.0	0.0	1.0	0.9990000000000006	8.001	1.0
160	1.0	3.0	1.0	1.0	1.6660000000000004	7.334	2.0
161	3.0	1.0	1.0	0.0	4.0	8.0	1.0
162	1.0	1.0	0.0	1.0	1.0010000000000003	4.999	1.0
163	4.0	2.0	0.0	0.0	2.0010000000000003	6.999	0.0
164	1.0	1.0	1.0	1.0	1.0	2.0	1.0
165	4.0	0.0	2.0	0.0	4.068	7.932	2.0
166	3.0	0.0	1.0	0.0	2.668	6.332	1.0
167	1.0	2.0	0.0	0.0	0.6680000000000001	8.332	0.0
168	1.0	0.0	1.0	0.0	0.3330000000000002	2.667	1.0
169	1.0	0.0	1.0	0.0	0.3330000000000002	2.667	1.0
170	1.0	0.0	0.0	0.0	0.3330000000000002	2.667	0.0
171	1.0	0.0	1.0	0.0	0.3330000000000002	2.667	1.0
172	0.0	0.0	0.0	0.0	0.0	0.0	0.0
173	2.0	1.0	1.0	1.0	0.9990000000000006	8.001	2.0
174	1.0	0.0	1.0	0.0	1.0	2.0	1.0
175	2.0	1.0	2.0	1.0	2.0	4.0	2.0
176	0.0	1.0	0.0	1.0	1.0	2.0	1.0
177	1.0	1.0	1.0	0.0	0.6660000000000004	5.334	1.0
178	0.0	4.0	0.0	3.0	1.6660000000000004	7.334	2.0
179	2.0	0.0	0.0	0.0	2.0	4.0	0.0
180	0.0	6.0	0.0	3.0	1.9990000000000006	10.001	2.0
181	1.0	0.0	1.0	0.0	0.3330000000000002	2.667	1.0
182	1.0	0.0	0.0	0.0	0.3330000000000002	2.667	0.0
183	1.0	7.0	0.0	4.0	2.665000000000001	15.334999999999999	2.0
184	2.0	3.0	2.0	2.0	4.0	8.0	3.0
185	2.0	0.0	0.0	0.0	1.3360000000000003	4.664	0.0
186	1.0	0.0	1.0	0.0	0.6680000000000001	2.332	1.0
187	3.0	0.0	1.0	0.0	3.0	6.0	1.0
188	2.0	0.0	1.0	0.0	0.6660000000000004	5.334	1.0
189	0.0	0.0	0.0	0.0	0.0	0.0	0.0
190	2.0	1.0	2.0	1.0	1.0010000000000003	4.999	2.0
191	3.0	0.0	2.0	0.0	3.0	6.0	2.0
192	1.0	1.0	1.0	0.0	0.6660000000000004	5.334	1.0
193	1.0	4.0	1.0	1.0	2.4	12.6	2.0
194	1.0	0.0	0.0	0.0	0.3330000000000002	2.667	0.0
195	3.0	0.0	0.0	0.0	3.4	5.6	0.0
196	3.0	0.0	1.0	0.0	3.0	6.0	1.0
197	2.0	0.0	1.0	0.0	2.0	4.0	1.0
198	2.0	0.0	1.0	0.0	2.0	4.0	1.0
199	1.0	3.0	1.0	1.0	3.4010000000000002	8.599	2.0
200	2.0	0.0	2.0	0.0	2.0	4.0	2.0
201	2.0	0.0	2.0	0.0	2.0	4.0	2.0
202	1.0	2.0	1.0	0.0	3.0	6.0	1.0
203	1.0	0.0	1.0	0.0	0.3330000000000002	2.667	1.0
204	3.0	0.0	1.0	0.0	3.0	6.0	1.0
205	2.0	0.0	1.0	0.0	1.3360000000000003	4.664	1.0
206	3.0	0.0	1.0	0.0	3.0	6.0	1.0
207	3.0	0.0	3.0	0.0	2.068	3.932	2.0
208	0.0	2.0	0.0	2.0	0.6660000000000004	5.334	2.0
209	3.0	0.0	2.0	0.0	2.4	3.6	1.0
210	2.0	0.0	2.0	0.0	2.0	4.0	2.0
211	2.0	0.0	2.0	0.0	0.6660000000000004	5.334	2.0
212	0.0	0.0	0.0	0.0	0.0	0.0	0.0
213	1.0	2.0	1.0	1.0	0.9990000000000006	8.001	2.0
214	0.0	0.0	0.0	0.0	0.0	0.0	0.0
215	0.0	0.0	0.0	0.0	0.0	0.0	0.0
216	2.0	0.0	1.0	0.0	2.0	4.0	1.0
217	2.0	0.0	0.0	0.0	0.6660000000000004	5.334	0.0
218	2.0	0.0	0.0	0.0	0.6660000000000004	5.334	0.0
219	0.0	0.0	0.0	0.0	0.0	0.0	0.0
220	2.0	0.0	2.0	0.0	0.6660000000000004	5.334	2.0
221	2.0	0.0	2.0	0.0	2.0	4.0	2.0
222	1.0	0.0	1.0	0.0	0.3330000000000002	2.667	1.0
223	2.0	0.0	2.0	0.0	2.0	4.0	2.0
224	2.0	0.0	1.0	0.0	2.0	4.0	1.0
225	4.0	0.0	4.0	0.0	2.8	3.2	2.0
226	1.0	0.0	1.0	0.0	1.0	2.0	1.0
227	1.0	0.0	1.0	0.0	1.0	2.0	1.0
228	1.0	0.0	1.0	0.0	0.3330000000000002	2.667	1.0
229	2.0	0.0	1.0	0.0	0.6660000000000004	5.334	1.0
230	1.0	0.0	1.0	0.0	0.3330000000000002	2.667	1.0
231	2.0	0.0	1.0	0.0	2.0	4.0	1.0
232	3.0	0.0	0.0	0.0	3.0	6.0	0.0
233	3.0	0.0	2.0	0.0	2.736	6.263999999999999	2.0
234	1.0	2.0	1.0	0.0	3.0	6.0	1.0
235	2.0	5.0	1.0	2.0	1.6660000000000004	7.334	1.0
236	1.0	3.0	1.0	1.0	2.333	6.667	1.0
237	3.0	3.0	1.0	2.0	4.668	10.332	2.0
238	0.0	3.0	0.0	3.0	0.6660000000000004	5.334	2.0
239	1.0	4.0	1.0	4.0	2.0	4.0	2.0
240	2.0	1.0	2.0	1.0	1.3330000000000002	4.667	2.0
241	1.0	3.0	1.0	2.0	1.3330000000000002	4.667	1.0
242	2.0	2.0	2.0	1.0	3.0	6.0	2.0
243	0.0	3.0	0.0	1.0	1.6660000000000004	7.334	1.0
244	2.0	3.0	1.0	1.0	3.0	6.0	1.0
245	1.0	4.0	1.0	3.0	0.9990000000000006	8.001	2.0
246	4.0	3.0	3.0	2.0	5.0	10.0	3.0
247	2.0	0.0	2.0	0.0	0.6660000000000004	5.334	2.0
248	1.0	0.0	1.0	0.0	1.0	2.0	1.0
249	3.0	0.0	2.0	0.0	3.0	6.0	2.0
250	2.0	0.0	2.0	0.0	1.3360000000000003	4.664	2.0
251	3.0	0.0	1.0	0.0	3.0	6.0	1.0
252	0.0	0.0	0.0	0.0	0.0	0.0	0.0
253	0.0	0.0	0.0	0.0	0.0	0.0	0.0
254	2.0	0.0	1.0	0.0	2.0	4.0	1.0
255	2.0	0.0	1.0	0.0	0.6660000000000004	5.334	1.0
256	1.0	0.0	1.0	0.0	0.3330000000000002	2.667	1.0
257	3.0	0.0	2.0	0.0	0.9990000000000006	8.001	2.0
258	2.0	0.0	2.0	0.0	2.0	4.0	2.0
259	1.0	0.0	0.0	0.0	0.3330000000000002	2.667	0.0
260	2.0	0.0	2.0	0.0	2.0	4.0	2.0
261	2.0	0.0	1.0	0.0	1.3360000000000003	4.664	1.0
262	4.0	0.0	3.0	0.0	4.068	7.932	3.0
263	0.0	0.0	0.0	0.0	0.0	0.0	0.0
264	1.0	0.0	0.0	0.0	0.3330000000000002	2.667	0.0
265	2.0	0.0	1.0	0.0	0.6660000000000004	5.334	1.0
266	2.0	1.0	0.0	1.0	3.0	6.0	1.0
267	3.0	1.0	1.0	0.0	4.0	8.0	1.0
268	1.0	0.0	1.0	0.0	1.0	2.0	1.0
269	2.0	0.0	0.0	0.0	2.0	4.0	0.0
270	4.0	0.0	1.0	0.0	3.068	5.932	1.0
271	1.0	0.0	1.0	0.0	0.3330000000000002	2.667	1.0
272	4.0	0.0	3.0	0.0	4.0	8.0	3.0
273	3.0	0.0	2.0	0.0	2.3360000000000003	6.664	2.0
274	1.0	0.0	0.0	0.0	0.3330000000000002	2.667	0.0
275	2.0	1.0	1.0	0.0	2.333	6.667	1.0
276	0.0	2.0	0.0	1.0	1.3330000000000002	4.667	1.0
277	3.0	0.0	0.0	0.0	3.0	6.0	0.0
278	2.0	0.0	1.0	0.0	0.6660000000000004	5.334	1.0
279	0.0	0.0	0.0	0.0	0.0	0.0	0.0
280	1.0	1.0	1.0	1.0	1.6680000000000001	4.332	2.0
281	2.0	1.0	1.0	1.0	2.333	6.667	2.0
282	3.0	2.0	2.0	2.0	2.668	6.332	2.0
283	1.0	1.0	0.0	1.0	2.0	4.0	1.0
284	3.0	1.0	2.0	1.0	3.0	6.0	2.0
285	2.0	1.0	1.0	1.0	1.3360000000000003	7.664	2.0
286	3.0	1.0	3.0	1.0	1.6680000000000001	4.332	2.0
287	3.0	0.0	2.0	0.0	3.0	6.0	2.0
288	2.0	0.0	0.0	0.0	2.0	4.0	0.0
289	1.0	1.0	1.0	0.0	1.3330000000000002	4.667	1.0
290	2.0	0.0	1.0	0.0	2.0	4.0	1.0
291	2.0	0.0	1.0	0.0	2.0	4.0	1.0
292	0.0	0.0	0.0	0.0	0.0	0.0	0.0
293	2.0	0.0	1.0	0.0	1.3360000000000003	4.664	1.0
294	1.0	0.0	1.0	0.0	1.0	2.0	1.0
295	2.0	0.0	1.0	0.0	0.6660000000000004	5.334	1.0
296	0.0	0.0	0.0	0.0	0.0	0.0	0.0
297	2.0	3.0	1.0	1.0	2.068	6.932	1.0
298	0.0	0.0	0.0	0.0	0.0	0.0	0.0
299	4.0	0.0	2.0	0.0	3.668	8.332	2.0
300	2.0	1.0	1.0	1.0	2.068	3.932	1.0
301	2.0	0.0	1.0	0.0	2.0	4.0	1.0
302	0.0	0.0	0.0	0.0	0.0	0.0	0.0
303	2.0	0.0	1.0	0.0	0.6660000000000004	5.334	1.0
304	2.0	2.0	0.0	2.0	1.0010000000000003	4.999	1.0
305	0.0	0.0	0.0	0.0	0.0	0.0	0.0
306	1.0	0.0	0.0	0.0	1.0	2.0	0.0
307	1.0	0.0	1.0	0.0	0.3330000000000002	2.667	1.0
308	3.0	0.0	0.0	0.0	3.0	6.0	0.0
309	2.0	0.0	1.0	0.0	2.0	4.0	1.0
310	1.0	0.0	0.0	0.0	0.3330000000000002	2.667	0.0
311	1.0	0.0	0.0	0.0	1.0	2.0	0.0
312	2.0	0.0	1.0	0.0	2.0	4.0	1.0
313	1.0	0.0	0.0	0.0	0.3330000000000002	2.667	0.0
314	1.0	0.0	0.0	0.0	0.3330000000000002	2.667	0.0
315	2.0	1.0	1.0	0.0	2.733	6.2669999999999995	1.0
316	1.0	0.0	0.0	0.0	0.3330000000000002	2.667	0.0
317	1.0	1.0	0.0	0.0	2.0	4.0	0.0
318	2.0	3.0	1.0	1.0	0.6660000000000004	5.334	1.0
319	1.0	0.0	0.0	0.0	0.3330000000000002	2.667	0.0
320	0.0	0.0	0.0	0.0	0.0	0.0	0.0
321	0.0	1.0	0.0	1.0	1.0	2.0	1.0
322	1.0	0.0	0.0	0.0	0.3330000000000002	2.667	0.0
323	0.0	0.0	0.0	0.0	0.0	0.0	0.0
324	3.0	0.0	1.0	0.0	3.0	6.0	1.0
325	1.0	0.0	1.0	0.0	0.3330000000000002	2.667	1.0
326	1.0	0.0	1.0	0.0	0.3330000000000002	2.667	1.0
327	1.0	0.0	0.0	0.0	0.3330000000000002	2.667	0.0
328	2.0	0.0	0.0	0.0	2.0	4.0	0.0
329	0.0	0.0	0.0	0.0	0.0	0.0	0.0
330	2.0	0.0	0.0	0.0	2.0	4.0	0.0
331	3.0	0.0	0.0	0.0	1.6680000000000001	4.332	0.0
332	1.0	0.0	1.0	0.0	0.3330000000000002	2.667	1.0
333	1.0	0.0	0.0	0.0	0.3330000000000002	2.667	0.0
334	2.0	0.0	0.0	0.0	0.6660000000000004	5.334	0.0
335	2.0	0.0	1.0	0.0	0.6660000000000004	5.334	1.0
336	3.0	0.0	1.0	0.0	3.0	6.0	1.0
337	2.0	0.0	0.0	0.0	2.0	4.0	0.0
338	2.0	3.0	0.0	1.0	5.068	9.931999999999999	1.0
339	0.0	4.0	0.0	1.0	0.9990000000000006	8.001	1.0
340	1.0	0.0	1.0	0.0	1.0	2.0	1.0
341	2.0	0.0	2.0	0.0	0.6660000000000004	5.334	2.0
342	2.0	1.0	1.0	1.0	2.4	3.6	1.0
343	2.0	1.0	1.0	0.0	0.9990000000000006	8.001	1.0
344	2.0	2.0	1.0	1.0	1.3320000000000007	10.668	2.0
345	1.0	0.0	0.0	0.0	1.0	2.0	0.0
346	1.0	1.0	1.0	0.0	0.6660000000000004	5.334	1.0
347	1.0	5.0	1.0	2.0	2.0010000000000003	6.999	1.0
348	1.0	0.0	0.0	0.0	1.0	2.0	0.0
349	1.0	0.0	0.0	0.0	0.3330000000000002	2.667	0.0
350	2.0	0.0	0.0	0.0	0.6660000000000004	5.334	0.0
351	1.0	3.0	0.0	1.0	0.6660000000000004	5.334	1.0
352	1.0	0.0	0.0	0.0	0.3330000000000002	2.667	0.0
353	1.0	1.0	0.0	1.0	0.6680000000000001	5.332	1.0
354	2.0	1.0	2.0	0.0	3.0	6.0	2.0
355	1.0	2.0	1.0	2.0	1.3330000000000002	4.667	2.0
356	1.0	0.0	1.0	0.0	0.3330000000000002	2.667	1.0
357	2.0	3.0	2.0	1.0	2.6660000000000004	9.334	2.0
358	1.0	3.0	1.0	3.0	2.0	4.0	2.0
359	3.0	4.0	2.0	4.0	3.333	8.667	3.0
360	1.0	4.0	1.0	2.0	2.6660000000000004	9.334	2.0
361	1.0	4.0	0.0	2.0	2.670000000000001	12.329999999999998	2.0
362	1.0	2.0	1.0	2.0	1.0	2.0	1.0
363	2.0	4.0	2.0	4.0	3.068	5.932	3.0
364	3.0	5.0	1.0	4.0	4.734	13.265999999999998	3.0
365	2.0	3.0	0.0	2.0	3.333	8.667	1.0
366	1.0	2.0	1.0	2.0	1.0	2.0	1.0
367	3.0	10.0	1.0	7.0	1.9990000000000006	19.000999999999998	4.0
368	3.0	10.0	2.0	6.0	5.3340000000000005	15.666	4.0
369	2.0	4.0	1.0	3.0	5.0	10.0	3.0
370	1.0	5.0	1.0	4.0	4.333	10.667	4.0
371	4.0	10.0	3.0	7.0	6.732000000000001	20.268	6.0
372	3.0	9.0	2.0	6.0	7.332000000000001	22.668	6.0
373	3.0	7.0	2.0	6.0	3.665000000000001	17.335	5.0
374	0.0	12.0	0.0	9.0	3.3310000000000013	20.668999999999997	6.0
375	2.0	15.0	1.0	11.0	4.330000000000002	28.67	8.0
376	2.0	1.0	0.0	0.0	3.0	6.0	0.0
377	2.0	1.0	0.0	0.0	3.0	6.0	0.0
378	0.0	5.0	0.0	2.0	1.6670000000000007	10.332999999999998	2.0
379	3.0	3.0	0.0	1.0	4.333	10.667	1.0
380	3.0	2.0	1.0	0.0	4.001	10.998999999999999	1.0
381	0.0	2.0	0.0	0.0	0.3330000000000002	2.667	0.0
382	2.0	7.0	2.0	4.0	2.998000000000001	18.002	4.0
383	6.0	9.0	5.0	4.0	8.004000000000001	18.996000000000002	6.0
384	4.0	7.0	1.0	2.0	4.3340000000000005	13.666	2.0
385	2.0	2.0	0.0	0.0	2.0	4.0	0.0
386	0.0	0.0	0.0	0.0	0.0	0.0	0.0
387	0.0	0.0	0.0	0.0	0.0	0.0	0.0
388	0.0	0.0	0.0	0.0	0.0	0.0	0.0
389	2.0	0.0	0.0	0.0	2.0	4.0	0.0
390	2.0	2.0	1.0	0.0	2.0	4.0	1.0
391	2.0	2.0	0.0	0.0	2.0	4.0	0.0
392	1.0	2.0	0.0	0.0	1.0	2.0	0.0
393	0.0	1.0	0.0	0.0	0.3330000000000002	2.667	0.0
394	3.0	2.0	1.0	0.0	0.9990000000000006	8.001	1.0
395	5.0	1.0	2.0	0.0	2.6690000000000005	9.331	1.0
396	2.0	1.0	1.0	0.0	1.6680000000000001	4.332	1.0
397	4.0	1.0	0.0	0.0	3.0	6.0	0.0
398	3.0	1.0	0.0	0.0	3.0	6.0	0.0
399	3.0	2.0	1.0	0.0	4.0	8.0	1.0
400	1.0	0.0	1.0	0.0	1.0	2.0	1.0
401	3.0	1.0	1.0	0.0	2.333	6.667	1.0
402	1.0	0.0	0.0	0.0	0.3330000000000002	2.667	0.0
403	0.0	2.0	0.0	0.0	0.3330000000000002	2.667	0.0
404	1.0	0.0	1.0	0.0	1.0	2.0	1.0
405	0.0	0.0	0.0	0.0	0.0	0.0	0.0
406	2.0	1.0	0.0	0.0	1.3330000000000002	4.667	0.0
407	3.0	3.0	2.0	1.0	3.733	8.267	2.0
408	3.0	2.0	0.0	0.0	2.333	6.667	0.0
409	0.0	2.0	0.0	0.0	0.3330000000000002	2.667	0.0
410	2.0	1.0	0.0	0.0	2.0	4.0	0.0
411	1.0	2.0	0.0	0.0	1.0	2.0	0.0
412	1.0	2.0	0.0	0.0	1.0	2.0	0.0
413	1.0	1.0	0.0	0.0	1.0	2.0	0.0
414	2.0	1.0	0.0	0.0	1.3330000000000002	4.667	0.0
415	2.0	1.0	0.0	0.0	3.0	6.0	0.0
416	1.0	1.0	0.0	0.0	1.0	2.0	0.0
417	0.0	0.0	0.0	0.0	0.0	0.0	0.0
418	1.0	1.0	0.0	0.0	2.0	4.0	0.0
419	1.0	3.0	0.0	0.0	0.9990000000000006	8.001	0.0
420	1.0	0.0	0.0	0.0	1.0	2.0	0.0
421	0.0	4.0	0.0	0.0	2.0010000000000003	6.999	0.0
422	0.0	2.0	0.0	0.0	0.3330000000000002	2.667	0.0
423	2.0	2.0	0.0	0.0	0.3330000000000002	5.667	0.0
424	0.0	0.0	0.0	0.0	0.0	0.0	0.0
425	0.0	2.0	0.0	0.0	1.0	2.0	0.0
426	2.0	2.0	0.0	0.0	1.3330000000000002	4.667	0.0
427	1.0	2.0	0.0	0.0	1.0	2.0	0.0
428	0.0	1.0	0.0	0.0	1.0	2.0	0.0
429	1.0	3.0	0.0	0.0	0.3330000000000002	5.667	0.0
430	2.0	2.0	0.0	0.0	3.4	5.6	0.0
431	1.0	1.0	0.0	0.0	0.3330000000000002	2.667	0.0
432	1.0	1.0	0.0	0.0	2.0	4.0	0.0
433	1.0	2.0	0.0	0.0	1.0	2.0	0.0
434	1.0	0.0	0.0	0.0	1.0	2.0	0.0
435	2.0	2.0	0.0	0.0	2.668	6.332	0.0
436	1.0	2.0	0.0	0.0	0.6660000000000004	5.334	0.0
437	1.0	2.0	0.0	0.0	1.3330000000000002	4.667	0.0
438	2.0	1.0	0.0	0.0	1.3330000000000002	4.667	0.0
439	2.0	1.0	0.0	0.0	2.333	6.667	0.0
440	0.0	1.0	0.0	0.0	1.0	2.0	0.0
441	2.0	2.0	0.0	1.0	1.6660000000000004	7.334	1.0
442	3.0	1.0	0.0	0.0	1.6660000000000004	7.334	0.0
443	3.0	0.0	1.0	0.0	3.0	6.0	1.0
444	1.0	0.0	1.0	0.0	1.0	2.0	1.0
445	0.0	1.0	0.0	0.0	1.0	2.0	0.0
446	2.0	0.0	0.0	0.0	1.0	2.0	0.0
447	0.0	0.0	0.0	0.0	0.0	0.0	0.0
448	0.0	0.0	0.0	0.0	0.0	0.0	0.0
449	0.0	0.0	0.0	0.0	0.0	0.0	0.0
450	0.0	0.0	0.0	0.0	0.0	0.0	0.0
451	0.0	0.0	0.0	0.0	0.0	0.0	0.0
452	0.0	0.0	0.0	0.0	0.0	0.0	0.0
453	0.0	0.0	0.0	0.0	0.0	0.0	0.0
454	0.0	0.0	0.0	0.0	0.0	0.0	0.0
455	0.0	0.0	0.0	0.0	0.0	0.0	0.0
456	0.0	0.0	0.0	0.0	0.0	0.0	0.0
457	0.0	0.0	0.0	0.0	0.0	0.0	0.0
458	0.0	0.0	0.0	0.0	0.0	0.0	0.0
459	0.0	0.0	0.0	0.0	0.0	0.0	0.0
460	0.0	0.0	0.0	0.0	0.0	0.0	0.0
461	0.0	0.0	0.0	0.0	0.0	0.0	0.0
462	0.0	0.0	0.0	0.0	0.0	0.0	0.0
463	0.0	0.0	0.0	0.0	0.0	0.0	0.0
464	0.0	0.0	0.0	0.0	0.0	0.0	0.0
465	0.0	0.0	0.0	0.0	0.0	0.0	0.0
466	0.0	0.0	0.0	0.0	0.0	0.0	0.0
467	0.0	0.0	0.0	0.0	0.0	0.0	0.0
468	0.0	0.0	0.0	0.0	0.0	0.0	0.0
469	0.0	0.0	0.0	0.0	0.0	0.0	0.0
470	0.0	0.0	0.0	0.0	0.0	0.0	0.0
471	0.0	0.0	0.0	0.0	0.0	0.0	0.0
472	0.0	0.0	0.0	0.0	0.0	0.0	0.0
473	0.0	0.0	0.0	0.0	0.0	0.0	0.0
474	0.0	0.0	0.0	0.0	0.0	0.0	0.0
475	3.0	2.0	1.0	0.0	2.333	6.667	1.0
476	3.0	2.0	2.0	0.0	2.3370000000000006	9.663	2.0
477	3.0	2.0	2.0	0.0	3.4010000000000002	8.599	2.0
478	1.0	1.0	0.0	0.0	0.6660000000000004	5.334	0.0
479	5.0	0.0	3.0	0.0	3.3360000000000003	8.664	2.0
480	0.0	3.0	0.0	1.0	2.068	6.9319999999999995	1.0
481	1.0	2.0	0.0	0.0	0.6660000000000004	5.334	0.0
482	0.0	1.0	0.0	0.0	1.0	2.0	0.0
483	3.0	0.0	2.0	0.0	3.0	6.0	2.0
484	1.0	1.0	1.0	0.0	2.0	4.0	1.0
485	3.0	3.0	1.0	2.0	4.333	10.667	2.0
486	4.0	1.0	1.0	0.0	4.068	7.932	1.0
487	1.0	0.0	0.0	0.0	0.6680000000000001	2.332	0.0
488	0.0	2.0	0.0	1.0	0.6660000000000004	5.334	1.0
489	1.0	4.0	0.0	1.0	4.333	10.667	1.0
490	3.0	2.0	1.0	0.0	3.668	8.332	1.0
491	2.0	0.0	0.0	0.0	2.0	4.0	0.0
492	1.0	3.0	1.0	0.0	3.333	8.667	1.0
493	2.0	3.0	0.0	0.0	3.0	6.0	0.0
494	3.0	0.0	1.0	0.0	3.0	6.0	1.0
495	2.0	6.0	0.0	1.0	3.733	14.267	1.0
496	1.0	6.0	1.0	1.0	2.3320000000000007	12.668	1.0
497	3.0	5.0	1.0	1.0	4.9990000000000006	16.000999999999998	2.0
498	2.0	6.0	1.0	1.0	4.666	13.334	1.0
499	0.0	5.0	0.0	2.0	2.9990000000000006	12.001	2.0
500	2.0	5.0	1.0	2.0	5.0	10.0	2.0
501	1.0	4.0	1.0	1.0	2.0010000000000003	6.999	1.0
502	2.0	4.0	0.0	0.0	2.333	6.667	0.0
503	1.0	2.0	1.0	1.0	1.6680000000000001	4.332	1.0
504	2.0	2.0	1.0	0.0	2.333	6.667	1.0
505	1.0	3.0	1.0	2.0	1.3330000000000002	4.667	1.0
506	2.0	2.0	0.0	1.0	3.3360000000000003	8.664	1.0
507	3.0	2.0	1.0	1.0	3.0	6.0	1.0
508	4.0	2.0	1.0	1.0	2.0010000000000003	6.999	1.0
509	2.0	4.0	1.0	0.0	4.0	8.0	1.0
510	0.0	3.0	0.0	0.0	0.9990000000000006	8.001	0.0
511	2.0	3.0	1.0	0.0	1.6660000000000004	7.334	1.0
512	2.0	4.0	0.0	1.0	3.333	8.667	1.0
513	4.0	2.0	2.0	1.0	2.0	7.0	1.0
514	2.0	0.0	1.0	0.0	2.0	4.0	1.0
515	3.0	2.0	1.0	0.0	3.333	8.667	1.0
516	2.0	3.0	1.0	2.0	2.333	6.667	1.0
517	2.0	1.0	1.0	0.0	3.0	6.0	1.0
518	1.0	2.0	0.0	1.0	1.3330000000000002	4.667	1.0
519	3.0	4.0	0.0	0.0	1.9990000000000006	10.001	0.0
520	3.0	2.0	2.0	0.0	4.0	8.0	2.0
521	3.0	2.0	1.0	0.0	4.4	7.6	1.0
522	3.0	2.0	1.0	1.0	2.333	6.667	1.0
523	3.0	3.0	1.0	1.0	2.333	6.667	1.0
524	2.0	1.0	1.0	1.0	1.3330000000000002	4.667	1.0
525	2.0	3.0	1.0	0.0	5.0	10.0	1.0
526	2.0	2.0	1.0	2.0	0.9990000000000006	8.001	2.0
527	1.0	5.0	0.0	0.0	3.333	8.667	0.0
528	4.0	4.0	1.0	2.0	6.0	12.0	2.0
529	1.0	2.0	1.0	0.0	3.0	6.0	1.0
530	2.0	4.0	0.0	0.0	1.6660000000000004	7.334	0.0
531	1.0	3.0	1.0	1.0	2.0010000000000003	6.999	2.0
532	2.0	3.0	1.0	2.0	0.6660000000000004	8.334	1.0
533	2.0	2.0	1.0	1.0	3.333	8.667	2.0
534	0.0	8.0	0.0	1.0	4.666	16.334	1.0
535	2.0	4.0	1.0	1.0	2.6670000000000007	12.333	2.0
536	2.0	2.0	0.0	1.0	4.0	8.0	1.0
537	2.0	5.0	1.0	2.0	3.6660000000000004	11.334	2.0
538	2.0	1.0	1.0	0.0	0.9990000000000006	8.001	1.0
539	2.0	4.0	0.0	0.0	1.9990000000000006	10.001	0.0
540	4.0	3.0	1.0	1.0	3.8	8.2	1.0
541	3.0	0.0	0.0	0.0	3.0	6.0	0.0
542	1.0	3.0	0.0	0.0	1.6660000000000004	7.334	0.0
543	1.0	2.0	0.0	0.0	0.9990000000000006	8.001	0.0
544	1.0	1.0	1.0	0.0	1.3330000000000002	4.667	1.0
545	3.0	4.0	1.0	0.0	3.6660000000000004	11.334	1.0
546	1.0	1.0	0.0	0.0	1.0	2.0	0.0
547	2.0	1.0	1.0	1.0	1.6680000000000001	4.332	1.0
548	2.0	2.0	0.0	0.0	2.0	4.0	0.0
549	2.0	3.0	0.0	0.0	1.3340000000000005	7.6659999999999995	0.0
550	1.0	1.0	1.0	0.0	0.6660000000000004	5.334	1.0
551	2.0	2.0	0.0	0.0	1.0010000000000003	4.999	0.0
552	3.0	3.0	1.0	0.0	3.668	8.332	1.0
553	3.0	2.0	1.0	0.0	1.6660000000000004	7.334	1.0
554	3.0	5.0	0.0	1.0	4.001	10.998999999999999	1.0
555	2.0	2.0	1.0	1.0	4.0	8.0	2.0
556	3.0	1.0	1.0	0.0	4.0	8.0	1.0
557	1.0	0.0	0.0	0.0	1.0	2.0	0.0
558	0.0	2.0	0.0	0.0	0.3330000000000002	2.667	0.0
559	2.0	4.0	0.0	1.0	4.0	11.0	1.0
560	2.0	1.0	0.0	0.0	1.3330000000000002	4.667	0.0
561	3.0	0.0	1.0	0.0	0.9990000000000006	8.001	1.0
562	1.0	0.0	0.0	0.0	0.3330000000000002	2.667	0.0
563	2.0	1.0	0.0	1.0	3.0	6.0	1.0
564	4.0	2.0	0.0	0.0	3.3360000000000003	8.664	0.0
565	5.0	0.0	4.0	0.0	2.3360000000000003	6.664	2.0
566	2.0	3.0	1.0	2.0	2.0010000000000003	6.999	2.0
567	0.0	0.0	0.0	0.0	0.0	0.0	0.0
568	3.0	0.0	1.0	0.0	3.0	6.0	1.0
569	2.0	1.0	0.0	0.0	1.6680000000000001	4.332	0.0
570	2.0	1.0	1.0	0.0	1.733	4.2669999999999995	1.0
571	3.0	3.0	1.0	1.0	2.0010000000000003	6.999	1.0
572	2.0	3.0	1.0	1.0	2.9990000000000006	12.001	2.0
573	1.0	6.0	1.0	2.0	3.3340000000000005	14.665999999999999	2.0
574	1.0	2.0	0.0	0.0	1.3330000000000002	4.667	0.0
575	2.0	1.0	0.0	0.0	3.0	6.0	0.0
576	1.0	4.0	1.0	0.0	1.9990000000000006	10.001	1.0
577	1.0	2.0	1.0	0.0	1.6690000000000005	7.3309999999999995	1.0
578	1.0	6.0	0.0	1.0	2.665000000000001	15.334999999999999	1.0
579	2.0	2.0	1.0	0.0	2.668	6.332	1.0
580	0.0	0.0	0.0	0.0	0.0	0.0	0.0
581	0.0	0.0	0.0	0.0	0.0	0.0	0.0
582	0.0	0.0	0.0	0.0	0.0	0.0	0.0
583	0.0	0.0	0.0	0.0	0.0	0.0	0.0
584	0.0	0.0	0.0	0.0	0.0	0.0	0.0
585	0.0	0.0	0.0	0.0	0.0	0.0	0.0
586	0.0	0.0	0.0	0.0	0.0	0.0	0.0
587	1.0	2.0	0.0	0.0	1.0	2.0	0.0
588	0.0	0.0	0.0	0.0	0.0	0.0	0.0
589	3.0	1.0	1.0	0.0	3.0	6.0	1.0
590	2.0	1.0	0.0	0.0	0.9990000000000006	8.001	0.0
591	2.0	6.0	1.0	1.0	3.0010000000000003	8.998999999999999	1.0
592	0.0	3.0	0.0	0.0	1.6660000000000004	7.334	0.0
593	1.0	2.0	0.0	0.0	1.3330000000000002	4.667	0.0
594	0.0	0.0	0.0	0.0	0.0	0.0	0.0
595	0.0	1.0	0.0	0.0	0.3330000000000002	2.667	0.0
596	0.0	2.0	0.0	1.0	0.6660000000000004	5.334	1.0
597	2.0	4.0	0.0	0.0	2.333	6.667	0.0
598	0.0	1.0	0.0	1.0	0.3330000000000002	2.667	1.0
599	2.0	5.0	0.0	0.0	1.6660000000000004	7.334	0.0
600	4.0	5.0	1.0	1.0	3.6660000000000004	14.334	1.0
601	2.0	3.0	1.0	0.0	3.6660000000000004	11.334	1.0
602	1.0	5.0	0.0	2.0	3.333	8.667	2.0
603	2.0	6.0	1.0	3.0	3.0010000000000003	8.998999999999999	2.0
604	3.0	3.0	0.0	0.0	2.6690000000000005	9.331	0.0
605	2.0	1.0	0.0	0.0	3.0	6.0	0.0
606	2.0	5.0	1.0	2.0	5.069	12.931000000000001	2.0
607	2.0	5.0	1.0	2.0	2.0010000000000003	6.999	1.0
608	2.0	5.0	0.0	2.0	3.333	8.667	1.0
609	2.0	4.0	1.0	0.0	2.6660000000000004	9.334	1.0
610	2.0	4.0	1.0	1.0	1.6660000000000004	7.334	1.0
611	3.0	2.0	1.0	1.0	0.6680000000000001	5.332	1.0
612	2.0	1.0	1.0	0.0	2.668	6.332	1.0
613	3.0	1.0	3.0	0.0	2.0010000000000003	6.999	2.0
614	1.0	0.0	1.0	0.0	1.0	2.0	1.0
615	4.0	1.0	2.0	0.0	4.333	10.667	2.0
616	0.0	3.0	0.0	1.0	0.9990000000000006	8.001	1.0
617	2.0	0.0	0.0	0.0	0.6660000000000004	5.334	0.0
618	1.0	1.0	0.0	0.0	0.6660000000000004	5.334	0.0
619	2.0	0.0	1.0	0.0	0.6660000000000004	5.334	1.0
620	2.0	1.0	1.0	0.0	1.3330000000000002	4.667	1.0
621	2.0	3.0	1.0	1.0	2.668	9.332	2.0
622	1.0	3.0	0.0	0.0	2.0	7.0	0.0
623	4.0	0.0	0.0	0.0	3.068	5.932	0.0
624	2.0	2.0	0.0	0.0	3.0	6.0	0.0
625	1.0	1.0	1.0	0.0	0.6660000000000004	5.334	1.0
626	0.0	1.0	0.0	0.0	0.6680000000000001	2.332	0.0
627	2.0	0.0	1.0	0.0	0.6660000000000004	5.334	1.0
628	5.0	0.0	2.0	0.0	3.4	5.6	1.0
629	3.0	1.0	1.0	0.0	2.333	6.667	1.0
630	2.0	2.0	1.0	0.0	1.3330000000000002	4.667	1.0
631	0.0	0.0	0.0	0.0	0.0	0.0	0.0
632	2.0	0.0	0.0	0.0	0.6660000000000004	5.334	0.0
633	2.0	2.0	0.0	0.0	3.0	6.0	0.0
634	2.0	0.0	0.0	0.0	0.6660000000000004	5.334	0.0
635	3.0	0.0	2.0	0.0	0.9990000000000006	8.001	2.0
636	2.0	0.0	1.0	0.0	2.0	4.0	1.0
637	2.0	2.0	1.0	0.0	3.668	8.332	1.0
638	2.0	0.0	0.0	0.0	2.4	3.6	0.0
639	1.0	1.0	0.0	0.0	0.6660000000000004	5.334	0.0
640	2.0	2.0	0.0	1.0	3.668	8.332	1.0
641	4.0	4.0	1.0	2.0	6.333	14.667	2.0
642	2.0	2.0	0.0	0.0	1.3330000000000002	4.667	0.0
643	0.0	1.0	0.0	0.0	0.6680000000000001	2.332	0.0
644	2.0	2.0	1.0	0.0	1.0010000000000003	7.999	1.0
645	2.0	2.0	2.0	0.0	4.0	8.0	2.0
646	1.0	4.0	1.0	1.0	1.9990000000000006	10.001	1.0
647	1.0	1.0	0.0	0.0	2.0	4.0	0.0
648	3.0	2.0	0.0	2.0	3.0020000000000007	11.998000000000001	2.0
649	2.0	5.0	1.0	1.0	2.9990000000000006	12.001	1.0
650	1.0	1.0	1.0	0.0	2.0	4.0	1.0
651	2.0	4.0	1.0	2.0	4.336	10.664	2.0
652	2.0	0.0	2.0	0.0	0.6660000000000004	5.334	2.0
653	1.0	5.0	0.0	0.0	2.665000000000001	15.334999999999999	0.0
654	3.0	0.0	0.0	0.0	3.0	6.0	0.0
655	2.0	1.0	0.0	0.0	2.0	4.0	0.0
656	3.0	1.0	1.0	0.0	2.333	6.667	1.0
657	0.0	0.0	0.0	0.0	0.0	0.0	0.0
658	2.0	0.0	1.0	0.0	0.6660000000000004	5.334	1.0
659	2.0	2.0	0.0	0.0	2.0	4.0	0.0
660	4.0	2.0	0.0	0.0	3.668	8.332	0.0
661	3.0	0.0	1.0	0.0	3.0	6.0	1.0
662	1.0	0.0	0.0	0.0	0.3330000000000002	2.667	0.0
663	2.0	1.0	0.0	0.0	1.0	5.0	0.0
664	2.0	0.0	1.0	0.0	2.0	4.0	1.0
665	3.0	0.0	0.0	0.0	3.4	5.6	0.0
666	2.0	1.0	1.0	0.0	2.3360000000000003	6.664	1.0
667	1.0	0.0	0.0	0.0	1.0	2.0	0.0
668	0.0	0.0	0.0	0.0	0.0	0.0	0.0
669	2.0	1.0	0.0	0.0	3.0	6.0	0.0
670	3.0	0.0	0.0	0.0	3.8	5.2	0.0
671	2.0	1.0	2.0	0.0	3.0	6.0	2.0
672	3.0	1.0	1.0	0.0	1.9990000000000006	10.001	1.0
673	2.0	1.0	0.0	0.0	2.4	3.6	0.0
674	2.0	0.0	0.0	0.0	2.0	4.0	0.0
675	2.0	3.0	1.0	2.0	3.333	8.667	2.0
676	2.0	2.0	1.0	1.0	2.333	6.667	2.0
677	1.0	0.0	0.0	0.0	0.3330000000000002	2.667	0.0
678	1.0	2.0	1.0	1.0	1.6660000000000004	7.334	2.0
679	2.0	4.0	1.0	0.0	3.6660000000000004	11.334	1.0
680	0.0	3.0	0.0	0.0	1.6660000000000004	7.334	0.0
681	3.0	5.0	2.0	2.0	5.333	12.667	2.0
682	3.0	4.0	1.0	1.0	2.6660000000000004	9.334	1.0
683	4.0	4.0	1.0	0.0	4.401	10.599	1.0
684	1.0	1.0	0.0	1.0	0.6660000000000004	5.334	1.0
685	1.0	3.0	0.0	1.0	2.333	6.667	1.0
686	3.0	1.0	0.0	0.0	2.333	6.667	0.0
687	2.0	0.0	1.0	0.0	2.0	4.0	1.0
688	0.0	3.0	0.0	1.0	1.6660000000000004	7.334	1.0
689	3.0	1.0	1.0	0.0	4.0	8.0	1.0
690	1.0	4.0	0.0	1.0	3.0	9.0	1.0
691	3.0	2.0	2.0	0.0	2.668	6.332	1.0
692	2.0	0.0	0.0	0.0	2.0	4.0	0.0
693	2.0	3.0	1.0	1.0	4.0	8.0	1.0
694	3.0	2.0	1.0	0.0	2.333	6.667	1.0
695	2.0	0.0	1.0	0.0	2.0	4.0	1.0
696	0.0	4.0	0.0	1.0	0.9990000000000006	8.001	1.0
697	3.0	1.0	1.0	0.0	3.0	6.0	1.0
698	1.0	3.0	0.0	1.0	2.333	6.667	1.0
699	1.0	2.0	1.0	0.0	0.6660000000000004	5.334	1.0
700	3.0	1.0	1.0	0.0	4.0	8.0	1.0
701	2.0	1.0	2.0	0.0	0.9990000000000006	8.001	2.0
702	2.0	1.0	0.0	0.0	2.333	6.667	0.0
703	2.0	1.0	0.0	0.0	3.0	6.0	0.0
704	3.0	1.0	0.0	0.0	0.9990000000000006	8.001	0.0
705	2.0	1.0	0.0	0.0	3.0	6.0	0.0
706	1.0	0.0	0.0	0.0	0.3330000000000002	2.667	0.0
707	0.0	1.0	0.0	1.0	0.3330000000000002	2.667	1.0
708	2.0	4.0	2.0	0.0	2.3320000000000007	12.668	2.0
709	3.0	2.0	2.0	0.0	4.0	8.0	2.0
710	3.0	0.0	1.0	0.0	3.0	6.0	1.0
711	2.0	2.0	0.0	0.0	1.6680000000000001	4.332	0.0
712	2.0	1.0	0.0	0.0	1.3330000000000002	4.667	0.0
713	4.0	0.0	1.0	0.0	3.3360000000000003	8.664	1.0
714	2.0	2.0	1.0	0.0	2.4010000000000002	9.599	1.0
715	2.0	0.0	0.0	0.0	2.0	4.0	0.0
716	2.0	0.0	1.0	0.0	1.6680000000000001	4.332	1.0
717	3.0	1.0	2.0	0.0	4.068	7.932	2.0
718	1.0	1.0	0.0	0.0	0.6660000000000004	5.334	0.0
719	3.0	2.0	1.0	0.0	3.333	8.667	1.0
720	3.0	2.0	1.0	0.0	3.0	6.0	1.0
721	4.0	0.0	1.0	0.0	3.736	8.264	1.0
722	2.0	0.0	1.0	0.0	2.0	4.0	1.0
723	2.0	1.0	0.0	0.0	0.9990000000000006	8.001	0.0
724	3.0	2.0	1.0	0.0	4.0	8.0	1.0
725	2.0	0.0	1.0	0.0	0.6660000000000004	5.334	1.0
726	2.0	0.0	0.0	0.0	0.6660000000000004	5.334	0.0
727	3.0	1.0	1.0	0.0	2.733	6.2669999999999995	1.0
728	0.0	0.0	0.0	0.0	0.0	0.0	0.0
729	1.0	0.0	0.0	0.0	0.3330000000000002	2.667	0.0
730	2.0	4.0	0.0	0.0	1.6660000000000004	7.334	0.0
731	3.0	2.0	0.0	0.0	4.0	8.0	0.0
732	2.0	0.0	1.0	0.0	2.0	4.0	1.0
733	2.0	1.0	0.0	0.0	0.6660000000000004	5.334	0.0
734	1.0	2.0	0.0	0.0	1.733	4.2669999999999995	0.0
735	0.0	0.0	0.0	0.0	0.0	0.0	0.0
736	2.0	0.0	1.0	0.0	0.6660000000000004	5.334	1.0
737	3.0	3.0	1.0	2.0	5.0	10.0	2.0
738	4.0	0.0	2.0	0.0	3.068	5.932	1.0
739	3.0	2.0	1.0	0.0	3.3340000000000005	11.665999999999999	1.0
740	3.0	0.0	0.0	0.0	3.0	6.0	0.0
741	2.0	0.0	0.0	0.0	0.6680000000000001	2.332	0.0
742	2.0	2.0	1.0	0.0	3.0	6.0	1.0
743	2.0	0.0	2.0	0.0	2.0	4.0	2.0
744	0.0	0.0	0.0	0.0	0.0	0.0	0.0
745	3.0	2.0	0.0	0.0	2.333	6.667	0.0
746	0.0	2.0	0.0	0.0	0.3330000000000002	2.667	0.0
747	0.0	0.0	0.0	0.0	0.0	0.0	0.0
748	1.0	1.0	0.0	0.0	0.3330000000000002	2.667	0.0
749	1.0	2.0	1.0	0.0	1.3330000000000002	4.667	1.0
750	1.0	0.0	0.0	0.0	1.0	2.0	0.0
751	2.0	1.0	0.0	0.0	1.6660000000000004	7.334	0.0
752	1.0	2.0	0.0	0.0	0.6680000000000001	2.332	0.0
753	1.0	2.0	0.0	0.0	1.3330000000000002	4.667	0.0
754	1.0	1.0	0.0	0.0	0.3330000000000002	2.667	0.0
755	1.0	2.0	0.0	0.0	0.6660000000000004	5.334	0.0
756	2.0	3.0	1.0	0.0	1.6660000000000004	7.334	1.0
757	1.0	4.0	0.0	1.0	3.0010000000000003	8.998999999999999	1.0
758	2.0	0.0	1.0	0.0	2.8	3.2	1.0
759	0.0	2.0	0.0	0.0	0.3330000000000002	2.667	0.0
760	2.0	3.0	1.0	1.0	3.0010000000000003	11.998999999999999	2.0
761	2.0	1.0	1.0	0.0	2.333	6.667	1.0
762	3.0	3.0	2.0	0.0	4.333	10.667	2.0
763	0.0	0.0	0.0	0.0	0.0	0.0	0.0
764	0.0	0.0	0.0	0.0	0.0	0.0	0.0
765	0.0	0.0	0.0	0.0	0.0	0.0	0.0
766	1.0	2.0	0.0	0.0	0.6660000000000004	5.334	0.0
767	5.0	2.0	0.0	0.0	3.3360000000000003	8.664	0.0
768	2.0	1.0	2.0	0.0	2.068	3.932	1.0
769	2.0	4.0	1.0	2.0	3.333	8.667	2.0
770	2.0	2.0	0.0	0.0	2.333	6.667	0.0
771	1.0	4.0	0.0	1.0	1.9990000000000006	10.001	1.0
772	1.0	6.0	0.0	1.0	2.9990000000000006	12.001	1.0
773	0.0	2.0	0.0	0.0	0.6680000000000001	5.332	0.0
774	3.0	0.0	1.0	0.0	3.0	6.0	1.0
775	2.0	2.0	0.0	0.0	1.3330000000000002	4.667	0.0
776	3.0	1.0	1.0	0.0	1.3330000000000002	4.667	1.0
777	4.0	3.0	1.0	1.0	6.0	12.0	1.0
778	2.0	0.0	2.0	0.0	2.0	4.0	2.0
779	4.0	1.0	3.0	0.0	4.333	10.667	3.0
780	2.0	0.0	1.0	0.0	2.4	3.6	1.0
781	0.0	0.0	0.0	0.0	0.0	0.0	0.0
782	1.0	0.0	0.0	0.0	0.3330000000000002	2.667	0.0
783	3.0	0.0	0.0	0.0	2.668	6.332	0.0
784	3.0	0.0	1.0	0.0	3.4	5.6	1.0
785	2.0	0.0	1.0	0.0	0.6660000000000004	5.334	1.0
786	0.0	0.0	0.0	0.0	0.0	0.0	0.0
787	3.0	2.0	1.0	0.0	2.333	6.667	1.0
788	2.0	0.0	1.0	0.0	0.6660000000000004	5.334	1.0
789	0.0	3.0	0.0	0.0	0.3330000000000002	2.667	0.0
790	2.0	0.0	0.0	0.0	0.6660000000000004	5.334	0.0
791	1.0	0.0	1.0	0.0	1.0	2.0	1.0
792	1.0	0.0	1.0	0.0	0.3330000000000002	2.667	1.0
793	2.0	0.0	0.0	0.0	0.6660000000000004	5.334	0.0
794	0.0	0.0	0.0	0.0	0.0	0.0	0.0
795	5.0	0.0	1.0	0.0	4.736	10.264	1.0
796	2.0	0.0	1.0	0.0	2.0	4.0	1.0
797	0.0	2.0	0.0	0.0	1.0	2.0	0.0
798	1.0	0.0	0.0	0.0	0.3330000000000002	2.667	0.0
799	2.0	1.0	0.0	0.0	1.3360000000000003	7.664	0.0
800	2.0	2.0	1.0	0.0	2.333	6.667	1.0
801	3.0	0.0	0.0	0.0	3.068	5.932	0.0
802	2.0	0.0	0.0	0.0	2.0	4.0	0.0
803	2.0	3.0	1.0	0.0	2.0010000000000003	6.999	1.0
804	2.0	0.0	1.0	0.0	0.6660000000000004	5.334	1.0
805	2.0	2.0	0.0	0.0	2.0	4.0	0.0
806	2.0	2.0	0.0	0.0	2.0040000000000004	6.9959999999999996	0.0
807	3.0	2.0	0.0	1.0	4.0	8.0	1.0
808	2.0	3.0	0.0	0.0	2.333	6.667	0.0
809	2.0	1.0	0.0	0.0	1.733	4.2669999999999995	0.0
810	1.0	4.0	0.0	1.0	1.9990000000000006	10.001	1.0
811	2.0	1.0	1.0	0.0	0.6660000000000004	5.334	1.0
812	2.0	0.0	2.0	0.0	2.0	4.0	2.0
813	1.0	0.0	0.0	0.0	0.3330000000000002	2.667	0.0
814	3.0	1.0	0.0	0.0	1.6680000000000001	7.332	0.0
815	1.0	2.0	1.0	0.0	0.6660000000000004	5.334	1.0
816	2.0	0.0	0.0	0.0	2.0	4.0	0.0
817	2.0	0.0	1.0	0.0	2.0	4.0	1.0
818	2.0	0.0	1.0	0.0	2.0	4.0	1.0
819	3.0	0.0	2.0	0.0	3.0	6.0	2.0
820	3.0	2.0	2.0	0.0	3.333	8.667	2.0
821	1.0	2.0	0.0	0.0	0.3330000000000002	5.667	0.0
822	1.0	1.0	1.0	0.0	1.3330000000000002	4.667	1.0
823	2.0	1.0	1.0	0.0	2.0	4.0	1.0
824	0.0	0.0	0.0	0.0	0.0	0.0	0.0
825	0.0	0.0	0.0	0.0	0.0	0.0	0.0
826	0.0	0.0	0.0	0.0	0.0	0.0	0.0
827	0.0	0.0	0.0	0.0	0.0	0.0	0.0
828	0.0	0.0	0.0	0.0	0.0	0.0	0.0
829	0.0	0.0	0.0	0.0	0.0	0.0	0.0
830	0.0	0.0	0.0	0.0	0.0	0.0	0.0
831	0.0	0.0	0.0	0.0	0.0	0.0	0.0
832	0.0	0.0	0.0	0.0	0.0	0.0	0.0
833	0.0	0.0	0.0	0.0	0.0	0.0	0.0
834	0.0	0.0	0.0	0.0	0.0	0.0	0.0
835	3.0	2.0	0.0	0.0	3.333	8.667	0.0
836	2.0	1.0	1.0	0.0	3.0	6.0	1.0
837	3.0	3.0	0.0	1.0	6.0	12.0	1.0
838	3.0	3.0	1.0	0.0	5.333	12.667	1.0
839	2.0	1.0	1.0	1.0	1.3330000000000002	4.667	1.0
840	2.0	0.0	1.0	0.0	2.0	4.0	1.0
841	3.0	2.0	0.0	0.0	1.6660000000000004	7.334	0.0
842	1.0	2.0	1.0	1.0	3.0	6.0	2.0
843	4.0	1.0	1.0	0.0	4.068	7.932	1.0
844	2.0	2.0	0.0	0.0	0.9990000000000006	8.001	0.0
845	3.0	2.0	1.0	0.0	2.3360000000000003	6.664	1.0
846	4.0	0.0	2.0	0.0	4.068	7.932	2.0
847	1.0	2.0	1.0	0.0	1.3330000000000002	4.667	1.0
848	2.0	1.0	0.0	0.0	1.3330000000000002	4.667	0.0
849	2.0	2.0	0.0	0.0	1.6660000000000004	7.334	0.0
850	2.0	2.0	0.0	0.0	2.0040000000000004	6.9959999999999996	0.0
851	1.0	4.0	0.0	0.0	1.6670000000000007	10.332999999999998	0.0
852	3.0	1.0	0.0	0.0	3.4	5.6	0.0
853	2.0	1.0	0.0	0.0	0.6660000000000004	5.334	0.0
854	1.0	1.0	1.0	0.0	0.6660000000000004	5.334	1.0
855	1.0	0.0	0.0	0.0	0.3330000000000002	2.667	0.0
856	1.0	2.0	0.0	1.0	1.6660000000000004	7.334	1.0
857	2.0	0.0	1.0	0.0	0.6660000000000004	5.334	1.0
858	0.0	0.0	0.0	0.0	0.0	0.0	0.0
859	1.0	1.0	1.0	0.0	0.6660000000000004	5.334	1.0
860	1.0	0.0	0.0	0.0	0.3330000000000002	2.667	0.0
861	1.0	0.0	1.0	0.0	0.3330000000000002	2.667	1.0
862	3.0	0.0	1.0	0.0	2.3360000000000003	6.664	1.0
863	2.0	1.0	0.0	0.0	2.0	4.0	0.0
864	2.0	0.0	1.0	0.0	0.6660000000000004	5.334	1.0
865	3.0	0.0	1.0	0.0	2.0040000000000004	6.9959999999999996	1.0
866	2.0	1.0	1.0	0.0	2.0	4.0	1.0
867	3.0	2.0	1.0	0.0	4.0	8.0	1.0
868	3.0	0.0	0.0	0.0	2.668	6.332	0.0
869	2.0	0.0	0.0	0.0	1.3360000000000003	4.664	0.0
870	0.0	1.0	0.0	0.0	0.6680000000000001	2.332	0.0
871	1.0	3.0	1.0	1.0	2.3360000000000003	6.664	2.0
872	1.0	0.0	0.0	0.0	0.3330000000000002	2.667	0.0
873	3.0	2.0	2.0	0.0	3.333	8.667	2.0
874	2.0	2.0	1.0	0.0	1.6680000000000001	4.332	1.0
875	2.0	1.0	1.0	0.0	2.068	3.932	1.0
876	2.0	2.0	1.0	0.0	2.333	6.667	1.0
877	3.0	4.0	0.0	0.0	2.6690000000000005	9.331	0.0
878	0.0	5.0	0.0	2.0	1.3340000000000005	13.666	2.0
879	2.0	2.0	2.0	0.0	2.333	6.667	2.0
880	2.0	2.0	1.0	0.0	0.9990000000000006	8.001	1.0
881	1.0	3.0	0.0	2.0	1.3320000000000007	10.668	2.0
882	2.0	0.0	1.0	0.0	2.0	4.0	1.0
883	0.0	4.0	0.0	3.0	0.9990000000000006	8.001	2.0
884	1.0	1.0	0.0	0.0	0.6660000000000004	5.334	0.0
885	2.0	1.0	0.0	0.0	2.0	4.0	0.0
886	0.0	0.0	0.0	0.0	0.0	0.0	0.0
887	2.0	3.0	1.0	0.0	2.6690000000000005	9.331	1.0
888	2.0	3.0	1.0	0.0	2.333	6.667	1.0
889	1.0	3.0	0.0	2.0	1.3320000000000007	10.668	2.0
890	3.0	2.0	0.0	0.0	3.668	8.332	0.0
891	3.0	2.0	1.0	0.0	3.668	8.332	1.0
892	3.0	3.0	0.0	2.0	3.0020000000000007	11.998000000000001	2.0
893	2.0	1.0	1.0	0.0	2.333	6.667	1.0
894	0.0	0.0	0.0	0.0	0.0	0.0	0.0
895	2.0	3.0	0.0	1.0	4.668	10.332	1.0
896	3.0	1.0	1.0	0.0	0.9990000000000006	8.001	1.0
897	1.0	2.0	1.0	0.0	1.3330000000000002	4.667	1.0
898	2.0	3.0	0.0	0.0	1.6660000000000004	7.334	0.0
899	3.0	2.0	0.0	0.0	1.6660000000000004	7.334	0.0
900	1.0	3.0	0.0	2.0	1.9990000000000006	10.001	2.0
901	2.0	1.0	1.0	1.0	1.0010000000000003	4.999	1.0
902	2.0	1.0	0.0	0.0	0.9990000000000006	8.001	0.0
903	1.0	3.0	0.0	0.0	1.6660000000000004	7.334	0.0
904	1.0	2.0	1.0	0.0	0.9990000000000006	8.001	1.0
905	2.0	1.0	0.0	0.0	2.068	3.932	0.0
906	2.0	2.0	0.0	0.0	1.6660000000000004	7.334	0.0
907	4.0	1.0	1.0	0.0	4.333	10.667	1.0
908	0.0	0.0	0.0	0.0	0.0	0.0	0.0
909	2.0	1.0	1.0	0.0	0.6660000000000004	5.334	1.0
910	3.0	3.0	1.0	1.0	2.7340000000000004	9.266	1.0
911	2.0	1.0	0.0	0.0	1.3330000000000002	4.667	0.0
912	2.0	0.0	1.0	0.0	1.3360000000000003	4.664	1.0
913	2.0	2.0	0.0	0.0	2.0	4.0	0.0
914	2.0	1.0	0.0	0.0	2.668	6.332	0.0
915	0.0	0.0	0.0	0.0	0.0	0.0	0.0
916	1.0	0.0	0.0	0.0	0.6680000000000001	2.332	0.0
917	1.0	0.0	0.0	0.0	0.3330000000000002	2.667	0.0
918	0.0	0.0	0.0	0.0	0.0	0.0	0.0
919	1.0	0.0	0.0	0.0	0.3330000000000002	2.667	0.0
920	2.0	0.0	0.0	0.0	0.6660000000000004	5.334	0.0
921	1.0	0.0	0.0	0.0	1.0	2.0	0.0
922	1.0	1.0	0.0	0.0	0.6660000000000004	5.334	0.0
923	3.0	2.0	1.0	1.0	2.0010000000000003	6.999	1.0
924	1.0	0.0	0.0	0.0	1.0	2.0	0.0
925	0.0	3.0	0.0	1.0	1.6660000000000004	7.334	1.0
926	1.0	0.0	0.0	0.0	0.3330000000000002	2.667	0.0
927	0.0	0.0	0.0	0.0	0.0	0.0	0.0
928	1.0	0.0	0.0	0.0	1.0	2.0	0.0
929	1.0	0.0	1.0	0.0	1.0	2.0	1.0
930	1.0	0.0	0.0	0.0	0.3330000000000002	2.667	0.0
931	1.0	2.0	0.0	0.0	0.6660000000000004	5.334	0.0
932	1.0	0.0	0.0	0.0	0.6680000000000001	2.332	0.0
933	2.0	0.0	1.0	0.0	0.6660000000000004	5.334	1.0
934	0.0	0.0	0.0	0.0	0.0	0.0	0.0
935	2.0	0.0	0.0	0.0	2.0	4.0	0.0
936	2.0	0.0	0.0	0.0	2.0	4.0	0.0
937	0.0	6.0	0.0	1.0	1.9990000000000006	10.001	1.0
938	0.0	0.0	0.0	0.0	0.0	0.0	0.0
939	2.0	0.0	0.0	0.0	0.6660000000000004	5.334	0.0
940	1.0	0.0	1.0	0.0	1.0	2.0	1.0
941	1.0	0.0	1.0	0.0	0.3330000000000002	2.667	1.0
942	0.0	0.0	0.0	0.0	0.0	0.0	0.0
943	2.0	0.0	1.0	0.0	1.3360000000000003	4.664	1.0
944	2.0	0.0	0.0	0.0	0.6660000000000004	5.334	0.0
945	2.0	0.0	0.0	0.0	2.0	4.0	0.0
946	3.0	0.0	0.0	0.0	3.0	6.0	0.0
947	1.0	0.0	0.0	0.0	0.3330000000000002	2.667	0.0
948	1.0	1.0	0.0	0.0	2.0	4.0	0.0
949	2.0	0.0	0.0	0.0	0.6660000000000004	5.334	0.0
950	0.0	0.0	0.0	0.0	0.0	0.0	0.0
951	3.0	0.0	1.0	0.0	3.0	6.0	1.0
952	2.0	2.0	1.0	1.0	2.668	6.332	1.0
953	1.0	0.0	0.0	0.0	0.3330000000000002	2.667	0.0
954	2.0	0.0	1.0	0.0	0.6660000000000004	5.334	1.0
955	1.0	0.0	0.0	0.0	1.0	2.0	0.0
956	3.0	0.0	0.0	0.0	3.0	6.0	0.0
957	1.0	1.0	0.0	0.0	0.6660000000000004	5.334	0.0
958	2.0	0.0	1.0	0.0	0.6660000000000004	5.334	1.0
959	2.0	0.0	1.0	0.0	2.0	4.0	1.0
960	0.0	0.0	0.0	0.0	0.0	0.0	0.0
961	1.0	2.0	0.0	1.0	1.3360000000000003	7.664	1.0
962	1.0	0.0	0.0	0.0	1.0	2.0	0.0
963	0.0	0.0	0.0	0.0	0.0	0.0	0.0
964	0.0	0.0	0.0	0.0	0.0	0.0	0.0
965	0.0	2.0	0.0	1.0	1.0010000000000003	4.999	1.0
966	0.0	0.0	0.0	0.0	0.0	0.0	0.0
967	2.0	0.0	0.0	0.0	2.068	3.932	0.0
968	0.0	0.0	0.0	0.0	0.0	0.0	0.0
969	1.0	1.0	1.0	1.0	0.3330000000000002	2.667	1.0
970	0.0	0.0	0.0	0.0	0.0	0.0	0.0
971	2.0	1.0	0.0	0.0	1.6660000000000004	7.334	0.0
972	1.0	0.0	0.0	0.0	1.0	2.0	0.0
973	0.0	2.0	0.0	2.0	0.3330000000000002	2.667	1.0
974	2.0	1.0	1.0	0.0	3.068	5.932	1.0
975	1.0	1.0	0.0	0.0	1.0	2.0	0.0
976	1.0	0.0	1.0	0.0	1.0	2.0	1.0
977	1.0	0.0	1.0	0.0	0.3330000000000002	2.667	1.0
978	1.0	0.0	0.0	0.0	1.4	1.6	0.0
979	1.0	0.0	0.0	0.0	1.4	1.6	0.0
980	0.0	0.0	0.0	0.0	0.0	0.0	0.0
981	0.0	1.0	0.0	1.0	0.3330000000000002	2.667	1.0
982	1.0	2.0	1.0	0.0	1.6680000000000001	4.332	1.0
983	1.0	0.0	0.0	0.0	0.3330000000000002	2.667	0.0
984	1.0	1.0	0.0	0.0	2.4	3.6	0.0
985	1.0	0.0	0.0	0.0	0.3330000000000002	2.667	0.0
986	0.0	0.0	0.0	0.0	0.0	0.0	0.0
987	1.0	0.0	0.0	0.0	1.0	2.0	0.0
988	0.0	0.0	0.0	0.0	0.0	0.0	0.0
989	1.0	0.0	1.0	0.0	0.3330000000000002	2.667	1.0
990	0.0	0.0	0.0	0.0	0.0	0.0	0.0
991	2.0	0.0	0.0	0.0	2.0	4.0	0.0
992	0.0	0.0	0.0	0.0	0.0	0.0	0.0
993	0.0	0.0	0.0	0.0	0.0	0.0	0.0
994	0.0	0.0	0.0	0.0	0.0	0.0	0.0
995	0.0	0.0	0.0	0.0	0.0	0.0	0.0
996	0.0	0.0	0.0	0.0	0.0	0.0	0.0
997	0.0	0.0	0.0	0.0	0.0	0.0	0.0
998	1.0	0.0	0.0	0.0	1.0	2.0	0.0
999	0.0	0.0	0.0	0.0	0.0	0.0	0.0
1000	1.0	1.0	1.0	1.0	1.0	2.0	1.0
1001	0.0	0.0	0.0	0.0	0.0	0.0	0.0
1002	2.0	0.0	1.0	0.0	2.0	4.0	1.0
1003	2.0	0.0	1.0	0.0	2.0	4.0	1.0
1004	2.0	0.0	1.0	0.0	1.6680000000000001	4.332	1.0
1005	1.0	1.0	1.0	0.0	2.0	4.0	1.0
1006	2.0	0.0	0.0	0.0	2.068	3.932	0.0
1007	3.0	0.0	1.0	0.0	3.0	6.0	1.0
1008	0.0	0.0	0.0	0.0	0.0	0.0	0.0
1009	1.0	0.0	1.0	0.0	1.0	2.0	1.0
1010	0.0	0.0	0.0	0.0	0.0	0.0	0.0
1011	0.0	0.0	0.0	0.0	0.0	0.0	0.0
1012	0.0	0.0	0.0	0.0	0.0	0.0	0.0
1013	2.0	0.0	0.0	0.0	1.6680000000000001	4.332	0.0
1014	0.0	0.0	0.0	0.0	0.0	0.0	0.0
1015	0.0	2.0	0.0	0.0	1.3330000000000002	4.667	0.0
1016	3.0	1.0	0.0	0.0	2.333	6.667	0.0
1017	0.0	1.0	0.0	0.0	1.4	1.6	0.0
1018	2.0	0.0	0.0	0.0	2.0	4.0	0.0
1019	0.0	2.0	0.0	0.0	0.6660000000000004	5.334	0.0
1020	0.0	0.0	0.0	0.0	0.0	0.0	0.0
1021	0.0	0.0	0.0	0.0	0.0	0.0	0.0
1022	1.0	1.0	0.0	1.0	1.0010000000000003	4.999	1.0
1023	2.0	1.0	1.0	0.0	0.9990000000000006	8.001	1.0
1024	0.0	0.0	0.0	0.0	0.0	0.0	0.0
1025	2.0	0.0	0.0	0.0	2.0	4.0	0.0
1026	0.0	1.0	0.0	0.0	0.3330000000000002	2.667	0.0
1027	0.0	2.0	0.0	0.0	2.0	4.0	0.0
1028	0.0	0.0	0.0	0.0	0.0	0.0	0.0
1029	0.0	0.0	0.0	0.0	0.0	0.0	0.0
1030	0.0	1.0	0.0	0.0	0.6680000000000001	2.332	0.0
1031	1.0	0.0	0.0	0.0	1.0	2.0	0.0
1032	2.0	0.0	2.0	0.0	1.0	2.0	1.0
1033	1.0	0.0	1.0	0.0	0.3330000000000002	2.667	1.0
1034	2.0	0.0	0.0	0.0	2.0	4.0	0.0
1035	0.0	0.0	0.0	0.0	0.0	0.0	0.0
1036	0.0	0.0	0.0	0.0	0.0	0.0	0.0
1037	0.0	0.0	0.0	0.0	0.0	0.0	0.0
1038	0.0	0.0	0.0	0.0	0.0	0.0	0.0
1039	0.0	0.0	0.0	0.0	0.0	0.0	0.0
1040	0.0	0.0	0.0	0.0	0.0	0.0	0.0
1041	1.0	0.0	0.0	0.0	0.3330000000000002	2.667	0.0
1042	1.0	0.0	0.0	0.0	0.6680000000000001	2.332	0.0
1043	2.0	1.0	2.0	0.0	3.0	6.0	2.0
1044	1.0	1.0	1.0	0.0	1.0010000000000003	4.999	1.0
1045	1.0	0.0	0.0	0.0	1.0	2.0	0.0
1046	0.0	0.0	0.0	0.0	0.0	0.0	0.0
1047	2.0	0.0	1.0	0.0	2.0	4.0	1.0
1048	0.0	0.0	0.0	0.0	0.0	0.0	0.0
1049	2.0	0.0	0.0	0.0	2.4	3.6	0.0
1050	0.0	0.0	0.0	0.0	0.0	0.0	0.0
1051	1.0	2.0	0.0	0.0	1.3330000000000002	4.667	0.0
1052	0.0	1.0	0.0	0.0	1.0	2.0	0.0
1053	0.0	3.0	0.0	1.0	1.6680000000000001	7.332	1.0
1054	1.0	0.0	1.0	0.0	1.0	2.0	1.0
1055	2.0	0.0	0.0	0.0	0.6660000000000004	5.334	0.0
1056	2.0	2.0	0.0	0.0	3.3360000000000003	8.664	0.0
1057	0.0	3.0	0.0	2.0	1.6680000000000001	4.332	1.0
1058	0.0	1.0	0.0	0.0	0.6680000000000001	2.332	0.0
1059	0.0	2.0	0.0	0.0	2.0	4.0	0.0
1060	2.0	1.0	0.0	0.0	2.333	6.667	0.0
1061	1.0	1.0	0.0	0.0	1.0	2.0	0.0
1062	0.0	0.0	0.0	0.0	0.0	0.0	0.0
