pos	Sd	Nd	Sd_tip	Nd_tip	S	N	comparisons
001	0.0	0.0	0.0	0.0	0.0	0.0	0.0
002	0.0	0.0	0.0	0.0	0.0	0.0	0.0
003	1.0	0.0	0.0	0.0	1.0	2.0	0.0
004	0.0	1.0	0.0	0.0	1.0	2.0	0.0
005	0.0	0.0	0.0	0.0	0.0	0.0	0.0
006	0.0	0.0	0.0	0.0	0.0	0.0	0.0
007	0.0	0.0	0.0	0.0	0.0	0.0	0.0
008	0.0	0.0	0.0	0.0	0.0	0.0	0.0
009	0.0	0.0	0.0	0.0	0.0	0.0	0.0
010	1.0	0.0	1.0	0.0	0.3330000000000002	2.667	1.0
011	0.0	0.0	0.0	0.0	0.0	0.0	0.0
012	2.0	3.0	1.0	2.0	4.0	8.0	2.0
013	2.0	2.0	1.0	1.0	3.0	6.0	1.0
014	1.0	2.0	1.0	2.0	1.3330000000000002	4.667	2.0
015	1.0	0.0	1.0	0.0	0.3330000000000002	2.667	1.0
016	0.0	2.0	0.0	1.0	1.3330000000000002	4.667	1.0
017	3.0	4.0	1.0	4.0	6.0	12.0	4.0
018	1.0	3.0	0.0	2.0	4.0	8.0	2.0
019	1.0	0.0	1.0	0.0	0.3330000000000002	2.667	1.0
020	0.0	0.0	0.0	0.0	0.0	0.0	0.0
021	0.0	1.0	0.0	1.0	0.3330000000000002	2.667	1.0
022	2.0	0.0	1.0	0.0	2.0	4.0	1.0
023	2.0	4.0	1.0	3.0	3.6660000000000004	11.334	3.0
024	3.0	4.0	2.0	2.0	5.001	12.998999999999999	3.0
025	3.0	1.0	2.0	0.0	3.0	6.0	2.0
026	2.0	2.0	1.0	1.0	3.0	6.0	1.0
027	0.0	2.0	0.0	1.0	1.3330000000000002	4.667	1.0
028	3.0	1.0	2.0	0.0	1.6680000000000001	4.332	1.0
029	1.0	0.0	1.0	0.0	0.3330000000000002	2.667	1.0
030	1.0	0.0	1.0	0.0	0.3330000000000002	2.667	1.0
031	2.0	0.0	2.0	0.0	0.6660000000000004	5.334	2.0
032	1.0	1.0	1.0	1.0	0.6660000000000004	5.334	2.0
033	2.0	0.0	1.0	0.0	0.6660000000000004	5.334	1.0
034	0.0	0.0	0.0	0.0	0.0	0.0	0.0
035	2.0	0.0	1.0	0.0	2.0	4.0	1.0
036	1.0	1.0	1.0	0.0	0.6660000000000004	5.334	1.0
037	0.0	0.0	0.0	0.0	0.0	0.0	0.0
038	2.0	0.0	1.0	0.0	2.0	4.0	1.0
039	1.0	0.0	1.0	0.0	1.0	2.0	1.0
040	1.0	1.0	1.0	0.0	0.6660000000000004	5.334	1.0
041	1.0	0.0	0.0	0.0	0.6680000000000001	2.332	0.0
042	2.0	0.0	1.0	0.0	2.0	4.0	1.0
043	1.0	1.0	1.0	1.0	0.6660000000000004	5.334	2.0
044	0.0	2.0	0.0	0.0	0.3330000000000002	2.667	0.0
045	0.0	0.0	0.0	0.0	0.0	0.0	0.0
046	1.0	0.0	1.0	0.0	0.3330000000000002	2.667	1.0
047	1.0	0.0	1.0	0.0	0.3330000000000002	2.667	1.0
048	3.0	0.0	2.0	0.0	3.0	6.0	2.0
049	0.0	0.0	0.0	0.0	0.0	0.0	0.0
050	0.0	0.0	0.0	0.0	0.0	0.0	0.0
051	2.0	0.0	1.0	0.0	1.3360000000000003	4.664	1.0
052	2.0	0.0	2.0	0.0	2.0	4.0	2.0
053	0.0	0.0	0.0	0.0	0.0	0.0	0.0
054	0.0	0.0	0.0	0.0	0.0	0.0	0.0
055	1.0	0.0	0.0	0.0	1.0	2.0	0.0
056	3.0	0.0	2.0	0.0	3.0	6.0	2.0
057	1.0	0.0	1.0	0.0	0.3330000000000002	2.667	1.0
058	2.0	0.0	0.0	0.0	2.0	4.0	0.0
059	1.0	0.0	1.0	0.0	0.6680000000000001	2.332	1.0
060	1.0	0.0	1.0	0.0	0.3330000000000002	2.667	1.0
061	3.0	0.0	2.0	0.0	3.0	6.0	2.0
062	2.0	0.0	1.0	0.0	2.0	4.0	1.0
063	2.0	1.0	0.0	1.0	3.0	6.0	1.0
064	3.0	1.0	2.0	0.0	4.0	8.0	2.0
065	0.0	0.0	0.0	0.0	0.0	0.0	0.0
066	0.0	0.0	0.0	0.0	0.0	0.0	0.0
067	1.0	0.0	1.0	0.0	0.3330000000000002	2.667	1.0
068	2.0	2.0	2.0	2.0	2.333	6.667	3.0
069	0.0	0.0	0.0	0.0	0.0	0.0	0.0
070	1.0	0.0	0.0	0.0	0.3330000000000002	2.667	0.0
071	0.0	1.0	0.0	1.0	0.3330000000000002	2.667	1.0
072	1.0	2.0	1.0	2.0	0.6660000000000004	5.334	2.0
073	1.0	0.0	1.0	0.0	1.0	2.0	1.0
074	2.0	1.0	2.0	1.0	0.6660000000000004	5.334	2.0
075	3.0	0.0	3.0	0.0	3.0	6.0	3.0
076	5.0	0.0	3.0	0.0	4.136	7.863999999999999	2.0
077	3.0	0.0	1.0	0.0	3.468	5.532	1.0
078	0.0	0.0	0.0	0.0	0.0	0.0	0.0
079	1.0	0.0	0.0	0.0	1.4	1.6	0.0
080	2.0	0.0	1.0	0.0	2.4	3.6	1.0
081	3.0	0.0	2.0	0.0	3.0	6.0	2.0
082	2.0	0.0	1.0	0.0	2.0	4.0	1.0
083	1.0	0.0	1.0	0.0	0.3330000000000002	2.667	1.0
084	0.0	0.0	0.0	0.0	0.0	0.0	0.0
085	1.0	0.0	1.0	0.0	1.0	2.0	1.0
086	0.0	0.0	0.0	0.0	0.0	0.0	0.0
087	2.0	0.0	1.0	0.0	2.4	3.6	1.0
088	0.0	0.0	0.0	0.0	0.0	0.0	0.0
089	0.0	0.0	0.0	0.0	0.0	0.0	0.0
090	1.0	0.0	1.0	0.0	1.0	2.0	1.0
091	1.0	1.0	1.0	0.0	1.6680000000000001	4.332	1.0
092	1.0	0.0	0.0	0.0	1.0	2.0	0.0
093	0.0	0.0	0.0	0.0	0.0	0.0	0.0
094	1.0	0.0	1.0	0.0	1.0	2.0	1.0
095	2.0	0.0	2.0	0.0	1.6680000000000001	4.332	2.0
096	0.0	0.0	0.0	0.0	0.0	0.0	0.0
097	0.0	0.0	0.0	0.0	0.0	0.0	0.0
098	1.0	1.0	1.0	1.0	1.6680000000000001	4.332	2.0
099	1.0	2.0	0.0	2.0	1.6660000000000004	7.334	2.0
100	0.0	0.0	0.0	0.0	0.0	0.0	0.0
101	0.0	1.0	0.0	0.0	0.3330000000000002	2.667	0.0
102	1.0	0.0	0.0	0.0	1.0	2.0	0.0
103	3.0	0.0	2.0	0.0	3.0	6.0	2.0
104	2.0	0.0	1.0	0.0	2.0	4.0	1.0
105	2.0	3.0	0.0	2.0	3.736	11.264	2.0
106	3.0	2.0	2.0	0.0	4.0	8.0	2.0
107	1.0	0.0	1.0	0.0	0.6680000000000001	2.332	1.0
108	0.0	1.0	0.0	1.0	0.6680000000000001	2.332	1.0
109	0.0	0.0	0.0	0.0	0.0	0.0	0.0
110	2.0	0.0	2.0	0.0	2.0	4.0	2.0
111	0.0	0.0	0.0	0.0	0.0	0.0	0.0
112	1.0	1.0	1.0	0.0	1.6680000000000001	4.332	1.0
113	0.0	0.0	0.0	0.0	0.0	0.0	0.0
114	1.0	0.0	1.0	0.0	0.6680000000000001	2.332	1.0
115	0.0	0.0	0.0	0.0	0.0	0.0	0.0
116	0.0	0.0	0.0	0.0	0.0	0.0	0.0
117	2.0	0.0	2.0	0.0	2.0	4.0	2.0
118	0.0	0.0	0.0	0.0	0.0	0.0	0.0
119	1.0	0.0	1.0	0.0	1.0	2.0	1.0
120	1.0	0.0	1.0	0.0	1.0	2.0	1.0
121	3.0	0.0	0.0	0.0	3.0	6.0	0.0
122	0.0	0.0	0.0	0.0	0.0	0.0	0.0
123	0.0	0.0	0.0	0.0	0.0	0.0	0.0
124	3.0	0.0	1.0	0.0	3.4	5.6	1.0
125	0.0	0.0	0.0	0.0	0.0	0.0	0.0
126	1.0	0.0	1.0	0.0	0.3330000000000002	2.667	1.0
127	2.0	0.0	1.0	0.0	2.0	4.0	1.0
128	3.0	0.0	1.0	0.0	3.0	6.0	1.0
129	0.0	0.0	0.0	0.0	0.0	0.0	0.0
130	1.0	1.0	1.0	1.0	2.0	4.0	2.0
131	1.0	0.0	1.0	0.0	0.3330000000000002	2.667	1.0
132	1.0	0.0	1.0	0.0	1.0	2.0	1.0
133	2.0	0.0	2.0	0.0	0.6660000000000004	5.334	2.0
134	2.0	1.0	1.0	0.0	3.0	6.0	1.0
135	0.0	0.0	0.0	0.0	0.0	0.0	0.0
136	2.0	0.0	2.0	0.0	0.6660000000000004	5.334	2.0
137	0.0	0.0	0.0	0.0	0.0	0.0	0.0
138	2.0	0.0	1.0	0.0	2.0	4.0	1.0
139	1.0	0.0	0.0	0.0	1.0	2.0	0.0
140	2.0	0.0	2.0	0.0	2.0	4.0	2.0
141	2.0	0.0	2.0	0.0	0.6660000000000004	5.334	2.0
142	2.0	0.0	0.0	0.0	2.0	4.0	0.0
143	0.0	0.0	0.0	0.0	0.0	0.0	0.0
144	0.0	0.0	0.0	0.0	0.0	0.0	0.0
145	0.0	0.0	0.0	0.0	0.0	0.0	0.0
146	2.0	0.0	0.0	0.0	2.0	4.0	0.0
147	1.0	0.0	0.0	0.0	0.3330000000000002	2.667	0.0
148	2.0	0.0	1.0	0.0	0.6660000000000004	5.334	1.0
149	1.0	0.0	1.0	0.0	1.0	2.0	1.0
150	1.0	0.0	1.0	0.0	1.0	2.0	1.0
151	0.0	0.0	0.0	0.0	0.0	0.0	0.0
152	2.0	0.0	1.0	0.0	0.6660000000000004	5.334	1.0
153	1.0	0.0	1.0	0.0	1.0	2.0	1.0
154	2.0	0.0	1.0	0.0	0.6660000000000004	5.334	1.0
155	1.0	1.0	1.0	1.0	2.0	4.0	2.0
156	0.0	0.0	0.0	0.0	0.0	0.0	0.0
157	0.0	0.0	0.0	0.0	0.0	0.0	0.0
158	2.0	0.0	0.0	0.0	0.6660000000000004	5.334	0.0
159	1.0	0.0	1.0	0.0	0.3330000000000002	2.667	1.0
160	0.0	0.0	0.0	0.0	0.0	0.0	0.0
161	2.0	0.0	2.0	0.0	2.0	4.0	2.0
162	1.0	0.0	1.0	0.0	0.3330000000000002	2.667	1.0
163	2.0	0.0	1.0	0.0	2.0	4.0	1.0
164	0.0	0.0	0.0	0.0	0.0	0.0	0.0
165	1.0	0.0	1.0	0.0	0.3330000000000002	2.667	1.0
166	2.0	0.0	2.0	0.0	0.6660000000000004	5.334	2.0
167	2.0	0.0	1.0	0.0	2.4	3.6	1.0
168	1.0	0.0	1.0	0.0	1.0	2.0	1.0
169	1.0	0.0	1.0	0.0	0.3330000000000002	2.667	1.0
170	2.0	1.0	2.0	1.0	1.6680000000000001	4.332	2.0
171	0.0	1.0	0.0	1.0	1.0	2.0	1.0
172	0.0	0.0	0.0	0.0	0.0	0.0	0.0
173	2.0	0.0	2.0	0.0	0.6660000000000004	5.334	2.0
174	1.0	0.0	0.0	0.0	1.4	1.6	0.0
175	0.0	0.0	0.0	0.0	0.0	0.0	0.0
176	3.0	0.0	3.0	0.0	3.0	6.0	3.0
177	2.0	0.0	0.0	0.0	0.6660000000000004	5.334	0.0
178	1.0	0.0	0.0	0.0	1.0	2.0	0.0
179	1.0	0.0	0.0	0.0	0.3330000000000002	2.667	0.0
180	1.0	0.0	1.0	0.0	0.3330000000000002	2.667	1.0
181	1.0	0.0	1.0	0.0	1.0	2.0	1.0
182	1.0	0.0	1.0	0.0	1.0	2.0	1.0
183	0.0	0.0	0.0	0.0	0.0	0.0	0.0
184	2.0	1.0	2.0	1.0	3.068	5.932	3.0
185	2.0	0.0	1.0	0.0	2.4	3.6	1.0
186	0.0	0.0	0.0	0.0	0.0	0.0	0.0
187	1.0	0.0	1.0	0.0	1.0	2.0	1.0
188	0.0	0.0	0.0	0.0	0.0	0.0	0.0
189	0.0	0.0	0.0	0.0	0.0	0.0	0.0
190	1.0	0.0	1.0	0.0	1.0	2.0	1.0
191	1.0	0.0	1.0	0.0	1.0	2.0	1.0
192	1.0	1.0	1.0	1.0	0.6660000000000004	5.334	2.0
193	1.0	0.0	0.0	0.0	1.4	1.6	0.0
194	0.0	0.0	0.0	0.0	0.0	0.0	0.0
195	0.0	0.0	0.0	0.0	0.0	0.0	0.0
196	0.0	0.0	0.0	0.0	0.0	0.0	0.0
197	1.0	0.0	0.0	0.0	1.0	2.0	0.0
198	2.0	0.0	2.0	0.0	2.8	3.2	2.0
199	2.0	0.0	2.0	0.0	2.0	4.0	2.0
200	3.0	0.0	2.0	0.0	3.0	6.0	2.0
201	0.0	0.0	0.0	0.0	0.0	0.0	0.0
202	0.0	0.0	0.0	0.0	0.0	0.0	0.0
203	0.0	0.0	0.0	0.0	0.0	0.0	0.0
204	0.0	0.0	0.0	0.0	0.0	0.0	0.0
205	1.0	0.0	0.0	0.0	1.0	2.0	0.0
206	1.0	0.0	1.0	0.0	0.3330000000000002	2.667	1.0
207	1.0	0.0	0.0	0.0	0.3330000000000002	2.667	0.0
208	0.0	0.0	0.0	0.0	0.0	0.0	0.0
209	1.0	0.0	0.0	0.0	1.0	2.0	0.0
210	2.0	0.0	2.0	0.0	2.0	4.0	2.0
211	0.0	0.0	0.0	0.0	0.0	0.0	0.0
212	2.0	0.0	1.0	0.0	2.0	4.0	1.0
213	3.0	0.0	2.0	0.0	1.6680000000000001	4.332	1.0
214	2.0	1.0	2.0	1.0	2.0	4.0	2.0
215	3.0	0.0	2.0	0.0	2.668	6.332	2.0
216	2.0	5.0	1.0	4.0	4.335000000000001	16.665	5.0
217	2.0	1.0	1.0	1.0	3.0	6.0	2.0
218	2.0	4.0	1.0	3.0	2.6660000000000004	9.334	3.0
219	0.0	0.0	0.0	0.0	0.0	0.0	0.0
220	0.0	0.0	0.0	0.0	0.0	0.0	0.0
221	0.0	0.0	0.0	0.0	0.0	0.0	0.0
222	0.0	0.0	0.0	0.0	0.0	0.0	0.0
223	1.0	1.0	0.0	0.0	2.0	4.0	0.0
224	2.0	2.0	2.0	1.0	2.333	6.667	2.0
225	2.0	2.0	1.0	0.0	2.6660000000000004	9.334	1.0
226	0.0	0.0	0.0	0.0	0.0	0.0	0.0
227	1.0	0.0	1.0	0.0	0.3330000000000002	2.667	1.0
228	2.0	1.0	1.0	0.0	3.0	6.0	1.0
229	0.0	0.0	0.0	0.0	0.0	0.0	0.0
230	2.0	0.0	1.0	0.0	2.0	4.0	1.0
231	1.0	0.0	1.0	0.0	0.3330000000000002	2.667	1.0
232	1.0	0.0	1.0	0.0	0.6680000000000001	2.332	1.0
233	0.0	1.0	0.0	1.0	1.0	2.0	1.0
234	2.0	0.0	1.0	0.0	0.6660000000000004	5.334	1.0
235	0.0	0.0	0.0	0.0	0.0	0.0	0.0
236	1.0	0.0	1.0	0.0	1.0	2.0	1.0
237	0.0	0.0	0.0	0.0	0.0	0.0	0.0
238	1.0	0.0	1.0	0.0	0.3330000000000002	2.667	1.0
239	1.0	0.0	1.0	0.0	1.0	2.0	1.0
240	2.0	0.0	1.0	0.0	2.0	4.0	1.0
241	2.0	0.0	1.0	0.0	0.6660000000000004	5.334	1.0
242	2.0	0.0	1.0	0.0	0.6660000000000004	5.334	1.0
243	0.0	0.0	0.0	0.0	0.0	0.0	0.0
244	1.0	0.0	1.0	0.0	1.0	2.0	1.0
245	2.0	0.0	2.0	0.0	2.4	3.6	2.0
246	3.0	0.0	2.0	0.0	3.0	6.0	2.0
247	0.0	0.0	0.0	0.0	0.0	0.0	0.0
248	3.0	0.0	2.0	0.0	3.0	6.0	2.0
249	0.0	0.0	0.0	0.0	0.0	0.0	0.0
250	0.0	0.0	0.0	0.0	0.0	0.0	0.0
251	1.0	0.0	0.0	0.0	0.6680000000000001	2.332	0.0
252	2.0	0.0	1.0	0.0	2.0	4.0	1.0
253	0.0	0.0	0.0	0.0	0.0	0.0	0.0
254	0.0	0.0	0.0	0.0	0.0	0.0	0.0
255	1.0	0.0	1.0	0.0	1.0	2.0	1.0
256	1.0	0.0	1.0	0.0	0.6680000000000001	2.332	1.0
257	2.0	0.0	2.0	0.0	2.4	3.6	2.0
258	1.0	0.0	1.0	0.0	1.0	2.0	1.0
259	0.0	0.0	0.0	0.0	0.0	0.0	0.0
260	0.0	0.0	0.0	0.0	0.0	0.0	0.0
261	0.0	0.0	0.0	0.0	0.0	0.0	0.0
262	1.0	0.0	0.0	0.0	1.0	2.0	0.0
263	1.0	0.0	1.0	0.0	1.0	2.0	1.0
264	2.0	0.0	2.0	0.0	2.0	4.0	2.0
265	1.0	0.0	0.0	0.0	0.3330000000000002	2.667	0.0
266	1.0	0.0	1.0	0.0	0.3330000000000002	2.667	1.0
267	2.0	0.0	1.0	0.0	2.4	3.6	1.0
268	1.0	1.0	1.0	1.0	0.6680000000000001	2.332	1.0
269	3.0	0.0	2.0	0.0	3.0	6.0	2.0
270	2.0	0.0	1.0	0.0	2.0	4.0	1.0
271	0.0	0.0	0.0	0.0	0.0	0.0	0.0
272	1.0	0.0	0.0	0.0	0.6680000000000001	2.332	0.0
273	2.0	0.0	2.0	0.0	2.0	4.0	2.0
274	1.0	0.0	1.0	0.0	0.3330000000000002	2.667	1.0
275	0.0	0.0	0.0	0.0	0.0	0.0	0.0
276	0.0	0.0	0.0	0.0	0.0	0.0	0.0
277	0.0	0.0	0.0	0.0	0.0	0.0	0.0
278	2.0	0.0	1.0	0.0	0.6660000000000004	5.334	1.0
279	1.0	0.0	0.0	0.0	1.0	2.0	0.0
280	1.0	0.0	0.0	0.0	0.3330000000000002	2.667	0.0
281	1.0	0.0	1.0	0.0	1.0	2.0	1.0
282	1.0	0.0	1.0	0.0	0.3330000000000002	2.667	1.0
283	1.0	2.0	0.0	0.0	2.0	4.0	0.0
284	0.0	0.0	0.0	0.0	0.0	0.0	0.0
285	0.0	0.0	0.0	0.0	0.0	0.0	0.0
286	2.0	0.0	1.0	0.0	2.0	4.0	1.0
287	1.0	0.0	1.0	0.0	0.3330000000000002	2.667	1.0
288	2.0	0.0	2.0	0.0	2.0	4.0	2.0
289	1.0	0.0	0.0	0.0	1.4	1.6	0.0
290	2.0	1.0	1.0	1.0	0.9990000000000006	8.001	2.0
291	1.0	2.0	1.0	2.0	1.0	2.0	1.0
292	0.0	0.0	0.0	0.0	0.0	0.0	0.0
293	3.0	0.0	3.0	0.0	2.4	3.6	2.0
294	0.0	0.0	0.0	0.0	0.0	0.0	0.0
295	2.0	0.0	1.0	0.0	2.0	4.0	1.0
296	1.0	0.0	0.0	0.0	0.3330000000000002	2.667	0.0
297	0.0	0.0	0.0	0.0	0.0	0.0	0.0
298	2.0	0.0	1.0	0.0	1.3360000000000003	4.664	1.0
299	1.0	0.0	1.0	0.0	0.3330000000000002	2.667	1.0
300	1.0	0.0	1.0	0.0	0.3330000000000002	2.667	1.0
301	2.0	0.0	1.0	0.0	2.0	4.0	1.0
302	2.0	1.0	1.0	1.0	1.6690000000000005	7.3309999999999995	2.0
303	3.0	0.0	2.0	0.0	2.3360000000000003	6.664	2.0
304	0.0	0.0	0.0	0.0	0.0	0.0	0.0
305	0.0	1.0	0.0	0.0	0.0	3.0	0.0
306	1.0	1.0	1.0	0.0	2.0	4.0	1.0
307	0.0	0.0	0.0	0.0	0.0	0.0	0.0
308	2.0	1.0	2.0	1.0	1.3330000000000002	4.667	2.0
309	0.0	2.0	0.0	0.0	0.6660000000000004	5.334	0.0
310	3.0	0.0	1.0	0.0	3.0	6.0	1.0
311	1.0	0.0	1.0	0.0	1.0	2.0	1.0
312	2.0	0.0	1.0	0.0	0.6660000000000004	5.334	1.0
313	0.0	2.0	0.0	2.0	0.3330000000000002	2.667	1.0
314	0.0	0.0	0.0	0.0	0.0	0.0	0.0
315	1.0	0.0	1.0	0.0	0.3330000000000002	2.667	1.0
316	2.0	0.0	2.0	0.0	2.0	4.0	2.0
317	0.0	0.0	0.0	0.0	0.0	0.0	0.0
318	0.0	1.0	0.0	1.0	0.6680000000000001	2.332	1.0
319	3.0	1.0	1.0	1.0	3.0	6.0	1.0
320	2.0	0.0	2.0	0.0	0.6660000000000004	5.334	2.0
321	2.0	0.0	1.0	0.0	0.6660000000000004	5.334	1.0
322	0.0	0.0	0.0	0.0	0.0	0.0	0.0
323	1.0	1.0	1.0	1.0	0.6680000000000001	2.332	1.0
324	0.0	0.0	0.0	0.0	0.0	0.0	0.0
325	1.0	0.0	1.0	0.0	0.3330000000000002	2.667	1.0
326	3.0	0.0	1.0	0.0	3.0	6.0	1.0
327	1.0	0.0	1.0	0.0	0.3330000000000002	2.667	1.0
328	0.0	0.0	0.0	0.0	0.0	0.0	0.0
329	1.0	0.0	1.0	0.0	1.0	2.0	1.0
330	1.0	0.0	1.0	0.0	0.3330000000000002	2.667	1.0
331	1.0	0.0	1.0	0.0	0.3330000000000002	2.667	1.0
332	0.0	0.0	0.0	0.0	0.0	0.0	0.0
333	0.0	0.0	0.0	0.0	0.0	0.0	0.0
334	1.0	0.0	1.0	0.0	1.0	2.0	1.0
335	0.0	0.0	0.0	0.0	0.0	0.0	0.0
336	0.0	0.0	0.0	0.0	0.0	0.0	0.0
337	0.0	0.0	0.0	0.0	0.0	0.0	0.0
338	2.0	0.0	2.0	0.0	2.0	4.0	2.0
339	1.0	0.0	1.0	0.0	1.0	2.0	1.0
340	2.0	0.0	0.0	0.0	0.3330000000000002	2.667	0.0
