all_syn	all_nonSyn	tip_syn	tip_nonSyn	S	N	comparisons
001	0.0	0.0	0.0	0.0	0.0	0.0	0.0
002	0.0	0.0	0.0	0.0	0.0	0.0	0.0
003	0.0	0.0	0.0	0.0	0.0	0.0	0.0
004	0.0	0.0	0.0	0.0	0.0	0.0	0.0
005	0.0	0.0	0.0	0.0	0.0	0.0	0.0
006	0.0	0.0	0.0	0.0	0.0	0.0	0.0
007	0.0	0.0	0.0	0.0	0.0	0.0	0.0
008	0.0	0.0	0.0	0.0	0.0	0.0	0.0
009	0.0	3.0	0.0	0.0	1.0	5.0	0.0
010	1.0	2.0	0.0	0.0	0.3330000000000002	2.667	0.0
011	1.0	1.0	0.0	0.0	0.3330000000000002	2.667	0.0
012	0.0	0.0	0.0	0.0	0.0	0.0	0.0
013	0.0	0.0	0.0	0.0	0.0	0.0	0.0
014	0.0	0.0	0.0	0.0	0.0	0.0	0.0
015	0.0	0.0	0.0	0.0	0.0	0.0	0.0
016	0.0	0.0	0.0	0.0	0.0	0.0	0.0
017	0.0	0.0	0.0	0.0	0.0	0.0	0.0
018	0.0	0.0	0.0	0.0	0.0	0.0	0.0
019	0.0	0.0	0.0	0.0	0.0	0.0	0.0
020	0.0	0.0	0.0	0.0	0.0	0.0	0.0
021	0.0	0.0	0.0	0.0	0.0	0.0	0.0
022	0.0	0.0	0.0	0.0	0.0	0.0	0.0
023	0.0	0.0	0.0	0.0	0.0	0.0	0.0
024	0.0	0.0	0.0	0.0	0.0	0.0	0.0
025	0.0	0.0	0.0	0.0	0.0	0.0	0.0
026	0.0	0.0	0.0	0.0	0.0	0.0	0.0
027	1.0	2.0	0.0	0.0	1.0	2.0	0.0
028	0.0	0.0	0.0	0.0	0.0	0.0	0.0
029	0.0	2.0	0.0	0.0	1.733	4.2669999999999995	0.0
030	0.0	2.0	0.0	0.0	0.3330000000000002	2.667	0.0
031	0.0	1.0	0.0	0.0	0.6680000000000001	2.332	0.0
032	0.0	3.0	0.0	0.0	0.3330000000000002	5.667	0.0
033	1.0	3.0	1.0	1.0	1.3330000000000002	4.667	1.0
034	1.0	1.0	1.0	1.0	0.6680000000000001	2.332	1.0
035	1.0	4.0	1.0	2.0	3.733	8.267	2.0
036	1.0	1.0	1.0	1.0	1.0010000000000003	4.999	2.0
037	1.0	2.0	0.0	1.0	1.6660000000000004	7.334	1.0
038	4.0	5.0	1.0	2.0	3.9990000000000006	14.001	2.0
039	5.0	4.0	4.0	3.0	6.333	14.667	5.0
040	5.0	5.0	5.0	3.0	6.001	14.999	5.0
041	3.0	1.0	2.0	1.0	2.3360000000000003	6.664	2.0
042	2.0	1.0	2.0	1.0	2.0	4.0	2.0
043	0.0	2.0	0.0	1.0	2.0	4.0	1.0
044	2.0	4.0	0.0	4.0	5.0040000000000004	12.996000000000002	4.0
045	2.0	8.0	1.0	4.0	6.668	14.332	3.0
046	2.0	1.0	1.0	0.0	3.0	6.0	1.0
047	3.0	0.0	2.0	0.0	2.3360000000000003	6.664	2.0
048	4.0	2.0	2.0	2.0	6.0	12.0	4.0
049	3.0	0.0	0.0	0.0	3.0	6.0	0.0
050	2.0	0.0	2.0	0.0	2.0	4.0	2.0
051	3.0	1.0	1.0	1.0	1.6660000000000004	7.334	1.0
052	2.0	2.0	0.0	2.0	2.668	6.332	1.0
053	3.0	1.0	2.0	1.0	3.4	5.6	2.0
054	2.0	1.0	1.0	0.0	2.068	3.932	1.0
055	2.0	2.0	2.0	1.0	2.6660000000000004	9.334	3.0
056	3.0	2.0	3.0	2.0	4.133	7.866999999999999	4.0
057	2.0	5.0	0.0	5.0	7.0	14.0	5.0
058	3.0	3.0	3.0	1.0	4.069000000000001	10.931000000000001	3.0
059	0.0	2.0	0.0	2.0	0.6680000000000001	2.332	1.0
060	3.0	6.0	1.0	4.0	5.072	12.928	4.0
061	0.0	3.0	0.0	1.0	2.0010000000000003	6.999	1.0
062	2.0	6.0	1.0	3.0	4.6690000000000005	13.331	3.0
063	3.0	4.0	1.0	2.0	5.001	12.998999999999999	2.0
064	1.0	1.0	0.0	1.0	0.6660000000000004	5.334	1.0
065	0.0	2.0	0.0	0.0	2.0	4.0	0.0
066	1.0	2.0	0.0	0.0	0.3330000000000002	2.667	0.0
067	0.0	3.0	0.0	3.0	0.3330000000000002	2.667	1.0
068	0.0	2.0	0.0	0.0	0.0	3.0	0.0
069	1.0	7.0	1.0	3.0	4.332000000000001	16.668	4.0
070	4.0	8.0	2.0	5.0	5.9990000000000006	18.000999999999998	4.0
071	5.0	3.0	2.0	2.0	6.6690000000000005	17.331	4.0
072	2.0	3.0	1.0	1.0	2.333	6.667	1.0
073	3.0	4.0	1.0	1.0	2.333	6.667	1.0
074	2.0	6.0	1.0	3.0	2.9990000000000006	12.001	2.0
075	5.0	3.0	4.0	2.0	7.0	14.0	5.0
076	5.0	7.0	2.0	4.0	7.666	19.334	5.0
077	5.0	1.0	4.0	1.0	5.668	12.332	5.0
078	1.0	8.0	0.0	3.0	4.667000000000001	16.333	2.0
079	1.0	6.0	1.0	5.0	3.3320000000000007	14.668	5.0
080	3.0	4.0	2.0	4.0	3.333	8.667	3.0
081	4.0	3.0	2.0	3.0	5.068	9.932	3.0
082	4.0	5.0	2.0	3.0	5.001	12.998999999999999	3.0
083	0.0	0.0	0.0	0.0	0.0	0.0	0.0
084	2.0	4.0	2.0	1.0	2.665000000000001	15.334999999999999	3.0
085	1.0	0.0	1.0	0.0	0.3330000000000002	2.667	1.0
086	1.0	5.0	1.0	2.0	3.3320000000000007	14.668	3.0
087	0.0	4.0	0.0	1.0	2.6660000000000004	9.334	1.0
088	0.0	5.0	0.0	3.0	4.333	10.667	3.0
089	5.0	9.0	2.0	7.0	9.733	20.267	5.0
090	3.0	6.0	1.0	4.0	6.333	14.667	4.0
091	3.0	5.0	1.0	3.0	8.4	15.6	4.0
092	3.0	6.0	0.0	4.0	7.0	14.0	4.0
093	1.0	6.0	0.0	2.0	3.333	8.667	2.0
094	2.0	5.0	0.0	2.0	3.6660000000000004	11.334	2.0
095	2.0	6.0	0.0	1.0	3.333	11.667	1.0
096	2.0	4.0	1.0	1.0	3.6660000000000004	11.334	2.0
097	1.0	5.0	0.0	1.0	1.3320000000000007	10.668	1.0
098	0.0	1.0	0.0	0.0	0.3330000000000002	2.667	0.0
099	1.0	5.0	1.0	2.0	3.6660000000000004	11.334	2.0
100	2.0	4.0	2.0	3.0	2.668	6.332	2.0
101	1.0	4.0	1.0	2.0	1.6660000000000004	7.334	2.0
102	1.0	4.0	1.0	2.0	2.6660000000000004	9.334	2.0
103	4.0	2.0	1.0	0.0	3.333	8.667	1.0
104	4.0	5.0	3.0	1.0	8.068	15.932	3.0
105	2.0	3.0	1.0	0.0	2.6660000000000004	9.334	1.0
106	0.0	0.0	0.0	0.0	0.0	0.0	0.0
107	0.0	0.0	0.0	0.0	0.0	0.0	0.0
108	0.0	0.0	0.0	0.0	0.0	0.0	0.0
109	0.0	1.0	0.0	0.0	1.0	2.0	0.0
110	1.0	2.0	1.0	1.0	1.3330000000000002	4.667	1.0
111	0.0	0.0	0.0	0.0	0.0	0.0	0.0
112	0.0	4.0	0.0	2.0	2.333	6.667	2.0
113	0.0	0.0	0.0	0.0	0.0	0.0	0.0
114	0.0	0.0	0.0	0.0	0.0	0.0	0.0
115	2.0	3.0	0.0	1.0	3.0	6.0	1.0
116	2.0	1.0	1.0	0.0	1.3330000000000002	4.667	1.0
117	4.0	7.0	3.0	6.0	6.736	14.264	5.0
118	5.0	7.0	2.0	3.0	5.0	13.0	2.0
119	1.0	5.0	1.0	3.0	2.000000000000001	12.999999999999998	3.0
120	6.0	1.0	3.0	1.0	7.0	14.0	4.0
121	4.0	3.0	2.0	0.0	3.3340000000000005	11.666	2.0
122	2.0	5.0	2.0	2.0	3.9990000000000006	14.001	4.0
123	2.0	1.0	2.0	0.0	3.0	6.0	2.0
124	1.0	3.0	1.0	0.0	1.3320000000000007	10.668	1.0
125	1.0	3.0	0.0	1.0	3.4	5.6	1.0
126	1.0	2.0	0.0	1.0	1.6660000000000004	7.334	1.0
127	1.0	3.0	1.0	2.0	1.6660000000000004	7.334	2.0
128	2.0	3.0	0.0	3.0	3.333	8.667	2.0
129	0.0	0.0	0.0	0.0	0.0	0.0	0.0
130	1.0	4.0	1.0	1.0	2.6660000000000004	9.334	2.0
131	1.0	0.0	0.0	0.0	1.0	2.0	0.0
132	1.0	3.0	1.0	1.0	2.333	6.667	1.0
133	1.0	5.0	1.0	3.0	2.6660000000000004	9.334	2.0
134	2.0	3.0	1.0	1.0	1.3330000000000002	4.667	1.0
135	2.0	3.0	1.0	1.0	2.9990000000000006	12.001	2.0
136	0.0	3.0	0.0	1.0	0.6660000000000004	5.334	1.0
137	1.0	2.0	0.0	1.0	1.6660000000000004	7.334	1.0
138	0.0	0.0	0.0	0.0	0.0	0.0	0.0
139	2.0	2.0	1.0	0.0	3.068	5.932	1.0
140	0.0	6.0	0.0	4.0	1.9990000000000006	10.001	2.0
141	1.0	3.0	0.0	1.0	0.9990000000000006	8.001	1.0
142	1.0	3.0	0.0	1.0	1.3330000000000002	4.667	1.0
143	2.0	1.0	0.0	0.0	0.9990000000000006	8.001	0.0
144	1.0	2.0	0.0	0.0	0.6660000000000004	5.334	0.0
145	1.0	4.0	0.0	2.0	2.3320000000000007	12.668	2.0
146	1.0	2.0	0.0	0.0	1.3330000000000002	4.667	0.0
147	1.0	2.0	0.0	0.0	1.3330000000000002	4.667	0.0
148	2.0	2.0	0.0	0.0	2.0	4.0	0.0
149	0.0	1.0	0.0	0.0	0.3330000000000002	2.667	0.0
150	0.0	0.0	0.0	0.0	0.0	0.0	0.0
151	0.0	1.0	0.0	0.0	0.3330000000000002	2.667	0.0
152	0.0	2.0	0.0	0.0	1.3330000000000002	4.667	0.0
153	1.0	1.0	1.0	0.0	1.0010000000000003	4.999	1.0
154	1.0	2.0	0.0	1.0	2.0	4.0	1.0
155	0.0	3.0	0.0	0.0	0.9990000000000006	8.001	0.0
156	1.0	1.0	0.0	0.0	0.3330000000000002	2.667	0.0
157	0.0	0.0	0.0	0.0	0.0	0.0	0.0
158	1.0	0.0	0.0	0.0	0.3330000000000002	2.667	0.0
159	0.0	1.0	0.0	0.0	0.3330000000000002	2.667	0.0
160	1.0	0.0	0.0	0.0	0.3330000000000002	2.667	0.0
161	1.0	0.0	0.0	0.0	0.3330000000000002	2.667	0.0
162	1.0	2.0	0.0	0.0	0.6660000000000004	5.334	0.0
163	0.0	0.0	0.0	0.0	0.0	0.0	0.0
164	1.0	4.0	0.0	2.0	1.6660000000000004	7.334	1.0
165	2.0	2.0	0.0	1.0	2.333	6.667	1.0
166	0.0	0.0	0.0	0.0	0.0	0.0	0.0
167	0.0	0.0	0.0	0.0	0.0	0.0	0.0
168	0.0	0.0	0.0	0.0	0.0	0.0	0.0
169	2.0	3.0	0.0	2.0	5.0	10.0	2.0
170	1.0	3.0	0.0	1.0	1.3320000000000007	10.668	1.0
171	0.0	2.0	0.0	2.0	0.3330000000000002	2.667	1.0
172	0.0	0.0	0.0	0.0	0.0	0.0	0.0
173	2.0	3.0	1.0	2.0	3.668	8.332	2.0
174	1.0	0.0	0.0	0.0	0.3330000000000002	2.667	0.0
175	0.0	3.0	0.0	0.0	0.6660000000000004	5.334	0.0
176	0.0	3.0	0.0	0.0	0.9990000000000006	8.001	0.0
177	2.0	2.0	1.0	1.0	1.0010000000000003	4.999	1.0
178	1.0	1.0	0.0	0.0	0.6660000000000004	5.334	0.0
179	2.0	4.0	1.0	3.0	2.733	6.2669999999999995	2.0
180	0.0	3.0	0.0	0.0	0.6660000000000004	5.334	0.0
181	2.0	0.0	0.0	0.0	0.6660000000000004	5.334	0.0
182	1.0	1.0	0.0	0.0	0.3330000000000002	2.667	0.0
183	0.0	0.0	0.0	0.0	0.0	0.0	0.0
184	0.0	3.0	0.0	1.0	1.3330000000000002	4.667	1.0
185	1.0	0.0	1.0	0.0	0.6680000000000001	2.332	1.0
186	1.0	0.0	1.0	0.0	0.3330000000000002	2.667	1.0
187	0.0	2.0	0.0	1.0	0.6660000000000004	5.334	1.0
188	1.0	1.0	0.0	0.0	1.0	2.0	0.0
189	1.0	0.0	1.0	0.0	0.3330000000000002	2.667	1.0
190	1.0	0.0	0.0	0.0	0.3330000000000002	2.667	0.0
191	0.0	0.0	0.0	0.0	0.0	0.0	0.0
192	1.0	1.0	0.0	0.0	1.0	2.0	0.0
193	1.0	0.0	1.0	0.0	1.0	2.0	1.0
194	1.0	2.0	0.0	2.0	1.3330000000000002	4.667	1.0
195	1.0	2.0	1.0	2.0	1.733	4.2669999999999995	2.0
196	0.0	0.0	0.0	0.0	0.0	0.0	0.0
197	2.0	4.0	1.0	3.0	2.0010000000000003	6.999	2.0
198	0.0	1.0	0.0	0.0	0.3330000000000002	2.667	0.0
199	1.0	1.0	0.0	0.0	0.6660000000000004	5.334	0.0
200	1.0	0.0	0.0	0.0	0.3330000000000002	2.667	0.0
201	2.0	0.0	0.0	0.0	2.0	4.0	0.0
202	1.0	5.0	1.0	2.0	2.4010000000000002	6.599	1.0
203	0.0	3.0	0.0	0.0	2.333	6.667	0.0
204	2.0	1.0	1.0	0.0	0.9990000000000006	8.001	1.0
205	2.0	3.0	0.0	1.0	1.6670000000000007	10.332999999999998	1.0
206	1.0	2.0	1.0	0.0	1.0010000000000003	4.999	1.0
207	1.0	3.0	0.0	1.0	1.3340000000000005	7.6659999999999995	1.0
208	4.0	1.0	3.0	0.0	1.665000000000001	13.334999999999999	3.0
209	3.0	4.0	2.0	1.0	2.665000000000001	15.334999999999999	3.0
210	3.0	5.0	2.0	1.0	4.9990000000000006	16.000999999999998	3.0
211	1.0	0.0	1.0	0.0	0.3330000000000002	2.667	1.0
212	4.0	1.0	4.0	0.0	2.9990000000000006	12.001	4.0
213	2.0	6.0	2.0	4.0	3.335000000000001	14.665	5.0
214	3.0	6.0	2.0	4.0	5.335000000000001	18.665	5.0
215	0.0	1.0	0.0	1.0	0.6680000000000001	2.332	1.0
216	2.0	6.0	2.0	4.0	3.6670000000000007	14.332999999999998	4.0
217	1.0	3.0	1.0	1.0	1.3320000000000007	10.668	2.0
218	0.0	4.0	0.0	2.0	1.6660000000000004	7.334	2.0
219	1.0	3.0	1.0	3.0	0.9990000000000006	8.001	3.0
220	2.0	6.0	1.0	4.0	3.668000000000001	17.332	4.0
221	4.0	5.0	1.0	1.0	4.002000000000001	13.998000000000001	2.0
222	1.0	3.0	1.0	2.0	1.3340000000000005	7.6659999999999995	2.0
223	3.0	6.0	2.0	2.0	4.9990000000000006	16.000999999999998	3.0
224	0.0	6.0	0.0	4.0	2.6670000000000007	12.333	3.0
225	4.0	3.0	3.0	3.0	2.3340000000000005	9.666	3.0
226	2.0	3.0	1.0	1.0	2.9990000000000006	12.001	2.0
227	2.0	6.0	1.0	3.0	3.335000000000001	14.665	3.0
228	4.0	1.0	3.0	1.0	2.3320000000000007	12.668	4.0
229	4.0	0.0	2.0	0.0	1.3320000000000007	10.668	2.0
230	2.0	0.0	1.0	0.0	0.6660000000000004	5.334	1.0
231	1.0	8.0	1.0	3.0	4.665000000000001	19.335	3.0
232	6.0	0.0	3.0	0.0	4.0040000000000004	10.995999999999999	2.0
233	3.0	0.0	2.0	0.0	2.668	6.332	2.0
234	3.0	0.0	1.0	0.0	0.9990000000000006	8.001	1.0
235	0.0	2.0	0.0	1.0	0.6660000000000004	5.334	1.0
236	2.0	0.0	2.0	0.0	0.6660000000000004	5.334	2.0
237	2.0	0.0	1.0	0.0	2.0	4.0	1.0
238	3.0	6.0	1.0	2.0	4.3340000000000005	13.666	2.0
239	2.0	0.0	2.0	0.0	0.6660000000000004	5.334	2.0
240	3.0	0.0	3.0	0.0	0.9990000000000006	8.001	3.0
241	2.0	2.0	2.0	2.0	1.3320000000000007	10.668	4.0
242	5.0	1.0	3.0	1.0	6.0	12.0	4.0
243	0.0	0.0	0.0	0.0	0.0	0.0	0.0
244	4.0	2.0	3.0	2.0	2.6670000000000007	12.333	4.0
245	2.0	6.0	0.0	6.0	1.998000000000001	16.002	4.0
246	5.0	0.0	2.0	0.0	5.800000000000001	9.2	2.0
247	5.0	0.0	3.0	0.0	5.0	10.0	3.0
248	3.0	1.0	1.0	1.0	4.0	8.0	2.0
249	0.0	3.0	0.0	1.0	0.9990000000000006	8.001	1.0
250	3.0	2.0	1.0	1.0	2.9990000000000006	12.001	2.0
251	5.0	2.0	2.0	1.0	5.666	15.334	3.0
252	2.0	1.0	2.0	1.0	2.068	3.932	2.0
253	3.0	0.0	2.0	0.0	0.9990000000000006	8.001	2.0
254	4.0	1.0	1.0	1.0	4.333	10.667	2.0
255	1.0	0.0	1.0	0.0	0.3330000000000002	2.667	1.0
256	4.0	0.0	1.0	0.0	4.0	8.0	1.0
257	2.0	2.0	2.0	2.0	3.736	8.264	4.0
258	2.0	5.0	2.0	3.0	3.3320000000000007	14.668	4.0
259	4.0	3.0	4.0	1.0	6.0	12.0	4.0
260	3.0	0.0	2.0	0.0	3.8	5.2	2.0
261	4.0	5.0	2.0	3.0	6.002000000000001	17.998	4.0
262	1.0	11.0	1.0	8.0	3.9970000000000017	26.003	7.0
263	2.0	5.0	1.0	4.0	3.0010000000000003	8.998999999999999	3.0
264	1.0	3.0	0.0	1.0	1.9990000000000006	10.001	1.0
265	1.0	5.0	1.0	3.0	3.0010000000000003	8.998999999999999	2.0
266	7.0	0.0	4.0	0.0	5.336	12.664000000000001	3.0
267	5.0	4.0	3.0	3.0	8.333	18.667	6.0
268	1.0	4.0	1.0	4.0	2.333	6.667	3.0
269	2.0	2.0	0.0	1.0	1.6660000000000004	7.334	1.0
270	2.0	3.0	1.0	3.0	0.9990000000000006	8.001	2.0
271	3.0	2.0	2.0	2.0	2.6660000000000004	9.334	3.0
272	1.0	4.0	0.0	3.0	1.6660000000000004	7.334	2.0
273	2.0	7.0	1.0	2.0	5.333	12.667	2.0
274	3.0	2.0	2.0	0.0	4.069000000000001	10.931	2.0
275	2.0	5.0	0.0	3.0	3.6670000000000007	14.333	3.0
276	2.0	4.0	2.0	1.0	3.9990000000000006	14.001	3.0
277	5.0	4.0	4.0	3.0	8.0	16.0	6.0
278	2.0	4.0	1.0	1.0	3.6660000000000004	11.334	2.0
279	6.0	4.0	3.0	2.0	5.666	15.334	4.0
280	2.0	2.0	0.0	1.0	1.3320000000000007	10.668	1.0
281	2.0	3.0	1.0	3.0	1.6660000000000004	7.334	2.0
282	1.0	5.0	0.0	3.0	3.3990000000000005	11.600999999999999	3.0
283	4.0	3.0	3.0	2.0	6.0	12.0	4.0
284	2.0	3.0	1.0	3.0	0.9990000000000006	11.001	3.0
285	4.0	2.0	4.0	1.0	5.0	10.0	4.0
286	0.0	2.0	0.0	1.0	0.3330000000000002	5.667	1.0
287	1.0	3.0	1.0	3.0	0.9990000000000006	8.001	3.0
288	4.0	3.0	2.0	2.0	5.401	12.599	3.0
289	4.0	0.0	2.0	0.0	4.0	8.0	2.0
290	2.0	3.0	1.0	3.0	2.6660000000000004	9.334	3.0
291	3.0	6.0	1.0	2.0	3.6660000000000004	11.334	2.0
292	0.0	2.0	0.0	1.0	0.6660000000000004	5.334	1.0
293	0.0	1.0	0.0	1.0	0.3330000000000002	2.667	1.0
294	3.0	0.0	1.0	0.0	3.0	6.0	1.0
295	2.0	0.0	1.0	0.0	0.6660000000000004	5.334	1.0
296	4.0	0.0	2.0	0.0	4.0	8.0	2.0
297	0.0	3.0	0.0	2.0	1.6660000000000004	7.334	2.0
298	1.0	0.0	1.0	0.0	0.3330000000000002	2.667	1.0
299	1.0	1.0	1.0	1.0	0.6660000000000004	5.334	2.0
300	1.0	4.0	1.0	4.0	3.6660000000000004	11.334	5.0
301	1.0	6.0	1.0	3.0	2.3320000000000007	12.668	2.0
302	3.0	3.0	1.0	2.0	2.9990000000000006	12.001	2.0
303	0.0	0.0	0.0	0.0	0.0	0.0	0.0
304	1.0	3.0	1.0	3.0	1.3340000000000005	7.6659999999999995	3.0
305	1.0	2.0	1.0	2.0	1.3340000000000005	7.6659999999999995	3.0
306	1.0	2.0	1.0	2.0	1.3330000000000002	4.667	2.0
307	2.0	4.0	1.0	3.0	2.6660000000000004	9.334	2.0
308	1.0	0.0	0.0	0.0	1.0	2.0	0.0
309	5.0	1.0	1.0	0.0	5.0	10.0	1.0
310	3.0	4.0	0.0	4.0	5.333	12.667	3.0
311	3.0	2.0	2.0	1.0	1.3320000000000007	10.668	3.0
312	3.0	1.0	3.0	1.0	2.668	6.332	3.0
313	4.0	1.0	3.0	1.0	4.0	8.0	3.0
314	2.0	0.0	1.0	0.0	0.6660000000000004	5.334	1.0
315	5.0	5.0	4.0	4.0	5.6690000000000005	15.331	5.0
316	5.0	0.0	4.0	0.0	5.0	10.0	4.0
317	3.0	0.0	2.0	0.0	3.0	6.0	2.0
318	4.0	4.0	2.0	1.0	4.666	13.334	2.0
319	1.0	0.0	1.0	0.0	1.0	2.0	1.0
320	2.0	1.0	1.0	1.0	0.9990000000000006	8.001	2.0
321	5.0	4.0	2.0	3.0	8.0	16.0	4.0
322	4.0	0.0	2.0	0.0	4.0	8.0	2.0
323	2.0	0.0	1.0	0.0	0.6660000000000004	5.334	1.0
324	3.0	0.0	1.0	0.0	0.9990000000000006	8.001	1.0
325	4.0	2.0	3.0	2.0	4.8	10.2	4.0
326	5.0	2.0	1.0	1.0	3.6720000000000006	14.328	2.0
327	2.0	0.0	2.0	0.0	2.0	4.0	2.0
328	2.0	0.0	2.0	0.0	0.6660000000000004	5.334	2.0
329	1.0	0.0	1.0	0.0	0.3330000000000002	2.667	1.0
330	4.0	0.0	3.0	0.0	4.0	8.0	3.0
331	2.0	2.0	2.0	2.0	1.6660000000000004	7.334	3.0
332	6.0	0.0	4.0	0.0	6.0	12.0	4.0
333	4.0	7.0	3.0	4.0	4.9990000000000006	16.000999999999998	4.0
334	1.0	6.0	1.0	3.0	3.000000000000001	15.0	3.0
335	2.0	0.0	1.0	0.0	0.6660000000000004	5.334	1.0
336	2.0	0.0	2.0	0.0	2.0	4.0	2.0
337	2.0	6.0	2.0	4.0	2.6660000000000004	9.334	2.0
338	2.0	3.0	1.0	2.0	2.333	6.667	2.0
339	1.0	4.0	0.0	3.0	2.6660000000000004	9.334	2.0
340	3.0	2.0	3.0	0.0	0.9990000000000006	11.001	3.0
341	1.0	0.0	1.0	0.0	1.0	2.0	1.0
342	0.0	3.0	0.0	1.0	1.6660000000000004	7.334	1.0
343	1.0	1.0	1.0	1.0	0.6660000000000004	5.334	2.0
344	2.0	0.0	1.0	0.0	0.6660000000000004	5.334	1.0
345	3.0	3.0	3.0	2.0	4.668	10.332	4.0
346	4.0	2.0	3.0	2.0	3.4010000000000002	11.599	4.0
347	0.0	4.0	0.0	2.0	1.3320000000000007	10.668	2.0
348	0.0	0.0	0.0	0.0	0.0	0.0	0.0
349	2.0	0.0	1.0	0.0	0.6660000000000004	5.334	1.0
350	3.0	0.0	3.0	0.0	3.0	6.0	3.0
351	1.0	2.0	1.0	2.0	0.9990000000000006	8.001	3.0
352	0.0	3.0	0.0	3.0	3.0	6.0	3.0
353	1.0	0.0	0.0	0.0	0.3330000000000002	2.667	0.0
354	1.0	1.0	1.0	1.0	0.6660000000000004	5.334	2.0
355	4.0	0.0	2.0	0.0	1.3320000000000007	10.668	2.0
356	0.0	0.0	0.0	0.0	0.0	0.0	0.0
357	0.0	3.0	0.0	2.0	0.9990000000000006	8.001	2.0
358	4.0	0.0	0.0	0.0	4.0	8.0	0.0
359	9.0	0.0	4.0	0.0	6.672000000000001	17.328	4.0
360	4.0	0.0	1.0	0.0	4.4	7.6	1.0
361	2.0	0.0	2.0	0.0	2.0	4.0	2.0
362	4.0	1.0	1.0	0.0	3.6660000000000004	11.334	1.0
363	2.0	0.0	1.0	0.0	0.6660000000000004	5.334	1.0
364	4.0	0.0	1.0	0.0	4.0	8.0	1.0
365	3.0	5.0	1.0	1.0	5.067	15.933	2.0
366	2.0	6.0	1.0	4.0	6.7330000000000005	14.267	4.0
367	5.0	1.0	3.0	1.0	5.0	10.0	3.0
368	2.0	2.0	2.0	2.0	1.3330000000000002	4.667	2.0
369	3.0	0.0	2.0	0.0	3.068	5.932	2.0
370	0.0	5.0	0.0	3.0	1.3320000000000007	10.668	2.0
371	1.0	3.0	0.0	2.0	3.333	8.667	2.0
372	0.0	1.0	0.0	1.0	0.3330000000000002	2.667	1.0
373	5.0	3.0	2.0	2.0	4.333	10.667	2.0
374	5.0	1.0	2.0	1.0	5.333	12.667	3.0
375	5.0	4.0	3.0	4.0	6.8660000000000005	14.134	5.0
376	4.0	1.0	1.0	0.0	5.0	10.0	1.0
377	2.0	2.0	0.0	2.0	3.3360000000000003	8.664	2.0
378	3.0	2.0	2.0	1.0	1.3320000000000007	10.668	3.0
379	0.0	0.0	0.0	0.0	0.0	0.0	0.0
380	3.0	1.0	2.0	0.0	1.3320000000000007	10.668	2.0
381	2.0	4.0	1.0	3.0	2.3320000000000007	12.668	3.0
382	0.0	2.0	0.0	0.0	1.6680000000000001	4.332	0.0
383	1.0	3.0	1.0	2.0	1.3320000000000007	10.668	3.0
384	0.0	0.0	0.0	0.0	0.0	0.0	0.0
385	3.0	0.0	3.0	0.0	3.0	6.0	3.0
386	3.0	2.0	1.0	2.0	1.3320000000000007	10.668	2.0
387	4.0	0.0	3.0	0.0	4.4	7.6	3.0
388	1.0	0.0	0.0	0.0	0.3330000000000002	2.667	0.0
389	0.0	4.0	0.0	3.0	1.6660000000000004	10.334	3.0
390	1.0	1.0	1.0	1.0	1.0010000000000003	4.999	2.0
391	1.0	0.0	1.0	0.0	0.3330000000000002	2.667	1.0
392	2.0	5.0	0.0	2.0	5.6690000000000005	15.331000000000001	2.0
393	3.0	6.0	2.0	6.0	3.000000000000001	14.999999999999998	5.0
394	3.0	4.0	2.0	1.0	3.7350000000000008	14.264999999999999	3.0
395	0.0	1.0	0.0	1.0	0.3330000000000002	2.667	1.0
396	5.0	4.0	2.0	4.0	6.001	14.998999999999999	4.0
397	4.0	2.0	3.0	1.0	4.333	10.667	3.0
398	7.0	0.0	3.0	0.0	6.668	14.332	3.0
399	4.0	1.0	2.0	1.0	1.3320000000000007	10.668	2.0
400	3.0	2.0	2.0	1.0	3.333	8.667	2.0
401	0.0	0.0	0.0	0.0	0.0	0.0	0.0
402	2.0	10.0	2.0	5.0	5.665000000000001	21.335	4.0
403	2.0	2.0	1.0	2.0	3.0	6.0	2.0
404	1.0	3.0	1.0	2.0	1.6660000000000004	7.334	2.0
405	2.0	1.0	1.0	1.0	3.4	5.6	2.0
406	0.0	0.0	0.0	0.0	0.0	0.0	0.0
407	3.0	7.0	2.0	5.0	4.000000000000001	17.0	4.0
408	3.0	1.0	2.0	1.0	1.3320000000000007	10.668	3.0
409	2.0	2.0	2.0	1.0	2.668	6.332	2.0
410	2.0	8.0	2.0	4.0	3.6670000000000007	17.333	4.0
411	6.0	0.0	2.0	0.0	6.0	12.0	2.0
412	6.0	1.0	3.0	1.0	7.0	14.0	4.0
413	3.0	0.0	1.0	0.0	0.9990000000000006	8.001	1.0
414	5.0	6.0	2.0	6.0	5.9990000000000006	18.000999999999998	5.0
415	1.0	3.0	1.0	3.0	1.9990000000000006	10.001	4.0
416	2.0	3.0	2.0	3.0	2.6690000000000005	9.331	4.0
417	5.0	3.0	3.0	3.0	5.333	12.667	4.0
418	4.0	6.0	3.0	4.0	4.332000000000001	16.668	5.0
419	2.0	2.0	2.0	2.0	1.3330000000000002	4.667	2.0
420	3.0	5.0	1.0	5.0	3.3320000000000007	14.668	4.0
421	3.0	2.0	1.0	2.0	4.333	10.667	3.0
422	1.0	2.0	0.0	0.0	0.6660000000000004	5.334	0.0
423	1.0	2.0	0.0	0.0	1.0	2.0	0.0
424	2.0	7.0	0.0	4.0	3.335000000000001	14.665	3.0
425	3.0	9.0	1.0	7.0	5.665000000000001	21.335	6.0
426	1.0	8.0	1.0	4.0	4.3340000000000005	16.665999999999997	4.0
427	5.0	6.0	3.0	3.0	8.334	21.666	5.0
428	4.0	4.0	2.0	2.0	4.332000000000001	16.668	4.0
429	0.0	7.0	0.0	3.0	3.6670000000000007	14.332999999999998	3.0
430	4.0	3.0	1.0	2.0	2.6670000000000007	12.332999999999998	3.0
431	1.0	7.0	0.0	3.0	2.6670000000000007	12.332999999999998	3.0
432	2.0	3.0	1.0	2.0	1.9990000000000006	10.001	2.0
433	2.0	3.0	1.0	1.0	1.6660000000000004	7.334	1.0
434	1.0	0.0	0.0	0.0	1.0	2.0	0.0
435	2.0	1.0	1.0	0.0	2.333	6.667	1.0
436	0.0	0.0	0.0	0.0	0.0	0.0	0.0
437	0.0	0.0	0.0	0.0	0.0	0.0	0.0
438	0.0	0.0	0.0	0.0	0.0	0.0	0.0
439	0.0	0.0	0.0	0.0	0.0	0.0	0.0
440	0.0	0.0	0.0	0.0	0.0	0.0	0.0
441	0.0	0.0	0.0	0.0	0.0	0.0	0.0
442	0.0	0.0	0.0	0.0	0.0	0.0	0.0
443	0.0	0.0	0.0	0.0	0.0	0.0	0.0
444	0.0	0.0	0.0	0.0	0.0	0.0	0.0
445	0.0	0.0	0.0	0.0	0.0	0.0	0.0
446	0.0	0.0	0.0	0.0	0.0	0.0	0.0
447	0.0	0.0	0.0	0.0	0.0	0.0	0.0
448	0.0	0.0	0.0	0.0	0.0	0.0	0.0
449	0.0	0.0	0.0	0.0	0.0	0.0	0.0
450	2.0	2.0	1.0	1.0	2.333	6.667	2.0
451	2.0	4.0	1.0	4.0	2.6660000000000004	9.334	3.0
452	2.0	2.0	1.0	2.0	2.333	6.667	2.0
453	2.0	1.0	1.0	0.0	3.0	6.0	1.0
454	3.0	4.0	2.0	1.0	5.333	12.667	3.0
455	0.0	3.0	0.0	2.0	1.6660000000000004	7.334	2.0
456	2.0	5.0	0.0	3.0	4.9990000000000006	16.000999999999998	3.0
457	0.0	4.0	0.0	4.0	1.6660000000000004	7.334	3.0
458	1.0	6.0	0.0	3.0	1.998000000000001	16.002	2.0
459	1.0	4.0	0.0	1.0	3.0010000000000003	8.998999999999999	1.0
460	1.0	3.0	1.0	3.0	1.3330000000000002	4.667	2.0
461	1.0	5.0	0.0	3.0	2.9990000000000006	12.001	2.0
462	2.0	2.0	1.0	0.0	3.4	5.6	1.0
463	3.0	5.0	2.0	2.0	3.9990000000000006	14.001	3.0
464	1.0	3.0	1.0	2.0	1.9990000000000006	10.001	3.0
465	5.0	5.0	1.0	3.0	5.9990000000000006	18.000999999999998	3.0
466	4.0	6.0	0.0	3.0	6.333	14.667	2.0
467	2.0	5.0	2.0	3.0	5.333	12.667	4.0
468	1.0	8.0	0.0	4.0	6.332000000000001	20.668	4.0
469	2.0	3.0	1.0	2.0	3.333	8.667	2.0
470	3.0	6.0	1.0	3.0	6.666	17.334	4.0
471	2.0	6.0	2.0	3.0	5.9990000000000006	18.000999999999998	5.0
472	1.0	1.0	1.0	0.0	0.6660000000000004	5.334	1.0
473	3.0	6.0	2.0	5.0	3.6660000000000004	11.334	4.0
474	6.0	0.0	4.0	0.0	5.668	12.332	4.0
475	1.0	0.0	1.0	0.0	1.0	2.0	1.0
476	3.0	0.0	1.0	0.0	3.0	6.0	1.0
477	4.0	2.0	1.0	1.0	3.3360000000000003	8.664	1.0
478	3.0	0.0	2.0	0.0	4.199999999999999	4.800000000000001	2.0
479	4.0	0.0	2.0	0.0	4.8	7.199999999999999	2.0
480	5.0	0.0	2.0	0.0	4.336	10.664	2.0
481	3.0	2.0	1.0	1.0	5.0	10.0	2.0
482	3.0	1.0	2.0	1.0	0.9990000000000006	8.001	2.0
483	2.0	0.0	2.0	0.0	2.0	4.0	2.0
484	1.0	0.0	0.0	0.0	1.0	2.0	0.0
485	2.0	1.0	2.0	1.0	1.6660000000000004	7.334	3.0
486	2.0	1.0	1.0	1.0	1.0010000000000003	4.999	1.0
487	1.0	0.0	0.0	0.0	0.3330000000000002	2.667	0.0
488	3.0	1.0	2.0	0.0	3.333	8.667	2.0
489	3.0	0.0	0.0	0.0	0.9990000000000006	8.001	0.0
490	2.0	0.0	1.0	0.0	0.6660000000000004	5.334	1.0
491	1.0	0.0	0.0	0.0	0.3330000000000002	2.667	0.0
492	1.0	0.0	1.0	0.0	0.3330000000000002	2.667	1.0
493	2.0	0.0	1.0	0.0	0.6660000000000004	5.334	1.0
494	1.0	1.0	1.0	1.0	2.0	4.0	2.0
495	2.0	1.0	1.0	1.0	1.3360000000000003	7.664	2.0
496	5.0	0.0	2.0	0.0	3.3360000000000003	8.664	2.0
497	3.0	3.0	3.0	2.0	5.0	10.0	4.0
498	4.0	0.0	4.0	0.0	3.068	5.932	3.0
499	2.0	1.0	1.0	1.0	2.3360000000000003	6.664	2.0
500	3.0	0.0	3.0	0.0	3.0	6.0	3.0
501	2.0	0.0	2.0	0.0	0.6660000000000004	5.334	2.0
502	5.0	0.0	3.0	0.0	5.4	9.6	3.0
503	4.0	2.0	2.0	2.0	4.333	10.667	3.0
504	4.0	0.0	2.0	0.0	4.4	7.6	2.0
505	5.0	0.0	2.0	0.0	5.0	10.0	2.0
506	1.0	1.0	1.0	1.0	2.0	4.0	2.0
507	2.0	0.0	2.0	0.0	2.0	4.0	2.0
508	4.0	0.0	3.0	0.0	4.0	8.0	3.0
509	1.0	0.0	1.0	0.0	0.3330000000000002	2.667	1.0
510	1.0	1.0	1.0	0.0	0.6660000000000004	5.334	1.0
511	0.0	3.0	0.0	2.0	1.3330000000000002	4.667	1.0
512	3.0	1.0	1.0	1.0	3.668	8.332	2.0
513	1.0	1.0	0.0	1.0	0.6660000000000004	5.334	1.0
514	7.0	0.0	4.0	0.0	6.536	11.464000000000002	3.0
515	3.0	0.0	2.0	0.0	3.0	6.0	2.0
516	5.0	0.0	3.0	0.0	3.3360000000000003	8.664	3.0
517	1.0	0.0	1.0	0.0	0.3330000000000002	2.667	1.0
518	4.0	0.0	3.0	0.0	4.0	8.0	3.0
519	1.0	1.0	1.0	1.0	1.3330000000000002	4.667	2.0
520	1.0	1.0	0.0	0.0	0.6660000000000004	5.334	0.0
521	1.0	5.0	1.0	3.0	2.333	6.667	2.0
522	3.0	4.0	1.0	0.0	4.333	10.667	1.0
523	2.0	2.0	0.0	1.0	3.0	6.0	1.0
524	2.0	3.0	1.0	0.0	1.3320000000000007	10.668	1.0
525	2.0	1.0	0.0	1.0	2.3360000000000003	6.664	1.0
526	2.0	7.0	1.0	3.0	3.0020000000000007	14.997999999999998	2.0
527	0.0	4.0	0.0	3.0	2.6660000000000004	9.334	3.0
528	3.0	0.0	1.0	0.0	0.9990000000000006	8.001	1.0
529	0.0	4.0	0.0	0.0	0.9990000000000006	8.001	0.0
530	1.0	2.0	1.0	0.0	2.4	3.6	1.0
531	5.0	4.0	3.0	2.0	7.333	16.667	4.0
532	2.0	4.0	2.0	2.0	2.6660000000000004	9.334	3.0
533	2.0	1.0	1.0	1.0	0.6660000000000004	5.334	1.0
534	0.0	4.0	0.0	2.0	1.9990000000000006	10.001	2.0
535	5.0	0.0	3.0	0.0	5.0	10.0	3.0
536	2.0	0.0	2.0	0.0	2.4	3.6	2.0
537	2.0	1.0	1.0	0.0	0.9990000000000006	8.001	1.0
538	3.0	3.0	2.0	1.0	2.9990000000000006	12.001	2.0
539	2.0	1.0	0.0	1.0	0.9990000000000006	8.001	1.0
540	4.0	2.0	2.0	1.0	4.336	10.664	3.0
541	4.0	0.0	1.0	0.0	4.0	8.0	1.0
542	6.0	3.0	4.0	1.0	5.5329999999999995	9.466999999999999	3.0
543	3.0	0.0	0.0	0.0	0.9990000000000006	8.001	0.0
544	0.0	0.0	0.0	0.0	0.0	0.0	0.0
545	1.0	0.0	1.0	0.0	0.3330000000000002	2.667	1.0
546	0.0	1.0	0.0	0.0	0.3330000000000002	2.667	0.0
547	1.0	2.0	1.0	2.0	0.6680000000000001	8.332	3.0
548	4.0	0.0	3.0	0.0	4.0	8.0	3.0
549	1.0	3.0	0.0	3.0	1.3340000000000005	7.6659999999999995	2.0
550	3.0	3.0	1.0	2.0	6.0	12.0	3.0
551	0.0	0.0	0.0	0.0	0.0	0.0	0.0
552	1.0	0.0	0.0	0.0	0.3330000000000002	2.667	0.0
553	0.0	0.0	0.0	0.0	0.0	0.0	0.0
554	0.0	2.0	0.0	1.0	1.3330000000000002	4.667	1.0
555	4.0	4.0	2.0	4.0	5.0	13.0	4.0
556	4.0	0.0	2.0	0.0	4.0	8.0	2.0
557	0.0	0.0	0.0	0.0	0.0	0.0	0.0
558	3.0	1.0	2.0	0.0	1.3320000000000007	10.668	2.0
559	1.0	4.0	1.0	1.0	4.336	10.664	2.0
560	1.0	0.0	1.0	0.0	0.3330000000000002	2.667	1.0
561	4.0	0.0	2.0	0.0	4.0	8.0	2.0
562	4.0	0.0	1.0	0.0	4.0	8.0	1.0
563	4.0	2.0	3.0	2.0	4.001	13.998999999999999	5.0
564	5.0	0.0	2.0	0.0	5.0	10.0	2.0
565	2.0	2.0	1.0	2.0	1.3320000000000007	10.668	3.0
566	3.0	3.0	1.0	1.0	3.9990000000000006	14.001	2.0
567	3.0	4.0	1.0	2.0	1.998000000000001	16.002	2.0
568	2.0	0.0	2.0	0.0	0.6660000000000004	5.334	2.0
569	4.0	3.0	4.0	2.0	3.6690000000000005	11.331	4.0
570	3.0	2.0	1.0	1.0	3.6660000000000004	11.334	2.0
571	4.0	0.0	2.0	0.0	4.0	8.0	2.0
572	1.0	0.0	0.0	0.0	0.3330000000000002	2.667	0.0
573	5.0	4.0	3.0	2.0	4.666	13.334	3.0
574	4.0	0.0	1.0	0.0	4.0	8.0	1.0
575	1.0	0.0	1.0	0.0	0.3330000000000002	2.667	1.0
576	0.0	0.0	0.0	0.0	0.0	0.0	0.0
577	7.0	0.0	6.0	0.0	4.672000000000001	13.328	5.0
578	4.0	1.0	3.0	0.0	3.333	8.667	3.0
579	4.0	0.0	1.0	0.0	4.0	8.0	1.0
580	3.0	0.0	2.0	0.0	0.9990000000000006	8.001	2.0
581	1.0	0.0	1.0	0.0	0.3330000000000002	2.667	1.0
582	1.0	0.0	1.0	0.0	0.3330000000000002	2.667	1.0
583	1.0	0.0	1.0	0.0	0.3330000000000002	2.667	1.0
584	1.0	4.0	1.0	0.0	3.068	8.932	1.0
585	2.0	1.0	1.0	1.0	0.9990000000000006	8.001	2.0
586	2.0	0.0	0.0	0.0	0.6660000000000004	5.334	0.0
587	2.0	0.0	1.0	0.0	2.0	4.0	1.0
588	2.0	0.0	1.0	0.0	0.6660000000000004	5.334	1.0
589	1.0	1.0	1.0	0.0	0.6660000000000004	5.334	1.0
590	4.0	0.0	2.0	0.0	1.3320000000000007	10.668	2.0
591	3.0	3.0	3.0	2.0	1.665000000000001	13.334999999999999	4.0
592	3.0	1.0	2.0	1.0	2.3360000000000003	6.664	2.0
593	0.0	0.0	0.0	0.0	0.0	0.0	0.0
594	1.0	0.0	1.0	0.0	0.3330000000000002	2.667	1.0
595	0.0	0.0	0.0	0.0	0.0	0.0	0.0
596	2.0	0.0	1.0	0.0	0.6660000000000004	5.334	1.0
597	0.0	0.0	0.0	0.0	0.0	0.0	0.0
598	2.0	0.0	2.0	0.0	0.6660000000000004	5.334	2.0
599	1.0	2.0	1.0	1.0	3.0	6.0	2.0
600	7.0	0.0	3.0	0.0	3.0040000000000004	8.995999999999999	2.0
601	2.0	3.0	1.0	1.0	3.0010000000000003	8.998999999999999	1.0
602	3.0	3.0	3.0	0.0	4.336	10.664000000000001	3.0
603	2.0	0.0	2.0	0.0	2.0	4.0	2.0
604	4.0	0.0	3.0	0.0	1.3320000000000007	10.668	3.0
605	2.0	3.0	1.0	1.0	1.3320000000000007	10.668	2.0
606	1.0	0.0	1.0	0.0	0.3330000000000002	2.667	1.0
607	2.0	0.0	2.0	0.0	0.6660000000000004	5.334	2.0
608	2.0	0.0	2.0	0.0	0.6660000000000004	5.334	2.0
609	5.0	3.0	4.0	1.0	6.804	14.196000000000002	4.0
610	2.0	4.0	1.0	2.0	2.6670000000000007	12.333	2.0
611	7.0	1.0	4.0	1.0	6.333	14.667	4.0
612	5.0	0.0	3.0	0.0	5.4	9.6	3.0
613	4.0	6.0	4.0	5.0	4.332000000000001	16.668	6.0
614	2.0	7.0	2.0	4.0	4.332000000000001	16.668	4.0
615	2.0	0.0	2.0	0.0	0.6660000000000004	5.334	2.0
616	4.0	2.0	2.0	1.0	5.0	10.0	2.0
617	3.0	6.0	3.0	3.0	4.335000000000001	16.665	4.0
618	2.0	4.0	2.0	4.0	1.9990000000000006	10.001	4.0
619	1.0	0.0	1.0	0.0	0.3330000000000002	2.667	1.0
620	4.0	0.0	1.0	0.0	4.0	8.0	1.0
621	2.0	0.0	1.0	0.0	2.0	4.0	1.0
622	6.0	0.0	4.0	0.0	5.0040000000000004	12.996000000000002	4.0
623	2.0	0.0	0.0	0.0	2.0	4.0	0.0
624	3.0	0.0	1.0	0.0	2.668	6.332	1.0
625	0.0	0.0	0.0	0.0	0.0	0.0	0.0
626	3.0	0.0	3.0	0.0	0.9990000000000006	8.001	3.0
627	4.0	0.0	4.0	0.0	4.0	8.0	4.0
628	1.0	0.0	1.0	0.0	0.3330000000000002	2.667	1.0
629	1.0	0.0	0.0	0.0	0.3330000000000002	2.667	0.0
630	3.0	0.0	3.0	0.0	3.0	6.0	3.0
631	1.0	0.0	1.0	0.0	0.3330000000000002	2.667	1.0
632	1.0	0.0	0.0	0.0	0.3330000000000002	2.667	0.0
633	1.0	1.0	1.0	0.0	1.6680000000000001	4.332	1.0
634	4.0	0.0	3.0	0.0	4.0	8.0	3.0
635	3.0	4.0	1.0	2.0	4.9990000000000006	16.000999999999998	3.0
636	2.0	4.0	2.0	2.0	1.998000000000001	16.002	4.0
637	2.0	0.0	0.0	0.0	0.6660000000000004	5.334	0.0
638	6.0	0.0	3.0	0.0	6.0	12.0	3.0
639	2.0	6.0	2.0	3.0	3.3320000000000007	14.668	3.0
640	2.0	0.0	2.0	0.0	0.6660000000000004	5.334	2.0
641	3.0	0.0	2.0	0.0	0.9990000000000006	8.001	2.0
642	1.0	4.0	1.0	3.0	1.9990000000000006	10.001	3.0
643	2.0	0.0	2.0	0.0	0.6660000000000004	5.334	2.0
644	0.0	0.0	0.0	0.0	0.0	0.0	0.0
645	2.0	0.0	1.0	0.0	2.0	4.0	1.0
646	0.0	7.0	0.0	4.0	3.0660000000000003	11.934	3.0
647	2.0	3.0	1.0	1.0	1.665000000000001	13.334999999999999	2.0
648	1.0	2.0	1.0	0.0	2.0	4.0	1.0
649	1.0	0.0	0.0	0.0	0.3330000000000002	2.667	0.0
650	2.0	5.0	1.0	4.0	2.6660000000000004	12.334	3.0
651	3.0	3.0	2.0	1.0	3.333	8.667	2.0
652	3.0	0.0	1.0	0.0	3.0	6.0	1.0
653	0.0	5.0	0.0	3.0	2.6660000000000004	9.334	2.0
654	4.0	0.0	3.0	0.0	4.0	8.0	3.0
655	0.0	0.0	0.0	0.0	0.0	0.0	0.0
656	1.0	5.0	1.0	2.0	3.6660000000000004	11.334	2.0
657	3.0	0.0	3.0	0.0	0.9990000000000006	8.001	3.0
658	4.0	2.0	3.0	2.0	5.336	12.664000000000001	5.0
659	0.0	0.0	0.0	0.0	0.0	0.0	0.0
660	4.0	0.0	3.0	0.0	4.0	8.0	3.0
661	3.0	1.0	2.0	1.0	4.0	8.0	3.0
662	3.0	0.0	3.0	0.0	3.0	6.0	3.0
663	2.0	2.0	1.0	2.0	1.3320000000000007	10.668	3.0
664	5.0	3.0	5.0	1.0	7.136	13.864	5.0
665	2.0	5.0	2.0	4.0	6.0	12.0	5.0
666	3.0	0.0	2.0	0.0	0.9990000000000006	8.001	2.0
667	2.0	0.0	1.0	0.0	1.3360000000000003	4.664	1.0
668	1.0	2.0	0.0	1.0	0.6660000000000004	5.334	1.0
669	3.0	0.0	3.0	0.0	3.0	6.0	3.0
670	3.0	1.0	3.0	1.0	2.668	6.332	3.0
671	5.0	0.0	2.0	0.0	5.0	10.0	2.0
672	2.0	0.0	1.0	0.0	2.0	4.0	1.0
673	1.0	2.0	1.0	1.0	1.0010000000000003	4.999	1.0
674	4.0	0.0	2.0	0.0	4.0	8.0	2.0
675	6.0	0.0	3.0	0.0	6.0	12.0	3.0
676	3.0	2.0	1.0	2.0	4.0	8.0	2.0
677	4.0	5.0	1.0	3.0	3.665000000000001	17.335	2.0
678	3.0	1.0	0.0	1.0	1.3320000000000007	10.668	1.0
679	4.0	1.0	2.0	1.0	5.0	10.0	3.0
680	3.0	3.0	1.0	3.0	2.6660000000000004	9.334	2.0
681	1.0	4.0	0.0	2.0	0.9990000000000006	8.001	1.0
682	2.0	1.0	0.0	1.0	0.9990000000000006	8.001	1.0
683	4.0	3.0	3.0	1.0	4.333	10.667	4.0
684	3.0	1.0	1.0	1.0	1.3320000000000007	10.668	2.0
685	1.0	7.0	1.0	4.0	3.3340000000000005	11.666	3.0
686	0.0	0.0	0.0	0.0	0.0	0.0	0.0
687	4.0	0.0	1.0	0.0	4.0	8.0	1.0
688	2.0	0.0	1.0	0.0	2.0	4.0	1.0
689	4.0	0.0	2.0	0.0	4.0	8.0	2.0
690	1.0	0.0	1.0	0.0	0.3330000000000002	2.667	1.0
691	3.0	3.0	0.0	3.0	1.998000000000001	16.002	3.0
692	6.0	1.0	4.0	1.0	6.0	12.0	4.0
693	3.0	0.0	2.0	0.0	0.9990000000000006	8.001	2.0
694	3.0	1.0	2.0	0.0	3.8	5.2	2.0
695	2.0	0.0	0.0	0.0	1.3360000000000003	4.664	0.0
696	5.0	0.0	3.0	0.0	5.0	10.0	3.0
697	3.0	2.0	2.0	1.0	3.4	8.6	3.0
698	3.0	0.0	1.0	0.0	3.0	6.0	1.0
699	3.0	0.0	1.0	0.0	3.0	6.0	1.0
700	4.0	0.0	2.0	0.0	2.6720000000000006	9.328	2.0
701	2.0	0.0	1.0	0.0	0.6660000000000004	5.334	1.0
702	0.0	2.0	0.0	1.0	0.6660000000000004	5.334	1.0
703	4.0	0.0	3.0	0.0	4.0	8.0	3.0
704	3.0	1.0	2.0	0.0	3.668	8.332	2.0
705	1.0	2.0	1.0	0.0	1.3330000000000002	4.667	1.0
706	1.0	0.0	0.0	0.0	0.3330000000000002	2.667	0.0
707	3.0	2.0	0.0	2.0	2.3320000000000007	12.668	2.0
708	0.0	0.0	0.0	0.0	0.0	0.0	0.0
709	3.0	0.0	2.0	0.0	2.0040000000000004	6.9959999999999996	2.0
710	3.0	2.0	2.0	1.0	2.3370000000000006	9.663	2.0
711	4.0	3.0	2.0	1.0	5.0	10.0	2.0
712	4.0	0.0	3.0	0.0	1.3320000000000007	10.668	3.0
713	0.0	6.0	0.0	4.0	1.6670000000000007	10.332999999999998	3.0
714	1.0	1.0	0.0	1.0	1.6680000000000001	4.332	1.0
715	0.0	0.0	0.0	0.0	0.0	0.0	0.0
716	4.0	0.0	2.0	0.0	4.0	8.0	2.0
717	0.0	0.0	0.0	0.0	0.0	0.0	0.0
718	1.0	4.0	0.0	3.0	1.6670000000000007	10.332999999999998	2.0
719	3.0	0.0	1.0	0.0	0.9990000000000006	8.001	1.0
720	3.0	2.0	3.0	0.0	2.9990000000000006	12.001	3.0
721	4.0	8.0	2.0	4.0	5.331000000000001	24.668999999999997	5.0
722	3.0	4.0	2.0	1.0	1.665000000000001	13.334999999999999	2.0
723	5.0	0.0	1.0	0.0	5.0	10.0	1.0
724	5.0	2.0	4.0	1.0	2.665000000000001	15.334999999999999	4.0
725	2.0	3.0	1.0	1.0	2.6660000000000004	9.334	2.0
726	1.0	0.0	0.0	0.0	1.0	2.0	0.0
727	1.0	5.0	1.0	2.0	4.401	10.599	2.0
728	5.0	4.0	2.0	3.0	5.9990000000000006	18.000999999999998	4.0
729	4.0	0.0	2.0	0.0	4.4	7.6	2.0
730	5.0	0.0	2.0	0.0	5.0	10.0	2.0
731	4.0	0.0	3.0	0.0	3.668	8.332	3.0
732	4.0	0.0	2.0	0.0	4.0	8.0	2.0
733	5.0	2.0	3.0	2.0	4.333	10.667	3.0
734	3.0	0.0	0.0	0.0	3.0	6.0	0.0
735	3.0	0.0	0.0	0.0	2.0040000000000004	6.9959999999999996	0.0
736	5.0	0.0	2.0	0.0	5.0	10.0	2.0
737	4.0	0.0	2.0	0.0	4.0	8.0	2.0
738	1.0	0.0	0.0	0.0	0.3330000000000002	2.667	0.0
739	5.0	0.0	4.0	0.0	5.0	10.0	4.0
740	2.0	0.0	1.0	0.0	2.0	4.0	1.0
741	3.0	3.0	2.0	2.0	4.336	10.664	4.0
742	7.0	0.0	4.0	0.0	7.0	14.0	4.0
743	1.0	1.0	0.0	1.0	1.0010000000000003	4.999	1.0
744	3.0	0.0	1.0	0.0	3.0	6.0	1.0
745	4.0	0.0	2.0	0.0	4.8	7.2	2.0
746	5.0	0.0	2.0	0.0	4.804	10.195999999999998	2.0
747	2.0	1.0	0.0	1.0	0.9990000000000006	8.001	1.0
748	4.0	0.0	2.0	0.0	2.6720000000000006	9.328	2.0
749	0.0	0.0	0.0	0.0	0.0	0.0	0.0
750	1.0	0.0	0.0	0.0	0.3330000000000002	2.667	0.0
751	3.0	0.0	1.0	0.0	3.0	6.0	1.0
752	1.0	0.0	1.0	0.0	0.3330000000000002	2.667	1.0
753	0.0	0.0	0.0	0.0	0.0	0.0	0.0
754	3.0	0.0	1.0	0.0	3.8	5.2	1.0
755	1.0	0.0	0.0	0.0	1.0	2.0	0.0
756	5.0	0.0	1.0	0.0	5.0	10.0	1.0
757	2.0	0.0	2.0	0.0	0.6660000000000004	5.334	2.0
758	2.0	0.0	1.0	0.0	0.6660000000000004	5.334	1.0
759	2.0	0.0	1.0	0.0	1.3360000000000003	4.664	1.0
760	5.0	0.0	4.0	0.0	5.0	10.0	4.0
761	5.0	0.0	2.0	0.0	5.0	10.0	2.0
762	2.0	0.0	2.0	0.0	0.6660000000000004	5.334	2.0
763	0.0	0.0	0.0	0.0	0.0	0.0	0.0
764	4.0	0.0	3.0	0.0	4.0	8.0	3.0
765	4.0	0.0	1.0	0.0	4.0	8.0	1.0
766	2.0	0.0	2.0	0.0	0.6660000000000004	5.334	2.0
767	5.0	0.0	3.0	0.0	5.0	10.0	3.0
768	5.0	0.0	1.0	0.0	5.0	10.0	1.0
769	3.0	1.0	1.0	1.0	4.0	8.0	2.0
770	5.0	0.0	2.0	0.0	5.800000000000001	9.2	2.0
771	5.0	0.0	2.0	0.0	4.068	7.932	2.0
772	2.0	0.0	2.0	0.0	0.6660000000000004	5.334	2.0
773	5.0	0.0	2.0	0.0	5.0	10.0	2.0
774	4.0	2.0	3.0	2.0	3.466	8.533999999999999	3.0
775	0.0	0.0	0.0	0.0	0.0	0.0	0.0
776	3.0	2.0	2.0	1.0	5.0	10.0	3.0
777	4.0	0.0	2.0	0.0	4.0	8.0	2.0
778	1.0	0.0	0.0	0.0	0.3330000000000002	2.667	0.0
779	4.0	0.0	2.0	0.0	4.0	8.0	2.0
780	4.0	0.0	2.0	0.0	4.0	8.0	2.0
781	2.0	0.0	1.0	0.0	0.6660000000000004	5.334	1.0
782	4.0	0.0	2.0	0.0	4.0	8.0	2.0
783	3.0	3.0	3.0	2.0	3.333	8.667	3.0
784	0.0	0.0	0.0	0.0	0.0	0.0	0.0
785	2.0	0.0	1.0	0.0	0.6660000000000004	5.334	1.0
786	2.0	0.0	2.0	0.0	0.6660000000000004	5.334	2.0
787	4.0	0.0	4.0	0.0	4.0	8.0	4.0
788	4.0	0.0	2.0	0.0	4.0	8.0	2.0
789	0.0	0.0	0.0	0.0	0.0	0.0	0.0
790	2.0	1.0	1.0	1.0	0.9990000000000006	8.001	2.0
791	4.0	0.0	3.0	0.0	4.0	8.0	3.0
792	6.0	2.0	3.0	1.0	7.0	14.0	3.0
793	0.0	0.0	0.0	0.0	0.0	0.0	0.0
794	5.0	0.0	1.0	0.0	5.068	9.932	1.0
795	2.0	4.0	1.0	2.0	3.3320000000000007	14.668	3.0
796	1.0	1.0	1.0	1.0	0.6660000000000004	5.334	2.0
797	0.0	0.0	0.0	0.0	0.0	0.0	0.0
798	1.0	0.0	0.0	0.0	0.3330000000000002	2.667	0.0
799	3.0	0.0	2.0	0.0	0.9990000000000006	8.001	2.0
800	4.0	1.0	2.0	0.0	4.0	8.0	2.0
801	4.0	0.0	2.0	0.0	4.0	8.0	2.0
802	4.0	3.0	1.0	0.0	3.333	8.667	1.0
803	2.0	5.0	2.0	1.0	2.3340000000000005	12.665999999999999	2.0
804	2.0	0.0	1.0	0.0	2.0	4.0	1.0
805	2.0	1.0	2.0	0.0	2.333	6.667	2.0
806	3.0	1.0	2.0	1.0	1.6660000000000004	7.334	2.0
807	4.0	0.0	2.0	0.0	4.0	8.0	2.0
808	4.0	0.0	2.0	0.0	4.0	8.0	2.0
809	2.0	2.0	2.0	2.0	1.733	4.2669999999999995	2.0
810	2.0	0.0	2.0	0.0	2.0	4.0	2.0
811	3.0	2.0	1.0	2.0	1.9990000000000006	10.001	2.0
812	4.0	1.0	2.0	1.0	4.0	8.0	2.0
813	0.0	2.0	0.0	0.0	0.3330000000000002	2.667	0.0
814	5.0	0.0	2.0	0.0	5.0	10.0	2.0
815	2.0	4.0	0.0	2.0	0.9990000000000006	11.001	1.0
816	4.0	0.0	2.0	0.0	4.0	8.0	2.0
817	8.0	0.0	3.0	0.0	6.672000000000001	17.328	3.0
818	0.0	0.0	0.0	0.0	0.0	0.0	0.0
819	7.0	0.0	3.0	0.0	6.336	14.664	3.0
820	4.0	0.0	2.0	0.0	3.3360000000000003	8.664	2.0
821	2.0	0.0	2.0	0.0	0.6660000000000004	5.334	2.0
822	2.0	0.0	1.0	0.0	0.6660000000000004	5.334	1.0
823	3.0	0.0	0.0	0.0	3.0	6.0	0.0
824	3.0	3.0	2.0	1.0	4.668	10.332	2.0
825	4.0	0.0	2.0	0.0	4.0	8.0	2.0
826	0.0	0.0	0.0	0.0	0.0	0.0	0.0
827	2.0	0.0	1.0	0.0	0.6660000000000004	5.334	1.0
828	1.0	0.0	1.0	0.0	0.3330000000000002	2.667	1.0
829	3.0	0.0	1.0	0.0	3.0	6.0	1.0
830	6.0	0.0	4.0	0.0	6.0	12.0	4.0
831	3.0	1.0	0.0	1.0	1.3320000000000007	10.668	1.0
832	5.0	0.0	3.0	0.0	5.0	10.0	3.0
833	6.0	0.0	3.0	0.0	6.0	12.0	3.0
834	4.0	3.0	3.0	1.0	6.0	12.0	4.0
835	5.0	0.0	3.0	0.0	3.3360000000000003	8.664	2.0
836	3.0	1.0	3.0	1.0	2.3360000000000003	9.664	4.0
837	1.0	0.0	0.0	0.0	0.3330000000000002	2.667	0.0
838	1.0	0.0	1.0	0.0	0.3330000000000002	2.667	1.0
839	1.0	0.0	0.0	0.0	0.3330000000000002	2.667	0.0
840	0.0	0.0	0.0	0.0	0.0	0.0	0.0
841	0.0	3.0	0.0	0.0	0.6680000000000001	8.332	0.0
842	4.0	0.0	1.0	0.0	4.0	8.0	1.0
843	1.0	0.0	0.0	0.0	0.3330000000000002	2.667	0.0
844	4.0	5.0	2.0	3.0	4.003000000000001	16.997	4.0
845	2.0	0.0	1.0	0.0	0.6660000000000004	5.334	1.0
846	5.0	0.0	1.0	0.0	5.0	10.0	1.0
847	2.0	6.0	1.0	2.0	4.332000000000001	16.668	3.0
848	4.0	4.0	2.0	1.0	5.337000000000001	15.663	3.0
849	4.0	0.0	2.0	0.0	4.0	8.0	2.0
850	5.0	0.0	3.0	0.0	5.0	10.0	3.0
851	1.0	4.0	1.0	3.0	2.3340000000000005	9.666	3.0
852	3.0	5.0	2.0	2.0	2.665000000000001	15.334999999999999	3.0
853	0.0	0.0	0.0	0.0	0.0	0.0	0.0
854	0.0	0.0	0.0	0.0	0.0	0.0	0.0
855	4.0	5.0	1.0	2.0	5.002000000000001	18.997999999999998	3.0
856	3.0	5.0	0.0	2.0	2.3320000000000007	12.668	2.0
857	3.0	1.0	2.0	1.0	1.3320000000000007	10.668	3.0
858	6.0	0.0	4.0	0.0	6.0	12.0	4.0
859	3.0	0.0	1.0	0.0	3.0	6.0	1.0
860	2.0	0.0	1.0	0.0	2.0	4.0	1.0
861	1.0	0.0	0.0	0.0	0.3330000000000002	2.667	0.0
862	3.0	0.0	1.0	0.0	3.468	5.532	1.0
863	1.0	0.0	1.0	0.0	1.0	2.0	1.0
864	2.0	0.0	0.0	0.0	2.0	4.0	0.0
865	0.0	0.0	0.0	0.0	0.0	0.0	0.0
866	4.0	1.0	1.0	1.0	2.6720000000000006	12.328	2.0
867	4.0	1.0	3.0	1.0	3.736	8.264	3.0
868	3.0	0.0	1.0	0.0	0.9990000000000006	8.001	1.0
869	3.0	0.0	3.0	0.0	3.0	6.0	3.0
870	1.0	2.0	1.0	1.0	2.668	6.332	2.0
871	4.0	0.0	1.0	0.0	1.3320000000000007	10.668	1.0
872	0.0	1.0	0.0	1.0	0.3330000000000002	2.667	1.0
873	3.0	0.0	3.0	0.0	3.0	6.0	3.0
874	0.0	3.0	0.0	2.0	0.9990000000000006	8.001	2.0
875	2.0	2.0	1.0	2.0	2.6660000000000004	9.334	3.0
876	6.0	0.0	3.0	0.0	6.0	12.0	3.0
877	3.0	6.0	2.0	4.0	3.665000000000001	17.335	4.0
878	3.0	2.0	2.0	2.0	5.0	10.0	4.0
879	1.0	0.0	1.0	0.0	1.0	2.0	1.0
880	3.0	2.0	2.0	2.0	1.3320000000000007	10.668	3.0
881	3.0	3.0	3.0	3.0	3.6660000000000004	11.334	5.0
882	2.0	0.0	1.0	0.0	2.0	4.0	1.0
883	1.0	5.0	0.0	2.0	3.3320000000000007	14.668	2.0
884	2.0	0.0	0.0	0.0	0.6660000000000004	5.334	0.0
885	1.0	0.0	1.0	0.0	0.3330000000000002	2.667	1.0
886	5.0	0.0	3.0	0.0	5.0680000000000005	9.931999999999999	3.0
887	3.0	4.0	2.0	2.0	1.6660000000000004	7.334	2.0
888	2.0	0.0	1.0	0.0	0.6660000000000004	5.334	1.0
889	3.0	0.0	3.0	0.0	3.0	6.0	3.0
890	1.0	0.0	0.0	0.0	0.6680000000000001	2.332	0.0
