pos	Sd	Nd	Sd_tip	Nd_tip	S	N	comparisons
001	0.0	0.0	0.0	0.0	0.0	0.0	0.0
002	2.0	0.0	1.0	0.0	2.0	4.0	1.0
003	2.0	3.0	1.0	3.0	3.333	8.667	3.0
004	1.0	2.0	1.0	2.0	1.0	2.0	1.0
005	2.0	2.0	1.0	1.0	2.0	4.0	1.0
006	2.0	1.0	1.0	1.0	1.3360000000000003	4.664	1.0
007	2.0	3.0	1.0	2.0	3.0	9.0	2.0
008	0.0	2.0	0.0	2.0	1.3330000000000002	4.667	2.0
009	1.0	2.0	1.0	2.0	1.6680000000000001	4.332	2.0
010	1.0	2.0	0.0	2.0	2.0010000000000003	6.999	2.0
011	2.0	0.0	2.0	0.0	2.4	3.6	2.0
012	2.0	0.0	0.0	0.0	2.068	3.932	0.0
013	2.0	1.0	1.0	1.0	3.0	6.0	2.0
014	1.0	0.0	1.0	0.0	1.0	2.0	1.0
015	1.0	0.0	1.0	0.0	1.0	2.0	1.0
016	1.0	2.0	1.0	1.0	2.0	4.0	1.0
017	2.0	1.0	1.0	1.0	1.6680000000000001	4.332	1.0
018	1.0	1.0	1.0	1.0	0.3330000000000002	2.667	1.0
019	1.0	0.0	1.0	0.0	1.0	2.0	1.0
020	0.0	1.0	0.0	1.0	0.3330000000000002	2.667	1.0
021	1.0	0.0	1.0	0.0	1.0	2.0	1.0
022	2.0	0.0	1.0	0.0	2.0	4.0	1.0
023	2.0	2.0	1.0	1.0	1.6660000000000004	7.334	2.0
024	1.0	0.0	1.0	0.0	0.6680000000000001	2.332	1.0
025	1.0	3.0	0.0	3.0	1.6660000000000004	7.334	2.0
026	2.0	0.0	1.0	0.0	2.0	4.0	1.0
027	2.0	1.0	2.0	1.0	0.9990000000000006	8.001	3.0
028	2.0	1.0	1.0	1.0	2.333	6.667	2.0
029	1.0	1.0	1.0	1.0	1.0	2.0	1.0
030	1.0	3.0	1.0	3.0	2.0	4.0	2.0
031	0.0	2.0	0.0	2.0	0.3330000000000002	2.667	1.0
032	1.0	4.0	1.0	2.0	2.6660000000000004	9.334	2.0
033	2.0	0.0	1.0	0.0	0.6660000000000004	5.334	1.0
034	1.0	0.0	0.0	0.0	0.3330000000000002	2.667	0.0
035	1.0	0.0	1.0	0.0	0.3330000000000002	2.667	1.0
036	1.0	2.0	1.0	1.0	1.0	5.0	1.0
037	2.0	0.0	2.0	0.0	2.0	4.0	2.0
038	1.0	1.0	1.0	1.0	1.0	2.0	1.0
039	1.0	1.0	0.0	1.0	1.3330000000000002	4.667	1.0
040	1.0	0.0	1.0	0.0	0.3330000000000002	2.667	1.0
041	2.0	0.0	1.0	0.0	2.0	4.0	1.0
042	2.0	2.0	1.0	2.0	3.0	6.0	2.0
043	1.0	0.0	1.0	0.0	1.0	2.0	1.0
044	0.0	0.0	0.0	0.0	0.0	0.0	0.0
045	0.0	0.0	0.0	0.0	0.0	0.0	0.0
046	0.0	2.0	0.0	1.0	0.6660000000000004	5.334	1.0
047	0.0	1.0	0.0	1.0	0.3330000000000002	2.667	1.0
048	0.0	0.0	0.0	0.0	0.0	0.0	0.0
049	1.0	0.0	1.0	0.0	0.6680000000000001	2.332	1.0
050	0.0	1.0	0.0	0.0	0.6680000000000001	2.332	0.0
051	0.0	0.0	0.0	0.0	0.0	0.0	0.0
052	1.0	0.0	0.0	0.0	1.0	2.0	0.0
053	1.0	0.0	1.0	0.0	1.0	2.0	1.0
054	1.0	0.0	1.0	0.0	1.0	2.0	1.0
055	0.0	0.0	0.0	0.0	0.0	0.0	0.0
056	0.0	0.0	0.0	0.0	0.0	0.0	0.0
057	2.0	0.0	0.0	0.0	2.0	4.0	0.0
058	1.0	0.0	1.0	0.0	1.0	2.0	1.0
059	2.0	0.0	0.0	0.0	2.0	4.0	0.0
060	0.0	0.0	0.0	0.0	0.0	0.0	0.0
061	1.0	0.0	1.0	0.0	1.0	2.0	1.0
062	1.0	2.0	1.0	2.0	1.0	2.0	1.0
063	0.0	0.0	0.0	0.0	0.0	0.0	0.0
064	0.0	0.0	0.0	0.0	0.0	0.0	0.0
065	0.0	0.0	0.0	0.0	0.0	0.0	0.0
066	0.0	0.0	0.0	0.0	0.0	0.0	0.0
067	2.0	0.0	2.0	0.0	0.6660000000000004	5.334	2.0
068	1.0	1.0	1.0	1.0	1.0	2.0	1.0
069	0.0	0.0	0.0	0.0	0.0	0.0	0.0
070	1.0	0.0	1.0	0.0	1.0	2.0	1.0
071	1.0	0.0	1.0	0.0	0.3330000000000002	2.667	1.0
072	0.0	1.0	0.0	0.0	1.0	2.0	0.0
073	1.0	1.0	1.0	1.0	0.3330000000000002	2.667	1.0
074	2.0	1.0	2.0	1.0	0.9990000000000006	8.001	3.0
075	1.0	2.0	1.0	2.0	1.0	2.0	1.0
076	0.0	2.0	0.0	1.0	0.6660000000000004	5.334	1.0
077	1.0	0.0	0.0	0.0	0.3330000000000002	2.667	0.0
078	0.0	0.0	0.0	0.0	0.0	0.0	0.0
079	2.0	0.0	1.0	0.0	1.6680000000000001	4.332	1.0
080	1.0	0.0	1.0	0.0	1.0	2.0	1.0
081	1.0	0.0	0.0	0.0	0.3330000000000002	2.667	0.0
082	2.0	0.0	1.0	0.0	2.0	4.0	1.0
083	2.0	2.0	1.0	2.0	2.333	6.667	2.0
084	0.0	0.0	0.0	0.0	0.0	0.0	0.0
085	1.0	0.0	1.0	0.0	0.3330000000000002	2.667	1.0
086	1.0	0.0	1.0	0.0	1.0	2.0	1.0
087	2.0	0.0	2.0	0.0	0.6660000000000004	5.334	2.0
088	0.0	0.0	0.0	0.0	0.0	0.0	0.0
089	1.0	0.0	1.0	0.0	1.0	2.0	1.0
090	0.0	0.0	0.0	0.0	0.0	0.0	0.0
091	1.0	0.0	0.0	0.0	0.6680000000000001	2.332	0.0
092	1.0	1.0	1.0	1.0	1.0010000000000003	4.999	2.0
093	1.0	1.0	0.0	1.0	0.6660000000000004	5.334	1.0
094	1.0	2.0	0.0	2.0	3.0	6.0	2.0
095	0.0	0.0	0.0	0.0	0.0	0.0	0.0
096	0.0	0.0	0.0	0.0	0.0	0.0	0.0
097	1.0	0.0	1.0	0.0	1.0	2.0	1.0
098	0.0	2.0	0.0	2.0	2.0	4.0	2.0
099	0.0	0.0	0.0	0.0	0.0	0.0	0.0
100	1.0	0.0	1.0	0.0	1.0	2.0	1.0
101	0.0	2.0	0.0	2.0	0.3330000000000002	2.667	1.0
102	2.0	2.0	1.0	2.0	3.0	6.0	2.0
103	1.0	0.0	0.0	0.0	1.0	2.0	0.0
104	0.0	0.0	0.0	0.0	0.0	0.0	0.0
105	1.0	0.0	1.0	0.0	0.3330000000000002	2.667	1.0
106	2.0	1.0	1.0	1.0	2.0	4.0	1.0
107	3.0	1.0	1.0	1.0	2.0010000000000003	6.999	1.0
108	3.0	1.0	1.0	1.0	2.6690000000000005	9.331	2.0
109	1.0	1.0	1.0	1.0	1.0	2.0	1.0
110	1.0	0.0	1.0	0.0	0.3330000000000002	2.667	1.0
111	2.0	0.0	2.0	0.0	0.6660000000000004	5.334	2.0
112	0.0	2.0	0.0	1.0	2.0	4.0	1.0
113	1.0	0.0	0.0	0.0	1.0	2.0	0.0
114	3.0	1.0	2.0	1.0	2.333	6.667	2.0
115	2.0	1.0	1.0	1.0	2.0	4.0	1.0
116	1.0	2.0	1.0	0.0	2.333	6.667	1.0
117	1.0	0.0	1.0	0.0	1.0	2.0	1.0
118	1.0	2.0	0.0	2.0	1.0010000000000003	4.999	1.0
119	0.0	1.0	0.0	1.0	0.0	3.0	1.0
120	2.0	2.0	1.0	2.0	1.3360000000000003	4.664	1.0
121	0.0	1.0	0.0	1.0	1.0	2.0	1.0
122	2.0	0.0	2.0	0.0	0.6660000000000004	5.334	2.0
123	1.0	0.0	1.0	0.0	1.0	2.0	1.0
124	0.0	0.0	0.0	0.0	0.0	0.0	0.0
125	2.0	0.0	2.0	0.0	1.0	2.0	1.0
126	1.0	0.0	1.0	0.0	0.3330000000000002	2.667	1.0
127	2.0	1.0	2.0	1.0	1.6680000000000001	4.332	2.0
128	0.0	0.0	0.0	0.0	0.0	0.0	0.0
129	0.0	3.0	0.0	2.0	0.9990000000000006	8.001	2.0
130	3.0	1.0	2.0	1.0	3.468	8.532	3.0
131	0.0	1.0	0.0	1.0	0.6680000000000001	2.332	1.0
132	1.0	0.0	1.0	0.0	1.0	2.0	1.0
133	0.0	1.0	0.0	0.0	0.3330000000000002	2.667	0.0
134	2.0	2.0	1.0	2.0	1.3330000000000002	4.667	1.0
135	1.0	0.0	1.0	0.0	1.0	2.0	1.0
136	0.0	2.0	0.0	2.0	0.3330000000000002	2.667	1.0
137	0.0	0.0	0.0	0.0	0.0	0.0	0.0
138	0.0	0.0	0.0	0.0	0.0	0.0	0.0
139	0.0	0.0	0.0	0.0	0.0	0.0	0.0
140	2.0	0.0	1.0	0.0	2.0	4.0	1.0
141	0.0	0.0	0.0	0.0	0.0	0.0	0.0
142	1.0	0.0	1.0	0.0	0.3330000000000002	2.667	1.0
143	0.0	0.0	0.0	0.0	0.0	0.0	0.0
144	2.0	0.0	1.0	0.0	2.0	4.0	1.0
145	3.0	0.0	1.0	0.0	3.068	5.932	1.0
146	2.0	0.0	1.0	0.0	2.0	4.0	1.0
147	2.0	3.0	1.0	2.0	1.3330000000000002	4.667	1.0
148	0.0	1.0	0.0	1.0	1.0	2.0	1.0
149	1.0	0.0	0.0	0.0	0.3330000000000002	2.667	0.0
150	0.0	0.0	0.0	0.0	0.0	0.0	0.0
151	0.0	0.0	0.0	0.0	0.0	0.0	0.0
152	1.0	0.0	1.0	0.0	0.3330000000000002	2.667	1.0
153	0.0	0.0	0.0	0.0	0.0	0.0	0.0
154	0.0	0.0	0.0	0.0	0.0	0.0	0.0
155	0.0	0.0	0.0	0.0	0.0	0.0	0.0
156	0.0	0.0	0.0	0.0	0.0	0.0	0.0
157	2.0	0.0	2.0	0.0	2.0	4.0	2.0
158	1.0	2.0	1.0	2.0	1.3330000000000002	4.667	2.0
159	2.0	0.0	1.0	0.0	2.0	4.0	1.0
160	2.0	0.0	1.0	0.0	2.0	4.0	1.0
161	1.0	0.0	1.0	0.0	0.3330000000000002	2.667	1.0
162	0.0	0.0	0.0	0.0	0.0	0.0	0.0
163	0.0	0.0	0.0	0.0	0.0	0.0	0.0
164	1.0	0.0	1.0	0.0	0.6680000000000001	2.332	1.0
165	0.0	0.0	0.0	0.0	0.0	0.0	0.0
166	0.0	0.0	0.0	0.0	0.0	0.0	0.0
167	1.0	0.0	1.0	0.0	0.3330000000000002	2.667	1.0
168	1.0	0.0	1.0	0.0	1.0	2.0	1.0
169	1.0	0.0	1.0	0.0	0.3330000000000002	2.667	1.0
170	1.0	2.0	0.0	2.0	1.3330000000000002	4.667	1.0
171	1.0	2.0	1.0	2.0	2.0	4.0	2.0
172	0.0	0.0	0.0	0.0	0.0	0.0	0.0
173	1.0	1.0	1.0	1.0	1.4	1.6	1.0
174	0.0	1.0	0.0	0.0	1.0	2.0	0.0
175	0.0	0.0	0.0	0.0	0.0	0.0	0.0
176	0.0	1.0	0.0	1.0	1.0	2.0	1.0
177	2.0	0.0	1.0	0.0	2.0	4.0	1.0
178	1.0	0.0	1.0	0.0	1.4	1.6	1.0
179	0.0	0.0	0.0	0.0	0.0	0.0	0.0
180	0.0	0.0	0.0	0.0	0.0	0.0	0.0
181	0.0	1.0	0.0	1.0	0.3330000000000002	2.667	1.0
182	1.0	2.0	1.0	2.0	1.0	2.0	1.0
183	0.0	2.0	0.0	2.0	0.3330000000000002	2.667	1.0
184	2.0	0.0	1.0	0.0	2.0	4.0	1.0
185	1.0	0.0	1.0	0.0	1.0	2.0	1.0
186	2.0	0.0	1.0	0.0	2.0	4.0	1.0
187	2.0	3.0	1.0	2.0	1.6660000000000004	7.334	2.0
188	1.0	0.0	0.0	0.0	0.3330000000000002	2.667	0.0
189	1.0	0.0	0.0	0.0	0.3330000000000002	2.667	0.0
190	1.0	0.0	1.0	0.0	0.3330000000000002	2.667	1.0
191	2.0	1.0	0.0	1.0	3.0	6.0	1.0
192	2.0	2.0	2.0	2.0	1.3330000000000002	4.667	2.0
193	1.0	0.0	1.0	0.0	1.0	2.0	1.0
194	1.0	0.0	0.0	0.0	1.0	2.0	0.0
195	1.0	1.0	1.0	0.0	1.3330000000000002	4.667	1.0
196	2.0	2.0	1.0	2.0	1.3330000000000002	4.667	1.0
197	1.0	1.0	0.0	1.0	0.6660000000000004	5.334	1.0
198	2.0	2.0	2.0	2.0	2.333	6.667	3.0
199	2.0	2.0	2.0	2.0	3.0	6.0	3.0
200	1.0	0.0	0.0	0.0	0.3330000000000002	2.667	0.0
201	1.0	0.0	1.0	0.0	1.0	2.0	1.0
202	1.0	2.0	0.0	0.0	2.0	4.0	0.0
203	0.0	3.0	0.0	2.0	0.9990000000000006	8.001	2.0
204	2.0	1.0	1.0	1.0	3.0	6.0	2.0
205	1.0	0.0	1.0	0.0	0.3330000000000002	2.667	1.0
206	2.0	2.0	1.0	2.0	2.0	4.0	1.0
207	1.0	0.0	1.0	0.0	1.0	2.0	1.0
208	1.0	0.0	1.0	0.0	0.3330000000000002	2.667	1.0
209	1.0	0.0	1.0	0.0	0.3330000000000002	2.667	1.0
210	0.0	0.0	0.0	0.0	0.0	0.0	0.0
211	1.0	0.0	0.0	0.0	1.0	2.0	0.0
212	0.0	0.0	0.0	0.0	0.0	0.0	0.0
213	1.0	2.0	1.0	1.0	2.333	6.667	2.0
214	1.0	1.0	0.0	1.0	1.6680000000000001	4.332	1.0
215	1.0	0.0	1.0	0.0	0.3330000000000002	2.667	1.0
216	0.0	3.0	0.0	2.0	2.3360000000000003	6.664	2.0
217	1.0	0.0	1.0	0.0	0.3330000000000002	2.667	1.0
218	1.0	0.0	1.0	0.0	0.6680000000000001	2.332	1.0
219	1.0	1.0	0.0	1.0	2.0	4.0	1.0
220	0.0	2.0	0.0	2.0	0.3330000000000002	2.667	1.0
221	1.0	2.0	0.0	1.0	1.3330000000000002	4.667	1.0
222	0.0	2.0	0.0	2.0	1.0	2.0	1.0
223	1.0	0.0	1.0	0.0	0.3330000000000002	2.667	1.0
224	1.0	1.0	0.0	1.0	1.3330000000000002	4.667	1.0
225	0.0	3.0	0.0	2.0	2.736	6.263999999999999	2.0
226	1.0	0.0	0.0	0.0	1.0	2.0	0.0
227	0.0	0.0	0.0	0.0	0.0	0.0	0.0
228	0.0	0.0	0.0	0.0	0.0	0.0	0.0
229	0.0	0.0	0.0	0.0	0.0	0.0	0.0
230	2.0	0.0	2.0	0.0	0.6660000000000004	5.334	2.0
231	2.0	2.0	1.0	2.0	1.6660000000000004	7.334	2.0
232	2.0	0.0	2.0	0.0	2.0	4.0	2.0
233	0.0	1.0	0.0	0.0	1.0	2.0	0.0
234	1.0	2.0	1.0	0.0	1.3340000000000005	7.6659999999999995	1.0
235	0.0	0.0	0.0	0.0	0.0	0.0	0.0
236	1.0	0.0	1.0	0.0	0.3330000000000002	2.667	1.0
237	1.0	0.0	1.0	0.0	1.0	2.0	1.0
238	0.0	2.0	0.0	2.0	0.3330000000000002	2.667	1.0
239	2.0	2.0	2.0	2.0	1.3330000000000002	4.667	2.0
240	1.0	1.0	1.0	1.0	2.0	4.0	2.0
241	1.0	0.0	0.0	0.0	0.3330000000000002	2.667	0.0
242	1.0	2.0	1.0	1.0	0.6680000000000001	5.332	1.0
243	1.0	1.0	0.0	1.0	2.0	4.0	1.0
244	1.0	1.0	1.0	1.0	0.3330000000000002	2.667	1.0
245	1.0	2.0	1.0	2.0	0.3330000000000002	2.667	1.0
246	1.0	3.0	0.0	3.0	2.0	7.0	2.0
247	0.0	0.0	0.0	0.0	0.0	0.0	0.0
248	0.0	4.0	0.0	1.0	2.333	6.667	1.0
249	1.0	0.0	0.0	0.0	0.3330000000000002	2.667	0.0
250	1.0	1.0	1.0	1.0	2.0	4.0	2.0
251	1.0	0.0	1.0	0.0	1.0	2.0	1.0
252	0.0	1.0	0.0	1.0	0.3330000000000002	2.667	1.0
253	0.0	0.0	0.0	0.0	0.0	0.0	0.0
254	2.0	0.0	1.0	0.0	2.0	4.0	1.0
255	1.0	0.0	1.0	0.0	0.3330000000000002	2.667	1.0
256	1.0	1.0	1.0	1.0	1.0010000000000003	4.999	2.0
257	1.0	0.0	0.0	0.0	1.0	2.0	0.0
258	1.0	0.0	1.0	0.0	1.4	1.6	1.0
259	1.0	0.0	0.0	0.0	1.0	2.0	0.0
260	1.0	0.0	1.0	0.0	0.3330000000000002	2.667	1.0
261	1.0	2.0	0.0	1.0	2.736	6.263999999999999	1.0
262	1.0	0.0	1.0	0.0	1.0	2.0	1.0
263	0.0	2.0	0.0	1.0	1.3360000000000003	4.664	1.0
264	2.0	0.0	2.0	0.0	2.0	4.0	2.0
265	0.0	0.0	0.0	0.0	0.0	0.0	0.0
266	0.0	1.0	0.0	1.0	1.0	2.0	1.0
267	1.0	0.0	1.0	0.0	0.3330000000000002	2.667	1.0
268	2.0	0.0	1.0	0.0	2.0	4.0	1.0
269	1.0	0.0	1.0	0.0	0.3330000000000002	2.667	1.0
270	1.0	1.0	1.0	1.0	2.0	4.0	2.0
271	1.0	0.0	1.0	0.0	1.0	2.0	1.0
272	0.0	2.0	0.0	2.0	1.0	2.0	1.0
273	2.0	0.0	1.0	0.0	2.0	4.0	1.0
274	1.0	3.0	0.0	3.0	0.6660000000000004	5.334	1.0
275	0.0	0.0	0.0	0.0	0.0	0.0	0.0
276	2.0	0.0	1.0	0.0	2.0	4.0	1.0
277	1.0	0.0	1.0	0.0	1.0	2.0	1.0
278	2.0	2.0	1.0	2.0	2.0	4.0	1.0
279	0.0	1.0	0.0	1.0	0.3330000000000002	2.667	1.0
280	2.0	1.0	1.0	1.0	2.0	4.0	1.0
281	1.0	0.0	1.0	0.0	1.0	2.0	1.0
282	1.0	2.0	1.0	2.0	2.0	4.0	2.0
283	0.0	0.0	0.0	0.0	0.0	0.0	0.0
284	1.0	0.0	0.0	0.0	1.0	2.0	0.0
285	1.0	0.0	0.0	0.0	1.0	2.0	0.0
286	1.0	0.0	1.0	0.0	1.0	2.0	1.0
287	0.0	0.0	0.0	0.0	0.0	0.0	0.0
288	0.0	0.0	0.0	0.0	0.0	0.0	0.0
289	2.0	0.0	1.0	0.0	2.0	4.0	1.0
290	1.0	0.0	0.0	0.0	0.3330000000000002	2.667	0.0
291	0.0	0.0	0.0	0.0	0.0	0.0	0.0
292	1.0	0.0	1.0	0.0	1.0	2.0	1.0
293	1.0	0.0	0.0	0.0	1.0	2.0	0.0
294	1.0	0.0	1.0	0.0	1.0	2.0	1.0
295	1.0	0.0	1.0	0.0	0.3330000000000002	2.667	1.0
296	1.0	1.0	1.0	1.0	0.6660000000000004	5.334	2.0
297	2.0	0.0	1.0	0.0	2.0	4.0	1.0
298	3.0	2.0	1.0	2.0	2.0010000000000003	6.999	2.0
299	1.0	1.0	0.0	0.0	1.3330000000000002	4.667	0.0
300	0.0	0.0	0.0	0.0	0.0	0.0	0.0
301	0.0	0.0	0.0	0.0	0.0	0.0	0.0
302	0.0	0.0	0.0	0.0	0.0	0.0	0.0
303	0.0	0.0	0.0	0.0	0.0	0.0	0.0
304	0.0	0.0	0.0	0.0	0.0	0.0	0.0
305	0.0	0.0	0.0	0.0	0.0	0.0	0.0
306	0.0	0.0	0.0	0.0	0.0	0.0	0.0
307	0.0	0.0	0.0	0.0	0.0	0.0	0.0
308	0.0	0.0	0.0	0.0	0.0	0.0	0.0
309	0.0	0.0	0.0	0.0	0.0	0.0	0.0
310	0.0	0.0	0.0	0.0	0.0	0.0	0.0
311	0.0	0.0	0.0	0.0	0.0	0.0	0.0
312	0.0	0.0	0.0	0.0	0.0	0.0	0.0
