all_syn	all_nonSyn	tip_syn	tip_nonSyn	S	N	comparisons
001	0.0	0.0	0.0	0.0	0.0	0.0	0.0
002	0.0	0.0	0.0	0.0	0.0	0.0	0.0
003	0.0	0.0	0.0	0.0	0.0	0.0	0.0
004	0.0	0.0	0.0	0.0	0.0	0.0	0.0
005	0.0	0.0	0.0	0.0	0.0	0.0	0.0
006	0.0	0.0	0.0	0.0	0.0	0.0	0.0
007	0.0	0.0	0.0	0.0	0.0	0.0	0.0
008	0.0	0.0	0.0	0.0	0.0	0.0	0.0
009	0.0	0.0	0.0	0.0	0.0	0.0	0.0
010	0.0	0.0	0.0	0.0	0.0	0.0	0.0
011	0.0	0.0	0.0	0.0	0.0	0.0	0.0
012	0.0	0.0	0.0	0.0	0.0	0.0	0.0
013	0.0	0.0	0.0	0.0	0.0	0.0	0.0
014	0.0	0.0	0.0	0.0	0.0	0.0	0.0
015	0.0	0.0	0.0	0.0	0.0	0.0	0.0
016	0.0	0.0	0.0	0.0	0.0	0.0	0.0
017	0.0	0.0	0.0	0.0	0.0	0.0	0.0
018	1.0	2.0	1.0	1.0	1.0	5.0	1.0
019	1.0	2.0	1.0	2.0	1.0	2.0	1.0
020	2.0	1.0	1.0	1.0	2.0	4.0	1.0
021	1.0	0.0	0.0	0.0	0.6680000000000001	2.332	0.0
022	0.0	0.0	0.0	0.0	0.0	0.0	0.0
023	1.0	0.0	0.0	0.0	0.3330000000000002	2.667	0.0
024	2.0	0.0	1.0	0.0	2.0	4.0	1.0
025	1.0	0.0	0.0	0.0	0.3330000000000002	2.667	0.0
026	1.0	2.0	1.0	1.0	3.0	6.0	2.0
027	2.0	0.0	2.0	0.0	2.0	4.0	2.0
028	3.0	0.0	2.0	0.0	2.668	6.332	2.0
029	1.0	0.0	1.0	0.0	1.0	2.0	1.0
030	0.0	0.0	0.0	0.0	0.0	0.0	0.0
031	1.0	2.0	1.0	2.0	2.333	6.667	3.0
032	1.0	1.0	1.0	1.0	2.0	4.0	2.0
033	1.0	2.0	0.0	2.0	2.668	6.332	2.0
034	0.0	4.0	0.0	3.0	3.333	8.667	3.0
035	1.0	2.0	1.0	1.0	3.0	6.0	2.0
036	1.0	1.0	0.0	0.0	1.0	2.0	0.0
037	1.0	1.0	1.0	0.0	1.3330000000000002	4.667	1.0
038	1.0	2.0	0.0	1.0	2.333	6.667	1.0
039	1.0	1.0	1.0	1.0	0.6660000000000004	5.334	2.0
040	1.0	2.0	0.0	1.0	1.3330000000000002	4.667	1.0
041	1.0	3.0	0.0	1.0	1.6660000000000004	7.334	1.0
042	1.0	2.0	0.0	1.0	2.4	3.6	1.0
043	1.0	3.0	1.0	2.0	2.333	6.667	2.0
044	3.0	3.0	2.0	3.0	2.333	6.667	2.0
045	1.0	1.0	1.0	1.0	0.3330000000000002	2.667	1.0
046	2.0	4.0	2.0	3.0	2.6660000000000004	9.334	3.0
047	1.0	1.0	1.0	1.0	1.0	2.0	1.0
048	1.0	0.0	1.0	0.0	0.3330000000000002	2.667	1.0
049	2.0	0.0	2.0	0.0	2.0	4.0	2.0
050	1.0	0.0	1.0	0.0	1.0	2.0	1.0
051	1.0	0.0	0.0	0.0	0.3330000000000002	2.667	0.0
052	1.0	0.0	1.0	0.0	1.0	2.0	1.0
053	2.0	0.0	2.0	0.0	2.0	4.0	2.0
054	0.0	0.0	0.0	0.0	0.0	0.0	0.0
055	1.0	0.0	0.0	0.0	0.3330000000000002	2.667	0.0
056	1.0	1.0	1.0	1.0	0.6680000000000001	2.332	1.0
057	1.0	2.0	1.0	1.0	1.3330000000000002	4.667	1.0
058	1.0	0.0	1.0	0.0	0.3330000000000002	2.667	1.0
059	2.0	0.0	1.0	0.0	2.0	4.0	1.0
060	1.0	0.0	0.0	0.0	1.0	2.0	0.0
061	2.0	0.0	1.0	0.0	2.0	4.0	1.0
062	0.0	0.0	0.0	0.0	0.0	0.0	0.0
063	1.0	0.0	1.0	0.0	0.3330000000000002	2.667	1.0
064	0.0	0.0	0.0	0.0	0.0	0.0	0.0
065	1.0	0.0	0.0	0.0	1.0	2.0	0.0
066	2.0	0.0	1.0	0.0	2.0	4.0	1.0
067	2.0	1.0	2.0	0.0	3.0	6.0	2.0
068	2.0	0.0	0.0	0.0	2.8	3.2	0.0
069	1.0	0.0	1.0	0.0	0.3330000000000002	2.667	1.0
070	3.0	2.0	1.0	1.0	5.0680000000000005	9.931999999999999	2.0
071	1.0	5.0	0.0	2.0	2.6690000000000005	12.331	2.0
072	1.0	0.0	1.0	0.0	0.3330000000000002	2.667	1.0
073	0.0	0.0	0.0	0.0	0.0	0.0	0.0
074	0.0	0.0	0.0	0.0	0.0	0.0	0.0
075	0.0	2.0	0.0	1.0	1.3330000000000002	4.667	1.0
076	0.0	1.0	0.0	0.0	0.3330000000000002	2.667	0.0
077	2.0	0.0	2.0	0.0	0.6660000000000004	5.334	2.0
078	2.0	0.0	2.0	0.0	0.6660000000000004	5.334	2.0
079	3.0	0.0	1.0	0.0	3.0	6.0	1.0
080	0.0	0.0	0.0	0.0	0.0	0.0	0.0
081	0.0	0.0	0.0	0.0	0.0	0.0	0.0
082	1.0	0.0	0.0	0.0	0.3330000000000002	2.667	0.0
083	0.0	0.0	0.0	0.0	0.0	0.0	0.0
084	2.0	0.0	1.0	0.0	0.6660000000000004	5.334	1.0
085	1.0	0.0	0.0	0.0	1.0	2.0	0.0
086	1.0	0.0	0.0	0.0	1.0	2.0	0.0
087	2.0	0.0	1.0	0.0	0.6660000000000004	5.334	1.0
088	1.0	0.0	1.0	0.0	0.3330000000000002	2.667	1.0
089	2.0	0.0	2.0	0.0	0.6660000000000004	5.334	2.0
090	3.0	0.0	2.0	0.0	3.0	6.0	2.0
091	1.0	0.0	1.0	0.0	1.0	2.0	1.0
092	0.0	0.0	0.0	0.0	0.0	0.0	0.0
093	3.0	0.0	2.0	0.0	3.8	5.2	2.0
094	1.0	0.0	1.0	0.0	1.0	2.0	1.0
095	1.0	0.0	1.0	0.0	1.0	2.0	1.0
096	2.0	0.0	1.0	0.0	2.0	4.0	1.0
097	2.0	0.0	1.0	0.0	2.0	4.0	1.0
098	2.0	0.0	1.0	0.0	2.0	4.0	1.0
099	0.0	0.0	0.0	0.0	0.0	0.0	0.0
100	1.0	0.0	1.0	0.0	0.3330000000000002	2.667	1.0
101	2.0	0.0	2.0	0.0	0.6660000000000004	5.334	2.0
102	1.0	2.0	1.0	1.0	2.0	4.0	1.0
103	2.0	3.0	1.0	1.0	3.4	5.6	2.0
104	0.0	0.0	0.0	0.0	0.0	0.0	0.0
105	1.0	0.0	1.0	0.0	1.0	2.0	1.0
106	2.0	1.0	0.0	0.0	1.0	2.0	0.0
107	1.0	0.0	1.0	0.0	0.3330000000000002	2.667	1.0
108	2.0	0.0	2.0	0.0	0.6660000000000004	5.334	2.0
109	1.0	0.0	1.0	0.0	1.0	2.0	1.0
110	1.0	2.0	0.0	1.0	2.0	4.0	1.0
111	3.0	0.0	1.0	0.0	3.0	6.0	1.0
112	1.0	1.0	1.0	0.0	2.0	4.0	1.0
113	1.0	0.0	1.0	0.0	1.0	2.0	1.0
114	1.0	0.0	1.0	0.0	0.3330000000000002	2.667	1.0
115	1.0	0.0	0.0	0.0	1.0	2.0	0.0
116	0.0	0.0	0.0	0.0	0.0	0.0	0.0
117	0.0	0.0	0.0	0.0	0.0	0.0	0.0
118	2.0	0.0	1.0	0.0	2.0	4.0	1.0
119	2.0	0.0	0.0	0.0	2.0	4.0	0.0
120	1.0	2.0	0.0	1.0	0.9990000000000006	8.001	1.0
121	0.0	1.0	0.0	1.0	1.0	2.0	1.0
122	0.0	0.0	0.0	0.0	0.0	0.0	0.0
123	1.0	4.0	1.0	3.0	2.333	6.667	2.0
124	1.0	0.0	0.0	0.0	1.0	2.0	0.0
125	1.0	1.0	0.0	0.0	0.6660000000000004	5.334	0.0
126	1.0	0.0	0.0	0.0	0.6680000000000001	2.332	0.0
127	1.0	0.0	0.0	0.0	0.3330000000000002	2.667	0.0
128	1.0	0.0	1.0	0.0	0.3330000000000002	2.667	1.0
129	1.0	0.0	0.0	0.0	0.3330000000000002	2.667	0.0
130	3.0	0.0	2.0	0.0	3.0	6.0	2.0
131	2.0	0.0	1.0	0.0	1.3360000000000003	4.664	1.0
132	2.0	0.0	0.0	0.0	2.0	4.0	0.0
133	0.0	2.0	0.0	1.0	1.6680000000000001	4.332	1.0
134	1.0	0.0	1.0	0.0	0.3330000000000002	2.667	1.0
135	0.0	0.0	0.0	0.0	0.0	0.0	0.0
136	2.0	0.0	0.0	0.0	0.6660000000000004	5.334	0.0
137	1.0	0.0	0.0	0.0	0.3330000000000002	2.667	0.0
138	3.0	0.0	3.0	0.0	3.0	6.0	3.0
139	0.0	0.0	0.0	0.0	0.0	0.0	0.0
140	2.0	0.0	1.0	0.0	1.3360000000000003	4.664	1.0
141	1.0	0.0	1.0	0.0	1.0	2.0	1.0
142	1.0	0.0	1.0	0.0	1.0	2.0	1.0
143	1.0	0.0	0.0	0.0	0.3330000000000002	2.667	0.0
144	1.0	0.0	0.0	0.0	0.3330000000000002	2.667	0.0
145	1.0	0.0	1.0	0.0	0.6680000000000001	2.332	1.0
146	1.0	1.0	0.0	0.0	1.0	2.0	0.0
147	1.0	0.0	0.0	0.0	1.0	2.0	0.0
148	1.0	0.0	1.0	0.0	1.0	2.0	1.0
149	3.0	0.0	2.0	0.0	3.0	6.0	2.0
150	1.0	0.0	0.0	0.0	1.0	2.0	0.0
151	2.0	1.0	1.0	1.0	1.3360000000000003	7.664	2.0
152	2.0	0.0	1.0	0.0	2.0	4.0	1.0
153	2.0	4.0	2.0	3.0	1.9990000000000006	10.001	3.0
154	1.0	2.0	0.0	1.0	0.9990000000000006	8.001	1.0
155	0.0	0.0	0.0	0.0	0.0	0.0	0.0
156	1.0	1.0	1.0	1.0	1.3330000000000002	4.667	2.0
157	2.0	0.0	1.0	0.0	2.0	4.0	1.0
158	2.0	2.0	2.0	2.0	1.3330000000000002	4.667	2.0
159	3.0	0.0	3.0	0.0	1.6680000000000001	4.332	2.0
160	1.0	0.0	1.0	0.0	0.3330000000000002	2.667	1.0
161	1.0	2.0	1.0	0.0	0.6660000000000004	5.334	1.0
162	1.0	0.0	0.0	0.0	1.0	2.0	0.0
163	1.0	0.0	1.0	0.0	0.3330000000000002	2.667	1.0
164	1.0	0.0	0.0	0.0	1.0	2.0	0.0
165	1.0	3.0	1.0	0.0	2.333	6.667	1.0
166	2.0	0.0	1.0	0.0	2.0	4.0	1.0
167	1.0	1.0	1.0	1.0	0.3330000000000002	2.667	1.0
168	2.0	0.0	1.0	0.0	2.0	4.0	1.0
169	1.0	0.0	0.0	0.0	1.0	2.0	0.0
170	1.0	0.0	0.0	0.0	1.4	1.6	0.0
171	3.0	0.0	3.0	0.0	3.0	6.0	3.0
172	2.0	0.0	0.0	0.0	2.0	4.0	0.0
173	3.0	0.0	3.0	0.0	3.0	6.0	3.0
174	1.0	0.0	0.0	0.0	1.0	2.0	0.0
175	0.0	2.0	0.0	1.0	0.6680000000000001	5.332	1.0
176	4.0	0.0	2.0	0.0	1.3320000000000007	10.668	2.0
177	3.0	0.0	2.0	0.0	1.6680000000000001	4.332	1.0
178	3.0	3.0	2.0	2.0	2.6660000000000004	9.334	3.0
179	0.0	1.0	0.0	1.0	1.0	2.0	1.0
180	0.0	1.0	0.0	0.0	0.3330000000000002	2.667	0.0
181	2.0	2.0	0.0	2.0	2.333	6.667	1.0
182	0.0	2.0	0.0	1.0	0.6660000000000004	5.334	1.0
183	2.0	1.0	1.0	0.0	3.068	5.932	1.0
184	2.0	0.0	1.0	0.0	2.0	4.0	1.0
185	2.0	0.0	1.0	0.0	2.0	4.0	1.0
186	1.0	1.0	1.0	0.0	2.0	4.0	1.0
187	1.0	1.0	1.0	0.0	0.6660000000000004	5.334	1.0
188	0.0	0.0	0.0	0.0	0.0	0.0	0.0
189	0.0	0.0	0.0	0.0	0.0	0.0	0.0
190	2.0	2.0	2.0	0.0	2.333	6.667	2.0
191	2.0	0.0	0.0	0.0	0.6660000000000004	5.334	0.0
192	1.0	0.0	1.0	0.0	0.3330000000000002	2.667	1.0
193	1.0	1.0	1.0	1.0	0.6660000000000004	5.334	2.0
194	2.0	0.0	0.0	0.0	2.0	4.0	0.0
195	0.0	0.0	0.0	0.0	0.0	0.0	0.0
196	2.0	0.0	0.0	0.0	2.068	3.932	0.0
197	1.0	1.0	1.0	0.0	0.6660000000000004	5.334	1.0
198	1.0	0.0	1.0	0.0	0.3330000000000002	2.667	1.0
199	0.0	2.0	0.0	0.0	0.6660000000000004	5.334	0.0
200	0.0	2.0	0.0	2.0	0.3330000000000002	2.667	1.0
201	1.0	0.0	1.0	0.0	0.3330000000000002	2.667	1.0
202	0.0	2.0	0.0	0.0	0.6660000000000004	5.334	0.0
203	2.0	2.0	1.0	2.0	1.3320000000000007	10.668	3.0
204	2.0	3.0	1.0	0.0	1.9990000000000006	10.001	1.0
205	2.0	0.0	1.0	0.0	0.6660000000000004	5.334	1.0
206	1.0	1.0	0.0	1.0	1.3330000000000002	4.667	1.0
207	1.0	4.0	0.0	3.0	1.9990000000000006	10.001	2.0
208	0.0	0.0	0.0	0.0	0.0	0.0	0.0
209	1.0	1.0	0.0	0.0	0.3330000000000002	5.667	0.0
210	1.0	0.0	0.0	0.0	1.0	2.0	0.0
211	2.0	0.0	0.0	0.0	2.0	4.0	0.0
212	2.0	0.0	1.0	0.0	1.6680000000000001	4.332	1.0
213	2.0	0.0	0.0	0.0	0.6660000000000004	5.334	0.0
214	1.0	1.0	1.0	1.0	2.0	4.0	2.0
215	1.0	0.0	1.0	0.0	1.0	2.0	1.0
216	1.0	0.0	1.0	0.0	0.3330000000000002	2.667	1.0
217	2.0	0.0	2.0	0.0	2.0	4.0	2.0
218	0.0	0.0	0.0	0.0	0.0	0.0	0.0
219	2.0	1.0	0.0	1.0	2.668	6.332	1.0
220	0.0	1.0	0.0	1.0	0.3330000000000002	2.667	1.0
221	1.0	2.0	1.0	2.0	1.0	2.0	1.0
222	0.0	0.0	0.0	0.0	0.0	0.0	0.0
223	0.0	0.0	0.0	0.0	0.0	0.0	0.0
224	0.0	0.0	0.0	0.0	0.0	0.0	0.0
225	1.0	0.0	1.0	0.0	0.3330000000000002	2.667	1.0
226	1.0	0.0	1.0	0.0	0.3330000000000002	2.667	1.0
227	1.0	1.0	1.0	1.0	2.0	4.0	2.0
228	1.0	2.0	0.0	0.0	0.3330000000000002	2.667	0.0
229	1.0	1.0	0.0	0.0	1.0	2.0	0.0
230	0.0	1.0	0.0	1.0	0.3330000000000002	2.667	1.0
231	1.0	2.0	1.0	0.0	2.0	4.0	1.0
232	1.0	0.0	0.0	0.0	1.0	2.0	0.0
233	0.0	0.0	0.0	0.0	0.0	0.0	0.0
234	3.0	2.0	2.0	2.0	2.333	6.667	2.0
235	1.0	2.0	1.0	1.0	0.6660000000000004	5.334	1.0
236	2.0	1.0	0.0	0.0	2.0	4.0	0.0
237	0.0	2.0	0.0	1.0	2.0	4.0	1.0
238	2.0	2.0	2.0	1.0	3.0	6.0	2.0
239	1.0	2.0	1.0	0.0	1.3330000000000002	4.667	1.0
240	2.0	1.0	1.0	1.0	2.4010000000000002	6.599	2.0
241	2.0	3.0	0.0	3.0	4.0	8.0	2.0
242	3.0	0.0	2.0	0.0	3.0	6.0	2.0
243	3.0	2.0	2.0	0.0	4.0	8.0	2.0
244	1.0	2.0	0.0	1.0	1.3330000000000002	4.667	1.0
245	2.0	0.0	1.0	0.0	1.3360000000000003	4.664	1.0
246	1.0	2.0	0.0	0.0	0.3330000000000002	2.667	0.0
247	1.0	2.0	1.0	1.0	2.333	6.667	2.0
248	1.0	1.0	1.0	1.0	1.3330000000000002	4.667	2.0
249	1.0	0.0	1.0	0.0	0.3330000000000002	2.667	1.0
250	1.0	0.0	1.0	0.0	0.3330000000000002	2.667	1.0
251	1.0	0.0	0.0	0.0	1.0	2.0	0.0
252	2.0	2.0	0.0	2.0	1.6660000000000004	7.334	1.0
253	1.0	0.0	1.0	0.0	1.0	2.0	1.0
254	3.0	3.0	1.0	3.0	3.333	8.667	2.0
255	2.0	0.0	1.0	0.0	0.6660000000000004	5.334	1.0
256	2.0	0.0	1.0	0.0	1.6680000000000001	4.332	1.0
257	0.0	0.0	0.0	0.0	0.0	0.0	0.0
258	0.0	2.0	0.0	2.0	1.3330000000000002	4.667	2.0
259	3.0	0.0	1.0	0.0	2.0040000000000004	6.9959999999999996	1.0
260	1.0	1.0	1.0	1.0	0.6660000000000004	5.334	2.0
261	2.0	0.0	1.0	0.0	1.6680000000000001	4.332	1.0
262	1.0	0.0	1.0	0.0	1.0	2.0	1.0
263	1.0	2.0	0.0	1.0	0.9990000000000006	8.001	1.0
264	0.0	1.0	0.0	0.0	1.0	2.0	0.0
265	1.0	1.0	1.0	1.0	2.0	4.0	2.0
266	1.0	1.0	1.0	1.0	2.0	4.0	2.0
267	3.0	1.0	1.0	0.0	4.0	8.0	1.0
268	1.0	0.0	0.0	0.0	1.0	2.0	0.0
269	0.0	0.0	0.0	0.0	0.0	0.0	0.0
270	2.0	1.0	0.0	0.0	2.0	4.0	0.0
271	2.0	3.0	1.0	0.0	2.333	6.667	1.0
272	1.0	0.0	1.0	0.0	0.3330000000000002	2.667	1.0
273	1.0	1.0	0.0	1.0	2.4	3.6	1.0
274	1.0	1.0	1.0	1.0	1.3330000000000002	4.667	2.0
275	0.0	0.0	0.0	0.0	0.0	0.0	0.0
