pos	Sd	Nd	Sd_tip	Nd_tip	S	N	comparisons
001	0.0	0.0	0.0	0.0	0.0	0.0	0.0
002	0.0	4.0	0.0	2.0	3.333	8.667	2.0
003	1.0	3.0	1.0	3.0	2.0	4.0	2.0
004	2.0	3.0	1.0	1.0	3.0	6.0	2.0
005	1.0	3.0	1.0	1.0	1.6660000000000004	7.334	1.0
006	1.0	5.0	1.0	2.0	1.6660000000000004	7.334	1.0
007	2.0	3.0	2.0	3.0	1.0010000000000003	4.999	2.0
008	1.0	3.0	0.0	1.0	1.9990000000000006	10.001	1.0
009	1.0	4.0	0.0	3.0	0.9990000000000006	8.001	2.0
010	4.0	2.0	3.0	0.0	3.668	8.332	2.0
011	2.0	1.0	0.0	1.0	3.0	6.0	1.0
012	0.0	2.0	0.0	2.0	1.3330000000000002	4.667	2.0
013	2.0	1.0	1.0	1.0	2.0	4.0	1.0
014	1.0	3.0	1.0	3.0	1.3330000000000002	4.667	2.0
015	2.0	2.0	2.0	1.0	0.9990000000000006	8.001	2.0
016	1.0	1.0	1.0	1.0	0.6660000000000004	5.334	2.0
017	1.0	2.0	1.0	1.0	2.333	6.667	2.0
018	1.0	1.0	1.0	1.0	1.0	2.0	1.0
019	0.0	1.0	0.0	1.0	0.3330000000000002	2.667	1.0
020	1.0	1.0	1.0	1.0	2.0	4.0	2.0
021	1.0	0.0	0.0	0.0	1.4	1.6	0.0
022	1.0	0.0	1.0	0.0	0.3330000000000002	2.667	1.0
023	1.0	2.0	1.0	1.0	3.0	6.0	2.0
024	1.0	0.0	0.0	0.0	0.3330000000000002	2.667	0.0
025	2.0	1.0	1.0	1.0	2.333	6.667	2.0
026	2.0	2.0	1.0	0.0	0.6660000000000004	5.334	1.0
027	2.0	0.0	1.0	0.0	2.0	4.0	1.0
028	2.0	0.0	1.0	0.0	2.0	4.0	1.0
029	1.0	1.0	1.0	0.0	1.3360000000000003	4.664	1.0
030	2.0	2.0	1.0	1.0	2.0020000000000007	9.998	2.0
031	1.0	0.0	1.0	0.0	1.0	2.0	1.0
032	2.0	0.0	1.0	0.0	2.0	4.0	1.0
033	3.0	0.0	2.0	0.0	3.8	5.2	2.0
034	1.0	2.0	1.0	1.0	1.3340000000000005	7.6659999999999995	2.0
035	2.0	1.0	1.0	1.0	0.9990000000000006	8.001	2.0
036	1.0	0.0	0.0	0.0	1.0	2.0	0.0
037	0.0	0.0	0.0	0.0	0.0	0.0	0.0
038	1.0	3.0	1.0	1.0	2.7340000000000004	9.266	2.0
039	1.0	1.0	1.0	0.0	0.6660000000000004	5.334	1.0
040	0.0	1.0	0.0	0.0	1.0	2.0	0.0
041	1.0	0.0	0.0	0.0	0.6680000000000001	2.332	0.0
042	1.0	0.0	1.0	0.0	0.6680000000000001	2.332	1.0
043	0.0	0.0	0.0	0.0	0.0	0.0	0.0
044	2.0	0.0	1.0	0.0	2.8	3.2	1.0
045	1.0	0.0	0.0	0.0	0.3330000000000002	2.667	0.0
046	1.0	0.0	1.0	0.0	1.0	2.0	1.0
047	1.0	0.0	1.0	0.0	1.0	2.0	1.0
048	2.0	0.0	1.0	0.0	2.0	4.0	1.0
049	2.0	1.0	1.0	1.0	2.333	6.667	2.0
050	1.0	0.0	0.0	0.0	0.3330000000000002	2.667	0.0
051	3.0	0.0	2.0	0.0	3.0	6.0	2.0
052	1.0	0.0	1.0	0.0	1.0	2.0	1.0
053	1.0	1.0	1.0	1.0	1.6680000000000001	4.332	2.0
054	1.0	0.0	1.0	0.0	0.3330000000000002	2.667	1.0
055	1.0	0.0	1.0	0.0	1.0	2.0	1.0
056	2.0	0.0	2.0	0.0	2.0	4.0	2.0
057	2.0	3.0	2.0	2.0	3.333	8.667	3.0
058	1.0	1.0	1.0	0.0	1.3330000000000002	4.667	1.0
059	2.0	0.0	2.0	0.0	2.4	3.6	2.0
060	1.0	2.0	1.0	1.0	1.3330000000000002	4.667	1.0
061	3.0	3.0	3.0	3.0	4.0	8.0	4.0
062	2.0	3.0	2.0	2.0	4.0	8.0	3.0
063	1.0	0.0	0.0	0.0	1.0	2.0	0.0
064	1.0	3.0	1.0	0.0	2.6660000000000004	9.334	1.0
065	1.0	0.0	0.0	0.0	1.0	2.0	0.0
066	1.0	1.0	1.0	1.0	2.4	3.6	2.0
067	0.0	0.0	0.0	0.0	0.0	0.0	0.0
068	1.0	1.0	0.0	1.0	2.0	4.0	1.0
069	2.0	1.0	1.0	1.0	1.3330000000000002	4.667	1.0
070	0.0	3.0	0.0	2.0	1.3330000000000002	4.667	1.0
071	2.0	1.0	1.0	0.0	1.6660000000000004	7.334	1.0
072	2.0	3.0	2.0	2.0	3.0010000000000003	8.998999999999999	3.0
073	0.0	5.0	0.0	4.0	2.6660000000000004	9.334	3.0
074	1.0	1.0	1.0	1.0	1.0	2.0	1.0
075	3.0	0.0	2.0	0.0	3.068	5.932	2.0
076	3.0	0.0	3.0	0.0	2.3360000000000003	6.664	3.0
077	1.0	0.0	1.0	0.0	0.3330000000000002	2.667	1.0
078	1.0	1.0	0.0	1.0	2.0	4.0	1.0
079	2.0	0.0	1.0	0.0	2.068	3.932	1.0
080	1.0	0.0	1.0	0.0	1.0	2.0	1.0
081	1.0	1.0	1.0	1.0	0.6660000000000004	5.334	2.0
082	2.0	1.0	2.0	1.0	3.0	6.0	3.0
083	3.0	1.0	2.0	0.0	1.3340000000000005	7.6659999999999995	2.0
084	0.0	0.0	0.0	0.0	0.0	0.0	0.0
085	1.0	1.0	1.0	0.0	1.6680000000000001	4.332	1.0
086	1.0	0.0	1.0	0.0	0.3330000000000002	2.667	1.0
087	2.0	0.0	1.0	0.0	2.0	4.0	1.0
088	2.0	0.0	1.0	0.0	2.0	4.0	1.0
089	1.0	0.0	1.0	0.0	1.0	2.0	1.0
090	3.0	0.0	2.0	0.0	3.0	6.0	2.0
091	1.0	0.0	1.0	0.0	1.0	2.0	1.0
092	1.0	0.0	0.0	0.0	1.0	2.0	0.0
093	1.0	0.0	1.0	0.0	1.0	2.0	1.0
094	1.0	0.0	0.0	0.0	1.0	2.0	0.0
095	3.0	0.0	1.0	0.0	3.0	6.0	1.0
096	2.0	2.0	1.0	1.0	2.0	4.0	1.0
097	1.0	0.0	0.0	0.0	0.3330000000000002	2.667	0.0
098	3.0	0.0	2.0	0.0	2.668	6.332	2.0
099	1.0	0.0	1.0	0.0	1.0	2.0	1.0
100	0.0	0.0	0.0	0.0	0.0	0.0	0.0
101	1.0	0.0	0.0	0.0	0.6680000000000001	2.332	0.0
102	0.0	0.0	0.0	0.0	0.0	0.0	0.0
103	0.0	0.0	0.0	0.0	0.0	0.0	0.0
104	1.0	0.0	1.0	0.0	0.3330000000000002	2.667	1.0
105	0.0	0.0	0.0	0.0	0.0	0.0	0.0
106	1.0	1.0	1.0	1.0	0.6660000000000004	5.334	2.0
107	2.0	0.0	1.0	0.0	0.6660000000000004	5.334	1.0
108	2.0	0.0	1.0	0.0	2.0	4.0	1.0
109	1.0	0.0	0.0	0.0	0.3330000000000002	2.667	0.0
110	1.0	0.0	1.0	0.0	1.0	2.0	1.0
111	1.0	0.0	1.0	0.0	0.3330000000000002	2.667	1.0
112	0.0	0.0	0.0	0.0	0.0	0.0	0.0
113	0.0	0.0	0.0	0.0	0.0	0.0	0.0
114	1.0	0.0	1.0	0.0	0.3330000000000002	2.667	1.0
115	2.0	1.0	1.0	1.0	2.0	4.0	1.0
116	1.0	0.0	0.0	0.0	1.0	2.0	0.0
117	2.0	0.0	1.0	0.0	2.068	3.932	1.0
118	2.0	0.0	2.0	0.0	2.0	4.0	2.0
119	1.0	0.0	1.0	0.0	0.3330000000000002	2.667	1.0
120	1.0	0.0	0.0	0.0	1.0	2.0	0.0
121	0.0	3.0	0.0	2.0	2.733	6.2669999999999995	2.0
122	1.0	1.0	1.0	1.0	1.3330000000000002	4.667	2.0
123	1.0	0.0	1.0	0.0	1.0	2.0	1.0
124	0.0	2.0	0.0	1.0	2.0	4.0	1.0
125	1.0	1.0	1.0	0.0	0.6660000000000004	5.334	1.0
126	2.0	0.0	1.0	0.0	0.6660000000000004	5.334	1.0
127	2.0	1.0	1.0	1.0	2.668	6.332	2.0
128	2.0	0.0	1.0	0.0	0.6660000000000004	5.334	1.0
129	2.0	2.0	2.0	2.0	3.0	6.0	3.0
130	2.0	0.0	1.0	0.0	2.0	4.0	1.0
131	1.0	2.0	0.0	0.0	2.0040000000000004	6.9959999999999996	0.0
132	0.0	0.0	0.0	0.0	0.0	0.0	0.0
133	0.0	3.0	0.0	3.0	1.6660000000000004	7.334	3.0
134	1.0	0.0	1.0	0.0	0.3330000000000002	2.667	1.0
135	2.0	2.0	0.0	1.0	3.668	8.332	1.0
136	0.0	4.0	0.0	2.0	2.668	6.332	2.0
137	2.0	2.0	1.0	1.0	4.0	8.0	2.0
138	2.0	1.0	1.0	1.0	2.0	4.0	1.0
139	1.0	0.0	1.0	0.0	1.0	2.0	1.0
140	2.0	2.0	1.0	2.0	2.333	6.667	2.0
141	2.0	2.0	2.0	2.0	2.0	4.0	2.0
142	2.0	3.0	2.0	1.0	3.6660000000000004	11.334	3.0
143	3.0	0.0	3.0	0.0	1.6680000000000001	4.332	2.0
144	1.0	1.0	0.0	0.0	1.6680000000000001	4.332	0.0
145	1.0	2.0	1.0	2.0	1.3330000000000002	4.667	2.0
146	3.0	0.0	1.0	0.0	3.4	5.6	1.0
147	1.0	0.0	1.0	0.0	1.0	2.0	1.0
148	0.0	0.0	0.0	0.0	0.0	0.0	0.0
149	1.0	0.0	1.0	0.0	0.3330000000000002	2.667	1.0
150	0.0	0.0	0.0	0.0	0.0	0.0	0.0
151	1.0	0.0	1.0	0.0	0.3330000000000002	2.667	1.0
152	1.0	0.0	0.0	0.0	1.0	2.0	0.0
153	1.0	0.0	1.0	0.0	0.3330000000000002	2.667	1.0
154	2.0	0.0	1.0	0.0	2.0	4.0	1.0
155	1.0	1.0	0.0	1.0	2.0	4.0	1.0
156	3.0	0.0	1.0	0.0	3.0	6.0	1.0
157	2.0	0.0	0.0	0.0	2.4	3.6	0.0
158	1.0	2.0	0.0	2.0	2.668	6.332	2.0
159	1.0	0.0	1.0	0.0	0.3330000000000002	2.667	1.0
160	1.0	1.0	0.0	1.0	0.6680000000000001	5.332	1.0
161	3.0	0.0	2.0	0.0	2.736	6.263999999999999	2.0
162	3.0	0.0	1.0	0.0	3.068	5.932	1.0
163	0.0	1.0	0.0	1.0	1.0	2.0	1.0
164	1.0	0.0	1.0	0.0	0.3330000000000002	2.667	1.0
165	2.0	0.0	1.0	0.0	2.0	4.0	1.0
166	0.0	1.0	0.0	1.0	0.3330000000000002	2.667	1.0
167	2.0	3.0	1.0	2.0	3.333	8.667	2.0
168	3.0	0.0	1.0	0.0	1.6680000000000001	4.332	1.0
169	2.0	0.0	2.0	0.0	2.0	4.0	2.0
170	1.0	0.0	1.0	0.0	1.0	2.0	1.0
171	1.0	2.0	1.0	1.0	1.3360000000000003	4.664	1.0
172	1.0	1.0	0.0	0.0	2.4	3.6	0.0
173	1.0	0.0	0.0	0.0	1.0	2.0	0.0
174	0.0	2.0	0.0	2.0	0.3330000000000002	2.667	1.0
175	2.0	0.0	2.0	0.0	0.6660000000000004	5.334	2.0
176	1.0	0.0	1.0	0.0	1.0	2.0	1.0
177	0.0	0.0	0.0	0.0	0.0	0.0	0.0
178	0.0	0.0	0.0	0.0	0.0	0.0	0.0
179	2.0	0.0	1.0	0.0	2.0	4.0	1.0
180	0.0	0.0	0.0	0.0	0.0	0.0	0.0
181	1.0	1.0	0.0	1.0	2.0	4.0	1.0
182	1.0	3.0	1.0	3.0	2.333	6.667	3.0
183	3.0	2.0	2.0	1.0	4.333	10.667	3.0
184	2.0	2.0	0.0	2.0	2.3360000000000003	9.664	2.0
185	1.0	3.0	1.0	1.0	2.6660000000000004	9.334	2.0
186	1.0	3.0	1.0	0.0	1.3320000000000007	10.668	1.0
187	1.0	2.0	1.0	1.0	2.668	6.332	2.0
188	1.0	0.0	1.0	0.0	0.6680000000000001	2.332	1.0
189	1.0	1.0	0.0	1.0	2.0	4.0	1.0
190	0.0	2.0	0.0	2.0	0.6660000000000004	5.334	2.0
191	2.0	1.0	1.0	0.0	3.0	6.0	1.0
192	0.0	4.0	0.0	3.0	1.3320000000000007	10.668	3.0
193	1.0	3.0	1.0	1.0	2.333	6.667	1.0
194	0.0	3.0	0.0	2.0	2.333	6.667	2.0
195	1.0	4.0	1.0	2.0	2.333	6.667	2.0
196	1.0	5.0	1.0	3.0	2.6670000000000007	12.332999999999998	3.0
197	1.0	4.0	0.0	4.0	1.3320000000000007	10.668	3.0
198	1.0	2.0	1.0	0.0	2.0660000000000003	6.933999999999999	1.0
199	1.0	1.0	0.0	0.0	0.6660000000000004	5.334	0.0
200	0.0	0.0	0.0	0.0	0.0	0.0	0.0
201	0.0	0.0	0.0	0.0	0.0	0.0	0.0
202	0.0	0.0	0.0	0.0	0.0	0.0	0.0
203	0.0	0.0	0.0	0.0	0.0	0.0	0.0
204	0.0	3.0	0.0	1.0	1.0010000000000003	4.999	1.0
205	1.0	2.0	0.0	1.0	0.9990000000000006	8.001	1.0
206	1.0	3.0	1.0	1.0	2.668	6.332	2.0
207	0.0	3.0	0.0	1.0	2.0010000000000003	6.999	1.0
208	1.0	3.0	0.0	1.0	2.4	3.6	1.0
209	1.0	2.0	0.0	1.0	2.0010000000000003	6.999	1.0
210	1.0	4.0	1.0	3.0	0.9990000000000006	8.001	2.0
211	1.0	4.0	0.0	1.0	3.0010000000000003	8.998999999999999	1.0
212	0.0	1.0	0.0	0.0	0.3330000000000002	2.667	0.0
213	1.0	1.0	1.0	1.0	0.6660000000000004	5.334	2.0
214	2.0	1.0	1.0	1.0	0.9990000000000006	8.001	2.0
215	1.0	2.0	1.0	2.0	2.0010000000000003	6.999	3.0
216	1.0	1.0	0.0	1.0	1.3330000000000002	4.667	1.0
217	3.0	2.0	2.0	2.0	2.333	6.667	2.0
218	2.0	2.0	1.0	1.0	3.0	6.0	1.0
219	2.0	3.0	1.0	2.0	3.333	8.667	2.0
220	1.0	3.0	1.0	2.0	0.6660000000000004	5.334	1.0
221	1.0	0.0	0.0	0.0	0.3330000000000002	2.667	0.0
222	0.0	2.0	0.0	2.0	0.6660000000000004	5.334	2.0
223	1.0	2.0	1.0	2.0	1.0	2.0	1.0
224	1.0	3.0	0.0	1.0	2.333	9.667	1.0
225	3.0	2.0	1.0	0.0	2.6660000000000004	9.334	1.0
226	3.0	0.0	1.0	0.0	3.0	6.0	1.0
227	1.0	2.0	1.0	0.0	0.9990000000000006	8.001	1.0
228	1.0	3.0	1.0	2.0	2.333	6.667	2.0
229	2.0	2.0	1.0	1.0	2.333	6.667	2.0
230	1.0	3.0	1.0	3.0	1.3330000000000002	4.667	2.0
231	1.0	3.0	1.0	3.0	0.6660000000000004	8.334	3.0
232	1.0	2.0	1.0	2.0	2.0	4.0	2.0
233	2.0	4.0	2.0	1.0	2.3320000000000007	12.668	3.0
234	2.0	1.0	1.0	1.0	3.0	6.0	2.0
235	2.0	2.0	2.0	2.0	1.6660000000000004	7.334	3.0
236	2.0	2.0	2.0	2.0	1.3330000000000002	4.667	2.0
237	1.0	3.0	0.0	1.0	2.333	6.667	1.0
238	2.0	0.0	2.0	0.0	2.0	4.0	2.0
239	2.0	1.0	1.0	1.0	2.668	6.332	2.0
240	1.0	3.0	1.0	2.0	1.6660000000000004	7.334	2.0
241	2.0	3.0	2.0	2.0	3.0010000000000003	8.998999999999999	3.0
242	1.0	0.0	0.0	0.0	1.0	2.0	0.0
243	3.0	0.0	2.0	0.0	2.736	6.263999999999999	2.0
244	2.0	3.0	2.0	1.0	2.333	6.667	2.0
245	3.0	1.0	1.0	0.0	3.068	5.932	1.0
246	3.0	1.0	2.0	0.0	4.468	7.532	2.0
247	1.0	0.0	1.0	0.0	1.0	2.0	1.0
248	1.0	0.0	1.0	0.0	0.3330000000000002	2.667	1.0
249	1.0	0.0	1.0	0.0	0.3330000000000002	2.667	1.0
250	2.0	1.0	1.0	0.0	1.3360000000000003	4.664	1.0
251	2.0	1.0	1.0	0.0	1.3330000000000002	4.667	1.0
252	1.0	1.0	1.0	1.0	1.3330000000000002	4.667	2.0
253	1.0	1.0	1.0	1.0	0.3330000000000002	2.667	1.0
254	2.0	5.0	1.0	3.0	5.4	9.6	3.0
255	1.0	3.0	1.0	1.0	2.333	6.667	1.0
256	1.0	5.0	1.0	4.0	1.6660000000000004	10.334	3.0
257	1.0	1.0	1.0	1.0	1.3330000000000002	4.667	2.0
258	0.0	3.0	0.0	2.0	1.6660000000000004	7.334	2.0
259	1.0	0.0	1.0	0.0	1.0	2.0	1.0
260	0.0	2.0	0.0	1.0	1.3330000000000002	4.667	1.0
261	3.0	2.0	2.0	2.0	3.0	6.0	2.0
262	2.0	2.0	2.0	2.0	3.0	6.0	3.0
263	1.0	3.0	1.0	2.0	2.333	6.667	2.0
264	1.0	2.0	1.0	2.0	1.6660000000000004	7.334	3.0
265	2.0	1.0	2.0	1.0	0.9990000000000006	8.001	3.0
266	1.0	1.0	0.0	1.0	1.6680000000000001	4.332	1.0
267	0.0	0.0	0.0	0.0	0.0	0.0	0.0
268	3.0	1.0	3.0	1.0	3.668	8.332	4.0
269	1.0	0.0	0.0	0.0	0.3330000000000002	2.667	0.0
270	1.0	0.0	0.0	0.0	1.0	2.0	0.0
271	1.0	0.0	0.0	0.0	1.0	2.0	0.0
272	1.0	0.0	1.0	0.0	0.3330000000000002	2.667	1.0
273	2.0	0.0	1.0	0.0	2.0	4.0	1.0
274	0.0	2.0	0.0	1.0	1.3330000000000002	4.667	1.0
275	0.0	2.0	0.0	1.0	1.0010000000000003	4.999	1.0
276	1.0	0.0	1.0	0.0	0.3330000000000002	2.667	1.0
277	1.0	0.0	1.0	0.0	0.3330000000000002	2.667	1.0
278	1.0	2.0	0.0	1.0	0.9990000000000006	8.001	1.0
279	0.0	0.0	0.0	0.0	0.0	0.0	0.0
280	1.0	0.0	1.0	0.0	0.6680000000000001	2.332	1.0
281	2.0	0.0	2.0	0.0	2.4	3.6	2.0
282	2.0	1.0	1.0	0.0	3.4	5.6	1.0
283	2.0	1.0	2.0	0.0	0.9990000000000006	8.001	2.0
284	1.0	2.0	0.0	2.0	3.0	6.0	2.0
285	2.0	1.0	2.0	0.0	0.9990000000000006	8.001	2.0
286	0.0	3.0	0.0	2.0	0.6660000000000004	5.334	1.0
287	1.0	0.0	1.0	0.0	1.0	2.0	1.0
288	0.0	2.0	0.0	0.0	1.3330000000000002	4.667	0.0
289	2.0	1.0	0.0	1.0	1.6690000000000005	7.3309999999999995	1.0
290	1.0	1.0	0.0	1.0	1.6680000000000001	4.332	1.0
291	3.0	0.0	2.0	0.0	2.736	6.263999999999999	2.0
292	1.0	1.0	0.0	0.0	1.3330000000000002	4.667	0.0
293	0.0	1.0	0.0	0.0	0.0	3.0	0.0
294	1.0	2.0	1.0	1.0	2.0	7.0	2.0
295	3.0	0.0	1.0	0.0	3.0	6.0	1.0
296	0.0	2.0	0.0	1.0	1.3330000000000002	4.667	1.0
297	1.0	4.0	0.0	2.0	1.6660000000000004	7.334	1.0
298	1.0	0.0	1.0	0.0	1.0	2.0	1.0
299	1.0	4.0	1.0	3.0	1.6670000000000007	10.332999999999998	3.0
300	1.0	1.0	1.0	0.0	1.3330000000000002	4.667	1.0
301	1.0	2.0	1.0	1.0	1.3340000000000005	7.6659999999999995	2.0
302	2.0	5.0	2.0	2.0	3.333	8.667	2.0
303	1.0	0.0	1.0	0.0	0.3330000000000002	2.667	1.0
304	3.0	4.0	1.0	2.0	1.665000000000001	13.334999999999999	2.0
305	0.0	3.0	0.0	1.0	1.6660000000000004	7.334	1.0
306	2.0	0.0	1.0	0.0	2.4	3.6	1.0
307	3.0	2.0	2.0	1.0	3.0	6.0	2.0
308	0.0	0.0	0.0	0.0	0.0	0.0	0.0
309	0.0	1.0	0.0	1.0	0.3330000000000002	2.667	1.0
310	0.0	1.0	0.0	1.0	0.3330000000000002	2.667	1.0
311	2.0	0.0	1.0	0.0	2.0	4.0	1.0
312	1.0	3.0	0.0	1.0	2.6660000000000004	9.334	1.0
313	1.0	2.0	1.0	2.0	1.3330000000000002	4.667	2.0
314	0.0	0.0	0.0	0.0	0.0	0.0	0.0
315	4.0	0.0	1.0	0.0	4.136	7.863999999999999	1.0
316	2.0	2.0	1.0	1.0	1.6660000000000004	7.334	1.0
317	2.0	0.0	2.0	0.0	0.6660000000000004	5.334	2.0
318	0.0	4.0	0.0	4.0	2.3360000000000003	6.664	3.0
319	2.0	0.0	0.0	0.0	2.0	4.0	0.0
320	3.0	3.0	1.0	3.0	1.9990000000000006	10.001	2.0
321	2.0	0.0	2.0	0.0	0.6660000000000004	5.334	2.0
322	2.0	0.0	1.0	0.0	2.068	3.932	1.0
323	1.0	4.0	1.0	4.0	2.0010000000000003	9.998999999999999	4.0
324	2.0	4.0	2.0	3.0	3.3340000000000005	11.666	4.0
325	0.0	3.0	0.0	3.0	2.0	4.0	2.0
326	2.0	2.0	2.0	1.0	2.0010000000000003	6.999	2.0
327	2.0	5.0	1.0	4.0	4.333	13.667	4.0
328	1.0	4.0	1.0	2.0	2.3320000000000007	12.668	3.0
329	1.0	4.0	0.0	1.0	4.0	8.0	1.0
330	1.0	3.0	0.0	1.0	3.333	8.667	1.0
331	1.0	4.0	0.0	1.0	4.0	8.0	1.0
332	1.0	3.0	1.0	0.0	2.333	6.667	1.0
333	1.0	2.0	0.0	0.0	1.0	2.0	0.0
334	1.0	1.0	0.0	0.0	1.3330000000000002	4.667	0.0
335	0.0	3.0	0.0	0.0	1.0010000000000003	4.999	0.0
336	0.0	0.0	0.0	0.0	0.0	0.0	0.0
337	0.0	0.0	0.0	0.0	0.0	0.0	0.0
338	0.0	0.0	0.0	0.0	0.0	0.0	0.0
339	0.0	0.0	0.0	0.0	0.0	0.0	0.0
340	0.0	0.0	0.0	0.0	0.0	0.0	0.0
341	0.0	0.0	0.0	0.0	0.0	0.0	0.0
342	0.0	0.0	0.0	0.0	0.0	0.0	0.0
343	0.0	1.0	0.0	0.0	0.3330000000000002	2.667	0.0
344	0.0	0.0	0.0	0.0	0.0	0.0	0.0
