pos	Sd	Nd	Sd_tip	Nd_tip	S	N	comparisons
001	0.0	0.0	0.0	0.0	0.0	0.0	0.0
002	1.0	1.0	1.0	1.0	1.0	2.0	1.0
003	2.0	1.0	1.0	1.0	3.0	6.0	2.0
004	1.0	0.0	1.0	0.0	1.0	2.0	1.0
005	0.0	4.0	0.0	2.0	1.9990000000000006	10.001	2.0
006	1.0	2.0	1.0	1.0	0.9990000000000006	8.001	2.0
007	1.0	3.0	0.0	1.0	2.333	6.667	1.0
008	0.0	0.0	0.0	0.0	0.0	0.0	0.0
009	3.0	1.0	3.0	1.0	3.333	8.667	4.0
010	1.0	0.0	1.0	0.0	0.3330000000000002	2.667	1.0
011	2.0	1.0	1.0	1.0	2.668	6.332	2.0
012	1.0	2.0	1.0	1.0	2.668	6.332	2.0
013	2.0	1.0	1.0	1.0	2.3360000000000003	6.664	2.0
014	2.0	0.0	2.0	0.0	2.0	4.0	2.0
015	2.0	0.0	2.0	0.0	2.0	4.0	2.0
016	2.0	0.0	2.0	0.0	2.0	4.0	2.0
017	0.0	0.0	0.0	0.0	0.0	0.0	0.0
018	0.0	0.0	0.0	0.0	0.0	0.0	0.0
019	3.0	0.0	2.0	0.0	3.0	6.0	2.0
020	1.0	0.0	1.0	0.0	1.0	2.0	1.0
021	2.0	0.0	2.0	0.0	2.0	4.0	2.0
022	2.0	1.0	1.0	1.0	2.0	4.0	1.0
023	2.0	1.0	1.0	1.0	2.4	6.6	2.0
024	1.0	1.0	0.0	1.0	2.0	4.0	1.0
025	0.0	0.0	0.0	0.0	0.0	0.0	0.0
026	0.0	1.0	0.0	1.0	0.6680000000000001	2.332	1.0
027	2.0	0.0	2.0	0.0	1.6680000000000001	4.332	2.0
028	2.0	0.0	1.0	0.0	0.6660000000000004	5.334	1.0
029	2.0	1.0	2.0	0.0	0.9990000000000006	8.001	2.0
030	2.0	3.0	1.0	2.0	2.6690000000000005	9.331	3.0
031	1.0	2.0	1.0	2.0	1.3330000000000002	4.667	2.0
032	1.0	2.0	1.0	1.0	2.3360000000000003	6.664	2.0
033	0.0	0.0	0.0	0.0	0.0	0.0	0.0
034	2.0	0.0	0.0	0.0	0.6660000000000004	5.334	0.0
035	2.0	2.0	1.0	2.0	2.3360000000000003	6.664	2.0
036	2.0	0.0	1.0	0.0	2.4	3.6	1.0
037	0.0	0.0	0.0	0.0	0.0	0.0	0.0
038	2.0	0.0	1.0	0.0	0.6660000000000004	5.334	1.0
039	2.0	0.0	1.0	0.0	2.0	4.0	1.0
040	0.0	0.0	0.0	0.0	0.0	0.0	0.0
041	1.0	2.0	1.0	0.0	0.9990000000000006	8.001	1.0
042	3.0	2.0	1.0	2.0	3.333	8.667	2.0
043	3.0	0.0	2.0	0.0	3.0	6.0	2.0
044	2.0	0.0	2.0	0.0	2.0	4.0	2.0
045	3.0	0.0	1.0	0.0	3.0	6.0	1.0
046	1.0	0.0	0.0	0.0	0.3330000000000002	2.667	0.0
047	2.0	0.0	2.0	0.0	2.0	4.0	2.0
048	2.0	0.0	0.0	0.0	2.0	4.0	0.0
049	2.0	0.0	2.0	0.0	2.0	4.0	2.0
050	0.0	2.0	0.0	2.0	1.0	2.0	1.0
051	0.0	0.0	0.0	0.0	0.0	0.0	0.0
052	2.0	0.0	1.0	0.0	2.0	4.0	1.0
053	1.0	0.0	1.0	0.0	1.4	1.6	1.0
054	2.0	2.0	1.0	2.0	0.6660000000000004	8.334	2.0
055	1.0	1.0	1.0	1.0	1.0	2.0	1.0
056	1.0	0.0	0.0	0.0	0.3330000000000002	2.667	0.0
057	2.0	0.0	1.0	0.0	2.0	4.0	1.0
058	1.0	0.0	1.0	0.0	0.6680000000000001	2.332	1.0
059	2.0	0.0	0.0	0.0	2.0	4.0	0.0
060	1.0	1.0	1.0	1.0	1.0	2.0	1.0
061	1.0	0.0	0.0	0.0	1.0	2.0	0.0
062	1.0	1.0	0.0	1.0	0.6660000000000004	5.334	1.0
063	0.0	0.0	0.0	0.0	0.0	0.0	0.0
064	2.0	0.0	1.0	0.0	2.4	3.6	1.0
065	0.0	0.0	0.0	0.0	0.0	0.0	0.0
066	1.0	2.0	1.0	0.0	2.4	3.6	1.0
067	2.0	1.0	1.0	1.0	0.6660000000000004	5.334	1.0
068	1.0	2.0	0.0	1.0	0.9990000000000006	8.001	1.0
069	1.0	0.0	0.0	0.0	0.3330000000000002	2.667	0.0
070	2.0	0.0	1.0	0.0	1.3360000000000003	4.664	1.0
071	2.0	2.0	1.0	2.0	2.0010000000000003	6.999	2.0
072	2.0	3.0	2.0	1.0	3.333	8.667	2.0
073	2.0	1.0	2.0	1.0	1.3330000000000002	4.667	2.0
074	3.0	2.0	1.0	2.0	5.0	10.0	3.0
075	1.0	0.0	0.0	0.0	0.3330000000000002	2.667	0.0
076	2.0	0.0	1.0	0.0	2.0	4.0	1.0
077	2.0	2.0	1.0	2.0	3.0	6.0	2.0
078	0.0	3.0	0.0	1.0	0.6660000000000004	5.334	1.0
079	2.0	4.0	2.0	4.0	1.6680000000000001	4.332	2.0
080	1.0	1.0	1.0	1.0	1.0	2.0	1.0
081	1.0	0.0	1.0	0.0	0.6680000000000001	2.332	1.0
082	2.0	5.0	1.0	1.0	3.6660000000000004	11.334	2.0
083	4.0	0.0	3.0	0.0	3.3360000000000003	8.664	3.0
084	0.0	2.0	0.0	1.0	0.6660000000000004	5.334	1.0
085	3.0	4.0	2.0	2.0	3.333	11.667	3.0
086	0.0	2.0	0.0	2.0	1.3330000000000002	4.667	2.0
087	2.0	1.0	2.0	1.0	2.0	4.0	2.0
088	1.0	0.0	1.0	0.0	1.0	2.0	1.0
089	0.0	1.0	0.0	1.0	0.6680000000000001	2.332	1.0
090	1.0	0.0	0.0	0.0	1.0	2.0	0.0
091	1.0	1.0	1.0	1.0	1.4	1.6	1.0
092	0.0	0.0	0.0	0.0	0.0	0.0	0.0
093	2.0	0.0	1.0	0.0	2.0	4.0	1.0
094	3.0	0.0	2.0	0.0	1.6680000000000001	4.332	1.0
095	0.0	4.0	0.0	4.0	0.6660000000000004	5.334	2.0
096	3.0	1.0	2.0	1.0	4.0	8.0	3.0
097	2.0	3.0	2.0	2.0	3.333	8.667	3.0
098	1.0	6.0	1.0	2.0	3.6660000000000004	11.334	2.0
099	0.0	1.0	0.0	1.0	0.6680000000000001	2.332	1.0
100	0.0	2.0	0.0	2.0	1.0	5.0	2.0
101	0.0	2.0	0.0	2.0	1.0	2.0	1.0
102	0.0	6.0	0.0	3.0	2.665000000000001	15.334999999999999	3.0
103	2.0	0.0	1.0	0.0	2.0	4.0	1.0
104	2.0	0.0	1.0	0.0	0.6660000000000004	5.334	1.0
105	2.0	0.0	0.0	0.0	2.0	4.0	0.0
106	0.0	0.0	0.0	0.0	0.0	0.0	0.0
107	2.0	0.0	1.0	0.0	2.0	4.0	1.0
108	1.0	3.0	1.0	3.0	2.333	6.667	3.0
109	0.0	4.0	0.0	3.0	2.668	9.332	3.0
110	0.0	1.0	0.0	1.0	0.6680000000000001	2.332	1.0
111	0.0	0.0	0.0	0.0	0.0	0.0	0.0
112	2.0	0.0	1.0	0.0	0.6660000000000004	5.334	1.0
113	2.0	0.0	2.0	0.0	2.0	4.0	2.0
114	1.0	1.0	0.0	1.0	0.6660000000000004	5.334	1.0
115	0.0	2.0	0.0	2.0	0.6660000000000004	5.334	2.0
116	1.0	0.0	1.0	0.0	1.0	2.0	1.0
117	3.0	2.0	2.0	2.0	2.3360000000000003	6.664	2.0
118	0.0	0.0	0.0	0.0	0.0	0.0	0.0
119	3.0	1.0	1.0	1.0	3.668	8.332	2.0
120	2.0	1.0	2.0	1.0	1.3360000000000003	7.664	3.0
121	1.0	1.0	0.0	0.0	0.6660000000000004	5.334	0.0
122	0.0	3.0	0.0	1.0	0.9990000000000006	8.001	1.0
123	0.0	0.0	0.0	0.0	0.0	0.0	0.0
124	1.0	2.0	0.0	0.0	2.068	3.932	0.0
125	2.0	0.0	0.0	0.0	0.6660000000000004	5.334	0.0
126	1.0	1.0	1.0	1.0	0.6660000000000004	5.334	2.0
127	0.0	0.0	0.0	0.0	0.0	0.0	0.0
128	2.0	2.0	0.0	2.0	1.3320000000000007	10.668	2.0
129	3.0	0.0	0.0	0.0	1.6680000000000001	4.332	0.0
130	2.0	1.0	2.0	1.0	1.0010000000000003	4.999	2.0
131	2.0	2.0	1.0	2.0	2.6660000000000004	9.334	3.0
132	0.0	1.0	0.0	1.0	1.0	2.0	1.0
133	0.0	0.0	0.0	0.0	0.0	0.0	0.0
134	0.0	0.0	0.0	0.0	0.0	0.0	0.0
135	1.0	0.0	0.0	0.0	0.3330000000000002	2.667	0.0
136	1.0	1.0	0.0	1.0	1.6680000000000001	4.332	1.0
137	1.0	2.0	1.0	2.0	1.0010000000000003	4.999	2.0
138	2.0	0.0	1.0	0.0	2.0	4.0	1.0
139	1.0	0.0	0.0	0.0	1.0	2.0	0.0
140	1.0	0.0	1.0	0.0	0.3330000000000002	2.667	1.0
141	1.0	2.0	1.0	1.0	2.333	6.667	2.0
142	2.0	4.0	2.0	2.0	4.001	10.998999999999999	3.0
143	0.0	4.0	0.0	3.0	1.6660000000000004	7.334	2.0
144	1.0	4.0	0.0	3.0	2.3320000000000007	12.668	3.0
145	1.0	4.0	1.0	3.0	3.0010000000000003	8.998999999999999	3.0
146	2.0	0.0	1.0	0.0	2.0	4.0	1.0
147	1.0	3.0	1.0	2.0	2.0	7.0	2.0
148	2.0	0.0	1.0	0.0	2.0	4.0	1.0
149	1.0	0.0	1.0	0.0	0.3330000000000002	2.667	1.0
150	1.0	1.0	1.0	1.0	2.0	4.0	2.0
151	2.0	4.0	0.0	1.0	1.6660000000000004	7.334	1.0
152	1.0	0.0	1.0	0.0	0.3330000000000002	2.667	1.0
153	2.0	0.0	2.0	0.0	2.0	4.0	2.0
154	2.0	0.0	1.0	0.0	2.0	4.0	1.0
155	2.0	0.0	1.0	0.0	2.0	4.0	1.0
156	2.0	0.0	1.0	0.0	0.6660000000000004	5.334	1.0
157	1.0	1.0	0.0	1.0	0.6660000000000004	5.334	1.0
158	0.0	1.0	0.0	1.0	0.3330000000000002	2.667	1.0
159	0.0	2.0	0.0	2.0	1.733	4.2669999999999995	2.0
160	1.0	1.0	0.0	0.0	0.6680000000000001	2.332	0.0
161	0.0	0.0	0.0	0.0	0.0	0.0	0.0
162	3.0	1.0	1.0	1.0	3.668	8.332	2.0
163	1.0	0.0	1.0	0.0	1.0	2.0	1.0
164	3.0	0.0	2.0	0.0	3.0	6.0	2.0
165	0.0	0.0	0.0	0.0	0.0	0.0	0.0
166	2.0	0.0	1.0	0.0	2.0	4.0	1.0
167	1.0	0.0	1.0	0.0	1.0	2.0	1.0
168	1.0	0.0	1.0	0.0	1.0	2.0	1.0
169	0.0	0.0	0.0	0.0	0.0	0.0	0.0
170	2.0	0.0	1.0	0.0	2.0	4.0	1.0
171	2.0	0.0	1.0	0.0	1.3360000000000003	4.664	1.0
172	4.0	0.0	1.0	0.0	3.3360000000000003	8.664	1.0
173	2.0	2.0	2.0	1.0	2.6660000000000004	9.334	3.0
174	1.0	0.0	0.0	0.0	0.3330000000000002	2.667	0.0
175	0.0	0.0	0.0	0.0	0.0	0.0	0.0
176	0.0	0.0	0.0	0.0	0.0	0.0	0.0
177	1.0	0.0	1.0	0.0	0.6680000000000001	2.332	1.0
178	1.0	0.0	0.0	0.0	0.3330000000000002	2.667	0.0
179	1.0	0.0	0.0	0.0	1.0	2.0	0.0
180	1.0	0.0	1.0	0.0	0.3330000000000002	2.667	1.0
181	0.0	1.0	0.0	1.0	1.0	2.0	1.0
182	1.0	2.0	1.0	0.0	2.0	4.0	1.0
183	0.0	4.0	0.0	2.0	2.0	4.0	1.0
184	2.0	0.0	1.0	0.0	0.6660000000000004	5.334	1.0
185	2.0	0.0	1.0	0.0	2.0	4.0	1.0
186	0.0	1.0	0.0	1.0	1.0	2.0	1.0
187	2.0	0.0	2.0	0.0	2.0	4.0	2.0
188	1.0	0.0	1.0	0.0	0.6680000000000001	2.332	1.0
189	3.0	0.0	2.0	0.0	3.0	6.0	2.0
190	2.0	1.0	1.0	1.0	3.0	6.0	2.0
191	0.0	3.0	0.0	3.0	1.3330000000000002	4.667	2.0
192	0.0	0.0	0.0	0.0	0.0	0.0	0.0
193	1.0	1.0	1.0	1.0	1.0010000000000003	4.999	2.0
194	3.0	2.0	1.0	0.0	1.6660000000000004	7.334	1.0
195	0.0	3.0	0.0	1.0	1.6660000000000004	7.334	1.0
196	2.0	2.0	2.0	1.0	3.3360000000000003	8.664	3.0
197	1.0	0.0	1.0	0.0	1.0	2.0	1.0
198	1.0	0.0	1.0	0.0	0.3330000000000002	2.667	1.0
199	1.0	0.0	0.0	0.0	0.3330000000000002	2.667	0.0
200	0.0	0.0	0.0	0.0	0.0	0.0	0.0
201	0.0	0.0	0.0	0.0	0.0	0.0	0.0
202	1.0	0.0	0.0	0.0	0.3330000000000002	2.667	0.0
203	1.0	0.0	0.0	0.0	0.6680000000000001	2.332	0.0
204	2.0	0.0	2.0	0.0	0.6660000000000004	5.334	2.0
205	1.0	0.0	1.0	0.0	1.0	2.0	1.0
206	1.0	0.0	0.0	0.0	1.0	2.0	0.0
207	2.0	0.0	2.0	0.0	2.0	4.0	2.0
208	2.0	0.0	2.0	0.0	0.6660000000000004	5.334	2.0
209	3.0	0.0	1.0	0.0	3.0	6.0	1.0
210	1.0	0.0	0.0	0.0	1.0	2.0	0.0
211	1.0	4.0	0.0	2.0	2.6660000000000004	9.334	2.0
212	1.0	0.0	0.0	0.0	1.0	2.0	0.0
213	2.0	2.0	2.0	1.0	3.3360000000000003	8.664	3.0
214	2.0	0.0	1.0	0.0	2.0	4.0	1.0
215	2.0	2.0	1.0	1.0	3.0	6.0	2.0
216	2.0	0.0	1.0	0.0	2.0	4.0	1.0
217	0.0	1.0	0.0	1.0	0.3330000000000002	2.667	1.0
218	0.0	0.0	0.0	0.0	0.0	0.0	0.0
219	2.0	4.0	1.0	3.0	5.336	12.664	4.0
220	1.0	0.0	1.0	0.0	1.0	2.0	1.0
221	1.0	0.0	1.0	0.0	1.0	2.0	1.0
222	0.0	0.0	0.0	0.0	0.0	0.0	0.0
223	2.0	2.0	2.0	2.0	2.0	4.0	2.0
224	1.0	1.0	0.0	1.0	0.6660000000000004	5.334	1.0
225	2.0	1.0	0.0	1.0	3.0	6.0	1.0
226	2.0	1.0	1.0	1.0	3.0	6.0	2.0
227	2.0	2.0	1.0	1.0	3.4	5.6	2.0
228	1.0	0.0	1.0	0.0	1.0	2.0	1.0
229	0.0	1.0	0.0	1.0	1.0	2.0	1.0
230	2.0	2.0	1.0	2.0	1.6660000000000004	7.334	2.0
231	0.0	0.0	0.0	0.0	0.0	0.0	0.0
232	2.0	0.0	1.0	0.0	2.0	4.0	1.0
233	2.0	0.0	1.0	0.0	2.0	4.0	1.0
234	1.0	1.0	1.0	1.0	2.0	4.0	2.0
235	2.0	0.0	1.0	0.0	2.0	4.0	1.0
236	2.0	2.0	1.0	1.0	2.0	4.0	1.0
237	0.0	0.0	0.0	0.0	0.0	0.0	0.0
238	2.0	2.0	1.0	2.0	2.0	4.0	1.0
239	0.0	0.0	0.0	0.0	0.0	0.0	0.0
240	3.0	1.0	1.0	1.0	2.668	6.332	1.0
241	0.0	0.0	0.0	0.0	0.0	0.0	0.0
242	0.0	0.0	0.0	0.0	0.0	0.0	0.0
243	0.0	0.0	0.0	0.0	0.0	0.0	0.0
244	0.0	0.0	0.0	0.0	0.0	0.0	0.0
245	1.0	2.0	1.0	2.0	2.333	6.667	3.0
246	2.0	0.0	0.0	0.0	2.068	3.932	0.0
247	2.0	0.0	2.0	0.0	2.0	4.0	2.0
248	1.0	2.0	1.0	2.0	1.6660000000000004	7.334	3.0
249	2.0	2.0	1.0	2.0	3.0	6.0	2.0
250	1.0	1.0	0.0	1.0	1.3330000000000002	4.667	1.0
251	2.0	1.0	2.0	1.0	1.3330000000000002	4.667	2.0
252	2.0	1.0	1.0	0.0	3.0	6.0	1.0
253	1.0	0.0	1.0	0.0	0.3330000000000002	2.667	1.0
254	1.0	1.0	1.0	0.0	2.0	4.0	1.0
255	0.0	0.0	0.0	0.0	0.0	0.0	0.0
256	1.0	2.0	0.0	0.0	0.9990000000000006	8.001	0.0
257	2.0	1.0	1.0	1.0	0.9990000000000006	8.001	2.0
258	2.0	0.0	1.0	0.0	1.3360000000000003	4.664	1.0
259	1.0	0.0	1.0	0.0	1.0	2.0	1.0
260	3.0	0.0	2.0	0.0	3.0	6.0	2.0
261	0.0	0.0	0.0	0.0	0.0	0.0	0.0
262	1.0	3.0	1.0	2.0	2.333	6.667	2.0
263	0.0	0.0	0.0	0.0	0.0	0.0	0.0
264	1.0	1.0	0.0	1.0	1.3330000000000002	4.667	1.0
265	0.0	0.0	0.0	0.0	0.0	0.0	0.0
266	0.0	1.0	0.0	1.0	0.0	3.0	1.0
267	2.0	4.0	2.0	2.0	3.333	8.667	2.0
268	0.0	0.0	0.0	0.0	0.0	0.0	0.0
269	1.0	0.0	0.0	0.0	0.3330000000000002	2.667	0.0
270	1.0	2.0	1.0	1.0	2.0010000000000003	6.999	2.0
271	1.0	2.0	1.0	0.0	2.0	4.0	1.0
272	1.0	0.0	1.0	0.0	1.0	2.0	1.0
273	0.0	2.0	0.0	2.0	2.0	4.0	2.0
274	1.0	0.0	0.0	0.0	1.0	2.0	0.0
275	0.0	0.0	0.0	0.0	0.0	0.0	0.0
276	3.0	2.0	2.0	0.0	2.6660000000000004	9.334	2.0
277	1.0	3.0	1.0	2.0	2.668	6.332	2.0
278	2.0	0.0	1.0	0.0	2.0	4.0	1.0
279	1.0	0.0	1.0	0.0	1.0	2.0	1.0
280	0.0	0.0	0.0	0.0	0.0	0.0	0.0
281	1.0	0.0	0.0	0.0	0.3330000000000002	2.667	0.0
282	3.0	0.0	2.0	0.0	3.0	6.0	2.0
283	2.0	1.0	1.0	1.0	2.4	3.6	1.0
284	3.0	2.0	1.0	1.0	0.6660000000000004	5.334	1.0
285	0.0	1.0	0.0	1.0	1.0	2.0	1.0
286	0.0	2.0	0.0	1.0	1.3330000000000002	4.667	1.0
287	1.0	7.0	1.0	4.0	4.332000000000001	16.668	4.0
288	1.0	0.0	1.0	0.0	1.0	2.0	1.0
289	1.0	2.0	1.0	2.0	2.333	6.667	3.0
290	1.0	2.0	0.0	2.0	0.6660000000000004	5.334	1.0
291	1.0	0.0	1.0	0.0	0.3330000000000002	2.667	1.0
292	3.0	0.0	1.0	0.0	3.068	5.932	1.0
293	1.0	4.0	0.0	1.0	1.6660000000000004	7.334	1.0
294	0.0	1.0	0.0	1.0	0.3330000000000002	2.667	1.0
295	0.0	0.0	0.0	0.0	0.0	0.0	0.0
296	0.0	0.0	0.0	0.0	0.0	0.0	0.0
297	0.0	0.0	0.0	0.0	0.0	0.0	0.0
298	2.0	0.0	1.0	0.0	2.0	4.0	1.0
299	2.0	0.0	1.0	0.0	2.0	4.0	1.0
300	2.0	0.0	2.0	0.0	1.6680000000000001	4.332	2.0
301	1.0	0.0	1.0	0.0	1.0	2.0	1.0
302	1.0	0.0	1.0	0.0	0.3330000000000002	2.667	1.0
303	1.0	0.0	0.0	0.0	0.3330000000000002	2.667	0.0
304	2.0	0.0	1.0	0.0	2.0	4.0	1.0
305	0.0	0.0	0.0	0.0	0.0	0.0	0.0
306	3.0	0.0	1.0	0.0	3.0	6.0	1.0
307	3.0	1.0	1.0	1.0	2.6690000000000005	9.331	2.0
308	0.0	0.0	0.0	0.0	0.0	0.0	0.0
309	2.0	0.0	1.0	0.0	0.6660000000000004	5.334	1.0
310	1.0	0.0	0.0	0.0	0.3330000000000002	2.667	0.0
311	3.0	0.0	2.0	0.0	3.0	6.0	2.0
312	4.0	0.0	2.0	0.0	2.668	6.332	1.0
313	0.0	0.0	0.0	0.0	0.0	0.0	0.0
314	1.0	2.0	1.0	0.0	3.0	6.0	1.0
315	0.0	0.0	0.0	0.0	0.0	0.0	0.0
316	1.0	2.0	1.0	1.0	2.3360000000000003	6.664	2.0
317	0.0	0.0	0.0	0.0	0.0	0.0	0.0
318	1.0	0.0	1.0	0.0	0.3330000000000002	2.667	1.0
319	3.0	0.0	2.0	0.0	3.0	6.0	2.0
320	2.0	0.0	1.0	0.0	2.0	4.0	1.0
321	1.0	0.0	1.0	0.0	0.3330000000000002	2.667	1.0
322	0.0	0.0	0.0	0.0	0.0	0.0	0.0
323	0.0	0.0	0.0	0.0	0.0	0.0	0.0
324	2.0	0.0	1.0	0.0	0.6660000000000004	5.334	1.0
325	1.0	0.0	0.0	0.0	1.0	2.0	0.0
326	0.0	0.0	0.0	0.0	0.0	0.0	0.0
327	1.0	0.0	1.0	0.0	1.0	2.0	1.0
328	0.0	0.0	0.0	0.0	0.0	0.0	0.0
329	1.0	0.0	1.0	0.0	0.3330000000000002	2.667	1.0
330	3.0	0.0	2.0	0.0	3.0	6.0	2.0
331	0.0	0.0	0.0	0.0	0.0	0.0	0.0
332	1.0	0.0	0.0	0.0	0.3330000000000002	2.667	0.0
333	1.0	0.0	1.0	0.0	0.3330000000000002	2.667	1.0
334	0.0	0.0	0.0	0.0	0.0	0.0	0.0
335	0.0	0.0	0.0	0.0	0.0	0.0	0.0
336	0.0	0.0	0.0	0.0	0.0	0.0	0.0
337	1.0	0.0	0.0	0.0	1.0	2.0	0.0
338	1.0	0.0	0.0	0.0	0.3330000000000002	2.667	0.0
339	2.0	0.0	1.0	0.0	2.0	4.0	1.0
340	3.0	2.0	1.0	1.0	3.0	6.0	1.0
341	1.0	0.0	0.0	0.0	1.0	2.0	0.0
342	0.0	1.0	0.0	1.0	1.0	2.0	1.0
343	0.0	0.0	0.0	0.0	0.0	0.0	0.0
344	2.0	3.0	1.0	3.0	2.333	6.667	2.0
345	4.0	0.0	2.0	0.0	4.068	7.9319999999999995	2.0
346	0.0	3.0	0.0	1.0	0.9990000000000006	8.001	1.0
347	2.0	3.0	1.0	3.0	1.9990000000000006	10.001	3.0
348	1.0	2.0	0.0	2.0	1.3330000000000002	4.667	1.0
349	2.0	6.0	1.0	5.0	2.9990000000000006	12.001	4.0
350	1.0	1.0	1.0	1.0	1.733	4.2669999999999995	2.0
351	2.0	4.0	1.0	1.0	5.068	9.932	2.0
352	1.0	0.0	1.0	0.0	1.0	2.0	1.0
353	0.0	3.0	0.0	3.0	1.3330000000000002	4.667	2.0
354	0.0	1.0	0.0	1.0	0.3330000000000002	2.667	1.0
355	1.0	0.0	1.0	0.0	0.3330000000000002	2.667	1.0
356	0.0	2.0	0.0	2.0	1.3330000000000002	4.667	2.0
357	0.0	2.0	0.0	2.0	1.3330000000000002	4.667	2.0
358	2.0	4.0	1.0	2.0	5.0	10.0	2.0
359	1.0	1.0	1.0	1.0	2.0	4.0	2.0
360	1.0	0.0	0.0	0.0	1.0	2.0	0.0
361	0.0	0.0	0.0	0.0	0.0	0.0	0.0
362	2.0	4.0	1.0	1.0	4.333	10.667	2.0
363	0.0	2.0	0.0	2.0	2.0	4.0	2.0
364	1.0	3.0	1.0	1.0	4.0	8.0	2.0
365	1.0	5.0	0.0	4.0	3.6670000000000007	14.333	4.0
366	3.0	1.0	3.0	1.0	3.068	5.932	3.0
367	1.0	3.0	1.0	2.0	0.6660000000000004	5.334	1.0
368	0.0	3.0	0.0	1.0	1.3340000000000005	7.6659999999999995	1.0
369	2.0	0.0	1.0	0.0	2.0	4.0	1.0
370	2.0	0.0	1.0	0.0	0.6660000000000004	5.334	1.0
371	1.0	1.0	0.0	1.0	2.0	4.0	1.0
372	0.0	1.0	0.0	1.0	1.0	2.0	1.0
373	1.0	1.0	1.0	0.0	2.4	3.6	1.0
374	0.0	0.0	0.0	0.0	0.0	0.0	0.0
375	0.0	5.0	0.0	3.0	2.3320000000000007	12.668	3.0
376	0.0	0.0	0.0	0.0	0.0	0.0	0.0
377	1.0	0.0	1.0	0.0	1.0	2.0	1.0
378	2.0	1.0	0.0	1.0	2.668	6.332	1.0
379	0.0	4.0	0.0	2.0	1.6660000000000004	7.334	1.0
380	1.0	0.0	0.0	0.0	1.0	2.0	0.0
381	1.0	1.0	1.0	1.0	2.4	3.6	2.0
382	2.0	3.0	1.0	2.0	3.333	8.667	2.0
383	2.0	1.0	1.0	1.0	1.6660000000000004	7.334	2.0
384	0.0	0.0	0.0	0.0	0.0	0.0	0.0
385	2.0	0.0	2.0	0.0	2.0	4.0	2.0
386	0.0	3.0	0.0	3.0	0.6660000000000004	5.334	2.0
387	0.0	3.0	0.0	2.0	0.9990000000000006	8.001	2.0
388	0.0	1.0	0.0	1.0	0.3330000000000002	2.667	1.0
389	2.0	0.0	1.0	0.0	0.6660000000000004	5.334	1.0
390	0.0	2.0	0.0	1.0	0.6660000000000004	5.334	1.0
391	2.0	0.0	1.0	0.0	2.0	4.0	1.0
392	0.0	0.0	0.0	0.0	0.0	0.0	0.0
393	1.0	0.0	0.0	0.0	1.0	2.0	0.0
394	3.0	2.0	2.0	2.0	2.333	6.667	2.0
395	2.0	0.0	2.0	0.0	2.0	4.0	2.0
396	2.0	0.0	1.0	0.0	2.0	4.0	1.0
397	0.0	0.0	0.0	0.0	0.0	0.0	0.0
398	0.0	2.0	0.0	1.0	0.6660000000000004	5.334	1.0
399	2.0	2.0	1.0	1.0	2.333	6.667	1.0
400	1.0	1.0	1.0	1.0	1.4	1.6	1.0
401	2.0	1.0	2.0	1.0	1.0	2.0	1.0
402	2.0	3.0	1.0	0.0	3.733	8.267	1.0
403	2.0	0.0	2.0	0.0	0.6680000000000001	2.332	1.0
404	1.0	1.0	0.0	0.0	1.4	4.6	0.0
405	2.0	4.0	1.0	3.0	3.4	5.6	2.0
406	0.0	2.0	0.0	2.0	0.3330000000000002	2.667	1.0
407	0.0	0.0	0.0	0.0	0.0	0.0	0.0
408	2.0	1.0	2.0	0.0	0.9990000000000006	8.001	2.0
409	0.0	3.0	0.0	2.0	2.0	7.0	2.0
410	0.0	3.0	0.0	0.0	1.4	4.6	0.0
411	2.0	0.0	2.0	0.0	2.0	4.0	2.0
412	4.0	1.0	3.0	0.0	3.7340000000000004	11.266	3.0
413	0.0	2.0	0.0	2.0	2.068	3.932	2.0
414	1.0	0.0	1.0	0.0	1.0	2.0	1.0
415	1.0	3.0	1.0	1.0	2.4	6.6	1.0
416	0.0	4.0	0.0	2.0	2.6660000000000004	9.334	2.0
417	1.0	4.0	1.0	4.0	3.4010000000000002	8.599	4.0
418	0.0	2.0	0.0	0.0	0.3330000000000002	2.667	0.0
419	0.0	1.0	0.0	0.0	1.0	2.0	0.0
420	0.0	2.0	0.0	2.0	0.6660000000000004	5.334	2.0
421	0.0	2.0	0.0	1.0	0.6660000000000004	5.334	1.0
422	0.0	0.0	0.0	0.0	0.0	0.0	0.0
423	0.0	0.0	0.0	0.0	0.0	0.0	0.0
424	1.0	4.0	1.0	3.0	1.665000000000001	13.334999999999999	4.0
425	2.0	1.0	1.0	1.0	1.733	4.2669999999999995	1.0
426	2.0	0.0	0.0	0.0	1.3360000000000003	4.664	0.0
427	2.0	2.0	1.0	0.0	3.0	6.0	1.0
428	2.0	1.0	2.0	1.0	2.0	4.0	2.0
429	0.0	1.0	0.0	1.0	1.0	2.0	1.0
430	2.0	1.0	2.0	1.0	3.8	5.2	3.0
431	2.0	1.0	2.0	0.0	2.333	6.667	2.0
432	1.0	0.0	0.0	0.0	1.4	1.6	0.0
433	1.0	3.0	1.0	1.0	2.733	6.2669999999999995	2.0
434	1.0	1.0	0.0	0.0	1.3330000000000002	4.667	0.0
435	1.0	3.0	0.0	2.0	3.0010000000000003	8.998999999999999	2.0
436	0.0	2.0	0.0	0.0	1.3330000000000002	4.667	0.0
437	2.0	2.0	0.0	2.0	4.0	8.0	2.0
438	1.0	1.0	1.0	1.0	2.0	4.0	2.0
439	3.0	3.0	2.0	2.0	4.333	10.667	3.0
440	4.0	3.0	1.0	1.0	5.4	9.6	2.0
441	3.0	2.0	1.0	1.0	3.333	8.667	2.0
442	1.0	0.0	1.0	0.0	0.3330000000000002	2.667	1.0
443	0.0	5.0	0.0	4.0	1.9990000000000006	10.001	3.0
444	0.0	0.0	0.0	0.0	0.0	0.0	0.0
445	2.0	0.0	1.0	0.0	2.0	4.0	1.0
446	1.0	0.0	1.0	0.0	0.3330000000000002	2.667	1.0
447	2.0	3.0	2.0	1.0	4.333	10.667	3.0
448	0.0	0.0	0.0	0.0	0.0	0.0	0.0
449	1.0	0.0	0.0	0.0	0.3330000000000002	2.667	0.0
450	1.0	1.0	1.0	1.0	0.6660000000000004	5.334	2.0
451	2.0	5.0	1.0	3.0	4.666	13.334	4.0
452	1.0	2.0	1.0	2.0	1.0	2.0	1.0
453	2.0	0.0	0.0	0.0	0.6660000000000004	5.334	0.0
454	0.0	3.0	0.0	1.0	1.6660000000000004	7.334	1.0
455	1.0	1.0	1.0	0.0	0.6660000000000004	5.334	1.0
456	1.0	6.0	0.0	2.0	4.3340000000000005	13.666	2.0
457	2.0	4.0	0.0	2.0	3.733	8.267	2.0
458	1.0	1.0	1.0	1.0	2.0	4.0	2.0
459	0.0	0.0	0.0	0.0	0.0	0.0	0.0
460	0.0	0.0	0.0	0.0	0.0	0.0	0.0
461	2.0	2.0	1.0	2.0	3.068	5.932	2.0
462	0.0	3.0	0.0	3.0	1.6680000000000001	4.332	2.0
463	1.0	2.0	0.0	0.0	0.6660000000000004	5.334	0.0
464	1.0	2.0	0.0	1.0	3.0	6.0	1.0
465	3.0	2.0	2.0	1.0	3.333	8.667	3.0
466	2.0	5.0	2.0	2.0	4.6690000000000005	13.331	3.0
467	2.0	4.0	2.0	3.0	6.0	12.0	5.0
468	1.0	0.0	0.0	0.0	1.0	2.0	0.0
469	2.0	1.0	2.0	1.0	2.0	4.0	2.0
470	1.0	4.0	1.0	0.0	2.3340000000000005	9.666	1.0
471	3.0	0.0	2.0	0.0	3.0	6.0	2.0
472	1.0	1.0	0.0	1.0	1.6680000000000001	4.332	1.0
473	2.0	0.0	2.0	0.0	2.0	4.0	2.0
474	2.0	0.0	1.0	0.0	2.0	4.0	1.0
475	4.0	2.0	3.0	0.0	4.0040000000000004	10.995999999999999	2.0
476	1.0	0.0	1.0	0.0	1.0	2.0	1.0
477	1.0	0.0	1.0	0.0	1.0	2.0	1.0
478	3.0	1.0	2.0	1.0	3.0	6.0	2.0
479	1.0	1.0	0.0	1.0	1.0010000000000003	4.999	1.0
480	3.0	2.0	2.0	1.0	3.736	8.264	3.0
481	2.0	0.0	1.0	0.0	2.8	3.2	1.0
482	3.0	2.0	2.0	2.0	4.0	8.0	3.0
483	1.0	1.0	0.0	0.0	0.6660000000000004	5.334	0.0
484	0.0	3.0	0.0	2.0	0.6680000000000001	8.332	2.0
485	2.0	0.0	1.0	0.0	2.4	3.6	1.0
486	3.0	2.0	2.0	0.0	2.3340000000000005	9.666	1.0
487	1.0	3.0	0.0	2.0	1.3320000000000007	10.668	2.0
488	1.0	1.0	1.0	1.0	0.6660000000000004	5.334	2.0
489	1.0	1.0	0.0	1.0	0.6660000000000004	5.334	1.0
490	0.0	3.0	0.0	0.0	2.668	6.332	0.0
491	2.0	3.0	1.0	3.0	2.0010000000000003	6.999	2.0
492	3.0	1.0	1.0	0.0	4.0	8.0	1.0
493	3.0	1.0	2.0	1.0	3.0	9.0	3.0
494	1.0	0.0	1.0	0.0	1.0	2.0	1.0
495	2.0	6.0	2.0	5.0	3.3340000000000005	14.666	5.0
496	1.0	3.0	0.0	1.0	1.6690000000000005	7.3309999999999995	1.0
497	0.0	2.0	0.0	1.0	0.3330000000000002	5.667	1.0
498	3.0	0.0	1.0	0.0	3.0	6.0	1.0
499	2.0	2.0	0.0	2.0	2.6660000000000004	9.334	2.0
500	1.0	3.0	0.0	0.0	2.668	9.332	0.0
501	1.0	2.0	1.0	1.0	1.6690000000000005	7.3309999999999995	2.0
502	2.0	2.0	1.0	2.0	2.6660000000000004	9.334	3.0
503	0.0	3.0	0.0	3.0	1.3330000000000002	4.667	2.0
504	2.0	2.0	2.0	1.0	3.333	8.667	3.0
505	3.0	1.0	2.0	1.0	4.0	8.0	3.0
506	1.0	1.0	1.0	1.0	1.3330000000000002	4.667	2.0
507	1.0	1.0	1.0	0.0	0.6660000000000004	5.334	1.0
508	2.0	1.0	2.0	1.0	0.6680000000000001	5.332	2.0
509	2.0	1.0	1.0	0.0	0.6660000000000004	5.334	1.0
510	0.0	0.0	0.0	0.0	0.0	0.0	0.0
