all_syn	all_nonSyn	tip_syn	tip_nonSyn	S	N	comparisons
001	0.0	0.0	0.0	0.0	0.0	0.0	0.0
002	0.0	0.0	0.0	0.0	0.0	0.0	0.0
003	0.0	0.0	0.0	0.0	0.0	0.0	0.0
004	0.0	0.0	0.0	0.0	0.0	0.0	0.0
005	0.0	0.0	0.0	0.0	0.0	0.0	0.0
006	0.0	0.0	0.0	0.0	0.0	0.0	0.0
007	0.0	0.0	0.0	0.0	0.0	0.0	0.0
008	0.0	0.0	0.0	0.0	0.0	0.0	0.0
009	0.0	0.0	0.0	0.0	0.0	0.0	0.0
010	0.0	0.0	0.0	0.0	0.0	0.0	0.0
011	0.0	0.0	0.0	0.0	0.0	0.0	0.0
012	0.0	0.0	0.0	0.0	0.0	0.0	0.0
013	0.0	0.0	0.0	0.0	0.0	0.0	0.0
014	0.0	0.0	0.0	0.0	0.0	0.0	0.0
015	0.0	0.0	0.0	0.0	0.0	0.0	0.0
016	0.0	0.0	0.0	0.0	0.0	0.0	0.0
017	0.0	0.0	0.0	0.0	0.0	0.0	0.0
018	0.0	0.0	0.0	0.0	0.0	0.0	0.0
019	0.0	0.0	0.0	0.0	0.0	0.0	0.0
020	0.0	0.0	0.0	0.0	0.0	0.0	0.0
021	0.0	0.0	0.0	0.0	0.0	0.0	0.0
022	0.0	0.0	0.0	0.0	0.0	0.0	0.0
023	0.0	0.0	0.0	0.0	0.0	0.0	0.0
024	0.0	0.0	0.0	0.0	0.0	0.0	0.0
025	0.0	0.0	0.0	0.0	0.0	0.0	0.0
026	0.0	0.0	0.0	0.0	0.0	0.0	0.0
027	0.0	0.0	0.0	0.0	0.0	0.0	0.0
028	0.0	0.0	0.0	0.0	0.0	0.0	0.0
029	0.0	0.0	0.0	0.0	0.0	0.0	0.0
030	0.0	0.0	0.0	0.0	0.0	0.0	0.0
031	0.0	0.0	0.0	0.0	0.0	0.0	0.0
032	0.0	0.0	0.0	0.0	0.0	0.0	0.0
033	0.0	0.0	0.0	0.0	0.0	0.0	0.0
034	0.0	0.0	0.0	0.0	0.0	0.0	0.0
035	0.0	0.0	0.0	0.0	0.0	0.0	0.0
036	0.0	0.0	0.0	0.0	0.0	0.0	0.0
037	0.0	0.0	0.0	0.0	0.0	0.0	0.0
038	0.0	0.0	0.0	0.0	0.0	0.0	0.0
039	0.0	0.0	0.0	0.0	0.0	0.0	0.0
040	0.0	0.0	0.0	0.0	0.0	0.0	0.0
041	0.0	0.0	0.0	0.0	0.0	0.0	0.0
042	1.0	0.0	1.0	0.0	1.0	2.0	1.0
043	0.0	2.0	0.0	2.0	1.0	2.0	1.0
044	2.0	2.0	2.0	2.0	2.0	4.0	2.0
045	1.0	4.0	0.0	4.0	3.333	8.667	3.0
046	0.0	3.0	0.0	3.0	2.333	6.667	3.0
047	0.0	0.0	0.0	0.0	0.0	0.0	0.0
048	1.0	0.0	1.0	0.0	1.0	2.0	1.0
049	0.0	1.0	0.0	1.0	1.0	2.0	1.0
050	3.0	3.0	1.0	3.0	4.333	10.667	3.0
051	0.0	0.0	0.0	0.0	0.0	0.0	0.0
052	0.0	0.0	0.0	0.0	0.0	0.0	0.0
053	4.0	2.0	2.0	2.0	3.736	8.264	2.0
054	2.0	3.0	0.0	3.0	4.333	10.667	3.0
055	4.0	3.0	2.0	0.0	5.468	9.532	2.0
056	3.0	1.0	2.0	0.0	4.0	8.0	2.0
057	2.0	1.0	2.0	1.0	0.6660000000000004	5.334	2.0
058	1.0	0.0	0.0	0.0	1.0	2.0	0.0
059	0.0	1.0	0.0	1.0	1.0	2.0	1.0
060	2.0	3.0	1.0	1.0	2.3340000000000005	9.666	2.0
061	1.0	1.0	1.0	1.0	1.6680000000000001	4.332	2.0
062	1.0	1.0	1.0	1.0	2.0	4.0	2.0
063	2.0	2.0	1.0	2.0	3.0	6.0	2.0
064	0.0	3.0	0.0	2.0	2.333	6.667	2.0
065	0.0	0.0	0.0	0.0	0.0	0.0	0.0
066	0.0	1.0	0.0	1.0	1.0	2.0	1.0
067	0.0	1.0	0.0	1.0	1.0	2.0	1.0
068	1.0	2.0	1.0	2.0	1.0	2.0	1.0
069	1.0	1.0	0.0	1.0	0.6660000000000004	5.334	1.0
070	2.0	1.0	1.0	1.0	2.0	4.0	1.0
071	0.0	2.0	0.0	2.0	0.6660000000000004	5.334	2.0
072	1.0	0.0	1.0	0.0	0.3330000000000002	2.667	1.0
073	2.0	0.0	1.0	0.0	2.0	4.0	1.0
074	2.0	0.0	1.0	0.0	2.0	4.0	1.0
075	0.0	1.0	0.0	1.0	0.6680000000000001	2.332	1.0
076	1.0	1.0	1.0	1.0	0.3330000000000002	2.667	1.0
077	3.0	0.0	1.0	0.0	2.736	6.263999999999999	1.0
078	0.0	0.0	0.0	0.0	0.0	0.0	0.0
079	1.0	0.0	1.0	0.0	0.6680000000000001	2.332	1.0
080	1.0	1.0	1.0	1.0	2.0	4.0	2.0
081	1.0	0.0	1.0	0.0	1.0	2.0	1.0
082	1.0	1.0	1.0	1.0	0.3330000000000002	2.667	1.0
083	1.0	0.0	1.0	0.0	1.0	2.0	1.0
084	0.0	1.0	0.0	1.0	0.3330000000000002	2.667	1.0
085	0.0	0.0	0.0	0.0	0.0	0.0	0.0
086	2.0	1.0	2.0	0.0	2.333	6.667	2.0
087	1.0	1.0	1.0	0.0	2.0	4.0	1.0
088	0.0	1.0	0.0	0.0	1.0	2.0	0.0
089	2.0	0.0	1.0	0.0	0.6660000000000004	5.334	1.0
090	0.0	2.0	0.0	0.0	0.3330000000000002	2.667	0.0
091	2.0	1.0	1.0	0.0	0.9990000000000006	8.001	1.0
092	1.0	0.0	1.0	0.0	0.6680000000000001	2.332	1.0
093	2.0	0.0	1.0	0.0	0.6660000000000004	5.334	1.0
094	2.0	0.0	2.0	0.0	0.6660000000000004	5.334	2.0
095	1.0	2.0	1.0	2.0	1.6680000000000001	4.332	2.0
096	2.0	0.0	2.0	0.0	2.0	4.0	2.0
097	2.0	0.0	0.0	0.0	0.6660000000000004	5.334	0.0
098	1.0	0.0	1.0	0.0	1.0	2.0	1.0
099	1.0	0.0	1.0	0.0	0.3330000000000002	2.667	1.0
100	0.0	0.0	0.0	0.0	0.0	0.0	0.0
101	0.0	0.0	0.0	0.0	0.0	0.0	0.0
102	1.0	0.0	1.0	0.0	1.0	2.0	1.0
103	2.0	0.0	1.0	0.0	0.6660000000000004	5.334	1.0
104	1.0	0.0	1.0	0.0	1.0	2.0	1.0
105	3.0	0.0	2.0	0.0	2.736	6.263999999999999	2.0
106	2.0	0.0	2.0	0.0	2.8	3.2	2.0
107	1.0	0.0	0.0	0.0	0.3330000000000002	2.667	0.0
108	1.0	0.0	0.0	0.0	1.0	2.0	0.0
109	0.0	2.0	0.0	1.0	1.3360000000000003	4.664	1.0
110	2.0	0.0	1.0	0.0	0.6660000000000004	5.334	1.0
111	0.0	0.0	0.0	0.0	0.0	0.0	0.0
112	3.0	1.0	2.0	1.0	2.333	6.667	2.0
113	1.0	1.0	0.0	1.0	0.6660000000000004	5.334	1.0
114	2.0	2.0	1.0	2.0	2.333	6.667	2.0
115	0.0	0.0	0.0	0.0	0.0	0.0	0.0
116	2.0	1.0	1.0	1.0	3.0	6.0	2.0
117	2.0	1.0	1.0	1.0	1.3330000000000002	4.667	1.0
118	0.0	0.0	0.0	0.0	0.0	0.0	0.0
119	0.0	3.0	0.0	3.0	0.6660000000000004	5.334	2.0
120	2.0	1.0	1.0	0.0	2.0	4.0	1.0
121	2.0	0.0	1.0	0.0	0.6660000000000004	5.334	1.0
122	1.0	2.0	1.0	2.0	1.0	2.0	1.0
123	1.0	0.0	1.0	0.0	0.3330000000000002	2.667	1.0
124	1.0	0.0	1.0	0.0	1.0	2.0	1.0
125	2.0	0.0	0.0	0.0	1.3360000000000003	4.664	0.0
126	2.0	0.0	1.0	0.0	1.6680000000000001	4.332	1.0
127	3.0	0.0	3.0	0.0	2.3360000000000003	6.664	3.0
128	2.0	0.0	2.0	0.0	2.0	4.0	2.0
129	2.0	0.0	0.0	0.0	2.0	4.0	0.0
130	1.0	0.0	1.0	0.0	0.3330000000000002	2.667	1.0
131	1.0	0.0	1.0	0.0	1.0	2.0	1.0
132	1.0	2.0	1.0	2.0	1.0	2.0	1.0
133	2.0	0.0	1.0	0.0	2.0	4.0	1.0
134	3.0	0.0	2.0	0.0	3.0	6.0	2.0
135	2.0	0.0	2.0	0.0	2.0	4.0	2.0
136	3.0	0.0	3.0	0.0	3.0	6.0	3.0
137	1.0	0.0	1.0	0.0	1.4	1.6	1.0
138	2.0	0.0	2.0	0.0	1.3360000000000003	4.664	2.0
139	1.0	0.0	1.0	0.0	0.3330000000000002	2.667	1.0
140	0.0	0.0	0.0	0.0	0.0	0.0	0.0
141	1.0	0.0	1.0	0.0	0.3330000000000002	2.667	1.0
142	1.0	0.0	1.0	0.0	1.0	2.0	1.0
143	0.0	0.0	0.0	0.0	0.0	0.0	0.0
144	1.0	0.0	1.0	0.0	1.0	2.0	1.0
145	0.0	0.0	0.0	0.0	0.0	0.0	0.0
146	0.0	0.0	0.0	0.0	0.0	0.0	0.0
147	2.0	0.0	2.0	0.0	0.6660000000000004	5.334	2.0
148	2.0	0.0	1.0	0.0	0.6660000000000004	5.334	1.0
149	2.0	0.0	1.0	0.0	2.4	3.6	1.0
150	3.0	0.0	2.0	0.0	3.4	5.6	2.0
151	0.0	2.0	0.0	2.0	0.0	3.0	1.0
152	0.0	0.0	0.0	0.0	0.0	0.0	0.0
153	2.0	2.0	1.0	1.0	1.3320000000000007	10.668	2.0
154	2.0	0.0	0.0	0.0	2.0	4.0	0.0
155	3.0	0.0	2.0	0.0	2.068	3.932	1.0
156	3.0	0.0	3.0	0.0	3.0	6.0	3.0
157	1.0	0.0	1.0	0.0	1.0	2.0	1.0
158	0.0	0.0	0.0	0.0	0.0	0.0	0.0
159	3.0	0.0	3.0	0.0	3.8	5.2	3.0
160	2.0	0.0	1.0	0.0	2.0	4.0	1.0
161	3.0	0.0	3.0	0.0	3.0	6.0	3.0
162	1.0	0.0	0.0	0.0	1.0	2.0	0.0
163	1.0	0.0	1.0	0.0	0.3330000000000002	2.667	1.0
164	0.0	3.0	0.0	1.0	1.6660000000000004	7.334	1.0
165	1.0	0.0	1.0	0.0	0.3330000000000002	2.667	1.0
166	1.0	0.0	1.0	0.0	1.0	2.0	1.0
167	0.0	0.0	0.0	0.0	0.0	0.0	0.0
168	3.0	1.0	2.0	1.0	3.3360000000000003	8.664	3.0
169	2.0	0.0	2.0	0.0	0.6660000000000004	5.334	2.0
170	1.0	0.0	1.0	0.0	1.0	2.0	1.0
171	1.0	1.0	1.0	1.0	0.6660000000000004	5.334	2.0
172	1.0	1.0	1.0	0.0	1.6680000000000001	4.332	1.0
173	1.0	0.0	1.0	0.0	0.3330000000000002	2.667	1.0
174	1.0	0.0	1.0	0.0	1.0	2.0	1.0
175	0.0	0.0	0.0	0.0	0.0	0.0	0.0
176	3.0	0.0	1.0	0.0	3.0	6.0	1.0
177	3.0	0.0	2.0	0.0	3.0	6.0	2.0
178	3.0	2.0	2.0	2.0	4.0	8.0	3.0
179	2.0	0.0	2.0	0.0	2.0	4.0	2.0
180	0.0	1.0	0.0	1.0	0.3330000000000002	2.667	1.0
181	2.0	0.0	1.0	0.0	0.6660000000000004	5.334	1.0
182	2.0	0.0	2.0	0.0	2.4	3.6	2.0
183	4.0	0.0	3.0	0.0	2.3360000000000003	6.664	2.0
184	2.0	0.0	2.0	0.0	0.6660000000000004	5.334	2.0
185	3.0	0.0	3.0	0.0	3.0	6.0	3.0
186	1.0	2.0	1.0	1.0	1.3330000000000002	4.667	1.0
187	1.0	0.0	1.0	0.0	0.6680000000000001	2.332	1.0
188	0.0	0.0	0.0	0.0	0.0	0.0	0.0
189	1.0	3.0	0.0	1.0	2.0010000000000003	6.999	1.0
190	2.0	0.0	1.0	0.0	2.0	4.0	1.0
191	2.0	0.0	2.0	0.0	2.0	4.0	2.0
192	2.0	0.0	2.0	0.0	2.0	4.0	2.0
193	2.0	2.0	1.0	1.0	2.3340000000000005	9.666	2.0
194	4.0	0.0	3.0	0.0	3.0040000000000004	8.995999999999999	3.0
195	2.0	0.0	1.0	0.0	2.068	3.932	1.0
196	2.0	0.0	1.0	0.0	2.0	4.0	1.0
197	1.0	1.0	1.0	1.0	0.6660000000000004	5.334	2.0
198	0.0	0.0	0.0	0.0	0.0	0.0	0.0
199	1.0	0.0	1.0	0.0	0.3330000000000002	2.667	1.0
200	2.0	0.0	1.0	0.0	2.0	4.0	1.0
201	2.0	0.0	1.0	0.0	2.0	4.0	1.0
202	2.0	0.0	2.0	0.0	2.0	4.0	2.0
203	1.0	0.0	0.0	0.0	1.0	2.0	0.0
204	1.0	0.0	1.0	0.0	0.3330000000000002	2.667	1.0
205	2.0	1.0	2.0	1.0	2.068	3.932	2.0
206	3.0	2.0	1.0	2.0	3.333	8.667	2.0
207	2.0	4.0	1.0	3.0	2.3320000000000007	12.668	3.0
208	2.0	3.0	1.0	3.0	3.333	8.667	3.0
209	1.0	1.0	0.0	1.0	1.3330000000000002	4.667	1.0
210	2.0	2.0	0.0	2.0	3.668	8.332	2.0
211	1.0	3.0	1.0	2.0	2.333	6.667	2.0
212	1.0	3.0	1.0	3.0	1.3330000000000002	4.667	2.0
213	2.0	3.0	2.0	3.0	2.6660000000000004	9.334	4.0
214	2.0	6.0	2.0	4.0	4.3340000000000005	13.666	4.0
215	0.0	0.0	0.0	0.0	0.0	0.0	0.0
216	0.0	0.0	0.0	0.0	0.0	0.0	0.0
217	0.0	0.0	0.0	0.0	0.0	0.0	0.0
218	0.0	0.0	0.0	0.0	0.0	0.0	0.0
219	0.0	0.0	0.0	0.0	0.0	0.0	0.0
220	0.0	0.0	0.0	0.0	0.0	0.0	0.0
221	0.0	0.0	0.0	0.0	0.0	0.0	0.0
222	0.0	3.0	0.0	2.0	3.0	6.0	2.0
223	0.0	0.0	0.0	0.0	0.0	0.0	0.0
224	0.0	0.0	0.0	0.0	0.0	0.0	0.0
225	0.0	0.0	0.0	0.0	0.0	0.0	0.0
226	0.0	0.0	0.0	0.0	0.0	0.0	0.0
227	0.0	0.0	0.0	0.0	0.0	0.0	0.0
228	0.0	6.0	0.0	3.0	2.333000000000001	15.666999999999998	3.0
229	1.0	3.0	1.0	3.0	1.3330000000000002	4.667	2.0
230	3.0	3.0	1.0	3.0	1.9990000000000006	10.001	2.0
231	3.0	3.0	2.0	3.0	4.333	10.667	4.0
232	2.0	4.0	2.0	3.0	5.333	12.667	5.0
233	1.0	5.0	0.0	2.0	2.3320000000000007	12.668	2.0
234	2.0	3.0	2.0	2.0	2.6660000000000004	9.334	3.0
235	1.0	1.0	1.0	1.0	0.6660000000000004	5.334	2.0
236	2.0	5.0	2.0	2.0	4.399000000000001	13.600999999999999	4.0
237	2.0	0.0	1.0	0.0	0.6660000000000004	5.334	1.0
238	3.0	3.0	3.0	2.0	4.0	8.0	3.0
239	1.0	4.0	0.0	3.0	0.9990000000000006	8.001	2.0
240	4.0	3.0	2.0	2.0	4.666	13.334	4.0
241	1.0	2.0	0.0	2.0	1.6680000000000001	7.332	2.0
242	2.0	0.0	1.0	0.0	1.3360000000000003	4.664	1.0
243	1.0	2.0	1.0	2.0	0.9990000000000006	8.001	3.0
244	2.0	0.0	1.0	0.0	0.6660000000000004	5.334	1.0
245	1.0	1.0	1.0	1.0	2.0	4.0	2.0
246	4.0	0.0	1.0	0.0	4.0	8.0	1.0
247	3.0	0.0	2.0	0.0	3.0	6.0	2.0
248	3.0	0.0	1.0	0.0	3.0	6.0	1.0
249	1.0	0.0	1.0	0.0	0.3330000000000002	2.667	1.0
250	3.0	0.0	2.0	0.0	3.0	6.0	2.0
251	2.0	3.0	1.0	0.0	5.0	10.0	1.0
252	2.0	0.0	2.0	0.0	2.0	4.0	2.0
253	1.0	0.0	0.0	0.0	0.3330000000000002	2.667	0.0
254	3.0	1.0	2.0	0.0	3.4	5.6	2.0
255	0.0	0.0	0.0	0.0	0.0	0.0	0.0
256	2.0	0.0	2.0	0.0	2.0	4.0	2.0
257	3.0	0.0	2.0	0.0	3.0	6.0	2.0
258	0.0	0.0	0.0	0.0	0.0	0.0	0.0
259	1.0	0.0	1.0	0.0	0.3330000000000002	2.667	1.0
260	2.0	0.0	1.0	0.0	0.6660000000000004	5.334	1.0
261	0.0	0.0	0.0	0.0	0.0	0.0	0.0
262	3.0	0.0	2.0	0.0	2.0040000000000004	6.9959999999999996	2.0
263	3.0	1.0	2.0	1.0	2.0010000000000003	6.999	2.0
264	2.0	0.0	1.0	0.0	2.0	4.0	1.0
265	1.0	0.0	0.0	0.0	0.6680000000000001	2.332	0.0
266	2.0	0.0	0.0	0.0	2.0	4.0	0.0
267	4.0	3.0	2.0	3.0	5.001	12.998999999999999	4.0
268	1.0	4.0	0.0	3.0	1.6660000000000004	7.334	2.0
269	4.0	0.0	3.0	0.0	4.0	8.0	3.0
270	3.0	4.0	2.0	3.0	2.3340000000000005	9.666	2.0
271	3.0	1.0	2.0	0.0	2.333	6.667	2.0
272	1.0	0.0	1.0	0.0	0.3330000000000002	2.667	1.0
273	2.0	1.0	1.0	1.0	1.6690000000000005	7.3309999999999995	2.0
274	2.0	5.0	1.0	2.0	2.6660000000000004	9.334	1.0
275	3.0	0.0	1.0	0.0	2.0040000000000004	6.9959999999999996	1.0
276	1.0	0.0	0.0	0.0	0.3330000000000002	2.667	0.0
277	0.0	5.0	0.0	4.0	1.9990000000000006	10.001	3.0
278	0.0	2.0	0.0	2.0	1.3330000000000002	4.667	2.0
279	3.0	0.0	2.0	0.0	1.6680000000000001	4.332	1.0
280	1.0	0.0	1.0	0.0	0.3330000000000002	2.667	1.0
281	0.0	6.0	0.0	3.0	3.3340000000000005	11.666	3.0
282	1.0	0.0	1.0	0.0	0.3330000000000002	2.667	1.0
283	3.0	0.0	2.0	0.0	3.068	5.932	2.0
284	2.0	1.0	2.0	1.0	0.9990000000000006	8.001	3.0
285	1.0	4.0	1.0	3.0	1.3320000000000007	13.668	4.0
286	3.0	2.0	3.0	1.0	3.736	8.264	3.0
287	3.0	1.0	3.0	1.0	3.668	8.332	4.0
288	2.0	2.0	2.0	2.0	0.9990000000000006	8.001	3.0
289	1.0	1.0	1.0	1.0	0.6660000000000004	5.334	2.0
290	2.0	1.0	1.0	1.0	1.6660000000000004	7.334	2.0
291	1.0	0.0	0.0	0.0	0.3330000000000002	2.667	0.0
292	1.0	0.0	1.0	0.0	0.3330000000000002	2.667	1.0
293	3.0	0.0	3.0	0.0	3.0	6.0	3.0
294	1.0	0.0	0.0	0.0	1.0	2.0	0.0
295	2.0	0.0	1.0	0.0	2.0	4.0	1.0
296	3.0	0.0	1.0	0.0	2.736	6.263999999999999	1.0
297	2.0	0.0	1.0	0.0	2.0	4.0	1.0
298	3.0	2.0	2.0	2.0	3.668	8.332	3.0
299	3.0	2.0	1.0	1.0	0.9990000000000006	8.001	1.0
300	2.0	0.0	0.0	0.0	2.0	4.0	0.0
301	1.0	0.0	0.0	0.0	1.0	2.0	0.0
302	3.0	0.0	3.0	0.0	3.0	6.0	3.0
303	0.0	0.0	0.0	0.0	0.0	0.0	0.0
304	1.0	0.0	1.0	0.0	1.0	2.0	1.0
305	0.0	0.0	0.0	0.0	0.0	0.0	0.0
306	1.0	0.0	1.0	0.0	0.3330000000000002	2.667	1.0
307	3.0	0.0	2.0	0.0	0.9990000000000006	8.001	2.0
308	2.0	0.0	1.0	0.0	2.0	4.0	1.0
309	2.0	0.0	1.0	0.0	1.3360000000000003	4.664	1.0
310	1.0	0.0	0.0	0.0	0.3330000000000002	2.667	0.0
311	2.0	0.0	1.0	0.0	2.0	4.0	1.0
312	1.0	0.0	1.0	0.0	0.3330000000000002	2.667	1.0
313	2.0	0.0	1.0	0.0	2.0	4.0	1.0
314	2.0	0.0	1.0	0.0	1.3360000000000003	4.664	1.0
315	2.0	1.0	2.0	1.0	1.6680000000000001	4.332	2.0
316	4.0	0.0	4.0	0.0	1.3360000000000003	4.664	2.0
317	1.0	0.0	1.0	0.0	1.0	2.0	1.0
318	2.0	2.0	1.0	1.0	3.0	6.0	2.0
319	1.0	4.0	1.0	2.0	2.6660000000000004	9.334	2.0
320	2.0	4.0	1.0	1.0	4.734	13.266	2.0
321	2.0	3.0	1.0	2.0	5.0	10.0	3.0
322	2.0	2.0	2.0	2.0	1.3330000000000002	4.667	2.0
323	0.0	3.0	0.0	2.0	1.6660000000000004	7.334	2.0
324	2.0	0.0	2.0	0.0	2.0	4.0	2.0
325	2.0	3.0	1.0	0.0	2.6660000000000004	9.334	1.0
326	2.0	2.0	1.0	2.0	1.6670000000000007	10.332999999999998	3.0
327	1.0	3.0	1.0	1.0	1.9990000000000006	10.001	2.0
328	1.0	2.0	1.0	1.0	1.6660000000000004	7.334	2.0
329	4.0	3.0	4.0	2.0	4.333	10.667	4.0
330	3.0	1.0	1.0	0.0	4.0	8.0	1.0
331	2.0	0.0	1.0	0.0	2.0	4.0	1.0
332	2.0	0.0	2.0	0.0	2.0	4.0	2.0
333	3.0	0.0	2.0	0.0	0.9990000000000006	8.001	2.0
334	1.0	0.0	1.0	0.0	0.6680000000000001	2.332	1.0
335	0.0	0.0	0.0	0.0	0.0	0.0	0.0
336	0.0	0.0	0.0	0.0	0.0	0.0	0.0
337	2.0	0.0	0.0	0.0	0.6660000000000004	5.334	0.0
338	1.0	0.0	0.0	0.0	0.3330000000000002	2.667	0.0
339	2.0	0.0	1.0	0.0	2.0	4.0	1.0
340	1.0	0.0	0.0	0.0	1.0	2.0	0.0
341	1.0	0.0	0.0	0.0	1.0	2.0	0.0
342	1.0	0.0	0.0	0.0	1.0	2.0	0.0
343	2.0	0.0	1.0	0.0	2.0	4.0	1.0
344	3.0	0.0	3.0	0.0	3.0	6.0	3.0
345	2.0	0.0	2.0	0.0	2.0	4.0	2.0
346	2.0	0.0	1.0	0.0	0.6660000000000004	5.334	1.0
347	0.0	0.0	0.0	0.0	0.0	0.0	0.0
348	1.0	1.0	1.0	1.0	1.0	2.0	1.0
349	2.0	0.0	1.0	0.0	2.0	4.0	1.0
350	1.0	0.0	1.0	0.0	0.3330000000000002	2.667	1.0
351	0.0	0.0	0.0	0.0	0.0	0.0	0.0
352	2.0	0.0	1.0	0.0	0.6660000000000004	5.334	1.0
353	1.0	0.0	1.0	0.0	1.0	2.0	1.0
354	2.0	0.0	2.0	0.0	0.6660000000000004	5.334	2.0
355	0.0	0.0	0.0	0.0	0.0	0.0	0.0
356	3.0	0.0	1.0	0.0	3.0	6.0	1.0
357	1.0	0.0	1.0	0.0	1.0	2.0	1.0
358	1.0	0.0	1.0	0.0	0.3330000000000002	2.667	1.0
359	2.0	0.0	2.0	0.0	0.6660000000000004	5.334	2.0
360	0.0	0.0	0.0	0.0	0.0	0.0	0.0
361	0.0	0.0	0.0	0.0	0.0	0.0	0.0
362	0.0	2.0	0.0	2.0	0.0	3.0	1.0
363	1.0	2.0	1.0	1.0	0.9990000000000006	8.001	2.0
364	2.0	1.0	1.0	1.0	2.0	4.0	1.0
365	2.0	1.0	2.0	1.0	1.6680000000000001	7.332	3.0
366	3.0	0.0	2.0	0.0	3.0	6.0	2.0
367	2.0	1.0	2.0	0.0	2.333	6.667	2.0
368	2.0	2.0	2.0	0.0	3.333	8.667	2.0
369	1.0	3.0	1.0	3.0	1.3330000000000002	4.667	2.0
370	2.0	0.0	1.0	0.0	0.6660000000000004	5.334	1.0
371	1.0	0.0	1.0	0.0	1.0	2.0	1.0
372	3.0	1.0	2.0	1.0	2.333	6.667	2.0
373	2.0	2.0	1.0	2.0	1.6660000000000004	7.334	2.0
374	0.0	0.0	0.0	0.0	0.0	0.0	0.0
375	2.0	0.0	0.0	0.0	1.3360000000000003	4.664	0.0
376	1.0	4.0	1.0	2.0	2.6660000000000004	9.334	2.0
377	3.0	1.0	1.0	1.0	1.3320000000000007	10.668	2.0
378	2.0	0.0	1.0	0.0	0.6660000000000004	5.334	1.0
379	0.0	2.0	0.0	1.0	2.0	4.0	1.0
380	2.0	2.0	2.0	2.0	1.3330000000000002	4.667	2.0
381	1.0	3.0	0.0	1.0	2.333	6.667	1.0
382	0.0	0.0	0.0	0.0	0.0	0.0	0.0
383	0.0	0.0	0.0	0.0	0.0	0.0	0.0
384	3.0	3.0	2.0	1.0	2.6690000000000005	9.331	2.0
385	2.0	4.0	1.0	2.0	2.3340000000000005	9.666	2.0
386	3.0	4.0	2.0	3.0	2.6690000000000005	9.331	3.0
387	2.0	1.0	0.0	0.0	1.3330000000000002	4.667	0.0
388	2.0	2.0	1.0	2.0	2.333	6.667	2.0
389	1.0	4.0	1.0	3.0	1.9990000000000006	10.001	3.0
390	4.0	4.0	2.0	1.0	4.9990000000000006	16.000999999999998	2.0
391	2.0	4.0	2.0	1.0	4.001	10.998999999999999	3.0
392	1.0	1.0	1.0	1.0	1.6680000000000001	4.332	2.0
393	2.0	0.0	1.0	0.0	0.6660000000000004	5.334	1.0
394	2.0	4.0	1.0	4.0	3.3360000000000003	8.664	3.0
395	1.0	0.0	1.0	0.0	0.3330000000000002	2.667	1.0
396	4.0	2.0	2.0	2.0	5.0	10.0	3.0
397	1.0	0.0	1.0	0.0	0.3330000000000002	2.667	1.0
398	2.0	2.0	2.0	2.0	3.0	6.0	3.0
399	2.0	2.0	2.0	0.0	3.0010000000000003	8.998999999999999	2.0
400	1.0	1.0	1.0	1.0	1.0010000000000003	4.999	2.0
401	0.0	0.0	0.0	0.0	0.0	0.0	0.0
402	0.0	3.0	0.0	3.0	0.3330000000000002	5.667	2.0
403	2.0	1.0	2.0	1.0	1.3330000000000002	4.667	2.0
404	0.0	0.0	0.0	0.0	0.0	0.0	0.0
405	2.0	0.0	2.0	0.0	2.0	4.0	2.0
406	2.0	0.0	1.0	0.0	0.6660000000000004	5.334	1.0
407	4.0	1.0	3.0	1.0	5.868	9.132	4.0
408	0.0	0.0	0.0	0.0	0.0	0.0	0.0
409	2.0	0.0	1.0	0.0	2.0	4.0	1.0
410	2.0	0.0	2.0	0.0	2.0	4.0	2.0
411	2.0	0.0	2.0	0.0	2.0	4.0	2.0
412	2.0	0.0	2.0	0.0	2.0	4.0	2.0
413	2.0	0.0	1.0	0.0	2.0	4.0	1.0
414	1.0	0.0	0.0	0.0	0.3330000000000002	2.667	0.0
415	1.0	0.0	1.0	0.0	0.3330000000000002	2.667	1.0
416	0.0	0.0	0.0	0.0	0.0	0.0	0.0
417	2.0	0.0	1.0	0.0	2.0	4.0	1.0
418	0.0	0.0	0.0	0.0	0.0	0.0	0.0
419	0.0	0.0	0.0	0.0	0.0	0.0	0.0
420	2.0	0.0	2.0	0.0	2.0	4.0	2.0
421	3.0	0.0	2.0	0.0	2.668	6.332	2.0
422	1.0	0.0	1.0	0.0	0.6680000000000001	2.332	1.0
423	3.0	0.0	1.0	0.0	0.9990000000000006	8.001	1.0
424	2.0	0.0	1.0	0.0	2.0	4.0	1.0
425	1.0	2.0	0.0	2.0	2.0	4.0	1.0
426	1.0	0.0	1.0	0.0	0.6680000000000001	2.332	1.0
427	2.0	0.0	1.0	0.0	2.0	4.0	1.0
428	1.0	1.0	1.0	1.0	0.6660000000000004	5.334	2.0
429	1.0	0.0	0.0	0.0	0.6680000000000001	2.332	0.0
430	0.0	0.0	0.0	0.0	0.0	0.0	0.0
431	1.0	0.0	1.0	0.0	0.3330000000000002	2.667	1.0
432	2.0	0.0	1.0	0.0	0.6660000000000004	5.334	1.0
433	3.0	0.0	1.0	0.0	0.9990000000000006	8.001	1.0
434	2.0	0.0	1.0	0.0	2.0	4.0	1.0
435	3.0	0.0	3.0	0.0	3.0	6.0	3.0
436	1.0	0.0	0.0	0.0	0.3330000000000002	2.667	0.0
437	3.0	0.0	1.0	0.0	3.0	6.0	1.0
438	0.0	0.0	0.0	0.0	0.0	0.0	0.0
439	1.0	0.0	0.0	0.0	1.0	2.0	0.0
440	2.0	0.0	1.0	0.0	2.0	4.0	1.0
441	3.0	0.0	3.0	0.0	3.8	5.2	3.0
442	2.0	2.0	2.0	2.0	3.0	6.0	3.0
443	0.0	0.0	0.0	0.0	0.0	0.0	0.0
444	2.0	0.0	2.0	0.0	0.6660000000000004	5.334	2.0
445	0.0	0.0	0.0	0.0	0.0	0.0	0.0
446	3.0	0.0	2.0	0.0	3.0	6.0	2.0
447	0.0	0.0	0.0	0.0	0.0	0.0	0.0
448	1.0	0.0	0.0	0.0	0.3330000000000002	2.667	0.0
449	0.0	4.0	0.0	3.0	1.6660000000000004	7.334	2.0
450	1.0	0.0	0.0	0.0	0.3330000000000002	2.667	0.0
451	2.0	6.0	2.0	4.0	2.3340000000000005	9.666	3.0
452	1.0	2.0	1.0	1.0	0.9990000000000006	8.001	2.0
453	0.0	0.0	0.0	0.0	0.0	0.0	0.0
454	1.0	3.0	1.0	2.0	1.6660000000000004	7.334	2.0
455	3.0	0.0	2.0	0.0	2.668	6.332	2.0
456	2.0	1.0	1.0	1.0	3.0	6.0	2.0
457	3.0	0.0	1.0	0.0	3.0	6.0	1.0
458	1.0	1.0	1.0	1.0	2.0	4.0	2.0
459	2.0	2.0	2.0	2.0	2.333	6.667	3.0
460	1.0	2.0	0.0	2.0	1.3330000000000002	4.667	1.0
461	1.0	1.0	0.0	1.0	0.6660000000000004	5.334	1.0
462	0.0	2.0	0.0	1.0	0.3330000000000002	5.667	1.0
463	2.0	0.0	1.0	0.0	2.0	4.0	1.0
464	1.0	0.0	0.0	0.0	1.0	2.0	0.0
465	0.0	0.0	0.0	0.0	0.0	0.0	0.0
466	0.0	0.0	0.0	0.0	0.0	0.0	0.0
467	2.0	1.0	1.0	1.0	1.3330000000000002	4.667	1.0
468	1.0	0.0	1.0	0.0	1.0	2.0	1.0
469	0.0	0.0	0.0	0.0	0.0	0.0	0.0
470	2.0	0.0	0.0	0.0	0.6660000000000004	5.334	0.0
471	2.0	0.0	1.0	0.0	0.6660000000000004	5.334	1.0
472	1.0	6.0	1.0	5.0	3.333	11.667	4.0
473	1.0	2.0	1.0	1.0	0.9990000000000006	8.001	2.0
474	0.0	1.0	0.0	0.0	0.3330000000000002	2.667	0.0
475	0.0	0.0	0.0	0.0	0.0	0.0	0.0
476	0.0	0.0	0.0	0.0	0.0	0.0	0.0
477	0.0	0.0	0.0	0.0	0.0	0.0	0.0
478	0.0	0.0	0.0	0.0	0.0	0.0	0.0
479	0.0	0.0	0.0	0.0	0.0	0.0	0.0
480	0.0	0.0	0.0	0.0	0.0	0.0	0.0
481	0.0	0.0	0.0	0.0	0.0	0.0	0.0
482	0.0	0.0	0.0	0.0	0.0	0.0	0.0
483	0.0	0.0	0.0	0.0	0.0	0.0	0.0
