pos	Sd	Nd	Sd_tip	Nd_tip	S	N	comparisons
001	0.0	0.0	0.0	0.0	0.0	0.0	0.0
002	0.0	0.0	0.0	0.0	0.0	0.0	0.0
003	0.0	0.0	0.0	0.0	0.0	0.0	0.0
004	0.0	0.0	0.0	0.0	0.0	0.0	0.0
005	0.0	0.0	0.0	0.0	0.0	0.0	0.0
006	0.0	0.0	0.0	0.0	0.0	0.0	0.0
007	0.0	0.0	0.0	0.0	0.0	0.0	0.0
008	0.0	0.0	0.0	0.0	0.0	0.0	0.0
009	0.0	0.0	0.0	0.0	0.0	0.0	0.0
010	0.0	0.0	0.0	0.0	0.0	0.0	0.0
011	0.0	0.0	0.0	0.0	0.0	0.0	0.0
012	0.0	0.0	0.0	0.0	0.0	0.0	0.0
013	0.0	0.0	0.0	0.0	0.0	0.0	0.0
014	0.0	0.0	0.0	0.0	0.0	0.0	0.0
015	0.0	0.0	0.0	0.0	0.0	0.0	0.0
016	0.0	0.0	0.0	0.0	0.0	0.0	0.0
017	0.0	0.0	0.0	0.0	0.0	0.0	0.0
018	0.0	0.0	0.0	0.0	0.0	0.0	0.0
019	0.0	0.0	0.0	0.0	0.0	0.0	0.0
020	0.0	0.0	0.0	0.0	0.0	0.0	0.0
021	0.0	0.0	0.0	0.0	0.0	0.0	0.0
022	0.0	0.0	0.0	0.0	0.0	0.0	0.0
023	0.0	0.0	0.0	0.0	0.0	0.0	0.0
024	0.0	0.0	0.0	0.0	0.0	0.0	0.0
025	0.0	0.0	0.0	0.0	0.0	0.0	0.0
026	0.0	0.0	0.0	0.0	0.0	0.0	0.0
027	0.0	0.0	0.0	0.0	0.0	0.0	0.0
028	0.0	0.0	0.0	0.0	0.0	0.0	0.0
029	0.0	0.0	0.0	0.0	0.0	0.0	0.0
030	0.0	0.0	0.0	0.0	0.0	0.0	0.0
031	0.0	0.0	0.0	0.0	0.0	0.0	0.0
032	0.0	0.0	0.0	0.0	0.0	0.0	0.0
033	0.0	0.0	0.0	0.0	0.0	0.0	0.0
034	0.0	0.0	0.0	0.0	0.0	0.0	0.0
035	0.0	0.0	0.0	0.0	0.0	0.0	0.0
036	0.0	0.0	0.0	0.0	0.0	0.0	0.0
037	0.0	0.0	0.0	0.0	0.0	0.0	0.0
038	0.0	0.0	0.0	0.0	0.0	0.0	0.0
039	0.0	0.0	0.0	0.0	0.0	0.0	0.0
040	0.0	0.0	0.0	0.0	0.0	0.0	0.0
041	0.0	0.0	0.0	0.0	0.0	0.0	0.0
042	0.0	0.0	0.0	0.0	0.0	0.0	0.0
043	0.0	0.0	0.0	0.0	0.0	0.0	0.0
044	0.0	0.0	0.0	0.0	0.0	0.0	0.0
045	0.0	0.0	0.0	0.0	0.0	0.0	0.0
046	0.0	0.0	0.0	0.0	0.0	0.0	0.0
047	0.0	0.0	0.0	0.0	0.0	0.0	0.0
048	0.0	0.0	0.0	0.0	0.0	0.0	0.0
049	0.0	0.0	0.0	0.0	0.0	0.0	0.0
050	0.0	0.0	0.0	0.0	0.0	0.0	0.0
051	0.0	0.0	0.0	0.0	0.0	0.0	0.0
052	0.0	0.0	0.0	0.0	0.0	0.0	0.0
053	0.0	0.0	0.0	0.0	0.0	0.0	0.0
054	0.0	0.0	0.0	0.0	0.0	0.0	0.0
055	0.0	0.0	0.0	0.0	0.0	0.0	0.0
056	0.0	0.0	0.0	0.0	0.0	0.0	0.0
057	0.0	0.0	0.0	0.0	0.0	0.0	0.0
058	0.0	0.0	0.0	0.0	0.0	0.0	0.0
059	0.0	0.0	0.0	0.0	0.0	0.0	0.0
060	0.0	0.0	0.0	0.0	0.0	0.0	0.0
061	0.0	0.0	0.0	0.0	0.0	0.0	0.0
062	0.0	0.0	0.0	0.0	0.0	0.0	0.0
063	0.0	0.0	0.0	0.0	0.0	0.0	0.0
064	0.0	0.0	0.0	0.0	0.0	0.0	0.0
065	0.0	0.0	0.0	0.0	0.0	0.0	0.0
066	0.0	0.0	0.0	0.0	0.0	0.0	0.0
067	0.0	0.0	0.0	0.0	0.0	0.0	0.0
068	0.0	0.0	0.0	0.0	0.0	0.0	0.0
069	0.0	0.0	0.0	0.0	0.0	0.0	0.0
070	0.0	0.0	0.0	0.0	0.0	0.0	0.0
071	0.0	0.0	0.0	0.0	0.0	0.0	0.0
072	0.0	0.0	0.0	0.0	0.0	0.0	0.0
073	0.0	0.0	0.0	0.0	0.0	0.0	0.0
074	0.0	0.0	0.0	0.0	0.0	0.0	0.0
075	0.0	0.0	0.0	0.0	0.0	0.0	0.0
076	0.0	0.0	0.0	0.0	0.0	0.0	0.0
077	0.0	0.0	0.0	0.0	0.0	0.0	0.0
078	0.0	0.0	0.0	0.0	0.0	0.0	0.0
079	0.0	0.0	0.0	0.0	0.0	0.0	0.0
080	0.0	0.0	0.0	0.0	0.0	0.0	0.0
081	0.0	0.0	0.0	0.0	0.0	0.0	0.0
082	0.0	0.0	0.0	0.0	0.0	0.0	0.0
083	0.0	0.0	0.0	0.0	0.0	0.0	0.0
084	0.0	0.0	0.0	0.0	0.0	0.0	0.0
085	0.0	0.0	0.0	0.0	0.0	0.0	0.0
086	0.0	0.0	0.0	0.0	0.0	0.0	0.0
087	0.0	0.0	0.0	0.0	0.0	0.0	0.0
088	0.0	0.0	0.0	0.0	0.0	0.0	0.0
089	0.0	0.0	0.0	0.0	0.0	0.0	0.0
090	0.0	0.0	0.0	0.0	0.0	0.0	0.0
091	0.0	0.0	0.0	0.0	0.0	0.0	0.0
092	0.0	0.0	0.0	0.0	0.0	0.0	0.0
093	0.0	0.0	0.0	0.0	0.0	0.0	0.0
094	0.0	0.0	0.0	0.0	0.0	0.0	0.0
095	0.0	0.0	0.0	0.0	0.0	0.0	0.0
096	0.0	0.0	0.0	0.0	0.0	0.0	0.0
097	0.0	0.0	0.0	0.0	0.0	0.0	0.0
098	0.0	0.0	0.0	0.0	0.0	0.0	0.0
099	0.0	0.0	0.0	0.0	0.0	0.0	0.0
100	0.0	0.0	0.0	0.0	0.0	0.0	0.0
101	0.0	0.0	0.0	0.0	0.0	0.0	0.0
102	0.0	0.0	0.0	0.0	0.0	0.0	0.0
103	0.0	0.0	0.0	0.0	0.0	0.0	0.0
104	0.0	0.0	0.0	0.0	0.0	0.0	0.0
105	0.0	0.0	0.0	0.0	0.0	0.0	0.0
106	0.0	0.0	0.0	0.0	0.0	0.0	0.0
107	0.0	0.0	0.0	0.0	0.0	0.0	0.0
108	0.0	0.0	0.0	0.0	0.0	0.0	0.0
109	0.0	0.0	0.0	0.0	0.0	0.0	0.0
110	0.0	0.0	0.0	0.0	0.0	0.0	0.0
111	0.0	0.0	0.0	0.0	0.0	0.0	0.0
112	0.0	0.0	0.0	0.0	0.0	0.0	0.0
113	0.0	0.0	0.0	0.0	0.0	0.0	0.0
114	0.0	0.0	0.0	0.0	0.0	0.0	0.0
115	0.0	0.0	0.0	0.0	0.0	0.0	0.0
116	0.0	0.0	0.0	0.0	0.0	0.0	0.0
117	0.0	0.0	0.0	0.0	0.0	0.0	0.0
118	0.0	0.0	0.0	0.0	0.0	0.0	0.0
119	0.0	0.0	0.0	0.0	0.0	0.0	0.0
120	0.0	0.0	0.0	0.0	0.0	0.0	0.0
121	0.0	0.0	0.0	0.0	0.0	0.0	0.0
122	0.0	0.0	0.0	0.0	0.0	0.0	0.0
123	0.0	0.0	0.0	0.0	0.0	0.0	0.0
124	0.0	0.0	0.0	0.0	0.0	0.0	0.0
125	0.0	0.0	0.0	0.0	0.0	0.0	0.0
126	0.0	0.0	0.0	0.0	0.0	0.0	0.0
127	0.0	0.0	0.0	0.0	0.0	0.0	0.0
128	0.0	0.0	0.0	0.0	0.0	0.0	0.0
129	0.0	0.0	0.0	0.0	0.0	0.0	0.0
130	0.0	0.0	0.0	0.0	0.0	0.0	0.0
131	0.0	0.0	0.0	0.0	0.0	0.0	0.0
132	0.0	0.0	0.0	0.0	0.0	0.0	0.0
133	0.0	0.0	0.0	0.0	0.0	0.0	0.0
134	0.0	0.0	0.0	0.0	0.0	0.0	0.0
135	0.0	0.0	0.0	0.0	0.0	0.0	0.0
136	0.0	0.0	0.0	0.0	0.0	0.0	0.0
137	0.0	0.0	0.0	0.0	0.0	0.0	0.0
138	0.0	0.0	0.0	0.0	0.0	0.0	0.0
139	0.0	0.0	0.0	0.0	0.0	0.0	0.0
140	0.0	0.0	0.0	0.0	0.0	0.0	0.0
141	0.0	0.0	0.0	0.0	0.0	0.0	0.0
142	0.0	0.0	0.0	0.0	0.0	0.0	0.0
143	0.0	0.0	0.0	0.0	0.0	0.0	0.0
144	0.0	0.0	0.0	0.0	0.0	0.0	0.0
145	0.0	0.0	0.0	0.0	0.0	0.0	0.0
146	0.0	0.0	0.0	0.0	0.0	0.0	0.0
147	0.0	0.0	0.0	0.0	0.0	0.0	0.0
148	0.0	0.0	0.0	0.0	0.0	0.0	0.0
149	0.0	0.0	0.0	0.0	0.0	0.0	0.0
150	0.0	0.0	0.0	0.0	0.0	0.0	0.0
151	0.0	0.0	0.0	0.0	0.0	0.0	0.0
152	0.0	0.0	0.0	0.0	0.0	0.0	0.0
153	0.0	0.0	0.0	0.0	0.0	0.0	0.0
154	0.0	0.0	0.0	0.0	0.0	0.0	0.0
155	0.0	0.0	0.0	0.0	0.0	0.0	0.0
156	0.0	0.0	0.0	0.0	0.0	0.0	0.0
157	0.0	0.0	0.0	0.0	0.0	0.0	0.0
158	0.0	0.0	0.0	0.0	0.0	0.0	0.0
159	0.0	0.0	0.0	0.0	0.0	0.0	0.0
160	0.0	0.0	0.0	0.0	0.0	0.0	0.0
161	0.0	0.0	0.0	0.0	0.0	0.0	0.0
162	0.0	0.0	0.0	0.0	0.0	0.0	0.0
163	0.0	0.0	0.0	0.0	0.0	0.0	0.0
164	0.0	0.0	0.0	0.0	0.0	0.0	0.0
165	0.0	0.0	0.0	0.0	0.0	0.0	0.0
166	0.0	0.0	0.0	0.0	0.0	0.0	0.0
167	0.0	0.0	0.0	0.0	0.0	0.0	0.0
168	0.0	0.0	0.0	0.0	0.0	0.0	0.0
169	0.0	0.0	0.0	0.0	0.0	0.0	0.0
170	0.0	0.0	0.0	0.0	0.0	0.0	0.0
171	0.0	0.0	0.0	0.0	0.0	0.0	0.0
172	0.0	0.0	0.0	0.0	0.0	0.0	0.0
173	0.0	0.0	0.0	0.0	0.0	0.0	0.0
174	0.0	0.0	0.0	0.0	0.0	0.0	0.0
175	0.0	0.0	0.0	0.0	0.0	0.0	0.0
176	0.0	0.0	0.0	0.0	0.0	0.0	0.0
177	0.0	0.0	0.0	0.0	0.0	0.0	0.0
178	0.0	0.0	0.0	0.0	0.0	0.0	0.0
179	0.0	0.0	0.0	0.0	0.0	0.0	0.0
180	0.0	0.0	0.0	0.0	0.0	0.0	0.0
181	0.0	0.0	0.0	0.0	0.0	0.0	0.0
182	0.0	0.0	0.0	0.0	0.0	0.0	0.0
183	0.0	0.0	0.0	0.0	0.0	0.0	0.0
184	0.0	0.0	0.0	0.0	0.0	0.0	0.0
185	0.0	0.0	0.0	0.0	0.0	0.0	0.0
186	0.0	0.0	0.0	0.0	0.0	0.0	0.0
187	0.0	0.0	0.0	0.0	0.0	0.0	0.0
188	0.0	0.0	0.0	0.0	0.0	0.0	0.0
189	0.0	0.0	0.0	0.0	0.0	0.0	0.0
190	0.0	0.0	0.0	0.0	0.0	0.0	0.0
191	0.0	0.0	0.0	0.0	0.0	0.0	0.0
192	0.0	0.0	0.0	0.0	0.0	0.0	0.0
193	0.0	0.0	0.0	0.0	0.0	0.0	0.0
194	0.0	0.0	0.0	0.0	0.0	0.0	0.0
195	0.0	0.0	0.0	0.0	0.0	0.0	0.0
196	0.0	0.0	0.0	0.0	0.0	0.0	0.0
197	0.0	0.0	0.0	0.0	0.0	0.0	0.0
198	0.0	0.0	0.0	0.0	0.0	0.0	0.0
199	0.0	0.0	0.0	0.0	0.0	0.0	0.0
200	0.0	0.0	0.0	0.0	0.0	0.0	0.0
201	0.0	0.0	0.0	0.0	0.0	0.0	0.0
202	0.0	0.0	0.0	0.0	0.0	0.0	0.0
203	0.0	0.0	0.0	0.0	0.0	0.0	0.0
204	0.0	0.0	0.0	0.0	0.0	0.0	0.0
205	0.0	0.0	0.0	0.0	0.0	0.0	0.0
206	0.0	0.0	0.0	0.0	0.0	0.0	0.0
207	0.0	0.0	0.0	0.0	0.0	0.0	0.0
208	0.0	0.0	0.0	0.0	0.0	0.0	0.0
209	0.0	0.0	0.0	0.0	0.0	0.0	0.0
210	0.0	0.0	0.0	0.0	0.0	0.0	0.0
211	0.0	0.0	0.0	0.0	0.0	0.0	0.0
212	0.0	0.0	0.0	0.0	0.0	0.0	0.0
213	0.0	0.0	0.0	0.0	0.0	0.0	0.0
214	0.0	0.0	0.0	0.0	0.0	0.0	0.0
215	0.0	0.0	0.0	0.0	0.0	0.0	0.0
216	0.0	0.0	0.0	0.0	0.0	0.0	0.0
217	0.0	0.0	0.0	0.0	0.0	0.0	0.0
218	0.0	0.0	0.0	0.0	0.0	0.0	0.0
219	0.0	0.0	0.0	0.0	0.0	0.0	0.0
220	0.0	0.0	0.0	0.0	0.0	0.0	0.0
221	0.0	0.0	0.0	0.0	0.0	0.0	0.0
222	0.0	0.0	0.0	0.0	0.0	0.0	0.0
223	0.0	0.0	0.0	0.0	0.0	0.0	0.0
224	0.0	0.0	0.0	0.0	0.0	0.0	0.0
225	0.0	0.0	0.0	0.0	0.0	0.0	0.0
226	0.0	0.0	0.0	0.0	0.0	0.0	0.0
227	0.0	0.0	0.0	0.0	0.0	0.0	0.0
228	0.0	0.0	0.0	0.0	0.0	0.0	0.0
229	0.0	0.0	0.0	0.0	0.0	0.0	0.0
230	0.0	0.0	0.0	0.0	0.0	0.0	0.0
231	0.0	0.0	0.0	0.0	0.0	0.0	0.0
232	0.0	0.0	0.0	0.0	0.0	0.0	0.0
233	0.0	0.0	0.0	0.0	0.0	0.0	0.0
234	0.0	0.0	0.0	0.0	0.0	0.0	0.0
235	0.0	0.0	0.0	0.0	0.0	0.0	0.0
236	0.0	0.0	0.0	0.0	0.0	0.0	0.0
237	0.0	0.0	0.0	0.0	0.0	0.0	0.0
238	0.0	0.0	0.0	0.0	0.0	0.0	0.0
239	0.0	0.0	0.0	0.0	0.0	0.0	0.0
240	0.0	0.0	0.0	0.0	0.0	0.0	0.0
241	0.0	0.0	0.0	0.0	0.0	0.0	0.0
242	0.0	0.0	0.0	0.0	0.0	0.0	0.0
243	0.0	0.0	0.0	0.0	0.0	0.0	0.0
244	0.0	0.0	0.0	0.0	0.0	0.0	0.0
245	0.0	0.0	0.0	0.0	0.0	0.0	0.0
246	0.0	0.0	0.0	0.0	0.0	0.0	0.0
247	0.0	0.0	0.0	0.0	0.0	0.0	0.0
248	0.0	0.0	0.0	0.0	0.0	0.0	0.0
249	0.0	0.0	0.0	0.0	0.0	0.0	0.0
250	0.0	0.0	0.0	0.0	0.0	0.0	0.0
251	0.0	0.0	0.0	0.0	0.0	0.0	0.0
252	0.0	0.0	0.0	0.0	0.0	0.0	0.0
253	0.0	0.0	0.0	0.0	0.0	0.0	0.0
254	0.0	0.0	0.0	0.0	0.0	0.0	0.0
255	0.0	0.0	0.0	0.0	0.0	0.0	0.0
256	0.0	0.0	0.0	0.0	0.0	0.0	0.0
257	0.0	0.0	0.0	0.0	0.0	0.0	0.0
258	0.0	0.0	0.0	0.0	0.0	0.0	0.0
259	0.0	0.0	0.0	0.0	0.0	0.0	0.0
260	0.0	0.0	0.0	0.0	0.0	0.0	0.0
261	0.0	0.0	0.0	0.0	0.0	0.0	0.0
262	0.0	0.0	0.0	0.0	0.0	0.0	0.0
263	0.0	0.0	0.0	0.0	0.0	0.0	0.0
264	0.0	0.0	0.0	0.0	0.0	0.0	0.0
265	0.0	0.0	0.0	0.0	0.0	0.0	0.0
266	0.0	0.0	0.0	0.0	0.0	0.0	0.0
267	0.0	0.0	0.0	0.0	0.0	0.0	0.0
268	0.0	0.0	0.0	0.0	0.0	0.0	0.0
269	0.0	0.0	0.0	0.0	0.0	0.0	0.0
270	0.0	0.0	0.0	0.0	0.0	0.0	0.0
271	0.0	0.0	0.0	0.0	0.0	0.0	0.0
272	0.0	0.0	0.0	0.0	0.0	0.0	0.0
273	0.0	0.0	0.0	0.0	0.0	0.0	0.0
274	0.0	0.0	0.0	0.0	0.0	0.0	0.0
275	0.0	0.0	0.0	0.0	0.0	0.0	0.0
276	0.0	0.0	0.0	0.0	0.0	0.0	0.0
277	0.0	0.0	0.0	0.0	0.0	0.0	0.0
278	0.0	0.0	0.0	0.0	0.0	0.0	0.0
279	0.0	0.0	0.0	0.0	0.0	0.0	0.0
280	0.0	0.0	0.0	0.0	0.0	0.0	0.0
281	0.0	0.0	0.0	0.0	0.0	0.0	0.0
282	0.0	0.0	0.0	0.0	0.0	0.0	0.0
283	0.0	0.0	0.0	0.0	0.0	0.0	0.0
284	0.0	0.0	0.0	0.0	0.0	0.0	0.0
285	0.0	0.0	0.0	0.0	0.0	0.0	0.0
286	0.0	0.0	0.0	0.0	0.0	0.0	0.0
287	0.0	0.0	0.0	0.0	0.0	0.0	0.0
288	0.0	0.0	0.0	0.0	0.0	0.0	0.0
289	0.0	0.0	0.0	0.0	0.0	0.0	0.0
290	0.0	0.0	0.0	0.0	0.0	0.0	0.0
291	0.0	0.0	0.0	0.0	0.0	0.0	0.0
292	0.0	0.0	0.0	0.0	0.0	0.0	0.0
293	0.0	0.0	0.0	0.0	0.0	0.0	0.0
294	0.0	0.0	0.0	0.0	0.0	0.0	0.0
295	0.0	0.0	0.0	0.0	0.0	0.0	0.0
296	0.0	0.0	0.0	0.0	0.0	0.0	0.0
297	0.0	0.0	0.0	0.0	0.0	0.0	0.0
298	0.0	0.0	0.0	0.0	0.0	0.0	0.0
299	0.0	0.0	0.0	0.0	0.0	0.0	0.0
300	0.0	0.0	0.0	0.0	0.0	0.0	0.0
301	0.0	0.0	0.0	0.0	0.0	0.0	0.0
302	0.0	0.0	0.0	0.0	0.0	0.0	0.0
303	0.0	0.0	0.0	0.0	0.0	0.0	0.0
304	0.0	0.0	0.0	0.0	0.0	0.0	0.0
305	0.0	0.0	0.0	0.0	0.0	0.0	0.0
306	0.0	0.0	0.0	0.0	0.0	0.0	0.0
307	0.0	0.0	0.0	0.0	0.0	0.0	0.0
308	0.0	0.0	0.0	0.0	0.0	0.0	0.0
309	0.0	0.0	0.0	0.0	0.0	0.0	0.0
310	0.0	0.0	0.0	0.0	0.0	0.0	0.0
311	0.0	0.0	0.0	0.0	0.0	0.0	0.0
312	0.0	0.0	0.0	0.0	0.0	0.0	0.0
313	0.0	0.0	0.0	0.0	0.0	0.0	0.0
314	0.0	0.0	0.0	0.0	0.0	0.0	0.0
315	0.0	0.0	0.0	0.0	0.0	0.0	0.0
316	0.0	0.0	0.0	0.0	0.0	0.0	0.0
317	0.0	0.0	0.0	0.0	0.0	0.0	0.0
318	0.0	0.0	0.0	0.0	0.0	0.0	0.0
319	0.0	0.0	0.0	0.0	0.0	0.0	0.0
320	0.0	0.0	0.0	0.0	0.0	0.0	0.0
321	0.0	0.0	0.0	0.0	0.0	0.0	0.0
322	0.0	0.0	0.0	0.0	0.0	0.0	0.0
323	0.0	0.0	0.0	0.0	0.0	0.0	0.0
324	0.0	0.0	0.0	0.0	0.0	0.0	0.0
325	0.0	0.0	0.0	0.0	0.0	0.0	0.0
326	0.0	0.0	0.0	0.0	0.0	0.0	0.0
327	0.0	0.0	0.0	0.0	0.0	0.0	0.0
328	0.0	0.0	0.0	0.0	0.0	0.0	0.0
329	0.0	0.0	0.0	0.0	0.0	0.0	0.0
330	0.0	0.0	0.0	0.0	0.0	0.0	0.0
331	0.0	0.0	0.0	0.0	0.0	0.0	0.0
332	0.0	0.0	0.0	0.0	0.0	0.0	0.0
333	0.0	0.0	0.0	0.0	0.0	0.0	0.0
334	0.0	0.0	0.0	0.0	0.0	0.0	0.0
335	0.0	0.0	0.0	0.0	0.0	0.0	0.0
336	0.0	0.0	0.0	0.0	0.0	0.0	0.0
337	0.0	0.0	0.0	0.0	0.0	0.0	0.0
338	0.0	0.0	0.0	0.0	0.0	0.0	0.0
339	0.0	0.0	0.0	0.0	0.0	0.0	0.0
340	0.0	0.0	0.0	0.0	0.0	0.0	0.0
341	0.0	0.0	0.0	0.0	0.0	0.0	0.0
342	0.0	0.0	0.0	0.0	0.0	0.0	0.0
343	0.0	0.0	0.0	0.0	0.0	0.0	0.0
344	0.0	0.0	0.0	0.0	0.0	0.0	0.0
345	0.0	0.0	0.0	0.0	0.0	0.0	0.0
346	0.0	0.0	0.0	0.0	0.0	0.0	0.0
347	0.0	0.0	0.0	0.0	0.0	0.0	0.0
348	0.0	0.0	0.0	0.0	0.0	0.0	0.0
349	0.0	0.0	0.0	0.0	0.0	0.0	0.0
350	0.0	0.0	0.0	0.0	0.0	0.0	0.0
351	0.0	0.0	0.0	0.0	0.0	0.0	0.0
352	0.0	0.0	0.0	0.0	0.0	0.0	0.0
353	0.0	0.0	0.0	0.0	0.0	0.0	0.0
354	0.0	0.0	0.0	0.0	0.0	0.0	0.0
355	0.0	0.0	0.0	0.0	0.0	0.0	0.0
356	0.0	0.0	0.0	0.0	0.0	0.0	0.0
357	0.0	0.0	0.0	0.0	0.0	0.0	0.0
358	0.0	0.0	0.0	0.0	0.0	0.0	0.0
359	0.0	0.0	0.0	0.0	0.0	0.0	0.0
360	0.0	0.0	0.0	0.0	0.0	0.0	0.0
361	0.0	0.0	0.0	0.0	0.0	0.0	0.0
362	0.0	0.0	0.0	0.0	0.0	0.0	0.0
363	0.0	0.0	0.0	0.0	0.0	0.0	0.0
364	0.0	0.0	0.0	0.0	0.0	0.0	0.0
365	0.0	0.0	0.0	0.0	0.0	0.0	0.0
366	0.0	0.0	0.0	0.0	0.0	0.0	0.0
367	0.0	0.0	0.0	0.0	0.0	0.0	0.0
368	0.0	0.0	0.0	0.0	0.0	0.0	0.0
369	0.0	0.0	0.0	0.0	0.0	0.0	0.0
370	0.0	0.0	0.0	0.0	0.0	0.0	0.0
371	0.0	0.0	0.0	0.0	0.0	0.0	0.0
372	0.0	0.0	0.0	0.0	0.0	0.0	0.0
373	0.0	0.0	0.0	0.0	0.0	0.0	0.0
374	0.0	0.0	0.0	0.0	0.0	0.0	0.0
375	0.0	0.0	0.0	0.0	0.0	0.0	0.0
376	0.0	0.0	0.0	0.0	0.0	0.0	0.0
377	0.0	0.0	0.0	0.0	0.0	0.0	0.0
378	0.0	0.0	0.0	0.0	0.0	0.0	0.0
379	0.0	0.0	0.0	0.0	0.0	0.0	0.0
380	0.0	0.0	0.0	0.0	0.0	0.0	0.0
381	0.0	0.0	0.0	0.0	0.0	0.0	0.0
382	0.0	0.0	0.0	0.0	0.0	0.0	0.0
383	0.0	0.0	0.0	0.0	0.0	0.0	0.0
384	0.0	0.0	0.0	0.0	0.0	0.0	0.0
385	0.0	0.0	0.0	0.0	0.0	0.0	0.0
386	0.0	0.0	0.0	0.0	0.0	0.0	0.0
387	0.0	0.0	0.0	0.0	0.0	0.0	0.0
388	0.0	0.0	0.0	0.0	0.0	0.0	0.0
389	0.0	0.0	0.0	0.0	0.0	0.0	0.0
390	0.0	0.0	0.0	0.0	0.0	0.0	0.0
391	0.0	0.0	0.0	0.0	0.0	0.0	0.0
392	0.0	0.0	0.0	0.0	0.0	0.0	0.0
393	0.0	0.0	0.0	0.0	0.0	0.0	0.0
394	0.0	0.0	0.0	0.0	0.0	0.0	0.0
395	0.0	0.0	0.0	0.0	0.0	0.0	0.0
396	0.0	0.0	0.0	0.0	0.0	0.0	0.0
397	0.0	0.0	0.0	0.0	0.0	0.0	0.0
398	0.0	0.0	0.0	0.0	0.0	0.0	0.0
399	0.0	0.0	0.0	0.0	0.0	0.0	0.0
400	0.0	0.0	0.0	0.0	0.0	0.0	0.0
401	0.0	0.0	0.0	0.0	0.0	0.0	0.0
402	0.0	0.0	0.0	0.0	0.0	0.0	0.0
403	0.0	0.0	0.0	0.0	0.0	0.0	0.0
404	0.0	0.0	0.0	0.0	0.0	0.0	0.0
405	0.0	0.0	0.0	0.0	0.0	0.0	0.0
406	0.0	0.0	0.0	0.0	0.0	0.0	0.0
407	0.0	0.0	0.0	0.0	0.0	0.0	0.0
408	0.0	0.0	0.0	0.0	0.0	0.0	0.0
409	0.0	0.0	0.0	0.0	0.0	0.0	0.0
410	0.0	0.0	0.0	0.0	0.0	0.0	0.0
411	0.0	0.0	0.0	0.0	0.0	0.0	0.0
412	0.0	0.0	0.0	0.0	0.0	0.0	0.0
413	0.0	0.0	0.0	0.0	0.0	0.0	0.0
414	0.0	0.0	0.0	0.0	0.0	0.0	0.0
415	0.0	0.0	0.0	0.0	0.0	0.0	0.0
416	0.0	0.0	0.0	0.0	0.0	0.0	0.0
417	0.0	0.0	0.0	0.0	0.0	0.0	0.0
418	0.0	0.0	0.0	0.0	0.0	0.0	0.0
419	0.0	0.0	0.0	0.0	0.0	0.0	0.0
420	0.0	0.0	0.0	0.0	0.0	0.0	0.0
421	0.0	0.0	0.0	0.0	0.0	0.0	0.0
422	0.0	0.0	0.0	0.0	0.0	0.0	0.0
423	0.0	0.0	0.0	0.0	0.0	0.0	0.0
424	0.0	0.0	0.0	0.0	0.0	0.0	0.0
425	0.0	0.0	0.0	0.0	0.0	0.0	0.0
426	0.0	0.0	0.0	0.0	0.0	0.0	0.0
427	0.0	0.0	0.0	0.0	0.0	0.0	0.0
428	0.0	0.0	0.0	0.0	0.0	0.0	0.0
429	0.0	0.0	0.0	0.0	0.0	0.0	0.0
430	0.0	0.0	0.0	0.0	0.0	0.0	0.0
431	0.0	0.0	0.0	0.0	0.0	0.0	0.0
432	0.0	0.0	0.0	0.0	0.0	0.0	0.0
433	0.0	0.0	0.0	0.0	0.0	0.0	0.0
434	0.0	0.0	0.0	0.0	0.0	0.0	0.0
435	0.0	0.0	0.0	0.0	0.0	0.0	0.0
436	0.0	0.0	0.0	0.0	0.0	0.0	0.0
437	0.0	0.0	0.0	0.0	0.0	0.0	0.0
438	0.0	0.0	0.0	0.0	0.0	0.0	0.0
439	0.0	0.0	0.0	0.0	0.0	0.0	0.0
440	0.0	0.0	0.0	0.0	0.0	0.0	0.0
441	0.0	0.0	0.0	0.0	0.0	0.0	0.0
442	0.0	0.0	0.0	0.0	0.0	0.0	0.0
443	0.0	0.0	0.0	0.0	0.0	0.0	0.0
444	0.0	0.0	0.0	0.0	0.0	0.0	0.0
445	0.0	0.0	0.0	0.0	0.0	0.0	0.0
446	0.0	0.0	0.0	0.0	0.0	0.0	0.0
447	0.0	0.0	0.0	0.0	0.0	0.0	0.0
448	0.0	0.0	0.0	0.0	0.0	0.0	0.0
449	0.0	0.0	0.0	0.0	0.0	0.0	0.0
450	0.0	0.0	0.0	0.0	0.0	0.0	0.0
451	0.0	0.0	0.0	0.0	0.0	0.0	0.0
452	0.0	0.0	0.0	0.0	0.0	0.0	0.0
453	0.0	0.0	0.0	0.0	0.0	0.0	0.0
454	0.0	0.0	0.0	0.0	0.0	0.0	0.0
455	0.0	0.0	0.0	0.0	0.0	0.0	0.0
456	0.0	0.0	0.0	0.0	0.0	0.0	0.0
457	0.0	0.0	0.0	0.0	0.0	0.0	0.0
458	0.0	0.0	0.0	0.0	0.0	0.0	0.0
459	0.0	0.0	0.0	0.0	0.0	0.0	0.0
460	0.0	0.0	0.0	0.0	0.0	0.0	0.0
461	0.0	0.0	0.0	0.0	0.0	0.0	0.0
462	0.0	0.0	0.0	0.0	0.0	0.0	0.0
463	0.0	0.0	0.0	0.0	0.0	0.0	0.0
464	0.0	0.0	0.0	0.0	0.0	0.0	0.0
465	0.0	0.0	0.0	0.0	0.0	0.0	0.0
466	0.0	0.0	0.0	0.0	0.0	0.0	0.0
467	0.0	0.0	0.0	0.0	0.0	0.0	0.0
468	0.0	0.0	0.0	0.0	0.0	0.0	0.0
469	0.0	0.0	0.0	0.0	0.0	0.0	0.0
470	0.0	0.0	0.0	0.0	0.0	0.0	0.0
471	0.0	0.0	0.0	0.0	0.0	0.0	0.0
472	0.0	0.0	0.0	0.0	0.0	0.0	0.0
473	0.0	0.0	0.0	0.0	0.0	0.0	0.0
474	0.0	0.0	0.0	0.0	0.0	0.0	0.0
475	0.0	0.0	0.0	0.0	0.0	0.0	0.0
476	0.0	0.0	0.0	0.0	0.0	0.0	0.0
477	0.0	0.0	0.0	0.0	0.0	0.0	0.0
478	0.0	0.0	0.0	0.0	0.0	0.0	0.0
479	0.0	0.0	0.0	0.0	0.0	0.0	0.0
480	0.0	0.0	0.0	0.0	0.0	0.0	0.0
481	0.0	0.0	0.0	0.0	0.0	0.0	0.0
482	0.0	0.0	0.0	0.0	0.0	0.0	0.0
483	0.0	0.0	0.0	0.0	0.0	0.0	0.0
484	0.0	0.0	0.0	0.0	0.0	0.0	0.0
485	0.0	0.0	0.0	0.0	0.0	0.0	0.0
486	0.0	0.0	0.0	0.0	0.0	0.0	0.0
487	0.0	0.0	0.0	0.0	0.0	0.0	0.0
488	0.0	0.0	0.0	0.0	0.0	0.0	0.0
489	0.0	0.0	0.0	0.0	0.0	0.0	0.0
490	0.0	0.0	0.0	0.0	0.0	0.0	0.0
491	0.0	0.0	0.0	0.0	0.0	0.0	0.0
492	0.0	0.0	0.0	0.0	0.0	0.0	0.0
493	0.0	0.0	0.0	0.0	0.0	0.0	0.0
494	0.0	0.0	0.0	0.0	0.0	0.0	0.0
495	1.0	0.0	1.0	0.0	1.0	2.0	1.0
496	1.0	0.0	0.0	0.0	1.0	2.0	0.0
497	0.0	2.0	0.0	2.0	1.0	2.0	1.0
498	1.0	2.0	0.0	2.0	1.3330000000000002	4.667	1.0
499	1.0	0.0	1.0	0.0	1.0	2.0	1.0
500	1.0	0.0	1.0	0.0	0.3330000000000002	2.667	1.0
501	2.0	0.0	2.0	0.0	2.068	3.932	2.0
502	0.0	0.0	0.0	0.0	0.0	0.0	0.0
503	1.0	1.0	1.0	1.0	1.3330000000000002	4.667	2.0
504	0.0	1.0	0.0	1.0	1.0	2.0	1.0
505	0.0	5.0	0.0	4.0	2.0010000000000003	6.999	2.0
506	0.0	1.0	0.0	0.0	0.3330000000000002	2.667	0.0
507	0.0	1.0	0.0	0.0	1.0	2.0	0.0
508	0.0	0.0	0.0	0.0	0.0	0.0	0.0
509	3.0	0.0	2.0	0.0	0.9990000000000006	8.001	2.0
510	2.0	1.0	1.0	0.0	2.668	6.332	1.0
511	3.0	1.0	2.0	1.0	4.0	8.0	3.0
512	0.0	0.0	0.0	0.0	0.0	0.0	0.0
513	2.0	0.0	1.0	0.0	2.0	4.0	1.0
514	3.0	0.0	2.0	0.0	0.9990000000000006	8.001	2.0
515	1.0	1.0	1.0	0.0	2.0	4.0	1.0
516	2.0	0.0	1.0	0.0	2.0	4.0	1.0
517	1.0	1.0	0.0	1.0	0.6660000000000004	5.334	1.0
518	0.0	0.0	0.0	0.0	0.0	0.0	0.0
519	2.0	3.0	1.0	2.0	3.668	8.332	2.0
520	2.0	0.0	1.0	0.0	2.0	4.0	1.0
521	3.0	1.0	2.0	1.0	4.0	8.0	3.0
522	2.0	0.0	1.0	0.0	2.8	3.2	1.0
523	0.0	0.0	0.0	0.0	0.0	0.0	0.0
524	0.0	0.0	0.0	0.0	0.0	0.0	0.0
525	2.0	3.0	1.0	2.0	3.0040000000000004	8.995999999999999	2.0
526	2.0	0.0	2.0	0.0	2.0	4.0	2.0
527	1.0	0.0	1.0	0.0	0.3330000000000002	2.667	1.0
528	1.0	0.0	1.0	0.0	1.0	2.0	1.0
529	3.0	2.0	2.0	2.0	2.0010000000000003	6.999	2.0
530	0.0	4.0	0.0	3.0	3.0010000000000003	8.998999999999999	3.0
531	1.0	1.0	0.0	1.0	1.3330000000000002	4.667	1.0
532	1.0	0.0	1.0	0.0	1.0	2.0	1.0
533	2.0	2.0	1.0	2.0	3.668	8.332	3.0
534	1.0	3.0	0.0	2.0	4.0	8.0	2.0
535	1.0	2.0	1.0	1.0	3.4	5.6	2.0
536	2.0	1.0	1.0	0.0	3.0	6.0	1.0
537	0.0	5.0	0.0	2.0	4.001	10.998999999999999	2.0
538	1.0	2.0	1.0	2.0	2.0	4.0	2.0
539	1.0	3.0	1.0	3.0	1.6680000000000001	4.332	2.0
540	2.0	5.0	1.0	4.0	4.336	13.664000000000001	4.0
541	4.0	2.0	3.0	0.0	5.801	12.199	3.0
542	3.0	2.0	3.0	0.0	2.668	6.332	2.0
543	0.0	3.0	0.0	2.0	2.333	6.667	2.0
544	1.0	1.0	0.0	1.0	1.6680000000000001	4.332	1.0
545	3.0	3.0	2.0	2.0	3.733	8.267	3.0
546	3.0	0.0	3.0	0.0	1.6680000000000001	4.332	2.0
547	1.0	0.0	1.0	0.0	1.0	2.0	1.0
548	2.0	0.0	1.0	0.0	2.0	4.0	1.0
549	3.0	0.0	0.0	0.0	1.6680000000000001	4.332	0.0
550	1.0	0.0	0.0	0.0	1.0	2.0	0.0
551	2.0	1.0	2.0	1.0	3.0	6.0	3.0
552	2.0	2.0	1.0	2.0	2.0010000000000003	6.999	2.0
553	1.0	2.0	1.0	2.0	1.6680000000000001	4.332	2.0
554	2.0	4.0	1.0	4.0	3.6660000000000004	11.334	4.0
555	0.0	3.0	0.0	2.0	2.3360000000000003	6.664	2.0
556	1.0	2.0	0.0	2.0	1.3330000000000002	4.667	1.0
557	0.0	3.0	0.0	3.0	0.6660000000000004	5.334	2.0
558	1.0	0.0	1.0	0.0	1.0	2.0	1.0
559	2.0	2.0	1.0	2.0	3.0	6.0	2.0
560	3.0	0.0	1.0	0.0	3.0	6.0	1.0
561	1.0	0.0	1.0	0.0	1.0	2.0	1.0
562	0.0	0.0	0.0	0.0	0.0	0.0	0.0
563	0.0	2.0	0.0	2.0	0.3330000000000002	2.667	1.0
564	2.0	0.0	2.0	0.0	2.0	4.0	2.0
565	2.0	3.0	1.0	2.0	3.668	8.332	2.0
566	3.0	2.0	2.0	2.0	3.668	8.332	3.0
567	0.0	0.0	0.0	0.0	0.0	0.0	0.0
568	0.0	2.0	0.0	2.0	1.0010000000000003	4.999	2.0
569	2.0	2.0	1.0	2.0	2.333	6.667	2.0
570	2.0	0.0	1.0	0.0	2.0	4.0	1.0
571	1.0	4.0	1.0	3.0	2.6660000000000004	9.334	3.0
572	1.0	1.0	0.0	1.0	2.0	4.0	1.0
573	0.0	0.0	0.0	0.0	0.0	0.0	0.0
574	2.0	1.0	1.0	1.0	3.0	6.0	2.0
575	1.0	4.0	1.0	2.0	1.6660000000000004	7.334	2.0
576	1.0	1.0	1.0	1.0	0.6660000000000004	5.334	2.0
577	2.0	3.0	2.0	2.0	4.333	10.667	4.0
578	3.0	0.0	2.0	0.0	3.0	6.0	2.0
579	2.0	2.0	1.0	2.0	0.9990000000000006	8.001	2.0
580	3.0	0.0	2.0	0.0	3.8	5.2	2.0
581	0.0	4.0	0.0	2.0	1.9990000000000006	10.001	2.0
582	4.0	3.0	2.0	2.0	4.001	10.998999999999999	3.0
583	2.0	0.0	1.0	0.0	2.0	4.0	1.0
584	0.0	2.0	0.0	0.0	0.6660000000000004	5.334	0.0
585	2.0	2.0	2.0	1.0	3.333	8.667	3.0
586	2.0	0.0	0.0	0.0	0.6660000000000004	5.334	0.0
587	2.0	2.0	1.0	2.0	3.0	6.0	2.0
588	1.0	0.0	0.0	0.0	0.3330000000000002	2.667	0.0
589	3.0	2.0	2.0	1.0	4.0	8.0	2.0
590	3.0	2.0	2.0	1.0	4.0	8.0	2.0
591	1.0	0.0	1.0	0.0	1.4	1.6	1.0
592	1.0	1.0	1.0	1.0	0.6660000000000004	5.334	2.0
593	2.0	2.0	1.0	1.0	4.0	8.0	2.0
594	1.0	3.0	1.0	3.0	0.9990000000000006	8.001	3.0
595	2.0	3.0	1.0	2.0	4.4	7.6	2.0
596	3.0	1.0	1.0	0.0	4.0	8.0	1.0
597	2.0	2.0	2.0	2.0	2.333	6.667	3.0
598	2.0	1.0	2.0	0.0	2.3360000000000003	6.664	2.0
599	1.0	0.0	1.0	0.0	1.0	2.0	1.0
600	0.0	5.0	0.0	4.0	1.3320000000000007	10.668	3.0
601	1.0	0.0	0.0	0.0	1.0	2.0	0.0
602	2.0	0.0	1.0	0.0	2.4	3.6	1.0
603	0.0	0.0	0.0	0.0	0.0	0.0	0.0
604	2.0	1.0	1.0	1.0	0.6660000000000004	5.334	1.0
605	3.0	1.0	3.0	1.0	2.0	7.0	3.0
606	2.0	0.0	1.0	0.0	2.4	3.6	1.0
607	3.0	2.0	3.0	1.0	1.9990000000000006	10.001	3.0
608	2.0	0.0	1.0	0.0	2.0	4.0	1.0
609	2.0	0.0	1.0	0.0	1.3360000000000003	4.664	1.0
610	0.0	3.0	0.0	2.0	1.6680000000000001	7.332	2.0
611	2.0	0.0	1.0	0.0	2.0	4.0	1.0
612	1.0	0.0	1.0	0.0	0.3330000000000002	2.667	1.0
613	1.0	0.0	0.0	0.0	0.3330000000000002	2.667	0.0
614	1.0	1.0	1.0	1.0	1.6680000000000001	4.332	2.0
615	1.0	3.0	1.0	2.0	2.6660000000000004	9.334	3.0
616	2.0	0.0	1.0	0.0	2.0	4.0	1.0
617	0.0	0.0	0.0	0.0	0.0	0.0	0.0
618	0.0	0.0	0.0	0.0	0.0	0.0	0.0
619	0.0	1.0	0.0	1.0	0.3330000000000002	2.667	1.0
620	1.0	1.0	1.0	1.0	0.6660000000000004	5.334	2.0
621	3.0	0.0	2.0	0.0	2.0040000000000004	6.9959999999999996	2.0
622	0.0	0.0	0.0	0.0	0.0	0.0	0.0
623	1.0	1.0	0.0	0.0	1.0010000000000003	4.999	0.0
624	0.0	1.0	0.0	1.0	0.3330000000000002	2.667	1.0
625	0.0	0.0	0.0	0.0	0.0	0.0	0.0
626	1.0	3.0	1.0	1.0	3.3360000000000003	8.664	2.0
627	1.0	0.0	1.0	0.0	0.3330000000000002	2.667	1.0
628	3.0	2.0	2.0	1.0	5.0	10.0	3.0
629	0.0	2.0	0.0	1.0	0.6660000000000004	5.334	1.0
630	1.0	3.0	1.0	2.0	1.3320000000000007	10.668	3.0
631	2.0	0.0	1.0	0.0	2.0	4.0	1.0
632	1.0	0.0	0.0	0.0	0.3330000000000002	2.667	0.0
633	1.0	2.0	1.0	1.0	1.3340000000000005	7.6659999999999995	2.0
634	2.0	0.0	1.0	0.0	2.0	4.0	1.0
635	2.0	2.0	1.0	2.0	3.068	5.932	2.0
636	1.0	0.0	1.0	0.0	1.0	2.0	1.0
637	0.0	4.0	0.0	4.0	1.3340000000000005	7.6659999999999995	3.0
638	2.0	0.0	1.0	0.0	2.0	4.0	1.0
639	3.0	0.0	2.0	0.0	3.068	5.932	2.0
640	0.0	3.0	0.0	2.0	3.0	6.0	2.0
641	1.0	2.0	1.0	0.0	1.6660000000000004	7.334	1.0
642	1.0	1.0	1.0	1.0	1.0	2.0	1.0
643	4.0	1.0	1.0	1.0	4.001	10.998999999999999	2.0
644	0.0	2.0	0.0	2.0	0.3330000000000002	2.667	1.0
645	3.0	0.0	3.0	0.0	2.668	6.332	3.0
646	3.0	1.0	2.0	1.0	3.0	6.0	2.0
647	2.0	0.0	1.0	0.0	1.6680000000000001	4.332	1.0
648	0.0	1.0	0.0	1.0	0.3330000000000002	2.667	1.0
649	2.0	0.0	1.0	0.0	2.0	4.0	1.0
650	3.0	0.0	2.0	0.0	0.9990000000000006	8.001	2.0
651	3.0	0.0	2.0	0.0	3.4	5.6	2.0
652	1.0	1.0	1.0	1.0	1.0	2.0	1.0
653	1.0	2.0	1.0	2.0	1.6660000000000004	7.334	3.0
654	2.0	0.0	2.0	0.0	1.3360000000000003	4.664	2.0
655	2.0	0.0	1.0	0.0	2.0	4.0	1.0
656	2.0	0.0	2.0	0.0	2.0	4.0	2.0
657	2.0	2.0	1.0	2.0	2.333	6.667	2.0
658	4.0	0.0	3.0	0.0	2.668	6.332	2.0
659	1.0	1.0	1.0	1.0	2.0	4.0	2.0
660	2.0	0.0	2.0	0.0	2.0	4.0	2.0
661	3.0	0.0	2.0	0.0	3.0	6.0	2.0
662	1.0	3.0	1.0	2.0	2.3360000000000003	6.664	2.0
663	2.0	1.0	2.0	1.0	1.4	4.6	2.0
664	1.0	0.0	0.0	0.0	1.0	2.0	0.0
665	3.0	3.0	2.0	1.0	5.668	12.332	3.0
666	2.0	0.0	1.0	0.0	0.6660000000000004	5.334	1.0
667	1.0	0.0	1.0	0.0	0.3330000000000002	2.667	1.0
668	3.0	1.0	3.0	1.0	2.333	6.667	3.0
669	1.0	0.0	1.0	0.0	0.3330000000000002	2.667	1.0
670	2.0	0.0	2.0	0.0	0.6660000000000004	5.334	2.0
671	1.0	1.0	1.0	1.0	0.6660000000000004	5.334	2.0
672	0.0	1.0	0.0	0.0	0.3330000000000002	2.667	0.0
673	1.0	0.0	1.0	0.0	1.0	2.0	1.0
674	0.0	0.0	0.0	0.0	0.0	0.0	0.0
675	3.0	2.0	2.0	2.0	2.3340000000000005	9.666	3.0
676	2.0	1.0	1.0	0.0	2.0	4.0	1.0
677	2.0	1.0	1.0	1.0	1.6680000000000001	4.332	1.0
678	2.0	0.0	2.0	0.0	1.6680000000000001	4.332	2.0
679	1.0	0.0	1.0	0.0	1.0	2.0	1.0
680	1.0	2.0	1.0	1.0	1.6690000000000005	7.3309999999999995	2.0
681	2.0	0.0	0.0	0.0	0.6660000000000004	5.334	0.0
682	2.0	0.0	1.0	0.0	2.4	3.6	1.0
683	1.0	0.0	1.0	0.0	0.3330000000000002	2.667	1.0
684	5.0	0.0	3.0	0.0	3.668	8.332	3.0
685	3.0	0.0	1.0	0.0	3.0	6.0	1.0
686	3.0	0.0	3.0	0.0	3.0	6.0	3.0
687	1.0	0.0	1.0	0.0	1.0	2.0	1.0
688	1.0	0.0	0.0	0.0	0.3330000000000002	2.667	0.0
689	3.0	0.0	3.0	0.0	3.0	6.0	3.0
690	1.0	0.0	0.0	0.0	0.3330000000000002	2.667	0.0
691	0.0	0.0	0.0	0.0	0.0	0.0	0.0
692	1.0	0.0	1.0	0.0	0.6680000000000001	2.332	1.0
693	1.0	0.0	1.0	0.0	0.3330000000000002	2.667	1.0
694	5.0	0.0	4.0	0.0	3.668	8.332	3.0
695	2.0	0.0	1.0	0.0	2.0	4.0	1.0
696	2.0	0.0	1.0	0.0	1.3360000000000003	4.664	1.0
697	2.0	0.0	2.0	0.0	2.0	4.0	2.0
698	0.0	0.0	0.0	0.0	0.0	0.0	0.0
699	2.0	0.0	1.0	0.0	0.6660000000000004	5.334	1.0
700	2.0	0.0	2.0	0.0	0.6660000000000004	5.334	2.0
701	3.0	1.0	3.0	1.0	1.3330000000000002	4.667	2.0
702	1.0	2.0	1.0	1.0	0.9990000000000006	8.001	2.0
703	3.0	0.0	1.0	0.0	3.0	6.0	1.0
704	2.0	0.0	2.0	0.0	0.6660000000000004	5.334	2.0
705	3.0	0.0	2.0	0.0	3.068	5.932	2.0
706	2.0	0.0	1.0	0.0	0.6660000000000004	5.334	1.0
707	3.0	1.0	2.0	1.0	4.0	8.0	3.0
708	3.0	0.0	3.0	0.0	3.0	6.0	3.0
709	3.0	0.0	1.0	0.0	3.0	6.0	1.0
710	3.0	0.0	2.0	0.0	3.0	6.0	2.0
711	2.0	0.0	2.0	0.0	2.068	3.932	2.0
712	2.0	0.0	1.0	0.0	2.0	4.0	1.0
713	1.0	0.0	0.0	0.0	0.3330000000000002	2.667	0.0
714	2.0	0.0	2.0	0.0	2.0	4.0	2.0
715	1.0	0.0	0.0	0.0	0.3330000000000002	2.667	0.0
716	2.0	2.0	1.0	2.0	3.4	5.6	2.0
717	2.0	0.0	1.0	0.0	0.6660000000000004	5.334	1.0
718	1.0	1.0	0.0	1.0	1.3330000000000002	4.667	1.0
719	3.0	0.0	2.0	0.0	3.0	6.0	2.0
720	2.0	0.0	1.0	0.0	0.6660000000000004	5.334	1.0
721	2.0	0.0	1.0	0.0	0.6660000000000004	5.334	1.0
722	1.0	0.0	0.0	0.0	0.3330000000000002	2.667	0.0
723	2.0	0.0	1.0	0.0	0.6660000000000004	5.334	1.0
724	1.0	5.0	1.0	4.0	4.337000000000001	13.663	5.0
725	1.0	0.0	1.0	0.0	1.0	2.0	1.0
726	2.0	1.0	1.0	0.0	0.9990000000000006	8.001	1.0
727	2.0	2.0	1.0	1.0	1.3330000000000002	4.667	1.0
728	3.0	0.0	2.0	0.0	3.0	6.0	2.0
729	2.0	1.0	1.0	1.0	3.0	6.0	2.0
730	3.0	2.0	1.0	2.0	5.0	10.0	3.0
731	3.0	0.0	2.0	0.0	2.0040000000000004	6.9959999999999996	2.0
732	3.0	0.0	2.0	0.0	1.6680000000000001	4.332	1.0
733	3.0	2.0	2.0	2.0	3.0	6.0	2.0
734	1.0	3.0	1.0	3.0	0.9990000000000006	8.001	3.0
735	2.0	1.0	2.0	1.0	1.6680000000000001	4.332	2.0
736	5.0	0.0	1.0	0.0	3.668	8.332	1.0
737	2.0	0.0	1.0	0.0	2.0	4.0	1.0
738	2.0	1.0	0.0	1.0	3.0	6.0	1.0
739	2.0	2.0	1.0	2.0	1.6660000000000004	7.334	2.0
740	3.0	3.0	2.0	2.0	3.4010000000000002	11.599	3.0
741	1.0	0.0	0.0	0.0	1.0	2.0	0.0
742	3.0	1.0	1.0	1.0	3.0	6.0	1.0
743	3.0	0.0	1.0	0.0	0.9990000000000006	8.001	1.0
744	2.0	1.0	1.0	1.0	2.333	6.667	2.0
745	0.0	1.0	0.0	1.0	1.0	2.0	1.0
746	2.0	0.0	1.0	0.0	2.0	4.0	1.0
747	1.0	0.0	1.0	0.0	1.0	2.0	1.0
748	1.0	1.0	1.0	1.0	1.6680000000000001	4.332	2.0
749	2.0	1.0	1.0	1.0	1.6680000000000001	4.332	1.0
750	2.0	1.0	2.0	1.0	2.3360000000000003	6.664	3.0
751	1.0	0.0	1.0	0.0	1.0	2.0	1.0
752	1.0	0.0	0.0	0.0	0.3330000000000002	2.667	0.0
753	2.0	1.0	1.0	1.0	1.6680000000000001	4.332	1.0
754	1.0	0.0	1.0	0.0	1.0	2.0	1.0
755	2.0	0.0	2.0	0.0	2.0	4.0	2.0
756	3.0	0.0	1.0	0.0	0.9990000000000006	8.001	1.0
757	2.0	0.0	1.0	0.0	2.0	4.0	1.0
758	1.0	1.0	1.0	1.0	0.6680000000000001	2.332	1.0
759	3.0	0.0	2.0	0.0	3.4	5.6	2.0
760	1.0	0.0	0.0	0.0	0.3330000000000002	2.667	0.0
761	2.0	0.0	1.0	0.0	2.0	4.0	1.0
762	1.0	1.0	1.0	1.0	0.6680000000000001	2.332	1.0
763	2.0	2.0	2.0	1.0	3.8	8.2	3.0
764	3.0	0.0	2.0	0.0	0.9990000000000006	8.001	2.0
765	2.0	3.0	1.0	3.0	3.736	11.264	4.0
766	2.0	0.0	2.0	0.0	1.6680000000000001	4.332	2.0
767	1.0	0.0	1.0	0.0	1.0	2.0	1.0
768	3.0	0.0	2.0	0.0	0.9990000000000006	8.001	2.0
769	4.0	0.0	3.0	0.0	4.0	8.0	3.0
770	0.0	0.0	0.0	0.0	0.0	0.0	0.0
771	4.0	0.0	2.0	0.0	4.0	8.0	2.0
772	0.0	0.0	0.0	0.0	0.0	0.0	0.0
773	2.0	0.0	1.0	0.0	0.6660000000000004	5.334	1.0
774	2.0	0.0	1.0	0.0	0.6660000000000004	5.334	1.0
775	1.0	3.0	1.0	2.0	2.3360000000000003	9.664	3.0
776	0.0	0.0	0.0	0.0	0.0	0.0	0.0
777	2.0	0.0	1.0	0.0	0.6660000000000004	5.334	1.0
778	3.0	1.0	3.0	1.0	1.3320000000000007	10.668	4.0
779	1.0	0.0	0.0	0.0	0.3330000000000002	2.667	0.0
780	3.0	0.0	3.0	0.0	3.0	6.0	3.0
781	6.0	0.0	5.0	0.0	5.668	12.332	5.0
782	2.0	1.0	2.0	1.0	3.0	6.0	3.0
783	0.0	0.0	0.0	0.0	0.0	0.0	0.0
784	4.0	0.0	2.0	0.0	3.736	8.264	2.0
785	1.0	0.0	1.0	0.0	0.3330000000000002	2.667	1.0
786	2.0	0.0	1.0	0.0	0.6660000000000004	5.334	1.0
787	3.0	0.0	2.0	0.0	3.0	6.0	2.0
788	0.0	0.0	0.0	0.0	0.0	0.0	0.0
789	4.0	0.0	2.0	0.0	4.0	8.0	2.0
790	2.0	0.0	1.0	0.0	2.0	4.0	1.0
791	4.0	0.0	4.0	0.0	3.668	8.332	4.0
792	1.0	1.0	1.0	1.0	1.0010000000000003	4.999	2.0
793	3.0	0.0	2.0	0.0	3.068	5.932	2.0
794	1.0	0.0	1.0	0.0	0.6680000000000001	2.332	1.0
795	3.0	0.0	3.0	0.0	3.0	6.0	3.0
796	2.0	0.0	2.0	0.0	2.0	4.0	2.0
797	3.0	0.0	1.0	0.0	2.4	3.6	1.0
798	2.0	0.0	1.0	0.0	0.6660000000000004	5.334	1.0
799	2.0	0.0	1.0	0.0	0.6660000000000004	5.334	1.0
800	0.0	0.0	0.0	0.0	0.0	0.0	0.0
801	1.0	0.0	0.0	0.0	1.0	2.0	0.0
802	3.0	1.0	2.0	1.0	3.333	8.667	3.0
803	3.0	0.0	1.0	0.0	3.0	6.0	1.0
804	4.0	1.0	2.0	1.0	4.0	8.0	2.0
805	2.0	0.0	0.0	0.0	2.0	4.0	0.0
806	1.0	1.0	1.0	0.0	1.0010000000000003	4.999	1.0
807	3.0	4.0	1.0	3.0	3.668	8.332	2.0
808	0.0	1.0	0.0	0.0	1.0	2.0	0.0
809	2.0	0.0	1.0	0.0	0.6660000000000004	5.334	1.0
810	1.0	0.0	0.0	0.0	1.0	2.0	0.0
811	2.0	1.0	0.0	0.0	3.0	6.0	0.0
812	3.0	1.0	2.0	1.0	3.0040000000000004	8.995999999999999	3.0
813	3.0	0.0	1.0	0.0	2.0040000000000004	6.9959999999999996	1.0
814	2.0	0.0	2.0	0.0	2.0	4.0	2.0
815	3.0	0.0	1.0	0.0	3.0	6.0	1.0
816	3.0	0.0	2.0	0.0	3.8	5.2	2.0
817	3.0	2.0	2.0	1.0	3.0	6.0	2.0
818	1.0	2.0	1.0	1.0	3.0	6.0	2.0
819	2.0	2.0	2.0	2.0	2.0	4.0	2.0
820	3.0	0.0	1.0	0.0	0.9990000000000006	8.001	1.0
821	3.0	2.0	2.0	2.0	1.665000000000001	13.334999999999999	4.0
822	2.0	0.0	1.0	0.0	0.6660000000000004	5.334	1.0
823	3.0	0.0	2.0	0.0	2.668	6.332	2.0
824	2.0	0.0	1.0	0.0	0.6660000000000004	5.334	1.0
825	1.0	0.0	0.0	0.0	0.3330000000000002	2.667	0.0
826	0.0	0.0	0.0	0.0	0.0	0.0	0.0
827	1.0	0.0	0.0	0.0	0.3330000000000002	2.667	0.0
828	1.0	0.0	1.0	0.0	0.3330000000000002	2.667	1.0
829	2.0	0.0	1.0	0.0	1.3360000000000003	4.664	1.0
830	2.0	0.0	2.0	0.0	2.0	4.0	2.0
831	2.0	0.0	1.0	0.0	2.0	4.0	1.0
832	1.0	1.0	1.0	1.0	1.3360000000000003	4.664	2.0
833	4.0	0.0	4.0	0.0	2.668	6.332	3.0
834	1.0	0.0	1.0	0.0	0.3330000000000002	2.667	1.0
835	2.0	0.0	2.0	0.0	2.0	4.0	2.0
836	1.0	1.0	1.0	0.0	0.6660000000000004	5.334	1.0
837	1.0	0.0	1.0	0.0	0.3330000000000002	2.667	1.0
838	2.0	0.0	1.0	0.0	2.0	4.0	1.0
839	3.0	0.0	2.0	0.0	3.0	6.0	2.0
840	1.0	1.0	1.0	1.0	0.6660000000000004	5.334	2.0
841	2.0	0.0	2.0	0.0	2.0	4.0	2.0
842	1.0	0.0	0.0	0.0	1.0	2.0	0.0
843	0.0	3.0	0.0	1.0	2.3360000000000003	6.664	1.0
844	4.0	0.0	4.0	0.0	2.3360000000000003	6.664	3.0
845	2.0	0.0	2.0	0.0	1.6680000000000001	4.332	2.0
846	1.0	0.0	1.0	0.0	0.3330000000000002	2.667	1.0
847	1.0	0.0	1.0	0.0	0.3330000000000002	2.667	1.0
848	1.0	1.0	1.0	1.0	1.6680000000000001	4.332	2.0
849	3.0	0.0	2.0	0.0	3.0	6.0	2.0
850	2.0	0.0	1.0	0.0	0.6660000000000004	5.334	1.0
851	0.0	3.0	0.0	2.0	1.6660000000000004	7.334	2.0
852	5.0	2.0	3.0	2.0	5.2010000000000005	9.799	3.0
853	2.0	0.0	2.0	0.0	0.6660000000000004	5.334	2.0
854	4.0	0.0	3.0	0.0	4.0	8.0	3.0
855	3.0	0.0	2.0	0.0	0.9990000000000006	8.001	2.0
856	2.0	0.0	1.0	0.0	2.0	4.0	1.0
857	3.0	1.0	1.0	1.0	3.736	8.264	2.0
858	2.0	1.0	1.0	1.0	0.9990000000000006	8.001	2.0
859	2.0	1.0	2.0	1.0	0.9990000000000006	8.001	3.0
860	2.0	1.0	1.0	1.0	0.9990000000000006	8.001	2.0
861	2.0	0.0	0.0	0.0	0.6660000000000004	5.334	0.0
862	1.0	0.0	0.0	0.0	0.3330000000000002	2.667	0.0
863	0.0	1.0	0.0	1.0	0.3330000000000002	2.667	1.0
864	4.0	1.0	3.0	1.0	4.668	10.332	4.0
865	1.0	0.0	1.0	0.0	0.3330000000000002	2.667	1.0
866	1.0	0.0	1.0	0.0	1.0	2.0	1.0
867	1.0	0.0	1.0	0.0	1.0	2.0	1.0
868	2.0	0.0	1.0	0.0	2.0	4.0	1.0
869	2.0	0.0	2.0	0.0	1.6680000000000001	4.332	2.0
870	1.0	1.0	0.0	1.0	0.6660000000000004	5.334	1.0
871	0.0	1.0	0.0	1.0	1.4	1.6	1.0
872	2.0	0.0	2.0	0.0	2.0	4.0	2.0
873	1.0	0.0	1.0	0.0	0.3330000000000002	2.667	1.0
874	3.0	0.0	2.0	0.0	2.668	6.332	2.0
875	4.0	0.0	1.0	0.0	5.199999999999999	6.800000000000001	1.0
876	5.0	0.0	3.0	0.0	2.3360000000000003	6.664	2.0
877	2.0	0.0	0.0	0.0	0.6660000000000004	5.334	0.0
878	1.0	0.0	1.0	0.0	0.3330000000000002	2.667	1.0
879	4.0	1.0	2.0	1.0	2.333	6.667	1.0
880	3.0	0.0	2.0	0.0	3.0	6.0	2.0
881	2.0	0.0	2.0	0.0	0.6660000000000004	5.334	2.0
882	3.0	1.0	2.0	1.0	3.4	5.6	2.0
883	3.0	0.0	3.0	0.0	3.8	5.2	3.0
884	4.0	0.0	2.0	0.0	4.0	8.0	2.0
885	3.0	2.0	2.0	2.0	4.0	8.0	3.0
886	1.0	0.0	1.0	0.0	1.0	2.0	1.0
887	3.0	2.0	2.0	2.0	2.333	6.667	2.0
888	1.0	6.0	0.0	3.0	2.3320000000000007	12.668	2.0
889	4.0	1.0	3.0	0.0	2.3340000000000005	9.666	3.0
890	2.0	3.0	1.0	2.0	3.3340000000000005	11.666	3.0
891	1.0	3.0	1.0	2.0	2.333	6.667	2.0
892	2.0	2.0	1.0	1.0	2.0	4.0	1.0
893	3.0	3.0	2.0	2.0	4.0	8.0	3.0
894	3.0	3.0	1.0	3.0	4.0	11.0	3.0
895	1.0	1.0	1.0	1.0	1.0	2.0	1.0
896	1.0	1.0	1.0	1.0	1.0	2.0	1.0
897	0.0	1.0	0.0	1.0	1.0	2.0	1.0
898	0.0	2.0	0.0	2.0	1.0	5.0	2.0
899	2.0	5.0	1.0	3.0	3.7340000000000004	11.266	3.0
900	3.0	1.0	2.0	1.0	3.0	6.0	2.0
901	1.0	2.0	0.0	1.0	3.0	6.0	1.0
902	2.0	1.0	1.0	0.0	2.0	4.0	1.0
903	3.0	0.0	1.0	0.0	3.0	6.0	1.0
904	3.0	1.0	2.0	0.0	4.0	8.0	2.0
905	1.0	1.0	0.0	1.0	1.3330000000000002	4.667	1.0
906	2.0	6.0	1.0	3.0	5.666	15.334	4.0
907	3.0	1.0	2.0	0.0	4.0	8.0	2.0
908	1.0	3.0	1.0	3.0	2.6660000000000004	9.334	4.0
909	2.0	4.0	2.0	4.0	4.668	10.332	5.0
910	3.0	3.0	1.0	2.0	6.0	12.0	3.0
911	3.0	0.0	3.0	0.0	3.0	6.0	3.0
912	2.0	0.0	2.0	0.0	0.6660000000000004	5.334	2.0
913	3.0	0.0	2.0	0.0	3.8	5.2	2.0
914	1.0	0.0	1.0	0.0	0.3330000000000002	2.667	1.0
915	1.0	1.0	0.0	1.0	0.6660000000000004	5.334	1.0
916	2.0	0.0	1.0	0.0	2.0	4.0	1.0
917	2.0	1.0	1.0	1.0	3.0	6.0	2.0
918	1.0	3.0	0.0	2.0	2.6690000000000005	9.331	2.0
919	2.0	0.0	1.0	0.0	2.0	4.0	1.0
920	1.0	2.0	0.0	2.0	0.9990000000000006	8.001	2.0
921	4.0	0.0	2.0	0.0	3.068	5.932	1.0
922	3.0	0.0	2.0	0.0	1.6680000000000001	4.332	1.0
923	2.0	0.0	2.0	0.0	1.6680000000000001	4.332	2.0
924	1.0	0.0	1.0	0.0	0.3330000000000002	2.667	1.0
925	3.0	1.0	2.0	1.0	4.0	8.0	3.0
926	3.0	0.0	2.0	0.0	3.0	6.0	2.0
927	2.0	0.0	1.0	0.0	2.0	4.0	1.0
928	4.0	0.0	3.0	0.0	4.136	7.864	3.0
929	2.0	0.0	2.0	0.0	2.0	4.0	2.0
930	2.0	0.0	1.0	0.0	0.6660000000000004	5.334	1.0
931	0.0	0.0	0.0	0.0	0.0	0.0	0.0
932	0.0	0.0	0.0	0.0	0.0	0.0	0.0
933	1.0	0.0	1.0	0.0	0.3330000000000002	2.667	1.0
934	2.0	0.0	2.0	0.0	0.6660000000000004	5.334	2.0
935	0.0	0.0	0.0	0.0	0.0	0.0	0.0
936	2.0	0.0	1.0	0.0	0.6660000000000004	5.334	1.0
937	3.0	0.0	3.0	0.0	1.6680000000000001	4.332	2.0
938	2.0	0.0	1.0	0.0	0.6660000000000004	5.334	1.0
939	1.0	2.0	0.0	2.0	1.6660000000000004	7.334	2.0
940	1.0	1.0	1.0	1.0	1.0	2.0	1.0
941	0.0	1.0	0.0	1.0	0.6680000000000001	2.332	1.0
942	1.0	0.0	0.0	0.0	1.0	2.0	0.0
943	2.0	0.0	1.0	0.0	2.4	3.6	1.0
944	2.0	1.0	1.0	1.0	2.668	6.332	2.0
945	0.0	0.0	0.0	0.0	0.0	0.0	0.0
946	2.0	0.0	1.0	0.0	0.6660000000000004	5.334	1.0
947	0.0	0.0	0.0	0.0	0.0	0.0	0.0
948	4.0	0.0	2.0	0.0	4.8	7.2	2.0
949	3.0	0.0	2.0	0.0	3.0	6.0	2.0
950	4.0	0.0	2.0	0.0	4.0	8.0	2.0
951	1.0	1.0	1.0	1.0	0.6660000000000004	5.334	2.0
952	1.0	0.0	1.0	0.0	1.0	2.0	1.0
953	0.0	1.0	0.0	1.0	0.3330000000000002	2.667	1.0
954	2.0	0.0	1.0	0.0	2.0	4.0	1.0
955	0.0	0.0	0.0	0.0	0.0	0.0	0.0
956	2.0	0.0	1.0	0.0	2.0	4.0	1.0
957	2.0	0.0	2.0	0.0	2.068	3.932	2.0
958	2.0	0.0	1.0	0.0	0.6660000000000004	5.334	1.0
959	2.0	1.0	1.0	1.0	0.9990000000000006	8.001	2.0
960	2.0	0.0	1.0	0.0	0.6660000000000004	5.334	1.0
961	3.0	1.0	2.0	1.0	2.333	6.667	2.0
962	2.0	2.0	1.0	2.0	1.3330000000000002	4.667	1.0
963	1.0	1.0	1.0	1.0	0.6660000000000004	5.334	2.0
964	1.0	1.0	0.0	1.0	0.6660000000000004	5.334	1.0
965	2.0	0.0	2.0	0.0	0.6660000000000004	5.334	2.0
966	2.0	2.0	2.0	1.0	1.3320000000000007	10.668	3.0
967	2.0	2.0	1.0	1.0	1.6680000000000001	7.332	1.0
968	3.0	0.0	1.0	0.0	3.0	6.0	1.0
969	1.0	3.0	0.0	2.0	2.0010000000000003	6.999	2.0
970	1.0	2.0	0.0	2.0	0.6660000000000004	5.334	1.0
971	4.0	0.0	3.0	0.0	3.736	8.264	3.0
972	2.0	1.0	1.0	1.0	3.0	6.0	2.0
973	0.0	0.0	0.0	0.0	0.0	0.0	0.0
974	0.0	0.0	0.0	0.0	0.0	0.0	0.0
975	2.0	1.0	1.0	1.0	2.333	6.667	2.0
976	1.0	0.0	1.0	0.0	0.3330000000000002	2.667	1.0
977	1.0	0.0	1.0	0.0	1.0	2.0	1.0
978	2.0	0.0	1.0	0.0	0.6660000000000004	5.334	1.0
979	2.0	0.0	1.0	0.0	2.0	4.0	1.0
980	2.0	0.0	0.0	0.0	2.4	3.6	0.0
981	3.0	0.0	1.0	0.0	0.9990000000000006	8.001	1.0
982	4.0	0.0	3.0	0.0	4.8	7.2	3.0
983	3.0	0.0	2.0	0.0	3.0	6.0	2.0
984	1.0	0.0	1.0	0.0	0.3330000000000002	2.667	1.0
985	1.0	0.0	1.0	0.0	0.6680000000000001	2.332	1.0
986	2.0	1.0	2.0	1.0	0.9990000000000006	8.001	3.0
987	1.0	1.0	1.0	1.0	0.6660000000000004	5.334	2.0
988	2.0	0.0	1.0	0.0	2.0	4.0	1.0
989	1.0	0.0	0.0	0.0	0.3330000000000002	2.667	0.0
990	3.0	1.0	1.0	1.0	3.468	8.532	2.0
991	3.0	2.0	1.0	1.0	3.333	8.667	1.0
992	0.0	1.0	0.0	1.0	0.3330000000000002	2.667	1.0
993	0.0	3.0	0.0	3.0	3.0	6.0	3.0
994	1.0	1.0	0.0	1.0	0.6660000000000004	5.334	1.0
995	1.0	3.0	0.0	2.0	2.6690000000000005	9.331	2.0
996	0.0	2.0	0.0	1.0	1.0010000000000003	4.999	1.0
997	3.0	1.0	2.0	0.0	3.3360000000000003	8.664	2.0
998	2.0	0.0	1.0	0.0	2.0	4.0	1.0
999	1.0	1.0	1.0	1.0	1.3330000000000002	4.667	2.0
1000	1.0	2.0	1.0	1.0	2.0	4.0	1.0
1001	3.0	4.0	1.0	3.0	4.666	13.334	3.0
1002	3.0	0.0	2.0	0.0	2.668	6.332	2.0
1003	2.0	2.0	0.0	2.0	0.9990000000000006	8.001	1.0
1004	2.0	0.0	1.0	0.0	0.6660000000000004	5.334	1.0
1005	3.0	0.0	3.0	0.0	3.0	6.0	3.0
1006	3.0	0.0	3.0	0.0	3.0	6.0	3.0
1007	2.0	1.0	1.0	1.0	1.3330000000000002	4.667	1.0
1008	1.0	0.0	0.0	0.0	0.3330000000000002	2.667	0.0
1009	2.0	0.0	0.0	0.0	2.068	3.932	0.0
1010	1.0	3.0	0.0	2.0	1.3320000000000007	10.668	2.0
1011	3.0	0.0	2.0	0.0	3.0	6.0	2.0
1012	2.0	0.0	2.0	0.0	2.0	4.0	2.0
1013	2.0	0.0	1.0	0.0	0.6660000000000004	5.334	1.0
1014	4.0	3.0	2.0	2.0	6.0	12.0	3.0
1015	2.0	0.0	0.0	0.0	2.0	4.0	0.0
1016	2.0	0.0	2.0	0.0	2.0	4.0	2.0
1017	2.0	1.0	0.0	1.0	3.0	6.0	1.0
1018	1.0	0.0	0.0	0.0	0.3330000000000002	2.667	0.0
1019	1.0	0.0	0.0	0.0	0.3330000000000002	2.667	0.0
1020	2.0	0.0	2.0	0.0	0.6660000000000004	5.334	2.0
1021	0.0	1.0	0.0	1.0	0.3330000000000002	2.667	1.0
1022	1.0	0.0	1.0	0.0	0.3330000000000002	2.667	1.0
1023	3.0	0.0	2.0	0.0	3.0	6.0	2.0
1024	3.0	0.0	2.0	0.0	2.668	6.332	2.0
1025	2.0	2.0	1.0	2.0	3.333	8.667	3.0
1026	1.0	0.0	1.0	0.0	1.0	2.0	1.0
1027	2.0	0.0	1.0	0.0	1.3360000000000003	4.664	1.0
1028	4.0	0.0	3.0	0.0	4.468	7.532	3.0
1029	2.0	1.0	1.0	1.0	1.6680000000000001	4.332	1.0
1030	2.0	0.0	1.0	0.0	2.0	4.0	1.0
1031	2.0	0.0	1.0	0.0	0.6660000000000004	5.334	1.0
1032	3.0	2.0	3.0	1.0	4.0	8.0	3.0
1033	2.0	0.0	2.0	0.0	2.0	4.0	2.0
1034	2.0	0.0	0.0	0.0	2.0	4.0	0.0
1035	1.0	1.0	1.0	1.0	1.0	2.0	1.0
1036	1.0	0.0	1.0	0.0	0.3330000000000002	2.667	1.0
1037	1.0	3.0	1.0	3.0	1.3340000000000005	7.6659999999999995	3.0
1038	0.0	0.0	0.0	0.0	0.0	0.0	0.0
1039	1.0	0.0	0.0	0.0	0.3330000000000002	2.667	0.0
1040	3.0	1.0	2.0	1.0	3.0	6.0	2.0
1041	3.0	1.0	2.0	1.0	1.6660000000000004	7.334	2.0
1042	2.0	2.0	1.0	1.0	1.3320000000000007	10.668	2.0
1043	3.0	0.0	2.0	0.0	0.9990000000000006	8.001	2.0
1044	2.0	0.0	1.0	0.0	0.6660000000000004	5.334	1.0
1045	2.0	3.0	1.0	2.0	2.333	6.667	1.0
1046	1.0	0.0	1.0	0.0	0.3330000000000002	2.667	1.0
1047	1.0	0.0	0.0	0.0	0.3330000000000002	2.667	0.0
1048	1.0	1.0	1.0	1.0	1.0010000000000003	4.999	2.0
1049	3.0	0.0	2.0	0.0	3.0	6.0	2.0
1050	3.0	0.0	2.0	0.0	0.9990000000000006	8.001	2.0
1051	2.0	0.0	1.0	0.0	2.4	3.6	1.0
1052	2.0	0.0	1.0	0.0	0.6660000000000004	5.334	1.0
1053	1.0	0.0	1.0	0.0	0.3330000000000002	2.667	1.0
1054	1.0	0.0	1.0	0.0	0.3330000000000002	2.667	1.0
1055	1.0	0.0	1.0	0.0	0.3330000000000002	2.667	1.0
1056	5.0	0.0	3.0	0.0	6.268	8.732	3.0
1057	2.0	0.0	1.0	0.0	2.0	4.0	1.0
1058	2.0	1.0	2.0	0.0	3.0	6.0	2.0
1059	1.0	1.0	1.0	1.0	0.6660000000000004	5.334	2.0
1060	1.0	0.0	0.0	0.0	0.3330000000000002	2.667	0.0
1061	1.0	0.0	1.0	0.0	1.0	2.0	1.0
1062	2.0	0.0	1.0	0.0	2.0	4.0	1.0
1063	2.0	1.0	2.0	1.0	2.0	4.0	2.0
1064	2.0	6.0	2.0	4.0	4.067	13.933	4.0
1065	2.0	4.0	2.0	2.0	3.0010000000000003	8.998999999999999	2.0
1066	3.0	4.0	2.0	3.0	6.0	12.0	4.0
1067	1.0	4.0	1.0	3.0	3.333	8.667	3.0
1068	0.0	0.0	0.0	0.0	0.0	0.0	0.0
1069	0.0	0.0	0.0	0.0	0.0	0.0	0.0
1070	0.0	0.0	0.0	0.0	0.0	0.0	0.0
1071	0.0	0.0	0.0	0.0	0.0	0.0	0.0
1072	0.0	0.0	0.0	0.0	0.0	0.0	0.0
1073	0.0	0.0	0.0	0.0	0.0	0.0	0.0
1074	0.0	0.0	0.0	0.0	0.0	0.0	0.0
1075	2.0	5.0	2.0	4.0	6.0	12.0	5.0
1076	2.0	2.0	2.0	2.0	3.0	6.0	3.0
1077	3.0	4.0	2.0	3.0	6.0	12.0	4.0
1078	2.0	3.0	1.0	3.0	2.333	6.667	2.0
1079	1.0	0.0	1.0	0.0	0.3330000000000002	2.667	1.0
1080	2.0	1.0	2.0	1.0	2.0	4.0	2.0
1081	2.0	0.0	2.0	0.0	2.0	4.0	2.0
1082	3.0	3.0	2.0	2.0	3.0	6.0	2.0
1083	3.0	2.0	1.0	1.0	2.668	6.332	1.0
1084	2.0	2.0	1.0	2.0	2.0	4.0	1.0
1085	2.0	5.0	2.0	4.0	4.0	8.0	3.0
1086	2.0	1.0	1.0	1.0	3.0	6.0	2.0
1087	3.0	0.0	1.0	0.0	0.9990000000000006	8.001	1.0
1088	3.0	0.0	1.0	0.0	3.0	6.0	1.0
1089	2.0	0.0	1.0	0.0	2.0	4.0	1.0
1090	0.0	4.0	0.0	3.0	2.4	9.6	3.0
1091	1.0	3.0	1.0	2.0	1.6660000000000004	7.334	2.0
1092	4.0	0.0	2.0	0.0	3.668	8.332	2.0
1093	1.0	4.0	1.0	3.0	1.9990000000000006	10.001	3.0
1094	3.0	0.0	1.0	0.0	3.0	6.0	1.0
1095	1.0	0.0	0.0	0.0	0.3330000000000002	2.667	0.0
1096	2.0	1.0	1.0	1.0	1.3330000000000002	4.667	1.0
1097	2.0	0.0	1.0	0.0	0.6660000000000004	5.334	1.0
1098	0.0	0.0	0.0	0.0	0.0	0.0	0.0
1099	0.0	4.0	0.0	2.0	1.0010000000000003	4.999	1.0
1100	1.0	0.0	0.0	0.0	0.3330000000000002	2.667	0.0
1101	3.0	0.0	2.0	0.0	3.0	6.0	2.0
1102	1.0	4.0	1.0	4.0	2.6660000000000004	9.334	4.0
1103	2.0	3.0	2.0	3.0	2.333	6.667	3.0
1104	2.0	1.0	2.0	1.0	3.0	6.0	3.0
1105	2.0	3.0	1.0	2.0	5.0	10.0	3.0
1106	4.0	0.0	3.0	0.0	3.668	8.332	3.0
1107	3.0	2.0	0.0	2.0	4.068	7.932	2.0
1108	4.0	1.0	3.0	1.0	5.0	10.0	4.0
1109	2.0	0.0	2.0	0.0	2.0	4.0	2.0
1110	5.0	0.0	4.0	0.0	4.0040000000000004	10.995999999999999	4.0
1111	4.0	0.0	2.0	0.0	4.068	7.932	2.0
1112	2.0	2.0	1.0	2.0	4.0	8.0	3.0
1113	3.0	1.0	2.0	1.0	3.333	8.667	3.0
1114	2.0	1.0	2.0	1.0	3.4	5.6	3.0
1115	3.0	4.0	3.0	4.0	5.133	9.866999999999999	5.0
1116	3.0	3.0	1.0	2.0	3.668	8.332	2.0
1117	0.0	2.0	0.0	1.0	1.0010000000000003	4.999	1.0
1118	1.0	0.0	1.0	0.0	1.0	2.0	1.0
1119	0.0	2.0	0.0	2.0	2.0	4.0	2.0
1120	1.0	0.0	1.0	0.0	1.0	2.0	1.0
1121	3.0	0.0	2.0	0.0	3.0	6.0	2.0
1122	3.0	1.0	3.0	1.0	4.0	8.0	4.0
1123	2.0	1.0	1.0	1.0	2.0	4.0	1.0
1124	1.0	0.0	1.0	0.0	0.3330000000000002	2.667	1.0
1125	1.0	0.0	1.0	0.0	1.4	1.6	1.0
1126	1.0	3.0	1.0	2.0	2.668	6.332	2.0
1127	1.0	4.0	0.0	2.0	3.668	8.332	2.0
1128	1.0	4.0	1.0	1.0	2.333	9.667	2.0
1129	3.0	3.0	2.0	3.0	2.000000000000001	13.0	4.0
1130	1.0	4.0	1.0	2.0	1.3330000000000002	4.667	1.0
1131	1.0	1.0	1.0	1.0	0.6660000000000004	5.334	2.0
1132	0.0	0.0	0.0	0.0	0.0	0.0	0.0
1133	0.0	0.0	0.0	0.0	0.0	0.0	0.0
1134	2.0	5.0	0.0	2.0	3.9990000000000006	14.001	2.0
1135	2.0	0.0	2.0	0.0	2.0	4.0	2.0
1136	3.0	4.0	2.0	2.0	4.668	10.332	3.0
1137	2.0	2.0	1.0	2.0	1.3320000000000007	10.668	3.0
1138	2.0	3.0	2.0	2.0	3.333	8.667	3.0
1139	3.0	4.0	3.0	2.0	5.0	10.0	3.0
1140	3.0	2.0	2.0	1.0	5.0	10.0	3.0
1141	1.0	6.0	1.0	4.0	2.6660000000000004	9.334	3.0
1142	2.0	2.0	1.0	2.0	1.3330000000000002	4.667	1.0
1143	3.0	0.0	1.0	0.0	3.0	6.0	1.0
1144	1.0	2.0	0.0	2.0	1.6660000000000004	7.334	2.0
1145	3.0	0.0	2.0	0.0	3.0	6.0	2.0
1146	2.0	0.0	2.0	0.0	2.4	3.6	2.0
1147	3.0	0.0	2.0	0.0	0.9990000000000006	8.001	2.0
1148	0.0	3.0	0.0	2.0	1.6660000000000004	7.334	2.0
1149	2.0	2.0	1.0	1.0	1.3320000000000007	10.668	2.0
1150	4.0	2.0	3.0	1.0	5.0	10.0	3.0
1151	2.0	2.0	2.0	2.0	3.4	5.6	3.0
1152	3.0	2.0	2.0	1.0	2.6660000000000004	9.334	2.0
1153	2.0	1.0	1.0	1.0	2.0	4.0	1.0
1154	5.0	0.0	3.0	0.0	3.0040000000000004	8.995999999999999	2.0
1155	1.0	0.0	0.0	0.0	0.3330000000000002	2.667	0.0
1156	2.0	1.0	2.0	1.0	0.6660000000000004	5.334	2.0
1157	0.0	2.0	0.0	1.0	0.6660000000000004	5.334	1.0
1158	2.0	1.0	1.0	0.0	0.9990000000000006	8.001	1.0
1159	1.0	1.0	0.0	1.0	0.6660000000000004	5.334	1.0
1160	2.0	3.0	2.0	2.0	3.3340000000000005	11.665999999999999	4.0
1161	1.0	2.0	0.0	2.0	0.9990000000000006	8.001	2.0
1162	2.0	3.0	1.0	3.0	1.6660000000000004	7.334	2.0
1163	3.0	0.0	2.0	0.0	0.9990000000000006	8.001	2.0
1164	1.0	3.0	1.0	3.0	1.3330000000000002	4.667	2.0
1165	0.0	1.0	0.0	1.0	1.4	1.6	1.0
1166	0.0	1.0	0.0	1.0	0.6680000000000001	2.332	1.0
1167	1.0	0.0	1.0	0.0	0.3330000000000002	2.667	1.0
1168	3.0	0.0	1.0	0.0	3.0	6.0	1.0
1169	2.0	2.0	1.0	1.0	3.068	5.932	2.0
1170	1.0	0.0	1.0	0.0	0.3330000000000002	2.667	1.0
1171	2.0	0.0	0.0	0.0	0.6660000000000004	5.334	0.0
1172	4.0	0.0	3.0	0.0	4.468	7.532	3.0
1173	1.0	0.0	1.0	0.0	0.3330000000000002	2.667	1.0
1174	0.0	1.0	0.0	1.0	1.4	1.6	1.0
1175	0.0	2.0	0.0	0.0	0.6660000000000004	5.334	0.0
1176	3.0	3.0	2.0	3.0	3.668	8.332	3.0
1177	0.0	3.0	0.0	1.0	0.9990000000000006	8.001	1.0
1178	2.0	2.0	1.0	2.0	1.6660000000000004	7.334	2.0
1179	2.0	3.0	0.0	3.0	4.7330000000000005	10.267	3.0
1180	1.0	1.0	1.0	1.0	1.6680000000000001	4.332	2.0
1181	3.0	0.0	2.0	0.0	3.0	6.0	2.0
1182	1.0	0.0	0.0	0.0	0.3330000000000002	2.667	0.0
1183	1.0	0.0	0.0	0.0	1.0	2.0	0.0
1184	2.0	2.0	1.0	1.0	1.3330000000000002	4.667	1.0
1185	2.0	1.0	1.0	1.0	2.668	6.332	2.0
1186	2.0	0.0	1.0	0.0	2.0	4.0	1.0
1187	1.0	0.0	0.0	0.0	0.3330000000000002	2.667	0.0
1188	2.0	0.0	1.0	0.0	2.0	4.0	1.0
1189	0.0	0.0	0.0	0.0	0.0	0.0	0.0
1190	2.0	0.0	1.0	0.0	0.6660000000000004	5.334	1.0
1191	1.0	0.0	1.0	0.0	0.3330000000000002	2.667	1.0
1192	3.0	0.0	3.0	0.0	3.0	6.0	3.0
1193	2.0	0.0	1.0	0.0	2.8	3.2	1.0
1194	1.0	0.0	0.0	0.0	0.3330000000000002	2.667	0.0
1195	1.0	0.0	0.0	0.0	0.3330000000000002	2.667	0.0
1196	1.0	0.0	0.0	0.0	0.6680000000000001	2.332	0.0
1197	0.0	0.0	0.0	0.0	0.0	0.0	0.0
1198	2.0	0.0	1.0	0.0	0.6660000000000004	5.334	1.0
1199	2.0	0.0	1.0	0.0	0.6660000000000004	5.334	1.0
1200	0.0	0.0	0.0	0.0	0.0	0.0	0.0
1201	3.0	1.0	2.0	1.0	0.9990000000000006	8.001	2.0
1202	3.0	0.0	2.0	0.0	3.0	6.0	2.0
1203	4.0	0.0	1.0	0.0	4.0	8.0	1.0
1204	2.0	1.0	2.0	1.0	0.9990000000000006	8.001	3.0
1205	1.0	0.0	0.0	0.0	1.0	2.0	0.0
1206	3.0	0.0	1.0	0.0	3.0	6.0	1.0
1207	2.0	0.0	2.0	0.0	0.6660000000000004	5.334	2.0
1208	1.0	0.0	0.0	0.0	0.3330000000000002	2.667	0.0
1209	1.0	1.0	0.0	1.0	1.0010000000000003	4.999	1.0
1210	3.0	0.0	3.0	0.0	2.668	6.332	3.0
1211	1.0	0.0	1.0	0.0	1.0	2.0	1.0
1212	2.0	0.0	2.0	0.0	2.0	4.0	2.0
1213	5.0	0.0	3.0	0.0	5.468	9.532	3.0
1214	3.0	0.0	2.0	0.0	0.9990000000000006	8.001	2.0
1215	2.0	0.0	2.0	0.0	2.0	4.0	2.0
1216	2.0	2.0	0.0	1.0	3.0	6.0	1.0
1217	2.0	2.0	2.0	1.0	1.3320000000000007	10.668	3.0
1218	2.0	1.0	2.0	1.0	0.9990000000000006	8.001	3.0
1219	3.0	3.0	2.0	3.0	3.0	9.0	3.0
1220	0.0	1.0	0.0	1.0	1.0	2.0	1.0
1221	2.0	2.0	0.0	0.0	1.3330000000000002	4.667	0.0
1222	3.0	4.0	3.0	2.0	4.333	10.667	3.0
1223	3.0	1.0	2.0	1.0	3.0	6.0	2.0
1224	2.0	0.0	1.0	0.0	0.6660000000000004	5.334	1.0
1225	4.0	0.0	2.0	0.0	2.3360000000000003	6.664	1.0
1226	1.0	0.0	1.0	0.0	0.3330000000000002	2.667	1.0
1227	2.0	0.0	1.0	0.0	2.0	4.0	1.0
1228	3.0	0.0	3.0	0.0	3.0	6.0	3.0
1229	1.0	0.0	0.0	0.0	0.3330000000000002	2.667	0.0
1230	1.0	0.0	1.0	0.0	0.3330000000000002	2.667	1.0
1231	1.0	1.0	0.0	1.0	0.6660000000000004	5.334	1.0
1232	4.0	0.0	4.0	0.0	4.0	8.0	4.0
1233	1.0	4.0	0.0	3.0	1.9990000000000006	10.001	2.0
1234	3.0	0.0	2.0	0.0	2.668	6.332	2.0
1235	2.0	0.0	1.0	0.0	2.0	4.0	1.0
1236	2.0	0.0	1.0	0.0	2.0	4.0	1.0
1237	2.0	1.0	1.0	1.0	2.0	4.0	1.0
1238	2.0	2.0	1.0	2.0	1.3320000000000007	10.668	3.0
1239	2.0	2.0	1.0	2.0	2.668	6.332	2.0
1240	1.0	5.0	0.0	3.0	2.6660000000000004	12.334	3.0
1241	2.0	1.0	1.0	1.0	1.6690000000000005	7.3309999999999995	2.0
1242	2.0	2.0	1.0	1.0	3.0	6.0	1.0
1243	3.0	2.0	1.0	1.0	3.0	9.0	1.0
1244	1.0	0.0	0.0	0.0	1.0	2.0	0.0
1245	3.0	2.0	3.0	2.0	1.6660000000000004	7.334	3.0
1246	3.0	2.0	2.0	1.0	3.0	6.0	2.0
1247	4.0	1.0	3.0	0.0	5.0	10.0	3.0
1248	2.0	0.0	1.0	0.0	0.6660000000000004	5.334	1.0
1249	1.0	1.0	1.0	1.0	0.6660000000000004	5.334	2.0
1250	1.0	2.0	1.0	1.0	3.0	6.0	2.0
1251	1.0	0.0	1.0	0.0	0.3330000000000002	2.667	1.0
1252	1.0	1.0	0.0	0.0	0.6680000000000001	2.332	0.0
1253	3.0	0.0	0.0	0.0	3.0	6.0	0.0
1254	1.0	0.0	1.0	0.0	0.3330000000000002	2.667	1.0
1255	4.0	0.0	3.0	0.0	4.468	7.532	3.0
1256	2.0	1.0	2.0	0.0	3.0	6.0	2.0
1257	3.0	0.0	3.0	0.0	3.0	6.0	3.0
1258	3.0	0.0	3.0	0.0	3.068	5.932	3.0
1259	2.0	0.0	1.0	0.0	2.0	4.0	1.0
1260	2.0	0.0	1.0	0.0	2.0	4.0	1.0
1261	2.0	0.0	2.0	0.0	2.0	4.0	2.0
1262	1.0	0.0	1.0	0.0	0.3330000000000002	2.667	1.0
1263	3.0	0.0	2.0	0.0	3.0	6.0	2.0
1264	1.0	0.0	1.0	0.0	1.0	2.0	1.0
1265	3.0	0.0	2.0	0.0	3.0	6.0	2.0
1266	3.0	0.0	2.0	0.0	2.668	6.332	2.0
1267	1.0	0.0	1.0	0.0	0.6680000000000001	2.332	1.0
1268	3.0	0.0	2.0	0.0	3.0	6.0	2.0
1269	2.0	0.0	1.0	0.0	2.0	4.0	1.0
1270	0.0	0.0	0.0	0.0	0.0	0.0	0.0
1271	1.0	0.0	1.0	0.0	1.0	2.0	1.0
1272	0.0	0.0	0.0	0.0	0.0	0.0	0.0
1273	2.0	0.0	1.0	0.0	0.6660000000000004	5.334	1.0
1274	1.0	0.0	0.0	0.0	0.3330000000000002	2.667	0.0
1275	4.0	0.0	1.0	0.0	3.4	5.6	1.0
1276	1.0	0.0	0.0	0.0	0.3330000000000002	2.667	0.0
1277	3.0	0.0	2.0	0.0	3.0	6.0	2.0
1278	3.0	0.0	1.0	0.0	0.9990000000000006	8.001	1.0
1279	0.0	0.0	0.0	0.0	0.0	0.0	0.0
1280	3.0	0.0	2.0	0.0	0.9990000000000006	8.001	2.0
1281	1.0	1.0	1.0	1.0	1.0010000000000003	4.999	2.0
1282	2.0	0.0	2.0	0.0	0.6660000000000004	5.334	2.0
1283	2.0	1.0	1.0	1.0	1.6680000000000001	4.332	1.0
1284	3.0	1.0	3.0	1.0	4.0	8.0	4.0
1285	0.0	1.0	0.0	1.0	0.3330000000000002	2.667	1.0
1286	2.0	0.0	1.0	0.0	0.6660000000000004	5.334	1.0
1287	2.0	1.0	1.0	0.0	1.6660000000000004	7.334	1.0
1288	1.0	0.0	0.0	0.0	0.3330000000000002	2.667	0.0
1289	3.0	0.0	2.0	0.0	0.9990000000000006	8.001	2.0
1290	4.0	5.0	2.0	2.0	5.7330000000000005	12.267	3.0
1291	0.0	2.0	0.0	1.0	1.3330000000000002	4.667	1.0
1292	0.0	5.0	0.0	2.0	2.3320000000000007	12.668	2.0
1293	2.0	4.0	1.0	1.0	3.9990000000000006	14.001	2.0
1294	0.0	7.0	0.0	4.0	3.3340000000000005	11.666	3.0
1295	1.0	5.0	0.0	4.0	2.665000000000001	15.334999999999999	4.0
1296	2.0	5.0	0.0	4.0	2.6660000000000004	12.334	3.0
1297	2.0	1.0	1.0	1.0	0.9990000000000006	8.001	2.0
1298	2.0	2.0	2.0	2.0	2.0010000000000003	6.999	3.0
1299	1.0	1.0	0.0	1.0	0.6660000000000004	5.334	1.0
1300	1.0	0.0	1.0	0.0	0.3330000000000002	2.667	1.0
1301	2.0	0.0	1.0	0.0	0.6660000000000004	5.334	1.0
1302	2.0	0.0	1.0	0.0	2.0	4.0	1.0
1303	1.0	0.0	0.0	0.0	0.3330000000000002	2.667	0.0
1304	2.0	0.0	2.0	0.0	0.6660000000000004	5.334	2.0
1305	3.0	0.0	1.0	0.0	3.0	6.0	1.0
1306	3.0	0.0	1.0	0.0	3.0	6.0	1.0
1307	2.0	0.0	2.0	0.0	2.0	4.0	2.0
1308	2.0	0.0	1.0	0.0	2.0	4.0	1.0
1309	3.0	0.0	1.0	0.0	0.9990000000000006	8.001	1.0
1310	2.0	0.0	1.0	0.0	2.4	3.6	1.0
1311	2.0	0.0	1.0	0.0	2.0	4.0	1.0
1312	3.0	0.0	3.0	0.0	3.068	5.932	3.0
1313	2.0	1.0	2.0	1.0	2.0	4.0	2.0
1314	1.0	0.0	1.0	0.0	0.3330000000000002	2.667	1.0
1315	1.0	0.0	1.0	0.0	1.0	2.0	1.0
1316	0.0	0.0	0.0	0.0	0.0	0.0	0.0
1317	1.0	1.0	1.0	1.0	2.0	4.0	2.0
1318	2.0	0.0	1.0	0.0	2.0	4.0	1.0
1319	4.0	0.0	4.0	0.0	3.4040000000000004	8.596	4.0
1320	2.0	0.0	1.0	0.0	2.0	4.0	1.0
1321	2.0	0.0	1.0	0.0	0.6660000000000004	5.334	1.0
1322	2.0	0.0	1.0	0.0	0.6660000000000004	5.334	1.0
1323	0.0	0.0	0.0	0.0	0.0	0.0	0.0
1324	1.0	1.0	0.0	1.0	0.6660000000000004	5.334	1.0
1325	2.0	0.0	2.0	0.0	2.0	4.0	2.0
1326	2.0	0.0	2.0	0.0	2.4	3.6	2.0
1327	2.0	2.0	2.0	1.0	3.668	8.332	3.0
1328	2.0	0.0	2.0	0.0	2.0	4.0	2.0
1329	2.0	0.0	1.0	0.0	0.6660000000000004	5.334	1.0
1330	1.0	0.0	1.0	0.0	0.3330000000000002	2.667	1.0
1331	1.0	0.0	0.0	0.0	1.0	2.0	0.0
1332	3.0	0.0	3.0	0.0	2.0040000000000004	6.9959999999999996	3.0
1333	3.0	0.0	2.0	0.0	3.0	6.0	2.0
1334	2.0	1.0	2.0	0.0	0.9990000000000006	8.001	2.0
1335	4.0	0.0	3.0	0.0	4.0	8.0	3.0
1336	3.0	0.0	1.0	0.0	2.668	6.332	1.0
1337	2.0	0.0	1.0	0.0	2.0	4.0	1.0
1338	2.0	2.0	1.0	2.0	1.6660000000000004	7.334	2.0
1339	2.0	0.0	1.0	0.0	0.6660000000000004	5.334	1.0
1340	2.0	0.0	2.0	0.0	2.0	4.0	2.0
1341	2.0	0.0	1.0	0.0	0.6660000000000004	5.334	1.0
1342	2.0	0.0	1.0	0.0	2.4	3.6	1.0
1343	2.0	0.0	1.0	0.0	2.0	4.0	1.0
1344	1.0	0.0	1.0	0.0	0.3330000000000002	2.667	1.0
1345	2.0	0.0	2.0	0.0	0.6660000000000004	5.334	2.0
1346	3.0	0.0	2.0	0.0	3.0	6.0	2.0
1347	2.0	0.0	2.0	0.0	2.0	4.0	2.0
1348	3.0	0.0	2.0	0.0	0.9990000000000006	8.001	2.0
1349	0.0	4.0	0.0	3.0	2.6690000000000005	9.331	3.0
1350	3.0	0.0	1.0	0.0	3.0	6.0	1.0
1351	0.0	0.0	0.0	0.0	0.0	0.0	0.0
1352	3.0	0.0	3.0	0.0	2.068	3.932	2.0
1353	5.0	0.0	3.0	0.0	3.3360000000000003	8.664	2.0
1354	0.0	0.0	0.0	0.0	0.0	0.0	0.0
1355	2.0	0.0	2.0	0.0	2.0	4.0	2.0
1356	2.0	0.0	1.0	0.0	0.6660000000000004	5.334	1.0
1357	2.0	0.0	2.0	0.0	2.0	4.0	2.0
1358	2.0	0.0	1.0	0.0	0.6660000000000004	5.334	1.0
1359	3.0	0.0	2.0	0.0	2.736	6.263999999999999	2.0
1360	2.0	0.0	1.0	0.0	0.6660000000000004	5.334	1.0
1361	2.0	0.0	1.0	0.0	2.0	4.0	1.0
1362	0.0	0.0	0.0	0.0	0.0	0.0	0.0
1363	2.0	1.0	1.0	1.0	1.3360000000000003	7.664	2.0
1364	2.0	0.0	1.0	0.0	2.0	4.0	1.0
1365	3.0	0.0	3.0	0.0	3.0	6.0	3.0
1366	2.0	0.0	2.0	0.0	0.6660000000000004	5.334	2.0
1367	1.0	0.0	0.0	0.0	0.3330000000000002	2.667	0.0
1368	4.0	0.0	2.0	0.0	4.068	7.932	2.0
1369	2.0	0.0	1.0	0.0	0.6660000000000004	5.334	1.0
1370	2.0	0.0	1.0	0.0	1.3360000000000003	4.664	1.0
1371	0.0	0.0	0.0	0.0	0.0	0.0	0.0
1372	2.0	0.0	1.0	0.0	0.6660000000000004	5.334	1.0
1373	1.0	0.0	1.0	0.0	0.3330000000000002	2.667	1.0
1374	2.0	0.0	2.0	0.0	2.0	4.0	2.0
1375	2.0	0.0	1.0	0.0	2.0	4.0	1.0
1376	1.0	0.0	1.0	0.0	0.3330000000000002	2.667	1.0
1377	2.0	0.0	1.0	0.0	0.6660000000000004	5.334	1.0
1378	0.0	1.0	0.0	1.0	1.0	2.0	1.0
1379	1.0	0.0	1.0	0.0	0.3330000000000002	2.667	1.0
1380	1.0	0.0	1.0	0.0	0.3330000000000002	2.667	1.0
1381	0.0	0.0	0.0	0.0	0.0	0.0	0.0
1382	3.0	0.0	2.0	0.0	3.068	5.932	2.0
1383	2.0	0.0	2.0	0.0	0.6660000000000004	5.334	2.0
1384	3.0	0.0	2.0	0.0	3.0	6.0	2.0
1385	3.0	0.0	1.0	0.0	3.0	6.0	1.0
1386	2.0	0.0	2.0	0.0	2.0	4.0	2.0
1387	3.0	1.0	2.0	1.0	3.0	6.0	2.0
1388	0.0	1.0	0.0	1.0	1.0	2.0	1.0
1389	1.0	1.0	0.0	1.0	1.0010000000000003	4.999	1.0
1390	0.0	0.0	0.0	0.0	0.0	0.0	0.0
1391	1.0	0.0	1.0	0.0	0.3330000000000002	2.667	1.0
1392	3.0	1.0	2.0	1.0	4.0	8.0	3.0
1393	4.0	0.0	2.0	0.0	2.6720000000000006	9.328	2.0
1394	1.0	0.0	1.0	0.0	0.3330000000000002	2.667	1.0
1395	1.0	0.0	1.0	0.0	1.0	2.0	1.0
1396	2.0	0.0	1.0	0.0	2.0	4.0	1.0
1397	2.0	1.0	1.0	1.0	2.0010000000000003	6.999	2.0
1398	3.0	0.0	2.0	0.0	0.9990000000000006	8.001	2.0
1399	1.0	2.0	0.0	1.0	0.9990000000000006	8.001	1.0
1400	1.0	0.0	1.0	0.0	0.3330000000000002	2.667	1.0
1401	1.0	0.0	1.0	0.0	1.0	2.0	1.0
1402	3.0	0.0	3.0	0.0	1.6680000000000001	4.332	2.0
1403	2.0	0.0	1.0	0.0	0.6660000000000004	5.334	1.0
1404	2.0	0.0	2.0	0.0	0.6660000000000004	5.334	2.0
1405	3.0	0.0	3.0	0.0	3.0	6.0	3.0
1406	0.0	4.0	0.0	3.0	3.0010000000000003	8.998999999999999	3.0
1407	2.0	0.0	1.0	0.0	0.6660000000000004	5.334	1.0
1408	2.0	1.0	2.0	1.0	2.0	4.0	2.0
1409	1.0	1.0	1.0	0.0	1.6680000000000001	4.332	1.0
1410	1.0	0.0	0.0	0.0	0.3330000000000002	2.667	0.0
1411	2.0	0.0	1.0	0.0	2.0	4.0	1.0
1412	1.0	0.0	0.0	0.0	0.3330000000000002	2.667	0.0
1413	2.0	0.0	2.0	0.0	1.0	2.0	1.0
1414	1.0	2.0	0.0	2.0	1.6660000000000004	7.334	2.0
1415	1.0	0.0	0.0	0.0	1.0	2.0	0.0
1416	2.0	0.0	1.0	0.0	2.0	4.0	1.0
1417	2.0	0.0	1.0	0.0	0.6660000000000004	5.334	1.0
1418	0.0	0.0	0.0	0.0	0.0	0.0	0.0
1419	0.0	0.0	0.0	0.0	0.0	0.0	0.0
1420	0.0	0.0	0.0	0.0	0.0	0.0	0.0
1421	1.0	0.0	1.0	0.0	1.0	2.0	1.0
1422	3.0	0.0	2.0	0.0	3.0	6.0	2.0
1423	2.0	0.0	1.0	0.0	2.0	4.0	1.0
1424	0.0	0.0	0.0	0.0	0.0	0.0	0.0
1425	0.0	3.0	0.0	2.0	1.6680000000000001	7.332	2.0
1426	2.0	1.0	1.0	1.0	2.3360000000000003	6.664	2.0
1427	2.0	0.0	2.0	0.0	2.0	4.0	2.0
1428	3.0	0.0	3.0	0.0	1.6680000000000001	4.332	2.0
1429	3.0	0.0	2.0	0.0	3.0	6.0	2.0
1430	3.0	0.0	1.0	0.0	0.9990000000000006	8.001	1.0
1431	1.0	0.0	0.0	0.0	0.3330000000000002	2.667	0.0
1432	0.0	0.0	0.0	0.0	0.0	0.0	0.0
1433	2.0	0.0	2.0	0.0	0.6660000000000004	5.334	2.0
1434	3.0	0.0	2.0	0.0	0.9990000000000006	8.001	2.0
1435	2.0	0.0	1.0	0.0	0.6660000000000004	5.334	1.0
1436	3.0	0.0	1.0	0.0	2.4	3.6	1.0
1437	2.0	0.0	2.0	0.0	0.6660000000000004	5.334	2.0
1438	2.0	0.0	1.0	0.0	0.6660000000000004	5.334	1.0
1439	0.0	0.0	0.0	0.0	0.0	0.0	0.0
1440	1.0	0.0	1.0	0.0	1.4	1.6	1.0
1441	3.0	0.0	2.0	0.0	3.0	6.0	2.0
1442	2.0	0.0	1.0	0.0	2.0	4.0	1.0
1443	1.0	1.0	0.0	1.0	1.0010000000000003	4.999	1.0
1444	0.0	4.0	0.0	3.0	2.0010000000000003	6.999	2.0
1445	2.0	0.0	2.0	0.0	2.0	4.0	2.0
1446	3.0	0.0	3.0	0.0	3.0	6.0	3.0
1447	2.0	0.0	1.0	0.0	2.0	4.0	1.0
1448	3.0	0.0	2.0	0.0	1.6680000000000001	4.332	1.0
1449	2.0	0.0	1.0	0.0	0.6660000000000004	5.334	1.0
1450	0.0	0.0	0.0	0.0	0.0	0.0	0.0
1451	2.0	0.0	1.0	0.0	0.6660000000000004	5.334	1.0
1452	1.0	0.0	1.0	0.0	0.3330000000000002	2.667	1.0
1453	3.0	0.0	2.0	0.0	3.0	6.0	2.0
1454	4.0	0.0	2.0	0.0	2.668	6.332	2.0
1455	3.0	0.0	2.0	0.0	2.3360000000000003	6.664	2.0
1456	3.0	0.0	2.0	0.0	2.668	6.332	2.0
1457	1.0	1.0	1.0	1.0	1.0	2.0	1.0
1458	3.0	1.0	1.0	0.0	2.0	7.0	1.0
1459	0.0	0.0	0.0	0.0	0.0	0.0	0.0
1460	2.0	0.0	2.0	0.0	0.6660000000000004	5.334	2.0
1461	1.0	0.0	1.0	0.0	0.3330000000000002	2.667	1.0
1462	1.0	0.0	0.0	0.0	0.3330000000000002	2.667	0.0
1463	0.0	0.0	0.0	0.0	0.0	0.0	0.0
1464	0.0	0.0	0.0	0.0	0.0	0.0	0.0
1465	1.0	0.0	0.0	0.0	0.3330000000000002	2.667	0.0
1466	2.0	0.0	2.0	0.0	2.4	3.6	2.0
1467	3.0	0.0	1.0	0.0	3.0	6.0	1.0
1468	2.0	1.0	1.0	1.0	1.3340000000000005	7.6659999999999995	2.0
1469	3.0	0.0	3.0	0.0	2.668	6.332	3.0
1470	1.0	0.0	1.0	0.0	1.0	2.0	1.0
1471	2.0	1.0	1.0	1.0	3.0	6.0	2.0
1472	4.0	0.0	2.0	0.0	4.0	8.0	2.0
1473	4.0	0.0	3.0	0.0	4.468	7.532	3.0
1474	2.0	0.0	1.0	0.0	0.6660000000000004	5.334	1.0
1475	3.0	2.0	2.0	2.0	1.6660000000000004	7.334	2.0
1476	0.0	0.0	0.0	0.0	0.0	0.0	0.0
1477	2.0	0.0	2.0	0.0	2.8	3.2	2.0
1478	3.0	0.0	2.0	0.0	3.0	6.0	2.0
1479	2.0	0.0	1.0	0.0	0.6660000000000004	5.334	1.0
1480	3.0	0.0	3.0	0.0	3.4	5.6	3.0
1481	5.0	0.0	4.0	0.0	5.136	9.864	4.0
1482	0.0	2.0	0.0	2.0	0.3330000000000002	2.667	1.0
1483	3.0	0.0	3.0	0.0	2.068	3.932	2.0
1484	3.0	0.0	1.0	0.0	3.0	6.0	1.0
1485	2.0	0.0	0.0	0.0	0.6660000000000004	5.334	0.0
1486	2.0	2.0	1.0	2.0	2.0	4.0	1.0
1487	0.0	3.0	0.0	2.0	1.0010000000000003	7.999	2.0
1488	3.0	2.0	1.0	2.0	3.0	6.0	1.0
1489	2.0	0.0	1.0	0.0	0.6660000000000004	5.334	1.0
1490	3.0	2.0	1.0	2.0	3.333	8.667	2.0
1491	1.0	4.0	0.0	3.0	1.9990000000000006	10.001	2.0
1492	5.0	1.0	4.0	1.0	5.199999999999999	9.8	4.0
1493	2.0	1.0	1.0	1.0	2.4	3.6	1.0
1494	2.0	1.0	1.0	1.0	2.0	4.0	1.0
1495	2.0	2.0	2.0	2.0	1.0010000000000003	4.999	2.0
1496	1.0	2.0	1.0	2.0	1.0	2.0	1.0
1497	2.0	0.0	2.0	0.0	2.0	4.0	2.0
1498	2.0	2.0	1.0	2.0	1.3330000000000002	4.667	1.0
1499	2.0	1.0	1.0	1.0	1.3330000000000002	4.667	1.0
1500	1.0	4.0	1.0	3.0	3.4010000000000002	8.599	3.0
1501	2.0	2.0	1.0	2.0	1.6680000000000001	4.332	1.0
1502	2.0	1.0	1.0	1.0	2.0	4.0	1.0
1503	0.0	4.0	0.0	3.0	1.6660000000000004	7.334	2.0
1504	3.0	1.0	3.0	1.0	3.333	8.667	4.0
1505	1.0	4.0	1.0	2.0	2.333	6.667	2.0
1506	3.0	2.0	3.0	1.0	1.9990000000000006	10.001	3.0
1507	2.0	3.0	1.0	2.0	3.736	8.264	2.0
1508	2.0	3.0	2.0	3.0	1.3330000000000002	7.667	3.0
1509	2.0	3.0	1.0	2.0	1.6660000000000004	7.334	1.0
1510	1.0	1.0	1.0	1.0	0.3330000000000002	2.667	1.0
1511	1.0	0.0	1.0	0.0	0.3330000000000002	2.667	1.0
1512	0.0	0.0	0.0	0.0	0.0	0.0	0.0
1513	1.0	0.0	0.0	0.0	0.3330000000000002	2.667	0.0
1514	1.0	0.0	0.0	0.0	0.3330000000000002	2.667	0.0
1515	3.0	0.0	2.0	0.0	0.9990000000000006	8.001	2.0
1516	0.0	0.0	0.0	0.0	0.0	0.0	0.0
1517	2.0	0.0	0.0	0.0	1.3360000000000003	4.664	0.0
1518	3.0	0.0	2.0	0.0	3.0	6.0	2.0
1519	2.0	0.0	1.0	0.0	2.0	4.0	1.0
1520	2.0	0.0	2.0	0.0	2.068	3.932	2.0
1521	1.0	0.0	0.0	0.0	0.3330000000000002	2.667	0.0
1522	0.0	0.0	0.0	0.0	0.0	0.0	0.0
1523	2.0	0.0	1.0	0.0	2.0	4.0	1.0
1524	1.0	0.0	0.0	0.0	1.0	2.0	0.0
1525	2.0	0.0	0.0	0.0	2.0	4.0	0.0
1526	3.0	0.0	0.0	0.0	0.9990000000000006	8.001	0.0
1527	1.0	0.0	1.0	0.0	1.0	2.0	1.0
1528	3.0	0.0	0.0	0.0	3.0	6.0	0.0
1529	1.0	0.0	1.0	0.0	0.3330000000000002	2.667	1.0
1530	3.0	0.0	1.0	0.0	0.9990000000000006	8.001	1.0
1531	2.0	0.0	0.0	0.0	1.3360000000000003	4.664	0.0
1532	2.0	0.0	1.0	0.0	2.0	4.0	1.0
1533	1.0	0.0	1.0	0.0	1.0	2.0	1.0
1534	2.0	0.0	1.0	0.0	0.6660000000000004	5.334	1.0
1535	1.0	0.0	1.0	0.0	0.6680000000000001	2.332	1.0
1536	2.0	0.0	1.0	0.0	2.0	4.0	1.0
1537	3.0	0.0	2.0	0.0	3.0	6.0	2.0
1538	2.0	0.0	1.0	0.0	2.068	3.932	1.0
1539	2.0	0.0	0.0	0.0	0.6660000000000004	5.334	0.0
1540	1.0	0.0	0.0	0.0	0.3330000000000002	2.667	0.0
1541	1.0	0.0	0.0	0.0	1.0	2.0	0.0
1542	2.0	0.0	1.0	0.0	2.0	4.0	1.0
1543	2.0	1.0	0.0	0.0	2.4	3.6	0.0
1544	3.0	0.0	3.0	0.0	3.0	6.0	3.0
1545	2.0	0.0	1.0	0.0	2.0	4.0	1.0
1546	1.0	0.0	1.0	0.0	0.3330000000000002	2.667	1.0
1547	3.0	0.0	1.0	0.0	0.9990000000000006	8.001	1.0
1548	2.0	0.0	1.0	0.0	2.4	3.6	1.0
1549	1.0	0.0	1.0	0.0	0.6680000000000001	2.332	1.0
1550	1.0	0.0	1.0	0.0	1.0	2.0	1.0
1551	2.0	0.0	1.0	0.0	2.0	4.0	1.0
1552	2.0	0.0	0.0	0.0	2.0	4.0	0.0
1553	2.0	0.0	0.0	0.0	2.0	4.0	0.0
1554	1.0	0.0	1.0	0.0	0.3330000000000002	2.667	1.0
1555	0.0	0.0	0.0	0.0	0.0	0.0	0.0
1556	3.0	0.0	1.0	0.0	3.068	5.932	1.0
1557	1.0	0.0	0.0	0.0	0.3330000000000002	2.667	0.0
1558	1.0	0.0	1.0	0.0	1.0	2.0	1.0
1559	1.0	2.0	0.0	1.0	1.6680000000000001	7.332	1.0
1560	1.0	0.0	1.0	0.0	1.0	2.0	1.0
1561	5.0	1.0	2.0	1.0	4.136	10.864	2.0
1562	3.0	1.0	3.0	1.0	3.0	6.0	3.0
1563	2.0	0.0	0.0	0.0	2.0	4.0	0.0
1564	0.0	1.0	0.0	0.0	1.0	2.0	0.0
1565	2.0	0.0	0.0	0.0	0.6660000000000004	5.334	0.0
1566	0.0	2.0	0.0	1.0	0.6660000000000004	5.334	1.0
1567	0.0	0.0	0.0	0.0	0.0	0.0	0.0
1568	2.0	0.0	2.0	0.0	2.0	4.0	2.0
1569	1.0	1.0	0.0	1.0	0.6660000000000004	5.334	1.0
1570	2.0	0.0	2.0	0.0	2.0	4.0	2.0
1571	1.0	1.0	0.0	0.0	2.0	4.0	0.0
1572	2.0	0.0	0.0	0.0	0.6660000000000004	5.334	0.0
1573	1.0	0.0	1.0	0.0	1.0	2.0	1.0
1574	2.0	0.0	0.0	0.0	0.6660000000000004	5.334	0.0
1575	0.0	0.0	0.0	0.0	0.0	0.0	0.0
1576	1.0	0.0	0.0	0.0	0.3330000000000002	2.667	0.0
1577	0.0	0.0	0.0	0.0	0.0	0.0	0.0
1578	2.0	0.0	1.0	0.0	0.6660000000000004	5.334	1.0
1579	2.0	0.0	0.0	0.0	2.0	4.0	0.0
1580	2.0	0.0	1.0	0.0	0.6660000000000004	5.334	1.0
1581	0.0	0.0	0.0	0.0	0.0	0.0	0.0
1582	1.0	0.0	0.0	0.0	0.3330000000000002	2.667	0.0
1583	0.0	0.0	0.0	0.0	0.0	0.0	0.0
1584	0.0	2.0	0.0	1.0	0.6660000000000004	5.334	1.0
1585	1.0	0.0	0.0	0.0	1.4	1.6	0.0
1586	1.0	0.0	0.0	0.0	0.3330000000000002	2.667	0.0
1587	0.0	0.0	0.0	0.0	0.0	0.0	0.0
1588	1.0	0.0	1.0	0.0	0.3330000000000002	2.667	1.0
1589	0.0	0.0	0.0	0.0	0.0	0.0	0.0
1590	1.0	1.0	0.0	0.0	0.3330000000000002	2.667	0.0
1591	3.0	0.0	2.0	0.0	3.0	6.0	2.0
1592	3.0	0.0	0.0	0.0	2.0040000000000004	6.9959999999999996	0.0
1593	1.0	0.0	0.0	0.0	0.3330000000000002	2.667	0.0
1594	0.0	1.0	0.0	0.0	0.3330000000000002	2.667	0.0
1595	0.0	0.0	0.0	0.0	0.0	0.0	0.0
1596	2.0	0.0	2.0	0.0	0.6660000000000004	5.334	2.0
1597	3.0	0.0	0.0	0.0	3.0	6.0	0.0
1598	1.0	0.0	0.0	0.0	0.3330000000000002	2.667	0.0
1599	1.0	0.0	1.0	0.0	1.0	2.0	1.0
1600	0.0	0.0	0.0	0.0	0.0	0.0	0.0
1601	1.0	0.0	1.0	0.0	0.3330000000000002	2.667	1.0
1602	0.0	0.0	0.0	0.0	0.0	0.0	0.0
1603	1.0	0.0	1.0	0.0	0.3330000000000002	2.667	1.0
1604	2.0	0.0	1.0	0.0	2.0	4.0	1.0
1605	1.0	0.0	1.0	0.0	1.0	2.0	1.0
1606	1.0	0.0	0.0	0.0	0.3330000000000002	2.667	0.0
1607	0.0	0.0	0.0	0.0	0.0	0.0	0.0
1608	0.0	0.0	0.0	0.0	0.0	0.0	0.0
1609	4.0	0.0	1.0	0.0	4.468	7.532	1.0
1610	3.0	0.0	0.0	0.0	3.0	6.0	0.0
1611	2.0	0.0	1.0	0.0	2.0	4.0	1.0
1612	1.0	0.0	0.0	0.0	1.0	2.0	0.0
1613	2.0	0.0	1.0	0.0	2.0	4.0	1.0
1614	2.0	0.0	2.0	0.0	2.0	4.0	2.0
1615	2.0	0.0	0.0	0.0	2.0	4.0	0.0
1616	1.0	0.0	0.0	0.0	1.0	2.0	0.0
1617	2.0	1.0	0.0	0.0	1.6680000000000001	4.332	0.0
1618	3.0	0.0	2.0	0.0	3.8	5.2	2.0
1619	1.0	0.0	0.0	0.0	0.3330000000000002	2.667	0.0
1620	2.0	0.0	0.0	0.0	0.6660000000000004	5.334	0.0
1621	3.0	0.0	3.0	0.0	3.068	5.932	3.0
1622	1.0	0.0	1.0	0.0	1.0	2.0	1.0
1623	1.0	0.0	0.0	0.0	1.0	2.0	0.0
1624	1.0	0.0	1.0	0.0	1.0	2.0	1.0
1625	2.0	0.0	1.0	0.0	2.0	4.0	1.0
1626	2.0	0.0	2.0	0.0	1.3360000000000003	4.664	2.0
1627	1.0	0.0	0.0	0.0	0.3330000000000002	2.667	0.0
1628	0.0	0.0	0.0	0.0	0.0	0.0	0.0
1629	1.0	0.0	0.0	0.0	0.3330000000000002	2.667	0.0
1630	3.0	1.0	3.0	0.0	3.668	8.332	3.0
1631	2.0	0.0	0.0	0.0	2.0	4.0	0.0
1632	1.0	0.0	1.0	0.0	0.3330000000000002	2.667	1.0
1633	2.0	0.0	0.0	0.0	0.6660000000000004	5.334	0.0
1634	0.0	1.0	0.0	0.0	0.6680000000000001	2.332	0.0
1635	1.0	1.0	1.0	0.0	1.0010000000000003	4.999	1.0
1636	1.0	2.0	0.0	1.0	2.0	4.0	1.0
1637	1.0	0.0	1.0	0.0	1.4	1.6	1.0
1638	1.0	1.0	1.0	0.0	1.6680000000000001	4.332	1.0
1639	2.0	0.0	1.0	0.0	0.6660000000000004	5.334	1.0
1640	2.0	0.0	1.0	0.0	0.6660000000000004	5.334	1.0
1641	2.0	0.0	1.0	0.0	0.6660000000000004	5.334	1.0
1642	1.0	0.0	1.0	0.0	1.0	2.0	1.0
1643	2.0	1.0	1.0	1.0	1.6680000000000001	4.332	1.0
1644	0.0	0.0	0.0	0.0	0.0	0.0	0.0
1645	0.0	1.0	0.0	1.0	0.6680000000000001	2.332	1.0
1646	2.0	0.0	2.0	0.0	0.6660000000000004	5.334	2.0
1647	3.0	0.0	1.0	0.0	2.0040000000000004	6.9959999999999996	1.0
1648	0.0	0.0	0.0	0.0	0.0	0.0	0.0
1649	2.0	0.0	1.0	0.0	2.4	3.6	1.0
1650	0.0	2.0	0.0	1.0	2.0	4.0	1.0
1651	1.0	3.0	1.0	0.0	2.6690000000000005	9.331	1.0
1652	1.0	1.0	1.0	1.0	1.3330000000000002	4.667	2.0
1653	1.0	0.0	0.0	0.0	0.3330000000000002	2.667	0.0
1654	0.0	1.0	0.0	0.0	0.6680000000000001	2.332	0.0
1655	0.0	0.0	0.0	0.0	0.0	0.0	0.0
1656	2.0	0.0	1.0	0.0	2.0	4.0	1.0
1657	2.0	0.0	1.0	0.0	2.0	4.0	1.0
1658	1.0	0.0	1.0	0.0	1.0	2.0	1.0
1659	1.0	1.0	1.0	0.0	0.6660000000000004	5.334	1.0
1660	0.0	1.0	0.0	0.0	1.4	1.6	0.0
1661	1.0	3.0	0.0	1.0	1.6660000000000004	7.334	1.0
1662	0.0	1.0	0.0	0.0	0.3330000000000002	2.667	0.0
1663	1.0	1.0	0.0	1.0	0.6660000000000004	5.334	1.0
1664	1.0	1.0	1.0	1.0	1.0	2.0	1.0
1665	2.0	2.0	0.0	0.0	2.733	6.2669999999999995	0.0
1666	1.0	0.0	0.0	0.0	1.0	2.0	0.0
1667	2.0	0.0	2.0	0.0	1.6680000000000001	4.332	2.0
1668	2.0	0.0	1.0	0.0	2.0	4.0	1.0
1669	1.0	3.0	0.0	2.0	2.668	6.332	1.0
1670	2.0	4.0	1.0	1.0	5.4	12.6	2.0
1671	2.0	0.0	0.0	0.0	0.6660000000000004	5.334	0.0
1672	0.0	1.0	0.0	0.0	0.6680000000000001	2.332	0.0
1673	0.0	0.0	0.0	0.0	0.0	0.0	0.0
1674	1.0	2.0	0.0	1.0	1.0010000000000003	4.999	1.0
1675	2.0	0.0	1.0	0.0	2.0	4.0	1.0
1676	3.0	0.0	1.0	0.0	2.0	4.0	1.0
1677	1.0	0.0	0.0	0.0	1.0	2.0	0.0
1678	0.0	0.0	0.0	0.0	0.0	0.0	0.0
1679	1.0	0.0	1.0	0.0	1.0	2.0	1.0
1680	1.0	0.0	1.0	0.0	0.3330000000000002	2.667	1.0
1681	3.0	0.0	1.0	0.0	3.068	5.932	1.0
1682	0.0	0.0	0.0	0.0	0.0	0.0	0.0
1683	2.0	0.0	1.0	0.0	2.068	3.932	1.0
1684	0.0	0.0	0.0	0.0	0.0	0.0	0.0
1685	2.0	0.0	1.0	0.0	2.0	4.0	1.0
1686	2.0	0.0	0.0	0.0	2.4	3.6	0.0
1687	3.0	1.0	1.0	0.0	3.668	8.332	1.0
1688	3.0	0.0	1.0	0.0	3.0	6.0	1.0
1689	2.0	0.0	1.0	0.0	0.6660000000000004	5.334	1.0
1690	1.0	0.0	0.0	0.0	1.4	1.6	0.0
1691	1.0	0.0	1.0	0.0	1.0	2.0	1.0
1692	2.0	0.0	1.0	0.0	2.0	4.0	1.0
1693	2.0	0.0	0.0	0.0	0.6660000000000004	5.334	0.0
1694	2.0	0.0	1.0	0.0	2.0	4.0	1.0
1695	1.0	0.0	0.0	0.0	1.0	2.0	0.0
1696	3.0	0.0	1.0	0.0	3.0	6.0	1.0
1697	0.0	0.0	0.0	0.0	0.0	0.0	0.0
1698	2.0	0.0	0.0	0.0	2.0	4.0	0.0
1699	2.0	0.0	1.0	0.0	0.6660000000000004	5.334	1.0
1700	2.0	0.0	0.0	0.0	2.0	4.0	0.0
1701	3.0	0.0	2.0	0.0	0.9990000000000006	8.001	2.0
1702	3.0	0.0	2.0	0.0	3.0	6.0	2.0
1703	0.0	0.0	0.0	0.0	0.0	0.0	0.0
1704	1.0	0.0	0.0	0.0	0.3330000000000002	2.667	0.0
1705	1.0	0.0	0.0	0.0	1.0	2.0	0.0
1706	2.0	0.0	0.0	0.0	2.0	4.0	0.0
1707	3.0	0.0	0.0	0.0	3.0	6.0	0.0
1708	1.0	0.0	0.0	0.0	0.3330000000000002	2.667	0.0
1709	2.0	0.0	1.0	0.0	2.0	4.0	1.0
1710	2.0	0.0	0.0	0.0	2.0	4.0	0.0
1711	1.0	0.0	1.0	0.0	0.3330000000000002	2.667	1.0
1712	1.0	0.0	1.0	0.0	0.3330000000000002	2.667	1.0
1713	2.0	0.0	1.0	0.0	0.6660000000000004	5.334	1.0
1714	2.0	0.0	2.0	0.0	2.0	4.0	2.0
1715	1.0	0.0	0.0	0.0	0.6680000000000001	2.332	0.0
1716	0.0	0.0	0.0	0.0	0.0	0.0	0.0
1717	0.0	3.0	0.0	1.0	0.9990000000000006	8.001	1.0
1718	1.0	0.0	0.0	0.0	1.0	2.0	0.0
1719	2.0	0.0	0.0	0.0	0.6660000000000004	5.334	0.0
1720	2.0	0.0	0.0	0.0	1.3360000000000003	4.664	0.0
1721	2.0	0.0	1.0	0.0	2.0	4.0	1.0
1722	1.0	0.0	0.0	0.0	0.3330000000000002	2.667	0.0
1723	2.0	1.0	2.0	0.0	3.0	6.0	2.0
1724	0.0	2.0	0.0	1.0	0.6660000000000004	5.334	1.0
1725	0.0	0.0	0.0	0.0	0.0	0.0	0.0
1726	1.0	0.0	1.0	0.0	0.3330000000000002	2.667	1.0
1727	1.0	0.0	0.0	0.0	0.3330000000000002	2.667	0.0
1728	1.0	2.0	1.0	2.0	0.3330000000000002	5.667	2.0
1729	1.0	1.0	0.0	0.0	0.3330000000000002	2.667	0.0
1730	0.0	1.0	0.0	0.0	0.3330000000000002	2.667	0.0
1731	1.0	0.0	0.0	0.0	0.6680000000000001	2.332	0.0
1732	1.0	1.0	0.0	0.0	0.6680000000000001	2.332	0.0
1733	0.0	0.0	0.0	0.0	0.0	0.0	0.0
1734	1.0	1.0	0.0	0.0	1.3330000000000002	4.667	0.0
1735	0.0	0.0	0.0	0.0	0.0	0.0	0.0
