pos	Sd	Nd	Sd_tip	Nd_tip	S	N	comparisons
001	0.0	0.0	0.0	0.0	0.0	0.0	0.0
002	1.0	1.0	1.0	1.0	2.0	4.0	2.0
003	0.0	1.0	0.0	0.0	1.0	2.0	0.0
004	0.0	1.0	0.0	1.0	1.0	2.0	1.0
005	1.0	0.0	1.0	0.0	1.0	2.0	1.0
006	0.0	0.0	0.0	0.0	0.0	0.0	0.0
007	0.0	0.0	0.0	0.0	0.0	0.0	0.0
008	0.0	0.0	0.0	0.0	0.0	0.0	0.0
009	3.0	0.0	3.0	0.0	0.9990000000000006	8.001	3.0
010	0.0	0.0	0.0	0.0	0.0	0.0	0.0
011	2.0	5.0	1.0	2.0	7.0	14.0	3.0
012	2.0	2.0	2.0	1.0	1.3320000000000007	10.668	3.0
013	1.0	3.0	1.0	2.0	3.333	8.667	3.0
014	1.0	0.0	1.0	0.0	0.3330000000000002	2.667	1.0
015	0.0	3.0	0.0	2.0	1.3330000000000002	4.667	1.0
016	1.0	1.0	1.0	0.0	0.6660000000000004	5.334	1.0
017	0.0	0.0	0.0	0.0	0.0	0.0	0.0
018	0.0	0.0	0.0	0.0	0.0	0.0	0.0
019	0.0	0.0	0.0	0.0	0.0	0.0	0.0
020	0.0	0.0	0.0	0.0	0.0	0.0	0.0
021	0.0	0.0	0.0	0.0	0.0	0.0	0.0
022	2.0	3.0	2.0	1.0	2.3360000000000003	6.664	2.0
023	0.0	3.0	0.0	1.0	3.0	6.0	1.0
024	2.0	4.0	2.0	2.0	4.668	10.332	3.0
025	1.0	1.0	0.0	0.0	1.0	2.0	0.0
026	1.0	1.0	1.0	0.0	2.0	4.0	1.0
027	0.0	3.0	0.0	2.0	0.3330000000000002	5.667	1.0
028	3.0	2.0	2.0	1.0	3.0	6.0	2.0
029	0.0	0.0	0.0	0.0	0.0	0.0	0.0
030	0.0	2.0	0.0	1.0	0.3330000000000002	5.667	1.0
031	0.0	0.0	0.0	0.0	0.0	0.0	0.0
032	1.0	0.0	0.0	0.0	1.0	2.0	0.0
033	1.0	4.0	0.0	3.0	3.333	8.667	2.0
034	2.0	3.0	1.0	3.0	2.668	9.332	3.0
035	0.0	5.0	0.0	4.0	2.3320000000000007	12.668	4.0
036	2.0	0.0	0.0	0.0	2.0	4.0	0.0
037	0.0	1.0	0.0	0.0	1.0	2.0	0.0
038	1.0	5.0	0.0	2.0	4.3340000000000005	13.666	2.0
039	0.0	0.0	0.0	0.0	0.0	0.0	0.0
040	1.0	2.0	0.0	1.0	0.6680000000000001	5.332	1.0
041	0.0	1.0	0.0	1.0	0.6680000000000001	2.332	1.0
042	2.0	3.0	2.0	2.0	2.333	6.667	2.0
043	0.0	0.0	0.0	0.0	0.0	0.0	0.0
044	2.0	0.0	1.0	0.0	0.6660000000000004	5.334	1.0
045	0.0	0.0	0.0	0.0	0.0	0.0	0.0
046	1.0	2.0	1.0	1.0	2.333	6.667	2.0
047	1.0	0.0	0.0	0.0	0.6680000000000001	2.332	0.0
048	0.0	0.0	0.0	0.0	0.0	0.0	0.0
049	0.0	0.0	0.0	0.0	0.0	0.0	0.0
050	2.0	1.0	1.0	0.0	3.0	6.0	1.0
051	2.0	0.0	2.0	0.0	1.0	2.0	1.0
052	1.0	2.0	0.0	0.0	1.0	2.0	0.0
053	0.0	4.0	0.0	3.0	2.333	6.667	2.0
054	0.0	3.0	0.0	3.0	1.3330000000000002	4.667	2.0
055	0.0	0.0	0.0	0.0	0.0	0.0	0.0
056	0.0	2.0	0.0	1.0	0.6660000000000004	5.334	1.0
057	1.0	0.0	1.0	0.0	1.0	2.0	1.0
058	0.0	2.0	0.0	0.0	1.6680000000000001	4.332	0.0
059	1.0	3.0	0.0	1.0	3.0	6.0	1.0
060	2.0	3.0	1.0	1.0	3.333	8.667	1.0
061	3.0	2.0	2.0	1.0	3.333	8.667	3.0
062	0.0	1.0	0.0	0.0	0.3330000000000002	2.667	0.0
063	1.0	2.0	0.0	1.0	2.0	4.0	1.0
064	0.0	2.0	0.0	2.0	0.3330000000000002	2.667	1.0
065	0.0	0.0	0.0	0.0	0.0	0.0	0.0
066	1.0	3.0	0.0	2.0	1.9990000000000006	10.001	2.0
067	2.0	2.0	1.0	2.0	3.0	6.0	2.0
068	1.0	0.0	0.0	0.0	1.0	2.0	0.0
069	1.0	3.0	0.0	0.0	0.9990000000000006	8.001	0.0
070	1.0	2.0	1.0	2.0	2.0	4.0	2.0
071	1.0	3.0	1.0	3.0	2.0	4.0	2.0
072	1.0	5.0	1.0	4.0	1.9990000000000006	10.001	3.0
073	2.0	4.0	2.0	4.0	2.333	6.667	3.0
074	0.0	1.0	0.0	0.0	1.0	2.0	0.0
075	2.0	4.0	2.0	2.0	3.333	8.667	2.0
076	0.0	2.0	0.0	2.0	0.3330000000000002	2.667	1.0
077	0.0	0.0	0.0	0.0	0.0	0.0	0.0
078	0.0	0.0	0.0	0.0	0.0	0.0	0.0
079	0.0	0.0	0.0	0.0	0.0	0.0	0.0
080	0.0	0.0	0.0	0.0	0.0	0.0	0.0
081	0.0	2.0	0.0	2.0	0.6660000000000004	5.334	2.0
082	1.0	3.0	1.0	3.0	1.6660000000000004	7.334	3.0
083	1.0	2.0	1.0	1.0	3.4	5.6	2.0
084	1.0	1.0	1.0	1.0	2.0	4.0	2.0
085	1.0	1.0	0.0	1.0	0.6660000000000004	5.334	1.0
086	3.0	4.0	2.0	3.0	5.4	9.6	3.0
087	0.0	4.0	0.0	3.0	1.9990000000000006	10.001	3.0
088	0.0	0.0	0.0	0.0	0.0	0.0	0.0
089	3.0	0.0	3.0	0.0	1.6680000000000001	4.332	2.0
090	1.0	0.0	0.0	0.0	1.0	2.0	0.0
091	2.0	0.0	2.0	0.0	2.0	4.0	2.0
092	2.0	2.0	2.0	0.0	2.668	6.332	2.0
093	2.0	1.0	1.0	0.0	2.0	4.0	1.0
094	2.0	2.0	1.0	2.0	3.733	8.267	3.0
095	3.0	0.0	3.0	0.0	1.6680000000000001	4.332	2.0
096	0.0	0.0	0.0	0.0	0.0	0.0	0.0
097	1.0	0.0	1.0	0.0	0.3330000000000002	2.667	1.0
098	1.0	0.0	1.0	0.0	1.0	2.0	1.0
099	3.0	0.0	2.0	0.0	3.468	5.532	2.0
100	1.0	0.0	1.0	0.0	1.0	2.0	1.0
101	0.0	2.0	0.0	2.0	0.0	3.0	1.0
102	1.0	3.0	1.0	2.0	0.9990000000000006	8.001	2.0
103	2.0	2.0	2.0	0.0	2.333	6.667	2.0
104	1.0	1.0	1.0	0.0	0.6660000000000004	5.334	1.0
105	1.0	2.0	1.0	2.0	0.9990000000000006	8.001	3.0
106	0.0	0.0	0.0	0.0	0.0	0.0	0.0
107	3.0	2.0	1.0	1.0	4.0	8.0	1.0
108	0.0	3.0	0.0	2.0	3.068	5.932	2.0
109	1.0	0.0	1.0	0.0	0.3330000000000002	2.667	1.0
110	0.0	2.0	0.0	2.0	1.3330000000000002	4.667	2.0
111	2.0	2.0	2.0	1.0	1.6660000000000004	7.334	2.0
112	1.0	4.0	0.0	2.0	3.0	6.0	1.0
113	2.0	5.0	1.0	3.0	3.0040000000000004	11.995999999999999	3.0
114	1.0	5.0	0.0	4.0	2.3320000000000007	12.668	4.0
115	0.0	4.0	0.0	2.0	4.0	8.0	2.0
116	0.0	5.0	0.0	1.0	2.6660000000000004	9.334	1.0
117	2.0	2.0	1.0	1.0	2.0	4.0	1.0
118	2.0	2.0	1.0	2.0	1.6660000000000004	7.334	2.0
119	1.0	2.0	1.0	2.0	3.0	6.0	3.0
120	1.0	4.0	1.0	2.0	3.3340000000000005	11.666	3.0
121	2.0	2.0	1.0	2.0	1.3330000000000002	4.667	1.0
122	3.0	0.0	3.0	0.0	3.0	6.0	3.0
123	3.0	1.0	3.0	0.0	3.668	8.332	3.0
124	1.0	2.0	1.0	1.0	1.3330000000000002	4.667	1.0
125	2.0	4.0	1.0	3.0	4.333	10.667	3.0
126	2.0	4.0	2.0	4.0	2.733	6.2669999999999995	3.0
127	1.0	1.0	0.0	0.0	0.6660000000000004	5.334	0.0
128	1.0	1.0	1.0	0.0	0.6660000000000004	5.334	1.0
129	1.0	1.0	0.0	1.0	2.0	4.0	1.0
130	1.0	5.0	0.0	4.0	4.001	10.998999999999999	4.0
131	2.0	0.0	1.0	0.0	2.0	4.0	1.0
132	1.0	4.0	0.0	4.0	2.6660000000000004	9.334	3.0
133	0.0	0.0	0.0	0.0	0.0	0.0	0.0
134	2.0	1.0	1.0	1.0	2.0	4.0	1.0
135	0.0	1.0	0.0	1.0	1.0	2.0	1.0
136	4.0	0.0	3.0	0.0	4.0	8.0	3.0
137	2.0	2.0	1.0	2.0	2.333	6.667	2.0
138	2.0	2.0	1.0	1.0	3.0	6.0	1.0
139	0.0	2.0	0.0	0.0	1.3330000000000002	4.667	0.0
140	1.0	3.0	1.0	2.0	1.6660000000000004	7.334	2.0
141	1.0	1.0	0.0	0.0	2.0	4.0	0.0
142	0.0	0.0	0.0	0.0	0.0	0.0	0.0
143	1.0	1.0	1.0	0.0	2.0	4.0	1.0
144	1.0	2.0	0.0	1.0	1.3330000000000002	4.667	1.0
145	1.0	2.0	0.0	1.0	2.0	4.0	1.0
146	1.0	4.0	0.0	1.0	3.333	8.667	1.0
147	1.0	3.0	0.0	0.0	3.4	5.6	0.0
148	2.0	4.0	1.0	3.0	1.9990000000000006	10.001	2.0
149	3.0	4.0	1.0	3.0	6.333	14.667	4.0
150	1.0	2.0	1.0	0.0	2.333	6.667	1.0
151	2.0	1.0	2.0	0.0	0.9990000000000006	8.001	2.0
152	3.0	3.0	1.0	2.0	2.3320000000000007	12.668	3.0
153	3.0	3.0	2.0	1.0	3.6660000000000004	11.334	3.0
154	0.0	3.0	0.0	2.0	1.3330000000000002	4.667	1.0
155	1.0	1.0	1.0	1.0	0.3330000000000002	2.667	1.0
156	0.0	0.0	0.0	0.0	0.0	0.0	0.0
157	2.0	1.0	0.0	0.0	2.068	3.932	0.0
158	2.0	2.0	2.0	2.0	1.3330000000000002	4.667	2.0
159	2.0	2.0	2.0	0.0	3.0	6.0	2.0
160	0.0	0.0	0.0	0.0	0.0	0.0	0.0
161	0.0	0.0	0.0	0.0	0.0	0.0	0.0
162	0.0	0.0	0.0	0.0	0.0	0.0	0.0
163	1.0	0.0	1.0	0.0	1.0	2.0	1.0
164	2.0	0.0	1.0	0.0	0.6660000000000004	5.334	1.0
165	0.0	3.0	0.0	2.0	1.3340000000000005	7.6659999999999995	2.0
166	2.0	2.0	2.0	2.0	2.0	4.0	2.0
167	2.0	3.0	2.0	3.0	4.068	7.932	4.0
168	2.0	1.0	0.0	0.0	2.0	4.0	0.0
169	1.0	0.0	1.0	0.0	1.0	2.0	1.0
170	1.0	0.0	0.0	0.0	1.0	2.0	0.0
171	3.0	0.0	1.0	0.0	2.0040000000000004	6.9959999999999996	1.0
172	0.0	1.0	0.0	1.0	0.3330000000000002	2.667	1.0
173	1.0	1.0	1.0	1.0	2.0	4.0	2.0
174	1.0	0.0	0.0	0.0	1.0	2.0	0.0
175	3.0	5.0	3.0	3.0	3.3340000000000005	11.666	4.0
176	3.0	0.0	3.0	0.0	3.0	6.0	3.0
177	1.0	3.0	1.0	2.0	1.6670000000000007	10.332999999999998	3.0
178	1.0	2.0	0.0	1.0	1.3330000000000002	4.667	1.0
179	0.0	1.0	0.0	0.0	0.3330000000000002	2.667	0.0
180	0.0	2.0	0.0	1.0	1.3330000000000002	4.667	1.0
181	0.0	1.0	0.0	0.0	0.3330000000000002	2.667	0.0
182	3.0	5.0	1.0	4.0	3.3320000000000007	14.668	4.0
183	2.0	1.0	2.0	1.0	3.0	6.0	3.0
184	0.0	2.0	0.0	0.0	1.0	2.0	0.0
185	0.0	0.0	0.0	0.0	0.0	0.0	0.0
186	1.0	3.0	1.0	3.0	2.668	9.332	4.0
187	1.0	0.0	1.0	0.0	0.3330000000000002	2.667	1.0
188	2.0	0.0	2.0	0.0	2.0	4.0	2.0
189	0.0	1.0	0.0	0.0	0.0	3.0	0.0
190	0.0	0.0	0.0	0.0	0.0	0.0	0.0
191	2.0	3.0	2.0	3.0	3.0010000000000003	8.998999999999999	4.0
192	0.0	2.0	0.0	1.0	0.6660000000000004	5.334	1.0
193	2.0	0.0	1.0	0.0	0.6660000000000004	5.334	1.0
194	1.0	0.0	0.0	0.0	0.3330000000000002	2.667	0.0
195	2.0	0.0	1.0	0.0	2.0	4.0	1.0
196	1.0	0.0	1.0	0.0	1.0	2.0	1.0
197	0.0	0.0	0.0	0.0	0.0	0.0	0.0
198	1.0	0.0	0.0	0.0	0.6680000000000001	2.332	0.0
199	2.0	3.0	2.0	2.0	2.6660000000000004	9.334	3.0
200	3.0	1.0	3.0	1.0	3.0	6.0	3.0
201	1.0	0.0	0.0	0.0	0.3330000000000002	2.667	0.0
202	0.0	1.0	0.0	1.0	1.0	2.0	1.0
203	2.0	0.0	1.0	0.0	0.6660000000000004	5.334	1.0
204	2.0	1.0	1.0	1.0	0.9990000000000006	8.001	2.0
205	3.0	2.0	2.0	2.0	2.333	6.667	2.0
206	3.0	2.0	2.0	0.0	5.136	9.864	2.0
207	2.0	2.0	1.0	0.0	1.9990000000000006	10.001	1.0
208	1.0	1.0	0.0	1.0	0.6660000000000004	5.334	1.0
209	2.0	0.0	1.0	0.0	2.0	4.0	1.0
210	0.0	2.0	0.0	0.0	0.3330000000000002	2.667	0.0
211	3.0	3.0	2.0	3.0	1.9990000000000006	10.001	3.0
212	1.0	0.0	1.0	0.0	1.0	2.0	1.0
213	2.0	2.0	2.0	0.0	3.0	6.0	2.0
214	1.0	2.0	1.0	1.0	2.333	6.667	2.0
215	1.0	1.0	0.0	1.0	2.0	4.0	1.0
216	3.0	2.0	3.0	0.0	1.9990000000000006	10.001	3.0
217	0.0	5.0	0.0	2.0	1.3320000000000007	10.668	2.0
218	2.0	1.0	2.0	0.0	3.0	6.0	2.0
219	0.0	0.0	0.0	0.0	0.0	0.0	0.0
220	2.0	0.0	1.0	0.0	2.0	4.0	1.0
221	2.0	1.0	1.0	0.0	2.0	4.0	1.0
222	1.0	2.0	0.0	1.0	1.6660000000000004	7.334	1.0
223	3.0	0.0	2.0	0.0	3.0	6.0	2.0
224	0.0	0.0	0.0	0.0	0.0	0.0	0.0
225	0.0	0.0	0.0	0.0	0.0	0.0	0.0
226	1.0	2.0	1.0	1.0	2.333	6.667	2.0
227	1.0	2.0	0.0	0.0	2.0	4.0	0.0
228	2.0	3.0	2.0	2.0	2.3990000000000005	9.600999999999999	3.0
229	0.0	0.0	0.0	0.0	0.0	0.0	0.0
230	2.0	1.0	0.0	0.0	0.6660000000000004	5.334	0.0
231	2.0	3.0	1.0	3.0	3.0	6.0	2.0
232	2.0	2.0	2.0	1.0	1.6660000000000004	7.334	2.0
233	0.0	4.0	0.0	3.0	1.6660000000000004	7.334	2.0
234	1.0	4.0	0.0	0.0	1.3320000000000007	10.668	0.0
235	4.0	3.0	4.0	2.0	5.0	10.0	4.0
236	0.0	3.0	0.0	2.0	0.3330000000000002	5.667	1.0
237	1.0	2.0	1.0	1.0	3.0	6.0	2.0
238	1.0	0.0	0.0	0.0	1.0	2.0	0.0
239	4.0	1.0	2.0	1.0	4.0	8.0	2.0
240	4.0	0.0	2.0	0.0	3.0	6.0	2.0
241	1.0	0.0	1.0	0.0	1.0	2.0	1.0
242	0.0	1.0	0.0	1.0	0.3330000000000002	2.667	1.0
243	3.0	0.0	1.0	0.0	3.0	6.0	1.0
244	1.0	2.0	0.0	1.0	2.333	6.667	1.0
245	1.0	1.0	1.0	1.0	2.0	4.0	2.0
246	2.0	0.0	2.0	0.0	2.0	4.0	2.0
247	1.0	3.0	0.0	2.0	4.0	8.0	2.0
248	3.0	2.0	3.0	2.0	2.3340000000000005	9.666	4.0
249	3.0	1.0	1.0	0.0	3.0	6.0	1.0
250	1.0	1.0	1.0	1.0	1.0	2.0	1.0
251	1.0	0.0	0.0	0.0	1.0	2.0	0.0
252	2.0	1.0	1.0	1.0	2.0	4.0	1.0
253	1.0	0.0	0.0	0.0	0.3330000000000002	2.667	0.0
254	2.0	1.0	2.0	0.0	3.0	6.0	2.0
255	2.0	0.0	2.0	0.0	2.0	4.0	2.0
256	2.0	6.0	2.0	4.0	3.668	11.332	3.0
257	3.0	0.0	2.0	0.0	3.0	6.0	2.0
258	3.0	3.0	1.0	2.0	5.4	9.6	3.0
259	3.0	3.0	3.0	3.0	4.0	8.0	4.0
260	2.0	2.0	1.0	1.0	3.0	6.0	2.0
261	0.0	3.0	0.0	1.0	0.6660000000000004	5.334	1.0
262	1.0	3.0	0.0	2.0	1.3320000000000007	10.668	2.0
263	0.0	4.0	0.0	3.0	1.3320000000000007	10.668	3.0
264	0.0	2.0	0.0	1.0	1.0010000000000003	4.999	1.0
265	2.0	2.0	1.0	2.0	0.9990000000000006	8.001	2.0
266	1.0	3.0	0.0	2.0	2.6660000000000004	9.334	2.0
267	1.0	1.0	1.0	1.0	2.0	4.0	2.0
268	2.0	1.0	1.0	0.0	3.0	6.0	1.0
269	3.0	1.0	3.0	0.0	4.0	8.0	3.0
270	2.0	0.0	1.0	0.0	2.0	4.0	1.0
271	3.0	0.0	2.0	0.0	1.6680000000000001	4.332	1.0
272	4.0	0.0	2.0	0.0	3.3360000000000003	8.664	2.0
273	2.0	0.0	1.0	0.0	2.0	4.0	1.0
274	1.0	3.0	0.0	2.0	1.3320000000000007	10.668	2.0
275	2.0	1.0	2.0	0.0	3.0	6.0	2.0
276	0.0	1.0	0.0	0.0	1.0	2.0	0.0
277	1.0	1.0	0.0	1.0	2.0	4.0	1.0
278	3.0	1.0	2.0	0.0	3.0	6.0	2.0
279	1.0	1.0	0.0	0.0	2.0	4.0	0.0
280	2.0	2.0	2.0	0.0	3.333	8.667	2.0
281	2.0	2.0	1.0	1.0	3.0	6.0	1.0
282	2.0	1.0	1.0	1.0	3.0	6.0	2.0
283	5.0	0.0	2.0	0.0	4.0	8.0	2.0
284	3.0	0.0	2.0	0.0	3.0	6.0	2.0
285	2.0	1.0	2.0	1.0	2.0	4.0	2.0
286	3.0	1.0	1.0	0.0	2.736	6.263999999999999	1.0
287	0.0	0.0	0.0	0.0	0.0	0.0	0.0
288	3.0	2.0	1.0	1.0	3.333	8.667	2.0
289	1.0	2.0	0.0	1.0	1.6660000000000004	7.334	1.0
290	1.0	2.0	0.0	0.0	1.0	2.0	0.0
291	2.0	3.0	0.0	3.0	2.6660000000000004	9.334	2.0
292	4.0	0.0	2.0	0.0	3.668	8.332	2.0
293	1.0	2.0	1.0	2.0	2.668	6.332	3.0
294	3.0	0.0	3.0	0.0	0.9990000000000006	8.001	3.0
295	0.0	0.0	0.0	0.0	0.0	0.0	0.0
296	1.0	2.0	0.0	1.0	3.0	6.0	1.0
297	3.0	1.0	1.0	0.0	1.9990000000000006	10.001	1.0
298	2.0	0.0	2.0	0.0	2.0	4.0	2.0
299	2.0	0.0	1.0	0.0	2.0	4.0	1.0
300	3.0	2.0	2.0	1.0	4.469	10.530999999999999	3.0
301	2.0	0.0	1.0	0.0	2.0	4.0	1.0
302	3.0	2.0	1.0	1.0	3.333	8.667	2.0
303	1.0	3.0	1.0	2.0	1.9990000000000006	10.001	3.0
304	2.0	3.0	1.0	1.0	4.0	8.0	2.0
305	2.0	2.0	2.0	1.0	3.333	8.667	3.0
306	1.0	2.0	1.0	0.0	0.6660000000000004	5.334	1.0
307	2.0	0.0	0.0	0.0	2.0	4.0	0.0
308	2.0	0.0	2.0	0.0	2.0	4.0	2.0
309	0.0	0.0	0.0	0.0	0.0	0.0	0.0
310	0.0	2.0	0.0	0.0	0.6680000000000001	5.332	0.0
311	2.0	0.0	1.0	0.0	0.6660000000000004	5.334	1.0
312	3.0	1.0	1.0	1.0	4.0	8.0	2.0
313	1.0	0.0	0.0	0.0	0.3330000000000002	2.667	0.0
314	2.0	0.0	2.0	0.0	0.6660000000000004	5.334	2.0
315	1.0	0.0	0.0	0.0	0.3330000000000002	2.667	0.0
316	1.0	2.0	0.0	0.0	0.0	3.0	0.0
317	3.0	0.0	2.0	0.0	2.3360000000000003	6.664	2.0
318	3.0	0.0	2.0	0.0	3.0	6.0	2.0
319	1.0	0.0	1.0	0.0	0.3330000000000002	2.667	1.0
320	1.0	0.0	1.0	0.0	0.3330000000000002	2.667	1.0
321	3.0	0.0	3.0	0.0	2.668	6.332	3.0
322	1.0	0.0	0.0	0.0	1.0	2.0	0.0
323	1.0	0.0	0.0	0.0	0.3330000000000002	2.667	0.0
324	0.0	1.0	0.0	0.0	0.0	3.0	0.0
325	2.0	0.0	1.0	0.0	2.0	4.0	1.0
326	3.0	1.0	2.0	0.0	4.0	8.0	2.0
327	3.0	0.0	1.0	0.0	3.0	6.0	1.0
328	1.0	0.0	0.0	0.0	0.3330000000000002	2.667	0.0
329	2.0	0.0	1.0	0.0	2.0	4.0	1.0
330	0.0	0.0	0.0	0.0	0.0	0.0	0.0
331	1.0	0.0	0.0	0.0	1.0	2.0	0.0
332	2.0	0.0	1.0	0.0	2.0	4.0	1.0
333	0.0	2.0	0.0	1.0	0.3330000000000002	5.667	1.0
334	0.0	1.0	0.0	1.0	0.0	3.0	1.0
335	1.0	0.0	0.0	0.0	1.0	2.0	0.0
336	2.0	0.0	2.0	0.0	0.6660000000000004	5.334	2.0
337	1.0	0.0	1.0	0.0	0.6680000000000001	2.332	1.0
338	0.0	0.0	0.0	0.0	0.0	0.0	0.0
339	2.0	0.0	1.0	0.0	0.6660000000000004	5.334	1.0
340	1.0	1.0	1.0	0.0	1.6680000000000001	4.332	1.0
341	1.0	0.0	0.0	0.0	1.0	2.0	0.0
342	2.0	0.0	1.0	0.0	2.0	4.0	1.0
343	2.0	1.0	1.0	1.0	1.3330000000000002	4.667	1.0
344	2.0	1.0	0.0	0.0	0.6660000000000004	5.334	0.0
345	0.0	0.0	0.0	0.0	0.0	0.0	0.0
346	1.0	0.0	0.0	0.0	1.0	2.0	0.0
347	2.0	1.0	2.0	0.0	2.3360000000000003	6.664	2.0
348	2.0	0.0	2.0	0.0	2.0	4.0	2.0
349	2.0	0.0	1.0	0.0	2.0	4.0	1.0
350	0.0	1.0	0.0	0.0	1.4	1.6	0.0
351	0.0	0.0	0.0	0.0	0.0	0.0	0.0
352	1.0	0.0	1.0	0.0	1.0	2.0	1.0
353	0.0	2.0	0.0	2.0	1.0	2.0	1.0
354	4.0	2.0	2.0	2.0	4.0	8.0	2.0
355	2.0	1.0	0.0	1.0	0.9990000000000006	8.001	1.0
356	0.0	0.0	0.0	0.0	0.0	0.0	0.0
357	1.0	1.0	1.0	0.0	2.0	4.0	1.0
358	1.0	0.0	0.0	0.0	0.3330000000000002	2.667	0.0
359	0.0	1.0	0.0	1.0	1.0	2.0	1.0
360	0.0	3.0	0.0	1.0	0.9990000000000006	8.001	1.0
361	1.0	0.0	1.0	0.0	0.3330000000000002	2.667	1.0
362	3.0	0.0	1.0	0.0	3.0	6.0	1.0
363	0.0	0.0	0.0	0.0	0.0	0.0	0.0
364	1.0	0.0	0.0	0.0	1.0	2.0	0.0
365	0.0	0.0	0.0	0.0	0.0	0.0	0.0
366	0.0	0.0	0.0	0.0	0.0	0.0	0.0
367	1.0	0.0	0.0	0.0	0.3330000000000002	2.667	0.0
368	1.0	0.0	0.0	0.0	0.3330000000000002	2.667	0.0
369	1.0	0.0	1.0	0.0	1.0	2.0	1.0
370	2.0	0.0	1.0	0.0	0.6660000000000004	5.334	1.0
371	1.0	2.0	1.0	0.0	1.6660000000000004	7.334	1.0
372	0.0	0.0	0.0	0.0	0.0	0.0	0.0
373	0.0	0.0	0.0	0.0	0.0	0.0	0.0
374	3.0	0.0	3.0	0.0	3.0	6.0	3.0
375	1.0	0.0	1.0	0.0	0.3330000000000002	2.667	1.0
376	2.0	0.0	1.0	0.0	2.0	4.0	1.0
377	0.0	0.0	0.0	0.0	0.0	0.0	0.0
378	0.0	0.0	0.0	0.0	0.0	0.0	0.0
379	1.0	2.0	0.0	2.0	0.6660000000000004	5.334	1.0
380	0.0	0.0	0.0	0.0	0.0	0.0	0.0
381	1.0	0.0	0.0	0.0	0.3330000000000002	2.667	0.0
382	2.0	2.0	1.0	2.0	3.733	8.267	3.0
383	1.0	2.0	1.0	1.0	1.3330000000000002	4.667	1.0
384	3.0	2.0	1.0	1.0	3.333	8.667	2.0
385	3.0	2.0	1.0	1.0	3.333	8.667	1.0
386	0.0	0.0	0.0	0.0	0.0	0.0	0.0
387	0.0	0.0	0.0	0.0	0.0	0.0	0.0
388	0.0	0.0	0.0	0.0	0.0	0.0	0.0
389	1.0	3.0	1.0	2.0	2.333	6.667	2.0
390	1.0	1.0	1.0	1.0	1.3330000000000002	4.667	2.0
391	0.0	2.0	0.0	1.0	2.0	4.0	1.0
392	1.0	1.0	1.0	0.0	1.3330000000000002	4.667	1.0
393	0.0	1.0	0.0	0.0	0.6680000000000001	2.332	0.0
394	0.0	1.0	0.0	1.0	1.0	2.0	1.0
395	0.0	1.0	0.0	1.0	0.6680000000000001	2.332	1.0
396	4.0	0.0	2.0	0.0	3.668	8.332	2.0
397	1.0	0.0	1.0	0.0	0.3330000000000002	2.667	1.0
398	2.0	0.0	0.0	0.0	2.0	4.0	0.0
399	2.0	1.0	0.0	1.0	1.0010000000000003	4.999	1.0
400	0.0	1.0	0.0	0.0	0.0	3.0	0.0
401	2.0	0.0	1.0	0.0	2.8	3.2	1.0
402	3.0	0.0	2.0	0.0	0.9990000000000006	8.001	2.0
403	3.0	2.0	1.0	1.0	4.668	10.332	2.0
404	4.0	0.0	4.0	0.0	4.068	7.932	4.0
405	2.0	2.0	2.0	2.0	0.6660000000000004	5.334	2.0
406	3.0	2.0	2.0	1.0	1.3320000000000007	10.668	2.0
407	2.0	1.0	1.0	1.0	3.0	6.0	2.0
408	3.0	1.0	1.0	0.0	3.068	5.932	1.0
409	2.0	1.0	2.0	0.0	3.0	6.0	2.0
410	2.0	4.0	1.0	0.0	2.668	9.332	1.0
411	1.0	2.0	0.0	1.0	1.6660000000000004	7.334	1.0
412	2.0	1.0	2.0	0.0	3.0	6.0	2.0
413	2.0	2.0	2.0	0.0	1.9990000000000006	10.001	2.0
414	4.0	0.0	2.0	0.0	4.0	8.0	2.0
415	3.0	4.0	3.0	1.0	5.069000000000001	12.931	3.0
416	1.0	3.0	0.0	2.0	4.0	8.0	2.0
417	2.0	1.0	1.0	1.0	2.668	6.332	2.0
418	2.0	0.0	1.0	0.0	2.0	4.0	1.0
419	2.0	5.0	1.0	4.0	4.333	10.667	3.0
420	4.0	3.0	3.0	1.0	6.0	12.0	4.0
421	1.0	4.0	0.0	4.0	1.9990000000000006	10.001	3.0
422	2.0	1.0	0.0	1.0	3.0	6.0	1.0
423	1.0	2.0	0.0	0.0	1.6680000000000001	4.332	0.0
424	3.0	0.0	2.0	0.0	3.0	6.0	2.0
425	4.0	0.0	2.0	0.0	4.0	8.0	2.0
426	0.0	5.0	0.0	3.0	1.3320000000000007	10.668	2.0
427	1.0	1.0	1.0	1.0	2.0	4.0	2.0
428	1.0	2.0	0.0	2.0	2.0	4.0	1.0
429	1.0	3.0	0.0	2.0	1.6660000000000004	7.334	2.0
430	0.0	0.0	0.0	0.0	0.0	0.0	0.0
431	1.0	0.0	1.0	0.0	0.3330000000000002	2.667	1.0
432	5.0	1.0	2.0	1.0	4.005000000000001	13.995000000000001	3.0
433	2.0	3.0	1.0	1.0	3.668	8.332	1.0
434	2.0	3.0	1.0	3.0	2.333	6.667	2.0
435	2.0	2.0	2.0	1.0	2.333	6.667	2.0
436	2.0	2.0	2.0	0.0	1.6660000000000004	7.334	2.0
437	2.0	0.0	2.0	0.0	2.0	4.0	2.0
438	3.0	3.0	1.0	2.0	5.0	10.0	2.0
439	0.0	1.0	0.0	1.0	1.0	2.0	1.0
440	3.0	1.0	3.0	1.0	2.668	6.332	3.0
441	3.0	0.0	2.0	0.0	3.0	6.0	2.0
442	0.0	1.0	0.0	1.0	1.0	2.0	1.0
443	3.0	2.0	1.0	2.0	1.9990000000000006	10.001	2.0
444	3.0	3.0	2.0	1.0	3.0	9.0	2.0
445	2.0	5.0	1.0	3.0	3.6660000000000004	11.334	2.0
446	3.0	1.0	2.0	1.0	3.4010000000000002	8.599	3.0
447	2.0	3.0	1.0	2.0	5.4	9.6	3.0
448	2.0	0.0	2.0	0.0	0.6660000000000004	5.334	2.0
449	1.0	3.0	1.0	2.0	0.9990000000000006	8.001	2.0
450	3.0	1.0	1.0	1.0	1.3320000000000007	10.668	2.0
451	2.0	2.0	1.0	2.0	1.6660000000000004	7.334	2.0
452	2.0	4.0	1.0	3.0	2.333	6.667	2.0
453	1.0	1.0	1.0	1.0	0.6660000000000004	5.334	2.0
454	3.0	1.0	2.0	0.0	1.3320000000000007	10.668	2.0
455	2.0	2.0	1.0	1.0	1.3320000000000007	10.668	2.0
456	2.0	2.0	1.0	1.0	1.3320000000000007	10.668	2.0
457	0.0	2.0	0.0	1.0	0.6660000000000004	5.334	1.0
458	1.0	2.0	0.0	0.0	0.3330000000000002	5.667	0.0
459	1.0	2.0	1.0	0.0	0.6660000000000004	5.334	1.0
460	1.0	2.0	0.0	1.0	1.3330000000000002	4.667	1.0
461	0.0	0.0	0.0	0.0	0.0	0.0	0.0
462	0.0	0.0	0.0	0.0	0.0	0.0	0.0
463	0.0	0.0	0.0	0.0	0.0	0.0	0.0
464	0.0	0.0	0.0	0.0	0.0	0.0	0.0
465	0.0	0.0	0.0	0.0	0.0	0.0	0.0
466	1.0	2.0	0.0	1.0	1.6660000000000004	7.334	1.0
467	1.0	3.0	1.0	2.0	0.9990000000000006	8.001	2.0
468	0.0	2.0	0.0	1.0	0.6660000000000004	5.334	1.0
469	0.0	5.0	0.0	4.0	1.3320000000000007	10.668	3.0
470	1.0	2.0	1.0	0.0	0.9990000000000006	8.001	1.0
471	1.0	0.0	1.0	0.0	0.3330000000000002	2.667	1.0
472	3.0	0.0	0.0	0.0	1.6680000000000001	4.332	0.0
473	0.0	0.0	0.0	0.0	0.0	0.0	0.0
474	3.0	0.0	2.0	0.0	3.0	6.0	2.0
475	3.0	0.0	3.0	0.0	3.0	6.0	3.0
476	2.0	0.0	2.0	0.0	0.6660000000000004	5.334	2.0
477	2.0	0.0	2.0	0.0	2.0	4.0	2.0
478	1.0	0.0	1.0	0.0	1.4	1.6	1.0
479	1.0	2.0	1.0	0.0	0.9990000000000006	8.001	1.0
480	0.0	3.0	0.0	1.0	0.6660000000000004	5.334	1.0
481	2.0	4.0	1.0	1.0	1.3320000000000007	10.668	2.0
482	2.0	6.0	1.0	4.0	3.6660000000000004	11.334	3.0
483	2.0	3.0	0.0	2.0	3.333	8.667	1.0
484	0.0	0.0	0.0	0.0	0.0	0.0	0.0
485	0.0	0.0	0.0	0.0	0.0	0.0	0.0
486	3.0	3.0	2.0	1.0	5.0	10.0	3.0
487	2.0	4.0	1.0	3.0	4.0	8.0	3.0
488	2.0	0.0	1.0	0.0	2.0	4.0	1.0
489	2.0	0.0	2.0	0.0	2.0	4.0	2.0
490	1.0	3.0	0.0	3.0	1.3320000000000007	10.668	3.0
491	0.0	2.0	0.0	1.0	1.6680000000000001	4.332	1.0
492	0.0	3.0	0.0	1.0	0.9990000000000006	8.001	1.0
493	1.0	0.0	1.0	0.0	0.3330000000000002	2.667	1.0
494	2.0	1.0	2.0	1.0	2.0	4.0	2.0
495	1.0	4.0	1.0	1.0	5.0	10.0	2.0
496	1.0	1.0	0.0	0.0	2.0	4.0	0.0
497	2.0	0.0	1.0	0.0	2.0	4.0	1.0
498	2.0	0.0	1.0	0.0	2.0	4.0	1.0
499	2.0	4.0	2.0	4.0	3.4	8.6	4.0
500	1.0	0.0	1.0	0.0	0.3330000000000002	2.667	1.0
501	3.0	1.0	1.0	1.0	4.0	8.0	2.0
502	3.0	2.0	1.0	0.0	3.0	6.0	1.0
503	2.0	2.0	1.0	0.0	3.0	6.0	1.0
504	0.0	2.0	0.0	1.0	1.3330000000000002	4.667	1.0
505	3.0	0.0	1.0	0.0	3.0	6.0	1.0
506	2.0	2.0	1.0	0.0	0.6660000000000004	5.334	1.0
507	3.0	0.0	2.0	0.0	3.0	6.0	2.0
508	1.0	1.0	0.0	1.0	1.6680000000000001	4.332	1.0
509	1.0	0.0	1.0	0.0	0.3330000000000002	2.667	1.0
510	3.0	5.0	2.0	3.0	4.673000000000001	16.326999999999998	4.0
511	1.0	0.0	1.0	0.0	0.3330000000000002	2.667	1.0
512	1.0	1.0	1.0	0.0	0.6660000000000004	5.334	1.0
513	3.0	0.0	2.0	0.0	3.0	6.0	2.0
514	2.0	1.0	2.0	0.0	2.333	6.667	2.0
515	3.0	3.0	1.0	2.0	5.0	10.0	2.0
516	3.0	0.0	2.0	0.0	2.668	6.332	2.0
517	1.0	0.0	1.0	0.0	0.3330000000000002	2.667	1.0
518	2.0	0.0	1.0	0.0	1.6680000000000001	4.332	1.0
519	2.0	0.0	1.0	0.0	0.6660000000000004	5.334	1.0
520	3.0	0.0	2.0	0.0	3.0	6.0	2.0
521	1.0	0.0	0.0	0.0	0.3330000000000002	2.667	0.0
522	2.0	2.0	1.0	1.0	1.6660000000000004	7.334	1.0
523	1.0	0.0	1.0	0.0	0.3330000000000002	2.667	1.0
524	0.0	0.0	0.0	0.0	0.0	0.0	0.0
525	2.0	0.0	2.0	0.0	0.6660000000000004	5.334	2.0
526	0.0	0.0	0.0	0.0	0.0	0.0	0.0
527	2.0	0.0	1.0	0.0	0.6660000000000004	5.334	1.0
528	0.0	1.0	0.0	1.0	1.0	2.0	1.0
529	2.0	0.0	2.0	0.0	2.0	4.0	2.0
530	2.0	1.0	1.0	1.0	2.0010000000000003	6.999	2.0
531	2.0	2.0	1.0	2.0	0.9990000000000006	8.001	2.0
532	1.0	0.0	0.0	0.0	0.3330000000000002	2.667	0.0
533	1.0	0.0	1.0	0.0	0.3330000000000002	2.667	1.0
534	0.0	0.0	0.0	0.0	0.0	0.0	0.0
535	2.0	3.0	2.0	3.0	3.333	8.667	4.0
536	0.0	0.0	0.0	0.0	0.0	0.0	0.0
537	0.0	2.0	0.0	2.0	0.6660000000000004	5.334	2.0
538	1.0	1.0	1.0	1.0	1.3330000000000002	4.667	2.0
539	2.0	0.0	2.0	0.0	2.0	4.0	2.0
540	1.0	0.0	1.0	0.0	0.3330000000000002	2.667	1.0
541	2.0	3.0	0.0	1.0	4.0	8.0	1.0
542	1.0	1.0	0.0	0.0	0.6660000000000004	5.334	0.0
543	1.0	0.0	0.0	0.0	0.3330000000000002	2.667	0.0
544	2.0	0.0	1.0	0.0	2.068	3.932	1.0
545	1.0	2.0	0.0	1.0	0.9990000000000006	8.001	1.0
546	4.0	0.0	3.0	0.0	3.3360000000000003	8.664	3.0
547	3.0	0.0	1.0	0.0	2.668	6.332	1.0
548	3.0	1.0	1.0	1.0	2.333	6.667	1.0
549	0.0	0.0	0.0	0.0	0.0	0.0	0.0
550	1.0	0.0	1.0	0.0	0.3330000000000002	2.667	1.0
551	0.0	0.0	0.0	0.0	0.0	0.0	0.0
552	3.0	7.0	2.0	4.0	5.333	12.667	3.0
553	2.0	0.0	2.0	0.0	2.0	4.0	2.0
554	3.0	1.0	1.0	1.0	1.3320000000000007	10.668	2.0
555	3.0	1.0	1.0	0.0	2.736	6.263999999999999	1.0
556	3.0	1.0	1.0	0.0	1.6660000000000004	7.334	1.0
557	1.0	1.0	1.0	1.0	0.6660000000000004	5.334	2.0
558	2.0	2.0	2.0	1.0	0.9990000000000006	11.001	3.0
559	3.0	2.0	2.0	1.0	2.6660000000000004	9.334	2.0
560	0.0	0.0	0.0	0.0	0.0	0.0	0.0
561	1.0	2.0	1.0	0.0	1.3360000000000003	7.664	1.0
562	3.0	0.0	1.0	0.0	3.0	6.0	1.0
563	2.0	2.0	1.0	1.0	1.3320000000000007	10.668	2.0
564	2.0	4.0	2.0	2.0	2.6660000000000004	9.334	3.0
565	2.0	0.0	1.0	0.0	2.0	4.0	1.0
566	1.0	2.0	0.0	1.0	0.9990000000000006	8.001	1.0
567	4.0	0.0	2.0	0.0	4.0	8.0	2.0
568	2.0	0.0	0.0	0.0	0.6660000000000004	5.334	0.0
569	2.0	0.0	1.0	0.0	2.0	4.0	1.0
570	2.0	0.0	2.0	0.0	2.0	4.0	2.0
571	0.0	0.0	0.0	0.0	0.0	0.0	0.0
572	2.0	2.0	1.0	0.0	1.6660000000000004	7.334	1.0
573	3.0	0.0	2.0	0.0	0.9990000000000006	8.001	2.0
574	1.0	1.0	0.0	1.0	2.0	4.0	1.0
575	0.0	0.0	0.0	0.0	0.0	0.0	0.0
576	1.0	1.0	1.0	0.0	2.0	4.0	1.0
577	2.0	0.0	1.0	0.0	0.6660000000000004	5.334	1.0
578	3.0	0.0	2.0	0.0	2.668	6.332	2.0
579	3.0	0.0	2.0	0.0	0.9990000000000006	8.001	2.0
580	1.0	1.0	0.0	1.0	1.6680000000000001	4.332	1.0
581	2.0	0.0	2.0	0.0	2.0	4.0	2.0
582	1.0	0.0	0.0	0.0	0.3330000000000002	2.667	0.0
583	3.0	0.0	2.0	0.0	3.0	6.0	2.0
584	2.0	0.0	2.0	0.0	1.3360000000000003	4.664	2.0
585	2.0	0.0	1.0	0.0	2.0	4.0	1.0
586	1.0	0.0	0.0	0.0	1.0	2.0	0.0
587	1.0	1.0	1.0	1.0	0.6660000000000004	5.334	2.0
588	0.0	0.0	0.0	0.0	0.0	0.0	0.0
589	2.0	0.0	0.0	0.0	1.3360000000000003	4.664	0.0
590	4.0	0.0	3.0	0.0	4.0	8.0	3.0
591	2.0	0.0	2.0	0.0	2.0	4.0	2.0
592	1.0	0.0	1.0	0.0	1.0	2.0	1.0
593	0.0	0.0	0.0	0.0	0.0	0.0	0.0
594	1.0	0.0	0.0	0.0	0.3330000000000002	2.667	0.0
595	2.0	0.0	1.0	0.0	0.6660000000000004	5.334	1.0
596	2.0	0.0	2.0	0.0	0.6660000000000004	5.334	2.0
597	3.0	0.0	3.0	0.0	3.0	6.0	3.0
598	2.0	0.0	0.0	0.0	2.0	4.0	0.0
599	3.0	0.0	2.0	0.0	3.0	6.0	2.0
600	1.0	0.0	1.0	0.0	1.0	2.0	1.0
601	2.0	0.0	1.0	0.0	2.0	4.0	1.0
602	3.0	0.0	2.0	0.0	2.0040000000000004	6.9959999999999996	2.0
603	4.0	0.0	4.0	0.0	3.0040000000000004	8.995999999999999	4.0
604	1.0	0.0	1.0	0.0	1.0	2.0	1.0
605	0.0	1.0	0.0	0.0	0.3330000000000002	2.667	0.0
606	3.0	1.0	1.0	1.0	1.3320000000000007	10.668	2.0
607	2.0	1.0	2.0	0.0	3.0	6.0	2.0
608	2.0	0.0	1.0	0.0	2.0	4.0	1.0
609	2.0	1.0	0.0	0.0	1.6680000000000001	4.332	0.0
610	2.0	0.0	0.0	0.0	0.6660000000000004	5.334	0.0
611	3.0	0.0	2.0	0.0	0.9990000000000006	8.001	2.0
612	2.0	3.0	1.0	1.0	2.6660000000000004	9.334	2.0
613	4.0	0.0	2.0	0.0	2.0040000000000004	6.9959999999999996	2.0
614	1.0	2.0	1.0	0.0	2.668	6.332	1.0
615	1.0	3.0	0.0	2.0	1.3320000000000007	10.668	2.0
616	2.0	0.0	1.0	0.0	0.6660000000000004	5.334	1.0
617	0.0	1.0	0.0	1.0	0.3330000000000002	2.667	1.0
618	1.0	1.0	1.0	0.0	2.0	4.0	1.0
619	1.0	2.0	1.0	2.0	0.6660000000000004	5.334	2.0
620	2.0	1.0	1.0	1.0	1.6660000000000004	7.334	2.0
621	1.0	1.0	0.0	1.0	1.6680000000000001	4.332	1.0
622	1.0	0.0	0.0	0.0	0.3330000000000002	2.667	0.0
623	2.0	1.0	1.0	0.0	3.0	6.0	1.0
624	1.0	0.0	1.0	0.0	0.3330000000000002	2.667	1.0
625	1.0	0.0	1.0	0.0	1.0	2.0	1.0
626	2.0	0.0	2.0	0.0	1.3360000000000003	4.664	2.0
627	1.0	0.0	1.0	0.0	0.3330000000000002	2.667	1.0
628	3.0	0.0	1.0	0.0	3.0	6.0	1.0
629	2.0	2.0	2.0	2.0	1.6660000000000004	7.334	3.0
630	1.0	4.0	1.0	2.0	4.668	10.332	3.0
631	0.0	2.0	0.0	2.0	1.0	2.0	1.0
632	3.0	2.0	2.0	2.0	2.668	6.332	2.0
633	3.0	2.0	0.0	2.0	4.0	8.0	1.0
634	2.0	0.0	2.0	0.0	0.6660000000000004	5.334	2.0
635	3.0	0.0	3.0	0.0	3.0	6.0	3.0
636	2.0	2.0	1.0	2.0	1.0010000000000003	4.999	1.0
637	3.0	1.0	2.0	1.0	1.6660000000000004	7.334	2.0
638	2.0	3.0	0.0	1.0	3.668	8.332	1.0
639	0.0	2.0	0.0	2.0	0.3330000000000002	2.667	1.0
640	2.0	2.0	2.0	2.0	2.0010000000000003	6.999	3.0
641	1.0	2.0	1.0	2.0	0.6660000000000004	5.334	2.0
642	2.0	1.0	1.0	1.0	3.0	6.0	2.0
643	2.0	4.0	1.0	3.0	2.6660000000000004	9.334	2.0
644	3.0	5.0	2.0	3.0	3.6660000000000004	11.334	3.0
645	1.0	3.0	1.0	2.0	1.0	8.0	2.0
646	3.0	2.0	0.0	2.0	5.0	10.0	2.0
647	3.0	7.0	2.0	5.0	4.0	11.0	3.0
648	2.0	2.0	1.0	1.0	1.3320000000000007	10.668	2.0
649	3.0	1.0	3.0	1.0	3.0	6.0	3.0
650	2.0	2.0	2.0	2.0	1.6660000000000004	7.334	3.0
651	3.0	4.0	2.0	4.0	4.0	8.0	3.0
652	3.0	4.0	3.0	3.0	2.3320000000000007	12.668	4.0
653	4.0	1.0	3.0	1.0	5.0	10.0	4.0
654	2.0	5.0	2.0	4.0	3.6660000000000004	11.334	4.0
655	5.0	2.0	3.0	2.0	5.001	12.998999999999999	4.0
656	1.0	7.0	1.0	3.0	3.333000000000001	17.666999999999998	3.0
657	1.0	3.0	1.0	2.0	1.9990000000000006	10.001	3.0
658	1.0	5.0	1.0	5.0	0.9990000000000006	8.001	3.0
659	5.0	6.0	3.0	5.0	3.9990000000000006	14.001	4.0
660	3.0	6.0	2.0	4.0	6.001	14.998999999999999	4.0
661	2.0	4.0	2.0	2.0	2.6660000000000004	9.334	2.0
662	2.0	1.0	1.0	0.0	3.0	6.0	1.0
663	0.0	2.0	0.0	0.0	0.3330000000000002	2.667	0.0
664	1.0	5.0	0.0	4.0	2.3320000000000007	12.668	3.0
665	0.0	0.0	0.0	0.0	0.0	0.0	0.0
666	0.0	0.0	0.0	0.0	0.0	0.0	0.0
667	0.0	0.0	0.0	0.0	0.0	0.0	0.0
668	0.0	0.0	0.0	0.0	0.0	0.0	0.0
669	0.0	0.0	0.0	0.0	0.0	0.0	0.0
670	1.0	2.0	0.0	1.0	1.733	4.2669999999999995	1.0
671	1.0	1.0	0.0	0.0	0.3330000000000002	2.667	0.0
672	1.0	1.0	0.0	1.0	2.0	4.0	1.0
673	3.0	6.0	1.0	5.0	3.3320000000000007	14.668	3.0
674	3.0	7.0	3.0	5.0	3.3320000000000007	14.668	5.0
675	3.0	6.0	2.0	6.0	4.333	10.667	4.0
676	4.0	3.0	3.0	1.0	6.0	12.0	3.0
677	2.0	2.0	1.0	1.0	1.6660000000000004	7.334	1.0
678	2.0	5.0	2.0	2.0	3.3320000000000007	14.668	4.0
679	2.0	7.0	1.0	6.0	2.665000000000001	15.334999999999999	4.0
680	2.0	2.0	2.0	2.0	0.6660000000000004	5.334	2.0
681	4.0	1.0	3.0	1.0	5.0	10.0	4.0
682	4.0	5.0	3.0	4.0	4.332000000000001	16.668	5.0
683	2.0	3.0	2.0	3.0	2.0040000000000004	9.995999999999999	4.0
684	4.0	2.0	2.0	2.0	3.0040000000000004	8.995999999999999	2.0
685	0.0	0.0	0.0	0.0	0.0	0.0	0.0
686	0.0	0.0	0.0	0.0	0.0	0.0	0.0
687	0.0	0.0	0.0	0.0	0.0	0.0	0.0
688	0.0	0.0	0.0	0.0	0.0	0.0	0.0
689	0.0	0.0	0.0	0.0	0.0	0.0	0.0
690	2.0	0.0	1.0	0.0	2.0	4.0	1.0
691	1.0	2.0	1.0	2.0	2.0	4.0	2.0
692	4.0	2.0	2.0	2.0	5.800000000000001	9.2	3.0
693	6.0	2.0	4.0	2.0	4.0040000000000004	10.995999999999999	4.0
694	3.0	0.0	2.0	0.0	2.3360000000000003	6.664	2.0
695	4.0	1.0	2.0	1.0	4.0	8.0	2.0
696	4.0	1.0	4.0	1.0	4.4	7.6	4.0
697	1.0	3.0	0.0	2.0	1.6660000000000004	7.334	1.0
698	3.0	1.0	3.0	1.0	3.0	6.0	3.0
699	2.0	2.0	2.0	2.0	0.6660000000000004	8.334	3.0
700	2.0	3.0	2.0	3.0	3.0	6.0	3.0
701	2.0	0.0	2.0	0.0	1.3360000000000003	4.664	2.0
702	1.0	2.0	1.0	1.0	0.9990000000000006	8.001	2.0
703	1.0	0.0	1.0	0.0	0.3330000000000002	2.667	1.0
704	4.0	0.0	3.0	0.0	4.0	8.0	3.0
705	0.0	1.0	0.0	0.0	1.0	2.0	0.0
706	0.0	0.0	0.0	0.0	0.0	0.0	0.0
707	3.0	1.0	1.0	1.0	4.0	8.0	2.0
708	0.0	0.0	0.0	0.0	0.0	0.0	0.0
709	1.0	0.0	1.0	0.0	0.3330000000000002	2.667	1.0
710	2.0	2.0	2.0	2.0	1.3330000000000002	4.667	2.0
711	1.0	1.0	0.0	1.0	0.6660000000000004	5.334	1.0
712	3.0	2.0	2.0	2.0	3.133	5.866999999999999	2.0
713	1.0	2.0	1.0	2.0	1.0	2.0	1.0
714	2.0	1.0	1.0	1.0	1.733	4.2669999999999995	1.0
715	3.0	2.0	0.0	2.0	2.0010000000000003	6.999	1.0
716	5.0	2.0	3.0	2.0	5.668	12.332	4.0
717	3.0	1.0	2.0	1.0	3.0	6.0	2.0
718	6.0	0.0	3.0	0.0	5.804	12.196000000000002	3.0
719	2.0	2.0	2.0	2.0	2.0	4.0	2.0
720	3.0	1.0	2.0	1.0	3.733	8.267	3.0
721	3.0	0.0	3.0	0.0	3.468	5.532	3.0
722	2.0	0.0	1.0	0.0	0.6660000000000004	5.334	1.0
723	1.0	1.0	1.0	1.0	1.0	2.0	1.0
724	1.0	1.0	1.0	0.0	0.6660000000000004	5.334	1.0
725	0.0	1.0	0.0	0.0	1.0	2.0	0.0
726	2.0	0.0	1.0	0.0	0.6660000000000004	5.334	1.0
727	1.0	0.0	0.0	0.0	0.3330000000000002	2.667	0.0
728	3.0	2.0	3.0	2.0	0.9990000000000006	8.001	3.0
729	4.0	2.0	2.0	0.0	3.6660000000000004	11.334	2.0
730	2.0	0.0	2.0	0.0	0.6660000000000004	5.334	2.0
731	0.0	0.0	0.0	0.0	0.0	0.0	0.0
732	6.0	0.0	5.0	0.0	5.068	9.932	4.0
733	2.0	0.0	2.0	0.0	1.3360000000000003	4.664	2.0
734	1.0	0.0	1.0	0.0	0.3330000000000002	2.667	1.0
735	2.0	0.0	1.0	0.0	2.0	4.0	1.0
736	2.0	0.0	1.0	0.0	1.3360000000000003	4.664	1.0
737	4.0	0.0	2.0	0.0	4.0	8.0	2.0
738	4.0	0.0	2.0	0.0	4.0	8.0	2.0
739	1.0	1.0	0.0	0.0	2.4	3.6	0.0
740	1.0	1.0	1.0	1.0	0.3330000000000002	2.667	1.0
741	4.0	0.0	3.0	0.0	3.3360000000000003	8.664	3.0
742	3.0	0.0	1.0	0.0	3.0	6.0	1.0
743	0.0	0.0	0.0	0.0	0.0	0.0	0.0
744	3.0	0.0	1.0	0.0	3.0	6.0	1.0
745	2.0	0.0	2.0	0.0	0.6660000000000004	5.334	2.0
746	1.0	2.0	0.0	1.0	0.9990000000000006	8.001	1.0
747	0.0	0.0	0.0	0.0	0.0	0.0	0.0
748	0.0	0.0	0.0	0.0	0.0	0.0	0.0
749	2.0	0.0	2.0	0.0	0.6680000000000001	2.332	1.0
750	1.0	0.0	1.0	0.0	0.3330000000000002	2.667	1.0
751	2.0	0.0	0.0	0.0	2.0	4.0	0.0
752	1.0	0.0	1.0	0.0	1.0	2.0	1.0
753	2.0	0.0	1.0	0.0	0.6660000000000004	5.334	1.0
754	1.0	0.0	1.0	0.0	1.0	2.0	1.0
755	2.0	0.0	2.0	0.0	0.6660000000000004	5.334	2.0
756	3.0	0.0	2.0	0.0	3.4	5.6	2.0
757	3.0	0.0	3.0	0.0	3.0	6.0	3.0
758	2.0	0.0	2.0	0.0	2.0	4.0	2.0
759	4.0	0.0	3.0	0.0	3.3360000000000003	8.664	3.0
760	0.0	0.0	0.0	0.0	0.0	0.0	0.0
761	1.0	2.0	0.0	1.0	1.6660000000000004	7.334	1.0
762	1.0	0.0	1.0	0.0	1.0	2.0	1.0
763	1.0	0.0	0.0	0.0	0.6680000000000001	2.332	0.0
764	4.0	0.0	1.0	0.0	2.3360000000000003	6.664	1.0
765	0.0	0.0	0.0	0.0	0.0	0.0	0.0
766	3.0	0.0	1.0	0.0	3.0	6.0	1.0
767	0.0	0.0	0.0	0.0	0.0	0.0	0.0
768	4.0	0.0	2.0	0.0	4.0	8.0	2.0
769	3.0	0.0	1.0	0.0	3.0	6.0	1.0
770	4.0	0.0	3.0	0.0	4.0	8.0	3.0
771	0.0	0.0	0.0	0.0	0.0	0.0	0.0
772	0.0	0.0	0.0	0.0	0.0	0.0	0.0
773	1.0	0.0	1.0	0.0	0.3330000000000002	2.667	1.0
774	1.0	0.0	1.0	0.0	0.6680000000000001	2.332	1.0
775	2.0	0.0	2.0	0.0	2.0	4.0	2.0
776	2.0	0.0	1.0	0.0	0.6660000000000004	5.334	1.0
777	2.0	1.0	1.0	1.0	0.9990000000000006	8.001	2.0
778	0.0	3.0	0.0	2.0	1.6690000000000005	7.3309999999999995	2.0
779	1.0	1.0	0.0	0.0	0.6660000000000004	5.334	0.0
780	2.0	1.0	1.0	1.0	3.0	6.0	2.0
781	0.0	0.0	0.0	0.0	0.0	0.0	0.0
782	3.0	0.0	1.0	0.0	3.0	6.0	1.0
783	3.0	0.0	2.0	0.0	0.9990000000000006	8.001	2.0
784	2.0	1.0	1.0	0.0	3.0	6.0	1.0
785	2.0	4.0	2.0	3.0	4.668	10.332	4.0
786	3.0	0.0	2.0	0.0	1.6680000000000001	4.332	1.0
787	3.0	0.0	1.0	0.0	3.0	6.0	1.0
788	0.0	2.0	0.0	0.0	1.0	2.0	0.0
789	2.0	1.0	1.0	0.0	3.0	6.0	1.0
790	1.0	2.0	1.0	2.0	0.6660000000000004	5.334	2.0
791	3.0	2.0	1.0	1.0	5.0	10.0	2.0
792	0.0	0.0	0.0	0.0	0.0	0.0	0.0
793	0.0	0.0	0.0	0.0	0.0	0.0	0.0
794	0.0	0.0	0.0	0.0	0.0	0.0	0.0
795	2.0	2.0	1.0	1.0	3.668	8.332	2.0
796	0.0	0.0	0.0	0.0	0.0	0.0	0.0
797	0.0	0.0	0.0	0.0	0.0	0.0	0.0
798	4.0	1.0	3.0	0.0	5.0	10.0	3.0
799	2.0	0.0	0.0	0.0	1.3360000000000003	4.664	0.0
800	1.0	0.0	1.0	0.0	1.0	2.0	1.0
801	1.0	1.0	1.0	1.0	1.3330000000000002	4.667	2.0
802	4.0	0.0	1.0	0.0	2.0040000000000004	6.9959999999999996	1.0
803	2.0	0.0	1.0	0.0	0.6660000000000004	5.334	1.0
804	0.0	0.0	0.0	0.0	0.0	0.0	0.0
805	0.0	0.0	0.0	0.0	0.0	0.0	0.0
806	0.0	2.0	0.0	1.0	1.3330000000000002	4.667	1.0
807	3.0	2.0	2.0	2.0	1.3320000000000007	10.668	3.0
808	2.0	3.0	2.0	2.0	3.333	8.667	3.0
809	2.0	2.0	2.0	2.0	1.6660000000000004	7.334	3.0
810	2.0	1.0	1.0	1.0	1.6680000000000001	4.332	1.0
811	2.0	0.0	1.0	0.0	2.0	4.0	1.0
812	3.0	1.0	3.0	0.0	4.0	8.0	3.0
813	1.0	1.0	1.0	0.0	0.6660000000000004	5.334	1.0
814	4.0	0.0	2.0	0.0	2.668	6.332	1.0
815	3.0	0.0	1.0	0.0	3.4	5.6	1.0
816	3.0	0.0	1.0	0.0	3.0	6.0	1.0
817	1.0	0.0	1.0	0.0	1.0	2.0	1.0
818	1.0	0.0	0.0	0.0	0.6680000000000001	2.332	0.0
819	1.0	0.0	1.0	0.0	1.0	2.0	1.0
820	2.0	0.0	1.0	0.0	2.4	3.6	1.0
821	2.0	0.0	1.0	0.0	0.6660000000000004	5.334	1.0
822	0.0	0.0	0.0	0.0	0.0	0.0	0.0
823	2.0	0.0	2.0	0.0	2.0	4.0	2.0
824	3.0	0.0	2.0	0.0	3.0	6.0	2.0
825	0.0	0.0	0.0	0.0	0.0	0.0	0.0
826	3.0	0.0	2.0	0.0	0.9990000000000006	8.001	2.0
827	0.0	0.0	0.0	0.0	0.0	0.0	0.0
828	1.0	0.0	1.0	0.0	0.3330000000000002	2.667	1.0
829	0.0	0.0	0.0	0.0	0.0	0.0	0.0
830	1.0	0.0	0.0	0.0	0.3330000000000002	2.667	0.0
831	3.0	0.0	2.0	0.0	2.0040000000000004	6.9959999999999996	2.0
832	4.0	0.0	2.0	0.0	4.0	8.0	2.0
833	2.0	0.0	2.0	0.0	2.0	4.0	2.0
834	4.0	0.0	3.0	0.0	4.068	7.932	3.0
835	4.0	0.0	3.0	0.0	4.0	8.0	3.0
836	1.0	0.0	1.0	0.0	0.6680000000000001	2.332	1.0
837	1.0	0.0	1.0	0.0	0.3330000000000002	2.667	1.0
838	3.0	1.0	3.0	0.0	1.9990000000000006	10.001	3.0
839	2.0	0.0	2.0	0.0	2.0	4.0	2.0
840	2.0	0.0	1.0	0.0	2.0	4.0	1.0
841	3.0	0.0	2.0	0.0	3.0	6.0	2.0
842	3.0	0.0	2.0	0.0	3.0	6.0	2.0
843	0.0	0.0	0.0	0.0	0.0	0.0	0.0
844	2.0	0.0	1.0	0.0	0.6660000000000004	5.334	1.0
845	2.0	0.0	2.0	0.0	2.0	4.0	2.0
846	3.0	2.0	2.0	1.0	2.335000000000001	12.665	3.0
847	2.0	0.0	2.0	0.0	0.6660000000000004	5.334	2.0
848	2.0	2.0	1.0	1.0	1.9990000000000006	10.001	2.0
849	1.0	0.0	1.0	0.0	0.3330000000000002	2.667	1.0
850	3.0	1.0	2.0	1.0	2.333	6.667	2.0
851	0.0	0.0	0.0	0.0	0.0	0.0	0.0
852	0.0	0.0	0.0	0.0	0.0	0.0	0.0
853	2.0	0.0	1.0	0.0	2.0	4.0	1.0
854	3.0	0.0	2.0	0.0	2.068	3.932	1.0
855	1.0	0.0	1.0	0.0	0.3330000000000002	2.667	1.0
856	1.0	0.0	1.0	0.0	1.0	2.0	1.0
857	3.0	1.0	2.0	0.0	3.0040000000000004	8.995999999999999	2.0
858	2.0	0.0	2.0	0.0	2.0	4.0	2.0
859	3.0	0.0	2.0	0.0	3.8	5.2	2.0
860	0.0	1.0	0.0	0.0	1.0	2.0	0.0
861	2.0	0.0	1.0	0.0	1.3360000000000003	4.664	1.0
862	0.0	0.0	0.0	0.0	0.0	0.0	0.0
863	1.0	0.0	0.0	0.0	0.3330000000000002	2.667	0.0
864	6.0	0.0	4.0	0.0	3.3360000000000003	8.664	3.0
865	1.0	0.0	1.0	0.0	1.0	2.0	1.0
866	2.0	0.0	2.0	0.0	0.6660000000000004	5.334	2.0
867	2.0	5.0	2.0	4.0	3.6660000000000004	11.334	4.0
868	1.0	0.0	1.0	0.0	0.3330000000000002	2.667	1.0
869	3.0	1.0	1.0	1.0	3.668	8.332	2.0
870	3.0	1.0	2.0	1.0	2.333	6.667	2.0
871	2.0	2.0	1.0	1.0	4.0	8.0	2.0
872	2.0	2.0	1.0	1.0	3.668	8.332	2.0
873	4.0	3.0	1.0	3.0	6.0	12.0	3.0
874	2.0	0.0	1.0	0.0	0.6660000000000004	5.334	1.0
875	3.0	0.0	1.0	0.0	3.0	6.0	1.0
876	0.0	0.0	0.0	0.0	0.0	0.0	0.0
877	2.0	0.0	2.0	0.0	0.6660000000000004	5.334	2.0
878	0.0	0.0	0.0	0.0	0.0	0.0	0.0
879	1.0	0.0	1.0	0.0	0.3330000000000002	2.667	1.0
880	3.0	0.0	3.0	0.0	3.0	6.0	3.0
881	3.0	2.0	1.0	2.0	4.0	8.0	2.0
882	2.0	2.0	1.0	0.0	2.668	6.332	1.0
883	2.0	0.0	1.0	0.0	0.6660000000000004	5.334	1.0
884	3.0	0.0	2.0	0.0	3.0	6.0	2.0
885	0.0	0.0	0.0	0.0	0.0	0.0	0.0
886	2.0	0.0	2.0	0.0	2.0	4.0	2.0
887	3.0	0.0	2.0	0.0	3.0	6.0	2.0
888	2.0	0.0	2.0	0.0	2.0	4.0	2.0
889	2.0	0.0	2.0	0.0	1.6680000000000001	4.332	2.0
890	2.0	2.0	1.0	1.0	3.4040000000000004	8.596	2.0
891	1.0	0.0	1.0	0.0	0.3330000000000002	2.667	1.0
892	4.0	0.0	4.0	0.0	4.0	8.0	4.0
893	1.0	0.0	1.0	0.0	0.3330000000000002	2.667	1.0
894	1.0	1.0	1.0	1.0	2.0	4.0	2.0
895	2.0	0.0	0.0	0.0	2.0	4.0	0.0
896	0.0	0.0	0.0	0.0	0.0	0.0	0.0
897	1.0	0.0	1.0	0.0	0.3330000000000002	2.667	1.0
898	2.0	1.0	1.0	0.0	3.0	6.0	1.0
899	1.0	2.0	1.0	2.0	1.0	2.0	1.0
900	0.0	1.0	0.0	0.0	0.3330000000000002	2.667	0.0
901	1.0	0.0	1.0	0.0	0.3330000000000002	2.667	1.0
902	3.0	0.0	3.0	0.0	1.6680000000000001	4.332	2.0
903	3.0	0.0	1.0	0.0	3.0	6.0	1.0
904	1.0	0.0	0.0	0.0	0.3330000000000002	2.667	0.0
905	4.0	1.0	3.0	1.0	4.0	8.0	3.0
906	2.0	0.0	2.0	0.0	0.6660000000000004	5.334	2.0
907	2.0	0.0	0.0	0.0	2.0	4.0	0.0
908	2.0	0.0	1.0	0.0	0.6660000000000004	5.334	1.0
909	1.0	1.0	1.0	0.0	1.3360000000000003	4.664	1.0
910	0.0	1.0	0.0	1.0	0.3330000000000002	2.667	1.0
911	2.0	0.0	2.0	0.0	0.6660000000000004	5.334	2.0
912	2.0	2.0	0.0	0.0	3.333	8.667	0.0
913	2.0	0.0	2.0	0.0	2.0	4.0	2.0
914	2.0	0.0	1.0	0.0	1.3360000000000003	4.664	1.0
915	1.0	0.0	1.0	0.0	0.3330000000000002	2.667	1.0
916	4.0	5.0	3.0	4.0	5.666	15.334	5.0
917	3.0	2.0	2.0	2.0	1.6670000000000007	10.332999999999998	3.0
918	3.0	0.0	2.0	0.0	2.668	6.332	2.0
919	2.0	2.0	2.0	1.0	1.3320000000000007	10.668	3.0
920	0.0	0.0	0.0	0.0	0.0	0.0	0.0
921	1.0	0.0	1.0	0.0	0.6680000000000001	2.332	1.0
922	2.0	0.0	1.0	0.0	2.0	4.0	1.0
923	1.0	5.0	1.0	3.0	3.6660000000000004	11.334	3.0
924	1.0	0.0	1.0	0.0	0.3330000000000002	2.667	1.0
925	2.0	2.0	2.0	0.0	3.0	6.0	2.0
926	0.0	0.0	0.0	0.0	0.0	0.0	0.0
927	2.0	4.0	1.0	2.0	4.0	8.0	2.0
928	1.0	1.0	0.0	1.0	0.6660000000000004	5.334	1.0
929	4.0	3.0	3.0	0.0	3.9990000000000006	14.001	3.0
930	3.0	5.0	1.0	2.0	3.3320000000000007	14.668	2.0
931	5.0	1.0	4.0	1.0	4.001	10.999	4.0
932	2.0	3.0	1.0	2.0	5.4	9.6	3.0
933	2.0	0.0	2.0	0.0	2.0	4.0	2.0
934	1.0	0.0	1.0	0.0	1.0	2.0	1.0
935	1.0	0.0	0.0	0.0	0.3330000000000002	2.667	0.0
936	2.0	1.0	2.0	1.0	2.0	4.0	2.0
937	2.0	4.0	1.0	2.0	4.333	10.667	2.0
938	2.0	0.0	0.0	0.0	2.0	4.0	0.0
939	2.0	3.0	1.0	3.0	3.333	8.667	3.0
940	1.0	3.0	0.0	2.0	4.0	8.0	2.0
941	0.0	3.0	0.0	2.0	2.333	6.667	2.0
942	2.0	4.0	0.0	3.0	2.3320000000000007	12.668	2.0
943	1.0	1.0	0.0	0.0	1.0	2.0	0.0
944	2.0	1.0	1.0	0.0	0.9990000000000006	8.001	1.0
945	2.0	1.0	1.0	1.0	2.0	4.0	1.0
946	4.0	1.0	2.0	1.0	4.0	8.0	2.0
947	2.0	3.0	2.0	1.0	2.6660000000000004	9.334	2.0
948	1.0	4.0	1.0	3.0	4.333	10.667	4.0
949	1.0	1.0	0.0	1.0	0.6660000000000004	5.334	1.0
950	4.0	2.0	2.0	2.0	5.333	12.667	4.0
951	0.0	1.0	0.0	1.0	0.3330000000000002	2.667	1.0
952	3.0	1.0	3.0	1.0	2.333	6.667	3.0
953	3.0	0.0	2.0	0.0	3.0	6.0	2.0
954	4.0	0.0	2.0	0.0	3.0040000000000004	8.995999999999999	2.0
955	2.0	0.0	1.0	0.0	0.6660000000000004	5.334	1.0
956	2.0	4.0	1.0	3.0	2.6660000000000004	9.334	2.0
957	3.0	0.0	2.0	0.0	3.0	6.0	2.0
958	2.0	1.0	2.0	1.0	1.6680000000000001	4.332	2.0
959	2.0	0.0	1.0	0.0	0.6660000000000004	5.334	1.0
960	2.0	0.0	1.0	0.0	2.0	4.0	1.0
961	3.0	0.0	2.0	0.0	3.0	6.0	2.0
962	0.0	3.0	0.0	2.0	1.0010000000000003	4.999	1.0
963	1.0	3.0	1.0	1.0	1.3330000000000002	7.667	1.0
964	2.0	4.0	1.0	2.0	4.801	10.199	2.0
965	3.0	0.0	2.0	0.0	3.0	6.0	2.0
966	2.0	1.0	1.0	0.0	1.3360000000000003	4.664	1.0
967	2.0	3.0	1.0	2.0	4.333	10.667	3.0
968	3.0	1.0	3.0	0.0	3.333	8.667	3.0
969	0.0	2.0	0.0	1.0	0.6660000000000004	5.334	1.0
970	0.0	2.0	0.0	1.0	1.6680000000000001	4.332	1.0
971	1.0	1.0	0.0	0.0	0.0	3.0	0.0
972	1.0	2.0	0.0	0.0	0.3330000000000002	2.667	0.0
973	0.0	0.0	0.0	0.0	0.0	0.0	0.0
974	0.0	0.0	0.0	0.0	0.0	0.0	0.0
975	0.0	0.0	0.0	0.0	0.0	0.0	0.0
976	0.0	0.0	0.0	0.0	0.0	0.0	0.0
977	0.0	0.0	0.0	0.0	0.0	0.0	0.0
978	0.0	0.0	0.0	0.0	0.0	0.0	0.0
979	0.0	0.0	0.0	0.0	0.0	0.0	0.0
980	0.0	0.0	0.0	0.0	0.0	0.0	0.0
981	0.0	0.0	0.0	0.0	0.0	0.0	0.0
982	0.0	0.0	0.0	0.0	0.0	0.0	0.0
983	0.0	0.0	0.0	0.0	0.0	0.0	0.0
984	0.0	0.0	0.0	0.0	0.0	0.0	0.0
985	0.0	0.0	0.0	0.0	0.0	0.0	0.0
986	0.0	0.0	0.0	0.0	0.0	0.0	0.0
987	0.0	0.0	0.0	0.0	0.0	0.0	0.0
988	0.0	0.0	0.0	0.0	0.0	0.0	0.0
989	0.0	0.0	0.0	0.0	0.0	0.0	0.0
990	0.0	0.0	0.0	0.0	0.0	0.0	0.0
991	0.0	0.0	0.0	0.0	0.0	0.0	0.0
992	0.0	0.0	0.0	0.0	0.0	0.0	0.0
993	0.0	0.0	0.0	0.0	0.0	0.0	0.0
994	0.0	0.0	0.0	0.0	0.0	0.0	0.0
995	0.0	0.0	0.0	0.0	0.0	0.0	0.0
996	0.0	0.0	0.0	0.0	0.0	0.0	0.0
997	0.0	0.0	0.0	0.0	0.0	0.0	0.0
998	0.0	0.0	0.0	0.0	0.0	0.0	0.0
999	0.0	0.0	0.0	0.0	0.0	0.0	0.0
1000	0.0	0.0	0.0	0.0	0.0	0.0	0.0
1001	0.0	0.0	0.0	0.0	0.0	0.0	0.0
1002	0.0	0.0	0.0	0.0	0.0	0.0	0.0
1003	0.0	0.0	0.0	0.0	0.0	0.0	0.0
1004	0.0	0.0	0.0	0.0	0.0	0.0	0.0
1005	0.0	0.0	0.0	0.0	0.0	0.0	0.0
1006	0.0	0.0	0.0	0.0	0.0	0.0	0.0
1007	0.0	0.0	0.0	0.0	0.0	0.0	0.0
1008	0.0	0.0	0.0	0.0	0.0	0.0	0.0
1009	0.0	0.0	0.0	0.0	0.0	0.0	0.0
1010	0.0	0.0	0.0	0.0	0.0	0.0	0.0
1011	0.0	0.0	0.0	0.0	0.0	0.0	0.0
1012	0.0	0.0	0.0	0.0	0.0	0.0	0.0
1013	0.0	0.0	0.0	0.0	0.0	0.0	0.0
1014	0.0	0.0	0.0	0.0	0.0	0.0	0.0
1015	0.0	0.0	0.0	0.0	0.0	0.0	0.0
1016	0.0	0.0	0.0	0.0	0.0	0.0	0.0
1017	0.0	0.0	0.0	0.0	0.0	0.0	0.0
1018	0.0	0.0	0.0	0.0	0.0	0.0	0.0
1019	0.0	0.0	0.0	0.0	0.0	0.0	0.0
1020	0.0	0.0	0.0	0.0	0.0	0.0	0.0
1021	0.0	0.0	0.0	0.0	0.0	0.0	0.0
1022	0.0	0.0	0.0	0.0	0.0	0.0	0.0
1023	0.0	0.0	0.0	0.0	0.0	0.0	0.0
1024	0.0	0.0	0.0	0.0	0.0	0.0	0.0
1025	0.0	0.0	0.0	0.0	0.0	0.0	0.0
1026	0.0	0.0	0.0	0.0	0.0	0.0	0.0
1027	0.0	0.0	0.0	0.0	0.0	0.0	0.0
1028	0.0	0.0	0.0	0.0	0.0	0.0	0.0
1029	0.0	0.0	0.0	0.0	0.0	0.0	0.0
1030	0.0	0.0	0.0	0.0	0.0	0.0	0.0
1031	0.0	0.0	0.0	0.0	0.0	0.0	0.0
1032	0.0	0.0	0.0	0.0	0.0	0.0	0.0
1033	0.0	0.0	0.0	0.0	0.0	0.0	0.0
1034	0.0	0.0	0.0	0.0	0.0	0.0	0.0
