pos	Sd	Nd	Sd_tip	Nd_tip	S	N	comparisons
001	0.0	0.0	0.0	0.0	0.0	0.0	0.0
002	0.0	0.0	0.0	0.0	0.0	0.0	0.0
003	0.0	0.0	0.0	0.0	0.0	0.0	0.0
004	0.0	0.0	0.0	0.0	0.0	0.0	0.0
005	0.0	0.0	0.0	0.0	0.0	0.0	0.0
006	0.0	0.0	0.0	0.0	0.0	0.0	0.0
007	0.0	0.0	0.0	0.0	0.0	0.0	0.0
008	0.0	0.0	0.0	0.0	0.0	0.0	0.0
009	0.0	0.0	0.0	0.0	0.0	0.0	0.0
010	0.0	0.0	0.0	0.0	0.0	0.0	0.0
011	0.0	0.0	0.0	0.0	0.0	0.0	0.0
012	0.0	0.0	0.0	0.0	0.0	0.0	0.0
013	0.0	0.0	0.0	0.0	0.0	0.0	0.0
014	0.0	0.0	0.0	0.0	0.0	0.0	0.0
015	0.0	0.0	0.0	0.0	0.0	0.0	0.0
016	0.0	0.0	0.0	0.0	0.0	0.0	0.0
017	0.0	0.0	0.0	0.0	0.0	0.0	0.0
018	0.0	0.0	0.0	0.0	0.0	0.0	0.0
019	0.0	0.0	0.0	0.0	0.0	0.0	0.0
020	0.0	0.0	0.0	0.0	0.0	0.0	0.0
021	0.0	0.0	0.0	0.0	0.0	0.0	0.0
022	0.0	0.0	0.0	0.0	0.0	0.0	0.0
023	0.0	0.0	0.0	0.0	0.0	0.0	0.0
024	0.0	0.0	0.0	0.0	0.0	0.0	0.0
025	0.0	0.0	0.0	0.0	0.0	0.0	0.0
026	1.0	0.0	0.0	0.0	1.0	2.0	0.0
027	2.0	1.0	1.0	0.0	2.668	6.332	1.0
028	2.0	1.0	1.0	1.0	3.0	6.0	2.0
029	2.0	2.0	1.0	0.0	3.0	6.0	1.0
030	1.0	0.0	1.0	0.0	0.3330000000000002	2.667	1.0
031	2.0	2.0	1.0	0.0	0.6660000000000004	5.334	1.0
032	2.0	1.0	1.0	0.0	0.6660000000000004	5.334	1.0
033	2.0	4.0	1.0	0.0	3.0	6.0	1.0
034	0.0	1.0	0.0	1.0	0.3330000000000002	2.667	1.0
035	1.0	0.0	1.0	0.0	0.3330000000000002	2.667	1.0
036	0.0	0.0	0.0	0.0	0.0	0.0	0.0
037	1.0	0.0	0.0	0.0	1.0	2.0	0.0
038	0.0	0.0	0.0	0.0	0.0	0.0	0.0
039	0.0	0.0	0.0	0.0	0.0	0.0	0.0
040	0.0	0.0	0.0	0.0	0.0	0.0	0.0
041	0.0	0.0	0.0	0.0	0.0	0.0	0.0
042	0.0	0.0	0.0	0.0	0.0	0.0	0.0
043	1.0	0.0	0.0	0.0	0.3330000000000002	2.667	0.0
044	2.0	2.0	1.0	0.0	4.0	8.0	1.0
045	0.0	2.0	0.0	2.0	1.0	2.0	1.0
046	2.0	1.0	0.0	1.0	2.333	6.667	1.0
047	1.0	2.0	0.0	1.0	1.6660000000000004	7.334	1.0
048	0.0	2.0	0.0	2.0	1.0	2.0	1.0
049	0.0	0.0	0.0	0.0	0.0	0.0	0.0
050	2.0	2.0	1.0	0.0	2.0	4.0	1.0
051	2.0	1.0	0.0	0.0	3.0	6.0	0.0
052	0.0	0.0	0.0	0.0	0.0	0.0	0.0
053	2.0	0.0	1.0	0.0	2.0	4.0	1.0
054	2.0	0.0	2.0	0.0	2.0	4.0	2.0
055	2.0	0.0	0.0	0.0	2.0	4.0	0.0
056	1.0	0.0	0.0	0.0	1.0	2.0	0.0
057	2.0	0.0	1.0	0.0	2.0	4.0	1.0
058	0.0	0.0	0.0	0.0	0.0	0.0	0.0
059	1.0	0.0	0.0	0.0	1.0	2.0	0.0
060	2.0	0.0	1.0	0.0	2.0	4.0	1.0
061	2.0	0.0	1.0	0.0	2.0	4.0	1.0
062	2.0	0.0	1.0	0.0	2.0	4.0	1.0
063	1.0	0.0	0.0	0.0	0.3330000000000002	2.667	0.0
064	2.0	0.0	0.0	0.0	2.0	4.0	0.0
065	1.0	0.0	0.0	0.0	0.3330000000000002	2.667	0.0
066	1.0	0.0	1.0	0.0	1.0	2.0	1.0
067	2.0	0.0	1.0	0.0	2.0	4.0	1.0
068	1.0	0.0	0.0	0.0	1.0	2.0	0.0
069	1.0	0.0	1.0	0.0	0.3330000000000002	2.667	1.0
070	0.0	0.0	0.0	0.0	0.0	0.0	0.0
071	2.0	1.0	0.0	1.0	3.0	6.0	1.0
072	2.0	2.0	2.0	1.0	4.0	8.0	3.0
073	3.0	2.0	1.0	1.0	3.0	6.0	1.0
074	0.0	1.0	0.0	1.0	1.0	2.0	1.0
075	0.0	0.0	0.0	0.0	0.0	0.0	0.0
076	1.0	3.0	0.0	3.0	2.333	6.667	2.0
077	0.0	1.0	0.0	0.0	1.0	2.0	0.0
078	0.0	0.0	0.0	0.0	0.0	0.0	0.0
079	2.0	4.0	1.0	2.0	4.666	13.334	3.0
080	2.0	1.0	1.0	1.0	3.0	6.0	2.0
081	2.0	2.0	1.0	1.0	3.0	6.0	1.0
082	1.0	0.0	1.0	0.0	1.0	2.0	1.0
083	0.0	0.0	0.0	0.0	0.0	0.0	0.0
084	1.0	2.0	1.0	2.0	1.0	2.0	1.0
085	2.0	0.0	1.0	0.0	2.0	4.0	1.0
086	2.0	0.0	1.0	0.0	2.0	4.0	1.0
087	0.0	0.0	0.0	0.0	0.0	0.0	0.0
088	2.0	0.0	1.0	0.0	1.6680000000000001	4.332	1.0
089	0.0	0.0	0.0	0.0	0.0	0.0	0.0
090	0.0	4.0	0.0	3.0	2.0010000000000003	6.999	2.0
091	0.0	0.0	0.0	0.0	0.0	0.0	0.0
092	0.0	0.0	0.0	0.0	0.0	0.0	0.0
093	1.0	0.0	1.0	0.0	0.3330000000000002	2.667	1.0
094	1.0	2.0	1.0	1.0	2.333	6.667	2.0
095	1.0	1.0	1.0	0.0	2.0	4.0	1.0
096	1.0	2.0	1.0	2.0	0.9990000000000006	8.001	3.0
097	2.0	0.0	1.0	0.0	2.0	4.0	1.0
098	2.0	1.0	2.0	0.0	3.0	6.0	2.0
099	2.0	1.0	1.0	0.0	3.0	6.0	1.0
100	1.0	2.0	1.0	2.0	3.0	6.0	3.0
101	1.0	2.0	0.0	0.0	1.0	2.0	0.0
102	1.0	2.0	0.0	0.0	0.3330000000000002	2.667	0.0
103	1.0	1.0	0.0	0.0	1.0	2.0	0.0
104	1.0	3.0	1.0	2.0	2.333	6.667	2.0
105	2.0	1.0	2.0	0.0	3.0	6.0	2.0
106	1.0	1.0	1.0	1.0	2.0	4.0	2.0
107	0.0	0.0	0.0	0.0	0.0	0.0	0.0
108	1.0	0.0	1.0	0.0	1.0	2.0	1.0
109	2.0	3.0	2.0	0.0	2.3340000000000005	9.666	2.0
110	0.0	0.0	0.0	0.0	0.0	0.0	0.0
111	1.0	0.0	1.0	0.0	0.3330000000000002	2.667	1.0
112	1.0	0.0	0.0	0.0	1.0	2.0	0.0
113	1.0	2.0	1.0	1.0	2.333	6.667	2.0
114	2.0	2.0	2.0	1.0	2.333	6.667	2.0
115	2.0	3.0	0.0	2.0	1.9990000000000006	10.001	2.0
116	1.0	2.0	1.0	0.0	2.0	4.0	1.0
117	1.0	0.0	1.0	0.0	1.0	2.0	1.0
118	0.0	2.0	0.0	0.0	1.0	2.0	0.0
119	2.0	1.0	1.0	0.0	3.0	6.0	1.0
120	2.0	1.0	1.0	0.0	3.0	6.0	1.0
121	0.0	0.0	0.0	0.0	0.0	0.0	0.0
122	0.0	0.0	0.0	0.0	0.0	0.0	0.0
123	0.0	0.0	0.0	0.0	0.0	0.0	0.0
124	0.0	0.0	0.0	0.0	0.0	0.0	0.0
125	0.0	0.0	0.0	0.0	0.0	0.0	0.0
126	1.0	0.0	0.0	0.0	0.3330000000000002	2.667	0.0
127	1.0	0.0	1.0	0.0	1.0	2.0	1.0
128	0.0	0.0	0.0	0.0	0.0	0.0	0.0
129	0.0	0.0	0.0	0.0	0.0	0.0	0.0
130	2.0	0.0	2.0	0.0	2.0	4.0	2.0
131	0.0	1.0	0.0	0.0	1.0	2.0	0.0
132	0.0	1.0	0.0	0.0	1.0	2.0	0.0
133	1.0	1.0	1.0	1.0	1.3330000000000002	4.667	2.0
134	1.0	0.0	1.0	0.0	1.0	2.0	1.0
135	2.0	0.0	1.0	0.0	2.0	4.0	1.0
136	2.0	0.0	1.0	0.0	2.0	4.0	1.0
137	1.0	1.0	1.0	1.0	1.0	2.0	1.0
138	1.0	3.0	0.0	1.0	1.9990000000000006	10.001	1.0
139	2.0	1.0	2.0	1.0	1.3330000000000002	4.667	2.0
140	1.0	5.0	0.0	3.0	2.9990000000000006	12.001	2.0
141	2.0	3.0	1.0	1.0	2.333	6.667	1.0
142	0.0	3.0	0.0	0.0	1.3330000000000002	4.667	0.0
143	0.0	0.0	0.0	0.0	0.0	0.0	0.0
144	0.0	4.0	0.0	3.0	1.6660000000000004	7.334	2.0
145	0.0	6.0	0.0	4.0	2.6660000000000004	9.334	3.0
146	1.0	4.0	0.0	2.0	2.6660000000000004	9.334	2.0
147	1.0	4.0	1.0	2.0	3.0010000000000003	8.998999999999999	2.0
148	0.0	3.0	0.0	0.0	0.6660000000000004	5.334	0.0
149	0.0	7.0	0.0	6.0	2.9990000000000006	12.001	4.0
150	1.0	4.0	1.0	3.0	1.9990000000000006	10.001	3.0
151	0.0	5.0	0.0	1.0	2.6660000000000004	9.334	1.0
152	2.0	5.0	1.0	3.0	2.3340000000000005	9.666	2.0
153	2.0	4.0	2.0	2.0	3.333	11.667	3.0
154	1.0	1.0	1.0	1.0	0.3330000000000002	2.667	1.0
155	0.0	1.0	0.0	1.0	0.3330000000000002	2.667	1.0
156	3.0	2.0	2.0	0.0	3.333	8.667	2.0
157	2.0	0.0	0.0	0.0	2.0	4.0	0.0
158	1.0	1.0	0.0	0.0	2.0	4.0	0.0
159	2.0	1.0	1.0	0.0	2.0	4.0	1.0
160	0.0	2.0	0.0	0.0	0.6660000000000004	5.334	0.0
161	1.0	2.0	1.0	0.0	2.0	4.0	1.0
162	1.0	0.0	0.0	0.0	1.0	2.0	0.0
163	2.0	0.0	2.0	0.0	2.0	4.0	2.0
164	2.0	1.0	1.0	0.0	3.0	6.0	1.0
165	1.0	0.0	0.0	0.0	1.0	2.0	0.0
166	0.0	2.0	0.0	2.0	0.6660000000000004	5.334	2.0
167	0.0	0.0	0.0	0.0	0.0	0.0	0.0
168	0.0	0.0	0.0	0.0	0.0	0.0	0.0
169	1.0	2.0	1.0	2.0	1.3330000000000002	4.667	2.0
170	0.0	0.0	0.0	0.0	0.0	0.0	0.0
171	0.0	0.0	0.0	0.0	0.0	0.0	0.0
172	0.0	0.0	0.0	0.0	0.0	0.0	0.0
173	0.0	0.0	0.0	0.0	0.0	0.0	0.0
174	0.0	0.0	0.0	0.0	0.0	0.0	0.0
175	1.0	2.0	0.0	0.0	0.3330000000000002	2.667	0.0
176	0.0	0.0	0.0	0.0	0.0	0.0	0.0
177	0.0	2.0	0.0	0.0	0.3330000000000002	2.667	0.0
178	0.0	4.0	0.0	2.0	2.6660000000000004	9.334	2.0
179	1.0	3.0	1.0	1.0	4.0	8.0	2.0
180	0.0	6.0	0.0	3.0	3.000000000000001	15.0	3.0
181	0.0	3.0	0.0	0.0	0.9990000000000006	8.001	0.0
182	1.0	2.0	0.0	1.0	1.3330000000000002	4.667	1.0
183	0.0	1.0	0.0	0.0	1.0	2.0	0.0
184	1.0	2.0	1.0	1.0	3.4	5.6	2.0
185	1.0	1.0	1.0	1.0	0.6680000000000001	2.332	1.0
186	0.0	0.0	0.0	0.0	0.0	0.0	0.0
187	0.0	0.0	0.0	0.0	0.0	0.0	0.0
188	2.0	0.0	0.0	0.0	2.0	4.0	0.0
189	0.0	2.0	0.0	2.0	1.3330000000000002	4.667	2.0
190	0.0	0.0	0.0	0.0	0.0	0.0	0.0
191	0.0	3.0	0.0	2.0	1.6660000000000004	7.334	2.0
192	1.0	0.0	1.0	0.0	0.3330000000000002	2.667	1.0
193	1.0	0.0	0.0	0.0	1.0	2.0	0.0
194	0.0	2.0	0.0	0.0	2.0	4.0	0.0
195	1.0	0.0	0.0	0.0	0.3330000000000002	2.667	0.0
196	0.0	0.0	0.0	0.0	0.0	0.0	0.0
197	1.0	0.0	0.0	0.0	1.0	2.0	0.0
198	0.0	0.0	0.0	0.0	0.0	0.0	0.0
199	0.0	2.0	0.0	2.0	0.6680000000000001	2.332	1.0
200	1.0	1.0	1.0	0.0	1.0	5.0	1.0
201	2.0	2.0	1.0	1.0	1.9990000000000006	10.001	2.0
202	1.0	2.0	1.0	1.0	2.0	7.0	2.0
203	0.0	2.0	0.0	1.0	2.0	4.0	1.0
204	1.0	1.0	1.0	0.0	1.0010000000000003	4.999	1.0
205	0.0	2.0	0.0	2.0	1.6680000000000001	4.332	2.0
206	0.0	2.0	0.0	1.0	1.0010000000000003	4.999	1.0
207	1.0	1.0	1.0	0.0	2.0	4.0	1.0
208	0.0	1.0	0.0	1.0	1.0	2.0	1.0
209	0.0	3.0	0.0	2.0	2.0040000000000004	6.9959999999999996	2.0
210	0.0	0.0	0.0	0.0	0.0	0.0	0.0
211	0.0	0.0	0.0	0.0	0.0	0.0	0.0
212	0.0	0.0	0.0	0.0	0.0	0.0	0.0
