pos	Sd	Nd	Sd_tip	Nd_tip	S	N	comparisons
001	0.0	0.0	0.0	0.0	0.0	0.0	0.0
002	0.0	0.0	0.0	0.0	0.0	0.0	0.0
003	1.0	2.0	1.0	2.0	1.0	2.0	1.0
004	2.0	2.0	2.0	1.0	2.333	6.667	2.0
005	1.0	3.0	1.0	3.0	1.3330000000000002	4.667	2.0
006	1.0	1.0	0.0	1.0	0.6660000000000004	5.334	1.0
007	1.0	2.0	1.0	1.0	2.0010000000000003	6.999	2.0
008	0.0	1.0	0.0	1.0	0.3330000000000002	2.667	1.0
009	1.0	3.0	1.0	3.0	1.0010000000000003	4.999	2.0
010	1.0	0.0	0.0	0.0	0.3330000000000002	2.667	0.0
011	2.0	3.0	2.0	3.0	1.3330000000000002	4.667	2.0
012	1.0	0.0	0.0	0.0	1.0	2.0	0.0
013	0.0	2.0	0.0	0.0	0.3330000000000002	2.667	0.0
014	1.0	2.0	1.0	1.0	1.3330000000000002	4.667	1.0
015	2.0	2.0	2.0	0.0	1.6660000000000004	7.334	2.0
016	1.0	3.0	1.0	2.0	2.6660000000000004	9.334	3.0
017	2.0	2.0	1.0	1.0	3.0	6.0	2.0
018	1.0	2.0	1.0	2.0	1.3330000000000002	4.667	2.0
019	2.0	3.0	2.0	2.0	2.333	6.667	2.0
020	0.0	1.0	0.0	1.0	0.3330000000000002	2.667	1.0
021	0.0	1.0	0.0	0.0	0.3330000000000002	2.667	0.0
022	1.0	1.0	1.0	1.0	1.0	2.0	1.0
023	1.0	1.0	1.0	1.0	1.3330000000000002	4.667	2.0
024	0.0	2.0	0.0	1.0	1.0010000000000003	4.999	1.0
025	2.0	2.0	1.0	0.0	2.0	4.0	1.0
026	2.0	2.0	2.0	1.0	1.6660000000000004	7.334	2.0
027	0.0	3.0	0.0	3.0	1.6660000000000004	7.334	3.0
028	1.0	2.0	1.0	2.0	1.0	2.0	1.0
029	2.0	4.0	2.0	4.0	2.333	6.667	3.0
030	1.0	2.0	1.0	1.0	1.3330000000000002	4.667	1.0
031	1.0	2.0	1.0	2.0	1.3330000000000002	4.667	2.0
032	1.0	1.0	1.0	0.0	1.6680000000000001	4.332	1.0
033	1.0	0.0	1.0	0.0	0.3330000000000002	2.667	1.0
034	2.0	0.0	1.0	0.0	2.0	4.0	1.0
035	0.0	0.0	0.0	0.0	0.0	0.0	0.0
036	0.0	2.0	0.0	1.0	1.0010000000000003	4.999	1.0
037	1.0	1.0	1.0	1.0	0.6660000000000004	5.334	2.0
038	1.0	3.0	1.0	2.0	2.333	6.667	2.0
039	1.0	1.0	0.0	0.0	0.3330000000000002	2.667	0.0
040	1.0	1.0	1.0	0.0	1.0	5.0	1.0
041	0.0	0.0	0.0	0.0	0.0	0.0	0.0
042	1.0	1.0	0.0	1.0	2.4	3.6	1.0
043	1.0	0.0	0.0	0.0	0.3330000000000002	2.667	0.0
044	0.0	1.0	0.0	0.0	0.3330000000000002	2.667	0.0
045	1.0	0.0	1.0	0.0	0.3330000000000002	2.667	1.0
046	1.0	2.0	1.0	0.0	1.6680000000000001	4.332	1.0
047	1.0	2.0	0.0	1.0	1.0	5.0	1.0
048	1.0	1.0	1.0	1.0	2.0	4.0	2.0
049	0.0	3.0	0.0	2.0	2.3360000000000003	6.664	2.0
050	1.0	0.0	0.0	0.0	1.0	2.0	0.0
051	1.0	1.0	1.0	0.0	2.0	4.0	1.0
052	1.0	1.0	1.0	0.0	2.0	4.0	1.0
053	0.0	0.0	0.0	0.0	0.0	0.0	0.0
054	1.0	1.0	1.0	0.0	1.3360000000000003	4.664	1.0
055	1.0	1.0	1.0	0.0	2.8	3.2	1.0
056	1.0	0.0	0.0	0.0	0.3330000000000002	2.667	0.0
057	1.0	1.0	1.0	0.0	1.0	5.0	1.0
058	0.0	1.0	0.0	1.0	0.0	3.0	1.0
059	1.0	0.0	0.0	0.0	1.0	2.0	0.0
060	1.0	0.0	0.0	0.0	0.3330000000000002	2.667	0.0
061	1.0	0.0	1.0	0.0	1.4	1.6	1.0
062	0.0	0.0	0.0	0.0	0.0	0.0	0.0
063	1.0	0.0	1.0	0.0	0.6680000000000001	2.332	1.0
064	0.0	1.0	0.0	0.0	0.3330000000000002	2.667	0.0
065	0.0	0.0	0.0	0.0	0.0	0.0	0.0
066	2.0	1.0	2.0	1.0	2.068	3.932	2.0
067	2.0	0.0	1.0	0.0	2.0	4.0	1.0
068	0.0	0.0	0.0	0.0	0.0	0.0	0.0
069	1.0	1.0	1.0	1.0	2.0	4.0	2.0
070	1.0	2.0	1.0	1.0	0.9990000000000006	8.001	2.0
071	1.0	0.0	1.0	0.0	0.6680000000000001	2.332	1.0
072	1.0	2.0	1.0	1.0	1.0	5.0	1.0
073	1.0	0.0	1.0	0.0	1.0	2.0	1.0
074	1.0	0.0	1.0	0.0	1.4	1.6	1.0
075	2.0	0.0	2.0	0.0	2.0	4.0	2.0
076	1.0	2.0	1.0	2.0	1.3330000000000002	4.667	2.0
077	1.0	0.0	1.0	0.0	0.3330000000000002	2.667	1.0
078	2.0	0.0	2.0	0.0	2.4	3.6	2.0
079	1.0	0.0	0.0	0.0	1.0	2.0	0.0
080	2.0	0.0	2.0	0.0	0.6680000000000001	2.332	1.0
081	1.0	3.0	1.0	3.0	2.333	6.667	3.0
082	1.0	0.0	1.0	0.0	1.0	2.0	1.0
083	1.0	0.0	1.0	0.0	0.3330000000000002	2.667	1.0
084	1.0	1.0	1.0	0.0	0.6660000000000004	5.334	1.0
085	1.0	1.0	1.0	1.0	0.6660000000000004	5.334	2.0
086	1.0	0.0	0.0	0.0	1.0	2.0	0.0
087	2.0	1.0	1.0	0.0	2.0	4.0	1.0
088	2.0	0.0	2.0	0.0	2.0	4.0	2.0
089	1.0	0.0	0.0	0.0	1.0	2.0	0.0
090	2.0	0.0	2.0	0.0	2.0	4.0	2.0
091	2.0	0.0	2.0	0.0	0.6680000000000001	2.332	1.0
092	0.0	1.0	0.0	1.0	0.3330000000000002	2.667	1.0
093	0.0	1.0	0.0	1.0	0.3330000000000002	2.667	1.0
094	2.0	0.0	2.0	0.0	2.0	4.0	2.0
095	2.0	0.0	2.0	0.0	2.0	4.0	2.0
096	1.0	0.0	1.0	0.0	0.3330000000000002	2.667	1.0
097	2.0	0.0	2.0	0.0	2.0	4.0	2.0
098	1.0	1.0	1.0	0.0	2.0	4.0	1.0
099	1.0	0.0	1.0	0.0	0.3330000000000002	2.667	1.0
100	1.0	0.0	1.0	0.0	0.3330000000000002	2.667	1.0
101	2.0	1.0	2.0	1.0	2.0	4.0	2.0
102	2.0	0.0	2.0	0.0	2.0	4.0	2.0
103	0.0	2.0	0.0	2.0	0.3330000000000002	2.667	1.0
104	2.0	1.0	2.0	1.0	2.0	4.0	2.0
105	0.0	0.0	0.0	0.0	0.0	0.0	0.0
106	1.0	2.0	1.0	1.0	3.4	5.6	2.0
107	1.0	0.0	1.0	0.0	1.4	1.6	1.0
108	1.0	0.0	1.0	0.0	0.3330000000000002	2.667	1.0
109	1.0	1.0	1.0	1.0	1.6680000000000001	4.332	2.0
110	1.0	1.0	1.0	1.0	1.6680000000000001	4.332	2.0
111	2.0	0.0	1.0	0.0	2.0	4.0	1.0
112	2.0	0.0	2.0	0.0	2.0	4.0	2.0
113	1.0	0.0	1.0	0.0	0.3330000000000002	2.667	1.0
114	1.0	1.0	1.0	0.0	0.6660000000000004	5.334	1.0
115	2.0	0.0	1.0	0.0	2.068	3.932	1.0
116	1.0	0.0	1.0	0.0	1.0	2.0	1.0
117	2.0	1.0	2.0	0.0	3.0	6.0	2.0
118	1.0	1.0	1.0	1.0	1.3330000000000002	4.667	2.0
119	1.0	0.0	1.0	0.0	0.3330000000000002	2.667	1.0
120	1.0	3.0	1.0	1.0	0.6660000000000004	8.334	2.0
121	0.0	0.0	0.0	0.0	0.0	0.0	0.0
122	2.0	2.0	2.0	2.0	2.0	4.0	2.0
123	0.0	0.0	0.0	0.0	0.0	0.0	0.0
124	1.0	0.0	1.0	0.0	1.0	2.0	1.0
125	0.0	2.0	0.0	1.0	1.6680000000000001	4.332	1.0
126	0.0	2.0	0.0	2.0	1.0	2.0	1.0
127	0.0	0.0	0.0	0.0	0.0	0.0	0.0
128	3.0	0.0	3.0	0.0	3.068	5.932	3.0
129	0.0	1.0	0.0	1.0	0.3330000000000002	2.667	1.0
130	0.0	2.0	0.0	1.0	1.0	5.0	1.0
131	1.0	0.0	1.0	0.0	1.0	2.0	1.0
132	0.0	0.0	0.0	0.0	0.0	0.0	0.0
133	1.0	1.0	1.0	0.0	2.0	4.0	1.0
134	1.0	3.0	1.0	1.0	1.6660000000000004	7.334	2.0
135	0.0	0.0	0.0	0.0	0.0	0.0	0.0
136	1.0	2.0	0.0	1.0	1.0	5.0	1.0
137	0.0	0.0	0.0	0.0	0.0	0.0	0.0
138	2.0	2.0	1.0	0.0	2.0	4.0	1.0
139	2.0	0.0	1.0	0.0	2.0	4.0	1.0
140	0.0	0.0	0.0	0.0	0.0	0.0	0.0
141	2.0	0.0	1.0	0.0	2.0	4.0	1.0
142	1.0	0.0	1.0	0.0	0.3330000000000002	2.667	1.0
143	1.0	0.0	1.0	0.0	1.0	2.0	1.0
144	0.0	1.0	0.0	0.0	0.0	3.0	0.0
145	1.0	1.0	0.0	0.0	1.0	2.0	0.0
146	1.0	1.0	1.0	1.0	1.4	1.6	1.0
147	1.0	0.0	1.0	0.0	1.0	2.0	1.0
148	1.0	2.0	1.0	0.0	1.3330000000000002	4.667	1.0
149	1.0	0.0	1.0	0.0	0.3330000000000002	2.667	1.0
150	0.0	0.0	0.0	0.0	0.0	0.0	0.0
151	1.0	0.0	1.0	0.0	1.0	2.0	1.0
152	1.0	0.0	0.0	0.0	1.0	2.0	0.0
153	1.0	0.0	1.0	0.0	1.0	2.0	1.0
154	2.0	0.0	2.0	0.0	1.3360000000000003	4.664	2.0
155	1.0	0.0	1.0	0.0	1.0	2.0	1.0
156	0.0	0.0	0.0	0.0	0.0	0.0	0.0
157	0.0	0.0	0.0	0.0	0.0	0.0	0.0
158	1.0	0.0	1.0	0.0	0.3330000000000002	2.667	1.0
159	1.0	1.0	1.0	1.0	2.0	4.0	2.0
160	1.0	0.0	1.0	0.0	0.3330000000000002	2.667	1.0
161	1.0	1.0	1.0	1.0	1.6680000000000001	4.332	2.0
162	1.0	0.0	1.0	0.0	1.0	2.0	1.0
163	0.0	0.0	0.0	0.0	0.0	0.0	0.0
164	1.0	0.0	0.0	0.0	1.0	2.0	0.0
165	1.0	0.0	1.0	0.0	0.3330000000000002	2.667	1.0
166	2.0	2.0	1.0	0.0	0.6660000000000004	5.334	1.0
167	2.0	1.0	1.0	0.0	1.3330000000000002	4.667	1.0
168	1.0	2.0	1.0	2.0	1.3330000000000002	4.667	2.0
169	1.0	0.0	1.0	0.0	0.3330000000000002	2.667	1.0
170	0.0	1.0	0.0	0.0	0.6680000000000001	2.332	0.0
171	0.0	2.0	0.0	1.0	2.0	4.0	1.0
172	0.0	2.0	0.0	1.0	1.733	4.2669999999999995	1.0
173	3.0	0.0	1.0	0.0	1.3360000000000003	4.664	1.0
174	2.0	0.0	2.0	0.0	2.0	4.0	2.0
175	2.0	1.0	2.0	0.0	3.0	6.0	2.0
176	1.0	1.0	1.0	1.0	1.6680000000000001	4.332	2.0
177	1.0	1.0	1.0	1.0	0.6680000000000001	5.332	2.0
178	1.0	1.0	1.0	1.0	0.6660000000000004	5.334	2.0
179	1.0	1.0	1.0	0.0	2.0	4.0	1.0
180	0.0	0.0	0.0	0.0	0.0	0.0	0.0
181	1.0	0.0	1.0	0.0	0.3330000000000002	2.667	1.0
182	2.0	0.0	1.0	0.0	2.0	4.0	1.0
183	1.0	3.0	1.0	3.0	1.6680000000000001	4.332	2.0
184	1.0	0.0	1.0	0.0	1.0	2.0	1.0
185	1.0	1.0	1.0	0.0	0.6660000000000004	5.334	1.0
186	1.0	0.0	1.0	0.0	1.0	2.0	1.0
187	1.0	1.0	1.0	0.0	0.6660000000000004	5.334	1.0
188	2.0	0.0	2.0	0.0	2.0	4.0	2.0
189	1.0	0.0	1.0	0.0	1.0	2.0	1.0
190	2.0	1.0	2.0	1.0	2.068	3.932	2.0
191	1.0	1.0	0.0	0.0	0.3330000000000002	2.667	0.0
192	2.0	0.0	1.0	0.0	2.0	4.0	1.0
193	1.0	2.0	1.0	1.0	1.6660000000000004	7.334	2.0
194	1.0	1.0	1.0	1.0	2.0	4.0	2.0
195	2.0	1.0	2.0	1.0	1.6680000000000001	4.332	2.0
196	1.0	1.0	1.0	0.0	2.0	4.0	1.0
197	1.0	2.0	1.0	1.0	0.9990000000000006	8.001	2.0
198	0.0	0.0	0.0	0.0	0.0	0.0	0.0
199	1.0	2.0	1.0	1.0	2.333	6.667	2.0
200	2.0	1.0	1.0	1.0	3.0	6.0	2.0
201	1.0	0.0	1.0	0.0	1.0	2.0	1.0
202	1.0	2.0	1.0	1.0	3.0	6.0	2.0
203	0.0	1.0	0.0	1.0	0.3330000000000002	2.667	1.0
204	1.0	1.0	1.0	1.0	1.4	1.6	1.0
205	1.0	1.0	1.0	1.0	1.0	2.0	1.0
206	2.0	1.0	2.0	0.0	3.0	6.0	2.0
207	0.0	0.0	0.0	0.0	0.0	0.0	0.0
208	2.0	2.0	2.0	1.0	2.3360000000000003	6.664	2.0
209	1.0	2.0	0.0	0.0	1.0	2.0	0.0
210	2.0	0.0	2.0	0.0	2.4	3.6	2.0
211	1.0	0.0	1.0	0.0	0.3330000000000002	2.667	1.0
212	1.0	0.0	1.0	0.0	0.6680000000000001	2.332	1.0
213	0.0	1.0	0.0	1.0	0.6680000000000001	2.332	1.0
214	1.0	0.0	1.0	0.0	0.3330000000000002	2.667	1.0
215	2.0	0.0	2.0	0.0	2.0	4.0	2.0
216	0.0	3.0	0.0	3.0	2.0010000000000003	6.999	3.0
217	0.0	1.0	0.0	1.0	0.6680000000000001	2.332	1.0
218	1.0	0.0	1.0	0.0	1.0	2.0	1.0
219	0.0	0.0	0.0	0.0	0.0	0.0	0.0
220	1.0	2.0	1.0	2.0	2.0	4.0	2.0
221	0.0	3.0	0.0	2.0	2.0010000000000003	6.999	2.0
222	1.0	1.0	1.0	0.0	2.0	4.0	1.0
223	1.0	0.0	0.0	0.0	1.0	2.0	0.0
224	3.0	1.0	3.0	1.0	2.0	4.0	2.0
225	0.0	1.0	0.0	1.0	1.0	2.0	1.0
226	1.0	2.0	0.0	2.0	0.3330000000000002	5.667	1.0
227	1.0	2.0	1.0	1.0	2.068	3.932	1.0
228	1.0	1.0	1.0	1.0	0.6680000000000001	2.332	1.0
229	1.0	0.0	1.0	0.0	0.3330000000000002	2.667	1.0
230	1.0	0.0	0.0	0.0	1.0	2.0	0.0
231	0.0	3.0	0.0	2.0	1.3330000000000002	4.667	1.0
232	2.0	3.0	1.0	2.0	3.333	8.667	3.0
233	1.0	0.0	1.0	0.0	1.0	2.0	1.0
234	2.0	1.0	2.0	1.0	1.3330000000000002	4.667	2.0
235	1.0	2.0	1.0	2.0	1.3330000000000002	4.667	2.0
236	1.0	1.0	1.0	1.0	2.0	4.0	2.0
237	0.0	0.0	0.0	0.0	0.0	0.0	0.0
238	0.0	0.0	0.0	0.0	0.0	0.0	0.0
239	2.0	0.0	1.0	0.0	2.4	3.6	1.0
240	1.0	1.0	0.0	1.0	1.3330000000000002	4.667	1.0
241	1.0	3.0	1.0	3.0	2.333	6.667	3.0
242	0.0	1.0	0.0	0.0	0.3330000000000002	2.667	0.0
243	0.0	0.0	0.0	0.0	0.0	0.0	0.0
244	3.0	1.0	2.0	0.0	1.6660000000000004	7.334	2.0
245	0.0	1.0	0.0	1.0	0.3330000000000002	2.667	1.0
246	1.0	1.0	1.0	0.0	1.0	5.0	1.0
247	0.0	0.0	0.0	0.0	0.0	0.0	0.0
248	2.0	1.0	1.0	1.0	1.6690000000000005	7.3309999999999995	2.0
249	2.0	0.0	2.0	0.0	0.6680000000000001	2.332	1.0
250	2.0	0.0	2.0	0.0	2.0	4.0	2.0
251	1.0	2.0	1.0	1.0	1.6660000000000004	7.334	2.0
252	0.0	0.0	0.0	0.0	0.0	0.0	0.0
253	1.0	0.0	1.0	0.0	0.6680000000000001	2.332	1.0
254	0.0	3.0	0.0	2.0	0.9990000000000006	8.001	2.0
255	1.0	0.0	1.0	0.0	1.0	2.0	1.0
256	1.0	2.0	1.0	2.0	1.0	2.0	1.0
257	2.0	2.0	2.0	2.0	1.3330000000000002	7.667	3.0
258	0.0	2.0	0.0	1.0	2.0	4.0	1.0
259	1.0	1.0	1.0	0.0	1.3360000000000003	4.664	1.0
260	1.0	1.0	1.0	1.0	0.6660000000000004	5.334	2.0
261	1.0	1.0	1.0	0.0	0.6660000000000004	5.334	1.0
262	1.0	3.0	1.0	2.0	1.6660000000000004	7.334	2.0
263	1.0	0.0	0.0	0.0	0.3330000000000002	2.667	0.0
264	2.0	2.0	1.0	2.0	2.333	6.667	2.0
265	0.0	0.0	0.0	0.0	0.0	0.0	0.0
266	1.0	3.0	1.0	1.0	1.6660000000000004	7.334	2.0
267	1.0	2.0	0.0	1.0	1.3330000000000002	4.667	1.0
268	1.0	0.0	0.0	0.0	1.0	2.0	0.0
269	1.0	2.0	1.0	1.0	2.3360000000000003	6.664	2.0
270	1.0	2.0	1.0	0.0	0.6660000000000004	5.334	1.0
271	1.0	1.0	0.0	1.0	2.0	4.0	1.0
272	1.0	1.0	1.0	0.0	2.068	3.932	1.0
273	1.0	2.0	1.0	1.0	1.6690000000000005	7.3309999999999995	2.0
274	1.0	0.0	1.0	0.0	0.3330000000000002	2.667	1.0
275	1.0	0.0	1.0	0.0	1.0	2.0	1.0
276	1.0	0.0	0.0	0.0	0.3330000000000002	2.667	0.0
277	2.0	1.0	2.0	1.0	1.733	4.2669999999999995	2.0
278	1.0	1.0	1.0	1.0	0.6660000000000004	5.334	2.0
279	1.0	0.0	1.0	0.0	1.0	2.0	1.0
280	0.0	0.0	0.0	0.0	0.0	0.0	0.0
281	1.0	2.0	1.0	1.0	1.0	5.0	1.0
282	1.0	1.0	1.0	0.0	1.3360000000000003	4.664	1.0
283	0.0	1.0	0.0	1.0	1.0	2.0	1.0
284	0.0	1.0	0.0	0.0	0.3330000000000002	2.667	0.0
285	0.0	0.0	0.0	0.0	0.0	0.0	0.0
286	2.0	2.0	2.0	1.0	2.333	6.667	2.0
287	0.0	0.0	0.0	0.0	0.0	0.0	0.0
288	1.0	2.0	0.0	2.0	0.6660000000000004	5.334	1.0
289	1.0	1.0	0.0	0.0	0.6680000000000001	2.332	0.0
290	1.0	0.0	1.0	0.0	1.0	2.0	1.0
291	1.0	0.0	1.0	0.0	1.4	1.6	1.0
292	0.0	1.0	0.0	1.0	0.3330000000000002	2.667	1.0
293	1.0	1.0	1.0	0.0	2.0	4.0	1.0
294	0.0	0.0	0.0	0.0	0.0	0.0	0.0
295	2.0	1.0	2.0	1.0	1.0	5.0	2.0
296	2.0	0.0	1.0	0.0	2.0	4.0	1.0
297	0.0	0.0	0.0	0.0	0.0	0.0	0.0
298	2.0	0.0	1.0	0.0	1.6680000000000001	4.332	1.0
299	2.0	0.0	2.0	0.0	2.0	4.0	2.0
300	0.0	0.0	0.0	0.0	0.0	0.0	0.0
301	1.0	1.0	1.0	1.0	1.6680000000000001	4.332	2.0
302	1.0	1.0	0.0	0.0	1.0	2.0	0.0
303	1.0	2.0	1.0	2.0	1.0010000000000003	4.999	2.0
304	1.0	0.0	0.0	0.0	1.0	2.0	0.0
305	2.0	0.0	2.0	0.0	1.0	2.0	1.0
306	2.0	0.0	2.0	0.0	2.0	4.0	2.0
307	0.0	0.0	0.0	0.0	0.0	0.0	0.0
308	1.0	1.0	1.0	1.0	2.0	4.0	2.0
309	2.0	2.0	2.0	1.0	2.333	6.667	2.0
310	1.0	0.0	1.0	0.0	1.0	2.0	1.0
311	1.0	2.0	1.0	2.0	1.3330000000000002	7.667	3.0
312	1.0	0.0	0.0	0.0	1.0	2.0	0.0
313	0.0	2.0	0.0	0.0	0.3330000000000002	2.667	0.0
314	2.0	0.0	1.0	0.0	2.4	3.6	1.0
315	0.0	2.0	0.0	1.0	1.0	5.0	1.0
316	1.0	0.0	1.0	0.0	1.0	2.0	1.0
317	1.0	0.0	1.0	0.0	1.0	2.0	1.0
318	1.0	0.0	0.0	0.0	1.0	2.0	0.0
319	0.0	1.0	0.0	0.0	0.6680000000000001	2.332	0.0
320	0.0	0.0	0.0	0.0	0.0	0.0	0.0
321	0.0	1.0	0.0	1.0	1.0	2.0	1.0
322	0.0	0.0	0.0	0.0	0.0	0.0	0.0
323	1.0	1.0	1.0	0.0	2.0	4.0	1.0
324	1.0	2.0	1.0	1.0	3.0	6.0	2.0
325	0.0	3.0	0.0	2.0	1.3360000000000003	4.664	1.0
326	1.0	1.0	1.0	1.0	2.0	4.0	2.0
327	1.0	1.0	1.0	1.0	0.6660000000000004	5.334	2.0
328	0.0	1.0	0.0	1.0	0.6680000000000001	2.332	1.0
329	1.0	2.0	1.0	1.0	1.3330000000000002	4.667	1.0
330	2.0	1.0	2.0	0.0	2.668	6.332	2.0
331	0.0	0.0	0.0	0.0	0.0	0.0	0.0
332	0.0	2.0	0.0	1.0	1.0010000000000003	4.999	1.0
333	0.0	2.0	0.0	2.0	1.0	2.0	1.0
334	1.0	0.0	0.0	0.0	1.0	2.0	0.0
335	0.0	0.0	0.0	0.0	0.0	0.0	0.0
336	0.0	3.0	0.0	2.0	1.3330000000000002	4.667	1.0
337	2.0	1.0	2.0	1.0	1.6680000000000001	4.332	2.0
338	1.0	0.0	1.0	0.0	1.0	2.0	1.0
339	2.0	2.0	1.0	0.0	0.6660000000000004	5.334	1.0
340	1.0	0.0	1.0	0.0	1.0	2.0	1.0
341	2.0	1.0	1.0	0.0	2.0	4.0	1.0
342	0.0	2.0	0.0	1.0	1.3330000000000002	4.667	1.0
343	0.0	2.0	0.0	1.0	0.3330000000000002	5.667	1.0
344	0.0	0.0	0.0	0.0	0.0	0.0	0.0
345	2.0	2.0	2.0	2.0	1.6680000000000001	4.332	2.0
346	1.0	0.0	1.0	0.0	1.0	2.0	1.0
347	1.0	1.0	1.0	0.0	2.0	4.0	1.0
348	1.0	3.0	1.0	2.0	3.333	8.667	3.0
349	1.0	1.0	1.0	1.0	1.6680000000000001	4.332	2.0
350	1.0	3.0	1.0	2.0	1.6660000000000004	7.334	2.0
351	0.0	0.0	0.0	0.0	0.0	0.0	0.0
352	1.0	0.0	1.0	0.0	0.6680000000000001	2.332	1.0
353	1.0	2.0	1.0	1.0	2.668	6.332	2.0
354	2.0	0.0	2.0	0.0	2.0	4.0	2.0
355	0.0	0.0	0.0	0.0	0.0	0.0	0.0
356	0.0	1.0	0.0	1.0	1.0	2.0	1.0
357	0.0	1.0	0.0	1.0	0.0	3.0	1.0
358	2.0	1.0	2.0	1.0	2.068	6.932	3.0
359	2.0	1.0	2.0	1.0	1.6680000000000001	4.332	2.0
360	1.0	1.0	1.0	1.0	2.0	4.0	2.0
361	1.0	2.0	1.0	0.0	2.0	4.0	1.0
362	1.0	2.0	1.0	2.0	1.0	2.0	1.0
363	0.0	2.0	0.0	2.0	1.3330000000000002	4.667	2.0
364	2.0	1.0	2.0	1.0	2.068	3.932	2.0
365	2.0	0.0	2.0	0.0	2.0	4.0	2.0
366	1.0	0.0	1.0	0.0	1.0	2.0	1.0
367	2.0	0.0	0.0	0.0	0.6680000000000001	2.332	0.0
368	1.0	2.0	1.0	1.0	1.6660000000000004	7.334	2.0
369	1.0	2.0	0.0	1.0	1.3330000000000002	4.667	1.0
370	2.0	0.0	1.0	0.0	2.0	4.0	1.0
371	1.0	2.0	1.0	0.0	1.3330000000000002	4.667	1.0
372	1.0	0.0	1.0	0.0	0.3330000000000002	2.667	1.0
373	2.0	2.0	1.0	2.0	2.333	6.667	2.0
374	1.0	2.0	1.0	1.0	3.0	6.0	2.0
375	2.0	1.0	1.0	1.0	3.0	6.0	2.0
376	1.0	1.0	1.0	1.0	1.0	2.0	1.0
377	1.0	0.0	1.0	0.0	1.0	2.0	1.0
378	1.0	1.0	1.0	0.0	1.3360000000000003	4.664	1.0
379	1.0	0.0	1.0	0.0	0.3330000000000002	2.667	1.0
380	2.0	1.0	2.0	1.0	2.0	4.0	2.0
381	2.0	0.0	2.0	0.0	2.0	4.0	2.0
382	1.0	2.0	0.0	1.0	1.3330000000000002	4.667	1.0
383	1.0	0.0	0.0	0.0	1.0	2.0	0.0
384	0.0	2.0	0.0	1.0	1.0	5.0	1.0
385	1.0	1.0	1.0	0.0	0.6660000000000004	5.334	1.0
386	2.0	1.0	1.0	1.0	3.068	5.932	2.0
387	0.0	1.0	0.0	1.0	1.0	2.0	1.0
388	0.0	0.0	0.0	0.0	0.0	0.0	0.0
389	1.0	0.0	1.0	0.0	1.4	1.6	1.0
390	1.0	1.0	1.0	0.0	0.6660000000000004	5.334	1.0
391	0.0	2.0	0.0	2.0	0.3330000000000002	2.667	1.0
392	1.0	0.0	1.0	0.0	0.3330000000000002	2.667	1.0
393	0.0	2.0	0.0	1.0	2.0	4.0	1.0
394	1.0	0.0	1.0	0.0	1.0	2.0	1.0
395	1.0	2.0	1.0	2.0	1.3330000000000002	4.667	2.0
396	0.0	0.0	0.0	0.0	0.0	0.0	0.0
397	0.0	0.0	0.0	0.0	0.0	0.0	0.0
398	0.0	0.0	0.0	0.0	0.0	0.0	0.0
399	2.0	0.0	0.0	0.0	0.6680000000000001	2.332	0.0
400	2.0	0.0	2.0	0.0	2.0	4.0	2.0
401	1.0	0.0	1.0	0.0	1.0	2.0	1.0
402	0.0	2.0	0.0	1.0	1.0	5.0	1.0
403	1.0	1.0	1.0	1.0	2.0	4.0	2.0
404	1.0	0.0	1.0	0.0	1.0	2.0	1.0
405	1.0	2.0	1.0	2.0	1.6680000000000001	4.332	2.0
406	2.0	2.0	1.0	2.0	3.0	6.0	2.0
407	1.0	2.0	1.0	1.0	2.733	6.2669999999999995	2.0
408	1.0	1.0	1.0	1.0	1.3330000000000002	4.667	2.0
409	1.0	1.0	1.0	0.0	2.4	3.6	1.0
410	1.0	1.0	0.0	1.0	2.0	4.0	1.0
411	1.0	2.0	1.0	2.0	1.0	2.0	1.0
412	2.0	1.0	2.0	1.0	1.3330000000000002	4.667	2.0
413	2.0	3.0	2.0	2.0	3.668	8.332	3.0
414	1.0	0.0	0.0	0.0	1.0	2.0	0.0
415	1.0	1.0	1.0	0.0	1.6680000000000001	4.332	1.0
416	1.0	1.0	1.0	1.0	1.0	2.0	1.0
417	1.0	0.0	0.0	0.0	1.0	2.0	0.0
418	1.0	0.0	0.0	0.0	1.0	2.0	0.0
419	0.0	0.0	0.0	0.0	0.0	0.0	0.0
420	0.0	0.0	0.0	0.0	0.0	0.0	0.0
421	0.0	0.0	0.0	0.0	0.0	0.0	0.0
422	0.0	2.0	0.0	1.0	2.0	4.0	1.0
423	1.0	1.0	1.0	0.0	1.3330000000000002	4.667	1.0
424	0.0	0.0	0.0	0.0	0.0	0.0	0.0
425	0.0	2.0	0.0	1.0	0.6660000000000004	5.334	1.0
426	0.0	2.0	0.0	1.0	1.3330000000000002	4.667	1.0
427	1.0	0.0	1.0	0.0	1.0	2.0	1.0
428	1.0	0.0	1.0	0.0	1.0	2.0	1.0
429	0.0	0.0	0.0	0.0	0.0	0.0	0.0
430	0.0	1.0	0.0	1.0	1.0	2.0	1.0
431	2.0	1.0	2.0	1.0	0.3330000000000002	2.667	1.0
432	1.0	0.0	1.0	0.0	1.0	2.0	1.0
433	0.0	1.0	0.0	1.0	1.0	2.0	1.0
434	1.0	2.0	0.0	2.0	2.0	4.0	1.0
435	0.0	0.0	0.0	0.0	0.0	0.0	0.0
436	1.0	2.0	1.0	1.0	1.3330000000000002	4.667	1.0
437	0.0	1.0	0.0	0.0	0.0	3.0	0.0
438	0.0	1.0	0.0	0.0	1.0	2.0	0.0
439	0.0	1.0	0.0	1.0	0.3330000000000002	2.667	1.0
440	1.0	0.0	0.0	0.0	1.0	2.0	0.0
441	0.0	1.0	0.0	0.0	1.0	2.0	0.0
442	0.0	1.0	0.0	1.0	0.3330000000000002	2.667	1.0
443	1.0	1.0	1.0	1.0	1.0	2.0	1.0
444	0.0	2.0	0.0	1.0	1.3360000000000003	4.664	1.0
445	0.0	1.0	0.0	1.0	1.0	2.0	1.0
446	0.0	2.0	0.0	1.0	1.3330000000000002	4.667	1.0
447	1.0	0.0	0.0	0.0	1.0	2.0	0.0
448	1.0	1.0	0.0	1.0	2.0	4.0	1.0
449	1.0	2.0	1.0	2.0	1.4	1.6	1.0
450	0.0	1.0	0.0	1.0	0.3330000000000002	2.667	1.0
451	1.0	1.0	0.0	0.0	0.0	3.0	0.0
452	1.0	1.0	1.0	1.0	0.6680000000000001	2.332	1.0
453	0.0	1.0	0.0	0.0	1.0	2.0	0.0
454	0.0	1.0	0.0	1.0	1.4	1.6	1.0
455	1.0	1.0	1.0	1.0	1.0	2.0	1.0
456	0.0	2.0	0.0	0.0	0.6680000000000001	2.332	0.0
457	1.0	0.0	0.0	0.0	1.0	2.0	0.0
458	1.0	0.0	1.0	0.0	0.3330000000000002	2.667	1.0
459	0.0	2.0	0.0	0.0	0.3330000000000002	2.667	0.0
460	0.0	1.0	0.0	1.0	0.3330000000000002	2.667	1.0
461	1.0	0.0	1.0	0.0	1.0	2.0	1.0
462	1.0	2.0	1.0	0.0	1.6680000000000001	4.332	1.0
463	0.0	0.0	0.0	0.0	0.0	0.0	0.0
464	1.0	0.0	1.0	0.0	0.6680000000000001	2.332	1.0
465	0.0	2.0	0.0	0.0	0.6680000000000001	2.332	0.0
466	0.0	2.0	0.0	1.0	1.6680000000000001	4.332	1.0
467	0.0	1.0	0.0	0.0	0.3330000000000002	2.667	0.0
468	0.0	2.0	0.0	0.0	1.0	2.0	0.0
469	1.0	2.0	1.0	1.0	1.3330000000000002	4.667	1.0
470	0.0	3.0	0.0	2.0	1.3330000000000002	4.667	1.0
471	0.0	2.0	0.0	0.0	0.3330000000000002	2.667	0.0
472	1.0	1.0	1.0	0.0	2.0	4.0	1.0
473	1.0	1.0	0.0	0.0	1.0	2.0	0.0
474	1.0	2.0	0.0	2.0	1.3330000000000002	4.667	1.0
475	0.0	1.0	0.0	1.0	0.3330000000000002	2.667	1.0
476	1.0	0.0	0.0	0.0	1.0	2.0	0.0
477	0.0	1.0	0.0	1.0	0.3330000000000002	2.667	1.0
478	0.0	2.0	0.0	1.0	1.6680000000000001	4.332	1.0
479	0.0	0.0	0.0	0.0	0.0	0.0	0.0
480	1.0	1.0	1.0	1.0	1.0	2.0	1.0
481	0.0	3.0	0.0	3.0	0.3330000000000002	2.667	1.0
482	1.0	1.0	0.0	1.0	1.3330000000000002	4.667	1.0
483	0.0	0.0	0.0	0.0	0.0	0.0	0.0
484	1.0	1.0	0.0	1.0	0.6660000000000004	5.334	1.0
485	1.0	0.0	1.0	0.0	0.3330000000000002	2.667	1.0
486	1.0	1.0	1.0	1.0	0.3330000000000002	2.667	1.0
487	1.0	2.0	0.0	2.0	1.3330000000000002	4.667	1.0
488	1.0	1.0	1.0	0.0	0.6660000000000004	5.334	1.0
489	1.0	1.0	1.0	1.0	1.0	2.0	1.0
490	0.0	0.0	0.0	0.0	0.0	0.0	0.0
491	1.0	1.0	1.0	1.0	0.3330000000000002	2.667	1.0
492	1.0	0.0	0.0	0.0	1.4	1.6	0.0
493	0.0	0.0	0.0	0.0	0.0	0.0	0.0
