all_syn	all_nonSyn	tip_syn	tip_nonSyn	S	N	comparisons
001	0.0	0.0	0.0	0.0	0.0	0.0	0.0
002	1.0	0.0	0.0	0.0	0.3330000000000002	2.667	0.0
003	1.0	0.0	0.0	0.0	0.6680000000000001	2.332	0.0
004	2.0	0.0	2.0	0.0	0.6660000000000004	5.334	2.0
005	0.0	0.0	0.0	0.0	0.0	0.0	0.0
006	1.0	0.0	1.0	0.0	0.6680000000000001	2.332	1.0
007	2.0	0.0	1.0	0.0	1.3360000000000003	4.664	1.0
008	2.0	0.0	2.0	0.0	1.3360000000000003	4.664	2.0
009	1.0	0.0	1.0	0.0	0.3330000000000002	2.667	1.0
010	0.0	0.0	0.0	0.0	0.0	0.0	0.0
011	0.0	0.0	0.0	0.0	0.0	0.0	0.0
012	0.0	0.0	0.0	0.0	0.0	0.0	0.0
013	0.0	0.0	0.0	0.0	0.0	0.0	0.0
014	0.0	0.0	0.0	0.0	0.0	0.0	0.0
015	0.0	0.0	0.0	0.0	0.0	0.0	0.0
016	0.0	2.0	0.0	1.0	0.6660000000000004	5.334	1.0
017	1.0	0.0	0.0	0.0	0.3330000000000002	2.667	0.0
018	2.0	0.0	2.0	0.0	2.0	4.0	2.0
019	1.0	0.0	0.0	0.0	1.0	2.0	0.0
020	1.0	0.0	1.0	0.0	0.6680000000000001	2.332	1.0
021	2.0	0.0	1.0	0.0	0.6660000000000004	5.334	1.0
022	0.0	0.0	0.0	0.0	0.0	0.0	0.0
023	0.0	0.0	0.0	0.0	0.0	0.0	0.0
024	0.0	0.0	0.0	0.0	0.0	0.0	0.0
025	0.0	0.0	0.0	0.0	0.0	0.0	0.0
026	3.0	0.0	3.0	0.0	3.0	6.0	3.0
027	2.0	0.0	1.0	0.0	2.0	4.0	1.0
028	0.0	0.0	0.0	0.0	0.0	0.0	0.0
029	1.0	0.0	1.0	0.0	1.0	2.0	1.0
030	1.0	0.0	0.0	0.0	0.6680000000000001	2.332	0.0
031	1.0	0.0	1.0	0.0	1.0	2.0	1.0
032	2.0	0.0	1.0	0.0	2.0	4.0	1.0
033	0.0	0.0	0.0	0.0	0.0	0.0	0.0
034	0.0	0.0	0.0	0.0	0.0	0.0	0.0
035	2.0	0.0	2.0	0.0	2.0	4.0	2.0
036	1.0	0.0	1.0	0.0	1.0	2.0	1.0
037	0.0	0.0	0.0	0.0	0.0	0.0	0.0
038	1.0	0.0	1.0	0.0	0.3330000000000002	2.667	1.0
039	1.0	0.0	1.0	0.0	0.3330000000000002	2.667	1.0
040	1.0	0.0	0.0	0.0	0.3330000000000002	2.667	0.0
041	1.0	0.0	1.0	0.0	0.3330000000000002	2.667	1.0
042	2.0	0.0	0.0	0.0	0.6660000000000004	5.334	0.0
043	1.0	0.0	1.0	0.0	1.0	2.0	1.0
044	3.0	0.0	1.0	0.0	3.0	6.0	1.0
045	1.0	0.0	1.0	0.0	0.6680000000000001	2.332	1.0
046	1.0	0.0	1.0	0.0	1.0	2.0	1.0
047	2.0	0.0	2.0	0.0	0.6660000000000004	5.334	2.0
048	2.0	0.0	1.0	0.0	2.0	4.0	1.0
049	4.0	0.0	4.0	0.0	5.199999999999999	6.800000000000001	4.0
050	0.0	0.0	0.0	0.0	0.0	0.0	0.0
051	1.0	0.0	1.0	0.0	0.3330000000000002	2.667	1.0
052	0.0	2.0	0.0	2.0	0.3330000000000002	2.667	1.0
053	2.0	0.0	1.0	0.0	0.6660000000000004	5.334	1.0
054	2.0	1.0	0.0	1.0	2.333	6.667	1.0
055	0.0	0.0	0.0	0.0	0.0	0.0	0.0
056	0.0	0.0	0.0	0.0	0.0	0.0	0.0
057	1.0	1.0	1.0	1.0	1.3330000000000002	4.667	2.0
058	1.0	0.0	1.0	0.0	1.0	2.0	1.0
059	1.0	0.0	1.0	0.0	0.3330000000000002	2.667	1.0
060	0.0	0.0	0.0	0.0	0.0	0.0	0.0
061	4.0	0.0	1.0	0.0	4.0	8.0	1.0
062	0.0	0.0	0.0	0.0	0.0	0.0	0.0
063	1.0	1.0	0.0	1.0	2.0	4.0	1.0
064	1.0	0.0	1.0	0.0	0.6680000000000001	2.332	1.0
065	2.0	0.0	1.0	0.0	2.068	3.932	1.0
066	0.0	0.0	0.0	0.0	0.0	0.0	0.0
067	2.0	0.0	1.0	0.0	0.6660000000000004	5.334	1.0
068	2.0	0.0	1.0	0.0	2.0	4.0	1.0
069	3.0	0.0	1.0	0.0	3.0	6.0	1.0
070	1.0	0.0	1.0	0.0	1.0	2.0	1.0
071	4.0	0.0	4.0	0.0	4.0	8.0	4.0
072	3.0	0.0	2.0	0.0	3.0	6.0	2.0
073	2.0	0.0	2.0	0.0	2.0	4.0	2.0
074	0.0	0.0	0.0	0.0	0.0	0.0	0.0
075	2.0	0.0	1.0	0.0	2.0	4.0	1.0
076	1.0	0.0	0.0	0.0	1.0	2.0	0.0
077	1.0	0.0	1.0	0.0	0.3330000000000002	2.667	1.0
078	0.0	0.0	0.0	0.0	0.0	0.0	0.0
079	1.0	0.0	1.0	0.0	0.3330000000000002	2.667	1.0
080	1.0	0.0	0.0	0.0	0.6680000000000001	2.332	0.0
081	2.0	0.0	0.0	0.0	1.3360000000000003	4.664	0.0
082	1.0	0.0	1.0	0.0	0.3330000000000002	2.667	1.0
083	1.0	0.0	1.0	0.0	0.3330000000000002	2.667	1.0
084	0.0	0.0	0.0	0.0	0.0	0.0	0.0
085	2.0	2.0	2.0	2.0	1.3330000000000002	4.667	2.0
086	0.0	0.0	0.0	0.0	0.0	0.0	0.0
087	1.0	1.0	0.0	1.0	0.6660000000000004	5.334	1.0
088	1.0	0.0	0.0	0.0	1.0	2.0	0.0
089	1.0	0.0	1.0	0.0	0.3330000000000002	2.667	1.0
090	3.0	1.0	3.0	0.0	3.333	8.667	3.0
091	2.0	2.0	1.0	0.0	3.0	6.0	1.0
092	1.0	0.0	1.0	0.0	1.0	2.0	1.0
093	0.0	0.0	0.0	0.0	0.0	0.0	0.0
094	1.0	1.0	0.0	1.0	1.0010000000000003	4.999	1.0
095	0.0	0.0	0.0	0.0	0.0	0.0	0.0
096	1.0	1.0	1.0	1.0	2.0	4.0	2.0
097	3.0	0.0	2.0	0.0	2.0040000000000004	6.9959999999999996	2.0
098	3.0	0.0	1.0	0.0	3.468	5.532	1.0
099	1.0	0.0	1.0	0.0	1.0	2.0	1.0
100	3.0	0.0	2.0	0.0	3.0	6.0	2.0
101	2.0	0.0	0.0	0.0	2.0	4.0	0.0
102	1.0	0.0	1.0	0.0	0.6680000000000001	2.332	1.0
103	2.0	0.0	1.0	0.0	2.0	4.0	1.0
104	2.0	1.0	1.0	1.0	3.0	6.0	2.0
105	0.0	0.0	0.0	0.0	0.0	0.0	0.0
106	0.0	0.0	0.0	0.0	0.0	0.0	0.0
107	1.0	0.0	0.0	0.0	0.3330000000000002	2.667	0.0
108	2.0	0.0	1.0	0.0	0.6660000000000004	5.334	1.0
109	0.0	0.0	0.0	0.0	0.0	0.0	0.0
110	2.0	0.0	1.0	0.0	2.0	4.0	1.0
111	0.0	1.0	0.0	1.0	1.0	2.0	1.0
112	1.0	0.0	1.0	0.0	0.3330000000000002	2.667	1.0
113	1.0	0.0	1.0	0.0	1.0	2.0	1.0
114	1.0	0.0	1.0	0.0	0.3330000000000002	2.667	1.0
115	2.0	0.0	1.0	0.0	2.0	4.0	1.0
116	3.0	0.0	2.0	0.0	3.0	6.0	2.0
117	2.0	0.0	1.0	0.0	2.0	4.0	1.0
118	1.0	0.0	1.0	0.0	0.3330000000000002	2.667	1.0
119	2.0	2.0	1.0	1.0	2.6660000000000004	9.334	2.0
120	1.0	0.0	1.0	0.0	0.3330000000000002	2.667	1.0
121	1.0	0.0	1.0	0.0	1.0	2.0	1.0
122	1.0	1.0	1.0	0.0	1.6680000000000001	4.332	1.0
123	0.0	0.0	0.0	0.0	0.0	0.0	0.0
124	3.0	0.0	2.0	0.0	2.668	6.332	2.0
125	1.0	0.0	1.0	0.0	1.0	2.0	1.0
126	1.0	0.0	1.0	0.0	0.3330000000000002	2.667	1.0
127	2.0	0.0	1.0	0.0	2.0	4.0	1.0
128	3.0	0.0	2.0	0.0	3.0	6.0	2.0
129	1.0	0.0	0.0	0.0	1.0	2.0	0.0
130	0.0	0.0	0.0	0.0	0.0	0.0	0.0
131	1.0	0.0	1.0	0.0	1.0	2.0	1.0
132	2.0	0.0	2.0	0.0	1.3360000000000003	4.664	2.0
133	2.0	0.0	1.0	0.0	2.0	4.0	1.0
134	2.0	0.0	1.0	0.0	0.6660000000000004	5.334	1.0
135	2.0	0.0	1.0	0.0	2.0	4.0	1.0
136	0.0	0.0	0.0	0.0	0.0	0.0	0.0
137	0.0	0.0	0.0	0.0	0.0	0.0	0.0
138	1.0	0.0	0.0	0.0	0.6680000000000001	2.332	0.0
139	4.0	0.0	2.0	0.0	4.0	8.0	2.0
140	3.0	0.0	2.0	0.0	3.0	6.0	2.0
141	2.0	0.0	1.0	0.0	0.6660000000000004	5.334	1.0
142	1.0	0.0	1.0	0.0	1.0	2.0	1.0
143	3.0	0.0	2.0	0.0	3.0	6.0	2.0
144	2.0	0.0	1.0	0.0	2.0	4.0	1.0
145	2.0	1.0	2.0	1.0	1.3330000000000002	4.667	2.0
146	1.0	0.0	1.0	0.0	1.0	2.0	1.0
147	2.0	0.0	1.0	0.0	1.3360000000000003	4.664	1.0
148	2.0	0.0	2.0	0.0	2.0	4.0	2.0
149	1.0	0.0	0.0	0.0	0.3330000000000002	2.667	0.0
150	0.0	0.0	0.0	0.0	0.0	0.0	0.0
151	1.0	0.0	1.0	0.0	0.3330000000000002	2.667	1.0
152	1.0	0.0	1.0	0.0	0.3330000000000002	2.667	1.0
153	2.0	0.0	1.0	0.0	2.0	4.0	1.0
154	0.0	0.0	0.0	0.0	0.0	0.0	0.0
155	4.0	0.0	1.0	0.0	3.3360000000000003	8.664	1.0
156	2.0	0.0	2.0	0.0	2.4	3.6	2.0
157	2.0	1.0	1.0	1.0	2.333	6.667	2.0
158	2.0	0.0	1.0	0.0	1.6680000000000001	4.332	1.0
159	0.0	1.0	0.0	1.0	0.0	3.0	1.0
160	1.0	0.0	0.0	0.0	0.3330000000000002	2.667	0.0
161	0.0	0.0	0.0	0.0	0.0	0.0	0.0
162	3.0	0.0	2.0	0.0	3.0	6.0	2.0
163	2.0	0.0	1.0	0.0	2.0	4.0	1.0
164	2.0	0.0	1.0	0.0	2.0	4.0	1.0
165	3.0	0.0	2.0	0.0	3.0	6.0	2.0
166	1.0	0.0	0.0	0.0	0.3330000000000002	2.667	0.0
167	2.0	0.0	2.0	0.0	2.0	4.0	2.0
168	2.0	0.0	2.0	0.0	0.6660000000000004	5.334	2.0
169	1.0	0.0	1.0	0.0	0.3330000000000002	2.667	1.0
170	1.0	0.0	1.0	0.0	1.0	2.0	1.0
171	2.0	0.0	2.0	0.0	2.0	4.0	2.0
172	1.0	0.0	1.0	0.0	1.0	2.0	1.0
173	2.0	1.0	2.0	1.0	3.0	6.0	3.0
174	1.0	0.0	1.0	0.0	0.3330000000000002	2.667	1.0
175	1.0	0.0	1.0	0.0	1.0	2.0	1.0
176	2.0	0.0	1.0	0.0	2.068	3.932	1.0
177	1.0	0.0	0.0	0.0	0.3330000000000002	2.667	0.0
178	2.0	0.0	0.0	0.0	1.3360000000000003	4.664	0.0
179	0.0	0.0	0.0	0.0	0.0	0.0	0.0
180	0.0	1.0	0.0	1.0	0.3330000000000002	2.667	1.0
181	1.0	0.0	1.0	0.0	0.3330000000000002	2.667	1.0
182	1.0	0.0	0.0	0.0	1.0	2.0	0.0
183	1.0	0.0	1.0	0.0	0.3330000000000002	2.667	1.0
184	0.0	0.0	0.0	0.0	0.0	0.0	0.0
185	0.0	0.0	0.0	0.0	0.0	0.0	0.0
186	1.0	0.0	1.0	0.0	0.6680000000000001	2.332	1.0
187	1.0	0.0	1.0	0.0	0.3330000000000002	2.667	1.0
188	0.0	0.0	0.0	0.0	0.0	0.0	0.0
189	1.0	0.0	1.0	0.0	0.6680000000000001	2.332	1.0
190	0.0	0.0	0.0	0.0	0.0	0.0	0.0
191	1.0	0.0	0.0	0.0	0.3330000000000002	2.667	0.0
192	2.0	0.0	1.0	0.0	2.4	3.6	1.0
193	3.0	0.0	3.0	0.0	2.3360000000000003	6.664	3.0
194	1.0	0.0	0.0	0.0	1.0	2.0	0.0
195	0.0	0.0	0.0	0.0	0.0	0.0	0.0
196	0.0	0.0	0.0	0.0	0.0	0.0	0.0
197	2.0	0.0	1.0	0.0	0.6660000000000004	5.334	1.0
198	0.0	0.0	0.0	0.0	0.0	0.0	0.0
199	2.0	0.0	2.0	0.0	2.0	4.0	2.0
200	2.0	0.0	2.0	0.0	2.4	3.6	2.0
201	2.0	2.0	0.0	1.0	3.0	6.0	1.0
202	0.0	0.0	0.0	0.0	0.0	0.0	0.0
203	1.0	0.0	1.0	0.0	1.4	1.6	1.0
204	2.0	0.0	0.0	0.0	0.6660000000000004	5.334	0.0
205	1.0	0.0	1.0	0.0	0.3330000000000002	2.667	1.0
206	3.0	0.0	3.0	0.0	0.9990000000000006	8.001	3.0
207	1.0	0.0	1.0	0.0	0.3330000000000002	2.667	1.0
208	2.0	0.0	1.0	0.0	0.6660000000000004	5.334	1.0
209	1.0	0.0	1.0	0.0	0.3330000000000002	2.667	1.0
210	2.0	0.0	0.0	0.0	2.4	3.6	0.0
211	3.0	0.0	3.0	0.0	3.0	6.0	3.0
212	2.0	0.0	2.0	0.0	2.0	4.0	2.0
213	1.0	0.0	1.0	0.0	0.3330000000000002	2.667	1.0
214	1.0	0.0	1.0	0.0	0.3330000000000002	2.667	1.0
215	1.0	0.0	1.0	0.0	0.3330000000000002	2.667	1.0
216	0.0	0.0	0.0	0.0	0.0	0.0	0.0
217	1.0	0.0	0.0	0.0	0.3330000000000002	2.667	0.0
218	2.0	0.0	2.0	0.0	2.0	4.0	2.0
219	2.0	1.0	1.0	1.0	0.9990000000000006	8.001	2.0
220	2.0	0.0	2.0	0.0	2.0	4.0	2.0
221	2.0	0.0	1.0	0.0	1.3360000000000003	4.664	1.0
222	1.0	0.0	1.0	0.0	0.3330000000000002	2.667	1.0
223	2.0	0.0	1.0	0.0	2.8	3.2	1.0
224	1.0	0.0	1.0	0.0	0.3330000000000002	2.667	1.0
225	3.0	0.0	2.0	0.0	0.9990000000000006	8.001	2.0
226	2.0	0.0	1.0	0.0	2.0	4.0	1.0
227	2.0	0.0	1.0	0.0	2.4	3.6	1.0
228	0.0	0.0	0.0	0.0	0.0	0.0	0.0
229	1.0	0.0	0.0	0.0	0.3330000000000002	2.667	0.0
230	1.0	0.0	0.0	0.0	0.3330000000000002	2.667	0.0
231	1.0	0.0	1.0	0.0	0.3330000000000002	2.667	1.0
232	1.0	0.0	1.0	0.0	0.3330000000000002	2.667	1.0
233	0.0	0.0	0.0	0.0	0.0	0.0	0.0
234	2.0	2.0	2.0	2.0	1.3330000000000002	4.667	2.0
235	1.0	2.0	1.0	2.0	2.0010000000000003	6.999	3.0
236	1.0	0.0	1.0	0.0	0.3330000000000002	2.667	1.0
237	3.0	2.0	2.0	2.0	0.9990000000000006	8.001	2.0
238	1.0	1.0	1.0	1.0	0.6660000000000004	5.334	2.0
239	4.0	0.0	4.0	0.0	4.8	7.199999999999999	4.0
240	0.0	1.0	0.0	1.0	0.3330000000000002	2.667	1.0
241	3.0	0.0	0.0	0.0	1.6680000000000001	4.332	0.0
242	1.0	0.0	0.0	0.0	0.6680000000000001	2.332	0.0
243	3.0	0.0	1.0	0.0	0.9990000000000006	8.001	1.0
244	2.0	0.0	2.0	0.0	0.6660000000000004	5.334	2.0
245	0.0	2.0	0.0	1.0	0.6680000000000001	5.332	1.0
246	1.0	0.0	1.0	0.0	1.0	2.0	1.0
247	2.0	0.0	1.0	0.0	0.6660000000000004	5.334	1.0
248	2.0	3.0	1.0	0.0	1.3320000000000007	10.668	1.0
249	2.0	0.0	1.0	0.0	2.0	4.0	1.0
250	3.0	0.0	3.0	0.0	3.068	5.932	3.0
251	1.0	1.0	1.0	0.0	0.6660000000000004	5.334	1.0
252	0.0	1.0	0.0	1.0	0.3330000000000002	2.667	1.0
253	1.0	0.0	1.0	0.0	1.0	2.0	1.0
254	1.0	1.0	1.0	1.0	0.6660000000000004	5.334	2.0
255	1.0	2.0	1.0	2.0	1.3330000000000002	4.667	2.0
256	2.0	0.0	1.0	0.0	1.3360000000000003	4.664	1.0
257	1.0	0.0	1.0	0.0	1.0	2.0	1.0
258	3.0	4.0	2.0	3.0	3.6660000000000004	11.334	3.0
259	1.0	0.0	0.0	0.0	0.3330000000000002	2.667	0.0
260	2.0	0.0	1.0	0.0	2.8	3.2	1.0
261	0.0	0.0	0.0	0.0	0.0	0.0	0.0
262	2.0	2.0	1.0	1.0	1.3320000000000007	10.668	2.0
263	1.0	0.0	1.0	0.0	1.0	2.0	1.0
264	3.0	0.0	2.0	0.0	0.9990000000000006	8.001	2.0
265	0.0	1.0	0.0	1.0	0.6680000000000001	2.332	1.0
266	2.0	2.0	2.0	2.0	2.0	4.0	2.0
267	2.0	2.0	1.0	2.0	3.068	5.932	2.0
268	3.0	2.0	1.0	2.0	5.0	10.0	3.0
269	1.0	0.0	0.0	0.0	0.3330000000000002	2.667	0.0
270	3.0	1.0	2.0	1.0	2.0010000000000003	6.999	2.0
271	1.0	1.0	1.0	1.0	0.6660000000000004	5.334	2.0
272	1.0	2.0	1.0	1.0	3.0	6.0	2.0
273	1.0	0.0	1.0	0.0	0.3330000000000002	2.667	1.0
274	1.0	0.0	0.0	0.0	0.6680000000000001	2.332	0.0
275	0.0	2.0	0.0	2.0	1.0	2.0	1.0
276	0.0	0.0	0.0	0.0	0.0	0.0	0.0
277	3.0	0.0	2.0	0.0	2.4	3.6	1.0
278	1.0	2.0	0.0	1.0	2.0010000000000003	6.999	1.0
279	5.0	1.0	4.0	1.0	1.9990000000000006	10.001	3.0
280	0.0	0.0	0.0	0.0	0.0	0.0	0.0
281	0.0	3.0	0.0	3.0	2.0	4.0	2.0
282	2.0	0.0	1.0	0.0	0.6660000000000004	5.334	1.0
283	2.0	1.0	1.0	1.0	2.4	6.6	2.0
284	0.0	2.0	0.0	2.0	1.0	2.0	1.0
285	1.0	0.0	1.0	0.0	0.3330000000000002	2.667	1.0
286	1.0	1.0	1.0	1.0	1.6680000000000001	4.332	2.0
287	1.0	1.0	1.0	1.0	0.6660000000000004	5.334	2.0
288	2.0	0.0	2.0	0.0	2.0	4.0	2.0
289	1.0	0.0	0.0	0.0	1.0	2.0	0.0
290	2.0	0.0	0.0	0.0	0.6660000000000004	5.334	0.0
291	2.0	0.0	2.0	0.0	2.4	3.6	2.0
292	0.0	1.0	0.0	1.0	0.3330000000000002	2.667	1.0
293	1.0	0.0	0.0	0.0	0.3330000000000002	2.667	0.0
294	2.0	1.0	1.0	1.0	0.9990000000000006	8.001	2.0
295	1.0	0.0	1.0	0.0	1.0	2.0	1.0
296	2.0	0.0	0.0	0.0	2.0	4.0	0.0
297	2.0	1.0	2.0	1.0	0.6660000000000004	5.334	2.0
298	2.0	0.0	0.0	0.0	2.0	4.0	0.0
299	1.0	0.0	0.0	0.0	1.0	2.0	0.0
300	2.0	0.0	1.0	0.0	0.6660000000000004	5.334	1.0
301	1.0	3.0	0.0	2.0	3.333	8.667	2.0
302	1.0	0.0	0.0	0.0	0.3330000000000002	2.667	0.0
303	1.0	0.0	1.0	0.0	1.0	2.0	1.0
304	0.0	2.0	0.0	2.0	1.0	2.0	1.0
305	2.0	1.0	2.0	1.0	2.0	4.0	2.0
306	1.0	0.0	1.0	0.0	0.3330000000000002	2.667	1.0
307	2.0	0.0	2.0	0.0	2.8	3.2	2.0
308	2.0	0.0	0.0	0.0	0.6660000000000004	5.334	0.0
309	2.0	0.0	1.0	0.0	2.0	4.0	1.0
310	1.0	0.0	0.0	0.0	0.3330000000000002	2.667	0.0
311	1.0	1.0	1.0	1.0	1.3330000000000002	4.667	2.0
312	3.0	0.0	2.0	0.0	2.736	6.263999999999999	2.0
313	2.0	1.0	1.0	1.0	2.333	6.667	2.0
314	0.0	0.0	0.0	0.0	0.0	0.0	0.0
315	3.0	0.0	2.0	0.0	3.0	6.0	2.0
316	0.0	0.0	0.0	0.0	0.0	0.0	0.0
317	4.0	0.0	2.0	0.0	4.0	8.0	2.0
318	2.0	0.0	1.0	0.0	2.0	4.0	1.0
319	2.0	0.0	2.0	0.0	2.0	4.0	2.0
320	4.0	1.0	3.0	1.0	4.0	8.0	3.0
321	2.0	0.0	2.0	0.0	0.6660000000000004	5.334	2.0
322	2.0	1.0	1.0	1.0	3.0	6.0	2.0
323	1.0	1.0	1.0	0.0	0.6660000000000004	5.334	1.0
324	2.0	0.0	1.0	0.0	0.6660000000000004	5.334	1.0
325	2.0	0.0	2.0	0.0	0.6660000000000004	5.334	2.0
326	2.0	0.0	0.0	0.0	0.6660000000000004	5.334	0.0
327	1.0	1.0	1.0	1.0	0.6660000000000004	5.334	2.0
328	2.0	1.0	2.0	1.0	2.333	6.667	3.0
329	1.0	2.0	0.0	2.0	1.6660000000000004	7.334	2.0
330	0.0	0.0	0.0	0.0	0.0	0.0	0.0
331	3.0	2.0	1.0	2.0	3.333	8.667	2.0
332	2.0	0.0	2.0	0.0	2.0	4.0	2.0
333	2.0	2.0	2.0	2.0	2.0	4.0	2.0
334	1.0	2.0	0.0	2.0	1.6680000000000001	4.332	1.0
335	0.0	1.0	0.0	1.0	0.3330000000000002	2.667	1.0
336	2.0	0.0	1.0	0.0	0.6660000000000004	5.334	1.0
337	1.0	1.0	1.0	1.0	0.6680000000000001	5.332	2.0
338	1.0	1.0	0.0	1.0	2.0	4.0	1.0
339	3.0	2.0	2.0	2.0	4.333	10.667	4.0
340	2.0	2.0	2.0	2.0	0.9990000000000006	8.001	3.0
341	1.0	0.0	1.0	0.0	0.3330000000000002	2.667	1.0
342	1.0	3.0	1.0	1.0	0.9990000000000006	8.001	2.0
343	1.0	0.0	1.0	0.0	0.3330000000000002	2.667	1.0
344	2.0	0.0	2.0	0.0	2.4	3.6	2.0
345	0.0	2.0	0.0	2.0	0.3330000000000002	2.667	1.0
346	0.0	4.0	0.0	3.0	1.3340000000000005	7.6659999999999995	2.0
347	0.0	1.0	0.0	0.0	0.6680000000000001	2.332	0.0
348	0.0	6.0	0.0	4.0	4.001	13.998999999999999	4.0
349	2.0	0.0	2.0	0.0	2.0	4.0	2.0
350	0.0	3.0	0.0	1.0	1.6660000000000004	7.334	1.0
351	2.0	1.0	1.0	0.0	0.9990000000000006	8.001	1.0
352	3.0	3.0	2.0	2.0	3.668	8.332	2.0
353	1.0	2.0	1.0	2.0	1.0010000000000003	4.999	2.0
354	3.0	0.0	3.0	0.0	2.668	6.332	3.0
355	2.0	1.0	1.0	1.0	1.3340000000000005	7.6659999999999995	2.0
356	2.0	3.0	1.0	1.0	2.6660000000000004	9.334	2.0
357	3.0	1.0	2.0	1.0	1.3320000000000007	10.668	3.0
358	2.0	0.0	1.0	0.0	0.6660000000000004	5.334	1.0
359	1.0	4.0	1.0	2.0	2.333	6.667	2.0
360	2.0	1.0	1.0	1.0	0.9990000000000006	8.001	2.0
361	1.0	1.0	1.0	1.0	0.6680000000000001	2.332	1.0
362	2.0	1.0	2.0	1.0	1.0	2.0	1.0
363	0.0	1.0	0.0	1.0	1.4	1.6	1.0
364	0.0	0.0	0.0	0.0	0.0	0.0	0.0
365	1.0	2.0	1.0	0.0	2.4	6.6	1.0
366	1.0	1.0	0.0	1.0	0.6660000000000004	5.334	1.0
367	3.0	0.0	2.0	0.0	3.0	6.0	2.0
368	1.0	0.0	1.0	0.0	1.0	2.0	1.0
369	1.0	0.0	1.0	0.0	0.3330000000000002	2.667	1.0
370	1.0	0.0	0.0	0.0	1.0	2.0	0.0
371	3.0	0.0	2.0	0.0	3.0	6.0	2.0
372	3.0	0.0	1.0	0.0	3.0	6.0	1.0
373	2.0	1.0	1.0	1.0	1.6660000000000004	7.334	2.0
374	2.0	0.0	1.0	0.0	2.0	4.0	1.0
375	2.0	0.0	1.0	0.0	2.4	3.6	1.0
376	0.0	1.0	0.0	1.0	0.3330000000000002	2.667	1.0
377	0.0	1.0	0.0	1.0	0.3330000000000002	2.667	1.0
378	1.0	0.0	0.0	0.0	0.3330000000000002	2.667	0.0
379	3.0	0.0	1.0	0.0	0.9990000000000006	8.001	1.0
380	2.0	1.0	2.0	1.0	1.6660000000000004	7.334	3.0
381	2.0	0.0	1.0	0.0	2.0	4.0	1.0
382	1.0	1.0	0.0	1.0	1.3330000000000002	4.667	1.0
383	2.0	0.0	2.0	0.0	2.0	4.0	2.0
384	1.0	0.0	1.0	0.0	0.3330000000000002	2.667	1.0
385	1.0	0.0	1.0	0.0	0.3330000000000002	2.667	1.0
386	0.0	0.0	0.0	0.0	0.0	0.0	0.0
387	0.0	0.0	0.0	0.0	0.0	0.0	0.0
388	0.0	0.0	0.0	0.0	0.0	0.0	0.0
389	3.0	1.0	1.0	1.0	4.0	8.0	2.0
390	0.0	1.0	0.0	1.0	1.0	2.0	1.0
391	4.0	0.0	3.0	0.0	3.668	8.332	3.0
392	1.0	0.0	0.0	0.0	0.3330000000000002	2.667	0.0
393	0.0	1.0	0.0	0.0	0.3330000000000002	2.667	0.0
394	0.0	2.0	0.0	2.0	0.0	3.0	1.0
395	2.0	0.0	1.0	0.0	2.8	3.2	1.0
396	2.0	0.0	1.0	0.0	1.6680000000000001	4.332	1.0
397	1.0	1.0	0.0	1.0	1.3330000000000002	4.667	1.0
398	0.0	0.0	0.0	0.0	0.0	0.0	0.0
399	2.0	0.0	1.0	0.0	1.3360000000000003	4.664	1.0
400	0.0	0.0	0.0	0.0	0.0	0.0	0.0
401	1.0	0.0	1.0	0.0	0.3330000000000002	2.667	1.0
402	2.0	0.0	1.0	0.0	2.4	3.6	1.0
403	2.0	1.0	1.0	1.0	1.6660000000000004	7.334	2.0
404	3.0	1.0	2.0	1.0	4.0	8.0	3.0
405	0.0	2.0	0.0	2.0	0.3330000000000002	2.667	1.0
406	0.0	1.0	0.0	1.0	0.6680000000000001	2.332	1.0
407	0.0	0.0	0.0	0.0	0.0	0.0	0.0
408	1.0	2.0	1.0	2.0	1.0	2.0	1.0
409	1.0	1.0	1.0	1.0	0.6660000000000004	5.334	2.0
410	1.0	0.0	1.0	0.0	0.3330000000000002	2.667	1.0
411	2.0	0.0	1.0	0.0	2.0	4.0	1.0
412	0.0	0.0	0.0	0.0	0.0	0.0	0.0
413	1.0	0.0	0.0	0.0	0.3330000000000002	2.667	0.0
414	0.0	1.0	0.0	1.0	1.4	1.6	1.0
415	1.0	3.0	1.0	3.0	1.3330000000000002	4.667	2.0
416	2.0	1.0	1.0	1.0	2.0	4.0	1.0
417	2.0	1.0	1.0	1.0	1.6660000000000004	7.334	2.0
418	1.0	0.0	1.0	0.0	0.3330000000000002	2.667	1.0
419	0.0	0.0	0.0	0.0	0.0	0.0	0.0
420	1.0	0.0	0.0	0.0	1.0	2.0	0.0
421	3.0	3.0	1.0	1.0	6.0	12.0	2.0
422	1.0	4.0	0.0	4.0	4.001	10.998999999999999	4.0
423	3.0	2.0	3.0	2.0	3.0	6.0	3.0
424	1.0	0.0	1.0	0.0	0.3330000000000002	2.667	1.0
425	0.0	4.0	0.0	1.0	1.6670000000000007	10.332999999999998	1.0
426	3.0	1.0	1.0	1.0	4.0	8.0	2.0
427	1.0	0.0	1.0	0.0	0.6680000000000001	2.332	1.0
428	1.0	2.0	0.0	2.0	1.3340000000000005	7.6659999999999995	2.0
429	3.0	0.0	1.0	0.0	0.9990000000000006	8.001	1.0
430	4.0	0.0	3.0	0.0	3.468	5.532	2.0
431	2.0	1.0	1.0	1.0	0.9990000000000006	8.001	2.0
432	3.0	2.0	2.0	2.0	1.9990000000000006	10.001	3.0
433	1.0	3.0	1.0	2.0	1.9990000000000006	10.001	3.0
434	1.0	3.0	0.0	2.0	2.668	9.332	2.0
435	2.0	0.0	2.0	0.0	2.0	4.0	2.0
436	1.0	4.0	0.0	3.0	1.6670000000000007	10.332999999999998	2.0
437	3.0	0.0	2.0	0.0	3.068	5.932	2.0
438	2.0	0.0	2.0	0.0	1.6680000000000001	4.332	2.0
439	0.0	3.0	0.0	1.0	1.6660000000000004	7.334	1.0
440	1.0	0.0	1.0	0.0	0.3330000000000002	2.667	1.0
441	5.0	0.0	2.0	0.0	3.736	8.264	2.0
442	1.0	1.0	0.0	1.0	0.6660000000000004	5.334	1.0
443	0.0	2.0	0.0	2.0	1.0	2.0	1.0
444	2.0	2.0	1.0	1.0	1.3330000000000002	4.667	1.0
445	1.0	2.0	1.0	2.0	0.3330000000000002	2.667	1.0
446	2.0	0.0	2.0	0.0	2.0	4.0	2.0
447	1.0	1.0	1.0	1.0	2.0	4.0	2.0
448	4.0	0.0	2.0	0.0	3.668	8.332	2.0
449	1.0	2.0	1.0	2.0	0.9990000000000006	8.001	3.0
450	2.0	1.0	1.0	0.0	0.9990000000000006	8.001	1.0
451	2.0	0.0	1.0	0.0	2.0	4.0	1.0
452	2.0	4.0	1.0	3.0	3.6660000000000004	11.334	3.0
453	1.0	1.0	1.0	1.0	0.3330000000000002	2.667	1.0
454	0.0	2.0	0.0	2.0	1.3330000000000002	4.667	2.0
455	2.0	3.0	1.0	3.0	2.0010000000000003	6.999	2.0
456	1.0	4.0	1.0	4.0	1.3330000000000002	4.667	2.0
457	2.0	2.0	2.0	2.0	1.6690000000000005	7.3309999999999995	3.0
458	3.0	0.0	3.0	0.0	3.0	6.0	3.0
459	2.0	0.0	1.0	0.0	1.3360000000000003	4.664	1.0
460	1.0	1.0	1.0	1.0	0.6660000000000004	5.334	2.0
461	3.0	3.0	2.0	1.0	3.668	8.332	2.0
462	3.0	0.0	1.0	0.0	3.8	5.2	1.0
463	2.0	1.0	1.0	1.0	0.9990000000000006	8.001	2.0
464	3.0	2.0	2.0	2.0	1.6660000000000004	7.334	2.0
465	2.0	0.0	2.0	0.0	0.6680000000000001	2.332	1.0
466	1.0	2.0	1.0	2.0	0.6660000000000004	5.334	2.0
467	2.0	0.0	2.0	0.0	0.6660000000000004	5.334	2.0
468	1.0	0.0	1.0	0.0	0.3330000000000002	2.667	1.0
469	0.0	1.0	0.0	0.0	0.6680000000000001	2.332	0.0
470	0.0	1.0	0.0	1.0	0.3330000000000002	2.667	1.0
471	2.0	2.0	1.0	2.0	3.4	5.6	2.0
472	3.0	0.0	2.0	0.0	3.8	5.2	2.0
473	1.0	3.0	1.0	0.0	3.0	6.0	1.0
474	2.0	0.0	2.0	0.0	2.0	4.0	2.0
475	1.0	2.0	1.0	1.0	0.9990000000000006	8.001	2.0
476	3.0	0.0	1.0	0.0	0.9990000000000006	8.001	1.0
477	2.0	0.0	0.0	0.0	0.6660000000000004	5.334	0.0
478	0.0	0.0	0.0	0.0	0.0	0.0	0.0
479	1.0	0.0	1.0	0.0	1.4	1.6	1.0
480	0.0	4.0	0.0	2.0	1.3340000000000005	7.6659999999999995	1.0
481	0.0	2.0	0.0	2.0	0.3330000000000002	2.667	1.0
482	1.0	3.0	1.0	2.0	1.6680000000000001	7.332	2.0
483	2.0	4.0	2.0	2.0	3.4	8.6	2.0
484	2.0	4.0	1.0	2.0	2.333	6.667	1.0
485	1.0	2.0	1.0	2.0	1.0	2.0	1.0
486	2.0	0.0	1.0	0.0	2.0	4.0	1.0
487	3.0	1.0	2.0	1.0	4.4	7.6	3.0
488	0.0	3.0	0.0	2.0	0.9990000000000006	8.001	2.0
489	0.0	0.0	0.0	0.0	0.0	0.0	0.0
490	2.0	1.0	1.0	1.0	1.6690000000000005	7.3309999999999995	2.0
491	2.0	2.0	0.0	2.0	1.3320000000000007	10.668	2.0
492	4.0	2.0	3.0	2.0	3.0010000000000003	8.998999999999999	3.0
493	2.0	0.0	1.0	0.0	2.0	4.0	1.0
494	0.0	1.0	0.0	0.0	0.3330000000000002	2.667	0.0
495	0.0	2.0	0.0	2.0	0.3330000000000002	2.667	1.0
496	0.0	2.0	0.0	2.0	0.6680000000000001	2.332	1.0
497	3.0	0.0	1.0	0.0	2.668	6.332	1.0
498	0.0	1.0	0.0	1.0	1.0	2.0	1.0
499	2.0	3.0	1.0	1.0	3.333	8.667	2.0
500	0.0	2.0	0.0	2.0	1.0	2.0	1.0
501	0.0	0.0	0.0	0.0	0.0	0.0	0.0
502	2.0	0.0	1.0	0.0	0.6660000000000004	5.334	1.0
503	1.0	4.0	0.0	3.0	3.0010000000000003	8.998999999999999	2.0
504	1.0	1.0	0.0	1.0	1.3330000000000002	4.667	1.0
505	2.0	0.0	2.0	0.0	2.0	4.0	2.0
506	2.0	2.0	2.0	2.0	1.3330000000000002	4.667	2.0
507	2.0	1.0	1.0	1.0	1.3330000000000002	4.667	1.0
508	0.0	0.0	0.0	0.0	0.0	0.0	0.0
509	3.0	0.0	2.0	0.0	3.4	5.6	2.0
510	3.0	2.0	3.0	2.0	3.333	8.667	4.0
511	2.0	0.0	2.0	0.0	2.0	4.0	2.0
512	2.0	0.0	1.0	0.0	1.3360000000000003	4.664	1.0
513	2.0	0.0	2.0	0.0	2.0	4.0	2.0
514	2.0	0.0	2.0	0.0	2.0	4.0	2.0
515	4.0	0.0	3.0	0.0	4.068	7.932	3.0
516	1.0	0.0	1.0	0.0	0.3330000000000002	2.667	1.0
517	3.0	3.0	2.0	3.0	2.6660000000000004	9.334	3.0
518	0.0	6.0	0.0	4.0	1.9990000000000006	10.001	3.0
519	0.0	2.0	0.0	0.0	0.6660000000000004	5.334	0.0
520	1.0	1.0	0.0	1.0	0.6660000000000004	5.334	1.0
521	2.0	1.0	1.0	1.0	1.6680000000000001	4.332	1.0
522	1.0	0.0	0.0	0.0	1.0	2.0	0.0
523	1.0	0.0	1.0	0.0	1.0	2.0	1.0
524	3.0	0.0	1.0	0.0	3.0	6.0	1.0
525	2.0	0.0	0.0	0.0	0.6660000000000004	5.334	0.0
526	3.0	0.0	2.0	0.0	3.0	6.0	2.0
527	3.0	0.0	1.0	0.0	3.0	6.0	1.0
528	0.0	2.0	0.0	2.0	2.068	3.932	2.0
529	1.0	0.0	0.0	0.0	1.0	2.0	0.0
530	1.0	0.0	0.0	0.0	0.3330000000000002	2.667	0.0
531	2.0	0.0	2.0	0.0	2.4	3.6	2.0
532	2.0	1.0	1.0	1.0	2.733	6.2669999999999995	2.0
533	2.0	0.0	1.0	0.0	0.6660000000000004	5.334	1.0
534	1.0	0.0	1.0	0.0	1.0	2.0	1.0
535	0.0	2.0	0.0	1.0	0.6660000000000004	5.334	1.0
536	0.0	2.0	0.0	2.0	0.6660000000000004	5.334	2.0
537	3.0	3.0	2.0	2.0	5.0	10.0	3.0
538	2.0	0.0	1.0	0.0	0.6660000000000004	5.334	1.0
539	1.0	0.0	1.0	0.0	1.0	2.0	1.0
540	3.0	0.0	3.0	0.0	3.8	5.2	3.0
541	3.0	1.0	2.0	1.0	3.0	6.0	2.0
542	2.0	2.0	1.0	1.0	4.0	8.0	2.0
543	1.0	0.0	1.0	0.0	0.3330000000000002	2.667	1.0
544	0.0	0.0	0.0	0.0	0.0	0.0	0.0
545	2.0	0.0	1.0	0.0	1.3360000000000003	4.664	1.0
546	3.0	0.0	1.0	0.0	3.0	6.0	1.0
547	3.0	0.0	2.0	0.0	3.0	6.0	2.0
548	0.0	2.0	0.0	2.0	1.0	2.0	1.0
549	1.0	1.0	1.0	1.0	1.3330000000000002	4.667	2.0
550	1.0	1.0	0.0	0.0	2.068	3.932	0.0
551	0.0	0.0	0.0	0.0	0.0	0.0	0.0
552	1.0	0.0	1.0	0.0	0.3330000000000002	2.667	1.0
553	1.0	0.0	1.0	0.0	0.3330000000000002	2.667	1.0
554	1.0	1.0	1.0	1.0	1.0	2.0	1.0
555	2.0	0.0	1.0	0.0	2.0	4.0	1.0
556	0.0	2.0	0.0	2.0	0.3330000000000002	2.667	1.0
557	0.0	5.0	0.0	3.0	2.9990000000000006	12.001	3.0
558	2.0	2.0	2.0	2.0	1.3330000000000002	4.667	2.0
559	1.0	1.0	1.0	1.0	1.3330000000000002	4.667	2.0
560	3.0	0.0	2.0	0.0	3.0	6.0	2.0
561	3.0	1.0	3.0	1.0	3.0	6.0	3.0
562	2.0	4.0	1.0	4.0	3.733	8.267	3.0
563	1.0	1.0	1.0	1.0	0.6660000000000004	5.334	2.0
564	4.0	2.0	2.0	2.0	4.804	10.196	3.0
565	2.0	1.0	1.0	1.0	1.6680000000000001	4.332	1.0
566	0.0	2.0	0.0	2.0	0.3330000000000002	2.667	1.0
567	0.0	2.0	0.0	1.0	0.6660000000000004	5.334	1.0
568	1.0	0.0	0.0	0.0	1.4	1.6	0.0
569	1.0	2.0	0.0	2.0	1.3330000000000002	4.667	1.0
570	3.0	4.0	2.0	3.0	5.001	12.998999999999999	4.0
571	0.0	6.0	0.0	4.0	2.3320000000000007	12.668	3.0
572	3.0	2.0	1.0	2.0	1.3320000000000007	10.668	2.0
573	2.0	0.0	1.0	0.0	2.0	4.0	1.0
574	3.0	0.0	1.0	0.0	3.0	6.0	1.0
575	4.0	0.0	3.0	0.0	2.3360000000000003	6.664	2.0
576	3.0	2.0	1.0	2.0	4.668	10.332	3.0
577	3.0	0.0	2.0	0.0	3.0	6.0	2.0
578	0.0	0.0	0.0	0.0	0.0	0.0	0.0
579	0.0	0.0	0.0	0.0	0.0	0.0	0.0
580	3.0	0.0	2.0	0.0	3.0	6.0	2.0
581	0.0	0.0	0.0	0.0	0.0	0.0	0.0
582	1.0	1.0	0.0	1.0	0.6660000000000004	5.334	1.0
583	2.0	1.0	2.0	1.0	1.3330000000000002	4.667	2.0
584	1.0	0.0	1.0	0.0	1.4	1.6	1.0
585	2.0	1.0	2.0	1.0	0.6680000000000001	2.332	1.0
586	3.0	0.0	2.0	0.0	3.0	6.0	2.0
587	4.0	0.0	3.0	0.0	2.3360000000000003	6.664	2.0
588	1.0	1.0	1.0	1.0	0.6660000000000004	5.334	2.0
589	1.0	2.0	1.0	1.0	2.3360000000000003	6.664	2.0
590	2.0	1.0	2.0	0.0	1.6660000000000004	7.334	2.0
591	1.0	1.0	1.0	1.0	1.0	2.0	1.0
592	3.0	0.0	1.0	0.0	3.0	6.0	1.0
593	1.0	0.0	1.0	0.0	0.6680000000000001	2.332	1.0
594	3.0	0.0	3.0	0.0	3.0	6.0	3.0
595	3.0	4.0	2.0	3.0	2.6670000000000007	12.333	4.0
596	0.0	0.0	0.0	0.0	0.0	0.0	0.0
597	1.0	1.0	1.0	1.0	2.0	4.0	2.0
598	3.0	0.0	1.0	0.0	2.0040000000000004	6.9959999999999996	1.0
599	3.0	0.0	2.0	0.0	3.0	6.0	2.0
600	2.0	0.0	1.0	0.0	2.0	4.0	1.0
601	3.0	0.0	3.0	0.0	1.6680000000000001	4.332	2.0
602	2.0	2.0	2.0	2.0	1.6680000000000001	4.332	2.0
603	0.0	0.0	0.0	0.0	0.0	0.0	0.0
604	0.0	0.0	0.0	0.0	0.0	0.0	0.0
605	0.0	0.0	0.0	0.0	0.0	0.0	0.0
606	0.0	5.0	0.0	2.0	2.6670000000000007	12.332999999999998	2.0
607	0.0	0.0	0.0	0.0	0.0	0.0	0.0
608	2.0	0.0	1.0	0.0	0.6660000000000004	5.334	1.0
609	2.0	2.0	0.0	2.0	4.0	8.0	2.0
610	2.0	2.0	1.0	0.0	2.333	6.667	1.0
611	3.0	3.0	1.0	2.0	1.998000000000001	16.002	3.0
612	0.0	1.0	0.0	1.0	0.3330000000000002	2.667	1.0
613	1.0	0.0	1.0	0.0	0.3330000000000002	2.667	1.0
614	3.0	0.0	3.0	0.0	3.0	6.0	3.0
615	3.0	0.0	0.0	0.0	0.9990000000000006	8.001	0.0
616	1.0	0.0	1.0	0.0	0.3330000000000002	2.667	1.0
617	1.0	0.0	1.0	0.0	0.3330000000000002	2.667	1.0
618	3.0	0.0	2.0	0.0	3.0	6.0	2.0
619	1.0	0.0	1.0	0.0	0.3330000000000002	2.667	1.0
620	0.0	0.0	0.0	0.0	0.0	0.0	0.0
621	3.0	0.0	1.0	0.0	0.9990000000000006	8.001	1.0
622	2.0	0.0	2.0	0.0	2.0	4.0	2.0
623	0.0	0.0	0.0	0.0	0.0	0.0	0.0
624	0.0	0.0	0.0	0.0	0.0	0.0	0.0
625	1.0	0.0	1.0	0.0	0.3330000000000002	2.667	1.0
626	1.0	1.0	1.0	1.0	2.0	4.0	2.0
627	0.0	1.0	0.0	1.0	1.0	2.0	1.0
628	1.0	0.0	1.0	0.0	0.6680000000000001	2.332	1.0
629	1.0	2.0	1.0	2.0	1.0	2.0	1.0
630	2.0	1.0	1.0	1.0	2.3360000000000003	6.664	2.0
631	2.0	1.0	2.0	1.0	2.0	4.0	2.0
632	1.0	3.0	1.0	2.0	2.6660000000000004	9.334	3.0
633	0.0	0.0	0.0	0.0	0.0	0.0	0.0
634	0.0	0.0	0.0	0.0	0.0	0.0	0.0
635	1.0	0.0	0.0	0.0	1.0	2.0	0.0
636	1.0	0.0	0.0	0.0	0.6680000000000001	2.332	0.0
637	1.0	0.0	1.0	0.0	0.3330000000000002	2.667	1.0
638	0.0	0.0	0.0	0.0	0.0	0.0	0.0
639	2.0	0.0	2.0	0.0	2.0	4.0	2.0
640	0.0	0.0	0.0	0.0	0.0	0.0	0.0
641	2.0	0.0	1.0	0.0	0.6660000000000004	5.334	1.0
642	3.0	0.0	2.0	0.0	3.0	6.0	2.0
643	3.0	0.0	1.0	0.0	2.0040000000000004	6.9959999999999996	1.0
644	3.0	0.0	0.0	0.0	3.0	6.0	0.0
645	2.0	1.0	2.0	1.0	2.0	4.0	2.0
646	1.0	2.0	0.0	1.0	0.9990000000000006	8.001	1.0
647	0.0	0.0	0.0	0.0	0.0	0.0	0.0
648	2.0	0.0	1.0	0.0	0.6660000000000004	5.334	1.0
649	2.0	2.0	0.0	2.0	2.333	6.667	1.0
650	2.0	1.0	1.0	1.0	3.0	6.0	2.0
651	0.0	1.0	0.0	1.0	0.3330000000000002	2.667	1.0
652	0.0	0.0	0.0	0.0	0.0	0.0	0.0
653	1.0	0.0	0.0	0.0	0.6680000000000001	2.332	0.0
654	1.0	0.0	0.0	0.0	1.0	2.0	0.0
655	1.0	0.0	1.0	0.0	1.0	2.0	1.0
656	0.0	0.0	0.0	0.0	0.0	0.0	0.0
657	2.0	0.0	2.0	0.0	2.0	4.0	2.0
658	0.0	0.0	0.0	0.0	0.0	0.0	0.0
659	2.0	0.0	2.0	0.0	2.0	4.0	2.0
660	0.0	0.0	0.0	0.0	0.0	0.0	0.0
661	2.0	0.0	2.0	0.0	1.3360000000000003	4.664	2.0
662	2.0	1.0	2.0	1.0	0.9990000000000006	8.001	3.0
663	1.0	0.0	1.0	0.0	1.0	2.0	1.0
664	1.0	2.0	1.0	0.0	2.668	6.332	1.0
665	5.0	0.0	3.0	0.0	4.668	10.332	3.0
666	2.0	0.0	2.0	0.0	2.0	4.0	2.0
667	4.0	0.0	4.0	0.0	2.668	6.332	3.0
668	3.0	0.0	0.0	0.0	3.4	5.6	0.0
669	1.0	0.0	0.0	0.0	0.3330000000000002	2.667	0.0
670	3.0	3.0	1.0	1.0	5.0	10.0	2.0
671	3.0	0.0	1.0	0.0	3.0	6.0	1.0
672	0.0	3.0	0.0	2.0	0.9990000000000006	8.001	2.0
673	2.0	0.0	1.0	0.0	2.0	4.0	1.0
674	1.0	1.0	1.0	1.0	1.4	1.6	1.0
675	0.0	1.0	0.0	1.0	0.3330000000000002	2.667	1.0
676	0.0	1.0	0.0	1.0	0.3330000000000002	2.667	1.0
677	0.0	2.0	0.0	2.0	1.0	2.0	1.0
678	3.0	0.0	2.0	0.0	3.0	6.0	2.0
679	1.0	1.0	1.0	1.0	0.6660000000000004	5.334	2.0
680	2.0	2.0	2.0	2.0	1.6660000000000004	7.334	3.0
681	1.0	1.0	0.0	1.0	0.6660000000000004	5.334	1.0
682	2.0	0.0	1.0	0.0	0.6660000000000004	5.334	1.0
683	2.0	2.0	0.0	1.0	2.333	6.667	1.0
684	2.0	0.0	1.0	0.0	2.4	3.6	1.0
685	2.0	1.0	1.0	1.0	2.333	6.667	2.0
686	2.0	6.0	1.0	4.0	3.000000000000001	15.0	3.0
687	1.0	1.0	1.0	1.0	0.3330000000000002	2.667	1.0
688	1.0	3.0	0.0	3.0	3.0	6.0	2.0
689	0.0	4.0	0.0	0.0	0.9990000000000006	8.001	0.0
690	0.0	2.0	0.0	0.0	0.3330000000000002	2.667	0.0
691	1.0	2.0	1.0	2.0	1.3330000000000002	4.667	2.0
692	2.0	1.0	2.0	1.0	1.6680000000000001	4.332	2.0
693	1.0	3.0	0.0	2.0	2.333	6.667	1.0
694	1.0	3.0	1.0	3.0	2.733	6.2669999999999995	3.0
695	2.0	0.0	1.0	0.0	1.3360000000000003	4.664	1.0
696	1.0	0.0	0.0	0.0	0.3330000000000002	2.667	0.0
697	1.0	0.0	1.0	0.0	0.3330000000000002	2.667	1.0
698	0.0	0.0	0.0	0.0	0.0	0.0	0.0
699	0.0	2.0	0.0	1.0	1.3330000000000002	4.667	1.0
700	2.0	0.0	2.0	0.0	0.6660000000000004	5.334	2.0
701	2.0	1.0	2.0	1.0	0.6660000000000004	5.334	2.0
702	1.0	0.0	1.0	0.0	0.6680000000000001	2.332	1.0
703	3.0	0.0	1.0	0.0	3.0	6.0	1.0
704	2.0	1.0	2.0	1.0	1.3330000000000002	4.667	2.0
705	1.0	0.0	1.0	0.0	1.0	2.0	1.0
706	0.0	1.0	0.0	0.0	0.6680000000000001	2.332	0.0
707	1.0	0.0	0.0	0.0	1.0	2.0	0.0
708	2.0	1.0	1.0	0.0	0.9990000000000006	8.001	1.0
709	2.0	1.0	1.0	1.0	3.0	6.0	2.0
710	2.0	0.0	1.0	0.0	0.6660000000000004	5.334	1.0
711	3.0	0.0	1.0	0.0	0.9990000000000006	8.001	1.0
712	3.0	0.0	2.0	0.0	3.0	6.0	2.0
713	0.0	1.0	0.0	1.0	1.0	2.0	1.0
714	1.0	0.0	1.0	0.0	0.3330000000000002	2.667	1.0
715	0.0	0.0	0.0	0.0	0.0	0.0	0.0
716	3.0	0.0	2.0	0.0	3.4	5.6	2.0
717	2.0	0.0	2.0	0.0	2.0	4.0	2.0
718	1.0	1.0	1.0	1.0	0.6660000000000004	5.334	2.0
719	3.0	0.0	2.0	0.0	3.8	5.2	2.0
720	3.0	1.0	1.0	1.0	1.3320000000000007	10.668	2.0
721	1.0	3.0	0.0	3.0	2.333	6.667	2.0
722	2.0	0.0	2.0	0.0	2.0	4.0	2.0
723	2.0	0.0	2.0	0.0	0.6660000000000004	5.334	2.0
724	0.0	2.0	0.0	2.0	0.6660000000000004	5.334	2.0
725	4.0	0.0	3.0	0.0	4.0	8.0	3.0
726	2.0	0.0	1.0	0.0	1.3360000000000003	4.664	1.0
727	5.0	1.0	5.0	1.0	3.6690000000000005	11.331	5.0
728	1.0	1.0	1.0	1.0	0.3330000000000002	2.667	1.0
729	2.0	1.0	1.0	1.0	0.9990000000000006	8.001	2.0
730	5.0	0.0	1.0	0.0	4.868	7.132	1.0
731	0.0	4.0	0.0	2.0	0.9990000000000006	8.001	2.0
732	2.0	3.0	1.0	3.0	2.0660000000000003	6.933999999999999	2.0
733	0.0	0.0	0.0	0.0	0.0	0.0	0.0
734	1.0	2.0	1.0	2.0	1.3330000000000002	4.667	2.0
735	2.0	4.0	1.0	3.0	2.9990000000000006	12.001	3.0
736	1.0	2.0	1.0	2.0	0.6660000000000004	5.334	2.0
737	3.0	0.0	1.0	0.0	3.4	5.6	1.0
738	0.0	0.0	0.0	0.0	0.0	0.0	0.0
739	3.0	1.0	3.0	1.0	1.6660000000000004	7.334	3.0
740	0.0	0.0	0.0	0.0	0.0	0.0	0.0
741	1.0	2.0	1.0	1.0	1.0010000000000003	4.999	1.0
742	1.0	3.0	0.0	1.0	3.0010000000000003	8.998999999999999	1.0
743	2.0	1.0	1.0	1.0	2.333	6.667	2.0
744	3.0	0.0	2.0	0.0	2.3360000000000003	6.664	2.0
745	1.0	5.0	1.0	3.0	1.665000000000001	13.334999999999999	3.0
746	1.0	1.0	0.0	1.0	1.3330000000000002	4.667	1.0
747	0.0	0.0	0.0	0.0	0.0	0.0	0.0
748	2.0	2.0	2.0	1.0	3.068	5.932	2.0
749	1.0	2.0	0.0	1.0	2.0010000000000003	6.999	1.0
750	2.0	1.0	1.0	1.0	1.6660000000000004	7.334	2.0
751	0.0	0.0	0.0	0.0	0.0	0.0	0.0
752	1.0	1.0	1.0	1.0	0.6660000000000004	5.334	2.0
753	1.0	3.0	0.0	3.0	2.333	6.667	2.0
754	2.0	0.0	2.0	0.0	2.0	4.0	2.0
755	0.0	0.0	0.0	0.0	0.0	0.0	0.0
756	1.0	3.0	0.0	1.0	2.3340000000000005	9.666	1.0
757	2.0	1.0	1.0	1.0	0.9990000000000006	8.001	2.0
758	0.0	0.0	0.0	0.0	0.0	0.0	0.0
759	1.0	1.0	1.0	0.0	1.3360000000000003	4.664	1.0
760	3.0	2.0	3.0	1.0	3.0010000000000003	8.998999999999999	3.0
761	0.0	0.0	0.0	0.0	0.0	0.0	0.0
762	2.0	1.0	1.0	1.0	3.0	6.0	2.0
763	1.0	0.0	0.0	0.0	0.3330000000000002	2.667	0.0
764	2.0	1.0	2.0	1.0	1.3330000000000002	4.667	2.0
765	4.0	0.0	3.0	0.0	4.068	7.932	3.0
766	2.0	0.0	2.0	0.0	2.0	4.0	2.0
767	2.0	0.0	1.0	0.0	2.0	4.0	1.0
768	2.0	2.0	1.0	1.0	1.3320000000000007	10.668	2.0
769	2.0	0.0	2.0	0.0	0.6660000000000004	5.334	2.0
770	2.0	1.0	0.0	0.0	3.0	6.0	0.0
771	1.0	0.0	0.0	0.0	0.3330000000000002	2.667	0.0
772	3.0	0.0	1.0	0.0	3.068	5.932	1.0
773	1.0	1.0	1.0	1.0	2.0	4.0	2.0
774	1.0	3.0	1.0	2.0	2.333	6.667	2.0
775	1.0	1.0	1.0	1.0	0.6660000000000004	5.334	2.0
776	1.0	0.0	1.0	0.0	0.3330000000000002	2.667	1.0
777	0.0	0.0	0.0	0.0	0.0	0.0	0.0
778	1.0	0.0	1.0	0.0	0.3330000000000002	2.667	1.0
779	3.0	1.0	1.0	0.0	3.0	6.0	1.0
780	1.0	0.0	1.0	0.0	1.0	2.0	1.0
781	3.0	2.0	2.0	2.0	1.6660000000000004	7.334	2.0
782	2.0	3.0	1.0	3.0	2.6660000000000004	9.334	3.0
783	2.0	0.0	1.0	0.0	2.0	4.0	1.0
784	1.0	0.0	0.0	0.0	0.3330000000000002	2.667	0.0
785	0.0	0.0	0.0	0.0	0.0	0.0	0.0
786	3.0	2.0	3.0	2.0	2.0010000000000003	6.999	3.0
787	2.0	0.0	1.0	0.0	0.6660000000000004	5.334	1.0
788	4.0	0.0	1.0	0.0	4.4	7.6	1.0
789	2.0	2.0	1.0	2.0	2.333	6.667	2.0
790	0.0	0.0	0.0	0.0	0.0	0.0	0.0
791	4.0	0.0	3.0	0.0	3.668	8.332	3.0
792	1.0	1.0	0.0	1.0	0.6660000000000004	5.334	1.0
793	3.0	3.0	1.0	3.0	4.333	10.667	3.0
794	1.0	0.0	1.0	0.0	0.3330000000000002	2.667	1.0
795	1.0	0.0	1.0	0.0	1.0	2.0	1.0
796	0.0	2.0	0.0	2.0	0.3330000000000002	2.667	1.0
797	3.0	2.0	2.0	2.0	3.0010000000000003	8.998999999999999	3.0
798	2.0	0.0	1.0	0.0	2.0	4.0	1.0
799	2.0	0.0	2.0	0.0	0.6660000000000004	5.334	2.0
800	0.0	1.0	0.0	0.0	0.6680000000000001	2.332	0.0
801	1.0	0.0	0.0	0.0	0.3330000000000002	2.667	0.0
802	0.0	0.0	0.0	0.0	0.0	0.0	0.0
803	1.0	0.0	1.0	0.0	0.3330000000000002	2.667	1.0
804	0.0	2.0	0.0	1.0	0.6660000000000004	5.334	1.0
805	1.0	1.0	1.0	1.0	1.0	2.0	1.0
806	2.0	0.0	2.0	0.0	0.6660000000000004	5.334	2.0
807	2.0	1.0	2.0	1.0	1.0	2.0	1.0
808	1.0	1.0	1.0	1.0	0.3330000000000002	2.667	1.0
809	3.0	0.0	0.0	0.0	2.3360000000000003	6.664	0.0
810	3.0	1.0	1.0	1.0	3.0	6.0	2.0
811	2.0	1.0	1.0	0.0	0.9990000000000006	8.001	1.0
812	1.0	1.0	0.0	1.0	2.0	4.0	1.0
813	1.0	0.0	1.0	0.0	0.3330000000000002	2.667	1.0
814	1.0	1.0	1.0	1.0	1.3330000000000002	4.667	2.0
815	1.0	0.0	1.0	0.0	1.0	2.0	1.0
816	2.0	0.0	0.0	0.0	0.6660000000000004	5.334	0.0
817	0.0	0.0	0.0	0.0	0.0	0.0	0.0
818	1.0	0.0	0.0	0.0	0.6680000000000001	2.332	0.0
819	1.0	0.0	1.0	0.0	1.0	2.0	1.0
820	2.0	0.0	1.0	0.0	0.6660000000000004	5.334	1.0
821	2.0	1.0	1.0	1.0	2.0	4.0	1.0
822	0.0	1.0	0.0	1.0	0.3330000000000002	2.667	1.0
823	0.0	0.0	0.0	0.0	0.0	0.0	0.0
824	0.0	1.0	0.0	1.0	0.3330000000000002	2.667	1.0
825	0.0	1.0	0.0	1.0	0.3330000000000002	2.667	1.0
826	1.0	0.0	1.0	0.0	0.3330000000000002	2.667	1.0
827	3.0	0.0	3.0	0.0	3.4	5.6	3.0
828	2.0	1.0	1.0	1.0	0.6660000000000004	5.334	1.0
829	0.0	1.0	0.0	1.0	0.3330000000000002	2.667	1.0
830	2.0	0.0	2.0	0.0	2.0	4.0	2.0
831	4.0	0.0	3.0	0.0	4.068	7.932	3.0
832	1.0	1.0	1.0	1.0	0.3330000000000002	2.667	1.0
833	2.0	0.0	2.0	0.0	0.6660000000000004	5.334	2.0
834	1.0	0.0	1.0	0.0	1.4	1.6	1.0
835	0.0	1.0	0.0	1.0	0.6680000000000001	2.332	1.0
836	1.0	0.0	1.0	0.0	0.3330000000000002	2.667	1.0
837	2.0	2.0	1.0	2.0	1.6660000000000004	7.334	2.0
838	2.0	1.0	1.0	1.0	1.3330000000000002	4.667	1.0
839	2.0	1.0	0.0	1.0	1.3340000000000005	7.6659999999999995	1.0
840	0.0	0.0	0.0	0.0	0.0	0.0	0.0
841	0.0	0.0	0.0	0.0	0.0	0.0	0.0
842	1.0	0.0	0.0	0.0	0.3330000000000002	2.667	0.0
843	4.0	0.0	1.0	0.0	4.0	8.0	1.0
844	1.0	2.0	0.0	2.0	2.0	4.0	1.0
845	3.0	1.0	2.0	1.0	4.0	8.0	3.0
846	2.0	0.0	2.0	0.0	2.0	4.0	2.0
847	1.0	3.0	1.0	2.0	1.6660000000000004	7.334	2.0
848	1.0	1.0	1.0	1.0	2.0	4.0	2.0
849	2.0	0.0	2.0	0.0	2.0	4.0	2.0
850	1.0	2.0	1.0	2.0	1.6660000000000004	7.334	3.0
851	2.0	0.0	2.0	0.0	2.4	3.6	2.0
852	1.0	0.0	1.0	0.0	0.3330000000000002	2.667	1.0
853	1.0	0.0	1.0	0.0	0.3330000000000002	2.667	1.0
854	4.0	0.0	3.0	0.0	4.0	8.0	3.0
855	0.0	0.0	0.0	0.0	0.0	0.0	0.0
856	4.0	0.0	1.0	0.0	4.0	8.0	1.0
857	2.0	0.0	1.0	0.0	0.6660000000000004	5.334	1.0
858	0.0	0.0	0.0	0.0	0.0	0.0	0.0
859	0.0	1.0	0.0	0.0	0.6680000000000001	2.332	0.0
860	0.0	1.0	0.0	1.0	0.6680000000000001	2.332	1.0
861	2.0	0.0	0.0	0.0	2.0	4.0	0.0
862	0.0	0.0	0.0	0.0	0.0	0.0	0.0
863	4.0	2.0	2.0	1.0	2.333	6.667	1.0
864	1.0	3.0	0.0	2.0	1.9990000000000006	10.001	2.0
865	1.0	2.0	1.0	1.0	2.0	4.0	1.0
866	1.0	3.0	1.0	1.0	1.3320000000000007	10.668	2.0
867	2.0	1.0	2.0	1.0	1.3330000000000002	4.667	2.0
868	1.0	2.0	1.0	2.0	2.0	4.0	2.0
869	1.0	0.0	0.0	0.0	0.3330000000000002	2.667	0.0
870	0.0	3.0	0.0	2.0	2.333	6.667	2.0
871	0.0	0.0	0.0	0.0	0.0	0.0	0.0
872	1.0	3.0	1.0	2.0	3.068	5.932	2.0
873	1.0	1.0	1.0	1.0	0.6660000000000004	5.334	2.0
874	0.0	0.0	0.0	0.0	0.0	0.0	0.0
875	0.0	2.0	0.0	2.0	2.0	4.0	2.0
876	0.0	0.0	0.0	0.0	0.0	0.0	0.0
877	2.0	2.0	1.0	2.0	3.0	6.0	2.0
878	1.0	2.0	1.0	2.0	1.0010000000000003	4.999	2.0
879	1.0	2.0	1.0	1.0	2.3360000000000003	6.664	2.0
880	2.0	1.0	1.0	0.0	0.9990000000000006	8.001	1.0
881	1.0	1.0	1.0	1.0	0.6660000000000004	5.334	2.0
882	2.0	0.0	1.0	0.0	2.0	4.0	1.0
883	1.0	1.0	0.0	1.0	1.3330000000000002	4.667	1.0
884	1.0	2.0	1.0	2.0	1.0	2.0	1.0
885	0.0	1.0	0.0	0.0	0.6680000000000001	2.332	0.0
886	2.0	1.0	2.0	1.0	2.4	3.6	2.0
887	1.0	1.0	1.0	1.0	1.0	2.0	1.0
888	4.0	0.0	2.0	0.0	4.0	8.0	2.0
889	4.0	0.0	2.0	0.0	3.668	8.332	2.0
890	1.0	0.0	1.0	0.0	0.3330000000000002	2.667	1.0
891	0.0	0.0	0.0	0.0	0.0	0.0	0.0
892	1.0	2.0	1.0	2.0	0.6660000000000004	5.334	2.0
893	0.0	0.0	0.0	0.0	0.0	0.0	0.0
894	1.0	0.0	1.0	0.0	1.0	2.0	1.0
895	2.0	0.0	2.0	0.0	0.6660000000000004	5.334	2.0
896	0.0	2.0	0.0	2.0	0.3330000000000002	2.667	1.0
897	2.0	0.0	1.0	0.0	0.6660000000000004	5.334	1.0
898	3.0	1.0	2.0	1.0	1.3320000000000007	10.668	3.0
899	1.0	2.0	1.0	2.0	0.3330000000000002	2.667	1.0
900	2.0	1.0	2.0	1.0	2.0	4.0	2.0
901	1.0	4.0	1.0	4.0	1.3330000000000002	4.667	2.0
902	2.0	3.0	1.0	3.0	1.6660000000000004	7.334	2.0
903	2.0	1.0	1.0	1.0	1.6680000000000001	4.332	1.0
904	1.0	1.0	1.0	1.0	1.0	2.0	1.0
905	1.0	1.0	1.0	1.0	1.0	2.0	1.0
906	0.0	1.0	0.0	1.0	0.6680000000000001	2.332	1.0
907	2.0	0.0	2.0	0.0	0.6660000000000004	5.334	2.0
908	0.0	0.0	0.0	0.0	0.0	0.0	0.0
909	2.0	0.0	1.0	0.0	0.6660000000000004	5.334	1.0
910	2.0	0.0	1.0	0.0	0.6660000000000004	5.334	1.0
911	1.0	0.0	1.0	0.0	1.0	2.0	1.0
912	2.0	4.0	2.0	3.0	3.6660000000000004	11.334	4.0
913	1.0	3.0	0.0	3.0	3.0	6.0	2.0
914	1.0	0.0	1.0	0.0	0.6680000000000001	2.332	1.0
915	1.0	0.0	1.0	0.0	0.3330000000000002	2.667	1.0
916	0.0	0.0	0.0	0.0	0.0	0.0	0.0
917	0.0	0.0	0.0	0.0	0.0	0.0	0.0
918	0.0	2.0	0.0	2.0	0.3330000000000002	2.667	1.0
919	2.0	0.0	2.0	0.0	2.0	4.0	2.0
920	1.0	0.0	0.0	0.0	0.3330000000000002	2.667	0.0
921	0.0	0.0	0.0	0.0	0.0	0.0	0.0
922	4.0	0.0	3.0	0.0	4.0	8.0	3.0
923	3.0	0.0	2.0	0.0	3.0	6.0	2.0
924	1.0	0.0	1.0	0.0	0.3330000000000002	2.667	1.0
925	3.0	1.0	2.0	1.0	2.333	6.667	2.0
926	4.0	0.0	3.0	0.0	4.0	8.0	3.0
927	0.0	0.0	0.0	0.0	0.0	0.0	0.0
928	3.0	0.0	2.0	0.0	3.0	6.0	2.0
929	2.0	0.0	2.0	0.0	2.0	4.0	2.0
930	3.0	0.0	2.0	0.0	0.9990000000000006	8.001	2.0
931	2.0	0.0	1.0	0.0	2.0	4.0	1.0
932	3.0	0.0	2.0	0.0	3.0	6.0	2.0
933	1.0	0.0	1.0	0.0	0.3330000000000002	2.667	1.0
934	0.0	0.0	0.0	0.0	0.0	0.0	0.0
935	0.0	0.0	0.0	0.0	0.0	0.0	0.0
936	4.0	0.0	4.0	0.0	2.3360000000000003	6.664	3.0
937	3.0	0.0	1.0	0.0	0.9990000000000006	8.001	1.0
938	2.0	0.0	2.0	0.0	2.0	4.0	2.0
939	2.0	0.0	2.0	0.0	2.0	4.0	2.0
940	3.0	0.0	1.0	0.0	3.0	6.0	1.0
941	3.0	0.0	2.0	0.0	3.068	5.932	2.0
942	3.0	0.0	2.0	0.0	3.0	6.0	2.0
943	1.0	1.0	1.0	1.0	0.6660000000000004	5.334	2.0
944	1.0	0.0	1.0	0.0	0.3330000000000002	2.667	1.0
945	2.0	1.0	2.0	1.0	2.333	6.667	3.0
946	3.0	0.0	2.0	0.0	0.9990000000000006	8.001	2.0
947	0.0	3.0	0.0	3.0	0.6660000000000004	5.334	2.0
948	1.0	0.0	1.0	0.0	0.3330000000000002	2.667	1.0
949	0.0	0.0	0.0	0.0	0.0	0.0	0.0
950	2.0	0.0	1.0	0.0	0.6660000000000004	5.334	1.0
951	1.0	2.0	1.0	0.0	1.3330000000000002	4.667	1.0
952	0.0	1.0	0.0	1.0	0.6680000000000001	2.332	1.0
953	0.0	0.0	0.0	0.0	0.0	0.0	0.0
954	3.0	1.0	1.0	1.0	4.0	8.0	2.0
955	3.0	1.0	3.0	1.0	2.0010000000000003	6.999	3.0
956	1.0	0.0	0.0	0.0	0.3330000000000002	2.667	0.0
957	1.0	0.0	1.0	0.0	0.6680000000000001	2.332	1.0
958	1.0	0.0	1.0	0.0	0.3330000000000002	2.667	1.0
959	2.0	1.0	1.0	1.0	2.0	4.0	1.0
960	1.0	0.0	1.0	0.0	0.6680000000000001	2.332	1.0
961	2.0	0.0	0.0	0.0	2.4	3.6	0.0
962	0.0	0.0	0.0	0.0	0.0	0.0	0.0
963	2.0	1.0	1.0	1.0	1.3330000000000002	4.667	1.0
964	3.0	0.0	3.0	0.0	3.0	6.0	3.0
965	0.0	0.0	0.0	0.0	0.0	0.0	0.0
966	0.0	2.0	0.0	0.0	0.3330000000000002	2.667	0.0
967	1.0	0.0	1.0	0.0	1.0	2.0	1.0
968	3.0	0.0	2.0	0.0	3.4	5.6	2.0
969	1.0	0.0	1.0	0.0	0.3330000000000002	2.667	1.0
970	0.0	0.0	0.0	0.0	0.0	0.0	0.0
971	0.0	1.0	0.0	1.0	0.3330000000000002	2.667	1.0
972	0.0	0.0	0.0	0.0	0.0	0.0	0.0
973	0.0	0.0	0.0	0.0	0.0	0.0	0.0
974	0.0	0.0	0.0	0.0	0.0	0.0	0.0
975	0.0	0.0	0.0	0.0	0.0	0.0	0.0
976	0.0	0.0	0.0	0.0	0.0	0.0	0.0
977	0.0	0.0	0.0	0.0	0.0	0.0	0.0
978	2.0	0.0	1.0	0.0	2.0	4.0	1.0
979	2.0	0.0	1.0	0.0	0.6660000000000004	5.334	1.0
980	2.0	0.0	1.0	0.0	0.6660000000000004	5.334	1.0
981	0.0	0.0	0.0	0.0	0.0	0.0	0.0
982	1.0	0.0	1.0	0.0	0.3330000000000002	2.667	1.0
983	0.0	0.0	0.0	0.0	0.0	0.0	0.0
984	0.0	0.0	0.0	0.0	0.0	0.0	0.0
985	1.0	0.0	1.0	0.0	0.3330000000000002	2.667	1.0
986	3.0	0.0	1.0	0.0	3.0	6.0	1.0
987	0.0	3.0	0.0	2.0	2.333	6.667	2.0
988	2.0	0.0	1.0	0.0	0.6660000000000004	5.334	1.0
989	1.0	0.0	0.0	0.0	0.3330000000000002	2.667	0.0
990	1.0	0.0	0.0	0.0	0.3330000000000002	2.667	0.0
991	0.0	0.0	0.0	0.0	0.0	0.0	0.0
992	2.0	0.0	2.0	0.0	2.4	3.6	2.0
993	2.0	0.0	2.0	0.0	0.6680000000000001	2.332	1.0
994	0.0	0.0	0.0	0.0	0.0	0.0	0.0
995	1.0	0.0	0.0	0.0	1.0	2.0	0.0
996	0.0	0.0	0.0	0.0	0.0	0.0	0.0
997	1.0	1.0	1.0	1.0	1.0	2.0	1.0
998	1.0	0.0	0.0	0.0	0.3330000000000002	2.667	0.0
999	2.0	0.0	0.0	0.0	1.6680000000000001	4.332	0.0
1000	3.0	0.0	2.0	0.0	0.9990000000000006	8.001	2.0
1001	2.0	0.0	2.0	0.0	2.0	4.0	2.0
1002	2.0	0.0	1.0	0.0	2.0	4.0	1.0
1003	1.0	0.0	1.0	0.0	0.3330000000000002	2.667	1.0
1004	1.0	2.0	1.0	2.0	1.0	2.0	1.0
1005	1.0	0.0	0.0	0.0	1.0	2.0	0.0
1006	1.0	0.0	1.0	0.0	0.6680000000000001	2.332	1.0
1007	0.0	1.0	0.0	1.0	0.3330000000000002	2.667	1.0
1008	1.0	0.0	1.0	0.0	0.3330000000000002	2.667	1.0
1009	1.0	0.0	1.0	0.0	1.0	2.0	1.0
1010	1.0	1.0	1.0	1.0	0.6680000000000001	2.332	1.0
1011	2.0	1.0	2.0	1.0	1.3330000000000002	4.667	2.0
1012	2.0	0.0	1.0	0.0	0.6660000000000004	5.334	1.0
1013	2.0	0.0	1.0	0.0	2.0	4.0	1.0
1014	1.0	0.0	1.0	0.0	0.3330000000000002	2.667	1.0
1015	1.0	1.0	1.0	1.0	0.6660000000000004	5.334	2.0
1016	2.0	0.0	1.0	0.0	2.0	4.0	1.0
1017	0.0	0.0	0.0	0.0	0.0	0.0	0.0
1018	1.0	0.0	1.0	0.0	0.3330000000000002	2.667	1.0
1019	1.0	0.0	1.0	0.0	0.3330000000000002	2.667	1.0
1020	1.0	0.0	1.0	0.0	1.0	2.0	1.0
1021	3.0	0.0	1.0	0.0	2.0040000000000004	6.9959999999999996	1.0
1022	1.0	0.0	1.0	0.0	0.3330000000000002	2.667	1.0
1023	3.0	0.0	2.0	0.0	3.0	6.0	2.0
1024	2.0	0.0	2.0	0.0	2.0	4.0	2.0
1025	1.0	0.0	1.0	0.0	0.3330000000000002	2.667	1.0
1026	1.0	0.0	1.0	0.0	0.3330000000000002	2.667	1.0
1027	1.0	0.0	1.0	0.0	0.3330000000000002	2.667	1.0
1028	1.0	0.0	1.0	0.0	1.0	2.0	1.0
1029	3.0	0.0	2.0	0.0	3.0	6.0	2.0
1030	2.0	1.0	2.0	1.0	1.0	2.0	1.0
1031	0.0	0.0	0.0	0.0	0.0	0.0	0.0
1032	0.0	0.0	0.0	0.0	0.0	0.0	0.0
1033	1.0	0.0	1.0	0.0	1.0	2.0	1.0
1034	1.0	0.0	1.0	0.0	1.0	2.0	1.0
1035	0.0	0.0	0.0	0.0	0.0	0.0	0.0
1036	2.0	0.0	2.0	0.0	0.6660000000000004	5.334	2.0
1037	0.0	0.0	0.0	0.0	0.0	0.0	0.0
1038	2.0	0.0	1.0	0.0	0.6660000000000004	5.334	1.0
1039	2.0	0.0	2.0	0.0	2.8	3.2	2.0
1040	3.0	0.0	2.0	0.0	3.0	6.0	2.0
1041	2.0	0.0	2.0	0.0	2.0	4.0	2.0
1042	2.0	0.0	2.0	0.0	2.0	4.0	2.0
1043	3.0	0.0	1.0	0.0	3.0	6.0	1.0
1044	1.0	0.0	0.0	0.0	0.3330000000000002	2.667	0.0
1045	1.0	0.0	1.0	0.0	1.0	2.0	1.0
1046	1.0	0.0	0.0	0.0	1.0	2.0	0.0
1047	2.0	0.0	2.0	0.0	1.6680000000000001	4.332	2.0
1048	2.0	0.0	1.0	0.0	2.0	4.0	1.0
1049	1.0	0.0	1.0	0.0	0.6680000000000001	2.332	1.0
1050	0.0	0.0	0.0	0.0	0.0	0.0	0.0
1051	2.0	0.0	2.0	0.0	2.0	4.0	2.0
1052	2.0	0.0	1.0	0.0	2.0	4.0	1.0
1053	2.0	0.0	0.0	0.0	2.0	4.0	0.0
1054	1.0	0.0	0.0	0.0	0.3330000000000002	2.667	0.0
1055	5.0	1.0	3.0	1.0	3.333	8.667	2.0
1056	0.0	0.0	0.0	0.0	0.0	0.0	0.0
1057	2.0	1.0	0.0	1.0	2.333	6.667	1.0
1058	2.0	2.0	1.0	0.0	3.668	8.332	1.0
1059	2.0	1.0	1.0	1.0	0.9990000000000006	8.001	2.0
1060	2.0	0.0	2.0	0.0	2.0	4.0	2.0
1061	0.0	2.0	0.0	1.0	0.6660000000000004	5.334	1.0
1062	1.0	2.0	0.0	0.0	1.3330000000000002	4.667	0.0
1063	1.0	0.0	0.0	0.0	1.0	2.0	0.0
1064	2.0	0.0	1.0	0.0	0.6660000000000004	5.334	1.0
1065	1.0	1.0	1.0	1.0	0.6660000000000004	5.334	2.0
1066	2.0	1.0	2.0	1.0	1.3330000000000002	4.667	2.0
1067	0.0	4.0	0.0	3.0	1.6660000000000004	7.334	2.0
1068	3.0	2.0	2.0	0.0	2.668	6.332	1.0
1069	0.0	1.0	0.0	0.0	1.0	2.0	0.0
1070	1.0	4.0	0.0	1.0	1.9990000000000006	10.001	1.0
1071	2.0	0.0	2.0	0.0	2.0	4.0	2.0
1072	1.0	0.0	1.0	0.0	0.3330000000000002	2.667	1.0
1073	0.0	0.0	0.0	0.0	0.0	0.0	0.0
1074	0.0	0.0	0.0	0.0	0.0	0.0	0.0
1075	2.0	1.0	1.0	0.0	1.6680000000000001	4.332	1.0
1076	1.0	0.0	0.0	0.0	1.0	2.0	0.0
1077	3.0	0.0	2.0	0.0	3.0	6.0	2.0
1078	2.0	0.0	1.0	0.0	2.0	4.0	1.0
1079	0.0	0.0	0.0	0.0	0.0	0.0	0.0
1080	0.0	0.0	0.0	0.0	0.0	0.0	0.0
1081	0.0	0.0	0.0	0.0	0.0	0.0	0.0
1082	2.0	0.0	1.0	0.0	2.0	4.0	1.0
1083	0.0	0.0	0.0	0.0	0.0	0.0	0.0
1084	1.0	0.0	1.0	0.0	0.3330000000000002	2.667	1.0
1085	3.0	0.0	1.0	0.0	3.0	6.0	1.0
1086	1.0	0.0	0.0	0.0	0.3330000000000002	2.667	0.0
1087	3.0	0.0	2.0	0.0	3.0	6.0	2.0
1088	3.0	0.0	2.0	0.0	3.8	5.2	2.0
1089	1.0	0.0	0.0	0.0	0.3330000000000002	2.667	0.0
1090	0.0	0.0	0.0	0.0	0.0	0.0	0.0
1091	1.0	0.0	0.0	0.0	0.3330000000000002	2.667	0.0
1092	0.0	0.0	0.0	0.0	0.0	0.0	0.0
1093	1.0	3.0	1.0	1.0	3.0010000000000003	8.998999999999999	2.0
1094	0.0	0.0	0.0	0.0	0.0	0.0	0.0
1095	0.0	0.0	0.0	0.0	0.0	0.0	0.0
1096	2.0	0.0	2.0	0.0	0.6660000000000004	5.334	2.0
1097	0.0	0.0	0.0	0.0	0.0	0.0	0.0
1098	3.0	0.0	2.0	0.0	0.9990000000000006	8.001	2.0
1099	0.0	0.0	0.0	0.0	0.0	0.0	0.0
1100	3.0	0.0	3.0	0.0	3.0	6.0	3.0
1101	2.0	0.0	1.0	0.0	0.6660000000000004	5.334	1.0
1102	0.0	0.0	0.0	0.0	0.0	0.0	0.0
1103	0.0	0.0	0.0	0.0	0.0	0.0	0.0
1104	3.0	0.0	2.0	0.0	3.068	5.932	2.0
1105	1.0	0.0	1.0	0.0	0.3330000000000002	2.667	1.0
1106	1.0	0.0	0.0	0.0	1.0	2.0	0.0
1107	2.0	0.0	1.0	0.0	1.6680000000000001	4.332	1.0
1108	1.0	0.0	0.0	0.0	0.3330000000000002	2.667	0.0
1109	0.0	0.0	0.0	0.0	0.0	0.0	0.0
1110	0.0	0.0	0.0	0.0	0.0	0.0	0.0
1111	2.0	0.0	1.0	0.0	0.6660000000000004	5.334	1.0
1112	1.0	0.0	0.0	0.0	1.0	2.0	0.0
1113	2.0	0.0	2.0	0.0	2.4	3.6	2.0
1114	0.0	0.0	0.0	0.0	0.0	0.0	0.0
1115	1.0	0.0	1.0	0.0	0.3330000000000002	2.667	1.0
1116	2.0	0.0	2.0	0.0	2.0	4.0	2.0
1117	1.0	0.0	1.0	0.0	0.3330000000000002	2.667	1.0
1118	0.0	2.0	0.0	2.0	1.0	2.0	1.0
1119	1.0	0.0	1.0	0.0	0.3330000000000002	2.667	1.0
1120	2.0	0.0	0.0	0.0	2.0	4.0	0.0
1121	0.0	0.0	0.0	0.0	0.0	0.0	0.0
1122	0.0	0.0	0.0	0.0	0.0	0.0	0.0
1123	0.0	0.0	0.0	0.0	0.0	0.0	0.0
1124	2.0	0.0	1.0	0.0	0.6660000000000004	5.334	1.0
1125	0.0	0.0	0.0	0.0	0.0	0.0	0.0
1126	1.0	0.0	1.0	0.0	0.3330000000000002	2.667	1.0
1127	1.0	0.0	1.0	0.0	1.0	2.0	1.0
1128	1.0	0.0	1.0	0.0	0.3330000000000002	2.667	1.0
1129	0.0	0.0	0.0	0.0	0.0	0.0	0.0
1130	0.0	0.0	0.0	0.0	0.0	0.0	0.0
1131	2.0	0.0	1.0	0.0	2.068	3.932	1.0
1132	0.0	0.0	0.0	0.0	0.0	0.0	0.0
1133	2.0	0.0	1.0	0.0	2.0	4.0	1.0
1134	0.0	0.0	0.0	0.0	0.0	0.0	0.0
1135	0.0	0.0	0.0	0.0	0.0	0.0	0.0
1136	2.0	0.0	1.0	0.0	2.0	4.0	1.0
1137	1.0	0.0	0.0	0.0	1.0	2.0	0.0
1138	2.0	0.0	2.0	0.0	2.0	4.0	2.0
1139	1.0	0.0	1.0	0.0	1.0	2.0	1.0
1140	1.0	0.0	1.0	0.0	1.0	2.0	1.0
1141	1.0	4.0	0.0	3.0	2.9990000000000006	12.001	3.0
1142	3.0	0.0	3.0	0.0	3.4	5.6	3.0
1143	3.0	0.0	2.0	0.0	3.4	5.6	2.0
1144	1.0	1.0	1.0	0.0	0.6660000000000004	5.334	1.0
1145	1.0	2.0	1.0	2.0	0.3330000000000002	2.667	1.0
1146	0.0	0.0	0.0	0.0	0.0	0.0	0.0
1147	4.0	0.0	2.0	0.0	4.0	8.0	2.0
1148	1.0	3.0	1.0	3.0	1.0010000000000003	4.999	2.0
1149	1.0	3.0	1.0	1.0	1.3320000000000007	10.668	2.0
1150	1.0	0.0	1.0	0.0	1.0	2.0	1.0
1151	0.0	0.0	0.0	0.0	0.0	0.0	0.0
1152	0.0	0.0	0.0	0.0	0.0	0.0	0.0
1153	1.0	0.0	1.0	0.0	0.3330000000000002	2.667	1.0
1154	0.0	0.0	0.0	0.0	0.0	0.0	0.0
1155	1.0	0.0	1.0	0.0	0.6680000000000001	2.332	1.0
1156	1.0	0.0	0.0	0.0	0.3330000000000002	2.667	0.0
1157	0.0	0.0	0.0	0.0	0.0	0.0	0.0
1158	2.0	0.0	1.0	0.0	2.0	4.0	1.0
1159	0.0	0.0	0.0	0.0	0.0	0.0	0.0
1160	3.0	0.0	1.0	0.0	3.0	6.0	1.0
1161	2.0	0.0	1.0	0.0	2.0	4.0	1.0
1162	2.0	0.0	0.0	0.0	0.6660000000000004	5.334	0.0
1163	3.0	0.0	1.0	0.0	2.0040000000000004	6.9959999999999996	1.0
1164	2.0	0.0	1.0	0.0	2.0	4.0	1.0
1165	1.0	1.0	1.0	1.0	1.0	2.0	1.0
1166	0.0	1.0	0.0	0.0	1.0	2.0	0.0
1167	1.0	0.0	1.0	0.0	1.0	2.0	1.0
1168	0.0	0.0	0.0	0.0	0.0	0.0	0.0
1169	0.0	0.0	0.0	0.0	0.0	0.0	0.0
1170	1.0	0.0	0.0	0.0	0.3330000000000002	2.667	0.0
1171	2.0	0.0	1.0	0.0	0.6660000000000004	5.334	1.0
1172	4.0	0.0	3.0	0.0	4.0	8.0	3.0
1173	1.0	0.0	0.0	0.0	1.0	2.0	0.0
1174	3.0	0.0	2.0	0.0	3.0	6.0	2.0
1175	1.0	0.0	1.0	0.0	0.3330000000000002	2.667	1.0
1176	1.0	3.0	0.0	2.0	1.9990000000000006	10.001	2.0
1177	0.0	1.0	0.0	1.0	0.3330000000000002	2.667	1.0
1178	0.0	0.0	0.0	0.0	0.0	0.0	0.0
1179	0.0	1.0	0.0	1.0	1.0	2.0	1.0
1180	3.0	2.0	2.0	2.0	1.9990000000000006	10.001	3.0
1181	0.0	4.0	0.0	2.0	1.3330000000000002	4.667	1.0
1182	2.0	0.0	1.0	0.0	1.3360000000000003	4.664	1.0
1183	1.0	0.0	1.0	0.0	0.3330000000000002	2.667	1.0
1184	1.0	2.0	0.0	2.0	1.3330000000000002	4.667	1.0
1185	2.0	2.0	1.0	2.0	2.333	6.667	2.0
1186	3.0	1.0	2.0	1.0	3.0	6.0	2.0
1187	2.0	1.0	1.0	1.0	3.0	6.0	2.0
1188	1.0	0.0	1.0	0.0	0.3330000000000002	2.667	1.0
1189	0.0	0.0	0.0	0.0	0.0	0.0	0.0
1190	2.0	0.0	2.0	0.0	2.0	4.0	2.0
1191	3.0	0.0	2.0	0.0	2.3360000000000003	6.664	2.0
1192	0.0	1.0	0.0	1.0	0.3330000000000002	2.667	1.0
1193	1.0	0.0	1.0	0.0	0.3330000000000002	2.667	1.0
1194	2.0	0.0	1.0	0.0	2.0	4.0	1.0
1195	0.0	1.0	0.0	1.0	0.3330000000000002	2.667	1.0
1196	1.0	0.0	1.0	0.0	1.0	2.0	1.0
1197	3.0	1.0	3.0	1.0	2.333	6.667	3.0
1198	3.0	0.0	2.0	0.0	3.0	6.0	2.0
1199	3.0	2.0	2.0	2.0	2.333	6.667	2.0
1200	2.0	0.0	1.0	0.0	2.0	4.0	1.0
1201	4.0	1.0	4.0	1.0	1.9990000000000006	10.001	4.0
1202	1.0	0.0	0.0	0.0	0.3330000000000002	2.667	0.0
