all_syn	all_nonSyn	tip_syn	tip_nonSyn	S	N	comparisons
001	0.0	0.0	0.0	0.0	0.0	0.0	0.0
002	0.0	0.0	0.0	0.0	0.0	0.0	0.0
003	0.0	0.0	0.0	0.0	0.0	0.0	0.0
004	0.0	1.0	0.0	1.0	1.0	2.0	1.0
005	0.0	1.0	0.0	1.0	0.3330000000000002	2.667	1.0
006	1.0	0.0	1.0	0.0	1.0	2.0	1.0
007	0.0	1.0	0.0	1.0	0.3330000000000002	2.667	1.0
008	0.0	1.0	0.0	1.0	1.0	2.0	1.0
009	1.0	0.0	1.0	0.0	1.0	2.0	1.0
010	0.0	0.0	0.0	0.0	0.0	0.0	0.0
011	0.0	1.0	0.0	1.0	1.0	2.0	1.0
012	0.0	0.0	0.0	0.0	0.0	0.0	0.0
013	1.0	0.0	1.0	0.0	1.0	2.0	1.0
014	1.0	0.0	1.0	0.0	1.0	2.0	1.0
015	0.0	1.0	0.0	1.0	1.0	2.0	1.0
016	0.0	0.0	0.0	0.0	0.0	0.0	0.0
017	1.0	0.0	1.0	0.0	1.0	2.0	1.0
018	0.0	0.0	0.0	0.0	0.0	0.0	0.0
019	0.0	2.0	0.0	2.0	1.0	2.0	1.0
020	1.0	2.0	1.0	2.0	1.0	2.0	1.0
021	1.0	1.0	1.0	1.0	0.3330000000000002	2.667	1.0
022	0.0	2.0	0.0	2.0	1.0	2.0	1.0
023	1.0	2.0	1.0	2.0	1.3330000000000002	4.667	2.0
024	1.0	0.0	1.0	0.0	1.0	2.0	1.0
025	0.0	2.0	0.0	2.0	1.0	2.0	1.0
026	0.0	0.0	0.0	0.0	0.0	0.0	0.0
027	0.0	0.0	0.0	0.0	0.0	0.0	0.0
028	1.0	2.0	1.0	2.0	1.3330000000000002	4.667	2.0
029	1.0	1.0	1.0	1.0	1.0	2.0	1.0
030	0.0	1.0	0.0	1.0	0.3330000000000002	2.667	1.0
031	0.0	0.0	0.0	0.0	0.0	0.0	0.0
032	1.0	0.0	1.0	0.0	1.0	2.0	1.0
033	0.0	2.0	0.0	2.0	1.3330000000000002	4.667	2.0
034	0.0	0.0	0.0	0.0	0.0	0.0	0.0
035	1.0	0.0	1.0	0.0	1.0	2.0	1.0
036	0.0	0.0	0.0	0.0	0.0	0.0	0.0
037	0.0	0.0	0.0	0.0	0.0	0.0	0.0
038	0.0	0.0	0.0	0.0	0.0	0.0	0.0
039	1.0	0.0	1.0	0.0	1.0	2.0	1.0
040	1.0	0.0	1.0	0.0	1.0	2.0	1.0
041	0.0	0.0	0.0	0.0	0.0	0.0	0.0
042	1.0	0.0	1.0	0.0	1.0	2.0	1.0
043	0.0	0.0	0.0	0.0	0.0	0.0	0.0
044	2.0	0.0	2.0	0.0	0.6680000000000001	2.332	1.0
045	0.0	0.0	0.0	0.0	0.0	0.0	0.0
046	0.0	0.0	0.0	0.0	0.0	0.0	0.0
047	0.0	0.0	0.0	0.0	0.0	0.0	0.0
048	1.0	2.0	1.0	2.0	1.0	2.0	1.0
049	0.0	0.0	0.0	0.0	0.0	0.0	0.0
050	1.0	0.0	1.0	0.0	1.0	2.0	1.0
051	1.0	0.0	1.0	0.0	1.0	2.0	1.0
052	0.0	0.0	0.0	0.0	0.0	0.0	0.0
053	0.0	0.0	0.0	0.0	0.0	0.0	0.0
054	1.0	0.0	1.0	0.0	0.3330000000000002	2.667	1.0
055	1.0	0.0	1.0	0.0	1.0	2.0	1.0
056	0.0	1.0	0.0	1.0	0.3330000000000002	2.667	1.0
057	1.0	0.0	1.0	0.0	1.0	2.0	1.0
058	1.0	0.0	1.0	0.0	1.0	2.0	1.0
059	1.0	0.0	1.0	0.0	1.0	2.0	1.0
060	1.0	0.0	1.0	0.0	1.0	2.0	1.0
061	1.0	0.0	1.0	0.0	1.0	2.0	1.0
062	1.0	0.0	1.0	0.0	1.0	2.0	1.0
063	0.0	0.0	0.0	0.0	0.0	0.0	0.0
064	0.0	1.0	0.0	1.0	0.0	3.0	1.0
065	1.0	0.0	1.0	0.0	0.6680000000000001	2.332	1.0
066	0.0	0.0	0.0	0.0	0.0	0.0	0.0
067	0.0	0.0	0.0	0.0	0.0	0.0	0.0
