all_syn	all_nonSyn	tip_syn	tip_nonSyn	S	N	comparisons
001	0.0	0.0	0.0	0.0	0.0	0.0	0.0
002	0.0	0.0	0.0	0.0	0.0	0.0	0.0
003	0.0	0.0	0.0	0.0	0.0	0.0	0.0
004	0.0	0.0	0.0	0.0	0.0	0.0	0.0
005	0.0	0.0	0.0	0.0	0.0	0.0	0.0
006	0.0	0.0	0.0	0.0	0.0	0.0	0.0
007	0.0	0.0	0.0	0.0	0.0	0.0	0.0
008	0.0	0.0	0.0	0.0	0.0	0.0	0.0
009	0.0	0.0	0.0	0.0	0.0	0.0	0.0
010	0.0	0.0	0.0	0.0	0.0	0.0	0.0
011	0.0	0.0	0.0	0.0	0.0	0.0	0.0
012	0.0	0.0	0.0	0.0	0.0	0.0	0.0
013	0.0	0.0	0.0	0.0	0.0	0.0	0.0
014	0.0	0.0	0.0	0.0	0.0	0.0	0.0
015	0.0	1.0	0.0	0.0	0.3330000000000002	2.667	0.0
016	0.0	0.0	0.0	0.0	0.0	0.0	0.0
017	0.0	2.0	0.0	2.0	0.3330000000000002	2.667	1.0
018	0.0	0.0	0.0	0.0	0.0	0.0	0.0
019	0.0	0.0	0.0	0.0	0.0	0.0	0.0
020	2.0	0.0	2.0	0.0	0.6660000000000004	5.334	2.0
021	0.0	1.0	0.0	1.0	0.6680000000000001	2.332	1.0
022	0.0	0.0	0.0	0.0	0.0	0.0	0.0
023	0.0	0.0	0.0	0.0	0.0	0.0	0.0
024	1.0	0.0	1.0	0.0	0.6680000000000001	2.332	1.0
025	2.0	2.0	2.0	2.0	1.3330000000000002	4.667	2.0
026	1.0	1.0	1.0	1.0	1.0	2.0	1.0
027	0.0	3.0	0.0	3.0	1.6680000000000001	4.332	2.0
028	0.0	0.0	0.0	0.0	0.0	0.0	0.0
029	0.0	0.0	0.0	0.0	0.0	0.0	0.0
030	0.0	0.0	0.0	0.0	0.0	0.0	0.0
031	0.0	0.0	0.0	0.0	0.0	0.0	0.0
032	1.0	0.0	1.0	0.0	1.0	2.0	1.0
033	0.0	0.0	0.0	0.0	0.0	0.0	0.0
034	2.0	0.0	1.0	0.0	0.6660000000000004	5.334	1.0
035	1.0	1.0	1.0	1.0	1.0	2.0	1.0
036	1.0	1.0	1.0	1.0	1.0	2.0	1.0
037	0.0	0.0	0.0	0.0	0.0	0.0	0.0
038	0.0	0.0	0.0	0.0	0.0	0.0	0.0
039	0.0	0.0	0.0	0.0	0.0	0.0	0.0
040	0.0	0.0	0.0	0.0	0.0	0.0	0.0
041	0.0	0.0	0.0	0.0	0.0	0.0	0.0
042	0.0	0.0	0.0	0.0	0.0	0.0	0.0
043	0.0	0.0	0.0	0.0	0.0	0.0	0.0
044	0.0	0.0	0.0	0.0	0.0	0.0	0.0
045	0.0	0.0	0.0	0.0	0.0	0.0	0.0
046	0.0	0.0	0.0	0.0	0.0	0.0	0.0
047	0.0	0.0	0.0	0.0	0.0	0.0	0.0
048	0.0	0.0	0.0	0.0	0.0	0.0	0.0
049	0.0	0.0	0.0	0.0	0.0	0.0	0.0
050	0.0	0.0	0.0	0.0	0.0	0.0	0.0
051	0.0	0.0	0.0	0.0	0.0	0.0	0.0
052	0.0	0.0	0.0	0.0	0.0	0.0	0.0
053	0.0	0.0	0.0	0.0	0.0	0.0	0.0
054	0.0	0.0	0.0	0.0	0.0	0.0	0.0
055	0.0	0.0	0.0	0.0	0.0	0.0	0.0
056	0.0	0.0	0.0	0.0	0.0	0.0	0.0
057	0.0	0.0	0.0	0.0	0.0	0.0	0.0
058	0.0	0.0	0.0	0.0	0.0	0.0	0.0
059	0.0	0.0	0.0	0.0	0.0	0.0	0.0
060	1.0	0.0	1.0	0.0	0.3330000000000002	2.667	1.0
061	1.0	0.0	1.0	0.0	1.0	2.0	1.0
062	0.0	1.0	0.0	1.0	0.6680000000000001	2.332	1.0
063	0.0	0.0	0.0	0.0	0.0	0.0	0.0
064	1.0	1.0	1.0	1.0	0.6660000000000004	5.334	2.0
065	0.0	0.0	0.0	0.0	0.0	0.0	0.0
066	2.0	1.0	1.0	1.0	3.0	6.0	2.0
067	1.0	0.0	0.0	0.0	0.3330000000000002	2.667	0.0
068	3.0	1.0	2.0	1.0	2.333	6.667	2.0
069	2.0	0.0	1.0	0.0	2.0	4.0	1.0
070	1.0	3.0	0.0	2.0	2.333	6.667	1.0
071	0.0	0.0	0.0	0.0	0.0	0.0	0.0
072	2.0	0.0	1.0	0.0	2.0	4.0	1.0
073	0.0	0.0	0.0	0.0	0.0	0.0	0.0
074	1.0	1.0	0.0	1.0	0.6660000000000004	5.334	1.0
075	1.0	2.0	1.0	2.0	1.3330000000000002	4.667	2.0
076	3.0	2.0	1.0	0.0	2.6660000000000004	9.334	1.0
077	1.0	1.0	1.0	1.0	0.6660000000000004	5.334	2.0
078	1.0	0.0	0.0	0.0	0.3330000000000002	2.667	0.0
079	2.0	0.0	1.0	0.0	2.0	4.0	1.0
080	1.0	2.0	1.0	2.0	2.0	4.0	2.0
081	1.0	1.0	1.0	1.0	2.0	4.0	2.0
082	1.0	2.0	0.0	1.0	2.0010000000000003	6.999	1.0
083	0.0	0.0	0.0	0.0	0.0	0.0	0.0
084	0.0	0.0	0.0	0.0	0.0	0.0	0.0
085	0.0	0.0	0.0	0.0	0.0	0.0	0.0
086	0.0	0.0	0.0	0.0	0.0	0.0	0.0
087	0.0	0.0	0.0	0.0	0.0	0.0	0.0
088	0.0	0.0	0.0	0.0	0.0	0.0	0.0
089	0.0	0.0	0.0	0.0	0.0	0.0	0.0
090	0.0	0.0	0.0	0.0	0.0	0.0	0.0
091	0.0	0.0	0.0	0.0	0.0	0.0	0.0
092	1.0	0.0	0.0	0.0	0.3330000000000002	2.667	0.0
093	1.0	0.0	1.0	0.0	1.0	2.0	1.0
094	2.0	0.0	0.0	0.0	2.0	4.0	0.0
095	0.0	3.0	0.0	3.0	1.3330000000000002	4.667	2.0
096	1.0	0.0	1.0	0.0	0.3330000000000002	2.667	1.0
097	1.0	0.0	0.0	0.0	1.0	2.0	0.0
098	2.0	0.0	2.0	0.0	2.0	4.0	2.0
099	1.0	1.0	1.0	1.0	1.0	2.0	1.0
100	0.0	2.0	0.0	2.0	2.0	4.0	2.0
101	0.0	0.0	0.0	0.0	0.0	0.0	0.0
102	3.0	3.0	3.0	2.0	1.9990000000000006	10.001	3.0
103	0.0	0.0	0.0	0.0	0.0	0.0	0.0
104	0.0	0.0	0.0	0.0	0.0	0.0	0.0
105	2.0	0.0	1.0	0.0	1.6680000000000001	4.332	1.0
106	1.0	0.0	1.0	0.0	1.0	2.0	1.0
107	1.0	1.0	1.0	1.0	1.3360000000000003	4.664	2.0
108	1.0	0.0	1.0	0.0	1.0	2.0	1.0
109	1.0	1.0	1.0	1.0	1.0	2.0	1.0
110	1.0	1.0	0.0	1.0	1.0010000000000003	4.999	1.0
111	2.0	0.0	0.0	0.0	2.0	4.0	0.0
112	2.0	2.0	0.0	2.0	2.333	6.667	1.0
113	1.0	1.0	1.0	1.0	0.6660000000000004	5.334	2.0
114	2.0	1.0	1.0	1.0	3.0	6.0	2.0
115	0.0	0.0	0.0	0.0	0.0	0.0	0.0
116	1.0	1.0	1.0	1.0	2.0	4.0	2.0
117	2.0	2.0	2.0	1.0	4.0	8.0	3.0
118	2.0	0.0	2.0	0.0	2.0	4.0	2.0
119	2.0	0.0	1.0	0.0	2.0	4.0	1.0
120	0.0	0.0	0.0	0.0	0.0	0.0	0.0
121	1.0	0.0	1.0	0.0	1.0	2.0	1.0
122	0.0	0.0	0.0	0.0	0.0	0.0	0.0
123	0.0	0.0	0.0	0.0	0.0	0.0	0.0
124	0.0	0.0	0.0	0.0	0.0	0.0	0.0
125	1.0	0.0	1.0	0.0	1.0	2.0	1.0
126	0.0	0.0	0.0	0.0	0.0	0.0	0.0
127	0.0	0.0	0.0	0.0	0.0	0.0	0.0
128	1.0	0.0	1.0	0.0	1.0	2.0	1.0
129	1.0	1.0	1.0	1.0	2.0	4.0	2.0
130	2.0	1.0	2.0	1.0	2.0	4.0	2.0
131	1.0	0.0	1.0	0.0	1.0	2.0	1.0
132	1.0	3.0	1.0	2.0	3.0	6.0	2.0
133	1.0	1.0	1.0	1.0	1.0	2.0	1.0
134	1.0	2.0	1.0	2.0	0.3330000000000002	2.667	1.0
135	1.0	0.0	0.0	0.0	1.0	2.0	0.0
136	4.0	1.0	3.0	1.0	4.0	8.0	3.0
137	3.0	0.0	1.0	0.0	3.0	6.0	1.0
138	2.0	0.0	0.0	0.0	2.0	4.0	0.0
139	1.0	2.0	0.0	2.0	1.6680000000000001	4.332	1.0
140	1.0	0.0	1.0	0.0	1.0	2.0	1.0
141	3.0	1.0	1.0	1.0	3.333	8.667	2.0
142	2.0	1.0	1.0	1.0	2.0	4.0	1.0
143	0.0	1.0	0.0	1.0	0.3330000000000002	2.667	1.0
144	0.0	0.0	0.0	0.0	0.0	0.0	0.0
145	0.0	0.0	0.0	0.0	0.0	0.0	0.0
146	0.0	0.0	0.0	0.0	0.0	0.0	0.0
147	0.0	0.0	0.0	0.0	0.0	0.0	0.0
148	3.0	0.0	3.0	0.0	3.0	6.0	3.0
149	0.0	0.0	0.0	0.0	0.0	0.0	0.0
150	2.0	1.0	1.0	0.0	3.0	6.0	1.0
151	2.0	2.0	1.0	2.0	3.0	6.0	2.0
152	1.0	0.0	1.0	0.0	0.3330000000000002	2.667	1.0
153	1.0	1.0	1.0	1.0	1.3330000000000002	4.667	2.0
154	0.0	0.0	0.0	0.0	0.0	0.0	0.0
155	1.0	0.0	1.0	0.0	0.3330000000000002	2.667	1.0
156	0.0	0.0	0.0	0.0	0.0	0.0	0.0
157	0.0	1.0	0.0	0.0	1.0	2.0	0.0
158	1.0	0.0	1.0	0.0	1.0	2.0	1.0
159	2.0	2.0	1.0	0.0	3.333	8.667	1.0
160	0.0	0.0	0.0	0.0	0.0	0.0	0.0
161	0.0	0.0	0.0	0.0	0.0	0.0	0.0
162	1.0	1.0	1.0	1.0	2.0	4.0	2.0
163	2.0	0.0	1.0	0.0	0.6660000000000004	5.334	1.0
164	1.0	0.0	0.0	0.0	1.0	2.0	0.0
165	0.0	0.0	0.0	0.0	0.0	0.0	0.0
166	1.0	0.0	1.0	0.0	0.3330000000000002	2.667	1.0
167	1.0	2.0	0.0	2.0	1.3330000000000002	4.667	1.0
168	0.0	0.0	0.0	0.0	0.0	0.0	0.0
169	1.0	1.0	0.0	1.0	1.3330000000000002	4.667	1.0
170	0.0	0.0	0.0	0.0	0.0	0.0	0.0
171	1.0	0.0	1.0	0.0	0.3330000000000002	2.667	1.0
172	2.0	0.0	2.0	0.0	2.0	4.0	2.0
173	3.0	0.0	2.0	0.0	3.0	6.0	2.0
174	1.0	0.0	1.0	0.0	1.0	2.0	1.0
175	1.0	0.0	1.0	0.0	0.3330000000000002	2.667	1.0
176	3.0	0.0	3.0	0.0	3.0	6.0	3.0
177	1.0	0.0	1.0	0.0	1.0	2.0	1.0
178	0.0	0.0	0.0	0.0	0.0	0.0	0.0
179	2.0	0.0	2.0	0.0	0.6660000000000004	5.334	2.0
180	2.0	0.0	2.0	0.0	1.3360000000000003	4.664	2.0
181	1.0	0.0	1.0	0.0	0.6680000000000001	2.332	1.0
182	2.0	0.0	0.0	0.0	2.0	4.0	0.0
183	1.0	0.0	1.0	0.0	1.0	2.0	1.0
184	3.0	1.0	1.0	1.0	4.0	8.0	2.0
185	1.0	0.0	0.0	0.0	0.3330000000000002	2.667	0.0
186	3.0	0.0	2.0	0.0	2.668	6.332	2.0
187	2.0	0.0	2.0	0.0	2.0	4.0	2.0
188	2.0	0.0	1.0	0.0	0.6660000000000004	5.334	1.0
189	0.0	0.0	0.0	0.0	0.0	0.0	0.0
190	3.0	0.0	3.0	0.0	3.0	6.0	3.0
191	2.0	0.0	2.0	0.0	0.6680000000000001	2.332	1.0
192	0.0	0.0	0.0	0.0	0.0	0.0	0.0
193	2.0	0.0	2.0	0.0	0.6660000000000004	5.334	2.0
194	2.0	0.0	2.0	0.0	2.0	4.0	2.0
195	2.0	2.0	1.0	1.0	3.0	6.0	1.0
196	2.0	1.0	2.0	1.0	1.3330000000000002	4.667	2.0
197	2.0	1.0	1.0	1.0	3.0	6.0	2.0
198	3.0	0.0	2.0	0.0	3.0	6.0	2.0
199	2.0	1.0	2.0	1.0	2.0	4.0	2.0
200	3.0	1.0	2.0	1.0	4.0	8.0	3.0
201	1.0	3.0	1.0	2.0	2.333	6.667	2.0
202	2.0	0.0	2.0	0.0	0.6660000000000004	5.334	2.0
203	0.0	0.0	0.0	0.0	0.0	0.0	0.0
204	1.0	2.0	0.0	2.0	1.3330000000000002	4.667	1.0
205	3.0	0.0	2.0	0.0	0.9990000000000006	8.001	2.0
206	2.0	2.0	1.0	2.0	3.0	6.0	2.0
207	2.0	3.0	2.0	2.0	1.6660000000000004	7.334	2.0
208	1.0	0.0	1.0	0.0	1.0	2.0	1.0
209	1.0	0.0	1.0	0.0	0.3330000000000002	2.667	1.0
210	1.0	2.0	1.0	2.0	2.0	4.0	2.0
211	2.0	0.0	2.0	0.0	1.6680000000000001	4.332	2.0
212	2.0	0.0	2.0	0.0	2.0	4.0	2.0
213	1.0	1.0	0.0	1.0	1.3330000000000002	4.667	1.0
214	1.0	0.0	1.0	0.0	1.0	2.0	1.0
215	2.0	0.0	1.0	0.0	1.3360000000000003	4.664	1.0
216	3.0	0.0	1.0	0.0	3.0	6.0	1.0
217	3.0	0.0	1.0	0.0	3.0	6.0	1.0
218	0.0	0.0	0.0	0.0	0.0	0.0	0.0
219	1.0	0.0	0.0	0.0	1.0	2.0	0.0
220	2.0	0.0	1.0	0.0	0.6660000000000004	5.334	1.0
221	1.0	0.0	0.0	0.0	0.3330000000000002	2.667	0.0
222	2.0	0.0	1.0	0.0	0.6660000000000004	5.334	1.0
223	2.0	0.0	1.0	0.0	0.6660000000000004	5.334	1.0
224	2.0	0.0	2.0	0.0	2.0	4.0	2.0
225	1.0	0.0	1.0	0.0	1.0	2.0	1.0
226	3.0	0.0	1.0	0.0	0.9990000000000006	8.001	1.0
227	0.0	0.0	0.0	0.0	0.0	0.0	0.0
228	0.0	0.0	0.0	0.0	0.0	0.0	0.0
229	0.0	0.0	0.0	0.0	0.0	0.0	0.0
230	1.0	0.0	1.0	0.0	1.0	2.0	1.0
231	1.0	0.0	1.0	0.0	1.0	2.0	1.0
232	4.0	0.0	2.0	0.0	4.0	8.0	2.0
233	3.0	0.0	1.0	0.0	3.0	6.0	1.0
234	2.0	1.0	2.0	1.0	2.333	6.667	3.0
235	1.0	1.0	1.0	1.0	0.6660000000000004	5.334	2.0
236	1.0	0.0	1.0	0.0	0.3330000000000002	2.667	1.0
237	2.0	1.0	1.0	1.0	2.3360000000000003	6.664	2.0
238	1.0	0.0	1.0	0.0	1.0	2.0	1.0
239	1.0	2.0	1.0	2.0	0.3330000000000002	2.667	1.0
240	1.0	0.0	0.0	0.0	0.3330000000000002	2.667	0.0
241	1.0	0.0	0.0	0.0	0.3330000000000002	2.667	0.0
242	3.0	0.0	2.0	0.0	3.0	6.0	2.0
243	1.0	0.0	1.0	0.0	0.3330000000000002	2.667	1.0
244	2.0	0.0	1.0	0.0	2.4	3.6	1.0
245	1.0	0.0	1.0	0.0	1.0	2.0	1.0
246	1.0	0.0	1.0	0.0	0.3330000000000002	2.667	1.0
247	3.0	0.0	2.0	0.0	3.468	5.532	2.0
248	3.0	0.0	2.0	0.0	3.0	6.0	2.0
249	2.0	0.0	1.0	0.0	2.0	4.0	1.0
250	1.0	0.0	1.0	0.0	0.3330000000000002	2.667	1.0
251	2.0	0.0	2.0	0.0	1.6680000000000001	4.332	2.0
252	2.0	1.0	1.0	1.0	1.6660000000000004	7.334	2.0
253	3.0	0.0	1.0	0.0	3.0	6.0	1.0
254	2.0	0.0	1.0	0.0	0.6660000000000004	5.334	1.0
255	1.0	0.0	1.0	0.0	0.3330000000000002	2.667	1.0
256	3.0	0.0	2.0	0.0	0.9990000000000006	8.001	2.0
257	2.0	0.0	1.0	0.0	0.6660000000000004	5.334	1.0
258	2.0	3.0	2.0	1.0	2.668	9.332	2.0
259	3.0	0.0	2.0	0.0	3.0	6.0	2.0
260	4.0	0.0	3.0	0.0	4.468	7.532	3.0
261	3.0	1.0	2.0	1.0	4.0	8.0	3.0
262	1.0	0.0	0.0	0.0	0.3330000000000002	2.667	0.0
263	2.0	0.0	1.0	0.0	2.0	4.0	1.0
264	1.0	0.0	1.0	0.0	0.3330000000000002	2.667	1.0
265	1.0	0.0	1.0	0.0	0.3330000000000002	2.667	1.0
266	3.0	0.0	1.0	0.0	3.0	6.0	1.0
267	1.0	0.0	1.0	0.0	1.4	1.6	1.0
268	3.0	0.0	1.0	0.0	3.0	6.0	1.0
269	2.0	0.0	0.0	0.0	0.6660000000000004	5.334	0.0
270	1.0	0.0	1.0	0.0	0.3330000000000002	2.667	1.0
271	1.0	0.0	1.0	0.0	1.0	2.0	1.0
272	1.0	1.0	1.0	1.0	0.6660000000000004	5.334	2.0
273	2.0	0.0	1.0	0.0	0.6660000000000004	5.334	1.0
274	2.0	0.0	2.0	0.0	0.6660000000000004	5.334	2.0
275	2.0	0.0	1.0	0.0	2.0	4.0	1.0
276	1.0	0.0	1.0	0.0	1.0	2.0	1.0
277	2.0	0.0	1.0	0.0	0.6660000000000004	5.334	1.0
278	1.0	0.0	1.0	0.0	0.3330000000000002	2.667	1.0
279	0.0	0.0	0.0	0.0	0.0	0.0	0.0
280	2.0	0.0	1.0	0.0	0.6660000000000004	5.334	1.0
281	3.0	0.0	2.0	0.0	3.0	6.0	2.0
282	2.0	0.0	1.0	0.0	1.3360000000000003	4.664	1.0
283	4.0	0.0	2.0	0.0	4.0	8.0	2.0
284	4.0	0.0	3.0	0.0	3.0040000000000004	8.995999999999999	3.0
285	2.0	0.0	2.0	0.0	2.0	4.0	2.0
286	1.0	0.0	1.0	0.0	0.3330000000000002	2.667	1.0
287	2.0	0.0	2.0	0.0	0.6660000000000004	5.334	2.0
288	0.0	0.0	0.0	0.0	0.0	0.0	0.0
289	3.0	0.0	1.0	0.0	1.6680000000000001	4.332	1.0
290	3.0	0.0	2.0	0.0	3.0	6.0	2.0
291	2.0	0.0	1.0	0.0	2.0	4.0	1.0
292	2.0	0.0	2.0	0.0	0.6660000000000004	5.334	2.0
293	2.0	0.0	1.0	0.0	1.6680000000000001	4.332	1.0
294	4.0	0.0	2.0	0.0	4.0	8.0	2.0
295	2.0	0.0	2.0	0.0	0.6660000000000004	5.334	2.0
296	2.0	0.0	0.0	0.0	0.6660000000000004	5.334	0.0
297	3.0	0.0	3.0	0.0	2.668	6.332	3.0
298	2.0	0.0	1.0	0.0	0.6660000000000004	5.334	1.0
299	0.0	0.0	0.0	0.0	0.0	0.0	0.0
300	3.0	0.0	1.0	0.0	3.0	6.0	1.0
301	2.0	0.0	1.0	0.0	0.6660000000000004	5.334	1.0
302	0.0	0.0	0.0	0.0	0.0	0.0	0.0
303	3.0	0.0	3.0	0.0	3.0	6.0	3.0
304	2.0	0.0	1.0	0.0	0.6660000000000004	5.334	1.0
305	2.0	0.0	1.0	0.0	2.4	3.6	1.0
306	4.0	0.0	2.0	0.0	3.468	5.532	2.0
307	0.0	0.0	0.0	0.0	0.0	0.0	0.0
308	2.0	0.0	0.0	0.0	2.0	4.0	0.0
309	2.0	0.0	2.0	0.0	2.068	3.932	2.0
310	3.0	0.0	3.0	0.0	3.0	6.0	3.0
311	1.0	0.0	1.0	0.0	1.0	2.0	1.0
312	0.0	0.0	0.0	0.0	0.0	0.0	0.0
313	1.0	0.0	1.0	0.0	1.0	2.0	1.0
314	2.0	0.0	2.0	0.0	2.0	4.0	2.0
315	1.0	0.0	1.0	0.0	0.6680000000000001	2.332	1.0
316	3.0	0.0	3.0	0.0	3.0	6.0	3.0
317	2.0	0.0	2.0	0.0	2.0	4.0	2.0
318	1.0	0.0	1.0	0.0	1.0	2.0	1.0
319	3.0	0.0	2.0	0.0	3.0	6.0	2.0
320	2.0	0.0	1.0	0.0	2.0	4.0	1.0
321	2.0	0.0	2.0	0.0	0.6660000000000004	5.334	2.0
322	1.0	0.0	1.0	0.0	0.3330000000000002	2.667	1.0
323	3.0	0.0	1.0	0.0	3.0	6.0	1.0
324	0.0	0.0	0.0	0.0	0.0	0.0	0.0
325	2.0	0.0	2.0	0.0	1.3360000000000003	4.664	2.0
326	1.0	0.0	1.0	0.0	0.3330000000000002	2.667	1.0
327	0.0	0.0	0.0	0.0	0.0	0.0	0.0
328	1.0	0.0	0.0	0.0	0.3330000000000002	2.667	0.0
329	0.0	0.0	0.0	0.0	0.0	0.0	0.0
330	1.0	0.0	1.0	0.0	1.0	2.0	1.0
331	1.0	0.0	1.0	0.0	0.6680000000000001	2.332	1.0
332	2.0	0.0	2.0	0.0	2.4	3.6	2.0
333	0.0	0.0	0.0	0.0	0.0	0.0	0.0
334	0.0	0.0	0.0	0.0	0.0	0.0	0.0
335	3.0	0.0	0.0	0.0	3.0	6.0	0.0
336	3.0	0.0	2.0	0.0	3.468	5.532	2.0
337	1.0	0.0	1.0	0.0	0.3330000000000002	2.667	1.0
338	0.0	0.0	0.0	0.0	0.0	0.0	0.0
339	2.0	0.0	1.0	0.0	2.0	4.0	1.0
340	2.0	0.0	1.0	0.0	0.6660000000000004	5.334	1.0
341	4.0	0.0	2.0	0.0	4.0	8.0	2.0
342	2.0	0.0	2.0	0.0	2.0	4.0	2.0
343	1.0	0.0	1.0	0.0	0.3330000000000002	2.667	1.0
344	1.0	0.0	1.0	0.0	0.3330000000000002	2.667	1.0
345	0.0	0.0	0.0	0.0	0.0	0.0	0.0
346	1.0	0.0	1.0	0.0	0.3330000000000002	2.667	1.0
347	4.0	0.0	3.0	0.0	4.0	8.0	3.0
348	2.0	0.0	2.0	0.0	2.0	4.0	2.0
349	5.0	0.0	4.0	0.0	4.136	7.864	3.0
350	0.0	0.0	0.0	0.0	0.0	0.0	0.0
351	0.0	0.0	0.0	0.0	0.0	0.0	0.0
352	1.0	0.0	1.0	0.0	0.3330000000000002	2.667	1.0
353	0.0	0.0	0.0	0.0	0.0	0.0	0.0
354	3.0	0.0	1.0	0.0	0.9990000000000006	8.001	1.0
355	3.0	0.0	1.0	0.0	2.0040000000000004	6.9959999999999996	1.0
356	4.0	0.0	3.0	0.0	2.736	6.263999999999999	2.0
357	1.0	0.0	1.0	0.0	0.3330000000000002	2.667	1.0
358	1.0	0.0	1.0	0.0	1.0	2.0	1.0
359	1.0	0.0	1.0	0.0	0.6680000000000001	2.332	1.0
360	0.0	0.0	0.0	0.0	0.0	0.0	0.0
361	1.0	0.0	1.0	0.0	1.0	2.0	1.0
362	2.0	0.0	2.0	0.0	2.0	4.0	2.0
363	2.0	0.0	2.0	0.0	1.3360000000000003	4.664	2.0
364	1.0	0.0	1.0	0.0	0.3330000000000002	2.667	1.0
365	0.0	0.0	0.0	0.0	0.0	0.0	0.0
366	1.0	0.0	1.0	0.0	1.0	2.0	1.0
367	1.0	0.0	1.0	0.0	0.3330000000000002	2.667	1.0
368	2.0	0.0	2.0	0.0	1.3360000000000003	4.664	2.0
369	3.0	0.0	3.0	0.0	2.068	3.932	2.0
370	1.0	0.0	1.0	0.0	0.3330000000000002	2.667	1.0
371	2.0	0.0	1.0	0.0	0.6660000000000004	5.334	1.0
372	2.0	0.0	2.0	0.0	2.0	4.0	2.0
373	2.0	0.0	2.0	0.0	0.6660000000000004	5.334	2.0
374	1.0	0.0	1.0	0.0	1.0	2.0	1.0
375	0.0	0.0	0.0	0.0	0.0	0.0	0.0
376	0.0	3.0	0.0	3.0	0.6660000000000004	5.334	2.0
377	2.0	0.0	1.0	0.0	0.6660000000000004	5.334	1.0
378	1.0	0.0	1.0	0.0	1.4	1.6	1.0
379	0.0	0.0	0.0	0.0	0.0	0.0	0.0
380	2.0	1.0	1.0	1.0	1.3330000000000002	4.667	1.0
381	1.0	0.0	1.0	0.0	0.6680000000000001	2.332	1.0
382	0.0	0.0	0.0	0.0	0.0	0.0	0.0
383	0.0	0.0	0.0	0.0	0.0	0.0	0.0
384	2.0	2.0	1.0	2.0	1.3330000000000002	4.667	1.0
385	2.0	0.0	2.0	0.0	2.0	4.0	2.0
386	0.0	0.0	0.0	0.0	0.0	0.0	0.0
387	0.0	0.0	0.0	0.0	0.0	0.0	0.0
388	2.0	0.0	1.0	0.0	0.6660000000000004	5.334	1.0
389	2.0	0.0	2.0	0.0	1.3360000000000003	4.664	2.0
390	1.0	0.0	0.0	0.0	0.3330000000000002	2.667	0.0
391	2.0	0.0	1.0	0.0	0.6660000000000004	5.334	1.0
392	2.0	0.0	2.0	0.0	2.0	4.0	2.0
393	2.0	0.0	2.0	0.0	2.0	4.0	2.0
394	3.0	1.0	1.0	1.0	4.0	8.0	2.0
395	1.0	2.0	0.0	1.0	3.0	6.0	1.0
396	0.0	0.0	0.0	0.0	0.0	0.0	0.0
397	1.0	0.0	0.0	0.0	1.0	2.0	0.0
398	0.0	0.0	0.0	0.0	0.0	0.0	0.0
399	3.0	0.0	2.0	0.0	2.3360000000000003	6.664	2.0
400	1.0	3.0	1.0	3.0	2.0	4.0	2.0
401	1.0	0.0	0.0	0.0	0.3330000000000002	2.667	0.0
