all_syn	all_nonSyn	tip_syn	tip_nonSyn	S	N	comparisons
001	0.0	0.0	0.0	0.0	0.0	0.0	0.0
002	1.0	0.0	0.0	0.0	1.0	2.0	0.0
003	2.0	0.0	0.0	0.0	2.0	4.0	0.0
004	2.0	0.0	1.0	0.0	2.0	4.0	1.0
005	3.0	0.0	2.0	0.0	3.0	6.0	2.0
006	3.0	0.0	2.0	0.0	3.0	6.0	2.0
007	2.0	0.0	1.0	0.0	1.3360000000000003	4.664	1.0
008	1.0	0.0	1.0	0.0	0.6680000000000001	2.332	1.0
009	1.0	2.0	0.0	1.0	1.3330000000000002	4.667	1.0
010	0.0	0.0	0.0	0.0	0.0	0.0	0.0
011	3.0	0.0	1.0	0.0	0.9990000000000006	8.001	1.0
012	0.0	0.0	0.0	0.0	0.0	0.0	0.0
013	2.0	0.0	0.0	0.0	0.6660000000000004	5.334	0.0
014	2.0	0.0	0.0	0.0	1.3360000000000003	4.664	0.0
015	2.0	0.0	1.0	0.0	2.0	4.0	1.0
016	0.0	1.0	0.0	0.0	1.0	2.0	0.0
017	0.0	0.0	0.0	0.0	0.0	0.0	0.0
018	0.0	0.0	0.0	0.0	0.0	0.0	0.0
019	2.0	1.0	1.0	0.0	3.0	6.0	1.0
020	0.0	0.0	0.0	0.0	0.0	0.0	0.0
021	1.0	0.0	0.0	0.0	0.3330000000000002	2.667	0.0
022	0.0	0.0	0.0	0.0	0.0	0.0	0.0
023	2.0	0.0	0.0	0.0	2.4	3.6	0.0
024	0.0	0.0	0.0	0.0	0.0	0.0	0.0
025	3.0	0.0	3.0	0.0	3.0	6.0	3.0
026	0.0	0.0	0.0	0.0	0.0	0.0	0.0
027	2.0	0.0	2.0	0.0	2.0	4.0	2.0
028	0.0	1.0	0.0	0.0	0.0	3.0	0.0
029	3.0	0.0	2.0	0.0	3.0	6.0	2.0
030	0.0	1.0	0.0	0.0	0.3330000000000002	2.667	0.0
031	1.0	1.0	0.0	0.0	1.0	2.0	0.0
032	1.0	1.0	1.0	0.0	0.6660000000000004	5.334	1.0
033	3.0	1.0	1.0	1.0	3.668	8.332	2.0
034	0.0	1.0	0.0	1.0	1.0	2.0	1.0
035	4.0	0.0	2.0	0.0	4.0	8.0	2.0
036	1.0	1.0	1.0	0.0	2.0	4.0	1.0
037	1.0	0.0	1.0	0.0	1.0	2.0	1.0
038	1.0	1.0	1.0	0.0	0.6660000000000004	5.334	1.0
039	1.0	0.0	1.0	0.0	1.0	2.0	1.0
040	1.0	0.0	1.0	0.0	0.3330000000000002	2.667	1.0
041	0.0	1.0	0.0	0.0	0.0	3.0	0.0
042	0.0	3.0	0.0	1.0	1.3360000000000003	7.664	1.0
043	0.0	1.0	0.0	1.0	0.3330000000000002	2.667	1.0
044	0.0	0.0	0.0	0.0	0.0	0.0	0.0
045	0.0	0.0	0.0	0.0	0.0	0.0	0.0
046	2.0	1.0	1.0	0.0	3.0	6.0	1.0
047	2.0	3.0	1.0	2.0	5.0	10.0	3.0
048	3.0	1.0	1.0	0.0	2.333	6.667	1.0
049	2.0	2.0	1.0	0.0	1.3330000000000002	4.667	1.0
050	0.0	0.0	0.0	0.0	0.0	0.0	0.0
051	1.0	3.0	0.0	2.0	4.0	8.0	2.0
052	2.0	0.0	0.0	0.0	2.4	3.6	0.0
053	2.0	2.0	1.0	2.0	4.0	8.0	3.0
054	0.0	1.0	0.0	1.0	0.3330000000000002	2.667	1.0
055	3.0	0.0	2.0	0.0	3.0	6.0	2.0
056	0.0	0.0	0.0	0.0	0.0	0.0	0.0
057	0.0	0.0	0.0	0.0	0.0	0.0	0.0
058	2.0	3.0	0.0	1.0	2.668	6.332	1.0
059	1.0	1.0	0.0	1.0	0.6660000000000004	5.334	1.0
060	2.0	0.0	1.0	0.0	0.6660000000000004	5.334	1.0
061	1.0	0.0	0.0	0.0	1.4	1.6	0.0
062	1.0	0.0	0.0	0.0	1.0	2.0	0.0
063	1.0	1.0	1.0	1.0	2.0	4.0	2.0
064	2.0	4.0	1.0	2.0	5.0	13.0	3.0
065	0.0	0.0	0.0	0.0	0.0	0.0	0.0
066	0.0	1.0	0.0	0.0	0.6680000000000001	2.332	0.0
067	2.0	0.0	0.0	0.0	2.0	4.0	0.0
068	3.0	0.0	1.0	0.0	3.0	6.0	1.0
069	0.0	0.0	0.0	0.0	0.0	0.0	0.0
070	0.0	0.0	0.0	0.0	0.0	0.0	0.0
071	1.0	2.0	1.0	0.0	1.6680000000000001	4.332	1.0
072	2.0	3.0	2.0	0.0	3.0010000000000003	8.998999999999999	2.0
073	0.0	0.0	0.0	0.0	0.0	0.0	0.0
074	0.0	0.0	0.0	0.0	0.0	0.0	0.0
075	0.0	0.0	0.0	0.0	0.0	0.0	0.0
076	1.0	0.0	0.0	0.0	0.3330000000000002	2.667	0.0
077	0.0	0.0	0.0	0.0	0.0	0.0	0.0
078	1.0	0.0	1.0	0.0	0.3330000000000002	2.667	1.0
079	1.0	0.0	0.0	0.0	1.0	2.0	0.0
080	2.0	0.0	1.0	0.0	2.0	4.0	1.0
081	2.0	0.0	1.0	0.0	2.0	4.0	1.0
082	0.0	0.0	0.0	0.0	0.0	0.0	0.0
083	3.0	0.0	2.0	0.0	3.0	6.0	2.0
084	0.0	0.0	0.0	0.0	0.0	0.0	0.0
085	1.0	0.0	0.0	0.0	0.3330000000000002	2.667	0.0
086	2.0	0.0	0.0	0.0	2.0	4.0	0.0
087	3.0	0.0	3.0	0.0	3.0	6.0	3.0
088	0.0	0.0	0.0	0.0	0.0	0.0	0.0
089	2.0	0.0	1.0	0.0	2.0	4.0	1.0
090	1.0	0.0	1.0	0.0	1.0	2.0	1.0
091	3.0	0.0	1.0	0.0	3.0	6.0	1.0
092	2.0	0.0	1.0	0.0	2.0	4.0	1.0
093	0.0	0.0	0.0	0.0	0.0	0.0	0.0
094	2.0	0.0	0.0	0.0	2.0	4.0	0.0
095	1.0	0.0	0.0	0.0	1.4	1.6	0.0
096	1.0	0.0	0.0	0.0	1.0	2.0	0.0
097	3.0	1.0	3.0	0.0	3.668	8.332	3.0
098	1.0	1.0	1.0	0.0	1.3330000000000002	4.667	1.0
099	0.0	0.0	0.0	0.0	0.0	0.0	0.0
100	2.0	1.0	0.0	0.0	2.333	6.667	0.0
101	2.0	0.0	1.0	0.0	2.0	4.0	1.0
102	1.0	1.0	0.0	0.0	2.0	4.0	0.0
103	2.0	0.0	0.0	0.0	2.068	3.932	0.0
104	3.0	0.0	2.0	0.0	3.0	6.0	2.0
105	0.0	0.0	0.0	0.0	0.0	0.0	0.0
106	1.0	0.0	0.0	0.0	1.0	2.0	0.0
107	3.0	0.0	1.0	0.0	3.0	6.0	1.0
108	1.0	0.0	0.0	0.0	1.0	2.0	0.0
109	1.0	0.0	0.0	0.0	1.0	2.0	0.0
110	2.0	0.0	1.0	0.0	2.0	4.0	1.0
111	2.0	0.0	1.0	0.0	2.0	4.0	1.0
112	2.0	0.0	0.0	0.0	2.0	4.0	0.0
113	1.0	0.0	0.0	0.0	0.3330000000000002	2.667	0.0
114	4.0	0.0	1.0	0.0	4.0	8.0	1.0
115	0.0	0.0	0.0	0.0	0.0	0.0	0.0
116	1.0	1.0	1.0	0.0	1.6680000000000001	4.332	1.0
117	1.0	0.0	0.0	0.0	0.3330000000000002	2.667	0.0
118	3.0	0.0	1.0	0.0	2.3360000000000003	6.664	1.0
119	2.0	0.0	2.0	0.0	1.3360000000000003	4.664	2.0
120	2.0	0.0	0.0	0.0	2.0	4.0	0.0
121	2.0	0.0	0.0	0.0	0.6680000000000001	2.332	0.0
122	1.0	3.0	0.0	1.0	2.333	6.667	1.0
123	1.0	0.0	0.0	0.0	1.0	2.0	0.0
124	1.0	1.0	1.0	1.0	0.6660000000000004	5.334	2.0
125	2.0	0.0	1.0	0.0	2.0	4.0	1.0
126	2.0	0.0	1.0	0.0	2.0	4.0	1.0
127	3.0	0.0	2.0	0.0	3.0	6.0	2.0
128	1.0	0.0	1.0	0.0	1.0	2.0	1.0
129	1.0	0.0	0.0	0.0	0.3330000000000002	2.667	0.0
130	0.0	0.0	0.0	0.0	0.0	0.0	0.0
131	1.0	1.0	1.0	0.0	2.0	4.0	1.0
132	2.0	0.0	0.0	0.0	2.4	3.6	0.0
133	0.0	2.0	0.0	1.0	2.0	4.0	1.0
134	0.0	0.0	0.0	0.0	0.0	0.0	0.0
135	0.0	2.0	0.0	1.0	2.068	3.932	1.0
136	2.0	4.0	0.0	0.0	2.333	6.667	0.0
137	1.0	2.0	0.0	1.0	2.0	4.0	1.0
138	0.0	2.0	0.0	0.0	1.6680000000000001	4.332	0.0
139	1.0	1.0	1.0	0.0	1.3330000000000002	4.667	1.0
140	1.0	2.0	1.0	1.0	2.668	6.332	2.0
141	3.0	3.0	0.0	0.0	3.733	8.267	0.0
142	2.0	4.0	0.0	2.0	2.6660000000000004	9.334	2.0
143	1.0	3.0	0.0	0.0	1.3330000000000002	4.667	0.0
144	2.0	3.0	1.0	1.0	4.668	10.332	2.0
145	1.0	4.0	0.0	1.0	1.3320000000000007	10.668	1.0
146	1.0	3.0	0.0	2.0	3.333	8.667	2.0
147	0.0	3.0	0.0	1.0	3.4	5.6	1.0
148	1.0	1.0	1.0	1.0	1.3330000000000002	4.667	2.0
149	2.0	2.0	0.0	0.0	1.3330000000000002	4.667	0.0
150	1.0	1.0	1.0	1.0	2.0	4.0	2.0
151	0.0	0.0	0.0	0.0	0.0	0.0	0.0
152	1.0	0.0	1.0	0.0	1.0	2.0	1.0
153	0.0	0.0	0.0	0.0	0.0	0.0	0.0
154	2.0	0.0	1.0	0.0	2.0	4.0	1.0
155	1.0	0.0	1.0	0.0	1.0	2.0	1.0
156	1.0	0.0	0.0	0.0	1.0	2.0	0.0
157	1.0	1.0	0.0	0.0	2.0	4.0	0.0
158	4.0	0.0	1.0	0.0	4.0	8.0	1.0
159	1.0	0.0	0.0	0.0	1.0	2.0	0.0
160	2.0	0.0	1.0	0.0	2.0	4.0	1.0
161	0.0	0.0	0.0	0.0	0.0	0.0	0.0
162	1.0	0.0	0.0	0.0	0.3330000000000002	2.667	0.0
163	2.0	0.0	2.0	0.0	0.6660000000000004	5.334	2.0
164	0.0	0.0	0.0	0.0	0.0	0.0	0.0
165	0.0	0.0	0.0	0.0	0.0	0.0	0.0
166	1.0	0.0	1.0	0.0	1.0	2.0	1.0
167	2.0	0.0	0.0	0.0	2.068	3.932	0.0
168	2.0	0.0	1.0	0.0	2.0	4.0	1.0
169	2.0	0.0	0.0	0.0	1.3360000000000003	4.664	0.0
170	0.0	0.0	0.0	0.0	0.0	0.0	0.0
171	1.0	0.0	0.0	0.0	1.0	2.0	0.0
172	2.0	0.0	1.0	0.0	2.0	4.0	1.0
173	2.0	2.0	2.0	0.0	0.9990000000000006	8.001	2.0
174	0.0	3.0	0.0	2.0	1.6680000000000001	7.332	2.0
175	0.0	3.0	0.0	2.0	1.3330000000000002	4.667	1.0
176	1.0	1.0	1.0	1.0	1.0	2.0	1.0
177	0.0	0.0	0.0	0.0	0.0	0.0	0.0
178	0.0	0.0	0.0	0.0	0.0	0.0	0.0
179	0.0	0.0	0.0	0.0	0.0	0.0	0.0
180	0.0	0.0	0.0	0.0	0.0	0.0	0.0
181	3.0	3.0	1.0	0.0	5.0	10.0	1.0
182	1.0	3.0	1.0	2.0	3.0	6.0	2.0
183	2.0	3.0	2.0	1.0	3.333	8.667	2.0
184	2.0	2.0	2.0	2.0	1.3330000000000002	4.667	2.0
185	0.0	1.0	0.0	1.0	0.6680000000000001	2.332	1.0
186	2.0	2.0	1.0	2.0	3.0	6.0	2.0
187	2.0	0.0	1.0	0.0	2.0	4.0	1.0
188	2.0	0.0	1.0	0.0	0.6660000000000004	5.334	1.0
189	3.0	0.0	2.0	0.0	3.0	6.0	2.0
190	4.0	0.0	3.0	0.0	4.0	8.0	3.0
191	0.0	0.0	0.0	0.0	0.0	0.0	0.0
192	2.0	0.0	2.0	0.0	2.0	4.0	2.0
193	3.0	0.0	2.0	0.0	3.0	6.0	2.0
194	1.0	0.0	1.0	0.0	0.3330000000000002	2.667	1.0
195	0.0	0.0	0.0	0.0	0.0	0.0	0.0
196	0.0	0.0	0.0	0.0	0.0	0.0	0.0
197	3.0	0.0	2.0	0.0	3.0	6.0	2.0
198	3.0	0.0	3.0	0.0	3.0	6.0	3.0
199	3.0	0.0	3.0	0.0	2.0040000000000004	6.9959999999999996	3.0
200	3.0	0.0	1.0	0.0	3.0	6.0	1.0
201	2.0	1.0	1.0	0.0	3.0	6.0	1.0
202	0.0	0.0	0.0	0.0	0.0	0.0	0.0
203	0.0	0.0	0.0	0.0	0.0	0.0	0.0
204	2.0	0.0	2.0	0.0	0.6680000000000001	2.332	1.0
205	1.0	0.0	1.0	0.0	0.3330000000000002	2.667	1.0
206	2.0	0.0	0.0	0.0	2.0	4.0	0.0
207	2.0	0.0	1.0	0.0	0.6660000000000004	5.334	1.0
208	1.0	0.0	1.0	0.0	0.3330000000000002	2.667	1.0
209	4.0	0.0	3.0	0.0	2.3360000000000003	6.664	2.0
210	1.0	0.0	1.0	0.0	0.3330000000000002	2.667	1.0
211	1.0	0.0	1.0	0.0	1.4	1.6	1.0
212	0.0	1.0	0.0	1.0	0.3330000000000002	2.667	1.0
213	3.0	0.0	2.0	0.0	3.0	6.0	2.0
214	1.0	2.0	1.0	2.0	0.6660000000000004	5.334	2.0
215	3.0	1.0	3.0	1.0	4.0	8.0	4.0
216	3.0	2.0	1.0	2.0	3.333	8.667	2.0
217	2.0	0.0	0.0	0.0	0.6660000000000004	5.334	0.0
218	2.0	0.0	2.0	0.0	2.4	3.6	2.0
219	0.0	2.0	0.0	1.0	1.6680000000000001	4.332	1.0
220	0.0	2.0	0.0	2.0	1.0	2.0	1.0
221	3.0	0.0	2.0	0.0	2.3360000000000003	6.664	2.0
222	0.0	1.0	0.0	1.0	1.0	2.0	1.0
223	0.0	0.0	0.0	0.0	0.0	0.0	0.0
224	3.0	0.0	2.0	0.0	3.0	6.0	2.0
225	2.0	0.0	2.0	0.0	2.0	4.0	2.0
226	2.0	1.0	2.0	1.0	0.9990000000000006	8.001	3.0
227	3.0	0.0	3.0	0.0	3.0	6.0	3.0
228	1.0	0.0	1.0	0.0	1.0	2.0	1.0
229	1.0	1.0	1.0	1.0	1.3330000000000002	4.667	2.0
230	2.0	0.0	2.0	0.0	2.0	4.0	2.0
231	2.0	0.0	1.0	0.0	2.0	4.0	1.0
232	2.0	1.0	1.0	1.0	2.0	4.0	1.0
233	0.0	1.0	0.0	1.0	1.4	1.6	1.0
234	1.0	2.0	1.0	2.0	3.0	6.0	3.0
235	1.0	0.0	1.0	0.0	1.0	2.0	1.0
236	0.0	2.0	0.0	0.0	0.6680000000000001	5.332	0.0
237	2.0	3.0	1.0	2.0	2.3360000000000003	12.664	3.0
238	2.0	0.0	0.0	0.0	0.6660000000000004	5.334	0.0
239	3.0	0.0	2.0	0.0	2.668	6.332	2.0
240	1.0	0.0	1.0	0.0	1.0	2.0	1.0
241	4.0	0.0	3.0	0.0	4.0	8.0	3.0
242	4.0	0.0	4.0	0.0	2.3360000000000003	6.664	3.0
243	2.0	0.0	2.0	0.0	0.6660000000000004	5.334	2.0
244	3.0	0.0	0.0	0.0	0.9990000000000006	8.001	0.0
245	0.0	0.0	0.0	0.0	0.0	0.0	0.0
246	2.0	0.0	2.0	0.0	2.0	4.0	2.0
247	2.0	0.0	1.0	0.0	2.0	4.0	1.0
248	3.0	0.0	3.0	0.0	3.0	6.0	3.0
249	2.0	0.0	1.0	0.0	2.0	4.0	1.0
250	2.0	0.0	2.0	0.0	0.6660000000000004	5.334	2.0
251	0.0	0.0	0.0	0.0	0.0	0.0	0.0
252	1.0	0.0	1.0	0.0	0.6680000000000001	2.332	1.0
253	2.0	1.0	2.0	1.0	2.0	4.0	2.0
254	3.0	2.0	3.0	2.0	3.0	6.0	3.0
255	3.0	0.0	3.0	0.0	3.068	5.932	3.0
256	1.0	0.0	1.0	0.0	0.3330000000000002	2.667	1.0
257	3.0	2.0	1.0	2.0	3.333	8.667	2.0
258	2.0	0.0	1.0	0.0	2.0	4.0	1.0
259	2.0	1.0	1.0	1.0	3.0	6.0	2.0
260	1.0	1.0	0.0	1.0	1.0010000000000003	4.999	1.0
261	1.0	0.0	1.0	0.0	1.0	2.0	1.0
262	1.0	0.0	1.0	0.0	1.0	2.0	1.0
263	2.0	3.0	1.0	3.0	3.668	8.332	3.0
264	2.0	0.0	1.0	0.0	2.0	4.0	1.0
265	2.0	0.0	1.0	0.0	2.0	4.0	1.0
266	0.0	0.0	0.0	0.0	0.0	0.0	0.0
267	2.0	2.0	2.0	1.0	2.333	6.667	2.0
268	2.0	0.0	2.0	0.0	0.6660000000000004	5.334	2.0
269	0.0	0.0	0.0	0.0	0.0	0.0	0.0
270	0.0	0.0	0.0	0.0	0.0	0.0	0.0
271	1.0	0.0	1.0	0.0	1.0	2.0	1.0
272	4.0	0.0	3.0	0.0	3.3360000000000003	8.664	3.0
273	1.0	0.0	1.0	0.0	0.3330000000000002	2.667	1.0
274	2.0	0.0	0.0	0.0	2.0	4.0	0.0
275	1.0	0.0	1.0	0.0	0.3330000000000002	2.667	1.0
276	0.0	0.0	0.0	0.0	0.0	0.0	0.0
277	3.0	0.0	2.0	0.0	3.0	6.0	2.0
278	2.0	0.0	1.0	0.0	2.0	4.0	1.0
279	4.0	0.0	2.0	0.0	5.199999999999999	6.800000000000001	2.0
280	3.0	0.0	3.0	0.0	3.0	6.0	3.0
281	0.0	0.0	0.0	0.0	0.0	0.0	0.0
282	3.0	1.0	2.0	0.0	2.733	6.2669999999999995	2.0
283	3.0	0.0	2.0	0.0	3.468	5.532	2.0
284	2.0	0.0	2.0	0.0	1.6680000000000001	4.332	2.0
285	2.0	0.0	1.0	0.0	2.0	4.0	1.0
286	2.0	0.0	1.0	0.0	2.0	4.0	1.0
287	0.0	1.0	0.0	1.0	0.6680000000000001	2.332	1.0
288	3.0	2.0	2.0	2.0	3.0	9.0	3.0
289	0.0	0.0	0.0	0.0	0.0	0.0	0.0
290	2.0	2.0	1.0	0.0	3.668	8.332	1.0
291	0.0	0.0	0.0	0.0	0.0	0.0	0.0
292	2.0	3.0	1.0	2.0	5.0	10.0	3.0
293	3.0	1.0	0.0	1.0	4.0	8.0	1.0
294	3.0	0.0	0.0	0.0	0.9990000000000006	8.001	0.0
295	1.0	1.0	1.0	1.0	0.6660000000000004	5.334	2.0
296	2.0	1.0	2.0	1.0	2.0	4.0	2.0
297	2.0	2.0	2.0	2.0	3.0	6.0	3.0
298	1.0	0.0	1.0	0.0	0.6680000000000001	2.332	1.0
299	2.0	3.0	1.0	2.0	4.0	8.0	2.0
300	1.0	0.0	1.0	0.0	0.3330000000000002	2.667	1.0
301	2.0	0.0	2.0	0.0	0.6660000000000004	5.334	2.0
302	1.0	2.0	0.0	2.0	0.9990000000000006	8.001	2.0
303	2.0	0.0	2.0	0.0	2.0	4.0	2.0
304	4.0	0.0	3.0	0.0	4.0	8.0	3.0
305	1.0	0.0	1.0	0.0	0.6680000000000001	2.332	1.0
306	2.0	2.0	2.0	1.0	2.0010000000000003	6.999	2.0
307	2.0	0.0	1.0	0.0	2.0	4.0	1.0
308	1.0	0.0	1.0	0.0	0.3330000000000002	2.667	1.0
309	1.0	1.0	0.0	0.0	0.0	3.0	0.0
310	3.0	0.0	2.0	0.0	3.0	6.0	2.0
311	1.0	1.0	1.0	1.0	0.6660000000000004	5.334	2.0
312	3.0	0.0	3.0	0.0	3.0	6.0	3.0
313	4.0	0.0	4.0	0.0	4.0	8.0	4.0
314	1.0	0.0	1.0	0.0	1.0	2.0	1.0
315	2.0	1.0	2.0	1.0	1.0	5.0	2.0
316	1.0	0.0	1.0	0.0	0.3330000000000002	2.667	1.0
317	3.0	2.0	1.0	2.0	1.9990000000000006	10.001	2.0
318	1.0	0.0	1.0	0.0	0.3330000000000002	2.667	1.0
319	4.0	0.0	2.0	0.0	4.0	8.0	2.0
320	0.0	2.0	0.0	2.0	0.6660000000000004	5.334	2.0
321	3.0	0.0	2.0	0.0	0.9990000000000006	8.001	2.0
322	1.0	0.0	1.0	0.0	0.3330000000000002	2.667	1.0
323	0.0	2.0	0.0	2.0	1.3360000000000003	4.664	2.0
324	1.0	0.0	1.0	0.0	0.3330000000000002	2.667	1.0
325	2.0	2.0	0.0	2.0	0.9990000000000006	8.001	1.0
326	1.0	0.0	1.0	0.0	0.3330000000000002	2.667	1.0
327	2.0	0.0	0.0	0.0	0.6660000000000004	5.334	0.0
328	3.0	0.0	2.0	0.0	0.9990000000000006	8.001	2.0
329	3.0	0.0	1.0	0.0	0.9990000000000006	8.001	1.0
330	1.0	0.0	1.0	0.0	0.3330000000000002	2.667	1.0
331	3.0	0.0	2.0	0.0	3.0	6.0	2.0
332	2.0	0.0	1.0	0.0	2.0	4.0	1.0
333	3.0	0.0	2.0	0.0	3.0	6.0	2.0
334	0.0	0.0	0.0	0.0	0.0	0.0	0.0
335	3.0	0.0	2.0	0.0	3.0	6.0	2.0
336	2.0	0.0	1.0	0.0	0.6660000000000004	5.334	1.0
337	1.0	0.0	1.0	0.0	1.0	2.0	1.0
338	3.0	0.0	3.0	0.0	3.0	6.0	3.0
339	2.0	0.0	1.0	0.0	1.3360000000000003	4.664	1.0
340	2.0	0.0	1.0	0.0	2.0	4.0	1.0
341	2.0	0.0	0.0	0.0	1.3360000000000003	4.664	0.0
342	1.0	0.0	0.0	0.0	0.3330000000000002	2.667	0.0
343	2.0	1.0	1.0	1.0	0.9990000000000006	8.001	2.0
344	0.0	0.0	0.0	0.0	0.0	0.0	0.0
345	3.0	0.0	1.0	0.0	0.9990000000000006	8.001	1.0
346	1.0	0.0	1.0	0.0	1.0	2.0	1.0
347	1.0	1.0	1.0	1.0	0.6660000000000004	5.334	2.0
348	1.0	0.0	1.0	0.0	1.4	1.6	1.0
349	1.0	0.0	1.0	0.0	0.3330000000000002	2.667	1.0
350	2.0	0.0	2.0	0.0	1.6680000000000001	4.332	2.0
351	1.0	0.0	1.0	0.0	0.3330000000000002	2.667	1.0
352	1.0	0.0	1.0	0.0	1.0	2.0	1.0
353	5.0	1.0	3.0	1.0	6.0	12.0	4.0
354	2.0	0.0	0.0	0.0	2.0	4.0	0.0
355	0.0	2.0	0.0	1.0	0.6660000000000004	5.334	1.0
356	1.0	0.0	0.0	0.0	0.3330000000000002	2.667	0.0
357	3.0	0.0	2.0	0.0	3.0	6.0	2.0
358	2.0	1.0	2.0	1.0	2.0	4.0	2.0
359	2.0	0.0	1.0	0.0	0.6660000000000004	5.334	1.0
360	1.0	0.0	1.0	0.0	0.3330000000000002	2.667	1.0
361	1.0	0.0	0.0	0.0	0.3330000000000002	2.667	0.0
362	3.0	0.0	1.0	0.0	3.0	6.0	1.0
363	2.0	0.0	2.0	0.0	2.0	4.0	2.0
364	2.0	0.0	2.0	0.0	1.3360000000000003	4.664	2.0
365	2.0	0.0	2.0	0.0	0.6660000000000004	5.334	2.0
366	1.0	0.0	1.0	0.0	1.0	2.0	1.0
367	3.0	0.0	2.0	0.0	3.0	6.0	2.0
368	2.0	0.0	1.0	0.0	2.0	4.0	1.0
369	1.0	0.0	1.0	0.0	0.3330000000000002	2.667	1.0
370	1.0	0.0	1.0	0.0	1.0	2.0	1.0
371	0.0	5.0	0.0	2.0	2.0020000000000007	9.998	1.0
372	1.0	0.0	1.0	0.0	0.3330000000000002	2.667	1.0
373	1.0	0.0	0.0	0.0	1.0	2.0	0.0
374	3.0	0.0	2.0	0.0	0.9990000000000006	8.001	2.0
375	3.0	4.0	2.0	3.0	5.333	12.667	4.0
376	3.0	4.0	1.0	2.0	5.333	12.667	3.0
377	2.0	2.0	2.0	2.0	1.6680000000000001	4.332	2.0
378	1.0	1.0	0.0	1.0	1.3330000000000002	4.667	1.0
379	2.0	1.0	2.0	1.0	0.9990000000000006	8.001	3.0
380	3.0	5.0	3.0	1.0	6.668	17.332	4.0
381	2.0	0.0	1.0	0.0	0.6660000000000004	5.334	1.0
382	2.0	3.0	1.0	2.0	2.333	6.667	2.0
383	2.0	4.0	0.0	1.0	2.6660000000000004	9.334	1.0
384	0.0	0.0	0.0	0.0	0.0	0.0	0.0
385	2.0	2.0	2.0	1.0	4.0	8.0	3.0
386	2.0	0.0	1.0	0.0	0.6660000000000004	5.334	1.0
387	2.0	2.0	1.0	2.0	2.668	6.332	2.0
388	3.0	0.0	0.0	0.0	3.0	6.0	0.0
389	3.0	4.0	2.0	3.0	3.0	9.0	2.0
390	0.0	0.0	0.0	0.0	0.0	0.0	0.0
391	0.0	0.0	0.0	0.0	0.0	0.0	0.0
392	0.0	0.0	0.0	0.0	0.0	0.0	0.0
393	2.0	2.0	2.0	2.0	3.0010000000000003	8.998999999999999	4.0
394	1.0	4.0	1.0	4.0	2.733	6.2669999999999995	3.0
395	1.0	0.0	1.0	0.0	0.3330000000000002	2.667	1.0
396	1.0	0.0	1.0	0.0	1.0	2.0	1.0
397	2.0	0.0	1.0	0.0	1.3360000000000003	4.664	1.0
398	1.0	0.0	1.0	0.0	1.0	2.0	1.0
399	2.0	0.0	2.0	0.0	0.6660000000000004	5.334	2.0
400	3.0	1.0	2.0	1.0	3.333	8.667	3.0
401	2.0	0.0	2.0	0.0	2.0	4.0	2.0
402	1.0	2.0	0.0	2.0	3.068	5.932	2.0
403	1.0	1.0	1.0	1.0	1.0	2.0	1.0
404	0.0	1.0	0.0	1.0	0.3330000000000002	2.667	1.0
405	2.0	0.0	1.0	0.0	2.0	4.0	1.0
406	2.0	0.0	1.0	0.0	0.6660000000000004	5.334	1.0
407	2.0	0.0	2.0	0.0	0.6660000000000004	5.334	2.0
408	1.0	3.0	0.0	3.0	2.333	6.667	2.0
409	2.0	0.0	2.0	0.0	2.0	4.0	2.0
410	3.0	0.0	2.0	0.0	3.0	6.0	2.0
411	3.0	0.0	2.0	0.0	0.9990000000000006	8.001	2.0
412	1.0	0.0	1.0	0.0	0.3330000000000002	2.667	1.0
413	1.0	0.0	1.0	0.0	0.3330000000000002	2.667	1.0
414	3.0	2.0	3.0	2.0	3.333	8.667	4.0
415	2.0	1.0	2.0	1.0	2.0	4.0	2.0
416	3.0	7.0	3.0	2.0	4.9990000000000006	16.000999999999998	3.0
417	2.0	3.0	2.0	3.0	2.9990000000000006	12.001	5.0
418	0.0	0.0	0.0	0.0	0.0	0.0	0.0
419	0.0	0.0	0.0	0.0	0.0	0.0	0.0
420	3.0	2.0	3.0	2.0	1.3330000000000002	4.667	2.0
421	2.0	7.0	1.0	4.0	6.336	17.664	4.0
422	1.0	1.0	0.0	1.0	0.6660000000000004	5.334	1.0
423	2.0	0.0	1.0	0.0	2.0	4.0	1.0
424	4.0	0.0	3.0	0.0	4.0	8.0	3.0
425	2.0	0.0	1.0	0.0	2.0	4.0	1.0
426	1.0	0.0	0.0	0.0	1.0	2.0	0.0
427	1.0	0.0	1.0	0.0	1.0	2.0	1.0
428	3.0	3.0	1.0	2.0	3.670000000000001	14.329999999999998	3.0
429	0.0	1.0	0.0	1.0	1.0	2.0	1.0
430	2.0	4.0	2.0	4.0	3.0	6.0	3.0
431	3.0	2.0	3.0	2.0	4.0	8.0	4.0
432	1.0	0.0	1.0	0.0	0.3330000000000002	2.667	1.0
433	2.0	1.0	2.0	1.0	3.0	6.0	3.0
434	3.0	5.0	1.0	4.0	3.6690000000000005	11.331	3.0
435	0.0	3.0	0.0	1.0	0.9990000000000006	8.001	1.0
436	1.0	1.0	1.0	1.0	0.3330000000000002	2.667	1.0
437	3.0	0.0	1.0	0.0	3.0	6.0	1.0
438	0.0	0.0	0.0	0.0	0.0	0.0	0.0
439	0.0	0.0	0.0	0.0	0.0	0.0	0.0
440	4.0	0.0	1.0	0.0	2.6720000000000006	9.328	1.0
441	1.0	0.0	1.0	0.0	0.3330000000000002	2.667	1.0
442	0.0	0.0	0.0	0.0	0.0	0.0	0.0
443	1.0	1.0	1.0	1.0	2.0	4.0	2.0
444	0.0	0.0	0.0	0.0	0.0	0.0	0.0
445	0.0	0.0	0.0	0.0	0.0	0.0	0.0
446	1.0	0.0	1.0	0.0	0.3330000000000002	2.667	1.0
447	1.0	0.0	1.0	0.0	0.3330000000000002	2.667	1.0
448	1.0	0.0	0.0	0.0	1.0	2.0	0.0
449	1.0	0.0	1.0	0.0	0.3330000000000002	2.667	1.0
450	0.0	0.0	0.0	0.0	0.0	0.0	0.0
451	4.0	0.0	2.0	0.0	4.0	8.0	2.0
452	2.0	1.0	1.0	1.0	0.9990000000000006	8.001	2.0
453	2.0	0.0	2.0	0.0	0.6660000000000004	5.334	2.0
454	3.0	0.0	2.0	0.0	3.8	5.2	2.0
455	0.0	0.0	0.0	0.0	0.0	0.0	0.0
456	1.0	1.0	1.0	1.0	0.6660000000000004	5.334	2.0
457	1.0	0.0	0.0	0.0	1.0	2.0	0.0
458	1.0	0.0	1.0	0.0	0.3330000000000002	2.667	1.0
459	1.0	0.0	0.0	0.0	0.3330000000000002	2.667	0.0
460	1.0	0.0	0.0	0.0	1.0	2.0	0.0
461	2.0	0.0	2.0	0.0	1.3360000000000003	4.664	2.0
462	1.0	1.0	1.0	0.0	0.6660000000000004	5.334	1.0
463	2.0	2.0	2.0	1.0	4.0	8.0	3.0
464	4.0	0.0	2.0	0.0	1.6680000000000001	4.332	1.0
465	2.0	0.0	2.0	0.0	2.0	4.0	2.0
466	0.0	1.0	0.0	1.0	0.6680000000000001	2.332	1.0
467	0.0	0.0	0.0	0.0	0.0	0.0	0.0
468	2.0	0.0	0.0	0.0	2.0	4.0	0.0
469	1.0	0.0	1.0	0.0	0.3330000000000002	2.667	1.0
470	1.0	2.0	1.0	1.0	1.3340000000000005	7.6659999999999995	2.0
471	2.0	0.0	2.0	0.0	2.0	4.0	2.0
472	3.0	0.0	2.0	0.0	3.4	5.6	2.0
473	2.0	1.0	1.0	1.0	2.668	6.332	2.0
474	1.0	0.0	1.0	0.0	0.3330000000000002	2.667	1.0
475	2.0	0.0	2.0	0.0	0.6660000000000004	5.334	2.0
476	2.0	0.0	1.0	0.0	0.6660000000000004	5.334	1.0
477	1.0	0.0	1.0	0.0	0.3330000000000002	2.667	1.0
478	2.0	0.0	2.0	0.0	2.0	4.0	2.0
479	3.0	0.0	1.0	0.0	3.0	6.0	1.0
480	3.0	0.0	2.0	0.0	0.9990000000000006	8.001	2.0
481	2.0	0.0	2.0	0.0	2.0	4.0	2.0
482	1.0	0.0	0.0	0.0	1.0	2.0	0.0
483	1.0	0.0	1.0	0.0	1.0	2.0	1.0
484	0.0	0.0	0.0	0.0	0.0	0.0	0.0
485	2.0	0.0	1.0	0.0	2.4	3.6	1.0
486	2.0	0.0	1.0	0.0	1.3360000000000003	4.664	1.0
487	2.0	0.0	1.0	0.0	1.3360000000000003	4.664	1.0
488	2.0	0.0	1.0	0.0	2.0	4.0	1.0
489	0.0	0.0	0.0	0.0	0.0	0.0	0.0
490	4.0	0.0	2.0	0.0	4.0	8.0	2.0
491	4.0	1.0	3.0	1.0	4.4	10.6	4.0
492	0.0	0.0	0.0	0.0	0.0	0.0	0.0
493	4.0	1.0	3.0	1.0	2.0010000000000003	6.999	2.0
494	0.0	2.0	0.0	1.0	0.6660000000000004	5.334	1.0
495	2.0	0.0	2.0	0.0	2.0	4.0	2.0
496	0.0	4.0	0.0	3.0	1.3320000000000007	10.668	3.0
497	3.0	0.0	3.0	0.0	3.8	5.2	3.0
498	1.0	0.0	0.0	0.0	0.3330000000000002	2.667	0.0
499	0.0	0.0	0.0	0.0	0.0	0.0	0.0
500	0.0	0.0	0.0	0.0	0.0	0.0	0.0
501	2.0	0.0	1.0	0.0	0.6660000000000004	5.334	1.0
502	2.0	0.0	1.0	0.0	2.0	4.0	1.0
503	1.0	0.0	1.0	0.0	0.3330000000000002	2.667	1.0
504	1.0	0.0	1.0	0.0	0.3330000000000002	2.667	1.0
505	3.0	0.0	2.0	0.0	3.0	6.0	2.0
506	3.0	0.0	2.0	0.0	3.0	6.0	2.0
507	2.0	0.0	0.0	0.0	0.6660000000000004	5.334	0.0
508	2.0	2.0	2.0	1.0	4.0	8.0	3.0
509	0.0	0.0	0.0	0.0	0.0	0.0	0.0
510	0.0	0.0	0.0	0.0	0.0	0.0	0.0
511	3.0	1.0	2.0	1.0	1.6660000000000004	7.334	2.0
512	0.0	0.0	0.0	0.0	0.0	0.0	0.0
513	1.0	0.0	1.0	0.0	0.6680000000000001	2.332	1.0
514	1.0	0.0	1.0	0.0	0.3330000000000002	2.667	1.0
515	1.0	0.0	1.0	0.0	1.0	2.0	1.0
516	0.0	0.0	0.0	0.0	0.0	0.0	0.0
517	0.0	0.0	0.0	0.0	0.0	0.0	0.0
518	1.0	0.0	1.0	0.0	0.3330000000000002	2.667	1.0
519	2.0	0.0	2.0	0.0	2.8	3.2	2.0
520	0.0	0.0	0.0	0.0	0.0	0.0	0.0
521	1.0	0.0	1.0	0.0	0.3330000000000002	2.667	1.0
522	0.0	0.0	0.0	0.0	0.0	0.0	0.0
523	4.0	0.0	4.0	0.0	4.136	7.863999999999999	4.0
524	2.0	0.0	1.0	0.0	0.6660000000000004	5.334	1.0
525	2.0	0.0	1.0	0.0	0.6660000000000004	5.334	1.0
526	1.0	0.0	1.0	0.0	0.3330000000000002	2.667	1.0
527	2.0	0.0	1.0	0.0	0.6660000000000004	5.334	1.0
528	1.0	0.0	1.0	0.0	0.3330000000000002	2.667	1.0
529	2.0	1.0	2.0	1.0	0.9990000000000006	8.001	3.0
530	2.0	0.0	1.0	0.0	2.0	4.0	1.0
531	2.0	0.0	1.0	0.0	2.0	4.0	1.0
532	0.0	2.0	0.0	2.0	1.0	2.0	1.0
533	1.0	1.0	1.0	1.0	0.6680000000000001	2.332	1.0
534	1.0	0.0	1.0	0.0	0.3330000000000002	2.667	1.0
535	3.0	2.0	2.0	2.0	4.0	8.0	3.0
536	2.0	4.0	1.0	2.0	5.0	10.0	3.0
537	1.0	1.0	0.0	1.0	2.0	4.0	1.0
538	3.0	0.0	2.0	0.0	3.0	6.0	2.0
539	2.0	0.0	2.0	0.0	2.0	4.0	2.0
540	4.0	0.0	3.0	0.0	4.0	8.0	3.0
541	1.0	0.0	0.0	0.0	0.3330000000000002	2.667	0.0
542	2.0	0.0	2.0	0.0	2.0	4.0	2.0
543	3.0	0.0	3.0	0.0	3.0	6.0	3.0
544	4.0	0.0	2.0	0.0	4.0	8.0	2.0
545	2.0	2.0	1.0	1.0	4.0	8.0	2.0
546	2.0	0.0	1.0	0.0	2.0	4.0	1.0
547	3.0	1.0	3.0	1.0	1.3330000000000002	4.667	2.0
548	0.0	0.0	0.0	0.0	0.0	0.0	0.0
549	2.0	0.0	2.0	0.0	2.0	4.0	2.0
550	3.0	0.0	1.0	0.0	3.0	6.0	1.0
551	0.0	0.0	0.0	0.0	0.0	0.0	0.0
552	1.0	0.0	1.0	0.0	0.3330000000000002	2.667	1.0
553	2.0	0.0	2.0	0.0	2.0	4.0	2.0
554	3.0	0.0	0.0	0.0	2.068	3.932	0.0
555	2.0	0.0	2.0	0.0	2.0	4.0	2.0
556	3.0	0.0	2.0	0.0	3.068	5.932	2.0
557	2.0	0.0	2.0	0.0	2.0	4.0	2.0
558	2.0	1.0	2.0	1.0	3.0	6.0	3.0
559	1.0	0.0	0.0	0.0	0.3330000000000002	2.667	0.0
560	2.0	0.0	2.0	0.0	2.0	4.0	2.0
561	2.0	2.0	0.0	2.0	2.668	6.332	1.0
562	1.0	4.0	1.0	3.0	1.6690000000000005	7.3309999999999995	2.0
563	1.0	3.0	0.0	3.0	0.9990000000000006	8.001	2.0
564	2.0	4.0	1.0	2.0	3.668	8.332	2.0
565	0.0	0.0	0.0	0.0	0.0	0.0	0.0
566	0.0	0.0	0.0	0.0	0.0	0.0	0.0
567	0.0	0.0	0.0	0.0	0.0	0.0	0.0
568	2.0	0.0	2.0	0.0	2.0	4.0	2.0
569	2.0	1.0	1.0	1.0	3.0	6.0	2.0
570	1.0	1.0	1.0	1.0	1.0	2.0	1.0
571	1.0	1.0	1.0	1.0	1.0	2.0	1.0
572	2.0	0.0	2.0	0.0	2.0	4.0	2.0
573	0.0	3.0	0.0	2.0	1.3360000000000003	7.664	2.0
574	2.0	0.0	1.0	0.0	2.0	4.0	1.0
575	1.0	0.0	1.0	0.0	1.0	2.0	1.0
576	3.0	0.0	2.0	0.0	3.0	6.0	2.0
577	5.0	0.0	4.0	0.0	4.0040000000000004	10.995999999999999	4.0
578	3.0	0.0	1.0	0.0	3.0	6.0	1.0
579	1.0	2.0	1.0	2.0	0.3330000000000002	2.667	1.0
580	1.0	0.0	1.0	0.0	0.3330000000000002	2.667	1.0
581	0.0	3.0	0.0	3.0	0.9990000000000006	8.001	3.0
582	2.0	1.0	1.0	1.0	0.9990000000000006	8.001	2.0
583	2.0	2.0	2.0	2.0	1.3330000000000002	4.667	2.0
584	0.0	1.0	0.0	1.0	0.3330000000000002	2.667	1.0
585	1.0	1.0	1.0	1.0	1.0	2.0	1.0
586	0.0	2.0	0.0	2.0	0.0	3.0	1.0
587	3.0	3.0	1.0	2.0	2.3320000000000007	12.668	2.0
588	2.0	3.0	1.0	2.0	2.668	6.332	2.0
589	1.0	2.0	1.0	2.0	1.3330000000000002	4.667	2.0
590	3.0	1.0	1.0	1.0	3.0	6.0	1.0
591	1.0	5.0	1.0	4.0	1.9990000000000006	10.001	3.0
592	0.0	1.0	0.0	1.0	0.3330000000000002	2.667	1.0
593	2.0	1.0	2.0	1.0	2.333	6.667	3.0
594	2.0	0.0	2.0	0.0	0.6660000000000004	5.334	2.0
595	3.0	0.0	1.0	0.0	3.0	6.0	1.0
596	2.0	1.0	2.0	1.0	1.6680000000000001	4.332	2.0
597	2.0	0.0	2.0	0.0	0.6680000000000001	2.332	1.0
598	4.0	1.0	1.0	1.0	5.0	10.0	2.0
599	3.0	0.0	2.0	0.0	2.668	6.332	2.0
600	2.0	1.0	2.0	1.0	2.668	6.332	3.0
601	3.0	4.0	3.0	3.0	1.9990000000000006	13.001	4.0
602	4.0	0.0	3.0	0.0	4.0	8.0	3.0
603	3.0	1.0	2.0	1.0	2.333	6.667	2.0
604	3.0	0.0	3.0	0.0	3.0	6.0	3.0
605	1.0	1.0	0.0	1.0	1.3330000000000002	4.667	1.0
606	2.0	2.0	1.0	2.0	0.9990000000000006	8.001	2.0
607	1.0	3.0	1.0	3.0	1.3330000000000002	4.667	2.0
608	0.0	0.0	0.0	0.0	0.0	0.0	0.0
609	2.0	0.0	2.0	0.0	2.0	4.0	2.0
610	2.0	1.0	1.0	1.0	1.6690000000000005	7.3309999999999995	2.0
611	1.0	2.0	1.0	2.0	2.0	4.0	2.0
612	3.0	2.0	1.0	2.0	3.668	8.332	2.0
613	3.0	2.0	2.0	2.0	2.333	6.667	2.0
614	3.0	1.0	2.0	1.0	4.0	8.0	3.0
615	2.0	1.0	2.0	1.0	1.3330000000000002	4.667	2.0
616	2.0	0.0	1.0	0.0	2.0	4.0	1.0
617	3.0	0.0	2.0	0.0	3.0	6.0	2.0
618	3.0	0.0	1.0	0.0	3.0	6.0	1.0
619	2.0	1.0	1.0	1.0	3.0	6.0	2.0
620	1.0	0.0	1.0	0.0	0.3330000000000002	2.667	1.0
621	1.0	0.0	1.0	0.0	0.3330000000000002	2.667	1.0
622	3.0	1.0	2.0	1.0	2.333	6.667	2.0
623	1.0	1.0	1.0	0.0	0.6660000000000004	5.334	1.0
624	0.0	0.0	0.0	0.0	0.0	0.0	0.0
625	0.0	2.0	0.0	2.0	1.0	2.0	1.0
626	1.0	3.0	1.0	3.0	1.3330000000000002	4.667	2.0
627	1.0	2.0	1.0	2.0	1.3330000000000002	4.667	2.0
628	1.0	2.0	1.0	2.0	1.3330000000000002	4.667	2.0
629	0.0	2.0	0.0	2.0	1.0	2.0	1.0
630	2.0	4.0	2.0	3.0	2.6660000000000004	9.334	3.0
631	2.0	2.0	0.0	1.0	1.9990000000000006	10.001	1.0
632	2.0	2.0	2.0	2.0	2.333	6.667	3.0
633	2.0	2.0	2.0	2.0	4.0	8.0	4.0
634	0.0	1.0	0.0	1.0	1.0	2.0	1.0
635	0.0	3.0	0.0	3.0	1.6680000000000001	4.332	2.0
636	2.0	2.0	1.0	2.0	4.0	8.0	3.0
637	3.0	4.0	3.0	2.0	2.6670000000000007	12.333	3.0
638	2.0	0.0	2.0	0.0	0.6660000000000004	5.334	2.0
639	1.0	0.0	0.0	0.0	0.3330000000000002	2.667	0.0
640	3.0	2.0	2.0	2.0	4.001	10.998999999999999	4.0
641	3.0	0.0	2.0	0.0	0.9990000000000006	8.001	2.0
642	5.0	0.0	3.0	0.0	2.668	6.332	2.0
643	2.0	0.0	1.0	0.0	1.3360000000000003	4.664	1.0
644	1.0	0.0	1.0	0.0	1.4	1.6	1.0
645	3.0	0.0	2.0	0.0	3.0	6.0	2.0
646	2.0	3.0	0.0	3.0	3.333	8.667	2.0
647	3.0	4.0	2.0	2.0	4.6690000000000005	13.331	4.0
648	0.0	3.0	0.0	2.0	1.3340000000000005	7.6659999999999995	2.0
649	2.0	3.0	1.0	1.0	3.6660000000000004	11.334	2.0
650	3.0	2.0	2.0	1.0	4.333	10.667	3.0
651	1.0	3.0	0.0	3.0	3.0	6.0	2.0
652	2.0	3.0	0.0	2.0	3.668	8.332	1.0
653	0.0	3.0	0.0	2.0	0.6660000000000004	5.334	1.0
654	2.0	3.0	0.0	2.0	4.0	8.0	2.0
655	3.0	1.0	2.0	1.0	3.0	6.0	2.0
656	2.0	3.0	1.0	2.0	2.6660000000000004	9.334	3.0
657	2.0	2.0	1.0	2.0	3.0	6.0	2.0
658	3.0	1.0	1.0	0.0	3.0	6.0	1.0
659	1.0	1.0	0.0	1.0	1.3330000000000002	4.667	1.0
660	2.0	1.0	1.0	1.0	2.668	6.332	2.0
661	1.0	0.0	0.0	0.0	1.0	2.0	0.0
662	1.0	4.0	1.0	2.0	2.6660000000000004	9.334	2.0
663	1.0	2.0	0.0	2.0	0.6660000000000004	5.334	1.0
664	2.0	4.0	2.0	4.0	2.333	6.667	3.0
665	1.0	5.0	1.0	5.0	2.668	6.332	3.0
666	3.0	3.0	2.0	3.0	3.6660000000000004	11.334	4.0
667	2.0	2.0	2.0	2.0	1.3330000000000002	4.667	2.0
668	2.0	1.0	1.0	1.0	3.0	6.0	2.0
669	1.0	2.0	1.0	2.0	1.0	5.0	2.0
670	1.0	2.0	1.0	2.0	0.0	3.0	1.0
671	2.0	2.0	2.0	2.0	1.3330000000000002	4.667	2.0
672	3.0	0.0	1.0	0.0	3.0	6.0	1.0
673	3.0	0.0	1.0	0.0	3.0	6.0	1.0
674	4.0	0.0	3.0	0.0	4.0	8.0	3.0
675	2.0	0.0	2.0	0.0	2.0	4.0	2.0
676	1.0	0.0	1.0	0.0	1.0	2.0	1.0
677	3.0	0.0	2.0	0.0	3.0	6.0	2.0
678	2.0	0.0	1.0	0.0	0.6660000000000004	5.334	1.0
679	2.0	1.0	1.0	1.0	2.333	6.667	2.0
680	3.0	2.0	3.0	2.0	2.333	6.667	3.0
681	3.0	0.0	2.0	0.0	0.9990000000000006	8.001	2.0
682	1.0	0.0	1.0	0.0	1.0	2.0	1.0
683	1.0	0.0	1.0	0.0	0.3330000000000002	2.667	1.0
684	1.0	0.0	0.0	0.0	1.0	2.0	0.0
685	3.0	1.0	2.0	1.0	3.0	6.0	2.0
686	2.0	4.0	1.0	4.0	2.333	9.667	3.0
687	3.0	0.0	1.0	0.0	3.0	6.0	1.0
688	1.0	0.0	1.0	0.0	1.0	2.0	1.0
689	3.0	0.0	2.0	0.0	0.9990000000000006	8.001	2.0
690	2.0	1.0	1.0	1.0	3.0	6.0	2.0
691	1.0	0.0	1.0	0.0	0.3330000000000002	2.667	1.0
692	1.0	1.0	1.0	1.0	1.0	2.0	1.0
693	2.0	0.0	1.0	0.0	0.6660000000000004	5.334	1.0
694	5.0	0.0	2.0	0.0	5.868	9.132	2.0
695	1.0	0.0	1.0	0.0	0.3330000000000002	2.667	1.0
696	3.0	0.0	1.0	0.0	3.4	5.6	1.0
697	3.0	0.0	3.0	0.0	3.0	6.0	3.0
698	1.0	1.0	1.0	1.0	1.0	2.0	1.0
699	1.0	1.0	1.0	1.0	2.0	4.0	2.0
700	2.0	5.0	0.0	1.0	4.001	10.998999999999999	1.0
701	0.0	2.0	0.0	1.0	1.3330000000000002	4.667	1.0
702	1.0	4.0	1.0	3.0	3.333	8.667	3.0
703	1.0	3.0	1.0	3.0	1.0010000000000003	4.999	2.0
704	2.0	3.0	2.0	1.0	2.333	6.667	2.0
705	3.0	5.0	2.0	5.0	2.3320000000000007	15.668	5.0
706	2.0	5.0	1.0	2.0	2.6670000000000007	12.333	2.0
707	2.0	5.0	2.0	3.0	3.6660000000000004	11.334	3.0
708	2.0	4.0	1.0	1.0	3.333	8.667	1.0
709	1.0	1.0	1.0	1.0	1.0	2.0	1.0
710	1.0	4.0	0.0	1.0	3.668	8.332	1.0
711	2.0	4.0	1.0	2.0	3.333	8.667	2.0
712	1.0	3.0	1.0	3.0	2.0010000000000003	6.999	3.0
713	0.0	0.0	0.0	0.0	0.0	0.0	0.0
714	1.0	3.0	1.0	1.0	1.3340000000000005	7.6659999999999995	1.0
715	3.0	2.0	2.0	0.0	2.6660000000000004	9.334	2.0
716	2.0	3.0	0.0	2.0	4.0	8.0	1.0
717	2.0	5.0	1.0	2.0	2.333	6.667	1.0
718	3.0	3.0	2.0	2.0	3.0	6.0	2.0
719	3.0	4.0	2.0	3.0	3.668	8.332	3.0
720	1.0	2.0	1.0	1.0	3.0	6.0	2.0
721	2.0	0.0	2.0	0.0	2.0	4.0	2.0
722	2.0	4.0	1.0	3.0	3.4010000000000002	11.599	3.0
723	3.0	0.0	3.0	0.0	3.0	6.0	3.0
724	2.0	2.0	2.0	1.0	1.6660000000000004	7.334	2.0
725	1.0	0.0	0.0	0.0	0.3330000000000002	2.667	0.0
726	1.0	2.0	1.0	2.0	1.3330000000000002	4.667	2.0
727	3.0	1.0	2.0	1.0	3.0	6.0	2.0
728	1.0	0.0	1.0	0.0	1.4	1.6	1.0
729	0.0	1.0	0.0	1.0	0.6680000000000001	2.332	1.0
730	2.0	0.0	1.0	0.0	2.0	4.0	1.0
731	2.0	0.0	1.0	0.0	2.0	4.0	1.0
732	2.0	0.0	2.0	0.0	1.0	2.0	1.0
733	2.0	0.0	1.0	0.0	2.0	4.0	1.0
734	0.0	0.0	0.0	0.0	0.0	0.0	0.0
735	2.0	2.0	1.0	2.0	1.3330000000000002	4.667	1.0
736	0.0	0.0	0.0	0.0	0.0	0.0	0.0
737	3.0	0.0	1.0	0.0	3.0	6.0	1.0
738	0.0	1.0	0.0	0.0	0.3330000000000002	2.667	0.0
739	2.0	0.0	2.0	0.0	0.6660000000000004	5.334	2.0
740	2.0	0.0	1.0	0.0	2.0	4.0	1.0
741	0.0	0.0	0.0	0.0	0.0	0.0	0.0
742	2.0	0.0	1.0	0.0	0.6660000000000004	5.334	1.0
743	1.0	4.0	0.0	3.0	2.3320000000000007	12.668	3.0
744	2.0	2.0	2.0	1.0	4.0	8.0	3.0
745	2.0	3.0	2.0	3.0	1.6660000000000004	7.334	3.0
746	0.0	3.0	0.0	2.0	0.9990000000000006	8.001	2.0
747	0.0	4.0	0.0	3.0	1.3320000000000007	10.668	3.0
748	1.0	2.0	1.0	2.0	1.3360000000000003	4.664	2.0
749	1.0	2.0	0.0	0.0	2.0	4.0	0.0
750	3.0	0.0	1.0	0.0	3.0	6.0	1.0
751	0.0	0.0	0.0	0.0	0.0	0.0	0.0
752	1.0	2.0	1.0	2.0	0.6660000000000004	5.334	2.0
753	1.0	0.0	1.0	0.0	0.3330000000000002	2.667	1.0
754	1.0	1.0	1.0	1.0	1.6680000000000001	4.332	2.0
755	2.0	0.0	1.0	0.0	0.6660000000000004	5.334	1.0
756	4.0	0.0	2.0	0.0	4.0	8.0	2.0
757	1.0	0.0	1.0	0.0	1.0	2.0	1.0
758	2.0	0.0	2.0	0.0	2.0	4.0	2.0
759	3.0	0.0	0.0	0.0	3.0	6.0	0.0
760	1.0	0.0	1.0	0.0	1.0	2.0	1.0
761	2.0	3.0	2.0	2.0	1.9990000000000006	10.001	3.0
762	1.0	1.0	1.0	1.0	0.6660000000000004	5.334	2.0
763	0.0	0.0	0.0	0.0	0.0	0.0	0.0
764	1.0	0.0	1.0	0.0	1.0	2.0	1.0
765	0.0	0.0	0.0	0.0	0.0	0.0	0.0
766	0.0	0.0	0.0	0.0	0.0	0.0	0.0
767	2.0	0.0	2.0	0.0	2.0	4.0	2.0
768	2.0	0.0	2.0	0.0	1.6680000000000001	4.332	2.0
769	1.0	2.0	0.0	1.0	0.6660000000000004	5.334	1.0
770	1.0	0.0	1.0	0.0	1.0	2.0	1.0
771	0.0	0.0	0.0	0.0	0.0	0.0	0.0
772	0.0	0.0	0.0	0.0	0.0	0.0	0.0
773	2.0	0.0	2.0	0.0	2.0	4.0	2.0
774	4.0	0.0	4.0	0.0	2.0	4.0	2.0
775	2.0	0.0	2.0	0.0	0.6660000000000004	5.334	2.0
776	2.0	0.0	1.0	0.0	2.0	4.0	1.0
777	0.0	2.0	0.0	2.0	0.3330000000000002	2.667	1.0
778	2.0	1.0	1.0	0.0	0.9990000000000006	8.001	1.0
779	3.0	0.0	1.0	0.0	3.0	6.0	1.0
780	1.0	0.0	1.0	0.0	0.3330000000000002	2.667	1.0
781	1.0	1.0	1.0	1.0	1.0	2.0	1.0
782	1.0	0.0	1.0	0.0	1.0	2.0	1.0
783	2.0	0.0	2.0	0.0	2.0	4.0	2.0
784	2.0	2.0	2.0	2.0	3.0	6.0	3.0
785	1.0	0.0	0.0	0.0	0.3330000000000002	2.667	0.0
786	3.0	0.0	2.0	0.0	3.0	6.0	2.0
787	0.0	0.0	0.0	0.0	0.0	0.0	0.0
788	1.0	0.0	1.0	0.0	0.3330000000000002	2.667	1.0
789	1.0	0.0	1.0	0.0	1.0	2.0	1.0
790	2.0	0.0	2.0	0.0	0.6680000000000001	2.332	1.0
791	3.0	0.0	2.0	0.0	0.9990000000000006	8.001	2.0
792	0.0	0.0	0.0	0.0	0.0	0.0	0.0
793	1.0	0.0	1.0	0.0	1.0	2.0	1.0
794	1.0	0.0	1.0	0.0	1.0	2.0	1.0
795	1.0	1.0	1.0	1.0	1.0010000000000003	4.999	2.0
796	2.0	0.0	2.0	0.0	2.0	4.0	2.0
797	1.0	2.0	1.0	2.0	1.0	2.0	1.0
798	3.0	2.0	2.0	2.0	2.333	6.667	2.0
799	1.0	1.0	1.0	1.0	2.0	4.0	2.0
800	2.0	2.0	2.0	2.0	1.6680000000000001	4.332	2.0
801	2.0	2.0	2.0	2.0	2.0	4.0	2.0
802	0.0	0.0	0.0	0.0	0.0	0.0	0.0
803	1.0	2.0	1.0	2.0	2.0	4.0	2.0
804	1.0	1.0	1.0	1.0	2.0	4.0	2.0
805	3.0	1.0	2.0	1.0	2.3370000000000006	9.663	3.0
806	0.0	1.0	0.0	1.0	0.3330000000000002	2.667	1.0
807	1.0	1.0	1.0	1.0	0.6660000000000004	5.334	2.0
808	2.0	1.0	1.0	1.0	3.068	5.932	2.0
809	2.0	0.0	2.0	0.0	2.4	3.6	2.0
810	0.0	1.0	0.0	1.0	1.0	2.0	1.0
811	0.0	0.0	0.0	0.0	0.0	0.0	0.0
812	0.0	0.0	0.0	0.0	0.0	0.0	0.0
813	0.0	0.0	0.0	0.0	0.0	0.0	0.0
814	0.0	0.0	0.0	0.0	0.0	0.0	0.0
815	0.0	0.0	0.0	0.0	0.0	0.0	0.0
816	0.0	0.0	0.0	0.0	0.0	0.0	0.0
817	0.0	0.0	0.0	0.0	0.0	0.0	0.0
818	0.0	0.0	0.0	0.0	0.0	0.0	0.0
819	0.0	0.0	0.0	0.0	0.0	0.0	0.0
820	0.0	0.0	0.0	0.0	0.0	0.0	0.0
821	0.0	0.0	0.0	0.0	0.0	0.0	0.0
822	0.0	0.0	0.0	0.0	0.0	0.0	0.0
823	0.0	0.0	0.0	0.0	0.0	0.0	0.0
824	0.0	0.0	0.0	0.0	0.0	0.0	0.0
825	0.0	0.0	0.0	0.0	0.0	0.0	0.0
826	0.0	0.0	0.0	0.0	0.0	0.0	0.0
827	0.0	0.0	0.0	0.0	0.0	0.0	0.0
828	0.0	0.0	0.0	0.0	0.0	0.0	0.0
829	0.0	0.0	0.0	0.0	0.0	0.0	0.0
830	0.0	0.0	0.0	0.0	0.0	0.0	0.0
