pos	Sd	Nd	Sd_tip	Nd_tip	S	N	comparisons
001	0.0	0.0	0.0	0.0	0.0	0.0	0.0
002	0.0	0.0	0.0	0.0	0.0	0.0	0.0
003	1.0	1.0	0.0	1.0	0.6660000000000004	5.334	1.0
004	0.0	0.0	0.0	0.0	0.0	0.0	0.0
005	1.0	0.0	0.0	0.0	0.3330000000000002	2.667	0.0
006	1.0	0.0	1.0	0.0	1.0	2.0	1.0
007	1.0	0.0	1.0	0.0	1.0	2.0	1.0
008	1.0	0.0	1.0	0.0	0.3330000000000002	2.667	1.0
009	1.0	0.0	0.0	0.0	1.0	2.0	0.0
010	0.0	0.0	0.0	0.0	0.0	0.0	0.0
011	0.0	0.0	0.0	0.0	0.0	0.0	0.0
012	0.0	0.0	0.0	0.0	0.0	0.0	0.0
013	0.0	0.0	0.0	0.0	0.0	0.0	0.0
014	0.0	0.0	0.0	0.0	0.0	0.0	0.0
015	0.0	0.0	0.0	0.0	0.0	0.0	0.0
016	2.0	4.0	1.0	2.0	2.0	4.0	1.0
017	2.0	3.0	1.0	1.0	4.0	8.0	1.0
018	1.0	6.0	0.0	1.0	3.6660000000000004	11.334	1.0
019	1.0	3.0	1.0	2.0	1.3330000000000002	4.667	1.0
020	1.0	1.0	1.0	1.0	1.0	2.0	1.0
021	3.0	4.0	3.0	4.0	1.6660000000000004	7.334	3.0
022	3.0	3.0	1.0	3.0	4.666	13.334	4.0
023	3.0	3.0	3.0	3.0	3.068	5.932	3.0
024	3.0	3.0	3.0	3.0	1.6660000000000004	7.334	3.0
025	3.0	3.0	2.0	1.0	5.333	12.667	3.0
026	3.0	6.0	2.0	4.0	6.336	14.664000000000001	4.0
027	2.0	5.0	2.0	3.0	4.333	10.667	3.0
028	3.0	6.0	3.0	4.0	6.333	14.667	5.0
029	0.0	0.0	0.0	0.0	0.0	0.0	0.0
030	0.0	0.0	0.0	0.0	0.0	0.0	0.0
031	0.0	0.0	0.0	0.0	0.0	0.0	0.0
032	0.0	0.0	0.0	0.0	0.0	0.0	0.0
033	0.0	0.0	0.0	0.0	0.0	0.0	0.0
034	2.0	2.0	2.0	2.0	1.3330000000000002	4.667	2.0
035	4.0	4.0	2.0	4.0	6.0	12.0	4.0
036	2.0	2.0	1.0	2.0	2.333	6.667	2.0
037	1.0	2.0	1.0	2.0	2.0	4.0	2.0
038	2.0	1.0	1.0	1.0	3.0	6.0	2.0
039	1.0	2.0	0.0	2.0	1.6680000000000001	4.332	1.0
040	1.0	2.0	1.0	2.0	2.0	4.0	2.0
041	1.0	3.0	0.0	2.0	3.0	6.0	1.0
042	2.0	6.0	2.0	3.0	4.001	10.998999999999999	2.0
043	0.0	3.0	0.0	3.0	0.9990000000000006	8.001	3.0
044	3.0	5.0	3.0	5.0	4.668	10.332	5.0
045	3.0	2.0	2.0	2.0	2.333	6.667	2.0
046	3.0	2.0	3.0	2.0	3.0	6.0	3.0
047	3.0	1.0	2.0	1.0	3.0	6.0	2.0
048	2.0	2.0	2.0	2.0	2.0	4.0	2.0
049	3.0	1.0	2.0	1.0	4.0	8.0	3.0
050	1.0	0.0	1.0	0.0	1.0	2.0	1.0
051	1.0	1.0	1.0	1.0	0.3330000000000002	2.667	1.0
052	2.0	2.0	2.0	2.0	2.0	4.0	2.0
053	1.0	4.0	1.0	2.0	5.0	10.0	3.0
054	1.0	2.0	1.0	2.0	1.0	2.0	1.0
055	3.0	4.0	3.0	4.0	3.333	8.667	4.0
056	2.0	2.0	2.0	2.0	3.0	6.0	3.0
057	2.0	3.0	1.0	3.0	4.0	8.0	3.0
058	3.0	1.0	2.0	1.0	1.3340000000000005	7.6659999999999995	2.0
059	1.0	1.0	1.0	1.0	1.3330000000000002	4.667	2.0
060	2.0	4.0	1.0	4.0	1.9990000000000006	10.001	3.0
061	3.0	5.0	2.0	4.0	6.333	14.667	5.0
062	1.0	3.0	1.0	3.0	1.6660000000000004	7.334	3.0
063	0.0	6.0	0.0	5.0	4.333	10.667	4.0
064	1.0	4.0	0.0	4.0	2.333	6.667	2.0
065	0.0	1.0	0.0	1.0	0.3330000000000002	2.667	1.0
066	2.0	5.0	1.0	3.0	2.665000000000001	15.334999999999999	3.0
067	3.0	6.0	3.0	6.0	2.333	9.667	4.0
068	5.0	4.0	2.0	1.0	6.0	12.0	2.0
069	3.0	2.0	3.0	2.0	3.0	6.0	3.0
070	0.0	4.0	0.0	3.0	0.9990000000000006	8.001	2.0
071	1.0	4.0	1.0	2.0	3.333	8.667	2.0
072	2.0	2.0	2.0	1.0	4.0	8.0	3.0
073	1.0	0.0	1.0	0.0	0.3330000000000002	2.667	1.0
074	4.0	2.0	3.0	1.0	3.333	8.667	3.0
075	2.0	4.0	2.0	3.0	3.0010000000000003	8.998999999999999	3.0
076	2.0	4.0	2.0	2.0	4.0	8.0	2.0
077	1.0	1.0	1.0	1.0	1.0	2.0	1.0
078	2.0	3.0	1.0	3.0	2.0010000000000003	6.999	2.0
079	2.0	2.0	1.0	1.0	4.0	8.0	2.0
080	1.0	3.0	0.0	3.0	1.3340000000000005	7.6659999999999995	2.0
081	2.0	0.0	2.0	0.0	2.0	4.0	2.0
082	4.0	1.0	3.0	1.0	3.6720000000000006	11.328	4.0
083	3.0	1.0	2.0	1.0	3.333	8.667	3.0
084	1.0	4.0	0.0	2.0	3.668	11.332	2.0
085	3.0	4.0	3.0	4.0	4.0	8.0	4.0
086	3.0	0.0	3.0	0.0	3.0	6.0	3.0
087	3.0	0.0	2.0	0.0	3.0	6.0	2.0
088	3.0	3.0	2.0	3.0	5.0	10.0	4.0
089	3.0	3.0	2.0	2.0	4.468	7.532	3.0
090	1.0	1.0	1.0	1.0	1.6680000000000001	4.332	2.0
091	3.0	0.0	2.0	0.0	2.0040000000000004	6.9959999999999996	2.0
092	2.0	2.0	2.0	2.0	2.333	6.667	3.0
093	3.0	3.0	3.0	3.0	3.333	8.667	4.0
094	2.0	0.0	2.0	0.0	2.0	4.0	2.0
095	0.0	1.0	0.0	1.0	0.3330000000000002	2.667	1.0
096	0.0	0.0	0.0	0.0	0.0	0.0	0.0
097	2.0	0.0	1.0	0.0	0.6660000000000004	5.334	1.0
098	3.0	2.0	1.0	1.0	5.0	10.0	2.0
099	2.0	0.0	2.0	0.0	2.0	4.0	2.0
100	1.0	0.0	1.0	0.0	1.0	2.0	1.0
101	0.0	0.0	0.0	0.0	0.0	0.0	0.0
102	1.0	0.0	1.0	0.0	1.0	2.0	1.0
103	2.0	0.0	2.0	0.0	2.0	4.0	2.0
104	2.0	0.0	1.0	0.0	2.0	4.0	1.0
105	2.0	0.0	1.0	0.0	2.0	4.0	1.0
106	4.0	3.0	4.0	3.0	3.333	8.667	4.0
107	3.0	0.0	2.0	0.0	3.0	6.0	2.0
108	2.0	0.0	2.0	0.0	0.6680000000000001	2.332	1.0
109	0.0	0.0	0.0	0.0	0.0	0.0	0.0
110	0.0	0.0	0.0	0.0	0.0	0.0	0.0
111	0.0	0.0	0.0	0.0	0.0	0.0	0.0
112	2.0	0.0	1.0	0.0	0.6660000000000004	5.334	1.0
113	1.0	1.0	1.0	1.0	2.0	4.0	2.0
114	0.0	1.0	0.0	1.0	0.3330000000000002	2.667	1.0
115	2.0	0.0	2.0	0.0	1.3360000000000003	4.664	2.0
116	3.0	0.0	2.0	0.0	3.0	6.0	2.0
117	1.0	0.0	0.0	0.0	1.0	2.0	0.0
118	1.0	0.0	1.0	0.0	0.3330000000000002	2.667	1.0
119	1.0	0.0	1.0	0.0	0.3330000000000002	2.667	1.0
120	2.0	0.0	0.0	0.0	2.0	4.0	0.0
121	1.0	0.0	1.0	0.0	1.0	2.0	1.0
122	2.0	0.0	2.0	0.0	2.0	4.0	2.0
123	2.0	0.0	1.0	0.0	2.0	4.0	1.0
124	1.0	0.0	1.0	0.0	0.3330000000000002	2.667	1.0
125	2.0	4.0	2.0	3.0	2.6660000000000004	9.334	3.0
126	0.0	1.0	0.0	1.0	0.3330000000000002	2.667	1.0
127	0.0	1.0	0.0	1.0	1.0	2.0	1.0
128	0.0	1.0	0.0	1.0	1.0	2.0	1.0
129	0.0	2.0	0.0	2.0	1.0	2.0	1.0
130	1.0	2.0	0.0	1.0	1.3330000000000002	4.667	1.0
131	0.0	0.0	0.0	0.0	0.0	0.0	0.0
132	0.0	0.0	0.0	0.0	0.0	0.0	0.0
133	0.0	0.0	0.0	0.0	0.0	0.0	0.0
134	0.0	0.0	0.0	0.0	0.0	0.0	0.0
135	0.0	0.0	0.0	0.0	0.0	0.0	0.0
136	0.0	0.0	0.0	0.0	0.0	0.0	0.0
137	2.0	1.0	1.0	1.0	0.9990000000000006	8.001	2.0
138	0.0	1.0	0.0	1.0	0.3330000000000002	2.667	1.0
139	2.0	3.0	2.0	2.0	2.333	6.667	2.0
140	2.0	1.0	2.0	1.0	1.6660000000000004	7.334	3.0
141	2.0	3.0	1.0	3.0	2.668	6.332	2.0
142	1.0	4.0	1.0	4.0	2.0010000000000003	6.999	3.0
143	2.0	0.0	2.0	0.0	0.6660000000000004	5.334	2.0
144	1.0	0.0	1.0	0.0	0.3330000000000002	2.667	1.0
145	0.0	0.0	0.0	0.0	0.0	0.0	0.0
146	0.0	0.0	0.0	0.0	0.0	0.0	0.0
147	0.0	3.0	0.0	1.0	2.333	6.667	1.0
148	2.0	0.0	2.0	0.0	2.0	4.0	2.0
149	3.0	0.0	2.0	0.0	3.0	6.0	2.0
150	1.0	0.0	1.0	0.0	1.0	2.0	1.0
151	1.0	0.0	0.0	0.0	0.3330000000000002	2.667	0.0
152	1.0	0.0	1.0	0.0	0.3330000000000002	2.667	1.0
153	2.0	5.0	1.0	3.0	7.0680000000000005	13.931999999999999	4.0
154	2.0	3.0	1.0	3.0	2.333	6.667	2.0
155	2.0	0.0	2.0	0.0	2.0	4.0	2.0
156	3.0	3.0	2.0	1.0	5.0	10.0	2.0
157	2.0	0.0	2.0	0.0	2.0	4.0	2.0
158	2.0	0.0	0.0	0.0	2.0	4.0	0.0
159	1.0	0.0	1.0	0.0	0.3330000000000002	2.667	1.0
160	1.0	3.0	1.0	2.0	4.0	8.0	3.0
161	1.0	3.0	1.0	2.0	1.6680000000000001	4.332	1.0
162	2.0	0.0	2.0	0.0	2.0	4.0	2.0
163	1.0	2.0	1.0	2.0	1.3330000000000002	4.667	2.0
164	1.0	1.0	0.0	1.0	1.0010000000000003	4.999	1.0
165	3.0	0.0	1.0	0.0	0.9990000000000006	8.001	1.0
166	2.0	0.0	2.0	0.0	2.0	4.0	2.0
167	3.0	0.0	1.0	0.0	3.0	6.0	1.0
168	2.0	0.0	1.0	0.0	2.0	4.0	1.0
169	3.0	1.0	3.0	1.0	2.333	6.667	3.0
170	0.0	0.0	0.0	0.0	0.0	0.0	0.0
171	3.0	0.0	3.0	0.0	3.0	6.0	3.0
172	0.0	2.0	0.0	2.0	2.0	4.0	2.0
173	1.0	0.0	0.0	0.0	0.3330000000000002	2.667	0.0
174	2.0	3.0	2.0	1.0	2.3320000000000007	12.668	3.0
175	2.0	0.0	2.0	0.0	0.6660000000000004	5.334	2.0
176	2.0	0.0	2.0	0.0	2.0	4.0	2.0
177	1.0	0.0	0.0	0.0	0.3330000000000002	2.667	0.0
178	2.0	1.0	1.0	1.0	2.0660000000000003	6.933999999999999	2.0
179	3.0	0.0	2.0	0.0	3.0	6.0	2.0
180	1.0	0.0	1.0	0.0	0.3330000000000002	2.667	1.0
181	1.0	1.0	1.0	1.0	1.6680000000000001	4.332	2.0
182	3.0	0.0	2.0	0.0	3.0	6.0	2.0
183	1.0	0.0	1.0	0.0	1.0	2.0	1.0
184	2.0	0.0	2.0	0.0	2.0	4.0	2.0
185	3.0	0.0	2.0	0.0	3.0	6.0	2.0
186	2.0	1.0	0.0	1.0	2.333	6.667	1.0
187	3.0	0.0	3.0	0.0	3.0	6.0	3.0
188	1.0	0.0	1.0	0.0	1.0	2.0	1.0
189	0.0	0.0	0.0	0.0	0.0	0.0	0.0
190	0.0	1.0	0.0	1.0	1.0	2.0	1.0
191	1.0	1.0	1.0	1.0	0.3330000000000002	2.667	1.0
192	2.0	0.0	0.0	0.0	0.6660000000000004	5.334	0.0
193	1.0	0.0	1.0	0.0	1.0	2.0	1.0
194	3.0	0.0	1.0	0.0	3.0	6.0	1.0
195	0.0	0.0	0.0	0.0	0.0	0.0	0.0
196	2.0	0.0	1.0	0.0	0.6660000000000004	5.334	1.0
197	0.0	0.0	0.0	0.0	0.0	0.0	0.0
198	3.0	0.0	3.0	0.0	3.0	6.0	3.0
199	3.0	0.0	1.0	0.0	2.736	6.263999999999999	1.0
200	3.0	0.0	3.0	0.0	3.0	6.0	3.0
201	2.0	2.0	1.0	0.0	4.0	8.0	1.0
202	2.0	0.0	0.0	0.0	2.0	4.0	0.0
203	0.0	0.0	0.0	0.0	0.0	0.0	0.0
204	3.0	0.0	1.0	0.0	3.0	6.0	1.0
205	2.0	1.0	2.0	1.0	3.0	6.0	3.0
206	4.0	0.0	4.0	0.0	2.3360000000000003	6.664	3.0
207	3.0	3.0	2.0	3.0	3.6660000000000004	11.334	4.0
208	1.0	3.0	1.0	2.0	1.6660000000000004	7.334	2.0
209	0.0	1.0	0.0	1.0	0.3330000000000002	2.667	1.0
210	2.0	4.0	1.0	2.0	4.333	10.667	3.0
211	2.0	1.0	1.0	0.0	1.6690000000000005	7.3309999999999995	1.0
212	2.0	0.0	1.0	0.0	2.0	4.0	1.0
213	3.0	1.0	2.0	1.0	3.333	8.667	3.0
214	1.0	0.0	0.0	0.0	0.3330000000000002	2.667	0.0
215	2.0	0.0	2.0	0.0	2.0	4.0	2.0
216	3.0	0.0	1.0	0.0	2.736	6.263999999999999	1.0
217	1.0	0.0	0.0	0.0	1.0	2.0	0.0
218	2.0	0.0	2.0	0.0	0.6660000000000004	5.334	2.0
219	2.0	0.0	1.0	0.0	1.6680000000000001	4.332	1.0
220	1.0	0.0	1.0	0.0	0.3330000000000002	2.667	1.0
221	4.0	2.0	2.0	2.0	5.336	12.664000000000001	4.0
222	4.0	0.0	3.0	0.0	4.468	7.532	3.0
223	1.0	0.0	0.0	0.0	0.3330000000000002	2.667	0.0
224	1.0	0.0	1.0	0.0	1.0	2.0	1.0
225	1.0	0.0	1.0	0.0	0.3330000000000002	2.667	1.0
226	1.0	1.0	1.0	1.0	1.3330000000000002	4.667	2.0
227	3.0	0.0	3.0	0.0	0.9990000000000006	8.001	3.0
228	1.0	0.0	1.0	0.0	1.0	2.0	1.0
229	2.0	0.0	2.0	0.0	0.6660000000000004	5.334	2.0
230	1.0	0.0	0.0	0.0	1.0	2.0	0.0
231	0.0	0.0	0.0	0.0	0.0	0.0	0.0
232	1.0	3.0	1.0	1.0	2.333	6.667	1.0
233	1.0	0.0	0.0	0.0	0.6680000000000001	2.332	0.0
234	1.0	2.0	1.0	2.0	2.0	4.0	2.0
235	1.0	2.0	1.0	2.0	1.3330000000000002	4.667	2.0
236	5.0	0.0	1.0	0.0	4.404	10.596	1.0
237	1.0	0.0	1.0	0.0	0.3330000000000002	2.667	1.0
238	1.0	1.0	1.0	1.0	0.6660000000000004	5.334	2.0
239	1.0	0.0	1.0	0.0	1.0	2.0	1.0
240	2.0	0.0	2.0	0.0	0.6660000000000004	5.334	2.0
241	3.0	0.0	1.0	0.0	3.4	5.6	1.0
242	2.0	0.0	1.0	0.0	2.0	4.0	1.0
243	1.0	0.0	1.0	0.0	0.6680000000000001	2.332	1.0
244	0.0	0.0	0.0	0.0	0.0	0.0	0.0
245	2.0	0.0	2.0	0.0	2.0	4.0	2.0
246	1.0	0.0	1.0	0.0	0.3330000000000002	2.667	1.0
247	1.0	0.0	1.0	0.0	0.3330000000000002	2.667	1.0
248	2.0	0.0	2.0	0.0	2.0	4.0	2.0
249	3.0	0.0	3.0	0.0	0.9990000000000006	8.001	3.0
250	2.0	0.0	1.0	0.0	2.0	4.0	1.0
251	1.0	0.0	1.0	0.0	0.3330000000000002	2.667	1.0
252	2.0	0.0	2.0	0.0	1.3360000000000003	4.664	2.0
253	2.0	0.0	2.0	0.0	2.0	4.0	2.0
254	3.0	0.0	2.0	0.0	3.0	6.0	2.0
255	0.0	0.0	0.0	0.0	0.0	0.0	0.0
256	2.0	0.0	1.0	0.0	2.0	4.0	1.0
257	1.0	0.0	0.0	0.0	0.3330000000000002	2.667	0.0
258	2.0	0.0	2.0	0.0	0.6660000000000004	5.334	2.0
259	1.0	4.0	1.0	3.0	3.668	8.332	3.0
260	1.0	0.0	0.0	0.0	0.3330000000000002	2.667	0.0
261	2.0	2.0	1.0	2.0	4.0	8.0	3.0
262	0.0	3.0	0.0	2.0	1.6660000000000004	7.334	2.0
263	1.0	6.0	1.0	4.0	3.733	11.267	3.0
264	3.0	4.0	2.0	4.0	5.0	10.0	4.0
265	0.0	0.0	0.0	0.0	0.0	0.0	0.0
266	0.0	0.0	0.0	0.0	0.0	0.0	0.0
267	3.0	3.0	2.0	3.0	5.0	10.0	4.0
268	0.0	1.0	0.0	1.0	1.0	2.0	1.0
269	2.0	2.0	2.0	2.0	1.3330000000000002	4.667	2.0
270	3.0	0.0	3.0	0.0	3.0	6.0	3.0
271	2.0	2.0	1.0	2.0	3.0	6.0	2.0
272	0.0	2.0	0.0	0.0	0.6660000000000004	5.334	0.0
273	0.0	0.0	0.0	0.0	0.0	0.0	0.0
274	4.0	1.0	3.0	1.0	4.0	8.0	3.0
275	2.0	1.0	1.0	1.0	1.6660000000000004	7.334	2.0
276	2.0	2.0	1.0	2.0	3.333	8.667	3.0
277	4.0	3.0	1.0	2.0	3.6670000000000007	14.332999999999998	3.0
278	2.0	2.0	1.0	0.0	1.3340000000000005	7.6659999999999995	1.0
279	0.0	3.0	0.0	3.0	3.068	5.932	3.0
280	3.0	0.0	1.0	0.0	3.0	6.0	1.0
281	1.0	0.0	0.0	0.0	0.3330000000000002	2.667	0.0
282	1.0	0.0	1.0	0.0	0.3330000000000002	2.667	1.0
283	3.0	0.0	2.0	0.0	3.0	6.0	2.0
284	0.0	0.0	0.0	0.0	0.0	0.0	0.0
285	1.0	0.0	0.0	0.0	1.0	2.0	0.0
286	0.0	0.0	0.0	0.0	0.0	0.0	0.0
287	2.0	0.0	2.0	0.0	2.0	4.0	2.0
288	2.0	0.0	2.0	0.0	2.0	4.0	2.0
289	0.0	0.0	0.0	0.0	0.0	0.0	0.0
290	0.0	0.0	0.0	0.0	0.0	0.0	0.0
291	2.0	0.0	2.0	0.0	2.0	4.0	2.0
292	1.0	0.0	1.0	0.0	0.3330000000000002	2.667	1.0
293	2.0	4.0	1.0	3.0	1.6660000000000004	7.334	2.0
294	1.0	1.0	1.0	1.0	1.6680000000000001	4.332	2.0
295	2.0	0.0	0.0	0.0	0.6660000000000004	5.334	0.0
296	0.0	0.0	0.0	0.0	0.0	0.0	0.0
297	2.0	0.0	0.0	0.0	0.6660000000000004	5.334	0.0
298	0.0	0.0	0.0	0.0	0.0	0.0	0.0
299	1.0	0.0	1.0	0.0	0.3330000000000002	2.667	1.0
300	3.0	1.0	3.0	1.0	2.333	6.667	3.0
301	1.0	1.0	1.0	1.0	0.6660000000000004	5.334	2.0
302	2.0	0.0	1.0	0.0	2.0	4.0	1.0
303	0.0	1.0	0.0	0.0	0.6680000000000001	2.332	0.0
304	1.0	1.0	1.0	1.0	1.0	2.0	1.0
305	1.0	2.0	1.0	2.0	0.6660000000000004	5.334	2.0
306	3.0	3.0	2.0	2.0	5.333	12.667	4.0
307	3.0	0.0	1.0	0.0	3.0	6.0	1.0
308	3.0	0.0	2.0	0.0	3.0	6.0	2.0
309	1.0	0.0	0.0	0.0	0.3330000000000002	2.667	0.0
310	3.0	4.0	2.0	4.0	3.333	8.667	3.0
311	3.0	0.0	1.0	0.0	3.0	6.0	1.0
312	2.0	0.0	1.0	0.0	2.0	4.0	1.0
313	2.0	1.0	1.0	1.0	1.3340000000000005	7.6659999999999995	2.0
314	2.0	0.0	1.0	0.0	0.6660000000000004	5.334	1.0
315	2.0	0.0	1.0	0.0	2.0	4.0	1.0
316	0.0	0.0	0.0	0.0	0.0	0.0	0.0
317	1.0	7.0	1.0	5.0	3.6670000000000007	14.332999999999998	5.0
318	1.0	0.0	1.0	0.0	0.3330000000000002	2.667	1.0
319	4.0	0.0	2.0	0.0	4.0	8.0	2.0
320	2.0	4.0	1.0	4.0	1.6660000000000004	10.334	3.0
321	1.0	3.0	1.0	1.0	2.6660000000000004	9.334	2.0
322	3.0	7.0	3.0	4.0	5.332000000000001	18.668	5.0
323	3.0	4.0	3.0	2.0	4.666	13.334	4.0
324	0.0	4.0	0.0	2.0	1.9990000000000006	10.001	2.0
325	0.0	3.0	0.0	3.0	0.6660000000000004	5.334	2.0
326	1.0	4.0	1.0	2.0	2.6660000000000004	9.334	2.0
327	1.0	3.0	0.0	0.0	1.3330000000000002	4.667	0.0
328	0.0	4.0	0.0	2.0	1.9990000000000006	10.001	2.0
329	1.0	3.0	0.0	0.0	2.0	7.0	0.0
330	1.0	2.0	0.0	0.0	1.0	2.0	0.0
331	0.0	2.0	0.0	0.0	0.3330000000000002	2.667	0.0
332	2.0	4.0	1.0	3.0	1.665000000000001	13.334999999999999	4.0
333	3.0	3.0	2.0	1.0	1.9990000000000006	10.001	2.0
334	1.0	4.0	1.0	1.0	3.6660000000000004	11.334	2.0
335	2.0	4.0	2.0	3.0	4.333	10.667	4.0
336	3.0	3.0	1.0	2.0	2.9990000000000006	12.001	3.0
337	3.0	3.0	1.0	2.0	2.9990000000000006	12.001	3.0
338	3.0	2.0	0.0	1.0	3.333	8.667	1.0
339	4.0	4.0	3.0	2.0	4.666	13.334	4.0
340	3.0	3.0	2.0	1.0	6.0	12.0	3.0
341	3.0	5.0	1.0	3.0	5.0	10.0	3.0
342	1.0	4.0	0.0	3.0	2.333	6.667	2.0
343	0.0	3.0	0.0	2.0	1.3330000000000002	4.667	1.0
344	0.0	0.0	0.0	0.0	0.0	0.0	0.0
345	1.0	2.0	1.0	0.0	0.9990000000000006	8.001	1.0
346	2.0	1.0	2.0	1.0	1.0	2.0	1.0
347	0.0	2.0	0.0	1.0	0.6660000000000004	5.334	1.0
348	3.0	2.0	2.0	2.0	4.333	10.667	4.0
349	1.0	1.0	1.0	1.0	1.0010000000000003	4.999	2.0
350	1.0	0.0	1.0	0.0	0.3330000000000002	2.667	1.0
351	1.0	0.0	1.0	0.0	0.3330000000000002	2.667	1.0
352	1.0	0.0	0.0	0.0	0.3330000000000002	2.667	0.0
353	1.0	1.0	0.0	0.0	0.6680000000000001	2.332	0.0
354	1.0	0.0	1.0	0.0	0.3330000000000002	2.667	1.0
355	1.0	0.0	1.0	0.0	0.3330000000000002	2.667	1.0
356	0.0	0.0	0.0	0.0	0.0	0.0	0.0
357	0.0	0.0	0.0	0.0	0.0	0.0	0.0
358	2.0	0.0	2.0	0.0	0.6660000000000004	5.334	2.0
359	3.0	0.0	2.0	0.0	0.9990000000000006	8.001	2.0
360	1.0	0.0	1.0	0.0	0.3330000000000002	2.667	1.0
361	2.0	0.0	2.0	0.0	1.0	2.0	1.0
362	3.0	0.0	3.0	0.0	0.9990000000000006	8.001	3.0
363	2.0	0.0	2.0	0.0	2.0	4.0	2.0
364	2.0	0.0	2.0	0.0	1.0	2.0	1.0
365	1.0	0.0	1.0	0.0	0.3330000000000002	2.667	1.0
366	0.0	0.0	0.0	0.0	0.0	0.0	0.0
367	0.0	0.0	0.0	0.0	0.0	0.0	0.0
368	1.0	0.0	1.0	0.0	0.3330000000000002	2.667	1.0
369	2.0	0.0	2.0	0.0	1.0	2.0	1.0
370	1.0	0.0	1.0	0.0	0.3330000000000002	2.667	1.0
371	3.0	2.0	3.0	1.0	3.7990000000000004	11.200999999999999	4.0
372	1.0	0.0	1.0	0.0	1.0	2.0	1.0
373	0.0	0.0	0.0	0.0	0.0	0.0	0.0
374	2.0	0.0	2.0	0.0	2.0	4.0	2.0
375	2.0	0.0	1.0	0.0	0.6660000000000004	5.334	1.0
376	3.0	0.0	0.0	0.0	3.0	6.0	0.0
377	1.0	0.0	1.0	0.0	1.0	2.0	1.0
378	1.0	1.0	1.0	1.0	1.6680000000000001	4.332	2.0
379	2.0	0.0	2.0	0.0	2.0	4.0	2.0
380	0.0	0.0	0.0	0.0	0.0	0.0	0.0
381	1.0	0.0	0.0	0.0	0.3330000000000002	2.667	0.0
382	1.0	0.0	0.0	0.0	0.6680000000000001	2.332	0.0
383	2.0	0.0	2.0	0.0	0.6660000000000004	5.334	2.0
384	1.0	3.0	0.0	2.0	3.0	9.0	2.0
385	1.0	0.0	1.0	0.0	0.3330000000000002	2.667	1.0
386	0.0	0.0	0.0	0.0	0.0	0.0	0.0
387	0.0	0.0	0.0	0.0	0.0	0.0	0.0
388	2.0	0.0	1.0	0.0	0.6660000000000004	5.334	1.0
389	3.0	0.0	2.0	0.0	3.0	6.0	2.0
390	0.0	0.0	0.0	0.0	0.0	0.0	0.0
391	0.0	1.0	0.0	1.0	1.0	2.0	1.0
392	0.0	0.0	0.0	0.0	0.0	0.0	0.0
393	0.0	1.0	0.0	1.0	1.0	2.0	1.0
394	2.0	2.0	1.0	2.0	3.668	8.332	3.0
395	2.0	0.0	2.0	0.0	2.0	4.0	2.0
396	2.0	1.0	2.0	1.0	3.0	6.0	3.0
397	1.0	0.0	0.0	0.0	1.0	2.0	0.0
398	0.0	0.0	0.0	0.0	0.0	0.0	0.0
399	0.0	0.0	0.0	0.0	0.0	0.0	0.0
400	0.0	0.0	0.0	0.0	0.0	0.0	0.0
401	0.0	0.0	0.0	0.0	0.0	0.0	0.0
402	2.0	1.0	2.0	1.0	2.333	6.667	3.0
403	2.0	2.0	1.0	0.0	4.0	8.0	1.0
404	2.0	0.0	2.0	0.0	2.0	4.0	2.0
405	1.0	0.0	1.0	0.0	0.3330000000000002	2.667	1.0
406	2.0	0.0	2.0	0.0	2.0	4.0	2.0
407	2.0	0.0	1.0	0.0	2.0	4.0	1.0
408	3.0	0.0	2.0	0.0	3.0	6.0	2.0
409	2.0	1.0	2.0	1.0	1.3330000000000002	4.667	2.0
410	4.0	0.0	2.0	0.0	4.0	8.0	2.0
411	2.0	0.0	0.0	0.0	2.0	4.0	0.0
412	3.0	0.0	2.0	0.0	3.0	6.0	2.0
413	0.0	0.0	0.0	0.0	0.0	0.0	0.0
414	3.0	0.0	2.0	0.0	3.0	6.0	2.0
415	2.0	1.0	1.0	1.0	2.4	3.6	1.0
416	0.0	0.0	0.0	0.0	0.0	0.0	0.0
417	0.0	0.0	0.0	0.0	0.0	0.0	0.0
418	0.0	0.0	0.0	0.0	0.0	0.0	0.0
419	3.0	0.0	2.0	0.0	2.668	6.332	2.0
420	3.0	0.0	2.0	0.0	3.0	6.0	2.0
421	2.0	0.0	2.0	0.0	0.6660000000000004	5.334	2.0
422	0.0	0.0	0.0	0.0	0.0	0.0	0.0
423	1.0	0.0	1.0	0.0	0.3330000000000002	2.667	1.0
424	2.0	0.0	2.0	0.0	1.6680000000000001	4.332	2.0
425	3.0	0.0	1.0	0.0	2.3360000000000003	6.664	1.0
426	2.0	0.0	1.0	0.0	0.6660000000000004	5.334	1.0
427	1.0	0.0	1.0	0.0	1.0	2.0	1.0
428	2.0	0.0	1.0	0.0	2.0	4.0	1.0
429	2.0	0.0	2.0	0.0	1.3360000000000003	4.664	2.0
430	4.0	0.0	2.0	0.0	4.8	7.2	2.0
431	1.0	0.0	0.0	0.0	0.3330000000000002	2.667	0.0
432	0.0	1.0	0.0	1.0	0.6680000000000001	2.332	1.0
433	2.0	0.0	1.0	0.0	1.3360000000000003	4.664	1.0
434	0.0	0.0	0.0	0.0	0.0	0.0	0.0
435	1.0	0.0	1.0	0.0	0.3330000000000002	2.667	1.0
436	2.0	0.0	2.0	0.0	0.6660000000000004	5.334	2.0
437	2.0	0.0	1.0	0.0	2.8	3.2	1.0
438	1.0	3.0	1.0	2.0	1.3340000000000005	7.6659999999999995	2.0
439	1.0	2.0	1.0	2.0	0.6660000000000004	5.334	2.0
440	2.0	1.0	2.0	1.0	3.0	6.0	3.0
441	3.0	2.0	2.0	2.0	5.0	10.0	4.0
442	1.0	0.0	1.0	0.0	0.3330000000000002	2.667	1.0
443	1.0	2.0	1.0	2.0	1.0	2.0	1.0
444	2.0	0.0	2.0	0.0	2.0	4.0	2.0
445	0.0	2.0	0.0	2.0	0.3330000000000002	2.667	1.0
446	1.0	1.0	1.0	1.0	0.6660000000000004	5.334	2.0
447	2.0	1.0	2.0	1.0	1.6680000000000001	4.332	2.0
448	2.0	0.0	2.0	0.0	2.0	4.0	2.0
449	0.0	1.0	0.0	1.0	1.0	2.0	1.0
450	3.0	0.0	2.0	0.0	3.0	6.0	2.0
451	1.0	1.0	1.0	1.0	0.6660000000000004	5.334	2.0
452	1.0	0.0	0.0	0.0	0.3330000000000002	2.667	0.0
453	2.0	0.0	2.0	0.0	2.4	3.6	2.0
454	2.0	0.0	2.0	0.0	0.6660000000000004	5.334	2.0
455	2.0	0.0	0.0	0.0	1.0	2.0	0.0
456	3.0	0.0	3.0	0.0	3.0	6.0	3.0
457	2.0	0.0	2.0	0.0	2.0	4.0	2.0
458	0.0	0.0	0.0	0.0	0.0	0.0	0.0
459	0.0	0.0	0.0	0.0	0.0	0.0	0.0
460	1.0	1.0	1.0	1.0	1.0	2.0	1.0
461	1.0	0.0	1.0	0.0	0.3330000000000002	2.667	1.0
462	1.0	0.0	1.0	0.0	0.6680000000000001	2.332	1.0
463	2.0	1.0	1.0	0.0	3.0	6.0	1.0
464	2.0	0.0	1.0	0.0	0.6660000000000004	5.334	1.0
465	2.0	0.0	0.0	0.0	2.4	3.6	0.0
466	4.0	1.0	2.0	1.0	3.668	8.332	2.0
467	2.0	0.0	2.0	0.0	2.0	4.0	2.0
468	4.0	0.0	2.0	0.0	3.068	5.932	1.0
469	1.0	0.0	1.0	0.0	1.0	2.0	1.0
470	1.0	0.0	0.0	0.0	0.3330000000000002	2.667	0.0
471	2.0	0.0	1.0	0.0	0.6660000000000004	5.334	1.0
472	3.0	0.0	2.0	0.0	4.199999999999999	4.800000000000001	2.0
473	3.0	0.0	2.0	0.0	3.0	6.0	2.0
474	2.0	0.0	1.0	0.0	2.0	4.0	1.0
475	3.0	0.0	2.0	0.0	3.0	6.0	2.0
476	1.0	0.0	0.0	0.0	1.0	2.0	0.0
477	2.0	0.0	2.0	0.0	2.0	4.0	2.0
478	2.0	0.0	0.0	0.0	0.6660000000000004	5.334	0.0
479	1.0	0.0	1.0	0.0	0.3330000000000002	2.667	1.0
480	2.0	1.0	0.0	0.0	3.0	6.0	0.0
481	1.0	0.0	0.0	0.0	0.6680000000000001	2.332	0.0
482	2.0	0.0	1.0	0.0	1.6680000000000001	4.332	1.0
483	2.0	0.0	2.0	0.0	0.6660000000000004	5.334	2.0
484	1.0	0.0	0.0	0.0	0.3330000000000002	2.667	0.0
485	2.0	0.0	1.0	0.0	0.6660000000000004	5.334	1.0
486	2.0	0.0	0.0	0.0	2.0	4.0	0.0
487	2.0	0.0	1.0	0.0	2.4	3.6	1.0
488	1.0	1.0	1.0	0.0	2.0	4.0	1.0
489	2.0	0.0	0.0	0.0	0.6660000000000004	5.334	0.0
490	0.0	0.0	0.0	0.0	0.0	0.0	0.0
491	3.0	0.0	2.0	0.0	3.0	6.0	2.0
492	4.0	0.0	4.0	0.0	4.868	7.132	4.0
493	2.0	0.0	2.0	0.0	1.6680000000000001	4.332	2.0
494	2.0	0.0	1.0	0.0	2.0	4.0	1.0
495	2.0	0.0	1.0	0.0	1.3360000000000003	4.664	1.0
496	1.0	0.0	1.0	0.0	1.0	2.0	1.0
497	1.0	0.0	1.0	0.0	1.0	2.0	1.0
498	2.0	0.0	2.0	0.0	2.0	4.0	2.0
499	3.0	0.0	0.0	0.0	3.4	5.6	0.0
500	2.0	0.0	1.0	0.0	2.0	4.0	1.0
501	1.0	0.0	1.0	0.0	1.0	2.0	1.0
502	3.0	2.0	1.0	1.0	5.0	10.0	2.0
503	1.0	1.0	1.0	1.0	1.0010000000000003	4.999	2.0
504	2.0	2.0	2.0	0.0	1.9990000000000006	10.001	2.0
505	1.0	0.0	1.0	0.0	1.0	2.0	1.0
506	1.0	1.0	1.0	1.0	1.3330000000000002	4.667	2.0
507	3.0	2.0	1.0	2.0	3.333	8.667	2.0
508	1.0	2.0	0.0	1.0	1.3340000000000005	7.6659999999999995	1.0
509	4.0	0.0	2.0	0.0	2.3360000000000003	6.664	2.0
510	4.0	0.0	2.0	0.0	3.668	8.332	2.0
511	1.0	1.0	0.0	1.0	1.0010000000000003	4.999	1.0
512	0.0	3.0	0.0	3.0	0.6660000000000004	5.334	2.0
513	0.0	0.0	0.0	0.0	0.0	0.0	0.0
514	3.0	1.0	2.0	1.0	2.0	7.0	2.0
515	1.0	1.0	1.0	1.0	0.6660000000000004	5.334	2.0
516	3.0	0.0	2.0	0.0	3.0	6.0	2.0
517	3.0	1.0	1.0	1.0	1.3320000000000007	10.668	2.0
518	2.0	0.0	2.0	0.0	2.0	4.0	2.0
519	1.0	0.0	0.0	0.0	1.0	2.0	0.0
520	3.0	1.0	2.0	1.0	4.0	8.0	3.0
521	4.0	5.0	2.0	4.0	5.336	15.664000000000001	4.0
522	2.0	0.0	1.0	0.0	0.6660000000000004	5.334	1.0
523	4.0	0.0	3.0	0.0	4.0	8.0	3.0
524	3.0	0.0	1.0	0.0	3.0	6.0	1.0
525	2.0	1.0	0.0	1.0	1.6660000000000004	7.334	1.0
526	1.0	1.0	1.0	0.0	1.6680000000000001	4.332	1.0
527	1.0	0.0	1.0	0.0	0.3330000000000002	2.667	1.0
528	4.0	0.0	3.0	0.0	2.668	6.332	2.0
529	2.0	0.0	1.0	0.0	2.4	3.6	1.0
530	2.0	0.0	2.0	0.0	2.0	4.0	2.0
531	2.0	0.0	2.0	0.0	2.4	3.6	2.0
532	2.0	0.0	2.0	0.0	0.6660000000000004	5.334	2.0
533	0.0	0.0	0.0	0.0	0.0	0.0	0.0
534	1.0	0.0	1.0	0.0	0.3330000000000002	2.667	1.0
535	0.0	0.0	0.0	0.0	0.0	0.0	0.0
536	2.0	2.0	1.0	2.0	3.068	5.932	2.0
537	2.0	0.0	2.0	0.0	2.0	4.0	2.0
538	3.0	2.0	1.0	2.0	4.0	8.0	2.0
539	2.0	1.0	2.0	1.0	0.9990000000000006	8.001	3.0
540	1.0	0.0	1.0	0.0	1.0	2.0	1.0
541	0.0	0.0	0.0	0.0	0.0	0.0	0.0
542	0.0	1.0	0.0	0.0	0.6680000000000001	2.332	0.0
543	1.0	0.0	1.0	0.0	0.3330000000000002	2.667	1.0
544	3.0	2.0	2.0	2.0	3.3360000000000003	8.664	3.0
545	3.0	0.0	2.0	0.0	0.9990000000000006	8.001	2.0
546	1.0	0.0	1.0	0.0	1.4	1.6	1.0
547	1.0	0.0	1.0	0.0	0.3330000000000002	2.667	1.0
548	0.0	2.0	0.0	2.0	2.0	4.0	2.0
549	1.0	0.0	1.0	0.0	0.3330000000000002	2.667	1.0
550	1.0	0.0	1.0	0.0	1.0	2.0	1.0
551	0.0	0.0	0.0	0.0	0.0	0.0	0.0
552	3.0	0.0	2.0	0.0	2.668	6.332	2.0
553	1.0	0.0	1.0	0.0	1.0	2.0	1.0
554	2.0	0.0	2.0	0.0	2.8	3.2	2.0
555	2.0	1.0	2.0	1.0	1.0010000000000003	4.999	2.0
556	1.0	2.0	1.0	2.0	0.3330000000000002	2.667	1.0
557	1.0	0.0	1.0	0.0	1.4	1.6	1.0
558	2.0	0.0	2.0	0.0	0.6660000000000004	5.334	2.0
559	3.0	2.0	1.0	1.0	4.0	8.0	1.0
560	3.0	0.0	2.0	0.0	3.0	6.0	2.0
561	3.0	1.0	2.0	1.0	3.0	9.0	3.0
562	3.0	2.0	2.0	0.0	4.0040000000000004	10.995999999999999	2.0
563	3.0	3.0	2.0	2.0	4.0	8.0	2.0
564	2.0	1.0	2.0	1.0	1.733	4.2669999999999995	2.0
565	2.0	0.0	1.0	0.0	2.0	4.0	1.0
566	1.0	1.0	0.0	1.0	1.3330000000000002	4.667	1.0
567	4.0	1.0	2.0	1.0	4.4	7.6	2.0
568	2.0	3.0	1.0	2.0	4.0	8.0	3.0
569	1.0	4.0	0.0	3.0	3.6660000000000004	11.334	3.0
570	3.0	1.0	1.0	1.0	4.0	8.0	2.0
571	3.0	3.0	1.0	3.0	4.333	10.667	3.0
572	3.0	2.0	2.0	2.0	1.6660000000000004	7.334	2.0
573	1.0	1.0	0.0	0.0	0.6660000000000004	5.334	0.0
574	1.0	3.0	0.0	2.0	2.0	4.0	1.0
575	2.0	3.0	1.0	3.0	1.9990000000000006	10.001	3.0
576	3.0	2.0	3.0	2.0	2.333	6.667	3.0
577	1.0	1.0	1.0	1.0	1.0	2.0	1.0
578	3.0	5.0	2.0	5.0	3.6660000000000004	11.334	4.0
579	2.0	1.0	1.0	1.0	1.6660000000000004	7.334	2.0
580	1.0	2.0	1.0	2.0	1.3330000000000002	4.667	2.0
581	2.0	0.0	1.0	0.0	2.068	3.932	1.0
582	3.0	0.0	2.0	0.0	2.068	3.932	1.0
583	3.0	1.0	1.0	1.0	3.0	6.0	1.0
584	1.0	0.0	1.0	0.0	0.3330000000000002	2.667	1.0
585	2.0	2.0	0.0	2.0	3.0	6.0	1.0
586	3.0	0.0	2.0	0.0	3.0	6.0	2.0
587	1.0	3.0	0.0	2.0	0.9990000000000006	8.001	2.0
588	2.0	2.0	2.0	1.0	1.3320000000000007	10.668	3.0
589	2.0	2.0	2.0	2.0	1.6660000000000004	7.334	3.0
590	4.0	3.0	3.0	3.0	2.6660000000000004	9.334	3.0
591	3.0	2.0	3.0	2.0	2.333	6.667	3.0
592	2.0	1.0	1.0	1.0	0.9990000000000006	8.001	2.0
593	0.0	1.0	0.0	1.0	0.6680000000000001	2.332	1.0
594	2.0	4.0	2.0	2.0	5.0	10.0	3.0
595	2.0	7.0	2.0	4.0	4.399000000000001	13.600999999999999	4.0
596	3.0	0.0	1.0	0.0	3.0	6.0	1.0
597	3.0	4.0	2.0	4.0	4.0	11.0	4.0
598	2.0	0.0	1.0	0.0	2.4	3.6	1.0
599	0.0	0.0	0.0	0.0	0.0	0.0	0.0
600	1.0	0.0	1.0	0.0	1.0	2.0	1.0
601	0.0	0.0	0.0	0.0	0.0	0.0	0.0
602	2.0	0.0	2.0	0.0	2.0	4.0	2.0
603	2.0	1.0	2.0	1.0	1.6680000000000001	4.332	2.0
604	3.0	0.0	1.0	0.0	3.0	6.0	1.0
605	2.0	1.0	1.0	1.0	0.9990000000000006	8.001	2.0
606	4.0	0.0	4.0	0.0	3.3360000000000003	8.664	4.0
607	4.0	0.0	4.0	0.0	2.3360000000000003	6.664	3.0
608	4.0	1.0	1.0	0.0	5.0	10.0	1.0
609	3.0	0.0	2.0	0.0	3.0	6.0	2.0
610	2.0	1.0	1.0	1.0	3.0	6.0	2.0
611	3.0	1.0	3.0	1.0	3.0	6.0	3.0
612	3.0	0.0	1.0	0.0	3.8	5.2	1.0
613	1.0	0.0	0.0	0.0	0.3330000000000002	2.667	0.0
614	3.0	0.0	1.0	0.0	2.736	6.263999999999999	1.0
615	4.0	2.0	3.0	1.0	5.0680000000000005	9.931999999999999	3.0
616	2.0	1.0	1.0	1.0	0.9990000000000006	8.001	2.0
617	4.0	1.0	3.0	1.0	3.3360000000000003	8.664	3.0
618	2.0	0.0	1.0	0.0	2.0	4.0	1.0
619	2.0	1.0	1.0	1.0	1.3330000000000002	4.667	1.0
620	2.0	1.0	2.0	1.0	1.6680000000000001	4.332	2.0
621	1.0	2.0	1.0	2.0	0.6660000000000004	5.334	2.0
622	2.0	1.0	2.0	1.0	2.668	6.332	3.0
623	3.0	5.0	2.0	3.0	3.9990000000000006	14.001	4.0
624	2.0	1.0	2.0	1.0	3.0	6.0	3.0
625	1.0	1.0	1.0	1.0	0.6660000000000004	5.334	2.0
626	0.0	1.0	0.0	1.0	0.3330000000000002	2.667	1.0
627	3.0	0.0	2.0	0.0	3.0	6.0	2.0
628	1.0	0.0	1.0	0.0	1.0	2.0	1.0
629	2.0	2.0	2.0	2.0	2.0	4.0	2.0
630	2.0	3.0	1.0	2.0	3.6720000000000006	11.328	3.0
631	3.0	0.0	2.0	0.0	2.0040000000000004	6.9959999999999996	2.0
632	2.0	0.0	2.0	0.0	0.6660000000000004	5.334	2.0
633	1.0	0.0	1.0	0.0	1.0	2.0	1.0
634	1.0	1.0	1.0	1.0	1.6680000000000001	4.332	2.0
635	3.0	3.0	2.0	2.0	4.005000000000001	13.994999999999997	4.0
636	0.0	1.0	0.0	1.0	0.3330000000000002	2.667	1.0
637	2.0	0.0	2.0	0.0	0.6660000000000004	5.334	2.0
638	3.0	0.0	3.0	0.0	3.0	6.0	3.0
639	2.0	1.0	1.0	1.0	2.668	6.332	2.0
640	3.0	1.0	3.0	1.0	1.6660000000000004	7.334	3.0
641	1.0	0.0	0.0	0.0	1.0	2.0	0.0
642	2.0	0.0	2.0	0.0	2.068	3.932	2.0
643	1.0	0.0	0.0	0.0	1.0	2.0	0.0
644	2.0	0.0	2.0	0.0	2.0	4.0	2.0
645	2.0	0.0	1.0	0.0	2.0	4.0	1.0
646	3.0	0.0	3.0	0.0	0.9990000000000006	8.001	3.0
647	0.0	0.0	0.0	0.0	0.0	0.0	0.0
648	2.0	0.0	1.0	0.0	0.6660000000000004	5.334	1.0
649	1.0	0.0	1.0	0.0	0.6680000000000001	2.332	1.0
650	1.0	0.0	1.0	0.0	0.3330000000000002	2.667	1.0
651	1.0	1.0	1.0	0.0	0.6660000000000004	5.334	1.0
652	0.0	1.0	0.0	1.0	0.3330000000000002	2.667	1.0
653	2.0	0.0	2.0	0.0	2.0	4.0	2.0
654	4.0	0.0	2.0	0.0	3.3360000000000003	8.664	2.0
655	1.0	2.0	0.0	2.0	0.9990000000000006	8.001	2.0
656	2.0	0.0	2.0	0.0	0.6660000000000004	5.334	2.0
657	2.0	0.0	1.0	0.0	2.0	4.0	1.0
658	3.0	0.0	1.0	0.0	3.0	6.0	1.0
659	2.0	1.0	1.0	1.0	1.6690000000000005	7.3309999999999995	2.0
660	2.0	2.0	0.0	2.0	0.6660000000000004	8.334	1.0
661	2.0	1.0	1.0	1.0	3.0	6.0	2.0
662	2.0	1.0	1.0	1.0	3.0	6.0	2.0
663	3.0	2.0	3.0	2.0	0.9990000000000006	8.001	3.0
664	1.0	1.0	0.0	1.0	1.3330000000000002	4.667	1.0
665	2.0	4.0	1.0	3.0	1.6660000000000004	7.334	2.0
666	1.0	0.0	1.0	0.0	0.3330000000000002	2.667	1.0
667	1.0	1.0	0.0	1.0	1.3330000000000002	4.667	1.0
668	1.0	0.0	0.0	0.0	1.0	2.0	0.0
669	2.0	0.0	1.0	0.0	2.4	3.6	1.0
670	1.0	0.0	1.0	0.0	0.3330000000000002	2.667	1.0
671	2.0	0.0	2.0	0.0	2.0	4.0	2.0
672	1.0	0.0	1.0	0.0	1.0	2.0	1.0
673	1.0	0.0	0.0	0.0	1.0	2.0	0.0
674	0.0	0.0	0.0	0.0	0.0	0.0	0.0
675	2.0	0.0	0.0	0.0	0.6660000000000004	5.334	0.0
676	2.0	1.0	0.0	0.0	2.068	3.932	0.0
677	1.0	0.0	1.0	0.0	1.0	2.0	1.0
678	2.0	1.0	2.0	1.0	0.9990000000000006	8.001	3.0
679	1.0	1.0	1.0	1.0	0.6660000000000004	5.334	2.0
680	2.0	3.0	2.0	2.0	3.0	9.0	3.0
681	1.0	1.0	1.0	1.0	0.6660000000000004	5.334	2.0
682	2.0	1.0	2.0	0.0	2.668	6.332	2.0
683	1.0	1.0	1.0	1.0	1.0010000000000003	4.999	2.0
684	2.0	0.0	1.0	0.0	2.0	4.0	1.0
685	1.0	1.0	0.0	1.0	0.6660000000000004	5.334	1.0
686	4.0	0.0	3.0	0.0	4.0	8.0	3.0
687	2.0	0.0	0.0	0.0	1.3360000000000003	4.664	0.0
688	1.0	0.0	1.0	0.0	1.0	2.0	1.0
689	1.0	2.0	1.0	1.0	1.6660000000000004	7.334	2.0
690	0.0	2.0	0.0	2.0	0.3330000000000002	2.667	1.0
691	3.0	2.0	3.0	2.0	1.6660000000000004	7.334	3.0
692	2.0	1.0	2.0	1.0	2.0	4.0	2.0
693	5.0	0.0	5.0	0.0	3.4	5.6	3.0
694	0.0	0.0	0.0	0.0	0.0	0.0	0.0
695	3.0	1.0	3.0	1.0	3.0	6.0	3.0
696	1.0	0.0	1.0	0.0	1.0	2.0	1.0
697	3.0	0.0	2.0	0.0	0.9990000000000006	8.001	2.0
698	1.0	0.0	1.0	0.0	0.6680000000000001	2.332	1.0
699	4.0	0.0	2.0	0.0	4.0	8.0	2.0
700	2.0	0.0	1.0	0.0	0.6660000000000004	5.334	1.0
701	0.0	0.0	0.0	0.0	0.0	0.0	0.0
702	2.0	0.0	1.0	0.0	0.6660000000000004	5.334	1.0
703	3.0	0.0	2.0	0.0	2.736	6.263999999999999	2.0
704	2.0	1.0	2.0	1.0	1.0	2.0	1.0
705	4.0	1.0	3.0	1.0	4.0	8.0	3.0
706	3.0	0.0	1.0	0.0	3.0	6.0	1.0
707	3.0	1.0	2.0	1.0	4.0	8.0	3.0
708	3.0	0.0	3.0	0.0	1.6680000000000001	4.332	2.0
709	0.0	0.0	0.0	0.0	0.0	0.0	0.0
710	1.0	0.0	1.0	0.0	0.3330000000000002	2.667	1.0
711	0.0	0.0	0.0	0.0	0.0	0.0	0.0
712	1.0	2.0	1.0	2.0	2.068	3.932	2.0
713	3.0	0.0	1.0	0.0	3.0	6.0	1.0
714	2.0	2.0	1.0	2.0	2.333	6.667	2.0
715	2.0	0.0	1.0	0.0	2.0	4.0	1.0
716	2.0	1.0	2.0	1.0	2.0	4.0	2.0
717	1.0	3.0	1.0	1.0	1.9990000000000006	10.001	2.0
718	3.0	0.0	2.0	0.0	3.0	6.0	2.0
719	0.0	4.0	0.0	1.0	1.3320000000000007	10.668	1.0
720	2.0	1.0	0.0	1.0	0.9990000000000006	8.001	1.0
721	1.0	0.0	0.0	0.0	0.3330000000000002	2.667	0.0
722	2.0	0.0	2.0	0.0	2.0	4.0	2.0
723	1.0	0.0	1.0	0.0	0.3330000000000002	2.667	1.0
724	1.0	1.0	0.0	1.0	1.6680000000000001	4.332	1.0
725	0.0	0.0	0.0	0.0	0.0	0.0	0.0
726	0.0	0.0	0.0	0.0	0.0	0.0	0.0
727	2.0	0.0	2.0	0.0	2.0	4.0	2.0
728	2.0	0.0	0.0	0.0	0.6660000000000004	5.334	0.0
729	3.0	0.0	2.0	0.0	0.9990000000000006	8.001	2.0
730	1.0	2.0	1.0	1.0	3.0	6.0	2.0
731	1.0	0.0	1.0	0.0	0.3330000000000002	2.667	1.0
732	2.0	0.0	2.0	0.0	2.068	3.932	2.0
733	0.0	0.0	0.0	0.0	0.0	0.0	0.0
734	2.0	1.0	1.0	1.0	1.3340000000000005	7.6659999999999995	2.0
735	3.0	1.0	2.0	1.0	4.0	8.0	3.0
736	1.0	2.0	0.0	2.0	0.9990000000000006	8.001	2.0
737	1.0	0.0	1.0	0.0	1.0	2.0	1.0
738	2.0	0.0	2.0	0.0	0.6660000000000004	5.334	2.0
739	4.0	0.0	2.0	0.0	4.0	8.0	2.0
740	2.0	1.0	0.0	1.0	2.3360000000000003	6.664	1.0
741	1.0	1.0	1.0	1.0	0.3330000000000002	2.667	1.0
742	3.0	0.0	3.0	0.0	3.8	5.2	3.0
743	4.0	0.0	3.0	0.0	3.468	5.532	2.0
744	1.0	0.0	1.0	0.0	1.0	2.0	1.0
745	1.0	0.0	1.0	0.0	0.3330000000000002	2.667	1.0
746	2.0	0.0	1.0	0.0	0.6660000000000004	5.334	1.0
747	3.0	1.0	3.0	1.0	1.6680000000000001	4.332	2.0
748	2.0	0.0	1.0	0.0	2.0	4.0	1.0
749	0.0	0.0	0.0	0.0	0.0	0.0	0.0
750	3.0	1.0	1.0	1.0	3.068	8.932	2.0
751	1.0	2.0	0.0	0.0	0.6660000000000004	5.334	0.0
752	2.0	2.0	0.0	2.0	2.333	6.667	1.0
753	2.0	0.0	2.0	0.0	1.0	2.0	1.0
754	1.0	0.0	1.0	0.0	0.6680000000000001	2.332	1.0
755	4.0	0.0	2.0	0.0	2.668	6.332	1.0
756	3.0	2.0	2.0	1.0	3.668	8.332	3.0
757	2.0	0.0	2.0	0.0	0.6660000000000004	5.334	2.0
758	3.0	0.0	2.0	0.0	2.068	3.932	1.0
759	1.0	0.0	1.0	0.0	1.0	2.0	1.0
760	2.0	0.0	0.0	0.0	0.6660000000000004	5.334	0.0
761	4.0	0.0	2.0	0.0	4.0	8.0	2.0
762	1.0	0.0	1.0	0.0	1.0	2.0	1.0
763	0.0	0.0	0.0	0.0	0.0	0.0	0.0
764	3.0	1.0	2.0	1.0	4.0	8.0	3.0
765	3.0	0.0	3.0	0.0	3.0	6.0	3.0
766	3.0	0.0	3.0	0.0	0.9990000000000006	8.001	3.0
767	3.0	0.0	2.0	0.0	0.9990000000000006	8.001	2.0
768	3.0	0.0	1.0	0.0	3.0	6.0	1.0
769	1.0	0.0	0.0	0.0	0.6680000000000001	2.332	0.0
770	2.0	0.0	1.0	0.0	2.0	4.0	1.0
771	3.0	0.0	2.0	0.0	4.199999999999999	4.800000000000001	2.0
772	3.0	1.0	3.0	1.0	3.0	6.0	3.0
773	0.0	0.0	0.0	0.0	0.0	0.0	0.0
774	3.0	0.0	1.0	0.0	2.0040000000000004	6.9959999999999996	1.0
775	2.0	0.0	2.0	0.0	2.8	3.2	2.0
776	0.0	0.0	0.0	0.0	0.0	0.0	0.0
777	1.0	0.0	0.0	0.0	0.3330000000000002	2.667	0.0
778	1.0	1.0	1.0	1.0	2.0	4.0	2.0
779	1.0	1.0	1.0	1.0	0.3330000000000002	2.667	1.0
780	2.0	3.0	1.0	2.0	2.733	9.267	2.0
781	3.0	0.0	2.0	0.0	3.4	5.6	2.0
782	2.0	0.0	2.0	0.0	2.0	4.0	2.0
783	2.0	0.0	2.0	0.0	0.6660000000000004	5.334	2.0
784	3.0	0.0	3.0	0.0	2.0040000000000004	6.9959999999999996	3.0
785	2.0	1.0	1.0	1.0	1.6660000000000004	7.334	2.0
786	0.0	1.0	0.0	1.0	1.0	2.0	1.0
787	2.0	0.0	2.0	0.0	2.0	4.0	2.0
788	1.0	0.0	0.0	0.0	0.3330000000000002	2.667	0.0
789	1.0	0.0	1.0	0.0	0.3330000000000002	2.667	1.0
790	3.0	0.0	3.0	0.0	3.0	6.0	3.0
791	0.0	1.0	0.0	1.0	0.3330000000000002	2.667	1.0
792	4.0	0.0	3.0	0.0	3.068	5.932	2.0
793	0.0	1.0	0.0	0.0	1.0	2.0	0.0
794	1.0	1.0	0.0	1.0	0.6660000000000004	5.334	1.0
795	3.0	0.0	3.0	0.0	1.6680000000000001	4.332	2.0
796	2.0	1.0	1.0	1.0	2.0	4.0	1.0
797	2.0	0.0	2.0	0.0	0.6660000000000004	5.334	2.0
798	0.0	0.0	0.0	0.0	0.0	0.0	0.0
799	0.0	1.0	0.0	1.0	0.3330000000000002	2.667	1.0
800	3.0	0.0	2.0	0.0	3.0	6.0	2.0
801	2.0	0.0	1.0	0.0	0.6660000000000004	5.334	1.0
802	2.0	0.0	0.0	0.0	0.6660000000000004	5.334	0.0
803	3.0	2.0	3.0	2.0	5.0	10.0	5.0
804	1.0	0.0	1.0	0.0	0.3330000000000002	2.667	1.0
805	0.0	0.0	0.0	0.0	0.0	0.0	0.0
806	1.0	0.0	0.0	0.0	0.3330000000000002	2.667	0.0
807	2.0	0.0	1.0	0.0	2.0	4.0	1.0
808	0.0	0.0	0.0	0.0	0.0	0.0	0.0
809	1.0	0.0	1.0	0.0	1.0	2.0	1.0
810	5.0	0.0	3.0	0.0	3.6720000000000006	11.328	3.0
811	2.0	0.0	2.0	0.0	0.6660000000000004	5.334	2.0
812	2.0	0.0	2.0	0.0	2.0	4.0	2.0
813	1.0	0.0	1.0	0.0	1.0	2.0	1.0
814	0.0	1.0	0.0	1.0	1.0	2.0	1.0
815	2.0	0.0	2.0	0.0	1.6680000000000001	4.332	2.0
816	2.0	0.0	2.0	0.0	2.0	4.0	2.0
817	0.0	0.0	0.0	0.0	0.0	0.0	0.0
818	2.0	0.0	2.0	0.0	2.0	4.0	2.0
819	2.0	0.0	1.0	0.0	2.0	4.0	1.0
820	2.0	0.0	2.0	0.0	2.0	4.0	2.0
821	3.0	0.0	3.0	0.0	3.0	6.0	3.0
822	1.0	1.0	1.0	1.0	0.6660000000000004	5.334	2.0
823	3.0	1.0	3.0	1.0	3.0	6.0	3.0
824	1.0	1.0	1.0	1.0	0.6680000000000001	5.332	2.0
825	2.0	0.0	1.0	0.0	2.0	4.0	1.0
826	3.0	0.0	2.0	0.0	0.9990000000000006	8.001	2.0
827	1.0	0.0	1.0	0.0	1.0	2.0	1.0
828	1.0	0.0	1.0	0.0	0.3330000000000002	2.667	1.0
829	1.0	0.0	1.0	0.0	0.6680000000000001	2.332	1.0
830	2.0	0.0	1.0	0.0	0.6660000000000004	5.334	1.0
831	1.0	2.0	1.0	2.0	1.0	2.0	1.0
832	3.0	0.0	2.0	0.0	3.0	6.0	2.0
833	0.0	0.0	0.0	0.0	0.0	0.0	0.0
834	1.0	1.0	0.0	1.0	0.6660000000000004	5.334	1.0
835	1.0	3.0	1.0	2.0	1.3330000000000002	4.667	1.0
836	2.0	0.0	2.0	0.0	2.0	4.0	2.0
837	4.0	0.0	2.0	0.0	4.0	8.0	2.0
838	0.0	0.0	0.0	0.0	0.0	0.0	0.0
839	3.0	1.0	1.0	1.0	3.0040000000000004	8.995999999999999	2.0
840	0.0	0.0	0.0	0.0	0.0	0.0	0.0
841	2.0	0.0	1.0	0.0	0.6660000000000004	5.334	1.0
842	3.0	0.0	3.0	0.0	3.0	6.0	3.0
843	3.0	1.0	3.0	1.0	2.3360000000000003	9.664	4.0
844	2.0	0.0	1.0	0.0	2.0	4.0	1.0
845	2.0	0.0	1.0	0.0	0.6660000000000004	5.334	1.0
846	1.0	0.0	0.0	0.0	0.3330000000000002	2.667	0.0
847	2.0	0.0	2.0	0.0	2.0	4.0	2.0
848	0.0	0.0	0.0	0.0	0.0	0.0	0.0
849	3.0	0.0	2.0	0.0	3.0	6.0	2.0
850	2.0	0.0	1.0	0.0	0.6660000000000004	5.334	1.0
851	1.0	0.0	1.0	0.0	0.3330000000000002	2.667	1.0
852	1.0	0.0	1.0	0.0	1.4	1.6	1.0
853	4.0	0.0	2.0	0.0	2.668	6.332	2.0
854	0.0	0.0	0.0	0.0	0.0	0.0	0.0
855	0.0	1.0	0.0	1.0	0.6680000000000001	2.332	1.0
856	1.0	2.0	0.0	2.0	0.9990000000000006	8.001	2.0
857	1.0	0.0	1.0	0.0	1.0	2.0	1.0
858	2.0	0.0	1.0	0.0	0.6660000000000004	5.334	1.0
859	2.0	0.0	0.0	0.0	2.0	4.0	0.0
860	1.0	1.0	1.0	1.0	0.6680000000000001	5.332	2.0
861	2.0	1.0	1.0	1.0	2.0	4.0	1.0
862	0.0	1.0	0.0	1.0	0.3330000000000002	2.667	1.0
863	1.0	1.0	1.0	1.0	0.6680000000000001	5.332	2.0
864	0.0	0.0	0.0	0.0	0.0	0.0	0.0
865	2.0	3.0	1.0	2.0	3.333	8.667	2.0
866	3.0	1.0	2.0	1.0	4.0	8.0	3.0
867	1.0	1.0	0.0	1.0	1.6680000000000001	4.332	1.0
868	2.0	2.0	2.0	2.0	1.3330000000000002	4.667	2.0
869	3.0	1.0	0.0	1.0	4.0	8.0	1.0
870	2.0	2.0	1.0	2.0	4.0	8.0	3.0
871	3.0	1.0	1.0	1.0	4.468	7.532	2.0
872	2.0	1.0	1.0	1.0	2.333	6.667	2.0
873	0.0	0.0	0.0	0.0	0.0	0.0	0.0
874	3.0	1.0	2.0	1.0	4.0	8.0	3.0
875	0.0	4.0	0.0	2.0	1.6660000000000004	7.334	1.0
876	1.0	3.0	1.0	1.0	1.9990000000000006	10.001	2.0
877	1.0	3.0	0.0	3.0	2.333	6.667	2.0
878	2.0	4.0	2.0	0.0	2.6690000000000005	9.331	2.0
879	2.0	1.0	1.0	1.0	3.4	5.6	2.0
880	3.0	3.0	3.0	2.0	5.0	10.0	4.0
881	2.0	0.0	1.0	0.0	2.0	4.0	1.0
882	4.0	1.0	1.0	1.0	4.333	10.667	2.0
883	1.0	3.0	0.0	3.0	2.0010000000000003	6.999	2.0
884	2.0	0.0	2.0	0.0	2.0	4.0	2.0
885	1.0	0.0	1.0	0.0	1.0	2.0	1.0
886	2.0	0.0	1.0	0.0	0.6660000000000004	5.334	1.0
887	0.0	0.0	0.0	0.0	0.0	0.0	0.0
888	1.0	0.0	1.0	0.0	0.3330000000000002	2.667	1.0
889	2.0	0.0	1.0	0.0	2.0	4.0	1.0
890	2.0	0.0	1.0	0.0	2.0	4.0	1.0
891	1.0	0.0	0.0	0.0	1.0	2.0	0.0
892	3.0	0.0	1.0	0.0	0.9990000000000006	8.001	1.0
893	3.0	0.0	2.0	0.0	1.6680000000000001	4.332	1.0
894	1.0	0.0	1.0	0.0	1.0	2.0	1.0
895	1.0	0.0	1.0	0.0	1.0	2.0	1.0
896	0.0	0.0	0.0	0.0	0.0	0.0	0.0
897	1.0	0.0	1.0	0.0	0.3330000000000002	2.667	1.0
898	2.0	0.0	0.0	0.0	2.0	4.0	0.0
899	1.0	0.0	1.0	0.0	1.4	1.6	1.0
900	4.0	3.0	3.0	3.0	2.0020000000000007	9.998	3.0
901	1.0	2.0	1.0	2.0	0.6660000000000004	5.334	2.0
902	0.0	0.0	0.0	0.0	0.0	0.0	0.0
903	0.0	0.0	0.0	0.0	0.0	0.0	0.0
904	2.0	1.0	2.0	1.0	1.3330000000000002	4.667	2.0
905	3.0	1.0	2.0	1.0	4.0	8.0	3.0
906	1.0	0.0	0.0	0.0	1.0	2.0	0.0
907	0.0	0.0	0.0	0.0	0.0	0.0	0.0
908	0.0	3.0	0.0	3.0	1.3330000000000002	4.667	2.0
909	1.0	0.0	0.0	0.0	0.3330000000000002	2.667	0.0
910	2.0	0.0	0.0	0.0	2.0	4.0	0.0
911	3.0	1.0	2.0	1.0	4.0	8.0	3.0
912	3.0	0.0	3.0	0.0	3.0	6.0	3.0
913	2.0	0.0	1.0	0.0	0.6660000000000004	5.334	1.0
914	2.0	0.0	2.0	0.0	0.6660000000000004	5.334	2.0
915	0.0	0.0	0.0	0.0	0.0	0.0	0.0
916	2.0	0.0	1.0	0.0	0.6660000000000004	5.334	1.0
917	1.0	0.0	0.0	0.0	1.0	2.0	0.0
918	2.0	0.0	2.0	0.0	1.3360000000000003	4.664	2.0
919	1.0	0.0	1.0	0.0	1.0	2.0	1.0
920	2.0	0.0	2.0	0.0	2.0	4.0	2.0
921	3.0	0.0	3.0	0.0	3.0	6.0	3.0
922	2.0	0.0	1.0	0.0	2.0	4.0	1.0
923	2.0	0.0	2.0	0.0	2.0	4.0	2.0
924	1.0	0.0	1.0	0.0	1.0	2.0	1.0
925	0.0	0.0	0.0	0.0	0.0	0.0	0.0
926	1.0	0.0	0.0	0.0	1.0	2.0	0.0
927	4.0	0.0	4.0	0.0	2.668	6.332	3.0
928	2.0	0.0	2.0	0.0	2.0	4.0	2.0
929	2.0	0.0	2.0	0.0	0.6660000000000004	5.334	2.0
930	2.0	0.0	2.0	0.0	0.6660000000000004	5.334	2.0
931	1.0	0.0	1.0	0.0	1.4	1.6	1.0
932	0.0	0.0	0.0	0.0	0.0	0.0	0.0
933	0.0	0.0	0.0	0.0	0.0	0.0	0.0
934	1.0	0.0	1.0	0.0	0.6680000000000001	2.332	1.0
935	1.0	0.0	1.0	0.0	1.0	2.0	1.0
936	1.0	0.0	1.0	0.0	0.3330000000000002	2.667	1.0
937	1.0	0.0	0.0	0.0	0.3330000000000002	2.667	0.0
938	4.0	0.0	3.0	0.0	4.0	8.0	3.0
939	2.0	0.0	0.0	0.0	1.3360000000000003	4.664	0.0
940	2.0	0.0	0.0	0.0	1.3360000000000003	4.664	0.0
941	1.0	0.0	1.0	0.0	0.3330000000000002	2.667	1.0
942	2.0	0.0	2.0	0.0	2.0	4.0	2.0
943	0.0	0.0	0.0	0.0	0.0	0.0	0.0
944	0.0	0.0	0.0	0.0	0.0	0.0	0.0
945	3.0	1.0	1.0	1.0	1.9990000000000006	10.001	2.0
946	1.0	0.0	1.0	0.0	0.6680000000000001	2.332	1.0
947	1.0	0.0	0.0	0.0	1.0	2.0	0.0
948	0.0	1.0	0.0	1.0	0.3330000000000002	2.667	1.0
949	1.0	1.0	1.0	1.0	1.3330000000000002	4.667	2.0
950	2.0	0.0	2.0	0.0	0.6660000000000004	5.334	2.0
951	2.0	1.0	2.0	1.0	1.6660000000000004	7.334	3.0
952	1.0	0.0	1.0	0.0	1.0	2.0	1.0
953	1.0	1.0	1.0	1.0	1.6680000000000001	4.332	2.0
954	2.0	2.0	1.0	0.0	4.0	8.0	1.0
955	2.0	2.0	2.0	2.0	2.4	3.6	2.0
956	3.0	0.0	1.0	0.0	3.0	6.0	1.0
957	3.0	2.0	2.0	2.0	3.668	8.332	3.0
958	2.0	2.0	2.0	1.0	2.0010000000000003	6.999	2.0
959	2.0	0.0	1.0	0.0	2.0	4.0	1.0
960	2.0	2.0	1.0	2.0	2.3340000000000005	9.666	3.0
961	1.0	0.0	1.0	0.0	1.0	2.0	1.0
962	0.0	1.0	0.0	1.0	0.6680000000000001	2.332	1.0
963	3.0	0.0	1.0	0.0	3.0	6.0	1.0
964	0.0	0.0	0.0	0.0	0.0	0.0	0.0
965	2.0	1.0	2.0	1.0	1.3330000000000002	4.667	2.0
966	2.0	0.0	2.0	0.0	2.0	4.0	2.0
967	0.0	0.0	0.0	0.0	0.0	0.0	0.0
968	0.0	0.0	0.0	0.0	0.0	0.0	0.0
969	1.0	0.0	1.0	0.0	0.3330000000000002	2.667	1.0
970	3.0	1.0	3.0	1.0	1.6660000000000004	7.334	3.0
971	0.0	0.0	0.0	0.0	0.0	0.0	0.0
972	1.0	0.0	1.0	0.0	1.0	2.0	1.0
973	0.0	0.0	0.0	0.0	0.0	0.0	0.0
974	3.0	0.0	1.0	0.0	0.9990000000000006	8.001	1.0
975	2.0	0.0	2.0	0.0	2.4	3.6	2.0
976	3.0	0.0	3.0	0.0	3.0	6.0	3.0
977	3.0	0.0	3.0	0.0	3.0	6.0	3.0
978	2.0	0.0	1.0	0.0	0.6660000000000004	5.334	1.0
979	2.0	0.0	1.0	0.0	2.0	4.0	1.0
980	2.0	0.0	2.0	0.0	2.0	4.0	2.0
981	0.0	0.0	0.0	0.0	0.0	0.0	0.0
982	1.0	0.0	1.0	0.0	0.6680000000000001	2.332	1.0
983	4.0	0.0	3.0	0.0	2.668	6.332	2.0
984	1.0	2.0	1.0	2.0	2.333	6.667	3.0
985	2.0	0.0	1.0	0.0	2.0	4.0	1.0
986	2.0	0.0	1.0	0.0	1.3360000000000003	4.664	1.0
987	3.0	0.0	2.0	0.0	0.9990000000000006	8.001	2.0
988	3.0	0.0	3.0	0.0	3.0	6.0	3.0
989	3.0	0.0	2.0	0.0	3.0	6.0	2.0
990	1.0	2.0	1.0	2.0	1.3360000000000003	4.664	2.0
991	2.0	1.0	2.0	1.0	2.0	4.0	2.0
992	1.0	1.0	1.0	1.0	1.0	2.0	1.0
993	3.0	0.0	3.0	0.0	3.0	6.0	3.0
994	2.0	1.0	1.0	1.0	2.0010000000000003	6.999	2.0
995	0.0	3.0	0.0	3.0	1.3330000000000002	4.667	2.0
996	1.0	0.0	1.0	0.0	0.3330000000000002	2.667	1.0
997	2.0	2.0	2.0	1.0	3.0	6.0	2.0
998	1.0	1.0	1.0	1.0	0.6660000000000004	5.334	2.0
999	2.0	2.0	2.0	2.0	0.6660000000000004	5.334	2.0
1000	3.0	0.0	2.0	0.0	0.9990000000000006	8.001	2.0
1001	1.0	0.0	1.0	0.0	0.3330000000000002	2.667	1.0
1002	0.0	4.0	0.0	3.0	0.9990000000000006	8.001	2.0
1003	1.0	0.0	1.0	0.0	0.3330000000000002	2.667	1.0
1004	2.0	2.0	1.0	2.0	3.133	5.867	2.0
1005	0.0	0.0	0.0	0.0	0.0	0.0	0.0
1006	0.0	0.0	0.0	0.0	0.0	0.0	0.0
1007	1.0	0.0	1.0	0.0	1.4	1.6	1.0
1008	0.0	0.0	0.0	0.0	0.0	0.0	0.0
1009	0.0	0.0	0.0	0.0	0.0	0.0	0.0
1010	2.0	0.0	2.0	0.0	2.4	3.6	2.0
1011	1.0	0.0	0.0	0.0	0.3330000000000002	2.667	0.0
1012	3.0	1.0	0.0	0.0	4.0	8.0	0.0
1013	3.0	0.0	1.0	0.0	3.0	6.0	1.0
1014	2.0	0.0	2.0	0.0	2.0	4.0	2.0
1015	0.0	0.0	0.0	0.0	0.0	0.0	0.0
1016	2.0	0.0	1.0	0.0	0.6660000000000004	5.334	1.0
1017	3.0	0.0	1.0	0.0	2.0040000000000004	6.9959999999999996	1.0
1018	0.0	0.0	0.0	0.0	0.0	0.0	0.0
1019	0.0	0.0	0.0	0.0	0.0	0.0	0.0
1020	2.0	0.0	1.0	0.0	2.0	4.0	1.0
1021	0.0	0.0	0.0	0.0	0.0	0.0	0.0
1022	0.0	0.0	0.0	0.0	0.0	0.0	0.0
1023	2.0	0.0	2.0	0.0	0.6660000000000004	5.334	2.0
1024	2.0	0.0	1.0	0.0	0.6660000000000004	5.334	1.0
1025	1.0	0.0	1.0	0.0	0.3330000000000002	2.667	1.0
1026	3.0	0.0	2.0	0.0	3.0	6.0	2.0
1027	1.0	0.0	1.0	0.0	0.3330000000000002	2.667	1.0
1028	3.0	0.0	3.0	0.0	3.0	6.0	3.0
1029	2.0	0.0	1.0	0.0	2.0	4.0	1.0
1030	3.0	0.0	1.0	0.0	3.0	6.0	1.0
1031	2.0	3.0	1.0	2.0	3.333	8.667	2.0
1032	0.0	4.0	0.0	3.0	2.333	6.667	2.0
1033	2.0	2.0	2.0	2.0	1.3330000000000002	4.667	2.0
1034	0.0	0.0	0.0	0.0	0.0	0.0	0.0
1035	0.0	0.0	0.0	0.0	0.0	0.0	0.0
1036	2.0	2.0	1.0	2.0	1.3320000000000007	10.668	3.0
1037	1.0	0.0	1.0	0.0	1.0	2.0	1.0
1038	3.0	3.0	3.0	3.0	3.333	8.667	4.0
1039	3.0	1.0	3.0	1.0	1.6660000000000004	7.334	3.0
1040	2.0	3.0	0.0	1.0	3.6660000000000004	11.334	1.0
1041	4.0	1.0	2.0	1.0	4.0	8.0	2.0
1042	2.0	3.0	1.0	3.0	3.4	8.6	3.0
1043	2.0	1.0	0.0	1.0	3.0	6.0	1.0
1044	2.0	2.0	1.0	2.0	1.6660000000000004	7.334	2.0
1045	1.0	1.0	1.0	1.0	0.6660000000000004	5.334	2.0
1046	0.0	2.0	0.0	2.0	1.0	2.0	1.0
1047	3.0	0.0	2.0	0.0	0.9990000000000006	8.001	2.0
1048	1.0	2.0	1.0	2.0	1.6660000000000004	7.334	3.0
1049	4.0	0.0	2.0	0.0	4.0	8.0	2.0
1050	2.0	0.0	1.0	0.0	2.0	4.0	1.0
1051	3.0	0.0	2.0	0.0	3.0	6.0	2.0
1052	3.0	0.0	2.0	0.0	3.0	6.0	2.0
1053	2.0	0.0	1.0	0.0	2.8	3.2	1.0
1054	2.0	0.0	1.0	0.0	2.0	4.0	1.0
1055	3.0	0.0	2.0	0.0	3.0	6.0	2.0
1056	3.0	3.0	3.0	2.0	4.333	10.667	4.0
1057	3.0	2.0	3.0	2.0	1.6660000000000004	7.334	3.0
1058	1.0	0.0	1.0	0.0	0.3330000000000002	2.667	1.0
1059	3.0	1.0	2.0	1.0	4.0	8.0	3.0
1060	2.0	1.0	0.0	1.0	0.9990000000000006	8.001	1.0
1061	1.0	1.0	1.0	1.0	0.6660000000000004	5.334	2.0
1062	1.0	5.0	1.0	3.0	3.0010000000000003	8.998999999999999	3.0
1063	3.0	2.0	2.0	1.0	2.6660000000000004	9.334	2.0
1064	2.0	0.0	2.0	0.0	1.3360000000000003	4.664	2.0
1065	2.0	0.0	2.0	0.0	2.0	4.0	2.0
1066	2.0	0.0	0.0	0.0	2.0	4.0	0.0
1067	2.0	0.0	2.0	0.0	0.6660000000000004	5.334	2.0
1068	2.0	2.0	1.0	1.0	3.0	6.0	2.0
1069	3.0	0.0	2.0	0.0	0.9990000000000006	8.001	2.0
1070	3.0	0.0	1.0	0.0	0.9990000000000006	8.001	1.0
1071	0.0	2.0	0.0	2.0	0.6660000000000004	5.334	2.0
1072	3.0	4.0	3.0	4.0	2.668	6.332	3.0
1073	1.0	2.0	0.0	2.0	2.333	6.667	2.0
1074	1.0	4.0	1.0	3.0	2.6690000000000005	9.331	3.0
1075	1.0	2.0	0.0	0.0	1.0	2.0	0.0
1076	2.0	0.0	1.0	0.0	2.0	4.0	1.0
1077	2.0	0.0	1.0	0.0	2.0	4.0	1.0
1078	2.0	0.0	2.0	0.0	2.0	4.0	2.0
1079	2.0	1.0	1.0	1.0	2.333	6.667	2.0
1080	1.0	1.0	1.0	1.0	1.6680000000000001	4.332	2.0
1081	1.0	3.0	1.0	2.0	3.333	8.667	3.0
1082	0.0	0.0	0.0	0.0	0.0	0.0	0.0
1083	1.0	1.0	0.0	1.0	1.3330000000000002	4.667	1.0
1084	1.0	0.0	1.0	0.0	0.3330000000000002	2.667	1.0
1085	4.0	0.0	3.0	0.0	4.0	8.0	3.0
1086	2.0	4.0	1.0	2.0	5.0	10.0	3.0
1087	1.0	1.0	0.0	1.0	1.4	4.6	1.0
1088	3.0	0.0	3.0	0.0	3.0	6.0	3.0
1089	2.0	1.0	2.0	1.0	0.9990000000000006	8.001	3.0
1090	1.0	0.0	1.0	0.0	1.0	2.0	1.0
1091	2.0	0.0	1.0	0.0	2.0	4.0	1.0
1092	2.0	1.0	2.0	1.0	1.0	2.0	1.0
1093	3.0	0.0	2.0	0.0	3.0	6.0	2.0
1094	2.0	0.0	1.0	0.0	2.0	4.0	1.0
1095	2.0	2.0	1.0	1.0	2.668	6.332	1.0
1096	1.0	1.0	1.0	1.0	0.6660000000000004	5.334	2.0
1097	2.0	0.0	1.0	0.0	0.6660000000000004	5.334	1.0
1098	1.0	0.0	0.0	0.0	0.3330000000000002	2.667	0.0
1099	2.0	0.0	2.0	0.0	2.0	4.0	2.0
1100	3.0	0.0	3.0	0.0	1.6680000000000001	4.332	2.0
1101	2.0	0.0	1.0	0.0	1.3360000000000003	4.664	1.0
1102	1.0	1.0	1.0	1.0	1.3330000000000002	4.667	2.0
1103	0.0	4.0	0.0	3.0	3.3360000000000003	8.664	3.0
1104	2.0	1.0	2.0	1.0	3.0	6.0	3.0
1105	2.0	0.0	1.0	0.0	2.0	4.0	1.0
1106	0.0	0.0	0.0	0.0	0.0	0.0	0.0
1107	1.0	0.0	1.0	0.0	0.3330000000000002	2.667	1.0
1108	1.0	1.0	1.0	1.0	1.0010000000000003	4.999	2.0
1109	1.0	0.0	1.0	0.0	1.0	2.0	1.0
1110	2.0	0.0	1.0	0.0	2.0	4.0	1.0
1111	2.0	0.0	1.0	0.0	2.0	4.0	1.0
1112	2.0	0.0	2.0	0.0	1.3360000000000003	4.664	2.0
1113	1.0	0.0	1.0	0.0	0.6680000000000001	2.332	1.0
1114	0.0	0.0	0.0	0.0	0.0	0.0	0.0
1115	2.0	0.0	2.0	0.0	2.0	4.0	2.0
1116	2.0	0.0	1.0	0.0	0.6660000000000004	5.334	1.0
1117	1.0	1.0	1.0	1.0	0.3330000000000002	2.667	1.0
1118	1.0	0.0	1.0	0.0	0.3330000000000002	2.667	1.0
1119	3.0	0.0	1.0	0.0	3.0	6.0	1.0
1120	3.0	0.0	2.0	0.0	3.068	5.932	2.0
1121	2.0	0.0	0.0	0.0	2.4	3.6	0.0
1122	1.0	1.0	1.0	1.0	0.6660000000000004	5.334	2.0
1123	0.0	1.0	0.0	1.0	0.3330000000000002	2.667	1.0
1124	2.0	2.0	2.0	2.0	2.0	4.0	2.0
1125	3.0	2.0	1.0	2.0	3.333	8.667	2.0
1126	1.0	0.0	1.0	0.0	0.3330000000000002	2.667	1.0
1127	1.0	1.0	0.0	1.0	2.0	4.0	1.0
1128	1.0	1.0	1.0	1.0	1.3330000000000002	4.667	2.0
1129	2.0	1.0	2.0	1.0	1.3330000000000002	4.667	2.0
1130	1.0	1.0	1.0	1.0	0.6660000000000004	5.334	2.0
1131	2.0	0.0	1.0	0.0	2.0	4.0	1.0
1132	1.0	0.0	1.0	0.0	0.3330000000000002	2.667	1.0
1133	1.0	0.0	0.0	0.0	0.3330000000000002	2.667	0.0
1134	2.0	3.0	1.0	3.0	2.333	9.667	3.0
1135	3.0	0.0	2.0	0.0	3.0	6.0	2.0
1136	1.0	2.0	1.0	2.0	1.0	2.0	1.0
1137	2.0	1.0	2.0	1.0	1.0	5.0	2.0
1138	1.0	1.0	1.0	1.0	1.4	1.6	1.0
1139	2.0	2.0	1.0	2.0	0.9990000000000006	8.001	2.0
1140	0.0	0.0	0.0	0.0	0.0	0.0	0.0
1141	2.0	1.0	1.0	1.0	2.3360000000000003	6.664	2.0
1142	2.0	0.0	2.0	0.0	0.6660000000000004	5.334	2.0
1143	0.0	0.0	0.0	0.0	0.0	0.0	0.0
1144	2.0	2.0	1.0	2.0	3.3360000000000003	8.664	3.0
1145	3.0	0.0	3.0	0.0	0.9990000000000006	8.001	3.0
1146	1.0	0.0	1.0	0.0	0.3330000000000002	2.667	1.0
1147	2.0	1.0	0.0	1.0	3.0	6.0	1.0
1148	1.0	2.0	0.0	1.0	1.6660000000000004	7.334	1.0
1149	3.0	0.0	3.0	0.0	2.3360000000000003	6.664	3.0
1150	1.0	2.0	1.0	2.0	2.0010000000000003	6.999	3.0
1151	4.0	3.0	3.0	1.0	3.9990000000000006	14.001	3.0
1152	0.0	0.0	0.0	0.0	0.0	0.0	0.0
1153	3.0	1.0	1.0	1.0	4.0	8.0	2.0
1154	0.0	1.0	0.0	1.0	0.3330000000000002	2.667	1.0
1155	2.0	1.0	2.0	0.0	0.9990000000000006	8.001	2.0
1156	0.0	2.0	0.0	0.0	0.3330000000000002	2.667	0.0
1157	1.0	0.0	1.0	0.0	1.0	2.0	1.0
1158	0.0	0.0	0.0	0.0	0.0	0.0	0.0
1159	0.0	1.0	0.0	1.0	0.6680000000000001	2.332	1.0
1160	0.0	0.0	0.0	0.0	0.0	0.0	0.0
1161	1.0	1.0	1.0	1.0	2.0	4.0	2.0
1162	2.0	0.0	1.0	0.0	0.6660000000000004	5.334	1.0
1163	1.0	2.0	1.0	1.0	1.6660000000000004	7.334	2.0
1164	0.0	0.0	0.0	0.0	0.0	0.0	0.0
1165	1.0	0.0	1.0	0.0	0.3330000000000002	2.667	1.0
1166	2.0	0.0	1.0	0.0	1.6680000000000001	4.332	1.0
1167	3.0	1.0	2.0	1.0	1.6660000000000004	7.334	2.0
1168	3.0	1.0	2.0	1.0	0.9990000000000006	8.001	2.0
1169	2.0	2.0	2.0	1.0	3.3360000000000003	8.664	3.0
1170	2.0	2.0	2.0	2.0	2.0	4.0	2.0
1171	2.0	0.0	2.0	0.0	0.6660000000000004	5.334	2.0
1172	3.0	1.0	3.0	1.0	3.0	6.0	3.0
1173	4.0	0.0	3.0	0.0	3.668	8.332	3.0
1174	3.0	0.0	3.0	0.0	3.0	6.0	3.0
1175	3.0	2.0	1.0	2.0	3.0	6.0	1.0
1176	4.0	1.0	2.0	1.0	3.0	6.0	2.0
1177	2.0	0.0	0.0	0.0	0.6660000000000004	5.334	0.0
1178	3.0	0.0	2.0	0.0	3.0	6.0	2.0
1179	0.0	5.0	0.0	2.0	1.3340000000000005	10.666	2.0
1180	2.0	1.0	2.0	1.0	0.9990000000000006	8.001	3.0
1181	0.0	0.0	0.0	0.0	0.0	0.0	0.0
1182	1.0	1.0	1.0	1.0	0.6660000000000004	5.334	2.0
1183	3.0	0.0	3.0	0.0	2.668	6.332	3.0
1184	0.0	0.0	0.0	0.0	0.0	0.0	0.0
1185	1.0	0.0	1.0	0.0	1.0	2.0	1.0
1186	1.0	0.0	1.0	0.0	0.3330000000000002	2.667	1.0
1187	1.0	0.0	1.0	0.0	0.3330000000000002	2.667	1.0
1188	0.0	0.0	0.0	0.0	0.0	0.0	0.0
1189	1.0	0.0	1.0	0.0	0.3330000000000002	2.667	1.0
1190	1.0	0.0	1.0	0.0	0.3330000000000002	2.667	1.0
1191	2.0	0.0	2.0	0.0	2.0	4.0	2.0
1192	4.0	0.0	2.0	0.0	2.3360000000000003	6.664	2.0
1193	2.0	0.0	2.0	0.0	2.0	4.0	2.0
1194	1.0	0.0	1.0	0.0	0.3330000000000002	2.667	1.0
1195	1.0	0.0	1.0	0.0	1.0	2.0	1.0
1196	0.0	1.0	0.0	1.0	0.3330000000000002	2.667	1.0
1197	2.0	2.0	1.0	1.0	4.0	8.0	2.0
1198	1.0	4.0	1.0	0.0	4.333	10.667	1.0
1199	0.0	3.0	0.0	3.0	1.6680000000000001	4.332	2.0
1200	2.0	5.0	1.0	4.0	5.333	12.667	4.0
1201	2.0	2.0	2.0	2.0	1.6660000000000004	7.334	3.0
1202	2.0	6.0	1.0	4.0	5.666	15.334	5.0
1203	0.0	0.0	0.0	0.0	0.0	0.0	0.0
1204	0.0	0.0	0.0	0.0	0.0	0.0	0.0
1205	0.0	2.0	0.0	1.0	2.0	4.0	1.0
1206	1.0	0.0	1.0	0.0	0.3330000000000002	2.667	1.0
1207	3.0	2.0	0.0	1.0	4.0	8.0	1.0
1208	4.0	0.0	4.0	0.0	4.0	8.0	4.0
1209	0.0	0.0	0.0	0.0	0.0	0.0	0.0
1210	0.0	0.0	0.0	0.0	0.0	0.0	0.0
1211	2.0	0.0	2.0	0.0	0.6660000000000004	5.334	2.0
1212	0.0	0.0	0.0	0.0	0.0	0.0	0.0
1213	2.0	4.0	2.0	3.0	2.3320000000000007	12.668	4.0
1214	1.0	0.0	1.0	0.0	1.0	2.0	1.0
1215	3.0	1.0	1.0	0.0	3.3360000000000003	8.664	1.0
1216	1.0	3.0	0.0	1.0	1.9990000000000006	10.001	1.0
1217	1.0	0.0	0.0	0.0	0.3330000000000002	2.667	0.0
1218	2.0	2.0	0.0	1.0	0.9990000000000006	8.001	1.0
1219	0.0	0.0	0.0	0.0	0.0	0.0	0.0
1220	0.0	0.0	0.0	0.0	0.0	0.0	0.0
