all_syn	all_nonSyn	tip_syn	tip_nonSyn	S	N	comparisons
001	0.0	0.0	0.0	0.0	0.0	0.0	0.0
002	1.0	3.0	1.0	3.0	1.0	5.0	2.0
003	0.0	4.0	0.0	3.0	2.3340000000000005	9.666	3.0
004	1.0	5.0	1.0	3.0	4.001	10.999	3.0
005	1.0	2.0	1.0	1.0	1.3330000000000002	4.667	1.0
006	1.0	2.0	1.0	1.0	2.668	6.332	2.0
007	1.0	1.0	1.0	1.0	2.0	4.0	2.0
008	2.0	1.0	0.0	0.0	2.0	4.0	0.0
009	1.0	4.0	0.0	4.0	2.333	9.667	3.0
010	1.0	3.0	1.0	3.0	1.3330000000000002	4.667	2.0
011	3.0	6.0	2.0	5.0	3.6660000000000004	14.334	4.0
012	0.0	6.0	0.0	1.0	3.0010000000000003	8.998999999999999	1.0
013	2.0	3.0	1.0	3.0	1.6660000000000004	7.334	2.0
014	2.0	0.0	1.0	0.0	2.0	4.0	1.0
015	2.0	2.0	1.0	2.0	4.0	8.0	3.0
016	1.0	0.0	1.0	0.0	1.0	2.0	1.0
017	3.0	1.0	2.0	1.0	4.0	8.0	3.0
018	2.0	2.0	2.0	0.0	4.0	8.0	2.0
019	2.0	0.0	0.0	0.0	2.0	4.0	0.0
020	1.0	1.0	1.0	0.0	1.3360000000000003	4.664	1.0
021	3.0	1.0	3.0	1.0	3.0	6.0	3.0
022	2.0	3.0	2.0	2.0	1.6660000000000004	7.334	2.0
023	1.0	0.0	1.0	0.0	1.4	1.6	1.0
024	1.0	1.0	1.0	1.0	1.6680000000000001	4.332	2.0
025	1.0	1.0	0.0	0.0	0.3330000000000002	2.667	0.0
026	2.0	2.0	1.0	1.0	3.0	6.0	2.0
027	2.0	1.0	2.0	1.0	1.6680000000000001	4.332	2.0
028	1.0	0.0	0.0	0.0	1.0	2.0	0.0
029	3.0	1.0	1.0	1.0	3.0	6.0	1.0
030	1.0	4.0	1.0	3.0	3.333	8.667	3.0
031	4.0	3.0	2.0	0.0	5.0	10.0	2.0
032	1.0	2.0	1.0	1.0	3.4	5.6	2.0
033	3.0	4.0	2.0	3.0	5.4	9.6	4.0
034	4.0	2.0	4.0	0.0	6.468	11.532	4.0
035	1.0	2.0	1.0	2.0	2.4	3.6	2.0
036	2.0	3.0	2.0	2.0	3.333	8.667	3.0
037	2.0	1.0	1.0	0.0	3.0	6.0	1.0
038	0.0	2.0	0.0	1.0	2.0	4.0	1.0
039	1.0	0.0	1.0	0.0	1.0	2.0	1.0
040	0.0	2.0	0.0	1.0	2.0	4.0	1.0
041	1.0	0.0	0.0	0.0	1.0	2.0	0.0
042	1.0	1.0	1.0	0.0	2.0	4.0	1.0
043	1.0	1.0	1.0	0.0	1.3330000000000002	4.667	1.0
044	0.0	1.0	0.0	1.0	0.3330000000000002	2.667	1.0
045	0.0	0.0	0.0	0.0	0.0	0.0	0.0
046	1.0	5.0	0.0	2.0	3.6660000000000004	11.334	2.0
047	1.0	5.0	0.0	2.0	4.333	10.667	2.0
048	3.0	4.0	1.0	2.0	6.0	12.0	3.0
049	2.0	6.0	1.0	2.0	4.666	13.334	3.0
050	1.0	0.0	1.0	0.0	0.3330000000000002	2.667	1.0
051	3.0	1.0	2.0	1.0	4.0	8.0	3.0
052	1.0	1.0	1.0	0.0	2.0	4.0	1.0
053	3.0	5.0	2.0	4.0	3.3340000000000005	11.666	3.0
054	2.0	3.0	2.0	1.0	5.0	10.0	3.0
055	2.0	0.0	2.0	0.0	2.4	3.6	2.0
056	2.0	0.0	2.0	0.0	2.0	4.0	2.0
057	2.0	1.0	1.0	1.0	1.3330000000000002	4.667	1.0
058	0.0	3.0	0.0	3.0	2.333	6.667	3.0
059	0.0	3.0	0.0	3.0	1.0010000000000003	4.999	2.0
060	2.0	0.0	2.0	0.0	2.0	4.0	2.0
061	3.0	3.0	2.0	2.0	4.0	8.0	3.0
062	2.0	1.0	2.0	1.0	1.6680000000000001	4.332	2.0
063	3.0	0.0	2.0	0.0	3.8	5.2	2.0
064	2.0	3.0	0.0	2.0	4.0	8.0	2.0
065	0.0	0.0	0.0	0.0	0.0	0.0	0.0
066	1.0	0.0	1.0	0.0	1.4	1.6	1.0
067	0.0	0.0	0.0	0.0	0.0	0.0	0.0
068	1.0	0.0	1.0	0.0	1.0	2.0	1.0
069	0.0	0.0	0.0	0.0	0.0	0.0	0.0
070	2.0	1.0	2.0	1.0	0.6660000000000004	5.334	2.0
071	3.0	0.0	1.0	0.0	3.0	6.0	1.0
072	2.0	1.0	2.0	1.0	3.0	6.0	3.0
073	2.0	0.0	1.0	0.0	2.8	3.2	1.0
074	1.0	1.0	1.0	0.0	2.0	4.0	1.0
075	3.0	0.0	1.0	0.0	3.8	5.2	1.0
076	2.0	0.0	2.0	0.0	2.0	4.0	2.0
077	3.0	0.0	1.0	0.0	3.0	6.0	1.0
078	2.0	0.0	2.0	0.0	2.8	3.2	2.0
079	1.0	0.0	1.0	0.0	0.3330000000000002	2.667	1.0
080	2.0	0.0	1.0	0.0	2.0	4.0	1.0
081	3.0	0.0	2.0	0.0	3.8	5.2	2.0
082	0.0	0.0	0.0	0.0	0.0	0.0	0.0
083	1.0	0.0	0.0	0.0	1.0	2.0	0.0
084	2.0	3.0	2.0	2.0	1.9990000000000006	10.001	3.0
085	0.0	0.0	0.0	0.0	0.0	0.0	0.0
086	1.0	0.0	1.0	0.0	1.0	2.0	1.0
087	1.0	1.0	1.0	1.0	1.6680000000000001	4.332	2.0
088	2.0	0.0	2.0	0.0	2.0	4.0	2.0
089	1.0	1.0	0.0	1.0	1.6680000000000001	4.332	1.0
090	2.0	1.0	2.0	0.0	3.0	6.0	2.0
091	2.0	3.0	1.0	3.0	2.333	6.667	2.0
092	0.0	3.0	0.0	2.0	1.6660000000000004	7.334	2.0
093	2.0	6.0	1.0	3.0	5.332000000000001	18.668	4.0
094	3.0	1.0	2.0	0.0	3.0	6.0	2.0
095	4.0	4.0	3.0	2.0	5.4	9.6	3.0
096	1.0	3.0	1.0	3.0	2.333	6.667	3.0
097	0.0	4.0	0.0	1.0	1.9990000000000006	10.001	1.0
098	1.0	6.0	1.0	4.0	3.9990000000000006	14.001	4.0
099	3.0	5.0	1.0	1.0	5.333	12.667	2.0
100	2.0	4.0	1.0	3.0	3.0010000000000003	8.998999999999999	3.0
101	2.0	4.0	1.0	3.0	3.333	8.667	2.0
102	1.0	7.0	1.0	5.0	3.665000000000001	17.335	5.0
103	2.0	3.0	1.0	2.0	5.0	10.0	3.0
104	0.0	1.0	0.0	0.0	0.3330000000000002	2.667	0.0
105	0.0	1.0	0.0	1.0	0.3330000000000002	2.667	1.0
106	1.0	2.0	1.0	2.0	0.3330000000000002	2.667	1.0
107	0.0	0.0	0.0	0.0	0.0	0.0	0.0
108	0.0	0.0	0.0	0.0	0.0	0.0	0.0
109	0.0	0.0	0.0	0.0	0.0	0.0	0.0
110	0.0	0.0	0.0	0.0	0.0	0.0	0.0
111	0.0	0.0	0.0	0.0	0.0	0.0	0.0
112	0.0	0.0	0.0	0.0	0.0	0.0	0.0
113	0.0	0.0	0.0	0.0	0.0	0.0	0.0
114	0.0	0.0	0.0	0.0	0.0	0.0	0.0
115	0.0	0.0	0.0	0.0	0.0	0.0	0.0
116	1.0	1.0	1.0	0.0	2.0	4.0	1.0
117	1.0	0.0	1.0	0.0	0.3330000000000002	2.667	1.0
118	1.0	2.0	1.0	2.0	1.3330000000000002	4.667	2.0
119	2.0	2.0	1.0	2.0	3.0	6.0	2.0
120	2.0	3.0	1.0	3.0	2.668	6.332	2.0
121	3.0	4.0	2.0	3.0	5.0	10.0	3.0
122	0.0	0.0	0.0	0.0	0.0	0.0	0.0
123	2.0	2.0	0.0	2.0	3.333	8.667	2.0
124	0.0	6.0	0.0	4.0	2.9990000000000006	12.001	3.0
125	2.0	2.0	1.0	0.0	1.3320000000000007	10.668	1.0
126	1.0	3.0	1.0	2.0	2.333	6.667	2.0
127	0.0	4.0	0.0	2.0	2.6660000000000004	9.334	2.0
128	2.0	3.0	1.0	0.0	4.0	8.0	1.0
129	1.0	1.0	0.0	1.0	2.0	4.0	1.0
130	2.0	1.0	1.0	1.0	3.0	6.0	2.0
131	3.0	5.0	3.0	4.0	3.333	8.667	3.0
132	1.0	5.0	1.0	2.0	3.333	8.667	2.0
133	1.0	3.0	0.0	3.0	2.333	6.667	2.0
134	2.0	3.0	0.0	1.0	0.9990000000000006	8.001	1.0
135	0.0	6.0	0.0	4.0	2.3320000000000007	12.668	3.0
136	1.0	2.0	1.0	1.0	2.333	6.667	2.0
137	0.0	0.0	0.0	0.0	0.0	0.0	0.0
138	0.0	0.0	0.0	0.0	0.0	0.0	0.0
139	0.0	0.0	0.0	0.0	0.0	0.0	0.0
140	1.0	3.0	1.0	3.0	2.333	6.667	3.0
141	0.0	6.0	0.0	4.0	4.333	10.667	3.0
142	1.0	2.0	1.0	0.0	1.6660000000000004	7.334	1.0
143	1.0	2.0	1.0	1.0	2.333	6.667	2.0
144	2.0	1.0	1.0	0.0	0.6660000000000004	5.334	1.0
145	2.0	2.0	1.0	2.0	3.333	8.667	3.0
146	1.0	4.0	1.0	3.0	2.6660000000000004	9.334	3.0
147	0.0	5.0	0.0	3.0	3.6660000000000004	11.334	3.0
148	1.0	3.0	1.0	3.0	2.0	4.0	2.0
149	1.0	1.0	0.0	1.0	2.0	4.0	1.0
150	1.0	1.0	1.0	1.0	2.0	4.0	2.0
151	0.0	0.0	0.0	0.0	0.0	0.0	0.0
152	0.0	0.0	0.0	0.0	0.0	0.0	0.0
153	0.0	0.0	0.0	0.0	0.0	0.0	0.0
154	0.0	0.0	0.0	0.0	0.0	0.0	0.0
155	0.0	3.0	0.0	2.0	1.6660000000000004	7.334	2.0
156	2.0	1.0	2.0	1.0	1.6660000000000004	7.334	3.0
157	1.0	3.0	0.0	2.0	3.0	6.0	2.0
158	2.0	3.0	2.0	3.0	1.3330000000000002	4.667	2.0
159	0.0	2.0	0.0	1.0	1.3330000000000002	4.667	1.0
160	2.0	2.0	1.0	1.0	3.333	8.667	2.0
161	0.0	0.0	0.0	0.0	0.0	0.0	0.0
162	2.0	3.0	1.0	1.0	3.0	6.0	2.0
163	1.0	1.0	0.0	1.0	2.0	4.0	1.0
164	1.0	3.0	1.0	2.0	1.3320000000000007	10.668	3.0
165	1.0	3.0	0.0	1.0	3.333	8.667	1.0
166	2.0	6.0	1.0	3.0	3.000000000000001	14.999999999999998	4.0
167	0.0	4.0	0.0	2.0	1.9990000000000006	10.001	2.0
168	3.0	5.0	2.0	2.0	4.0	8.0	2.0
169	2.0	3.0	0.0	2.0	4.333	10.667	2.0
170	3.0	3.0	1.0	3.0	3.6660000000000004	11.334	3.0
171	2.0	6.0	1.0	4.0	5.666	15.334	5.0
172	3.0	4.0	1.0	2.0	3.333	8.667	2.0
173	1.0	2.0	1.0	2.0	2.0	4.0	2.0
174	3.0	1.0	2.0	0.0	3.0	6.0	2.0
175	1.0	1.0	1.0	1.0	2.0	4.0	2.0
176	1.0	0.0	1.0	0.0	0.3330000000000002	2.667	1.0
177	1.0	1.0	0.0	1.0	0.6660000000000004	5.334	1.0
178	1.0	0.0	1.0	0.0	1.4	1.6	1.0
179	1.0	0.0	0.0	0.0	1.0	2.0	0.0
180	1.0	0.0	1.0	0.0	1.0	2.0	1.0
181	2.0	0.0	0.0	0.0	2.0	4.0	0.0
182	3.0	2.0	2.0	1.0	4.668	10.332	3.0
183	4.0	0.0	3.0	0.0	4.0	8.0	3.0
184	2.0	1.0	1.0	0.0	3.0	6.0	1.0
185	3.0	1.0	3.0	0.0	4.0	8.0	3.0
186	1.0	5.0	0.0	2.0	1.0010000000000003	7.999	1.0
187	1.0	5.0	0.0	4.0	4.333	10.667	3.0
188	1.0	2.0	0.0	2.0	2.0	4.0	1.0
189	2.0	4.0	0.0	0.0	2.333	6.667	0.0
190	1.0	6.0	1.0	1.0	2.9990000000000006	12.001	1.0
191	0.0	4.0	0.0	2.0	1.9990000000000006	10.001	2.0
192	0.0	0.0	0.0	0.0	0.0	0.0	0.0
193	1.0	2.0	1.0	2.0	1.3330000000000002	4.667	2.0
194	1.0	0.0	1.0	0.0	1.0	2.0	1.0
195	1.0	1.0	1.0	0.0	2.0	4.0	1.0
196	3.0	4.0	1.0	2.0	4.333	10.667	2.0
197	3.0	4.0	1.0	4.0	4.001	10.999	3.0
198	2.0	1.0	2.0	0.0	3.0	6.0	2.0
199	1.0	4.0	1.0	3.0	5.4	9.6	4.0
200	2.0	2.0	2.0	2.0	4.0	8.0	4.0
201	1.0	1.0	1.0	1.0	2.0	4.0	2.0
202	3.0	1.0	2.0	1.0	4.0	8.0	3.0
203	0.0	0.0	0.0	0.0	0.0	0.0	0.0
204	2.0	1.0	0.0	0.0	2.0	4.0	0.0
205	3.0	0.0	2.0	0.0	3.0	6.0	2.0
206	0.0	2.0	0.0	0.0	1.3330000000000002	4.667	0.0
207	2.0	0.0	1.0	0.0	2.4	3.6	1.0
208	1.0	0.0	1.0	0.0	0.3330000000000002	2.667	1.0
209	2.0	0.0	1.0	0.0	2.0	4.0	1.0
210	0.0	0.0	0.0	0.0	0.0	0.0	0.0
211	1.0	0.0	1.0	0.0	0.3330000000000002	2.667	1.0
212	1.0	0.0	0.0	0.0	0.3330000000000002	2.667	0.0
213	3.0	1.0	2.0	1.0	4.0	8.0	3.0
214	0.0	0.0	0.0	0.0	0.0	0.0	0.0
215	3.0	0.0	1.0	0.0	3.0	6.0	1.0
216	2.0	1.0	1.0	0.0	0.9990000000000006	8.001	1.0
217	2.0	0.0	1.0	0.0	0.6660000000000004	5.334	1.0
218	1.0	0.0	1.0	0.0	1.0	2.0	1.0
219	3.0	1.0	1.0	1.0	1.3320000000000007	10.668	2.0
220	2.0	1.0	2.0	0.0	0.9990000000000006	8.001	2.0
221	1.0	0.0	1.0	0.0	1.0	2.0	1.0
222	1.0	0.0	1.0	0.0	0.3330000000000002	2.667	1.0
223	2.0	0.0	2.0	0.0	2.0	4.0	2.0
224	3.0	3.0	2.0	1.0	5.333	12.667	3.0
225	2.0	4.0	0.0	2.0	4.666	13.334	2.0
226	2.0	2.0	2.0	2.0	3.0	6.0	3.0
227	2.0	4.0	1.0	1.0	4.666	13.334	2.0
228	3.0	4.0	1.0	1.0	5.668	12.332	2.0
229	2.0	5.0	1.0	3.0	3.333	8.667	2.0
230	1.0	1.0	1.0	1.0	0.3330000000000002	2.667	1.0
231	0.0	2.0	0.0	1.0	2.0	4.0	1.0
232	1.0	1.0	0.0	0.0	1.0	2.0	0.0
233	0.0	0.0	0.0	0.0	0.0	0.0	0.0
234	0.0	0.0	0.0	0.0	0.0	0.0	0.0
235	0.0	1.0	0.0	1.0	1.0	2.0	1.0
236	0.0	1.0	0.0	1.0	1.0	2.0	1.0
237	1.0	2.0	1.0	1.0	2.333	6.667	2.0
238	0.0	2.0	0.0	1.0	0.6660000000000004	5.334	1.0
239	2.0	1.0	0.0	1.0	1.6660000000000004	7.334	1.0
240	0.0	2.0	0.0	1.0	1.3330000000000002	4.667	1.0
241	0.0	1.0	0.0	0.0	0.3330000000000002	2.667	0.0
242	1.0	5.0	1.0	3.0	2.0020000000000007	9.998	2.0
243	1.0	2.0	0.0	0.0	0.9990000000000006	8.001	0.0
244	0.0	2.0	0.0	2.0	2.0	4.0	2.0
245	2.0	2.0	2.0	1.0	1.3330000000000002	7.667	2.0
246	3.0	2.0	2.0	1.0	1.6660000000000004	7.334	2.0
247	3.0	0.0	2.0	0.0	3.0	6.0	2.0
248	2.0	1.0	2.0	1.0	1.3330000000000002	4.667	2.0
249	2.0	3.0	1.0	1.0	4.0	8.0	2.0
250	2.0	5.0	1.0	3.0	4.666	13.334	3.0
251	0.0	3.0	0.0	3.0	1.6660000000000004	7.334	3.0
252	0.0	1.0	0.0	1.0	1.0	2.0	1.0
253	0.0	0.0	0.0	0.0	0.0	0.0	0.0
254	0.0	0.0	0.0	0.0	0.0	0.0	0.0
255	1.0	4.0	1.0	2.0	3.333	8.667	3.0
256	3.0	3.0	1.0	2.0	2.6660000000000004	9.334	2.0
257	3.0	5.0	2.0	5.0	4.001	13.998999999999999	5.0
258	1.0	6.0	1.0	0.0	1.6670000000000007	13.333	1.0
259	3.0	2.0	1.0	0.0	2.6660000000000004	9.334	1.0
260	3.0	3.0	2.0	3.0	3.6660000000000004	11.334	4.0
261	2.0	5.0	2.0	3.0	4.333	13.667	4.0
262	3.0	4.0	3.0	4.0	4.333	10.667	5.0
263	2.0	4.0	2.0	2.0	3.3320000000000007	14.668	4.0
264	0.0	0.0	0.0	0.0	0.0	0.0	0.0
265	2.0	2.0	1.0	1.0	1.9990000000000006	10.001	2.0
266	2.0	0.0	2.0	0.0	0.6660000000000004	5.334	2.0
267	2.0	0.0	1.0	0.0	2.0	4.0	1.0
268	3.0	0.0	1.0	0.0	3.0	6.0	1.0
269	4.0	2.0	3.0	2.0	4.068	7.932	3.0
270	2.0	0.0	1.0	0.0	0.6660000000000004	5.334	1.0
271	3.0	3.0	3.0	1.0	5.133	9.867	3.0
272	2.0	1.0	1.0	1.0	0.9990000000000006	8.001	2.0
273	3.0	0.0	2.0	0.0	3.0	6.0	2.0
274	1.0	5.0	1.0	4.0	3.3360000000000003	11.664	4.0
275	1.0	5.0	0.0	2.0	2.3320000000000007	12.668	2.0
276	1.0	4.0	1.0	2.0	1.3330000000000002	4.667	1.0
277	2.0	0.0	0.0	0.0	2.0	4.0	0.0
278	0.0	0.0	0.0	0.0	0.0	0.0	0.0
279	2.0	3.0	2.0	2.0	3.6660000000000004	11.334	4.0
280	1.0	0.0	1.0	0.0	1.0	2.0	1.0
281	3.0	0.0	2.0	0.0	3.0	6.0	2.0
282	2.0	0.0	1.0	0.0	0.6660000000000004	5.334	1.0
283	0.0	0.0	0.0	0.0	0.0	0.0	0.0
284	0.0	0.0	0.0	0.0	0.0	0.0	0.0
285	2.0	0.0	1.0	0.0	0.6660000000000004	5.334	1.0
286	2.0	0.0	1.0	0.0	1.6680000000000001	4.332	1.0
287	1.0	0.0	1.0	0.0	1.4	1.6	1.0
288	2.0	1.0	1.0	1.0	3.0	6.0	2.0
289	1.0	1.0	1.0	1.0	0.6660000000000004	5.334	2.0
290	4.0	0.0	3.0	0.0	3.4040000000000004	8.596	3.0
291	3.0	0.0	2.0	0.0	4.199999999999999	4.800000000000001	2.0
292	3.0	2.0	2.0	1.0	5.0	10.0	3.0
293	1.0	0.0	1.0	0.0	0.3330000000000002	2.667	1.0
294	1.0	1.0	1.0	1.0	1.0	2.0	1.0
295	0.0	0.0	0.0	0.0	0.0	0.0	0.0
296	2.0	3.0	2.0	3.0	1.6660000000000004	7.334	3.0
297	2.0	2.0	2.0	1.0	1.3320000000000007	10.668	3.0
298	2.0	2.0	2.0	0.0	3.333	8.667	2.0
299	3.0	0.0	2.0	0.0	3.068	5.932	2.0
300	1.0	1.0	1.0	1.0	1.6680000000000001	4.332	2.0
301	2.0	4.0	0.0	2.0	2.333000000000001	15.667	2.0
302	0.0	1.0	0.0	1.0	0.3330000000000002	2.667	1.0
303	3.0	1.0	1.0	0.0	3.0	6.0	1.0
304	2.0	4.0	2.0	3.0	4.668	10.332	4.0
305	1.0	0.0	1.0	0.0	0.3330000000000002	2.667	1.0
306	0.0	3.0	0.0	1.0	1.6690000000000005	7.3309999999999995	1.0
307	2.0	2.0	1.0	1.0	3.0040000000000004	8.995999999999999	2.0
308	3.0	3.0	3.0	2.0	5.668	12.332	5.0
309	2.0	5.0	1.0	3.0	3.3320000000000007	14.668	3.0
310	4.0	0.0	3.0	0.0	2.668	6.332	2.0
311	2.0	2.0	0.0	2.0	1.6660000000000004	7.334	1.0
312	0.0	0.0	0.0	0.0	0.0	0.0	0.0
313	0.0	2.0	0.0	2.0	1.3360000000000003	4.664	2.0
314	1.0	0.0	1.0	0.0	1.0	2.0	1.0
315	2.0	1.0	1.0	1.0	2.333	6.667	2.0
316	1.0	3.0	1.0	1.0	3.068	8.932	2.0
317	3.0	1.0	1.0	1.0	3.668	8.332	2.0
318	3.0	3.0	3.0	2.0	5.0	10.0	4.0
319	0.0	3.0	0.0	2.0	0.9990000000000006	8.001	2.0
320	0.0	7.0	0.0	3.0	4.0040000000000004	16.996000000000002	3.0
321	1.0	0.0	0.0	0.0	0.6680000000000001	2.332	0.0
