pos	Sd	Nd	Sd_tip	Nd_tip	S	N	comparisons
001	0.0	0.0	0.0	0.0	0.0	0.0	0.0
002	0.0	0.0	0.0	0.0	0.0	0.0	0.0
003	0.0	0.0	0.0	0.0	0.0	0.0	0.0
004	2.0	1.0	2.0	1.0	1.0	2.0	1.0
005	0.0	2.0	0.0	2.0	0.6660000000000004	5.334	2.0
006	0.0	1.0	0.0	1.0	0.3330000000000002	2.667	1.0
007	3.0	1.0	2.0	1.0	4.0	8.0	3.0
008	1.0	0.0	1.0	0.0	0.3330000000000002	2.667	1.0
009	3.0	0.0	2.0	0.0	3.0	6.0	2.0
010	0.0	0.0	0.0	0.0	0.0	0.0	0.0
011	1.0	0.0	1.0	0.0	1.0	2.0	1.0
012	1.0	1.0	1.0	1.0	1.6680000000000001	4.332	2.0
013	1.0	2.0	1.0	2.0	0.3330000000000002	2.667	1.0
014	1.0	1.0	1.0	1.0	1.3330000000000002	4.667	2.0
015	2.0	0.0	2.0	0.0	0.6660000000000004	5.334	2.0
016	2.0	1.0	2.0	0.0	0.9990000000000006	8.001	2.0
017	2.0	3.0	2.0	2.0	2.6660000000000004	9.334	3.0
018	2.0	1.0	2.0	1.0	1.3340000000000005	7.6659999999999995	3.0
019	3.0	0.0	2.0	0.0	3.0	6.0	2.0
020	0.0	3.0	0.0	2.0	2.068	6.932	2.0
021	2.0	1.0	1.0	0.0	0.9990000000000006	8.001	1.0
022	0.0	0.0	0.0	0.0	0.0	0.0	0.0
023	2.0	0.0	1.0	0.0	2.0	4.0	1.0
024	4.0	0.0	2.0	0.0	4.0	8.0	2.0
025	0.0	0.0	0.0	0.0	0.0	0.0	0.0
026	2.0	0.0	1.0	0.0	2.0	4.0	1.0
027	5.0	0.0	4.0	0.0	5.068	9.932	4.0
028	2.0	1.0	1.0	1.0	0.9990000000000006	8.001	2.0
029	1.0	0.0	1.0	0.0	0.3330000000000002	2.667	1.0
030	4.0	0.0	1.0	0.0	3.8	5.2	1.0
031	1.0	1.0	0.0	1.0	2.0	4.0	1.0
032	0.0	0.0	0.0	0.0	0.0	0.0	0.0
033	1.0	0.0	1.0	0.0	0.3330000000000002	2.667	1.0
034	1.0	0.0	1.0	0.0	0.6680000000000001	2.332	1.0
035	1.0	0.0	0.0	0.0	0.3330000000000002	2.667	0.0
036	3.0	1.0	2.0	1.0	2.333	6.667	2.0
037	1.0	2.0	1.0	1.0	2.733	6.2669999999999995	2.0
038	0.0	0.0	0.0	0.0	0.0	0.0	0.0
039	1.0	5.0	1.0	3.0	3.333	11.667	3.0
040	2.0	0.0	2.0	0.0	0.6660000000000004	5.334	2.0
041	1.0	0.0	1.0	0.0	1.0	2.0	1.0
042	2.0	4.0	2.0	2.0	4.133	7.866999999999999	3.0
043	1.0	0.0	1.0	0.0	0.3330000000000002	2.667	1.0
044	0.0	0.0	0.0	0.0	0.0	0.0	0.0
045	2.0	0.0	1.0	0.0	0.6660000000000004	5.334	1.0
046	2.0	0.0	0.0	0.0	2.0	4.0	0.0
047	2.0	0.0	1.0	0.0	2.0	4.0	1.0
048	2.0	0.0	1.0	0.0	2.0	4.0	1.0
049	2.0	0.0	1.0	0.0	2.0	4.0	1.0
050	1.0	1.0	1.0	1.0	1.3330000000000002	4.667	2.0
051	1.0	1.0	0.0	1.0	2.0	4.0	1.0
052	2.0	0.0	1.0	0.0	2.0	4.0	1.0
053	2.0	0.0	1.0	0.0	2.4	3.6	1.0
054	1.0	1.0	1.0	1.0	0.6660000000000004	5.334	2.0
055	2.0	0.0	1.0	0.0	2.0	4.0	1.0
056	1.0	2.0	1.0	1.0	1.6660000000000004	7.334	2.0
057	1.0	1.0	1.0	1.0	1.3330000000000002	4.667	2.0
058	1.0	0.0	1.0	0.0	0.3330000000000002	2.667	1.0
059	0.0	0.0	0.0	0.0	0.0	0.0	0.0
060	2.0	0.0	1.0	0.0	2.4	3.6	1.0
061	2.0	0.0	1.0	0.0	2.4	3.6	1.0
062	1.0	0.0	0.0	0.0	1.0	2.0	0.0
063	0.0	0.0	0.0	0.0	0.0	0.0	0.0
064	2.0	0.0	1.0	0.0	2.4	3.6	1.0
065	1.0	0.0	1.0	0.0	0.3330000000000002	2.667	1.0
066	1.0	3.0	1.0	2.0	2.333	6.667	2.0
067	1.0	0.0	1.0	0.0	1.0	2.0	1.0
068	0.0	0.0	0.0	0.0	0.0	0.0	0.0
069	1.0	1.0	0.0	0.0	0.6660000000000004	5.334	0.0
070	2.0	2.0	2.0	2.0	1.0010000000000003	4.999	2.0
071	0.0	1.0	0.0	1.0	1.0	2.0	1.0
072	1.0	1.0	0.0	1.0	1.3330000000000002	4.667	1.0
073	1.0	0.0	0.0	0.0	0.3330000000000002	2.667	0.0
074	1.0	0.0	1.0	0.0	0.3330000000000002	2.667	1.0
075	1.0	2.0	1.0	2.0	2.668	6.332	3.0
076	0.0	2.0	0.0	2.0	1.0	2.0	1.0
077	0.0	2.0	0.0	2.0	1.0	2.0	1.0
078	0.0	0.0	0.0	0.0	0.0	0.0	0.0
079	1.0	2.0	1.0	2.0	1.0	2.0	1.0
080	1.0	0.0	1.0	0.0	0.3330000000000002	2.667	1.0
081	2.0	2.0	2.0	2.0	2.4	3.6	2.0
082	3.0	2.0	1.0	2.0	1.6660000000000004	7.334	1.0
083	3.0	0.0	1.0	0.0	3.0	6.0	1.0
084	0.0	3.0	0.0	3.0	0.6660000000000004	5.334	2.0
085	3.0	0.0	1.0	0.0	3.0	6.0	1.0
086	0.0	1.0	0.0	1.0	1.0	2.0	1.0
087	2.0	1.0	1.0	1.0	2.0	4.0	1.0
088	1.0	3.0	0.0	3.0	2.333	6.667	2.0
089	2.0	2.0	2.0	1.0	0.9990000000000006	8.001	2.0
090	1.0	0.0	1.0	0.0	1.0	2.0	1.0
091	2.0	0.0	1.0	0.0	2.0	4.0	1.0
092	2.0	0.0	1.0	0.0	2.0	4.0	1.0
093	1.0	2.0	0.0	0.0	2.0	4.0	0.0
094	0.0	1.0	0.0	0.0	0.3330000000000002	2.667	0.0
095	1.0	0.0	1.0	0.0	0.3330000000000002	2.667	1.0
096	3.0	1.0	3.0	1.0	0.9990000000000006	8.001	3.0
097	1.0	0.0	1.0	0.0	0.6680000000000001	2.332	1.0
098	3.0	0.0	2.0	0.0	3.4	5.6	2.0
099	2.0	4.0	2.0	4.0	3.4	5.6	3.0
100	2.0	2.0	2.0	2.0	1.3330000000000002	4.667	2.0
101	1.0	0.0	1.0	0.0	1.4	1.6	1.0
102	0.0	1.0	0.0	1.0	1.0	2.0	1.0
103	0.0	0.0	0.0	0.0	0.0	0.0	0.0
104	0.0	0.0	0.0	0.0	0.0	0.0	0.0
105	1.0	0.0	1.0	0.0	0.3330000000000002	2.667	1.0
106	3.0	1.0	2.0	1.0	2.668	6.332	2.0
107	1.0	0.0	1.0	0.0	0.3330000000000002	2.667	1.0
108	1.0	0.0	1.0	0.0	1.0	2.0	1.0
109	1.0	1.0	0.0	1.0	1.3330000000000002	4.667	1.0
110	3.0	0.0	1.0	0.0	3.0	6.0	1.0
111	1.0	0.0	0.0	0.0	0.3330000000000002	2.667	0.0
112	0.0	0.0	0.0	0.0	0.0	0.0	0.0
113	1.0	1.0	1.0	1.0	1.0	2.0	1.0
114	2.0	0.0	1.0	0.0	2.0	4.0	1.0
115	0.0	1.0	0.0	1.0	0.3330000000000002	2.667	1.0
116	2.0	0.0	1.0	0.0	2.0	4.0	1.0
117	3.0	0.0	1.0	0.0	3.0	6.0	1.0
118	1.0	1.0	1.0	1.0	2.0	4.0	2.0
119	1.0	0.0	1.0	0.0	0.3330000000000002	2.667	1.0
120	2.0	1.0	1.0	0.0	3.0	6.0	1.0
121	1.0	1.0	0.0	1.0	2.0	4.0	1.0
122	2.0	2.0	0.0	2.0	1.0010000000000003	4.999	1.0
123	1.0	1.0	0.0	1.0	0.6660000000000004	5.334	1.0
124	4.0	1.0	3.0	1.0	4.068	7.932	3.0
125	1.0	0.0	1.0	0.0	1.0	2.0	1.0
126	2.0	1.0	1.0	0.0	3.0	6.0	1.0
127	3.0	2.0	2.0	0.0	4.0	8.0	2.0
128	4.0	3.0	2.0	1.0	6.0	12.0	3.0
129	2.0	3.0	1.0	0.0	4.0	8.0	1.0
130	2.0	2.0	1.0	1.0	2.333	6.667	1.0
131	1.0	3.0	1.0	2.0	3.0	6.0	2.0
132	1.0	0.0	1.0	0.0	1.0	2.0	1.0
133	2.0	4.0	2.0	4.0	3.333	8.667	4.0
134	1.0	3.0	1.0	2.0	2.333	6.667	2.0
135	1.0	1.0	0.0	1.0	2.0	4.0	1.0
136	2.0	2.0	0.0	0.0	2.333	6.667	0.0
137	0.0	0.0	0.0	0.0	0.0	0.0	0.0
138	2.0	2.0	1.0	2.0	1.0010000000000003	4.999	1.0
139	2.0	1.0	1.0	1.0	3.0	6.0	2.0
140	3.0	3.0	3.0	1.0	5.333	12.667	4.0
141	3.0	0.0	3.0	0.0	3.8	5.2	3.0
142	1.0	2.0	0.0	0.0	0.9990000000000006	8.001	0.0
143	1.0	1.0	0.0	0.0	0.6660000000000004	5.334	0.0
144	2.0	0.0	0.0	0.0	2.0	4.0	0.0
145	0.0	0.0	0.0	0.0	0.0	0.0	0.0
146	3.0	1.0	2.0	1.0	1.3330000000000002	4.667	1.0
147	2.0	2.0	2.0	1.0	3.333	8.667	3.0
148	3.0	1.0	1.0	1.0	4.4	7.6	2.0
149	2.0	0.0	2.0	0.0	2.0	4.0	2.0
150	1.0	3.0	1.0	2.0	2.6660000000000004	9.334	3.0
151	0.0	0.0	0.0	0.0	0.0	0.0	0.0
152	4.0	0.0	2.0	0.0	4.0	8.0	2.0
153	3.0	2.0	1.0	2.0	3.333	8.667	2.0
154	1.0	0.0	1.0	0.0	0.3330000000000002	2.667	1.0
155	0.0	0.0	0.0	0.0	0.0	0.0	0.0
156	1.0	0.0	0.0	0.0	1.0	2.0	0.0
157	0.0	2.0	0.0	2.0	1.0	2.0	1.0
158	4.0	3.0	2.0	2.0	4.3340000000000005	13.665999999999999	4.0
159	1.0	0.0	1.0	0.0	0.3330000000000002	2.667	1.0
160	3.0	0.0	2.0	0.0	3.0	6.0	2.0
161	2.0	1.0	1.0	1.0	3.068	5.932	2.0
162	2.0	0.0	2.0	0.0	0.6660000000000004	5.334	2.0
163	0.0	0.0	0.0	0.0	0.0	0.0	0.0
164	2.0	0.0	2.0	0.0	2.0	4.0	2.0
165	1.0	0.0	1.0	0.0	1.0	2.0	1.0
166	2.0	0.0	0.0	0.0	0.6660000000000004	5.334	0.0
167	2.0	0.0	2.0	0.0	2.0	4.0	2.0
168	0.0	0.0	0.0	0.0	0.0	0.0	0.0
169	2.0	0.0	1.0	0.0	2.0	4.0	1.0
170	3.0	4.0	1.0	2.0	4.666	13.334	2.0
171	0.0	1.0	0.0	1.0	1.0	2.0	1.0
172	1.0	0.0	1.0	0.0	0.3330000000000002	2.667	1.0
173	0.0	0.0	0.0	0.0	0.0	0.0	0.0
174	2.0	0.0	1.0	0.0	0.6660000000000004	5.334	1.0
175	3.0	3.0	3.0	2.0	2.333	6.667	2.0
176	1.0	0.0	1.0	0.0	1.0	2.0	1.0
177	1.0	2.0	1.0	1.0	1.3360000000000003	4.664	1.0
178	1.0	0.0	1.0	0.0	0.3330000000000002	2.667	1.0
179	2.0	1.0	1.0	1.0	0.9990000000000006	8.001	2.0
180	0.0	0.0	0.0	0.0	0.0	0.0	0.0
181	2.0	0.0	0.0	0.0	1.0	2.0	0.0
182	1.0	1.0	1.0	1.0	0.3330000000000002	2.667	1.0
183	2.0	0.0	1.0	0.0	2.0	4.0	1.0
184	1.0	0.0	0.0	0.0	1.4	1.6	0.0
185	1.0	2.0	1.0	1.0	1.6660000000000004	7.334	2.0
186	3.0	0.0	1.0	0.0	2.668	6.332	1.0
187	2.0	4.0	1.0	3.0	2.6660000000000004	9.334	2.0
188	4.0	0.0	2.0	0.0	3.3360000000000003	8.664	2.0
189	1.0	0.0	1.0	0.0	0.3330000000000002	2.667	1.0
190	1.0	1.0	0.0	0.0	0.6660000000000004	5.334	0.0
191	0.0	2.0	0.0	2.0	1.0	2.0	1.0
192	3.0	1.0	1.0	0.0	1.3320000000000007	10.668	1.0
193	0.0	3.0	0.0	1.0	0.9990000000000006	8.001	1.0
194	1.0	4.0	1.0	0.0	1.3320000000000007	10.668	1.0
195	0.0	3.0	0.0	2.0	0.9990000000000006	8.001	2.0
196	0.0	2.0	0.0	1.0	0.6660000000000004	5.334	1.0
197	2.0	1.0	1.0	1.0	0.9990000000000006	8.001	2.0
198	1.0	4.0	1.0	3.0	1.3320000000000007	10.668	3.0
199	1.0	4.0	1.0	1.0	1.9990000000000006	10.001	2.0
200	1.0	2.0	1.0	2.0	0.9990000000000006	8.001	3.0
201	1.0	1.0	0.0	1.0	0.6660000000000004	5.334	1.0
202	1.0	1.0	1.0	1.0	1.0	2.0	1.0
203	0.0	1.0	0.0	1.0	0.3330000000000002	2.667	1.0
204	1.0	1.0	1.0	0.0	1.3330000000000002	4.667	1.0
205	1.0	3.0	1.0	0.0	2.6660000000000004	9.334	1.0
206	2.0	2.0	0.0	0.0	2.333	6.667	0.0
207	3.0	1.0	1.0	0.0	3.333	8.667	1.0
208	1.0	4.0	1.0	1.0	2.6660000000000004	9.334	2.0
209	2.0	2.0	2.0	2.0	2.0	4.0	2.0
210	2.0	1.0	1.0	1.0	0.9990000000000006	8.001	2.0
211	2.0	1.0	0.0	0.0	2.0	4.0	0.0
212	2.0	0.0	2.0	0.0	0.6660000000000004	5.334	2.0
213	2.0	1.0	2.0	1.0	2.668	6.332	3.0
214	2.0	1.0	0.0	1.0	2.668	6.332	1.0
215	0.0	0.0	0.0	0.0	0.0	0.0	0.0
216	3.0	3.0	1.0	1.0	3.333	8.667	1.0
217	1.0	1.0	0.0	1.0	1.3330000000000002	4.667	1.0
218	0.0	2.0	0.0	2.0	1.0	2.0	1.0
219	3.0	5.0	1.0	4.0	4.9990000000000006	16.000999999999998	5.0
220	0.0	3.0	0.0	1.0	0.9990000000000006	8.001	1.0
221	0.0	0.0	0.0	0.0	0.0	0.0	0.0
222	0.0	0.0	0.0	0.0	0.0	0.0	0.0
223	0.0	4.0	0.0	1.0	2.333	6.667	1.0
224	1.0	2.0	1.0	2.0	1.3330000000000002	4.667	2.0
225	1.0	3.0	0.0	0.0	2.333	6.667	0.0
226	1.0	3.0	1.0	1.0	3.0	6.0	2.0
227	0.0	4.0	0.0	3.0	2.6660000000000004	9.334	3.0
228	1.0	1.0	0.0	0.0	0.3330000000000002	2.667	0.0
229	2.0	2.0	2.0	1.0	3.0	6.0	2.0
230	0.0	2.0	0.0	2.0	1.0	2.0	1.0
231	3.0	5.0	2.0	3.0	6.401000000000001	14.599	5.0
232	2.0	2.0	2.0	2.0	2.333	6.667	3.0
233	2.0	0.0	2.0	0.0	2.0	4.0	2.0
234	3.0	0.0	2.0	0.0	3.0	6.0	2.0
235	1.0	0.0	1.0	0.0	0.3330000000000002	2.667	1.0
236	2.0	0.0	1.0	0.0	2.0	4.0	1.0
237	1.0	0.0	0.0	0.0	0.3330000000000002	2.667	0.0
238	0.0	2.0	0.0	1.0	2.4	3.6	1.0
239	2.0	1.0	0.0	1.0	2.4010000000000002	6.599	1.0
240	1.0	0.0	0.0	0.0	0.3330000000000002	2.667	0.0
241	0.0	0.0	0.0	0.0	0.0	0.0	0.0
242	1.0	0.0	1.0	0.0	0.3330000000000002	2.667	1.0
243	1.0	3.0	1.0	2.0	3.0	6.0	2.0
244	1.0	0.0	1.0	0.0	1.0	2.0	1.0
245	2.0	2.0	2.0	1.0	2.0010000000000003	6.999	2.0
246	2.0	0.0	1.0	0.0	2.0	4.0	1.0
247	2.0	0.0	1.0	0.0	0.6660000000000004	5.334	1.0
248	3.0	0.0	1.0	0.0	0.9990000000000006	8.001	1.0
249	1.0	1.0	0.0	1.0	0.6660000000000004	5.334	1.0
250	3.0	0.0	1.0	0.0	2.736	6.263999999999999	1.0
251	2.0	2.0	2.0	2.0	1.3330000000000002	4.667	2.0
252	4.0	2.0	3.0	2.0	3.6660000000000004	11.334	4.0
253	3.0	0.0	2.0	0.0	0.9990000000000006	8.001	2.0
254	2.0	0.0	1.0	0.0	2.0	4.0	1.0
255	0.0	1.0	0.0	0.0	0.3330000000000002	2.667	0.0
256	3.0	1.0	0.0	1.0	3.0690000000000004	8.931	1.0
257	1.0	2.0	1.0	2.0	1.733	4.2669999999999995	2.0
258	1.0	2.0	1.0	2.0	0.6660000000000004	5.334	2.0
259	0.0	3.0	0.0	3.0	1.3330000000000002	4.667	2.0
260	3.0	0.0	3.0	0.0	3.0	6.0	3.0
261	2.0	1.0	1.0	1.0	3.0	6.0	2.0
262	2.0	3.0	2.0	3.0	2.333	6.667	3.0
263	1.0	1.0	1.0	1.0	0.6680000000000001	2.332	1.0
264	3.0	2.0	2.0	2.0	3.0	6.0	2.0
265	1.0	0.0	1.0	0.0	1.0	2.0	1.0
266	3.0	2.0	1.0	2.0	3.0010000000000003	8.998999999999999	2.0
267	0.0	1.0	0.0	1.0	0.6680000000000001	2.332	1.0
268	2.0	1.0	0.0	1.0	3.0	6.0	1.0
269	1.0	3.0	0.0	1.0	4.0	8.0	1.0
270	1.0	2.0	1.0	2.0	1.0	2.0	1.0
271	1.0	3.0	1.0	2.0	1.6660000000000004	7.334	2.0
272	1.0	1.0	0.0	0.0	1.0	2.0	0.0
273	0.0	0.0	0.0	0.0	0.0	0.0	0.0
274	0.0	0.0	0.0	0.0	0.0	0.0	0.0
275	0.0	0.0	0.0	0.0	0.0	0.0	0.0
276	0.0	0.0	0.0	0.0	0.0	0.0	0.0
277	0.0	0.0	0.0	0.0	0.0	0.0	0.0
278	0.0	0.0	0.0	0.0	0.0	0.0	0.0
