pos	Sd	Nd	Sd_tip	Nd_tip	S	N	comparisons
001	0.0	0.0	0.0	0.0	0.0	0.0	0.0
002	0.0	0.0	0.0	0.0	0.0	0.0	0.0
003	0.0	0.0	0.0	0.0	0.0	0.0	0.0
004	0.0	0.0	0.0	0.0	0.0	0.0	0.0
005	0.0	0.0	0.0	0.0	0.0	0.0	0.0
006	0.0	0.0	0.0	0.0	0.0	0.0	0.0
007	0.0	0.0	0.0	0.0	0.0	0.0	0.0
008	0.0	0.0	0.0	0.0	0.0	0.0	0.0
009	0.0	0.0	0.0	0.0	0.0	0.0	0.0
010	0.0	0.0	0.0	0.0	0.0	0.0	0.0
011	0.0	0.0	0.0	0.0	0.0	0.0	0.0
012	0.0	0.0	0.0	0.0	0.0	0.0	0.0
013	0.0	0.0	0.0	0.0	0.0	0.0	0.0
014	0.0	0.0	0.0	0.0	0.0	0.0	0.0
015	0.0	0.0	0.0	0.0	0.0	0.0	0.0
016	0.0	0.0	0.0	0.0	0.0	0.0	0.0
017	0.0	0.0	0.0	0.0	0.0	0.0	0.0
018	0.0	0.0	0.0	0.0	0.0	0.0	0.0
019	0.0	0.0	0.0	0.0	0.0	0.0	0.0
020	0.0	0.0	0.0	0.0	0.0	0.0	0.0
021	0.0	0.0	0.0	0.0	0.0	0.0	0.0
022	0.0	0.0	0.0	0.0	0.0	0.0	0.0
023	0.0	0.0	0.0	0.0	0.0	0.0	0.0
024	0.0	0.0	0.0	0.0	0.0	0.0	0.0
025	0.0	0.0	0.0	0.0	0.0	0.0	0.0
026	0.0	0.0	0.0	0.0	0.0	0.0	0.0
027	0.0	0.0	0.0	0.0	0.0	0.0	0.0
028	0.0	0.0	0.0	0.0	0.0	0.0	0.0
029	0.0	0.0	0.0	0.0	0.0	0.0	0.0
030	0.0	2.0	0.0	0.0	1.0	2.0	0.0
031	1.0	2.0	0.0	0.0	2.0	4.0	0.0
032	1.0	1.0	0.0	0.0	1.3330000000000002	4.667	0.0
033	0.0	0.0	0.0	0.0	0.0	0.0	0.0
034	1.0	1.0	0.0	0.0	1.0	2.0	0.0
035	0.0	1.0	0.0	0.0	0.3330000000000002	2.667	0.0
036	1.0	1.0	0.0	0.0	0.6680000000000001	2.332	0.0
037	0.0	2.0	0.0	0.0	1.3330000000000002	4.667	0.0
038	0.0	0.0	0.0	0.0	0.0	0.0	0.0
039	0.0	0.0	0.0	0.0	0.0	0.0	0.0
040	0.0	0.0	0.0	0.0	0.0	0.0	0.0
041	1.0	2.0	0.0	0.0	0.3330000000000002	2.667	0.0
042	1.0	1.0	0.0	0.0	0.0	3.0	0.0
043	3.0	1.0	0.0	0.0	2.0	4.0	0.0
044	1.0	4.0	0.0	0.0	2.333	6.667	0.0
045	1.0	1.0	0.0	0.0	2.0	4.0	0.0
046	2.0	3.0	0.0	0.0	2.333	6.667	0.0
047	1.0	1.0	0.0	0.0	1.0	2.0	0.0
048	1.0	2.0	0.0	0.0	1.6680000000000001	4.332	0.0
049	0.0	1.0	0.0	0.0	0.3330000000000002	2.667	0.0
050	0.0	2.0	0.0	0.0	0.3330000000000002	2.667	0.0
051	0.0	2.0	0.0	0.0	1.3330000000000002	4.667	0.0
052	0.0	2.0	0.0	0.0	0.3330000000000002	2.667	0.0
053	1.0	2.0	0.0	0.0	0.3330000000000002	2.667	0.0
054	0.0	3.0	0.0	0.0	1.3330000000000002	4.667	0.0
055	1.0	1.0	0.0	0.0	1.0	2.0	0.0
056	1.0	0.0	0.0	0.0	1.0	2.0	0.0
057	0.0	1.0	0.0	0.0	0.6680000000000001	2.332	0.0
058	0.0	1.0	0.0	0.0	0.3330000000000002	2.667	0.0
059	0.0	0.0	0.0	0.0	0.0	0.0	0.0
060	0.0	0.0	0.0	0.0	0.0	0.0	0.0
061	1.0	1.0	0.0	0.0	1.0	2.0	0.0
062	0.0	0.0	0.0	0.0	0.0	0.0	0.0
063	1.0	0.0	0.0	0.0	0.3330000000000002	2.667	0.0
064	1.0	2.0	0.0	0.0	2.4	3.6	0.0
065	0.0	1.0	0.0	0.0	1.0	2.0	0.0
066	1.0	0.0	0.0	0.0	1.0	2.0	0.0
067	0.0	1.0	0.0	0.0	0.6680000000000001	2.332	0.0
068	1.0	3.0	0.0	0.0	2.333	6.667	0.0
069	0.0	3.0	0.0	0.0	0.6660000000000004	5.334	0.0
070	1.0	2.0	0.0	0.0	1.3330000000000002	4.667	0.0
071	0.0	0.0	0.0	0.0	0.0	0.0	0.0
072	2.0	2.0	1.0	2.0	1.3330000000000002	4.667	1.0
073	1.0	0.0	1.0	0.0	1.0	2.0	1.0
074	1.0	0.0	1.0	0.0	1.0	2.0	1.0
075	1.0	1.0	0.0	0.0	2.0	4.0	0.0
076	2.0	0.0	0.0	0.0	2.0	4.0	0.0
077	2.0	1.0	2.0	1.0	2.0	4.0	2.0
078	0.0	2.0	0.0	2.0	1.0	2.0	1.0
079	0.0	1.0	0.0	1.0	1.0	2.0	1.0
080	2.0	1.0	1.0	0.0	3.0	6.0	1.0
081	1.0	1.0	1.0	1.0	1.0	2.0	1.0
082	1.0	1.0	1.0	1.0	1.0	2.0	1.0
083	3.0	2.0	2.0	0.0	4.333	10.667	2.0
084	2.0	3.0	0.0	2.0	3.333	8.667	1.0
085	1.0	2.0	0.0	2.0	1.3330000000000002	4.667	1.0
086	1.0	1.0	0.0	1.0	2.0	4.0	1.0
087	1.0	2.0	1.0	2.0	1.0	2.0	1.0
088	1.0	2.0	0.0	2.0	2.0	4.0	1.0
089	1.0	2.0	0.0	0.0	0.3330000000000002	2.667	0.0
090	1.0	1.0	0.0	1.0	1.3330000000000002	4.667	1.0
091	1.0	1.0	0.0	1.0	1.6680000000000001	4.332	1.0
092	0.0	1.0	0.0	0.0	1.0	2.0	0.0
093	0.0	2.0	0.0	0.0	1.0	2.0	0.0
094	1.0	3.0	0.0	1.0	1.9990000000000006	10.001	1.0
095	0.0	2.0	0.0	1.0	2.0	4.0	1.0
096	0.0	1.0	0.0	1.0	0.3330000000000002	2.667	1.0
097	0.0	0.0	0.0	0.0	0.0	0.0	0.0
098	1.0	0.0	1.0	0.0	1.0	2.0	1.0
099	0.0	0.0	0.0	0.0	0.0	0.0	0.0
100	1.0	1.0	1.0	1.0	0.6660000000000004	5.334	2.0
101	1.0	1.0	1.0	1.0	0.6660000000000004	5.334	2.0
102	2.0	0.0	2.0	0.0	2.0	4.0	2.0
103	0.0	0.0	0.0	0.0	0.0	0.0	0.0
104	3.0	1.0	3.0	1.0	3.0	6.0	3.0
105	3.0	1.0	1.0	1.0	4.0	8.0	2.0
106	3.0	1.0	3.0	1.0	3.0	6.0	3.0
107	1.0	3.0	1.0	1.0	3.333	8.667	2.0
108	1.0	2.0	1.0	1.0	3.0	6.0	2.0
109	1.0	4.0	0.0	2.0	1.6660000000000004	7.334	1.0
110	2.0	0.0	2.0	0.0	2.0	4.0	2.0
111	0.0	2.0	0.0	2.0	0.3330000000000002	2.667	1.0
112	1.0	2.0	0.0	1.0	3.0	6.0	1.0
113	1.0	0.0	1.0	0.0	1.0	2.0	1.0
114	1.0	0.0	1.0	0.0	0.3330000000000002	2.667	1.0
115	2.0	1.0	1.0	1.0	0.9990000000000006	8.001	2.0
116	0.0	0.0	0.0	0.0	0.0	0.0	0.0
117	1.0	1.0	0.0	1.0	2.0	4.0	1.0
118	1.0	1.0	1.0	1.0	1.3330000000000002	4.667	2.0
119	3.0	0.0	3.0	0.0	3.0	6.0	3.0
120	1.0	0.0	0.0	0.0	1.0	2.0	0.0
121	1.0	2.0	1.0	2.0	2.333	6.667	3.0
122	1.0	0.0	1.0	0.0	1.0	2.0	1.0
123	0.0	0.0	0.0	0.0	0.0	0.0	0.0
124	2.0	1.0	1.0	1.0	3.0	6.0	2.0
125	2.0	1.0	0.0	1.0	1.6660000000000004	7.334	1.0
126	3.0	0.0	1.0	0.0	3.0	6.0	1.0
127	3.0	1.0	3.0	1.0	3.0	6.0	3.0
128	3.0	0.0	2.0	0.0	3.0	6.0	2.0
129	0.0	0.0	0.0	0.0	0.0	0.0	0.0
130	1.0	2.0	1.0	0.0	0.9990000000000006	8.001	1.0
131	0.0	3.0	0.0	2.0	1.0010000000000003	7.999	2.0
132	0.0	1.0	0.0	1.0	0.3330000000000002	2.667	1.0
133	0.0	2.0	0.0	1.0	0.6660000000000004	5.334	1.0
134	0.0	2.0	0.0	2.0	0.3330000000000002	2.667	1.0
135	2.0	4.0	1.0	2.0	5.0	10.0	2.0
136	2.0	2.0	2.0	2.0	1.3330000000000002	4.667	2.0
137	2.0	3.0	1.0	1.0	1.9990000000000006	10.001	2.0
138	2.0	5.0	1.0	3.0	4.9990000000000006	16.000999999999998	4.0
139	2.0	2.0	1.0	0.0	3.0	6.0	1.0
140	0.0	0.0	0.0	0.0	0.0	0.0	0.0
141	0.0	0.0	0.0	0.0	0.0	0.0	0.0
142	2.0	2.0	1.0	2.0	3.0	6.0	2.0
143	2.0	5.0	1.0	2.0	3.6660000000000004	11.334	2.0
144	2.0	2.0	2.0	2.0	1.3330000000000002	4.667	2.0
145	1.0	2.0	0.0	1.0	2.0	4.0	1.0
146	1.0	0.0	1.0	0.0	1.0	2.0	1.0
147	3.0	0.0	2.0	0.0	3.0	6.0	2.0
148	2.0	0.0	1.0	0.0	0.6660000000000004	5.334	1.0
149	1.0	0.0	1.0	0.0	0.3330000000000002	2.667	1.0
150	3.0	0.0	2.0	0.0	3.0	6.0	2.0
151	4.0	0.0	2.0	0.0	4.0	8.0	2.0
152	2.0	0.0	2.0	0.0	2.0	4.0	2.0
153	3.0	0.0	1.0	0.0	3.0	6.0	1.0
154	2.0	0.0	2.0	0.0	2.0	4.0	2.0
155	3.0	0.0	2.0	0.0	2.3360000000000003	6.664	2.0
156	4.0	0.0	3.0	0.0	4.0	8.0	3.0
157	0.0	0.0	0.0	0.0	0.0	0.0	0.0
158	0.0	0.0	0.0	0.0	0.0	0.0	0.0
159	1.0	0.0	0.0	0.0	0.3330000000000002	2.667	0.0
160	1.0	0.0	1.0	0.0	0.3330000000000002	2.667	1.0
161	4.0	0.0	3.0	0.0	3.668	8.332	3.0
162	2.0	0.0	2.0	0.0	0.6680000000000001	2.332	1.0
163	3.0	0.0	2.0	0.0	0.9990000000000006	8.001	2.0
164	3.0	0.0	2.0	0.0	0.9990000000000006	8.001	2.0
165	0.0	0.0	0.0	0.0	0.0	0.0	0.0
166	2.0	0.0	1.0	0.0	0.6660000000000004	5.334	1.0
167	2.0	0.0	2.0	0.0	0.6660000000000004	5.334	2.0
168	3.0	0.0	2.0	0.0	0.9990000000000006	8.001	2.0
169	0.0	0.0	0.0	0.0	0.0	0.0	0.0
170	1.0	0.0	1.0	0.0	0.3330000000000002	2.667	1.0
171	3.0	0.0	2.0	0.0	0.9990000000000006	8.001	2.0
172	3.0	0.0	2.0	0.0	3.0	6.0	2.0
173	0.0	0.0	0.0	0.0	0.0	0.0	0.0
174	3.0	0.0	3.0	0.0	3.0	6.0	3.0
175	1.0	0.0	1.0	0.0	0.3330000000000002	2.667	1.0
176	1.0	0.0	1.0	0.0	0.3330000000000002	2.667	1.0
177	2.0	0.0	1.0	0.0	2.0	4.0	1.0
178	1.0	0.0	0.0	0.0	1.0	2.0	0.0
179	2.0	0.0	1.0	0.0	0.6660000000000004	5.334	1.0
180	2.0	0.0	2.0	0.0	0.6660000000000004	5.334	2.0
181	0.0	0.0	0.0	0.0	0.0	0.0	0.0
182	0.0	0.0	0.0	0.0	0.0	0.0	0.0
183	0.0	0.0	0.0	0.0	0.0	0.0	0.0
184	0.0	0.0	0.0	0.0	0.0	0.0	0.0
185	1.0	0.0	1.0	0.0	0.3330000000000002	2.667	1.0
186	1.0	0.0	1.0	0.0	0.3330000000000002	2.667	1.0
187	1.0	0.0	1.0	0.0	0.3330000000000002	2.667	1.0
188	2.0	0.0	0.0	0.0	2.0	4.0	0.0
189	3.0	0.0	2.0	0.0	3.0	6.0	2.0
190	0.0	0.0	0.0	0.0	0.0	0.0	0.0
191	6.0	0.0	3.0	0.0	4.336	10.664	3.0
192	2.0	0.0	1.0	0.0	1.6680000000000001	4.332	1.0
193	3.0	0.0	2.0	0.0	1.6680000000000001	4.332	1.0
194	2.0	0.0	1.0	0.0	0.6660000000000004	5.334	1.0
195	2.0	0.0	1.0	0.0	2.0	4.0	1.0
196	3.0	0.0	3.0	0.0	3.0	6.0	3.0
197	2.0	0.0	2.0	0.0	2.0	4.0	2.0
198	1.0	0.0	1.0	0.0	0.3330000000000002	2.667	1.0
199	1.0	0.0	0.0	0.0	0.3330000000000002	2.667	0.0
200	2.0	0.0	2.0	0.0	1.3360000000000003	4.664	2.0
201	1.0	0.0	1.0	0.0	0.3330000000000002	2.667	1.0
202	2.0	0.0	2.0	0.0	2.0	4.0	2.0
203	2.0	0.0	2.0	0.0	2.8	3.2	2.0
204	1.0	0.0	0.0	0.0	0.3330000000000002	2.667	0.0
205	0.0	0.0	0.0	0.0	0.0	0.0	0.0
206	1.0	0.0	1.0	0.0	1.0	2.0	1.0
207	1.0	0.0	1.0	0.0	1.0	2.0	1.0
208	1.0	0.0	1.0	0.0	0.3330000000000002	2.667	1.0
209	3.0	0.0	3.0	0.0	3.0	6.0	3.0
210	1.0	0.0	1.0	0.0	1.0	2.0	1.0
211	3.0	0.0	2.0	0.0	0.9990000000000006	8.001	2.0
212	1.0	5.0	0.0	2.0	4.3340000000000005	13.666	2.0
213	2.0	0.0	2.0	0.0	2.8	3.2	2.0
214	2.0	0.0	2.0	0.0	1.3360000000000003	4.664	2.0
215	1.0	1.0	1.0	1.0	1.3330000000000002	4.667	2.0
216	2.0	0.0	2.0	0.0	0.6660000000000004	5.334	2.0
217	3.0	0.0	2.0	0.0	0.9990000000000006	8.001	2.0
218	2.0	2.0	2.0	1.0	2.3360000000000003	6.664	2.0
219	2.0	0.0	2.0	0.0	2.0	4.0	2.0
220	2.0	0.0	1.0	0.0	0.6660000000000004	5.334	1.0
221	1.0	0.0	1.0	0.0	1.0	2.0	1.0
222	1.0	0.0	1.0	0.0	0.3330000000000002	2.667	1.0
223	2.0	0.0	2.0	0.0	1.6680000000000001	4.332	2.0
224	2.0	2.0	1.0	2.0	2.333	6.667	2.0
225	1.0	0.0	1.0	0.0	0.3330000000000002	2.667	1.0
226	2.0	0.0	2.0	0.0	2.0	4.0	2.0
227	3.0	1.0	2.0	1.0	2.333	6.667	2.0
228	3.0	0.0	2.0	0.0	3.068	5.932	2.0
229	1.0	0.0	0.0	0.0	0.3330000000000002	2.667	0.0
230	3.0	0.0	2.0	0.0	3.0	6.0	2.0
231	1.0	1.0	0.0	1.0	2.0	4.0	1.0
232	2.0	0.0	1.0	0.0	2.0	4.0	1.0
233	0.0	0.0	0.0	0.0	0.0	0.0	0.0
234	2.0	0.0	2.0	0.0	0.6660000000000004	5.334	2.0
235	0.0	0.0	0.0	0.0	0.0	0.0	0.0
236	0.0	0.0	0.0	0.0	0.0	0.0	0.0
237	1.0	0.0	1.0	0.0	1.0	2.0	1.0
238	0.0	1.0	0.0	1.0	0.3330000000000002	2.667	1.0
239	2.0	0.0	2.0	0.0	1.0	2.0	1.0
240	1.0	0.0	1.0	0.0	0.3330000000000002	2.667	1.0
241	0.0	1.0	0.0	1.0	1.0	2.0	1.0
242	2.0	0.0	1.0	0.0	2.0	4.0	1.0
243	3.0	0.0	0.0	0.0	2.668	6.332	0.0
244	3.0	5.0	3.0	2.0	5.333	12.667	3.0
245	1.0	2.0	1.0	2.0	1.3330000000000002	4.667	2.0
246	2.0	3.0	1.0	2.0	4.0	8.0	2.0
247	1.0	2.0	1.0	2.0	2.0	4.0	2.0
248	0.0	0.0	0.0	0.0	0.0	0.0	0.0
249	1.0	2.0	0.0	2.0	1.6680000000000001	7.332	2.0
250	1.0	0.0	1.0	0.0	0.6680000000000001	2.332	1.0
251	1.0	2.0	0.0	1.0	0.9990000000000006	8.001	1.0
252	0.0	0.0	0.0	0.0	0.0	0.0	0.0
253	2.0	1.0	2.0	1.0	2.333	6.667	3.0
254	1.0	3.0	1.0	2.0	0.6660000000000004	8.334	2.0
255	3.0	2.0	1.0	1.0	5.0	10.0	2.0
256	2.0	4.0	2.0	2.0	2.6690000000000005	9.331	2.0
257	2.0	1.0	2.0	1.0	2.0	4.0	2.0
258	1.0	3.0	1.0	3.0	2.0	4.0	2.0
259	1.0	2.0	0.0	2.0	2.0	4.0	1.0
260	1.0	0.0	0.0	0.0	0.3330000000000002	2.667	0.0
261	0.0	3.0	0.0	3.0	1.6690000000000005	7.3309999999999995	3.0
262	2.0	3.0	1.0	2.0	1.9990000000000006	10.001	2.0
263	1.0	0.0	1.0	0.0	0.3330000000000002	2.667	1.0
264	3.0	1.0	2.0	1.0	4.0	8.0	3.0
265	0.0	1.0	0.0	1.0	0.3330000000000002	2.667	1.0
266	2.0	0.0	2.0	0.0	2.0	4.0	2.0
267	2.0	0.0	1.0	0.0	2.8	3.2	1.0
268	0.0	0.0	0.0	0.0	0.0	0.0	0.0
269	0.0	0.0	0.0	0.0	0.0	0.0	0.0
270	2.0	0.0	2.0	0.0	1.3360000000000003	4.664	2.0
271	0.0	0.0	0.0	0.0	0.0	0.0	0.0
272	0.0	0.0	0.0	0.0	0.0	0.0	0.0
273	1.0	0.0	0.0	0.0	0.6680000000000001	2.332	0.0
274	1.0	0.0	1.0	0.0	1.0	2.0	1.0
275	1.0	0.0	1.0	0.0	0.3330000000000002	2.667	1.0
276	2.0	0.0	2.0	0.0	2.068	3.932	2.0
277	0.0	0.0	0.0	0.0	0.0	0.0	0.0
278	2.0	1.0	2.0	1.0	2.8	6.2	3.0
279	2.0	0.0	1.0	0.0	0.6660000000000004	5.334	1.0
280	1.0	2.0	1.0	1.0	0.9990000000000006	8.001	2.0
281	2.0	2.0	2.0	2.0	1.6680000000000001	4.332	2.0
282	0.0	0.0	0.0	0.0	0.0	0.0	0.0
283	1.0	0.0	0.0	0.0	1.0	2.0	0.0
284	0.0	0.0	0.0	0.0	0.0	0.0	0.0
285	0.0	0.0	0.0	0.0	0.0	0.0	0.0
286	1.0	0.0	1.0	0.0	0.3330000000000002	2.667	1.0
287	1.0	0.0	1.0	0.0	0.3330000000000002	2.667	1.0
288	0.0	0.0	0.0	0.0	0.0	0.0	0.0
289	1.0	0.0	1.0	0.0	1.0	2.0	1.0
290	2.0	0.0	2.0	0.0	2.0	4.0	2.0
291	2.0	0.0	1.0	0.0	2.0	4.0	1.0
292	4.0	0.0	2.0	0.0	4.0	8.0	2.0
293	4.0	0.0	2.0	0.0	4.0	8.0	2.0
294	0.0	0.0	0.0	0.0	0.0	0.0	0.0
295	2.0	0.0	2.0	0.0	0.6660000000000004	5.334	2.0
296	1.0	0.0	1.0	0.0	0.6680000000000001	2.332	1.0
297	3.0	0.0	2.0	0.0	3.0	6.0	2.0
298	3.0	0.0	1.0	0.0	3.0	6.0	1.0
299	0.0	0.0	0.0	0.0	0.0	0.0	0.0
300	0.0	1.0	0.0	1.0	0.3330000000000002	2.667	1.0
301	0.0	0.0	0.0	0.0	0.0	0.0	0.0
302	0.0	2.0	0.0	1.0	0.6660000000000004	5.334	1.0
303	2.0	0.0	1.0	0.0	0.6660000000000004	5.334	1.0
304	1.0	1.0	0.0	1.0	1.3330000000000002	4.667	1.0
305	0.0	0.0	0.0	0.0	0.0	0.0	0.0
306	1.0	1.0	1.0	1.0	1.0	2.0	1.0
307	0.0	0.0	0.0	0.0	0.0	0.0	0.0
308	1.0	0.0	0.0	0.0	1.0	2.0	0.0
309	3.0	0.0	3.0	0.0	3.0	6.0	3.0
310	2.0	3.0	1.0	2.0	3.0010000000000003	8.998999999999999	2.0
311	2.0	0.0	2.0	0.0	2.0	4.0	2.0
312	1.0	0.0	0.0	0.0	0.3330000000000002	2.667	0.0
313	1.0	1.0	1.0	1.0	2.0	4.0	2.0
314	2.0	0.0	1.0	0.0	2.0	4.0	1.0
315	2.0	0.0	2.0	0.0	0.6660000000000004	5.334	2.0
316	2.0	0.0	1.0	0.0	2.0	4.0	1.0
317	3.0	0.0	1.0	0.0	3.0	6.0	1.0
318	1.0	0.0	1.0	0.0	1.0	2.0	1.0
319	3.0	3.0	2.0	3.0	4.333	10.667	4.0
320	1.0	1.0	1.0	0.0	0.6660000000000004	5.334	1.0
321	4.0	0.0	2.0	0.0	2.3360000000000003	6.664	2.0
322	2.0	0.0	0.0	0.0	2.0	4.0	0.0
323	2.0	2.0	2.0	2.0	2.333	6.667	3.0
324	1.0	0.0	1.0	0.0	1.0	2.0	1.0
325	3.0	0.0	3.0	0.0	3.068	5.932	3.0
326	0.0	3.0	0.0	2.0	2.3360000000000003	6.664	2.0
327	1.0	1.0	1.0	1.0	0.6660000000000004	5.334	2.0
328	2.0	0.0	1.0	0.0	2.4	3.6	1.0
329	1.0	0.0	0.0	0.0	0.3330000000000002	2.667	0.0
330	2.0	0.0	1.0	0.0	2.0	4.0	1.0
331	4.0	1.0	3.0	1.0	5.0	10.0	4.0
332	1.0	0.0	1.0	0.0	1.0	2.0	1.0
333	2.0	0.0	2.0	0.0	2.0	4.0	2.0
334	2.0	1.0	1.0	1.0	3.0	6.0	2.0
335	3.0	1.0	2.0	1.0	4.0	8.0	3.0
336	1.0	2.0	1.0	2.0	1.3330000000000002	4.667	2.0
337	2.0	0.0	1.0	0.0	2.0	4.0	1.0
338	3.0	0.0	2.0	0.0	3.0	6.0	2.0
339	2.0	2.0	2.0	2.0	0.6660000000000004	5.334	2.0
340	1.0	0.0	1.0	0.0	0.3330000000000002	2.667	1.0
341	2.0	3.0	1.0	2.0	4.668	10.332	3.0
342	4.0	2.0	3.0	2.0	5.0	10.0	4.0
343	1.0	2.0	1.0	2.0	1.6680000000000001	4.332	2.0
344	2.0	4.0	1.0	3.0	5.0	10.0	3.0
345	3.0	2.0	2.0	2.0	3.333	8.667	3.0
346	2.0	1.0	1.0	1.0	3.0	6.0	2.0
347	1.0	1.0	1.0	1.0	2.0	4.0	2.0
348	2.0	0.0	1.0	0.0	0.6660000000000004	5.334	1.0
349	5.0	0.0	4.0	0.0	3.668	8.332	3.0
350	2.0	0.0	1.0	0.0	2.0	4.0	1.0
351	2.0	0.0	1.0	0.0	2.0	4.0	1.0
352	3.0	0.0	2.0	0.0	0.9990000000000006	8.001	2.0
353	2.0	0.0	2.0	0.0	0.6660000000000004	5.334	2.0
354	2.0	1.0	2.0	1.0	1.3330000000000002	4.667	2.0
355	1.0	0.0	1.0	0.0	1.0	2.0	1.0
356	4.0	0.0	3.0	0.0	2.3360000000000003	6.664	2.0
357	1.0	2.0	0.0	2.0	1.3340000000000005	7.6659999999999995	2.0
358	2.0	0.0	2.0	0.0	2.4	3.6	2.0
359	1.0	0.0	1.0	0.0	0.3330000000000002	2.667	1.0
360	0.0	1.0	0.0	1.0	0.3330000000000002	2.667	1.0
361	0.0	2.0	0.0	0.0	1.0	2.0	0.0
362	1.0	0.0	1.0	0.0	1.0	2.0	1.0
363	3.0	0.0	3.0	0.0	2.068	3.932	2.0
364	0.0	1.0	0.0	1.0	0.3330000000000002	2.667	1.0
365	1.0	0.0	1.0	0.0	0.3330000000000002	2.667	1.0
366	3.0	1.0	2.0	1.0	4.0	8.0	3.0
367	3.0	0.0	2.0	0.0	3.0	6.0	2.0
368	3.0	0.0	2.0	0.0	0.9990000000000006	8.001	2.0
369	1.0	0.0	1.0	0.0	1.0	2.0	1.0
370	2.0	1.0	1.0	1.0	2.3360000000000003	6.664	2.0
371	3.0	0.0	3.0	0.0	3.0	6.0	3.0
372	2.0	1.0	0.0	0.0	1.6680000000000001	4.332	0.0
373	1.0	0.0	0.0	0.0	1.0	2.0	0.0
374	0.0	0.0	0.0	0.0	0.0	0.0	0.0
375	2.0	2.0	2.0	2.0	2.668	6.332	3.0
376	3.0	0.0	1.0	0.0	3.0	6.0	1.0
377	2.0	2.0	1.0	1.0	3.333	8.667	2.0
378	1.0	0.0	1.0	0.0	0.3330000000000002	2.667	1.0
379	0.0	2.0	0.0	2.0	0.0	3.0	1.0
380	0.0	3.0	0.0	2.0	0.9990000000000006	8.001	2.0
381	1.0	1.0	1.0	1.0	0.6680000000000001	2.332	1.0
382	0.0	1.0	0.0	1.0	1.0	2.0	1.0
383	3.0	0.0	2.0	0.0	0.9990000000000006	8.001	2.0
384	2.0	4.0	2.0	1.0	3.6670000000000007	14.332999999999998	3.0
385	3.0	2.0	2.0	1.0	4.0040000000000004	10.995999999999999	3.0
386	0.0	0.0	0.0	0.0	0.0	0.0	0.0
387	0.0	2.0	0.0	2.0	0.6660000000000004	5.334	2.0
388	1.0	0.0	1.0	0.0	0.3330000000000002	2.667	1.0
389	4.0	3.0	3.0	2.0	7.0	14.0	5.0
390	0.0	2.0	0.0	1.0	0.6660000000000004	5.334	1.0
391	2.0	0.0	2.0	0.0	0.6660000000000004	5.334	2.0
392	2.0	3.0	2.0	3.0	0.9990000000000006	8.001	3.0
393	2.0	0.0	1.0	0.0	0.6660000000000004	5.334	1.0
394	2.0	1.0	2.0	0.0	3.0	6.0	2.0
395	1.0	3.0	1.0	2.0	0.9990000000000006	8.001	2.0
396	2.0	0.0	1.0	0.0	0.6660000000000004	5.334	1.0
397	1.0	0.0	1.0	0.0	0.3330000000000002	2.667	1.0
398	1.0	1.0	0.0	1.0	0.6660000000000004	5.334	1.0
399	3.0	3.0	1.0	2.0	3.6690000000000005	11.331	3.0
400	3.0	1.0	2.0	1.0	1.3320000000000007	10.668	3.0
401	2.0	1.0	2.0	1.0	3.4	5.6	3.0
402	3.0	0.0	2.0	0.0	3.0	6.0	2.0
403	5.0	0.0	2.0	0.0	5.068	9.931999999999999	2.0
404	5.0	0.0	3.0	0.0	4.068	7.932	2.0
405	3.0	2.0	3.0	1.0	1.3320000000000007	10.668	3.0
406	1.0	0.0	0.0	0.0	1.0	2.0	0.0
407	2.0	1.0	0.0	1.0	3.0	6.0	1.0
408	0.0	1.0	0.0	1.0	1.4	1.6	1.0
409	2.0	0.0	2.0	0.0	2.0	4.0	2.0
410	2.0	0.0	2.0	0.0	2.0	4.0	2.0
411	2.0	0.0	2.0	0.0	2.0	4.0	2.0
412	1.0	0.0	1.0	0.0	0.3330000000000002	2.667	1.0
413	0.0	0.0	0.0	0.0	0.0	0.0	0.0
414	1.0	0.0	1.0	0.0	0.3330000000000002	2.667	1.0
415	5.0	3.0	2.0	1.0	6.001	14.999	2.0
416	2.0	0.0	1.0	0.0	0.6660000000000004	5.334	1.0
417	2.0	0.0	1.0	0.0	1.3360000000000003	4.664	1.0
418	0.0	0.0	0.0	0.0	0.0	0.0	0.0
419	1.0	2.0	1.0	2.0	1.3330000000000002	4.667	2.0
420	1.0	3.0	1.0	2.0	1.3320000000000007	10.668	3.0
421	2.0	2.0	1.0	1.0	4.0	8.0	2.0
422	1.0	1.0	1.0	1.0	1.0	2.0	1.0
423	3.0	2.0	3.0	2.0	4.0	8.0	4.0
424	1.0	0.0	1.0	0.0	1.0	2.0	1.0
425	1.0	1.0	1.0	1.0	1.0	2.0	1.0
426	1.0	0.0	1.0	0.0	0.3330000000000002	2.667	1.0
427	1.0	1.0	1.0	1.0	0.6660000000000004	5.334	2.0
428	1.0	0.0	1.0	0.0	0.3330000000000002	2.667	1.0
429	2.0	1.0	2.0	1.0	2.0	4.0	2.0
430	1.0	4.0	0.0	1.0	4.0	11.0	1.0
431	1.0	2.0	0.0	1.0	0.9990000000000006	8.001	1.0
432	0.0	1.0	0.0	1.0	0.3330000000000002	2.667	1.0
433	1.0	0.0	1.0	0.0	1.0	2.0	1.0
434	1.0	1.0	1.0	1.0	1.0	2.0	1.0
435	1.0	0.0	0.0	0.0	0.3330000000000002	2.667	0.0
436	2.0	0.0	1.0	0.0	0.6660000000000004	5.334	1.0
437	1.0	0.0	1.0	0.0	0.3330000000000002	2.667	1.0
438	3.0	0.0	2.0	0.0	0.9990000000000006	8.001	2.0
439	1.0	3.0	1.0	3.0	1.6660000000000004	7.334	3.0
440	2.0	0.0	1.0	0.0	2.0	4.0	1.0
441	2.0	0.0	1.0	0.0	1.3360000000000003	4.664	1.0
442	3.0	0.0	2.0	0.0	1.6680000000000001	4.332	1.0
443	2.0	2.0	1.0	2.0	3.736	8.264	3.0
444	3.0	0.0	2.0	0.0	3.8	5.2	2.0
445	2.0	0.0	2.0	0.0	0.6660000000000004	5.334	2.0
446	1.0	0.0	0.0	0.0	0.3330000000000002	2.667	0.0
447	2.0	0.0	2.0	0.0	1.3360000000000003	4.664	2.0
448	2.0	0.0	0.0	0.0	2.0	4.0	0.0
449	1.0	0.0	1.0	0.0	0.3330000000000002	2.667	1.0
450	1.0	0.0	0.0	0.0	0.3330000000000002	2.667	0.0
451	1.0	0.0	1.0	0.0	1.0	2.0	1.0
452	2.0	0.0	2.0	0.0	0.6660000000000004	5.334	2.0
453	3.0	0.0	2.0	0.0	3.8	5.2	2.0
454	3.0	3.0	3.0	1.0	5.668	12.332	4.0
455	4.0	0.0	2.0	0.0	4.0	8.0	2.0
456	1.0	4.0	0.0	3.0	3.6690000000000005	11.331	3.0
457	1.0	0.0	0.0	0.0	0.3330000000000002	2.667	0.0
458	2.0	0.0	2.0	0.0	2.0	4.0	2.0
459	2.0	0.0	2.0	0.0	1.6680000000000001	4.332	2.0
460	1.0	0.0	1.0	0.0	1.4	1.6	1.0
461	2.0	0.0	1.0	0.0	0.6660000000000004	5.334	1.0
462	0.0	0.0	0.0	0.0	0.0	0.0	0.0
463	0.0	0.0	0.0	0.0	0.0	0.0	0.0
464	3.0	0.0	1.0	0.0	3.8	5.2	1.0
465	1.0	0.0	1.0	0.0	0.3330000000000002	2.667	1.0
466	0.0	0.0	0.0	0.0	0.0	0.0	0.0
467	0.0	0.0	0.0	0.0	0.0	0.0	0.0
468	2.0	0.0	1.0	0.0	2.0	4.0	1.0
469	2.0	0.0	2.0	0.0	2.0	4.0	2.0
470	1.0	0.0	1.0	0.0	1.0	2.0	1.0
471	0.0	0.0	0.0	0.0	0.0	0.0	0.0
472	2.0	0.0	0.0	0.0	2.8	3.2	0.0
473	0.0	0.0	0.0	0.0	0.0	0.0	0.0
474	2.0	0.0	2.0	0.0	2.0	4.0	2.0
475	1.0	0.0	0.0	0.0	0.3330000000000002	2.667	0.0
476	0.0	0.0	0.0	0.0	0.0	0.0	0.0
477	2.0	0.0	2.0	0.0	2.0	4.0	2.0
478	1.0	0.0	0.0	0.0	0.3330000000000002	2.667	0.0
479	3.0	0.0	1.0	0.0	3.0	6.0	1.0
480	3.0	0.0	3.0	0.0	3.0	6.0	3.0
481	1.0	0.0	1.0	0.0	0.6680000000000001	2.332	1.0
482	3.0	0.0	2.0	0.0	3.0	6.0	2.0
483	3.0	0.0	2.0	0.0	3.0	6.0	2.0
484	2.0	0.0	1.0	0.0	2.0	4.0	1.0
485	2.0	0.0	2.0	0.0	2.0	4.0	2.0
486	1.0	0.0	1.0	0.0	1.0	2.0	1.0
487	0.0	1.0	0.0	1.0	1.0	2.0	1.0
488	1.0	0.0	0.0	0.0	1.0	2.0	0.0
489	1.0	1.0	1.0	0.0	0.6680000000000001	5.332	1.0
490	3.0	0.0	3.0	0.0	3.0	6.0	3.0
491	0.0	0.0	0.0	0.0	0.0	0.0	0.0
492	0.0	0.0	0.0	0.0	0.0	0.0	0.0
493	2.0	0.0	2.0	0.0	1.0	2.0	1.0
494	1.0	3.0	1.0	2.0	0.9990000000000006	8.001	2.0
495	3.0	0.0	2.0	0.0	2.3360000000000003	6.664	2.0
496	1.0	1.0	1.0	1.0	0.3330000000000002	2.667	1.0
497	3.0	0.0	2.0	0.0	0.9990000000000006	8.001	2.0
498	1.0	1.0	1.0	1.0	1.0	2.0	1.0
499	0.0	1.0	0.0	0.0	0.3330000000000002	2.667	0.0
500	1.0	0.0	1.0	0.0	0.6680000000000001	2.332	1.0
501	0.0	2.0	0.0	2.0	1.0	2.0	1.0
502	2.0	1.0	1.0	1.0	1.6680000000000001	4.332	1.0
503	0.0	0.0	0.0	0.0	0.0	0.0	0.0
504	1.0	0.0	1.0	0.0	0.3330000000000002	2.667	1.0
505	0.0	0.0	0.0	0.0	0.0	0.0	0.0
506	1.0	0.0	1.0	0.0	0.3330000000000002	2.667	1.0
507	2.0	0.0	0.0	0.0	2.0	4.0	0.0
508	3.0	0.0	3.0	0.0	2.0	4.0	2.0
509	3.0	1.0	3.0	1.0	1.3330000000000002	4.667	2.0
510	4.0	0.0	4.0	0.0	4.0	8.0	4.0
511	3.0	0.0	2.0	0.0	3.0	6.0	2.0
512	3.0	0.0	2.0	0.0	0.9990000000000006	8.001	2.0
513	0.0	2.0	0.0	2.0	0.3330000000000002	2.667	1.0
514	2.0	0.0	1.0	0.0	2.0	4.0	1.0
515	1.0	1.0	1.0	1.0	1.0	2.0	1.0
516	2.0	0.0	0.0	0.0	2.0	4.0	0.0
517	0.0	0.0	0.0	0.0	0.0	0.0	0.0
518	0.0	0.0	0.0	0.0	0.0	0.0	0.0
519	2.0	0.0	1.0	0.0	0.6660000000000004	5.334	1.0
520	3.0	0.0	2.0	0.0	2.0040000000000004	6.9959999999999996	2.0
521	0.0	0.0	0.0	0.0	0.0	0.0	0.0
522	2.0	0.0	2.0	0.0	2.0	4.0	2.0
523	3.0	0.0	2.0	0.0	3.0	6.0	2.0
524	1.0	0.0	1.0	0.0	1.0	2.0	1.0
525	0.0	0.0	0.0	0.0	0.0	0.0	0.0
526	2.0	0.0	2.0	0.0	2.4	3.6	2.0
527	3.0	0.0	2.0	0.0	3.0	6.0	2.0
528	0.0	0.0	0.0	0.0	0.0	0.0	0.0
529	1.0	0.0	1.0	0.0	1.0	2.0	1.0
530	2.0	0.0	2.0	0.0	2.4	3.6	2.0
531	1.0	1.0	1.0	0.0	2.068	3.932	1.0
532	1.0	1.0	1.0	1.0	1.733	4.2669999999999995	2.0
533	0.0	0.0	0.0	0.0	0.0	0.0	0.0
534	4.0	1.0	2.0	1.0	5.0	10.0	3.0
535	1.0	2.0	0.0	1.0	0.9990000000000006	8.001	1.0
536	2.0	0.0	1.0	0.0	0.6660000000000004	5.334	1.0
537	1.0	1.0	1.0	1.0	0.6680000000000001	5.332	2.0
538	2.0	0.0	2.0	0.0	0.6660000000000004	5.334	2.0
539	0.0	0.0	0.0	0.0	0.0	0.0	0.0
540	3.0	1.0	2.0	1.0	4.0	8.0	3.0
541	0.0	0.0	0.0	0.0	0.0	0.0	0.0
542	2.0	0.0	2.0	0.0	2.0	4.0	2.0
543	1.0	1.0	1.0	0.0	2.0	4.0	1.0
544	1.0	0.0	1.0	0.0	0.3330000000000002	2.667	1.0
545	3.0	1.0	2.0	1.0	2.3360000000000003	6.664	2.0
546	1.0	0.0	1.0	0.0	0.3330000000000002	2.667	1.0
547	0.0	0.0	0.0	0.0	0.0	0.0	0.0
548	3.0	0.0	3.0	0.0	0.9990000000000006	8.001	3.0
549	0.0	0.0	0.0	0.0	0.0	0.0	0.0
550	2.0	0.0	1.0	0.0	1.3360000000000003	4.664	1.0
551	3.0	0.0	3.0	0.0	3.0	6.0	3.0
552	0.0	1.0	0.0	1.0	0.3330000000000002	2.667	1.0
553	2.0	0.0	1.0	0.0	0.6660000000000004	5.334	1.0
554	1.0	0.0	1.0	0.0	1.0	2.0	1.0
555	1.0	0.0	0.0	0.0	0.6680000000000001	2.332	0.0
556	2.0	1.0	1.0	1.0	3.068	5.932	2.0
557	2.0	2.0	1.0	2.0	1.3330000000000002	4.667	1.0
558	3.0	0.0	2.0	0.0	3.0	6.0	2.0
559	4.0	0.0	4.0	0.0	4.0	8.0	4.0
560	4.0	0.0	3.0	0.0	4.0	8.0	3.0
561	3.0	0.0	3.0	0.0	3.0	6.0	3.0
562	2.0	3.0	1.0	2.0	5.0	10.0	3.0
563	2.0	3.0	1.0	3.0	1.9990000000000006	10.001	3.0
564	2.0	2.0	1.0	2.0	2.333	6.667	2.0
565	0.0	0.0	0.0	0.0	0.0	0.0	0.0
566	1.0	0.0	1.0	0.0	0.3330000000000002	2.667	1.0
567	1.0	0.0	1.0	0.0	0.3330000000000002	2.667	1.0
568	3.0	0.0	2.0	0.0	3.0	6.0	2.0
569	0.0	0.0	0.0	0.0	0.0	0.0	0.0
570	0.0	0.0	0.0	0.0	0.0	0.0	0.0
571	2.0	0.0	0.0	0.0	2.0	4.0	0.0
572	0.0	0.0	0.0	0.0	0.0	0.0	0.0
573	3.0	0.0	3.0	0.0	3.0	6.0	3.0
574	4.0	1.0	4.0	1.0	2.333	6.667	3.0
575	3.0	0.0	3.0	0.0	2.3360000000000003	6.664	3.0
576	0.0	0.0	0.0	0.0	0.0	0.0	0.0
577	0.0	0.0	0.0	0.0	0.0	0.0	0.0
578	1.0	0.0	0.0	0.0	0.6680000000000001	2.332	0.0
579	4.0	0.0	3.0	0.0	4.468	7.532	3.0
580	1.0	0.0	1.0	0.0	1.0	2.0	1.0
581	2.0	2.0	2.0	2.0	2.0010000000000003	6.999	3.0
582	0.0	0.0	0.0	0.0	0.0	0.0	0.0
583	2.0	1.0	2.0	1.0	3.068	5.932	3.0
584	0.0	0.0	0.0	0.0	0.0	0.0	0.0
585	0.0	3.0	0.0	3.0	1.0010000000000003	4.999	2.0
586	2.0	0.0	1.0	0.0	2.0	4.0	1.0
587	2.0	0.0	1.0	0.0	0.6660000000000004	5.334	1.0
588	2.0	0.0	1.0	0.0	2.0	4.0	1.0
589	4.0	0.0	3.0	0.0	3.468	5.532	2.0
590	0.0	0.0	0.0	0.0	0.0	0.0	0.0
591	3.0	0.0	1.0	0.0	3.0	6.0	1.0
592	3.0	0.0	3.0	0.0	3.4	5.6	3.0
593	4.0	1.0	2.0	1.0	4.0	8.0	2.0
594	0.0	2.0	0.0	2.0	0.3330000000000002	2.667	1.0
595	3.0	0.0	2.0	0.0	0.9990000000000006	8.001	2.0
596	3.0	0.0	1.0	0.0	3.0	6.0	1.0
597	0.0	0.0	0.0	0.0	0.0	0.0	0.0
598	0.0	0.0	0.0	0.0	0.0	0.0	0.0
599	3.0	0.0	3.0	0.0	3.0	6.0	3.0
600	0.0	0.0	0.0	0.0	0.0	0.0	0.0
601	1.0	0.0	1.0	0.0	0.3330000000000002	2.667	1.0
602	2.0	1.0	2.0	1.0	2.0	4.0	2.0
603	2.0	0.0	1.0	0.0	2.0	4.0	1.0
604	3.0	2.0	2.0	1.0	5.0	10.0	3.0
605	3.0	0.0	2.0	0.0	3.0	6.0	2.0
606	1.0	0.0	1.0	0.0	0.3330000000000002	2.667	1.0
607	3.0	1.0	2.0	1.0	2.733	6.2669999999999995	2.0
608	0.0	0.0	0.0	0.0	0.0	0.0	0.0
609	0.0	0.0	0.0	0.0	0.0	0.0	0.0
610	1.0	0.0	1.0	0.0	0.3330000000000002	2.667	1.0
611	2.0	2.0	1.0	1.0	3.0	6.0	2.0
612	0.0	2.0	0.0	1.0	0.6660000000000004	5.334	1.0
613	0.0	0.0	0.0	0.0	0.0	0.0	0.0
614	0.0	0.0	0.0	0.0	0.0	0.0	0.0
615	4.0	2.0	2.0	2.0	4.666	13.334	4.0
616	0.0	0.0	0.0	0.0	0.0	0.0	0.0
617	0.0	0.0	0.0	0.0	0.0	0.0	0.0
618	3.0	2.0	2.0	1.0	5.0	10.0	3.0
619	3.0	0.0	2.0	0.0	0.9990000000000006	8.001	2.0
620	2.0	0.0	2.0	0.0	1.6680000000000001	4.332	2.0
621	1.0	0.0	1.0	0.0	0.3330000000000002	2.667	1.0
622	0.0	0.0	0.0	0.0	0.0	0.0	0.0
623	0.0	0.0	0.0	0.0	0.0	0.0	0.0
624	1.0	1.0	1.0	1.0	0.6660000000000004	5.334	2.0
625	0.0	1.0	0.0	1.0	1.0	2.0	1.0
626	2.0	1.0	2.0	1.0	1.3330000000000002	4.667	2.0
627	2.0	0.0	1.0	0.0	2.068	3.932	1.0
628	2.0	0.0	1.0	0.0	2.0	4.0	1.0
629	3.0	1.0	2.0	1.0	4.0	8.0	3.0
630	1.0	0.0	1.0	0.0	0.3330000000000002	2.667	1.0
631	0.0	0.0	0.0	0.0	0.0	0.0	0.0
632	1.0	0.0	1.0	0.0	1.0	2.0	1.0
633	2.0	0.0	1.0	0.0	2.0	4.0	1.0
634	2.0	2.0	2.0	1.0	2.0010000000000003	6.999	2.0
635	1.0	2.0	1.0	2.0	3.0	6.0	3.0
636	2.0	0.0	2.0	0.0	0.6660000000000004	5.334	2.0
637	2.0	0.0	1.0	0.0	2.0	4.0	1.0
638	3.0	1.0	1.0	1.0	4.0	8.0	2.0
639	1.0	1.0	1.0	1.0	1.6680000000000001	4.332	2.0
640	2.0	0.0	1.0	0.0	0.6660000000000004	5.334	1.0
641	1.0	0.0	0.0	0.0	1.0	2.0	0.0
642	2.0	0.0	1.0	0.0	1.3360000000000003	4.664	1.0
643	2.0	0.0	2.0	0.0	2.0	4.0	2.0
644	3.0	0.0	2.0	0.0	3.0	6.0	2.0
645	2.0	0.0	1.0	0.0	2.0	4.0	1.0
646	2.0	0.0	1.0	0.0	0.6660000000000004	5.334	1.0
647	2.0	0.0	1.0	0.0	1.6680000000000001	4.332	1.0
648	2.0	0.0	2.0	0.0	2.068	3.932	2.0
649	3.0	0.0	2.0	0.0	1.6680000000000001	4.332	1.0
650	2.0	0.0	1.0	0.0	0.6660000000000004	5.334	1.0
651	0.0	0.0	0.0	0.0	0.0	0.0	0.0
652	1.0	0.0	1.0	0.0	0.3330000000000002	2.667	1.0
653	2.0	0.0	1.0	0.0	2.0	4.0	1.0
654	2.0	0.0	2.0	0.0	0.6660000000000004	5.334	2.0
655	3.0	0.0	3.0	0.0	3.0	6.0	3.0
656	2.0	0.0	0.0	0.0	0.6660000000000004	5.334	0.0
657	2.0	0.0	1.0	0.0	2.0	4.0	1.0
658	3.0	0.0	2.0	0.0	3.0	6.0	2.0
659	4.0	0.0	3.0	0.0	3.068	5.932	2.0
660	0.0	0.0	0.0	0.0	0.0	0.0	0.0
661	4.0	0.0	3.0	0.0	2.668	6.332	2.0
662	3.0	0.0	2.0	0.0	3.0	6.0	2.0
663	1.0	0.0	1.0	0.0	0.3330000000000002	2.667	1.0
664	4.0	0.0	3.0	0.0	4.8	7.199999999999999	3.0
665	0.0	0.0	0.0	0.0	0.0	0.0	0.0
666	1.0	0.0	1.0	0.0	0.3330000000000002	2.667	1.0
667	3.0	0.0	2.0	0.0	3.0	6.0	2.0
668	3.0	0.0	2.0	0.0	3.0	6.0	2.0
669	3.0	0.0	1.0	0.0	3.0	6.0	1.0
670	2.0	0.0	1.0	0.0	2.0	4.0	1.0
671	4.0	1.0	3.0	1.0	4.468	7.532	3.0
672	1.0	2.0	1.0	2.0	2.333	6.667	3.0
673	2.0	4.0	2.0	4.0	4.068	7.932	4.0
674	3.0	1.0	2.0	0.0	2.6660000000000004	9.334	2.0
675	1.0	0.0	1.0	0.0	0.3330000000000002	2.667	1.0
676	1.0	0.0	1.0	0.0	0.3330000000000002	2.667	1.0
677	3.0	1.0	3.0	1.0	2.3360000000000003	6.664	3.0
678	0.0	0.0	0.0	0.0	0.0	0.0	0.0
679	0.0	3.0	0.0	3.0	1.6660000000000004	7.334	3.0
680	1.0	1.0	1.0	1.0	1.3330000000000002	4.667	2.0
681	3.0	0.0	2.0	0.0	3.0	6.0	2.0
682	1.0	0.0	0.0	0.0	0.3330000000000002	2.667	0.0
683	2.0	0.0	1.0	0.0	2.0	4.0	1.0
684	1.0	0.0	0.0	0.0	0.3330000000000002	2.667	0.0
685	4.0	0.0	2.0	0.0	4.0	8.0	2.0
686	1.0	0.0	1.0	0.0	1.0	2.0	1.0
687	3.0	0.0	1.0	0.0	3.0	6.0	1.0
688	1.0	2.0	1.0	2.0	1.3330000000000002	4.667	2.0
689	1.0	0.0	1.0	0.0	0.6680000000000001	2.332	1.0
690	1.0	0.0	1.0	0.0	0.3330000000000002	2.667	1.0
691	2.0	0.0	2.0	0.0	2.0	4.0	2.0
692	1.0	0.0	1.0	0.0	1.0	2.0	1.0
693	1.0	0.0	0.0	0.0	1.0	2.0	0.0
694	0.0	0.0	0.0	0.0	0.0	0.0	0.0
695	0.0	0.0	0.0	0.0	0.0	0.0	0.0
696	2.0	0.0	2.0	0.0	2.0	4.0	2.0
697	3.0	0.0	2.0	0.0	0.9990000000000006	8.001	2.0
698	0.0	0.0	0.0	0.0	0.0	0.0	0.0
699	0.0	0.0	0.0	0.0	0.0	0.0	0.0
700	2.0	0.0	2.0	0.0	1.3360000000000003	4.664	2.0
701	2.0	0.0	2.0	0.0	0.6660000000000004	5.334	2.0
702	0.0	0.0	0.0	0.0	0.0	0.0	0.0
703	0.0	0.0	0.0	0.0	0.0	0.0	0.0
704	3.0	1.0	2.0	1.0	1.3340000000000005	7.6659999999999995	2.0
705	3.0	0.0	2.0	0.0	0.9990000000000006	8.001	2.0
706	1.0	2.0	1.0	2.0	1.3330000000000002	4.667	2.0
707	2.0	0.0	2.0	0.0	2.0	4.0	2.0
708	2.0	0.0	1.0	0.0	2.4	3.6	1.0
709	4.0	0.0	2.0	0.0	4.0	8.0	2.0
710	1.0	0.0	1.0	0.0	1.0	2.0	1.0
711	4.0	0.0	2.0	0.0	4.0	8.0	2.0
712	0.0	0.0	0.0	0.0	0.0	0.0	0.0
713	0.0	0.0	0.0	0.0	0.0	0.0	0.0
714	1.0	0.0	0.0	0.0	0.3330000000000002	2.667	0.0
715	0.0	0.0	0.0	0.0	0.0	0.0	0.0
716	1.0	0.0	1.0	0.0	1.4	1.6	1.0
717	1.0	1.0	1.0	1.0	0.6660000000000004	5.334	2.0
718	0.0	0.0	0.0	0.0	0.0	0.0	0.0
719	1.0	0.0	1.0	0.0	0.3330000000000002	2.667	1.0
720	0.0	0.0	0.0	0.0	0.0	0.0	0.0
721	1.0	0.0	0.0	0.0	0.3330000000000002	2.667	0.0
722	3.0	0.0	2.0	0.0	3.0	6.0	2.0
723	3.0	2.0	3.0	1.0	3.6720000000000006	11.328	4.0
724	6.0	0.0	3.0	0.0	4.468	7.532	2.0
725	2.0	0.0	1.0	0.0	2.0	4.0	1.0
726	1.0	0.0	1.0	0.0	1.0	2.0	1.0
727	3.0	0.0	2.0	0.0	3.0	6.0	2.0
728	1.0	0.0	1.0	0.0	0.3330000000000002	2.667	1.0
729	3.0	0.0	2.0	0.0	0.9990000000000006	8.001	2.0
730	3.0	1.0	1.0	0.0	4.0	8.0	1.0
731	2.0	1.0	1.0	1.0	1.6680000000000001	4.332	1.0
732	1.0	0.0	1.0	0.0	0.3330000000000002	2.667	1.0
733	1.0	0.0	0.0	0.0	0.3330000000000002	2.667	0.0
734	2.0	0.0	2.0	0.0	2.0	4.0	2.0
735	1.0	0.0	0.0	0.0	0.3330000000000002	2.667	0.0
736	0.0	0.0	0.0	0.0	0.0	0.0	0.0
737	1.0	2.0	0.0	0.0	2.668	6.332	0.0
738	2.0	0.0	1.0	0.0	2.0	4.0	1.0
739	4.0	0.0	3.0	0.0	4.0	8.0	3.0
740	4.0	1.0	3.0	1.0	4.0	8.0	3.0
741	1.0	0.0	1.0	0.0	0.3330000000000002	2.667	1.0
742	4.0	0.0	3.0	0.0	4.0	8.0	3.0
743	3.0	0.0	3.0	0.0	2.4	3.6	2.0
744	2.0	1.0	1.0	1.0	1.3330000000000002	4.667	1.0
745	2.0	0.0	2.0	0.0	0.6660000000000004	5.334	2.0
746	1.0	0.0	1.0	0.0	1.0	2.0	1.0
747	1.0	4.0	1.0	1.0	3.3370000000000006	11.663	2.0
748	4.0	0.0	4.0	0.0	4.0	8.0	4.0
749	3.0	0.0	2.0	0.0	3.0	6.0	2.0
750	2.0	0.0	2.0	0.0	1.0	2.0	1.0
751	0.0	0.0	0.0	0.0	0.0	0.0	0.0
752	0.0	1.0	0.0	1.0	0.6680000000000001	2.332	1.0
753	1.0	1.0	1.0	1.0	1.0	2.0	1.0
754	2.0	1.0	1.0	1.0	2.333	6.667	2.0
755	2.0	2.0	2.0	2.0	1.3330000000000002	4.667	2.0
756	5.0	0.0	2.0	0.0	4.868	7.132	1.0
757	2.0	3.0	1.0	2.0	1.9990000000000006	10.001	3.0
758	1.0	2.0	1.0	2.0	1.3330000000000002	4.667	2.0
759	0.0	0.0	0.0	0.0	0.0	0.0	0.0
760	2.0	0.0	1.0	0.0	0.6660000000000004	5.334	1.0
761	1.0	0.0	0.0	0.0	0.3330000000000002	2.667	0.0
762	2.0	0.0	2.0	0.0	2.0	4.0	2.0
763	0.0	0.0	0.0	0.0	0.0	0.0	0.0
764	1.0	1.0	1.0	1.0	0.6660000000000004	5.334	2.0
765	2.0	0.0	2.0	0.0	1.6680000000000001	4.332	2.0
766	3.0	0.0	1.0	0.0	3.0	6.0	1.0
767	3.0	0.0	1.0	0.0	3.0	6.0	1.0
768	0.0	4.0	0.0	3.0	1.9990000000000006	10.001	3.0
769	3.0	0.0	2.0	0.0	3.0	6.0	2.0
770	1.0	0.0	1.0	0.0	1.4	1.6	1.0
771	2.0	1.0	1.0	1.0	0.9990000000000006	8.001	2.0
772	2.0	2.0	1.0	1.0	2.3360000000000003	6.664	2.0
773	2.0	0.0	2.0	0.0	1.0	2.0	1.0
774	1.0	0.0	0.0	0.0	0.3330000000000002	2.667	0.0
775	1.0	0.0	0.0	0.0	0.3330000000000002	2.667	0.0
776	2.0	0.0	2.0	0.0	0.6660000000000004	5.334	2.0
777	0.0	0.0	0.0	0.0	0.0	0.0	0.0
778	0.0	0.0	0.0	0.0	0.0	0.0	0.0
779	1.0	0.0	1.0	0.0	0.3330000000000002	2.667	1.0
780	0.0	0.0	0.0	0.0	0.0	0.0	0.0
781	1.0	0.0	1.0	0.0	1.0	2.0	1.0
782	2.0	2.0	1.0	1.0	3.0	6.0	2.0
783	2.0	1.0	2.0	0.0	0.9990000000000006	8.001	2.0
784	2.0	1.0	1.0	1.0	3.0	6.0	2.0
785	0.0	1.0	0.0	1.0	1.0	2.0	1.0
786	2.0	1.0	1.0	0.0	2.0	4.0	1.0
787	1.0	3.0	1.0	2.0	2.6660000000000004	9.334	3.0
788	1.0	0.0	1.0	0.0	1.0	2.0	1.0
789	1.0	1.0	1.0	1.0	0.6680000000000001	5.332	2.0
790	0.0	0.0	0.0	0.0	0.0	0.0	0.0
791	0.0	0.0	0.0	0.0	0.0	0.0	0.0
792	4.0	0.0	3.0	0.0	4.0	8.0	3.0
793	3.0	1.0	1.0	1.0	4.0	8.0	2.0
794	2.0	1.0	1.0	1.0	1.3340000000000005	7.6659999999999995	2.0
795	1.0	0.0	1.0	0.0	0.3330000000000002	2.667	1.0
796	1.0	0.0	1.0	0.0	1.0	2.0	1.0
797	2.0	0.0	2.0	0.0	2.0	4.0	2.0
798	1.0	0.0	1.0	0.0	1.0	2.0	1.0
799	2.0	0.0	1.0	0.0	2.0	4.0	1.0
800	0.0	0.0	0.0	0.0	0.0	0.0	0.0
801	2.0	2.0	1.0	1.0	0.9990000000000006	8.001	1.0
802	1.0	1.0	1.0	1.0	0.6680000000000001	2.332	1.0
803	3.0	2.0	3.0	2.0	4.0	8.0	4.0
804	1.0	1.0	1.0	1.0	1.0	2.0	1.0
805	4.0	1.0	3.0	1.0	4.4	7.6	3.0
806	0.0	3.0	0.0	2.0	1.6680000000000001	7.332	2.0
807	1.0	0.0	1.0	0.0	1.0	2.0	1.0
808	3.0	1.0	2.0	0.0	3.3360000000000003	8.664	2.0
809	1.0	0.0	0.0	0.0	0.3330000000000002	2.667	0.0
810	0.0	0.0	0.0	0.0	0.0	0.0	0.0
811	2.0	0.0	1.0	0.0	2.0	4.0	1.0
812	3.0	0.0	2.0	0.0	0.9990000000000006	8.001	2.0
813	0.0	1.0	0.0	1.0	1.0	2.0	1.0
814	2.0	3.0	2.0	2.0	3.0	6.0	2.0
815	3.0	1.0	2.0	1.0	3.068	8.932	3.0
816	1.0	1.0	1.0	0.0	0.6660000000000004	5.334	1.0
817	0.0	3.0	0.0	2.0	2.0	4.0	1.0
818	1.0	3.0	0.0	3.0	2.333	6.667	2.0
819	2.0	3.0	1.0	2.0	3.4	11.6	3.0
820	3.0	2.0	1.0	2.0	2.333	6.667	1.0
821	1.0	2.0	0.0	2.0	1.6660000000000004	7.334	2.0
822	0.0	0.0	0.0	0.0	0.0	0.0	0.0
823	1.0	0.0	1.0	0.0	1.0	2.0	1.0
824	1.0	0.0	1.0	0.0	1.0	2.0	1.0
825	0.0	1.0	0.0	1.0	0.3330000000000002	2.667	1.0
826	1.0	1.0	0.0	1.0	0.6660000000000004	5.334	1.0
827	3.0	3.0	2.0	1.0	4.068	10.932	2.0
828	3.0	2.0	2.0	2.0	1.6660000000000004	7.334	2.0
829	4.0	0.0	1.0	0.0	3.3360000000000003	8.664	1.0
830	0.0	2.0	0.0	1.0	2.0	4.0	1.0
831	1.0	2.0	1.0	1.0	3.0	6.0	2.0
832	3.0	0.0	2.0	0.0	0.9990000000000006	8.001	2.0
833	2.0	3.0	2.0	3.0	3.0	6.0	3.0
834	2.0	2.0	2.0	0.0	4.0	8.0	2.0
835	0.0	3.0	0.0	3.0	3.068	5.932	3.0
836	0.0	3.0	0.0	2.0	3.0	6.0	2.0
837	1.0	2.0	1.0	2.0	0.9990000000000006	8.001	3.0
838	2.0	0.0	1.0	0.0	2.0	4.0	1.0
839	2.0	0.0	1.0	0.0	2.0	4.0	1.0
840	0.0	2.0	0.0	2.0	2.068	3.932	2.0
841	3.0	5.0	2.0	5.0	4.333	10.667	4.0
842	1.0	2.0	1.0	1.0	1.3330000000000002	4.667	1.0
843	0.0	2.0	0.0	1.0	2.0	4.0	1.0
844	3.0	3.0	3.0	3.0	4.333	10.667	5.0
845	1.0	1.0	1.0	0.0	2.0	4.0	1.0
846	2.0	0.0	2.0	0.0	0.6680000000000001	2.332	1.0
847	1.0	4.0	1.0	3.0	3.333	8.667	3.0
848	2.0	0.0	1.0	0.0	2.0	4.0	1.0
849	1.0	1.0	1.0	1.0	0.6660000000000004	5.334	2.0
850	0.0	0.0	0.0	0.0	0.0	0.0	0.0
851	3.0	2.0	2.0	2.0	2.6660000000000004	9.334	3.0
852	2.0	0.0	2.0	0.0	2.0	4.0	2.0
853	1.0	2.0	1.0	2.0	2.0	4.0	2.0
854	1.0	3.0	1.0	3.0	2.3360000000000003	6.664	3.0
855	3.0	0.0	2.0	0.0	3.0	6.0	2.0
856	1.0	2.0	1.0	1.0	0.9990000000000006	8.001	2.0
857	4.0	1.0	2.0	1.0	5.0	10.0	3.0
858	3.0	2.0	2.0	1.0	5.0	10.0	3.0
859	2.0	1.0	0.0	1.0	0.9990000000000006	8.001	1.0
860	1.0	2.0	1.0	2.0	1.3330000000000002	4.667	2.0
861	0.0	2.0	0.0	2.0	0.3330000000000002	2.667	1.0
862	2.0	3.0	1.0	2.0	5.0	10.0	3.0
863	1.0	5.0	1.0	4.0	4.333	10.667	4.0
864	3.0	2.0	2.0	2.0	4.001	10.998999999999999	4.0
865	2.0	2.0	2.0	1.0	4.0	8.0	3.0
866	0.0	2.0	0.0	0.0	1.3330000000000002	4.667	0.0
867	0.0	1.0	0.0	1.0	0.3330000000000002	2.667	1.0
868	1.0	1.0	0.0	0.0	0.6680000000000001	5.332	0.0
869	0.0	0.0	0.0	0.0	0.0	0.0	0.0
870	1.0	1.0	1.0	1.0	0.6660000000000004	5.334	2.0
871	2.0	1.0	2.0	1.0	2.8	6.199999999999999	3.0
872	4.0	0.0	3.0	0.0	5.199999999999999	6.800000000000001	3.0
873	2.0	3.0	1.0	2.0	5.0	10.0	3.0
874	0.0	0.0	0.0	0.0	0.0	0.0	0.0
875	2.0	0.0	1.0	0.0	0.6660000000000004	5.334	1.0
876	0.0	0.0	0.0	0.0	0.0	0.0	0.0
877	3.0	3.0	3.0	2.0	3.333	8.667	3.0
878	1.0	1.0	1.0	1.0	2.0	4.0	2.0
879	4.0	0.0	3.0	0.0	4.0	8.0	3.0
880	0.0	1.0	0.0	1.0	1.0	2.0	1.0
881	2.0	1.0	1.0	1.0	1.3330000000000002	4.667	1.0
882	3.0	0.0	3.0	0.0	3.0	6.0	3.0
883	0.0	1.0	0.0	1.0	0.3330000000000002	2.667	1.0
884	0.0	0.0	0.0	0.0	0.0	0.0	0.0
885	1.0	2.0	0.0	2.0	2.0	4.0	1.0
886	0.0	0.0	0.0	0.0	0.0	0.0	0.0
887	1.0	0.0	1.0	0.0	1.0	2.0	1.0
888	2.0	3.0	2.0	3.0	3.0	6.0	3.0
889	3.0	1.0	2.0	1.0	4.0	8.0	3.0
890	0.0	0.0	0.0	0.0	0.0	0.0	0.0
891	1.0	0.0	0.0	0.0	1.0	2.0	0.0
892	1.0	3.0	1.0	3.0	1.3330000000000002	4.667	2.0
893	1.0	4.0	1.0	3.0	3.333	8.667	3.0
894	1.0	1.0	1.0	0.0	2.0	4.0	1.0
895	0.0	2.0	0.0	2.0	2.0	4.0	2.0
896	2.0	0.0	1.0	0.0	0.6660000000000004	5.334	1.0
897	3.0	0.0	1.0	0.0	3.0	6.0	1.0
898	1.0	1.0	1.0	1.0	0.3330000000000002	2.667	1.0
899	3.0	0.0	2.0	0.0	3.0	6.0	2.0
900	1.0	0.0	0.0	0.0	1.0	2.0	0.0
901	3.0	0.0	2.0	0.0	3.0	6.0	2.0
902	1.0	1.0	1.0	1.0	1.0	2.0	1.0
903	2.0	2.0	2.0	1.0	3.0	6.0	2.0
904	1.0	1.0	1.0	0.0	1.733	4.2669999999999995	1.0
905	0.0	1.0	0.0	1.0	1.0	2.0	1.0
906	0.0	0.0	0.0	0.0	0.0	0.0	0.0
907	1.0	2.0	1.0	1.0	1.6660000000000004	7.334	2.0
908	0.0	3.0	0.0	2.0	0.9990000000000006	8.001	2.0
909	0.0	2.0	0.0	2.0	0.3330000000000002	2.667	1.0
910	3.0	2.0	2.0	2.0	2.333	6.667	2.0
911	1.0	2.0	1.0	2.0	1.0	2.0	1.0
912	1.0	1.0	1.0	1.0	1.6680000000000001	4.332	2.0
913	0.0	4.0	0.0	4.0	1.6660000000000004	7.334	3.0
914	0.0	0.0	0.0	0.0	0.0	0.0	0.0
915	0.0	0.0	0.0	0.0	0.0	0.0	0.0
916	0.0	0.0	0.0	0.0	0.0	0.0	0.0
917	1.0	0.0	1.0	0.0	1.0	2.0	1.0
918	5.0	0.0	3.0	0.0	3.736	8.264	2.0
919	0.0	0.0	0.0	0.0	0.0	0.0	0.0
920	1.0	0.0	1.0	0.0	0.3330000000000002	2.667	1.0
921	3.0	0.0	3.0	0.0	3.0	6.0	3.0
922	1.0	0.0	0.0	0.0	1.0	2.0	0.0
923	3.0	0.0	2.0	0.0	0.9990000000000006	8.001	2.0
924	2.0	0.0	1.0	0.0	0.6660000000000004	5.334	1.0
925	4.0	0.0	2.0	0.0	4.0	8.0	2.0
926	1.0	0.0	1.0	0.0	0.3330000000000002	2.667	1.0
927	3.0	0.0	2.0	0.0	3.0	6.0	2.0
928	1.0	0.0	1.0	0.0	0.3330000000000002	2.667	1.0
929	4.0	0.0	2.0	0.0	4.0	8.0	2.0
930	0.0	1.0	0.0	1.0	0.3330000000000002	2.667	1.0
931	1.0	0.0	0.0	0.0	0.3330000000000002	2.667	0.0
932	1.0	0.0	0.0	0.0	1.0	2.0	0.0
933	0.0	0.0	0.0	0.0	0.0	0.0	0.0
934	0.0	0.0	0.0	0.0	0.0	0.0	0.0
935	2.0	0.0	2.0	0.0	0.6660000000000004	5.334	2.0
936	4.0	0.0	3.0	0.0	2.668	6.332	2.0
937	2.0	0.0	1.0	0.0	2.0	4.0	1.0
938	2.0	1.0	2.0	0.0	0.9990000000000006	8.001	2.0
939	2.0	0.0	1.0	0.0	0.6660000000000004	5.334	1.0
940	1.0	2.0	1.0	2.0	1.0	2.0	1.0
941	2.0	0.0	2.0	0.0	2.0	4.0	2.0
942	3.0	2.0	2.0	2.0	5.4	9.6	4.0
943	0.0	0.0	0.0	0.0	0.0	0.0	0.0
944	0.0	0.0	0.0	0.0	0.0	0.0	0.0
945	0.0	0.0	0.0	0.0	0.0	0.0	0.0
946	0.0	0.0	0.0	0.0	0.0	0.0	0.0
947	0.0	0.0	0.0	0.0	0.0	0.0	0.0
948	0.0	0.0	0.0	0.0	0.0	0.0	0.0
949	0.0	2.0	0.0	2.0	1.0	2.0	1.0
950	0.0	3.0	0.0	3.0	2.333	6.667	3.0
951	0.0	2.0	0.0	2.0	1.0	2.0	1.0
952	0.0	1.0	0.0	1.0	0.3330000000000002	2.667	1.0
953	3.0	1.0	2.0	1.0	2.668	6.332	2.0
954	0.0	0.0	0.0	0.0	0.0	0.0	0.0
955	2.0	1.0	2.0	1.0	2.0	4.0	2.0
956	0.0	0.0	0.0	0.0	0.0	0.0	0.0
957	0.0	2.0	0.0	2.0	2.4	3.6	2.0
958	2.0	0.0	1.0	0.0	0.6660000000000004	5.334	1.0
959	2.0	2.0	2.0	2.0	4.0	8.0	4.0
960	4.0	0.0	2.0	0.0	4.0	8.0	2.0
961	2.0	3.0	1.0	2.0	3.333	8.667	2.0
962	0.0	0.0	0.0	0.0	0.0	0.0	0.0
963	0.0	2.0	0.0	2.0	1.6680000000000001	4.332	2.0
964	0.0	0.0	0.0	0.0	0.0	0.0	0.0
965	1.0	0.0	1.0	0.0	1.0	2.0	1.0
966	4.0	1.0	4.0	1.0	3.333	8.667	4.0
967	0.0	0.0	0.0	0.0	0.0	0.0	0.0
968	2.0	0.0	1.0	0.0	0.6660000000000004	5.334	1.0
969	0.0	0.0	0.0	0.0	0.0	0.0	0.0
970	1.0	1.0	1.0	1.0	0.6660000000000004	5.334	2.0
971	1.0	1.0	1.0	1.0	0.6680000000000001	5.332	2.0
972	1.0	0.0	1.0	0.0	0.3330000000000002	2.667	1.0
973	2.0	1.0	0.0	1.0	3.0	6.0	1.0
974	0.0	0.0	0.0	0.0	0.0	0.0	0.0
975	1.0	1.0	1.0	1.0	0.6660000000000004	5.334	2.0
976	2.0	1.0	1.0	1.0	2.333	6.667	2.0
977	3.0	0.0	2.0	0.0	3.4	5.6	2.0
978	4.0	0.0	3.0	0.0	4.0	8.0	3.0
979	0.0	0.0	0.0	0.0	0.0	0.0	0.0
980	3.0	2.0	0.0	2.0	4.0	8.0	1.0
981	1.0	0.0	1.0	0.0	1.0	2.0	1.0
982	2.0	1.0	2.0	1.0	2.0	4.0	2.0
983	1.0	0.0	1.0	0.0	0.3330000000000002	2.667	1.0
984	0.0	1.0	0.0	1.0	0.3330000000000002	2.667	1.0
985	2.0	1.0	1.0	1.0	2.8	6.199999999999999	2.0
986	1.0	1.0	1.0	1.0	0.6660000000000004	5.334	2.0
987	2.0	3.0	2.0	1.0	2.6660000000000004	9.334	3.0
988	2.0	2.0	1.0	0.0	2.0	4.0	1.0
989	0.0	1.0	0.0	1.0	0.3330000000000002	2.667	1.0
990	1.0	3.0	1.0	2.0	1.6660000000000004	7.334	2.0
991	0.0	2.0	0.0	1.0	0.6660000000000004	5.334	1.0
992	0.0	1.0	0.0	1.0	0.3330000000000002	2.667	1.0
993	2.0	1.0	1.0	1.0	0.9990000000000006	8.001	2.0
994	0.0	3.0	0.0	3.0	2.0	4.0	2.0
995	1.0	1.0	1.0	1.0	1.3330000000000002	4.667	2.0
996	2.0	1.0	1.0	1.0	0.9990000000000006	8.001	2.0
997	1.0	0.0	0.0	0.0	0.3330000000000002	2.667	0.0
998	1.0	0.0	0.0	0.0	0.3330000000000002	2.667	0.0
999	0.0	1.0	0.0	0.0	0.3330000000000002	2.667	0.0
1000	0.0	0.0	0.0	0.0	0.0	0.0	0.0
1001	0.0	0.0	0.0	0.0	0.0	0.0	0.0
1002	0.0	0.0	0.0	0.0	0.0	0.0	0.0
1003	0.0	0.0	0.0	0.0	0.0	0.0	0.0
1004	0.0	0.0	0.0	0.0	0.0	0.0	0.0
1005	0.0	0.0	0.0	0.0	0.0	0.0	0.0
1006	0.0	0.0	0.0	0.0	0.0	0.0	0.0
1007	0.0	0.0	0.0	0.0	0.0	0.0	0.0
1008	0.0	0.0	0.0	0.0	0.0	0.0	0.0
1009	0.0	0.0	0.0	0.0	0.0	0.0	0.0
1010	0.0	0.0	0.0	0.0	0.0	0.0	0.0
1011	0.0	0.0	0.0	0.0	0.0	0.0	0.0
1012	0.0	0.0	0.0	0.0	0.0	0.0	0.0
1013	0.0	0.0	0.0	0.0	0.0	0.0	0.0
1014	1.0	3.0	1.0	3.0	1.6660000000000004	7.334	3.0
1015	2.0	3.0	1.0	2.0	1.9990000000000006	10.001	2.0
1016	2.0	2.0	1.0	0.0	1.3320000000000007	10.668	1.0
1017	2.0	2.0	0.0	2.0	1.6660000000000004	7.334	1.0
1018	2.0	2.0	1.0	2.0	1.3320000000000007	10.668	3.0
1019	0.0	5.0	0.0	2.0	1.9990000000000006	10.001	1.0
1020	2.0	0.0	1.0	0.0	0.6660000000000004	5.334	1.0
1021	2.0	2.0	1.0	2.0	4.0	8.0	3.0
1022	2.0	0.0	0.0	0.0	2.0	4.0	0.0
1023	2.0	3.0	1.0	2.0	2.3990000000000005	9.600999999999999	2.0
1024	1.0	0.0	1.0	0.0	0.3330000000000002	2.667	1.0
1025	3.0	1.0	2.0	1.0	3.4	8.6	3.0
1026	2.0	2.0	0.0	2.0	4.0	8.0	2.0
1027	0.0	3.0	0.0	1.0	1.6660000000000004	7.334	1.0
1028	0.0	3.0	0.0	1.0	1.0	8.0	1.0
1029	0.0	0.0	0.0	0.0	0.0	0.0	0.0
1030	1.0	0.0	1.0	0.0	0.3330000000000002	2.667	1.0
1031	2.0	2.0	2.0	2.0	1.6660000000000004	7.334	3.0
1032	3.0	1.0	1.0	1.0	3.0	6.0	1.0
1033	3.0	2.0	3.0	2.0	2.333	6.667	3.0
1034	1.0	2.0	1.0	2.0	1.4	1.6	1.0
1035	1.0	2.0	1.0	0.0	3.4	5.6	1.0
1036	1.0	2.0	1.0	2.0	2.0	4.0	2.0
1037	0.0	1.0	0.0	0.0	1.0	2.0	0.0
1038	3.0	2.0	3.0	1.0	3.333	8.667	3.0
1039	2.0	1.0	2.0	1.0	0.9990000000000006	8.001	3.0
1040	0.0	0.0	0.0	0.0	0.0	0.0	0.0
1041	4.0	0.0	2.0	0.0	4.0	8.0	2.0
1042	3.0	3.0	1.0	2.0	6.0	12.0	3.0
1043	3.0	0.0	2.0	0.0	2.3360000000000003	6.664	2.0
1044	1.0	2.0	0.0	1.0	1.6680000000000001	7.332	1.0
1045	0.0	2.0	0.0	1.0	0.6660000000000004	5.334	1.0
1046	2.0	1.0	0.0	0.0	0.9990000000000006	8.001	0.0
1047	3.0	1.0	2.0	1.0	4.0	8.0	3.0
1048	3.0	0.0	1.0	0.0	2.3360000000000003	6.664	1.0
1049	3.0	0.0	2.0	0.0	3.0	6.0	2.0
1050	3.0	2.0	2.0	1.0	5.0	10.0	3.0
1051	1.0	5.0	1.0	4.0	2.3320000000000007	12.668	4.0
1052	0.0	2.0	0.0	2.0	0.3330000000000002	2.667	1.0
1053	1.0	2.0	1.0	2.0	0.3330000000000002	5.667	2.0
1054	0.0	0.0	0.0	0.0	0.0	0.0	0.0
1055	2.0	0.0	1.0	0.0	0.6660000000000004	5.334	1.0
1056	3.0	0.0	2.0	0.0	2.668	6.332	2.0
1057	1.0	1.0	1.0	1.0	2.0	4.0	2.0
1058	4.0	1.0	2.0	1.0	5.0	10.0	3.0
1059	0.0	0.0	0.0	0.0	0.0	0.0	0.0
1060	0.0	0.0	0.0	0.0	0.0	0.0	0.0
1061	0.0	0.0	0.0	0.0	0.0	0.0	0.0
1062	2.0	3.0	1.0	2.0	1.665000000000001	13.334999999999999	3.0
1063	1.0	4.0	0.0	3.0	3.736	11.264	3.0
1064	1.0	2.0	0.0	2.0	0.9990000000000006	8.001	2.0
1065	2.0	0.0	1.0	0.0	1.6680000000000001	4.332	1.0
1066	0.0	0.0	0.0	0.0	0.0	0.0	0.0
1067	4.0	1.0	2.0	1.0	3.4	8.6	2.0
1068	3.0	0.0	2.0	0.0	3.0	6.0	2.0
1069	0.0	0.0	0.0	0.0	0.0	0.0	0.0
1070	0.0	2.0	0.0	0.0	1.0	2.0	0.0
1071	3.0	2.0	2.0	1.0	4.0	8.0	2.0
1072	1.0	0.0	1.0	0.0	1.0	2.0	1.0
1073	2.0	0.0	2.0	0.0	0.6660000000000004	5.334	2.0
1074	0.0	0.0	0.0	0.0	0.0	0.0	0.0
1075	1.0	2.0	1.0	1.0	2.0	4.0	1.0
1076	1.0	1.0	1.0	1.0	0.3330000000000002	2.667	1.0
1077	0.0	0.0	0.0	0.0	0.0	0.0	0.0
1078	2.0	1.0	2.0	1.0	2.0	4.0	2.0
1079	0.0	0.0	0.0	0.0	0.0	0.0	0.0
1080	2.0	1.0	1.0	1.0	1.3330000000000002	4.667	1.0
1081	0.0	1.0	0.0	0.0	0.6680000000000001	2.332	0.0
1082	2.0	1.0	1.0	1.0	2.333	6.667	2.0
1083	1.0	0.0	1.0	0.0	1.0	2.0	1.0
1084	3.0	0.0	3.0	0.0	1.6680000000000001	4.332	2.0
1085	1.0	2.0	1.0	2.0	1.0	2.0	1.0
1086	1.0	0.0	1.0	0.0	1.0	2.0	1.0
1087	1.0	1.0	1.0	0.0	0.6660000000000004	5.334	1.0
1088	1.0	0.0	1.0	0.0	0.3330000000000002	2.667	1.0
1089	1.0	0.0	1.0	0.0	1.0	2.0	1.0
1090	4.0	1.0	1.0	1.0	5.868	9.132	2.0
1091	0.0	0.0	0.0	0.0	0.0	0.0	0.0
