pos	Sd	Nd	Sd_tip	Nd_tip	S	N	comparisons
001	0.0	0.0	0.0	0.0	0.0	0.0	0.0
002	0.0	0.0	0.0	0.0	0.0	0.0	0.0
003	0.0	0.0	0.0	0.0	0.0	0.0	0.0
004	0.0	0.0	0.0	0.0	0.0	0.0	0.0
005	0.0	2.0	0.0	2.0	0.3330000000000002	2.667	1.0
006	1.0	2.0	1.0	2.0	2.0	4.0	2.0
007	0.0	1.0	0.0	1.0	0.3330000000000002	2.667	1.0
008	0.0	0.0	0.0	0.0	0.0	0.0	0.0
009	1.0	0.0	1.0	0.0	1.0	2.0	1.0
010	0.0	1.0	0.0	1.0	1.0	2.0	1.0
011	0.0	0.0	0.0	0.0	0.0	0.0	0.0
012	1.0	0.0	1.0	0.0	0.3330000000000002	2.667	1.0
013	0.0	1.0	0.0	1.0	1.0	2.0	1.0
014	1.0	0.0	1.0	0.0	1.0	2.0	1.0
015	1.0	1.0	1.0	1.0	1.0	2.0	1.0
016	1.0	0.0	1.0	0.0	1.0	2.0	1.0
017	1.0	0.0	1.0	0.0	1.4	1.6	1.0
018	1.0	0.0	1.0	0.0	1.0	2.0	1.0
019	1.0	0.0	1.0	0.0	1.0	2.0	1.0
020	1.0	0.0	1.0	0.0	1.4	1.6	1.0
021	1.0	1.0	1.0	1.0	1.4	1.6	1.0
022	1.0	0.0	1.0	0.0	1.0	2.0	1.0
023	1.0	0.0	1.0	0.0	1.0	2.0	1.0
024	0.0	1.0	0.0	1.0	1.0	2.0	1.0
025	0.0	0.0	0.0	0.0	0.0	0.0	0.0
026	0.0	1.0	0.0	1.0	0.3330000000000002	2.667	1.0
027	0.0	0.0	0.0	0.0	0.0	0.0	0.0
028	0.0	2.0	0.0	2.0	1.3330000000000002	4.667	2.0
029	1.0	0.0	1.0	0.0	1.0	2.0	1.0
030	0.0	0.0	0.0	0.0	0.0	0.0	0.0
031	0.0	0.0	0.0	0.0	0.0	0.0	0.0
032	1.0	0.0	1.0	0.0	0.3330000000000002	2.667	1.0
033	0.0	0.0	0.0	0.0	0.0	0.0	0.0
034	0.0	0.0	0.0	0.0	0.0	0.0	0.0
035	0.0	0.0	0.0	0.0	0.0	0.0	0.0
036	1.0	0.0	1.0	0.0	0.6680000000000001	2.332	1.0
037	0.0	1.0	0.0	1.0	0.3330000000000002	2.667	1.0
038	0.0	0.0	0.0	0.0	0.0	0.0	0.0
039	0.0	2.0	0.0	2.0	1.3330000000000002	4.667	2.0
040	0.0	1.0	0.0	1.0	0.3330000000000002	2.667	1.0
041	0.0	0.0	0.0	0.0	0.0	0.0	0.0
042	1.0	0.0	1.0	0.0	1.0	2.0	1.0
043	2.0	1.0	2.0	1.0	1.0	2.0	1.0
044	0.0	1.0	0.0	1.0	0.3330000000000002	2.667	1.0
045	0.0	2.0	0.0	2.0	0.6660000000000004	5.334	2.0
046	0.0	0.0	0.0	0.0	0.0	0.0	0.0
047	1.0	0.0	1.0	0.0	1.0	2.0	1.0
048	0.0	2.0	0.0	2.0	1.0010000000000003	4.999	2.0
049	0.0	3.0	0.0	3.0	1.3330000000000002	4.667	2.0
050	0.0	0.0	0.0	0.0	0.0	0.0	0.0
051	0.0	0.0	0.0	0.0	0.0	0.0	0.0
052	0.0	0.0	0.0	0.0	0.0	0.0	0.0
053	0.0	0.0	0.0	0.0	0.0	0.0	0.0
054	1.0	0.0	1.0	0.0	1.0	2.0	1.0
055	0.0	0.0	0.0	0.0	0.0	0.0	0.0
056	1.0	0.0	1.0	0.0	1.0	2.0	1.0
057	1.0	0.0	1.0	0.0	1.0	2.0	1.0
058	0.0	0.0	0.0	0.0	0.0	0.0	0.0
059	1.0	0.0	1.0	0.0	1.0	2.0	1.0
060	0.0	1.0	0.0	1.0	0.3330000000000002	2.667	1.0
061	0.0	0.0	0.0	0.0	0.0	0.0	0.0
062	0.0	0.0	0.0	0.0	0.0	0.0	0.0
063	1.0	0.0	1.0	0.0	0.3330000000000002	2.667	1.0
064	1.0	0.0	1.0	0.0	1.0	2.0	1.0
065	1.0	0.0	1.0	0.0	0.3330000000000002	2.667	1.0
066	0.0	0.0	0.0	0.0	0.0	0.0	0.0
067	0.0	0.0	0.0	0.0	0.0	0.0	0.0
068	1.0	0.0	1.0	0.0	1.0	2.0	1.0
069	0.0	1.0	0.0	1.0	1.0	2.0	1.0
070	0.0	0.0	0.0	0.0	0.0	0.0	0.0
071	1.0	0.0	1.0	0.0	0.3330000000000002	2.667	1.0
072	0.0	0.0	0.0	0.0	0.0	0.0	0.0
073	0.0	0.0	0.0	0.0	0.0	0.0	0.0
074	1.0	0.0	1.0	0.0	0.3330000000000002	2.667	1.0
075	1.0	0.0	1.0	0.0	0.3330000000000002	2.667	1.0
076	0.0	0.0	0.0	0.0	0.0	0.0	0.0
077	0.0	1.0	0.0	1.0	0.0	3.0	1.0
078	0.0	2.0	0.0	2.0	2.0	4.0	2.0
079	0.0	0.0	0.0	0.0	0.0	0.0	0.0
080	0.0	0.0	0.0	0.0	0.0	0.0	0.0
081	0.0	0.0	0.0	0.0	0.0	0.0	0.0
082	0.0	1.0	0.0	1.0	1.0	2.0	1.0
083	1.0	0.0	1.0	0.0	1.0	2.0	1.0
084	0.0	0.0	0.0	0.0	0.0	0.0	0.0
085	1.0	0.0	1.0	0.0	1.0	2.0	1.0
086	0.0	1.0	0.0	1.0	0.3330000000000002	2.667	1.0
087	0.0	1.0	0.0	1.0	0.3330000000000002	2.667	1.0
088	0.0	2.0	0.0	2.0	1.0	2.0	1.0
089	0.0	0.0	0.0	0.0	0.0	0.0	0.0
090	0.0	1.0	0.0	1.0	0.6680000000000001	2.332	1.0
091	0.0	0.0	0.0	0.0	0.0	0.0	0.0
092	0.0	0.0	0.0	0.0	0.0	0.0	0.0
093	0.0	0.0	0.0	0.0	0.0	0.0	0.0
094	0.0	0.0	0.0	0.0	0.0	0.0	0.0
095	0.0	0.0	0.0	0.0	0.0	0.0	0.0
096	1.0	0.0	1.0	0.0	1.0	2.0	1.0
097	1.0	0.0	1.0	0.0	1.0	2.0	1.0
098	1.0	0.0	1.0	0.0	1.0	2.0	1.0
099	1.0	0.0	1.0	0.0	0.3330000000000002	2.667	1.0
100	0.0	0.0	0.0	0.0	0.0	0.0	0.0
101	1.0	0.0	1.0	0.0	1.0	2.0	1.0
102	1.0	0.0	1.0	0.0	1.0	2.0	1.0
103	0.0	0.0	0.0	0.0	0.0	0.0	0.0
104	0.0	0.0	0.0	0.0	0.0	0.0	0.0
105	0.0	1.0	0.0	1.0	0.6680000000000001	2.332	1.0
106	0.0	0.0	0.0	0.0	0.0	0.0	0.0
107	1.0	0.0	1.0	0.0	1.0	2.0	1.0
108	1.0	0.0	1.0	0.0	1.0	2.0	1.0
109	1.0	0.0	1.0	0.0	1.0	2.0	1.0
110	1.0	0.0	1.0	0.0	1.0	2.0	1.0
111	1.0	0.0	1.0	0.0	0.3330000000000002	2.667	1.0
112	1.0	0.0	1.0	0.0	1.0	2.0	1.0
113	0.0	2.0	0.0	2.0	1.3330000000000002	4.667	2.0
114	0.0	0.0	0.0	0.0	0.0	0.0	0.0
115	1.0	0.0	1.0	0.0	0.3330000000000002	2.667	1.0
116	0.0	0.0	0.0	0.0	0.0	0.0	0.0
117	1.0	0.0	1.0	0.0	0.3330000000000002	2.667	1.0
118	1.0	0.0	1.0	0.0	0.3330000000000002	2.667	1.0
119	0.0	0.0	0.0	0.0	0.0	0.0	0.0
120	0.0	0.0	0.0	0.0	0.0	0.0	0.0
121	0.0	0.0	0.0	0.0	0.0	0.0	0.0
122	0.0	0.0	0.0	0.0	0.0	0.0	0.0
123	0.0	0.0	0.0	0.0	0.0	0.0	0.0
124	0.0	0.0	0.0	0.0	0.0	0.0	0.0
125	0.0	0.0	0.0	0.0	0.0	0.0	0.0
126	0.0	0.0	0.0	0.0	0.0	0.0	0.0
127	0.0	0.0	0.0	0.0	0.0	0.0	0.0
128	0.0	0.0	0.0	0.0	0.0	0.0	0.0
129	0.0	0.0	0.0	0.0	0.0	0.0	0.0
130	1.0	0.0	1.0	0.0	0.3330000000000002	2.667	1.0
131	0.0	0.0	0.0	0.0	0.0	0.0	0.0
132	0.0	0.0	0.0	0.0	0.0	0.0	0.0
133	0.0	1.0	0.0	1.0	0.3330000000000002	2.667	1.0
134	2.0	1.0	2.0	1.0	0.3330000000000002	2.667	1.0
135	1.0	0.0	1.0	0.0	0.3330000000000002	2.667	1.0
136	0.0	1.0	0.0	1.0	1.0	2.0	1.0
137	1.0	0.0	1.0	0.0	1.4	1.6	1.0
138	0.0	0.0	0.0	0.0	0.0	0.0	0.0
139	0.0	2.0	0.0	2.0	1.0	2.0	1.0
140	0.0	3.0	0.0	3.0	1.3330000000000002	4.667	2.0
141	0.0	0.0	0.0	0.0	0.0	0.0	0.0
142	1.0	0.0	1.0	0.0	1.0	2.0	1.0
143	1.0	0.0	1.0	0.0	1.4	1.6	1.0
144	0.0	0.0	0.0	0.0	0.0	0.0	0.0
