all_syn	all_nonSyn	tip_syn	tip_nonSyn	S	N	comparisons
001	0.0	0.0	0.0	0.0	0.0	0.0	0.0
002	0.0	0.0	0.0	0.0	0.0	0.0	0.0
003	0.0	0.0	0.0	0.0	0.0	0.0	0.0
004	0.0	0.0	0.0	0.0	0.0	0.0	0.0
005	0.0	0.0	0.0	0.0	0.0	0.0	0.0
006	3.0	0.0	1.0	0.0	3.0	6.0	1.0
007	0.0	0.0	0.0	0.0	0.0	0.0	0.0
008	1.0	2.0	0.0	0.0	1.0	2.0	0.0
009	1.0	2.0	0.0	0.0	1.3330000000000002	4.667	0.0
010	1.0	3.0	0.0	2.0	2.0	7.0	1.0
011	1.0	6.0	0.0	2.0	2.9990000000000006	12.001	2.0
012	2.0	4.0	1.0	0.0	3.0	9.0	1.0
013	2.0	2.0	1.0	1.0	2.333	6.667	1.0
014	2.0	2.0	2.0	2.0	2.333	6.667	3.0
015	1.0	2.0	1.0	0.0	2.0	4.0	1.0
016	2.0	1.0	1.0	1.0	2.0	4.0	1.0
017	0.0	2.0	0.0	2.0	1.0	2.0	1.0
018	2.0	3.0	1.0	3.0	2.0010000000000003	6.999	2.0
019	2.0	0.0	1.0	0.0	2.8	3.2	1.0
020	2.0	0.0	1.0	0.0	2.0	4.0	1.0
021	1.0	1.0	1.0	1.0	1.0	2.0	1.0
022	0.0	1.0	0.0	0.0	1.0	2.0	0.0
023	2.0	1.0	2.0	1.0	3.0	6.0	3.0
024	0.0	0.0	0.0	0.0	0.0	0.0	0.0
025	1.0	0.0	1.0	0.0	0.3330000000000002	2.667	1.0
026	0.0	0.0	0.0	0.0	0.0	0.0	0.0
027	2.0	2.0	1.0	1.0	2.333	6.667	1.0
028	0.0	2.0	0.0	1.0	1.0010000000000003	4.999	1.0
029	0.0	1.0	0.0	1.0	0.3330000000000002	2.667	1.0
030	0.0	0.0	0.0	0.0	0.0	0.0	0.0
031	0.0	5.0	0.0	4.0	2.3340000000000005	9.666	3.0
032	1.0	1.0	1.0	1.0	1.6680000000000001	4.332	2.0
033	1.0	1.0	1.0	1.0	2.0	4.0	2.0
034	0.0	0.0	0.0	0.0	0.0	0.0	0.0
035	0.0	0.0	0.0	0.0	0.0	0.0	0.0
036	1.0	2.0	1.0	2.0	1.3330000000000002	4.667	2.0
037	3.0	0.0	2.0	0.0	3.0	6.0	2.0
038	1.0	0.0	1.0	0.0	0.3330000000000002	2.667	1.0
039	1.0	1.0	0.0	1.0	0.6660000000000004	5.334	1.0
040	2.0	2.0	0.0	1.0	4.0	8.0	1.0
041	1.0	2.0	1.0	2.0	1.6660000000000004	7.334	3.0
042	0.0	1.0	0.0	1.0	1.0	2.0	1.0
043	1.0	0.0	1.0	0.0	1.4	1.6	1.0
044	1.0	3.0	1.0	3.0	2.6660000000000004	9.334	4.0
045	1.0	2.0	0.0	2.0	1.3330000000000002	4.667	1.0
046	0.0	0.0	0.0	0.0	0.0	0.0	0.0
047	0.0	0.0	0.0	0.0	0.0	0.0	0.0
048	1.0	1.0	1.0	1.0	2.0	4.0	2.0
049	2.0	0.0	1.0	0.0	0.6660000000000004	5.334	1.0
050	0.0	1.0	0.0	1.0	0.3330000000000002	2.667	1.0
051	2.0	0.0	0.0	0.0	2.0	4.0	0.0
052	1.0	2.0	1.0	2.0	1.3330000000000002	4.667	2.0
053	1.0	0.0	1.0	0.0	1.0	2.0	1.0
054	0.0	4.0	0.0	2.0	0.9990000000000006	8.001	2.0
055	2.0	0.0	1.0	0.0	2.0	4.0	1.0
056	1.0	1.0	0.0	1.0	2.0	4.0	1.0
057	2.0	2.0	2.0	2.0	3.0	6.0	3.0
058	2.0	3.0	1.0	3.0	5.0	10.0	4.0
059	3.0	5.0	3.0	3.0	3.6660000000000004	11.334	3.0
060	4.0	4.0	4.0	3.0	5.668	12.332	5.0
061	0.0	0.0	0.0	0.0	0.0	0.0	0.0
062	0.0	1.0	0.0	0.0	1.0	2.0	0.0
063	0.0	0.0	0.0	0.0	0.0	0.0	0.0
064	0.0	0.0	0.0	0.0	0.0	0.0	0.0
065	0.0	1.0	0.0	1.0	1.0	2.0	1.0
066	1.0	1.0	1.0	0.0	2.0	4.0	1.0
067	2.0	3.0	2.0	0.0	4.333	10.667	2.0
068	1.0	1.0	0.0	1.0	2.0	4.0	1.0
069	2.0	1.0	0.0	1.0	3.0	6.0	1.0
070	2.0	2.0	1.0	2.0	3.0	6.0	2.0
071	1.0	2.0	1.0	2.0	3.0	6.0	3.0
072	1.0	7.0	0.0	5.0	3.9990000000000006	14.001	4.0
073	0.0	2.0	0.0	2.0	1.0	2.0	1.0
074	1.0	0.0	0.0	0.0	1.0	2.0	0.0
075	2.0	2.0	1.0	2.0	3.0	6.0	2.0
076	1.0	0.0	1.0	0.0	0.3330000000000002	2.667	1.0
077	1.0	0.0	1.0	0.0	1.0	2.0	1.0
078	0.0	1.0	0.0	0.0	1.0	2.0	0.0
079	0.0	0.0	0.0	0.0	0.0	0.0	0.0
080	3.0	1.0	3.0	1.0	2.0	4.0	2.0
081	3.0	0.0	2.0	0.0	3.0	6.0	2.0
082	2.0	3.0	0.0	3.0	1.9990000000000006	10.001	2.0
083	2.0	2.0	2.0	2.0	4.4	7.6	4.0
084	1.0	3.0	1.0	0.0	3.0	6.0	1.0
085	2.0	1.0	1.0	1.0	3.0	6.0	2.0
086	1.0	3.0	1.0	2.0	4.0	8.0	3.0
087	1.0	3.0	1.0	2.0	4.0	8.0	3.0
088	2.0	5.0	2.0	4.0	4.333	10.667	4.0
089	3.0	2.0	3.0	2.0	5.0	10.0	5.0
090	3.0	4.0	2.0	1.0	5.666	15.334	3.0
091	2.0	6.0	1.0	4.0	4.333	13.667	3.0
092	1.0	1.0	0.0	0.0	2.0	4.0	0.0
093	1.0	1.0	0.0	0.0	2.0	4.0	0.0
094	2.0	2.0	2.0	1.0	3.0	6.0	2.0
095	0.0	2.0	0.0	0.0	1.3330000000000002	4.667	0.0
096	1.0	1.0	0.0	0.0	2.0	4.0	0.0
097	2.0	2.0	1.0	1.0	4.0	8.0	2.0
098	2.0	2.0	1.0	1.0	3.333	8.667	2.0
099	1.0	5.0	0.0	2.0	3.0010000000000003	8.998999999999999	2.0
100	4.0	2.0	3.0	1.0	2.668	6.332	2.0
101	3.0	3.0	1.0	1.0	6.0	12.0	2.0
102	4.0	3.0	2.0	1.0	4.668	10.332	3.0
103	1.0	7.0	1.0	5.0	3.9990000000000006	14.001	4.0
104	2.0	2.0	2.0	1.0	2.333	6.667	2.0
105	1.0	3.0	0.0	1.0	1.6660000000000004	7.334	1.0
106	2.0	0.0	0.0	0.0	0.6660000000000004	5.334	0.0
107	2.0	4.0	1.0	3.0	3.333	8.667	2.0
108	1.0	2.0	1.0	2.0	1.3330000000000002	4.667	2.0
109	2.0	2.0	0.0	2.0	3.068	8.931999999999999	2.0
110	0.0	0.0	0.0	0.0	0.0	0.0	0.0
111	0.0	1.0	0.0	1.0	1.0	2.0	1.0
112	1.0	1.0	1.0	1.0	1.0	2.0	1.0
113	0.0	3.0	0.0	2.0	1.3330000000000002	4.667	1.0
114	1.0	2.0	1.0	2.0	1.6680000000000001	4.332	2.0
115	1.0	1.0	0.0	1.0	0.6660000000000004	5.334	1.0
116	2.0	3.0	1.0	2.0	3.4	5.6	1.0
117	2.0	0.0	1.0	0.0	2.0	4.0	1.0
118	2.0	1.0	1.0	1.0	3.068	5.932	2.0
119	2.0	0.0	2.0	0.0	2.0	4.0	2.0
120	0.0	0.0	0.0	0.0	0.0	0.0	0.0
121	1.0	2.0	0.0	2.0	1.6680000000000001	4.332	1.0
122	2.0	1.0	1.0	0.0	3.0	6.0	1.0
123	1.0	1.0	1.0	0.0	2.0	4.0	1.0
124	0.0	1.0	0.0	1.0	0.3330000000000002	2.667	1.0
125	1.0	1.0	0.0	1.0	2.0	4.0	1.0
126	2.0	0.0	1.0	0.0	0.6660000000000004	5.334	1.0
127	1.0	5.0	1.0	4.0	2.3320000000000007	12.668	4.0
128	2.0	3.0	1.0	1.0	0.9990000000000006	8.001	2.0
129	2.0	1.0	2.0	0.0	3.0	6.0	2.0
130	1.0	2.0	0.0	2.0	1.3330000000000002	4.667	1.0
131	3.0	0.0	2.0	0.0	3.0	6.0	2.0
132	2.0	0.0	2.0	0.0	2.0	4.0	2.0
133	1.0	0.0	1.0	0.0	1.0	2.0	1.0
134	3.0	0.0	1.0	0.0	2.3360000000000003	6.664	1.0
135	1.0	1.0	1.0	0.0	0.6660000000000004	5.334	1.0
136	2.0	0.0	1.0	0.0	1.6680000000000001	4.332	1.0
137	1.0	2.0	1.0	0.0	3.0	6.0	1.0
138	2.0	0.0	1.0	0.0	2.0	4.0	1.0
139	3.0	1.0	2.0	1.0	2.333	6.667	2.0
140	2.0	0.0	2.0	0.0	1.6680000000000001	4.332	2.0
141	1.0	0.0	1.0	0.0	1.0	2.0	1.0
142	2.0	0.0	1.0	0.0	2.0	4.0	1.0
143	2.0	5.0	1.0	4.0	2.6660000000000004	9.334	2.0
144	5.0	1.0	3.0	0.0	3.3340000000000005	11.665999999999999	3.0
145	1.0	0.0	1.0	0.0	1.0	2.0	1.0
146	2.0	2.0	2.0	2.0	2.0	4.0	2.0
147	3.0	0.0	1.0	0.0	2.668	6.332	1.0
148	3.0	1.0	2.0	0.0	1.6660000000000004	7.334	2.0
149	0.0	4.0	0.0	1.0	1.6660000000000004	7.334	1.0
150	0.0	2.0	0.0	2.0	0.3330000000000002	2.667	1.0
151	1.0	3.0	1.0	3.0	1.3330000000000002	4.667	2.0
152	2.0	1.0	2.0	1.0	1.3330000000000002	4.667	2.0
153	0.0	1.0	0.0	0.0	1.0	2.0	0.0
154	2.0	0.0	2.0	0.0	2.0	4.0	2.0
155	0.0	0.0	0.0	0.0	0.0	0.0	0.0
156	0.0	0.0	0.0	0.0	0.0	0.0	0.0
157	2.0	1.0	1.0	1.0	2.0	4.0	1.0
158	2.0	3.0	0.0	2.0	3.6660000000000004	11.334	2.0
159	2.0	3.0	1.0	1.0	1.3330000000000002	4.667	1.0
160	1.0	6.0	0.0	4.0	2.9990000000000006	12.001	3.0
161	1.0	1.0	0.0	1.0	1.0010000000000003	4.999	1.0
162	2.0	0.0	0.0	0.0	0.6680000000000001	2.332	0.0
163	0.0	0.0	0.0	0.0	0.0	0.0	0.0
164	3.0	2.0	1.0	1.0	4.0	8.0	1.0
165	2.0	2.0	1.0	2.0	1.3330000000000002	4.667	1.0
166	0.0	3.0	0.0	3.0	1.6660000000000004	7.334	3.0
167	0.0	2.0	0.0	1.0	0.6660000000000004	5.334	1.0
168	0.0	0.0	0.0	0.0	0.0	0.0	0.0
169	0.0	0.0	0.0	0.0	0.0	0.0	0.0
170	0.0	1.0	0.0	1.0	0.3330000000000002	2.667	1.0
171	1.0	1.0	1.0	1.0	0.6660000000000004	5.334	2.0
172	0.0	1.0	0.0	1.0	0.3330000000000002	2.667	1.0
173	2.0	0.0	2.0	0.0	0.6660000000000004	5.334	2.0
174	3.0	0.0	3.0	0.0	3.0	6.0	3.0
175	3.0	2.0	3.0	0.0	3.3360000000000003	8.664	2.0
176	1.0	0.0	1.0	0.0	0.3330000000000002	2.667	1.0
177	3.0	0.0	1.0	0.0	3.0	6.0	1.0
178	1.0	4.0	1.0	1.0	4.336	10.664	2.0
179	2.0	0.0	1.0	0.0	2.0	4.0	1.0
180	4.0	0.0	2.0	0.0	2.668	6.332	1.0
181	1.0	3.0	1.0	1.0	1.3330000000000002	4.667	1.0
182	1.0	0.0	1.0	0.0	0.3330000000000002	2.667	1.0
183	2.0	1.0	2.0	1.0	1.0	2.0	1.0
184	2.0	4.0	2.0	2.0	5.668	12.332	4.0
185	2.0	2.0	2.0	2.0	3.0010000000000003	8.998999999999999	4.0
186	2.0	4.0	1.0	2.0	1.6680000000000001	4.332	1.0
187	2.0	3.0	2.0	1.0	3.668	8.332	2.0
188	1.0	4.0	1.0	4.0	2.0010000000000003	6.999	3.0
189	0.0	4.0	0.0	4.0	0.6660000000000004	8.334	3.0
190	1.0	4.0	0.0	1.0	1.6660000000000004	7.334	1.0
191	0.0	5.0	0.0	3.0	1.9990000000000006	10.001	3.0
192	2.0	3.0	1.0	2.0	3.6660000000000004	11.334	3.0
193	2.0	3.0	1.0	3.0	2.333	6.667	2.0
194	2.0	2.0	1.0	2.0	1.6660000000000004	7.334	2.0
195	3.0	3.0	2.0	1.0	3.6660000000000004	11.334	2.0
196	1.0	6.0	0.0	4.0	2.3320000000000007	12.668	2.0
197	1.0	5.0	1.0	2.0	4.399000000000001	13.600999999999999	3.0
198	0.0	0.0	0.0	0.0	0.0	0.0	0.0
199	2.0	3.0	1.0	1.0	3.333	8.667	1.0
200	2.0	2.0	1.0	1.0	3.333	8.667	2.0
201	2.0	0.0	1.0	0.0	2.0	4.0	1.0
202	2.0	4.0	2.0	2.0	3.0	6.0	2.0
203	1.0	4.0	1.0	2.0	1.9990000000000006	10.001	2.0
204	2.0	3.0	0.0	2.0	4.0	8.0	1.0
205	2.0	3.0	0.0	2.0	5.0	10.0	2.0
206	1.0	1.0	1.0	1.0	2.0	4.0	2.0
207	1.0	2.0	1.0	1.0	1.3330000000000002	4.667	1.0
208	1.0	2.0	1.0	0.0	2.0	4.0	1.0
209	2.0	2.0	1.0	1.0	2.333	6.667	2.0
210	0.0	0.0	0.0	0.0	0.0	0.0	0.0
211	1.0	0.0	0.0	0.0	0.3330000000000002	2.667	0.0
212	1.0	2.0	0.0	2.0	2.0	4.0	1.0
213	1.0	1.0	1.0	0.0	1.3330000000000002	4.667	1.0
214	1.0	1.0	1.0	0.0	2.0	4.0	1.0
215	0.0	0.0	0.0	0.0	0.0	0.0	0.0
216	0.0	0.0	0.0	0.0	0.0	0.0	0.0
217	1.0	0.0	0.0	0.0	1.0	2.0	0.0
218	0.0	0.0	0.0	0.0	0.0	0.0	0.0
219	1.0	1.0	1.0	0.0	0.6660000000000004	5.334	1.0
220	0.0	5.0	0.0	3.0	2.3340000000000005	9.666	2.0
221	0.0	5.0	0.0	2.0	1.6660000000000004	7.334	1.0
222	1.0	2.0	0.0	0.0	1.3330000000000002	4.667	0.0
223	0.0	0.0	0.0	0.0	0.0	0.0	0.0
224	0.0	0.0	0.0	0.0	0.0	0.0	0.0
225	2.0	3.0	0.0	1.0	2.333	6.667	1.0
226	2.0	1.0	1.0	1.0	2.333	6.667	2.0
227	0.0	4.0	0.0	1.0	2.333	9.667	1.0
228	0.0	6.0	0.0	3.0	0.6660000000000004	11.334	2.0
229	1.0	2.0	1.0	2.0	0.3330000000000002	2.667	1.0
230	1.0	1.0	0.0	0.0	1.0	2.0	0.0
231	1.0	3.0	0.0	1.0	3.0	6.0	1.0
232	0.0	0.0	0.0	0.0	0.0	0.0	0.0
233	1.0	1.0	0.0	0.0	1.3330000000000002	4.667	0.0
234	0.0	0.0	0.0	0.0	0.0	0.0	0.0
235	2.0	3.0	1.0	1.0	2.333	6.667	1.0
236	0.0	1.0	0.0	0.0	0.3330000000000002	2.667	0.0
237	1.0	1.0	0.0	0.0	1.3330000000000002	4.667	0.0
238	1.0	1.0	0.0	0.0	2.0	4.0	0.0
239	1.0	4.0	0.0	1.0	3.333	8.667	1.0
240	0.0	2.0	0.0	1.0	0.6660000000000004	5.334	1.0
241	1.0	2.0	0.0	1.0	2.0	7.0	1.0
242	0.0	4.0	0.0	2.0	1.3340000000000005	7.6659999999999995	1.0
243	0.0	4.0	0.0	2.0	1.9990000000000006	10.001	2.0
244	2.0	1.0	0.0	0.0	2.333	6.667	0.0
245	0.0	0.0	0.0	0.0	0.0	0.0	0.0
246	1.0	4.0	0.0	2.0	3.6660000000000004	11.334	2.0
247	0.0	3.0	0.0	1.0	0.9990000000000006	8.001	1.0
248	1.0	2.0	0.0	1.0	2.333	6.667	1.0
249	2.0	3.0	1.0	1.0	3.0	6.0	1.0
250	1.0	2.0	1.0	0.0	2.668	6.332	1.0
251	1.0	1.0	0.0	1.0	1.3330000000000002	4.667	1.0
252	0.0	2.0	0.0	0.0	1.0	5.0	0.0
253	0.0	0.0	0.0	0.0	0.0	0.0	0.0
254	1.0	0.0	0.0	0.0	0.3330000000000002	2.667	0.0
255	1.0	0.0	0.0	0.0	0.3330000000000002	2.667	0.0
256	1.0	1.0	0.0	0.0	1.3330000000000002	4.667	0.0
257	1.0	2.0	0.0	0.0	1.3330000000000002	4.667	0.0
258	1.0	1.0	0.0	0.0	2.0	4.0	0.0
259	1.0	1.0	1.0	0.0	2.0	4.0	1.0
260	1.0	2.0	0.0	0.0	1.3330000000000002	4.667	0.0
261	0.0	3.0	0.0	0.0	1.3330000000000002	4.667	0.0
262	2.0	0.0	1.0	0.0	2.0	4.0	1.0
263	2.0	1.0	1.0	1.0	1.3330000000000002	4.667	1.0
264	1.0	2.0	0.0	0.0	1.3330000000000002	4.667	0.0
265	1.0	2.0	1.0	0.0	2.333	6.667	1.0
266	2.0	1.0	0.0	1.0	3.0	6.0	1.0
267	1.0	2.0	0.0	0.0	1.3330000000000002	4.667	0.0
268	2.0	2.0	1.0	2.0	1.3330000000000002	4.667	1.0
269	2.0	2.0	1.0	1.0	3.0	6.0	1.0
270	1.0	2.0	0.0	0.0	2.0	4.0	0.0
271	1.0	4.0	0.0	2.0	2.6660000000000004	9.334	2.0
272	0.0	0.0	0.0	0.0	0.0	0.0	0.0
273	0.0	0.0	0.0	0.0	0.0	0.0	0.0
274	0.0	0.0	0.0	0.0	0.0	0.0	0.0
275	0.0	0.0	0.0	0.0	0.0	0.0	0.0
276	2.0	3.0	0.0	2.0	2.668	6.332	1.0
277	2.0	4.0	1.0	1.0	3.6660000000000004	11.334	2.0
278	1.0	2.0	1.0	1.0	1.3330000000000002	4.667	1.0
279	1.0	3.0	1.0	2.0	2.333	6.667	2.0
280	2.0	5.0	1.0	1.0	4.333	10.667	2.0
281	2.0	4.0	2.0	2.0	3.733	8.267	3.0
282	2.0	2.0	1.0	2.0	1.0	5.0	1.0
283	0.0	3.0	0.0	0.0	1.3330000000000002	4.667	0.0
284	2.0	2.0	1.0	0.0	1.3330000000000002	4.667	1.0
285	1.0	0.0	0.0	0.0	1.0	2.0	0.0
286	1.0	2.0	1.0	2.0	1.6660000000000004	7.334	3.0
287	1.0	3.0	0.0	1.0	2.333	6.667	1.0
288	2.0	4.0	1.0	2.0	2.6660000000000004	9.334	2.0
289	2.0	3.0	2.0	2.0	3.333	8.667	3.0
290	0.0	0.0	0.0	0.0	0.0	0.0	0.0
291	2.0	2.0	0.0	1.0	2.0020000000000007	9.998	1.0
292	2.0	2.0	1.0	1.0	1.9990000000000006	10.001	2.0
293	1.0	1.0	1.0	1.0	0.6660000000000004	5.334	2.0
294	0.0	0.0	0.0	0.0	0.0	0.0	0.0
295	0.0	3.0	0.0	2.0	1.3330000000000002	4.667	1.0
296	0.0	1.0	0.0	0.0	0.3330000000000002	2.667	0.0
297	0.0	1.0	0.0	1.0	0.3330000000000002	2.667	1.0
298	0.0	0.0	0.0	0.0	0.0	0.0	0.0
299	0.0	4.0	0.0	3.0	2.6660000000000004	9.334	3.0
300	1.0	1.0	1.0	0.0	0.6660000000000004	5.334	1.0
301	0.0	1.0	0.0	1.0	1.0	2.0	1.0
302	3.0	3.0	2.0	3.0	2.668	6.332	2.0
303	2.0	2.0	2.0	1.0	2.333	6.667	2.0
304	3.0	2.0	1.0	0.0	2.6660000000000004	9.334	1.0
305	1.0	7.0	1.0	3.0	2.6670000000000007	12.333	2.0
306	2.0	2.0	1.0	0.0	4.0	8.0	1.0
307	0.0	1.0	0.0	0.0	0.3330000000000002	2.667	0.0
308	1.0	1.0	0.0	0.0	2.0	4.0	0.0
309	2.0	1.0	1.0	0.0	3.0	6.0	1.0
310	1.0	1.0	0.0	0.0	2.0	4.0	0.0
311	2.0	2.0	0.0	0.0	3.0	6.0	0.0
312	1.0	1.0	0.0	1.0	2.0	4.0	1.0
313	0.0	2.0	0.0	2.0	1.0	2.0	1.0
314	1.0	1.0	1.0	1.0	1.0	2.0	1.0
315	1.0	0.0	0.0	0.0	0.3330000000000002	2.667	0.0
316	1.0	2.0	1.0	1.0	1.3330000000000002	4.667	1.0
317	1.0	1.0	0.0	1.0	0.6660000000000004	5.334	1.0
318	0.0	0.0	0.0	0.0	0.0	0.0	0.0
319	0.0	0.0	0.0	0.0	0.0	0.0	0.0
320	0.0	0.0	0.0	0.0	0.0	0.0	0.0
321	0.0	0.0	0.0	0.0	0.0	0.0	0.0
