all_syn	all_nonSyn	tip_syn	tip_nonSyn	S	N	comparisons
001	0.0	0.0	0.0	0.0	0.0	0.0	0.0
002	0.0	0.0	0.0	0.0	0.0	0.0	0.0
003	0.0	0.0	0.0	0.0	0.0	0.0	0.0
004	0.0	0.0	0.0	0.0	0.0	0.0	0.0
005	0.0	0.0	0.0	0.0	0.0	0.0	0.0
006	0.0	0.0	0.0	0.0	0.0	0.0	0.0
007	0.0	0.0	0.0	0.0	0.0	0.0	0.0
008	0.0	0.0	0.0	0.0	0.0	0.0	0.0
009	0.0	0.0	0.0	0.0	0.0	0.0	0.0
010	0.0	0.0	0.0	0.0	0.0	0.0	0.0
011	0.0	0.0	0.0	0.0	0.0	0.0	0.0
012	0.0	0.0	0.0	0.0	0.0	0.0	0.0
013	0.0	0.0	0.0	0.0	0.0	0.0	0.0
014	0.0	0.0	0.0	0.0	0.0	0.0	0.0
015	0.0	0.0	0.0	0.0	0.0	0.0	0.0
016	0.0	0.0	0.0	0.0	0.0	0.0	0.0
017	0.0	0.0	0.0	0.0	0.0	0.0	0.0
018	0.0	0.0	0.0	0.0	0.0	0.0	0.0
019	0.0	0.0	0.0	0.0	0.0	0.0	0.0
020	0.0	0.0	0.0	0.0	0.0	0.0	0.0
021	0.0	0.0	0.0	0.0	0.0	0.0	0.0
022	0.0	0.0	0.0	0.0	0.0	0.0	0.0
023	0.0	0.0	0.0	0.0	0.0	0.0	0.0
024	0.0	0.0	0.0	0.0	0.0	0.0	0.0
025	0.0	0.0	0.0	0.0	0.0	0.0	0.0
026	0.0	0.0	0.0	0.0	0.0	0.0	0.0
027	0.0	0.0	0.0	0.0	0.0	0.0	0.0
028	0.0	0.0	0.0	0.0	0.0	0.0	0.0
029	0.0	0.0	0.0	0.0	0.0	0.0	0.0
030	0.0	0.0	0.0	0.0	0.0	0.0	0.0
031	0.0	0.0	0.0	0.0	0.0	0.0	0.0
032	0.0	0.0	0.0	0.0	0.0	0.0	0.0
033	0.0	0.0	0.0	0.0	0.0	0.0	0.0
034	0.0	0.0	0.0	0.0	0.0	0.0	0.0
035	2.0	0.0	2.0	0.0	2.0	4.0	2.0
036	1.0	0.0	1.0	0.0	0.3330000000000002	2.667	1.0
037	1.0	0.0	1.0	0.0	0.3330000000000002	2.667	1.0
038	1.0	0.0	0.0	0.0	0.3330000000000002	2.667	0.0
039	3.0	0.0	1.0	0.0	3.0	6.0	1.0
040	0.0	0.0	0.0	0.0	0.0	0.0	0.0
041	1.0	0.0	1.0	0.0	1.0	2.0	1.0
042	4.0	0.0	2.0	0.0	4.0	8.0	2.0
043	1.0	0.0	1.0	0.0	0.3330000000000002	2.667	1.0
044	2.0	0.0	1.0	0.0	1.3360000000000003	4.664	1.0
045	1.0	0.0	1.0	0.0	0.3330000000000002	2.667	1.0
046	2.0	0.0	2.0	0.0	2.0	4.0	2.0
047	0.0	0.0	0.0	0.0	0.0	0.0	0.0
048	4.0	0.0	2.0	0.0	4.0	8.0	2.0
049	2.0	0.0	1.0	0.0	2.0	4.0	1.0
050	3.0	0.0	2.0	0.0	3.0	6.0	2.0
051	2.0	0.0	1.0	0.0	2.0	4.0	1.0
052	2.0	0.0	1.0	0.0	2.0	4.0	1.0
053	0.0	0.0	0.0	0.0	0.0	0.0	0.0
054	1.0	2.0	1.0	1.0	0.9990000000000006	8.001	2.0
055	0.0	0.0	0.0	0.0	0.0	0.0	0.0
056	0.0	0.0	0.0	0.0	0.0	0.0	0.0
057	2.0	0.0	2.0	0.0	0.6660000000000004	5.334	2.0
058	1.0	0.0	1.0	0.0	0.3330000000000002	2.667	1.0
059	1.0	0.0	1.0	0.0	0.3330000000000002	2.667	1.0
060	1.0	0.0	1.0	0.0	1.0	2.0	1.0
061	3.0	0.0	1.0	0.0	3.0	6.0	1.0
062	2.0	1.0	1.0	1.0	2.4010000000000002	6.599	2.0
063	4.0	0.0	2.0	0.0	4.0	8.0	2.0
064	3.0	0.0	2.0	0.0	2.668	6.332	2.0
065	0.0	0.0	0.0	0.0	0.0	0.0	0.0
066	0.0	1.0	0.0	1.0	0.3330000000000002	2.667	1.0
067	1.0	0.0	1.0	0.0	1.0	2.0	1.0
068	1.0	0.0	1.0	0.0	0.3330000000000002	2.667	1.0
069	2.0	0.0	1.0	0.0	1.3360000000000003	4.664	1.0
070	3.0	0.0	2.0	0.0	3.0	6.0	2.0
071	1.0	0.0	0.0	0.0	1.0	2.0	0.0
072	3.0	0.0	2.0	0.0	3.0	6.0	2.0
073	1.0	0.0	1.0	0.0	0.3330000000000002	2.667	1.0
074	4.0	0.0	3.0	0.0	4.0	8.0	3.0
075	2.0	5.0	1.0	2.0	1.9990000000000006	10.001	1.0
076	1.0	1.0	1.0	1.0	1.0	2.0	1.0
077	3.0	1.0	2.0	1.0	1.3320000000000007	10.668	3.0
078	2.0	2.0	1.0	2.0	3.0	6.0	2.0
079	1.0	3.0	1.0	3.0	0.6660000000000004	5.334	2.0
080	1.0	3.0	1.0	3.0	2.333	6.667	3.0
081	0.0	0.0	0.0	0.0	0.0	0.0	0.0
082	1.0	0.0	0.0	0.0	0.3330000000000002	2.667	0.0
083	2.0	0.0	2.0	0.0	2.0	4.0	2.0
084	0.0	1.0	0.0	1.0	0.3330000000000002	2.667	1.0
085	1.0	0.0	1.0	0.0	1.0	2.0	1.0
086	3.0	0.0	1.0	0.0	3.0	6.0	1.0
087	1.0	0.0	0.0	0.0	0.3330000000000002	2.667	0.0
088	1.0	0.0	0.0	0.0	0.3330000000000002	2.667	0.0
089	2.0	0.0	1.0	0.0	2.0	4.0	1.0
090	2.0	0.0	1.0	0.0	1.3360000000000003	4.664	1.0
091	2.0	0.0	1.0	0.0	2.0	4.0	1.0
092	1.0	0.0	0.0	0.0	0.6680000000000001	2.332	0.0
093	3.0	0.0	1.0	0.0	3.0	6.0	1.0
094	5.0	0.0	2.0	0.0	3.0	6.0	1.0
095	2.0	0.0	1.0	0.0	2.4	3.6	1.0
096	3.0	0.0	1.0	0.0	3.0	6.0	1.0
097	3.0	0.0	3.0	0.0	3.0	6.0	3.0
098	2.0	0.0	1.0	0.0	2.0	4.0	1.0
099	4.0	0.0	3.0	0.0	3.068	5.932	2.0
100	3.0	0.0	1.0	0.0	3.0	6.0	1.0
101	2.0	0.0	2.0	0.0	1.3360000000000003	4.664	2.0
102	2.0	0.0	1.0	0.0	2.0	4.0	1.0
103	0.0	0.0	0.0	0.0	0.0	0.0	0.0
104	1.0	0.0	0.0	0.0	1.0	2.0	0.0
105	2.0	1.0	1.0	1.0	3.0	6.0	2.0
106	3.0	1.0	1.0	1.0	4.0	8.0	2.0
107	1.0	0.0	0.0	0.0	0.3330000000000002	2.667	0.0
108	1.0	1.0	0.0	1.0	2.0	4.0	1.0
109	0.0	4.0	0.0	3.0	1.9990000000000006	10.001	3.0
110	1.0	1.0	0.0	0.0	0.6660000000000004	5.334	0.0
111	1.0	3.0	0.0	1.0	1.6660000000000004	7.334	1.0
112	1.0	0.0	0.0	0.0	0.3330000000000002	2.667	0.0
113	2.0	0.0	2.0	0.0	2.0	4.0	2.0
114	1.0	0.0	1.0	0.0	0.3330000000000002	2.667	1.0
115	2.0	0.0	1.0	0.0	2.0	4.0	1.0
116	0.0	0.0	0.0	0.0	0.0	0.0	0.0
117	1.0	0.0	0.0	0.0	1.0	2.0	0.0
118	1.0	0.0	1.0	0.0	0.3330000000000002	2.667	1.0
119	2.0	1.0	0.0	1.0	0.9990000000000006	8.001	1.0
120	3.0	0.0	1.0	0.0	3.0	6.0	1.0
121	2.0	0.0	1.0	0.0	2.0	4.0	1.0
122	1.0	0.0	0.0	0.0	1.0	2.0	0.0
123	2.0	1.0	1.0	1.0	2.733	6.2669999999999995	2.0
124	3.0	1.0	2.0	1.0	4.0	8.0	3.0
125	1.0	1.0	0.0	1.0	1.3330000000000002	4.667	1.0
126	3.0	1.0	2.0	1.0	3.0	6.0	2.0
127	2.0	2.0	2.0	1.0	3.0	6.0	2.0
128	1.0	2.0	1.0	2.0	1.0	2.0	1.0
129	1.0	3.0	0.0	1.0	2.333	6.667	1.0
130	3.0	1.0	2.0	1.0	4.0	8.0	3.0
131	2.0	3.0	2.0	2.0	3.333	8.667	3.0
132	1.0	1.0	1.0	1.0	1.0010000000000003	4.999	2.0
133	1.0	3.0	1.0	3.0	2.0010000000000003	6.999	3.0
134	4.0	0.0	2.0	0.0	4.0	8.0	2.0
135	2.0	1.0	2.0	1.0	1.0	5.0	2.0
136	0.0	2.0	0.0	2.0	0.3330000000000002	2.667	1.0
137	1.0	0.0	1.0	0.0	1.0	2.0	1.0
138	3.0	0.0	3.0	0.0	0.9990000000000006	8.001	3.0
139	3.0	0.0	2.0	0.0	3.0	6.0	2.0
140	1.0	0.0	1.0	0.0	0.3330000000000002	2.667	1.0
141	3.0	0.0	3.0	0.0	2.0040000000000004	6.9959999999999996	3.0
142	2.0	0.0	1.0	0.0	2.0	4.0	1.0
143	0.0	0.0	0.0	0.0	0.0	0.0	0.0
144	3.0	0.0	2.0	0.0	3.0	6.0	2.0
145	1.0	0.0	1.0	0.0	0.3330000000000002	2.667	1.0
146	1.0	0.0	0.0	0.0	1.0	2.0	0.0
147	1.0	1.0	1.0	1.0	0.6660000000000004	5.334	2.0
148	1.0	0.0	1.0	0.0	0.3330000000000002	2.667	1.0
149	2.0	0.0	1.0	0.0	0.6660000000000004	5.334	1.0
150	1.0	0.0	1.0	0.0	1.0	2.0	1.0
151	1.0	0.0	1.0	0.0	0.6680000000000001	2.332	1.0
152	2.0	0.0	1.0	0.0	2.0	4.0	1.0
153	3.0	0.0	2.0	0.0	3.0	6.0	2.0
154	1.0	0.0	0.0	0.0	0.3330000000000002	2.667	0.0
155	2.0	0.0	1.0	0.0	1.3360000000000003	4.664	1.0
156	2.0	0.0	2.0	0.0	0.6660000000000004	5.334	2.0
157	3.0	0.0	1.0	0.0	0.9990000000000006	8.001	1.0
158	1.0	0.0	1.0	0.0	0.3330000000000002	2.667	1.0
159	1.0	0.0	1.0	0.0	1.0	2.0	1.0
160	1.0	0.0	1.0	0.0	0.6680000000000001	2.332	1.0
161	2.0	1.0	1.0	1.0	3.0	6.0	2.0
162	0.0	0.0	0.0	0.0	0.0	0.0	0.0
163	1.0	0.0	1.0	0.0	0.3330000000000002	2.667	1.0
164	0.0	0.0	0.0	0.0	0.0	0.0	0.0
165	2.0	0.0	1.0	0.0	2.0	4.0	1.0
166	2.0	0.0	1.0	0.0	2.0	4.0	1.0
167	2.0	0.0	0.0	0.0	2.0	4.0	0.0
168	2.0	0.0	2.0	0.0	2.8	3.2	2.0
169	2.0	0.0	2.0	0.0	2.4	3.6	2.0
170	4.0	0.0	2.0	0.0	2.668	6.332	2.0
171	5.0	0.0	4.0	0.0	5.0	10.0	4.0
172	1.0	0.0	1.0	0.0	1.0	2.0	1.0
173	2.0	0.0	2.0	0.0	0.6660000000000004	5.334	2.0
174	1.0	0.0	1.0	0.0	0.3330000000000002	2.667	1.0
175	1.0	0.0	1.0	0.0	1.0	2.0	1.0
176	0.0	0.0	0.0	0.0	0.0	0.0	0.0
177	2.0	0.0	1.0	0.0	2.0	4.0	1.0
178	3.0	0.0	2.0	0.0	0.9990000000000006	8.001	2.0
179	1.0	0.0	0.0	0.0	0.3330000000000002	2.667	0.0
180	2.0	0.0	1.0	0.0	2.0	4.0	1.0
181	0.0	0.0	0.0	0.0	0.0	0.0	0.0
182	2.0	0.0	1.0	0.0	2.0	4.0	1.0
183	2.0	0.0	2.0	0.0	0.6660000000000004	5.334	2.0
184	2.0	1.0	2.0	0.0	2.668	6.332	2.0
185	1.0	1.0	0.0	1.0	2.0	4.0	1.0
186	1.0	0.0	1.0	0.0	0.3330000000000002	2.667	1.0
187	3.0	2.0	1.0	2.0	4.0	8.0	2.0
188	2.0	0.0	2.0	0.0	0.6660000000000004	5.334	2.0
189	2.0	0.0	1.0	0.0	2.0	4.0	1.0
190	2.0	0.0	1.0	0.0	2.0	4.0	1.0
191	1.0	0.0	1.0	0.0	1.0	2.0	1.0
192	4.0	0.0	2.0	0.0	2.736	6.263999999999999	2.0
193	2.0	0.0	2.0	0.0	2.0	4.0	2.0
194	0.0	0.0	0.0	0.0	0.0	0.0	0.0
195	2.0	0.0	1.0	0.0	2.0	4.0	1.0
196	1.0	0.0	1.0	0.0	0.3330000000000002	2.667	1.0
197	1.0	0.0	1.0	0.0	0.3330000000000002	2.667	1.0
198	2.0	0.0	2.0	0.0	0.6680000000000001	2.332	1.0
199	3.0	0.0	2.0	0.0	0.9990000000000006	8.001	2.0
200	2.0	0.0	1.0	0.0	2.0	4.0	1.0
201	2.0	0.0	1.0	0.0	0.6660000000000004	5.334	1.0
202	1.0	0.0	0.0	0.0	1.0	2.0	0.0
203	0.0	0.0	0.0	0.0	0.0	0.0	0.0
204	4.0	0.0	3.0	0.0	4.468	7.532	3.0
205	2.0	0.0	2.0	0.0	0.6660000000000004	5.334	2.0
206	1.0	0.0	1.0	0.0	1.0	2.0	1.0
207	0.0	0.0	0.0	0.0	0.0	0.0	0.0
208	4.0	0.0	0.0	0.0	3.468	5.532	0.0
209	3.0	0.0	2.0	0.0	0.9990000000000006	8.001	2.0
210	0.0	0.0	0.0	0.0	0.0	0.0	0.0
211	1.0	3.0	0.0	2.0	3.4010000000000002	8.599	2.0
212	2.0	0.0	1.0	0.0	0.6660000000000004	5.334	1.0
213	3.0	0.0	3.0	0.0	2.668	6.332	3.0
214	0.0	1.0	0.0	1.0	0.3330000000000002	2.667	1.0
215	2.0	0.0	1.0	0.0	2.0	4.0	1.0
216	2.0	0.0	1.0	0.0	0.6660000000000004	5.334	1.0
217	2.0	0.0	1.0	0.0	0.6660000000000004	5.334	1.0
218	2.0	0.0	2.0	0.0	2.0	4.0	2.0
219	2.0	0.0	1.0	0.0	2.0	4.0	1.0
220	0.0	0.0	0.0	0.0	0.0	0.0	0.0
221	0.0	0.0	0.0	0.0	0.0	0.0	0.0
222	4.0	0.0	2.0	0.0	3.736	8.264	2.0
223	1.0	0.0	1.0	0.0	0.3330000000000002	2.667	1.0
224	1.0	0.0	1.0	0.0	1.0	2.0	1.0
225	1.0	0.0	1.0	0.0	1.0	2.0	1.0
226	2.0	0.0	1.0	0.0	2.0	4.0	1.0
227	0.0	0.0	0.0	0.0	0.0	0.0	0.0
228	1.0	1.0	1.0	1.0	1.0010000000000003	4.999	2.0
229	1.0	0.0	0.0	0.0	0.3330000000000002	2.667	0.0
230	1.0	0.0	1.0	0.0	0.3330000000000002	2.667	1.0
231	2.0	1.0	0.0	0.0	1.0010000000000003	4.999	0.0
232	4.0	0.0	2.0	0.0	3.668	8.332	2.0
233	3.0	0.0	3.0	0.0	1.6680000000000001	4.332	2.0
234	3.0	0.0	2.0	0.0	2.3360000000000003	6.664	2.0
235	2.0	0.0	1.0	0.0	2.0	4.0	1.0
236	1.0	0.0	1.0	0.0	0.3330000000000002	2.667	1.0
237	1.0	2.0	1.0	2.0	1.0	2.0	1.0
238	3.0	0.0	3.0	0.0	3.0	6.0	3.0
239	1.0	2.0	1.0	2.0	1.3330000000000002	4.667	2.0
240	2.0	1.0	1.0	1.0	2.333	6.667	2.0
241	3.0	1.0	1.0	0.0	2.333	6.667	1.0
242	0.0	2.0	0.0	2.0	2.0	4.0	2.0
243	3.0	3.0	2.0	3.0	4.668	10.332	4.0
244	2.0	3.0	1.0	2.0	2.333	6.667	2.0
245	0.0	3.0	0.0	2.0	3.4	5.6	2.0
246	1.0	1.0	1.0	1.0	0.3330000000000002	2.667	1.0
247	3.0	3.0	3.0	3.0	2.0	7.0	3.0
248	1.0	1.0	1.0	1.0	1.3330000000000002	4.667	2.0
249	1.0	2.0	0.0	2.0	1.6660000000000004	7.334	2.0
250	4.0	1.0	1.0	1.0	4.668	10.332	2.0
251	2.0	5.0	2.0	3.0	6.0	12.0	4.0
252	2.0	2.0	0.0	2.0	1.3340000000000005	7.6659999999999995	1.0
253	3.0	0.0	3.0	0.0	3.0	6.0	3.0
254	1.0	2.0	1.0	2.0	3.0	6.0	3.0
255	3.0	1.0	1.0	1.0	2.0010000000000003	6.999	1.0
256	2.0	0.0	0.0	0.0	0.6660000000000004	5.334	0.0
257	2.0	1.0	1.0	1.0	3.0	6.0	2.0
258	2.0	2.0	2.0	1.0	3.0010000000000003	8.998999999999999	3.0
259	5.0	0.0	2.0	0.0	4.668	10.332	2.0
260	1.0	0.0	1.0	0.0	0.3330000000000002	2.667	1.0
261	1.0	0.0	1.0	0.0	1.0	2.0	1.0
262	1.0	0.0	0.0	0.0	1.0	2.0	0.0
263	1.0	0.0	0.0	0.0	0.3330000000000002	2.667	0.0
264	0.0	5.0	0.0	4.0	2.3320000000000007	12.668	4.0
265	2.0	0.0	0.0	0.0	2.0	4.0	0.0
266	2.0	0.0	1.0	0.0	2.0	4.0	1.0
267	3.0	0.0	2.0	0.0	3.0	6.0	2.0
268	3.0	0.0	2.0	0.0	3.0	6.0	2.0
269	2.0	0.0	1.0	0.0	0.6660000000000004	5.334	1.0
270	1.0	0.0	0.0	0.0	1.0	2.0	0.0
271	3.0	0.0	2.0	0.0	3.0	6.0	2.0
272	1.0	3.0	1.0	2.0	2.733	6.2669999999999995	2.0
273	1.0	1.0	1.0	1.0	1.3330000000000002	4.667	2.0
274	1.0	2.0	0.0	1.0	0.9990000000000006	8.001	1.0
275	3.0	2.0	2.0	2.0	0.6660000000000004	8.334	2.0
276	2.0	2.0	0.0	2.0	0.9990000000000006	8.001	1.0
277	1.0	0.0	0.0	0.0	1.0	2.0	0.0
278	1.0	0.0	1.0	0.0	0.3330000000000002	2.667	1.0
279	3.0	0.0	2.0	0.0	3.0	6.0	2.0
280	4.0	1.0	2.0	1.0	4.401	10.599	3.0
281	1.0	0.0	1.0	0.0	1.0	2.0	1.0
282	1.0	0.0	1.0	0.0	0.3330000000000002	2.667	1.0
283	2.0	0.0	1.0	0.0	0.6660000000000004	5.334	1.0
284	2.0	0.0	1.0	0.0	0.6660000000000004	5.334	1.0
285	1.0	3.0	0.0	3.0	1.3320000000000007	10.668	3.0
286	2.0	2.0	1.0	2.0	2.3360000000000003	6.664	2.0
287	2.0	0.0	2.0	0.0	2.0	4.0	2.0
288	2.0	0.0	2.0	0.0	0.6660000000000004	5.334	2.0
289	1.0	0.0	1.0	0.0	1.0	2.0	1.0
290	2.0	0.0	1.0	0.0	2.0	4.0	1.0
291	2.0	0.0	2.0	0.0	2.0	4.0	2.0
292	2.0	0.0	1.0	0.0	0.6660000000000004	5.334	1.0
293	0.0	0.0	0.0	0.0	0.0	0.0	0.0
294	2.0	0.0	1.0	0.0	0.6660000000000004	5.334	1.0
295	3.0	0.0	3.0	0.0	3.0	6.0	3.0
296	0.0	0.0	0.0	0.0	0.0	0.0	0.0
297	0.0	0.0	0.0	0.0	0.0	0.0	0.0
298	2.0	0.0	0.0	0.0	0.6660000000000004	5.334	0.0
299	4.0	0.0	1.0	0.0	4.0	8.0	1.0
300	2.0	0.0	1.0	0.0	2.0	4.0	1.0
301	3.0	0.0	2.0	0.0	3.8	5.2	2.0
302	3.0	0.0	2.0	0.0	3.0	6.0	2.0
303	2.0	0.0	0.0	0.0	2.0	4.0	0.0
304	0.0	0.0	0.0	0.0	0.0	0.0	0.0
305	1.0	0.0	0.0	0.0	0.3330000000000002	2.667	0.0
306	0.0	0.0	0.0	0.0	0.0	0.0	0.0
307	3.0	0.0	1.0	0.0	0.9990000000000006	8.001	1.0
308	1.0	0.0	1.0	0.0	0.3330000000000002	2.667	1.0
309	2.0	0.0	1.0	0.0	2.0	4.0	1.0
310	1.0	0.0	1.0	0.0	0.3330000000000002	2.667	1.0
311	2.0	0.0	1.0	0.0	0.6660000000000004	5.334	1.0
312	3.0	0.0	3.0	0.0	3.0	6.0	3.0
313	2.0	0.0	1.0	0.0	2.0	4.0	1.0
314	2.0	0.0	1.0	0.0	0.6660000000000004	5.334	1.0
315	2.0	0.0	1.0	0.0	0.6660000000000004	5.334	1.0
316	2.0	0.0	1.0	0.0	0.6660000000000004	5.334	1.0
317	2.0	0.0	1.0	0.0	2.0	4.0	1.0
318	2.0	1.0	1.0	1.0	0.9990000000000006	8.001	2.0
319	2.0	0.0	1.0	0.0	0.6660000000000004	5.334	1.0
320	2.0	0.0	1.0	0.0	0.6660000000000004	5.334	1.0
321	1.0	0.0	1.0	0.0	0.3330000000000002	2.667	1.0
322	1.0	0.0	1.0	0.0	0.3330000000000002	2.667	1.0
323	1.0	2.0	1.0	1.0	0.9990000000000006	8.001	2.0
324	4.0	2.0	3.0	2.0	6.0	12.0	5.0
325	0.0	3.0	0.0	2.0	1.6660000000000004	7.334	2.0
326	4.0	2.0	3.0	1.0	5.0	10.0	3.0
327	3.0	2.0	3.0	1.0	4.0	8.0	3.0
328	2.0	1.0	1.0	1.0	1.6660000000000004	7.334	2.0
329	0.0	0.0	0.0	0.0	0.0	0.0	0.0
330	0.0	0.0	0.0	0.0	0.0	0.0	0.0
331	1.0	1.0	0.0	1.0	0.6660000000000004	5.334	1.0
332	1.0	2.0	1.0	1.0	1.6660000000000004	7.334	2.0
333	1.0	1.0	1.0	1.0	0.6660000000000004	5.334	2.0
334	1.0	1.0	0.0	1.0	1.6680000000000001	4.332	1.0
335	1.0	3.0	1.0	3.0	1.3330000000000002	4.667	2.0
336	2.0	2.0	1.0	2.0	3.0	6.0	2.0
337	2.0	0.0	1.0	0.0	2.0	4.0	1.0
338	2.0	1.0	1.0	1.0	1.0	5.0	1.0
339	0.0	0.0	0.0	0.0	0.0	0.0	0.0
340	2.0	0.0	2.0	0.0	2.0	4.0	2.0
341	2.0	0.0	2.0	0.0	0.6660000000000004	5.334	2.0
342	2.0	0.0	2.0	0.0	2.0	4.0	2.0
343	2.0	0.0	1.0	0.0	0.6660000000000004	5.334	1.0
344	1.0	0.0	1.0	0.0	0.3330000000000002	2.667	1.0
345	2.0	0.0	0.0	0.0	2.0	4.0	0.0
346	1.0	0.0	0.0	0.0	1.0	2.0	0.0
347	0.0	0.0	0.0	0.0	0.0	0.0	0.0
348	0.0	0.0	0.0	0.0	0.0	0.0	0.0
349	2.0	0.0	1.0	0.0	2.0	4.0	1.0
350	2.0	0.0	1.0	0.0	0.6660000000000004	5.334	1.0
351	3.0	0.0	1.0	0.0	3.0	6.0	1.0
352	0.0	0.0	0.0	0.0	0.0	0.0	0.0
353	2.0	0.0	1.0	0.0	2.0	4.0	1.0
354	4.0	0.0	4.0	0.0	3.8	5.2	3.0
355	1.0	0.0	0.0	0.0	0.3330000000000002	2.667	0.0
356	2.0	0.0	1.0	0.0	2.0	4.0	1.0
357	2.0	0.0	1.0	0.0	0.6660000000000004	5.334	1.0
358	2.0	0.0	1.0	0.0	2.0	4.0	1.0
359	2.0	0.0	0.0	0.0	1.3360000000000003	4.664	0.0
360	1.0	0.0	0.0	0.0	0.3330000000000002	2.667	0.0
361	3.0	0.0	3.0	0.0	3.0	6.0	3.0
362	2.0	0.0	1.0	0.0	0.6660000000000004	5.334	1.0
363	1.0	0.0	1.0	0.0	1.0	2.0	1.0
364	3.0	0.0	3.0	0.0	3.0	6.0	3.0
365	2.0	0.0	0.0	0.0	2.0	4.0	0.0
366	3.0	0.0	2.0	0.0	3.0	6.0	2.0
367	2.0	0.0	1.0	0.0	1.3360000000000003	4.664	1.0
368	1.0	0.0	0.0	0.0	0.3330000000000002	2.667	0.0
369	2.0	0.0	2.0	0.0	2.0	4.0	2.0
370	2.0	0.0	1.0	0.0	2.0	4.0	1.0
371	2.0	0.0	1.0	0.0	0.6660000000000004	5.334	1.0
372	0.0	0.0	0.0	0.0	0.0	0.0	0.0
373	2.0	0.0	2.0	0.0	2.0	4.0	2.0
374	2.0	0.0	1.0	0.0	0.6660000000000004	5.334	1.0
375	3.0	0.0	3.0	0.0	3.0	6.0	3.0
376	2.0	0.0	1.0	0.0	2.0	4.0	1.0
377	1.0	0.0	0.0	0.0	0.3330000000000002	2.667	0.0
378	3.0	0.0	1.0	0.0	3.0	6.0	1.0
379	1.0	0.0	1.0	0.0	0.3330000000000002	2.667	1.0
380	3.0	0.0	3.0	0.0	0.9990000000000006	8.001	3.0
381	3.0	0.0	1.0	0.0	0.9990000000000006	8.001	1.0
382	2.0	0.0	1.0	0.0	2.0	4.0	1.0
383	2.0	0.0	2.0	0.0	2.0	4.0	2.0
384	1.0	0.0	0.0	0.0	0.3330000000000002	2.667	0.0
385	3.0	0.0	1.0	0.0	2.668	6.332	1.0
386	1.0	1.0	1.0	1.0	0.3330000000000002	2.667	1.0
387	4.0	1.0	4.0	1.0	2.668	6.332	3.0
388	2.0	2.0	1.0	2.0	1.3330000000000002	4.667	1.0
389	2.0	2.0	1.0	2.0	1.6660000000000004	7.334	2.0
390	3.0	1.0	1.0	1.0	2.3370000000000006	9.663	2.0
391	3.0	1.0	1.0	1.0	3.333	8.667	2.0
392	0.0	3.0	0.0	3.0	0.0	3.0	1.0
393	1.0	1.0	1.0	1.0	1.0010000000000003	4.999	2.0
394	3.0	1.0	2.0	1.0	3.0	6.0	2.0
395	3.0	2.0	2.0	2.0	4.0	8.0	3.0
396	1.0	1.0	1.0	1.0	1.3330000000000002	4.667	2.0
397	2.0	2.0	2.0	2.0	1.3330000000000002	4.667	2.0
398	2.0	3.0	1.0	2.0	4.333	10.667	3.0
399	2.0	4.0	2.0	1.0	5.333	12.667	3.0
400	2.0	2.0	1.0	2.0	1.3330000000000002	4.667	1.0
401	1.0	2.0	1.0	1.0	3.0	6.0	2.0
402	2.0	0.0	2.0	0.0	2.0	4.0	2.0
403	0.0	0.0	0.0	0.0	0.0	0.0	0.0
404	1.0	1.0	1.0	1.0	1.0	2.0	1.0
405	3.0	0.0	2.0	0.0	3.0	6.0	2.0
406	3.0	2.0	1.0	2.0	4.0	8.0	2.0
407	1.0	3.0	1.0	3.0	2.333	6.667	3.0
408	1.0	1.0	1.0	1.0	0.3330000000000002	2.667	1.0
409	2.0	1.0	1.0	1.0	2.0010000000000003	6.999	2.0
410	1.0	2.0	1.0	2.0	2.0	4.0	2.0
411	2.0	2.0	2.0	2.0	2.0	4.0	2.0
412	2.0	1.0	1.0	1.0	2.0	7.0	2.0
413	2.0	2.0	2.0	2.0	1.3330000000000002	4.667	2.0
414	5.0	2.0	2.0	2.0	6.468	11.532	3.0
415	2.0	2.0	2.0	2.0	1.3330000000000002	4.667	2.0
416	1.0	1.0	1.0	1.0	1.3330000000000002	4.667	2.0
417	0.0	1.0	0.0	1.0	0.3330000000000002	2.667	1.0
418	3.0	0.0	3.0	0.0	0.9990000000000006	8.001	3.0
419	3.0	1.0	1.0	1.0	2.0010000000000003	6.999	2.0
420	3.0	0.0	1.0	0.0	3.0	6.0	1.0
421	3.0	1.0	1.0	1.0	3.0	6.0	1.0
422	3.0	2.0	2.0	2.0	2.668	6.332	2.0
423	0.0	1.0	0.0	1.0	0.3330000000000002	2.667	1.0
424	2.0	1.0	1.0	1.0	2.0	4.0	1.0
425	3.0	0.0	2.0	0.0	3.0	6.0	2.0
426	2.0	0.0	1.0	0.0	2.0	4.0	1.0
427	1.0	0.0	1.0	0.0	1.0	2.0	1.0
428	2.0	0.0	1.0	0.0	2.0	4.0	1.0
429	2.0	2.0	2.0	2.0	2.333	6.667	3.0
430	1.0	2.0	0.0	2.0	0.3330000000000002	5.667	1.0
431	2.0	0.0	1.0	0.0	2.0	4.0	1.0
432	2.0	2.0	1.0	1.0	4.0	8.0	2.0
433	1.0	0.0	0.0	0.0	0.3330000000000002	2.667	0.0
434	1.0	2.0	1.0	2.0	0.3330000000000002	2.667	1.0
435	1.0	2.0	0.0	2.0	0.6660000000000004	5.334	1.0
436	2.0	1.0	2.0	1.0	1.3330000000000002	4.667	2.0
437	1.0	2.0	1.0	2.0	1.3330000000000002	4.667	2.0
438	2.0	2.0	2.0	1.0	3.668	8.332	3.0
439	1.0	2.0	1.0	2.0	0.6660000000000004	5.334	2.0
440	2.0	2.0	1.0	2.0	3.0	6.0	2.0
441	5.0	2.0	3.0	1.0	7.0	14.0	4.0
442	3.0	2.0	3.0	1.0	3.0010000000000003	8.998999999999999	3.0
443	2.0	0.0	0.0	0.0	1.6680000000000001	4.332	0.0
444	1.0	0.0	1.0	0.0	1.0	2.0	1.0
445	1.0	0.0	0.0	0.0	0.3330000000000002	2.667	0.0
446	1.0	0.0	1.0	0.0	1.0	2.0	1.0
447	0.0	0.0	0.0	0.0	0.0	0.0	0.0
448	1.0	0.0	1.0	0.0	0.3330000000000002	2.667	1.0
449	1.0	2.0	1.0	2.0	1.0	2.0	1.0
450	1.0	2.0	1.0	2.0	0.3330000000000002	2.667	1.0
451	1.0	1.0	1.0	1.0	0.6660000000000004	5.334	2.0
452	1.0	0.0	1.0	0.0	1.0	2.0	1.0
453	2.0	0.0	2.0	0.0	0.6660000000000004	5.334	2.0
454	3.0	0.0	1.0	0.0	3.0	6.0	1.0
455	1.0	0.0	0.0	0.0	1.0	2.0	0.0
456	2.0	0.0	1.0	0.0	2.0	4.0	1.0
457	1.0	0.0	1.0	0.0	1.0	2.0	1.0
458	4.0	0.0	1.0	0.0	4.068	7.932	1.0
459	2.0	2.0	1.0	2.0	1.6660000000000004	7.334	2.0
460	0.0	1.0	0.0	1.0	0.3330000000000002	2.667	1.0
461	0.0	2.0	0.0	2.0	0.3330000000000002	2.667	1.0
462	1.0	4.0	1.0	3.0	2.3340000000000005	9.666	3.0
463	1.0	1.0	1.0	1.0	1.0	2.0	1.0
464	1.0	3.0	1.0	2.0	1.3320000000000007	10.668	3.0
465	2.0	3.0	2.0	2.0	0.9990000000000006	8.001	2.0
466	2.0	2.0	2.0	2.0	1.3330000000000002	4.667	2.0
467	2.0	3.0	1.0	2.0	2.3320000000000007	12.668	3.0
468	1.0	0.0	0.0	0.0	0.3330000000000002	2.667	0.0
469	2.0	3.0	1.0	2.0	1.3320000000000007	10.668	3.0
470	2.0	1.0	1.0	1.0	0.9990000000000006	8.001	2.0
471	1.0	1.0	1.0	1.0	1.0	2.0	1.0
472	1.0	1.0	1.0	0.0	2.0	4.0	1.0
473	2.0	0.0	1.0	0.0	2.0	4.0	1.0
474	0.0	0.0	0.0	0.0	0.0	0.0	0.0
475	0.0	0.0	0.0	0.0	0.0	0.0	0.0
476	2.0	4.0	1.0	3.0	2.6670000000000007	12.332999999999998	3.0
477	1.0	1.0	1.0	1.0	1.0	2.0	1.0
478	2.0	0.0	1.0	0.0	1.3360000000000003	4.664	1.0
479	2.0	2.0	1.0	2.0	1.9990000000000006	10.001	3.0
480	2.0	0.0	2.0	0.0	0.6660000000000004	5.334	2.0
481	2.0	0.0	2.0	0.0	0.6660000000000004	5.334	2.0
482	1.0	3.0	1.0	3.0	1.3320000000000007	10.668	4.0
483	3.0	1.0	1.0	1.0	3.0	6.0	1.0
484	2.0	2.0	1.0	2.0	1.6660000000000004	7.334	2.0
485	2.0	4.0	0.0	3.0	2.3320000000000007	12.668	2.0
486	1.0	0.0	1.0	0.0	0.3330000000000002	2.667	1.0
487	2.0	3.0	2.0	2.0	3.0	9.0	3.0
488	3.0	1.0	2.0	1.0	3.0	6.0	2.0
489	2.0	1.0	1.0	1.0	2.0	4.0	1.0
490	0.0	1.0	0.0	1.0	0.3330000000000002	2.667	1.0
491	1.0	0.0	0.0	0.0	0.3330000000000002	2.667	0.0
492	2.0	1.0	1.0	1.0	2.0	4.0	1.0
493	1.0	1.0	0.0	0.0	0.6660000000000004	5.334	0.0
494	1.0	3.0	0.0	3.0	2.3340000000000005	9.666	3.0
495	0.0	2.0	0.0	1.0	2.0	4.0	1.0
496	3.0	1.0	2.0	1.0	2.668	6.332	2.0
497	1.0	0.0	1.0	0.0	0.3330000000000002	2.667	1.0
498	1.0	0.0	1.0	0.0	1.4	1.6	1.0
499	3.0	2.0	2.0	2.0	3.333	8.667	3.0
500	2.0	0.0	1.0	0.0	0.6660000000000004	5.334	1.0
501	2.0	0.0	0.0	0.0	2.0	4.0	0.0
502	2.0	0.0	0.0	0.0	2.0	4.0	0.0
503	2.0	1.0	1.0	1.0	0.9990000000000006	8.001	2.0
504	3.0	0.0	1.0	0.0	3.0	6.0	1.0
505	2.0	0.0	1.0	0.0	1.3360000000000003	4.664	1.0
506	1.0	2.0	0.0	2.0	2.333	6.667	2.0
507	3.0	0.0	1.0	0.0	3.4	5.6	1.0
508	1.0	0.0	1.0	0.0	0.3330000000000002	2.667	1.0
509	2.0	0.0	0.0	0.0	1.0	2.0	0.0
510	4.0	0.0	2.0	0.0	4.0	8.0	2.0
511	2.0	1.0	1.0	1.0	1.733	4.2669999999999995	1.0
512	3.0	0.0	3.0	0.0	3.0	6.0	3.0
513	2.0	2.0	2.0	1.0	3.0	6.0	2.0
514	1.0	1.0	1.0	1.0	0.6660000000000004	5.334	2.0
515	2.0	1.0	2.0	0.0	3.0	6.0	2.0
516	1.0	2.0	1.0	1.0	2.333	6.667	2.0
517	2.0	2.0	1.0	2.0	3.0	6.0	2.0
518	1.0	3.0	1.0	3.0	2.0	4.0	2.0
519	2.0	3.0	1.0	0.0	4.0	8.0	1.0
520	0.0	5.0	0.0	4.0	2.6660000000000004	9.334	3.0
521	3.0	2.0	1.0	2.0	4.333	10.667	3.0
522	2.0	4.0	1.0	2.0	3.333	8.667	2.0
523	2.0	6.0	1.0	4.0	4.666	13.334	4.0
524	3.0	2.0	3.0	1.0	4.0	8.0	3.0
525	2.0	5.0	1.0	2.0	2.6660000000000004	9.334	2.0
526	1.0	2.0	1.0	1.0	1.0010000000000003	4.999	1.0
527	2.0	4.0	1.0	1.0	1.9990000000000006	10.001	1.0
528	1.0	1.0	0.0	0.0	1.0	2.0	0.0
529	1.0	3.0	1.0	2.0	3.0	6.0	2.0
530	1.0	2.0	1.0	0.0	0.6660000000000004	5.334	1.0
531	3.0	0.0	0.0	0.0	3.0	6.0	0.0
532	2.0	3.0	1.0	2.0	5.0	10.0	3.0
533	0.0	6.0	0.0	4.0	3.0010000000000003	11.998999999999999	3.0
534	2.0	2.0	1.0	1.0	1.6660000000000004	7.334	1.0
535	2.0	1.0	1.0	1.0	3.0	6.0	2.0
536	2.0	3.0	0.0	2.0	2.6660000000000004	9.334	1.0
537	2.0	5.0	1.0	4.0	4.001	10.998999999999999	4.0
538	2.0	3.0	1.0	1.0	3.668	8.332	1.0
539	4.0	3.0	4.0	3.0	4.0	8.0	4.0
540	3.0	4.0	2.0	1.0	3.3320000000000007	14.668	3.0
541	1.0	3.0	0.0	1.0	4.0	8.0	1.0
542	3.0	4.0	3.0	2.0	4.333	10.667	3.0
543	2.0	4.0	2.0	0.0	4.333	10.667	2.0
544	2.0	3.0	0.0	2.0	4.0	8.0	2.0
545	1.0	4.0	0.0	2.0	2.333	6.667	1.0
546	1.0	0.0	0.0	0.0	1.0	2.0	0.0
547	1.0	2.0	0.0	0.0	1.3330000000000002	4.667	0.0
548	3.0	4.0	0.0	2.0	3.333	8.667	1.0
549	1.0	1.0	0.0	0.0	1.0	2.0	0.0
550	3.0	3.0	2.0	1.0	4.0	8.0	2.0
551	0.0	3.0	0.0	0.0	1.3330000000000002	4.667	0.0
552	2.0	3.0	1.0	1.0	2.6660000000000004	9.334	2.0
553	1.0	3.0	1.0	2.0	3.068	5.932	2.0
554	1.0	3.0	0.0	2.0	2.333	6.667	2.0
555	2.0	6.0	1.0	4.0	6.668	14.332	4.0
556	1.0	1.0	1.0	1.0	0.3330000000000002	2.667	1.0
557	2.0	3.0	0.0	3.0	3.333	8.667	2.0
558	1.0	3.0	1.0	2.0	2.333	6.667	2.0
559	1.0	4.0	1.0	0.0	2.6660000000000004	9.334	1.0
560	2.0	5.0	1.0	4.0	4.001	10.998999999999999	4.0
561	3.0	4.0	1.0	1.0	1.9990000000000006	10.001	1.0
562	2.0	6.0	1.0	5.0	4.000000000000001	17.0	5.0
563	1.0	4.0	1.0	3.0	2.333	6.667	2.0
564	1.0	5.0	1.0	3.0	4.333	10.667	3.0
565	1.0	4.0	1.0	3.0	2.733	6.2669999999999995	2.0
566	3.0	5.0	0.0	4.0	5.666	15.334	3.0
567	2.0	5.0	2.0	3.0	3.6660000000000004	11.334	3.0
568	3.0	2.0	1.0	0.0	5.0	10.0	1.0
569	3.0	4.0	2.0	3.0	4.668	10.332	3.0
570	2.0	1.0	1.0	1.0	1.0010000000000003	4.999	1.0
571	2.0	0.0	2.0	0.0	2.0	4.0	2.0
572	0.0	0.0	0.0	0.0	0.0	0.0	0.0
573	1.0	0.0	1.0	0.0	1.0	2.0	1.0
574	1.0	2.0	0.0	1.0	1.4	7.6	1.0
575	1.0	0.0	1.0	0.0	0.3330000000000002	2.667	1.0
576	2.0	1.0	0.0	1.0	1.3340000000000005	7.6659999999999995	1.0
577	1.0	2.0	1.0	2.0	0.9990000000000006	8.001	3.0
578	1.0	0.0	0.0	0.0	1.0	2.0	0.0
579	2.0	0.0	2.0	0.0	2.0	4.0	2.0
580	3.0	0.0	1.0	0.0	0.9990000000000006	8.001	1.0
581	1.0	2.0	1.0	2.0	1.0010000000000003	4.999	2.0
582	3.0	4.0	2.0	2.0	2.9990000000000006	12.001	3.0
583	2.0	3.0	1.0	2.0	3.668	8.332	2.0
584	2.0	4.0	1.0	2.0	2.6660000000000004	9.334	2.0
585	3.0	2.0	2.0	1.0	2.9990000000000006	12.001	3.0
586	2.0	5.0	0.0	3.0	2.665000000000001	15.334999999999999	2.0
587	0.0	5.0	0.0	4.0	2.6670000000000007	12.332999999999998	4.0
588	2.0	2.0	1.0	2.0	3.0	6.0	2.0
589	1.0	3.0	1.0	1.0	2.333	6.667	1.0
590	2.0	2.0	1.0	1.0	2.668	6.332	1.0
591	3.0	4.0	2.0	2.0	3.000000000000001	15.0	3.0
592	2.0	2.0	0.0	1.0	4.0	8.0	1.0
593	2.0	4.0	1.0	1.0	3.6660000000000004	11.334	1.0
594	0.0	4.0	0.0	1.0	2.3340000000000005	9.666	1.0
595	2.0	0.0	1.0	0.0	2.0	4.0	1.0
596	1.0	1.0	0.0	0.0	0.6680000000000001	2.332	0.0
597	3.0	3.0	2.0	2.0	2.3360000000000003	6.664	2.0
598	2.0	0.0	1.0	0.0	2.0	4.0	1.0
599	2.0	3.0	2.0	0.0	3.7340000000000004	11.265999999999998	2.0
600	1.0	2.0	1.0	1.0	2.333	6.667	2.0
601	3.0	3.0	1.0	3.0	2.9990000000000006	12.001	3.0
602	1.0	4.0	1.0	3.0	4.0	11.0	4.0
603	1.0	3.0	1.0	3.0	3.733	8.267	4.0
604	0.0	4.0	0.0	2.0	1.6690000000000005	10.331	2.0
605	0.0	0.0	0.0	0.0	0.0	0.0	0.0
606	2.0	4.0	2.0	3.0	2.6660000000000004	9.334	3.0
607	2.0	4.0	2.0	3.0	3.6660000000000004	11.334	4.0
608	2.0	5.0	2.0	4.0	3.333	8.667	3.0
609	2.0	3.0	1.0	2.0	3.0	6.0	1.0
610	2.0	6.0	1.0	3.0	4.333	13.667	2.0
611	3.0	3.0	3.0	2.0	2.6660000000000004	9.334	3.0
612	2.0	2.0	1.0	0.0	4.0	8.0	1.0
613	1.0	4.0	0.0	3.0	2.0010000000000003	9.998999999999999	3.0
614	2.0	2.0	2.0	1.0	4.0	8.0	3.0
615	2.0	5.0	1.0	3.0	3.0010000000000003	8.998999999999999	2.0
616	4.0	5.0	2.0	3.0	5.666	15.334	4.0
617	1.0	4.0	1.0	2.0	3.333	8.667	2.0
618	3.0	3.0	0.0	0.0	2.0010000000000003	6.999	0.0
619	1.0	0.0	0.0	0.0	1.0	2.0	0.0
620	3.0	5.0	3.0	2.0	4.9990000000000006	16.000999999999998	4.0
621	1.0	5.0	1.0	3.0	3.3340000000000005	11.666	3.0
622	0.0	0.0	0.0	0.0	0.0	0.0	0.0
623	1.0	5.0	1.0	4.0	3.733	8.267	3.0
624	2.0	2.0	2.0	1.0	3.333	8.667	3.0
625	1.0	0.0	1.0	0.0	0.3330000000000002	2.667	1.0
626	1.0	0.0	1.0	0.0	0.3330000000000002	2.667	1.0
627	0.0	1.0	0.0	1.0	0.3330000000000002	2.667	1.0
628	5.0	0.0	2.0	0.0	4.404	10.596	2.0
629	1.0	0.0	1.0	0.0	0.6680000000000001	2.332	1.0
