all_syn	all_nonSyn	tip_syn	tip_nonSyn	S	N	comparisons
001	0.0	0.0	0.0	0.0	0.0	0.0	0.0
002	0.0	0.0	0.0	0.0	0.0	0.0	0.0
003	0.0	0.0	0.0	0.0	0.0	0.0	0.0
004	0.0	0.0	0.0	0.0	0.0	0.0	0.0
005	0.0	0.0	0.0	0.0	0.0	0.0	0.0
006	0.0	0.0	0.0	0.0	0.0	0.0	0.0
007	0.0	0.0	0.0	0.0	0.0	0.0	0.0
008	0.0	0.0	0.0	0.0	0.0	0.0	0.0
009	0.0	0.0	0.0	0.0	0.0	0.0	0.0
010	0.0	0.0	0.0	0.0	0.0	0.0	0.0
011	0.0	0.0	0.0	0.0	0.0	0.0	0.0
012	0.0	0.0	0.0	0.0	0.0	0.0	0.0
013	0.0	0.0	0.0	0.0	0.0	0.0	0.0
014	0.0	0.0	0.0	0.0	0.0	0.0	0.0
015	0.0	0.0	0.0	0.0	0.0	0.0	0.0
016	0.0	0.0	0.0	0.0	0.0	0.0	0.0
017	0.0	0.0	0.0	0.0	0.0	0.0	0.0
018	0.0	0.0	0.0	0.0	0.0	0.0	0.0
019	0.0	0.0	0.0	0.0	0.0	0.0	0.0
020	0.0	1.0	0.0	0.0	1.0	2.0	0.0
021	0.0	0.0	0.0	0.0	0.0	0.0	0.0
022	0.0	0.0	0.0	0.0	0.0	0.0	0.0
023	0.0	0.0	0.0	0.0	0.0	0.0	0.0
024	0.0	1.0	0.0	0.0	1.0	2.0	0.0
025	1.0	0.0	0.0	0.0	1.0	2.0	0.0
026	0.0	0.0	0.0	0.0	0.0	0.0	0.0
027	1.0	0.0	0.0	0.0	0.3330000000000002	2.667	0.0
028	0.0	0.0	0.0	0.0	0.0	0.0	0.0
029	0.0	0.0	0.0	0.0	0.0	0.0	0.0
030	0.0	0.0	0.0	0.0	0.0	0.0	0.0
031	0.0	0.0	0.0	0.0	0.0	0.0	0.0
032	0.0	0.0	0.0	0.0	0.0	0.0	0.0
033	0.0	1.0	0.0	0.0	0.3330000000000002	2.667	0.0
034	0.0	0.0	0.0	0.0	0.0	0.0	0.0
035	0.0	0.0	0.0	0.0	0.0	0.0	0.0
036	0.0	0.0	0.0	0.0	0.0	0.0	0.0
037	0.0	1.0	0.0	0.0	0.3330000000000002	2.667	0.0
038	1.0	0.0	0.0	0.0	0.3330000000000002	2.667	0.0
039	0.0	0.0	0.0	0.0	0.0	0.0	0.0
040	1.0	1.0	1.0	1.0	2.0	4.0	2.0
041	0.0	2.0	0.0	1.0	2.0	4.0	1.0
042	0.0	0.0	0.0	0.0	0.0	0.0	0.0
043	2.0	1.0	1.0	1.0	1.0010000000000003	4.999	1.0
044	2.0	0.0	1.0	0.0	2.0	4.0	1.0
045	0.0	0.0	0.0	0.0	0.0	0.0	0.0
046	0.0	0.0	0.0	0.0	0.0	0.0	0.0
047	1.0	0.0	1.0	0.0	0.6680000000000001	2.332	1.0
048	1.0	2.0	1.0	2.0	1.0	2.0	1.0
049	1.0	3.0	0.0	3.0	1.6660000000000004	7.334	2.0
050	1.0	0.0	1.0	0.0	1.0	2.0	1.0
051	0.0	0.0	0.0	0.0	0.0	0.0	0.0
052	0.0	0.0	0.0	0.0	0.0	0.0	0.0
053	2.0	1.0	1.0	1.0	3.0	6.0	2.0
054	3.0	0.0	2.0	0.0	3.0	6.0	2.0
055	1.0	0.0	0.0	0.0	0.3330000000000002	2.667	0.0
056	2.0	0.0	1.0	0.0	0.6660000000000004	5.334	1.0
057	2.0	1.0	1.0	1.0	3.0	6.0	2.0
058	1.0	1.0	1.0	1.0	1.6680000000000001	4.332	2.0
059	0.0	0.0	0.0	0.0	0.0	0.0	0.0
060	1.0	0.0	1.0	0.0	0.3330000000000002	2.667	1.0
061	2.0	0.0	2.0	0.0	2.4	3.6	2.0
062	1.0	0.0	1.0	0.0	1.0	2.0	1.0
063	2.0	3.0	2.0	3.0	1.6660000000000004	7.334	3.0
064	3.0	2.0	2.0	2.0	3.0	6.0	2.0
065	1.0	1.0	1.0	1.0	1.6680000000000001	4.332	2.0
066	2.0	0.0	1.0	0.0	0.6660000000000004	5.334	1.0
067	0.0	2.0	0.0	1.0	1.6680000000000001	4.332	1.0
068	3.0	2.0	2.0	1.0	5.0	10.0	3.0
069	2.0	1.0	2.0	0.0	3.0	6.0	2.0
070	1.0	1.0	0.0	1.0	0.6660000000000004	5.334	1.0
071	2.0	2.0	2.0	1.0	4.0	8.0	3.0
072	1.0	2.0	1.0	2.0	2.0	4.0	2.0
073	1.0	0.0	1.0	0.0	1.0	2.0	1.0
074	2.0	0.0	2.0	0.0	0.6660000000000004	5.334	2.0
075	0.0	1.0	0.0	0.0	0.3330000000000002	2.667	0.0
076	2.0	1.0	2.0	1.0	1.6680000000000001	4.332	2.0
077	1.0	0.0	0.0	0.0	0.3330000000000002	2.667	0.0
078	1.0	5.0	1.0	2.0	2.3340000000000005	9.666	2.0
079	3.0	4.0	2.0	2.0	5.668	12.332	3.0
080	2.0	1.0	2.0	0.0	2.3360000000000003	6.664	2.0
081	2.0	0.0	1.0	0.0	2.0	4.0	1.0
082	2.0	0.0	1.0	0.0	2.0	4.0	1.0
083	2.0	2.0	1.0	2.0	1.3320000000000007	10.668	3.0
084	3.0	2.0	2.0	2.0	5.0	10.0	4.0
085	0.0	0.0	0.0	0.0	0.0	0.0	0.0
086	0.0	3.0	0.0	3.0	1.0010000000000003	4.999	2.0
087	0.0	3.0	0.0	3.0	1.3330000000000002	4.667	2.0
088	0.0	0.0	0.0	0.0	0.0	0.0	0.0
089	0.0	2.0	0.0	2.0	0.3330000000000002	2.667	1.0
090	1.0	0.0	1.0	0.0	0.3330000000000002	2.667	1.0
091	1.0	1.0	1.0	1.0	0.3330000000000002	2.667	1.0
092	1.0	2.0	1.0	0.0	2.3360000000000003	6.664	1.0
093	3.0	0.0	2.0	0.0	3.0	6.0	2.0
094	2.0	0.0	0.0	0.0	2.0	4.0	0.0
095	1.0	1.0	1.0	1.0	1.3330000000000002	4.667	2.0
096	3.0	0.0	2.0	0.0	0.9990000000000006	8.001	2.0
097	2.0	0.0	1.0	0.0	2.0	4.0	1.0
098	4.0	3.0	1.0	2.0	5.0	10.0	2.0
099	1.0	0.0	1.0	0.0	1.0	2.0	1.0
100	1.0	1.0	1.0	1.0	0.6660000000000004	5.334	2.0
101	0.0	0.0	0.0	0.0	0.0	0.0	0.0
102	3.0	0.0	2.0	0.0	3.0	6.0	2.0
103	2.0	0.0	2.0	0.0	1.6680000000000001	4.332	2.0
104	0.0	0.0	0.0	0.0	0.0	0.0	0.0
105	0.0	1.0	0.0	1.0	0.3330000000000002	2.667	1.0
106	0.0	0.0	0.0	0.0	0.0	0.0	0.0
107	0.0	1.0	0.0	1.0	0.6680000000000001	2.332	1.0
108	3.0	0.0	2.0	0.0	3.0	6.0	2.0
109	1.0	1.0	1.0	1.0	1.3330000000000002	4.667	2.0
110	2.0	0.0	1.0	0.0	1.3360000000000003	4.664	1.0
111	0.0	2.0	0.0	1.0	1.3330000000000002	4.667	1.0
112	2.0	1.0	1.0	0.0	3.0	6.0	1.0
113	1.0	0.0	1.0	0.0	0.3330000000000002	2.667	1.0
114	1.0	4.0	1.0	2.0	1.6660000000000004	7.334	2.0
115	2.0	2.0	0.0	2.0	2.333	6.667	1.0
116	3.0	0.0	2.0	0.0	3.0	6.0	2.0
117	1.0	1.0	1.0	1.0	1.0	2.0	1.0
118	4.0	0.0	2.0	0.0	4.0	8.0	2.0
119	2.0	1.0	2.0	1.0	3.0	6.0	3.0
120	3.0	0.0	2.0	0.0	3.0	6.0	2.0
121	2.0	3.0	1.0	3.0	0.9990000000000006	8.001	2.0
122	2.0	1.0	2.0	1.0	2.0	4.0	2.0
123	3.0	1.0	3.0	1.0	2.3360000000000003	6.664	3.0
124	0.0	0.0	0.0	0.0	0.0	0.0	0.0
125	0.0	0.0	0.0	0.0	0.0	0.0	0.0
126	1.0	1.0	0.0	1.0	0.6660000000000004	5.334	1.0
127	2.0	0.0	2.0	0.0	0.6680000000000001	2.332	1.0
128	1.0	0.0	1.0	0.0	1.0	2.0	1.0
129	2.0	2.0	2.0	2.0	1.0	5.0	2.0
130	2.0	0.0	1.0	0.0	0.6660000000000004	5.334	1.0
131	0.0	3.0	0.0	2.0	2.068	6.932	2.0
132	2.0	0.0	1.0	0.0	2.0	4.0	1.0
133	0.0	0.0	0.0	0.0	0.0	0.0	0.0
134	1.0	2.0	1.0	2.0	0.3330000000000002	2.667	1.0
135	0.0	0.0	0.0	0.0	0.0	0.0	0.0
136	0.0	0.0	0.0	0.0	0.0	0.0	0.0
137	0.0	0.0	0.0	0.0	0.0	0.0	0.0
138	2.0	0.0	2.0	0.0	2.0	4.0	2.0
139	2.0	1.0	2.0	1.0	1.6680000000000001	4.332	2.0
140	1.0	0.0	0.0	0.0	0.3330000000000002	2.667	0.0
141	0.0	0.0	0.0	0.0	0.0	0.0	0.0
142	0.0	1.0	0.0	1.0	0.3330000000000002	2.667	1.0
143	3.0	0.0	3.0	0.0	3.0	6.0	3.0
144	1.0	0.0	1.0	0.0	1.0	2.0	1.0
145	1.0	2.0	1.0	1.0	2.668	6.332	2.0
146	2.0	0.0	0.0	0.0	2.0	4.0	0.0
147	0.0	1.0	0.0	1.0	0.3330000000000002	2.667	1.0
148	1.0	0.0	1.0	0.0	0.3330000000000002	2.667	1.0
149	3.0	3.0	2.0	1.0	4.0	8.0	2.0
150	3.0	0.0	2.0	0.0	3.0	6.0	2.0
151	0.0	2.0	0.0	2.0	0.6660000000000004	5.334	2.0
152	2.0	2.0	0.0	2.0	3.0	6.0	1.0
153	2.0	3.0	1.0	1.0	4.333	10.667	2.0
154	3.0	0.0	3.0	0.0	3.068	5.932	3.0
155	3.0	0.0	2.0	0.0	3.0	6.0	2.0
156	3.0	0.0	2.0	0.0	3.0	6.0	2.0
157	0.0	0.0	0.0	0.0	0.0	0.0	0.0
158	1.0	1.0	0.0	1.0	1.6680000000000001	4.332	1.0
159	0.0	0.0	0.0	0.0	0.0	0.0	0.0
160	0.0	5.0	0.0	2.0	3.333	11.667	2.0
161	1.0	1.0	1.0	1.0	1.3330000000000002	4.667	2.0
162	3.0	1.0	2.0	0.0	3.0	6.0	2.0
163	2.0	2.0	2.0	0.0	4.0	8.0	2.0
164	1.0	1.0	1.0	0.0	1.3330000000000002	4.667	1.0
165	1.0	4.0	1.0	4.0	2.333	6.667	3.0
166	0.0	0.0	0.0	0.0	0.0	0.0	0.0
167	2.0	2.0	1.0	1.0	3.0	6.0	1.0
168	2.0	1.0	1.0	1.0	2.0	7.0	2.0
169	2.0	1.0	1.0	1.0	3.0	6.0	2.0
170	2.0	1.0	1.0	1.0	2.333	6.667	2.0
171	3.0	0.0	2.0	0.0	3.0	6.0	2.0
172	2.0	0.0	1.0	0.0	0.6660000000000004	5.334	1.0
173	5.0	1.0	3.0	1.0	3.0	9.0	2.0
174	1.0	0.0	0.0	0.0	1.0	2.0	0.0
175	2.0	3.0	2.0	0.0	4.0	8.0	2.0
176	0.0	2.0	0.0	1.0	1.3330000000000002	4.667	1.0
177	0.0	0.0	0.0	0.0	0.0	0.0	0.0
178	0.0	0.0	0.0	0.0	0.0	0.0	0.0
179	0.0	0.0	0.0	0.0	0.0	0.0	0.0
180	1.0	1.0	1.0	1.0	0.0	3.0	1.0
181	2.0	0.0	1.0	0.0	2.0	4.0	1.0
182	1.0	0.0	1.0	0.0	0.3330000000000002	2.667	1.0
183	0.0	0.0	0.0	0.0	0.0	0.0	0.0
184	0.0	3.0	0.0	2.0	0.3330000000000002	5.667	1.0
185	0.0	0.0	0.0	0.0	0.0	0.0	0.0
186	1.0	0.0	1.0	0.0	1.0	2.0	1.0
187	1.0	0.0	1.0	0.0	0.3330000000000002	2.667	1.0
188	1.0	2.0	0.0	2.0	0.3330000000000002	5.667	1.0
189	0.0	0.0	0.0	0.0	0.0	0.0	0.0
190	1.0	0.0	1.0	0.0	1.0	2.0	1.0
191	1.0	0.0	1.0	0.0	1.0	2.0	1.0
192	0.0	0.0	0.0	0.0	0.0	0.0	0.0
193	2.0	0.0	1.0	0.0	2.0	4.0	1.0
194	0.0	0.0	0.0	0.0	0.0	0.0	0.0
195	1.0	0.0	1.0	0.0	0.3330000000000002	2.667	1.0
196	2.0	0.0	1.0	0.0	0.6660000000000004	5.334	1.0
197	2.0	0.0	1.0	0.0	2.0	4.0	1.0
198	2.0	0.0	1.0	0.0	2.0	4.0	1.0
199	1.0	2.0	1.0	2.0	1.0	2.0	1.0
200	2.0	0.0	1.0	0.0	2.0	4.0	1.0
201	0.0	0.0	0.0	0.0	0.0	0.0	0.0
202	2.0	0.0	2.0	0.0	2.0	4.0	2.0
203	0.0	4.0	0.0	3.0	2.4	6.6	2.0
204	0.0	0.0	0.0	0.0	0.0	0.0	0.0
205	0.0	0.0	0.0	0.0	0.0	0.0	0.0
206	0.0	0.0	0.0	0.0	0.0	0.0	0.0
207	1.0	0.0	1.0	0.0	0.3330000000000002	2.667	1.0
208	1.0	0.0	1.0	0.0	0.3330000000000002	2.667	1.0
209	0.0	0.0	0.0	0.0	0.0	0.0	0.0
210	1.0	0.0	1.0	0.0	1.0	2.0	1.0
211	1.0	0.0	1.0	0.0	0.3330000000000002	2.667	1.0
212	1.0	0.0	1.0	0.0	0.3330000000000002	2.667	1.0
213	1.0	0.0	1.0	0.0	0.3330000000000002	2.667	1.0
214	0.0	0.0	0.0	0.0	0.0	0.0	0.0
215	0.0	1.0	0.0	1.0	1.0	2.0	1.0
216	2.0	0.0	2.0	0.0	0.6660000000000004	5.334	2.0
217	0.0	1.0	0.0	0.0	1.0	2.0	0.0
218	2.0	0.0	2.0	0.0	2.0	4.0	2.0
219	4.0	2.0	2.0	2.0	5.068	9.932	3.0
220	0.0	0.0	0.0	0.0	0.0	0.0	0.0
221	2.0	1.0	2.0	0.0	0.9990000000000006	8.001	2.0
222	2.0	0.0	1.0	0.0	2.0	4.0	1.0
223	0.0	0.0	0.0	0.0	0.0	0.0	0.0
224	0.0	3.0	0.0	3.0	0.6660000000000004	5.334	2.0
225	0.0	1.0	0.0	0.0	0.6680000000000001	2.332	0.0
226	2.0	0.0	0.0	0.0	0.6660000000000004	5.334	0.0
227	2.0	1.0	2.0	1.0	3.0	6.0	3.0
228	2.0	0.0	1.0	0.0	2.0	4.0	1.0
229	1.0	6.0	1.0	4.0	4.001	13.999	4.0
230	2.0	0.0	2.0	0.0	2.0	4.0	2.0
231	3.0	1.0	3.0	1.0	4.0	8.0	4.0
232	1.0	1.0	0.0	1.0	2.0	4.0	1.0
233	1.0	0.0	1.0	0.0	1.0	2.0	1.0
234	1.0	2.0	1.0	2.0	0.3330000000000002	2.667	1.0
235	2.0	0.0	1.0	0.0	2.0	4.0	1.0
236	2.0	2.0	1.0	2.0	2.333	6.667	2.0
237	0.0	0.0	0.0	0.0	0.0	0.0	0.0
238	3.0	2.0	2.0	2.0	1.6660000000000004	7.334	2.0
239	0.0	2.0	0.0	2.0	1.0	2.0	1.0
240	3.0	1.0	1.0	1.0	3.668	8.332	2.0
241	1.0	0.0	1.0	0.0	0.3330000000000002	2.667	1.0
242	2.0	1.0	1.0	1.0	2.0	4.0	1.0
243	2.0	1.0	2.0	1.0	2.668	6.332	3.0
244	1.0	0.0	1.0	0.0	1.0	2.0	1.0
245	1.0	1.0	1.0	1.0	2.0	4.0	2.0
246	1.0	1.0	1.0	1.0	1.4	1.6	1.0
247	0.0	1.0	0.0	0.0	1.0	2.0	0.0
248	1.0	1.0	1.0	1.0	0.6660000000000004	5.334	2.0
249	2.0	1.0	0.0	1.0	3.0	6.0	1.0
250	1.0	0.0	0.0	0.0	0.3330000000000002	2.667	0.0
251	0.0	0.0	0.0	0.0	0.0	0.0	0.0
252	2.0	0.0	0.0	0.0	0.6660000000000004	5.334	0.0
253	1.0	2.0	1.0	2.0	1.6680000000000001	4.332	2.0
254	1.0	0.0	0.0	0.0	1.0	2.0	0.0
255	2.0	0.0	1.0	0.0	0.6660000000000004	5.334	1.0
256	0.0	0.0	0.0	0.0	0.0	0.0	0.0
257	2.0	1.0	2.0	0.0	2.668	6.332	2.0
258	2.0	0.0	2.0	0.0	2.0	4.0	2.0
259	2.0	0.0	0.0	0.0	0.6660000000000004	5.334	0.0
260	1.0	1.0	1.0	1.0	0.3330000000000002	2.667	1.0
261	0.0	0.0	0.0	0.0	0.0	0.0	0.0
262	4.0	0.0	3.0	0.0	4.8	7.2	3.0
263	1.0	0.0	1.0	0.0	1.0	2.0	1.0
264	0.0	1.0	0.0	1.0	1.0	2.0	1.0
265	0.0	0.0	0.0	0.0	0.0	0.0	0.0
266	0.0	0.0	0.0	0.0	0.0	0.0	0.0
267	1.0	1.0	1.0	1.0	1.0	2.0	1.0
268	2.0	1.0	2.0	0.0	3.0	6.0	2.0
269	0.0	0.0	0.0	0.0	0.0	0.0	0.0
270	1.0	0.0	1.0	0.0	1.0	2.0	1.0
271	3.0	0.0	2.0	0.0	3.0	6.0	2.0
272	1.0	0.0	0.0	0.0	0.3330000000000002	2.667	0.0
273	3.0	1.0	3.0	1.0	2.668	6.332	3.0
274	0.0	1.0	0.0	1.0	0.3330000000000002	2.667	1.0
275	3.0	0.0	3.0	0.0	2.0040000000000004	6.9959999999999996	3.0
276	2.0	0.0	1.0	0.0	2.0	4.0	1.0
277	2.0	0.0	1.0	0.0	2.0	4.0	1.0
278	2.0	0.0	2.0	0.0	2.0	4.0	2.0
279	1.0	0.0	1.0	0.0	0.3330000000000002	2.667	1.0
280	1.0	0.0	1.0	0.0	1.0	2.0	1.0
281	1.0	0.0	1.0	0.0	0.3330000000000002	2.667	1.0
282	2.0	0.0	2.0	0.0	2.0	4.0	2.0
283	3.0	0.0	3.0	0.0	3.4	5.6	3.0
284	2.0	0.0	1.0	0.0	2.0	4.0	1.0
285	2.0	0.0	1.0	0.0	2.0	4.0	1.0
286	0.0	0.0	0.0	0.0	0.0	0.0	0.0
287	1.0	0.0	1.0	0.0	1.0	2.0	1.0
288	1.0	0.0	0.0	0.0	0.3330000000000002	2.667	0.0
289	1.0	0.0	1.0	0.0	0.3330000000000002	2.667	1.0
290	0.0	0.0	0.0	0.0	0.0	0.0	0.0
291	0.0	0.0	0.0	0.0	0.0	0.0	0.0
292	0.0	0.0	0.0	0.0	0.0	0.0	0.0
293	1.0	0.0	0.0	0.0	0.6680000000000001	2.332	0.0
294	3.0	1.0	2.0	1.0	3.0040000000000004	8.995999999999999	3.0
295	2.0	2.0	2.0	0.0	4.0	8.0	2.0
296	0.0	0.0	0.0	0.0	0.0	0.0	0.0
297	2.0	0.0	1.0	0.0	1.3360000000000003	4.664	1.0
298	1.0	0.0	1.0	0.0	1.0	2.0	1.0
299	3.0	2.0	2.0	2.0	3.3360000000000003	8.664	3.0
300	0.0	1.0	0.0	1.0	1.0	2.0	1.0
301	1.0	0.0	1.0	0.0	0.6680000000000001	2.332	1.0
302	2.0	1.0	0.0	0.0	2.0	4.0	0.0
303	1.0	3.0	1.0	2.0	1.9990000000000006	10.001	3.0
304	1.0	0.0	1.0	0.0	1.0	2.0	1.0
305	1.0	0.0	1.0	0.0	0.3330000000000002	2.667	1.0
306	1.0	2.0	1.0	2.0	1.0	2.0	1.0
307	1.0	2.0	1.0	2.0	1.3330000000000002	4.667	2.0
308	2.0	1.0	2.0	1.0	3.0	6.0	3.0
309	3.0	2.0	3.0	1.0	5.0	10.0	4.0
310	3.0	2.0	3.0	1.0	5.4	9.6	4.0
311	1.0	0.0	1.0	0.0	0.3330000000000002	2.667	1.0
312	1.0	0.0	1.0	0.0	0.6680000000000001	2.332	1.0
313	2.0	2.0	0.0	1.0	3.0	6.0	1.0
314	0.0	0.0	0.0	0.0	0.0	0.0	0.0
315	1.0	0.0	1.0	0.0	1.0	2.0	1.0
316	2.0	1.0	1.0	1.0	3.0	6.0	2.0
317	3.0	1.0	2.0	1.0	3.0	6.0	2.0
318	2.0	0.0	1.0	0.0	0.6660000000000004	5.334	1.0
319	0.0	0.0	0.0	0.0	0.0	0.0	0.0
320	3.0	2.0	2.0	1.0	3.0	6.0	2.0
321	1.0	2.0	1.0	2.0	1.0	2.0	1.0
322	0.0	0.0	0.0	0.0	0.0	0.0	0.0
323	0.0	0.0	0.0	0.0	0.0	0.0	0.0
324	1.0	0.0	1.0	0.0	0.3330000000000002	2.667	1.0
325	1.0	0.0	0.0	0.0	1.0	2.0	0.0
326	0.0	0.0	0.0	0.0	0.0	0.0	0.0
327	1.0	0.0	1.0	0.0	0.3330000000000002	2.667	1.0
328	2.0	0.0	2.0	0.0	0.6680000000000001	2.332	1.0
329	3.0	0.0	1.0	0.0	3.0	6.0	1.0
330	2.0	0.0	1.0	0.0	0.6660000000000004	5.334	1.0
331	0.0	0.0	0.0	0.0	0.0	0.0	0.0
332	0.0	0.0	0.0	0.0	0.0	0.0	0.0
333	1.0	0.0	1.0	0.0	0.3330000000000002	2.667	1.0
334	2.0	0.0	1.0	0.0	0.6660000000000004	5.334	1.0
335	2.0	0.0	0.0	0.0	2.0	4.0	0.0
336	0.0	0.0	0.0	0.0	0.0	0.0	0.0
337	4.0	0.0	2.0	0.0	4.0	8.0	2.0
338	0.0	0.0	0.0	0.0	0.0	0.0	0.0
339	0.0	0.0	0.0	0.0	0.0	0.0	0.0
340	1.0	1.0	1.0	1.0	0.6680000000000001	2.332	1.0
341	0.0	0.0	0.0	0.0	0.0	0.0	0.0
342	1.0	1.0	1.0	1.0	1.0	2.0	1.0
343	0.0	0.0	0.0	0.0	0.0	0.0	0.0
344	3.0	0.0	1.0	0.0	3.0	6.0	1.0
345	1.0	0.0	0.0	0.0	1.4	1.6	0.0
346	2.0	0.0	2.0	0.0	1.6680000000000001	4.332	2.0
347	1.0	0.0	1.0	0.0	1.0	2.0	1.0
348	2.0	0.0	2.0	0.0	2.0	4.0	2.0
349	2.0	0.0	1.0	0.0	1.3360000000000003	4.664	1.0
350	0.0	2.0	0.0	1.0	0.6660000000000004	5.334	1.0
351	1.0	0.0	0.0	0.0	0.6680000000000001	2.332	0.0
