pos	Sd	Nd	Sd_tip	Nd_tip	S	N	comparisons
001	0.0	0.0	0.0	0.0	0.0	0.0	0.0
002	0.0	0.0	0.0	0.0	0.0	0.0	0.0
003	1.0	0.0	0.0	0.0	1.0	2.0	0.0
004	1.0	4.0	1.0	2.0	1.3330000000000002	7.667	2.0
005	1.0	2.0	1.0	2.0	1.3330000000000002	4.667	2.0
006	1.0	4.0	1.0	1.0	2.6660000000000004	9.334	1.0
007	1.0	2.0	0.0	1.0	0.6660000000000004	5.334	1.0
008	0.0	3.0	0.0	1.0	2.0	4.0	1.0
009	1.0	4.0	0.0	1.0	4.0	8.0	1.0
010	1.0	1.0	1.0	1.0	0.6680000000000001	2.332	1.0
011	2.0	1.0	0.0	0.0	2.0	4.0	0.0
012	1.0	0.0	0.0	0.0	0.3330000000000002	2.667	0.0
013	2.0	1.0	0.0	0.0	3.0	6.0	0.0
014	2.0	0.0	0.0	0.0	2.0	4.0	0.0
015	1.0	1.0	1.0	0.0	2.0	4.0	1.0
016	1.0	1.0	0.0	1.0	1.3330000000000002	4.667	1.0
017	1.0	2.0	0.0	2.0	0.6660000000000004	5.334	1.0
018	1.0	2.0	0.0	0.0	2.0	4.0	0.0
019	1.0	4.0	1.0	2.0	1.9990000000000006	10.001	2.0
020	2.0	1.0	1.0	1.0	2.0	4.0	1.0
021	1.0	0.0	1.0	0.0	1.0	2.0	1.0
022	0.0	0.0	0.0	0.0	0.0	0.0	0.0
023	0.0	3.0	0.0	1.0	0.9990000000000006	8.001	1.0
024	1.0	0.0	1.0	0.0	1.0	2.0	1.0
025	2.0	0.0	0.0	0.0	2.0	4.0	0.0
026	1.0	0.0	1.0	0.0	0.6680000000000001	2.332	1.0
027	1.0	0.0	0.0	0.0	1.0	2.0	0.0
028	1.0	0.0	0.0	0.0	1.0	2.0	0.0
029	1.0	0.0	1.0	0.0	1.0	2.0	1.0
030	2.0	0.0	0.0	0.0	2.0	4.0	0.0
031	2.0	2.0	1.0	2.0	2.3360000000000003	6.664	2.0
032	0.0	0.0	0.0	0.0	0.0	0.0	0.0
033	1.0	0.0	1.0	0.0	1.0	2.0	1.0
034	4.0	0.0	2.0	0.0	4.468	7.532	2.0
035	0.0	2.0	0.0	2.0	0.3330000000000002	2.667	1.0
036	0.0	1.0	0.0	1.0	1.0	2.0	1.0
037	1.0	0.0	1.0	0.0	1.0	2.0	1.0
038	1.0	1.0	0.0	1.0	2.0	4.0	1.0
039	1.0	0.0	0.0	0.0	0.3330000000000002	2.667	0.0
040	1.0	1.0	0.0	1.0	0.6660000000000004	5.334	1.0
041	0.0	0.0	0.0	0.0	0.0	0.0	0.0
042	0.0	0.0	0.0	0.0	0.0	0.0	0.0
043	1.0	0.0	0.0	0.0	0.3330000000000002	2.667	0.0
044	1.0	0.0	1.0	0.0	1.0	2.0	1.0
045	1.0	1.0	0.0	1.0	0.6660000000000004	5.334	1.0
046	1.0	1.0	0.0	1.0	0.6660000000000004	5.334	1.0
047	2.0	0.0	0.0	0.0	2.0	4.0	0.0
048	1.0	2.0	1.0	2.0	0.3330000000000002	2.667	1.0
049	1.0	1.0	1.0	0.0	2.0	4.0	1.0
050	1.0	0.0	0.0	0.0	1.0	2.0	0.0
051	1.0	0.0	0.0	0.0	0.3330000000000002	2.667	0.0
052	1.0	0.0	1.0	0.0	0.3330000000000002	2.667	1.0
053	2.0	3.0	0.0	2.0	4.0	8.0	2.0
054	0.0	0.0	0.0	0.0	0.0	0.0	0.0
055	2.0	2.0	1.0	1.0	1.3330000000000002	4.667	1.0
056	2.0	1.0	1.0	0.0	2.0040000000000004	6.9959999999999996	1.0
057	1.0	0.0	1.0	0.0	1.0	2.0	1.0
058	1.0	2.0	1.0	1.0	1.3330000000000002	4.667	1.0
059	1.0	2.0	0.0	1.0	3.0	6.0	1.0
060	2.0	0.0	1.0	0.0	2.0	4.0	1.0
061	2.0	0.0	0.0	0.0	0.6660000000000004	5.334	0.0
062	1.0	1.0	0.0	0.0	2.0	4.0	0.0
063	1.0	2.0	0.0	0.0	1.6680000000000001	4.332	0.0
064	2.0	3.0	0.0	2.0	3.668	8.332	1.0
065	1.0	1.0	1.0	1.0	1.0	2.0	1.0
066	1.0	0.0	1.0	0.0	1.0	2.0	1.0
067	1.0	0.0	0.0	0.0	1.0	2.0	0.0
068	1.0	2.0	1.0	2.0	0.3330000000000002	2.667	1.0
069	0.0	2.0	0.0	2.0	0.3330000000000002	2.667	1.0
070	0.0	2.0	0.0	2.0	0.3330000000000002	2.667	1.0
071	1.0	1.0	0.0	0.0	2.0	4.0	0.0
072	1.0	0.0	0.0	0.0	1.0	2.0	0.0
073	3.0	0.0	1.0	0.0	3.468	5.532	1.0
074	1.0	2.0	0.0	1.0	0.9990000000000006	8.001	1.0
075	0.0	3.0	0.0	3.0	0.6660000000000004	5.334	2.0
076	1.0	0.0	0.0	0.0	0.3330000000000002	2.667	0.0
077	1.0	0.0	0.0	0.0	1.0	2.0	0.0
078	2.0	3.0	1.0	0.0	2.6660000000000004	9.334	1.0
079	0.0	0.0	0.0	0.0	0.0	0.0	0.0
080	1.0	2.0	1.0	2.0	1.0	2.0	1.0
081	0.0	1.0	0.0	1.0	0.3330000000000002	2.667	1.0
082	1.0	1.0	1.0	0.0	0.6660000000000004	5.334	1.0
083	0.0	2.0	0.0	2.0	0.0	3.0	1.0
084	1.0	0.0	0.0	0.0	0.3330000000000002	2.667	0.0
085	1.0	2.0	1.0	1.0	0.6660000000000004	5.334	1.0
086	1.0	2.0	0.0	1.0	2.4010000000000002	6.599	1.0
087	2.0	2.0	2.0	2.0	1.3330000000000002	4.667	2.0
088	0.0	3.0	0.0	2.0	0.6660000000000004	5.334	1.0
089	1.0	1.0	0.0	1.0	0.6660000000000004	5.334	1.0
090	2.0	2.0	1.0	0.0	3.0	6.0	1.0
091	2.0	4.0	0.0	1.0	2.6690000000000005	9.331	1.0
092	1.0	3.0	1.0	3.0	1.3330000000000002	4.667	2.0
093	2.0	3.0	1.0	2.0	0.9990000000000006	8.001	2.0
094	1.0	0.0	0.0	0.0	0.3330000000000002	2.667	0.0
095	0.0	1.0	0.0	0.0	0.3330000000000002	2.667	0.0
096	1.0	2.0	0.0	2.0	0.6660000000000004	5.334	1.0
097	2.0	1.0	1.0	1.0	1.3330000000000002	4.667	1.0
098	0.0	3.0	0.0	1.0	0.9990000000000006	8.001	1.0
099	1.0	0.0	0.0	0.0	1.0	2.0	0.0
100	0.0	1.0	0.0	1.0	0.3330000000000002	2.667	1.0
101	1.0	1.0	0.0	1.0	1.3330000000000002	4.667	1.0
102	1.0	2.0	1.0	2.0	1.0	2.0	1.0
103	2.0	2.0	1.0	1.0	3.668	8.332	2.0
104	2.0	2.0	0.0	2.0	3.0	6.0	1.0
105	2.0	3.0	0.0	3.0	3.333	8.667	2.0
106	1.0	2.0	1.0	2.0	1.0	2.0	1.0
107	1.0	0.0	0.0	0.0	0.3330000000000002	2.667	0.0
108	1.0	2.0	1.0	2.0	1.3330000000000002	4.667	2.0
109	1.0	0.0	1.0	0.0	0.3330000000000002	2.667	1.0
110	1.0	2.0	1.0	2.0	0.3330000000000002	2.667	1.0
111	1.0	1.0	0.0	1.0	0.6660000000000004	5.334	1.0
112	2.0	2.0	2.0	1.0	1.0	5.0	1.0
113	1.0	0.0	1.0	0.0	1.0	2.0	1.0
114	1.0	1.0	0.0	0.0	2.0	4.0	0.0
115	2.0	0.0	0.0	0.0	2.0	4.0	0.0
116	2.0	0.0	0.0	0.0	2.0	4.0	0.0
117	1.0	1.0	1.0	1.0	1.0	2.0	1.0
118	1.0	0.0	0.0	0.0	0.3330000000000002	2.667	0.0
119	1.0	1.0	0.0	1.0	2.0	4.0	1.0
120	0.0	1.0	0.0	1.0	0.6680000000000001	2.332	1.0
121	1.0	2.0	0.0	2.0	0.3330000000000002	5.667	1.0
122	2.0	0.0	0.0	0.0	2.0	4.0	0.0
123	2.0	2.0	1.0	2.0	2.668	6.332	2.0
124	1.0	0.0	0.0	0.0	1.0	2.0	0.0
125	2.0	2.0	1.0	2.0	1.6680000000000001	4.332	1.0
126	1.0	3.0	0.0	2.0	2.333	6.667	1.0
127	1.0	3.0	1.0	2.0	2.0	4.0	1.0
128	2.0	1.0	0.0	0.0	2.0040000000000004	6.9959999999999996	0.0
129	2.0	2.0	1.0	1.0	2.0	4.0	1.0
130	1.0	3.0	1.0	1.0	1.0010000000000003	4.999	1.0
131	1.0	0.0	0.0	0.0	1.0	2.0	0.0
132	2.0	1.0	1.0	1.0	1.0010000000000003	4.999	1.0
133	0.0	0.0	0.0	0.0	0.0	0.0	0.0
134	1.0	2.0	0.0	0.0	2.0	4.0	0.0
135	1.0	1.0	0.0	0.0	2.0	4.0	0.0
136	2.0	2.0	0.0	2.0	2.668	6.332	1.0
137	1.0	1.0	0.0	0.0	1.4	4.6	0.0
138	1.0	1.0	1.0	1.0	0.3330000000000002	2.667	1.0
139	2.0	2.0	2.0	1.0	2.0660000000000003	6.933999999999999	2.0
140	2.0	3.0	0.0	1.0	1.6660000000000004	7.334	1.0
141	0.0	0.0	0.0	0.0	0.0	0.0	0.0
142	2.0	3.0	0.0	2.0	2.333	6.667	1.0
143	1.0	1.0	0.0	0.0	0.6660000000000004	5.334	0.0
144	0.0	3.0	0.0	1.0	2.0010000000000003	6.999	1.0
145	2.0	0.0	2.0	0.0	0.6680000000000001	2.332	1.0
146	1.0	0.0	1.0	0.0	1.0	2.0	1.0
147	0.0	1.0	0.0	1.0	0.3330000000000002	2.667	1.0
148	2.0	2.0	1.0	2.0	1.3330000000000002	4.667	1.0
149	2.0	0.0	0.0	0.0	2.0	4.0	0.0
150	1.0	2.0	1.0	2.0	1.0	2.0	1.0
151	1.0	1.0	1.0	1.0	0.3330000000000002	2.667	1.0
152	2.0	1.0	0.0	1.0	2.668	6.332	1.0
153	0.0	2.0	0.0	1.0	1.6680000000000001	4.332	1.0
154	1.0	0.0	0.0	0.0	0.3330000000000002	2.667	0.0
155	1.0	1.0	1.0	0.0	1.6680000000000001	4.332	1.0
156	1.0	3.0	1.0	2.0	2.0	4.0	1.0
157	2.0	1.0	1.0	1.0	0.9990000000000006	8.001	2.0
158	0.0	1.0	0.0	0.0	0.3330000000000002	2.667	0.0
159	2.0	0.0	1.0	0.0	2.0	4.0	1.0
160	1.0	0.0	1.0	0.0	0.3330000000000002	2.667	1.0
161	1.0	1.0	0.0	0.0	0.6660000000000004	5.334	0.0
162	0.0	0.0	0.0	0.0	0.0	0.0	0.0
163	1.0	3.0	0.0	0.0	1.6660000000000004	7.334	0.0
164	2.0	3.0	0.0	1.0	2.0010000000000003	9.998999999999999	1.0
165	1.0	0.0	0.0	0.0	1.0	2.0	0.0
166	0.0	2.0	0.0	0.0	1.0	2.0	0.0
167	2.0	0.0	1.0	0.0	2.0	4.0	1.0
168	1.0	0.0	1.0	0.0	1.0	2.0	1.0
169	2.0	1.0	0.0	0.0	2.0	4.0	0.0
170	2.0	1.0	1.0	1.0	1.3330000000000002	4.667	1.0
171	1.0	2.0	1.0	0.0	1.3330000000000002	4.667	1.0
172	2.0	3.0	1.0	2.0	1.3330000000000002	4.667	1.0
173	0.0	0.0	0.0	0.0	0.0	0.0	0.0
174	1.0	0.0	0.0	0.0	1.0	2.0	0.0
175	2.0	0.0	0.0	0.0	2.0	4.0	0.0
176	2.0	2.0	1.0	1.0	1.3330000000000002	4.667	1.0
177	0.0	0.0	0.0	0.0	0.0	0.0	0.0
178	1.0	0.0	0.0	0.0	1.0	2.0	0.0
179	1.0	2.0	1.0	1.0	2.333	6.667	2.0
180	1.0	0.0	0.0	0.0	0.3330000000000002	2.667	0.0
181	0.0	1.0	0.0	1.0	1.0	2.0	1.0
182	2.0	0.0	1.0	0.0	2.0	4.0	1.0
183	2.0	1.0	0.0	1.0	2.668	6.332	1.0
184	2.0	0.0	1.0	0.0	2.0	4.0	1.0
185	1.0	0.0	1.0	0.0	1.0	2.0	1.0
186	1.0	0.0	0.0	0.0	0.3330000000000002	2.667	0.0
187	1.0	0.0	1.0	0.0	1.0	2.0	1.0
188	2.0	2.0	1.0	2.0	2.0040000000000004	6.9959999999999996	2.0
189	0.0	0.0	0.0	0.0	0.0	0.0	0.0
190	1.0	1.0	1.0	1.0	1.0	2.0	1.0
191	1.0	0.0	1.0	0.0	0.3330000000000002	2.667	1.0
192	2.0	2.0	1.0	2.0	2.333	6.667	2.0
193	1.0	2.0	0.0	2.0	0.6660000000000004	5.334	1.0
194	1.0	3.0	1.0	2.0	2.333	6.667	2.0
195	2.0	1.0	1.0	0.0	3.0	6.0	1.0
196	1.0	3.0	0.0	1.0	1.6680000000000001	7.332	1.0
197	1.0	0.0	0.0	0.0	1.4	1.6	0.0
198	3.0	0.0	1.0	0.0	3.0	6.0	1.0
199	1.0	3.0	1.0	1.0	1.3320000000000007	10.668	2.0
200	1.0	0.0	1.0	0.0	1.0	2.0	1.0
201	1.0	1.0	1.0	1.0	1.0	2.0	1.0
202	0.0	3.0	0.0	1.0	1.3330000000000002	4.667	1.0
203	0.0	0.0	0.0	0.0	0.0	0.0	0.0
204	0.0	1.0	0.0	0.0	0.6680000000000001	2.332	0.0
205	1.0	3.0	0.0	1.0	2.6660000000000004	9.334	1.0
206	1.0	1.0	1.0	1.0	1.0	2.0	1.0
207	1.0	0.0	0.0	0.0	1.0	2.0	0.0
208	0.0	0.0	0.0	0.0	0.0	0.0	0.0
209	1.0	2.0	1.0	2.0	0.3330000000000002	2.667	1.0
210	1.0	2.0	0.0	2.0	1.3330000000000002	4.667	1.0
211	2.0	3.0	0.0	1.0	2.0010000000000003	6.999	1.0
212	3.0	0.0	3.0	0.0	1.6680000000000001	4.332	2.0
213	1.0	1.0	1.0	1.0	1.0	2.0	1.0
214	2.0	2.0	1.0	2.0	1.0	5.0	1.0
215	2.0	1.0	1.0	1.0	0.6660000000000004	5.334	1.0
216	2.0	1.0	1.0	1.0	2.0	4.0	1.0
217	1.0	0.0	1.0	0.0	1.0	2.0	1.0
218	1.0	2.0	0.0	1.0	0.9990000000000006	8.001	1.0
219	2.0	3.0	0.0	3.0	3.333	8.667	2.0
220	2.0	1.0	0.0	1.0	2.668	6.332	1.0
221	1.0	1.0	0.0	1.0	0.6660000000000004	5.334	1.0
222	1.0	2.0	0.0	1.0	0.6660000000000004	5.334	1.0
223	0.0	2.0	0.0	1.0	1.3330000000000002	4.667	1.0
224	2.0	0.0	0.0	0.0	2.0	4.0	0.0
225	2.0	2.0	1.0	1.0	2.0	4.0	1.0
226	1.0	3.0	0.0	0.0	1.3360000000000003	4.664	0.0
227	1.0	1.0	0.0	1.0	1.3330000000000002	4.667	1.0
228	0.0	2.0	0.0	2.0	0.3330000000000002	2.667	1.0
229	2.0	2.0	0.0	1.0	2.3360000000000003	6.664	1.0
230	3.0	1.0	2.0	1.0	2.668	6.332	2.0
231	0.0	1.0	0.0	1.0	1.0	2.0	1.0
232	1.0	1.0	1.0	1.0	0.3330000000000002	2.667	1.0
233	1.0	2.0	0.0	2.0	2.0	4.0	1.0
234	0.0	1.0	0.0	0.0	0.3330000000000002	2.667	0.0
235	0.0	0.0	0.0	0.0	0.0	0.0	0.0
236	1.0	0.0	0.0	0.0	1.0	2.0	0.0
237	2.0	0.0	1.0	0.0	2.0	4.0	1.0
238	1.0	1.0	1.0	1.0	0.3330000000000002	2.667	1.0
239	2.0	2.0	0.0	0.0	3.736	8.264	0.0
240	1.0	1.0	1.0	1.0	1.0	2.0	1.0
241	1.0	2.0	0.0	1.0	2.0	7.0	1.0
242	0.0	0.0	0.0	0.0	0.0	0.0	0.0
243	0.0	0.0	0.0	0.0	0.0	0.0	0.0
244	0.0	0.0	0.0	0.0	0.0	0.0	0.0
245	0.0	0.0	0.0	0.0	0.0	0.0	0.0
246	2.0	0.0	1.0	0.0	0.6660000000000004	5.334	1.0
247	1.0	0.0	0.0	0.0	1.0	2.0	0.0
248	1.0	0.0	1.0	0.0	1.0	2.0	1.0
249	1.0	1.0	0.0	1.0	2.0	4.0	1.0
250	0.0	2.0	0.0	2.0	0.3330000000000002	2.667	1.0
251	2.0	1.0	1.0	1.0	2.0	7.0	2.0
252	1.0	1.0	1.0	1.0	0.3330000000000002	2.667	1.0
253	0.0	3.0	0.0	1.0	2.0010000000000003	6.999	1.0
254	1.0	1.0	1.0	1.0	1.0	2.0	1.0
255	2.0	1.0	0.0	1.0	2.333	6.667	1.0
256	2.0	2.0	0.0	2.0	3.0	6.0	1.0
257	2.0	0.0	1.0	0.0	1.6680000000000001	4.332	1.0
258	1.0	1.0	1.0	1.0	1.0	2.0	1.0
259	1.0	2.0	0.0	2.0	0.6660000000000004	5.334	1.0
260	2.0	2.0	2.0	2.0	1.3330000000000002	4.667	2.0
261	0.0	3.0	0.0	2.0	0.6660000000000004	5.334	1.0
262	1.0	1.0	0.0	0.0	1.3360000000000003	4.664	0.0
263	1.0	3.0	0.0	0.0	1.3330000000000002	4.667	0.0
264	1.0	1.0	1.0	1.0	1.4	1.6	1.0
265	0.0	1.0	0.0	1.0	1.0	2.0	1.0
266	0.0	1.0	0.0	1.0	0.6680000000000001	2.332	1.0
267	2.0	0.0	0.0	0.0	2.0	4.0	0.0
268	1.0	4.0	0.0	2.0	2.6660000000000004	9.334	2.0
269	1.0	2.0	0.0	1.0	0.9990000000000006	8.001	1.0
270	0.0	0.0	0.0	0.0	0.0	0.0	0.0
271	1.0	0.0	0.0	0.0	0.3330000000000002	2.667	0.0
272	2.0	0.0	1.0	0.0	2.0	4.0	1.0
273	2.0	1.0	2.0	1.0	2.0	4.0	2.0
274	1.0	0.0	1.0	0.0	1.0	2.0	1.0
275	1.0	1.0	0.0	1.0	1.3330000000000002	4.667	1.0
276	0.0	0.0	0.0	0.0	0.0	0.0	0.0
277	1.0	0.0	0.0	0.0	1.0	2.0	0.0
278	0.0	1.0	0.0	1.0	1.0	2.0	1.0
279	2.0	0.0	0.0	0.0	2.0	4.0	0.0
280	2.0	2.0	1.0	2.0	1.3330000000000002	4.667	1.0
281	2.0	0.0	1.0	0.0	2.0	4.0	1.0
282	2.0	2.0	2.0	0.0	3.668	8.332	2.0
283	0.0	3.0	0.0	1.0	2.333	6.667	1.0
284	2.0	2.0	1.0	2.0	2.0	4.0	1.0
285	2.0	3.0	1.0	2.0	2.333	6.667	1.0
286	1.0	3.0	0.0	0.0	1.3330000000000002	4.667	0.0
287	1.0	1.0	0.0	1.0	1.6680000000000001	4.332	1.0
288	1.0	0.0	1.0	0.0	1.0	2.0	1.0
289	0.0	1.0	0.0	1.0	0.3330000000000002	2.667	1.0
290	2.0	3.0	1.0	3.0	2.333	6.667	2.0
291	0.0	1.0	0.0	1.0	0.0	3.0	1.0
292	1.0	3.0	0.0	1.0	4.0	8.0	1.0
293	1.0	2.0	0.0	1.0	2.333	6.667	1.0
294	1.0	2.0	0.0	2.0	1.3330000000000002	4.667	1.0
295	1.0	1.0	1.0	1.0	0.3330000000000002	2.667	1.0
296	1.0	5.0	0.0	1.0	2.3340000000000005	9.666	1.0
297	0.0	0.0	0.0	0.0	0.0	0.0	0.0
298	1.0	1.0	0.0	1.0	1.3330000000000002	4.667	1.0
299	0.0	2.0	0.0	0.0	1.3330000000000002	4.667	0.0
300	1.0	1.0	1.0	1.0	1.0	2.0	1.0
301	1.0	1.0	1.0	1.0	1.0	2.0	1.0
302	1.0	1.0	0.0	1.0	0.6680000000000001	5.332	1.0
303	0.0	1.0	0.0	1.0	0.3330000000000002	2.667	1.0
304	0.0	4.0	0.0	2.0	1.3330000000000002	7.667	1.0
305	1.0	1.0	1.0	1.0	1.0010000000000003	4.999	2.0
306	0.0	3.0	0.0	0.0	0.6660000000000004	5.334	0.0
307	0.0	4.0	0.0	1.0	2.0010000000000003	6.999	1.0
308	0.0	1.0	0.0	1.0	1.0	2.0	1.0
309	1.0	0.0	0.0	0.0	1.0	2.0	0.0
310	2.0	3.0	2.0	3.0	1.3330000000000002	4.667	2.0
311	1.0	2.0	0.0	2.0	1.3330000000000002	4.667	1.0
312	2.0	2.0	0.0	2.0	1.6660000000000004	7.334	1.0
313	1.0	2.0	0.0	0.0	1.6680000000000001	4.332	0.0
314	0.0	0.0	0.0	0.0	0.0	0.0	0.0
315	2.0	2.0	0.0	2.0	3.0	6.0	1.0
316	0.0	0.0	0.0	0.0	0.0	0.0	0.0
317	1.0	0.0	0.0	0.0	0.3330000000000002	2.667	0.0
318	2.0	0.0	0.0	0.0	2.068	3.932	0.0
319	1.0	0.0	0.0	0.0	0.3330000000000002	2.667	0.0
320	0.0	1.0	0.0	1.0	0.3330000000000002	2.667	1.0
321	2.0	0.0	0.0	0.0	2.0	4.0	0.0
322	0.0	1.0	0.0	1.0	0.3330000000000002	2.667	1.0
323	1.0	0.0	1.0	0.0	1.0	2.0	1.0
324	1.0	0.0	1.0	0.0	0.3330000000000002	2.667	1.0
325	1.0	0.0	0.0	0.0	1.0	2.0	0.0
326	1.0	0.0	0.0	0.0	0.3330000000000002	2.667	0.0
327	0.0	0.0	0.0	0.0	0.0	0.0	0.0
328	1.0	2.0	0.0	2.0	1.3330000000000002	4.667	1.0
329	1.0	0.0	0.0	0.0	1.0	2.0	0.0
330	1.0	3.0	1.0	1.0	0.9990000000000006	8.001	1.0
331	1.0	2.0	1.0	1.0	1.6680000000000001	4.332	1.0
332	1.0	2.0	1.0	2.0	1.0	2.0	1.0
333	1.0	1.0	1.0	1.0	0.3330000000000002	2.667	1.0
334	1.0	1.0	1.0	0.0	1.6680000000000001	4.332	1.0
335	1.0	0.0	1.0	0.0	0.6680000000000001	2.332	1.0
336	1.0	0.0	1.0	0.0	0.3330000000000002	2.667	1.0
337	2.0	1.0	1.0	1.0	2.4	3.6	1.0
338	1.0	0.0	1.0	0.0	1.0	2.0	1.0
339	1.0	0.0	1.0	0.0	0.3330000000000002	2.667	1.0
340	0.0	4.0	0.0	2.0	2.0010000000000003	6.999	1.0
341	2.0	0.0	0.0	0.0	2.0	4.0	0.0
342	0.0	0.0	0.0	0.0	0.0	0.0	0.0
343	0.0	0.0	0.0	0.0	0.0	0.0	0.0
344	1.0	0.0	1.0	0.0	0.3330000000000002	2.667	1.0
345	2.0	1.0	0.0	1.0	3.068	5.932	1.0
346	1.0	0.0	0.0	0.0	1.0	2.0	0.0
347	1.0	1.0	0.0	1.0	2.0	4.0	1.0
348	2.0	0.0	1.0	0.0	2.0	4.0	1.0
349	2.0	2.0	1.0	1.0	3.0	6.0	1.0
350	1.0	0.0	1.0	0.0	0.3330000000000002	2.667	1.0
351	2.0	0.0	1.0	0.0	2.0	4.0	1.0
352	1.0	1.0	1.0	0.0	2.0	4.0	1.0
353	1.0	1.0	1.0	1.0	1.0	2.0	1.0
354	0.0	0.0	0.0	0.0	0.0	0.0	0.0
355	1.0	0.0	0.0	0.0	1.0	2.0	0.0
356	0.0	2.0	0.0	1.0	2.0	4.0	1.0
357	1.0	0.0	1.0	0.0	0.3330000000000002	2.667	1.0
358	1.0	0.0	0.0	0.0	0.3330000000000002	2.667	0.0
359	0.0	0.0	0.0	0.0	0.0	0.0	0.0
360	0.0	2.0	0.0	0.0	1.4	4.6	0.0
361	1.0	0.0	1.0	0.0	1.0	2.0	1.0
362	2.0	0.0	2.0	0.0	2.4	3.6	2.0
363	1.0	1.0	1.0	1.0	1.0	2.0	1.0
364	1.0	0.0	0.0	0.0	0.3330000000000002	2.667	0.0
365	1.0	0.0	0.0	0.0	0.3330000000000002	2.667	0.0
366	3.0	0.0	2.0	0.0	2.668	6.332	2.0
367	1.0	0.0	0.0	0.0	1.0	2.0	0.0
368	1.0	3.0	1.0	1.0	2.4010000000000002	6.599	1.0
369	2.0	1.0	1.0	1.0	2.0	4.0	1.0
370	1.0	0.0	0.0	0.0	1.0	2.0	0.0
371	0.0	1.0	0.0	0.0	0.6680000000000001	2.332	0.0
372	1.0	2.0	1.0	1.0	2.333	6.667	2.0
373	0.0	2.0	0.0	2.0	1.0	2.0	1.0
374	1.0	1.0	1.0	1.0	0.6680000000000001	2.332	1.0
375	1.0	1.0	1.0	1.0	2.0	4.0	2.0
376	0.0	1.0	0.0	1.0	1.4	1.6	1.0
377	1.0	0.0	1.0	0.0	1.0	2.0	1.0
378	1.0	3.0	1.0	1.0	3.0	6.0	1.0
379	1.0	1.0	1.0	0.0	1.6680000000000001	4.332	1.0
380	1.0	0.0	1.0	0.0	1.0	2.0	1.0
381	0.0	0.0	0.0	0.0	0.0	0.0	0.0
382	1.0	1.0	0.0	1.0	0.6660000000000004	5.334	1.0
383	1.0	3.0	1.0	2.0	1.3330000000000002	4.667	1.0
384	2.0	0.0	0.0	0.0	1.0	2.0	0.0
385	2.0	0.0	2.0	0.0	0.6680000000000001	2.332	1.0
386	0.0	0.0	0.0	0.0	0.0	0.0	0.0
387	1.0	2.0	0.0	0.0	0.6660000000000004	5.334	0.0
388	1.0	0.0	0.0	0.0	1.0	2.0	0.0
389	2.0	2.0	0.0	2.0	3.0	6.0	1.0
390	2.0	0.0	1.0	0.0	2.0	4.0	1.0
391	2.0	0.0	1.0	0.0	2.8	3.2	1.0
392	1.0	2.0	1.0	0.0	3.4	5.6	1.0
393	2.0	0.0	1.0	0.0	0.6660000000000004	5.334	1.0
394	0.0	2.0	0.0	2.0	0.3330000000000002	2.667	1.0
395	1.0	1.0	0.0	1.0	1.3330000000000002	4.667	1.0
396	1.0	0.0	0.0	0.0	1.0	2.0	0.0
397	1.0	0.0	1.0	0.0	0.3330000000000002	2.667	1.0
398	1.0	0.0	1.0	0.0	1.0	2.0	1.0
399	0.0	0.0	0.0	0.0	0.0	0.0	0.0
400	2.0	2.0	1.0	2.0	4.468	7.532	3.0
401	2.0	0.0	1.0	0.0	2.0	4.0	1.0
402	0.0	1.0	0.0	1.0	0.3330000000000002	2.667	1.0
403	1.0	1.0	1.0	1.0	1.0	2.0	1.0
404	1.0	0.0	1.0	0.0	0.3330000000000002	2.667	1.0
405	2.0	1.0	0.0	0.0	2.0	4.0	0.0
406	1.0	0.0	0.0	0.0	0.3330000000000002	2.667	0.0
407	0.0	0.0	0.0	0.0	0.0	0.0	0.0
408	1.0	1.0	0.0	1.0	0.6660000000000004	5.334	1.0
409	2.0	3.0	0.0	2.0	3.333	8.667	1.0
410	2.0	0.0	1.0	0.0	1.3360000000000003	4.664	1.0
411	1.0	3.0	0.0	2.0	2.0	7.0	2.0
412	1.0	4.0	1.0	1.0	2.000000000000001	12.999999999999998	2.0
413	1.0	2.0	0.0	0.0	0.6660000000000004	5.334	0.0
414	1.0	1.0	0.0	1.0	1.3330000000000002	4.667	1.0
415	1.0	4.0	0.0	1.0	1.6670000000000007	10.332999999999998	1.0
416	0.0	4.0	0.0	1.0	0.9990000000000006	8.001	1.0
417	2.0	1.0	1.0	1.0	3.0	6.0	2.0
418	0.0	0.0	0.0	0.0	0.0	0.0	0.0
419	0.0	0.0	0.0	0.0	0.0	0.0	0.0
420	2.0	2.0	1.0	1.0	1.3330000000000002	4.667	1.0
421	0.0	0.0	0.0	0.0	0.0	0.0	0.0
422	0.0	0.0	0.0	0.0	0.0	0.0	0.0
423	0.0	0.0	0.0	0.0	0.0	0.0	0.0
424	2.0	1.0	0.0	1.0	2.3360000000000003	6.664	1.0
425	0.0	0.0	0.0	0.0	0.0	0.0	0.0
426	3.0	2.0	1.0	1.0	5.0	10.0	2.0
427	1.0	0.0	0.0	0.0	0.3330000000000002	2.667	0.0
428	2.0	3.0	1.0	1.0	0.9990000000000006	8.001	1.0
429	1.0	2.0	1.0	2.0	1.3330000000000002	4.667	2.0
430	1.0	0.0	0.0	0.0	0.3330000000000002	2.667	0.0
431	2.0	2.0	0.0	2.0	1.6690000000000005	7.3309999999999995	1.0
432	1.0	0.0	0.0	0.0	0.3330000000000002	2.667	0.0
433	1.0	1.0	0.0	1.0	2.0	4.0	1.0
434	1.0	1.0	1.0	1.0	1.0	2.0	1.0
435	0.0	3.0	0.0	0.0	0.9990000000000006	8.001	0.0
436	0.0	1.0	0.0	1.0	0.3330000000000002	2.667	1.0
437	0.0	1.0	0.0	0.0	0.3330000000000002	2.667	0.0
438	1.0	3.0	0.0	1.0	1.3330000000000002	4.667	1.0
439	1.0	2.0	0.0	2.0	1.3330000000000002	4.667	1.0
440	1.0	0.0	0.0	0.0	1.0	2.0	0.0
441	1.0	3.0	1.0	1.0	2.3340000000000005	9.666	2.0
442	1.0	3.0	1.0	3.0	1.6680000000000001	4.332	2.0
443	1.0	0.0	0.0	0.0	1.0	2.0	0.0
444	2.0	1.0	0.0	1.0	2.3360000000000003	6.664	1.0
445	1.0	0.0	0.0	0.0	0.3330000000000002	2.667	0.0
446	1.0	2.0	1.0	1.0	2.0	4.0	1.0
447	1.0	2.0	0.0	0.0	2.0	4.0	0.0
448	1.0	1.0	0.0	1.0	1.3330000000000002	4.667	1.0
449	1.0	5.0	0.0	1.0	1.6660000000000004	7.334	1.0
450	1.0	0.0	1.0	0.0	0.3330000000000002	2.667	1.0
451	0.0	1.0	0.0	1.0	0.3330000000000002	2.667	1.0
452	1.0	0.0	0.0	0.0	0.3330000000000002	2.667	0.0
453	1.0	1.0	1.0	0.0	2.0	4.0	1.0
454	1.0	0.0	1.0	0.0	0.3330000000000002	2.667	1.0
455	2.0	0.0	1.0	0.0	2.4	3.6	1.0
456	2.0	0.0	0.0	0.0	2.0	4.0	0.0
457	0.0	2.0	0.0	2.0	1.0	2.0	1.0
458	2.0	0.0	0.0	0.0	2.0	4.0	0.0
459	0.0	0.0	0.0	0.0	0.0	0.0	0.0
460	0.0	1.0	0.0	1.0	0.3330000000000002	2.667	1.0
461	0.0	2.0	0.0	2.0	1.0	2.0	1.0
462	1.0	1.0	0.0	1.0	0.6660000000000004	5.334	1.0
463	1.0	2.0	1.0	1.0	3.0	6.0	2.0
464	0.0	0.0	0.0	0.0	0.0	0.0	0.0
465	1.0	1.0	1.0	1.0	0.3330000000000002	2.667	1.0
466	0.0	1.0	0.0	1.0	0.6680000000000001	2.332	1.0
467	0.0	3.0	0.0	1.0	0.9990000000000006	8.001	1.0
468	1.0	1.0	1.0	0.0	0.6660000000000004	5.334	1.0
469	0.0	0.0	0.0	0.0	0.0	0.0	0.0
470	2.0	2.0	1.0	2.0	1.733	4.2669999999999995	1.0
471	1.0	0.0	1.0	0.0	0.3330000000000002	2.667	1.0
472	1.0	0.0	1.0	0.0	0.3330000000000002	2.667	1.0
473	0.0	0.0	0.0	0.0	0.0	0.0	0.0
474	0.0	2.0	0.0	2.0	0.3330000000000002	2.667	1.0
475	1.0	1.0	1.0	0.0	2.0	4.0	1.0
476	1.0	0.0	1.0	0.0	1.0	2.0	1.0
477	1.0	1.0	0.0	1.0	1.6680000000000001	4.332	1.0
478	0.0	0.0	0.0	0.0	0.0	0.0	0.0
479	1.0	2.0	1.0	1.0	2.0	4.0	1.0
480	1.0	1.0	1.0	1.0	0.3330000000000002	2.667	1.0
481	1.0	0.0	0.0	0.0	0.3330000000000002	2.667	0.0
482	3.0	0.0	1.0	0.0	3.068	5.932	1.0
483	0.0	0.0	0.0	0.0	0.0	0.0	0.0
484	2.0	1.0	1.0	0.0	1.6660000000000004	7.334	1.0
485	2.0	1.0	1.0	1.0	1.3330000000000002	4.667	1.0
486	1.0	0.0	0.0	0.0	1.0	2.0	0.0
487	2.0	0.0	1.0	0.0	0.6660000000000004	5.334	1.0
488	0.0	0.0	0.0	0.0	0.0	0.0	0.0
489	2.0	0.0	0.0	0.0	2.0	4.0	0.0
490	1.0	1.0	1.0	1.0	0.6680000000000001	2.332	1.0
491	1.0	3.0	1.0	2.0	2.3360000000000003	6.664	2.0
492	1.0	1.0	0.0	0.0	2.0	4.0	0.0
493	0.0	0.0	0.0	0.0	0.0	0.0	0.0
