all_syn	all_nonSyn	tip_syn	tip_nonSyn	S	N	comparisons
001	0.0	0.0	0.0	0.0	0.0	0.0	0.0
002	0.0	0.0	0.0	0.0	0.0	0.0	0.0
003	0.0	0.0	0.0	0.0	0.0	0.0	0.0
004	0.0	0.0	0.0	0.0	0.0	0.0	0.0
005	0.0	0.0	0.0	0.0	0.0	0.0	0.0
006	0.0	0.0	0.0	0.0	0.0	0.0	0.0
007	0.0	0.0	0.0	0.0	0.0	0.0	0.0
008	0.0	0.0	0.0	0.0	0.0	0.0	0.0
009	0.0	0.0	0.0	0.0	0.0	0.0	0.0
010	0.0	0.0	0.0	0.0	0.0	0.0	0.0
011	0.0	0.0	0.0	0.0	0.0	0.0	0.0
012	0.0	0.0	0.0	0.0	0.0	0.0	0.0
013	0.0	0.0	0.0	0.0	0.0	0.0	0.0
014	0.0	0.0	0.0	0.0	0.0	0.0	0.0
015	0.0	0.0	0.0	0.0	0.0	0.0	0.0
016	0.0	0.0	0.0	0.0	0.0	0.0	0.0
017	0.0	0.0	0.0	0.0	0.0	0.0	0.0
018	0.0	0.0	0.0	0.0	0.0	0.0	0.0
019	0.0	0.0	0.0	0.0	0.0	0.0	0.0
020	0.0	2.0	0.0	1.0	1.3330000000000002	4.667	1.0
021	0.0	0.0	0.0	0.0	0.0	0.0	0.0
022	1.0	2.0	1.0	1.0	0.9990000000000006	8.001	2.0
023	0.0	0.0	0.0	0.0	0.0	0.0	0.0
024	0.0	0.0	0.0	0.0	0.0	0.0	0.0
025	0.0	2.0	0.0	1.0	1.3330000000000002	4.667	1.0
026	0.0	0.0	0.0	0.0	0.0	0.0	0.0
027	0.0	0.0	0.0	0.0	0.0	0.0	0.0
028	1.0	1.0	0.0	1.0	1.6680000000000001	4.332	1.0
029	0.0	0.0	0.0	0.0	0.0	0.0	0.0
030	0.0	0.0	0.0	0.0	0.0	0.0	0.0
031	0.0	0.0	0.0	0.0	0.0	0.0	0.0
032	0.0	0.0	0.0	0.0	0.0	0.0	0.0
033	0.0	0.0	0.0	0.0	0.0	0.0	0.0
034	0.0	0.0	0.0	0.0	0.0	0.0	0.0
035	1.0	0.0	1.0	0.0	1.0	2.0	1.0
036	0.0	0.0	0.0	0.0	0.0	0.0	0.0
037	1.0	1.0	0.0	1.0	0.6660000000000004	5.334	1.0
038	1.0	1.0	0.0	1.0	1.6680000000000001	4.332	1.0
039	1.0	0.0	0.0	0.0	1.0	2.0	0.0
040	0.0	0.0	0.0	0.0	0.0	0.0	0.0
041	0.0	0.0	0.0	0.0	0.0	0.0	0.0
042	1.0	0.0	1.0	0.0	0.3330000000000002	2.667	1.0
043	1.0	1.0	0.0	0.0	0.3330000000000002	2.667	0.0
044	1.0	0.0	0.0	0.0	1.0	2.0	0.0
045	1.0	0.0	1.0	0.0	0.3330000000000002	2.667	1.0
046	0.0	0.0	0.0	0.0	0.0	0.0	0.0
047	0.0	0.0	0.0	0.0	0.0	0.0	0.0
048	0.0	1.0	0.0	0.0	0.3330000000000002	2.667	0.0
049	0.0	0.0	0.0	0.0	0.0	0.0	0.0
050	0.0	0.0	0.0	0.0	0.0	0.0	0.0
051	0.0	0.0	0.0	0.0	0.0	0.0	0.0
052	0.0	0.0	0.0	0.0	0.0	0.0	0.0
053	1.0	0.0	1.0	0.0	1.0	2.0	1.0
054	0.0	0.0	0.0	0.0	0.0	0.0	0.0
055	0.0	0.0	0.0	0.0	0.0	0.0	0.0
056	0.0	0.0	0.0	0.0	0.0	0.0	0.0
057	0.0	0.0	0.0	0.0	0.0	0.0	0.0
058	1.0	0.0	1.0	0.0	1.0	2.0	1.0
059	1.0	0.0	0.0	0.0	0.3330000000000002	2.667	0.0
060	0.0	0.0	0.0	0.0	0.0	0.0	0.0
061	1.0	0.0	0.0	0.0	1.0	2.0	0.0
062	0.0	0.0	0.0	0.0	0.0	0.0	0.0
063	1.0	0.0	1.0	0.0	1.0	2.0	1.0
064	2.0	1.0	2.0	1.0	3.0	6.0	3.0
065	1.0	2.0	0.0	1.0	3.0	6.0	1.0
066	2.0	0.0	1.0	0.0	2.0	4.0	1.0
067	0.0	0.0	0.0	0.0	0.0	0.0	0.0
068	0.0	3.0	0.0	0.0	0.3330000000000002	5.667	0.0
069	0.0	0.0	0.0	0.0	0.0	0.0	0.0
070	0.0	0.0	0.0	0.0	0.0	0.0	0.0
071	0.0	0.0	0.0	0.0	0.0	0.0	0.0
072	0.0	0.0	0.0	0.0	0.0	0.0	0.0
073	0.0	0.0	0.0	0.0	0.0	0.0	0.0
074	0.0	1.0	0.0	1.0	0.3330000000000002	2.667	1.0
075	1.0	2.0	0.0	1.0	2.733	6.2669999999999995	1.0
076	1.0	0.0	1.0	0.0	0.3330000000000002	2.667	1.0
077	0.0	1.0	0.0	0.0	0.6680000000000001	2.332	0.0
078	0.0	1.0	0.0	0.0	0.3330000000000002	2.667	0.0
079	0.0	0.0	0.0	0.0	0.0	0.0	0.0
080	1.0	0.0	1.0	0.0	1.0	2.0	1.0
081	0.0	0.0	0.0	0.0	0.0	0.0	0.0
082	2.0	1.0	1.0	1.0	2.068	6.9319999999999995	2.0
083	0.0	0.0	0.0	0.0	0.0	0.0	0.0
084	0.0	0.0	0.0	0.0	0.0	0.0	0.0
085	0.0	0.0	0.0	0.0	0.0	0.0	0.0
086	0.0	0.0	0.0	0.0	0.0	0.0	0.0
087	0.0	0.0	0.0	0.0	0.0	0.0	0.0
088	0.0	0.0	0.0	0.0	0.0	0.0	0.0
089	0.0	0.0	0.0	0.0	0.0	0.0	0.0
090	1.0	0.0	0.0	0.0	1.0	2.0	0.0
091	1.0	0.0	1.0	0.0	1.0	2.0	1.0
092	1.0	0.0	0.0	0.0	1.0	2.0	0.0
093	0.0	0.0	0.0	0.0	0.0	0.0	0.0
094	0.0	0.0	0.0	0.0	0.0	0.0	0.0
095	0.0	0.0	0.0	0.0	0.0	0.0	0.0
096	0.0	0.0	0.0	0.0	0.0	0.0	0.0
097	1.0	0.0	1.0	0.0	0.3330000000000002	2.667	1.0
098	1.0	1.0	1.0	1.0	1.6680000000000001	4.332	2.0
099	1.0	0.0	0.0	0.0	1.0	2.0	0.0
100	1.0	1.0	0.0	0.0	2.0	4.0	0.0
101	1.0	0.0	0.0	0.0	0.3330000000000002	2.667	0.0
102	0.0	1.0	0.0	0.0	0.3330000000000002	2.667	0.0
103	0.0	0.0	0.0	0.0	0.0	0.0	0.0
104	0.0	1.0	0.0	1.0	1.0	2.0	1.0
105	1.0	1.0	0.0	1.0	0.6660000000000004	5.334	1.0
106	0.0	1.0	0.0	0.0	0.6680000000000001	2.332	0.0
107	0.0	2.0	0.0	1.0	1.0	5.0	1.0
108	0.0	0.0	0.0	0.0	0.0	0.0	0.0
109	0.0	0.0	0.0	0.0	0.0	0.0	0.0
110	1.0	0.0	1.0	0.0	1.4	1.6	1.0
111	1.0	0.0	0.0	0.0	0.3330000000000002	2.667	0.0
112	1.0	0.0	0.0	0.0	1.0	2.0	0.0
113	2.0	0.0	0.0	0.0	0.6660000000000004	5.334	0.0
114	0.0	0.0	0.0	0.0	0.0	0.0	0.0
115	1.0	0.0	0.0	0.0	0.6680000000000001	2.332	0.0
116	0.0	0.0	0.0	0.0	0.0	0.0	0.0
117	0.0	0.0	0.0	0.0	0.0	0.0	0.0
118	1.0	0.0	1.0	0.0	0.6680000000000001	2.332	1.0
119	1.0	0.0	1.0	0.0	1.0	2.0	1.0
120	1.0	0.0	1.0	0.0	1.0	2.0	1.0
121	2.0	0.0	0.0	0.0	2.0	4.0	0.0
122	2.0	0.0	2.0	0.0	0.6660000000000004	5.334	2.0
123	0.0	1.0	0.0	0.0	0.3330000000000002	2.667	0.0
124	0.0	0.0	0.0	0.0	0.0	0.0	0.0
125	0.0	0.0	0.0	0.0	0.0	0.0	0.0
126	1.0	0.0	0.0	0.0	1.0	2.0	0.0
127	0.0	0.0	0.0	0.0	0.0	0.0	0.0
128	0.0	0.0	0.0	0.0	0.0	0.0	0.0
129	1.0	0.0	1.0	0.0	1.4	1.6	1.0
130	1.0	0.0	0.0	0.0	1.0	2.0	0.0
131	2.0	0.0	0.0	0.0	2.0	4.0	0.0
132	1.0	0.0	0.0	0.0	0.6680000000000001	2.332	0.0
133	1.0	0.0	1.0	0.0	1.0	2.0	1.0
134	0.0	1.0	0.0	0.0	0.3330000000000002	2.667	0.0
135	2.0	0.0	1.0	0.0	2.0	4.0	1.0
136	0.0	0.0	0.0	0.0	0.0	0.0	0.0
137	1.0	0.0	0.0	0.0	1.0	2.0	0.0
138	0.0	0.0	0.0	0.0	0.0	0.0	0.0
139	1.0	0.0	1.0	0.0	0.3330000000000002	2.667	1.0
140	0.0	0.0	0.0	0.0	0.0	0.0	0.0
141	1.0	0.0	1.0	0.0	1.0	2.0	1.0
142	1.0	1.0	1.0	0.0	1.3360000000000003	4.664	1.0
143	0.0	0.0	0.0	0.0	0.0	0.0	0.0
144	1.0	0.0	1.0	0.0	0.3330000000000002	2.667	1.0
145	0.0	1.0	0.0	1.0	0.3330000000000002	2.667	1.0
146	0.0	0.0	0.0	0.0	0.0	0.0	0.0
147	0.0	0.0	0.0	0.0	0.0	0.0	0.0
148	2.0	2.0	1.0	2.0	2.0	7.0	2.0
149	1.0	0.0	0.0	0.0	0.3330000000000002	2.667	0.0
150	0.0	1.0	0.0	1.0	1.0	2.0	1.0
151	0.0	0.0	0.0	0.0	0.0	0.0	0.0
152	2.0	1.0	1.0	1.0	2.0	4.0	1.0
153	1.0	0.0	0.0	0.0	1.4	1.6	0.0
154	0.0	0.0	0.0	0.0	0.0	0.0	0.0
155	1.0	1.0	0.0	1.0	1.3330000000000002	4.667	1.0
156	1.0	1.0	1.0	1.0	1.0	2.0	1.0
157	0.0	0.0	0.0	0.0	0.0	0.0	0.0
158	1.0	0.0	1.0	0.0	1.0	2.0	1.0
159	0.0	0.0	0.0	0.0	0.0	0.0	0.0
160	1.0	1.0	0.0	0.0	1.6680000000000001	4.332	0.0
161	1.0	0.0	0.0	0.0	0.3330000000000002	2.667	0.0
162	0.0	0.0	0.0	0.0	0.0	0.0	0.0
163	0.0	0.0	0.0	0.0	0.0	0.0	0.0
164	0.0	0.0	0.0	0.0	0.0	0.0	0.0
165	0.0	2.0	0.0	2.0	2.0	4.0	2.0
166	0.0	1.0	0.0	0.0	1.0	2.0	0.0
167	1.0	0.0	0.0	0.0	0.6680000000000001	2.332	0.0
168	0.0	0.0	0.0	0.0	0.0	0.0	0.0
169	0.0	0.0	0.0	0.0	0.0	0.0	0.0
170	2.0	0.0	1.0	0.0	2.0	4.0	1.0
171	0.0	0.0	0.0	0.0	0.0	0.0	0.0
172	0.0	2.0	0.0	0.0	0.3330000000000002	2.667	0.0
173	1.0	2.0	1.0	0.0	1.3330000000000002	4.667	1.0
174	2.0	0.0	2.0	0.0	0.6660000000000004	5.334	2.0
175	0.0	0.0	0.0	0.0	0.0	0.0	0.0
176	2.0	2.0	1.0	0.0	3.4	5.6	1.0
177	1.0	2.0	0.0	2.0	1.3330000000000002	4.667	1.0
178	2.0	1.0	2.0	0.0	3.0	6.0	2.0
179	2.0	0.0	0.0	0.0	2.0	4.0	0.0
180	1.0	1.0	0.0	0.0	1.0	2.0	0.0
181	1.0	2.0	0.0	0.0	1.0	2.0	0.0
182	1.0	0.0	0.0	0.0	1.0	2.0	0.0
183	0.0	0.0	0.0	0.0	0.0	0.0	0.0
184	0.0	0.0	0.0	0.0	0.0	0.0	0.0
185	1.0	0.0	0.0	0.0	0.3330000000000002	2.667	0.0
186	1.0	0.0	0.0	0.0	0.3330000000000002	2.667	0.0
187	0.0	0.0	0.0	0.0	0.0	0.0	0.0
188	1.0	1.0	0.0	1.0	1.0010000000000003	4.999	1.0
189	1.0	1.0	1.0	0.0	1.6680000000000001	4.332	1.0
190	1.0	0.0	0.0	0.0	0.3330000000000002	2.667	0.0
191	1.0	0.0	0.0	0.0	0.6680000000000001	2.332	0.0
192	0.0	0.0	0.0	0.0	0.0	0.0	0.0
193	0.0	0.0	0.0	0.0	0.0	0.0	0.0
194	2.0	2.0	1.0	2.0	3.4	5.6	2.0
195	1.0	0.0	0.0	0.0	1.0	2.0	0.0
196	0.0	0.0	0.0	0.0	0.0	0.0	0.0
197	0.0	0.0	0.0	0.0	0.0	0.0	0.0
198	0.0	0.0	0.0	0.0	0.0	0.0	0.0
199	1.0	2.0	1.0	0.0	0.6660000000000004	5.334	1.0
200	1.0	1.0	0.0	0.0	1.0	2.0	0.0
201	1.0	0.0	1.0	0.0	0.3330000000000002	2.667	1.0
202	2.0	0.0	0.0	0.0	2.8	3.2	0.0
203	1.0	0.0	1.0	0.0	1.0	2.0	1.0
204	2.0	0.0	1.0	0.0	1.3360000000000003	4.664	1.0
205	2.0	1.0	1.0	1.0	3.068	5.932	2.0
206	1.0	2.0	1.0	1.0	2.068	3.932	1.0
207	1.0	0.0	1.0	0.0	1.4	1.6	1.0
208	2.0	0.0	1.0	0.0	2.0	4.0	1.0
209	1.0	0.0	0.0	0.0	0.6680000000000001	2.332	0.0
210	1.0	2.0	0.0	1.0	1.3330000000000002	4.667	1.0
211	0.0	0.0	0.0	0.0	0.0	0.0	0.0
212	0.0	0.0	0.0	0.0	0.0	0.0	0.0
213	0.0	0.0	0.0	0.0	0.0	0.0	0.0
214	0.0	0.0	0.0	0.0	0.0	0.0	0.0
215	1.0	0.0	0.0	0.0	1.0	2.0	0.0
216	1.0	1.0	0.0	1.0	1.3330000000000002	4.667	1.0
217	0.0	1.0	0.0	0.0	0.0	3.0	0.0
218	1.0	1.0	0.0	0.0	2.0	4.0	0.0
219	1.0	1.0	1.0	1.0	2.4	3.6	2.0
220	0.0	1.0	0.0	0.0	0.6680000000000001	2.332	0.0
221	1.0	0.0	0.0	0.0	0.3330000000000002	2.667	0.0
222	0.0	0.0	0.0	0.0	0.0	0.0	0.0
223	1.0	2.0	1.0	1.0	3.068	5.932	2.0
224	1.0	0.0	0.0	0.0	0.3330000000000002	2.667	0.0
225	0.0	0.0	0.0	0.0	0.0	0.0	0.0
226	0.0	1.0	0.0	1.0	0.6680000000000001	2.332	1.0
227	1.0	0.0	0.0	0.0	0.6680000000000001	2.332	0.0
228	0.0	0.0	0.0	0.0	0.0	0.0	0.0
229	1.0	0.0	1.0	0.0	1.0	2.0	1.0
230	1.0	0.0	1.0	0.0	1.0	2.0	1.0
231	2.0	0.0	2.0	0.0	2.0	4.0	2.0
232	0.0	0.0	0.0	0.0	0.0	0.0	0.0
233	1.0	0.0	1.0	0.0	1.0	2.0	1.0
234	1.0	1.0	0.0	1.0	2.0	4.0	1.0
235	2.0	0.0	1.0	0.0	2.0	4.0	1.0
236	1.0	0.0	1.0	0.0	1.0	2.0	1.0
237	2.0	0.0	2.0	0.0	2.0	4.0	2.0
238	1.0	1.0	0.0	0.0	2.0	4.0	0.0
239	2.0	0.0	1.0	0.0	2.0	4.0	1.0
240	1.0	2.0	0.0	1.0	2.3360000000000003	6.664	1.0
241	1.0	0.0	0.0	0.0	0.3330000000000002	2.667	0.0
242	2.0	0.0	1.0	0.0	2.0	4.0	1.0
243	3.0	0.0	2.0	0.0	1.6680000000000001	4.332	1.0
244	1.0	1.0	0.0	0.0	1.0	2.0	0.0
245	0.0	1.0	0.0	1.0	0.6680000000000001	2.332	1.0
246	2.0	1.0	0.0	1.0	3.0	6.0	1.0
247	1.0	1.0	0.0	0.0	1.3360000000000003	4.664	0.0
248	2.0	1.0	1.0	0.0	1.0010000000000003	4.999	1.0
249	2.0	0.0	1.0	0.0	0.6660000000000004	5.334	1.0
250	1.0	0.0	0.0	0.0	1.0	2.0	0.0
251	1.0	1.0	1.0	0.0	1.3330000000000002	4.667	1.0
252	1.0	0.0	1.0	0.0	1.0	2.0	1.0
253	0.0	2.0	0.0	1.0	1.3330000000000002	4.667	1.0
254	1.0	0.0	0.0	0.0	0.3330000000000002	2.667	0.0
255	1.0	1.0	1.0	1.0	1.0	2.0	1.0
256	2.0	0.0	1.0	0.0	2.0	4.0	1.0
257	1.0	1.0	0.0	0.0	2.0	4.0	0.0
258	1.0	2.0	1.0	1.0	0.9990000000000006	8.001	2.0
259	1.0	0.0	1.0	0.0	0.3330000000000002	2.667	1.0
260	1.0	1.0	0.0	1.0	2.0	4.0	1.0
261	1.0	2.0	0.0	1.0	2.0010000000000003	6.999	1.0
262	1.0	1.0	1.0	1.0	1.0	2.0	1.0
263	0.0	1.0	0.0	0.0	0.3330000000000002	2.667	0.0
264	2.0	0.0	1.0	0.0	2.068	3.932	1.0
265	0.0	0.0	0.0	0.0	0.0	0.0	0.0
266	0.0	1.0	0.0	0.0	1.0	2.0	0.0
267	2.0	0.0	0.0	0.0	0.6660000000000004	5.334	0.0
268	1.0	1.0	0.0	1.0	1.6680000000000001	4.332	1.0
269	1.0	0.0	0.0	0.0	0.3330000000000002	2.667	0.0
270	0.0	0.0	0.0	0.0	0.0	0.0	0.0
271	2.0	0.0	1.0	0.0	2.0	4.0	1.0
272	2.0	1.0	2.0	0.0	2.3360000000000003	6.664	2.0
273	1.0	0.0	1.0	0.0	1.0	2.0	1.0
274	1.0	0.0	1.0	0.0	1.0	2.0	1.0
275	0.0	1.0	0.0	0.0	1.0	2.0	0.0
276	2.0	0.0	0.0	0.0	0.6660000000000004	5.334	0.0
277	1.0	0.0	1.0	0.0	1.0	2.0	1.0
278	2.0	0.0	0.0	0.0	0.6660000000000004	5.334	0.0
279	0.0	0.0	0.0	0.0	0.0	0.0	0.0
280	2.0	0.0	1.0	0.0	2.0	4.0	1.0
281	1.0	0.0	1.0	0.0	1.0	2.0	1.0
282	0.0	0.0	0.0	0.0	0.0	0.0	0.0
283	1.0	0.0	1.0	0.0	0.3330000000000002	2.667	1.0
284	2.0	1.0	0.0	1.0	3.0	6.0	1.0
285	0.0	1.0	0.0	1.0	0.6680000000000001	2.332	1.0
286	2.0	0.0	1.0	0.0	0.6660000000000004	5.334	1.0
287	0.0	2.0	0.0	1.0	0.6660000000000004	5.334	1.0
288	0.0	0.0	0.0	0.0	0.0	0.0	0.0
289	2.0	0.0	1.0	0.0	0.6660000000000004	5.334	1.0
290	1.0	0.0	1.0	0.0	0.3330000000000002	2.667	1.0
291	1.0	0.0	0.0	0.0	1.0	2.0	0.0
292	2.0	2.0	2.0	1.0	3.0	6.0	2.0
293	0.0	0.0	0.0	0.0	0.0	0.0	0.0
294	0.0	1.0	0.0	0.0	0.3330000000000002	2.667	0.0
295	0.0	0.0	0.0	0.0	0.0	0.0	0.0
296	1.0	1.0	0.0	1.0	2.0	4.0	1.0
297	1.0	1.0	0.0	1.0	2.0	4.0	1.0
298	2.0	4.0	1.0	0.0	1.3320000000000007	10.668	1.0
299	0.0	2.0	0.0	1.0	1.3330000000000002	4.667	1.0
300	0.0	0.0	0.0	0.0	0.0	0.0	0.0
301	0.0	0.0	0.0	0.0	0.0	0.0	0.0
302	1.0	0.0	0.0	0.0	1.0	2.0	0.0
303	2.0	0.0	1.0	0.0	2.0	4.0	1.0
304	0.0	0.0	0.0	0.0	0.0	0.0	0.0
305	1.0	0.0	1.0	0.0	1.0	2.0	1.0
306	2.0	0.0	1.0	0.0	2.0	4.0	1.0
307	1.0	2.0	1.0	1.0	0.6660000000000004	8.334	2.0
308	0.0	1.0	0.0	0.0	1.0	2.0	0.0
309	2.0	3.0	0.0	3.0	2.6660000000000004	9.334	2.0
310	1.0	3.0	0.0	2.0	4.4	7.6	2.0
311	0.0	3.0	0.0	1.0	3.0	6.0	1.0
312	0.0	1.0	0.0	0.0	1.0	2.0	0.0
313	1.0	2.0	0.0	2.0	0.9990000000000006	8.001	2.0
314	1.0	2.0	1.0	1.0	0.9990000000000006	8.001	2.0
315	2.0	3.0	1.0	1.0	1.6660000000000004	7.334	2.0
316	2.0	2.0	2.0	1.0	1.6660000000000004	7.334	2.0
317	0.0	2.0	0.0	2.0	0.6660000000000004	5.334	2.0
318	1.0	1.0	1.0	1.0	1.4	1.6	1.0
319	0.0	0.0	0.0	0.0	0.0	0.0	0.0
320	1.0	1.0	0.0	1.0	0.6660000000000004	5.334	1.0
321	2.0	0.0	2.0	0.0	2.0	4.0	2.0
322	1.0	0.0	0.0	0.0	1.0	2.0	0.0
323	1.0	0.0	0.0	0.0	1.0	2.0	0.0
324	2.0	1.0	1.0	0.0	2.668	6.332	1.0
325	1.0	1.0	1.0	1.0	1.0010000000000003	4.999	2.0
326	1.0	1.0	1.0	1.0	1.0	2.0	1.0
327	0.0	2.0	0.0	1.0	2.0	4.0	1.0
328	2.0	1.0	2.0	0.0	3.0	6.0	2.0
329	1.0	2.0	0.0	2.0	2.333	6.667	2.0
330	1.0	1.0	0.0	1.0	1.3330000000000002	4.667	1.0
331	1.0	0.0	0.0	0.0	1.0	2.0	0.0
332	1.0	1.0	0.0	0.0	2.0	4.0	0.0
333	0.0	5.0	0.0	4.0	3.0660000000000003	8.934	3.0
334	1.0	3.0	0.0	2.0	2.668	6.332	2.0
335	1.0	1.0	0.0	1.0	2.0	4.0	1.0
336	1.0	2.0	0.0	2.0	3.0	6.0	2.0
337	1.0	2.0	1.0	2.0	2.0	4.0	2.0
338	0.0	1.0	0.0	1.0	0.3330000000000002	2.667	1.0
339	0.0	2.0	0.0	2.0	2.4	3.6	2.0
340	0.0	0.0	0.0	0.0	0.0	0.0	0.0
341	0.0	0.0	0.0	0.0	0.0	0.0	0.0
342	0.0	3.0	0.0	1.0	1.6660000000000004	7.334	1.0
343	1.0	2.0	0.0	0.0	1.0	2.0	0.0
344	1.0	2.0	1.0	0.0	3.4	5.6	1.0
345	1.0	2.0	0.0	0.0	2.0	4.0	0.0
346	1.0	0.0	0.0	0.0	0.3330000000000002	2.667	0.0
347	1.0	2.0	0.0	0.0	2.0	4.0	0.0
348	1.0	1.0	1.0	0.0	2.0	4.0	1.0
349	0.0	2.0	0.0	1.0	1.6680000000000001	4.332	1.0
350	1.0	3.0	0.0	1.0	2.0	4.0	1.0
351	1.0	3.0	0.0	1.0	2.0	7.0	1.0
352	0.0	0.0	0.0	0.0	0.0	0.0	0.0
353	2.0	2.0	1.0	2.0	4.0	8.0	3.0
354	0.0	0.0	0.0	0.0	0.0	0.0	0.0
355	2.0	3.0	2.0	1.0	2.6660000000000004	9.334	2.0
356	0.0	3.0	0.0	1.0	1.3340000000000005	7.6659999999999995	1.0
357	0.0	1.0	0.0	1.0	1.4	1.6	1.0
358	0.0	0.0	0.0	0.0	0.0	0.0	0.0
359	0.0	0.0	0.0	0.0	0.0	0.0	0.0
360	0.0	0.0	0.0	0.0	0.0	0.0	0.0
361	0.0	0.0	0.0	0.0	0.0	0.0	0.0
362	2.0	1.0	0.0	0.0	2.0	4.0	0.0
363	1.0	3.0	0.0	2.0	2.668	6.332	1.0
364	2.0	1.0	1.0	0.0	2.068	3.932	1.0
365	1.0	2.0	0.0	0.0	2.0	4.0	0.0
366	0.0	1.0	0.0	1.0	1.0	2.0	1.0
367	1.0	2.0	0.0	1.0	2.733	6.2669999999999995	1.0
368	0.0	2.0	0.0	1.0	2.0	4.0	1.0
369	2.0	1.0	0.0	1.0	3.0	6.0	1.0
370	0.0	0.0	0.0	0.0	0.0	0.0	0.0
371	0.0	2.0	0.0	1.0	0.6660000000000004	5.334	1.0
372	1.0	2.0	1.0	1.0	1.3330000000000002	4.667	1.0
373	0.0	1.0	0.0	1.0	0.3330000000000002	2.667	1.0
374	2.0	1.0	1.0	1.0	2.333	6.667	2.0
375	1.0	1.0	0.0	1.0	2.0	4.0	1.0
376	0.0	3.0	0.0	2.0	0.6680000000000001	5.332	1.0
377	1.0	1.0	0.0	0.0	1.3330000000000002	4.667	0.0
378	0.0	2.0	0.0	1.0	2.0	4.0	1.0
379	1.0	0.0	1.0	0.0	1.0	2.0	1.0
380	1.0	2.0	1.0	1.0	2.333	6.667	2.0
381	0.0	2.0	0.0	1.0	2.0	4.0	1.0
382	1.0	2.0	1.0	2.0	2.0	4.0	2.0
383	0.0	2.0	0.0	1.0	0.6660000000000004	5.334	1.0
384	1.0	0.0	1.0	0.0	0.3330000000000002	2.667	1.0
385	2.0	2.0	2.0	1.0	3.333	8.667	3.0
386	0.0	0.0	0.0	0.0	0.0	0.0	0.0
387	2.0	2.0	1.0	2.0	2.668	6.332	2.0
388	1.0	1.0	1.0	1.0	1.3330000000000002	4.667	2.0
389	1.0	2.0	1.0	1.0	2.0	4.0	1.0
390	2.0	2.0	0.0	0.0	2.333	6.667	0.0
391	1.0	1.0	0.0	1.0	2.4	3.6	1.0
392	1.0	2.0	0.0	2.0	1.3330000000000002	4.667	1.0
393	1.0	2.0	1.0	0.0	1.6690000000000005	7.3309999999999995	1.0
394	1.0	2.0	0.0	1.0	1.0010000000000003	4.999	1.0
395	1.0	0.0	1.0	0.0	0.3330000000000002	2.667	1.0
396	0.0	3.0	0.0	2.0	1.6680000000000001	4.332	1.0
397	0.0	0.0	0.0	0.0	0.0	0.0	0.0
398	1.0	1.0	1.0	0.0	1.6680000000000001	4.332	1.0
399	1.0	0.0	0.0	0.0	0.3330000000000002	2.667	0.0
400	2.0	0.0	2.0	0.0	2.0	4.0	2.0
401	2.0	3.0	1.0	1.0	0.6660000000000004	5.334	1.0
402	0.0	1.0	0.0	0.0	0.3330000000000002	2.667	0.0
403	2.0	0.0	0.0	0.0	2.0	4.0	0.0
404	1.0	0.0	0.0	0.0	1.0	2.0	0.0
405	1.0	3.0	1.0	3.0	2.0	7.0	3.0
406	0.0	1.0	0.0	1.0	0.3330000000000002	2.667	1.0
407	2.0	0.0	0.0	0.0	2.0	4.0	0.0
408	0.0	0.0	0.0	0.0	0.0	0.0	0.0
409	1.0	0.0	0.0	0.0	1.0	2.0	0.0
410	1.0	1.0	0.0	0.0	2.0	4.0	0.0
411	1.0	0.0	0.0	0.0	1.0	2.0	0.0
412	1.0	1.0	0.0	0.0	1.3330000000000002	4.667	0.0
413	0.0	1.0	0.0	0.0	1.0	2.0	0.0
414	1.0	1.0	0.0	0.0	0.6660000000000004	5.334	0.0
415	0.0	0.0	0.0	0.0	0.0	0.0	0.0
416	1.0	1.0	0.0	0.0	0.3330000000000002	2.667	0.0
417	0.0	0.0	0.0	0.0	0.0	0.0	0.0
418	0.0	0.0	0.0	0.0	0.0	0.0	0.0
419	1.0	2.0	0.0	0.0	2.0	4.0	0.0
420	1.0	2.0	0.0	0.0	2.0	4.0	0.0
421	1.0	3.0	1.0	2.0	1.6660000000000004	7.334	2.0
422	0.0	0.0	0.0	0.0	0.0	0.0	0.0
423	1.0	3.0	0.0	2.0	2.333	6.667	1.0
424	0.0	2.0	0.0	1.0	0.6660000000000004	5.334	1.0
425	3.0	2.0	3.0	1.0	3.3360000000000003	8.664	3.0
426	0.0	3.0	0.0	3.0	1.0	5.0	2.0
427	0.0	0.0	0.0	0.0	0.0	0.0	0.0
428	2.0	0.0	1.0	0.0	2.0	4.0	1.0
429	0.0	0.0	0.0	0.0	0.0	0.0	0.0
430	0.0	2.0	0.0	1.0	0.6680000000000001	5.332	1.0
431	0.0	0.0	0.0	0.0	0.0	0.0	0.0
432	0.0	0.0	0.0	0.0	0.0	0.0	0.0
433	2.0	0.0	1.0	0.0	2.0	4.0	1.0
434	1.0	0.0	0.0	0.0	0.6680000000000001	2.332	0.0
435	0.0	0.0	0.0	0.0	0.0	0.0	0.0
436	0.0	0.0	0.0	0.0	0.0	0.0	0.0
437	2.0	0.0	0.0	0.0	2.0	4.0	0.0
438	1.0	1.0	1.0	1.0	1.3330000000000002	4.667	2.0
439	0.0	2.0	0.0	1.0	0.6660000000000004	5.334	1.0
440	1.0	2.0	1.0	1.0	2.333	6.667	2.0
441	0.0	1.0	0.0	1.0	0.3330000000000002	2.667	1.0
442	2.0	0.0	2.0	0.0	1.3360000000000003	4.664	2.0
443	2.0	0.0	2.0	0.0	2.0	4.0	2.0
444	2.0	2.0	1.0	2.0	2.0020000000000007	9.998	3.0
445	0.0	1.0	0.0	0.0	0.3330000000000002	2.667	0.0
446	0.0	0.0	0.0	0.0	0.0	0.0	0.0
