pos	Sd	Nd	Sd_tip	Nd_tip	S	N	comparisons
001	0.0	0.0	0.0	0.0	0.0	0.0	0.0
002	0.0	0.0	0.0	0.0	0.0	0.0	0.0
003	0.0	0.0	0.0	0.0	0.0	0.0	0.0
004	1.0	2.0	1.0	1.0	1.0	5.0	1.0
005	1.0	0.0	0.0	0.0	1.0	2.0	0.0
006	1.0	2.0	0.0	0.0	1.0	2.0	0.0
007	1.0	2.0	1.0	0.0	1.3330000000000002	4.667	1.0
008	1.0	2.0	0.0	1.0	2.0	4.0	1.0
009	1.0	0.0	0.0	0.0	0.3330000000000002	2.667	0.0
010	0.0	2.0	0.0	1.0	0.6660000000000004	5.334	1.0
011	0.0	1.0	0.0	1.0	0.3330000000000002	2.667	1.0
012	0.0	1.0	0.0	1.0	0.3330000000000002	2.667	1.0
013	1.0	2.0	0.0	1.0	2.0	4.0	1.0
014	1.0	2.0	1.0	1.0	1.6680000000000001	4.332	1.0
015	1.0	2.0	1.0	1.0	1.3330000000000002	4.667	1.0
016	1.0	2.0	1.0	2.0	0.3330000000000002	2.667	1.0
017	1.0	0.0	1.0	0.0	0.6680000000000001	2.332	1.0
018	1.0	0.0	1.0	0.0	0.6680000000000001	2.332	1.0
019	1.0	2.0	0.0	1.0	1.6680000000000001	4.332	1.0
020	0.0	0.0	0.0	0.0	0.0	0.0	0.0
021	0.0	0.0	0.0	0.0	0.0	0.0	0.0
022	0.0	0.0	0.0	0.0	0.0	0.0	0.0
023	0.0	0.0	0.0	0.0	0.0	0.0	0.0
024	0.0	0.0	0.0	0.0	0.0	0.0	0.0
025	0.0	0.0	0.0	0.0	0.0	0.0	0.0
026	3.0	3.0	2.0	2.0	3.6660000000000004	11.334	3.0
027	2.0	2.0	1.0	2.0	4.0	8.0	3.0
028	2.0	5.0	2.0	2.0	4.001	10.998999999999999	3.0
029	1.0	5.0	1.0	4.0	4.333	10.667	4.0
030	2.0	3.0	2.0	3.0	2.0	4.0	2.0
031	1.0	0.0	0.0	0.0	1.0	2.0	0.0
032	2.0	1.0	1.0	1.0	2.333	6.667	2.0
033	2.0	4.0	1.0	2.0	3.6660000000000004	11.334	2.0
034	2.0	3.0	2.0	3.0	2.333	6.667	3.0
035	1.0	1.0	0.0	0.0	2.0	4.0	0.0
036	0.0	0.0	0.0	0.0	0.0	0.0	0.0
037	0.0	1.0	0.0	0.0	1.0	2.0	0.0
038	2.0	2.0	1.0	1.0	3.0	6.0	1.0
039	2.0	0.0	1.0	0.0	2.068	3.932	1.0
040	2.0	0.0	1.0	0.0	2.0	4.0	1.0
041	0.0	1.0	0.0	1.0	1.0	2.0	1.0
042	2.0	0.0	0.0	0.0	2.0	4.0	0.0
043	4.0	0.0	2.0	0.0	3.468	5.532	1.0
044	3.0	1.0	1.0	1.0	2.6690000000000005	9.331	2.0
045	3.0	2.0	3.0	0.0	5.0	10.0	3.0
046	1.0	2.0	0.0	1.0	3.0	6.0	1.0
047	1.0	2.0	1.0	0.0	0.9990000000000006	8.001	1.0
048	1.0	1.0	0.0	1.0	2.0	4.0	1.0
049	4.0	2.0	1.0	2.0	4.666	13.334	3.0
050	2.0	0.0	2.0	0.0	1.6680000000000001	4.332	2.0
051	2.0	2.0	0.0	1.0	3.0	6.0	1.0
052	2.0	2.0	1.0	2.0	2.333	6.667	2.0
053	3.0	2.0	2.0	2.0	4.0	8.0	3.0
054	4.0	2.0	2.0	2.0	6.0	12.0	4.0
055	4.0	2.0	3.0	2.0	4.0	8.0	3.0
056	1.0	2.0	1.0	2.0	2.068	3.932	2.0
057	2.0	2.0	0.0	2.0	2.333	6.667	1.0
058	1.0	0.0	0.0	0.0	0.3330000000000002	2.667	0.0
059	1.0	1.0	0.0	0.0	1.0	2.0	0.0
060	1.0	1.0	1.0	0.0	2.0	4.0	1.0
061	1.0	1.0	1.0	1.0	0.6660000000000004	5.334	2.0
062	0.0	0.0	0.0	0.0	0.0	0.0	0.0
063	0.0	0.0	0.0	0.0	0.0	0.0	0.0
064	0.0	0.0	0.0	0.0	0.0	0.0	0.0
065	0.0	0.0	0.0	0.0	0.0	0.0	0.0
066	1.0	0.0	0.0	0.0	0.3330000000000002	2.667	0.0
067	1.0	1.0	1.0	0.0	0.6660000000000004	5.334	1.0
068	1.0	1.0	0.0	1.0	2.0	4.0	1.0
069	1.0	2.0	1.0	1.0	1.0010000000000003	4.999	1.0
070	2.0	1.0	1.0	1.0	3.068	5.932	2.0
071	2.0	3.0	1.0	1.0	2.668	6.332	1.0
072	1.0	2.0	1.0	1.0	2.668	6.332	2.0
073	2.0	2.0	0.0	1.0	2.0010000000000003	6.999	1.0
074	2.0	3.0	1.0	2.0	3.333	8.667	2.0
075	2.0	2.0	1.0	0.0	3.333	8.667	1.0
076	1.0	4.0	1.0	2.0	2.3320000000000007	12.668	3.0
077	1.0	2.0	0.0	2.0	1.6660000000000004	7.334	2.0
078	1.0	4.0	0.0	3.0	2.0020000000000007	9.998	3.0
079	2.0	3.0	0.0	2.0	2.333	6.667	1.0
080	1.0	1.0	0.0	1.0	2.0	4.0	1.0
081	1.0	2.0	1.0	1.0	2.0	4.0	1.0
082	2.0	2.0	0.0	1.0	0.6660000000000004	5.334	1.0
083	0.0	3.0	0.0	1.0	0.6660000000000004	5.334	1.0
084	1.0	4.0	0.0	2.0	3.333	8.667	2.0
085	1.0	1.0	0.0	0.0	0.3330000000000002	2.667	0.0
086	1.0	0.0	0.0	0.0	1.0	2.0	0.0
087	1.0	2.0	1.0	0.0	1.3330000000000002	4.667	1.0
088	0.0	3.0	0.0	2.0	1.3330000000000002	4.667	1.0
089	2.0	3.0	2.0	2.0	2.668	6.332	2.0
090	2.0	3.0	1.0	2.0	5.0	10.0	3.0
091	2.0	0.0	2.0	0.0	2.0	4.0	2.0
092	4.0	2.0	2.0	2.0	3.801	8.199	2.0
093	0.0	4.0	0.0	3.0	1.6660000000000004	7.334	2.0
094	2.0	4.0	2.0	2.0	4.001	10.998999999999999	3.0
095	2.0	3.0	1.0	3.0	2.333	6.667	2.0
096	1.0	1.0	1.0	1.0	1.0	2.0	1.0
097	0.0	3.0	0.0	2.0	1.6660000000000004	7.334	2.0
098	3.0	2.0	2.0	1.0	3.0010000000000003	8.998999999999999	2.0
099	1.0	3.0	1.0	2.0	1.0010000000000003	4.999	1.0
100	2.0	1.0	2.0	1.0	1.0010000000000003	4.999	2.0
101	1.0	3.0	1.0	2.0	2.333	6.667	2.0
102	2.0	1.0	2.0	1.0	1.6680000000000001	4.332	2.0
103	0.0	2.0	0.0	2.0	0.3330000000000002	2.667	1.0
104	3.0	1.0	2.0	1.0	2.733	6.2669999999999995	2.0
105	0.0	0.0	0.0	0.0	0.0	0.0	0.0
106	2.0	1.0	2.0	1.0	1.3330000000000002	4.667	2.0
107	1.0	0.0	1.0	0.0	1.0	2.0	1.0
108	1.0	0.0	1.0	0.0	1.0	2.0	1.0
109	1.0	0.0	1.0	0.0	0.6680000000000001	2.332	1.0
110	1.0	1.0	0.0	1.0	2.0	4.0	1.0
111	1.0	0.0	0.0	0.0	0.3330000000000002	2.667	0.0
112	2.0	1.0	2.0	0.0	3.0	6.0	2.0
113	0.0	1.0	0.0	1.0	1.0	2.0	1.0
114	1.0	0.0	1.0	0.0	0.3330000000000002	2.667	1.0
115	1.0	3.0	1.0	2.0	2.3360000000000003	6.664	2.0
116	2.0	0.0	2.0	0.0	0.6660000000000004	5.334	2.0
117	1.0	2.0	1.0	2.0	1.3330000000000002	4.667	2.0
118	1.0	3.0	0.0	2.0	4.0	8.0	2.0
119	0.0	0.0	0.0	0.0	0.0	0.0	0.0
120	1.0	3.0	1.0	2.0	2.333	6.667	2.0
121	3.0	2.0	0.0	2.0	3.668	8.332	2.0
122	3.0	4.0	2.0	3.0	4.0	8.0	3.0
123	1.0	2.0	1.0	2.0	1.3330000000000002	4.667	2.0
124	1.0	2.0	0.0	1.0	2.333	6.667	1.0
125	2.0	4.0	2.0	2.0	3.4010000000000002	8.599	2.0
126	2.0	2.0	1.0	0.0	0.6660000000000004	5.334	1.0
127	2.0	2.0	1.0	1.0	2.333	6.667	1.0
128	1.0	0.0	1.0	0.0	1.4	1.6	1.0
129	1.0	0.0	1.0	0.0	0.3330000000000002	2.667	1.0
130	2.0	1.0	1.0	1.0	3.0	6.0	2.0
131	0.0	0.0	0.0	0.0	0.0	0.0	0.0
132	2.0	1.0	2.0	1.0	1.3330000000000002	4.667	2.0
133	4.0	1.0	2.0	1.0	4.469	10.531	3.0
134	3.0	0.0	1.0	0.0	3.0	6.0	1.0
135	3.0	1.0	2.0	0.0	4.0	8.0	2.0
136	0.0	0.0	0.0	0.0	0.0	0.0	0.0
137	1.0	0.0	1.0	0.0	0.3330000000000002	2.667	1.0
138	1.0	1.0	0.0	1.0	2.0	4.0	1.0
139	0.0	0.0	0.0	0.0	0.0	0.0	0.0
140	4.0	0.0	3.0	0.0	3.068	5.932	2.0
141	2.0	0.0	2.0	0.0	0.6680000000000001	2.332	1.0
142	0.0	0.0	0.0	0.0	0.0	0.0	0.0
143	0.0	0.0	0.0	0.0	0.0	0.0	0.0
144	0.0	1.0	0.0	1.0	1.0	2.0	1.0
145	2.0	2.0	2.0	1.0	1.6690000000000005	7.3309999999999995	2.0
146	4.0	1.0	2.0	1.0	3.0010000000000003	8.998999999999999	2.0
147	2.0	0.0	1.0	0.0	2.0	4.0	1.0
148	1.0	0.0	0.0	0.0	1.0	2.0	0.0
149	1.0	0.0	0.0	0.0	0.3330000000000002	2.667	0.0
150	2.0	1.0	2.0	1.0	1.6680000000000001	7.332	3.0
151	1.0	0.0	0.0	0.0	0.3330000000000002	2.667	0.0
152	1.0	1.0	1.0	1.0	1.0010000000000003	4.999	2.0
153	2.0	0.0	1.0	0.0	0.6660000000000004	5.334	1.0
154	4.0	0.0	3.0	0.0	4.0	8.0	3.0
155	2.0	0.0	1.0	0.0	0.6660000000000004	5.334	1.0
156	3.0	0.0	1.0	0.0	2.0	4.0	1.0
157	1.0	1.0	1.0	1.0	2.0	4.0	2.0
158	4.0	1.0	2.0	1.0	4.0	8.0	2.0
159	3.0	0.0	2.0	0.0	2.668	6.332	2.0
160	2.0	1.0	1.0	0.0	2.0	4.0	1.0
161	1.0	2.0	0.0	2.0	1.6660000000000004	7.334	2.0
162	2.0	0.0	2.0	0.0	0.6660000000000004	5.334	2.0
163	0.0	0.0	0.0	0.0	0.0	0.0	0.0
164	1.0	1.0	1.0	1.0	1.0	2.0	1.0
165	2.0	0.0	1.0	0.0	0.6660000000000004	5.334	1.0
166	4.0	0.0	2.0	0.0	4.468	7.532	2.0
167	1.0	1.0	1.0	1.0	1.6680000000000001	4.332	2.0
168	1.0	0.0	1.0	0.0	0.3330000000000002	2.667	1.0
169	2.0	0.0	2.0	0.0	2.0	4.0	2.0
170	2.0	0.0	2.0	0.0	2.0	4.0	2.0
171	2.0	1.0	2.0	1.0	1.3330000000000002	4.667	2.0
172	1.0	0.0	0.0	0.0	0.3330000000000002	2.667	0.0
173	3.0	0.0	1.0	0.0	3.0	6.0	1.0
174	3.0	1.0	1.0	1.0	4.0	8.0	2.0
175	1.0	0.0	1.0	0.0	0.3330000000000002	2.667	1.0
176	1.0	0.0	1.0	0.0	0.3330000000000002	2.667	1.0
177	2.0	0.0	1.0	0.0	1.6680000000000001	4.332	1.0
178	1.0	1.0	1.0	1.0	1.733	4.2669999999999995	2.0
179	0.0	0.0	0.0	0.0	0.0	0.0	0.0
180	1.0	0.0	1.0	0.0	0.3330000000000002	2.667	1.0
181	1.0	2.0	1.0	2.0	1.0	2.0	1.0
182	2.0	1.0	2.0	1.0	2.0	4.0	2.0
183	1.0	0.0	0.0	0.0	1.0	2.0	0.0
184	1.0	0.0	1.0	0.0	0.3330000000000002	2.667	1.0
185	1.0	0.0	1.0	0.0	0.3330000000000002	2.667	1.0
186	2.0	0.0	2.0	0.0	2.0	4.0	2.0
187	1.0	0.0	1.0	0.0	0.3330000000000002	2.667	1.0
188	1.0	1.0	1.0	0.0	0.6660000000000004	5.334	1.0
189	3.0	0.0	0.0	0.0	3.0	6.0	0.0
190	2.0	0.0	1.0	0.0	0.6660000000000004	5.334	1.0
191	0.0	1.0	0.0	1.0	0.3330000000000002	2.667	1.0
192	2.0	0.0	1.0	0.0	2.0	4.0	1.0
193	1.0	0.0	0.0	0.0	1.4	1.6	0.0
194	1.0	0.0	1.0	0.0	0.3330000000000002	2.667	1.0
195	0.0	0.0	0.0	0.0	0.0	0.0	0.0
196	3.0	1.0	1.0	1.0	3.8	8.2	2.0
197	0.0	0.0	0.0	0.0	0.0	0.0	0.0
198	2.0	0.0	1.0	0.0	2.0	4.0	1.0
199	2.0	0.0	2.0	0.0	2.0	4.0	2.0
200	2.0	1.0	1.0	1.0	3.8	5.2	2.0
201	0.0	0.0	0.0	0.0	0.0	0.0	0.0
202	1.0	0.0	1.0	0.0	1.0	2.0	1.0
203	1.0	1.0	0.0	1.0	1.6680000000000001	4.332	1.0
204	1.0	1.0	1.0	1.0	0.6680000000000001	2.332	1.0
205	1.0	0.0	0.0	0.0	0.6680000000000001	2.332	0.0
206	2.0	0.0	1.0	0.0	2.0	4.0	1.0
207	2.0	0.0	1.0	0.0	2.0	4.0	1.0
208	2.0	2.0	1.0	2.0	3.0	6.0	2.0
209	0.0	0.0	0.0	0.0	0.0	0.0	0.0
210	0.0	0.0	0.0	0.0	0.0	0.0	0.0
211	1.0	1.0	1.0	0.0	1.3360000000000003	4.664	1.0
212	2.0	0.0	0.0	0.0	2.0	4.0	0.0
213	3.0	0.0	1.0	0.0	3.0	6.0	1.0
214	1.0	0.0	0.0	0.0	1.0	2.0	0.0
215	1.0	1.0	1.0	1.0	0.6660000000000004	5.334	2.0
216	3.0	0.0	2.0	0.0	3.0	6.0	2.0
217	2.0	0.0	0.0	0.0	2.068	3.932	0.0
218	2.0	0.0	1.0	0.0	2.0	4.0	1.0
219	2.0	0.0	1.0	0.0	2.0	4.0	1.0
220	1.0	0.0	1.0	0.0	0.3330000000000002	2.667	1.0
221	1.0	1.0	1.0	1.0	0.6660000000000004	5.334	2.0
222	1.0	0.0	1.0	0.0	0.6680000000000001	2.332	1.0
223	0.0	0.0	0.0	0.0	0.0	0.0	0.0
224	0.0	1.0	0.0	1.0	0.3330000000000002	2.667	1.0
225	0.0	4.0	0.0	3.0	2.668	6.332	2.0
226	0.0	0.0	0.0	0.0	0.0	0.0	0.0
227	2.0	0.0	1.0	0.0	0.6660000000000004	5.334	1.0
228	2.0	0.0	1.0	0.0	2.0	4.0	1.0
229	2.0	0.0	2.0	0.0	2.0	4.0	2.0
230	1.0	0.0	0.0	0.0	0.3330000000000002	2.667	0.0
231	1.0	0.0	1.0	0.0	1.0	2.0	1.0
232	2.0	1.0	1.0	1.0	2.668	6.332	2.0
233	3.0	0.0	1.0	0.0	3.0	6.0	1.0
234	2.0	0.0	1.0	0.0	2.8	3.2	1.0
235	4.0	0.0	3.0	0.0	4.068	7.932	3.0
236	4.0	1.0	3.0	1.0	5.0	10.0	4.0
237	1.0	0.0	0.0	0.0	1.0	2.0	0.0
238	2.0	0.0	1.0	0.0	0.6660000000000004	5.334	1.0
239	2.0	1.0	2.0	1.0	3.0	6.0	3.0
240	0.0	1.0	0.0	1.0	0.6680000000000001	2.332	1.0
241	0.0	0.0	0.0	0.0	0.0	0.0	0.0
242	1.0	0.0	1.0	0.0	0.3330000000000002	2.667	1.0
243	1.0	2.0	1.0	1.0	1.3330000000000002	4.667	1.0
244	0.0	4.0	0.0	3.0	3.0010000000000003	8.998999999999999	3.0
245	2.0	0.0	1.0	0.0	2.0	4.0	1.0
246	1.0	0.0	1.0	0.0	1.0	2.0	1.0
247	2.0	0.0	1.0	0.0	2.0	4.0	1.0
248	0.0	1.0	0.0	0.0	1.0	2.0	0.0
249	0.0	0.0	0.0	0.0	0.0	0.0	0.0
250	2.0	2.0	1.0	1.0	2.3360000000000003	9.664	2.0
251	1.0	0.0	1.0	0.0	0.6680000000000001	2.332	1.0
252	0.0	0.0	0.0	0.0	0.0	0.0	0.0
253	2.0	1.0	1.0	1.0	3.0	6.0	2.0
254	2.0	0.0	1.0	0.0	2.0	4.0	1.0
255	0.0	2.0	0.0	2.0	2.0	4.0	2.0
256	1.0	0.0	1.0	0.0	0.3330000000000002	2.667	1.0
257	2.0	4.0	1.0	4.0	1.6660000000000004	7.334	2.0
258	2.0	0.0	1.0	0.0	2.0	4.0	1.0
259	2.0	0.0	2.0	0.0	0.6660000000000004	5.334	2.0
260	3.0	3.0	1.0	1.0	5.068	9.932	2.0
261	0.0	0.0	0.0	0.0	0.0	0.0	0.0
262	0.0	0.0	0.0	0.0	0.0	0.0	0.0
263	2.0	1.0	1.0	1.0	0.9990000000000006	8.001	2.0
264	3.0	1.0	2.0	1.0	3.0	6.0	2.0
265	1.0	1.0	0.0	1.0	1.3330000000000002	4.667	1.0
266	0.0	0.0	0.0	0.0	0.0	0.0	0.0
267	0.0	0.0	0.0	0.0	0.0	0.0	0.0
268	1.0	0.0	1.0	0.0	0.6680000000000001	2.332	1.0
269	1.0	1.0	1.0	1.0	1.6680000000000001	4.332	2.0
270	0.0	0.0	0.0	0.0	0.0	0.0	0.0
271	1.0	0.0	1.0	0.0	0.3330000000000002	2.667	1.0
272	3.0	3.0	3.0	1.0	3.3360000000000003	11.664	3.0
273	0.0	0.0	0.0	0.0	0.0	0.0	0.0
274	1.0	0.0	1.0	0.0	0.3330000000000002	2.667	1.0
275	2.0	1.0	1.0	1.0	3.0	6.0	2.0
276	1.0	2.0	1.0	2.0	1.3330000000000002	4.667	2.0
277	2.0	0.0	0.0	0.0	0.6660000000000004	5.334	0.0
278	1.0	1.0	1.0	0.0	1.3360000000000003	4.664	1.0
279	2.0	0.0	1.0	0.0	2.0	4.0	1.0
280	0.0	2.0	0.0	1.0	1.3330000000000002	4.667	1.0
281	3.0	1.0	1.0	1.0	4.0	8.0	2.0
282	2.0	0.0	1.0	0.0	2.0	4.0	1.0
283	1.0	0.0	1.0	0.0	1.0	2.0	1.0
284	1.0	0.0	1.0	0.0	1.4	1.6	1.0
285	2.0	0.0	2.0	0.0	2.0	4.0	2.0
286	3.0	0.0	2.0	0.0	3.8	5.2	2.0
287	0.0	1.0	0.0	1.0	1.0	2.0	1.0
288	4.0	0.0	2.0	0.0	3.668	8.332	2.0
289	1.0	1.0	1.0	0.0	0.6660000000000004	5.334	1.0
290	0.0	0.0	0.0	0.0	0.0	0.0	0.0
291	2.0	0.0	1.0	0.0	2.0	4.0	1.0
292	0.0	0.0	0.0	0.0	0.0	0.0	0.0
293	1.0	0.0	1.0	0.0	1.0	2.0	1.0
294	1.0	0.0	0.0	0.0	0.3330000000000002	2.667	0.0
295	2.0	0.0	1.0	0.0	2.0	4.0	1.0
296	0.0	0.0	0.0	0.0	0.0	0.0	0.0
297	1.0	0.0	1.0	0.0	0.3330000000000002	2.667	1.0
298	0.0	0.0	0.0	0.0	0.0	0.0	0.0
299	1.0	0.0	1.0	0.0	1.0	2.0	1.0
300	2.0	0.0	2.0	0.0	0.6680000000000001	2.332	1.0
301	1.0	0.0	1.0	0.0	0.3330000000000002	2.667	1.0
302	1.0	1.0	1.0	1.0	2.0	4.0	2.0
303	0.0	0.0	0.0	0.0	0.0	0.0	0.0
304	1.0	2.0	1.0	1.0	2.3360000000000003	6.664	2.0
305	0.0	0.0	0.0	0.0	0.0	0.0	0.0
306	1.0	0.0	1.0	0.0	1.0	2.0	1.0
307	0.0	0.0	0.0	0.0	0.0	0.0	0.0
308	0.0	0.0	0.0	0.0	0.0	0.0	0.0
309	0.0	0.0	0.0	0.0	0.0	0.0	0.0
310	1.0	0.0	0.0	0.0	0.3330000000000002	2.667	0.0
311	0.0	0.0	0.0	0.0	0.0	0.0	0.0
312	0.0	0.0	0.0	0.0	0.0	0.0	0.0
313	1.0	0.0	1.0	0.0	1.0	2.0	1.0
314	1.0	0.0	1.0	0.0	0.3330000000000002	2.667	1.0
315	0.0	0.0	0.0	0.0	0.0	0.0	0.0
316	2.0	0.0	1.0	0.0	0.6660000000000004	5.334	1.0
317	1.0	0.0	1.0	0.0	1.0	2.0	1.0
318	1.0	2.0	0.0	2.0	0.9990000000000006	8.001	2.0
319	1.0	0.0	1.0	0.0	1.4	1.6	1.0
320	2.0	0.0	0.0	0.0	2.0	4.0	0.0
321	1.0	1.0	1.0	0.0	2.0	4.0	1.0
322	2.0	1.0	1.0	1.0	2.0	4.0	1.0
323	0.0	0.0	0.0	0.0	0.0	0.0	0.0
324	1.0	0.0	1.0	0.0	0.3330000000000002	2.667	1.0
325	1.0	1.0	1.0	1.0	1.0	2.0	1.0
326	4.0	0.0	3.0	0.0	3.668	8.332	3.0
327	2.0	3.0	2.0	2.0	2.3340000000000005	9.666	3.0
328	2.0	1.0	1.0	0.0	1.6660000000000004	7.334	1.0
329	1.0	0.0	0.0	0.0	1.0	2.0	0.0
330	1.0	1.0	1.0	1.0	1.3330000000000002	4.667	2.0
331	1.0	1.0	1.0	1.0	1.6680000000000001	4.332	2.0
332	1.0	2.0	1.0	2.0	1.0010000000000003	4.999	2.0
333	3.0	0.0	3.0	0.0	2.668	6.332	3.0
334	1.0	0.0	1.0	0.0	0.3330000000000002	2.667	1.0
335	1.0	1.0	1.0	1.0	0.6660000000000004	5.334	2.0
336	2.0	0.0	1.0	0.0	2.4	3.6	1.0
337	1.0	1.0	1.0	1.0	0.6660000000000004	5.334	2.0
338	1.0	3.0	1.0	3.0	1.6660000000000004	7.334	3.0
339	2.0	2.0	1.0	1.0	3.668	8.332	2.0
340	2.0	0.0	1.0	0.0	2.0	4.0	1.0
341	2.0	0.0	1.0	0.0	2.0	4.0	1.0
342	2.0	2.0	2.0	1.0	3.3360000000000003	8.664	3.0
343	2.0	2.0	1.0	2.0	0.9990000000000006	8.001	2.0
344	2.0	3.0	1.0	2.0	3.6660000000000004	11.334	3.0
345	3.0	3.0	2.0	3.0	3.333	8.667	3.0
346	1.0	1.0	1.0	1.0	0.3330000000000002	2.667	1.0
347	1.0	2.0	1.0	1.0	3.0	6.0	2.0
348	1.0	1.0	1.0	1.0	0.6680000000000001	2.332	1.0
349	1.0	1.0	1.0	1.0	0.6660000000000004	5.334	2.0
350	2.0	1.0	1.0	1.0	2.0	4.0	1.0
351	1.0	2.0	1.0	2.0	3.0	6.0	3.0
352	1.0	2.0	0.0	2.0	1.6680000000000001	4.332	1.0
353	2.0	0.0	1.0	0.0	2.0	4.0	1.0
354	2.0	2.0	0.0	2.0	2.333	6.667	1.0
355	2.0	2.0	1.0	2.0	3.3360000000000003	8.664	3.0
356	2.0	0.0	2.0	0.0	2.0	4.0	2.0
357	2.0	2.0	1.0	1.0	4.0	8.0	2.0
358	2.0	0.0	1.0	0.0	2.0	4.0	1.0
359	1.0	1.0	1.0	1.0	1.0	2.0	1.0
360	1.0	0.0	1.0	0.0	1.4	1.6	1.0
361	0.0	1.0	0.0	0.0	0.3330000000000002	2.667	0.0
362	1.0	0.0	1.0	0.0	0.3330000000000002	2.667	1.0
363	1.0	0.0	0.0	0.0	1.0	2.0	0.0
364	0.0	0.0	0.0	0.0	0.0	0.0	0.0
365	1.0	0.0	1.0	0.0	1.0	2.0	1.0
366	1.0	0.0	0.0	0.0	1.0	2.0	0.0
367	0.0	1.0	0.0	1.0	1.0	2.0	1.0
368	1.0	1.0	1.0	0.0	0.6660000000000004	5.334	1.0
369	1.0	2.0	1.0	2.0	1.6680000000000001	4.332	2.0
370	1.0	3.0	1.0	2.0	1.6660000000000004	7.334	2.0
371	1.0	5.0	0.0	3.0	2.9990000000000006	12.001	3.0
372	0.0	0.0	0.0	0.0	0.0	0.0	0.0
373	1.0	0.0	0.0	0.0	1.0	2.0	0.0
374	1.0	4.0	1.0	1.0	2.0660000000000003	6.933999999999999	1.0
375	2.0	0.0	2.0	0.0	2.0	4.0	2.0
376	2.0	2.0	2.0	2.0	2.333	6.667	3.0
377	2.0	5.0	2.0	3.0	3.6690000000000005	11.331	3.0
378	1.0	0.0	1.0	0.0	0.3330000000000002	2.667	1.0
379	1.0	3.0	1.0	2.0	3.0	6.0	2.0
380	2.0	1.0	1.0	1.0	2.333	6.667	2.0
381	1.0	3.0	1.0	2.0	3.333	8.667	3.0
382	2.0	0.0	2.0	0.0	2.0	4.0	2.0
383	0.0	5.0	0.0	4.0	0.9990000000000006	8.001	2.0
384	0.0	4.0	0.0	2.0	3.333	8.667	2.0
385	2.0	2.0	1.0	2.0	2.333	6.667	2.0
386	0.0	2.0	0.0	2.0	1.0	2.0	1.0
387	2.0	1.0	1.0	1.0	3.4	5.6	2.0
388	0.0	1.0	0.0	1.0	0.3330000000000002	2.667	1.0
389	0.0	1.0	0.0	1.0	0.3330000000000002	2.667	1.0
390	0.0	1.0	0.0	1.0	0.0	3.0	1.0
391	1.0	0.0	1.0	0.0	1.0	2.0	1.0
392	0.0	1.0	0.0	1.0	0.3330000000000002	2.667	1.0
393	1.0	1.0	1.0	1.0	2.0	4.0	2.0
394	0.0	0.0	0.0	0.0	0.0	0.0	0.0
395	1.0	2.0	1.0	2.0	0.6660000000000004	5.334	2.0
396	1.0	1.0	1.0	1.0	1.0	2.0	1.0
397	2.0	0.0	1.0	0.0	2.0	4.0	1.0
398	2.0	1.0	1.0	1.0	1.6660000000000004	7.334	2.0
399	2.0	1.0	1.0	1.0	1.3330000000000002	4.667	1.0
400	2.0	0.0	2.0	0.0	0.6680000000000001	2.332	1.0
401	1.0	2.0	1.0	2.0	0.3330000000000002	2.667	1.0
402	1.0	0.0	1.0	0.0	1.0	2.0	1.0
403	0.0	0.0	0.0	0.0	0.0	0.0	0.0
404	1.0	1.0	1.0	1.0	0.3330000000000002	2.667	1.0
405	2.0	2.0	1.0	1.0	2.3360000000000003	6.664	2.0
406	2.0	0.0	1.0	0.0	2.0	4.0	1.0
407	1.0	1.0	1.0	1.0	0.6680000000000001	2.332	1.0
408	2.0	0.0	2.0	0.0	0.6660000000000004	5.334	2.0
409	1.0	0.0	1.0	0.0	0.3330000000000002	2.667	1.0
410	0.0	0.0	0.0	0.0	0.0	0.0	0.0
411	1.0	0.0	1.0	0.0	0.6680000000000001	2.332	1.0
412	0.0	0.0	0.0	0.0	0.0	0.0	0.0
413	0.0	3.0	0.0	1.0	1.6660000000000004	7.334	1.0
414	0.0	0.0	0.0	0.0	0.0	0.0	0.0
415	0.0	0.0	0.0	0.0	0.0	0.0	0.0
416	2.0	1.0	0.0	1.0	2.3360000000000003	6.664	1.0
417	1.0	1.0	1.0	1.0	0.3330000000000002	2.667	1.0
418	2.0	1.0	2.0	1.0	2.333	6.667	3.0
419	2.0	0.0	2.0	0.0	2.0	4.0	2.0
420	2.0	1.0	1.0	1.0	1.3330000000000002	4.667	1.0
421	1.0	0.0	0.0	0.0	0.3330000000000002	2.667	0.0
422	0.0	0.0	0.0	0.0	0.0	0.0	0.0
423	3.0	0.0	1.0	0.0	3.068	5.932	1.0
424	2.0	0.0	1.0	0.0	1.3360000000000003	4.664	1.0
425	2.0	0.0	0.0	0.0	2.0	4.0	0.0
426	2.0	1.0	2.0	1.0	0.9990000000000006	8.001	3.0
427	0.0	0.0	0.0	0.0	0.0	0.0	0.0
428	1.0	0.0	1.0	0.0	1.0	2.0	1.0
429	1.0	0.0	1.0	0.0	0.3330000000000002	2.667	1.0
430	1.0	0.0	0.0	0.0	1.0	2.0	0.0
431	0.0	2.0	0.0	2.0	1.6680000000000001	4.332	2.0
432	1.0	1.0	1.0	1.0	1.0010000000000003	4.999	2.0
433	1.0	0.0	1.0	0.0	1.0	2.0	1.0
434	0.0	0.0	0.0	0.0	0.0	0.0	0.0
435	2.0	0.0	2.0	0.0	2.0	4.0	2.0
436	0.0	1.0	0.0	1.0	0.3330000000000002	2.667	1.0
437	0.0	0.0	0.0	0.0	0.0	0.0	0.0
438	3.0	0.0	2.0	0.0	3.4	5.6	2.0
439	2.0	1.0	1.0	1.0	3.0	6.0	2.0
440	2.0	0.0	2.0	0.0	0.6680000000000001	2.332	1.0
441	1.0	4.0	0.0	2.0	2.333	6.667	1.0
442	0.0	0.0	0.0	0.0	0.0	0.0	0.0
443	2.0	0.0	2.0	0.0	0.6660000000000004	5.334	2.0
444	2.0	1.0	1.0	1.0	0.6660000000000004	5.334	1.0
445	1.0	0.0	1.0	0.0	0.3330000000000002	2.667	1.0
446	0.0	0.0	0.0	0.0	0.0	0.0	0.0
447	2.0	0.0	1.0	0.0	1.3360000000000003	4.664	1.0
448	1.0	0.0	0.0	0.0	1.0	2.0	0.0
449	2.0	0.0	2.0	0.0	2.8	3.2	2.0
450	3.0	0.0	2.0	0.0	3.0	6.0	2.0
451	2.0	0.0	1.0	0.0	2.0	4.0	1.0
452	3.0	1.0	1.0	1.0	3.668	8.332	2.0
453	4.0	0.0	2.0	0.0	4.0	8.0	2.0
454	2.0	0.0	2.0	0.0	0.6660000000000004	5.334	2.0
455	0.0	0.0	0.0	0.0	0.0	0.0	0.0
456	1.0	1.0	1.0	1.0	2.4	3.6	2.0
457	0.0	0.0	0.0	0.0	0.0	0.0	0.0
458	0.0	0.0	0.0	0.0	0.0	0.0	0.0
459	3.0	0.0	1.0	0.0	3.0	6.0	1.0
460	1.0	0.0	0.0	0.0	1.0	2.0	0.0
461	2.0	0.0	1.0	0.0	2.0	4.0	1.0
462	1.0	1.0	1.0	0.0	0.6660000000000004	5.334	1.0
463	2.0	0.0	1.0	0.0	2.0	4.0	1.0
464	1.0	0.0	1.0	0.0	0.6680000000000001	2.332	1.0
465	0.0	0.0	0.0	0.0	0.0	0.0	0.0
466	0.0	0.0	0.0	0.0	0.0	0.0	0.0
467	0.0	1.0	0.0	1.0	0.3330000000000002	2.667	1.0
468	1.0	0.0	1.0	0.0	0.3330000000000002	2.667	1.0
469	0.0	0.0	0.0	0.0	0.0	0.0	0.0
470	0.0	0.0	0.0	0.0	0.0	0.0	0.0
471	2.0	0.0	2.0	0.0	0.6660000000000004	5.334	2.0
472	1.0	0.0	1.0	0.0	0.3330000000000002	2.667	1.0
473	2.0	1.0	2.0	1.0	3.0	6.0	3.0
474	1.0	0.0	1.0	0.0	1.0	2.0	1.0
475	2.0	0.0	1.0	0.0	2.0	4.0	1.0
476	1.0	2.0	1.0	1.0	3.0	6.0	2.0
477	0.0	0.0	0.0	0.0	0.0	0.0	0.0
478	0.0	0.0	0.0	0.0	0.0	0.0	0.0
479	1.0	0.0	1.0	0.0	0.6680000000000001	2.332	1.0
480	2.0	0.0	1.0	0.0	1.3360000000000003	4.664	1.0
481	1.0	2.0	1.0	2.0	2.333	6.667	3.0
482	0.0	0.0	0.0	0.0	0.0	0.0	0.0
483	0.0	0.0	0.0	0.0	0.0	0.0	0.0
484	1.0	0.0	1.0	0.0	0.6680000000000001	2.332	1.0
485	0.0	0.0	0.0	0.0	0.0	0.0	0.0
486	0.0	0.0	0.0	0.0	0.0	0.0	0.0
487	3.0	0.0	1.0	0.0	3.0	6.0	1.0
488	0.0	0.0	0.0	0.0	0.0	0.0	0.0
489	2.0	0.0	1.0	0.0	2.0	4.0	1.0
490	0.0	0.0	0.0	0.0	0.0	0.0	0.0
491	1.0	0.0	1.0	0.0	0.6680000000000001	2.332	1.0
492	2.0	1.0	1.0	0.0	1.3330000000000002	4.667	1.0
493	2.0	2.0	1.0	0.0	3.0	6.0	1.0
494	1.0	2.0	1.0	0.0	2.0	4.0	1.0
495	1.0	1.0	0.0	0.0	0.3330000000000002	2.667	0.0
496	1.0	2.0	0.0	0.0	0.3330000000000002	2.667	0.0
497	1.0	2.0	0.0	0.0	0.3330000000000002	2.667	0.0
498	2.0	3.0	1.0	1.0	3.333	8.667	2.0
499	2.0	5.0	1.0	2.0	4.336	10.664000000000001	2.0
500	2.0	4.0	1.0	2.0	2.668	6.332	2.0
501	1.0	1.0	0.0	0.0	1.0	2.0	0.0
502	1.0	2.0	0.0	0.0	1.0	2.0	0.0
503	1.0	2.0	0.0	0.0	0.6660000000000004	5.334	0.0
504	2.0	1.0	0.0	0.0	1.6680000000000001	4.332	0.0
505	3.0	2.0	2.0	0.0	3.0	6.0	2.0
506	0.0	1.0	0.0	0.0	0.6680000000000001	2.332	0.0
507	2.0	2.0	2.0	0.0	3.0	6.0	2.0
508	4.0	2.0	1.0	0.0	4.068	7.932	1.0
509	3.0	2.0	2.0	2.0	5.0	10.0	4.0
510	0.0	1.0	0.0	0.0	1.0	2.0	0.0
511	4.0	0.0	3.0	0.0	2.668	6.332	2.0
512	2.0	3.0	1.0	1.0	2.333	6.667	2.0
513	2.0	4.0	1.0	1.0	2.333	6.667	1.0
514	2.0	3.0	1.0	1.0	0.9990000000000006	8.001	1.0
515	2.0	1.0	0.0	0.0	0.6660000000000004	5.334	0.0
516	3.0	0.0	1.0	0.0	3.0	6.0	1.0
517	1.0	2.0	0.0	0.0	1.0	2.0	0.0
518	0.0	4.0	0.0	2.0	1.3330000000000002	4.667	1.0
519	3.0	2.0	2.0	0.0	1.0010000000000003	4.999	1.0
520	1.0	2.0	0.0	0.0	0.3330000000000002	2.667	0.0
521	2.0	1.0	0.0	0.0	0.6660000000000004	5.334	0.0
522	0.0	0.0	0.0	0.0	0.0	0.0	0.0
523	0.0	2.0	0.0	0.0	1.0	2.0	0.0
524	2.0	5.0	2.0	2.0	4.0040000000000004	10.995999999999999	3.0
525	0.0	1.0	0.0	0.0	1.0	2.0	0.0
526	3.0	0.0	1.0	0.0	3.0	6.0	1.0
527	1.0	2.0	1.0	0.0	1.3330000000000002	4.667	1.0
528	0.0	4.0	0.0	0.0	1.733	7.2669999999999995	0.0
529	2.0	3.0	1.0	1.0	1.6680000000000001	4.332	1.0
530	1.0	0.0	1.0	0.0	0.3330000000000002	2.667	1.0
531	2.0	0.0	1.0	0.0	0.6660000000000004	5.334	1.0
532	1.0	1.0	0.0	1.0	0.6680000000000001	5.332	1.0
533	0.0	0.0	0.0	0.0	0.0	0.0	0.0
534	1.0	1.0	1.0	1.0	2.0	4.0	2.0
535	0.0	0.0	0.0	0.0	0.0	0.0	0.0
536	3.0	0.0	1.0	0.0	0.9990000000000006	8.001	1.0
537	1.0	0.0	1.0	0.0	1.4	1.6	1.0
538	1.0	0.0	1.0	0.0	0.6680000000000001	2.332	1.0
539	0.0	0.0	0.0	0.0	0.0	0.0	0.0
540	1.0	0.0	0.0	0.0	0.3330000000000002	2.667	0.0
541	2.0	1.0	1.0	1.0	3.0	6.0	2.0
542	2.0	0.0	0.0	0.0	1.3360000000000003	4.664	0.0
543	1.0	0.0	1.0	0.0	1.4	1.6	1.0
544	1.0	0.0	1.0	0.0	0.3330000000000002	2.667	1.0
545	2.0	2.0	1.0	2.0	3.3360000000000003	8.664	3.0
546	1.0	0.0	0.0	0.0	1.4	1.6	0.0
547	2.0	0.0	1.0	0.0	2.0	4.0	1.0
548	2.0	0.0	2.0	0.0	0.6660000000000004	5.334	2.0
549	2.0	1.0	1.0	1.0	3.0	6.0	2.0
550	0.0	0.0	0.0	0.0	0.0	0.0	0.0
551	1.0	0.0	1.0	0.0	0.3330000000000002	2.667	1.0
552	2.0	0.0	0.0	0.0	0.6660000000000004	5.334	0.0
553	2.0	0.0	1.0	0.0	2.0	4.0	1.0
554	2.0	0.0	1.0	0.0	0.6660000000000004	5.334	1.0
555	3.0	0.0	2.0	0.0	2.3360000000000003	6.664	2.0
556	0.0	0.0	0.0	0.0	0.0	0.0	0.0
557	1.0	0.0	1.0	0.0	0.3330000000000002	2.667	1.0
558	0.0	0.0	0.0	0.0	0.0	0.0	0.0
559	0.0	0.0	0.0	0.0	0.0	0.0	0.0
560	2.0	0.0	1.0	0.0	2.0	4.0	1.0
561	0.0	0.0	0.0	0.0	0.0	0.0	0.0
562	0.0	0.0	0.0	0.0	0.0	0.0	0.0
563	1.0	0.0	1.0	0.0	0.3330000000000002	2.667	1.0
564	0.0	0.0	0.0	0.0	0.0	0.0	0.0
565	2.0	0.0	1.0	0.0	2.0	4.0	1.0
566	1.0	0.0	1.0	0.0	1.0	2.0	1.0
567	0.0	0.0	0.0	0.0	0.0	0.0	0.0
568	3.0	0.0	1.0	0.0	0.9990000000000006	8.001	1.0
569	2.0	0.0	1.0	0.0	0.6660000000000004	5.334	1.0
570	1.0	0.0	0.0	0.0	0.3330000000000002	2.667	0.0
571	2.0	0.0	1.0	0.0	2.0	4.0	1.0
572	1.0	0.0	1.0	0.0	1.0	2.0	1.0
573	0.0	0.0	0.0	0.0	0.0	0.0	0.0
574	0.0	0.0	0.0	0.0	0.0	0.0	0.0
575	0.0	0.0	0.0	0.0	0.0	0.0	0.0
576	3.0	0.0	2.0	0.0	3.0	6.0	2.0
577	1.0	0.0	1.0	0.0	1.0	2.0	1.0
578	2.0	0.0	1.0	0.0	2.0	4.0	1.0
579	0.0	0.0	0.0	0.0	0.0	0.0	0.0
580	0.0	1.0	0.0	1.0	0.6680000000000001	2.332	1.0
581	1.0	0.0	0.0	0.0	0.3330000000000002	2.667	0.0
582	0.0	0.0	0.0	0.0	0.0	0.0	0.0
583	3.0	0.0	3.0	0.0	3.8	5.2	3.0
584	1.0	0.0	0.0	0.0	1.0	2.0	0.0
585	1.0	0.0	1.0	0.0	0.3330000000000002	2.667	1.0
586	1.0	0.0	1.0	0.0	1.0	2.0	1.0
587	1.0	0.0	1.0	0.0	0.3330000000000002	2.667	1.0
588	0.0	0.0	0.0	0.0	0.0	0.0	0.0
589	1.0	0.0	1.0	0.0	0.3330000000000002	2.667	1.0
590	0.0	0.0	0.0	0.0	0.0	0.0	0.0
591	2.0	0.0	1.0	0.0	1.3360000000000003	4.664	1.0
592	3.0	0.0	2.0	0.0	3.0	6.0	2.0
593	1.0	0.0	1.0	0.0	1.0	2.0	1.0
594	0.0	0.0	0.0	0.0	0.0	0.0	0.0
595	0.0	0.0	0.0	0.0	0.0	0.0	0.0
596	1.0	0.0	1.0	0.0	1.0	2.0	1.0
597	1.0	0.0	1.0	0.0	0.3330000000000002	2.667	1.0
598	0.0	0.0	0.0	0.0	0.0	0.0	0.0
599	1.0	0.0	1.0	0.0	0.3330000000000002	2.667	1.0
600	1.0	0.0	1.0	0.0	1.0	2.0	1.0
601	1.0	0.0	1.0	0.0	1.0	2.0	1.0
602	1.0	0.0	1.0	0.0	1.0	2.0	1.0
603	2.0	0.0	1.0	0.0	2.4	3.6	1.0
604	1.0	0.0	1.0	0.0	0.6680000000000001	2.332	1.0
605	0.0	0.0	0.0	0.0	0.0	0.0	0.0
606	0.0	0.0	0.0	0.0	0.0	0.0	0.0
607	0.0	1.0	0.0	0.0	1.0	2.0	0.0
608	1.0	0.0	0.0	0.0	1.0	2.0	0.0
609	1.0	0.0	1.0	0.0	1.0	2.0	1.0
610	2.0	0.0	2.0	0.0	2.0	4.0	2.0
611	0.0	0.0	0.0	0.0	0.0	0.0	0.0
612	2.0	0.0	1.0	0.0	2.0	4.0	1.0
613	1.0	0.0	1.0	0.0	0.3330000000000002	2.667	1.0
614	1.0	0.0	0.0	0.0	0.3330000000000002	2.667	0.0
615	2.0	0.0	2.0	0.0	1.6680000000000001	4.332	2.0
616	0.0	0.0	0.0	0.0	0.0	0.0	0.0
617	0.0	0.0	0.0	0.0	0.0	0.0	0.0
618	0.0	0.0	0.0	0.0	0.0	0.0	0.0
619	0.0	0.0	0.0	0.0	0.0	0.0	0.0
620	1.0	2.0	1.0	1.0	3.068	5.932	2.0
621	0.0	0.0	0.0	0.0	0.0	0.0	0.0
622	0.0	0.0	0.0	0.0	0.0	0.0	0.0
623	1.0	0.0	1.0	0.0	0.3330000000000002	2.667	1.0
624	2.0	0.0	1.0	0.0	2.4	3.6	1.0
625	0.0	0.0	0.0	0.0	0.0	0.0	0.0
626	1.0	0.0	1.0	0.0	1.0	2.0	1.0
627	1.0	0.0	1.0	0.0	0.3330000000000002	2.667	1.0
628	1.0	0.0	0.0	0.0	1.0	2.0	0.0
629	3.0	0.0	2.0	0.0	1.6680000000000001	4.332	1.0
630	1.0	1.0	0.0	0.0	0.3330000000000002	2.667	0.0
631	2.0	3.0	2.0	2.0	4.4	7.6	3.0
632	1.0	0.0	1.0	0.0	0.3330000000000002	2.667	1.0
633	0.0	0.0	0.0	0.0	0.0	0.0	0.0
634	1.0	0.0	1.0	0.0	0.3330000000000002	2.667	1.0
635	0.0	0.0	0.0	0.0	0.0	0.0	0.0
636	2.0	0.0	1.0	0.0	2.8	3.2	1.0
637	3.0	0.0	3.0	0.0	3.0	6.0	3.0
638	2.0	1.0	2.0	1.0	2.0	4.0	2.0
639	2.0	2.0	1.0	0.0	1.3330000000000002	4.667	1.0
640	0.0	4.0	0.0	1.0	1.6660000000000004	7.334	1.0
641	1.0	1.0	0.0	0.0	0.3330000000000002	2.667	0.0
642	2.0	1.0	1.0	1.0	1.6660000000000004	7.334	2.0
643	2.0	4.0	1.0	3.0	3.3340000000000005	11.666	3.0
644	1.0	2.0	1.0	2.0	1.0	2.0	1.0
645	2.0	2.0	1.0	2.0	2.333	6.667	2.0
646	1.0	2.0	1.0	2.0	1.0	2.0	1.0
647	1.0	3.0	1.0	2.0	1.6680000000000001	7.332	2.0
648	2.0	2.0	1.0	2.0	1.3340000000000005	7.6659999999999995	2.0
649	1.0	0.0	0.0	0.0	1.0	2.0	0.0
650	0.0	0.0	0.0	0.0	0.0	0.0	0.0
651	1.0	1.0	1.0	1.0	0.6680000000000001	2.332	1.0
652	1.0	3.0	0.0	1.0	2.668	6.332	1.0
653	0.0	0.0	0.0	0.0	0.0	0.0	0.0
654	0.0	0.0	0.0	0.0	0.0	0.0	0.0
655	0.0	0.0	0.0	0.0	0.0	0.0	0.0
656	0.0	2.0	0.0	0.0	1.6680000000000001	4.332	0.0
657	0.0	2.0	0.0	1.0	1.3360000000000003	4.664	1.0
658	1.0	0.0	1.0	0.0	0.3330000000000002	2.667	1.0
659	0.0	0.0	0.0	0.0	0.0	0.0	0.0
660	1.0	2.0	1.0	2.0	1.0	2.0	1.0
661	0.0	0.0	0.0	0.0	0.0	0.0	0.0
662	0.0	2.0	0.0	1.0	1.6680000000000001	4.332	1.0
663	2.0	1.0	0.0	1.0	1.6660000000000004	7.334	1.0
664	1.0	0.0	0.0	0.0	1.0	2.0	0.0
665	2.0	0.0	1.0	0.0	2.0	4.0	1.0
666	1.0	0.0	0.0	0.0	1.0	2.0	0.0
667	1.0	0.0	0.0	0.0	0.3330000000000002	2.667	0.0
668	0.0	0.0	0.0	0.0	0.0	0.0	0.0
669	2.0	0.0	1.0	0.0	1.6680000000000001	4.332	1.0
670	2.0	0.0	0.0	0.0	0.6660000000000004	5.334	0.0
671	1.0	0.0	0.0	0.0	0.3330000000000002	2.667	0.0
672	1.0	0.0	1.0	0.0	1.4	1.6	1.0
673	1.0	0.0	1.0	0.0	0.3330000000000002	2.667	1.0
674	1.0	0.0	1.0	0.0	1.0	2.0	1.0
675	1.0	1.0	0.0	1.0	1.6680000000000001	4.332	1.0
676	3.0	0.0	1.0	0.0	3.468	5.532	1.0
677	0.0	0.0	0.0	0.0	0.0	0.0	0.0
