all_syn	all_nonSyn	tip_syn	tip_nonSyn	S	N	comparisons
001	0.0	0.0	0.0	0.0	0.0	0.0	0.0
002	2.0	0.0	1.0	0.0	2.0	4.0	1.0
003	2.0	2.0	1.0	1.0	2.333	6.667	1.0
004	1.0	5.0	1.0	1.0	3.668	11.332	2.0
005	2.0	8.0	1.0	5.0	3.9990000000000006	14.001	4.0
006	2.0	4.0	1.0	2.0	2.9990000000000006	12.001	3.0
007	0.0	5.0	0.0	0.0	2.668	9.332	0.0
008	3.0	4.0	2.0	3.0	3.7340000000000004	11.265999999999998	3.0
009	7.0	6.0	4.0	6.0	5.9990000000000006	18.000999999999998	5.0
010	6.0	2.0	3.0	2.0	8.0	16.0	5.0
011	5.0	1.0	4.0	1.0	6.0	12.0	5.0
012	6.0	0.0	2.0	0.0	6.0	12.0	2.0
013	2.0	0.0	2.0	0.0	0.6660000000000004	5.334	2.0
014	4.0	0.0	1.0	0.0	4.0	8.0	1.0
015	4.0	5.0	2.0	2.0	6.666	17.334	4.0
016	4.0	0.0	4.0	0.0	4.0	8.0	4.0
017	1.0	0.0	1.0	0.0	0.3330000000000002	2.667	1.0
018	4.0	0.0	1.0	0.0	5.199999999999999	6.800000000000001	1.0
019	6.0	0.0	3.0	0.0	6.0	12.0	3.0
020	7.0	0.0	4.0	0.0	6.336	14.664000000000001	4.0
021	2.0	4.0	1.0	0.0	0.9990000000000006	11.001	1.0
022	3.0	0.0	1.0	0.0	3.0	6.0	1.0
023	4.0	1.0	2.0	1.0	4.668	10.332	3.0
024	5.0	0.0	2.0	0.0	5.4	9.6	2.0
025	7.0	0.0	2.0	0.0	7.0	14.0	2.0
026	3.0	4.0	2.0	3.0	6.333	14.667	5.0
027	3.0	2.0	3.0	1.0	4.333	10.667	4.0
028	2.0	2.0	2.0	2.0	2.333	6.667	3.0
029	4.0	0.0	2.0	0.0	4.0	8.0	2.0
030	3.0	2.0	2.0	0.0	4.668	10.332	2.0
031	4.0	0.0	2.0	0.0	3.3360000000000003	8.664	2.0
032	4.0	0.0	3.0	0.0	4.0	8.0	3.0
033	4.0	0.0	2.0	0.0	4.0	8.0	2.0
034	5.0	0.0	3.0	0.0	5.0	10.0	3.0
035	3.0	0.0	1.0	0.0	3.8	5.2	1.0
036	5.0	4.0	3.0	1.0	4.332000000000001	16.668	4.0
037	3.0	0.0	3.0	0.0	3.0	6.0	3.0
038	3.0	0.0	2.0	0.0	3.0	6.0	2.0
039	6.0	1.0	4.0	1.0	6.0	12.0	4.0
040	0.0	0.0	0.0	0.0	0.0	0.0	0.0
041	5.0	0.0	3.0	0.0	5.0	10.0	3.0
042	4.0	0.0	3.0	0.0	2.6720000000000006	9.328	3.0
043	5.0	0.0	3.0	0.0	5.0	10.0	3.0
044	4.0	4.0	3.0	1.0	4.332000000000001	16.668	4.0
045	6.0	0.0	2.0	0.0	6.0	12.0	2.0
046	0.0	0.0	0.0	0.0	0.0	0.0	0.0
047	7.0	4.0	5.0	3.0	9.333	20.667	7.0
048	5.0	5.0	4.0	3.0	4.666	13.334	4.0
049	4.0	6.0	3.0	4.0	5.666	15.334	5.0
050	0.0	3.0	0.0	2.0	3.468	5.532	2.0
051	3.0	0.0	2.0	0.0	3.0	6.0	2.0
052	3.0	4.0	3.0	2.0	5.333	12.667	4.0
053	0.0	0.0	0.0	0.0	0.0	0.0	0.0
054	3.0	3.0	2.0	0.0	1.665000000000001	13.334999999999999	2.0
055	2.0	1.0	1.0	1.0	0.9990000000000006	8.001	2.0
056	1.0	4.0	1.0	3.0	2.3320000000000007	12.668	4.0
057	1.0	4.0	0.0	2.0	0.9990000000000006	8.001	1.0
058	4.0	2.0	2.0	2.0	6.0	12.0	4.0
059	1.0	3.0	1.0	1.0	1.3320000000000007	10.668	2.0
060	2.0	3.0	1.0	3.0	2.000000000000001	12.999999999999998	4.0
061	4.0	0.0	2.0	0.0	4.4	7.6	2.0
062	5.0	0.0	1.0	0.0	5.468	9.532	1.0
063	3.0	0.0	1.0	0.0	0.9990000000000006	8.001	1.0
064	6.0	1.0	3.0	0.0	6.0	12.0	3.0
065	2.0	2.0	2.0	2.0	1.3320000000000007	10.668	4.0
066	2.0	7.0	2.0	6.0	2.9990000000000006	12.001	4.0
067	3.0	4.0	1.0	2.0	2.998000000000001	18.002	3.0
068	6.0	0.0	5.0	0.0	6.0	12.0	5.0
069	2.0	0.0	0.0	0.0	2.0	4.0	0.0
070	3.0	0.0	3.0	0.0	3.0	6.0	3.0
071	1.0	0.0	0.0	0.0	0.3330000000000002	2.667	0.0
072	1.0	0.0	1.0	0.0	0.3330000000000002	2.667	1.0
073	1.0	0.0	1.0	0.0	0.6680000000000001	2.332	1.0
074	4.0	0.0	1.0	0.0	1.3320000000000007	10.668	1.0
075	6.0	0.0	3.0	0.0	6.0	12.0	3.0
076	3.0	0.0	2.0	0.0	3.0	6.0	2.0
077	2.0	0.0	0.0	0.0	0.6660000000000004	5.334	0.0
078	1.0	3.0	1.0	3.0	1.3330000000000002	4.667	2.0
079	2.0	0.0	1.0	0.0	0.6660000000000004	5.334	1.0
080	5.0	0.0	3.0	0.0	1.665000000000001	13.334999999999999	3.0
081	4.0	2.0	1.0	1.0	1.665000000000001	13.334999999999999	2.0
082	2.0	0.0	1.0	0.0	0.6660000000000004	5.334	1.0
083	2.0	3.0	0.0	2.0	1.665000000000001	13.334999999999999	2.0
084	5.0	0.0	2.0	0.0	5.0	10.0	2.0
085	4.0	0.0	3.0	0.0	1.3320000000000007	10.668	3.0
086	3.0	9.0	0.0	6.0	5.333000000000001	24.666999999999998	4.0
087	1.0	4.0	0.0	1.0	2.6690000000000005	9.331	1.0
088	5.0	2.0	4.0	1.0	6.536	11.464000000000002	4.0
089	2.0	0.0	1.0	0.0	2.0	4.0	1.0
090	2.0	5.0	2.0	3.0	2.665000000000001	15.334999999999999	4.0
091	0.0	0.0	0.0	0.0	0.0	0.0	0.0
092	0.0	0.0	0.0	0.0	0.0	0.0	0.0
093	3.0	6.0	2.0	2.0	4.336	10.664	2.0
094	3.0	5.0	2.0	4.0	5.7330000000000005	12.267	5.0
095	8.0	0.0	3.0	0.0	4.672000000000001	13.328	3.0
096	6.0	9.0	3.0	4.0	6.999000000000001	29.001000000000005	6.0
097	0.0	1.0	0.0	1.0	0.6680000000000001	2.332	1.0
098	7.0	0.0	4.0	0.0	6.668	14.332	4.0
099	1.0	1.0	1.0	0.0	0.6660000000000004	5.334	1.0
100	0.0	7.0	0.0	4.0	5.3340000000000005	15.666	4.0
101	1.0	2.0	1.0	1.0	1.0	5.0	1.0
102	4.0	2.0	1.0	1.0	4.3340000000000005	13.666	2.0
103	2.0	3.0	1.0	1.0	4.336	10.664000000000001	2.0
104	6.0	0.0	4.0	0.0	6.0	12.0	4.0
105	1.0	0.0	1.0	0.0	1.0	2.0	1.0
106	2.0	0.0	2.0	0.0	0.6660000000000004	5.334	2.0
107	0.0	1.0	0.0	0.0	0.3330000000000002	2.667	0.0
108	5.0	0.0	3.0	0.0	5.0	10.0	3.0
109	3.0	1.0	1.0	0.0	4.0	8.0	1.0
110	2.0	3.0	1.0	1.0	1.665000000000001	13.334999999999999	2.0
111	2.0	1.0	2.0	1.0	0.9990000000000006	8.001	3.0
112	3.0	1.0	0.0	0.0	2.3360000000000003	6.664	0.0
113	3.0	7.0	2.0	3.0	3.3320000000000007	14.668	4.0
114	3.0	5.0	2.0	4.0	1.3320000000000007	13.668	3.0
115	3.0	8.0	2.0	6.0	8.066	18.933999999999997	7.0
116	2.0	2.0	1.0	2.0	2.333	6.667	2.0
117	4.0	0.0	3.0	0.0	4.0	8.0	3.0
118	4.0	2.0	2.0	0.0	3.333	8.667	2.0
119	3.0	0.0	3.0	0.0	3.0	6.0	3.0
120	2.0	2.0	2.0	1.0	1.3320000000000007	10.668	3.0
121	4.0	2.0	2.0	0.0	1.9990000000000006	10.001	2.0
122	2.0	4.0	1.0	2.0	5.668	12.332	3.0
123	2.0	0.0	1.0	0.0	0.6660000000000004	5.334	1.0
124	2.0	3.0	0.0	2.0	1.3320000000000007	10.668	2.0
125	4.0	6.0	3.0	2.0	6.3340000000000005	20.666	5.0
126	4.0	0.0	2.0	0.0	4.0	8.0	2.0
127	3.0	0.0	2.0	0.0	0.9990000000000006	8.001	2.0
128	1.0	0.0	1.0	0.0	0.3330000000000002	2.667	1.0
129	4.0	1.0	2.0	0.0	2.333	6.667	2.0
130	3.0	1.0	0.0	0.0	1.3330000000000002	4.667	0.0
131	6.0	2.0	1.0	0.0	4.666	13.334	1.0
132	3.0	0.0	2.0	0.0	3.8	5.2	2.0
133	2.0	0.0	1.0	0.0	0.6660000000000004	5.334	1.0
134	2.0	6.0	1.0	3.0	4.001	13.999	3.0
135	1.0	2.0	0.0	0.0	1.0	2.0	0.0
136	5.0	0.0	5.0	0.0	5.0	10.0	5.0
137	4.0	2.0	3.0	2.0	3.333	8.667	3.0
138	4.0	1.0	4.0	1.0	1.9990000000000006	10.001	4.0
139	6.0	0.0	6.0	0.0	6.0	12.0	6.0
140	5.0	0.0	1.0	0.0	5.468	9.532	1.0
141	2.0	11.0	1.0	6.0	5.333000000000001	21.667	4.0
142	2.0	0.0	2.0	0.0	0.6660000000000004	5.334	2.0
143	6.0	0.0	3.0	0.0	6.136000000000001	11.863999999999999	3.0
144	3.0	2.0	0.0	0.0	0.9990000000000006	8.001	0.0
145	4.0	0.0	1.0	0.0	4.0	8.0	1.0
146	3.0	0.0	2.0	0.0	0.9990000000000006	8.001	2.0
147	0.0	3.0	0.0	3.0	0.3330000000000002	5.667	2.0
148	3.0	0.0	1.0	0.0	2.0040000000000004	6.9959999999999996	1.0
149	2.0	0.0	1.0	0.0	0.6660000000000004	5.334	1.0
150	4.0	1.0	2.0	0.0	5.136	9.864	2.0
151	7.0	0.0	2.0	0.0	7.868	13.132	2.0
152	1.0	0.0	1.0	0.0	0.3330000000000002	2.667	1.0
153	7.0	5.0	5.0	2.0	10.472000000000001	22.528000000000002	6.0
154	3.0	0.0	3.0	0.0	0.9990000000000006	8.001	3.0
155	0.0	0.0	0.0	0.0	0.0	0.0	0.0
156	0.0	0.0	0.0	0.0	0.0	0.0	0.0
157	1.0	0.0	1.0	0.0	0.3330000000000002	2.667	1.0
158	1.0	3.0	1.0	1.0	0.6660000000000004	8.334	2.0
159	3.0	0.0	1.0	0.0	3.0	6.0	1.0
160	6.0	0.0	2.0	0.0	6.0	12.0	2.0
161	3.0	0.0	2.0	0.0	3.0	6.0	2.0
162	3.0	1.0	2.0	1.0	3.0040000000000004	8.995999999999999	3.0
163	1.0	1.0	1.0	0.0	0.6660000000000004	5.334	1.0
164	4.0	0.0	2.0	0.0	1.3320000000000007	10.668	2.0
165	6.0	3.0	4.0	1.0	7.404	16.596	5.0
166	2.0	1.0	1.0	0.0	2.0	7.0	1.0
167	2.0	0.0	1.0	0.0	0.6660000000000004	5.334	1.0
168	3.0	2.0	2.0	2.0	3.333	8.667	3.0
169	5.0	1.0	2.0	1.0	5.8	12.2	3.0
170	2.0	0.0	0.0	0.0	0.6660000000000004	5.334	0.0
171	4.0	3.0	2.0	3.0	3.0040000000000004	11.995999999999999	3.0
172	5.0	0.0	4.0	0.0	5.4	9.6	4.0
173	5.0	0.0	4.0	0.0	5.0	10.0	4.0
174	1.0	1.0	0.0	1.0	0.6660000000000004	5.334	1.0
175	0.0	0.0	0.0	0.0	0.0	0.0	0.0
176	3.0	0.0	1.0	0.0	3.0	6.0	1.0
177	3.0	1.0	2.0	0.0	1.6670000000000007	10.332999999999998	2.0
178	3.0	0.0	3.0	0.0	3.0	6.0	3.0
179	2.0	0.0	1.0	0.0	2.8	3.2	1.0
180	2.0	0.0	1.0	0.0	0.6660000000000004	5.334	1.0
181	6.0	0.0	3.0	0.0	6.8	11.2	3.0
182	6.0	0.0	4.0	0.0	6.0	12.0	4.0
183	3.0	4.0	2.0	1.0	5.336	12.664000000000001	3.0
184	6.0	0.0	3.0	0.0	6.0	12.0	3.0
185	4.0	0.0	3.0	0.0	1.3320000000000007	10.668	3.0
186	5.0	0.0	3.0	0.0	5.0	10.0	3.0
187	4.0	0.0	3.0	0.0	4.0	8.0	3.0
188	5.0	0.0	3.0	0.0	5.0	10.0	3.0
189	0.0	0.0	0.0	0.0	0.0	0.0	0.0
190	4.0	2.0	3.0	2.0	5.336	12.664	5.0
191	6.0	0.0	2.0	0.0	6.0	12.0	2.0
192	3.0	3.0	2.0	0.0	5.0	10.0	2.0
193	5.0	0.0	3.0	0.0	5.0	10.0	3.0
194	4.0	0.0	2.0	0.0	4.0	8.0	2.0
195	1.0	0.0	1.0	0.0	0.3330000000000002	2.667	1.0
196	4.0	0.0	2.0	0.0	4.0	8.0	2.0
197	3.0	0.0	2.0	0.0	0.9990000000000006	8.001	2.0
198	3.0	0.0	2.0	0.0	3.0	6.0	2.0
199	1.0	6.0	1.0	3.0	3.6670000000000007	14.332999999999998	4.0
200	3.0	5.0	2.0	3.0	6.800000000000001	11.2	4.0
201	3.0	3.0	1.0	3.0	1.998000000000001	16.002	4.0
202	2.0	1.0	1.0	0.0	2.333	6.667	1.0
203	0.0	0.0	0.0	0.0	0.0	0.0	0.0
204	4.0	0.0	3.0	0.0	4.0	8.0	3.0
205	5.0	0.0	3.0	0.0	5.0	10.0	3.0
206	1.0	0.0	1.0	0.0	0.3330000000000002	2.667	1.0
207	2.0	2.0	1.0	0.0	1.6660000000000004	7.334	1.0
208	4.0	2.0	3.0	0.0	5.668	12.332	3.0
209	1.0	0.0	1.0	0.0	0.3330000000000002	2.667	1.0
210	3.0	0.0	2.0	0.0	0.9990000000000006	8.001	2.0
211	4.0	0.0	2.0	0.0	4.0	8.0	2.0
212	5.0	0.0	3.0	0.0	5.0	10.0	3.0
213	0.0	0.0	0.0	0.0	0.0	0.0	0.0
214	2.0	3.0	2.0	2.0	1.3320000000000007	10.668	3.0
215	4.0	0.0	3.0	0.0	4.0	8.0	3.0
216	2.0	1.0	2.0	0.0	3.468	5.532	2.0
217	2.0	6.0	2.0	4.0	4.401	10.599	3.0
218	2.0	0.0	2.0	0.0	2.0	4.0	2.0
219	2.0	0.0	1.0	0.0	0.6660000000000004	5.334	1.0
220	3.0	2.0	2.0	0.0	4.7330000000000005	10.267	2.0
221	2.0	0.0	1.0	0.0	0.6660000000000004	5.334	1.0
222	4.0	0.0	3.0	0.0	4.0	8.0	3.0
223	2.0	2.0	1.0	2.0	1.3320000000000007	10.668	3.0
224	3.0	0.0	2.0	0.0	2.0040000000000004	6.9959999999999996	2.0
225	5.0	1.0	2.0	0.0	4.072000000000001	10.927999999999999	2.0
226	4.0	0.0	4.0	0.0	4.0	8.0	4.0
227	0.0	0.0	0.0	0.0	0.0	0.0	0.0
228	2.0	2.0	2.0	2.0	2.333	6.667	3.0
229	4.0	3.0	0.0	2.0	4.3340000000000005	13.665999999999999	2.0
230	2.0	3.0	0.0	0.0	0.9990000000000006	8.001	0.0
231	3.0	0.0	2.0	0.0	0.9990000000000006	8.001	2.0
232	1.0	0.0	1.0	0.0	1.0	2.0	1.0
233	0.0	0.0	0.0	0.0	0.0	0.0	0.0
234	3.0	0.0	3.0	0.0	3.0	6.0	3.0
235	6.0	1.0	1.0	1.0	7.204	13.796	2.0
236	3.0	4.0	2.0	4.0	2.333	6.667	2.0
237	5.0	0.0	4.0	0.0	5.0	10.0	4.0
238	0.0	0.0	0.0	0.0	0.0	0.0	0.0
239	3.0	0.0	1.0	0.0	0.9990000000000006	8.001	1.0
240	3.0	0.0	2.0	0.0	3.0	6.0	2.0
241	6.0	0.0	4.0	0.0	6.468000000000001	11.532	4.0
242	5.0	0.0	2.0	0.0	5.0	10.0	2.0
243	3.0	2.0	1.0	0.0	4.0	8.0	1.0
244	2.0	0.0	1.0	0.0	2.0	4.0	1.0
245	3.0	0.0	3.0	0.0	0.9990000000000006	8.001	3.0
246	4.0	1.0	2.0	0.0	3.466	8.533999999999999	2.0
247	2.0	0.0	2.0	0.0	0.6660000000000004	5.334	2.0
248	2.0	5.0	0.0	1.0	4.333	10.667	1.0
249	2.0	1.0	1.0	1.0	0.6660000000000004	8.334	2.0
250	1.0	1.0	1.0	1.0	1.0	2.0	1.0
251	2.0	2.0	0.0	0.0	2.6660000000000004	9.334	0.0
252	5.0	5.0	3.0	4.0	7.672000000000001	19.328000000000003	6.0
253	3.0	2.0	1.0	2.0	1.9990000000000006	10.001	2.0
254	3.0	3.0	3.0	3.0	2.9990000000000006	12.001	5.0
255	4.0	0.0	4.0	0.0	4.0	8.0	4.0
256	5.0	7.0	3.0	4.0	6.667000000000001	20.333	7.0
257	1.0	1.0	0.0	1.0	0.6660000000000004	5.334	1.0
258	4.0	7.0	1.0	7.0	4.666	16.334	4.0
259	2.0	0.0	1.0	0.0	2.0	4.0	1.0
260	2.0	0.0	1.0	0.0	0.6660000000000004	5.334	1.0
261	5.0	3.0	1.0	3.0	5.333	15.667	3.0
262	6.0	0.0	5.0	0.0	6.135999999999999	11.863999999999999	5.0
263	3.0	5.0	2.0	3.0	6.6690000000000005	17.331	5.0
264	3.0	6.0	1.0	2.0	4.666	13.334	3.0
265	2.0	6.0	1.0	4.0	5.066000000000001	15.934	5.0
266	4.0	1.0	2.0	0.0	1.665000000000001	13.334999999999999	2.0
267	3.0	1.0	2.0	0.0	4.0	8.0	2.0
268	4.0	6.0	1.0	4.0	8.333	18.667	5.0
269	3.0	7.0	2.0	4.0	4.665000000000001	19.335	4.0
270	0.0	0.0	0.0	0.0	0.0	0.0	0.0
271	0.0	0.0	0.0	0.0	0.0	0.0	0.0
272	0.0	0.0	0.0	0.0	0.0	0.0	0.0
273	0.0	3.0	0.0	0.0	0.6660000000000004	5.334	0.0
274	4.0	0.0	3.0	0.0	1.3320000000000007	10.668	3.0
275	6.0	2.0	4.0	0.0	8.0	16.0	4.0
276	4.0	3.0	1.0	1.0	2.998000000000001	18.002	2.0
277	1.0	10.0	0.0	4.0	4.334000000000001	22.665999999999997	3.0
278	0.0	3.0	0.0	2.0	0.6660000000000004	5.334	1.0
279	6.0	4.0	4.0	0.0	7.736000000000001	16.264	4.0
280	4.0	4.0	2.0	1.0	3.6670000000000007	14.333	3.0
281	1.0	4.0	1.0	1.0	3.3360000000000003	11.664000000000001	2.0
282	1.0	0.0	1.0	0.0	0.3330000000000002	2.667	1.0
283	3.0	0.0	1.0	0.0	0.9990000000000006	8.001	1.0
284	6.0	4.0	2.0	3.0	9.336	20.664	5.0
285	7.0	0.0	4.0	0.0	7.199999999999999	10.8	3.0
286	3.0	2.0	1.0	0.0	1.6660000000000004	7.334	1.0
287	1.0	2.0	1.0	0.0	0.9990000000000006	8.001	1.0
288	6.0	3.0	3.0	1.0	6.668	14.332	3.0
289	6.0	0.0	4.0	0.0	6.0	12.0	4.0
290	4.0	8.0	2.0	4.0	8.0	25.0	5.0
291	4.0	0.0	2.0	0.0	1.3320000000000007	10.668	2.0
292	4.0	1.0	3.0	1.0	1.665000000000001	13.334999999999999	4.0
293	6.0	0.0	4.0	0.0	6.0	12.0	4.0
294	1.0	6.0	1.0	5.0	5.336	12.664	5.0
295	2.0	1.0	2.0	1.0	0.9990000000000006	8.001	3.0
296	3.0	4.0	3.0	0.0	2.3320000000000007	12.668	3.0
297	3.0	1.0	1.0	0.0	3.3360000000000003	8.664	1.0
298	2.0	2.0	1.0	0.0	2.333	6.667	1.0
299	2.0	2.0	1.0	0.0	2.333	6.667	1.0
300	2.0	1.0	1.0	1.0	2.3360000000000003	6.664	2.0
301	3.0	0.0	1.0	0.0	3.0	6.0	1.0
302	4.0	0.0	1.0	0.0	4.068	7.932	1.0
303	5.0	0.0	3.0	0.0	5.0	10.0	3.0
304	2.0	0.0	2.0	0.0	0.6660000000000004	5.334	2.0
305	5.0	1.0	3.0	1.0	5.668	12.332	4.0
306	4.0	2.0	2.0	1.0	3.668	11.332	3.0
307	2.0	2.0	1.0	0.0	0.6660000000000004	5.334	1.0
308	2.0	0.0	2.0	0.0	0.6660000000000004	5.334	2.0
309	5.0	2.0	4.0	0.0	6.0	12.0	4.0
310	9.0	2.0	4.0	0.0	9.668	20.332	4.0
311	3.0	2.0	3.0	0.0	1.665000000000001	13.334999999999999	3.0
312	6.0	0.0	3.0	0.0	6.0	12.0	3.0
313	2.0	1.0	2.0	0.0	1.3340000000000005	7.6659999999999995	2.0
314	3.0	0.0	3.0	0.0	3.0	6.0	3.0
315	2.0	4.0	2.0	4.0	3.3360000000000003	14.664000000000001	6.0
316	3.0	1.0	1.0	1.0	3.668	8.332	2.0
317	4.0	0.0	2.0	0.0	4.0	8.0	2.0
318	4.0	0.0	2.0	0.0	4.0	8.0	2.0
319	5.0	0.0	1.0	0.0	2.668	6.332	1.0
320	0.0	0.0	0.0	0.0	0.0	0.0	0.0
321	5.0	1.0	3.0	0.0	5.668	12.332	3.0
322	4.0	1.0	3.0	1.0	1.3320000000000007	10.668	3.0
323	1.0	2.0	0.0	2.0	0.9990000000000006	8.001	2.0
324	5.0	0.0	4.0	0.0	4.868	7.132	3.0
325	1.0	5.0	1.0	2.0	2.000000000000001	13.0	3.0
326	1.0	3.0	1.0	2.0	0.9990000000000006	8.001	2.0
327	1.0	0.0	1.0	0.0	0.3330000000000002	2.667	1.0
328	3.0	0.0	2.0	0.0	2.0040000000000004	6.9959999999999996	2.0
329	0.0	6.0	0.0	4.0	2.9990000000000006	12.001	3.0
330	5.0	0.0	2.0	0.0	5.0	10.0	2.0
331	3.0	0.0	2.0	0.0	3.468	5.532	2.0
332	1.0	3.0	1.0	1.0	1.3330000000000002	4.667	1.0
333	4.0	1.0	4.0	0.0	4.0040000000000004	10.995999999999999	4.0
334	1.0	7.0	1.0	4.0	4.335000000000001	16.665	5.0
335	6.0	0.0	3.0	0.0	6.868	11.132	3.0
336	4.0	0.0	3.0	0.0	4.0	8.0	3.0
337	3.0	3.0	1.0	2.0	1.998000000000001	16.002	3.0
338	2.0	2.0	1.0	1.0	1.3320000000000007	10.668	2.0
339	4.0	0.0	3.0	0.0	1.3320000000000007	10.668	3.0
340	6.0	1.0	5.0	1.0	4.340000000000001	13.66	5.0
341	5.0	5.0	2.0	2.0	6.9990000000000006	20.000999999999998	3.0
342	2.0	8.0	2.0	4.0	4.667000000000001	16.333	4.0
343	4.0	1.0	0.0	0.0	4.136	7.863999999999999	0.0
344	3.0	0.0	1.0	0.0	0.9990000000000006	8.001	1.0
345	4.0	6.0	3.0	2.0	4.9990000000000006	16.000999999999998	3.0
346	2.0	4.0	1.0	1.0	3.3340000000000005	11.666	2.0
347	2.0	2.0	0.0	2.0	2.0020000000000007	9.998	2.0
348	5.0	10.0	4.0	4.0	5.665000000000001	21.335	5.0
349	1.0	0.0	0.0	0.0	0.3330000000000002	2.667	0.0
350	3.0	3.0	0.0	3.0	1.998000000000001	16.002	3.0
351	5.0	4.0	3.0	3.0	5.0040000000000004	12.995999999999999	4.0
352	4.0	0.0	2.0	0.0	4.0	8.0	2.0
353	1.0	0.0	1.0	0.0	0.3330000000000002	2.667	1.0
354	5.0	0.0	3.0	0.0	5.0	10.0	3.0
355	1.0	4.0	0.0	2.0	2.333	9.667	2.0
356	1.0	1.0	0.0	1.0	0.6660000000000004	5.334	1.0
357	0.0	4.0	0.0	4.0	0.0	6.0	2.0
358	5.0	1.0	2.0	0.0	3.4040000000000004	8.596	2.0
359	5.0	2.0	4.0	0.0	6.468	11.532	4.0
360	3.0	3.0	3.0	2.0	2.3320000000000007	12.668	4.0
361	3.0	0.0	2.0	0.0	0.9990000000000006	8.001	2.0
362	6.0	0.0	2.0	0.0	6.0	12.0	2.0
363	5.0	2.0	1.0	0.0	4.003000000000001	16.997	1.0
364	3.0	4.0	1.0	1.0	3.3340000000000005	14.666	2.0
365	4.0	3.0	4.0	1.0	5.0	10.0	4.0
366	6.0	0.0	3.0	0.0	6.0	12.0	3.0
367	2.0	8.0	1.0	4.0	6.399000000000001	17.601	3.0
368	6.0	4.0	4.0	2.0	8.0	16.0	4.0
369	6.0	6.0	3.0	3.0	8.333	18.667	5.0
370	5.0	5.0	3.0	4.0	6.333	14.667	5.0
371	5.0	0.0	3.0	0.0	5.468	9.532	3.0
372	5.0	3.0	3.0	0.0	7.4	13.6	3.0
373	6.0	4.0	2.0	2.0	9.0	18.0	4.0
374	5.0	3.0	3.0	3.0	6.0	12.0	4.0
375	3.0	2.0	1.0	1.0	5.0	10.0	2.0
376	4.0	2.0	1.0	2.0	6.0	12.0	3.0
377	3.0	2.0	2.0	1.0	4.333	10.667	3.0
378	0.0	3.0	0.0	3.0	2.0040000000000004	6.9959999999999996	3.0
379	5.0	2.0	3.0	1.0	6.333	14.667	4.0
380	1.0	5.0	1.0	3.0	1.6670000000000007	13.333	3.0
381	3.0	4.0	3.0	1.0	3.9990000000000006	14.001	4.0
382	3.0	6.0	1.0	2.0	3.6660000000000004	14.334	2.0
383	5.0	7.0	2.0	4.0	5.9990000000000006	18.000999999999998	5.0
384	5.0	5.0	4.0	3.0	6.333	14.667	4.0
385	5.0	1.0	2.0	0.0	4.002000000000001	13.998	2.0
386	6.0	4.0	3.0	3.0	7.666	19.334000000000003	5.0
387	4.0	1.0	2.0	0.0	3.3360000000000003	8.664	2.0
388	3.0	5.0	1.0	3.0	6.001	14.999	3.0
389	3.0	6.0	3.0	1.0	3.998000000000001	20.002	4.0
390	3.0	2.0	1.0	1.0	1.6660000000000004	7.334	2.0
391	2.0	3.0	1.0	2.0	1.9990000000000006	10.001	2.0
392	0.0	0.0	0.0	0.0	0.0	0.0	0.0
393	0.0	0.0	0.0	0.0	0.0	0.0	0.0
