all_syn	all_nonSyn	tip_syn	tip_nonSyn	S	N	comparisons
001	0.0	0.0	0.0	0.0	0.0	0.0	0.0
002	0.0	0.0	0.0	0.0	0.0	0.0	0.0
003	0.0	0.0	0.0	0.0	0.0	0.0	0.0
004	0.0	0.0	0.0	0.0	0.0	0.0	0.0
005	0.0	0.0	0.0	0.0	0.0	0.0	0.0
006	0.0	0.0	0.0	0.0	0.0	0.0	0.0
007	0.0	0.0	0.0	0.0	0.0	0.0	0.0
008	0.0	0.0	0.0	0.0	0.0	0.0	0.0
009	0.0	0.0	0.0	0.0	0.0	0.0	0.0
010	1.0	0.0	1.0	0.0	1.0	2.0	1.0
011	2.0	0.0	1.0	0.0	2.0	4.0	1.0
012	0.0	0.0	0.0	0.0	0.0	0.0	0.0
013	1.0	3.0	0.0	1.0	1.3330000000000002	4.667	1.0
014	2.0	1.0	0.0	0.0	1.0	2.0	0.0
015	1.0	0.0	0.0	0.0	1.0	2.0	0.0
016	0.0	2.0	0.0	0.0	2.0	4.0	0.0
017	0.0	0.0	0.0	0.0	0.0	0.0	0.0
018	1.0	1.0	1.0	0.0	2.0	4.0	1.0
019	0.0	2.0	0.0	1.0	1.3330000000000002	4.667	1.0
020	0.0	1.0	0.0	0.0	1.4	1.6	0.0
021	1.0	2.0	0.0	1.0	1.3330000000000002	4.667	1.0
022	1.0	4.0	1.0	2.0	2.0	10.0	2.0
023	2.0	4.0	2.0	2.0	1.3340000000000005	7.6659999999999995	2.0
024	2.0	0.0	2.0	0.0	0.6660000000000004	5.334	2.0
025	2.0	0.0	2.0	0.0	2.0	4.0	2.0
026	0.0	0.0	0.0	0.0	0.0	0.0	0.0
027	0.0	0.0	0.0	0.0	0.0	0.0	0.0
028	0.0	0.0	0.0	0.0	0.0	0.0	0.0
029	2.0	0.0	0.0	0.0	2.0	4.0	0.0
030	2.0	0.0	1.0	0.0	0.6660000000000004	5.334	1.0
031	1.0	0.0	0.0	0.0	0.3330000000000002	2.667	0.0
032	2.0	0.0	0.0	0.0	2.0	4.0	0.0
033	2.0	1.0	1.0	0.0	2.0	7.0	1.0
034	0.0	0.0	0.0	0.0	0.0	0.0	0.0
035	0.0	2.0	0.0	1.0	0.6660000000000004	5.334	1.0
036	2.0	0.0	1.0	0.0	2.4	3.6	1.0
037	0.0	0.0	0.0	0.0	0.0	0.0	0.0
038	1.0	3.0	0.0	1.0	1.3330000000000002	4.667	1.0
039	1.0	1.0	0.0	0.0	0.3330000000000002	2.667	0.0
040	1.0	0.0	0.0	0.0	1.4	1.6	0.0
041	1.0	0.0	0.0	0.0	0.3330000000000002	2.667	0.0
042	2.0	3.0	1.0	1.0	3.0	6.0	1.0
043	1.0	2.0	1.0	0.0	0.6660000000000004	5.334	1.0
044	1.0	2.0	0.0	0.0	0.3330000000000002	2.667	0.0
045	1.0	1.0	0.0	0.0	1.0	2.0	0.0
046	2.0	0.0	0.0	0.0	2.0	4.0	0.0
047	1.0	3.0	0.0	1.0	0.9990000000000006	8.001	1.0
048	3.0	0.0	1.0	0.0	3.4	5.6	1.0
049	0.0	0.0	0.0	0.0	0.0	0.0	0.0
050	2.0	0.0	1.0	0.0	0.6660000000000004	5.334	1.0
051	0.0	0.0	0.0	0.0	0.0	0.0	0.0
052	2.0	0.0	1.0	0.0	2.0	4.0	1.0
053	1.0	0.0	0.0	0.0	1.4	1.6	0.0
054	1.0	0.0	1.0	0.0	0.3330000000000002	2.667	1.0
055	2.0	1.0	1.0	0.0	1.3330000000000002	4.667	1.0
056	2.0	0.0	0.0	0.0	2.0	4.0	0.0
057	1.0	0.0	0.0	0.0	1.4	1.6	0.0
058	1.0	2.0	1.0	1.0	0.9990000000000006	8.001	2.0
059	0.0	1.0	0.0	1.0	0.3330000000000002	2.667	1.0
060	1.0	0.0	0.0	0.0	0.6680000000000001	2.332	0.0
061	0.0	0.0	0.0	0.0	0.0	0.0	0.0
062	1.0	0.0	0.0	0.0	0.3330000000000002	2.667	0.0
063	1.0	0.0	1.0	0.0	1.0	2.0	1.0
064	0.0	0.0	0.0	0.0	0.0	0.0	0.0
065	1.0	0.0	0.0	0.0	0.3330000000000002	2.667	0.0
066	0.0	0.0	0.0	0.0	0.0	0.0	0.0
067	2.0	0.0	1.0	0.0	2.0	4.0	1.0
068	2.0	1.0	2.0	0.0	0.9990000000000006	8.001	2.0
069	1.0	0.0	1.0	0.0	0.3330000000000002	2.667	1.0
070	0.0	1.0	0.0	1.0	0.6680000000000001	2.332	1.0
071	1.0	0.0	1.0	0.0	1.4	1.6	1.0
072	0.0	0.0	0.0	0.0	0.0	0.0	0.0
073	3.0	1.0	3.0	0.0	2.3340000000000005	9.666	3.0
074	2.0	0.0	1.0	0.0	1.3360000000000003	4.664	1.0
075	0.0	1.0	0.0	1.0	1.4	1.6	1.0
076	0.0	1.0	0.0	1.0	0.3330000000000002	2.667	1.0
077	1.0	0.0	1.0	0.0	1.0	2.0	1.0
078	0.0	0.0	0.0	0.0	0.0	0.0	0.0
079	0.0	0.0	0.0	0.0	0.0	0.0	0.0
080	2.0	0.0	1.0	0.0	2.0	4.0	1.0
081	0.0	0.0	0.0	0.0	0.0	0.0	0.0
082	0.0	5.0	0.0	4.0	2.6660000000000004	9.334	3.0
083	0.0	0.0	0.0	0.0	0.0	0.0	0.0
084	2.0	0.0	1.0	0.0	2.0	4.0	1.0
085	1.0	0.0	1.0	0.0	0.3330000000000002	2.667	1.0
086	1.0	0.0	1.0	0.0	0.6680000000000001	2.332	1.0
087	1.0	0.0	1.0	0.0	0.3330000000000002	2.667	1.0
088	0.0	0.0	0.0	0.0	0.0	0.0	0.0
089	0.0	0.0	0.0	0.0	0.0	0.0	0.0
090	0.0	0.0	0.0	0.0	0.0	0.0	0.0
091	0.0	0.0	0.0	0.0	0.0	0.0	0.0
092	0.0	0.0	0.0	0.0	0.0	0.0	0.0
093	0.0	0.0	0.0	0.0	0.0	0.0	0.0
094	0.0	0.0	0.0	0.0	0.0	0.0	0.0
095	0.0	0.0	0.0	0.0	0.0	0.0	0.0
096	0.0	0.0	0.0	0.0	0.0	0.0	0.0
097	0.0	0.0	0.0	0.0	0.0	0.0	0.0
098	0.0	0.0	0.0	0.0	0.0	0.0	0.0
099	0.0	0.0	0.0	0.0	0.0	0.0	0.0
100	0.0	0.0	0.0	0.0	0.0	0.0	0.0
101	0.0	0.0	0.0	0.0	0.0	0.0	0.0
102	0.0	0.0	0.0	0.0	0.0	0.0	0.0
103	0.0	0.0	0.0	0.0	0.0	0.0	0.0
104	0.0	0.0	0.0	0.0	0.0	0.0	0.0
105	0.0	0.0	0.0	0.0	0.0	0.0	0.0
106	0.0	0.0	0.0	0.0	0.0	0.0	0.0
107	0.0	0.0	0.0	0.0	0.0	0.0	0.0
108	0.0	0.0	0.0	0.0	0.0	0.0	0.0
109	0.0	0.0	0.0	0.0	0.0	0.0	0.0
110	0.0	0.0	0.0	0.0	0.0	0.0	0.0
111	0.0	0.0	0.0	0.0	0.0	0.0	0.0
112	0.0	0.0	0.0	0.0	0.0	0.0	0.0
113	0.0	0.0	0.0	0.0	0.0	0.0	0.0
114	0.0	0.0	0.0	0.0	0.0	0.0	0.0
115	0.0	0.0	0.0	0.0	0.0	0.0	0.0
116	0.0	0.0	0.0	0.0	0.0	0.0	0.0
117	0.0	0.0	0.0	0.0	0.0	0.0	0.0
118	0.0	0.0	0.0	0.0	0.0	0.0	0.0
119	0.0	0.0	0.0	0.0	0.0	0.0	0.0
120	0.0	0.0	0.0	0.0	0.0	0.0	0.0
121	0.0	0.0	0.0	0.0	0.0	0.0	0.0
122	0.0	0.0	0.0	0.0	0.0	0.0	0.0
123	0.0	0.0	0.0	0.0	0.0	0.0	0.0
124	0.0	0.0	0.0	0.0	0.0	0.0	0.0
125	0.0	0.0	0.0	0.0	0.0	0.0	0.0
126	0.0	0.0	0.0	0.0	0.0	0.0	0.0
127	0.0	1.0	0.0	0.0	0.3330000000000002	2.667	0.0
128	1.0	0.0	1.0	0.0	0.3330000000000002	2.667	1.0
129	1.0	0.0	0.0	0.0	1.0	2.0	0.0
130	3.0	2.0	1.0	0.0	3.0	6.0	1.0
131	1.0	0.0	0.0	0.0	0.3330000000000002	2.667	0.0
132	1.0	0.0	0.0	0.0	1.0	2.0	0.0
133	0.0	0.0	0.0	0.0	0.0	0.0	0.0
134	1.0	0.0	1.0	0.0	0.3330000000000002	2.667	1.0
135	1.0	0.0	1.0	0.0	1.0	2.0	1.0
136	1.0	0.0	0.0	0.0	0.3330000000000002	2.667	0.0
137	0.0	3.0	0.0	2.0	2.3360000000000003	6.664	2.0
138	1.0	0.0	0.0	0.0	0.3330000000000002	2.667	0.0
139	2.0	0.0	0.0	0.0	2.0	4.0	0.0
140	0.0	1.0	0.0	0.0	1.4	1.6	0.0
141	2.0	1.0	1.0	0.0	2.0040000000000004	6.9959999999999996	1.0
142	2.0	0.0	2.0	0.0	2.068	3.932	2.0
143	1.0	0.0	1.0	0.0	0.3330000000000002	2.667	1.0
144	0.0	1.0	0.0	0.0	0.3330000000000002	2.667	0.0
145	2.0	0.0	1.0	0.0	2.0	4.0	1.0
146	1.0	0.0	0.0	0.0	0.6680000000000001	2.332	0.0
147	2.0	0.0	0.0	0.0	0.6660000000000004	5.334	0.0
148	1.0	1.0	0.0	0.0	1.0	2.0	0.0
149	1.0	0.0	1.0	0.0	0.3330000000000002	2.667	1.0
150	2.0	0.0	1.0	0.0	0.6660000000000004	5.334	1.0
151	1.0	1.0	0.0	0.0	0.6660000000000004	5.334	0.0
152	3.0	0.0	2.0	0.0	3.0	6.0	2.0
153	3.0	1.0	1.0	0.0	2.333	6.667	1.0
154	2.0	0.0	1.0	0.0	2.4	3.6	1.0
155	0.0	0.0	0.0	0.0	0.0	0.0	0.0
156	0.0	0.0	0.0	0.0	0.0	0.0	0.0
157	2.0	2.0	1.0	1.0	2.333	6.667	1.0
158	0.0	0.0	0.0	0.0	0.0	0.0	0.0
159	0.0	1.0	0.0	1.0	1.0	2.0	1.0
160	0.0	0.0	0.0	0.0	0.0	0.0	0.0
161	1.0	1.0	0.0	0.0	1.0	2.0	0.0
162	1.0	0.0	0.0	0.0	1.0	2.0	0.0
163	0.0	0.0	0.0	0.0	0.0	0.0	0.0
164	4.0	1.0	2.0	0.0	2.0010000000000003	6.999	1.0
165	2.0	0.0	1.0	0.0	2.0	4.0	1.0
166	1.0	0.0	0.0	0.0	1.0	2.0	0.0
167	1.0	0.0	1.0	0.0	1.0	2.0	1.0
168	2.0	0.0	0.0	0.0	2.4	3.6	0.0
169	1.0	0.0	1.0	0.0	1.0	2.0	1.0
170	0.0	0.0	0.0	0.0	0.0	0.0	0.0
171	0.0	0.0	0.0	0.0	0.0	0.0	0.0
172	0.0	0.0	0.0	0.0	0.0	0.0	0.0
173	2.0	0.0	1.0	0.0	2.0	4.0	1.0
174	1.0	0.0	1.0	0.0	0.3330000000000002	2.667	1.0
175	0.0	1.0	0.0	1.0	0.6680000000000001	2.332	1.0
176	3.0	3.0	1.0	0.0	2.665000000000001	15.334999999999999	1.0
177	0.0	1.0	0.0	0.0	1.0	2.0	0.0
178	1.0	0.0	0.0	0.0	0.3330000000000002	2.667	0.0
179	1.0	0.0	0.0	0.0	0.3330000000000002	2.667	0.0
180	1.0	2.0	1.0	0.0	1.3330000000000002	4.667	1.0
181	1.0	0.0	1.0	0.0	0.3330000000000002	2.667	1.0
182	2.0	1.0	1.0	1.0	1.3360000000000003	7.664	2.0
183	0.0	0.0	0.0	0.0	0.0	0.0	0.0
184	0.0	1.0	0.0	0.0	1.4	1.6	0.0
185	0.0	0.0	0.0	0.0	0.0	0.0	0.0
186	0.0	0.0	0.0	0.0	0.0	0.0	0.0
187	1.0	0.0	0.0	0.0	0.3330000000000002	2.667	0.0
188	1.0	0.0	0.0	0.0	1.0	2.0	0.0
189	1.0	1.0	0.0	0.0	0.6660000000000004	5.334	0.0
190	1.0	0.0	0.0	0.0	0.6680000000000001	2.332	0.0
191	0.0	1.0	0.0	0.0	1.0	2.0	0.0
192	2.0	0.0	0.0	0.0	0.6660000000000004	5.334	0.0
193	2.0	1.0	1.0	0.0	1.3330000000000002	4.667	1.0
194	1.0	0.0	0.0	0.0	0.3330000000000002	2.667	0.0
195	0.0	0.0	0.0	0.0	0.0	0.0	0.0
196	3.0	0.0	1.0	0.0	2.3360000000000003	6.664	1.0
197	1.0	0.0	0.0	0.0	0.3330000000000002	2.667	0.0
198	1.0	0.0	0.0	0.0	0.3330000000000002	2.667	0.0
199	2.0	0.0	0.0	0.0	2.4	3.6	0.0
200	3.0	0.0	2.0	0.0	2.736	6.263999999999999	2.0
201	1.0	0.0	1.0	0.0	0.3330000000000002	2.667	1.0
202	0.0	0.0	0.0	0.0	0.0	0.0	0.0
203	2.0	0.0	1.0	0.0	2.0	4.0	1.0
204	1.0	2.0	0.0	0.0	2.0	4.0	0.0
205	1.0	2.0	1.0	2.0	1.3330000000000002	4.667	2.0
206	2.0	1.0	2.0	0.0	0.9990000000000006	8.001	2.0
207	1.0	2.0	0.0	2.0	2.333	6.667	2.0
208	1.0	1.0	1.0	0.0	0.6660000000000004	5.334	1.0
209	2.0	0.0	1.0	0.0	2.0	4.0	1.0
210	1.0	0.0	0.0	0.0	1.0	2.0	0.0
211	4.0	0.0	1.0	0.0	3.4	5.6	1.0
212	0.0	1.0	0.0	0.0	0.3330000000000002	2.667	0.0
213	2.0	0.0	1.0	0.0	2.0	4.0	1.0
214	1.0	0.0	0.0	0.0	1.0	2.0	0.0
215	2.0	0.0	0.0	0.0	2.4	3.6	0.0
216	0.0	4.0	0.0	0.0	0.9990000000000006	8.001	0.0
217	2.0	2.0	0.0	0.0	1.3320000000000007	10.668	0.0
218	1.0	0.0	0.0	0.0	0.3330000000000002	2.667	0.0
219	1.0	0.0	0.0	0.0	1.0	2.0	0.0
220	1.0	0.0	0.0	0.0	1.0	2.0	0.0
221	2.0	0.0	1.0	0.0	1.3360000000000003	4.664	1.0
222	0.0	0.0	0.0	0.0	0.0	0.0	0.0
223	1.0	0.0	1.0	0.0	1.0	2.0	1.0
224	0.0	0.0	0.0	0.0	0.0	0.0	0.0
225	3.0	1.0	1.0	0.0	4.0	8.0	1.0
226	2.0	0.0	1.0	0.0	2.0	4.0	1.0
227	2.0	0.0	1.0	0.0	0.6660000000000004	5.334	1.0
228	1.0	0.0	0.0	0.0	1.0	2.0	0.0
229	1.0	0.0	1.0	0.0	0.3330000000000002	2.667	1.0
230	1.0	0.0	1.0	0.0	1.0	2.0	1.0
231	0.0	0.0	0.0	0.0	0.0	0.0	0.0
232	1.0	0.0	0.0	0.0	1.0	2.0	0.0
233	0.0	0.0	0.0	0.0	0.0	0.0	0.0
234	0.0	0.0	0.0	0.0	0.0	0.0	0.0
235	1.0	0.0	0.0	0.0	0.3330000000000002	2.667	0.0
236	0.0	0.0	0.0	0.0	0.0	0.0	0.0
237	0.0	0.0	0.0	0.0	0.0	0.0	0.0
238	1.0	0.0	1.0	0.0	0.3330000000000002	2.667	1.0
239	0.0	1.0	0.0	1.0	0.3330000000000002	2.667	1.0
240	0.0	1.0	0.0	1.0	1.0	2.0	1.0
241	0.0	0.0	0.0	0.0	0.0	0.0	0.0
242	0.0	0.0	0.0	0.0	0.0	0.0	0.0
243	0.0	0.0	0.0	0.0	0.0	0.0	0.0
244	0.0	0.0	0.0	0.0	0.0	0.0	0.0
245	0.0	0.0	0.0	0.0	0.0	0.0	0.0
246	0.0	0.0	0.0	0.0	0.0	0.0	0.0
247	1.0	0.0	0.0	0.0	1.0	2.0	0.0
248	0.0	1.0	0.0	0.0	0.3330000000000002	2.667	0.0
249	2.0	0.0	1.0	0.0	2.0	4.0	1.0
250	0.0	0.0	0.0	0.0	0.0	0.0	0.0
251	0.0	0.0	0.0	0.0	0.0	0.0	0.0
252	2.0	0.0	1.0	0.0	2.0	4.0	1.0
253	1.0	0.0	0.0	0.0	1.0	2.0	0.0
254	1.0	0.0	0.0	0.0	0.6680000000000001	2.332	0.0
255	2.0	0.0	1.0	0.0	2.068	3.932	1.0
256	2.0	0.0	1.0	0.0	1.6680000000000001	4.332	1.0
257	2.0	0.0	1.0	0.0	1.3360000000000003	4.664	1.0
258	1.0	0.0	0.0	0.0	1.0	2.0	0.0
259	1.0	0.0	1.0	0.0	1.0	2.0	1.0
260	1.0	1.0	1.0	1.0	2.0	4.0	2.0
261	2.0	3.0	1.0	3.0	3.333	8.667	3.0
262	2.0	4.0	0.0	2.0	1.6660000000000004	7.334	1.0
263	2.0	4.0	1.0	2.0	2.333	6.667	1.0
264	1.0	5.0	0.0	3.0	1.3320000000000007	10.668	2.0
265	2.0	4.0	0.0	2.0	5.0	10.0	2.0
266	2.0	2.0	1.0	0.0	2.333	6.667	1.0
267	0.0	0.0	0.0	0.0	0.0	0.0	0.0
268	0.0	2.0	0.0	0.0	1.0	2.0	0.0
269	0.0	2.0	0.0	0.0	0.6660000000000004	5.334	0.0
270	2.0	3.0	0.0	0.0	2.668	6.332	0.0
271	0.0	7.0	0.0	3.0	5.666	15.334	3.0
272	1.0	3.0	1.0	2.0	1.3330000000000002	4.667	1.0
273	2.0	2.0	0.0	2.0	3.0	6.0	1.0
274	1.0	4.0	0.0	2.0	3.0010000000000003	8.998999999999999	2.0
275	1.0	2.0	0.0	1.0	3.0	6.0	1.0
276	1.0	1.0	0.0	1.0	0.6660000000000004	5.334	1.0
277	1.0	5.0	0.0	2.0	4.333	10.667	1.0
278	1.0	1.0	0.0	1.0	0.6660000000000004	5.334	1.0
279	2.0	0.0	2.0	0.0	2.0	4.0	2.0
280	2.0	1.0	0.0	0.0	2.0	4.0	0.0
281	1.0	2.0	0.0	0.0	0.0	3.0	0.0
282	0.0	0.0	0.0	0.0	0.0	0.0	0.0
283	1.0	3.0	0.0	1.0	2.0	4.0	1.0
284	0.0	0.0	0.0	0.0	0.0	0.0	0.0
285	0.0	1.0	0.0	0.0	1.0	2.0	0.0
286	0.0	0.0	0.0	0.0	0.0	0.0	0.0
287	0.0	0.0	0.0	0.0	0.0	0.0	0.0
288	1.0	0.0	0.0	0.0	1.0	2.0	0.0
289	1.0	3.0	0.0	3.0	1.6660000000000004	7.334	2.0
290	2.0	2.0	1.0	2.0	1.3330000000000002	4.667	1.0
291	1.0	4.0	0.0	3.0	1.9990000000000006	10.001	2.0
292	3.0	2.0	1.0	0.0	2.6660000000000004	9.334	1.0
293	2.0	1.0	0.0	0.0	1.3330000000000002	4.667	0.0
294	1.0	1.0	0.0	0.0	1.0	2.0	0.0
295	2.0	2.0	0.0	0.0	1.3330000000000002	4.667	0.0
296	0.0	0.0	0.0	0.0	0.0	0.0	0.0
297	2.0	1.0	1.0	1.0	2.0	4.0	1.0
298	2.0	3.0	1.0	1.0	3.333	8.667	2.0
299	1.0	1.0	0.0	0.0	1.6680000000000001	4.332	0.0
300	0.0	2.0	0.0	1.0	2.0	4.0	1.0
301	1.0	1.0	0.0	1.0	0.6660000000000004	5.334	1.0
302	2.0	4.0	0.0	1.0	5.468	9.532	1.0
303	1.0	2.0	0.0	1.0	3.0	6.0	1.0
304	2.0	2.0	2.0	1.0	2.333	6.667	2.0
305	3.0	2.0	1.0	0.0	3.0	6.0	1.0
306	1.0	2.0	0.0	0.0	3.0	6.0	0.0
307	2.0	2.0	1.0	0.0	3.333	8.667	1.0
308	1.0	2.0	0.0	0.0	2.0	4.0	0.0
309	0.0	2.0	0.0	0.0	1.3330000000000002	4.667	0.0
310	0.0	6.0	0.0	4.0	2.665000000000001	15.334999999999999	4.0
311	2.0	1.0	0.0	1.0	1.6660000000000004	7.334	1.0
312	2.0	3.0	0.0	0.0	3.0	6.0	0.0
313	0.0	1.0	0.0	0.0	1.0	2.0	0.0
314	1.0	1.0	1.0	0.0	2.0	4.0	1.0
315	1.0	1.0	0.0	1.0	1.3330000000000002	4.667	1.0
316	1.0	1.0	0.0	0.0	0.3330000000000002	2.667	0.0
317	1.0	0.0	0.0	0.0	1.0	2.0	0.0
318	1.0	1.0	1.0	0.0	2.0	4.0	1.0
319	2.0	5.0	1.0	2.0	1.9990000000000006	10.001	1.0
320	1.0	2.0	1.0	0.0	2.0	4.0	1.0
321	0.0	2.0	0.0	2.0	2.0	4.0	2.0
322	0.0	1.0	0.0	1.0	1.0	2.0	1.0
323	2.0	0.0	1.0	0.0	0.6660000000000004	5.334	1.0
324	1.0	3.0	0.0	1.0	1.6680000000000001	4.332	1.0
325	1.0	2.0	0.0	0.0	0.3330000000000002	2.667	0.0
326	0.0	2.0	0.0	0.0	1.0010000000000003	4.999	0.0
327	2.0	2.0	1.0	0.0	3.0	6.0	1.0
328	1.0	2.0	0.0	0.0	1.3330000000000002	4.667	0.0
329	1.0	1.0	0.0	0.0	1.0	2.0	0.0
330	2.0	0.0	1.0	0.0	2.0	4.0	1.0
331	2.0	1.0	1.0	0.0	2.0	4.0	1.0
332	2.0	3.0	0.0	0.0	3.668	8.332	0.0
333	1.0	3.0	0.0	0.0	3.0	6.0	0.0
334	1.0	5.0	1.0	1.0	2.000000000000001	12.999999999999998	2.0
335	2.0	3.0	1.0	1.0	4.0	8.0	2.0
336	2.0	4.0	1.0	2.0	1.6660000000000004	7.334	1.0
337	0.0	4.0	0.0	2.0	3.3360000000000003	8.664	2.0
338	2.0	1.0	2.0	1.0	2.0	4.0	2.0
339	1.0	1.0	0.0	0.0	1.0	2.0	0.0
340	1.0	1.0	0.0	0.0	1.0	2.0	0.0
341	1.0	1.0	1.0	1.0	1.0	2.0	1.0
342	1.0	0.0	0.0	0.0	1.0	2.0	0.0
343	1.0	3.0	0.0	1.0	1.6680000000000001	4.332	1.0
344	2.0	3.0	0.0	0.0	3.333	8.667	0.0
345	0.0	2.0	0.0	0.0	2.0	4.0	0.0
346	1.0	1.0	0.0	0.0	2.0	4.0	0.0
347	1.0	2.0	0.0	0.0	1.0	2.0	0.0
348	1.0	1.0	0.0	0.0	1.0	2.0	0.0
349	2.0	1.0	0.0	0.0	2.0	4.0	0.0
350	2.0	2.0	1.0	1.0	4.0	8.0	2.0
351	1.0	2.0	0.0	0.0	1.0	2.0	0.0
352	0.0	3.0	0.0	2.0	1.6690000000000005	7.3309999999999995	2.0
353	1.0	3.0	1.0	1.0	1.3330000000000002	4.667	1.0
354	2.0	2.0	1.0	2.0	3.0	6.0	2.0
355	0.0	1.0	0.0	1.0	0.3330000000000002	2.667	1.0
356	1.0	2.0	1.0	1.0	1.6680000000000001	4.332	1.0
357	1.0	4.0	1.0	2.0	3.668	8.332	2.0
358	0.0	4.0	0.0	2.0	1.6660000000000004	7.334	2.0
359	1.0	2.0	1.0	2.0	1.3330000000000002	4.667	2.0
360	1.0	4.0	1.0	2.0	2.333	6.667	2.0
361	1.0	1.0	0.0	1.0	0.6660000000000004	5.334	1.0
362	3.0	4.0	1.0	0.0	4.0	8.0	1.0
363	1.0	5.0	0.0	2.0	1.6660000000000004	7.334	1.0
364	0.0	3.0	0.0	2.0	0.3330000000000002	5.667	1.0
365	0.0	2.0	0.0	0.0	1.0	2.0	0.0
366	1.0	1.0	1.0	1.0	1.3330000000000002	4.667	2.0
367	2.0	1.0	1.0	0.0	3.0	6.0	1.0
368	2.0	2.0	1.0	0.0	1.3330000000000002	4.667	1.0
369	2.0	0.0	1.0	0.0	2.0	4.0	1.0
370	2.0	0.0	1.0	0.0	2.4	3.6	1.0
371	1.0	0.0	1.0	0.0	0.3330000000000002	2.667	1.0
372	1.0	1.0	0.0	0.0	2.0	4.0	0.0
373	1.0	3.0	0.0	1.0	2.333	6.667	1.0
374	0.0	2.0	0.0	1.0	2.0	4.0	1.0
375	0.0	3.0	0.0	1.0	1.3330000000000002	7.667	1.0
376	1.0	1.0	0.0	1.0	2.0	4.0	1.0
377	1.0	2.0	0.0	0.0	1.0	2.0	0.0
378	0.0	0.0	0.0	0.0	0.0	0.0	0.0
379	0.0	3.0	0.0	1.0	1.6660000000000004	7.334	1.0
380	1.0	3.0	0.0	1.0	1.3330000000000002	4.667	1.0
381	1.0	3.0	1.0	2.0	1.6660000000000004	7.334	2.0
382	2.0	2.0	1.0	1.0	4.0	8.0	2.0
383	1.0	2.0	0.0	0.0	1.3330000000000002	4.667	0.0
384	0.0	2.0	0.0	0.0	1.3330000000000002	4.667	0.0
385	1.0	3.0	1.0	2.0	2.0	4.0	1.0
386	0.0	3.0	0.0	2.0	2.0	4.0	1.0
387	2.0	1.0	1.0	0.0	2.0	4.0	1.0
388	0.0	1.0	0.0	0.0	1.0	2.0	0.0
389	1.0	3.0	1.0	2.0	2.668	6.332	2.0
390	1.0	3.0	1.0	0.0	3.668	8.332	1.0
391	1.0	1.0	0.0	0.0	0.6660000000000004	5.334	0.0
392	0.0	2.0	0.0	0.0	1.0	2.0	0.0
393	0.0	1.0	0.0	0.0	1.0	2.0	0.0
394	0.0	1.0	0.0	0.0	1.0	2.0	0.0
395	0.0	1.0	0.0	0.0	1.0	2.0	0.0
396	0.0	0.0	0.0	0.0	0.0	0.0	0.0
397	0.0	2.0	0.0	0.0	0.3330000000000002	2.667	0.0
398	1.0	2.0	1.0	1.0	3.0	6.0	2.0
399	1.0	2.0	1.0	0.0	1.3330000000000002	4.667	1.0
400	2.0	2.0	1.0	0.0	1.6680000000000001	4.332	1.0
401	1.0	3.0	0.0	1.0	0.9990000000000006	8.001	1.0
402	0.0	3.0	0.0	0.0	3.0	6.0	0.0
403	1.0	2.0	0.0	0.0	1.0	2.0	0.0
404	2.0	0.0	0.0	0.0	2.0	4.0	0.0
405	0.0	0.0	0.0	0.0	0.0	0.0	0.0
406	1.0	4.0	1.0	1.0	2.6660000000000004	9.334	1.0
407	1.0	3.0	0.0	1.0	0.9990000000000006	8.001	1.0
408	1.0	2.0	0.0	0.0	0.3330000000000002	2.667	0.0
409	1.0	1.0	0.0	0.0	1.0	2.0	0.0
410	0.0	0.0	0.0	0.0	0.0	0.0	0.0
411	0.0	0.0	0.0	0.0	0.0	0.0	0.0
412	1.0	0.0	1.0	0.0	1.0	2.0	1.0
413	1.0	1.0	0.0	0.0	1.0	2.0	0.0
414	2.0	1.0	1.0	0.0	2.0	4.0	1.0
415	0.0	3.0	0.0	1.0	1.3330000000000002	4.667	1.0
416	2.0	3.0	1.0	1.0	1.6660000000000004	7.334	1.0
417	1.0	2.0	0.0	1.0	1.3330000000000002	4.667	1.0
418	2.0	1.0	1.0	0.0	2.0	4.0	1.0
419	1.0	3.0	0.0	1.0	1.3330000000000002	4.667	1.0
420	2.0	1.0	0.0	1.0	3.0	6.0	1.0
421	1.0	3.0	0.0	0.0	2.333	6.667	0.0
422	1.0	2.0	0.0	0.0	1.3330000000000002	4.667	0.0
423	0.0	0.0	0.0	0.0	0.0	0.0	0.0
424	1.0	1.0	0.0	0.0	0.3330000000000002	2.667	0.0
425	1.0	1.0	0.0	0.0	1.0	2.0	0.0
426	0.0	1.0	0.0	0.0	0.3330000000000002	2.667	0.0
427	2.0	0.0	0.0	0.0	1.3360000000000003	4.664	0.0
428	1.0	0.0	0.0	0.0	1.0	2.0	0.0
429	1.0	2.0	0.0	0.0	0.3330000000000002	2.667	0.0
430	0.0	2.0	0.0	1.0	1.3330000000000002	4.667	1.0
431	2.0	2.0	1.0	0.0	2.668	6.332	1.0
432	1.0	0.0	1.0	0.0	1.0	2.0	1.0
433	0.0	0.0	0.0	0.0	0.0	0.0	0.0
434	0.0	0.0	0.0	0.0	0.0	0.0	0.0
435	1.0	0.0	0.0	0.0	1.0	2.0	0.0
436	1.0	0.0	1.0	0.0	0.3330000000000002	2.667	1.0
437	1.0	0.0	0.0	0.0	0.3330000000000002	2.667	0.0
438	2.0	2.0	0.0	1.0	3.3360000000000003	8.664	1.0
439	1.0	0.0	0.0	0.0	1.0	2.0	0.0
440	0.0	0.0	0.0	0.0	0.0	0.0	0.0
441	0.0	0.0	0.0	0.0	0.0	0.0	0.0
442	0.0	0.0	0.0	0.0	0.0	0.0	0.0
443	1.0	0.0	0.0	0.0	1.0	2.0	0.0
444	1.0	0.0	0.0	0.0	1.0	2.0	0.0
445	1.0	0.0	0.0	0.0	1.0	2.0	0.0
446	3.0	1.0	1.0	0.0	3.4	5.6	1.0
447	0.0	0.0	0.0	0.0	0.0	0.0	0.0
448	3.0	0.0	1.0	0.0	3.0	6.0	1.0
449	2.0	0.0	0.0	0.0	2.0	4.0	0.0
450	0.0	0.0	0.0	0.0	0.0	0.0	0.0
451	2.0	0.0	0.0	0.0	2.0	4.0	0.0
452	2.0	0.0	1.0	0.0	2.0	4.0	1.0
453	2.0	0.0	0.0	0.0	2.0	4.0	0.0
454	1.0	0.0	0.0	0.0	1.0	2.0	0.0
455	2.0	0.0	0.0	0.0	0.6660000000000004	5.334	0.0
456	2.0	0.0	1.0	0.0	2.0	4.0	1.0
457	3.0	0.0	1.0	0.0	3.8	5.2	1.0
458	0.0	0.0	0.0	0.0	0.0	0.0	0.0
459	2.0	0.0	2.0	0.0	2.0	4.0	2.0
460	2.0	0.0	2.0	0.0	0.6660000000000004	5.334	2.0
461	1.0	0.0	1.0	0.0	1.0	2.0	1.0
462	2.0	0.0	1.0	0.0	2.4	3.6	1.0
463	0.0	0.0	0.0	0.0	0.0	0.0	0.0
464	0.0	0.0	0.0	0.0	0.0	0.0	0.0
465	2.0	0.0	0.0	0.0	2.0	4.0	0.0
466	1.0	4.0	0.0	2.0	1.9990000000000006	10.001	2.0
467	1.0	1.0	0.0	0.0	2.0	4.0	0.0
468	0.0	1.0	0.0	0.0	1.0	2.0	0.0
469	0.0	1.0	0.0	0.0	1.0	2.0	0.0
470	1.0	1.0	0.0	0.0	0.6660000000000004	5.334	0.0
471	2.0	0.0	1.0	0.0	2.0	4.0	1.0
472	2.0	0.0	1.0	0.0	2.0	4.0	1.0
473	1.0	2.0	1.0	0.0	2.0	4.0	1.0
474	3.0	2.0	1.0	1.0	3.333	8.667	2.0
475	1.0	0.0	1.0	0.0	1.0	2.0	1.0
476	3.0	0.0	2.0	0.0	1.6680000000000001	4.332	1.0
477	0.0	1.0	0.0	1.0	0.6680000000000001	2.332	1.0
478	1.0	0.0	1.0	0.0	0.3330000000000002	2.667	1.0
479	4.0	0.0	2.0	0.0	4.0	8.0	2.0
480	3.0	0.0	1.0	0.0	3.0	6.0	1.0
481	2.0	0.0	0.0	0.0	2.0	4.0	0.0
482	2.0	1.0	1.0	0.0	3.4	5.6	1.0
483	1.0	2.0	1.0	0.0	1.6660000000000004	7.334	1.0
484	1.0	0.0	1.0	0.0	1.0	2.0	1.0
485	1.0	0.0	0.0	0.0	1.4	1.6	0.0
486	1.0	2.0	0.0	0.0	2.0	4.0	0.0
487	0.0	0.0	0.0	0.0	0.0	0.0	0.0
488	1.0	0.0	0.0	0.0	1.0	2.0	0.0
489	2.0	1.0	2.0	0.0	3.0	6.0	2.0
490	3.0	1.0	2.0	0.0	3.0010000000000003	8.998999999999999	2.0
491	3.0	0.0	1.0	0.0	3.0	6.0	1.0
492	1.0	0.0	0.0	0.0	0.3330000000000002	2.667	0.0
493	2.0	1.0	0.0	0.0	2.0	4.0	0.0
494	1.0	0.0	0.0	0.0	0.3330000000000002	2.667	0.0
495	1.0	0.0	1.0	0.0	1.0	2.0	1.0
496	1.0	1.0	0.0	0.0	0.3330000000000002	2.667	0.0
497	3.0	1.0	1.0	0.0	1.3330000000000002	4.667	1.0
498	1.0	0.0	0.0	0.0	0.3330000000000002	2.667	0.0
499	2.0	0.0	1.0	0.0	2.4	3.6	1.0
500	0.0	0.0	0.0	0.0	0.0	0.0	0.0
501	1.0	2.0	1.0	1.0	1.3340000000000005	7.6659999999999995	2.0
502	2.0	0.0	1.0	0.0	2.0	4.0	1.0
503	2.0	0.0	1.0	0.0	2.0	4.0	1.0
504	2.0	0.0	1.0	0.0	2.0	4.0	1.0
505	0.0	2.0	0.0	2.0	1.3360000000000003	4.664	2.0
506	2.0	0.0	0.0	0.0	2.0	4.0	0.0
507	1.0	0.0	0.0	0.0	0.3330000000000002	2.667	0.0
508	3.0	0.0	1.0	0.0	2.668	6.332	1.0
509	0.0	0.0	0.0	0.0	0.0	0.0	0.0
510	2.0	0.0	1.0	0.0	2.0	4.0	1.0
511	0.0	0.0	0.0	0.0	0.0	0.0	0.0
512	1.0	0.0	0.0	0.0	0.3330000000000002	2.667	0.0
513	1.0	0.0	0.0	0.0	1.0	2.0	0.0
514	2.0	0.0	1.0	0.0	2.0	4.0	1.0
515	2.0	0.0	1.0	0.0	0.6660000000000004	5.334	1.0
516	2.0	0.0	0.0	0.0	2.0	4.0	0.0
517	0.0	0.0	0.0	0.0	0.0	0.0	0.0
518	1.0	0.0	0.0	0.0	0.3330000000000002	2.667	0.0
519	1.0	0.0	0.0	0.0	0.6680000000000001	2.332	0.0
520	0.0	0.0	0.0	0.0	0.0	0.0	0.0
521	3.0	0.0	1.0	0.0	3.0	6.0	1.0
522	1.0	0.0	1.0	0.0	0.3330000000000002	2.667	1.0
523	3.0	0.0	2.0	0.0	0.9990000000000006	8.001	2.0
524	2.0	0.0	2.0	0.0	2.0	4.0	2.0
525	0.0	0.0	0.0	0.0	0.0	0.0	0.0
526	1.0	0.0	0.0	0.0	0.3330000000000002	2.667	0.0
527	3.0	0.0	2.0	0.0	0.9990000000000006	8.001	2.0
528	2.0	0.0	2.0	0.0	2.0	4.0	2.0
529	4.0	0.0	3.0	0.0	4.0	8.0	3.0
530	1.0	0.0	1.0	0.0	0.3330000000000002	2.667	1.0
531	1.0	0.0	1.0	0.0	0.3330000000000002	2.667	1.0
532	3.0	0.0	2.0	0.0	3.0	6.0	2.0
533	3.0	0.0	1.0	0.0	3.0	6.0	1.0
534	0.0	0.0	0.0	0.0	0.0	0.0	0.0
535	3.0	0.0	2.0	0.0	1.6680000000000001	4.332	1.0
536	3.0	1.0	2.0	1.0	4.0	8.0	3.0
537	0.0	0.0	0.0	0.0	0.0	0.0	0.0
538	0.0	2.0	0.0	1.0	2.0	4.0	1.0
539	1.0	0.0	1.0	0.0	0.3330000000000002	2.667	1.0
540	0.0	0.0	0.0	0.0	0.0	0.0	0.0
541	0.0	0.0	0.0	0.0	0.0	0.0	0.0
542	2.0	0.0	2.0	0.0	2.0	4.0	2.0
543	2.0	0.0	2.0	0.0	0.6660000000000004	5.334	2.0
544	0.0	1.0	0.0	1.0	0.3330000000000002	2.667	1.0
545	2.0	0.0	2.0	0.0	0.6660000000000004	5.334	2.0
546	0.0	1.0	0.0	1.0	1.0	2.0	1.0
547	2.0	3.0	2.0	2.0	2.3360000000000003	6.664	2.0
548	2.0	3.0	2.0	3.0	1.3340000000000005	7.6659999999999995	3.0
549	1.0	0.0	0.0	0.0	0.6680000000000001	2.332	0.0
550	1.0	0.0	0.0	0.0	0.3330000000000002	2.667	0.0
551	3.0	3.0	2.0	3.0	2.6660000000000004	9.334	3.0
552	0.0	1.0	0.0	1.0	0.3330000000000002	2.667	1.0
553	4.0	0.0	2.0	0.0	4.0	8.0	2.0
554	2.0	0.0	2.0	0.0	0.6660000000000004	5.334	2.0
555	3.0	0.0	2.0	0.0	0.9990000000000006	8.001	2.0
556	3.0	3.0	3.0	3.0	2.668	6.332	3.0
557	2.0	1.0	2.0	0.0	3.0	6.0	2.0
558	3.0	0.0	2.0	0.0	3.0	6.0	2.0
559	2.0	0.0	2.0	0.0	2.0	4.0	2.0
560	2.0	1.0	1.0	1.0	2.668	6.332	2.0
561	2.0	0.0	2.0	0.0	2.0	4.0	2.0
562	1.0	0.0	1.0	0.0	1.0	2.0	1.0
563	0.0	0.0	0.0	0.0	0.0	0.0	0.0
564	1.0	0.0	1.0	0.0	1.0	2.0	1.0
565	3.0	0.0	1.0	0.0	3.0	6.0	1.0
566	3.0	0.0	2.0	0.0	0.9990000000000006	8.001	2.0
567	0.0	0.0	0.0	0.0	0.0	0.0	0.0
568	1.0	0.0	0.0	0.0	0.3330000000000002	2.667	0.0
569	2.0	0.0	1.0	0.0	2.0	4.0	1.0
570	2.0	0.0	0.0	0.0	0.6660000000000004	5.334	0.0
571	2.0	0.0	2.0	0.0	2.0	4.0	2.0
572	4.0	0.0	2.0	0.0	3.4	5.6	2.0
573	2.0	0.0	1.0	0.0	0.6660000000000004	5.334	1.0
574	2.0	0.0	2.0	0.0	2.0	4.0	2.0
575	3.0	0.0	3.0	0.0	2.068	3.932	2.0
576	1.0	0.0	1.0	0.0	0.3330000000000002	2.667	1.0
577	1.0	0.0	0.0	0.0	0.3330000000000002	2.667	0.0
578	3.0	0.0	3.0	0.0	2.668	6.332	3.0
579	2.0	0.0	2.0	0.0	2.0	4.0	2.0
580	2.0	0.0	1.0	0.0	0.6660000000000004	5.334	1.0
581	2.0	0.0	0.0	0.0	2.0	4.0	0.0
582	3.0	0.0	2.0	0.0	3.0	6.0	2.0
583	2.0	0.0	1.0	0.0	2.0	4.0	1.0
584	1.0	0.0	1.0	0.0	1.0	2.0	1.0
585	1.0	0.0	1.0	0.0	0.3330000000000002	2.667	1.0
586	1.0	0.0	1.0	0.0	1.0	2.0	1.0
587	3.0	0.0	2.0	0.0	3.0	6.0	2.0
588	3.0	0.0	3.0	0.0	3.4	5.6	3.0
589	2.0	3.0	2.0	2.0	4.333	10.667	4.0
590	2.0	0.0	1.0	0.0	2.0	4.0	1.0
591	3.0	0.0	2.0	0.0	0.9990000000000006	8.001	2.0
592	1.0	0.0	1.0	0.0	1.0	2.0	1.0
593	2.0	0.0	2.0	0.0	2.0	4.0	2.0
594	2.0	0.0	1.0	0.0	2.0	4.0	1.0
595	2.0	2.0	1.0	2.0	2.3360000000000003	6.664	2.0
596	2.0	0.0	2.0	0.0	0.6660000000000004	5.334	2.0
597	3.0	0.0	1.0	0.0	3.0	6.0	1.0
598	0.0	0.0	0.0	0.0	0.0	0.0	0.0
599	0.0	0.0	0.0	0.0	0.0	0.0	0.0
600	0.0	0.0	0.0	0.0	0.0	0.0	0.0
601	0.0	0.0	0.0	0.0	0.0	0.0	0.0
602	0.0	0.0	0.0	0.0	0.0	0.0	0.0
603	2.0	2.0	2.0	2.0	1.6660000000000004	7.334	3.0
604	3.0	0.0	0.0	0.0	3.0	6.0	0.0
605	2.0	0.0	0.0	0.0	2.0	4.0	0.0
606	2.0	0.0	1.0	0.0	2.0	4.0	1.0
607	1.0	2.0	1.0	1.0	0.3330000000000002	5.667	1.0
608	3.0	0.0	2.0	0.0	1.6680000000000001	4.332	1.0
609	2.0	3.0	1.0	2.0	2.0010000000000003	6.999	1.0
610	3.0	1.0	2.0	1.0	4.0	8.0	3.0
611	0.0	0.0	0.0	0.0	0.0	0.0	0.0
612	3.0	0.0	2.0	0.0	3.0	6.0	2.0
613	2.0	0.0	1.0	0.0	2.0	4.0	1.0
614	1.0	0.0	1.0	0.0	1.0	2.0	1.0
615	3.0	0.0	1.0	0.0	3.0	6.0	1.0
616	0.0	0.0	0.0	0.0	0.0	0.0	0.0
617	1.0	0.0	1.0	0.0	1.0	2.0	1.0
618	1.0	0.0	0.0	0.0	1.4	1.6	0.0
619	0.0	2.0	0.0	2.0	1.3360000000000003	4.664	2.0
620	0.0	0.0	0.0	0.0	0.0	0.0	0.0
621	0.0	0.0	0.0	0.0	0.0	0.0	0.0
622	1.0	0.0	1.0	0.0	0.3330000000000002	2.667	1.0
623	3.0	0.0	2.0	0.0	3.0	6.0	2.0
624	0.0	0.0	0.0	0.0	0.0	0.0	0.0
625	1.0	0.0	1.0	0.0	0.3330000000000002	2.667	1.0
626	1.0	0.0	1.0	0.0	1.0	2.0	1.0
627	2.0	0.0	1.0	0.0	1.3360000000000003	4.664	1.0
628	1.0	0.0	1.0	0.0	0.3330000000000002	2.667	1.0
629	0.0	0.0	0.0	0.0	0.0	0.0	0.0
630	2.0	0.0	1.0	0.0	2.0	4.0	1.0
631	3.0	0.0	1.0	0.0	3.0	6.0	1.0
632	2.0	0.0	1.0	0.0	0.6660000000000004	5.334	1.0
633	1.0	0.0	0.0	0.0	0.3330000000000002	2.667	0.0
634	2.0	2.0	2.0	2.0	2.733	6.2669999999999995	3.0
635	0.0	0.0	0.0	0.0	0.0	0.0	0.0
636	1.0	0.0	0.0	0.0	0.3330000000000002	2.667	0.0
637	3.0	0.0	2.0	0.0	3.0	6.0	2.0
638	2.0	0.0	1.0	0.0	2.0	4.0	1.0
639	1.0	0.0	0.0	0.0	0.3330000000000002	2.667	0.0
640	1.0	0.0	0.0	0.0	0.3330000000000002	2.667	0.0
641	3.0	2.0	2.0	2.0	2.3340000000000005	9.666	3.0
642	0.0	0.0	0.0	0.0	0.0	0.0	0.0
643	1.0	2.0	1.0	2.0	1.0	2.0	1.0
644	2.0	1.0	0.0	1.0	3.0	6.0	1.0
645	2.0	1.0	1.0	1.0	0.9990000000000006	8.001	2.0
646	2.0	1.0	2.0	0.0	0.9990000000000006	8.001	2.0
647	3.0	1.0	2.0	1.0	2.333	6.667	2.0
648	0.0	0.0	0.0	0.0	0.0	0.0	0.0
649	0.0	0.0	0.0	0.0	0.0	0.0	0.0
650	3.0	0.0	2.0	0.0	0.9990000000000006	8.001	2.0
651	1.0	0.0	0.0	0.0	0.3330000000000002	2.667	0.0
652	2.0	0.0	2.0	0.0	0.6660000000000004	5.334	2.0
653	2.0	0.0	0.0	0.0	0.6660000000000004	5.334	0.0
654	0.0	2.0	0.0	1.0	2.0	4.0	1.0
655	0.0	0.0	0.0	0.0	0.0	0.0	0.0
656	2.0	0.0	2.0	0.0	2.0	4.0	2.0
657	1.0	0.0	1.0	0.0	1.0	2.0	1.0
658	2.0	0.0	1.0	0.0	0.6660000000000004	5.334	1.0
659	4.0	1.0	2.0	1.0	3.0040000000000004	8.995999999999999	2.0
660	1.0	1.0	1.0	1.0	1.0	2.0	1.0
661	2.0	0.0	0.0	0.0	2.0	4.0	0.0
662	2.0	0.0	1.0	0.0	2.0	4.0	1.0
663	1.0	2.0	1.0	2.0	2.0	4.0	2.0
664	1.0	0.0	1.0	0.0	0.6680000000000001	2.332	1.0
665	3.0	0.0	2.0	0.0	3.0	6.0	2.0
666	1.0	0.0	1.0	0.0	1.0	2.0	1.0
667	2.0	0.0	2.0	0.0	2.0	4.0	2.0
668	2.0	0.0	2.0	0.0	0.6660000000000004	5.334	2.0
669	3.0	0.0	2.0	0.0	3.0	6.0	2.0
670	3.0	0.0	2.0	0.0	3.0	6.0	2.0
671	2.0	0.0	1.0	0.0	0.6660000000000004	5.334	1.0
672	3.0	0.0	2.0	0.0	3.0	6.0	2.0
673	1.0	0.0	1.0	0.0	1.0	2.0	1.0
674	2.0	1.0	2.0	1.0	3.0	6.0	3.0
675	1.0	0.0	1.0	0.0	1.0	2.0	1.0
676	3.0	0.0	2.0	0.0	3.0	6.0	2.0
677	1.0	0.0	1.0	0.0	0.3330000000000002	2.667	1.0
678	3.0	0.0	2.0	0.0	3.0	6.0	2.0
679	2.0	0.0	2.0	0.0	2.4	3.6	2.0
680	2.0	0.0	2.0	0.0	0.6660000000000004	5.334	2.0
681	1.0	0.0	1.0	0.0	1.0	2.0	1.0
682	3.0	0.0	2.0	0.0	3.068	5.932	2.0
683	3.0	0.0	2.0	0.0	3.0	6.0	2.0
684	4.0	0.0	2.0	0.0	4.0	8.0	2.0
685	3.0	0.0	2.0	0.0	3.0	6.0	2.0
686	1.0	0.0	1.0	0.0	1.4	1.6	1.0
687	1.0	0.0	1.0	0.0	0.3330000000000002	2.667	1.0
688	3.0	0.0	2.0	0.0	3.0	6.0	2.0
689	3.0	0.0	2.0	0.0	0.9990000000000006	8.001	2.0
690	2.0	0.0	2.0	0.0	2.0	4.0	2.0
691	3.0	0.0	1.0	0.0	3.0	6.0	1.0
692	2.0	1.0	1.0	1.0	3.0	6.0	2.0
693	0.0	0.0	0.0	0.0	0.0	0.0	0.0
694	1.0	0.0	1.0	0.0	0.3330000000000002	2.667	1.0
695	3.0	0.0	2.0	0.0	3.0	6.0	2.0
696	3.0	0.0	1.0	0.0	3.0	6.0	1.0
697	2.0	0.0	1.0	0.0	2.0	4.0	1.0
698	0.0	0.0	0.0	0.0	0.0	0.0	0.0
699	3.0	0.0	2.0	0.0	3.0	6.0	2.0
700	0.0	0.0	0.0	0.0	0.0	0.0	0.0
701	1.0	0.0	0.0	0.0	0.6680000000000001	2.332	0.0
702	1.0	4.0	1.0	2.0	1.0	8.0	2.0
703	2.0	0.0	2.0	0.0	0.6660000000000004	5.334	2.0
704	2.0	0.0	2.0	0.0	2.0	4.0	2.0
705	1.0	0.0	1.0	0.0	1.0	2.0	1.0
706	1.0	1.0	0.0	1.0	0.6660000000000004	5.334	1.0
707	0.0	2.0	0.0	1.0	0.6660000000000004	5.334	1.0
708	1.0	0.0	1.0	0.0	1.0	2.0	1.0
709	3.0	0.0	3.0	0.0	2.068	3.932	2.0
710	0.0	0.0	0.0	0.0	0.0	0.0	0.0
711	2.0	0.0	1.0	0.0	0.6660000000000004	5.334	1.0
712	2.0	0.0	1.0	0.0	0.6660000000000004	5.334	1.0
713	3.0	0.0	2.0	0.0	3.0	6.0	2.0
714	0.0	2.0	0.0	1.0	1.0	5.0	1.0
715	2.0	0.0	1.0	0.0	2.0	4.0	1.0
716	0.0	0.0	0.0	0.0	0.0	0.0	0.0
717	0.0	0.0	0.0	0.0	0.0	0.0	0.0
718	0.0	0.0	0.0	0.0	0.0	0.0	0.0
719	2.0	0.0	1.0	0.0	0.6660000000000004	5.334	1.0
720	2.0	0.0	1.0	0.0	2.0	4.0	1.0
721	0.0	0.0	0.0	0.0	0.0	0.0	0.0
722	3.0	0.0	2.0	0.0	3.0	6.0	2.0
723	2.0	0.0	2.0	0.0	2.0	4.0	2.0
724	2.0	0.0	2.0	0.0	0.6660000000000004	5.334	2.0
725	3.0	0.0	3.0	0.0	2.668	6.332	3.0
726	0.0	0.0	0.0	0.0	0.0	0.0	0.0
727	1.0	0.0	0.0	0.0	0.3330000000000002	2.667	0.0
728	2.0	0.0	2.0	0.0	2.0	4.0	2.0
729	2.0	0.0	2.0	0.0	2.0	4.0	2.0
730	3.0	0.0	2.0	0.0	3.0	6.0	2.0
731	3.0	0.0	2.0	0.0	3.0	6.0	2.0
732	4.0	0.0	3.0	0.0	3.8	5.2	2.0
733	2.0	0.0	2.0	0.0	0.6660000000000004	5.334	2.0
734	1.0	0.0	1.0	0.0	0.6680000000000001	2.332	1.0
735	1.0	0.0	1.0	0.0	1.0	2.0	1.0
736	0.0	0.0	0.0	0.0	0.0	0.0	0.0
737	1.0	1.0	1.0	1.0	1.6680000000000001	4.332	2.0
738	0.0	1.0	0.0	1.0	0.0	3.0	1.0
739	2.0	0.0	1.0	0.0	0.6660000000000004	5.334	1.0
740	1.0	0.0	1.0	0.0	0.3330000000000002	2.667	1.0
741	0.0	0.0	0.0	0.0	0.0	0.0	0.0
742	1.0	0.0	1.0	0.0	1.0	2.0	1.0
743	1.0	0.0	1.0	0.0	0.3330000000000002	2.667	1.0
744	3.0	1.0	2.0	0.0	1.3330000000000002	4.667	1.0
745	2.0	2.0	2.0	2.0	0.3330000000000002	5.667	2.0
746	3.0	1.0	2.0	1.0	2.4	6.6	2.0
747	4.0	0.0	3.0	0.0	4.0	8.0	3.0
748	2.0	0.0	2.0	0.0	2.068	3.932	2.0
749	2.0	0.0	1.0	0.0	0.6660000000000004	5.334	1.0
750	1.0	0.0	0.0	0.0	0.3330000000000002	2.667	0.0
