all_syn	all_nonSyn	tip_syn	tip_nonSyn	S	N	comparisons
001	0.0	0.0	0.0	0.0	0.0	0.0	0.0
002	0.0	2.0	0.0	2.0	0.3330000000000002	2.667	1.0
003	1.0	4.0	1.0	3.0	1.9990000000000006	10.001	3.0
004	0.0	3.0	0.0	2.0	1.3330000000000002	4.667	1.0
005	1.0	1.0	1.0	1.0	0.3330000000000002	2.667	1.0
006	2.0	1.0	1.0	1.0	2.0	4.0	1.0
007	1.0	0.0	0.0	0.0	0.3330000000000002	2.667	0.0
008	2.0	1.0	2.0	1.0	2.0	4.0	2.0
009	1.0	5.0	0.0	3.0	1.9990000000000006	10.001	2.0
010	2.0	0.0	2.0	0.0	2.0	4.0	2.0
011	1.0	0.0	0.0	0.0	0.3330000000000002	2.667	0.0
012	1.0	3.0	1.0	3.0	1.3330000000000002	7.667	3.0
013	3.0	0.0	1.0	0.0	3.8	5.2	1.0
014	1.0	1.0	0.0	1.0	2.0	4.0	1.0
015	3.0	3.0	2.0	3.0	4.333	10.667	4.0
016	1.0	1.0	0.0	1.0	2.0	4.0	1.0
017	2.0	3.0	1.0	2.0	1.6660000000000004	7.334	2.0
018	1.0	1.0	1.0	0.0	2.0	4.0	1.0
019	3.0	1.0	3.0	1.0	4.4	7.6	4.0
020	1.0	3.0	1.0	3.0	1.6660000000000004	7.334	3.0
021	3.0	2.0	2.0	2.0	4.0	8.0	3.0
022	1.0	4.0	1.0	3.0	1.9990000000000006	10.001	3.0
023	2.0	4.0	1.0	2.0	2.333	6.667	1.0
024	2.0	1.0	1.0	1.0	2.333	6.667	2.0
025	1.0	3.0	0.0	3.0	2.0010000000000003	6.999	2.0
026	2.0	1.0	1.0	0.0	2.0	4.0	1.0
027	2.0	0.0	2.0	0.0	0.6660000000000004	5.334	2.0
028	0.0	1.0	0.0	1.0	0.3330000000000002	2.667	1.0
029	0.0	0.0	0.0	0.0	0.0	0.0	0.0
030	2.0	3.0	1.0	3.0	3.333	8.667	3.0
031	2.0	0.0	1.0	0.0	2.0	4.0	1.0
032	1.0	0.0	0.0	0.0	1.0	2.0	0.0
033	1.0	2.0	1.0	2.0	1.0010000000000003	4.999	2.0
034	1.0	0.0	1.0	0.0	0.3330000000000002	2.667	1.0
035	2.0	0.0	1.0	0.0	1.3360000000000003	4.664	1.0
036	3.0	0.0	0.0	0.0	3.0	6.0	0.0
037	0.0	0.0	0.0	0.0	0.0	0.0	0.0
038	2.0	0.0	1.0	0.0	0.6660000000000004	5.334	1.0
039	1.0	4.0	0.0	2.0	1.3320000000000007	10.668	2.0
040	0.0	5.0	0.0	2.0	1.665000000000001	13.334999999999999	2.0
041	2.0	1.0	1.0	1.0	3.0	6.0	2.0
042	0.0	3.0	0.0	2.0	1.6660000000000004	7.334	2.0
043	0.0	1.0	0.0	1.0	0.3330000000000002	2.667	1.0
044	2.0	0.0	2.0	0.0	0.6660000000000004	5.334	2.0
045	2.0	0.0	1.0	0.0	2.0	4.0	1.0
046	1.0	1.0	1.0	0.0	0.6660000000000004	5.334	1.0
047	1.0	0.0	0.0	0.0	1.0	2.0	0.0
048	0.0	0.0	0.0	0.0	0.0	0.0	0.0
049	2.0	1.0	1.0	1.0	1.6680000000000001	4.332	1.0
050	2.0	2.0	0.0	2.0	1.3340000000000005	7.6659999999999995	2.0
051	2.0	0.0	2.0	0.0	2.0	4.0	2.0
052	1.0	1.0	1.0	1.0	1.0	2.0	1.0
053	2.0	1.0	2.0	1.0	0.9990000000000006	8.001	3.0
054	1.0	0.0	0.0	0.0	0.3330000000000002	2.667	0.0
055	1.0	0.0	1.0	0.0	0.3330000000000002	2.667	1.0
056	2.0	0.0	1.0	0.0	0.6660000000000004	5.334	1.0
057	1.0	3.0	0.0	2.0	3.3360000000000003	8.664	2.0
058	0.0	0.0	0.0	0.0	0.0	0.0	0.0
059	2.0	2.0	1.0	2.0	3.0	6.0	2.0
060	0.0	0.0	0.0	0.0	0.0	0.0	0.0
061	0.0	0.0	0.0	0.0	0.0	0.0	0.0
062	0.0	0.0	0.0	0.0	0.0	0.0	0.0
063	1.0	0.0	0.0	0.0	1.0	2.0	0.0
064	1.0	0.0	1.0	0.0	1.0	2.0	1.0
065	1.0	0.0	0.0	0.0	0.3330000000000002	2.667	0.0
066	0.0	0.0	0.0	0.0	0.0	0.0	0.0
067	2.0	2.0	1.0	2.0	2.333	6.667	2.0
068	2.0	1.0	1.0	1.0	3.4	5.6	2.0
069	2.0	0.0	0.0	0.0	0.6660000000000004	5.334	0.0
070	1.0	0.0	0.0	0.0	0.3330000000000002	2.667	0.0
071	1.0	2.0	1.0	1.0	2.668	6.332	2.0
072	2.0	1.0	1.0	1.0	1.3340000000000005	7.6659999999999995	2.0
073	1.0	3.0	1.0	2.0	0.9990000000000006	8.001	2.0
074	3.0	2.0	2.0	2.0	4.0	8.0	3.0
075	2.0	4.0	2.0	3.0	1.6660000000000004	7.334	2.0
076	0.0	2.0	0.0	2.0	0.3330000000000002	2.667	1.0
077	0.0	2.0	0.0	2.0	2.0	4.0	2.0
078	1.0	1.0	0.0	0.0	2.0	4.0	0.0
079	1.0	1.0	1.0	1.0	0.6660000000000004	5.334	2.0
080	2.0	0.0	1.0	0.0	2.0	4.0	1.0
081	0.0	0.0	0.0	0.0	0.0	0.0	0.0
082	3.0	0.0	1.0	0.0	1.6680000000000001	4.332	1.0
083	1.0	0.0	0.0	0.0	0.3330000000000002	2.667	0.0
084	0.0	0.0	0.0	0.0	0.0	0.0	0.0
085	1.0	2.0	0.0	2.0	2.0	4.0	1.0
086	1.0	1.0	0.0	0.0	1.3330000000000002	4.667	0.0
087	2.0	0.0	2.0	0.0	2.0	4.0	2.0
088	0.0	2.0	0.0	2.0	1.0	2.0	1.0
089	0.0	2.0	0.0	1.0	0.6660000000000004	5.334	1.0
090	2.0	1.0	1.0	1.0	2.668	6.332	2.0
091	1.0	1.0	0.0	1.0	0.6660000000000004	5.334	1.0
092	1.0	2.0	1.0	2.0	0.6660000000000004	5.334	2.0
093	3.0	1.0	3.0	1.0	3.0	6.0	3.0
094	2.0	0.0	1.0	0.0	2.0	4.0	1.0
095	1.0	0.0	0.0	0.0	0.3330000000000002	2.667	0.0
096	1.0	0.0	0.0	0.0	0.3330000000000002	2.667	0.0
097	3.0	0.0	2.0	0.0	2.668	6.332	2.0
098	2.0	0.0	1.0	0.0	2.0	4.0	1.0
099	1.0	0.0	1.0	0.0	0.3330000000000002	2.667	1.0
100	2.0	0.0	2.0	0.0	0.6660000000000004	5.334	2.0
101	0.0	1.0	0.0	1.0	1.0	2.0	1.0
102	1.0	0.0	0.0	0.0	0.3330000000000002	2.667	0.0
103	1.0	0.0	1.0	0.0	0.6680000000000001	2.332	1.0
104	2.0	0.0	1.0	0.0	2.8	3.2	1.0
105	1.0	0.0	0.0	0.0	0.3330000000000002	2.667	0.0
106	0.0	0.0	0.0	0.0	0.0	0.0	0.0
107	3.0	0.0	2.0	0.0	3.0	6.0	2.0
108	0.0	3.0	0.0	2.0	1.6680000000000001	7.332	2.0
109	1.0	1.0	0.0	0.0	0.0	3.0	0.0
110	1.0	0.0	0.0	0.0	1.4	1.6	0.0
111	2.0	0.0	1.0	0.0	2.0	4.0	1.0
112	2.0	0.0	0.0	0.0	0.6680000000000001	2.332	0.0
113	0.0	0.0	0.0	0.0	0.0	0.0	0.0
114	2.0	0.0	0.0	0.0	2.0	4.0	0.0
115	1.0	0.0	0.0	0.0	0.3330000000000002	2.667	0.0
116	0.0	0.0	0.0	0.0	0.0	0.0	0.0
117	0.0	0.0	0.0	0.0	0.0	0.0	0.0
118	0.0	0.0	0.0	0.0	0.0	0.0	0.0
119	1.0	3.0	0.0	1.0	3.668	8.332	1.0
120	2.0	0.0	1.0	0.0	2.0	4.0	1.0
121	3.0	0.0	2.0	0.0	2.668	6.332	2.0
122	0.0	0.0	0.0	0.0	0.0	0.0	0.0
123	0.0	0.0	0.0	0.0	0.0	0.0	0.0
124	1.0	0.0	0.0	0.0	1.0	2.0	0.0
125	0.0	0.0	0.0	0.0	0.0	0.0	0.0
126	1.0	0.0	0.0	0.0	1.0	2.0	0.0
127	0.0	0.0	0.0	0.0	0.0	0.0	0.0
128	2.0	0.0	0.0	0.0	2.0	4.0	0.0
129	2.0	0.0	1.0	0.0	1.6680000000000001	4.332	1.0
130	0.0	0.0	0.0	0.0	0.0	0.0	0.0
131	0.0	0.0	0.0	0.0	0.0	0.0	0.0
132	1.0	1.0	0.0	0.0	1.3330000000000002	4.667	0.0
133	0.0	2.0	0.0	0.0	0.6680000000000001	2.332	0.0
134	1.0	0.0	1.0	0.0	0.3330000000000002	2.667	1.0
135	1.0	0.0	0.0	0.0	0.3330000000000002	2.667	0.0
136	0.0	2.0	0.0	0.0	2.0	4.0	0.0
137	2.0	1.0	1.0	1.0	3.0	6.0	2.0
138	1.0	0.0	1.0	0.0	0.3330000000000002	2.667	1.0
139	1.0	0.0	1.0	0.0	0.3330000000000002	2.667	1.0
140	1.0	3.0	1.0	2.0	2.668	6.332	2.0
141	3.0	0.0	2.0	0.0	3.0	6.0	2.0
142	0.0	0.0	0.0	0.0	0.0	0.0	0.0
143	2.0	3.0	1.0	2.0	3.733	8.267	2.0
144	2.0	0.0	1.0	0.0	2.0	4.0	1.0
145	2.0	0.0	1.0	0.0	0.6660000000000004	5.334	1.0
146	2.0	2.0	2.0	2.0	1.3320000000000007	10.668	4.0
147	4.0	0.0	3.0	0.0	3.736	8.264	3.0
148	2.0	2.0	2.0	2.0	1.3330000000000002	7.667	3.0
149	5.0	1.0	2.0	1.0	5.068	9.931999999999999	2.0
150	2.0	0.0	1.0	0.0	2.4	3.6	1.0
151	0.0	1.0	0.0	1.0	1.0	2.0	1.0
152	3.0	2.0	2.0	1.0	4.0040000000000004	10.995999999999999	3.0
153	1.0	2.0	0.0	0.0	1.3330000000000002	4.667	0.0
154	1.0	3.0	1.0	1.0	3.668	8.332	2.0
155	1.0	3.0	1.0	1.0	2.0	4.0	1.0
156	2.0	0.0	1.0	0.0	1.3360000000000003	4.664	1.0
157	1.0	2.0	1.0	2.0	1.6680000000000001	4.332	2.0
158	2.0	0.0	2.0	0.0	1.0	2.0	1.0
159	1.0	2.0	1.0	1.0	2.0	4.0	1.0
160	2.0	1.0	2.0	1.0	1.6680000000000001	4.332	2.0
161	2.0	0.0	2.0	0.0	2.0	4.0	2.0
162	1.0	0.0	0.0	0.0	1.0	2.0	0.0
163	3.0	2.0	1.0	2.0	2.333	6.667	2.0
164	3.0	1.0	2.0	0.0	4.0	8.0	2.0
165	2.0	0.0	1.0	0.0	2.0	4.0	1.0
166	1.0	3.0	0.0	1.0	2.668	6.332	1.0
167	3.0	2.0	2.0	1.0	2.668	6.332	2.0
168	1.0	0.0	1.0	0.0	1.0	2.0	1.0
169	2.0	0.0	2.0	0.0	0.6660000000000004	5.334	2.0
170	0.0	0.0	0.0	0.0	0.0	0.0	0.0
171	2.0	0.0	1.0	0.0	2.0	4.0	1.0
172	1.0	0.0	0.0	0.0	1.0	2.0	0.0
173	2.0	0.0	1.0	0.0	2.0	4.0	1.0
174	2.0	0.0	1.0	0.0	2.068	3.932	1.0
175	1.0	1.0	1.0	0.0	2.0	4.0	1.0
176	0.0	0.0	0.0	0.0	0.0	0.0	0.0
177	2.0	0.0	1.0	0.0	2.0	4.0	1.0
178	1.0	0.0	1.0	0.0	0.3330000000000002	2.667	1.0
179	1.0	1.0	1.0	1.0	0.6680000000000001	5.332	2.0
180	1.0	2.0	0.0	2.0	2.0	4.0	1.0
181	0.0	2.0	0.0	2.0	1.0	2.0	1.0
182	1.0	0.0	0.0	0.0	1.0	2.0	0.0
183	1.0	1.0	0.0	1.0	1.3330000000000002	4.667	1.0
184	1.0	1.0	1.0	1.0	1.0	2.0	1.0
185	0.0	0.0	0.0	0.0	0.0	0.0	0.0
186	1.0	0.0	1.0	0.0	0.3330000000000002	2.667	1.0
187	1.0	0.0	0.0	0.0	1.0	2.0	0.0
188	0.0	0.0	0.0	0.0	0.0	0.0	0.0
189	1.0	1.0	0.0	1.0	2.0	4.0	1.0
190	0.0	0.0	0.0	0.0	0.0	0.0	0.0
191	2.0	0.0	1.0	0.0	2.0	4.0	1.0
192	0.0	0.0	0.0	0.0	0.0	0.0	0.0
193	1.0	0.0	0.0	0.0	1.0	2.0	0.0
194	2.0	0.0	1.0	0.0	2.0	4.0	1.0
195	2.0	0.0	1.0	0.0	2.0	4.0	1.0
196	1.0	0.0	0.0	0.0	0.3330000000000002	2.667	0.0
197	2.0	1.0	1.0	1.0	2.0	4.0	1.0
198	3.0	0.0	2.0	0.0	3.0	6.0	2.0
199	1.0	0.0	1.0	0.0	1.0	2.0	1.0
200	1.0	0.0	1.0	0.0	1.0	2.0	1.0
201	2.0	0.0	1.0	0.0	2.0	4.0	1.0
202	2.0	0.0	1.0	0.0	2.0	4.0	1.0
203	1.0	0.0	1.0	0.0	0.3330000000000002	2.667	1.0
204	0.0	0.0	0.0	0.0	0.0	0.0	0.0
205	0.0	0.0	0.0	0.0	0.0	0.0	0.0
206	0.0	0.0	0.0	0.0	0.0	0.0	0.0
207	2.0	0.0	1.0	0.0	2.0	4.0	1.0
208	1.0	0.0	1.0	0.0	0.3330000000000002	2.667	1.0
209	0.0	1.0	0.0	1.0	1.0	2.0	1.0
210	2.0	0.0	2.0	0.0	2.0	4.0	2.0
211	1.0	0.0	0.0	0.0	0.3330000000000002	2.667	0.0
212	1.0	0.0	0.0	0.0	0.3330000000000002	2.667	0.0
213	0.0	0.0	0.0	0.0	0.0	0.0	0.0
214	1.0	0.0	1.0	0.0	1.0	2.0	1.0
215	1.0	0.0	0.0	0.0	0.3330000000000002	2.667	0.0
216	1.0	0.0	0.0	0.0	0.3330000000000002	2.667	0.0
217	1.0	0.0	1.0	0.0	0.3330000000000002	2.667	1.0
218	3.0	1.0	1.0	1.0	2.3360000000000003	6.664	1.0
219	2.0	0.0	1.0	0.0	2.0	4.0	1.0
220	1.0	0.0	1.0	0.0	0.3330000000000002	2.667	1.0
221	0.0	0.0	0.0	0.0	0.0	0.0	0.0
222	2.0	1.0	1.0	1.0	3.0	6.0	2.0
223	2.0	0.0	1.0	0.0	2.0	4.0	1.0
224	0.0	0.0	0.0	0.0	0.0	0.0	0.0
225	1.0	0.0	1.0	0.0	1.0	2.0	1.0
226	2.0	0.0	1.0	0.0	2.0	4.0	1.0
227	1.0	0.0	1.0	0.0	0.3330000000000002	2.667	1.0
228	1.0	0.0	1.0	0.0	0.6680000000000001	2.332	1.0
229	0.0	1.0	0.0	1.0	1.4	1.6	1.0
230	2.0	1.0	1.0	1.0	1.0	5.0	1.0
231	1.0	0.0	1.0	0.0	1.0	2.0	1.0
232	1.0	2.0	1.0	1.0	0.9990000000000006	8.001	2.0
233	2.0	0.0	2.0	0.0	0.6660000000000004	5.334	2.0
234	1.0	0.0	1.0	0.0	1.0	2.0	1.0
235	2.0	0.0	2.0	0.0	0.6660000000000004	5.334	2.0
236	0.0	0.0	0.0	0.0	0.0	0.0	0.0
237	1.0	0.0	1.0	0.0	1.0	2.0	1.0
238	2.0	0.0	1.0	0.0	2.0	4.0	1.0
239	0.0	2.0	0.0	2.0	0.3330000000000002	2.667	1.0
240	1.0	0.0	1.0	0.0	0.3330000000000002	2.667	1.0
241	2.0	3.0	1.0	1.0	1.6660000000000004	7.334	1.0
242	2.0	1.0	1.0	1.0	0.9990000000000006	8.001	2.0
243	1.0	0.0	1.0	0.0	1.0	2.0	1.0
244	2.0	2.0	1.0	1.0	3.0	6.0	1.0
245	0.0	0.0	0.0	0.0	0.0	0.0	0.0
246	2.0	2.0	1.0	1.0	1.3340000000000005	7.6659999999999995	2.0
247	0.0	3.0	0.0	2.0	0.6660000000000004	5.334	1.0
248	3.0	0.0	2.0	0.0	3.0	6.0	2.0
249	2.0	0.0	1.0	0.0	0.6660000000000004	5.334	1.0
250	1.0	2.0	0.0	2.0	0.6660000000000004	5.334	1.0
251	3.0	0.0	3.0	0.0	3.0	6.0	3.0
252	2.0	0.0	2.0	0.0	0.6660000000000004	5.334	2.0
253	0.0	1.0	0.0	0.0	1.0	2.0	0.0
254	1.0	0.0	1.0	0.0	0.3330000000000002	2.667	1.0
255	2.0	0.0	2.0	0.0	2.0	4.0	2.0
256	1.0	0.0	1.0	0.0	1.0	2.0	1.0
257	1.0	0.0	1.0	0.0	1.0	2.0	1.0
258	0.0	0.0	0.0	0.0	0.0	0.0	0.0
259	1.0	0.0	1.0	0.0	1.0	2.0	1.0
260	1.0	0.0	1.0	0.0	1.0	2.0	1.0
261	1.0	0.0	1.0	0.0	1.0	2.0	1.0
262	1.0	0.0	1.0	0.0	0.3330000000000002	2.667	1.0
263	0.0	0.0	0.0	0.0	0.0	0.0	0.0
264	1.0	0.0	1.0	0.0	0.3330000000000002	2.667	1.0
265	2.0	0.0	1.0	0.0	2.0	4.0	1.0
266	0.0	0.0	0.0	0.0	0.0	0.0	0.0
267	2.0	0.0	2.0	0.0	2.0	4.0	2.0
268	0.0	1.0	0.0	1.0	1.0	2.0	1.0
269	1.0	1.0	1.0	1.0	0.6660000000000004	5.334	2.0
270	2.0	0.0	1.0	0.0	1.6680000000000001	4.332	1.0
271	1.0	0.0	1.0	0.0	1.0	2.0	1.0
272	3.0	0.0	1.0	0.0	3.0	6.0	1.0
273	1.0	0.0	0.0	0.0	0.3330000000000002	2.667	0.0
274	2.0	0.0	1.0	0.0	0.6660000000000004	5.334	1.0
275	1.0	0.0	0.0	0.0	0.3330000000000002	2.667	0.0
276	2.0	0.0	1.0	0.0	2.0	4.0	1.0
277	0.0	0.0	0.0	0.0	0.0	0.0	0.0
278	2.0	0.0	2.0	0.0	2.0	4.0	2.0
279	2.0	0.0	1.0	0.0	2.0	4.0	1.0
280	0.0	0.0	0.0	0.0	0.0	0.0	0.0
281	1.0	0.0	1.0	0.0	0.3330000000000002	2.667	1.0
282	1.0	0.0	0.0	0.0	0.3330000000000002	2.667	0.0
283	1.0	2.0	0.0	2.0	1.3330000000000002	4.667	1.0
284	2.0	0.0	0.0	0.0	2.0	4.0	0.0
285	0.0	0.0	0.0	0.0	0.0	0.0	0.0
286	1.0	2.0	1.0	2.0	0.6660000000000004	5.334	2.0
287	1.0	0.0	0.0	0.0	0.3330000000000002	2.667	0.0
288	0.0	0.0	0.0	0.0	0.0	0.0	0.0
289	1.0	0.0	1.0	0.0	1.0	2.0	1.0
290	2.0	0.0	0.0	0.0	2.0	4.0	0.0
291	3.0	0.0	1.0	0.0	2.0	4.0	1.0
292	2.0	0.0	1.0	0.0	2.068	3.932	1.0
293	2.0	0.0	1.0	0.0	0.6660000000000004	5.334	1.0
294	1.0	1.0	1.0	1.0	1.0	2.0	1.0
295	0.0	1.0	0.0	1.0	1.0	2.0	1.0
296	2.0	1.0	1.0	0.0	1.6680000000000001	4.332	1.0
297	1.0	0.0	0.0	0.0	1.4	1.6	0.0
298	3.0	1.0	1.0	1.0	2.3360000000000003	6.664	1.0
299	1.0	0.0	0.0	0.0	1.0	2.0	0.0
300	2.0	0.0	2.0	0.0	0.6660000000000004	5.334	2.0
301	1.0	2.0	1.0	1.0	3.0	6.0	2.0
302	0.0	0.0	0.0	0.0	0.0	0.0	0.0
303	1.0	0.0	0.0	0.0	0.3330000000000002	2.667	0.0
304	3.0	0.0	2.0	0.0	1.6680000000000001	4.332	1.0
305	1.0	1.0	0.0	1.0	1.0010000000000003	4.999	1.0
306	1.0	1.0	0.0	1.0	2.0	4.0	1.0
307	0.0	0.0	0.0	0.0	0.0	0.0	0.0
308	0.0	0.0	0.0	0.0	0.0	0.0	0.0
309	0.0	0.0	0.0	0.0	0.0	0.0	0.0
310	0.0	0.0	0.0	0.0	0.0	0.0	0.0
311	0.0	0.0	0.0	0.0	0.0	0.0	0.0
312	0.0	0.0	0.0	0.0	0.0	0.0	0.0
313	0.0	0.0	0.0	0.0	0.0	0.0	0.0
314	0.0	0.0	0.0	0.0	0.0	0.0	0.0
315	0.0	0.0	0.0	0.0	0.0	0.0	0.0
316	0.0	0.0	0.0	0.0	0.0	0.0	0.0
317	0.0	0.0	0.0	0.0	0.0	0.0	0.0
318	0.0	0.0	0.0	0.0	0.0	0.0	0.0
319	0.0	0.0	0.0	0.0	0.0	0.0	0.0
320	0.0	0.0	0.0	0.0	0.0	0.0	0.0
321	0.0	0.0	0.0	0.0	0.0	0.0	0.0
322	0.0	0.0	0.0	0.0	0.0	0.0	0.0
323	0.0	0.0	0.0	0.0	0.0	0.0	0.0
324	2.0	1.0	0.0	1.0	0.9990000000000006	8.001	1.0
325	2.0	0.0	1.0	0.0	1.3360000000000003	4.664	1.0
326	1.0	0.0	1.0	0.0	0.6680000000000001	2.332	1.0
327	2.0	0.0	2.0	0.0	2.0	4.0	2.0
328	2.0	0.0	2.0	0.0	2.0	4.0	2.0
329	2.0	0.0	1.0	0.0	2.0	4.0	1.0
330	0.0	0.0	0.0	0.0	0.0	0.0	0.0
331	2.0	0.0	1.0	0.0	2.0	4.0	1.0
332	1.0	0.0	1.0	0.0	0.3330000000000002	2.667	1.0
333	2.0	0.0	2.0	0.0	0.6660000000000004	5.334	2.0
334	1.0	2.0	1.0	1.0	2.333	6.667	2.0
335	1.0	1.0	0.0	0.0	0.6660000000000004	5.334	0.0
336	0.0	3.0	0.0	3.0	0.6660000000000004	5.334	2.0
337	1.0	0.0	1.0	0.0	0.3330000000000002	2.667	1.0
338	1.0	1.0	1.0	1.0	1.0	2.0	1.0
339	2.0	1.0	1.0	1.0	1.3360000000000003	4.664	1.0
340	2.0	0.0	2.0	0.0	2.0	4.0	2.0
341	4.0	0.0	2.0	0.0	3.736	8.264	2.0
342	2.0	0.0	2.0	0.0	2.0	4.0	2.0
343	2.0	3.0	2.0	3.0	2.0	7.0	3.0
344	1.0	0.0	0.0	0.0	0.3330000000000002	2.667	0.0
345	2.0	3.0	1.0	2.0	3.6690000000000005	11.331	3.0
346	3.0	3.0	2.0	2.0	5.668	12.332	4.0
347	1.0	0.0	1.0	0.0	1.0	2.0	1.0
348	3.0	0.0	1.0	0.0	3.8	5.2	1.0
349	2.0	0.0	1.0	0.0	2.0	4.0	1.0
350	2.0	2.0	1.0	2.0	2.0	7.0	2.0
351	3.0	2.0	2.0	2.0	4.4	7.6	3.0
352	1.0	0.0	0.0	0.0	1.0	2.0	0.0
353	0.0	3.0	0.0	2.0	2.068	6.932	2.0
354	2.0	2.0	2.0	0.0	2.668	6.332	1.0
355	2.0	3.0	2.0	2.0	3.8	8.2	3.0
356	1.0	1.0	1.0	1.0	1.0	2.0	1.0
357	1.0	0.0	1.0	0.0	1.0	2.0	1.0
358	2.0	0.0	2.0	0.0	0.6660000000000004	5.334	2.0
359	2.0	5.0	2.0	2.0	3.3340000000000005	14.666	3.0
360	1.0	1.0	1.0	1.0	1.0	2.0	1.0
361	1.0	1.0	1.0	1.0	1.6680000000000001	4.332	2.0
362	0.0	2.0	0.0	2.0	1.3360000000000003	4.664	2.0
363	0.0	3.0	0.0	3.0	1.6660000000000004	7.334	3.0
364	0.0	4.0	0.0	2.0	3.4	8.6	2.0
365	2.0	1.0	1.0	1.0	2.333	6.667	2.0
366	1.0	1.0	1.0	1.0	1.0010000000000003	4.999	2.0
367	1.0	1.0	1.0	1.0	1.0	2.0	1.0
368	0.0	2.0	0.0	1.0	1.6680000000000001	4.332	1.0
369	1.0	0.0	1.0	0.0	1.0	2.0	1.0
370	2.0	0.0	1.0	0.0	2.0	4.0	1.0
371	3.0	3.0	2.0	2.0	4.668	10.332	3.0
372	1.0	2.0	1.0	2.0	1.3360000000000003	4.664	2.0
373	1.0	0.0	1.0	0.0	0.3330000000000002	2.667	1.0
374	0.0	0.0	0.0	0.0	0.0	0.0	0.0
375	2.0	1.0	2.0	1.0	0.9990000000000006	8.001	3.0
376	2.0	0.0	1.0	0.0	2.0	4.0	1.0
377	2.0	0.0	0.0	0.0	1.6680000000000001	4.332	0.0
378	2.0	1.0	1.0	1.0	2.4	3.6	1.0
379	1.0	1.0	0.0	1.0	2.0	4.0	1.0
380	1.0	4.0	1.0	1.0	2.6660000000000004	12.334	2.0
381	0.0	2.0	0.0	1.0	2.0	4.0	1.0
382	1.0	2.0	1.0	2.0	1.0	2.0	1.0
383	3.0	1.0	3.0	1.0	1.0010000000000003	4.999	2.0
384	1.0	1.0	1.0	1.0	0.6660000000000004	5.334	2.0
385	1.0	1.0	0.0	1.0	1.6680000000000001	4.332	1.0
386	1.0	2.0	1.0	2.0	1.0	2.0	1.0
387	2.0	2.0	1.0	2.0	3.0	6.0	2.0
388	1.0	1.0	0.0	1.0	0.6660000000000004	5.334	1.0
389	2.0	2.0	1.0	2.0	1.3330000000000002	4.667	1.0
390	0.0	0.0	0.0	0.0	0.0	0.0	0.0
391	2.0	0.0	1.0	0.0	2.0	4.0	1.0
392	0.0	2.0	0.0	1.0	0.6660000000000004	5.334	1.0
393	1.0	1.0	1.0	1.0	0.3330000000000002	2.667	1.0
394	2.0	1.0	2.0	0.0	1.3340000000000005	7.6659999999999995	2.0
395	2.0	0.0	2.0	0.0	0.6660000000000004	5.334	2.0
396	2.0	1.0	2.0	1.0	3.068	5.932	3.0
397	0.0	0.0	0.0	0.0	0.0	0.0	0.0
398	0.0	0.0	0.0	0.0	0.0	0.0	0.0
399	1.0	0.0	0.0	0.0	1.0	2.0	0.0
400	0.0	4.0	0.0	2.0	2.3370000000000006	9.663	2.0
401	0.0	0.0	0.0	0.0	0.0	0.0	0.0
402	1.0	1.0	0.0	1.0	1.0010000000000003	4.999	1.0
403	1.0	0.0	1.0	0.0	1.0	2.0	1.0
404	2.0	0.0	1.0	0.0	2.0	4.0	1.0
405	1.0	0.0	1.0	0.0	1.0	2.0	1.0
406	2.0	0.0	1.0	0.0	2.0	4.0	1.0
407	2.0	1.0	1.0	1.0	0.6660000000000004	5.334	1.0
408	0.0	2.0	0.0	2.0	1.0	2.0	1.0
409	1.0	0.0	1.0	0.0	0.3330000000000002	2.667	1.0
410	2.0	0.0	2.0	0.0	2.0	4.0	2.0
411	2.0	0.0	1.0	0.0	2.0	4.0	1.0
412	3.0	0.0	2.0	0.0	3.468	5.532	2.0
413	1.0	0.0	1.0	0.0	1.0	2.0	1.0
414	1.0	0.0	0.0	0.0	1.4	1.6	0.0
415	2.0	0.0	2.0	0.0	2.0	4.0	2.0
416	2.0	0.0	1.0	0.0	2.0	4.0	1.0
417	3.0	2.0	2.0	1.0	3.668	8.332	2.0
418	2.0	0.0	1.0	0.0	2.0	4.0	1.0
419	2.0	0.0	1.0	0.0	0.6660000000000004	5.334	1.0
420	1.0	0.0	0.0	0.0	1.0	2.0	0.0
421	2.0	1.0	2.0	1.0	0.9990000000000006	8.001	3.0
422	2.0	0.0	1.0	0.0	1.6680000000000001	4.332	1.0
423	2.0	0.0	2.0	0.0	2.0	4.0	2.0
424	1.0	0.0	1.0	0.0	1.0	2.0	1.0
425	1.0	2.0	1.0	1.0	1.6690000000000005	7.3309999999999995	2.0
426	2.0	0.0	1.0	0.0	2.0	4.0	1.0
427	1.0	0.0	1.0	0.0	1.0	2.0	1.0
428	2.0	0.0	2.0	0.0	2.0	4.0	2.0
429	2.0	1.0	2.0	1.0	1.3330000000000002	4.667	2.0
430	1.0	2.0	1.0	1.0	1.3330000000000002	4.667	1.0
431	2.0	1.0	2.0	0.0	3.0	6.0	2.0
432	1.0	3.0	0.0	2.0	0.9990000000000006	8.001	1.0
433	0.0	2.0	0.0	2.0	1.3330000000000002	4.667	2.0
434	1.0	1.0	1.0	1.0	2.0	4.0	2.0
435	2.0	0.0	1.0	0.0	2.0	4.0	1.0
436	2.0	0.0	1.0	0.0	2.0	4.0	1.0
437	1.0	2.0	1.0	2.0	0.6660000000000004	5.334	2.0
438	2.0	1.0	1.0	1.0	0.9990000000000006	8.001	2.0
439	2.0	2.0	1.0	2.0	3.0	6.0	2.0
440	1.0	0.0	1.0	0.0	0.6680000000000001	2.332	1.0
441	2.0	2.0	1.0	1.0	1.9990000000000006	10.001	2.0
442	2.0	0.0	2.0	0.0	1.3360000000000003	4.664	2.0
443	1.0	2.0	0.0	2.0	0.9990000000000006	8.001	2.0
444	1.0	1.0	1.0	1.0	0.6660000000000004	5.334	2.0
445	1.0	2.0	1.0	2.0	1.3330000000000002	4.667	2.0
446	1.0	2.0	0.0	0.0	2.0	4.0	0.0
447	2.0	1.0	1.0	0.0	2.3360000000000003	6.664	1.0
448	1.0	5.0	1.0	4.0	2.6660000000000004	9.334	3.0
449	2.0	0.0	1.0	0.0	2.0	4.0	1.0
450	2.0	0.0	1.0	0.0	2.0	4.0	1.0
451	1.0	4.0	1.0	2.0	2.0	7.0	2.0
452	1.0	0.0	0.0	0.0	1.0	2.0	0.0
453	1.0	0.0	1.0	0.0	0.3330000000000002	2.667	1.0
454	0.0	4.0	0.0	2.0	1.3340000000000005	10.666	2.0
455	1.0	0.0	1.0	0.0	1.0	2.0	1.0
456	2.0	0.0	0.0	0.0	1.0	2.0	0.0
457	1.0	0.0	0.0	0.0	1.0	2.0	0.0
458	1.0	0.0	1.0	0.0	1.0	2.0	1.0
459	1.0	0.0	1.0	0.0	1.0	2.0	1.0
460	1.0	3.0	1.0	2.0	1.3330000000000002	4.667	1.0
461	1.0	3.0	0.0	2.0	0.9990000000000006	8.001	2.0
462	1.0	1.0	0.0	1.0	0.6660000000000004	5.334	1.0
463	2.0	0.0	2.0	0.0	2.4	3.6	2.0
464	1.0	1.0	1.0	1.0	0.6660000000000004	5.334	2.0
465	1.0	1.0	0.0	1.0	0.6660000000000004	5.334	1.0
466	1.0	2.0	1.0	2.0	1.0	2.0	1.0
467	1.0	0.0	1.0	0.0	1.0	2.0	1.0
468	0.0	2.0	0.0	1.0	0.6660000000000004	5.334	1.0
469	2.0	1.0	1.0	1.0	2.333	6.667	2.0
470	1.0	0.0	1.0	0.0	0.3330000000000002	2.667	1.0
471	1.0	5.0	1.0	2.0	3.3320000000000007	14.668	3.0
472	1.0	1.0	1.0	1.0	1.3330000000000002	4.667	2.0
473	1.0	2.0	1.0	2.0	0.3330000000000002	2.667	1.0
474	1.0	0.0	1.0	0.0	1.0	2.0	1.0
475	1.0	1.0	0.0	1.0	0.6660000000000004	5.334	1.0
476	0.0	1.0	0.0	1.0	1.0	2.0	1.0
477	1.0	0.0	0.0	0.0	1.0	2.0	0.0
478	2.0	0.0	1.0	0.0	2.0	4.0	1.0
479	3.0	0.0	1.0	0.0	3.0	6.0	1.0
480	0.0	1.0	0.0	1.0	0.3330000000000002	2.667	1.0
481	1.0	0.0	1.0	0.0	0.3330000000000002	2.667	1.0
482	1.0	0.0	1.0	0.0	1.0	2.0	1.0
483	1.0	0.0	1.0	0.0	0.3330000000000002	2.667	1.0
484	2.0	0.0	1.0	0.0	2.0	4.0	1.0
485	0.0	1.0	0.0	1.0	0.3330000000000002	2.667	1.0
486	1.0	0.0	1.0	0.0	0.3330000000000002	2.667	1.0
487	2.0	1.0	1.0	0.0	3.0	6.0	1.0
488	1.0	1.0	1.0	1.0	1.6680000000000001	4.332	2.0
489	2.0	0.0	1.0	0.0	2.0	4.0	1.0
490	2.0	0.0	1.0	0.0	0.6660000000000004	5.334	1.0
491	2.0	0.0	2.0	0.0	2.0	4.0	2.0
492	1.0	3.0	1.0	2.0	2.6660000000000004	9.334	3.0
493	1.0	0.0	1.0	0.0	0.3330000000000002	2.667	1.0
494	2.0	0.0	1.0	0.0	2.0	4.0	1.0
495	1.0	0.0	0.0	0.0	0.3330000000000002	2.667	0.0
496	1.0	0.0	0.0	0.0	0.3330000000000002	2.667	0.0
497	2.0	2.0	1.0	2.0	2.3360000000000003	9.664	3.0
498	2.0	0.0	1.0	0.0	0.6660000000000004	5.334	1.0
499	1.0	2.0	0.0	2.0	1.3330000000000002	4.667	1.0
500	1.0	1.0	1.0	1.0	1.6680000000000001	4.332	2.0
501	1.0	1.0	1.0	1.0	1.733	4.2669999999999995	2.0
502	2.0	0.0	1.0	0.0	0.6660000000000004	5.334	1.0
503	1.0	0.0	1.0	0.0	1.0	2.0	1.0
504	2.0	1.0	0.0	1.0	2.333	6.667	1.0
505	1.0	0.0	1.0	0.0	1.0	2.0	1.0
506	1.0	0.0	0.0	0.0	0.3330000000000002	2.667	0.0
507	1.0	0.0	1.0	0.0	0.3330000000000002	2.667	1.0
508	1.0	1.0	1.0	1.0	1.0	2.0	1.0
509	0.0	1.0	0.0	0.0	1.0	2.0	0.0
510	1.0	0.0	1.0	0.0	0.3330000000000002	2.667	1.0
511	1.0	0.0	1.0	0.0	1.0	2.0	1.0
512	1.0	1.0	0.0	1.0	2.0	4.0	1.0
513	2.0	2.0	1.0	0.0	2.0	4.0	1.0
514	1.0	2.0	1.0	2.0	2.0	4.0	2.0
515	2.0	0.0	1.0	0.0	2.0	4.0	1.0
516	0.0	0.0	0.0	0.0	0.0	0.0	0.0
517	1.0	0.0	0.0	0.0	0.3330000000000002	2.667	0.0
518	1.0	0.0	0.0	0.0	0.6680000000000001	2.332	0.0
519	2.0	0.0	2.0	0.0	1.0	2.0	1.0
520	1.0	0.0	1.0	0.0	1.0	2.0	1.0
521	0.0	0.0	0.0	0.0	0.0	0.0	0.0
522	2.0	1.0	1.0	1.0	3.0	6.0	2.0
523	2.0	0.0	0.0	0.0	2.0	4.0	0.0
524	1.0	1.0	0.0	1.0	2.0	4.0	1.0
525	1.0	4.0	1.0	3.0	1.6660000000000004	7.334	2.0
526	2.0	1.0	2.0	1.0	0.9990000000000006	8.001	3.0
527	1.0	0.0	1.0	0.0	1.0	2.0	1.0
528	0.0	0.0	0.0	0.0	0.0	0.0	0.0
529	1.0	2.0	1.0	2.0	1.3330000000000002	4.667	2.0
530	1.0	0.0	1.0	0.0	1.0	2.0	1.0
531	1.0	2.0	1.0	1.0	2.668	6.332	2.0
532	2.0	0.0	1.0	0.0	2.0	4.0	1.0
533	2.0	1.0	1.0	0.0	2.0	4.0	1.0
534	1.0	2.0	1.0	1.0	3.4	5.6	2.0
535	2.0	0.0	2.0	0.0	2.0	4.0	2.0
536	1.0	1.0	1.0	1.0	1.0	2.0	1.0
537	2.0	3.0	1.0	2.0	2.333	6.667	1.0
538	1.0	1.0	0.0	1.0	0.6660000000000004	5.334	1.0
539	1.0	2.0	0.0	2.0	0.6660000000000004	5.334	1.0
540	0.0	2.0	0.0	1.0	0.6660000000000004	5.334	1.0
541	0.0	0.0	0.0	0.0	0.0	0.0	0.0
542	0.0	0.0	0.0	0.0	0.0	0.0	0.0
543	0.0	0.0	0.0	0.0	0.0	0.0	0.0
544	0.0	0.0	0.0	0.0	0.0	0.0	0.0
545	0.0	0.0	0.0	0.0	0.0	0.0	0.0
546	0.0	0.0	0.0	0.0	0.0	0.0	0.0
547	1.0	2.0	0.0	2.0	1.3330000000000002	4.667	1.0
548	1.0	1.0	0.0	1.0	0.6660000000000004	5.334	1.0
549	2.0	1.0	2.0	1.0	2.668	6.332	3.0
550	1.0	1.0	1.0	1.0	1.6680000000000001	4.332	2.0
551	2.0	0.0	1.0	0.0	2.0	4.0	1.0
552	2.0	0.0	2.0	0.0	2.0	4.0	2.0
553	1.0	1.0	1.0	1.0	1.0	5.0	2.0
554	1.0	0.0	0.0	0.0	0.3330000000000002	2.667	0.0
555	0.0	0.0	0.0	0.0	0.0	0.0	0.0
556	0.0	0.0	0.0	0.0	0.0	0.0	0.0
557	0.0	0.0	0.0	0.0	0.0	0.0	0.0
558	1.0	0.0	1.0	0.0	1.0	2.0	1.0
559	0.0	1.0	0.0	0.0	0.3330000000000002	2.667	0.0
560	1.0	2.0	1.0	1.0	0.9990000000000006	8.001	2.0
561	1.0	0.0	1.0	0.0	1.0	2.0	1.0
562	0.0	5.0	0.0	3.0	3.333	8.667	2.0
563	1.0	2.0	1.0	2.0	1.0	2.0	1.0
564	3.0	0.0	2.0	0.0	3.0	6.0	2.0
565	1.0	1.0	0.0	1.0	1.0010000000000003	4.999	1.0
566	1.0	2.0	1.0	2.0	1.0	2.0	1.0
567	2.0	2.0	1.0	2.0	1.3330000000000002	4.667	1.0
568	2.0	2.0	1.0	2.0	3.0	6.0	2.0
569	0.0	0.0	0.0	0.0	0.0	0.0	0.0
570	1.0	0.0	0.0	0.0	1.0	2.0	0.0
571	1.0	1.0	0.0	1.0	2.0	4.0	1.0
572	2.0	0.0	0.0	0.0	2.0	4.0	0.0
573	1.0	0.0	1.0	0.0	1.0	2.0	1.0
574	1.0	0.0	0.0	0.0	0.3330000000000002	2.667	0.0
575	0.0	0.0	0.0	0.0	0.0	0.0	0.0
576	1.0	2.0	0.0	0.0	2.0	4.0	0.0
577	0.0	0.0	0.0	0.0	0.0	0.0	0.0
578	1.0	0.0	0.0	0.0	0.3330000000000002	2.667	0.0
579	0.0	0.0	0.0	0.0	0.0	0.0	0.0
580	0.0	1.0	0.0	0.0	0.3330000000000002	2.667	0.0
581	1.0	2.0	0.0	2.0	1.6680000000000001	4.332	1.0
582	1.0	2.0	1.0	2.0	1.0	2.0	1.0
583	2.0	2.0	1.0	1.0	3.0010000000000003	8.998999999999999	2.0
584	1.0	1.0	1.0	1.0	0.6660000000000004	5.334	2.0
585	0.0	2.0	0.0	0.0	0.6660000000000004	5.334	0.0
586	1.0	1.0	1.0	0.0	0.6660000000000004	5.334	1.0
587	2.0	1.0	1.0	1.0	3.4	5.6	2.0
588	0.0	3.0	0.0	2.0	0.6660000000000004	5.334	1.0
589	1.0	0.0	1.0	0.0	1.0	2.0	1.0
590	1.0	1.0	0.0	1.0	2.0	4.0	1.0
591	0.0	0.0	0.0	0.0	0.0	0.0	0.0
592	1.0	2.0	1.0	1.0	2.0	4.0	1.0
593	1.0	2.0	1.0	1.0	2.668	6.332	2.0
594	1.0	0.0	1.0	0.0	0.3330000000000002	2.667	1.0
595	1.0	0.0	1.0	0.0	0.6680000000000001	2.332	1.0
596	1.0	1.0	1.0	1.0	0.6660000000000004	5.334	2.0
597	1.0	2.0	0.0	1.0	2.333	6.667	1.0
598	2.0	0.0	1.0	0.0	1.3360000000000003	4.664	1.0
599	2.0	2.0	1.0	2.0	1.3330000000000002	4.667	1.0
600	2.0	0.0	1.0	0.0	0.6660000000000004	5.334	1.0
601	0.0	0.0	0.0	0.0	0.0	0.0	0.0
602	2.0	0.0	2.0	0.0	2.0	4.0	2.0
603	0.0	0.0	0.0	0.0	0.0	0.0	0.0
604	2.0	0.0	1.0	0.0	0.6660000000000004	5.334	1.0
605	1.0	0.0	1.0	0.0	1.0	2.0	1.0
606	2.0	0.0	1.0	0.0	2.0	4.0	1.0
607	0.0	0.0	0.0	0.0	0.0	0.0	0.0
608	1.0	0.0	1.0	0.0	1.0	2.0	1.0
609	0.0	0.0	0.0	0.0	0.0	0.0	0.0
610	0.0	0.0	0.0	0.0	0.0	0.0	0.0
611	2.0	0.0	1.0	0.0	2.0	4.0	1.0
612	1.0	0.0	0.0	0.0	0.3330000000000002	2.667	0.0
613	1.0	0.0	0.0	0.0	1.4	1.6	0.0
614	0.0	2.0	0.0	2.0	0.3330000000000002	2.667	1.0
615	3.0	1.0	3.0	1.0	3.0	6.0	3.0
616	3.0	0.0	2.0	0.0	3.0	6.0	2.0
617	0.0	0.0	0.0	0.0	0.0	0.0	0.0
618	2.0	0.0	1.0	0.0	2.0	4.0	1.0
619	1.0	2.0	1.0	0.0	2.0	4.0	1.0
620	1.0	0.0	1.0	0.0	0.3330000000000002	2.667	1.0
621	2.0	0.0	1.0	0.0	2.0	4.0	1.0
622	1.0	1.0	0.0	1.0	1.3330000000000002	4.667	1.0
623	1.0	1.0	0.0	1.0	1.6680000000000001	4.332	1.0
624	0.0	0.0	0.0	0.0	0.0	0.0	0.0
625	1.0	0.0	1.0	0.0	0.3330000000000002	2.667	1.0
626	1.0	2.0	1.0	2.0	1.0	2.0	1.0
627	2.0	0.0	2.0	0.0	1.0	2.0	1.0
628	1.0	0.0	0.0	0.0	0.6680000000000001	2.332	0.0
629	2.0	0.0	1.0	0.0	1.3360000000000003	4.664	1.0
630	2.0	0.0	1.0	0.0	2.0	4.0	1.0
631	1.0	0.0	1.0	0.0	0.3330000000000002	2.667	1.0
632	2.0	2.0	2.0	1.0	1.6660000000000004	7.334	2.0
633	0.0	1.0	0.0	1.0	0.3330000000000002	2.667	1.0
634	2.0	3.0	2.0	2.0	2.333	6.667	2.0
635	2.0	3.0	1.0	2.0	1.6660000000000004	7.334	1.0
636	2.0	2.0	2.0	2.0	1.3330000000000002	4.667	2.0
637	1.0	1.0	0.0	1.0	0.6660000000000004	5.334	1.0
638	1.0	1.0	0.0	1.0	1.6680000000000001	4.332	1.0
639	1.0	0.0	1.0	0.0	1.0	2.0	1.0
640	1.0	0.0	1.0	0.0	1.0	2.0	1.0
641	0.0	2.0	0.0	2.0	0.3330000000000002	2.667	1.0
642	3.0	0.0	3.0	0.0	3.4	5.6	3.0
643	3.0	0.0	2.0	0.0	3.0	6.0	2.0
644	1.0	1.0	1.0	0.0	0.6660000000000004	5.334	1.0
645	1.0	0.0	1.0	0.0	1.0	2.0	1.0
646	1.0	0.0	1.0	0.0	0.3330000000000002	2.667	1.0
647	2.0	0.0	2.0	0.0	2.0	4.0	2.0
648	1.0	0.0	0.0	0.0	1.0	2.0	0.0
649	0.0	0.0	0.0	0.0	0.0	0.0	0.0
650	1.0	0.0	1.0	0.0	0.3330000000000002	2.667	1.0
651	3.0	0.0	2.0	0.0	2.668	6.332	2.0
652	3.0	0.0	3.0	0.0	2.068	3.932	2.0
653	1.0	0.0	1.0	0.0	0.3330000000000002	2.667	1.0
654	3.0	0.0	2.0	0.0	3.0	6.0	2.0
655	1.0	0.0	1.0	0.0	0.6680000000000001	2.332	1.0
656	2.0	1.0	2.0	1.0	2.333	6.667	3.0
657	0.0	0.0	0.0	0.0	0.0	0.0	0.0
658	0.0	2.0	0.0	2.0	1.0	2.0	1.0
659	2.0	1.0	1.0	1.0	3.0	6.0	2.0
660	1.0	0.0	1.0	0.0	0.3330000000000002	2.667	1.0
661	0.0	0.0	0.0	0.0	0.0	0.0	0.0
662	1.0	0.0	0.0	0.0	0.3330000000000002	2.667	0.0
663	1.0	0.0	0.0	0.0	1.0	2.0	0.0
664	0.0	0.0	0.0	0.0	0.0	0.0	0.0
665	2.0	0.0	0.0	0.0	1.0010000000000003	4.999	0.0
