pos	Sd	Nd	Sd_tip	Nd_tip	S	N	comparisons
001	0.0	0.0	0.0	0.0	0.0	0.0	0.0
002	0.0	0.0	0.0	0.0	0.0	0.0	0.0
003	0.0	0.0	0.0	0.0	0.0	0.0	0.0
004	0.0	0.0	0.0	0.0	0.0	0.0	0.0
005	0.0	0.0	0.0	0.0	0.0	0.0	0.0
006	0.0	0.0	0.0	0.0	0.0	0.0	0.0
007	0.0	0.0	0.0	0.0	0.0	0.0	0.0
008	0.0	0.0	0.0	0.0	0.0	0.0	0.0
009	0.0	0.0	0.0	0.0	0.0	0.0	0.0
010	0.0	0.0	0.0	0.0	0.0	0.0	0.0
011	0.0	0.0	0.0	0.0	0.0	0.0	0.0
012	0.0	0.0	0.0	0.0	0.0	0.0	0.0
013	0.0	0.0	0.0	0.0	0.0	0.0	0.0
014	0.0	0.0	0.0	0.0	0.0	0.0	0.0
015	0.0	0.0	0.0	0.0	0.0	0.0	0.0
016	0.0	0.0	0.0	0.0	0.0	0.0	0.0
017	0.0	0.0	0.0	0.0	0.0	0.0	0.0
018	0.0	0.0	0.0	0.0	0.0	0.0	0.0
019	0.0	0.0	0.0	0.0	0.0	0.0	0.0
020	0.0	0.0	0.0	0.0	0.0	0.0	0.0
021	0.0	0.0	0.0	0.0	0.0	0.0	0.0
022	0.0	0.0	0.0	0.0	0.0	0.0	0.0
023	0.0	0.0	0.0	0.0	0.0	0.0	0.0
024	0.0	0.0	0.0	0.0	0.0	0.0	0.0
025	0.0	0.0	0.0	0.0	0.0	0.0	0.0
026	0.0	0.0	0.0	0.0	0.0	0.0	0.0
027	0.0	0.0	0.0	0.0	0.0	0.0	0.0
028	0.0	0.0	0.0	0.0	0.0	0.0	0.0
029	0.0	0.0	0.0	0.0	0.0	0.0	0.0
030	0.0	0.0	0.0	0.0	0.0	0.0	0.0
031	0.0	0.0	0.0	0.0	0.0	0.0	0.0
032	0.0	0.0	0.0	0.0	0.0	0.0	0.0
033	0.0	0.0	0.0	0.0	0.0	0.0	0.0
034	0.0	0.0	0.0	0.0	0.0	0.0	0.0
035	0.0	0.0	0.0	0.0	0.0	0.0	0.0
036	0.0	0.0	0.0	0.0	0.0	0.0	0.0
037	0.0	0.0	0.0	0.0	0.0	0.0	0.0
038	0.0	0.0	0.0	0.0	0.0	0.0	0.0
039	0.0	0.0	0.0	0.0	0.0	0.0	0.0
040	0.0	0.0	0.0	0.0	0.0	0.0	0.0
041	0.0	0.0	0.0	0.0	0.0	0.0	0.0
042	0.0	0.0	0.0	0.0	0.0	0.0	0.0
043	0.0	0.0	0.0	0.0	0.0	0.0	0.0
044	0.0	0.0	0.0	0.0	0.0	0.0	0.0
045	0.0	0.0	0.0	0.0	0.0	0.0	0.0
046	0.0	0.0	0.0	0.0	0.0	0.0	0.0
047	0.0	0.0	0.0	0.0	0.0	0.0	0.0
048	0.0	0.0	0.0	0.0	0.0	0.0	0.0
049	0.0	0.0	0.0	0.0	0.0	0.0	0.0
050	0.0	0.0	0.0	0.0	0.0	0.0	0.0
051	0.0	0.0	0.0	0.0	0.0	0.0	0.0
052	0.0	0.0	0.0	0.0	0.0	0.0	0.0
053	0.0	0.0	0.0	0.0	0.0	0.0	0.0
054	0.0	0.0	0.0	0.0	0.0	0.0	0.0
055	0.0	0.0	0.0	0.0	0.0	0.0	0.0
056	0.0	0.0	0.0	0.0	0.0	0.0	0.0
057	0.0	0.0	0.0	0.0	0.0	0.0	0.0
058	0.0	0.0	0.0	0.0	0.0	0.0	0.0
059	1.0	2.0	1.0	2.0	0.3330000000000002	2.667	1.0
060	0.0	2.0	0.0	2.0	1.0	2.0	1.0
061	3.0	2.0	3.0	2.0	2.3360000000000003	6.664	3.0
062	1.0	2.0	1.0	2.0	1.6680000000000001	4.332	2.0
063	3.0	2.0	2.0	2.0	2.333	6.667	2.0
064	2.0	2.0	2.0	2.0	1.3330000000000002	4.667	2.0
065	2.0	2.0	2.0	2.0	1.3330000000000002	4.667	2.0
066	1.0	3.0	1.0	3.0	1.6660000000000004	7.334	3.0
067	0.0	2.0	0.0	2.0	1.0	2.0	1.0
068	1.0	2.0	1.0	2.0	1.6680000000000001	4.332	2.0
069	2.0	0.0	1.0	0.0	2.0	4.0	1.0
070	1.0	1.0	1.0	1.0	1.6680000000000001	4.332	2.0
071	0.0	0.0	0.0	0.0	0.0	0.0	0.0
072	1.0	0.0	1.0	0.0	1.0	2.0	1.0
073	0.0	0.0	0.0	0.0	0.0	0.0	0.0
074	1.0	0.0	1.0	0.0	0.3330000000000002	2.667	1.0
075	0.0	0.0	0.0	0.0	0.0	0.0	0.0
076	3.0	1.0	2.0	1.0	3.0040000000000004	8.995999999999999	3.0
077	1.0	0.0	1.0	0.0	1.0	2.0	1.0
078	2.0	1.0	2.0	0.0	2.668	6.332	2.0
079	0.0	0.0	0.0	0.0	0.0	0.0	0.0
080	2.0	0.0	2.0	0.0	2.0	4.0	2.0
081	1.0	0.0	1.0	0.0	0.3330000000000002	2.667	1.0
082	0.0	0.0	0.0	0.0	0.0	0.0	0.0
083	1.0	0.0	1.0	0.0	1.0	2.0	1.0
084	1.0	0.0	1.0	0.0	0.3330000000000002	2.667	1.0
085	0.0	0.0	0.0	0.0	0.0	0.0	0.0
086	2.0	0.0	2.0	0.0	2.0	4.0	2.0
087	2.0	0.0	2.0	0.0	2.0	4.0	2.0
088	0.0	0.0	0.0	0.0	0.0	0.0	0.0
089	1.0	0.0	1.0	0.0	0.3330000000000002	2.667	1.0
090	4.0	0.0	2.0	0.0	4.8	7.199999999999999	2.0
091	1.0	0.0	1.0	0.0	1.0	2.0	1.0
092	2.0	0.0	1.0	0.0	2.0	4.0	1.0
093	1.0	1.0	1.0	1.0	2.0	4.0	2.0
094	4.0	0.0	2.0	0.0	4.0	8.0	2.0
095	0.0	0.0	0.0	0.0	0.0	0.0	0.0
096	3.0	0.0	2.0	0.0	0.9990000000000006	8.001	2.0
097	2.0	0.0	2.0	0.0	2.0	4.0	2.0
098	2.0	3.0	1.0	2.0	4.333	10.667	3.0
099	3.0	0.0	3.0	0.0	0.9990000000000006	8.001	3.0
100	1.0	0.0	0.0	0.0	1.0	2.0	0.0
101	3.0	4.0	3.0	2.0	4.666	13.334	4.0
102	1.0	1.0	1.0	1.0	1.3330000000000002	4.667	2.0
103	0.0	2.0	0.0	2.0	2.0	4.0	2.0
104	1.0	0.0	0.0	0.0	0.3330000000000002	2.667	0.0
105	1.0	0.0	1.0	0.0	1.0	2.0	1.0
106	2.0	0.0	2.0	0.0	0.6660000000000004	5.334	2.0
107	1.0	0.0	1.0	0.0	1.0	2.0	1.0
108	1.0	0.0	1.0	0.0	0.3330000000000002	2.667	1.0
109	2.0	0.0	1.0	0.0	2.0	4.0	1.0
110	0.0	0.0	0.0	0.0	0.0	0.0	0.0
111	0.0	0.0	0.0	0.0	0.0	0.0	0.0
112	1.0	0.0	1.0	0.0	0.6680000000000001	2.332	1.0
113	0.0	0.0	0.0	0.0	0.0	0.0	0.0
114	1.0	0.0	1.0	0.0	1.0	2.0	1.0
115	1.0	0.0	0.0	0.0	0.6680000000000001	2.332	0.0
116	1.0	0.0	1.0	0.0	1.0	2.0	1.0
117	1.0	0.0	1.0	0.0	0.3330000000000002	2.667	1.0
118	2.0	0.0	2.0	0.0	2.0	4.0	2.0
119	1.0	0.0	1.0	0.0	0.6680000000000001	2.332	1.0
120	2.0	0.0	1.0	0.0	2.0	4.0	1.0
121	2.0	0.0	1.0	0.0	2.0	4.0	1.0
122	0.0	0.0	0.0	0.0	0.0	0.0	0.0
123	1.0	0.0	1.0	0.0	0.6680000000000001	2.332	1.0
124	0.0	0.0	0.0	0.0	0.0	0.0	0.0
125	2.0	0.0	2.0	0.0	2.0	4.0	2.0
126	2.0	0.0	1.0	0.0	2.068	3.932	1.0
127	2.0	0.0	1.0	0.0	1.3360000000000003	4.664	1.0
128	3.0	1.0	3.0	0.0	4.0	8.0	3.0
129	1.0	0.0	1.0	0.0	0.6680000000000001	2.332	1.0
130	0.0	0.0	0.0	0.0	0.0	0.0	0.0
131	4.0	0.0	3.0	0.0	4.0	8.0	3.0
132	1.0	1.0	1.0	0.0	1.3360000000000003	4.664	1.0
133	1.0	1.0	1.0	1.0	1.6680000000000001	4.332	2.0
134	3.0	0.0	3.0	0.0	2.0040000000000004	6.9959999999999996	3.0
135	1.0	1.0	1.0	1.0	1.733	4.2669999999999995	2.0
136	0.0	0.0	0.0	0.0	0.0	0.0	0.0
137	2.0	0.0	1.0	0.0	0.6660000000000004	5.334	1.0
138	0.0	0.0	0.0	0.0	0.0	0.0	0.0
139	0.0	1.0	0.0	1.0	1.0	2.0	1.0
140	0.0	0.0	0.0	0.0	0.0	0.0	0.0
141	2.0	0.0	1.0	0.0	2.0	4.0	1.0
142	0.0	0.0	0.0	0.0	0.0	0.0	0.0
