pos	Sd	Nd	Sd_tip	Nd_tip	S	N	comparisons
001	0.0	0.0	0.0	0.0	0.0	0.0	0.0
002	1.0	1.0	0.0	0.0	0.6660000000000004	5.334	0.0
003	1.0	3.0	0.0	0.0	2.333	6.667	0.0
004	2.0	0.0	1.0	0.0	2.0	4.0	1.0
005	2.0	0.0	1.0	0.0	2.0	4.0	1.0
006	1.0	1.0	0.0	1.0	2.0	4.0	1.0
007	3.0	0.0	2.0	0.0	3.0	6.0	2.0
008	1.0	0.0	0.0	0.0	0.3330000000000002	2.667	0.0
009	1.0	0.0	0.0	0.0	1.0	2.0	0.0
010	1.0	0.0	0.0	0.0	1.0	2.0	0.0
011	0.0	0.0	0.0	0.0	0.0	0.0	0.0
012	2.0	0.0	0.0	0.0	2.0	4.0	0.0
013	1.0	0.0	0.0	0.0	1.4	1.6	0.0
014	1.0	0.0	0.0	0.0	1.0	2.0	0.0
015	1.0	0.0	0.0	0.0	1.0	2.0	0.0
016	0.0	0.0	0.0	0.0	0.0	0.0	0.0
017	1.0	0.0	0.0	0.0	0.3330000000000002	2.667	0.0
018	0.0	0.0	0.0	0.0	0.0	0.0	0.0
019	0.0	0.0	0.0	0.0	0.0	0.0	0.0
020	1.0	0.0	1.0	0.0	0.6680000000000001	2.332	1.0
021	1.0	0.0	0.0	0.0	0.3330000000000002	2.667	0.0
022	1.0	0.0	0.0	0.0	1.0	2.0	0.0
023	1.0	0.0	0.0	0.0	0.6680000000000001	2.332	0.0
024	3.0	0.0	2.0	0.0	3.0	6.0	2.0
025	0.0	0.0	0.0	0.0	0.0	0.0	0.0
026	0.0	0.0	0.0	0.0	0.0	0.0	0.0
027	0.0	1.0	0.0	0.0	1.0	2.0	0.0
028	0.0	0.0	0.0	0.0	0.0	0.0	0.0
029	0.0	0.0	0.0	0.0	0.0	0.0	0.0
030	1.0	0.0	0.0	0.0	0.3330000000000002	2.667	0.0
031	2.0	1.0	2.0	1.0	2.0	4.0	2.0
032	0.0	0.0	0.0	0.0	0.0	0.0	0.0
033	1.0	0.0	0.0	0.0	0.3330000000000002	2.667	0.0
034	2.0	0.0	0.0	0.0	0.6660000000000004	5.334	0.0
035	0.0	0.0	0.0	0.0	0.0	0.0	0.0
036	0.0	0.0	0.0	0.0	0.0	0.0	0.0
037	2.0	0.0	1.0	0.0	2.0	4.0	1.0
038	1.0	0.0	0.0	0.0	1.0	2.0	0.0
039	1.0	0.0	1.0	0.0	0.3330000000000002	2.667	1.0
040	1.0	0.0	1.0	0.0	1.0	2.0	1.0
041	0.0	0.0	0.0	0.0	0.0	0.0	0.0
042	0.0	0.0	0.0	0.0	0.0	0.0	0.0
043	0.0	0.0	0.0	0.0	0.0	0.0	0.0
044	0.0	0.0	0.0	0.0	0.0	0.0	0.0
045	2.0	0.0	1.0	0.0	2.0	4.0	1.0
046	0.0	0.0	0.0	0.0	0.0	0.0	0.0
047	0.0	0.0	0.0	0.0	0.0	0.0	0.0
048	0.0	0.0	0.0	0.0	0.0	0.0	0.0
049	0.0	0.0	0.0	0.0	0.0	0.0	0.0
050	1.0	0.0	1.0	0.0	1.0	2.0	1.0
051	0.0	0.0	0.0	0.0	0.0	0.0	0.0
052	1.0	0.0	0.0	0.0	1.0	2.0	0.0
053	2.0	0.0	1.0	0.0	2.068	3.932	1.0
054	1.0	0.0	0.0	0.0	1.0	2.0	0.0
055	1.0	1.0	0.0	1.0	1.6680000000000001	4.332	1.0
056	0.0	0.0	0.0	0.0	0.0	0.0	0.0
057	0.0	0.0	0.0	0.0	0.0	0.0	0.0
058	2.0	0.0	2.0	0.0	1.3360000000000003	4.664	2.0
059	2.0	0.0	1.0	0.0	2.0	4.0	1.0
060	0.0	1.0	0.0	0.0	0.3330000000000002	2.667	0.0
061	3.0	1.0	2.0	0.0	2.333	6.667	2.0
062	1.0	0.0	0.0	0.0	0.3330000000000002	2.667	0.0
063	0.0	0.0	0.0	0.0	0.0	0.0	0.0
064	1.0	1.0	1.0	0.0	1.6680000000000001	4.332	1.0
065	1.0	0.0	0.0	0.0	1.0	2.0	0.0
066	2.0	0.0	0.0	0.0	2.0	4.0	0.0
067	1.0	1.0	0.0	0.0	1.3330000000000002	4.667	0.0
068	0.0	0.0	0.0	0.0	0.0	0.0	0.0
069	0.0	0.0	0.0	0.0	0.0	0.0	0.0
070	0.0	0.0	0.0	0.0	0.0	0.0	0.0
071	0.0	0.0	0.0	0.0	0.0	0.0	0.0
072	1.0	1.0	1.0	0.0	0.6680000000000001	5.332	1.0
073	1.0	0.0	0.0	0.0	1.4	1.6	0.0
074	1.0	0.0	0.0	0.0	1.0	2.0	0.0
075	0.0	2.0	0.0	2.0	0.0	3.0	1.0
076	3.0	2.0	2.0	2.0	3.133	5.866999999999999	2.0
077	1.0	2.0	0.0	2.0	1.3330000000000002	4.667	1.0
078	2.0	1.0	1.0	1.0	1.733	4.2669999999999995	1.0
079	1.0	1.0	1.0	0.0	2.0	4.0	1.0
080	1.0	1.0	1.0	1.0	1.0	2.0	1.0
081	0.0	2.0	0.0	2.0	1.0	2.0	1.0
082	2.0	1.0	0.0	1.0	1.6690000000000005	7.3309999999999995	1.0
083	2.0	2.0	1.0	2.0	1.3330000000000002	4.667	1.0
084	3.0	2.0	2.0	2.0	2.0660000000000003	6.933999999999999	2.0
085	2.0	3.0	1.0	2.0	1.6660000000000004	7.334	2.0
086	0.0	2.0	0.0	2.0	1.0	2.0	1.0
087	1.0	2.0	0.0	2.0	1.3330000000000002	4.667	1.0
088	2.0	2.0	2.0	1.0	1.6660000000000004	7.334	2.0
089	2.0	2.0	1.0	2.0	2.0	4.0	1.0
090	0.0	4.0	0.0	1.0	2.6660000000000004	9.334	1.0
091	0.0	0.0	0.0	0.0	0.0	0.0	0.0
092	0.0	1.0	0.0	1.0	1.0	2.0	1.0
093	0.0	0.0	0.0	0.0	0.0	0.0	0.0
094	0.0	2.0	0.0	2.0	1.0	2.0	1.0
095	1.0	0.0	1.0	0.0	1.0	2.0	1.0
096	1.0	1.0	0.0	1.0	2.0	4.0	1.0
097	1.0	0.0	1.0	0.0	1.4	1.6	1.0
098	2.0	0.0	1.0	0.0	2.0	4.0	1.0
099	1.0	0.0	1.0	0.0	1.0	2.0	1.0
100	1.0	0.0	1.0	0.0	1.0	2.0	1.0
101	3.0	4.0	2.0	2.0	4.0	8.0	2.0
102	1.0	0.0	0.0	0.0	1.0	2.0	0.0
103	3.0	1.0	2.0	0.0	3.3360000000000003	8.664	2.0
104	2.0	0.0	2.0	0.0	2.0	4.0	2.0
105	0.0	0.0	0.0	0.0	0.0	0.0	0.0
106	1.0	2.0	1.0	2.0	2.4	3.6	2.0
107	0.0	0.0	0.0	0.0	0.0	0.0	0.0
108	0.0	1.0	0.0	1.0	1.0	2.0	1.0
109	1.0	0.0	1.0	0.0	1.0	2.0	1.0
110	1.0	0.0	0.0	0.0	0.6680000000000001	2.332	0.0
111	0.0	0.0	0.0	0.0	0.0	0.0	0.0
112	3.0	3.0	2.0	1.0	3.668	8.332	2.0
113	1.0	1.0	1.0	1.0	2.0	4.0	2.0
114	0.0	0.0	0.0	0.0	0.0	0.0	0.0
115	0.0	1.0	0.0	1.0	0.6680000000000001	2.332	1.0
116	0.0	2.0	0.0	1.0	1.3330000000000002	4.667	1.0
117	1.0	1.0	1.0	0.0	2.0	4.0	1.0
118	1.0	0.0	1.0	0.0	1.0	2.0	1.0
119	0.0	0.0	0.0	0.0	0.0	0.0	0.0
120	1.0	3.0	1.0	1.0	2.668	6.332	1.0
121	0.0	4.0	0.0	1.0	3.0	6.0	1.0
122	2.0	2.0	1.0	1.0	1.6660000000000004	7.334	1.0
123	0.0	5.0	0.0	4.0	2.6660000000000004	9.334	3.0
124	1.0	4.0	1.0	2.0	1.3330000000000002	4.667	1.0
125	1.0	1.0	1.0	1.0	0.3330000000000002	2.667	1.0
126	0.0	4.0	0.0	2.0	2.0	4.0	1.0
127	2.0	0.0	1.0	0.0	0.6660000000000004	5.334	1.0
128	0.0	0.0	0.0	0.0	0.0	0.0	0.0
129	2.0	0.0	1.0	0.0	2.0	4.0	1.0
130	1.0	1.0	1.0	0.0	2.4	3.6	1.0
131	0.0	2.0	0.0	1.0	1.0	5.0	1.0
132	2.0	2.0	1.0	1.0	4.4	7.6	2.0
133	0.0	0.0	0.0	0.0	0.0	0.0	0.0
134	1.0	0.0	1.0	0.0	1.0	2.0	1.0
135	0.0	0.0	0.0	0.0	0.0	0.0	0.0
136	1.0	0.0	1.0	0.0	1.4	1.6	1.0
137	2.0	0.0	1.0	0.0	2.0	4.0	1.0
138	1.0	0.0	1.0	0.0	1.0	2.0	1.0
139	2.0	2.0	2.0	2.0	4.0	8.0	4.0
140	1.0	0.0	0.0	0.0	1.0	2.0	0.0
141	3.0	0.0	1.0	0.0	3.068	5.932	1.0
142	1.0	0.0	0.0	0.0	1.0	2.0	0.0
143	0.0	0.0	0.0	0.0	0.0	0.0	0.0
144	1.0	0.0	0.0	0.0	1.0	2.0	0.0
145	1.0	0.0	1.0	0.0	1.0	2.0	1.0
146	0.0	0.0	0.0	0.0	0.0	0.0	0.0
147	2.0	1.0	2.0	1.0	2.0	4.0	2.0
148	2.0	0.0	1.0	0.0	0.6660000000000004	5.334	1.0
149	1.0	0.0	1.0	0.0	0.3330000000000002	2.667	1.0
150	0.0	0.0	0.0	0.0	0.0	0.0	0.0
151	0.0	0.0	0.0	0.0	0.0	0.0	0.0
152	1.0	0.0	1.0	0.0	0.6680000000000001	2.332	1.0
153	0.0	2.0	0.0	2.0	0.0	3.0	1.0
154	2.0	3.0	1.0	2.0	3.0	6.0	1.0
155	1.0	0.0	0.0	0.0	0.3330000000000002	2.667	0.0
156	1.0	0.0	0.0	0.0	1.0	2.0	0.0
157	0.0	0.0	0.0	0.0	0.0	0.0	0.0
158	2.0	0.0	1.0	0.0	2.0	4.0	1.0
159	2.0	0.0	1.0	0.0	2.0	4.0	1.0
160	0.0	0.0	0.0	0.0	0.0	0.0	0.0
161	1.0	0.0	1.0	0.0	0.6680000000000001	2.332	1.0
162	3.0	0.0	2.0	0.0	3.0	6.0	2.0
163	1.0	0.0	1.0	0.0	0.3330000000000002	2.667	1.0
164	0.0	2.0	0.0	1.0	2.0	4.0	1.0
165	1.0	0.0	0.0	0.0	0.3330000000000002	2.667	0.0
166	0.0	0.0	0.0	0.0	0.0	0.0	0.0
167	1.0	1.0	1.0	1.0	2.0	4.0	2.0
168	1.0	0.0	1.0	0.0	0.6680000000000001	2.332	1.0
169	1.0	0.0	0.0	0.0	0.3330000000000002	2.667	0.0
170	1.0	0.0	1.0	0.0	1.0	2.0	1.0
171	1.0	2.0	1.0	0.0	2.0	4.0	1.0
172	2.0	0.0	2.0	0.0	2.0	4.0	2.0
173	0.0	0.0	0.0	0.0	0.0	0.0	0.0
174	0.0	0.0	0.0	0.0	0.0	0.0	0.0
175	0.0	0.0	0.0	0.0	0.0	0.0	0.0
176	2.0	0.0	1.0	0.0	2.0	4.0	1.0
177	1.0	0.0	1.0	0.0	1.0	2.0	1.0
178	1.0	0.0	1.0	0.0	1.0	2.0	1.0
179	1.0	0.0	1.0	0.0	1.0	2.0	1.0
180	1.0	1.0	1.0	1.0	1.6680000000000001	4.332	2.0
181	0.0	1.0	0.0	1.0	1.0	2.0	1.0
182	0.0	0.0	0.0	0.0	0.0	0.0	0.0
183	0.0	0.0	0.0	0.0	0.0	0.0	0.0
184	2.0	1.0	0.0	1.0	3.0	6.0	1.0
185	2.0	4.0	1.0	3.0	4.0	8.0	3.0
186	2.0	3.0	1.0	1.0	2.4	6.6	1.0
187	1.0	0.0	1.0	0.0	0.3330000000000002	2.667	1.0
188	3.0	2.0	3.0	0.0	4.0040000000000004	10.995999999999999	3.0
189	4.0	0.0	1.0	0.0	3.068	5.932	1.0
190	3.0	0.0	0.0	0.0	3.0	6.0	0.0
191	1.0	2.0	1.0	2.0	1.6680000000000001	7.332	3.0
192	0.0	1.0	0.0	1.0	0.6680000000000001	2.332	1.0
193	1.0	0.0	0.0	0.0	0.6680000000000001	2.332	0.0
194	0.0	0.0	0.0	0.0	0.0	0.0	0.0
195	1.0	0.0	1.0	0.0	1.0	2.0	1.0
196	2.0	0.0	1.0	0.0	2.0	4.0	1.0
197	0.0	0.0	0.0	0.0	0.0	0.0	0.0
198	1.0	2.0	1.0	1.0	2.4010000000000002	6.598999999999999	2.0
199	2.0	2.0	2.0	2.0	1.6680000000000001	7.332	3.0
200	1.0	0.0	1.0	0.0	1.0	2.0	1.0
201	0.0	0.0	0.0	0.0	0.0	0.0	0.0
202	1.0	2.0	0.0	2.0	1.0010000000000003	4.999	1.0
203	1.0	0.0	0.0	0.0	1.0	2.0	0.0
204	1.0	0.0	1.0	0.0	1.0	2.0	1.0
205	1.0	0.0	1.0	0.0	0.3330000000000002	2.667	1.0
206	3.0	0.0	2.0	0.0	3.0	6.0	2.0
207	0.0	2.0	0.0	2.0	1.0	2.0	1.0
208	2.0	0.0	1.0	0.0	2.0	4.0	1.0
209	1.0	0.0	0.0	0.0	1.0	2.0	0.0
210	1.0	2.0	0.0	2.0	0.3330000000000002	5.667	1.0
211	2.0	0.0	1.0	0.0	0.6660000000000004	5.334	1.0
212	1.0	0.0	0.0	0.0	0.3330000000000002	2.667	0.0
213	2.0	2.0	0.0	1.0	2.733	6.2669999999999995	1.0
214	1.0	2.0	1.0	2.0	1.0	5.0	2.0
215	2.0	0.0	1.0	0.0	2.0	4.0	1.0
216	0.0	0.0	0.0	0.0	0.0	0.0	0.0
217	0.0	6.0	0.0	4.0	1.6660000000000004	10.334	3.0
218	3.0	0.0	2.0	0.0	2.668	6.332	2.0
219	1.0	3.0	1.0	2.0	1.3330000000000002	4.667	1.0
220	0.0	1.0	0.0	0.0	0.3330000000000002	2.667	0.0
221	0.0	5.0	0.0	5.0	1.733	7.2669999999999995	3.0
222	2.0	5.0	1.0	2.0	3.333	8.667	2.0
223	1.0	3.0	0.0	2.0	2.333	6.667	1.0
224	3.0	3.0	2.0	3.0	2.3340000000000005	9.666	3.0
225	1.0	3.0	1.0	1.0	1.3330000000000002	4.667	1.0
226	2.0	3.0	2.0	3.0	2.333	6.667	3.0
227	3.0	3.0	2.0	2.0	4.333	10.667	3.0
228	3.0	3.0	1.0	2.0	4.333	10.667	2.0
229	3.0	5.0	1.0	2.0	3.665000000000001	17.335	3.0
230	2.0	6.0	2.0	4.0	4.001	10.998999999999999	4.0
231	4.0	2.0	2.0	1.0	5.333	12.667	3.0
232	2.0	4.0	0.0	2.0	4.668	10.332	2.0
233	2.0	2.0	1.0	0.0	3.0	6.0	1.0
234	1.0	3.0	0.0	1.0	2.333	6.667	1.0
235	2.0	3.0	1.0	1.0	3.333	8.667	2.0
236	1.0	4.0	1.0	2.0	2.6660000000000004	9.334	2.0
237	1.0	2.0	0.0	0.0	1.3330000000000002	4.667	0.0
238	2.0	2.0	1.0	0.0	3.0	6.0	1.0
239	2.0	4.0	1.0	2.0	2.6660000000000004	9.334	2.0
240	1.0	3.0	0.0	1.0	0.6660000000000004	5.334	1.0
241	1.0	5.0	1.0	2.0	1.6660000000000004	7.334	1.0
242	2.0	3.0	1.0	3.0	3.333	8.667	3.0
243	1.0	5.0	0.0	3.0	2.9990000000000006	12.001	2.0
244	1.0	5.0	1.0	3.0	3.6660000000000004	11.334	3.0
245	1.0	3.0	0.0	0.0	3.0	6.0	0.0
246	2.0	3.0	0.0	3.0	5.0	10.0	3.0
247	1.0	3.0	0.0	2.0	2.333	6.667	2.0
248	2.0	4.0	2.0	2.0	4.0	8.0	3.0
249	1.0	5.0	1.0	5.0	1.3320000000000007	10.668	4.0
250	2.0	1.0	2.0	0.0	2.333	6.667	2.0
251	2.0	3.0	1.0	1.0	3.3360000000000003	8.664	2.0
252	2.0	1.0	1.0	1.0	3.0	6.0	2.0
253	3.0	3.0	2.0	3.0	2.668	9.332	3.0
254	2.0	0.0	0.0	0.0	0.6660000000000004	5.334	0.0
255	2.0	1.0	1.0	1.0	1.3330000000000002	4.667	1.0
256	1.0	4.0	1.0	2.0	1.6690000000000005	10.331	2.0
257	1.0	2.0	0.0	2.0	1.3330000000000002	4.667	1.0
258	3.0	0.0	3.0	0.0	3.0	6.0	3.0
259	2.0	0.0	1.0	0.0	2.0	4.0	1.0
260	3.0	0.0	3.0	0.0	3.0	6.0	3.0
261	2.0	0.0	1.0	0.0	2.0	4.0	1.0
262	1.0	0.0	1.0	0.0	1.0	2.0	1.0
263	2.0	0.0	1.0	0.0	0.6660000000000004	5.334	1.0
264	2.0	0.0	1.0	0.0	2.0	4.0	1.0
265	2.0	0.0	1.0	0.0	2.0	4.0	1.0
266	4.0	0.0	3.0	0.0	4.0	8.0	3.0
267	3.0	0.0	2.0	0.0	3.0	6.0	2.0
268	3.0	2.0	2.0	1.0	2.3360000000000003	6.664	2.0
269	0.0	3.0	0.0	1.0	0.9990000000000006	8.001	1.0
270	0.0	3.0	0.0	2.0	0.6660000000000004	5.334	1.0
271	2.0	2.0	0.0	1.0	3.0	6.0	1.0
272	2.0	1.0	1.0	1.0	2.333	6.667	2.0
273	0.0	0.0	0.0	0.0	0.0	0.0	0.0
274	2.0	3.0	1.0	2.0	2.668	9.332	3.0
275	2.0	1.0	2.0	1.0	1.3330000000000002	4.667	2.0
276	2.0	3.0	1.0	2.0	3.333	8.667	2.0
277	1.0	0.0	1.0	0.0	1.0	2.0	1.0
278	2.0	4.0	1.0	2.0	4.0	11.0	3.0
279	2.0	4.0	1.0	3.0	4.001	10.999	3.0
280	2.0	4.0	2.0	3.0	4.333	10.667	4.0
281	2.0	1.0	1.0	1.0	3.0	6.0	2.0
282	3.0	4.0	2.0	2.0	4.333	10.667	3.0
283	4.0	3.0	3.0	3.0	2.333000000000001	15.667	5.0
284	3.0	5.0	2.0	4.0	3.6660000000000004	11.334	3.0
285	2.0	6.0	2.0	2.0	2.3320000000000007	12.668	3.0
286	2.0	4.0	1.0	1.0	4.333	10.667	2.0
287	0.0	2.0	0.0	2.0	0.6660000000000004	5.334	2.0
288	1.0	2.0	1.0	2.0	1.0	2.0	1.0
289	1.0	2.0	1.0	2.0	1.3330000000000002	4.667	2.0
290	0.0	0.0	0.0	0.0	0.0	0.0	0.0
