all_syn	all_nonSyn	tip_syn	tip_nonSyn	S	N	comparisons
001	0.0	0.0	0.0	0.0	0.0	0.0	0.0
002	0.0	0.0	0.0	0.0	0.0	0.0	0.0
003	0.0	0.0	0.0	0.0	0.0	0.0	0.0
004	0.0	0.0	0.0	0.0	0.0	0.0	0.0
005	0.0	0.0	0.0	0.0	0.0	0.0	0.0
006	0.0	0.0	0.0	0.0	0.0	0.0	0.0
007	0.0	0.0	0.0	0.0	0.0	0.0	0.0
008	0.0	0.0	0.0	0.0	0.0	0.0	0.0
009	0.0	0.0	0.0	0.0	0.0	0.0	0.0
010	0.0	0.0	0.0	0.0	0.0	0.0	0.0
011	0.0	0.0	0.0	0.0	0.0	0.0	0.0
012	0.0	0.0	0.0	0.0	0.0	0.0	0.0
013	0.0	0.0	0.0	0.0	0.0	0.0	0.0
014	0.0	0.0	0.0	0.0	0.0	0.0	0.0
015	0.0	0.0	0.0	0.0	0.0	0.0	0.0
016	0.0	0.0	0.0	0.0	0.0	0.0	0.0
017	0.0	0.0	0.0	0.0	0.0	0.0	0.0
018	0.0	0.0	0.0	0.0	0.0	0.0	0.0
019	0.0	0.0	0.0	0.0	0.0	0.0	0.0
020	0.0	0.0	0.0	0.0	0.0	0.0	0.0
021	0.0	0.0	0.0	0.0	0.0	0.0	0.0
022	0.0	0.0	0.0	0.0	0.0	0.0	0.0
023	0.0	0.0	0.0	0.0	0.0	0.0	0.0
024	0.0	0.0	0.0	0.0	0.0	0.0	0.0
025	0.0	0.0	0.0	0.0	0.0	0.0	0.0
026	0.0	0.0	0.0	0.0	0.0	0.0	0.0
027	0.0	0.0	0.0	0.0	0.0	0.0	0.0
028	0.0	0.0	0.0	0.0	0.0	0.0	0.0
029	0.0	0.0	0.0	0.0	0.0	0.0	0.0
030	0.0	0.0	0.0	0.0	0.0	0.0	0.0
031	0.0	0.0	0.0	0.0	0.0	0.0	0.0
032	0.0	0.0	0.0	0.0	0.0	0.0	0.0
033	0.0	0.0	0.0	0.0	0.0	0.0	0.0
034	0.0	0.0	0.0	0.0	0.0	0.0	0.0
035	0.0	0.0	0.0	0.0	0.0	0.0	0.0
036	0.0	0.0	0.0	0.0	0.0	0.0	0.0
037	0.0	2.0	0.0	2.0	0.3330000000000002	2.667	1.0
038	1.0	3.0	1.0	2.0	3.0	6.0	2.0
039	1.0	2.0	1.0	2.0	2.0	4.0	2.0
040	2.0	2.0	1.0	2.0	3.4	5.6	2.0
041	1.0	2.0	1.0	1.0	0.9990000000000006	8.001	2.0
042	3.0	1.0	2.0	1.0	2.0010000000000003	6.999	2.0
043	1.0	3.0	0.0	1.0	1.6660000000000004	7.334	1.0
044	1.0	3.0	1.0	2.0	2.733	6.2669999999999995	2.0
045	1.0	1.0	1.0	0.0	2.0	4.0	1.0
046	0.0	4.0	0.0	3.0	1.6660000000000004	7.334	2.0
047	1.0	1.0	1.0	1.0	0.3330000000000002	2.667	1.0
048	0.0	2.0	0.0	0.0	1.0	2.0	0.0
049	1.0	2.0	0.0	1.0	2.0010000000000003	6.999	1.0
050	1.0	1.0	1.0	1.0	1.0	2.0	1.0
051	1.0	2.0	1.0	2.0	2.0	4.0	2.0
052	0.0	0.0	0.0	0.0	0.0	0.0	0.0
053	0.0	3.0	0.0	2.0	1.6660000000000004	7.334	2.0
054	2.0	4.0	1.0	2.0	2.333	6.667	2.0
055	1.0	2.0	1.0	2.0	1.0	2.0	1.0
056	1.0	2.0	0.0	0.0	2.4	3.6	0.0
057	0.0	0.0	0.0	0.0	0.0	0.0	0.0
058	0.0	0.0	0.0	0.0	0.0	0.0	0.0
059	0.0	0.0	0.0	0.0	0.0	0.0	0.0
060	0.0	0.0	0.0	0.0	0.0	0.0	0.0
061	0.0	0.0	0.0	0.0	0.0	0.0	0.0
062	0.0	0.0	0.0	0.0	0.0	0.0	0.0
063	1.0	2.0	0.0	0.0	1.0	2.0	0.0
064	1.0	1.0	0.0	0.0	1.0	2.0	0.0
065	1.0	2.0	0.0	0.0	1.3330000000000002	4.667	0.0
066	1.0	3.0	1.0	2.0	3.0	6.0	2.0
067	1.0	1.0	1.0	0.0	1.3360000000000003	4.664	1.0
068	1.0	2.0	1.0	1.0	3.0	6.0	2.0
069	1.0	1.0	1.0	0.0	2.0	4.0	1.0
070	0.0	2.0	0.0	2.0	1.6680000000000001	4.332	2.0
071	2.0	0.0	1.0	0.0	2.0	4.0	1.0
072	1.0	4.0	1.0	2.0	1.0010000000000003	4.999	1.0
073	1.0	0.0	1.0	0.0	0.6680000000000001	2.332	1.0
074	1.0	3.0	1.0	1.0	1.3330000000000002	7.667	1.0
075	2.0	5.0	1.0	3.0	3.3340000000000005	11.665999999999999	3.0
076	2.0	3.0	1.0	2.0	3.333	8.667	2.0
077	1.0	4.0	1.0	3.0	3.0010000000000003	8.998999999999999	3.0
078	0.0	2.0	0.0	2.0	0.3330000000000002	2.667	1.0
079	0.0	5.0	0.0	3.0	0.9990000000000006	11.001	3.0
080	1.0	2.0	0.0	1.0	2.668	6.332	1.0
081	3.0	4.0	1.0	2.0	5.333	12.667	3.0
082	2.0	2.0	1.0	0.0	4.0	8.0	1.0
083	1.0	4.0	0.0	2.0	1.3340000000000005	10.666	2.0
084	1.0	2.0	0.0	1.0	2.333	6.667	1.0
085	3.0	2.0	2.0	1.0	3.333	8.667	2.0
086	1.0	2.0	1.0	1.0	3.0	6.0	2.0
087	0.0	0.0	0.0	0.0	0.0	0.0	0.0
088	1.0	2.0	0.0	0.0	1.0	2.0	0.0
089	2.0	1.0	1.0	0.0	3.068	5.932	1.0
090	0.0	4.0	0.0	3.0	1.6690000000000005	7.3309999999999995	2.0
091	1.0	3.0	1.0	2.0	0.9990000000000006	8.001	2.0
092	1.0	1.0	0.0	0.0	0.6660000000000004	5.334	0.0
093	2.0	2.0	2.0	1.0	2.668	6.332	2.0
094	2.0	1.0	1.0	1.0	3.0	6.0	2.0
095	2.0	0.0	2.0	0.0	2.0	4.0	2.0
096	0.0	5.0	0.0	3.0	2.6660000000000004	12.334	3.0
097	2.0	2.0	1.0	1.0	3.4010000000000002	8.599	2.0
098	2.0	2.0	0.0	1.0	2.333	6.667	1.0
099	2.0	4.0	1.0	4.0	3.668	8.332	3.0
100	0.0	4.0	0.0	3.0	0.6660000000000004	8.334	2.0
101	2.0	2.0	1.0	0.0	3.0	6.0	1.0
102	2.0	1.0	1.0	1.0	0.9990000000000006	8.001	2.0
103	0.0	0.0	0.0	0.0	0.0	0.0	0.0
104	0.0	0.0	0.0	0.0	0.0	0.0	0.0
105	0.0	0.0	0.0	0.0	0.0	0.0	0.0
106	0.0	0.0	0.0	0.0	0.0	0.0	0.0
107	0.0	0.0	0.0	0.0	0.0	0.0	0.0
108	2.0	2.0	1.0	1.0	3.0690000000000004	8.931	2.0
109	1.0	2.0	1.0	2.0	1.0	2.0	1.0
110	1.0	1.0	1.0	1.0	2.0	4.0	2.0
111	2.0	1.0	0.0	1.0	1.6680000000000001	4.332	1.0
112	1.0	4.0	1.0	1.0	1.3330000000000002	7.667	1.0
113	1.0	4.0	1.0	1.0	2.9990000000000006	12.001	2.0
114	2.0	3.0	2.0	1.0	3.333	8.667	2.0
115	3.0	2.0	2.0	0.0	2.0010000000000003	6.999	2.0
116	2.0	4.0	1.0	3.0	2.333	6.667	2.0
117	2.0	1.0	1.0	0.0	3.0	6.0	1.0
118	1.0	1.0	0.0	0.0	0.3330000000000002	2.667	0.0
119	2.0	4.0	1.0	3.0	0.6660000000000004	8.334	2.0
120	2.0	3.0	2.0	2.0	1.9990000000000006	10.001	3.0
121	1.0	4.0	0.0	3.0	3.333	8.667	2.0
122	2.0	4.0	2.0	2.0	2.6660000000000004	9.334	2.0
123	0.0	3.0	0.0	2.0	2.3360000000000003	6.664	2.0
124	1.0	3.0	1.0	3.0	1.6660000000000004	7.334	3.0
125	2.0	4.0	2.0	3.0	2.3340000000000005	9.666	3.0
126	4.0	1.0	4.0	1.0	5.068	9.932	5.0
127	3.0	2.0	2.0	2.0	1.6660000000000004	7.334	2.0
128	2.0	3.0	2.0	3.0	0.9990000000000006	8.001	3.0
129	4.0	2.0	3.0	2.0	1.9990000000000006	10.001	3.0
130	2.0	2.0	2.0	2.0	1.3320000000000007	10.668	4.0
131	2.0	1.0	1.0	1.0	3.0	6.0	2.0
132	3.0	2.0	3.0	2.0	3.0	6.0	3.0
133	3.0	2.0	2.0	1.0	3.3360000000000003	8.664	2.0
134	3.0	2.0	2.0	2.0	4.0	8.0	3.0
135	2.0	2.0	1.0	2.0	3.0	6.0	2.0
136	3.0	3.0	2.0	2.0	4.736000000000001	10.264	3.0
137	3.0	2.0	3.0	2.0	3.0	6.0	3.0
138	1.0	1.0	1.0	1.0	1.3330000000000002	4.667	2.0
139	2.0	1.0	1.0	0.0	0.6660000000000004	5.334	1.0
140	3.0	2.0	2.0	0.0	4.068	7.9319999999999995	2.0
141	3.0	1.0	2.0	0.0	4.468	7.532	2.0
142	1.0	2.0	1.0	2.0	0.6660000000000004	5.334	2.0
143	2.0	3.0	1.0	1.0	3.3360000000000003	8.664	2.0
144	1.0	2.0	1.0	2.0	1.0	2.0	1.0
145	3.0	2.0	2.0	1.0	2.0010000000000003	6.999	1.0
146	2.0	2.0	2.0	2.0	2.333	6.667	3.0
147	2.0	2.0	2.0	2.0	2.0	4.0	2.0
148	3.0	2.0	2.0	1.0	4.068	7.932	3.0
149	0.0	4.0	0.0	4.0	1.3330000000000002	4.667	2.0
150	0.0	4.0	0.0	3.0	0.9990000000000006	8.001	2.0
151	3.0	2.0	2.0	1.0	4.336	10.664	3.0
152	3.0	2.0	3.0	1.0	5.068	9.932	4.0
153	2.0	1.0	1.0	1.0	0.9990000000000006	8.001	2.0
154	1.0	3.0	1.0	3.0	0.6660000000000004	5.334	2.0
155	3.0	1.0	2.0	1.0	2.668	6.332	2.0
156	1.0	5.0	1.0	4.0	1.3320000000000007	10.668	3.0
157	3.0	3.0	3.0	3.0	4.001	10.998999999999999	5.0
158	0.0	2.0	0.0	2.0	0.6660000000000004	5.334	2.0
159	0.0	0.0	0.0	0.0	0.0	0.0	0.0
160	2.0	5.0	2.0	4.0	2.6660000000000004	9.334	3.0
161	1.0	0.0	1.0	0.0	0.3330000000000002	2.667	1.0
162	0.0	0.0	0.0	0.0	0.0	0.0	0.0
163	0.0	0.0	0.0	0.0	0.0	0.0	0.0
164	0.0	0.0	0.0	0.0	0.0	0.0	0.0
165	0.0	0.0	0.0	0.0	0.0	0.0	0.0
166	0.0	0.0	0.0	0.0	0.0	0.0	0.0
167	0.0	0.0	0.0	0.0	0.0	0.0	0.0
168	0.0	0.0	0.0	0.0	0.0	0.0	0.0
169	0.0	0.0	0.0	0.0	0.0	0.0	0.0
170	0.0	0.0	0.0	0.0	0.0	0.0	0.0
171	0.0	0.0	0.0	0.0	0.0	0.0	0.0
172	0.0	0.0	0.0	0.0	0.0	0.0	0.0
173	0.0	0.0	0.0	0.0	0.0	0.0	0.0
174	0.0	0.0	0.0	0.0	0.0	0.0	0.0
175	0.0	0.0	0.0	0.0	0.0	0.0	0.0
176	0.0	0.0	0.0	0.0	0.0	0.0	0.0
177	0.0	0.0	0.0	0.0	0.0	0.0	0.0
178	0.0	0.0	0.0	0.0	0.0	0.0	0.0
179	0.0	0.0	0.0	0.0	0.0	0.0	0.0
180	0.0	0.0	0.0	0.0	0.0	0.0	0.0
181	2.0	1.0	2.0	0.0	3.0	6.0	2.0
182	1.0	5.0	1.0	3.0	2.6660000000000004	9.334	2.0
183	1.0	3.0	1.0	1.0	1.3340000000000005	7.6659999999999995	2.0
184	0.0	0.0	0.0	0.0	0.0	0.0	0.0
185	1.0	2.0	0.0	0.0	0.6660000000000004	5.334	0.0
186	1.0	2.0	1.0	0.0	1.3330000000000002	4.667	1.0
187	2.0	1.0	2.0	0.0	0.9990000000000006	8.001	2.0
188	0.0	0.0	0.0	0.0	0.0	0.0	0.0
189	3.0	3.0	1.0	3.0	5.0	10.0	3.0
190	2.0	2.0	1.0	1.0	1.6680000000000001	4.332	1.0
191	0.0	2.0	0.0	2.0	2.0	4.0	2.0
192	1.0	2.0	1.0	2.0	0.6660000000000004	5.334	2.0
193	2.0	2.0	2.0	0.0	2.333	6.667	2.0
194	1.0	3.0	0.0	2.0	1.6670000000000007	10.332999999999998	2.0
195	1.0	1.0	1.0	1.0	1.0	2.0	1.0
196	2.0	4.0	1.0	3.0	5.0	10.0	3.0
197	2.0	2.0	2.0	1.0	1.9990000000000006	10.001	3.0
198	0.0	1.0	0.0	0.0	0.3330000000000002	2.667	0.0
199	0.0	3.0	0.0	2.0	2.8	6.199999999999999	2.0
200	0.0	0.0	0.0	0.0	0.0	0.0	0.0
201	2.0	2.0	2.0	2.0	1.3330000000000002	4.667	2.0
202	2.0	3.0	1.0	1.0	2.333	6.667	2.0
203	3.0	0.0	3.0	0.0	3.0	6.0	3.0
204	1.0	2.0	1.0	2.0	0.6660000000000004	5.334	2.0
205	2.0	4.0	2.0	1.0	1.3320000000000007	10.668	2.0
206	3.0	5.0	2.0	4.0	4.666	13.334	4.0
207	1.0	1.0	1.0	0.0	0.6660000000000004	5.334	1.0
208	1.0	0.0	1.0	0.0	0.3330000000000002	2.667	1.0
209	2.0	1.0	1.0	1.0	3.0	6.0	2.0
210	3.0	2.0	2.0	2.0	1.6660000000000004	7.334	2.0
211	1.0	3.0	1.0	2.0	1.3330000000000002	7.667	2.0
212	3.0	2.0	3.0	2.0	2.0010000000000003	6.999	3.0
213	3.0	1.0	2.0	0.0	2.3360000000000003	6.664	1.0
214	2.0	0.0	1.0	0.0	2.0	4.0	1.0
215	2.0	1.0	1.0	0.0	2.0	4.0	1.0
216	2.0	2.0	1.0	1.0	3.0	6.0	1.0
217	4.0	2.0	3.0	1.0	2.6660000000000004	9.334	3.0
218	1.0	2.0	1.0	1.0	0.9990000000000006	8.001	2.0
219	0.0	2.0	0.0	2.0	0.6660000000000004	5.334	2.0
220	2.0	2.0	2.0	2.0	2.0	4.0	2.0
221	2.0	5.0	2.0	4.0	2.333	9.667	3.0
222	2.0	3.0	2.0	2.0	3.333	8.667	3.0
223	2.0	2.0	2.0	2.0	1.6660000000000004	7.334	3.0
224	2.0	2.0	2.0	1.0	3.0	6.0	2.0
225	3.0	3.0	3.0	2.0	2.668	9.332	3.0
226	3.0	2.0	3.0	2.0	5.0	10.0	5.0
227	0.0	3.0	0.0	1.0	1.0010000000000003	7.999	1.0
228	1.0	0.0	1.0	0.0	0.3330000000000002	2.667	1.0
229	2.0	0.0	1.0	0.0	2.0	4.0	1.0
230	2.0	3.0	2.0	2.0	3.0660000000000003	8.934	3.0
231	0.0	3.0	0.0	2.0	0.3330000000000002	5.667	1.0
232	1.0	1.0	0.0	1.0	0.6660000000000004	5.334	1.0
233	3.0	4.0	2.0	3.0	3.6690000000000005	11.331	4.0
234	0.0	5.0	0.0	2.0	2.6670000000000007	12.332999999999998	2.0
235	2.0	0.0	2.0	0.0	1.3360000000000003	4.664	2.0
236	1.0	5.0	1.0	4.0	2.9990000000000006	12.001	4.0
237	0.0	4.0	0.0	3.0	2.0660000000000003	6.933999999999999	2.0
238	1.0	1.0	0.0	1.0	1.3330000000000002	4.667	1.0
239	1.0	0.0	1.0	0.0	0.3330000000000002	2.667	1.0
240	0.0	2.0	0.0	1.0	0.6660000000000004	5.334	1.0
241	2.0	3.0	2.0	3.0	1.3340000000000005	7.6659999999999995	3.0
242	3.0	0.0	3.0	0.0	2.668	6.332	3.0
243	2.0	3.0	2.0	3.0	1.6660000000000004	7.334	3.0
244	3.0	2.0	3.0	2.0	1.6680000000000001	4.332	2.0
245	2.0	0.0	1.0	0.0	2.0	4.0	1.0
246	0.0	0.0	0.0	0.0	0.0	0.0	0.0
247	2.0	3.0	1.0	2.0	4.0	11.0	3.0
248	2.0	3.0	2.0	2.0	2.3340000000000005	9.666	3.0
249	2.0	3.0	1.0	1.0	3.0	6.0	2.0
250	1.0	1.0	1.0	1.0	1.0	2.0	1.0
251	0.0	0.0	0.0	0.0	0.0	0.0	0.0
252	0.0	2.0	0.0	2.0	0.3330000000000002	2.667	1.0
253	1.0	5.0	1.0	4.0	2.333	6.667	2.0
254	4.0	3.0	4.0	1.0	3.9990000000000006	14.001	4.0
255	3.0	2.0	3.0	2.0	2.333	6.667	3.0
256	2.0	1.0	2.0	1.0	0.6660000000000004	5.334	2.0
257	1.0	5.0	1.0	4.0	4.399000000000001	13.600999999999999	5.0
258	0.0	1.0	0.0	0.0	0.3330000000000002	2.667	0.0
259	3.0	1.0	3.0	1.0	2.333	6.667	3.0
260	1.0	2.0	1.0	1.0	0.9990000000000006	8.001	2.0
261	0.0	0.0	0.0	0.0	0.0	0.0	0.0
262	2.0	1.0	1.0	0.0	2.068	3.932	1.0
263	3.0	4.0	2.0	2.0	6.4	11.6	3.0
264	1.0	2.0	1.0	2.0	0.9990000000000006	8.001	3.0
265	2.0	1.0	2.0	1.0	0.6660000000000004	5.334	2.0
266	2.0	2.0	2.0	0.0	4.0	8.0	2.0
267	0.0	0.0	0.0	0.0	0.0	0.0	0.0
268	1.0	0.0	1.0	0.0	0.3330000000000002	2.667	1.0
269	2.0	4.0	1.0	4.0	4.333	10.667	4.0
270	2.0	4.0	2.0	2.0	4.333	10.667	4.0
271	2.0	0.0	2.0	0.0	2.0	4.0	2.0
272	1.0	4.0	0.0	4.0	3.0	6.0	2.0
273	2.0	1.0	1.0	0.0	3.0	6.0	1.0
274	3.0	3.0	2.0	2.0	5.4	9.6	3.0
275	1.0	1.0	1.0	1.0	1.3330000000000002	4.667	2.0
276	0.0	3.0	0.0	2.0	2.333	6.667	2.0
277	0.0	2.0	0.0	2.0	1.0010000000000003	4.999	2.0
278	3.0	3.0	1.0	2.0	4.333	10.667	3.0
279	1.0	0.0	0.0	0.0	0.3330000000000002	2.667	0.0
280	1.0	1.0	1.0	1.0	1.3330000000000002	4.667	2.0
281	1.0	0.0	1.0	0.0	0.3330000000000002	2.667	1.0
282	0.0	1.0	0.0	1.0	1.4	1.6	1.0
283	1.0	2.0	0.0	2.0	1.3330000000000002	4.667	1.0
284	1.0	3.0	0.0	2.0	0.9990000000000006	8.001	2.0
285	2.0	0.0	1.0	0.0	2.0	4.0	1.0
286	1.0	4.0	1.0	4.0	1.6660000000000004	7.334	3.0
287	2.0	0.0	1.0	0.0	0.6660000000000004	5.334	1.0
288	1.0	2.0	1.0	1.0	0.9990000000000006	8.001	2.0
289	2.0	0.0	2.0	0.0	0.6660000000000004	5.334	2.0
290	0.0	2.0	0.0	2.0	0.3330000000000002	2.667	1.0
291	3.0	2.0	2.0	1.0	5.0	10.0	3.0
292	3.0	2.0	2.0	1.0	2.3360000000000003	9.664	2.0
293	3.0	4.0	3.0	3.0	3.6660000000000004	11.334	4.0
294	0.0	6.0	0.0	5.0	3.668	11.332	4.0
295	2.0	1.0	1.0	0.0	2.0	4.0	1.0
296	0.0	0.0	0.0	0.0	0.0	0.0	0.0
297	2.0	1.0	2.0	0.0	0.9990000000000006	8.001	2.0
298	3.0	2.0	2.0	1.0	4.0	8.0	2.0
299	3.0	2.0	2.0	0.0	2.3360000000000003	6.664	1.0
300	1.0	0.0	1.0	0.0	0.3330000000000002	2.667	1.0
301	2.0	0.0	2.0	0.0	0.6660000000000004	5.334	2.0
302	2.0	1.0	1.0	1.0	1.6660000000000004	7.334	2.0
303	1.0	3.0	0.0	2.0	2.333	6.667	2.0
304	2.0	5.0	2.0	3.0	4.7330000000000005	13.267	4.0
305	1.0	3.0	1.0	1.0	2.0010000000000003	6.999	2.0
306	2.0	0.0	2.0	0.0	2.0	4.0	2.0
307	2.0	2.0	1.0	1.0	1.6660000000000004	7.334	1.0
308	0.0	0.0	0.0	0.0	0.0	0.0	0.0
309	2.0	0.0	2.0	0.0	2.0	4.0	2.0
310	0.0	4.0	0.0	3.0	0.6660000000000004	8.334	2.0
311	3.0	1.0	3.0	0.0	1.6680000000000001	7.332	2.0
312	1.0	0.0	1.0	0.0	0.3330000000000002	2.667	1.0
313	2.0	4.0	1.0	3.0	2.9990000000000006	12.001	3.0
314	3.0	2.0	1.0	2.0	2.668	9.332	3.0
315	1.0	1.0	0.0	1.0	1.733	4.2669999999999995	1.0
316	0.0	0.0	0.0	0.0	0.0	0.0	0.0
317	1.0	0.0	1.0	0.0	0.3330000000000002	2.667	1.0
318	2.0	0.0	2.0	0.0	0.6660000000000004	5.334	2.0
319	2.0	0.0	2.0	0.0	2.0	4.0	2.0
320	2.0	2.0	2.0	2.0	1.6680000000000001	4.332	2.0
321	1.0	4.0	0.0	2.0	1.6680000000000001	7.332	2.0
322	2.0	3.0	2.0	2.0	3.3340000000000005	11.666	4.0
323	0.0	2.0	0.0	0.0	1.6680000000000001	4.332	0.0
324	1.0	0.0	1.0	0.0	1.0	2.0	1.0
325	1.0	0.0	1.0	0.0	1.0	2.0	1.0
326	2.0	0.0	2.0	0.0	2.0	4.0	2.0
327	1.0	3.0	1.0	2.0	1.6660000000000004	7.334	2.0
328	4.0	1.0	3.0	1.0	4.401	10.599	4.0
329	3.0	3.0	2.0	1.0	4.0	8.0	2.0
330	2.0	3.0	1.0	3.0	2.6660000000000004	9.334	3.0
331	1.0	3.0	1.0	2.0	2.668	6.332	2.0
332	2.0	1.0	2.0	1.0	3.0	6.0	3.0
333	0.0	5.0	0.0	4.0	4.001	10.998999999999999	4.0
334	1.0	0.0	1.0	0.0	0.6680000000000001	2.332	1.0
335	3.0	2.0	1.0	1.0	4.0	8.0	2.0
336	1.0	5.0	1.0	3.0	4.401	13.599	4.0
337	1.0	1.0	0.0	0.0	0.6660000000000004	5.334	0.0
338	2.0	3.0	2.0	3.0	1.9990000000000006	10.001	4.0
339	4.0	0.0	3.0	0.0	3.068	5.932	2.0
340	1.0	5.0	1.0	3.0	4.666	13.334	4.0
341	3.0	2.0	2.0	2.0	3.333	8.667	3.0
342	1.0	0.0	0.0	0.0	1.0	2.0	0.0
343	2.0	2.0	2.0	0.0	3.4	5.6	2.0
344	2.0	3.0	1.0	1.0	0.9990000000000006	8.001	1.0
345	2.0	0.0	1.0	0.0	2.0	4.0	1.0
346	1.0	2.0	0.0	0.0	0.9990000000000006	8.001	0.0
347	1.0	0.0	0.0	0.0	0.3330000000000002	2.667	0.0
348	2.0	2.0	1.0	1.0	3.0	6.0	2.0
349	2.0	4.0	2.0	4.0	1.9990000000000006	10.001	4.0
350	1.0	2.0	1.0	2.0	0.9990000000000006	8.001	3.0
351	0.0	0.0	0.0	0.0	0.0	0.0	0.0
352	1.0	3.0	1.0	3.0	1.3340000000000005	7.6659999999999995	3.0
353	1.0	1.0	1.0	1.0	0.3330000000000002	2.667	1.0
354	1.0	4.0	1.0	4.0	1.9990000000000006	10.001	4.0
355	0.0	3.0	0.0	0.0	1.3330000000000002	4.667	0.0
356	2.0	0.0	2.0	0.0	2.0	4.0	2.0
357	0.0	0.0	0.0	0.0	0.0	0.0	0.0
358	2.0	0.0	2.0	0.0	0.6660000000000004	5.334	2.0
359	1.0	0.0	1.0	0.0	1.0	2.0	1.0
360	1.0	2.0	1.0	2.0	0.6660000000000004	5.334	2.0
361	2.0	3.0	2.0	1.0	1.3320000000000007	10.668	3.0
362	2.0	0.0	2.0	0.0	0.6660000000000004	5.334	2.0
363	2.0	2.0	2.0	2.0	3.3360000000000003	8.664	4.0
364	1.0	2.0	0.0	1.0	0.6660000000000004	5.334	1.0
365	3.0	2.0	2.0	2.0	3.333	8.667	3.0
366	0.0	3.0	0.0	3.0	1.6680000000000001	4.332	2.0
367	0.0	5.0	0.0	4.0	2.3320000000000007	12.668	4.0
368	1.0	3.0	1.0	1.0	3.333	8.667	2.0
369	1.0	1.0	1.0	0.0	0.6660000000000004	5.334	1.0
370	1.0	0.0	0.0	0.0	1.0	2.0	0.0
371	0.0	1.0	0.0	1.0	0.3330000000000002	2.667	1.0
372	1.0	2.0	0.0	0.0	1.6680000000000001	4.332	0.0
373	2.0	0.0	1.0	0.0	2.0	4.0	1.0
374	2.0	3.0	2.0	1.0	1.3320000000000007	10.668	3.0
375	1.0	4.0	0.0	4.0	1.3320000000000007	10.668	3.0
376	3.0	2.0	2.0	1.0	5.0	10.0	3.0
377	3.0	5.0	2.0	4.0	3.3340000000000005	11.665999999999999	4.0
378	1.0	0.0	1.0	0.0	0.6680000000000001	2.332	1.0
379	2.0	1.0	2.0	1.0	1.3360000000000003	7.664	3.0
380	2.0	4.0	1.0	3.0	4.333	10.667	3.0
381	1.0	2.0	1.0	1.0	0.6660000000000004	8.334	2.0
382	2.0	1.0	2.0	1.0	3.068	5.932	3.0
383	2.0	2.0	2.0	2.0	1.6680000000000001	7.332	3.0
384	2.0	2.0	2.0	2.0	4.4	7.6	4.0
385	1.0	2.0	1.0	2.0	1.3330000000000002	4.667	2.0
386	4.0	1.0	4.0	1.0	2.0	7.0	3.0
387	1.0	2.0	1.0	2.0	2.736	6.263999999999999	3.0
388	3.0	0.0	3.0	0.0	3.0	6.0	3.0
389	3.0	0.0	3.0	0.0	3.0	6.0	3.0
390	2.0	2.0	2.0	1.0	2.333	6.667	2.0
391	2.0	0.0	1.0	0.0	0.6660000000000004	5.334	1.0
392	2.0	0.0	1.0	0.0	2.0	4.0	1.0
393	3.0	0.0	2.0	0.0	3.0	6.0	2.0
394	3.0	0.0	3.0	0.0	3.0	6.0	3.0
395	0.0	1.0	0.0	1.0	1.0	2.0	1.0
396	1.0	0.0	1.0	0.0	1.0	2.0	1.0
397	1.0	1.0	1.0	0.0	0.6680000000000001	5.332	1.0
398	1.0	0.0	0.0	0.0	1.0	2.0	0.0
399	2.0	2.0	2.0	0.0	3.0	6.0	2.0
400	1.0	3.0	0.0	1.0	2.668	6.332	1.0
401	2.0	1.0	2.0	1.0	1.733	4.2669999999999995	2.0
402	1.0	2.0	0.0	2.0	0.3330000000000002	5.667	1.0
403	0.0	3.0	0.0	2.0	0.9990000000000006	8.001	2.0
404	1.0	3.0	1.0	1.0	3.333	8.667	2.0
405	3.0	0.0	2.0	0.0	1.6680000000000001	4.332	1.0
406	1.0	4.0	1.0	2.0	1.9990000000000006	10.001	2.0
407	1.0	2.0	0.0	1.0	0.9990000000000006	8.001	1.0
408	1.0	0.0	1.0	0.0	1.0	2.0	1.0
409	0.0	6.0	0.0	3.0	2.6660000000000004	9.334	2.0
410	1.0	2.0	0.0	1.0	2.668	6.332	1.0
411	0.0	3.0	0.0	1.0	0.6660000000000004	5.334	1.0
412	3.0	5.0	3.0	4.0	2.9990000000000006	12.001	4.0
413	2.0	3.0	2.0	2.0	2.6660000000000004	9.334	3.0
414	3.0	0.0	2.0	0.0	3.068	5.932	2.0
415	1.0	4.0	0.0	2.0	1.9990000000000006	10.001	2.0
416	1.0	5.0	1.0	4.0	1.9990000000000006	10.001	3.0
417	2.0	0.0	2.0	0.0	0.6660000000000004	5.334	2.0
418	1.0	1.0	0.0	1.0	1.6680000000000001	4.332	1.0
419	2.0	2.0	2.0	0.0	4.4	7.6	2.0
420	2.0	2.0	1.0	1.0	3.0	6.0	2.0
421	2.0	4.0	1.0	2.0	3.6660000000000004	11.334	3.0
422	1.0	5.0	0.0	3.0	2.0010000000000003	6.999	2.0
423	0.0	0.0	0.0	0.0	0.0	0.0	0.0
424	0.0	0.0	0.0	0.0	0.0	0.0	0.0
425	0.0	0.0	0.0	0.0	0.0	0.0	0.0
426	1.0	2.0	0.0	1.0	3.4	5.6	1.0
427	2.0	4.0	1.0	3.0	5.333	12.667	4.0
428	0.0	7.0	0.0	5.0	1.6670000000000007	13.332999999999998	3.0
429	2.0	2.0	1.0	1.0	0.9990000000000006	8.001	2.0
430	2.0	0.0	2.0	0.0	2.0	4.0	2.0
431	3.0	2.0	2.0	2.0	5.0	10.0	4.0
432	3.0	2.0	3.0	1.0	4.0	8.0	3.0
433	0.0	1.0	0.0	0.0	0.3330000000000002	2.667	0.0
434	1.0	6.0	1.0	3.0	2.9990000000000006	12.001	3.0
435	3.0	3.0	3.0	3.0	2.6660000000000004	9.334	4.0
436	2.0	1.0	1.0	0.0	3.0	6.0	1.0
437	2.0	1.0	2.0	1.0	0.3330000000000002	2.667	1.0
438	3.0	2.0	3.0	2.0	2.333	6.667	3.0
439	4.0	1.0	3.0	0.0	3.068	5.932	2.0
440	2.0	0.0	1.0	0.0	2.0	4.0	1.0
441	1.0	0.0	1.0	0.0	0.3330000000000002	2.667	1.0
442	0.0	1.0	0.0	0.0	1.0	2.0	0.0
443	0.0	3.0	0.0	3.0	0.6660000000000004	5.334	2.0
444	2.0	0.0	1.0	0.0	2.0	4.0	1.0
445	0.0	0.0	0.0	0.0	0.0	0.0	0.0
446	1.0	3.0	0.0	1.0	1.0010000000000003	4.999	1.0
447	1.0	0.0	1.0	0.0	1.0	2.0	1.0
448	2.0	0.0	2.0	0.0	0.6660000000000004	5.334	2.0
449	1.0	1.0	0.0	0.0	2.0	4.0	0.0
450	2.0	1.0	2.0	0.0	2.4	6.6	2.0
451	2.0	0.0	2.0	0.0	2.0	4.0	2.0
452	1.0	2.0	1.0	0.0	1.0010000000000003	7.999	1.0
453	1.0	1.0	0.0	0.0	0.3330000000000002	2.667	0.0
454	2.0	0.0	1.0	0.0	2.0	4.0	1.0
455	1.0	1.0	1.0	0.0	2.0	4.0	1.0
456	0.0	0.0	0.0	0.0	0.0	0.0	0.0
457	1.0	1.0	1.0	0.0	1.3330000000000002	4.667	1.0
458	0.0	0.0	0.0	0.0	0.0	0.0	0.0
459	3.0	2.0	2.0	0.0	3.068	5.932	1.0
460	2.0	1.0	2.0	0.0	3.068	5.932	2.0
461	1.0	0.0	0.0	0.0	0.3330000000000002	2.667	0.0
462	1.0	0.0	0.0	0.0	1.0	2.0	0.0
463	1.0	2.0	0.0	0.0	1.0010000000000003	4.999	0.0
464	2.0	0.0	1.0	0.0	2.0	4.0	1.0
465	2.0	0.0	1.0	0.0	2.0	4.0	1.0
466	1.0	4.0	1.0	2.0	1.6660000000000004	7.334	2.0
467	0.0	2.0	0.0	0.0	1.0	2.0	0.0
468	2.0	0.0	2.0	0.0	2.0	4.0	2.0
469	3.0	1.0	2.0	1.0	2.733	6.2669999999999995	2.0
470	1.0	4.0	0.0	2.0	1.6660000000000004	7.334	1.0
471	2.0	0.0	1.0	0.0	2.4	3.6	1.0
472	3.0	0.0	2.0	0.0	3.0	6.0	2.0
473	1.0	2.0	1.0	1.0	1.6660000000000004	7.334	2.0
474	0.0	2.0	0.0	2.0	0.3330000000000002	2.667	1.0
475	2.0	4.0	2.0	1.0	3.333	8.667	2.0
476	2.0	4.0	2.0	2.0	2.9990000000000006	12.001	3.0
477	2.0	1.0	1.0	1.0	3.4	5.6	2.0
478	2.0	0.0	2.0	0.0	2.0	4.0	2.0
479	3.0	2.0	3.0	2.0	4.0	8.0	4.0
480	2.0	2.0	2.0	2.0	2.333	6.667	3.0
481	3.0	3.0	2.0	2.0	5.0	10.0	3.0
482	2.0	3.0	1.0	0.0	3.0	6.0	1.0
483	3.0	2.0	2.0	2.0	3.3360000000000003	8.664	3.0
484	3.0	0.0	2.0	0.0	3.0	6.0	2.0
485	1.0	2.0	1.0	0.0	1.3360000000000003	7.664	1.0
486	1.0	1.0	0.0	1.0	0.6660000000000004	5.334	1.0
487	1.0	0.0	1.0	0.0	1.0	2.0	1.0
488	1.0	0.0	0.0	0.0	0.3330000000000002	2.667	0.0
489	2.0	2.0	2.0	2.0	2.3360000000000003	6.664	3.0
490	2.0	4.0	2.0	3.0	4.336	10.664	4.0
491	2.0	2.0	2.0	1.0	3.333	8.667	3.0
492	4.0	0.0	4.0	0.0	2.668	6.332	3.0
493	1.0	0.0	0.0	0.0	0.3330000000000002	2.667	0.0
494	2.0	3.0	2.0	2.0	1.9990000000000006	10.001	3.0
495	1.0	5.0	1.0	3.0	1.9990000000000006	10.001	3.0
496	1.0	1.0	1.0	1.0	1.6680000000000001	4.332	2.0
497	0.0	4.0	0.0	2.0	0.6660000000000004	5.334	1.0
498	2.0	0.0	1.0	0.0	2.0	4.0	1.0
499	2.0	3.0	1.0	2.0	3.733	8.267	2.0
500	1.0	1.0	1.0	1.0	1.3330000000000002	4.667	2.0
501	1.0	0.0	1.0	0.0	1.0	2.0	1.0
502	1.0	0.0	0.0	0.0	0.3330000000000002	2.667	0.0
503	1.0	3.0	1.0	2.0	2.333	6.667	2.0
504	0.0	2.0	0.0	2.0	0.6660000000000004	5.334	2.0
505	2.0	0.0	1.0	0.0	1.6680000000000001	4.332	1.0
506	2.0	0.0	2.0	0.0	2.0	4.0	2.0
507	1.0	0.0	0.0	0.0	0.3330000000000002	2.667	0.0
508	2.0	0.0	1.0	0.0	2.0	4.0	1.0
509	0.0	0.0	0.0	0.0	0.0	0.0	0.0
510	3.0	0.0	2.0	0.0	2.736	6.263999999999999	2.0
511	2.0	1.0	2.0	1.0	1.0010000000000003	4.999	2.0
512	1.0	6.0	0.0	6.0	2.3320000000000007	12.668	4.0
513	1.0	3.0	1.0	2.0	1.9990000000000006	10.001	3.0
514	0.0	0.0	0.0	0.0	0.0	0.0	0.0
515	0.0	0.0	0.0	0.0	0.0	0.0	0.0
516	2.0	4.0	1.0	3.0	2.6660000000000004	9.334	2.0
517	2.0	0.0	1.0	0.0	0.6660000000000004	5.334	1.0
518	1.0	4.0	1.0	2.0	1.6660000000000004	7.334	2.0
519	1.0	3.0	1.0	3.0	0.6660000000000004	5.334	2.0
520	1.0	2.0	0.0	1.0	2.0	4.0	1.0
521	3.0	1.0	2.0	1.0	4.0	8.0	3.0
522	1.0	2.0	1.0	2.0	0.9990000000000006	8.001	3.0
523	0.0	2.0	0.0	1.0	0.6660000000000004	5.334	1.0
524	3.0	5.0	2.0	3.0	4.333	10.667	4.0
525	3.0	0.0	2.0	0.0	2.668	6.332	2.0
526	1.0	1.0	1.0	0.0	1.4	4.6	1.0
527	5.0	1.0	5.0	0.0	4.336	10.664	4.0
528	1.0	2.0	1.0	1.0	1.0010000000000003	4.999	1.0
529	0.0	4.0	0.0	2.0	0.3330000000000002	8.667	1.0
530	1.0	1.0	1.0	1.0	0.6660000000000004	5.334	2.0
531	1.0	2.0	1.0	1.0	2.333	6.667	2.0
532	1.0	2.0	1.0	2.0	3.0	6.0	3.0
533	1.0	0.0	1.0	0.0	0.3330000000000002	2.667	1.0
534	2.0	2.0	2.0	0.0	2.736	6.263999999999999	2.0
535	2.0	3.0	1.0	1.0	5.0	10.0	2.0
536	0.0	0.0	0.0	0.0	0.0	0.0	0.0
537	2.0	0.0	2.0	0.0	2.0	4.0	2.0
538	1.0	1.0	0.0	1.0	2.0	4.0	1.0
539	2.0	0.0	1.0	0.0	2.0	4.0	1.0
540	1.0	5.0	1.0	4.0	1.6660000000000004	7.334	2.0
541	1.0	2.0	1.0	1.0	2.668	6.332	2.0
542	0.0	3.0	0.0	2.0	1.6660000000000004	7.334	2.0
543	2.0	0.0	2.0	0.0	0.6660000000000004	5.334	2.0
544	2.0	3.0	2.0	2.0	3.3370000000000006	11.663	4.0
545	3.0	0.0	3.0	0.0	3.0	6.0	3.0
546	2.0	2.0	2.0	1.0	2.6690000000000005	9.331	3.0
547	2.0	0.0	2.0	0.0	0.6660000000000004	5.334	2.0
548	2.0	0.0	2.0	0.0	1.6680000000000001	4.332	2.0
549	2.0	2.0	1.0	0.0	3.333	8.667	1.0
550	2.0	3.0	1.0	2.0	1.3340000000000005	10.666	3.0
551	3.0	3.0	2.0	2.0	2.733	9.267	3.0
552	2.0	1.0	2.0	0.0	0.9990000000000006	8.001	2.0
553	2.0	4.0	2.0	3.0	4.336	10.664	4.0
554	0.0	0.0	0.0	0.0	0.0	0.0	0.0
555	0.0	0.0	0.0	0.0	0.0	0.0	0.0
556	2.0	2.0	2.0	2.0	2.3360000000000003	6.664	3.0
557	1.0	1.0	1.0	1.0	1.6680000000000001	4.332	2.0
558	3.0	1.0	3.0	0.0	4.0	8.0	3.0
559	2.0	1.0	2.0	0.0	3.0	6.0	2.0
560	3.0	1.0	2.0	1.0	2.668	9.332	3.0
561	1.0	2.0	1.0	2.0	2.0010000000000003	6.999	3.0
562	2.0	4.0	1.0	1.0	4.0	8.0	2.0
563	4.0	1.0	3.0	0.0	2.3360000000000003	6.664	2.0
564	2.0	2.0	2.0	2.0	0.9990000000000006	8.001	3.0
565	1.0	3.0	0.0	3.0	1.6660000000000004	7.334	2.0
566	2.0	1.0	1.0	1.0	1.6690000000000005	7.3309999999999995	2.0
567	1.0	4.0	0.0	3.0	2.3340000000000005	9.666	3.0
568	4.0	0.0	2.0	0.0	4.468	7.532	2.0
569	2.0	4.0	1.0	3.0	5.0	13.0	4.0
570	1.0	1.0	1.0	1.0	0.6660000000000004	5.334	2.0
571	2.0	2.0	2.0	2.0	2.0	4.0	2.0
572	1.0	5.0	0.0	4.0	2.3320000000000007	12.668	3.0
573	2.0	3.0	1.0	3.0	2.333	6.667	2.0
574	1.0	5.0	1.0	3.0	2.3320000000000007	12.668	3.0
575	1.0	1.0	1.0	1.0	1.4	1.6	1.0
576	1.0	3.0	0.0	1.0	0.6660000000000004	8.334	1.0
577	1.0	2.0	0.0	0.0	1.0	2.0	0.0
578	2.0	2.0	1.0	0.0	2.0010000000000003	6.999	1.0
579	2.0	3.0	1.0	1.0	3.333	8.667	2.0
580	2.0	1.0	1.0	0.0	2.0	4.0	1.0
581	0.0	0.0	0.0	0.0	0.0	0.0	0.0
582	1.0	0.0	1.0	0.0	0.3330000000000002	2.667	1.0
583	3.0	3.0	2.0	1.0	3.333	8.667	3.0
584	3.0	0.0	2.0	0.0	2.3360000000000003	6.664	2.0
585	2.0	2.0	1.0	0.0	2.333	6.667	1.0
586	2.0	3.0	2.0	2.0	1.6670000000000007	10.332999999999998	3.0
587	3.0	0.0	2.0	0.0	3.0	6.0	2.0
588	0.0	0.0	0.0	0.0	0.0	0.0	0.0
589	2.0	3.0	2.0	2.0	2.668	9.332	3.0
590	3.0	4.0	2.0	4.0	4.668	10.332	4.0
591	1.0	2.0	0.0	0.0	0.6660000000000004	5.334	0.0
592	2.0	6.0	1.0	4.0	2.9990000000000006	12.001	3.0
593	0.0	3.0	0.0	3.0	0.6680000000000001	5.332	2.0
594	0.0	4.0	0.0	4.0	2.0010000000000003	6.999	3.0
595	4.0	3.0	3.0	2.0	2.6660000000000004	9.334	3.0
596	1.0	0.0	0.0	0.0	1.0	2.0	0.0
597	2.0	6.0	0.0	4.0	4.3340000000000005	13.666	3.0
598	2.0	5.0	1.0	4.0	3.3320000000000007	14.668	4.0
599	1.0	4.0	0.0	3.0	1.6660000000000004	7.334	2.0
600	2.0	3.0	2.0	3.0	3.0	6.0	3.0
601	1.0	5.0	0.0	3.0	0.9990000000000006	8.001	2.0
602	0.0	0.0	0.0	0.0	0.0	0.0	0.0
603	0.0	0.0	0.0	0.0	0.0	0.0	0.0
