pos	Sd	Nd	Sd_tip	Nd_tip	S	N	comparisons
001	0.0	0.0	0.0	0.0	0.0	0.0	0.0
002	1.0	2.0	1.0	2.0	2.0	4.0	2.0
003	1.0	1.0	1.0	0.0	2.0	4.0	1.0
004	1.0	3.0	1.0	2.0	2.333	6.667	2.0
005	1.0	1.0	1.0	1.0	1.0	2.0	1.0
006	2.0	2.0	1.0	2.0	3.668	8.332	3.0
007	2.0	0.0	1.0	0.0	2.0	4.0	1.0
008	1.0	0.0	1.0	0.0	1.0	2.0	1.0
009	1.0	2.0	1.0	2.0	0.9990000000000006	8.001	3.0
010	2.0	0.0	2.0	0.0	2.0	4.0	2.0
011	2.0	1.0	1.0	0.0	2.3360000000000003	6.664	1.0
012	0.0	0.0	0.0	0.0	0.0	0.0	0.0
013	1.0	0.0	1.0	0.0	1.0	2.0	1.0
014	1.0	0.0	0.0	0.0	1.0	2.0	0.0
015	2.0	1.0	1.0	1.0	3.0	6.0	2.0
016	2.0	1.0	2.0	1.0	1.6680000000000001	4.332	2.0
017	2.0	0.0	1.0	0.0	2.0	4.0	1.0
018	1.0	1.0	1.0	1.0	1.3330000000000002	4.667	2.0
019	0.0	0.0	0.0	0.0	0.0	0.0	0.0
020	0.0	0.0	0.0	0.0	0.0	0.0	0.0
021	1.0	1.0	0.0	1.0	1.3330000000000002	4.667	1.0
022	0.0	2.0	0.0	1.0	0.6660000000000004	5.334	1.0
023	2.0	2.0	2.0	2.0	2.333	6.667	3.0
024	0.0	0.0	0.0	0.0	0.0	0.0	0.0
025	1.0	2.0	1.0	2.0	1.0	2.0	1.0
026	2.0	0.0	2.0	0.0	2.0	4.0	2.0
027	1.0	0.0	1.0	0.0	0.3330000000000002	2.667	1.0
028	2.0	0.0	1.0	0.0	2.0	4.0	1.0
029	0.0	1.0	0.0	1.0	0.3330000000000002	2.667	1.0
030	1.0	0.0	1.0	0.0	1.0	2.0	1.0
031	1.0	0.0	1.0	0.0	0.3330000000000002	2.667	1.0
032	1.0	3.0	1.0	2.0	3.0	6.0	2.0
033	0.0	0.0	0.0	0.0	0.0	0.0	0.0
034	0.0	0.0	0.0	0.0	0.0	0.0	0.0
035	2.0	0.0	1.0	0.0	0.6660000000000004	5.334	1.0
036	3.0	1.0	2.0	1.0	3.0	6.0	2.0
037	0.0	0.0	0.0	0.0	0.0	0.0	0.0
038	4.0	0.0	2.0	0.0	4.068	7.932	2.0
039	0.0	0.0	0.0	0.0	0.0	0.0	0.0
040	0.0	0.0	0.0	0.0	0.0	0.0	0.0
041	0.0	1.0	0.0	1.0	1.0	2.0	1.0
042	0.0	0.0	0.0	0.0	0.0	0.0	0.0
043	2.0	0.0	1.0	0.0	2.4	3.6	1.0
044	1.0	2.0	0.0	2.0	1.3330000000000002	4.667	1.0
045	2.0	0.0	1.0	0.0	2.0	4.0	1.0
046	3.0	0.0	2.0	0.0	3.4	5.6	2.0
047	2.0	0.0	1.0	0.0	2.0	4.0	1.0
048	0.0	2.0	0.0	1.0	1.6680000000000001	4.332	1.0
049	1.0	0.0	0.0	0.0	1.0	2.0	0.0
050	1.0	0.0	0.0	0.0	1.0	2.0	0.0
051	0.0	0.0	0.0	0.0	0.0	0.0	0.0
052	0.0	0.0	0.0	0.0	0.0	0.0	0.0
053	2.0	1.0	1.0	0.0	2.0	4.0	1.0
054	1.0	0.0	1.0	0.0	0.3330000000000002	2.667	1.0
055	1.0	2.0	0.0	0.0	1.0	2.0	0.0
056	1.0	0.0	0.0	0.0	0.3330000000000002	2.667	0.0
057	1.0	0.0	0.0	0.0	1.0	2.0	0.0
058	1.0	0.0	0.0	0.0	0.6680000000000001	2.332	0.0
059	2.0	0.0	1.0	0.0	2.0	4.0	1.0
060	0.0	0.0	0.0	0.0	0.0	0.0	0.0
061	0.0	0.0	0.0	0.0	0.0	0.0	0.0
062	0.0	0.0	0.0	0.0	0.0	0.0	0.0
063	0.0	0.0	0.0	0.0	0.0	0.0	0.0
064	0.0	0.0	0.0	0.0	0.0	0.0	0.0
065	2.0	1.0	1.0	0.0	2.0	4.0	1.0
066	1.0	0.0	1.0	0.0	1.4	1.6	1.0
067	1.0	1.0	0.0	0.0	1.4	1.6	0.0
068	3.0	1.0	1.0	0.0	2.333	6.667	1.0
069	0.0	0.0	0.0	0.0	0.0	0.0	0.0
070	1.0	0.0	0.0	0.0	1.0	2.0	0.0
071	3.0	0.0	0.0	0.0	1.6680000000000001	4.332	0.0
072	0.0	2.0	0.0	0.0	0.3330000000000002	2.667	0.0
073	1.0	0.0	0.0	0.0	1.0	2.0	0.0
074	1.0	2.0	1.0	0.0	1.3330000000000002	4.667	1.0
075	2.0	0.0	0.0	0.0	2.0	4.0	0.0
076	2.0	0.0	0.0	0.0	2.0	4.0	0.0
077	2.0	0.0	0.0	0.0	0.6660000000000004	5.334	0.0
078	1.0	1.0	1.0	1.0	0.3330000000000002	2.667	1.0
079	0.0	0.0	0.0	0.0	0.0	0.0	0.0
080	1.0	0.0	0.0	0.0	0.6680000000000001	2.332	0.0
081	0.0	0.0	0.0	0.0	0.0	0.0	0.0
082	1.0	0.0	0.0	0.0	1.0	2.0	0.0
083	1.0	0.0	0.0	0.0	1.0	2.0	0.0
084	0.0	2.0	0.0	0.0	1.0	2.0	0.0
085	1.0	1.0	0.0	0.0	0.3330000000000002	2.667	0.0
086	1.0	2.0	0.0	0.0	1.0	2.0	0.0
087	1.0	0.0	0.0	0.0	0.3330000000000002	2.667	0.0
088	1.0	0.0	0.0	0.0	1.0	2.0	0.0
089	0.0	2.0	0.0	0.0	1.0	2.0	0.0
090	0.0	0.0	0.0	0.0	0.0	0.0	0.0
091	1.0	0.0	0.0	0.0	0.3330000000000002	2.667	0.0
092	1.0	2.0	0.0	0.0	1.0	2.0	0.0
093	2.0	0.0	1.0	0.0	2.4	3.6	1.0
094	0.0	0.0	0.0	0.0	0.0	0.0	0.0
095	3.0	1.0	1.0	1.0	2.733	6.2669999999999995	1.0
096	0.0	2.0	0.0	1.0	1.6680000000000001	4.332	1.0
097	1.0	2.0	1.0	0.0	2.0	4.0	1.0
098	0.0	0.0	0.0	0.0	0.0	0.0	0.0
099	1.0	0.0	1.0	0.0	1.0	2.0	1.0
100	0.0	4.0	0.0	2.0	1.3330000000000002	4.667	1.0
101	2.0	1.0	2.0	1.0	0.9990000000000006	8.001	3.0
102	1.0	0.0	1.0	0.0	1.0	2.0	1.0
103	2.0	0.0	1.0	0.0	2.0	4.0	1.0
104	0.0	0.0	0.0	0.0	0.0	0.0	0.0
105	0.0	1.0	0.0	0.0	0.3330000000000002	2.667	0.0
106	1.0	1.0	1.0	1.0	1.3330000000000002	4.667	2.0
107	3.0	2.0	2.0	2.0	2.333	6.667	2.0
108	1.0	0.0	1.0	0.0	1.4	1.6	1.0
109	2.0	1.0	1.0	1.0	3.0	6.0	2.0
110	2.0	0.0	2.0	0.0	2.0	4.0	2.0
111	2.0	0.0	2.0	0.0	2.0	4.0	2.0
112	2.0	0.0	0.0	0.0	2.0	4.0	0.0
113	2.0	0.0	2.0	0.0	2.0	4.0	2.0
114	1.0	0.0	1.0	0.0	0.3330000000000002	2.667	1.0
115	2.0	0.0	2.0	0.0	0.6660000000000004	5.334	2.0
116	0.0	0.0	0.0	0.0	0.0	0.0	0.0
117	0.0	0.0	0.0	0.0	0.0	0.0	0.0
118	1.0	0.0	1.0	0.0	0.3330000000000002	2.667	1.0
119	1.0	0.0	1.0	0.0	1.0	2.0	1.0
120	3.0	0.0	2.0	0.0	3.0	6.0	2.0
121	2.0	0.0	2.0	0.0	2.0	4.0	2.0
122	1.0	1.0	1.0	1.0	0.3330000000000002	2.667	1.0
123	1.0	0.0	0.0	0.0	1.0	2.0	0.0
124	0.0	0.0	0.0	0.0	0.0	0.0	0.0
125	0.0	2.0	0.0	2.0	0.3330000000000002	2.667	1.0
126	0.0	2.0	0.0	0.0	0.3330000000000002	2.667	0.0
127	0.0	0.0	0.0	0.0	0.0	0.0	0.0
128	1.0	1.0	1.0	1.0	1.3330000000000002	4.667	2.0
129	0.0	1.0	0.0	0.0	0.3330000000000002	2.667	0.0
130	0.0	1.0	0.0	1.0	0.3330000000000002	2.667	1.0
131	2.0	0.0	1.0	0.0	2.0	4.0	1.0
132	2.0	0.0	2.0	0.0	2.0	4.0	2.0
133	2.0	3.0	0.0	1.0	1.6660000000000004	7.334	1.0
134	1.0	0.0	1.0	0.0	0.3330000000000002	2.667	1.0
135	4.0	2.0	3.0	2.0	4.333	10.667	4.0
136	3.0	1.0	2.0	1.0	2.333	6.667	2.0
137	3.0	1.0	1.0	1.0	4.068	7.932	2.0
138	2.0	0.0	1.0	0.0	2.0	4.0	1.0
139	1.0	0.0	1.0	0.0	0.6680000000000001	2.332	1.0
140	0.0	0.0	0.0	0.0	0.0	0.0	0.0
141	2.0	0.0	1.0	0.0	1.3360000000000003	4.664	1.0
142	1.0	0.0	1.0	0.0	0.3330000000000002	2.667	1.0
143	1.0	0.0	0.0	0.0	0.3330000000000002	2.667	0.0
144	0.0	0.0	0.0	0.0	0.0	0.0	0.0
145	1.0	0.0	1.0	0.0	1.0	2.0	1.0
146	1.0	3.0	1.0	2.0	2.668	6.332	2.0
147	2.0	0.0	2.0	0.0	2.0	4.0	2.0
148	0.0	0.0	0.0	0.0	0.0	0.0	0.0
149	0.0	0.0	0.0	0.0	0.0	0.0	0.0
150	0.0	0.0	0.0	0.0	0.0	0.0	0.0
151	2.0	0.0	1.0	0.0	1.3360000000000003	4.664	1.0
152	0.0	0.0	0.0	0.0	0.0	0.0	0.0
153	1.0	0.0	0.0	0.0	1.0	2.0	0.0
154	1.0	0.0	1.0	0.0	0.3330000000000002	2.667	1.0
155	0.0	2.0	0.0	2.0	1.0	2.0	1.0
156	1.0	2.0	1.0	1.0	2.333	6.667	2.0
157	1.0	0.0	0.0	0.0	1.0	2.0	0.0
158	1.0	0.0	1.0	0.0	0.6680000000000001	2.332	1.0
159	3.0	0.0	2.0	0.0	3.0	6.0	2.0
160	1.0	2.0	1.0	2.0	1.0	2.0	1.0
161	1.0	2.0	0.0	2.0	1.3330000000000002	4.667	1.0
162	0.0	0.0	0.0	0.0	0.0	0.0	0.0
163	1.0	1.0	1.0	1.0	1.0	2.0	1.0
164	1.0	1.0	1.0	1.0	1.0010000000000003	4.999	2.0
165	0.0	1.0	0.0	1.0	0.3330000000000002	2.667	1.0
166	0.0	4.0	0.0	4.0	1.6660000000000004	7.334	3.0
167	1.0	2.0	0.0	1.0	1.6660000000000004	7.334	1.0
168	1.0	0.0	1.0	0.0	0.6680000000000001	2.332	1.0
169	1.0	0.0	0.0	0.0	1.0	2.0	0.0
170	0.0	0.0	0.0	0.0	0.0	0.0	0.0
171	1.0	0.0	0.0	0.0	1.0	2.0	0.0
172	1.0	0.0	1.0	0.0	0.3330000000000002	2.667	1.0
173	2.0	0.0	1.0	0.0	2.4	3.6	1.0
174	2.0	0.0	1.0	0.0	2.0	4.0	1.0
175	2.0	0.0	1.0	0.0	0.6660000000000004	5.334	1.0
176	2.0	0.0	1.0	0.0	2.0	4.0	1.0
177	1.0	1.0	0.0	1.0	2.0	4.0	1.0
178	1.0	0.0	1.0	0.0	1.0	2.0	1.0
179	2.0	0.0	1.0	0.0	2.0	4.0	1.0
180	0.0	0.0	0.0	0.0	0.0	0.0	0.0
181	1.0	0.0	1.0	0.0	0.6680000000000001	2.332	1.0
182	2.0	2.0	1.0	2.0	3.0	6.0	2.0
183	1.0	0.0	1.0	0.0	1.0	2.0	1.0
184	2.0	0.0	2.0	0.0	2.4	3.6	2.0
185	0.0	2.0	0.0	2.0	0.3330000000000002	2.667	1.0
186	0.0	0.0	0.0	0.0	0.0	0.0	0.0
187	1.0	0.0	1.0	0.0	0.3330000000000002	2.667	1.0
188	1.0	0.0	0.0	0.0	1.0	2.0	0.0
189	2.0	2.0	1.0	2.0	3.0	6.0	2.0
190	3.0	3.0	2.0	3.0	3.333	8.667	3.0
191	1.0	1.0	1.0	1.0	0.6660000000000004	5.334	2.0
192	0.0	3.0	0.0	3.0	1.0010000000000003	4.999	2.0
193	1.0	0.0	1.0	0.0	0.3330000000000002	2.667	1.0
194	2.0	0.0	1.0	0.0	2.0	4.0	1.0
195	3.0	0.0	3.0	0.0	3.0	6.0	3.0
196	3.0	0.0	2.0	0.0	0.9990000000000006	8.001	2.0
197	1.0	0.0	1.0	0.0	1.0	2.0	1.0
198	2.0	0.0	1.0	0.0	2.0	4.0	1.0
199	0.0	0.0	0.0	0.0	0.0	0.0	0.0
200	2.0	0.0	0.0	0.0	2.0	4.0	0.0
201	0.0	0.0	0.0	0.0	0.0	0.0	0.0
202	0.0	0.0	0.0	0.0	0.0	0.0	0.0
203	1.0	0.0	0.0	0.0	1.4	1.6	0.0
204	0.0	1.0	0.0	0.0	0.6680000000000001	2.332	0.0
205	1.0	0.0	0.0	0.0	1.0	2.0	0.0
206	1.0	0.0	0.0	0.0	1.0	2.0	0.0
207	2.0	0.0	1.0	0.0	2.8	3.2	1.0
208	2.0	1.0	0.0	0.0	3.0	6.0	0.0
209	1.0	1.0	1.0	0.0	2.0	4.0	1.0
210	1.0	0.0	0.0	0.0	1.0	2.0	0.0
211	2.0	3.0	1.0	1.0	3.333	8.667	2.0
212	1.0	0.0	1.0	0.0	1.0	2.0	1.0
213	2.0	0.0	1.0	0.0	2.0	4.0	1.0
214	1.0	2.0	0.0	2.0	1.3330000000000002	4.667	1.0
215	1.0	0.0	1.0	0.0	0.6680000000000001	2.332	1.0
216	3.0	0.0	2.0	0.0	3.0	6.0	2.0
217	1.0	1.0	1.0	1.0	1.0	2.0	1.0
218	0.0	0.0	0.0	0.0	0.0	0.0	0.0
219	0.0	0.0	0.0	0.0	0.0	0.0	0.0
220	2.0	0.0	1.0	0.0	0.6660000000000004	5.334	1.0
221	1.0	0.0	1.0	0.0	1.0	2.0	1.0
222	1.0	0.0	0.0	0.0	0.3330000000000002	2.667	0.0
223	1.0	0.0	0.0	0.0	1.0	2.0	0.0
224	0.0	0.0	0.0	0.0	0.0	0.0	0.0
225	1.0	2.0	0.0	2.0	2.0	4.0	1.0
226	1.0	1.0	1.0	1.0	0.6680000000000001	2.332	1.0
227	0.0	2.0	0.0	2.0	1.0	2.0	1.0
228	0.0	1.0	0.0	0.0	0.3330000000000002	2.667	0.0
229	0.0	0.0	0.0	0.0	0.0	0.0	0.0
230	0.0	0.0	0.0	0.0	0.0	0.0	0.0
231	0.0	1.0	0.0	1.0	0.3330000000000002	2.667	1.0
232	2.0	0.0	1.0	0.0	2.068	3.932	1.0
233	0.0	1.0	0.0	1.0	0.3330000000000002	2.667	1.0
234	0.0	4.0	0.0	3.0	1.6660000000000004	7.334	2.0
235	0.0	0.0	0.0	0.0	0.0	0.0	0.0
236	0.0	0.0	0.0	0.0	0.0	0.0	0.0
237	1.0	0.0	0.0	0.0	0.3330000000000002	2.667	0.0
238	0.0	3.0	0.0	3.0	2.333	6.667	3.0
239	1.0	2.0	1.0	2.0	1.0	2.0	1.0
240	1.0	0.0	1.0	0.0	0.3330000000000002	2.667	1.0
241	3.0	0.0	1.0	0.0	3.0	6.0	1.0
242	1.0	2.0	0.0	1.0	2.068	6.9319999999999995	1.0
243	0.0	3.0	0.0	2.0	1.0	5.0	1.0
244	3.0	0.0	2.0	0.0	3.8	5.2	2.0
245	0.0	0.0	0.0	0.0	0.0	0.0	0.0
246	0.0	2.0	0.0	1.0	0.6660000000000004	5.334	1.0
247	0.0	0.0	0.0	0.0	0.0	0.0	0.0
248	1.0	0.0	1.0	0.0	1.0	2.0	1.0
249	1.0	0.0	0.0	0.0	1.0	2.0	0.0
250	2.0	1.0	2.0	0.0	3.068	5.932	2.0
251	3.0	0.0	2.0	0.0	3.0	6.0	2.0
252	2.0	0.0	1.0	0.0	0.6660000000000004	5.334	1.0
253	1.0	0.0	1.0	0.0	0.3330000000000002	2.667	1.0
254	1.0	1.0	1.0	1.0	1.0	2.0	1.0
255	1.0	2.0	1.0	2.0	1.3330000000000002	4.667	2.0
256	0.0	0.0	0.0	0.0	0.0	0.0	0.0
257	2.0	0.0	1.0	0.0	2.0	4.0	1.0
258	0.0	0.0	0.0	0.0	0.0	0.0	0.0
259	1.0	0.0	0.0	0.0	0.6680000000000001	2.332	0.0
260	2.0	0.0	1.0	0.0	2.0	4.0	1.0
261	0.0	1.0	0.0	1.0	1.0	2.0	1.0
262	0.0	2.0	0.0	1.0	1.6680000000000001	4.332	1.0
263	0.0	0.0	0.0	0.0	0.0	0.0	0.0
264	0.0	0.0	0.0	0.0	0.0	0.0	0.0
265	1.0	0.0	1.0	0.0	1.0	2.0	1.0
266	1.0	0.0	0.0	0.0	1.0	2.0	0.0
267	0.0	1.0	0.0	1.0	1.0	2.0	1.0
268	2.0	1.0	1.0	1.0	3.4	5.6	2.0
269	1.0	2.0	0.0	2.0	0.6660000000000004	5.334	1.0
270	0.0	0.0	0.0	0.0	0.0	0.0	0.0
271	2.0	0.0	1.0	0.0	2.0	4.0	1.0
272	1.0	2.0	1.0	2.0	1.3330000000000002	4.667	2.0
273	1.0	2.0	1.0	2.0	1.0	2.0	1.0
274	1.0	0.0	0.0	0.0	1.0	2.0	0.0
275	3.0	1.0	2.0	1.0	2.333	6.667	2.0
276	4.0	1.0	2.0	1.0	2.3360000000000003	6.664	2.0
277	1.0	6.0	1.0	3.0	3.3320000000000007	14.668	4.0
278	2.0	0.0	2.0	0.0	2.0	4.0	2.0
279	1.0	2.0	0.0	2.0	1.3330000000000002	4.667	1.0
280	1.0	2.0	1.0	2.0	1.3330000000000002	4.667	2.0
281	1.0	2.0	1.0	1.0	0.6660000000000004	5.334	1.0
282	1.0	2.0	1.0	2.0	1.3330000000000002	4.667	2.0
283	0.0	1.0	0.0	1.0	0.6680000000000001	2.332	1.0
284	0.0	4.0	0.0	3.0	1.3340000000000005	7.6659999999999995	2.0
285	2.0	0.0	1.0	0.0	2.0	4.0	1.0
286	4.0	0.0	3.0	0.0	2.668	6.332	2.0
287	2.0	3.0	2.0	2.0	1.6670000000000007	10.332999999999998	3.0
288	2.0	0.0	1.0	0.0	2.0	4.0	1.0
289	2.0	0.0	1.0	0.0	0.6660000000000004	5.334	1.0
290	4.0	1.0	1.0	1.0	4.736	10.264	2.0
291	2.0	2.0	2.0	2.0	1.3330000000000002	4.667	2.0
292	2.0	1.0	0.0	1.0	3.0	6.0	1.0
293	0.0	4.0	0.0	3.0	2.0010000000000003	6.999	2.0
294	2.0	1.0	1.0	1.0	1.6660000000000004	7.334	2.0
295	2.0	1.0	2.0	1.0	1.3330000000000002	4.667	2.0
296	0.0	2.0	0.0	2.0	1.0	2.0	1.0
297	0.0	0.0	0.0	0.0	0.0	0.0	0.0
298	0.0	0.0	0.0	0.0	0.0	0.0	0.0
299	2.0	1.0	1.0	0.0	3.0	6.0	1.0
300	3.0	1.0	1.0	1.0	2.668	6.332	1.0
301	0.0	2.0	0.0	2.0	0.3330000000000002	2.667	1.0
302	0.0	4.0	0.0	4.0	0.9990000000000006	8.001	3.0
303	2.0	1.0	1.0	1.0	1.733	4.2669999999999995	1.0
304	1.0	1.0	1.0	1.0	1.0	2.0	1.0
305	2.0	4.0	1.0	3.0	2.9990000000000006	12.001	3.0
306	1.0	0.0	0.0	0.0	0.3330000000000002	2.667	0.0
307	2.0	0.0	1.0	0.0	2.4	3.6	1.0
308	1.0	2.0	1.0	2.0	1.0	2.0	1.0
309	0.0	0.0	0.0	0.0	0.0	0.0	0.0
310	3.0	2.0	1.0	1.0	5.0	10.0	2.0
311	0.0	0.0	0.0	0.0	0.0	0.0	0.0
312	0.0	1.0	0.0	1.0	1.0	2.0	1.0
313	2.0	2.0	2.0	2.0	1.3330000000000002	4.667	2.0
314	2.0	0.0	1.0	0.0	2.4	3.6	1.0
315	2.0	2.0	1.0	1.0	1.6680000000000001	4.332	1.0
316	1.0	2.0	0.0	2.0	3.0	6.0	2.0
317	1.0	2.0	1.0	2.0	0.3330000000000002	2.667	1.0
318	2.0	2.0	2.0	2.0	1.3330000000000002	4.667	2.0
319	1.0	1.0	0.0	0.0	0.3330000000000002	2.667	0.0
320	0.0	0.0	0.0	0.0	0.0	0.0	0.0
321	0.0	0.0	0.0	0.0	0.0	0.0	0.0
322	0.0	0.0	0.0	0.0	0.0	0.0	0.0
323	0.0	0.0	0.0	0.0	0.0	0.0	0.0
324	0.0	0.0	0.0	0.0	0.0	0.0	0.0
325	0.0	0.0	0.0	0.0	0.0	0.0	0.0
326	0.0	0.0	0.0	0.0	0.0	0.0	0.0
327	0.0	0.0	0.0	0.0	0.0	0.0	0.0
328	0.0	0.0	0.0	0.0	0.0	0.0	0.0
329	0.0	0.0	0.0	0.0	0.0	0.0	0.0
330	0.0	0.0	0.0	0.0	0.0	0.0	0.0
331	0.0	0.0	0.0	0.0	0.0	0.0	0.0
