all_syn	all_nonSyn	tip_syn	tip_nonSyn	S	N	comparisons
001	0.0	0.0	0.0	0.0	0.0	0.0	0.0
002	1.0	0.0	1.0	0.0	1.0	2.0	1.0
003	0.0	0.0	0.0	0.0	0.0	0.0	0.0
004	1.0	3.0	0.0	1.0	2.0010000000000003	6.999	1.0
005	2.0	3.0	2.0	2.0	2.333	6.667	2.0
006	1.0	3.0	0.0	2.0	1.9990000000000006	10.001	2.0
007	4.0	2.0	3.0	1.0	5.4	9.6	3.0
008	1.0	0.0	1.0	0.0	1.0	2.0	1.0
009	3.0	1.0	2.0	1.0	2.4	3.6	1.0
010	1.0	0.0	1.0	0.0	1.0	2.0	1.0
011	2.0	2.0	2.0	2.0	1.3330000000000002	4.667	2.0
012	1.0	3.0	0.0	2.0	1.9990000000000006	10.001	2.0
013	0.0	2.0	0.0	1.0	2.0	4.0	1.0
014	0.0	3.0	0.0	3.0	1.3330000000000002	4.667	2.0
015	1.0	2.0	1.0	2.0	1.6680000000000001	4.332	2.0
016	1.0	3.0	1.0	3.0	1.6660000000000004	7.334	3.0
017	0.0	4.0	0.0	3.0	1.6660000000000004	7.334	2.0
018	1.0	2.0	0.0	1.0	3.0	6.0	1.0
019	0.0	4.0	0.0	3.0	1.3320000000000007	10.668	3.0
020	2.0	4.0	2.0	3.0	2.333	6.667	2.0
021	1.0	2.0	0.0	1.0	2.0	4.0	1.0
022	2.0	2.0	1.0	1.0	2.668	6.332	1.0
023	2.0	5.0	1.0	3.0	3.6660000000000004	11.334	3.0
024	1.0	4.0	1.0	2.0	4.333	10.667	3.0
025	2.0	1.0	1.0	1.0	3.0	6.0	2.0
026	1.0	3.0	1.0	1.0	2.0	4.0	1.0
027	2.0	4.0	1.0	4.0	4.4	10.6	4.0
028	2.0	2.0	2.0	2.0	3.0	6.0	3.0
029	2.0	1.0	2.0	1.0	0.9990000000000006	8.001	3.0
030	2.0	0.0	1.0	0.0	2.0	4.0	1.0
031	1.0	2.0	1.0	1.0	1.6660000000000004	7.334	2.0
032	1.0	0.0	0.0	0.0	0.3330000000000002	2.667	0.0
033	1.0	0.0	1.0	0.0	0.3330000000000002	2.667	1.0
034	0.0	0.0	0.0	0.0	0.0	0.0	0.0
035	1.0	0.0	1.0	0.0	0.3330000000000002	2.667	1.0
036	0.0	0.0	0.0	0.0	0.0	0.0	0.0
037	0.0	0.0	0.0	0.0	0.0	0.0	0.0
038	1.0	0.0	1.0	0.0	0.6680000000000001	2.332	1.0
039	1.0	0.0	1.0	0.0	1.0	2.0	1.0
040	1.0	0.0	1.0	0.0	1.0	2.0	1.0
041	0.0	0.0	0.0	0.0	0.0	0.0	0.0
042	1.0	0.0	1.0	0.0	0.6680000000000001	2.332	1.0
043	1.0	0.0	1.0	0.0	1.0	2.0	1.0
044	2.0	0.0	2.0	0.0	1.3360000000000003	4.664	2.0
045	0.0	0.0	0.0	0.0	0.0	0.0	0.0
046	0.0	0.0	0.0	0.0	0.0	0.0	0.0
047	2.0	1.0	0.0	0.0	3.0	6.0	0.0
048	1.0	0.0	1.0	0.0	0.3330000000000002	2.667	1.0
049	0.0	0.0	0.0	0.0	0.0	0.0	0.0
050	3.0	1.0	2.0	1.0	3.0040000000000004	8.995999999999999	3.0
051	2.0	0.0	2.0	0.0	2.0	4.0	2.0
052	0.0	0.0	0.0	0.0	0.0	0.0	0.0
053	2.0	0.0	2.0	0.0	2.4	3.6	2.0
054	1.0	0.0	1.0	0.0	0.3330000000000002	2.667	1.0
055	1.0	0.0	1.0	0.0	0.3330000000000002	2.667	1.0
056	1.0	0.0	1.0	0.0	1.0	2.0	1.0
057	1.0	0.0	1.0	0.0	1.0	2.0	1.0
058	2.0	0.0	2.0	0.0	2.0	4.0	2.0
059	1.0	0.0	1.0	0.0	0.3330000000000002	2.667	1.0
060	2.0	0.0	1.0	0.0	1.3360000000000003	4.664	1.0
061	1.0	0.0	1.0	0.0	1.0	2.0	1.0
062	4.0	1.0	3.0	1.0	5.0	10.0	4.0
063	2.0	0.0	1.0	0.0	0.6660000000000004	5.334	1.0
064	2.0	0.0	0.0	0.0	0.6660000000000004	5.334	0.0
065	3.0	0.0	2.0	0.0	2.0040000000000004	6.9959999999999996	2.0
066	1.0	0.0	0.0	0.0	0.3330000000000002	2.667	0.0
067	2.0	0.0	2.0	0.0	2.0	4.0	2.0
068	3.0	0.0	2.0	0.0	3.0	6.0	2.0
069	2.0	0.0	1.0	0.0	2.0	4.0	1.0
070	2.0	0.0	1.0	0.0	0.6660000000000004	5.334	1.0
071	5.0	0.0	4.0	0.0	3.668	8.332	3.0
072	2.0	0.0	2.0	0.0	0.6660000000000004	5.334	2.0
073	1.0	1.0	0.0	1.0	0.6660000000000004	5.334	1.0
074	2.0	0.0	1.0	0.0	2.8	3.2	1.0
075	2.0	0.0	2.0	0.0	2.0	4.0	2.0
076	1.0	0.0	1.0	0.0	0.3330000000000002	2.667	1.0
077	1.0	0.0	1.0	0.0	0.3330000000000002	2.667	1.0
078	1.0	0.0	1.0	0.0	1.0	2.0	1.0
079	0.0	0.0	0.0	0.0	0.0	0.0	0.0
080	0.0	2.0	0.0	2.0	0.6660000000000004	5.334	2.0
081	2.0	0.0	0.0	0.0	0.6660000000000004	5.334	0.0
082	4.0	0.0	3.0	0.0	3.3360000000000003	8.664	3.0
083	0.0	0.0	0.0	0.0	0.0	0.0	0.0
084	2.0	0.0	1.0	0.0	2.0	4.0	1.0
085	2.0	0.0	1.0	0.0	0.6660000000000004	5.334	1.0
086	2.0	0.0	1.0	0.0	0.6660000000000004	5.334	1.0
087	1.0	2.0	0.0	1.0	2.0	4.0	1.0
088	2.0	2.0	1.0	1.0	4.0	8.0	2.0
089	2.0	0.0	0.0	0.0	0.6660000000000004	5.334	0.0
090	4.0	0.0	3.0	0.0	4.468	7.532	3.0
091	2.0	4.0	1.0	3.0	5.0	10.0	3.0
092	1.0	0.0	1.0	0.0	0.3330000000000002	2.667	1.0
093	1.0	1.0	1.0	1.0	1.6680000000000001	4.332	2.0
094	0.0	0.0	0.0	0.0	0.0	0.0	0.0
095	1.0	0.0	1.0	0.0	1.0	2.0	1.0
096	3.0	0.0	3.0	0.0	2.4	3.6	2.0
097	2.0	0.0	2.0	0.0	1.0	2.0	1.0
098	2.0	0.0	1.0	0.0	0.6660000000000004	5.334	1.0
099	1.0	0.0	1.0	0.0	1.0	2.0	1.0
100	0.0	0.0	0.0	0.0	0.0	0.0	0.0
101	1.0	0.0	1.0	0.0	0.3330000000000002	2.667	1.0
102	1.0	2.0	1.0	2.0	1.0	2.0	1.0
103	1.0	0.0	1.0	0.0	0.3330000000000002	2.667	1.0
104	1.0	0.0	1.0	0.0	0.6680000000000001	2.332	1.0
105	1.0	0.0	1.0	0.0	0.3330000000000002	2.667	1.0
106	1.0	0.0	1.0	0.0	1.4	1.6	1.0
107	2.0	1.0	1.0	1.0	3.4	5.6	2.0
108	1.0	0.0	1.0	0.0	1.0	2.0	1.0
109	1.0	0.0	1.0	0.0	0.3330000000000002	2.667	1.0
110	0.0	0.0	0.0	0.0	0.0	0.0	0.0
111	1.0	0.0	0.0	0.0	1.0	2.0	0.0
112	2.0	0.0	2.0	0.0	0.6660000000000004	5.334	2.0
113	3.0	0.0	1.0	0.0	3.0	6.0	1.0
114	1.0	0.0	1.0	0.0	0.6680000000000001	2.332	1.0
115	0.0	0.0	0.0	0.0	0.0	0.0	0.0
116	1.0	0.0	1.0	0.0	1.0	2.0	1.0
117	3.0	1.0	2.0	1.0	4.0	8.0	3.0
118	1.0	0.0	1.0	0.0	0.3330000000000002	2.667	1.0
119	2.0	0.0	1.0	0.0	2.4	3.6	1.0
120	2.0	0.0	2.0	0.0	0.6660000000000004	5.334	2.0
121	3.0	0.0	2.0	0.0	3.0	6.0	2.0
122	1.0	0.0	1.0	0.0	0.3330000000000002	2.667	1.0
123	3.0	0.0	2.0	0.0	3.0	6.0	2.0
124	1.0	0.0	0.0	0.0	1.0	2.0	0.0
125	5.0	0.0	2.0	0.0	5.068	9.932	2.0
126	0.0	0.0	0.0	0.0	0.0	0.0	0.0
127	1.0	1.0	1.0	1.0	0.6660000000000004	5.334	2.0
128	2.0	0.0	1.0	0.0	2.0	4.0	1.0
129	3.0	0.0	2.0	0.0	3.0	6.0	2.0
130	2.0	0.0	1.0	0.0	0.6660000000000004	5.334	1.0
131	2.0	0.0	1.0	0.0	2.0	4.0	1.0
132	0.0	0.0	0.0	0.0	0.0	0.0	0.0
133	3.0	0.0	2.0	0.0	3.0	6.0	2.0
134	1.0	0.0	1.0	0.0	1.0	2.0	1.0
135	2.0	0.0	2.0	0.0	2.0	4.0	2.0
136	1.0	0.0	1.0	0.0	0.3330000000000002	2.667	1.0
137	2.0	0.0	2.0	0.0	2.0	4.0	2.0
138	3.0	0.0	2.0	0.0	3.0	6.0	2.0
139	3.0	0.0	2.0	0.0	3.0	6.0	2.0
140	1.0	1.0	1.0	1.0	0.6660000000000004	5.334	2.0
141	2.0	1.0	0.0	1.0	3.0	6.0	1.0
142	0.0	0.0	0.0	0.0	0.0	0.0	0.0
143	2.0	0.0	1.0	0.0	2.4	3.6	1.0
144	4.0	0.0	3.0	0.0	4.0	8.0	3.0
145	1.0	0.0	1.0	0.0	1.0	2.0	1.0
146	1.0	0.0	1.0	0.0	0.3330000000000002	2.667	1.0
147	0.0	0.0	0.0	0.0	0.0	0.0	0.0
148	3.0	0.0	2.0	0.0	3.0	6.0	2.0
149	0.0	1.0	0.0	1.0	1.0	2.0	1.0
150	2.0	0.0	1.0	0.0	2.0	4.0	1.0
151	0.0	0.0	0.0	0.0	0.0	0.0	0.0
152	3.0	0.0	2.0	0.0	3.8	5.2	2.0
153	1.0	2.0	1.0	2.0	2.333	6.667	3.0
154	1.0	0.0	0.0	0.0	0.3330000000000002	2.667	0.0
155	1.0	0.0	1.0	0.0	0.3330000000000002	2.667	1.0
156	1.0	0.0	1.0	0.0	0.3330000000000002	2.667	1.0
157	0.0	1.0	0.0	1.0	0.3330000000000002	2.667	1.0
158	1.0	1.0	1.0	1.0	1.3330000000000002	4.667	2.0
159	3.0	0.0	3.0	0.0	1.6680000000000001	4.332	2.0
160	1.0	0.0	1.0	0.0	0.3330000000000002	2.667	1.0
161	1.0	1.0	1.0	0.0	0.6660000000000004	5.334	1.0
162	2.0	0.0	1.0	0.0	2.0	4.0	1.0
163	1.0	0.0	1.0	0.0	1.0	2.0	1.0
164	1.0	3.0	1.0	3.0	1.3330000000000002	4.667	2.0
165	0.0	1.0	0.0	1.0	1.0	2.0	1.0
166	1.0	0.0	1.0	0.0	1.4	1.6	1.0
167	2.0	0.0	2.0	0.0	2.0	4.0	2.0
168	3.0	2.0	3.0	2.0	3.333	8.667	4.0
169	0.0	1.0	0.0	1.0	0.3330000000000002	2.667	1.0
170	2.0	0.0	2.0	0.0	2.4	3.6	2.0
171	1.0	0.0	1.0	0.0	0.3330000000000002	2.667	1.0
172	1.0	1.0	1.0	0.0	0.6660000000000004	5.334	1.0
173	2.0	1.0	1.0	1.0	3.0	6.0	2.0
174	0.0	0.0	0.0	0.0	0.0	0.0	0.0
175	2.0	1.0	2.0	1.0	2.0	4.0	2.0
176	2.0	0.0	2.0	0.0	0.6660000000000004	5.334	2.0
177	2.0	0.0	2.0	0.0	2.4	3.6	2.0
178	1.0	0.0	1.0	0.0	0.3330000000000002	2.667	1.0
179	4.0	4.0	4.0	3.0	4.333	10.667	4.0
180	0.0	0.0	0.0	0.0	0.0	0.0	0.0
181	3.0	1.0	3.0	1.0	3.0	6.0	3.0
182	2.0	1.0	0.0	1.0	3.0	6.0	1.0
183	3.0	0.0	2.0	0.0	3.0	6.0	2.0
184	3.0	2.0	3.0	1.0	2.3340000000000005	9.666	3.0
185	1.0	1.0	1.0	1.0	1.0	2.0	1.0
186	2.0	0.0	1.0	0.0	0.6660000000000004	5.334	1.0
187	4.0	0.0	3.0	0.0	4.068	7.932	3.0
188	1.0	0.0	1.0	0.0	0.3330000000000002	2.667	1.0
189	1.0	1.0	1.0	1.0	1.0010000000000003	4.999	2.0
190	0.0	2.0	0.0	1.0	0.6660000000000004	5.334	1.0
191	4.0	0.0	4.0	0.0	4.068	7.932	4.0
192	1.0	1.0	1.0	1.0	0.6660000000000004	5.334	2.0
193	0.0	2.0	0.0	2.0	1.3330000000000002	4.667	2.0
194	3.0	0.0	2.0	0.0	2.3360000000000003	6.664	2.0
195	1.0	0.0	1.0	0.0	1.0	2.0	1.0
196	0.0	0.0	0.0	0.0	0.0	0.0	0.0
197	2.0	0.0	2.0	0.0	0.6660000000000004	5.334	2.0
198	3.0	0.0	2.0	0.0	3.0	6.0	2.0
199	2.0	0.0	1.0	0.0	0.6660000000000004	5.334	1.0
200	2.0	1.0	1.0	1.0	3.0	6.0	2.0
201	1.0	1.0	1.0	1.0	2.0	4.0	2.0
202	0.0	0.0	0.0	0.0	0.0	0.0	0.0
203	1.0	2.0	0.0	2.0	2.0	4.0	1.0
204	1.0	0.0	0.0	0.0	1.0	2.0	0.0
205	2.0	0.0	2.0	0.0	2.0	4.0	2.0
206	3.0	1.0	3.0	1.0	4.8	7.199999999999999	4.0
207	1.0	1.0	0.0	1.0	0.6660000000000004	5.334	1.0
208	1.0	0.0	0.0	0.0	0.3330000000000002	2.667	0.0
209	0.0	0.0	0.0	0.0	0.0	0.0	0.0
210	1.0	0.0	1.0	0.0	0.3330000000000002	2.667	1.0
211	2.0	1.0	2.0	1.0	1.6660000000000004	7.334	3.0
212	1.0	0.0	1.0	0.0	0.3330000000000002	2.667	1.0
213	0.0	0.0	0.0	0.0	0.0	0.0	0.0
214	2.0	1.0	0.0	1.0	2.333	6.667	1.0
215	2.0	1.0	1.0	1.0	3.0	6.0	2.0
216	0.0	0.0	0.0	0.0	0.0	0.0	0.0
217	0.0	0.0	0.0	0.0	0.0	0.0	0.0
218	0.0	2.0	0.0	1.0	1.3360000000000003	4.664	1.0
219	2.0	1.0	1.0	1.0	2.0	4.0	1.0
220	1.0	0.0	1.0	0.0	1.4	1.6	1.0
221	2.0	0.0	2.0	0.0	0.6660000000000004	5.334	2.0
222	0.0	2.0	0.0	1.0	0.6660000000000004	5.334	1.0
223	1.0	0.0	1.0	0.0	0.3330000000000002	2.667	1.0
224	1.0	0.0	1.0	0.0	1.0	2.0	1.0
225	2.0	0.0	1.0	0.0	0.6660000000000004	5.334	1.0
226	3.0	0.0	3.0	0.0	0.9990000000000006	8.001	3.0
227	1.0	0.0	0.0	0.0	0.3330000000000002	2.667	0.0
228	2.0	0.0	2.0	0.0	0.6660000000000004	5.334	2.0
229	2.0	0.0	2.0	0.0	2.0	4.0	2.0
230	3.0	0.0	3.0	0.0	2.668	6.332	3.0
231	2.0	0.0	1.0	0.0	2.4	3.6	1.0
232	2.0	1.0	1.0	0.0	1.6660000000000004	7.334	1.0
233	2.0	0.0	1.0	0.0	0.6660000000000004	5.334	1.0
234	2.0	0.0	2.0	0.0	1.3360000000000003	4.664	2.0
235	2.0	0.0	2.0	0.0	0.6660000000000004	5.334	2.0
236	1.0	0.0	1.0	0.0	1.0	2.0	1.0
237	0.0	0.0	0.0	0.0	0.0	0.0	0.0
238	1.0	0.0	1.0	0.0	0.3330000000000002	2.667	1.0
239	1.0	0.0	1.0	0.0	0.3330000000000002	2.667	1.0
240	0.0	0.0	0.0	0.0	0.0	0.0	0.0
241	0.0	0.0	0.0	0.0	0.0	0.0	0.0
242	2.0	0.0	2.0	0.0	0.6660000000000004	5.334	2.0
243	3.0	0.0	1.0	0.0	3.0	6.0	1.0
244	1.0	0.0	1.0	0.0	1.0	2.0	1.0
245	1.0	0.0	1.0	0.0	1.0	2.0	1.0
246	0.0	0.0	0.0	0.0	0.0	0.0	0.0
247	3.0	1.0	2.0	1.0	4.0	8.0	3.0
248	1.0	0.0	0.0	0.0	0.3330000000000002	2.667	0.0
249	2.0	0.0	1.0	0.0	0.6660000000000004	5.334	1.0
250	2.0	1.0	1.0	1.0	3.0	6.0	2.0
251	2.0	2.0	2.0	2.0	1.3320000000000007	10.668	4.0
252	3.0	4.0	2.0	1.0	2.9990000000000006	12.001	3.0
253	1.0	0.0	1.0	0.0	0.3330000000000002	2.667	1.0
254	4.0	4.0	2.0	3.0	7.0	14.0	4.0
255	2.0	0.0	1.0	0.0	0.6660000000000004	5.334	1.0
256	3.0	1.0	2.0	0.0	4.0	8.0	2.0
257	2.0	3.0	2.0	2.0	4.333	10.667	4.0
258	2.0	0.0	2.0	0.0	0.6660000000000004	5.334	2.0
259	2.0	0.0	1.0	0.0	2.0	4.0	1.0
260	2.0	2.0	1.0	2.0	3.0	6.0	2.0
261	0.0	0.0	0.0	0.0	0.0	0.0	0.0
262	3.0	0.0	3.0	0.0	3.0	6.0	3.0
263	2.0	0.0	2.0	0.0	0.6660000000000004	5.334	2.0
264	1.0	1.0	0.0	1.0	1.6680000000000001	4.332	1.0
265	0.0	1.0	0.0	1.0	0.3330000000000002	2.667	1.0
266	0.0	0.0	0.0	0.0	0.0	0.0	0.0
267	2.0	0.0	1.0	0.0	2.4	3.6	1.0
268	3.0	1.0	2.0	1.0	1.0010000000000003	4.999	1.0
269	3.0	0.0	3.0	0.0	3.0	6.0	3.0
270	1.0	0.0	1.0	0.0	0.3330000000000002	2.667	1.0
271	4.0	1.0	2.0	1.0	4.468	7.532	2.0
272	2.0	1.0	1.0	1.0	0.9990000000000006	8.001	2.0
273	2.0	0.0	1.0	0.0	2.0	4.0	1.0
274	2.0	0.0	1.0	0.0	2.0	4.0	1.0
275	3.0	0.0	2.0	0.0	0.9990000000000006	8.001	2.0
276	2.0	0.0	1.0	0.0	2.0	4.0	1.0
277	3.0	0.0	1.0	0.0	2.668	6.332	1.0
278	0.0	0.0	0.0	0.0	0.0	0.0	0.0
279	2.0	0.0	1.0	0.0	2.0	4.0	1.0
280	0.0	0.0	0.0	0.0	0.0	0.0	0.0
281	1.0	3.0	1.0	2.0	3.0	9.0	3.0
282	0.0	0.0	0.0	0.0	0.0	0.0	0.0
283	3.0	0.0	2.0	0.0	3.0	6.0	2.0
284	4.0	0.0	3.0	0.0	3.668	8.332	3.0
285	2.0	0.0	1.0	0.0	0.6660000000000004	5.334	1.0
286	0.0	0.0	0.0	0.0	0.0	0.0	0.0
287	1.0	0.0	1.0	0.0	0.3330000000000002	2.667	1.0
288	2.0	0.0	1.0	0.0	2.068	3.932	1.0
289	6.0	0.0	3.0	0.0	5.0040000000000004	12.996	3.0
290	0.0	0.0	0.0	0.0	0.0	0.0	0.0
291	1.0	1.0	0.0	1.0	0.6660000000000004	5.334	1.0
292	3.0	0.0	3.0	0.0	2.3360000000000003	6.664	3.0
293	4.0	0.0	2.0	0.0	4.0	8.0	2.0
294	1.0	0.0	1.0	0.0	0.3330000000000002	2.667	1.0
295	1.0	0.0	1.0	0.0	1.0	2.0	1.0
296	2.0	0.0	1.0	0.0	0.6660000000000004	5.334	1.0
297	1.0	2.0	1.0	2.0	3.0	6.0	3.0
298	3.0	2.0	2.0	2.0	2.333	6.667	2.0
299	2.0	3.0	1.0	2.0	1.0	5.0	1.0
300	2.0	3.0	1.0	2.0	5.0	10.0	3.0
301	3.0	2.0	2.0	1.0	3.0	6.0	2.0
302	3.0	2.0	2.0	2.0	1.6660000000000004	7.334	2.0
303	3.0	1.0	1.0	1.0	4.0	8.0	2.0
304	4.0	2.0	3.0	1.0	5.0	10.0	3.0
305	1.0	2.0	1.0	2.0	2.0	4.0	2.0
306	2.0	2.0	2.0	1.0	3.0	6.0	2.0
307	4.0	0.0	3.0	0.0	3.068	5.932	2.0
308	1.0	0.0	1.0	0.0	0.3330000000000002	2.667	1.0
309	2.0	0.0	2.0	0.0	0.6660000000000004	5.334	2.0
310	2.0	0.0	2.0	0.0	0.6660000000000004	5.334	2.0
311	3.0	0.0	2.0	0.0	3.0	6.0	2.0
312	4.0	0.0	2.0	0.0	4.0	8.0	2.0
313	1.0	0.0	0.0	0.0	0.3330000000000002	2.667	0.0
314	0.0	0.0	0.0	0.0	0.0	0.0	0.0
315	3.0	0.0	2.0	0.0	3.0	6.0	2.0
316	0.0	0.0	0.0	0.0	0.0	0.0	0.0
317	3.0	0.0	1.0	0.0	3.0	6.0	1.0
318	3.0	0.0	2.0	0.0	3.0	6.0	2.0
319	2.0	1.0	1.0	1.0	0.9990000000000006	8.001	2.0
320	0.0	0.0	0.0	0.0	0.0	0.0	0.0
321	3.0	0.0	2.0	0.0	3.0	6.0	2.0
322	2.0	0.0	1.0	0.0	2.0	4.0	1.0
323	4.0	0.0	3.0	0.0	2.668	6.332	2.0
324	0.0	1.0	0.0	1.0	0.0	3.0	1.0
325	4.0	0.0	3.0	0.0	2.668	6.332	2.0
326	2.0	0.0	1.0	0.0	0.6660000000000004	5.334	1.0
327	5.0	0.0	2.0	0.0	5.468	9.532	2.0
328	2.0	0.0	2.0	0.0	0.6660000000000004	5.334	2.0
329	3.0	0.0	2.0	0.0	3.0	6.0	2.0
330	2.0	2.0	1.0	2.0	4.0	8.0	3.0
331	3.0	0.0	3.0	0.0	2.668	6.332	3.0
332	0.0	1.0	0.0	1.0	0.6680000000000001	2.332	1.0
333	3.0	0.0	2.0	0.0	0.9990000000000006	8.001	2.0
334	0.0	0.0	0.0	0.0	0.0	0.0	0.0
335	1.0	1.0	0.0	1.0	0.6660000000000004	5.334	1.0
336	2.0	0.0	2.0	0.0	2.0	4.0	2.0
337	1.0	2.0	1.0	1.0	1.0	5.0	1.0
338	2.0	0.0	1.0	0.0	0.6660000000000004	5.334	1.0
339	2.0	0.0	1.0	0.0	2.0	4.0	1.0
340	1.0	2.0	1.0	2.0	1.3330000000000002	4.667	2.0
341	3.0	0.0	2.0	0.0	2.668	6.332	2.0
342	1.0	0.0	1.0	0.0	0.3330000000000002	2.667	1.0
343	0.0	3.0	0.0	1.0	1.3330000000000002	4.667	1.0
344	4.0	0.0	2.0	0.0	2.3360000000000003	6.664	2.0
345	4.0	0.0	3.0	0.0	2.668	6.332	2.0
346	3.0	0.0	2.0	0.0	3.0	6.0	2.0
347	2.0	2.0	2.0	2.0	3.0	6.0	3.0
348	4.0	1.0	3.0	1.0	4.468	7.532	3.0
349	2.0	0.0	2.0	0.0	0.6660000000000004	5.334	2.0
350	2.0	0.0	1.0	0.0	1.3360000000000003	4.664	1.0
351	2.0	0.0	1.0	0.0	0.6660000000000004	5.334	1.0
352	2.0	0.0	1.0	0.0	2.0	4.0	1.0
353	2.0	1.0	1.0	0.0	2.333	6.667	1.0
354	4.0	0.0	2.0	0.0	3.068	5.932	1.0
355	1.0	0.0	1.0	0.0	1.0	2.0	1.0
356	1.0	0.0	0.0	0.0	0.3330000000000002	2.667	0.0
357	2.0	2.0	1.0	1.0	1.3320000000000007	10.668	2.0
358	3.0	0.0	2.0	0.0	0.9990000000000006	8.001	2.0
359	5.0	0.0	3.0	0.0	3.3360000000000003	8.664	2.0
360	1.0	0.0	1.0	0.0	0.3330000000000002	2.667	1.0
361	1.0	2.0	1.0	0.0	0.9990000000000006	8.001	1.0
362	2.0	0.0	1.0	0.0	1.6680000000000001	4.332	1.0
363	0.0	0.0	0.0	0.0	0.0	0.0	0.0
364	3.0	1.0	2.0	1.0	4.0	8.0	3.0
365	1.0	0.0	1.0	0.0	0.3330000000000002	2.667	1.0
366	2.0	0.0	1.0	0.0	2.0	4.0	1.0
367	1.0	0.0	0.0	0.0	0.3330000000000002	2.667	0.0
368	1.0	0.0	1.0	0.0	0.3330000000000002	2.667	1.0
369	0.0	0.0	0.0	0.0	0.0	0.0	0.0
370	1.0	0.0	0.0	0.0	0.3330000000000002	2.667	0.0
371	0.0	0.0	0.0	0.0	0.0	0.0	0.0
372	2.0	0.0	2.0	0.0	0.6660000000000004	5.334	2.0
373	0.0	1.0	0.0	0.0	0.3330000000000002	2.667	0.0
374	2.0	0.0	2.0	0.0	0.6660000000000004	5.334	2.0
375	1.0	0.0	1.0	0.0	1.0	2.0	1.0
376	0.0	0.0	0.0	0.0	0.0	0.0	0.0
377	1.0	0.0	1.0	0.0	0.3330000000000002	2.667	1.0
378	0.0	0.0	0.0	0.0	0.0	0.0	0.0
379	1.0	0.0	1.0	0.0	1.0	2.0	1.0
380	1.0	0.0	1.0	0.0	0.3330000000000002	2.667	1.0
381	1.0	0.0	1.0	0.0	1.0	2.0	1.0
382	1.0	0.0	1.0	0.0	1.4	1.6	1.0
383	1.0	0.0	0.0	0.0	0.3330000000000002	2.667	0.0
384	1.0	0.0	1.0	0.0	0.3330000000000002	2.667	1.0
385	1.0	0.0	1.0	0.0	0.6680000000000001	2.332	1.0
386	1.0	0.0	0.0	0.0	0.3330000000000002	2.667	0.0
387	3.0	0.0	2.0	0.0	0.9990000000000006	8.001	2.0
388	1.0	1.0	1.0	1.0	2.0	4.0	2.0
389	2.0	1.0	2.0	1.0	1.0	5.0	2.0
390	2.0	0.0	2.0	0.0	2.0	4.0	2.0
391	1.0	2.0	1.0	1.0	0.9990000000000006	8.001	2.0
392	2.0	1.0	1.0	1.0	0.9990000000000006	8.001	2.0
393	2.0	0.0	1.0	0.0	0.6660000000000004	5.334	1.0
394	2.0	0.0	1.0	0.0	0.6660000000000004	5.334	1.0
395	2.0	1.0	2.0	1.0	1.3330000000000002	4.667	2.0
396	4.0	3.0	2.0	2.0	4.0	8.0	3.0
397	0.0	0.0	0.0	0.0	0.0	0.0	0.0
398	0.0	0.0	0.0	0.0	0.0	0.0	0.0
399	2.0	2.0	2.0	2.0	1.3330000000000002	4.667	2.0
400	2.0	2.0	1.0	2.0	2.333	6.667	2.0
401	2.0	4.0	2.0	3.0	4.0	8.0	3.0
402	2.0	0.0	1.0	0.0	0.6660000000000004	5.334	1.0
403	3.0	5.0	2.0	3.0	2.6660000000000004	9.334	2.0
404	2.0	4.0	1.0	4.0	3.733	8.267	3.0
405	2.0	4.0	1.0	2.0	5.0	10.0	2.0
406	0.0	4.0	0.0	3.0	1.6660000000000004	7.334	2.0
407	0.0	1.0	0.0	1.0	1.0	2.0	1.0
408	0.0	0.0	0.0	0.0	0.0	0.0	0.0
409	2.0	4.0	2.0	3.0	2.6660000000000004	9.334	3.0
410	2.0	2.0	2.0	2.0	1.3330000000000002	4.667	2.0
411	3.0	1.0	3.0	1.0	2.333	6.667	3.0
412	1.0	0.0	1.0	0.0	0.3330000000000002	2.667	1.0
413	2.0	0.0	1.0	0.0	2.0	4.0	1.0
414	4.0	0.0	2.0	0.0	4.068	7.932	2.0
415	0.0	0.0	0.0	0.0	0.0	0.0	0.0
416	1.0	1.0	1.0	1.0	1.0010000000000003	4.999	2.0
417	3.0	0.0	3.0	0.0	3.4	5.6	3.0
418	5.0	0.0	4.0	0.0	5.468	9.532	4.0
419	2.0	0.0	1.0	0.0	2.8	3.2	1.0
420	2.0	0.0	2.0	0.0	2.0	4.0	2.0
421	3.0	0.0	2.0	0.0	3.0	6.0	2.0
422	0.0	0.0	0.0	0.0	0.0	0.0	0.0
423	1.0	0.0	1.0	0.0	0.3330000000000002	2.667	1.0
424	0.0	0.0	0.0	0.0	0.0	0.0	0.0
425	1.0	0.0	0.0	0.0	1.0	2.0	0.0
426	0.0	1.0	0.0	1.0	0.3330000000000002	2.667	1.0
427	2.0	0.0	1.0	0.0	0.6660000000000004	5.334	1.0
428	1.0	0.0	1.0	0.0	0.3330000000000002	2.667	1.0
429	2.0	0.0	2.0	0.0	0.6680000000000001	2.332	1.0
430	0.0	0.0	0.0	0.0	0.0	0.0	0.0
431	1.0	0.0	0.0	0.0	0.6680000000000001	2.332	0.0
432	2.0	0.0	1.0	0.0	2.068	3.932	1.0
433	3.0	0.0	2.0	0.0	3.0	6.0	2.0
434	3.0	0.0	2.0	0.0	3.0	6.0	2.0
435	2.0	0.0	1.0	0.0	2.0	4.0	1.0
436	2.0	0.0	2.0	0.0	0.6660000000000004	5.334	2.0
437	1.0	0.0	0.0	0.0	0.3330000000000002	2.667	0.0
438	0.0	0.0	0.0	0.0	0.0	0.0	0.0
439	3.0	0.0	3.0	0.0	2.068	3.932	2.0
440	0.0	0.0	0.0	0.0	0.0	0.0	0.0
441	4.0	2.0	4.0	2.0	5.0	10.0	5.0
442	1.0	0.0	1.0	0.0	0.3330000000000002	2.667	1.0
443	2.0	0.0	2.0	0.0	1.6680000000000001	4.332	2.0
444	1.0	4.0	1.0	3.0	1.9990000000000006	10.001	3.0
445	0.0	2.0	0.0	1.0	0.6660000000000004	5.334	1.0
446	4.0	0.0	3.0	0.0	4.4	7.6	3.0
447	1.0	0.0	1.0	0.0	0.3330000000000002	2.667	1.0
448	1.0	0.0	1.0	0.0	0.3330000000000002	2.667	1.0
449	1.0	1.0	1.0	1.0	0.6660000000000004	5.334	2.0
450	1.0	1.0	1.0	1.0	1.0	2.0	1.0
451	3.0	0.0	2.0	0.0	3.0	6.0	2.0
452	3.0	0.0	2.0	0.0	2.3360000000000003	6.664	2.0
453	4.0	0.0	2.0	0.0	4.0	8.0	2.0
454	1.0	0.0	0.0	0.0	0.3330000000000002	2.667	0.0
455	1.0	2.0	1.0	2.0	1.0	2.0	1.0
456	1.0	1.0	1.0	0.0	0.6660000000000004	5.334	1.0
457	2.0	0.0	1.0	0.0	2.8	3.2	1.0
458	2.0	0.0	2.0	0.0	0.6660000000000004	5.334	2.0
459	0.0	1.0	0.0	1.0	0.6680000000000001	2.332	1.0
460	1.0	1.0	0.0	1.0	2.0	4.0	1.0
461	1.0	0.0	1.0	0.0	0.3330000000000002	2.667	1.0
462	2.0	2.0	1.0	2.0	0.9990000000000006	8.001	2.0
463	2.0	0.0	2.0	0.0	0.6680000000000001	2.332	1.0
464	0.0	0.0	0.0	0.0	0.0	0.0	0.0
465	1.0	1.0	0.0	1.0	0.6660000000000004	5.334	1.0
466	2.0	1.0	1.0	1.0	1.3330000000000002	4.667	1.0
467	1.0	0.0	1.0	0.0	1.4	1.6	1.0
468	3.0	0.0	2.0	0.0	0.9990000000000006	8.001	2.0
469	2.0	0.0	1.0	0.0	0.6660000000000004	5.334	1.0
470	2.0	0.0	1.0	0.0	0.6660000000000004	5.334	1.0
471	1.0	0.0	0.0	0.0	1.4	1.6	0.0
472	3.0	0.0	2.0	0.0	3.0	6.0	2.0
473	1.0	2.0	1.0	2.0	0.3330000000000002	2.667	1.0
474	3.0	1.0	2.0	1.0	2.3360000000000003	6.664	2.0
475	2.0	0.0	2.0	0.0	0.6660000000000004	5.334	2.0
476	1.0	0.0	1.0	0.0	1.0	2.0	1.0
477	0.0	0.0	0.0	0.0	0.0	0.0	0.0
478	3.0	1.0	1.0	1.0	4.0	8.0	2.0
479	2.0	1.0	2.0	1.0	2.0	4.0	2.0
480	2.0	0.0	1.0	0.0	0.6660000000000004	5.334	1.0
481	2.0	1.0	1.0	0.0	3.0	6.0	1.0
482	1.0	0.0	1.0	0.0	0.3330000000000002	2.667	1.0
483	2.0	0.0	1.0	0.0	2.0	4.0	1.0
484	3.0	0.0	3.0	0.0	3.0	6.0	3.0
485	3.0	0.0	2.0	0.0	3.0	6.0	2.0
486	2.0	0.0	1.0	0.0	2.0	4.0	1.0
487	3.0	0.0	2.0	0.0	3.0	6.0	2.0
488	1.0	0.0	1.0	0.0	1.0	2.0	1.0
489	2.0	1.0	0.0	1.0	3.0	6.0	1.0
490	3.0	0.0	1.0	0.0	3.0	6.0	1.0
491	3.0	0.0	2.0	0.0	3.0	6.0	2.0
492	0.0	3.0	0.0	3.0	1.0	5.0	2.0
493	0.0	2.0	0.0	2.0	1.3330000000000002	4.667	2.0
494	4.0	0.0	3.0	0.0	3.668	8.332	3.0
495	2.0	0.0	2.0	0.0	0.6660000000000004	5.334	2.0
496	3.0	0.0	3.0	0.0	3.0	6.0	3.0
497	3.0	0.0	2.0	0.0	3.0	6.0	2.0
498	1.0	0.0	1.0	0.0	1.0	2.0	1.0
499	2.0	2.0	1.0	2.0	3.668	8.332	3.0
500	3.0	0.0	3.0	0.0	3.0	6.0	3.0
501	1.0	0.0	1.0	0.0	1.0	2.0	1.0
502	3.0	0.0	1.0	0.0	3.0	6.0	1.0
503	3.0	0.0	3.0	0.0	1.6680000000000001	4.332	2.0
504	2.0	0.0	1.0	0.0	1.3360000000000003	4.664	1.0
505	4.0	2.0	2.0	2.0	5.0	10.0	3.0
506	1.0	0.0	1.0	0.0	1.0	2.0	1.0
507	1.0	1.0	1.0	1.0	1.0	2.0	1.0
508	0.0	0.0	0.0	0.0	0.0	0.0	0.0
509	2.0	0.0	1.0	0.0	2.0	4.0	1.0
510	1.0	0.0	0.0	0.0	0.6680000000000001	2.332	0.0
511	2.0	2.0	2.0	2.0	1.3360000000000003	4.664	2.0
512	2.0	0.0	2.0	0.0	2.0	4.0	2.0
513	4.0	0.0	2.0	0.0	4.0	8.0	2.0
514	3.0	0.0	2.0	0.0	3.0	6.0	2.0
515	3.0	0.0	2.0	0.0	3.0	6.0	2.0
516	1.0	0.0	1.0	0.0	1.0	2.0	1.0
517	0.0	0.0	0.0	0.0	0.0	0.0	0.0
518	3.0	0.0	2.0	0.0	2.0040000000000004	6.9959999999999996	2.0
519	1.0	0.0	0.0	0.0	0.3330000000000002	2.667	0.0
520	3.0	0.0	1.0	0.0	3.0	6.0	1.0
521	0.0	1.0	0.0	1.0	0.0	3.0	1.0
522	1.0	1.0	1.0	1.0	0.6660000000000004	5.334	2.0
523	3.0	0.0	2.0	0.0	3.0	6.0	2.0
524	2.0	0.0	1.0	0.0	2.0	4.0	1.0
525	1.0	2.0	0.0	1.0	3.0	6.0	1.0
526	2.0	4.0	1.0	2.0	2.333	6.667	2.0
527	3.0	0.0	2.0	0.0	3.0	6.0	2.0
528	3.0	2.0	3.0	2.0	2.6660000000000004	9.334	4.0
529	2.0	0.0	2.0	0.0	0.6660000000000004	5.334	2.0
530	2.0	0.0	1.0	0.0	2.0	4.0	1.0
531	0.0	0.0	0.0	0.0	0.0	0.0	0.0
532	2.0	0.0	2.0	0.0	2.0	4.0	2.0
533	2.0	0.0	2.0	0.0	2.0	4.0	2.0
534	1.0	0.0	1.0	0.0	1.0	2.0	1.0
535	1.0	0.0	1.0	0.0	1.0	2.0	1.0
536	3.0	0.0	2.0	0.0	3.0	6.0	2.0
537	1.0	0.0	0.0	0.0	0.6680000000000001	2.332	0.0
538	1.0	0.0	1.0	0.0	0.6680000000000001	2.332	1.0
539	2.0	0.0	1.0	0.0	2.0	4.0	1.0
540	0.0	0.0	0.0	0.0	0.0	0.0	0.0
541	2.0	1.0	2.0	1.0	2.3360000000000003	6.664	3.0
542	0.0	0.0	0.0	0.0	0.0	0.0	0.0
543	2.0	0.0	2.0	0.0	2.0	4.0	2.0
544	1.0	0.0	1.0	0.0	0.3330000000000002	2.667	1.0
545	1.0	0.0	1.0	0.0	1.0	2.0	1.0
546	2.0	0.0	2.0	0.0	0.6660000000000004	5.334	2.0
547	2.0	0.0	1.0	0.0	2.0	4.0	1.0
548	0.0	0.0	0.0	0.0	0.0	0.0	0.0
549	2.0	0.0	2.0	0.0	0.6660000000000004	5.334	2.0
550	1.0	1.0	1.0	1.0	0.3330000000000002	2.667	1.0
551	1.0	1.0	1.0	1.0	1.0010000000000003	4.999	2.0
552	0.0	1.0	0.0	1.0	0.3330000000000002	2.667	1.0
553	2.0	2.0	1.0	1.0	4.0	8.0	2.0
554	1.0	1.0	0.0	0.0	0.6660000000000004	5.334	0.0
555	3.0	0.0	2.0	0.0	3.468	5.532	2.0
556	2.0	0.0	1.0	0.0	0.6660000000000004	5.334	1.0
557	4.0	3.0	3.0	1.0	4.333	10.667	3.0
558	0.0	0.0	0.0	0.0	0.0	0.0	0.0
559	3.0	0.0	2.0	0.0	3.8	5.2	2.0
560	3.0	0.0	2.0	0.0	3.0	6.0	2.0
561	2.0	2.0	2.0	0.0	0.9990000000000006	8.001	2.0
562	2.0	1.0	2.0	1.0	2.333	6.667	3.0
563	2.0	0.0	1.0	0.0	0.6660000000000004	5.334	1.0
564	1.0	0.0	1.0	0.0	1.0	2.0	1.0
565	3.0	0.0	2.0	0.0	3.0	6.0	2.0
566	2.0	1.0	1.0	1.0	2.668	6.332	2.0
567	3.0	0.0	2.0	0.0	3.0	6.0	2.0
568	2.0	0.0	2.0	0.0	0.6660000000000004	5.334	2.0
569	2.0	0.0	2.0	0.0	1.6680000000000001	4.332	2.0
570	3.0	0.0	2.0	0.0	2.668	6.332	2.0
571	2.0	0.0	1.0	0.0	0.6660000000000004	5.334	1.0
572	1.0	0.0	0.0	0.0	0.3330000000000002	2.667	0.0
573	3.0	1.0	2.0	1.0	2.668	6.332	2.0
574	3.0	1.0	3.0	1.0	3.0	6.0	3.0
575	2.0	1.0	1.0	1.0	2.0	4.0	1.0
576	2.0	0.0	2.0	0.0	2.0	4.0	2.0
577	2.0	0.0	2.0	0.0	0.6660000000000004	5.334	2.0
578	0.0	0.0	0.0	0.0	0.0	0.0	0.0
579	1.0	0.0	1.0	0.0	0.3330000000000002	2.667	1.0
580	2.0	0.0	1.0	0.0	0.6660000000000004	5.334	1.0
581	2.0	0.0	2.0	0.0	2.4	3.6	2.0
582	1.0	0.0	1.0	0.0	0.3330000000000002	2.667	1.0
583	2.0	0.0	2.0	0.0	1.6680000000000001	4.332	2.0
584	1.0	0.0	1.0	0.0	0.3330000000000002	2.667	1.0
585	0.0	0.0	0.0	0.0	0.0	0.0	0.0
586	0.0	0.0	0.0	0.0	0.0	0.0	0.0
587	1.0	0.0	1.0	0.0	1.0	2.0	1.0
588	3.0	0.0	1.0	0.0	2.668	6.332	1.0
589	1.0	0.0	1.0	0.0	0.3330000000000002	2.667	1.0
590	2.0	0.0	1.0	0.0	2.0	4.0	1.0
591	0.0	0.0	0.0	0.0	0.0	0.0	0.0
592	2.0	0.0	2.0	0.0	2.0	4.0	2.0
593	1.0	0.0	1.0	0.0	0.3330000000000002	2.667	1.0
594	2.0	0.0	1.0	0.0	0.6660000000000004	5.334	1.0
595	3.0	0.0	1.0	0.0	3.0	6.0	1.0
596	3.0	1.0	2.0	1.0	4.0	8.0	3.0
597	2.0	0.0	1.0	0.0	2.0	4.0	1.0
598	4.0	0.0	3.0	0.0	4.0	8.0	3.0
599	3.0	0.0	2.0	0.0	3.0	6.0	2.0
600	1.0	0.0	0.0	0.0	1.0	2.0	0.0
601	1.0	2.0	0.0	1.0	3.0	6.0	1.0
602	1.0	1.0	1.0	1.0	2.0	4.0	2.0
603	0.0	0.0	0.0	0.0	0.0	0.0	0.0
604	2.0	0.0	2.0	0.0	2.0	4.0	2.0
605	1.0	0.0	1.0	0.0	1.0	2.0	1.0
606	3.0	0.0	2.0	0.0	3.0	6.0	2.0
607	2.0	0.0	2.0	0.0	2.0	4.0	2.0
608	2.0	1.0	2.0	1.0	0.6660000000000004	5.334	2.0
609	4.0	4.0	3.0	3.0	5.0	10.0	4.0
610	2.0	0.0	0.0	0.0	2.0	4.0	0.0
611	1.0	0.0	1.0	0.0	0.3330000000000002	2.667	1.0
612	2.0	0.0	2.0	0.0	2.0	4.0	2.0
613	0.0	0.0	0.0	0.0	0.0	0.0	0.0
614	2.0	0.0	2.0	0.0	2.0	4.0	2.0
615	1.0	0.0	1.0	0.0	1.0	2.0	1.0
616	1.0	0.0	1.0	0.0	1.0	2.0	1.0
617	2.0	0.0	1.0	0.0	2.0	4.0	1.0
618	2.0	1.0	1.0	1.0	3.0	6.0	2.0
619	2.0	1.0	1.0	1.0	1.3360000000000003	7.664	2.0
620	2.0	0.0	1.0	0.0	2.0	4.0	1.0
621	1.0	0.0	1.0	0.0	1.0	2.0	1.0
622	1.0	2.0	1.0	1.0	3.0	6.0	2.0
623	3.0	0.0	2.0	0.0	3.0	6.0	2.0
624	2.0	1.0	2.0	1.0	1.3330000000000002	4.667	2.0
625	1.0	0.0	0.0	0.0	1.0	2.0	0.0
626	1.0	0.0	1.0	0.0	1.0	2.0	1.0
627	0.0	1.0	0.0	1.0	0.0	3.0	1.0
628	3.0	2.0	2.0	2.0	4.0	8.0	3.0
629	0.0	0.0	0.0	0.0	0.0	0.0	0.0
630	1.0	0.0	1.0	0.0	0.3330000000000002	2.667	1.0
631	1.0	0.0	1.0	0.0	0.6680000000000001	2.332	1.0
632	2.0	0.0	2.0	0.0	0.6660000000000004	5.334	2.0
633	4.0	1.0	3.0	1.0	3.333	8.667	3.0
634	0.0	0.0	0.0	0.0	0.0	0.0	0.0
635	0.0	0.0	0.0	0.0	0.0	0.0	0.0
636	0.0	0.0	0.0	0.0	0.0	0.0	0.0
637	2.0	0.0	1.0	0.0	0.6660000000000004	5.334	1.0
638	2.0	0.0	1.0	0.0	2.0	4.0	1.0
639	1.0	0.0	0.0	0.0	0.3330000000000002	2.667	0.0
640	2.0	0.0	2.0	0.0	1.3360000000000003	4.664	2.0
641	3.0	0.0	2.0	0.0	3.0	6.0	2.0
642	3.0	0.0	3.0	0.0	3.0	6.0	3.0
643	1.0	0.0	1.0	0.0	0.3330000000000002	2.667	1.0
644	1.0	0.0	1.0	0.0	1.0	2.0	1.0
645	1.0	2.0	1.0	2.0	0.3330000000000002	2.667	1.0
646	0.0	0.0	0.0	0.0	0.0	0.0	0.0
647	2.0	0.0	1.0	0.0	2.0	4.0	1.0
648	3.0	0.0	2.0	0.0	3.0	6.0	2.0
649	4.0	0.0	3.0	0.0	4.0	8.0	3.0
650	2.0	0.0	1.0	0.0	0.6660000000000004	5.334	1.0
651	2.0	0.0	1.0	0.0	2.0	4.0	1.0
652	2.0	0.0	2.0	0.0	2.0	4.0	2.0
653	2.0	0.0	1.0	0.0	1.3360000000000003	4.664	1.0
654	3.0	0.0	3.0	0.0	3.0	6.0	3.0
655	1.0	0.0	1.0	0.0	0.3330000000000002	2.667	1.0
656	0.0	0.0	0.0	0.0	0.0	0.0	0.0
657	3.0	1.0	2.0	1.0	2.0010000000000003	6.999	2.0
658	0.0	0.0	0.0	0.0	0.0	0.0	0.0
659	1.0	0.0	1.0	0.0	0.3330000000000002	2.667	1.0
660	1.0	1.0	1.0	1.0	1.4	1.6	1.0
661	1.0	0.0	1.0	0.0	1.0	2.0	1.0
662	0.0	0.0	0.0	0.0	0.0	0.0	0.0
663	2.0	0.0	1.0	0.0	2.0	4.0	1.0
664	0.0	1.0	0.0	1.0	0.0	3.0	1.0
665	2.0	0.0	1.0	0.0	2.0	4.0	1.0
666	0.0	1.0	0.0	1.0	0.3330000000000002	2.667	1.0
667	2.0	1.0	1.0	0.0	3.0	6.0	1.0
668	3.0	1.0	1.0	0.0	2.668	6.332	1.0
669	2.0	0.0	2.0	0.0	2.0	4.0	2.0
670	3.0	2.0	2.0	2.0	2.333	6.667	2.0
671	1.0	1.0	1.0	1.0	1.0	2.0	1.0
672	2.0	2.0	2.0	2.0	1.3330000000000002	4.667	2.0
673	3.0	2.0	3.0	2.0	3.4	5.6	3.0
674	3.0	0.0	2.0	0.0	3.0	6.0	2.0
675	2.0	1.0	1.0	1.0	3.0	6.0	2.0
676	2.0	2.0	2.0	2.0	3.0	6.0	3.0
677	4.0	2.0	2.0	2.0	5.0	10.0	3.0
678	1.0	2.0	1.0	2.0	1.3330000000000002	4.667	2.0
679	4.0	1.0	3.0	1.0	2.6690000000000005	9.331	3.0
680	1.0	2.0	0.0	2.0	0.6660000000000004	5.334	1.0
681	2.0	1.0	2.0	1.0	3.133	5.866999999999999	3.0
682	2.0	2.0	2.0	2.0	0.6660000000000004	5.334	2.0
683	2.0	2.0	1.0	2.0	2.333	6.667	2.0
684	2.0	1.0	1.0	1.0	2.0	4.0	1.0
685	1.0	1.0	0.0	1.0	0.6660000000000004	5.334	1.0
686	1.0	1.0	0.0	1.0	1.3330000000000002	4.667	1.0
687	3.0	4.0	2.0	3.0	4.7330000000000005	10.267	3.0
688	2.0	1.0	2.0	1.0	2.0	4.0	2.0
689	0.0	0.0	0.0	0.0	0.0	0.0	0.0
690	0.0	0.0	0.0	0.0	0.0	0.0	0.0
691	0.0	0.0	0.0	0.0	0.0	0.0	0.0
692	0.0	0.0	0.0	0.0	0.0	0.0	0.0
693	0.0	0.0	0.0	0.0	0.0	0.0	0.0
694	0.0	0.0	0.0	0.0	0.0	0.0	0.0
695	0.0	0.0	0.0	0.0	0.0	0.0	0.0
696	0.0	0.0	0.0	0.0	0.0	0.0	0.0
697	0.0	0.0	0.0	0.0	0.0	0.0	0.0
698	0.0	0.0	0.0	0.0	0.0	0.0	0.0
699	0.0	0.0	0.0	0.0	0.0	0.0	0.0
700	0.0	0.0	0.0	0.0	0.0	0.0	0.0
701	0.0	0.0	0.0	0.0	0.0	0.0	0.0
702	0.0	0.0	0.0	0.0	0.0	0.0	0.0
703	0.0	0.0	0.0	0.0	0.0	0.0	0.0
704	0.0	0.0	0.0	0.0	0.0	0.0	0.0
705	0.0	0.0	0.0	0.0	0.0	0.0	0.0
706	0.0	0.0	0.0	0.0	0.0	0.0	0.0
707	0.0	0.0	0.0	0.0	0.0	0.0	0.0
708	0.0	0.0	0.0	0.0	0.0	0.0	0.0
709	0.0	0.0	0.0	0.0	0.0	0.0	0.0
710	0.0	0.0	0.0	0.0	0.0	0.0	0.0
711	0.0	0.0	0.0	0.0	0.0	0.0	0.0
712	0.0	0.0	0.0	0.0	0.0	0.0	0.0
713	0.0	0.0	0.0	0.0	0.0	0.0	0.0
714	0.0	0.0	0.0	0.0	0.0	0.0	0.0
715	0.0	0.0	0.0	0.0	0.0	0.0	0.0
716	0.0	0.0	0.0	0.0	0.0	0.0	0.0
717	0.0	0.0	0.0	0.0	0.0	0.0	0.0
718	0.0	0.0	0.0	0.0	0.0	0.0	0.0
719	0.0	0.0	0.0	0.0	0.0	0.0	0.0
720	0.0	0.0	0.0	0.0	0.0	0.0	0.0
721	0.0	0.0	0.0	0.0	0.0	0.0	0.0
722	5.0	0.0	3.0	0.0	4.068	7.9319999999999995	3.0
723	1.0	2.0	0.0	2.0	1.3330000000000002	4.667	1.0
724	6.0	2.0	4.0	2.0	6.136000000000001	11.863999999999999	4.0
725	2.0	3.0	0.0	2.0	2.0010000000000003	9.998999999999999	2.0
726	0.0	0.0	0.0	0.0	0.0	0.0	0.0
727	1.0	0.0	0.0	0.0	0.3330000000000002	2.667	0.0
728	1.0	6.0	1.0	3.0	1.6670000000000007	13.333	3.0
729	2.0	1.0	1.0	1.0	3.0	6.0	2.0
730	2.0	1.0	1.0	1.0	1.0	5.0	1.0
731	0.0	2.0	0.0	2.0	0.3330000000000002	2.667	1.0
732	0.0	2.0	0.0	2.0	0.3330000000000002	2.667	1.0
733	2.0	0.0	0.0	0.0	2.4	3.6	0.0
734	2.0	3.0	1.0	2.0	2.0	4.0	1.0
735	4.0	2.0	3.0	2.0	4.0	11.0	4.0
736	1.0	3.0	0.0	2.0	1.3330000000000002	4.667	1.0
737	2.0	2.0	2.0	2.0	1.3330000000000002	4.667	2.0
738	1.0	1.0	1.0	1.0	2.0	4.0	2.0
739	0.0	3.0	0.0	2.0	0.6660000000000004	5.334	1.0
740	0.0	3.0	0.0	1.0	0.6660000000000004	5.334	1.0
741	1.0	1.0	1.0	1.0	1.4	1.6	1.0
742	0.0	3.0	0.0	2.0	1.3330000000000002	4.667	1.0
743	1.0	2.0	0.0	0.0	1.3330000000000002	4.667	0.0
744	1.0	2.0	1.0	1.0	3.0	6.0	2.0
745	1.0	3.0	1.0	3.0	1.6660000000000004	7.334	3.0
746	3.0	1.0	2.0	0.0	0.6680000000000001	5.332	1.0
747	1.0	4.0	0.0	2.0	1.6680000000000001	7.332	2.0
748	1.0	2.0	1.0	2.0	1.0	2.0	1.0
749	2.0	1.0	1.0	1.0	3.0	6.0	2.0
750	4.0	0.0	2.0	0.0	4.0	8.0	2.0
751	1.0	1.0	0.0	0.0	0.3330000000000002	2.667	0.0
752	2.0	1.0	1.0	0.0	2.333	6.667	1.0
753	2.0	2.0	0.0	0.0	2.0	4.0	0.0
754	3.0	1.0	1.0	0.0	3.0	6.0	1.0
755	4.0	3.0	2.0	2.0	4.0	8.0	2.0
756	2.0	2.0	2.0	2.0	3.0	6.0	3.0
757	1.0	3.0	1.0	3.0	3.0	6.0	3.0
758	1.0	1.0	1.0	1.0	2.0	4.0	2.0
759	1.0	1.0	1.0	1.0	1.0	2.0	1.0
760	1.0	2.0	1.0	1.0	3.4	5.6	2.0
761	3.0	2.0	2.0	2.0	3.0	6.0	2.0
762	2.0	2.0	1.0	2.0	3.0	6.0	2.0
763	3.0	3.0	3.0	2.0	2.0010000000000003	6.999	2.0
764	1.0	3.0	1.0	2.0	1.9990000000000006	10.001	3.0
765	2.0	3.0	0.0	2.0	1.9990000000000006	10.001	2.0
766	3.0	3.0	1.0	3.0	4.333	10.667	3.0
767	1.0	4.0	1.0	3.0	3.668	8.332	3.0
768	1.0	3.0	1.0	2.0	1.0010000000000003	4.999	1.0
769	2.0	4.0	1.0	3.0	3.6660000000000004	11.334	3.0
770	2.0	1.0	1.0	1.0	2.333	6.667	2.0
771	1.0	4.0	1.0	3.0	1.9990000000000006	10.001	3.0
772	1.0	3.0	0.0	1.0	0.6660000000000004	5.334	1.0
773	1.0	1.0	1.0	1.0	0.3330000000000002	2.667	1.0
774	0.0	2.0	0.0	2.0	0.3330000000000002	2.667	1.0
775	1.0	5.0	1.0	2.0	3.6660000000000004	11.334	3.0
776	0.0	5.0	0.0	3.0	0.9990000000000006	8.001	2.0
777	0.0	2.0	0.0	2.0	1.0010000000000003	4.999	2.0
778	3.0	2.0	1.0	0.0	3.0	6.0	1.0
779	1.0	2.0	1.0	0.0	0.6660000000000004	5.334	1.0
780	1.0	1.0	1.0	0.0	0.6660000000000004	5.334	1.0
781	1.0	1.0	0.0	0.0	2.0	4.0	0.0
782	2.0	2.0	1.0	0.0	1.3330000000000002	4.667	1.0
783	1.0	2.0	0.0	0.0	1.3330000000000002	4.667	0.0
784	0.0	0.0	0.0	0.0	0.0	0.0	0.0
785	0.0	0.0	0.0	0.0	0.0	0.0	0.0
786	0.0	0.0	0.0	0.0	0.0	0.0	0.0
787	0.0	0.0	0.0	0.0	0.0	0.0	0.0
788	0.0	0.0	0.0	0.0	0.0	0.0	0.0
789	0.0	0.0	0.0	0.0	0.0	0.0	0.0
790	0.0	0.0	0.0	0.0	0.0	0.0	0.0
791	0.0	0.0	0.0	0.0	0.0	0.0	0.0
792	0.0	0.0	0.0	0.0	0.0	0.0	0.0
793	0.0	0.0	0.0	0.0	0.0	0.0	0.0
794	0.0	0.0	0.0	0.0	0.0	0.0	0.0
795	0.0	0.0	0.0	0.0	0.0	0.0	0.0
796	0.0	0.0	0.0	0.0	0.0	0.0	0.0
797	0.0	0.0	0.0	0.0	0.0	0.0	0.0
798	0.0	0.0	0.0	0.0	0.0	0.0	0.0
799	0.0	0.0	0.0	0.0	0.0	0.0	0.0
800	0.0	0.0	0.0	0.0	0.0	0.0	0.0
801	0.0	0.0	0.0	0.0	0.0	0.0	0.0
802	0.0	0.0	0.0	0.0	0.0	0.0	0.0
803	0.0	0.0	0.0	0.0	0.0	0.0	0.0
804	0.0	0.0	0.0	0.0	0.0	0.0	0.0
805	0.0	0.0	0.0	0.0	0.0	0.0	0.0
806	0.0	0.0	0.0	0.0	0.0	0.0	0.0
807	0.0	0.0	0.0	0.0	0.0	0.0	0.0
808	0.0	0.0	0.0	0.0	0.0	0.0	0.0
809	0.0	0.0	0.0	0.0	0.0	0.0	0.0
810	0.0	0.0	0.0	0.0	0.0	0.0	0.0
811	0.0	0.0	0.0	0.0	0.0	0.0	0.0
812	0.0	0.0	0.0	0.0	0.0	0.0	0.0
813	0.0	0.0	0.0	0.0	0.0	0.0	0.0
814	0.0	0.0	0.0	0.0	0.0	0.0	0.0
815	0.0	0.0	0.0	0.0	0.0	0.0	0.0
816	0.0	0.0	0.0	0.0	0.0	0.0	0.0
817	0.0	0.0	0.0	0.0	0.0	0.0	0.0
818	0.0	0.0	0.0	0.0	0.0	0.0	0.0
819	0.0	0.0	0.0	0.0	0.0	0.0	0.0
820	0.0	0.0	0.0	0.0	0.0	0.0	0.0
821	0.0	0.0	0.0	0.0	0.0	0.0	0.0
822	0.0	0.0	0.0	0.0	0.0	0.0	0.0
823	0.0	0.0	0.0	0.0	0.0	0.0	0.0
824	0.0	0.0	0.0	0.0	0.0	0.0	0.0
825	0.0	0.0	0.0	0.0	0.0	0.0	0.0
826	0.0	0.0	0.0	0.0	0.0	0.0	0.0
827	0.0	0.0	0.0	0.0	0.0	0.0	0.0
828	0.0	0.0	0.0	0.0	0.0	0.0	0.0
829	0.0	0.0	0.0	0.0	0.0	0.0	0.0
830	0.0	0.0	0.0	0.0	0.0	0.0	0.0
831	0.0	0.0	0.0	0.0	0.0	0.0	0.0
832	0.0	0.0	0.0	0.0	0.0	0.0	0.0
833	0.0	0.0	0.0	0.0	0.0	0.0	0.0
834	0.0	0.0	0.0	0.0	0.0	0.0	0.0
835	0.0	0.0	0.0	0.0	0.0	0.0	0.0
836	0.0	0.0	0.0	0.0	0.0	0.0	0.0
837	0.0	0.0	0.0	0.0	0.0	0.0	0.0
838	0.0	0.0	0.0	0.0	0.0	0.0	0.0
839	0.0	0.0	0.0	0.0	0.0	0.0	0.0
840	0.0	0.0	0.0	0.0	0.0	0.0	0.0
841	0.0	0.0	0.0	0.0	0.0	0.0	0.0
842	0.0	0.0	0.0	0.0	0.0	0.0	0.0
843	0.0	0.0	0.0	0.0	0.0	0.0	0.0
844	0.0	0.0	0.0	0.0	0.0	0.0	0.0
845	0.0	0.0	0.0	0.0	0.0	0.0	0.0
846	0.0	0.0	0.0	0.0	0.0	0.0	0.0
847	0.0	0.0	0.0	0.0	0.0	0.0	0.0
848	0.0	0.0	0.0	0.0	0.0	0.0	0.0
849	0.0	0.0	0.0	0.0	0.0	0.0	0.0
850	0.0	0.0	0.0	0.0	0.0	0.0	0.0
851	0.0	0.0	0.0	0.0	0.0	0.0	0.0
852	0.0	0.0	0.0	0.0	0.0	0.0	0.0
853	0.0	0.0	0.0	0.0	0.0	0.0	0.0
854	0.0	0.0	0.0	0.0	0.0	0.0	0.0
855	0.0	0.0	0.0	0.0	0.0	0.0	0.0
856	0.0	0.0	0.0	0.0	0.0	0.0	0.0
857	0.0	0.0	0.0	0.0	0.0	0.0	0.0
858	0.0	0.0	0.0	0.0	0.0	0.0	0.0
859	0.0	0.0	0.0	0.0	0.0	0.0	0.0
860	0.0	0.0	0.0	0.0	0.0	0.0	0.0
861	0.0	0.0	0.0	0.0	0.0	0.0	0.0
862	0.0	0.0	0.0	0.0	0.0	0.0	0.0
863	0.0	0.0	0.0	0.0	0.0	0.0	0.0
864	0.0	0.0	0.0	0.0	0.0	0.0	0.0
865	0.0	0.0	0.0	0.0	0.0	0.0	0.0
866	0.0	0.0	0.0	0.0	0.0	0.0	0.0
867	0.0	0.0	0.0	0.0	0.0	0.0	0.0
868	0.0	0.0	0.0	0.0	0.0	0.0	0.0
869	0.0	0.0	0.0	0.0	0.0	0.0	0.0
870	0.0	0.0	0.0	0.0	0.0	0.0	0.0
871	0.0	0.0	0.0	0.0	0.0	0.0	0.0
872	0.0	0.0	0.0	0.0	0.0	0.0	0.0
873	0.0	0.0	0.0	0.0	0.0	0.0	0.0
874	0.0	0.0	0.0	0.0	0.0	0.0	0.0
875	0.0	0.0	0.0	0.0	0.0	0.0	0.0
876	0.0	0.0	0.0	0.0	0.0	0.0	0.0
877	0.0	0.0	0.0	0.0	0.0	0.0	0.0
878	0.0	0.0	0.0	0.0	0.0	0.0	0.0
879	0.0	0.0	0.0	0.0	0.0	0.0	0.0
880	0.0	0.0	0.0	0.0	0.0	0.0	0.0
881	0.0	0.0	0.0	0.0	0.0	0.0	0.0
882	0.0	0.0	0.0	0.0	0.0	0.0	0.0
883	0.0	0.0	0.0	0.0	0.0	0.0	0.0
884	0.0	0.0	0.0	0.0	0.0	0.0	0.0
885	0.0	0.0	0.0	0.0	0.0	0.0	0.0
886	0.0	0.0	0.0	0.0	0.0	0.0	0.0
887	0.0	0.0	0.0	0.0	0.0	0.0	0.0
888	0.0	0.0	0.0	0.0	0.0	0.0	0.0
889	0.0	0.0	0.0	0.0	0.0	0.0	0.0
890	0.0	0.0	0.0	0.0	0.0	0.0	0.0
891	0.0	0.0	0.0	0.0	0.0	0.0	0.0
892	0.0	0.0	0.0	0.0	0.0	0.0	0.0
893	0.0	0.0	0.0	0.0	0.0	0.0	0.0
894	0.0	0.0	0.0	0.0	0.0	0.0	0.0
895	0.0	0.0	0.0	0.0	0.0	0.0	0.0
896	0.0	0.0	0.0	0.0	0.0	0.0	0.0
897	0.0	0.0	0.0	0.0	0.0	0.0	0.0
898	0.0	0.0	0.0	0.0	0.0	0.0	0.0
899	0.0	0.0	0.0	0.0	0.0	0.0	0.0
900	0.0	0.0	0.0	0.0	0.0	0.0	0.0
901	0.0	0.0	0.0	0.0	0.0	0.0	0.0
902	0.0	0.0	0.0	0.0	0.0	0.0	0.0
903	0.0	0.0	0.0	0.0	0.0	0.0	0.0
904	0.0	0.0	0.0	0.0	0.0	0.0	0.0
905	0.0	0.0	0.0	0.0	0.0	0.0	0.0
906	0.0	0.0	0.0	0.0	0.0	0.0	0.0
907	0.0	0.0	0.0	0.0	0.0	0.0	0.0
908	0.0	0.0	0.0	0.0	0.0	0.0	0.0
909	0.0	0.0	0.0	0.0	0.0	0.0	0.0
910	0.0	0.0	0.0	0.0	0.0	0.0	0.0
911	0.0	0.0	0.0	0.0	0.0	0.0	0.0
912	0.0	0.0	0.0	0.0	0.0	0.0	0.0
913	0.0	0.0	0.0	0.0	0.0	0.0	0.0
914	0.0	0.0	0.0	0.0	0.0	0.0	0.0
915	0.0	0.0	0.0	0.0	0.0	0.0	0.0
916	0.0	0.0	0.0	0.0	0.0	0.0	0.0
917	0.0	0.0	0.0	0.0	0.0	0.0	0.0
918	0.0	0.0	0.0	0.0	0.0	0.0	0.0
919	0.0	0.0	0.0	0.0	0.0	0.0	0.0
920	0.0	0.0	0.0	0.0	0.0	0.0	0.0
921	0.0	0.0	0.0	0.0	0.0	0.0	0.0
922	0.0	0.0	0.0	0.0	0.0	0.0	0.0
923	0.0	0.0	0.0	0.0	0.0	0.0	0.0
924	0.0	0.0	0.0	0.0	0.0	0.0	0.0
925	0.0	0.0	0.0	0.0	0.0	0.0	0.0
926	0.0	0.0	0.0	0.0	0.0	0.0	0.0
927	0.0	0.0	0.0	0.0	0.0	0.0	0.0
928	0.0	0.0	0.0	0.0	0.0	0.0	0.0
929	0.0	0.0	0.0	0.0	0.0	0.0	0.0
930	0.0	0.0	0.0	0.0	0.0	0.0	0.0
931	0.0	0.0	0.0	0.0	0.0	0.0	0.0
932	0.0	0.0	0.0	0.0	0.0	0.0	0.0
933	0.0	0.0	0.0	0.0	0.0	0.0	0.0
934	0.0	0.0	0.0	0.0	0.0	0.0	0.0
935	0.0	0.0	0.0	0.0	0.0	0.0	0.0
936	0.0	0.0	0.0	0.0	0.0	0.0	0.0
937	0.0	0.0	0.0	0.0	0.0	0.0	0.0
938	0.0	0.0	0.0	0.0	0.0	0.0	0.0
939	0.0	0.0	0.0	0.0	0.0	0.0	0.0
940	0.0	0.0	0.0	0.0	0.0	0.0	0.0
941	0.0	0.0	0.0	0.0	0.0	0.0	0.0
942	0.0	0.0	0.0	0.0	0.0	0.0	0.0
943	0.0	0.0	0.0	0.0	0.0	0.0	0.0
944	0.0	0.0	0.0	0.0	0.0	0.0	0.0
945	0.0	0.0	0.0	0.0	0.0	0.0	0.0
946	0.0	0.0	0.0	0.0	0.0	0.0	0.0
947	0.0	0.0	0.0	0.0	0.0	0.0	0.0
