pos	Sd	Nd	Sd_tip	Nd_tip	S	N	comparisons
001	0.0	0.0	0.0	0.0	0.0	0.0	0.0
002	1.0	1.0	1.0	1.0	0.6680000000000001	2.332	1.0
003	1.0	2.0	0.0	2.0	2.333	6.667	2.0
004	2.0	3.0	1.0	2.0	2.0	4.0	1.0
005	1.0	1.0	1.0	0.0	2.0	4.0	1.0
006	2.0	2.0	2.0	0.0	2.6660000000000004	9.334	2.0
007	1.0	3.0	1.0	1.0	2.668	6.332	1.0
008	0.0	2.0	0.0	0.0	1.0	2.0	0.0
009	0.0	2.0	0.0	1.0	1.0010000000000003	4.999	1.0
010	2.0	1.0	1.0	0.0	3.0	6.0	1.0
011	2.0	1.0	1.0	0.0	2.0	4.0	1.0
012	2.0	2.0	1.0	1.0	2.6660000000000004	9.334	2.0
013	2.0	2.0	1.0	1.0	2.0	4.0	1.0
014	1.0	3.0	1.0	0.0	2.333	6.667	1.0
015	1.0	1.0	0.0	0.0	0.6660000000000004	5.334	0.0
016	2.0	3.0	1.0	1.0	4.333	10.667	2.0
017	1.0	0.0	1.0	0.0	1.0	2.0	1.0
018	0.0	2.0	0.0	0.0	1.0	2.0	0.0
019	1.0	0.0	0.0	0.0	1.0	2.0	0.0
020	2.0	2.0	1.0	0.0	3.0	6.0	1.0
021	2.0	0.0	1.0	0.0	2.0	4.0	1.0
022	0.0	1.0	0.0	1.0	1.0	2.0	1.0
023	2.0	1.0	1.0	0.0	2.333	6.667	1.0
024	0.0	0.0	0.0	0.0	0.0	0.0	0.0
025	2.0	1.0	1.0	1.0	2.0	7.0	2.0
026	1.0	6.0	0.0	1.0	2.9990000000000006	12.001	1.0
027	2.0	1.0	0.0	0.0	2.0	4.0	0.0
028	1.0	1.0	0.0	0.0	1.0	2.0	0.0
029	1.0	0.0	1.0	0.0	1.0	2.0	1.0
030	2.0	3.0	1.0	2.0	3.333	8.667	2.0
031	1.0	5.0	0.0	1.0	3.668	8.332	1.0
032	1.0	1.0	1.0	1.0	0.6660000000000004	5.334	2.0
033	1.0	1.0	1.0	1.0	1.3330000000000002	4.667	2.0
034	1.0	0.0	1.0	0.0	1.0	2.0	1.0
035	3.0	0.0	2.0	0.0	3.0	6.0	2.0
036	2.0	1.0	1.0	1.0	1.6680000000000001	4.332	1.0
037	1.0	0.0	0.0	0.0	0.3330000000000002	2.667	0.0
038	2.0	0.0	1.0	0.0	2.0	4.0	1.0
039	0.0	0.0	0.0	0.0	0.0	0.0	0.0
040	0.0	0.0	0.0	0.0	0.0	0.0	0.0
041	0.0	0.0	0.0	0.0	0.0	0.0	0.0
042	0.0	0.0	0.0	0.0	0.0	0.0	0.0
043	0.0	0.0	0.0	0.0	0.0	0.0	0.0
044	0.0	0.0	0.0	0.0	0.0	0.0	0.0
045	0.0	0.0	0.0	0.0	0.0	0.0	0.0
046	0.0	0.0	0.0	0.0	0.0	0.0	0.0
047	0.0	0.0	0.0	0.0	0.0	0.0	0.0
048	0.0	0.0	0.0	0.0	0.0	0.0	0.0
049	0.0	0.0	0.0	0.0	0.0	0.0	0.0
050	0.0	0.0	0.0	0.0	0.0	0.0	0.0
051	0.0	0.0	0.0	0.0	0.0	0.0	0.0
052	0.0	0.0	0.0	0.0	0.0	0.0	0.0
053	0.0	0.0	0.0	0.0	0.0	0.0	0.0
054	0.0	0.0	0.0	0.0	0.0	0.0	0.0
055	0.0	0.0	0.0	0.0	0.0	0.0	0.0
056	0.0	0.0	0.0	0.0	0.0	0.0	0.0
057	3.0	0.0	3.0	0.0	2.736	6.263999999999999	3.0
058	1.0	3.0	1.0	2.0	1.0010000000000003	4.999	1.0
059	1.0	0.0	1.0	0.0	0.3330000000000002	2.667	1.0
060	2.0	0.0	2.0	0.0	1.3360000000000003	4.664	2.0
061	2.0	0.0	1.0	0.0	0.6660000000000004	5.334	1.0
062	2.0	0.0	2.0	0.0	0.6660000000000004	5.334	2.0
063	1.0	1.0	0.0	0.0	0.3330000000000002	2.667	0.0
064	1.0	0.0	0.0	0.0	1.0	2.0	0.0
065	1.0	1.0	1.0	1.0	1.0	5.0	2.0
066	1.0	3.0	0.0	1.0	1.6660000000000004	7.334	1.0
067	1.0	0.0	1.0	0.0	1.0	2.0	1.0
068	2.0	2.0	2.0	0.0	3.0	6.0	2.0
069	0.0	3.0	0.0	2.0	1.6680000000000001	7.332	2.0
070	1.0	0.0	1.0	0.0	0.3330000000000002	2.667	1.0
071	2.0	2.0	1.0	2.0	3.0	6.0	2.0
072	2.0	2.0	1.0	2.0	4.0	8.0	3.0
073	2.0	0.0	1.0	0.0	2.0	4.0	1.0
074	1.0	1.0	1.0	0.0	0.6660000000000004	5.334	1.0
075	2.0	1.0	1.0	1.0	2.0	4.0	1.0
076	3.0	0.0	2.0	0.0	3.0	6.0	2.0
077	0.0	0.0	0.0	0.0	0.0	0.0	0.0
078	0.0	4.0	0.0	2.0	2.668	9.332	2.0
079	1.0	0.0	1.0	0.0	0.3330000000000002	2.667	1.0
080	1.0	0.0	1.0	0.0	1.0	2.0	1.0
081	2.0	1.0	2.0	1.0	0.9990000000000006	8.001	3.0
082	2.0	0.0	1.0	0.0	2.0	4.0	1.0
083	2.0	2.0	1.0	1.0	0.6660000000000004	5.334	1.0
084	2.0	0.0	2.0	0.0	1.6680000000000001	4.332	2.0
085	1.0	0.0	1.0	0.0	0.3330000000000002	2.667	1.0
086	1.0	2.0	1.0	2.0	1.6660000000000004	7.334	3.0
087	1.0	1.0	1.0	0.0	0.6660000000000004	5.334	1.0
088	1.0	0.0	1.0	0.0	0.6680000000000001	2.332	1.0
089	1.0	0.0	0.0	0.0	1.0	2.0	0.0
090	2.0	0.0	2.0	0.0	2.0	4.0	2.0
091	1.0	0.0	1.0	0.0	0.3330000000000002	2.667	1.0
092	0.0	0.0	0.0	0.0	0.0	0.0	0.0
093	2.0	0.0	2.0	0.0	0.6660000000000004	5.334	2.0
094	1.0	5.0	1.0	3.0	3.333	8.667	2.0
095	0.0	1.0	0.0	1.0	0.3330000000000002	2.667	1.0
096	1.0	0.0	0.0	0.0	0.3330000000000002	2.667	0.0
097	3.0	0.0	1.0	0.0	3.0	6.0	1.0
098	3.0	1.0	1.0	1.0	3.668	8.332	2.0
099	0.0	0.0	0.0	0.0	0.0	0.0	0.0
100	1.0	0.0	0.0	0.0	0.3330000000000002	2.667	0.0
101	3.0	3.0	1.0	2.0	5.0	10.0	2.0
102	2.0	0.0	1.0	0.0	2.8	3.2	1.0
103	1.0	2.0	1.0	1.0	2.733	6.2669999999999995	2.0
104	2.0	0.0	0.0	0.0	2.0	4.0	0.0
105	2.0	0.0	1.0	0.0	0.6660000000000004	5.334	1.0
106	1.0	3.0	1.0	3.0	2.333	6.667	3.0
107	1.0	0.0	0.0	0.0	0.3330000000000002	2.667	0.0
108	4.0	1.0	3.0	1.0	4.0	8.0	3.0
109	3.0	0.0	3.0	0.0	0.9990000000000006	8.001	3.0
110	0.0	0.0	0.0	0.0	0.0	0.0	0.0
111	3.0	2.0	1.0	2.0	3.333	8.667	2.0
112	1.0	0.0	1.0	0.0	0.3330000000000002	2.667	1.0
113	1.0	2.0	1.0	2.0	0.3330000000000002	2.667	1.0
114	0.0	1.0	0.0	1.0	1.0	2.0	1.0
115	2.0	1.0	2.0	1.0	1.3330000000000002	4.667	2.0
116	1.0	0.0	0.0	0.0	1.0	2.0	0.0
117	3.0	1.0	1.0	1.0	3.0010000000000003	8.998999999999999	2.0
118	1.0	0.0	0.0	0.0	0.3330000000000002	2.667	0.0
119	2.0	0.0	2.0	0.0	0.6680000000000001	2.332	1.0
120	2.0	0.0	1.0	0.0	2.0	4.0	1.0
121	3.0	2.0	2.0	1.0	2.333	6.667	2.0
122	2.0	2.0	1.0	2.0	1.733	4.2669999999999995	1.0
123	0.0	0.0	0.0	0.0	0.0	0.0	0.0
124	0.0	0.0	0.0	0.0	0.0	0.0	0.0
125	1.0	2.0	1.0	1.0	2.668	6.332	2.0
126	1.0	2.0	0.0	2.0	2.668	6.332	2.0
127	2.0	0.0	1.0	0.0	2.0	4.0	1.0
128	3.0	3.0	2.0	3.0	3.668	8.332	3.0
129	3.0	0.0	1.0	0.0	3.0	6.0	1.0
130	2.0	0.0	0.0	0.0	0.6660000000000004	5.334	0.0
131	2.0	0.0	1.0	0.0	1.6680000000000001	4.332	1.0
132	2.0	2.0	2.0	1.0	3.0	6.0	2.0
133	1.0	0.0	0.0	0.0	1.0	2.0	0.0
134	1.0	0.0	1.0	0.0	1.0	2.0	1.0
135	2.0	0.0	2.0	0.0	2.0	4.0	2.0
136	5.0	1.0	4.0	1.0	6.068	11.932	5.0
137	3.0	1.0	1.0	0.0	3.0	6.0	1.0
138	2.0	0.0	2.0	0.0	0.6660000000000004	5.334	2.0
139	1.0	3.0	1.0	1.0	3.0	6.0	1.0
140	2.0	0.0	1.0	0.0	2.068	3.932	1.0
141	1.0	0.0	1.0	0.0	0.6680000000000001	2.332	1.0
142	2.0	0.0	2.0	0.0	2.0	4.0	2.0
143	1.0	1.0	1.0	1.0	1.0	2.0	1.0
144	0.0	1.0	0.0	1.0	1.0	2.0	1.0
145	1.0	1.0	1.0	0.0	1.3360000000000003	4.664	1.0
146	3.0	1.0	1.0	1.0	4.468	7.532	2.0
147	2.0	2.0	1.0	1.0	0.9990000000000006	8.001	2.0
148	2.0	1.0	1.0	1.0	3.4	5.6	2.0
149	2.0	0.0	1.0	0.0	2.0	4.0	1.0
150	3.0	3.0	2.0	1.0	5.333	12.667	3.0
151	0.0	0.0	0.0	0.0	0.0	0.0	0.0
152	1.0	1.0	1.0	0.0	2.0	4.0	1.0
153	0.0	0.0	0.0	0.0	0.0	0.0	0.0
154	2.0	0.0	2.0	0.0	2.0	4.0	2.0
155	2.0	2.0	1.0	1.0	3.0	6.0	1.0
156	2.0	2.0	1.0	1.0	1.3320000000000007	10.668	2.0
157	2.0	0.0	1.0	0.0	0.6660000000000004	5.334	1.0
158	0.0	0.0	0.0	0.0	0.0	0.0	0.0
159	2.0	1.0	2.0	1.0	3.0	6.0	3.0
160	0.0	1.0	0.0	1.0	0.6680000000000001	2.332	1.0
161	5.0	0.0	4.0	0.0	5.136	9.863999999999999	4.0
162	5.0	1.0	3.0	1.0	4.404	10.596	3.0
163	1.0	0.0	1.0	0.0	1.0	2.0	1.0
164	0.0	0.0	0.0	0.0	0.0	0.0	0.0
165	1.0	1.0	1.0	1.0	2.0	4.0	2.0
166	0.0	2.0	0.0	1.0	1.3360000000000003	4.664	1.0
167	0.0	0.0	0.0	0.0	0.0	0.0	0.0
168	1.0	2.0	1.0	0.0	2.668	6.332	1.0
169	0.0	0.0	0.0	0.0	0.0	0.0	0.0
170	1.0	0.0	1.0	0.0	1.0	2.0	1.0
171	2.0	0.0	2.0	0.0	0.6660000000000004	5.334	2.0
172	3.0	2.0	1.0	0.0	3.333	8.667	1.0
173	3.0	0.0	2.0	0.0	2.068	3.932	1.0
174	2.0	0.0	0.0	0.0	2.0	4.0	0.0
175	1.0	3.0	1.0	2.0	1.6690000000000005	7.3309999999999995	2.0
176	2.0	0.0	1.0	0.0	2.0	4.0	1.0
177	1.0	0.0	1.0	0.0	0.6680000000000001	2.332	1.0
178	2.0	0.0	1.0	0.0	2.0	4.0	1.0
179	2.0	3.0	1.0	1.0	2.3340000000000005	9.666	2.0
180	1.0	2.0	1.0	2.0	2.0	4.0	2.0
181	1.0	0.0	0.0	0.0	1.0	2.0	0.0
182	2.0	0.0	1.0	0.0	2.4	3.6	1.0
183	2.0	0.0	1.0	0.0	2.0	4.0	1.0
184	1.0	1.0	0.0	1.0	0.6660000000000004	5.334	1.0
185	0.0	0.0	0.0	0.0	0.0	0.0	0.0
186	0.0	2.0	0.0	1.0	1.0	5.0	1.0
187	0.0	0.0	0.0	0.0	0.0	0.0	0.0
188	2.0	1.0	1.0	1.0	1.6660000000000004	7.334	2.0
189	2.0	0.0	1.0	0.0	2.0	4.0	1.0
190	2.0	5.0	0.0	3.0	2.6670000000000007	12.333	2.0
191	2.0	0.0	1.0	0.0	2.0	4.0	1.0
192	2.0	1.0	0.0	1.0	0.9990000000000006	8.001	1.0
193	0.0	2.0	0.0	1.0	0.6660000000000004	5.334	1.0
194	3.0	1.0	2.0	0.0	3.0040000000000004	8.995999999999999	2.0
195	1.0	0.0	0.0	0.0	1.0	2.0	0.0
196	2.0	3.0	1.0	3.0	0.9990000000000006	11.001	3.0
197	2.0	0.0	1.0	0.0	0.6660000000000004	5.334	1.0
198	2.0	0.0	2.0	0.0	0.6680000000000001	2.332	1.0
199	2.0	0.0	1.0	0.0	0.6660000000000004	5.334	1.0
200	2.0	2.0	2.0	1.0	3.4040000000000004	8.596	3.0
201	1.0	0.0	1.0	0.0	0.3330000000000002	2.667	1.0
202	1.0	2.0	1.0	2.0	0.9990000000000006	8.001	3.0
203	0.0	0.0	0.0	0.0	0.0	0.0	0.0
204	2.0	2.0	1.0	2.0	0.9990000000000006	8.001	2.0
205	2.0	2.0	1.0	2.0	1.6660000000000004	7.334	2.0
206	4.0	1.0	3.0	1.0	4.068	7.932	3.0
207	1.0	0.0	0.0	0.0	1.0	2.0	0.0
208	0.0	0.0	0.0	0.0	0.0	0.0	0.0
209	3.0	0.0	2.0	0.0	3.068	5.932	2.0
210	2.0	0.0	1.0	0.0	2.0	4.0	1.0
211	2.0	1.0	2.0	1.0	2.0	4.0	2.0
212	1.0	0.0	1.0	0.0	1.4	1.6	1.0
213	2.0	0.0	1.0	0.0	2.0	4.0	1.0
214	2.0	0.0	0.0	0.0	2.0	4.0	0.0
215	2.0	0.0	1.0	0.0	2.0	4.0	1.0
216	2.0	0.0	1.0	0.0	0.6660000000000004	5.334	1.0
217	4.0	0.0	3.0	0.0	2.6720000000000006	9.328	3.0
218	1.0	0.0	1.0	0.0	1.0	2.0	1.0
219	2.0	0.0	1.0	0.0	1.3360000000000003	4.664	1.0
220	4.0	0.0	2.0	0.0	3.668	8.332	2.0
221	2.0	0.0	0.0	0.0	2.4	3.6	0.0
222	1.0	0.0	1.0	0.0	0.3330000000000002	2.667	1.0
223	1.0	0.0	0.0	0.0	0.3330000000000002	2.667	0.0
224	0.0	0.0	0.0	0.0	0.0	0.0	0.0
225	0.0	0.0	0.0	0.0	0.0	0.0	0.0
226	2.0	0.0	2.0	0.0	1.3360000000000003	4.664	2.0
227	2.0	0.0	1.0	0.0	0.6660000000000004	5.334	1.0
228	1.0	1.0	1.0	1.0	2.0	4.0	2.0
229	2.0	1.0	0.0	0.0	1.0	2.0	0.0
230	1.0	2.0	1.0	1.0	1.6690000000000005	7.3309999999999995	2.0
231	0.0	1.0	0.0	1.0	0.3330000000000002	2.667	1.0
232	2.0	0.0	1.0	0.0	1.3360000000000003	4.664	1.0
233	0.0	1.0	0.0	0.0	0.3330000000000002	2.667	0.0
234	3.0	2.0	1.0	1.0	4.0040000000000004	10.995999999999999	2.0
235	1.0	2.0	1.0	0.0	3.0	6.0	1.0
236	2.0	2.0	2.0	2.0	1.3330000000000002	4.667	2.0
237	0.0	2.0	0.0	2.0	0.3330000000000002	2.667	1.0
238	2.0	0.0	2.0	0.0	2.0	4.0	2.0
239	1.0	3.0	1.0	2.0	2.0010000000000003	9.998999999999999	3.0
240	2.0	1.0	2.0	1.0	2.3360000000000003	6.664	3.0
241	2.0	0.0	1.0	0.0	2.0	4.0	1.0
242	0.0	1.0	0.0	1.0	0.3330000000000002	2.667	1.0
243	1.0	0.0	1.0	0.0	0.3330000000000002	2.667	1.0
244	2.0	1.0	2.0	1.0	1.6680000000000001	4.332	2.0
245	2.0	1.0	1.0	1.0	3.0	6.0	2.0
246	1.0	0.0	0.0	0.0	0.3330000000000002	2.667	0.0
247	1.0	2.0	0.0	2.0	2.0010000000000003	6.999	2.0
248	2.0	0.0	1.0	0.0	1.3360000000000003	4.664	1.0
249	1.0	0.0	1.0	0.0	1.0	2.0	1.0
250	2.0	0.0	1.0	0.0	0.6660000000000004	5.334	1.0
251	0.0	0.0	0.0	0.0	0.0	0.0	0.0
252	2.0	0.0	1.0	0.0	2.068	3.932	1.0
253	1.0	1.0	1.0	1.0	1.6680000000000001	4.332	2.0
254	3.0	1.0	1.0	1.0	3.333	8.667	2.0
255	3.0	1.0	2.0	1.0	3.0040000000000004	8.995999999999999	3.0
256	0.0	0.0	0.0	0.0	0.0	0.0	0.0
257	2.0	0.0	1.0	0.0	0.6660000000000004	5.334	1.0
258	0.0	0.0	0.0	0.0	0.0	0.0	0.0
259	2.0	4.0	2.0	1.0	3.6690000000000005	11.331	3.0
260	3.0	0.0	2.0	0.0	3.0	6.0	2.0
261	1.0	1.0	1.0	0.0	1.3360000000000003	4.664	1.0
262	1.0	2.0	1.0	1.0	0.9990000000000006	8.001	2.0
263	2.0	0.0	1.0	0.0	2.0	4.0	1.0
264	2.0	0.0	2.0	0.0	2.0	4.0	2.0
265	0.0	0.0	0.0	0.0	0.0	0.0	0.0
266	3.0	1.0	2.0	1.0	2.0010000000000003	6.999	2.0
267	1.0	1.0	0.0	1.0	2.0	4.0	1.0
268	0.0	0.0	0.0	0.0	0.0	0.0	0.0
269	0.0	0.0	0.0	0.0	0.0	0.0	0.0
270	1.0	4.0	1.0	2.0	2.6660000000000004	9.334	2.0
271	0.0	0.0	0.0	0.0	0.0	0.0	0.0
272	2.0	1.0	1.0	0.0	0.9990000000000006	8.001	1.0
273	0.0	2.0	0.0	2.0	0.6660000000000004	5.334	2.0
274	2.0	0.0	1.0	0.0	2.0	4.0	1.0
275	1.0	2.0	0.0	2.0	1.6690000000000005	7.3309999999999995	2.0
276	0.0	0.0	0.0	0.0	0.0	0.0	0.0
277	0.0	0.0	0.0	0.0	0.0	0.0	0.0
278	0.0	0.0	0.0	0.0	0.0	0.0	0.0
279	0.0	1.0	0.0	1.0	1.0	2.0	1.0
280	1.0	0.0	1.0	0.0	0.3330000000000002	2.667	1.0
281	1.0	2.0	0.0	2.0	1.6680000000000001	4.332	1.0
282	0.0	0.0	0.0	0.0	0.0	0.0	0.0
283	2.0	0.0	1.0	0.0	2.0	4.0	1.0
284	0.0	0.0	0.0	0.0	0.0	0.0	0.0
285	3.0	1.0	1.0	1.0	4.0	8.0	2.0
286	1.0	0.0	0.0	0.0	1.0	2.0	0.0
287	3.0	0.0	1.0	0.0	3.0	6.0	1.0
288	2.0	3.0	1.0	2.0	4.668	10.332	3.0
289	0.0	4.0	0.0	3.0	3.0010000000000003	8.998999999999999	3.0
290	0.0	0.0	0.0	0.0	0.0	0.0	0.0
291	2.0	0.0	1.0	0.0	1.3360000000000003	4.664	1.0
292	3.0	3.0	1.0	2.0	5.4	9.6	2.0
293	3.0	0.0	3.0	0.0	2.4	3.6	2.0
294	2.0	0.0	2.0	0.0	0.6660000000000004	5.334	2.0
295	2.0	1.0	2.0	1.0	2.4	3.6	2.0
296	3.0	1.0	2.0	0.0	4.0	8.0	2.0
297	1.0	0.0	1.0	0.0	1.0	2.0	1.0
298	3.0	1.0	1.0	1.0	3.4	8.6	2.0
299	2.0	2.0	2.0	2.0	2.668	6.332	3.0
300	4.0	0.0	3.0	0.0	2.668	6.332	2.0
301	4.0	0.0	2.0	0.0	4.0	8.0	2.0
302	2.0	0.0	1.0	0.0	2.4	3.6	1.0
303	3.0	4.0	3.0	3.0	2.6670000000000007	12.332999999999998	4.0
304	1.0	0.0	1.0	0.0	0.3330000000000002	2.667	1.0
305	3.0	0.0	2.0	0.0	3.8	5.2	2.0
306	0.0	0.0	0.0	0.0	0.0	0.0	0.0
307	0.0	2.0	0.0	1.0	0.6660000000000004	5.334	1.0
308	2.0	0.0	1.0	0.0	2.4	3.6	1.0
309	3.0	0.0	3.0	0.0	3.0	6.0	3.0
310	3.0	1.0	2.0	1.0	3.4	8.6	3.0
311	1.0	0.0	0.0	0.0	1.0	2.0	0.0
312	2.0	3.0	1.0	2.0	2.0	7.0	2.0
313	1.0	0.0	1.0	0.0	0.3330000000000002	2.667	1.0
314	0.0	0.0	0.0	0.0	0.0	0.0	0.0
315	2.0	0.0	2.0	0.0	0.6660000000000004	5.334	2.0
316	3.0	3.0	2.0	2.0	3.668	8.332	3.0
317	0.0	2.0	0.0	0.0	0.3330000000000002	2.667	0.0
318	1.0	1.0	1.0	0.0	1.3360000000000003	4.664	1.0
319	0.0	0.0	0.0	0.0	0.0	0.0	0.0
320	1.0	1.0	0.0	0.0	1.0	2.0	0.0
321	0.0	0.0	0.0	0.0	0.0	0.0	0.0
322	1.0	0.0	0.0	0.0	0.3330000000000002	2.667	0.0
323	0.0	1.0	0.0	0.0	0.3330000000000002	2.667	0.0
324	3.0	0.0	3.0	0.0	3.0	6.0	3.0
325	2.0	0.0	2.0	0.0	2.0	4.0	2.0
326	1.0	0.0	1.0	0.0	0.3330000000000002	2.667	1.0
327	2.0	0.0	1.0	0.0	0.6660000000000004	5.334	1.0
328	2.0	0.0	2.0	0.0	2.0	4.0	2.0
329	0.0	0.0	0.0	0.0	0.0	0.0	0.0
330	2.0	0.0	1.0	0.0	1.3360000000000003	4.664	1.0
331	0.0	0.0	0.0	0.0	0.0	0.0	0.0
332	2.0	0.0	1.0	0.0	0.6660000000000004	5.334	1.0
333	0.0	2.0	0.0	1.0	1.6680000000000001	4.332	1.0
334	1.0	0.0	1.0	0.0	1.0	2.0	1.0
335	3.0	0.0	1.0	0.0	2.668	6.332	1.0
336	1.0	0.0	1.0	0.0	1.0	2.0	1.0
337	1.0	3.0	1.0	3.0	1.9990000000000006	10.001	4.0
338	2.0	0.0	1.0	0.0	2.0	4.0	1.0
339	5.0	0.0	1.0	0.0	4.468	7.532	1.0
340	2.0	0.0	1.0	0.0	2.0	4.0	1.0
341	2.0	1.0	1.0	1.0	1.3330000000000002	4.667	1.0
342	3.0	0.0	2.0	0.0	0.9990000000000006	8.001	2.0
343	1.0	0.0	1.0	0.0	1.0	2.0	1.0
344	1.0	0.0	1.0	0.0	1.0	2.0	1.0
345	1.0	0.0	1.0	0.0	1.0	2.0	1.0
346	0.0	1.0	0.0	0.0	0.3330000000000002	2.667	0.0
347	0.0	0.0	0.0	0.0	0.0	0.0	0.0
348	2.0	1.0	1.0	0.0	3.0	6.0	1.0
349	0.0	0.0	0.0	0.0	0.0	0.0	0.0
350	0.0	0.0	0.0	0.0	0.0	0.0	0.0
351	0.0	0.0	0.0	0.0	0.0	0.0	0.0
352	0.0	0.0	0.0	0.0	0.0	0.0	0.0
353	0.0	0.0	0.0	0.0	0.0	0.0	0.0
354	0.0	0.0	0.0	0.0	0.0	0.0	0.0
355	0.0	0.0	0.0	0.0	0.0	0.0	0.0
356	0.0	0.0	0.0	0.0	0.0	0.0	0.0
357	0.0	0.0	0.0	0.0	0.0	0.0	0.0
358	0.0	0.0	0.0	0.0	0.0	0.0	0.0
359	0.0	0.0	0.0	0.0	0.0	0.0	0.0
360	0.0	0.0	0.0	0.0	0.0	0.0	0.0
361	0.0	0.0	0.0	0.0	0.0	0.0	0.0
362	0.0	0.0	0.0	0.0	0.0	0.0	0.0
363	0.0	0.0	0.0	0.0	0.0	0.0	0.0
364	0.0	0.0	0.0	0.0	0.0	0.0	0.0
365	0.0	0.0	0.0	0.0	0.0	0.0	0.0
366	0.0	0.0	0.0	0.0	0.0	0.0	0.0
367	3.0	2.0	1.0	2.0	4.0	8.0	2.0
368	1.0	1.0	0.0	1.0	0.6660000000000004	5.334	1.0
369	1.0	0.0	1.0	0.0	0.3330000000000002	2.667	1.0
370	1.0	0.0	1.0	0.0	0.3330000000000002	2.667	1.0
371	2.0	0.0	2.0	0.0	2.0	4.0	2.0
372	2.0	0.0	1.0	0.0	0.6660000000000004	5.334	1.0
373	1.0	0.0	1.0	0.0	1.0	2.0	1.0
374	3.0	0.0	1.0	0.0	3.0	6.0	1.0
375	1.0	0.0	0.0	0.0	0.3330000000000002	2.667	0.0
376	0.0	0.0	0.0	0.0	0.0	0.0	0.0
377	1.0	0.0	1.0	0.0	0.3330000000000002	2.667	1.0
378	2.0	0.0	1.0	0.0	2.0	4.0	1.0
379	0.0	0.0	0.0	0.0	0.0	0.0	0.0
380	2.0	0.0	1.0	0.0	0.6660000000000004	5.334	1.0
381	2.0	0.0	1.0	0.0	2.0	4.0	1.0
382	3.0	0.0	2.0	0.0	3.0	6.0	2.0
383	1.0	0.0	1.0	0.0	1.0	2.0	1.0
384	1.0	0.0	1.0	0.0	1.0	2.0	1.0
385	2.0	0.0	1.0	0.0	1.3360000000000003	4.664	1.0
386	1.0	1.0	1.0	1.0	1.6680000000000001	4.332	2.0
387	0.0	0.0	0.0	0.0	0.0	0.0	0.0
388	3.0	0.0	2.0	0.0	3.0	6.0	2.0
389	0.0	1.0	0.0	0.0	0.3330000000000002	2.667	0.0
390	0.0	0.0	0.0	0.0	0.0	0.0	0.0
391	2.0	0.0	2.0	0.0	2.0	4.0	2.0
392	1.0	0.0	1.0	0.0	1.0	2.0	1.0
393	1.0	0.0	1.0	0.0	0.6680000000000001	2.332	1.0
394	1.0	2.0	0.0	2.0	1.3330000000000002	4.667	1.0
395	1.0	0.0	1.0	0.0	1.0	2.0	1.0
396	2.0	0.0	1.0	0.0	1.6680000000000001	4.332	1.0
397	1.0	0.0	0.0	0.0	0.3330000000000002	2.667	0.0
398	2.0	0.0	0.0	0.0	0.6660000000000004	5.334	0.0
399	3.0	1.0	1.0	1.0	4.8	7.2	2.0
400	2.0	0.0	1.0	0.0	2.0	4.0	1.0
401	0.0	0.0	0.0	0.0	0.0	0.0	0.0
402	0.0	0.0	0.0	0.0	0.0	0.0	0.0
403	2.0	0.0	2.0	0.0	0.6660000000000004	5.334	2.0
404	3.0	0.0	2.0	0.0	3.0	6.0	2.0
405	2.0	0.0	1.0	0.0	0.6660000000000004	5.334	1.0
406	1.0	0.0	1.0	0.0	1.0	2.0	1.0
407	3.0	1.0	2.0	1.0	3.333	8.667	3.0
408	0.0	0.0	0.0	0.0	0.0	0.0	0.0
409	0.0	0.0	0.0	0.0	0.0	0.0	0.0
410	1.0	0.0	1.0	0.0	1.0	2.0	1.0
411	0.0	0.0	0.0	0.0	0.0	0.0	0.0
412	1.0	2.0	1.0	2.0	0.3330000000000002	2.667	1.0
413	0.0	2.0	0.0	2.0	1.4	1.6	1.0
414	0.0	0.0	0.0	0.0	0.0	0.0	0.0
415	0.0	2.0	0.0	1.0	0.6660000000000004	5.334	1.0
416	0.0	0.0	0.0	0.0	0.0	0.0	0.0
417	0.0	0.0	0.0	0.0	0.0	0.0	0.0
418	1.0	0.0	1.0	0.0	0.3330000000000002	2.667	1.0
419	2.0	1.0	1.0	1.0	2.668	6.332	2.0
420	1.0	0.0	1.0	0.0	1.0	2.0	1.0
421	1.0	3.0	1.0	2.0	1.6660000000000004	7.334	2.0
422	2.0	2.0	0.0	0.0	2.333	6.667	0.0
423	1.0	3.0	1.0	1.0	1.6660000000000004	7.334	1.0
424	0.0	0.0	0.0	0.0	0.0	0.0	0.0
425	0.0	2.0	0.0	2.0	0.3330000000000002	2.667	1.0
426	3.0	3.0	1.0	2.0	4.7330000000000005	10.267	3.0
427	2.0	4.0	1.0	3.0	3.733	11.267	3.0
428	4.0	1.0	3.0	0.0	5.0	10.0	3.0
429	1.0	4.0	1.0	1.0	1.9990000000000006	10.001	2.0
430	1.0	1.0	1.0	1.0	2.0	4.0	2.0
431	1.0	3.0	1.0	3.0	1.0010000000000003	4.999	2.0
432	2.0	0.0	1.0	0.0	0.6660000000000004	5.334	1.0
433	1.0	4.0	1.0	1.0	3.333	8.667	2.0
434	2.0	0.0	1.0	0.0	2.0	4.0	1.0
435	2.0	0.0	1.0	0.0	2.0	4.0	1.0
436	1.0	2.0	0.0	2.0	0.6660000000000004	8.334	2.0
437	0.0	1.0	0.0	0.0	1.0	2.0	0.0
438	1.0	0.0	0.0	0.0	1.0	2.0	0.0
439	2.0	2.0	2.0	1.0	3.0	6.0	2.0
440	1.0	6.0	1.0	6.0	2.6660000000000004	9.334	4.0
441	3.0	5.0	2.0	3.0	3.3990000000000005	11.600999999999999	3.0
442	3.0	4.0	2.0	2.0	3.6660000000000004	11.334	3.0
443	3.0	0.0	2.0	0.0	3.0	6.0	2.0
444	2.0	0.0	2.0	0.0	1.3360000000000003	4.664	2.0
445	2.0	0.0	2.0	0.0	2.0	4.0	2.0
446	2.0	1.0	1.0	1.0	2.668	6.332	2.0
447	1.0	1.0	0.0	0.0	0.6660000000000004	5.334	0.0
448	3.0	0.0	2.0	0.0	0.9990000000000006	8.001	2.0
449	0.0	0.0	0.0	0.0	0.0	0.0	0.0
450	2.0	0.0	1.0	0.0	0.6660000000000004	5.334	1.0
451	2.0	2.0	1.0	1.0	3.333	8.667	2.0
452	1.0	1.0	1.0	0.0	2.068	3.932	1.0
453	0.0	1.0	0.0	1.0	0.3330000000000002	2.667	1.0
454	2.0	0.0	2.0	0.0	2.0	4.0	2.0
455	2.0	2.0	2.0	1.0	2.0010000000000003	6.999	2.0
456	2.0	1.0	2.0	1.0	1.3330000000000002	4.667	2.0
457	2.0	1.0	1.0	1.0	2.668	6.332	2.0
458	1.0	1.0	0.0	1.0	1.3330000000000002	4.667	1.0
459	2.0	0.0	1.0	0.0	0.6660000000000004	5.334	1.0
460	3.0	1.0	2.0	0.0	4.0	8.0	2.0
461	3.0	1.0	2.0	1.0	4.0	8.0	3.0
462	2.0	2.0	0.0	1.0	1.6660000000000004	7.334	1.0
463	3.0	3.0	2.0	2.0	3.668	11.332	3.0
464	0.0	2.0	0.0	1.0	1.3330000000000002	4.667	1.0
465	1.0	1.0	0.0	0.0	0.6660000000000004	5.334	0.0
466	0.0	0.0	0.0	0.0	0.0	0.0	0.0
467	0.0	0.0	0.0	0.0	0.0	0.0	0.0
468	2.0	0.0	1.0	0.0	0.6660000000000004	5.334	1.0
469	2.0	0.0	1.0	0.0	2.4	3.6	1.0
470	0.0	4.0	0.0	3.0	2.0010000000000003	6.999	2.0
471	0.0	5.0	0.0	3.0	1.3320000000000007	10.668	2.0
472	3.0	3.0	2.0	3.0	5.136	9.864	4.0
473	2.0	0.0	1.0	0.0	2.0	4.0	1.0
474	2.0	1.0	1.0	1.0	0.9990000000000006	8.001	2.0
475	2.0	3.0	1.0	2.0	3.333	8.667	3.0
476	2.0	1.0	1.0	0.0	0.9990000000000006	8.001	1.0
477	0.0	0.0	0.0	0.0	0.0	0.0	0.0
478	0.0	0.0	0.0	0.0	0.0	0.0	0.0
479	2.0	3.0	1.0	2.0	5.0	10.0	3.0
480	2.0	3.0	2.0	2.0	1.6660000000000004	7.334	2.0
481	2.0	0.0	1.0	0.0	2.0	4.0	1.0
482	2.0	1.0	1.0	1.0	1.0	5.0	1.0
483	3.0	3.0	2.0	1.0	4.0	8.0	2.0
484	2.0	1.0	2.0	1.0	2.0	4.0	2.0
485	2.0	2.0	1.0	2.0	2.333	6.667	2.0
486	2.0	3.0	1.0	3.0	1.9990000000000006	10.001	3.0
487	1.0	1.0	1.0	0.0	1.3360000000000003	4.664	1.0
488	2.0	3.0	1.0	3.0	2.0660000000000003	6.933999999999999	2.0
489	3.0	2.0	2.0	2.0	2.668	6.332	2.0
490	2.0	2.0	1.0	2.0	4.0	8.0	3.0
491	2.0	1.0	1.0	1.0	1.0	5.0	1.0
492	1.0	1.0	0.0	1.0	2.0	4.0	1.0
493	1.0	2.0	1.0	2.0	0.6660000000000004	5.334	2.0
494	0.0	0.0	0.0	0.0	0.0	0.0	0.0
495	0.0	2.0	0.0	2.0	2.0	4.0	2.0
496	2.0	0.0	1.0	0.0	2.0	4.0	1.0
497	0.0	0.0	0.0	0.0	0.0	0.0	0.0
