all_syn	all_nonSyn	tip_syn	tip_nonSyn	S	N	comparisons
001	0.0	0.0	0.0	0.0	0.0	0.0	0.0
002	0.0	0.0	0.0	0.0	0.0	0.0	0.0
003	0.0	2.0	0.0	1.0	0.6660000000000004	5.334	1.0
004	2.0	0.0	1.0	0.0	2.0	4.0	1.0
005	1.0	0.0	1.0	0.0	1.0	2.0	1.0
006	3.0	0.0	3.0	0.0	3.0	6.0	3.0
007	0.0	2.0	0.0	2.0	0.3330000000000002	2.667	1.0
008	1.0	0.0	1.0	0.0	0.3330000000000002	2.667	1.0
009	1.0	0.0	1.0	0.0	1.0	2.0	1.0
010	1.0	0.0	1.0	0.0	1.4	1.6	1.0
011	0.0	1.0	0.0	1.0	0.6680000000000001	2.332	1.0
012	3.0	1.0	0.0	1.0	3.736	8.264	1.0
013	1.0	0.0	1.0	0.0	1.0	2.0	1.0
014	1.0	0.0	1.0	0.0	1.0	2.0	1.0
015	3.0	2.0	1.0	2.0	3.0	6.0	1.0
016	2.0	0.0	0.0	0.0	0.6660000000000004	5.334	0.0
017	2.0	0.0	2.0	0.0	2.0	4.0	2.0
018	2.0	0.0	0.0	0.0	2.0	4.0	0.0
019	1.0	1.0	1.0	1.0	0.6660000000000004	5.334	2.0
020	1.0	0.0	1.0	0.0	1.0	2.0	1.0
021	1.0	0.0	0.0	0.0	0.3330000000000002	2.667	0.0
022	2.0	0.0	0.0	0.0	2.0	4.0	0.0
023	3.0	0.0	2.0	0.0	3.0	6.0	2.0
024	1.0	1.0	0.0	1.0	1.3330000000000002	4.667	1.0
025	2.0	2.0	2.0	0.0	4.0	8.0	2.0
026	2.0	0.0	1.0	0.0	2.0	4.0	1.0
027	2.0	1.0	2.0	0.0	3.0	6.0	2.0
028	1.0	0.0	1.0	0.0	1.0	2.0	1.0
029	2.0	0.0	2.0	0.0	2.4	3.6	2.0
030	4.0	0.0	2.0	0.0	2.668	6.332	1.0
031	3.0	0.0	1.0	0.0	3.0	6.0	1.0
032	0.0	1.0	0.0	1.0	1.0	2.0	1.0
033	3.0	2.0	2.0	2.0	4.466	10.533999999999999	4.0
034	2.0	2.0	2.0	2.0	1.3330000000000002	4.667	2.0
035	2.0	1.0	0.0	1.0	1.6660000000000004	7.334	1.0
036	2.0	0.0	1.0	0.0	0.6660000000000004	5.334	1.0
037	1.0	0.0	1.0	0.0	1.0	2.0	1.0
038	1.0	0.0	1.0	0.0	1.0	2.0	1.0
039	3.0	0.0	3.0	0.0	1.6680000000000001	4.332	2.0
040	1.0	1.0	1.0	1.0	1.0	2.0	1.0
041	2.0	0.0	1.0	0.0	2.4	3.6	1.0
042	2.0	0.0	1.0	0.0	0.6660000000000004	5.334	1.0
043	4.0	0.0	1.0	0.0	3.668	8.332	1.0
044	4.0	0.0	2.0	0.0	4.0	8.0	2.0
045	0.0	1.0	0.0	0.0	1.0	2.0	0.0
046	1.0	0.0	1.0	0.0	1.0	2.0	1.0
047	3.0	0.0	2.0	0.0	3.0	6.0	2.0
048	2.0	0.0	2.0	0.0	2.0	4.0	2.0
049	1.0	0.0	0.0	0.0	0.3330000000000002	2.667	0.0
050	0.0	0.0	0.0	0.0	0.0	0.0	0.0
051	1.0	0.0	1.0	0.0	1.0	2.0	1.0
052	1.0	0.0	1.0	0.0	1.0	2.0	1.0
053	3.0	0.0	2.0	0.0	3.0	6.0	2.0
054	1.0	0.0	1.0	0.0	1.0	2.0	1.0
055	2.0	0.0	2.0	0.0	0.6660000000000004	5.334	2.0
056	1.0	0.0	1.0	0.0	0.3330000000000002	2.667	1.0
057	3.0	0.0	2.0	0.0	3.0	6.0	2.0
058	2.0	0.0	1.0	0.0	2.0	4.0	1.0
059	1.0	2.0	1.0	2.0	0.6660000000000004	5.334	2.0
060	1.0	0.0	1.0	0.0	1.0	2.0	1.0
061	2.0	0.0	2.0	0.0	2.0	4.0	2.0
062	1.0	0.0	1.0	0.0	0.3330000000000002	2.667	1.0
063	3.0	0.0	1.0	0.0	3.0	6.0	1.0
064	0.0	0.0	0.0	0.0	0.0	0.0	0.0
065	1.0	0.0	1.0	0.0	0.6680000000000001	2.332	1.0
066	4.0	0.0	0.0	0.0	4.0	8.0	0.0
067	2.0	0.0	2.0	0.0	2.0	4.0	2.0
068	2.0	0.0	0.0	0.0	2.0	4.0	0.0
069	1.0	0.0	1.0	0.0	1.0	2.0	1.0
070	1.0	0.0	1.0	0.0	1.0	2.0	1.0
071	3.0	0.0	3.0	0.0	3.0	6.0	3.0
072	1.0	0.0	1.0	0.0	1.0	2.0	1.0
073	1.0	0.0	1.0	0.0	1.0	2.0	1.0
074	2.0	0.0	1.0	0.0	0.6660000000000004	5.334	1.0
075	1.0	0.0	1.0	0.0	1.0	2.0	1.0
076	1.0	0.0	1.0	0.0	0.3330000000000002	2.667	1.0
077	1.0	0.0	1.0	0.0	1.0	2.0	1.0
078	1.0	1.0	1.0	1.0	0.6660000000000004	5.334	2.0
079	0.0	3.0	0.0	3.0	1.6660000000000004	7.334	3.0
080	2.0	0.0	2.0	0.0	0.6660000000000004	5.334	2.0
081	1.0	2.0	1.0	1.0	3.0	6.0	2.0
082	0.0	0.0	0.0	0.0	0.0	0.0	0.0
083	1.0	0.0	1.0	0.0	1.0	2.0	1.0
084	1.0	0.0	1.0	0.0	0.3330000000000002	2.667	1.0
085	0.0	0.0	0.0	0.0	0.0	0.0	0.0
086	1.0	0.0	0.0	0.0	1.0	2.0	0.0
087	1.0	0.0	1.0	0.0	1.0	2.0	1.0
088	2.0	0.0	2.0	0.0	2.0	4.0	2.0
089	1.0	0.0	0.0	0.0	1.0	2.0	0.0
090	3.0	0.0	2.0	0.0	3.0	6.0	2.0
091	3.0	1.0	2.0	1.0	3.0	6.0	2.0
092	3.0	4.0	3.0	3.0	4.4	7.6	3.0
093	3.0	1.0	2.0	1.0	3.0	6.0	2.0
094	2.0	1.0	1.0	1.0	2.668	6.332	2.0
095	3.0	1.0	1.0	1.0	0.9990000000000006	8.001	1.0
096	2.0	1.0	1.0	1.0	2.333	6.667	2.0
097	2.0	2.0	2.0	1.0	2.333	6.667	2.0
098	4.0	2.0	3.0	2.0	5.0	10.0	4.0
099	3.0	3.0	0.0	1.0	3.333	8.667	1.0
100	2.0	2.0	2.0	2.0	2.4	3.6	2.0
101	3.0	0.0	2.0	0.0	3.0	6.0	2.0
102	1.0	1.0	1.0	1.0	0.6660000000000004	5.334	2.0
103	2.0	4.0	2.0	2.0	4.666	13.334	4.0
104	1.0	4.0	1.0	3.0	3.333	8.667	3.0
105	1.0	5.0	1.0	3.0	3.6660000000000004	11.334	3.0
106	2.0	1.0	2.0	1.0	2.0	4.0	2.0
107	4.0	4.0	3.0	2.0	6.0	12.0	4.0
108	2.0	2.0	1.0	2.0	3.0	6.0	2.0
109	2.0	0.0	2.0	0.0	2.0	4.0	2.0
110	2.0	0.0	2.0	0.0	2.0	4.0	2.0
111	1.0	0.0	0.0	0.0	1.0	2.0	0.0
112	0.0	0.0	0.0	0.0	0.0	0.0	0.0
113	2.0	0.0	1.0	0.0	2.0	4.0	1.0
114	2.0	0.0	1.0	0.0	0.6660000000000004	5.334	1.0
115	3.0	0.0	3.0	0.0	0.9990000000000006	8.001	3.0
116	2.0	1.0	1.0	1.0	0.9990000000000006	8.001	2.0
117	1.0	0.0	1.0	0.0	0.6680000000000001	2.332	1.0
118	1.0	0.0	0.0	0.0	0.3330000000000002	2.667	0.0
119	3.0	0.0	2.0	0.0	2.668	6.332	2.0
120	2.0	1.0	2.0	1.0	1.6680000000000001	4.332	2.0
121	4.0	2.0	2.0	2.0	5.0	10.0	3.0
122	1.0	5.0	0.0	5.0	4.068	7.932	3.0
123	2.0	0.0	0.0	0.0	2.0	4.0	0.0
124	1.0	2.0	1.0	1.0	2.668	6.332	2.0
125	1.0	0.0	0.0	0.0	1.0	2.0	0.0
126	0.0	3.0	0.0	2.0	0.9990000000000006	8.001	2.0
127	3.0	2.0	2.0	1.0	5.0	10.0	3.0
128	0.0	0.0	0.0	0.0	0.0	0.0	0.0
129	0.0	0.0	0.0	0.0	0.0	0.0	0.0
130	0.0	0.0	0.0	0.0	0.0	0.0	0.0
131	0.0	0.0	0.0	0.0	0.0	0.0	0.0
132	2.0	3.0	2.0	3.0	2.0	4.0	2.0
133	0.0	2.0	0.0	0.0	0.3330000000000002	2.667	0.0
134	0.0	0.0	0.0	0.0	0.0	0.0	0.0
135	2.0	0.0	2.0	0.0	2.0	4.0	2.0
136	1.0	3.0	1.0	2.0	2.6660000000000004	9.334	3.0
137	2.0	0.0	0.0	0.0	2.0	4.0	0.0
138	3.0	0.0	3.0	0.0	3.0	6.0	3.0
139	2.0	1.0	2.0	1.0	1.3330000000000002	4.667	2.0
140	0.0	0.0	0.0	0.0	0.0	0.0	0.0
141	2.0	3.0	1.0	1.0	3.0	6.0	2.0
142	0.0	5.0	0.0	1.0	1.6660000000000004	7.334	1.0
143	1.0	0.0	1.0	0.0	1.0	2.0	1.0
144	0.0	0.0	0.0	0.0	0.0	0.0	0.0
145	2.0	0.0	1.0	0.0	2.0	4.0	1.0
146	1.0	0.0	0.0	0.0	0.3330000000000002	2.667	0.0
147	1.0	0.0	1.0	0.0	1.0	2.0	1.0
148	0.0	0.0	0.0	0.0	0.0	0.0	0.0
149	1.0	0.0	1.0	0.0	1.0	2.0	1.0
150	1.0	0.0	1.0	0.0	0.6680000000000001	2.332	1.0
151	0.0	0.0	0.0	0.0	0.0	0.0	0.0
152	2.0	0.0	0.0	0.0	2.0	4.0	0.0
153	1.0	0.0	1.0	0.0	1.0	2.0	1.0
154	2.0	0.0	1.0	0.0	2.0	4.0	1.0
155	3.0	0.0	1.0	0.0	0.9990000000000006	8.001	1.0
156	3.0	0.0	1.0	0.0	2.3360000000000003	6.664	1.0
157	3.0	0.0	2.0	0.0	3.0	6.0	2.0
158	2.0	0.0	2.0	0.0	2.068	3.932	2.0
159	1.0	0.0	1.0	0.0	0.3330000000000002	2.667	1.0
160	1.0	0.0	0.0	0.0	1.0	2.0	0.0
161	1.0	0.0	0.0	0.0	0.3330000000000002	2.667	0.0
162	2.0	0.0	2.0	0.0	2.0	4.0	2.0
163	2.0	2.0	2.0	1.0	1.6690000000000005	7.3309999999999995	2.0
164	2.0	0.0	1.0	0.0	0.6660000000000004	5.334	1.0
165	3.0	0.0	2.0	0.0	3.068	5.932	2.0
166	2.0	0.0	1.0	0.0	2.0	4.0	1.0
167	4.0	0.0	2.0	0.0	4.0	8.0	2.0
168	1.0	0.0	1.0	0.0	1.0	2.0	1.0
169	1.0	0.0	1.0	0.0	0.3330000000000002	2.667	1.0
170	4.0	0.0	3.0	0.0	4.0	8.0	3.0
171	4.0	0.0	2.0	0.0	4.0	8.0	2.0
172	2.0	0.0	1.0	0.0	0.6660000000000004	5.334	1.0
173	3.0	0.0	2.0	0.0	3.0	6.0	2.0
174	1.0	0.0	1.0	0.0	1.0	2.0	1.0
175	2.0	0.0	1.0	0.0	2.0	4.0	1.0
176	1.0	0.0	1.0	0.0	1.0	2.0	1.0
177	2.0	0.0	1.0	0.0	2.0	4.0	1.0
178	2.0	0.0	1.0	0.0	1.3360000000000003	4.664	1.0
179	2.0	0.0	0.0	0.0	0.6660000000000004	5.334	0.0
180	3.0	2.0	2.0	1.0	1.3320000000000007	10.668	2.0
181	3.0	0.0	1.0	0.0	3.468	5.532	1.0
182	2.0	0.0	2.0	0.0	0.6660000000000004	5.334	2.0
183	3.0	0.0	3.0	0.0	0.9990000000000006	8.001	3.0
184	4.0	3.0	3.0	3.0	4.333	10.667	4.0
185	2.0	0.0	0.0	0.0	2.0	4.0	0.0
186	2.0	0.0	1.0	0.0	2.0	4.0	1.0
187	1.0	0.0	1.0	0.0	0.3330000000000002	2.667	1.0
188	1.0	0.0	1.0	0.0	1.0	2.0	1.0
189	3.0	0.0	1.0	0.0	3.0	6.0	1.0
190	3.0	0.0	2.0	0.0	3.068	5.932	2.0
191	3.0	0.0	2.0	0.0	3.0	6.0	2.0
192	3.0	0.0	0.0	0.0	3.0	6.0	0.0
193	1.0	1.0	1.0	1.0	1.0	2.0	1.0
194	1.0	0.0	0.0	0.0	0.3330000000000002	2.667	0.0
195	1.0	0.0	1.0	0.0	0.3330000000000002	2.667	1.0
196	1.0	0.0	1.0	0.0	0.3330000000000002	2.667	1.0
197	4.0	0.0	4.0	0.0	4.0	8.0	4.0
198	2.0	0.0	1.0	0.0	0.6660000000000004	5.334	1.0
199	2.0	0.0	2.0	0.0	2.0	4.0	2.0
200	2.0	0.0	1.0	0.0	2.0	4.0	1.0
201	1.0	4.0	0.0	2.0	2.3320000000000007	12.668	2.0
202	3.0	1.0	2.0	1.0	4.0	8.0	3.0
203	2.0	0.0	0.0	0.0	2.0	4.0	0.0
204	1.0	0.0	1.0	0.0	1.0	2.0	1.0
205	0.0	0.0	0.0	0.0	0.0	0.0	0.0
206	2.0	0.0	1.0	0.0	2.0	4.0	1.0
207	3.0	2.0	1.0	1.0	4.0	8.0	1.0
208	3.0	0.0	2.0	0.0	0.9990000000000006	8.001	2.0
209	2.0	0.0	2.0	0.0	2.0	4.0	2.0
210	3.0	1.0	1.0	1.0	2.333	6.667	2.0
211	0.0	0.0	0.0	0.0	0.0	0.0	0.0
212	3.0	0.0	2.0	0.0	3.4	5.6	2.0
213	1.0	0.0	1.0	0.0	1.0	2.0	1.0
214	2.0	0.0	2.0	0.0	2.0	4.0	2.0
215	4.0	0.0	3.0	0.0	4.068	7.932	3.0
216	3.0	0.0	1.0	0.0	3.0	6.0	1.0
217	2.0	1.0	2.0	0.0	3.0	6.0	2.0
218	2.0	2.0	1.0	2.0	4.0	8.0	3.0
219	1.0	1.0	1.0	0.0	1.3330000000000002	4.667	1.0
220	2.0	0.0	2.0	0.0	0.6660000000000004	5.334	2.0
221	1.0	0.0	0.0	0.0	1.0	2.0	0.0
222	1.0	0.0	1.0	0.0	0.3330000000000002	2.667	1.0
223	2.0	0.0	1.0	0.0	2.0	4.0	1.0
224	1.0	1.0	1.0	1.0	0.3330000000000002	2.667	1.0
225	2.0	3.0	1.0	2.0	4.404	10.596	3.0
226	0.0	0.0	0.0	0.0	0.0	0.0	0.0
227	3.0	1.0	2.0	1.0	2.6690000000000005	9.331	3.0
228	3.0	1.0	3.0	1.0	2.3360000000000003	6.664	3.0
229	1.0	0.0	1.0	0.0	0.3330000000000002	2.667	1.0
230	1.0	1.0	0.0	1.0	2.0	4.0	1.0
231	3.0	0.0	3.0	0.0	1.6680000000000001	4.332	2.0
232	4.0	1.0	3.0	0.0	3.6660000000000004	11.334	3.0
233	3.0	0.0	2.0	0.0	3.0	6.0	2.0
234	3.0	1.0	1.0	1.0	4.0	8.0	2.0
235	1.0	0.0	1.0	0.0	1.0	2.0	1.0
236	0.0	0.0	0.0	0.0	0.0	0.0	0.0
237	2.0	0.0	1.0	0.0	2.4	3.6	1.0
238	0.0	1.0	0.0	1.0	0.3330000000000002	2.667	1.0
239	0.0	0.0	0.0	0.0	0.0	0.0	0.0
240	2.0	0.0	1.0	0.0	0.6660000000000004	5.334	1.0
241	1.0	0.0	1.0	0.0	0.3330000000000002	2.667	1.0
242	2.0	1.0	2.0	1.0	1.3330000000000002	4.667	2.0
243	2.0	0.0	1.0	0.0	0.6660000000000004	5.334	1.0
244	3.0	0.0	1.0	0.0	3.0	6.0	1.0
245	2.0	0.0	2.0	0.0	2.0	4.0	2.0
246	2.0	1.0	0.0	1.0	2.333	6.667	1.0
247	1.0	1.0	1.0	1.0	1.6680000000000001	4.332	2.0
248	2.0	1.0	0.0	1.0	1.3340000000000005	7.6659999999999995	1.0
249	3.0	0.0	1.0	0.0	3.0	6.0	1.0
250	0.0	0.0	0.0	0.0	0.0	0.0	0.0
251	3.0	0.0	3.0	0.0	3.0	6.0	3.0
252	0.0	0.0	0.0	0.0	0.0	0.0	0.0
253	0.0	0.0	0.0	0.0	0.0	0.0	0.0
254	2.0	0.0	2.0	0.0	2.0	4.0	2.0
255	0.0	0.0	0.0	0.0	0.0	0.0	0.0
256	0.0	2.0	0.0	0.0	0.6660000000000004	5.334	0.0
257	3.0	0.0	1.0	0.0	3.8	5.2	1.0
258	2.0	1.0	0.0	1.0	2.668	6.332	1.0
259	3.0	0.0	0.0	0.0	3.0	6.0	0.0
260	2.0	0.0	1.0	0.0	2.4	3.6	1.0
261	2.0	0.0	2.0	0.0	2.0	4.0	2.0
262	2.0	0.0	2.0	0.0	2.0	4.0	2.0
263	3.0	0.0	1.0	0.0	2.668	6.332	1.0
264	0.0	0.0	0.0	0.0	0.0	0.0	0.0
265	2.0	0.0	0.0	0.0	1.3360000000000003	4.664	0.0
266	0.0	0.0	0.0	0.0	0.0	0.0	0.0
267	2.0	1.0	1.0	1.0	2.3360000000000003	6.664	2.0
268	0.0	0.0	0.0	0.0	0.0	0.0	0.0
269	4.0	1.0	3.0	1.0	3.333	8.667	3.0
270	2.0	0.0	2.0	0.0	2.0	4.0	2.0
271	0.0	2.0	0.0	1.0	0.6660000000000004	5.334	1.0
272	1.0	2.0	0.0	1.0	0.9990000000000006	8.001	1.0
273	2.0	4.0	2.0	3.0	5.0	10.0	4.0
274	2.0	2.0	2.0	2.0	1.3330000000000002	4.667	2.0
275	4.0	1.0	4.0	1.0	4.0	8.0	4.0
276	3.0	3.0	1.0	3.0	4.668	10.332	3.0
277	4.0	0.0	1.0	0.0	4.0	8.0	1.0
278	2.0	0.0	2.0	0.0	2.0	4.0	2.0
279	3.0	2.0	1.0	2.0	4.668	10.332	3.0
280	1.0	0.0	1.0	0.0	0.3330000000000002	2.667	1.0
281	4.0	5.0	3.0	3.0	4.333	10.667	3.0
282	1.0	2.0	1.0	1.0	0.9990000000000006	8.001	2.0
283	2.0	0.0	1.0	0.0	0.6660000000000004	5.334	1.0
284	1.0	3.0	0.0	3.0	1.6660000000000004	7.334	2.0
285	1.0	2.0	1.0	2.0	1.3330000000000002	4.667	2.0
286	2.0	4.0	2.0	3.0	3.333	8.667	3.0
287	2.0	4.0	2.0	3.0	1.9990000000000006	10.001	3.0
288	2.0	1.0	2.0	1.0	2.4	3.6	2.0
289	3.0	0.0	3.0	0.0	3.0	6.0	3.0
290	2.0	1.0	1.0	1.0	3.0	6.0	2.0
291	3.0	2.0	2.0	2.0	1.6660000000000004	7.334	2.0
292	0.0	0.0	0.0	0.0	0.0	0.0	0.0
293	3.0	3.0	2.0	2.0	5.0	10.0	3.0
294	3.0	3.0	2.0	3.0	4.0	8.0	3.0
295	1.0	1.0	0.0	1.0	1.3330000000000002	4.667	1.0
296	2.0	1.0	1.0	0.0	1.3340000000000005	7.6659999999999995	1.0
297	3.0	4.0	2.0	2.0	5.4	9.6	3.0
298	6.0	0.0	3.0	0.0	3.4040000000000004	8.596	2.0
299	3.0	6.0	1.0	4.0	4.333	10.667	3.0
300	3.0	0.0	1.0	0.0	3.0	6.0	1.0
301	3.0	0.0	3.0	0.0	3.0	6.0	3.0
302	1.0	0.0	0.0	0.0	0.3330000000000002	2.667	0.0
303	3.0	0.0	2.0	0.0	3.0	6.0	2.0
304	3.0	0.0	2.0	0.0	3.068	5.932	2.0
305	4.0	0.0	2.0	0.0	4.068	7.932	2.0
306	1.0	0.0	0.0	0.0	1.0	2.0	0.0
307	3.0	1.0	2.0	1.0	4.0	8.0	3.0
308	5.0	0.0	5.0	0.0	4.468	7.532	4.0
309	2.0	3.0	1.0	2.0	3.6690000000000005	11.331	3.0
310	2.0	0.0	1.0	0.0	0.6660000000000004	5.334	1.0
311	2.0	1.0	1.0	1.0	2.333	6.667	2.0
312	3.0	1.0	1.0	1.0	4.0	8.0	2.0
313	2.0	0.0	2.0	0.0	0.6660000000000004	5.334	2.0
314	3.0	1.0	3.0	0.0	3.333	8.667	3.0
315	2.0	0.0	1.0	0.0	0.6660000000000004	5.334	1.0
316	3.0	0.0	3.0	0.0	3.0	6.0	3.0
317	2.0	0.0	1.0	0.0	2.0	4.0	1.0
318	0.0	0.0	0.0	0.0	0.0	0.0	0.0
319	4.0	0.0	3.0	0.0	4.0	8.0	3.0
320	0.0	0.0	0.0	0.0	0.0	0.0	0.0
321	0.0	2.0	0.0	1.0	0.6660000000000004	5.334	1.0
322	3.0	2.0	3.0	1.0	3.333	8.667	3.0
323	2.0	2.0	1.0	1.0	1.3320000000000007	10.668	2.0
324	1.0	1.0	1.0	1.0	1.6680000000000001	4.332	2.0
325	3.0	0.0	1.0	0.0	2.0040000000000004	6.9959999999999996	1.0
326	0.0	0.0	0.0	0.0	0.0	0.0	0.0
327	0.0	0.0	0.0	0.0	0.0	0.0	0.0
328	1.0	0.0	1.0	0.0	1.0	2.0	1.0
329	1.0	0.0	1.0	0.0	0.3330000000000002	2.667	1.0
330	2.0	1.0	1.0	1.0	2.0	4.0	1.0
331	0.0	0.0	0.0	0.0	0.0	0.0	0.0
332	1.0	0.0	1.0	0.0	0.3330000000000002	2.667	1.0
333	2.0	1.0	1.0	1.0	2.668	6.332	2.0
334	0.0	0.0	0.0	0.0	0.0	0.0	0.0
335	0.0	3.0	0.0	3.0	2.3360000000000003	6.664	3.0
336	3.0	0.0	3.0	0.0	3.0	6.0	3.0
337	2.0	1.0	1.0	1.0	0.9990000000000006	8.001	2.0
338	1.0	0.0	1.0	0.0	0.3330000000000002	2.667	1.0
339	1.0	0.0	0.0	0.0	0.3330000000000002	2.667	0.0
340	3.0	0.0	1.0	0.0	3.0	6.0	1.0
341	1.0	0.0	1.0	0.0	0.3330000000000002	2.667	1.0
342	2.0	0.0	1.0	0.0	0.6660000000000004	5.334	1.0
343	1.0	3.0	1.0	2.0	3.0	9.0	3.0
344	2.0	1.0	1.0	0.0	1.6690000000000005	7.3309999999999995	1.0
345	3.0	0.0	2.0	0.0	3.068	5.932	2.0
346	1.0	2.0	0.0	1.0	1.6680000000000001	7.332	1.0
347	3.0	2.0	3.0	2.0	2.333	6.667	3.0
348	1.0	1.0	0.0	1.0	1.3330000000000002	4.667	1.0
349	0.0	2.0	0.0	1.0	1.3330000000000002	4.667	1.0
350	3.0	0.0	2.0	0.0	0.9990000000000006	8.001	2.0
351	3.0	1.0	2.0	1.0	3.0	6.0	2.0
352	2.0	2.0	2.0	2.0	2.333	6.667	3.0
353	2.0	0.0	1.0	0.0	0.6660000000000004	5.334	1.0
354	3.0	2.0	2.0	2.0	5.4	9.6	4.0
355	1.0	2.0	1.0	1.0	3.0	6.0	2.0
356	3.0	3.0	2.0	3.0	5.0	10.0	4.0
357	3.0	0.0	2.0	0.0	3.0	6.0	2.0
358	1.0	0.0	1.0	0.0	0.6680000000000001	2.332	1.0
359	0.0	0.0	0.0	0.0	0.0	0.0	0.0
360	0.0	1.0	0.0	0.0	1.0	2.0	0.0
361	5.0	0.0	3.0	0.0	4.336	10.664000000000001	3.0
362	1.0	1.0	1.0	1.0	0.6660000000000004	5.334	2.0
363	3.0	1.0	2.0	1.0	4.0	8.0	3.0
364	2.0	0.0	1.0	0.0	2.0	4.0	1.0
365	3.0	0.0	0.0	0.0	3.0	6.0	0.0
366	3.0	0.0	2.0	0.0	0.9990000000000006	8.001	2.0
367	3.0	2.0	3.0	1.0	4.068	7.932	3.0
368	2.0	2.0	1.0	2.0	2.0	4.0	1.0
369	3.0	0.0	1.0	0.0	3.0	6.0	1.0
370	2.0	0.0	2.0	0.0	0.6660000000000004	5.334	2.0
371	3.0	1.0	2.0	1.0	4.0	8.0	3.0
372	3.0	0.0	3.0	0.0	3.0	6.0	3.0
373	2.0	1.0	2.0	1.0	0.6660000000000004	5.334	2.0
374	2.0	1.0	1.0	1.0	1.6660000000000004	7.334	2.0
375	1.0	0.0	1.0	0.0	1.0	2.0	1.0
376	3.0	0.0	2.0	0.0	3.0	6.0	2.0
377	3.0	0.0	2.0	0.0	3.4	5.6	2.0
378	1.0	1.0	1.0	1.0	0.3330000000000002	2.667	1.0
379	3.0	1.0	2.0	1.0	3.668	8.332	3.0
380	4.0	1.0	3.0	1.0	2.0010000000000003	6.999	2.0
381	3.0	1.0	2.0	1.0	4.0	8.0	3.0
382	3.0	0.0	2.0	0.0	3.0	6.0	2.0
383	3.0	0.0	1.0	0.0	3.4	5.6	1.0
384	0.0	1.0	0.0	1.0	0.3330000000000002	2.667	1.0
385	1.0	2.0	0.0	2.0	0.9990000000000006	8.001	2.0
386	4.0	0.0	4.0	0.0	3.068	5.932	3.0
387	2.0	2.0	1.0	2.0	4.0	8.0	3.0
388	1.0	0.0	0.0	0.0	0.3330000000000002	2.667	0.0
389	2.0	4.0	0.0	3.0	4.666	13.334	3.0
390	2.0	1.0	1.0	1.0	3.0	6.0	2.0
391	4.0	0.0	3.0	0.0	2.668	6.332	2.0
392	0.0	1.0	0.0	1.0	1.0	2.0	1.0
393	1.0	3.0	1.0	3.0	2.0010000000000003	6.999	3.0
394	1.0	0.0	1.0	0.0	0.3330000000000002	2.667	1.0
395	4.0	4.0	3.0	4.0	4.333	10.667	4.0
396	2.0	1.0	1.0	1.0	3.0	6.0	2.0
397	2.0	0.0	1.0	0.0	2.0	4.0	1.0
398	3.0	2.0	3.0	2.0	4.0	8.0	4.0
399	2.0	1.0	1.0	1.0	1.6680000000000001	4.332	1.0
400	4.0	0.0	3.0	0.0	3.068	5.932	2.0
401	3.0	2.0	3.0	2.0	3.0	6.0	3.0
402	2.0	0.0	1.0	0.0	2.0	4.0	1.0
403	0.0	1.0	0.0	1.0	0.6680000000000001	2.332	1.0
404	3.0	0.0	1.0	0.0	3.0	6.0	1.0
405	1.0	0.0	0.0	0.0	0.3330000000000002	2.667	0.0
406	3.0	0.0	2.0	0.0	3.068	5.932	2.0
407	3.0	1.0	1.0	1.0	3.668	8.332	2.0
408	0.0	0.0	0.0	0.0	0.0	0.0	0.0
409	3.0	0.0	2.0	0.0	0.9990000000000006	8.001	2.0
410	4.0	1.0	2.0	1.0	4.4	10.6	3.0
411	0.0	1.0	0.0	0.0	0.6680000000000001	2.332	0.0
412	3.0	0.0	2.0	0.0	3.0	6.0	2.0
413	1.0	0.0	0.0	0.0	0.6680000000000001	2.332	0.0
414	2.0	1.0	1.0	1.0	0.6660000000000004	5.334	1.0
415	1.0	1.0	1.0	1.0	0.6660000000000004	5.334	2.0
416	1.0	0.0	1.0	0.0	0.3330000000000002	2.667	1.0
417	0.0	1.0	0.0	1.0	0.3330000000000002	2.667	1.0
418	4.0	3.0	3.0	1.0	5.333	12.667	3.0
419	1.0	1.0	0.0	0.0	0.6680000000000001	2.332	0.0
420	2.0	0.0	1.0	0.0	0.6660000000000004	5.334	1.0
421	2.0	1.0	1.0	1.0	2.3360000000000003	6.664	2.0
422	0.0	0.0	0.0	0.0	0.0	0.0	0.0
423	1.0	0.0	1.0	0.0	0.3330000000000002	2.667	1.0
424	3.0	0.0	2.0	0.0	3.0	6.0	2.0
425	2.0	2.0	2.0	2.0	1.3320000000000007	10.668	4.0
426	3.0	0.0	1.0	0.0	0.9990000000000006	8.001	1.0
427	3.0	0.0	3.0	0.0	2.668	6.332	3.0
428	2.0	0.0	1.0	0.0	2.0	4.0	1.0
429	4.0	0.0	2.0	0.0	4.0	8.0	2.0
430	1.0	1.0	1.0	0.0	0.6660000000000004	5.334	1.0
431	2.0	1.0	2.0	1.0	2.333	6.667	3.0
432	2.0	1.0	1.0	1.0	0.9990000000000006	8.001	2.0
433	3.0	2.0	2.0	2.0	1.6660000000000004	7.334	2.0
434	2.0	0.0	0.0	0.0	0.6660000000000004	5.334	0.0
435	3.0	3.0	2.0	2.0	4.4	7.6	3.0
436	3.0	0.0	2.0	0.0	3.0	6.0	2.0
437	2.0	0.0	2.0	0.0	0.6660000000000004	5.334	2.0
438	3.0	1.0	2.0	1.0	3.0040000000000004	8.995999999999999	3.0
439	3.0	3.0	3.0	2.0	4.333	10.667	4.0
440	3.0	0.0	1.0	0.0	2.0040000000000004	6.9959999999999996	1.0
441	2.0	0.0	2.0	0.0	2.0	4.0	2.0
442	1.0	0.0	1.0	0.0	1.0	2.0	1.0
443	0.0	0.0	0.0	0.0	0.0	0.0	0.0
444	3.0	2.0	2.0	2.0	2.333	6.667	2.0
445	3.0	1.0	2.0	1.0	0.9990000000000006	8.001	2.0
446	3.0	1.0	1.0	1.0	1.9990000000000006	10.001	2.0
447	3.0	0.0	2.0	0.0	2.0040000000000004	6.9959999999999996	2.0
448	5.0	0.0	3.0	0.0	2.736	6.263999999999999	2.0
449	3.0	0.0	2.0	0.0	3.0	6.0	2.0
450	1.0	1.0	0.0	1.0	1.6680000000000001	4.332	1.0
451	1.0	0.0	1.0	0.0	0.3330000000000002	2.667	1.0
452	3.0	3.0	1.0	2.0	5.0	10.0	2.0
453	3.0	1.0	1.0	1.0	3.068	8.931999999999999	2.0
454	4.0	3.0	2.0	2.0	6.0	12.0	4.0
455	2.0	1.0	2.0	1.0	1.3340000000000005	7.6659999999999995	3.0
456	2.0	0.0	1.0	0.0	2.0	4.0	1.0
457	1.0	0.0	1.0	0.0	0.3330000000000002	2.667	1.0
458	1.0	1.0	1.0	1.0	0.6660000000000004	5.334	2.0
459	1.0	0.0	1.0	0.0	0.3330000000000002	2.667	1.0
460	2.0	4.0	1.0	3.0	2.3320000000000007	12.668	4.0
461	4.0	0.0	2.0	0.0	4.0	8.0	2.0
462	2.0	1.0	1.0	1.0	1.6660000000000004	7.334	2.0
463	1.0	0.0	1.0	0.0	0.3330000000000002	2.667	1.0
464	2.0	2.0	2.0	2.0	2.3340000000000005	9.666	4.0
465	3.0	0.0	1.0	0.0	3.0	6.0	1.0
466	0.0	0.0	0.0	0.0	0.0	0.0	0.0
467	1.0	0.0	1.0	0.0	1.0	2.0	1.0
468	3.0	1.0	2.0	1.0	3.0	6.0	2.0
469	3.0	0.0	3.0	0.0	3.0	6.0	3.0
470	2.0	0.0	2.0	0.0	2.0	4.0	2.0
471	1.0	5.0	1.0	3.0	3.335000000000001	14.665	4.0
472	2.0	0.0	2.0	0.0	2.0	4.0	2.0
473	2.0	1.0	2.0	1.0	2.068	3.932	2.0
474	1.0	0.0	1.0	0.0	0.3330000000000002	2.667	1.0
475	0.0	0.0	0.0	0.0	0.0	0.0	0.0
476	1.0	0.0	0.0	0.0	0.3330000000000002	2.667	0.0
477	0.0	0.0	0.0	0.0	0.0	0.0	0.0
478	1.0	4.0	1.0	4.0	1.3320000000000007	10.668	4.0
479	3.0	0.0	3.0	0.0	3.0	6.0	3.0
480	1.0	3.0	1.0	2.0	2.3340000000000005	9.666	3.0
481	1.0	1.0	1.0	1.0	1.6680000000000001	4.332	2.0
482	1.0	0.0	1.0	0.0	0.3330000000000002	2.667	1.0
483	3.0	4.0	1.0	2.0	3.9990000000000006	14.001	3.0
484	3.0	0.0	3.0	0.0	3.0	6.0	3.0
485	3.0	2.0	1.0	1.0	4.001	10.998999999999999	2.0
486	1.0	2.0	0.0	1.0	0.9990000000000006	8.001	1.0
487	1.0	0.0	1.0	0.0	1.0	2.0	1.0
488	4.0	0.0	2.0	0.0	4.0	8.0	2.0
489	2.0	1.0	1.0	1.0	2.3360000000000003	6.664	2.0
490	1.0	1.0	1.0	1.0	0.6660000000000004	5.334	2.0
491	0.0	0.0	0.0	0.0	0.0	0.0	0.0
492	2.0	3.0	1.0	3.0	4.0	8.0	3.0
493	1.0	0.0	1.0	0.0	0.6680000000000001	2.332	1.0
494	1.0	0.0	1.0	0.0	1.0	2.0	1.0
495	1.0	0.0	1.0	0.0	0.3330000000000002	2.667	1.0
496	1.0	4.0	1.0	3.0	1.9990000000000006	10.001	3.0
497	0.0	1.0	0.0	0.0	1.0	2.0	0.0
498	1.0	3.0	1.0	3.0	1.6680000000000001	4.332	2.0
499	0.0	0.0	0.0	0.0	0.0	0.0	0.0
500	3.0	0.0	2.0	0.0	3.0	6.0	2.0
501	2.0	0.0	2.0	0.0	2.0	4.0	2.0
502	0.0	0.0	0.0	0.0	0.0	0.0	0.0
503	1.0	0.0	0.0	0.0	0.3330000000000002	2.667	0.0
504	1.0	0.0	1.0	0.0	0.3330000000000002	2.667	1.0
505	1.0	0.0	1.0	0.0	1.4	1.6	1.0
506	2.0	2.0	2.0	1.0	1.3320000000000007	10.668	3.0
507	1.0	0.0	1.0	0.0	1.0	2.0	1.0
508	1.0	0.0	0.0	0.0	1.0	2.0	0.0
509	2.0	0.0	1.0	0.0	2.0	4.0	1.0
510	2.0	2.0	2.0	2.0	3.0	6.0	3.0
511	2.0	1.0	2.0	1.0	2.333	6.667	3.0
512	2.0	1.0	2.0	1.0	1.3330000000000002	4.667	2.0
513	2.0	0.0	1.0	0.0	2.0	4.0	1.0
514	2.0	0.0	2.0	0.0	2.0	4.0	2.0
515	0.0	0.0	0.0	0.0	0.0	0.0	0.0
516	0.0	1.0	0.0	1.0	1.4	1.6	1.0
517	0.0	0.0	0.0	0.0	0.0	0.0	0.0
518	2.0	2.0	2.0	2.0	2.668	6.332	3.0
519	3.0	0.0	1.0	0.0	3.0	6.0	1.0
520	0.0	1.0	0.0	1.0	1.0	2.0	1.0
521	1.0	0.0	0.0	0.0	0.3330000000000002	2.667	0.0
522	0.0	1.0	0.0	1.0	0.6680000000000001	2.332	1.0
523	1.0	1.0	0.0	1.0	1.3330000000000002	4.667	1.0
524	3.0	0.0	2.0	0.0	3.0	6.0	2.0
525	3.0	0.0	2.0	0.0	3.0	6.0	2.0
526	0.0	0.0	0.0	0.0	0.0	0.0	0.0
527	2.0	0.0	0.0	0.0	1.3360000000000003	4.664	0.0
528	0.0	1.0	0.0	1.0	1.0	2.0	1.0
529	0.0	2.0	0.0	2.0	1.3360000000000003	4.664	2.0
530	2.0	0.0	1.0	0.0	0.6660000000000004	5.334	1.0
531	2.0	0.0	1.0	0.0	2.068	3.932	1.0
532	2.0	2.0	1.0	0.0	4.0	8.0	1.0
533	3.0	1.0	1.0	1.0	3.333	8.667	2.0
534	0.0	3.0	0.0	3.0	0.9990000000000006	8.001	3.0
535	2.0	0.0	0.0	0.0	0.6660000000000004	5.334	0.0
536	2.0	1.0	1.0	1.0	0.9990000000000006	8.001	2.0
537	4.0	0.0	4.0	0.0	3.3360000000000003	8.664	4.0
538	2.0	0.0	2.0	0.0	2.4	3.6	2.0
539	1.0	0.0	1.0	0.0	0.3330000000000002	2.667	1.0
540	2.0	0.0	2.0	0.0	2.0	4.0	2.0
541	1.0	0.0	1.0	0.0	0.3330000000000002	2.667	1.0
542	2.0	0.0	1.0	0.0	2.0	4.0	1.0
543	3.0	0.0	1.0	0.0	0.9990000000000006	8.001	1.0
544	4.0	0.0	2.0	0.0	4.0	8.0	2.0
545	2.0	1.0	1.0	1.0	3.0	6.0	2.0
546	2.0	0.0	1.0	0.0	0.6660000000000004	5.334	1.0
547	1.0	0.0	1.0	0.0	0.3330000000000002	2.667	1.0
548	1.0	1.0	1.0	1.0	1.733	4.2669999999999995	2.0
549	1.0	3.0	1.0	3.0	0.6660000000000004	5.334	2.0
550	0.0	2.0	0.0	2.0	1.3360000000000003	4.664	2.0
551	2.0	2.0	1.0	1.0	2.333	6.667	2.0
552	1.0	1.0	1.0	1.0	1.4	1.6	1.0
553	0.0	1.0	0.0	1.0	0.3330000000000002	2.667	1.0
554	1.0	0.0	1.0	0.0	0.3330000000000002	2.667	1.0
555	1.0	0.0	1.0	0.0	0.3330000000000002	2.667	1.0
556	0.0	1.0	0.0	1.0	0.3330000000000002	2.667	1.0
557	1.0	2.0	1.0	0.0	2.0	4.0	1.0
558	2.0	1.0	1.0	1.0	1.3340000000000005	7.6659999999999995	2.0
559	2.0	1.0	2.0	1.0	1.6660000000000004	7.334	3.0
560	1.0	0.0	1.0	0.0	1.0	2.0	1.0
561	2.0	0.0	1.0	0.0	2.068	3.932	1.0
562	2.0	0.0	2.0	0.0	2.0	4.0	2.0
563	3.0	1.0	2.0	1.0	4.0	8.0	3.0
564	2.0	1.0	2.0	1.0	0.9990000000000006	8.001	3.0
565	2.0	1.0	1.0	1.0	3.0	6.0	2.0
566	1.0	0.0	1.0	0.0	0.6680000000000001	2.332	1.0
567	2.0	0.0	1.0	0.0	0.6660000000000004	5.334	1.0
568	3.0	0.0	1.0	0.0	2.668	6.332	1.0
569	3.0	0.0	3.0	0.0	3.0	6.0	3.0
570	3.0	3.0	1.0	1.0	4.0	8.0	1.0
571	0.0	0.0	0.0	0.0	0.0	0.0	0.0
572	4.0	0.0	3.0	0.0	3.068	5.932	2.0
573	1.0	0.0	1.0	0.0	0.3330000000000002	2.667	1.0
574	2.0	1.0	2.0	1.0	1.6660000000000004	7.334	3.0
575	1.0	0.0	1.0	0.0	1.0	2.0	1.0
576	2.0	4.0	1.0	3.0	4.0	8.0	2.0
577	2.0	0.0	2.0	0.0	2.0	4.0	2.0
578	3.0	2.0	1.0	2.0	5.0	10.0	3.0
579	2.0	0.0	2.0	0.0	2.0	4.0	2.0
580	1.0	2.0	1.0	2.0	1.3330000000000002	4.667	2.0
581	2.0	1.0	0.0	1.0	1.3340000000000005	7.6659999999999995	1.0
582	0.0	3.0	0.0	1.0	0.6660000000000004	5.334	1.0
583	1.0	0.0	0.0	0.0	0.3330000000000002	2.667	0.0
584	0.0	4.0	0.0	4.0	1.3330000000000002	7.667	3.0
585	1.0	0.0	1.0	0.0	0.3330000000000002	2.667	1.0
586	2.0	0.0	1.0	0.0	2.0	4.0	1.0
587	3.0	0.0	3.0	0.0	3.8	5.2	3.0
588	0.0	1.0	0.0	1.0	0.3330000000000002	2.667	1.0
589	2.0	1.0	1.0	1.0	1.6660000000000004	7.334	2.0
590	3.0	1.0	2.0	1.0	4.0	8.0	3.0
591	0.0	0.0	0.0	0.0	0.0	0.0	0.0
592	3.0	1.0	1.0	0.0	1.3340000000000005	7.6659999999999995	1.0
593	1.0	0.0	1.0	0.0	1.0	2.0	1.0
594	4.0	1.0	3.0	1.0	3.668	8.332	3.0
595	2.0	1.0	0.0	1.0	0.9990000000000006	8.001	1.0
596	2.0	3.0	1.0	3.0	3.0	6.0	2.0
597	4.0	1.0	4.0	1.0	2.668	6.332	3.0
598	1.0	1.0	1.0	1.0	0.6680000000000001	5.332	2.0
599	1.0	0.0	0.0	0.0	1.0	2.0	0.0
600	2.0	2.0	0.0	0.0	3.0	6.0	0.0
601	2.0	2.0	2.0	1.0	1.3320000000000007	10.668	3.0
602	2.0	2.0	2.0	2.0	0.9990000000000006	8.001	3.0
603	4.0	1.0	2.0	0.0	2.668	6.332	2.0
604	2.0	0.0	0.0	0.0	1.3360000000000003	4.664	0.0
605	1.0	4.0	1.0	2.0	4.404	10.596	3.0
606	3.0	0.0	2.0	0.0	3.0	6.0	2.0
607	1.0	0.0	1.0	0.0	0.3330000000000002	2.667	1.0
608	3.0	0.0	1.0	0.0	3.0	6.0	1.0
609	1.0	1.0	1.0	0.0	1.0	5.0	1.0
610	0.0	0.0	0.0	0.0	0.0	0.0	0.0
611	2.0	0.0	2.0	0.0	1.6680000000000001	4.332	2.0
612	3.0	1.0	3.0	1.0	3.0	6.0	3.0
613	3.0	1.0	3.0	1.0	2.8	6.199999999999999	3.0
614	1.0	0.0	1.0	0.0	0.3330000000000002	2.667	1.0
615	1.0	2.0	1.0	1.0	2.668	6.332	2.0
616	2.0	1.0	2.0	0.0	0.9990000000000006	8.001	2.0
617	2.0	0.0	2.0	0.0	0.6660000000000004	5.334	2.0
618	2.0	1.0	1.0	1.0	2.3360000000000003	6.664	2.0
619	0.0	0.0	0.0	0.0	0.0	0.0	0.0
620	1.0	3.0	1.0	2.0	1.3320000000000007	10.668	3.0
621	1.0	0.0	0.0	0.0	0.3330000000000002	2.667	0.0
622	2.0	3.0	2.0	3.0	1.6660000000000004	7.334	3.0
623	3.0	2.0	1.0	1.0	3.333	8.667	2.0
624	1.0	2.0	1.0	1.0	0.9990000000000006	8.001	2.0
625	3.0	2.0	3.0	0.0	4.0	8.0	3.0
626	0.0	1.0	0.0	1.0	0.3330000000000002	2.667	1.0
627	2.0	1.0	2.0	1.0	1.3330000000000002	4.667	2.0
628	2.0	0.0	2.0	0.0	1.3360000000000003	4.664	2.0
629	2.0	0.0	0.0	0.0	2.0	4.0	0.0
630	3.0	0.0	3.0	0.0	3.0	6.0	3.0
631	3.0	0.0	3.0	0.0	1.6680000000000001	4.332	2.0
632	2.0	3.0	2.0	2.0	3.333	8.667	3.0
633	3.0	2.0	2.0	0.0	5.0	10.0	2.0
634	3.0	0.0	2.0	0.0	3.0	6.0	2.0
635	2.0	1.0	1.0	1.0	2.333	6.667	2.0
636	1.0	2.0	1.0	0.0	2.3360000000000003	6.664	1.0
637	4.0	3.0	2.0	3.0	5.336	12.664	4.0
638	3.0	0.0	2.0	0.0	3.068	5.932	2.0
639	1.0	0.0	1.0	0.0	0.3330000000000002	2.667	1.0
640	1.0	0.0	0.0	0.0	1.0	2.0	0.0
641	1.0	1.0	0.0	0.0	2.0	4.0	0.0
642	3.0	0.0	1.0	0.0	3.0	6.0	1.0
643	3.0	0.0	3.0	0.0	3.0	6.0	3.0
644	2.0	0.0	1.0	0.0	2.0	4.0	1.0
645	1.0	1.0	1.0	1.0	0.6680000000000001	2.332	1.0
646	3.0	3.0	2.0	1.0	6.0	12.0	3.0
647	2.0	0.0	1.0	0.0	2.8	3.2	1.0
648	4.0	1.0	3.0	1.0	4.333	10.667	4.0
649	2.0	3.0	2.0	2.0	2.6660000000000004	9.334	3.0
650	1.0	1.0	1.0	1.0	1.0	2.0	1.0
651	1.0	1.0	1.0	1.0	0.6660000000000004	5.334	2.0
652	2.0	2.0	1.0	1.0	1.3330000000000002	4.667	1.0
653	1.0	0.0	1.0	0.0	1.0	2.0	1.0
654	3.0	0.0	2.0	0.0	3.0	6.0	2.0
655	2.0	1.0	1.0	1.0	0.6660000000000004	5.334	1.0
656	1.0	0.0	1.0	0.0	1.0	2.0	1.0
657	1.0	1.0	0.0	1.0	2.0	4.0	1.0
658	0.0	0.0	0.0	0.0	0.0	0.0	0.0
659	3.0	0.0	1.0	0.0	2.4	3.6	1.0
660	2.0	0.0	1.0	0.0	0.6660000000000004	5.334	1.0
661	3.0	0.0	2.0	0.0	3.0	6.0	2.0
662	2.0	0.0	2.0	0.0	2.0	4.0	2.0
663	2.0	1.0	1.0	1.0	1.6680000000000001	4.332	1.0
664	1.0	0.0	0.0	0.0	0.3330000000000002	2.667	0.0
665	1.0	2.0	0.0	1.0	0.9990000000000006	8.001	1.0
666	0.0	0.0	0.0	0.0	0.0	0.0	0.0
667	2.0	0.0	1.0	0.0	0.6660000000000004	5.334	1.0
668	3.0	0.0	2.0	0.0	1.6680000000000001	4.332	1.0
669	0.0	2.0	0.0	2.0	0.3330000000000002	2.667	1.0
670	2.0	2.0	2.0	1.0	1.9990000000000006	10.001	3.0
671	1.0	0.0	1.0	0.0	1.0	2.0	1.0
672	0.0	0.0	0.0	0.0	0.0	0.0	0.0
673	2.0	4.0	1.0	2.0	3.3990000000000005	11.600999999999999	3.0
674	2.0	1.0	2.0	1.0	2.4	3.6	2.0
675	2.0	2.0	2.0	2.0	1.3330000000000002	4.667	2.0
676	0.0	2.0	0.0	1.0	1.3330000000000002	4.667	1.0
677	0.0	0.0	0.0	0.0	0.0	0.0	0.0
678	3.0	1.0	3.0	1.0	1.3330000000000002	4.667	2.0
679	2.0	0.0	1.0	0.0	0.6660000000000004	5.334	1.0
680	3.0	1.0	2.0	1.0	4.0	8.0	3.0
681	1.0	0.0	1.0	0.0	0.3330000000000002	2.667	1.0
682	1.0	0.0	1.0	0.0	0.3330000000000002	2.667	1.0
683	3.0	1.0	2.0	1.0	4.0	8.0	3.0
684	2.0	2.0	2.0	2.0	2.333	6.667	3.0
685	3.0	4.0	2.0	3.0	4.333	10.667	3.0
686	1.0	0.0	1.0	0.0	0.3330000000000002	2.667	1.0
687	3.0	2.0	3.0	1.0	4.0	8.0	3.0
688	1.0	0.0	0.0	0.0	1.0	2.0	0.0
689	1.0	0.0	0.0	0.0	0.6680000000000001	2.332	0.0
690	1.0	2.0	1.0	1.0	1.0	5.0	1.0
691	1.0	0.0	0.0	0.0	0.3330000000000002	2.667	0.0
692	4.0	0.0	1.0	0.0	4.0	8.0	1.0
693	2.0	0.0	1.0	0.0	1.6680000000000001	4.332	1.0
694	1.0	1.0	1.0	1.0	1.0	2.0	1.0
695	2.0	4.0	2.0	3.0	1.9990000000000006	10.001	3.0
696	2.0	1.0	2.0	1.0	1.3330000000000002	4.667	2.0
697	1.0	2.0	1.0	2.0	1.0	2.0	1.0
698	2.0	2.0	1.0	1.0	2.333	6.667	2.0
699	3.0	2.0	1.0	2.0	4.0	8.0	2.0
700	2.0	1.0	1.0	1.0	2.333	6.667	2.0
701	1.0	0.0	1.0	0.0	0.3330000000000002	2.667	1.0
702	1.0	1.0	1.0	1.0	0.6660000000000004	5.334	2.0
703	2.0	5.0	1.0	4.0	7.0	14.0	5.0
704	2.0	2.0	2.0	1.0	1.6660000000000004	7.334	2.0
705	2.0	2.0	1.0	1.0	0.6660000000000004	5.334	1.0
706	3.0	1.0	2.0	1.0	2.668	6.332	2.0
707	4.0	1.0	2.0	1.0	6.199999999999999	8.799999999999999	3.0
708	2.0	0.0	2.0	0.0	2.0	4.0	2.0
709	3.0	2.0	2.0	1.0	5.468	9.532	3.0
710	2.0	0.0	2.0	0.0	2.0	4.0	2.0
711	1.0	0.0	1.0	0.0	0.3330000000000002	2.667	1.0
712	3.0	0.0	2.0	0.0	3.0	6.0	2.0
713	1.0	0.0	0.0	0.0	0.3330000000000002	2.667	0.0
714	2.0	0.0	1.0	0.0	0.6660000000000004	5.334	1.0
715	3.0	0.0	2.0	0.0	3.0	6.0	2.0
716	3.0	0.0	2.0	0.0	3.0	6.0	2.0
717	3.0	0.0	3.0	0.0	1.6680000000000001	4.332	2.0
718	0.0	1.0	0.0	1.0	1.0	2.0	1.0
719	1.0	0.0	1.0	0.0	0.3330000000000002	2.667	1.0
720	2.0	0.0	1.0	0.0	0.6660000000000004	5.334	1.0
721	2.0	1.0	1.0	1.0	2.0	4.0	1.0
722	1.0	1.0	1.0	1.0	0.6660000000000004	5.334	2.0
723	2.0	1.0	1.0	1.0	3.0	6.0	2.0
724	2.0	0.0	1.0	0.0	2.0	4.0	1.0
725	1.0	2.0	0.0	2.0	0.9990000000000006	8.001	2.0
726	2.0	0.0	1.0	0.0	0.6660000000000004	5.334	1.0
727	2.0	1.0	2.0	0.0	3.4	5.6	2.0
728	1.0	0.0	0.0	0.0	0.3330000000000002	2.667	0.0
729	3.0	0.0	3.0	0.0	1.6680000000000001	4.332	2.0
730	1.0	0.0	1.0	0.0	0.3330000000000002	2.667	1.0
731	0.0	0.0	0.0	0.0	0.0	0.0	0.0
732	2.0	0.0	1.0	0.0	2.0	4.0	1.0
733	1.0	0.0	1.0	0.0	0.3330000000000002	2.667	1.0
734	3.0	0.0	1.0	0.0	3.0	6.0	1.0
735	2.0	0.0	2.0	0.0	0.6660000000000004	5.334	2.0
736	3.0	1.0	3.0	1.0	3.0	6.0	3.0
737	2.0	0.0	2.0	0.0	1.3360000000000003	4.664	2.0
738	1.0	1.0	1.0	0.0	0.6660000000000004	5.334	1.0
739	1.0	0.0	1.0	0.0	1.0	2.0	1.0
740	3.0	1.0	1.0	1.0	4.0	8.0	2.0
741	2.0	2.0	1.0	1.0	2.0	4.0	1.0
742	3.0	0.0	2.0	0.0	3.068	5.932	2.0
743	3.0	3.0	1.0	2.0	5.0	10.0	3.0
744	1.0	2.0	1.0	1.0	0.9990000000000006	8.001	2.0
745	1.0	0.0	1.0	0.0	0.3330000000000002	2.667	1.0
746	1.0	1.0	0.0	1.0	0.6660000000000004	5.334	1.0
747	0.0	1.0	0.0	1.0	1.0	2.0	1.0
748	1.0	0.0	1.0	0.0	1.0	2.0	1.0
749	4.0	4.0	2.0	2.0	3.9990000000000006	14.001	3.0
750	2.0	0.0	1.0	0.0	0.6660000000000004	5.334	1.0
751	1.0	1.0	0.0	1.0	1.0010000000000003	4.999	1.0
752	1.0	2.0	1.0	1.0	1.6680000000000001	4.332	1.0
753	1.0	0.0	0.0	0.0	0.6680000000000001	2.332	0.0
754	1.0	0.0	0.0	0.0	0.3330000000000002	2.667	0.0
755	1.0	0.0	1.0	0.0	1.0	2.0	1.0
756	2.0	0.0	2.0	0.0	2.0	4.0	2.0
757	3.0	3.0	1.0	2.0	5.0	10.0	2.0
758	0.0	0.0	0.0	0.0	0.0	0.0	0.0
759	3.0	0.0	3.0	0.0	3.0	6.0	3.0
760	2.0	0.0	1.0	0.0	2.0	4.0	1.0
761	1.0	1.0	1.0	1.0	1.0	5.0	2.0
762	0.0	0.0	0.0	0.0	0.0	0.0	0.0
763	2.0	2.0	2.0	1.0	3.733	8.267	3.0
764	0.0	0.0	0.0	0.0	0.0	0.0	0.0
765	3.0	3.0	1.0	2.0	5.0	10.0	2.0
766	1.0	2.0	1.0	2.0	1.6680000000000001	4.332	2.0
767	0.0	2.0	0.0	0.0	0.6660000000000004	5.334	0.0
768	4.0	5.0	2.0	4.0	5.399000000000001	15.600999999999999	4.0
769	1.0	2.0	1.0	1.0	0.9990000000000006	8.001	2.0
770	0.0	2.0	0.0	2.0	0.6660000000000004	5.334	2.0
771	3.0	5.0	1.0	3.0	7.668	16.332	4.0
772	3.0	3.0	1.0	2.0	5.4	9.6	2.0
773	3.0	0.0	2.0	0.0	3.0	6.0	2.0
774	3.0	4.0	0.0	3.0	5.333	12.667	3.0
775	2.0	0.0	1.0	0.0	2.0	4.0	1.0
776	2.0	4.0	1.0	1.0	2.668	9.332	1.0
777	1.0	1.0	1.0	1.0	1.3330000000000002	4.667	2.0
778	4.0	1.0	4.0	1.0	3.3360000000000003	8.664	4.0
779	2.0	0.0	1.0	0.0	0.6660000000000004	5.334	1.0
780	1.0	1.0	1.0	1.0	2.0	4.0	2.0
781	1.0	1.0	0.0	1.0	1.6680000000000001	4.332	1.0
782	5.0	0.0	3.0	0.0	5.0	10.0	3.0
783	1.0	1.0	1.0	1.0	1.0	2.0	1.0
784	2.0	0.0	2.0	0.0	0.6660000000000004	5.334	2.0
785	3.0	2.0	2.0	2.0	1.9990000000000006	10.001	3.0
786	0.0	2.0	0.0	2.0	1.3330000000000002	4.667	2.0
787	3.0	2.0	2.0	2.0	4.0	8.0	3.0
788	2.0	1.0	1.0	1.0	3.0	6.0	2.0
789	2.0	2.0	1.0	1.0	3.0	6.0	2.0
790	3.0	1.0	2.0	0.0	4.0	8.0	2.0
791	4.0	1.0	2.0	1.0	2.6690000000000005	9.331	2.0
792	3.0	1.0	1.0	1.0	4.4	7.6	2.0
793	3.0	0.0	1.0	0.0	3.0	6.0	1.0
794	2.0	0.0	1.0	0.0	1.6680000000000001	4.332	1.0
795	3.0	0.0	2.0	0.0	2.3360000000000003	6.664	2.0
796	1.0	0.0	1.0	0.0	1.0	2.0	1.0
797	3.0	2.0	2.0	2.0	2.333	6.667	2.0
798	2.0	0.0	2.0	0.0	0.6680000000000001	2.332	1.0
799	3.0	2.0	3.0	2.0	3.333	8.667	4.0
800	3.0	2.0	2.0	2.0	1.6660000000000004	7.334	2.0
801	4.0	2.0	3.0	2.0	4.333	10.667	4.0
802	2.0	2.0	1.0	2.0	1.3340000000000005	7.6659999999999995	2.0
803	2.0	2.0	0.0	2.0	3.4	5.6	1.0
804	3.0	1.0	2.0	1.0	4.0	8.0	3.0
805	1.0	0.0	1.0	0.0	0.3330000000000002	2.667	1.0
806	2.0	2.0	2.0	2.0	0.6660000000000004	5.334	2.0
807	0.0	2.0	0.0	2.0	1.0	2.0	1.0
808	2.0	1.0	1.0	1.0	3.0	6.0	2.0
809	2.0	0.0	1.0	0.0	2.0	4.0	1.0
810	2.0	2.0	2.0	2.0	2.0	4.0	2.0
811	3.0	3.0	3.0	2.0	4.333	10.667	4.0
812	2.0	2.0	1.0	2.0	3.0	6.0	2.0
813	3.0	4.0	2.0	4.0	2.3340000000000005	9.666	3.0
814	4.0	1.0	2.0	0.0	2.6660000000000004	9.334	2.0
815	4.0	2.0	2.0	2.0	4.333	10.667	3.0
816	0.0	0.0	0.0	0.0	0.0	0.0	0.0
817	3.0	0.0	1.0	0.0	3.0	6.0	1.0
818	4.0	0.0	2.0	0.0	4.0	8.0	2.0
819	3.0	2.0	2.0	0.0	3.668	8.332	2.0
820	3.0	1.0	2.0	1.0	4.0	8.0	3.0
821	3.0	2.0	3.0	2.0	2.0010000000000003	6.999	3.0
822	2.0	2.0	2.0	1.0	2.3340000000000005	9.666	3.0
823	2.0	3.0	1.0	2.0	3.668	8.332	2.0
824	2.0	2.0	2.0	1.0	2.6660000000000004	9.334	3.0
825	4.0	3.0	4.0	2.0	3.3340000000000005	11.666	4.0
826	1.0	0.0	1.0	0.0	1.0	2.0	1.0
827	1.0	2.0	1.0	1.0	2.0	4.0	1.0
828	4.0	0.0	2.0	0.0	4.0	8.0	2.0
829	3.0	1.0	2.0	1.0	1.3330000000000002	4.667	1.0
830	1.0	0.0	1.0	0.0	0.3330000000000002	2.667	1.0
831	2.0	1.0	0.0	0.0	2.0	4.0	0.0
832	1.0	0.0	1.0	0.0	0.6680000000000001	2.332	1.0
833	1.0	5.0	0.0	1.0	3.6660000000000004	11.334	1.0
834	2.0	4.0	0.0	2.0	3.0010000000000003	8.998999999999999	2.0
835	0.0	2.0	0.0	2.0	0.3330000000000002	2.667	1.0
836	0.0	0.0	0.0	0.0	0.0	0.0	0.0
837	0.0	3.0	0.0	3.0	2.0	4.0	2.0
838	0.0	0.0	0.0	0.0	0.0	0.0	0.0
839	1.0	0.0	1.0	0.0	1.0	2.0	1.0
840	2.0	0.0	1.0	0.0	2.0	4.0	1.0
841	1.0	0.0	0.0	0.0	0.3330000000000002	2.667	0.0
842	1.0	2.0	0.0	0.0	1.0	2.0	0.0
843	2.0	2.0	0.0	2.0	3.0	6.0	1.0
844	1.0	2.0	0.0	0.0	2.0	4.0	0.0
845	0.0	3.0	0.0	1.0	0.9990000000000006	8.001	1.0
846	2.0	0.0	1.0	0.0	0.6660000000000004	5.334	1.0
847	0.0	0.0	0.0	0.0	0.0	0.0	0.0
848	0.0	0.0	0.0	0.0	0.0	0.0	0.0
849	0.0	0.0	0.0	0.0	0.0	0.0	0.0
850	2.0	3.0	1.0	0.0	3.0	6.0	1.0
851	2.0	2.0	1.0	1.0	2.0	4.0	1.0
852	4.0	1.0	2.0	0.0	4.804	10.196	2.0
853	1.0	0.0	0.0	0.0	1.0	2.0	0.0
854	2.0	0.0	0.0	0.0	0.6660000000000004	5.334	0.0
855	2.0	0.0	2.0	0.0	0.6660000000000004	5.334	2.0
856	3.0	0.0	3.0	0.0	3.0	6.0	3.0
857	2.0	0.0	1.0	0.0	2.0	4.0	1.0
858	1.0	0.0	0.0	0.0	1.0	2.0	0.0
859	2.0	0.0	1.0	0.0	2.0	4.0	1.0
860	3.0	0.0	0.0	0.0	3.0	6.0	0.0
861	0.0	0.0	0.0	0.0	0.0	0.0	0.0
862	2.0	2.0	1.0	2.0	2.0	4.0	1.0
863	1.0	0.0	0.0	0.0	1.0	2.0	0.0
864	2.0	0.0	1.0	0.0	2.0	4.0	1.0
865	0.0	2.0	0.0	0.0	0.6660000000000004	5.334	0.0
866	1.0	1.0	1.0	0.0	1.0010000000000003	4.999	1.0
867	2.0	3.0	1.0	1.0	2.0010000000000003	6.999	1.0
868	2.0	1.0	1.0	1.0	2.333	6.667	2.0
869	2.0	2.0	1.0	2.0	0.6660000000000004	5.334	1.0
870	2.0	0.0	1.0	0.0	2.0	4.0	1.0
871	2.0	1.0	2.0	1.0	3.0	6.0	3.0
872	2.0	5.0	2.0	3.0	3.0010000000000003	8.998999999999999	3.0
873	1.0	2.0	1.0	2.0	0.3330000000000002	2.667	1.0
874	3.0	0.0	2.0	0.0	3.0	6.0	2.0
875	1.0	1.0	1.0	1.0	0.3330000000000002	2.667	1.0
876	3.0	3.0	2.0	2.0	5.0	10.0	3.0
877	0.0	0.0	0.0	0.0	0.0	0.0	0.0
878	3.0	3.0	3.0	3.0	1.6660000000000004	7.334	3.0
879	2.0	3.0	1.0	2.0	4.0	8.0	2.0
880	2.0	3.0	1.0	2.0	4.668	10.332	3.0
881	2.0	2.0	0.0	2.0	2.6690000000000005	9.331	2.0
882	3.0	2.0	2.0	2.0	4.0	8.0	3.0
883	1.0	0.0	1.0	0.0	1.0	2.0	1.0
884	3.0	2.0	2.0	2.0	4.0	8.0	3.0
885	1.0	0.0	0.0	0.0	1.4	1.6	0.0
886	1.0	0.0	1.0	0.0	1.0	2.0	1.0
887	1.0	1.0	0.0	1.0	2.0	4.0	1.0
888	1.0	0.0	1.0	0.0	1.0	2.0	1.0
889	1.0	1.0	1.0	1.0	1.3330000000000002	4.667	2.0
890	0.0	1.0	0.0	1.0	1.0	2.0	1.0
891	1.0	2.0	1.0	2.0	0.3330000000000002	2.667	1.0
892	2.0	1.0	0.0	1.0	3.0	6.0	1.0
893	2.0	1.0	2.0	1.0	1.0	2.0	1.0
894	0.0	0.0	0.0	0.0	0.0	0.0	0.0
895	1.0	0.0	1.0	0.0	0.3330000000000002	2.667	1.0
896	0.0	0.0	0.0	0.0	0.0	0.0	0.0
897	0.0	0.0	0.0	0.0	0.0	0.0	0.0
898	2.0	0.0	1.0	0.0	2.0	4.0	1.0
899	1.0	2.0	1.0	2.0	0.6660000000000004	5.334	2.0
900	1.0	0.0	1.0	0.0	1.0	2.0	1.0
901	0.0	0.0	0.0	0.0	0.0	0.0	0.0
902	0.0	0.0	0.0	0.0	0.0	0.0	0.0
903	0.0	0.0	0.0	0.0	0.0	0.0	0.0
904	0.0	0.0	0.0	0.0	0.0	0.0	0.0
905	0.0	0.0	0.0	0.0	0.0	0.0	0.0
906	2.0	1.0	0.0	1.0	3.0	6.0	1.0
907	1.0	0.0	0.0	0.0	1.0	2.0	0.0
908	1.0	0.0	0.0	0.0	0.3330000000000002	2.667	0.0
909	2.0	1.0	2.0	1.0	2.0	4.0	2.0
910	2.0	4.0	1.0	2.0	2.6660000000000004	9.334	2.0
911	1.0	1.0	1.0	1.0	1.6680000000000001	4.332	2.0
912	1.0	3.0	1.0	2.0	2.333	6.667	2.0
913	0.0	2.0	0.0	2.0	1.0	2.0	1.0
914	3.0	3.0	3.0	2.0	3.333	8.667	3.0
915	3.0	1.0	2.0	1.0	3.0	6.0	2.0
916	2.0	1.0	1.0	1.0	0.9990000000000006	8.001	2.0
917	1.0	1.0	0.0	1.0	0.6660000000000004	5.334	1.0
918	3.0	2.0	1.0	1.0	4.333	10.667	2.0
919	1.0	2.0	1.0	2.0	1.3330000000000002	4.667	2.0
920	0.0	2.0	0.0	2.0	1.0	2.0	1.0
921	2.0	2.0	1.0	2.0	2.333	6.667	2.0
922	3.0	1.0	3.0	1.0	1.6680000000000001	4.332	2.0
923	4.0	1.0	2.0	1.0	3.3360000000000003	8.664	3.0
924	2.0	2.0	2.0	2.0	2.0	4.0	2.0
925	2.0	2.0	1.0	2.0	1.6660000000000004	7.334	2.0
926	3.0	0.0	2.0	0.0	2.668	6.332	2.0
927	1.0	0.0	1.0	0.0	0.3330000000000002	2.667	1.0
928	0.0	0.0	0.0	0.0	0.0	0.0	0.0
929	1.0	0.0	1.0	0.0	1.4	1.6	1.0
930	1.0	2.0	0.0	0.0	3.0	6.0	0.0
931	1.0	0.0	0.0	0.0	1.0	2.0	0.0
932	3.0	0.0	2.0	0.0	3.0	6.0	2.0
933	0.0	1.0	0.0	1.0	0.3330000000000002	2.667	1.0
934	2.0	0.0	2.0	0.0	2.0	4.0	2.0
935	2.0	1.0	0.0	1.0	3.068	5.932	1.0
936	1.0	1.0	1.0	1.0	1.0	2.0	1.0
937	1.0	3.0	1.0	2.0	1.9990000000000006	10.001	3.0
938	2.0	1.0	2.0	1.0	0.9990000000000006	8.001	3.0
939	2.0	2.0	1.0	1.0	4.0	8.0	2.0
940	1.0	1.0	1.0	0.0	2.4	3.6	1.0
941	2.0	3.0	2.0	1.0	4.0	8.0	2.0
942	1.0	0.0	1.0	0.0	0.3330000000000002	2.667	1.0
943	1.0	0.0	1.0	0.0	1.4	1.6	1.0
944	1.0	0.0	1.0	0.0	0.3330000000000002	2.667	1.0
945	1.0	2.0	1.0	2.0	1.3330000000000002	4.667	2.0
946	1.0	0.0	0.0	0.0	0.3330000000000002	2.667	0.0
947	2.0	0.0	1.0	0.0	1.6680000000000001	4.332	1.0
948	1.0	0.0	1.0	0.0	1.0	2.0	1.0
949	2.0	1.0	2.0	0.0	2.4	6.6	2.0
950	3.0	0.0	2.0	0.0	3.0	6.0	2.0
951	3.0	0.0	3.0	0.0	3.0	6.0	3.0
952	2.0	0.0	1.0	0.0	2.0	4.0	1.0
953	2.0	0.0	2.0	0.0	2.0	4.0	2.0
954	1.0	0.0	1.0	0.0	1.0	2.0	1.0
955	2.0	0.0	1.0	0.0	2.0	4.0	1.0
956	0.0	0.0	0.0	0.0	0.0	0.0	0.0
957	4.0	0.0	3.0	0.0	2.668	6.332	2.0
958	2.0	0.0	1.0	0.0	2.0	4.0	1.0
959	2.0	1.0	1.0	0.0	1.3360000000000003	4.664	1.0
960	1.0	0.0	0.0	0.0	0.6680000000000001	2.332	0.0
961	3.0	2.0	2.0	2.0	2.6660000000000004	9.334	3.0
962	1.0	0.0	0.0	0.0	0.3330000000000002	2.667	0.0
963	1.0	0.0	1.0	0.0	1.0	2.0	1.0
964	1.0	1.0	1.0	1.0	1.4	1.6	1.0
965	2.0	1.0	2.0	1.0	0.6660000000000004	5.334	2.0
966	1.0	0.0	1.0	0.0	0.3330000000000002	2.667	1.0
967	2.0	4.0	0.0	4.0	4.333	10.667	3.0
968	2.0	1.0	1.0	1.0	3.0	6.0	2.0
969	2.0	1.0	1.0	1.0	3.4	5.6	2.0
970	1.0	1.0	1.0	0.0	1.3360000000000003	4.664	1.0
971	1.0	0.0	0.0	0.0	0.3330000000000002	2.667	0.0
972	2.0	0.0	1.0	0.0	2.0	4.0	1.0
973	3.0	0.0	3.0	0.0	3.8	5.2	3.0
974	3.0	0.0	2.0	0.0	3.468	5.532	2.0
975	1.0	0.0	1.0	0.0	0.3330000000000002	2.667	1.0
976	1.0	0.0	1.0	0.0	0.3330000000000002	2.667	1.0
977	0.0	0.0	0.0	0.0	0.0	0.0	0.0
978	1.0	0.0	1.0	0.0	0.3330000000000002	2.667	1.0
979	0.0	0.0	0.0	0.0	0.0	0.0	0.0
980	0.0	0.0	0.0	0.0	0.0	0.0	0.0
981	2.0	0.0	2.0	0.0	2.4	3.6	2.0
982	1.0	1.0	1.0	1.0	2.0	4.0	2.0
983	1.0	1.0	0.0	1.0	1.6680000000000001	4.332	1.0
984	0.0	0.0	0.0	0.0	0.0	0.0	0.0
985	3.0	0.0	2.0	0.0	2.668	6.332	2.0
986	0.0	0.0	0.0	0.0	0.0	0.0	0.0
987	1.0	0.0	1.0	0.0	0.3330000000000002	2.667	1.0
988	0.0	0.0	0.0	0.0	0.0	0.0	0.0
989	2.0	0.0	1.0	0.0	2.4	3.6	1.0
990	3.0	0.0	2.0	0.0	3.0	6.0	2.0
991	1.0	5.0	1.0	3.0	2.3340000000000005	9.666	3.0
992	1.0	0.0	0.0	0.0	1.0	2.0	0.0
993	1.0	0.0	1.0	0.0	0.3330000000000002	2.667	1.0
994	2.0	1.0	1.0	1.0	1.0010000000000003	4.999	1.0
995	1.0	3.0	0.0	2.0	2.6660000000000004	9.334	2.0
996	1.0	4.0	1.0	3.0	2.3370000000000006	9.663	3.0
997	1.0	2.0	1.0	2.0	1.3330000000000002	4.667	2.0
998	1.0	4.0	0.0	2.0	2.0010000000000003	9.998999999999999	2.0
999	0.0	0.0	0.0	0.0	0.0	0.0	0.0
1000	0.0	0.0	0.0	0.0	0.0	0.0	0.0
1001	0.0	0.0	0.0	0.0	0.0	0.0	0.0
1002	2.0	1.0	2.0	1.0	1.3330000000000002	4.667	2.0
1003	0.0	2.0	0.0	2.0	0.6660000000000004	5.334	2.0
1004	1.0	0.0	1.0	0.0	1.0	2.0	1.0
1005	0.0	4.0	0.0	1.0	2.6660000000000004	9.334	1.0
1006	2.0	0.0	2.0	0.0	2.0	4.0	2.0
1007	2.0	0.0	2.0	0.0	2.0	4.0	2.0
1008	2.0	4.0	0.0	4.0	3.6660000000000004	11.334	3.0
1009	0.0	0.0	0.0	0.0	0.0	0.0	0.0
1010	1.0	2.0	1.0	2.0	1.0	2.0	1.0
1011	2.0	1.0	1.0	1.0	3.0	6.0	2.0
1012	2.0	2.0	1.0	2.0	1.6660000000000004	7.334	2.0
1013	2.0	2.0	1.0	2.0	1.0010000000000003	4.999	1.0
1014	2.0	1.0	2.0	1.0	1.3330000000000002	4.667	2.0
1015	1.0	4.0	0.0	3.0	2.4010000000000002	9.599	2.0
1016	2.0	4.0	1.0	3.0	3.333	8.667	2.0
1017	2.0	3.0	1.0	1.0	3.0010000000000003	8.998999999999999	1.0
1018	1.0	4.0	0.0	2.0	4.4	7.6	2.0
1019	0.0	3.0	0.0	1.0	1.6660000000000004	7.334	1.0
1020	3.0	1.0	2.0	1.0	2.0010000000000003	6.999	2.0
1021	3.0	0.0	3.0	0.0	3.0	6.0	3.0
1022	0.0	2.0	0.0	1.0	1.3330000000000002	4.667	1.0
1023	2.0	0.0	1.0	0.0	2.0	4.0	1.0
1024	2.0	1.0	0.0	1.0	3.0	6.0	1.0
1025	2.0	1.0	2.0	1.0	1.3330000000000002	4.667	2.0
1026	2.0	1.0	2.0	0.0	2.333	6.667	2.0
1027	1.0	0.0	0.0	0.0	0.3330000000000002	2.667	0.0
1028	2.0	1.0	2.0	1.0	2.0	4.0	2.0
1029	4.0	3.0	2.0	2.0	4.001	10.998999999999999	3.0
1030	2.0	2.0	1.0	2.0	2.0	4.0	1.0
1031	1.0	0.0	0.0	0.0	1.0	2.0	0.0
1032	1.0	2.0	1.0	2.0	2.668	6.332	3.0
1033	2.0	2.0	1.0	2.0	2.668	6.332	2.0
1034	2.0	1.0	2.0	1.0	2.4	3.6	2.0
1035	0.0	2.0	0.0	0.0	1.6680000000000001	4.332	0.0
1036	0.0	0.0	0.0	0.0	0.0	0.0	0.0
1037	0.0	0.0	0.0	0.0	0.0	0.0	0.0
1038	0.0	0.0	0.0	0.0	0.0	0.0	0.0
