pos	Sd	Nd	Sd_tip	Nd_tip	S	N	comparisons
001	0.0	0.0	0.0	0.0	0.0	0.0	0.0
002	0.0	0.0	0.0	0.0	0.0	0.0	0.0
003	0.0	0.0	0.0	0.0	0.0	0.0	0.0
004	0.0	0.0	0.0	0.0	0.0	0.0	0.0
005	0.0	0.0	0.0	0.0	0.0	0.0	0.0
006	0.0	0.0	0.0	0.0	0.0	0.0	0.0
007	0.0	0.0	0.0	0.0	0.0	0.0	0.0
008	0.0	0.0	0.0	0.0	0.0	0.0	0.0
009	0.0	0.0	0.0	0.0	0.0	0.0	0.0
010	0.0	0.0	0.0	0.0	0.0	0.0	0.0
011	0.0	0.0	0.0	0.0	0.0	0.0	0.0
012	0.0	0.0	0.0	0.0	0.0	0.0	0.0
013	0.0	0.0	0.0	0.0	0.0	0.0	0.0
014	0.0	0.0	0.0	0.0	0.0	0.0	0.0
015	0.0	0.0	0.0	0.0	0.0	0.0	0.0
016	0.0	0.0	0.0	0.0	0.0	0.0	0.0
017	0.0	0.0	0.0	0.0	0.0	0.0	0.0
018	0.0	0.0	0.0	0.0	0.0	0.0	0.0
019	0.0	0.0	0.0	0.0	0.0	0.0	0.0
020	0.0	0.0	0.0	0.0	0.0	0.0	0.0
021	0.0	0.0	0.0	0.0	0.0	0.0	0.0
022	0.0	0.0	0.0	0.0	0.0	0.0	0.0
023	0.0	0.0	0.0	0.0	0.0	0.0	0.0
024	0.0	0.0	0.0	0.0	0.0	0.0	0.0
025	0.0	0.0	0.0	0.0	0.0	0.0	0.0
026	0.0	0.0	0.0	0.0	0.0	0.0	0.0
027	0.0	0.0	0.0	0.0	0.0	0.0	0.0
028	0.0	0.0	0.0	0.0	0.0	0.0	0.0
029	0.0	0.0	0.0	0.0	0.0	0.0	0.0
030	0.0	0.0	0.0	0.0	0.0	0.0	0.0
031	0.0	0.0	0.0	0.0	0.0	0.0	0.0
032	0.0	0.0	0.0	0.0	0.0	0.0	0.0
033	0.0	0.0	0.0	0.0	0.0	0.0	0.0
034	0.0	0.0	0.0	0.0	0.0	0.0	0.0
035	0.0	0.0	0.0	0.0	0.0	0.0	0.0
036	0.0	0.0	0.0	0.0	0.0	0.0	0.0
037	0.0	0.0	0.0	0.0	0.0	0.0	0.0
038	0.0	0.0	0.0	0.0	0.0	0.0	0.0
039	0.0	0.0	0.0	0.0	0.0	0.0	0.0
040	0.0	0.0	0.0	0.0	0.0	0.0	0.0
041	0.0	0.0	0.0	0.0	0.0	0.0	0.0
042	1.0	1.0	1.0	1.0	1.0	2.0	1.0
043	0.0	2.0	0.0	2.0	1.0	2.0	1.0
044	0.0	0.0	0.0	0.0	0.0	0.0	0.0
045	1.0	2.0	1.0	2.0	1.3330000000000002	4.667	2.0
046	0.0	1.0	0.0	1.0	1.0	2.0	1.0
047	1.0	0.0	1.0	0.0	1.0	2.0	1.0
048	1.0	1.0	1.0	1.0	1.6680000000000001	4.332	2.0
049	1.0	0.0	1.0	0.0	0.3330000000000002	2.667	1.0
050	1.0	0.0	1.0	0.0	1.0	2.0	1.0
051	1.0	1.0	1.0	1.0	1.0	2.0	1.0
052	1.0	0.0	1.0	0.0	1.0	2.0	1.0
053	1.0	1.0	1.0	1.0	1.0	5.0	2.0
054	1.0	0.0	1.0	0.0	1.0	2.0	1.0
055	0.0	0.0	0.0	0.0	0.0	0.0	0.0
056	0.0	0.0	0.0	0.0	0.0	0.0	0.0
057	1.0	0.0	1.0	0.0	1.0	2.0	1.0
058	0.0	0.0	0.0	0.0	0.0	0.0	0.0
059	0.0	0.0	0.0	0.0	0.0	0.0	0.0
060	1.0	0.0	1.0	0.0	1.0	2.0	1.0
061	0.0	2.0	0.0	2.0	0.3330000000000002	2.667	1.0
062	1.0	1.0	1.0	1.0	1.3330000000000002	4.667	2.0
063	1.0	0.0	1.0	0.0	0.3330000000000002	2.667	1.0
064	0.0	0.0	0.0	0.0	0.0	0.0	0.0
065	1.0	2.0	1.0	2.0	2.0	4.0	2.0
066	1.0	2.0	1.0	2.0	1.0010000000000003	4.999	2.0
067	0.0	1.0	0.0	1.0	0.3330000000000002	2.667	1.0
068	0.0	0.0	0.0	0.0	0.0	0.0	0.0
069	1.0	2.0	1.0	2.0	1.3330000000000002	4.667	2.0
070	1.0	1.0	1.0	1.0	1.3330000000000002	4.667	2.0
071	0.0	0.0	0.0	0.0	0.0	0.0	0.0
072	0.0	0.0	0.0	0.0	0.0	0.0	0.0
073	1.0	2.0	1.0	2.0	1.3330000000000002	4.667	2.0
074	0.0	2.0	0.0	2.0	1.0	2.0	1.0
075	1.0	1.0	1.0	1.0	0.3330000000000002	2.667	1.0
076	0.0	1.0	0.0	1.0	1.0	2.0	1.0
077	0.0	0.0	0.0	0.0	0.0	0.0	0.0
078	1.0	2.0	1.0	2.0	0.6680000000000001	2.332	1.0
079	1.0	2.0	1.0	2.0	1.0	2.0	1.0
080	1.0	0.0	1.0	0.0	1.0	2.0	1.0
081	0.0	2.0	0.0	2.0	1.0	2.0	1.0
082	1.0	1.0	1.0	1.0	2.0	4.0	2.0
083	0.0	1.0	0.0	1.0	0.6680000000000001	2.332	1.0
084	0.0	0.0	0.0	0.0	0.0	0.0	0.0
085	0.0	1.0	0.0	1.0	0.3330000000000002	2.667	1.0
086	1.0	1.0	1.0	1.0	0.6660000000000004	5.334	2.0
087	0.0	0.0	0.0	0.0	0.0	0.0	0.0
088	0.0	0.0	0.0	0.0	0.0	0.0	0.0
089	0.0	2.0	0.0	2.0	0.3330000000000002	2.667	1.0
090	1.0	2.0	1.0	2.0	0.3330000000000002	2.667	1.0
091	1.0	2.0	1.0	2.0	2.0	4.0	2.0
092	1.0	0.0	1.0	0.0	1.0	2.0	1.0
093	0.0	2.0	0.0	2.0	1.3330000000000002	4.667	2.0
094	1.0	2.0	1.0	2.0	0.3330000000000002	2.667	1.0
095	1.0	2.0	1.0	2.0	2.0	4.0	2.0
096	1.0	1.0	1.0	1.0	2.0	4.0	2.0
097	1.0	1.0	1.0	1.0	2.0	4.0	2.0
098	1.0	2.0	1.0	2.0	1.6680000000000001	4.332	2.0
099	1.0	1.0	1.0	1.0	1.0	2.0	1.0
100	0.0	0.0	0.0	0.0	0.0	0.0	0.0
101	0.0	0.0	0.0	0.0	0.0	0.0	0.0
102	0.0	0.0	0.0	0.0	0.0	0.0	0.0
103	0.0	0.0	0.0	0.0	0.0	0.0	0.0
104	0.0	0.0	0.0	0.0	0.0	0.0	0.0
105	0.0	0.0	0.0	0.0	0.0	0.0	0.0
106	1.0	2.0	1.0	2.0	1.3330000000000002	4.667	2.0
107	1.0	1.0	1.0	1.0	1.0	2.0	1.0
108	1.0	2.0	1.0	2.0	1.3330000000000002	4.667	2.0
109	1.0	2.0	1.0	2.0	1.3330000000000002	4.667	2.0
110	1.0	1.0	1.0	1.0	2.0	4.0	2.0
111	0.0	2.0	0.0	2.0	1.3330000000000002	4.667	2.0
112	0.0	0.0	0.0	0.0	0.0	0.0	0.0
113	0.0	1.0	0.0	1.0	0.3330000000000002	2.667	1.0
114	0.0	1.0	0.0	1.0	0.3330000000000002	2.667	1.0
115	1.0	1.0	1.0	1.0	1.0	2.0	1.0
116	0.0	2.0	0.0	2.0	1.3330000000000002	4.667	2.0
117	1.0	2.0	1.0	2.0	1.3330000000000002	4.667	2.0
118	1.0	0.0	1.0	0.0	0.3330000000000002	2.667	1.0
119	1.0	0.0	1.0	0.0	0.3330000000000002	2.667	1.0
120	2.0	0.0	2.0	0.0	0.6680000000000001	2.332	1.0
121	0.0	0.0	0.0	0.0	0.0	0.0	0.0
122	0.0	0.0	0.0	0.0	0.0	0.0	0.0
123	1.0	0.0	1.0	0.0	1.4	1.6	1.0
124	1.0	2.0	1.0	2.0	1.733	4.2669999999999995	2.0
125	1.0	2.0	1.0	2.0	0.3330000000000002	2.667	1.0
126	0.0	3.0	0.0	3.0	1.3330000000000002	4.667	2.0
127	1.0	1.0	1.0	1.0	0.0	3.0	1.0
128	0.0	2.0	0.0	2.0	0.6680000000000001	5.332	2.0
129	1.0	0.0	1.0	0.0	1.0	2.0	1.0
130	0.0	3.0	0.0	3.0	1.3330000000000002	4.667	2.0
131	1.0	2.0	1.0	2.0	0.3330000000000002	2.667	1.0
132	1.0	2.0	1.0	2.0	1.3330000000000002	4.667	2.0
133	1.0	2.0	1.0	2.0	2.0	4.0	2.0
134	0.0	3.0	0.0	3.0	1.3330000000000002	4.667	2.0
135	0.0	2.0	0.0	2.0	0.6680000000000001	2.332	1.0
136	1.0	0.0	1.0	0.0	0.3330000000000002	2.667	1.0
137	0.0	1.0	0.0	1.0	1.0	2.0	1.0
138	0.0	0.0	0.0	0.0	0.0	0.0	0.0
139	0.0	3.0	0.0	3.0	1.3330000000000002	4.667	2.0
140	1.0	0.0	1.0	0.0	0.3330000000000002	2.667	1.0
141	0.0	3.0	0.0	3.0	0.3330000000000002	5.667	2.0
142	1.0	2.0	1.0	2.0	1.3330000000000002	4.667	2.0
143	1.0	0.0	1.0	0.0	0.3330000000000002	2.667	1.0
144	1.0	0.0	1.0	0.0	0.6680000000000001	2.332	1.0
145	0.0	2.0	0.0	2.0	1.3330000000000002	4.667	2.0
146	1.0	2.0	1.0	2.0	1.3330000000000002	4.667	2.0
147	1.0	1.0	1.0	1.0	0.6660000000000004	5.334	2.0
148	0.0	0.0	0.0	0.0	0.0	0.0	0.0
149	0.0	0.0	0.0	0.0	0.0	0.0	0.0
150	0.0	0.0	0.0	0.0	0.0	0.0	0.0
151	0.0	0.0	0.0	0.0	0.0	0.0	0.0
152	0.0	0.0	0.0	0.0	0.0	0.0	0.0
153	1.0	1.0	1.0	1.0	2.0	4.0	2.0
154	0.0	1.0	0.0	1.0	0.6680000000000001	2.332	1.0
155	0.0	0.0	0.0	0.0	0.0	0.0	0.0
156	1.0	0.0	1.0	0.0	0.6680000000000001	2.332	1.0
157	0.0	1.0	0.0	1.0	0.3330000000000002	2.667	1.0
158	1.0	2.0	1.0	2.0	1.6680000000000001	4.332	2.0
159	0.0	1.0	0.0	1.0	1.0	2.0	1.0
160	0.0	0.0	0.0	0.0	0.0	0.0	0.0
161	1.0	0.0	1.0	0.0	1.0	2.0	1.0
162	1.0	1.0	1.0	1.0	1.0	2.0	1.0
163	0.0	0.0	0.0	0.0	0.0	0.0	0.0
164	0.0	0.0	0.0	0.0	0.0	0.0	0.0
165	0.0	2.0	0.0	2.0	1.0010000000000003	4.999	2.0
166	0.0	3.0	0.0	3.0	0.6660000000000004	5.334	2.0
167	2.0	1.0	2.0	1.0	1.6680000000000001	4.332	2.0
168	0.0	1.0	0.0	1.0	0.3330000000000002	2.667	1.0
169	0.0	0.0	0.0	0.0	0.0	0.0	0.0
170	1.0	2.0	1.0	2.0	0.6680000000000001	2.332	1.0
171	0.0	0.0	0.0	0.0	0.0	0.0	0.0
172	1.0	2.0	1.0	2.0	2.0	4.0	2.0
173	0.0	1.0	0.0	1.0	0.3330000000000002	2.667	1.0
174	1.0	0.0	1.0	0.0	1.0	2.0	1.0
175	0.0	0.0	0.0	0.0	0.0	0.0	0.0
176	1.0	0.0	1.0	0.0	1.0	2.0	1.0
177	0.0	2.0	0.0	2.0	0.6660000000000004	5.334	2.0
178	1.0	0.0	1.0	0.0	1.0	2.0	1.0
179	0.0	0.0	0.0	0.0	0.0	0.0	0.0
180	0.0	0.0	0.0	0.0	0.0	0.0	0.0
181	0.0	0.0	0.0	0.0	0.0	0.0	0.0
182	0.0	1.0	0.0	1.0	0.3330000000000002	2.667	1.0
183	1.0	0.0	1.0	0.0	0.6680000000000001	2.332	1.0
184	1.0	0.0	1.0	0.0	1.4	1.6	1.0
185	1.0	0.0	1.0	0.0	1.0	2.0	1.0
186	1.0	1.0	1.0	1.0	0.6680000000000001	2.332	1.0
187	1.0	1.0	1.0	1.0	2.0	4.0	2.0
188	0.0	1.0	0.0	1.0	1.0	2.0	1.0
189	1.0	2.0	1.0	2.0	2.0	4.0	2.0
190	1.0	0.0	1.0	0.0	1.0	2.0	1.0
191	0.0	0.0	0.0	0.0	0.0	0.0	0.0
192	0.0	1.0	0.0	1.0	0.3330000000000002	2.667	1.0
193	1.0	0.0	1.0	0.0	1.0	2.0	1.0
194	1.0	0.0	1.0	0.0	0.3330000000000002	2.667	1.0
195	1.0	2.0	1.0	2.0	1.3330000000000002	4.667	2.0
196	1.0	2.0	1.0	2.0	1.0	2.0	1.0
197	1.0	0.0	1.0	0.0	0.3330000000000002	2.667	1.0
198	1.0	2.0	1.0	2.0	1.3330000000000002	4.667	2.0
199	1.0	0.0	1.0	0.0	1.0	2.0	1.0
200	1.0	1.0	1.0	1.0	2.0	4.0	2.0
201	0.0	2.0	0.0	2.0	1.6680000000000001	4.332	2.0
202	1.0	0.0	1.0	0.0	1.0	2.0	1.0
203	1.0	0.0	1.0	0.0	1.0	2.0	1.0
204	2.0	1.0	2.0	1.0	0.6680000000000001	2.332	1.0
205	0.0	3.0	0.0	3.0	1.3330000000000002	4.667	2.0
206	0.0	0.0	0.0	0.0	0.0	0.0	0.0
207	0.0	0.0	0.0	0.0	0.0	0.0	0.0
208	2.0	0.0	2.0	0.0	1.0	2.0	1.0
209	0.0	3.0	0.0	3.0	1.3330000000000002	4.667	2.0
210	0.0	0.0	0.0	0.0	0.0	0.0	0.0
211	1.0	1.0	1.0	1.0	0.6680000000000001	2.332	1.0
212	1.0	0.0	1.0	0.0	1.0	2.0	1.0
213	1.0	2.0	1.0	2.0	1.3330000000000002	4.667	2.0
214	0.0	2.0	0.0	2.0	1.3330000000000002	4.667	2.0
215	1.0	0.0	1.0	0.0	0.3330000000000002	2.667	1.0
216	2.0	0.0	2.0	0.0	1.6680000000000001	4.332	2.0
217	0.0	1.0	0.0	1.0	0.3330000000000002	2.667	1.0
218	0.0	1.0	0.0	1.0	0.3330000000000002	2.667	1.0
219	1.0	1.0	1.0	1.0	1.0	2.0	1.0
220	1.0	0.0	1.0	0.0	0.3330000000000002	2.667	1.0
221	1.0	0.0	1.0	0.0	0.3330000000000002	2.667	1.0
222	0.0	1.0	0.0	1.0	0.0	3.0	1.0
223	0.0	0.0	0.0	0.0	0.0	0.0	0.0
224	0.0	0.0	0.0	0.0	0.0	0.0	0.0
225	0.0	0.0	0.0	0.0	0.0	0.0	0.0
226	1.0	1.0	1.0	1.0	0.3330000000000002	2.667	1.0
227	1.0	2.0	1.0	2.0	2.0	4.0	2.0
228	1.0	2.0	1.0	2.0	1.0010000000000003	4.999	2.0
229	1.0	2.0	1.0	2.0	1.0	2.0	1.0
230	0.0	0.0	0.0	0.0	0.0	0.0	0.0
231	1.0	0.0	1.0	0.0	0.6680000000000001	2.332	1.0
232	1.0	2.0	1.0	2.0	1.6680000000000001	4.332	2.0
233	1.0	1.0	1.0	1.0	2.0	4.0	2.0
234	1.0	2.0	1.0	2.0	1.3330000000000002	4.667	2.0
235	1.0	2.0	1.0	2.0	1.3330000000000002	4.667	2.0
236	1.0	2.0	1.0	2.0	2.0	4.0	2.0
237	1.0	2.0	1.0	2.0	2.4	3.6	2.0
238	1.0	1.0	1.0	1.0	1.0	2.0	1.0
239	0.0	0.0	0.0	0.0	0.0	0.0	0.0
240	1.0	1.0	1.0	1.0	1.0	2.0	1.0
241	1.0	1.0	1.0	1.0	1.6680000000000001	4.332	2.0
242	1.0	0.0	1.0	0.0	1.0	2.0	1.0
243	0.0	2.0	0.0	2.0	1.0010000000000003	4.999	2.0
244	1.0	1.0	1.0	1.0	1.3330000000000002	4.667	2.0
245	1.0	1.0	1.0	1.0	2.0	4.0	2.0
246	0.0	1.0	0.0	1.0	0.3330000000000002	2.667	1.0
247	0.0	1.0	0.0	1.0	0.0	3.0	1.0
248	1.0	0.0	1.0	0.0	0.3330000000000002	2.667	1.0
249	1.0	1.0	1.0	1.0	1.3330000000000002	4.667	2.0
250	0.0	3.0	0.0	3.0	0.6660000000000004	5.334	2.0
251	1.0	1.0	1.0	1.0	1.0	5.0	2.0
252	1.0	2.0	1.0	2.0	1.3330000000000002	4.667	2.0
253	1.0	1.0	1.0	1.0	0.6680000000000001	2.332	1.0
254	0.0	1.0	0.0	1.0	0.3330000000000002	2.667	1.0
255	1.0	1.0	1.0	1.0	1.3330000000000002	4.667	2.0
256	0.0	0.0	0.0	0.0	0.0	0.0	0.0
257	0.0	1.0	0.0	1.0	0.3330000000000002	2.667	1.0
258	0.0	0.0	0.0	0.0	0.0	0.0	0.0
259	0.0	0.0	0.0	0.0	0.0	0.0	0.0
260	2.0	1.0	2.0	1.0	1.4	4.6	2.0
261	0.0	0.0	0.0	0.0	0.0	0.0	0.0
262	1.0	2.0	1.0	2.0	1.3330000000000002	4.667	2.0
263	0.0	0.0	0.0	0.0	0.0	0.0	0.0
