all_syn	all_nonSyn	tip_syn	tip_nonSyn	S	N	comparisons
001	0.0	0.0	0.0	0.0	0.0	0.0	0.0
002	0.0	0.0	0.0	0.0	0.0	0.0	0.0
003	0.0	0.0	0.0	0.0	0.0	0.0	0.0
004	0.0	0.0	0.0	0.0	0.0	0.0	0.0
005	0.0	0.0	0.0	0.0	0.0	0.0	0.0
006	0.0	0.0	0.0	0.0	0.0	0.0	0.0
007	0.0	0.0	0.0	0.0	0.0	0.0	0.0
008	0.0	0.0	0.0	0.0	0.0	0.0	0.0
009	0.0	0.0	0.0	0.0	0.0	0.0	0.0
010	0.0	0.0	0.0	0.0	0.0	0.0	0.0
011	0.0	0.0	0.0	0.0	0.0	0.0	0.0
012	0.0	0.0	0.0	0.0	0.0	0.0	0.0
013	0.0	0.0	0.0	0.0	0.0	0.0	0.0
014	0.0	0.0	0.0	0.0	0.0	0.0	0.0
015	0.0	0.0	0.0	0.0	0.0	0.0	0.0
016	0.0	0.0	0.0	0.0	0.0	0.0	0.0
017	0.0	0.0	0.0	0.0	0.0	0.0	0.0
018	0.0	0.0	0.0	0.0	0.0	0.0	0.0
019	0.0	0.0	0.0	0.0	0.0	0.0	0.0
020	0.0	0.0	0.0	0.0	0.0	0.0	0.0
021	0.0	0.0	0.0	0.0	0.0	0.0	0.0
022	0.0	0.0	0.0	0.0	0.0	0.0	0.0
023	0.0	0.0	0.0	0.0	0.0	0.0	0.0
024	0.0	0.0	0.0	0.0	0.0	0.0	0.0
025	0.0	0.0	0.0	0.0	0.0	0.0	0.0
026	0.0	0.0	0.0	0.0	0.0	0.0	0.0
027	0.0	0.0	0.0	0.0	0.0	0.0	0.0
028	0.0	0.0	0.0	0.0	0.0	0.0	0.0
029	0.0	0.0	0.0	0.0	0.0	0.0	0.0
030	0.0	0.0	0.0	0.0	0.0	0.0	0.0
031	0.0	0.0	0.0	0.0	0.0	0.0	0.0
032	0.0	0.0	0.0	0.0	0.0	0.0	0.0
033	0.0	0.0	0.0	0.0	0.0	0.0	0.0
034	0.0	0.0	0.0	0.0	0.0	0.0	0.0
035	0.0	0.0	0.0	0.0	0.0	0.0	0.0
036	0.0	0.0	0.0	0.0	0.0	0.0	0.0
037	0.0	0.0	0.0	0.0	0.0	0.0	0.0
038	0.0	0.0	0.0	0.0	0.0	0.0	0.0
039	0.0	0.0	0.0	0.0	0.0	0.0	0.0
040	0.0	0.0	0.0	0.0	0.0	0.0	0.0
041	0.0	0.0	0.0	0.0	0.0	0.0	0.0
042	0.0	0.0	0.0	0.0	0.0	0.0	0.0
043	0.0	0.0	0.0	0.0	0.0	0.0	0.0
044	0.0	0.0	0.0	0.0	0.0	0.0	0.0
045	0.0	0.0	0.0	0.0	0.0	0.0	0.0
046	0.0	0.0	0.0	0.0	0.0	0.0	0.0
047	1.0	2.0	0.0	2.0	1.0	5.0	1.0
048	0.0	2.0	0.0	0.0	1.0	2.0	0.0
049	1.0	0.0	0.0	0.0	1.0	2.0	0.0
050	1.0	2.0	0.0	2.0	1.0010000000000003	4.999	1.0
051	1.0	2.0	0.0	1.0	1.3330000000000002	4.667	1.0
052	1.0	0.0	0.0	0.0	1.0	2.0	0.0
053	1.0	2.0	1.0	1.0	2.0	4.0	1.0
054	2.0	2.0	0.0	0.0	2.0	4.0	0.0
055	1.0	4.0	0.0	0.0	1.6660000000000004	7.334	0.0
056	1.0	0.0	1.0	0.0	1.0	2.0	1.0
057	1.0	4.0	0.0	0.0	1.3330000000000002	7.667	0.0
058	2.0	5.0	0.0	0.0	2.3340000000000005	9.666	0.0
059	2.0	3.0	0.0	0.0	3.736	8.264	0.0
060	0.0	5.0	0.0	0.0	0.6660000000000004	5.334	0.0
061	1.0	2.0	0.0	0.0	1.3330000000000002	4.667	0.0
062	0.0	4.0	0.0	0.0	2.668	6.332	0.0
063	1.0	2.0	0.0	0.0	1.3330000000000002	4.667	0.0
064	1.0	0.0	0.0	0.0	1.0	2.0	0.0
065	1.0	0.0	0.0	0.0	0.3330000000000002	2.667	0.0
066	1.0	0.0	0.0	0.0	1.0	2.0	0.0
067	0.0	1.0	0.0	1.0	1.0	2.0	1.0
068	1.0	0.0	0.0	0.0	0.6680000000000001	2.332	0.0
069	1.0	0.0	0.0	0.0	1.0	2.0	0.0
070	2.0	0.0	1.0	0.0	2.0	4.0	1.0
071	1.0	0.0	0.0	0.0	1.0	2.0	0.0
072	1.0	0.0	0.0	0.0	1.0	2.0	0.0
073	1.0	0.0	0.0	0.0	1.0	2.0	0.0
074	1.0	0.0	0.0	0.0	1.0	2.0	0.0
075	0.0	0.0	0.0	0.0	0.0	0.0	0.0
076	1.0	0.0	1.0	0.0	0.3330000000000002	2.667	1.0
077	1.0	0.0	0.0	0.0	0.3330000000000002	2.667	0.0
078	0.0	1.0	0.0	0.0	0.3330000000000002	2.667	0.0
079	0.0	0.0	0.0	0.0	0.0	0.0	0.0
080	0.0	0.0	0.0	0.0	0.0	0.0	0.0
081	0.0	1.0	0.0	0.0	0.3330000000000002	2.667	0.0
082	0.0	0.0	0.0	0.0	0.0	0.0	0.0
083	1.0	0.0	1.0	0.0	0.3330000000000002	2.667	1.0
084	0.0	0.0	0.0	0.0	0.0	0.0	0.0
085	0.0	0.0	0.0	0.0	0.0	0.0	0.0
086	0.0	0.0	0.0	0.0	0.0	0.0	0.0
087	0.0	0.0	0.0	0.0	0.0	0.0	0.0
088	2.0	0.0	1.0	0.0	2.0	4.0	1.0
089	1.0	0.0	1.0	0.0	1.0	2.0	1.0
090	1.0	0.0	0.0	0.0	0.3330000000000002	2.667	0.0
091	1.0	0.0	0.0	0.0	1.0	2.0	0.0
092	1.0	0.0	0.0	0.0	1.0	2.0	0.0
093	0.0	0.0	0.0	0.0	0.0	0.0	0.0
094	0.0	0.0	0.0	0.0	0.0	0.0	0.0
095	1.0	0.0	0.0	0.0	0.3330000000000002	2.667	0.0
096	0.0	0.0	0.0	0.0	0.0	0.0	0.0
097	0.0	0.0	0.0	0.0	0.0	0.0	0.0
098	0.0	0.0	0.0	0.0	0.0	0.0	0.0
099	1.0	0.0	0.0	0.0	1.0	2.0	0.0
100	0.0	0.0	0.0	0.0	0.0	0.0	0.0
101	1.0	0.0	0.0	0.0	0.3330000000000002	2.667	0.0
102	1.0	0.0	0.0	0.0	1.0	2.0	0.0
103	0.0	0.0	0.0	0.0	0.0	0.0	0.0
104	0.0	0.0	0.0	0.0	0.0	0.0	0.0
105	0.0	0.0	0.0	0.0	0.0	0.0	0.0
106	0.0	0.0	0.0	0.0	0.0	0.0	0.0
107	0.0	0.0	0.0	0.0	0.0	0.0	0.0
108	1.0	1.0	1.0	0.0	2.0	4.0	1.0
109	0.0	1.0	0.0	0.0	1.0	2.0	0.0
110	0.0	1.0	0.0	0.0	1.0	2.0	0.0
111	1.0	2.0	1.0	0.0	1.3330000000000002	4.667	1.0
112	0.0	1.0	0.0	0.0	1.0	2.0	0.0
113	0.0	1.0	0.0	0.0	1.0	2.0	0.0
114	1.0	1.0	0.0	0.0	1.0	2.0	0.0
115	0.0	0.0	0.0	0.0	0.0	0.0	0.0
116	0.0	0.0	0.0	0.0	0.0	0.0	0.0
117	1.0	0.0	0.0	0.0	0.3330000000000002	2.667	0.0
118	0.0	1.0	0.0	0.0	1.0	2.0	0.0
119	1.0	2.0	0.0	0.0	0.3330000000000002	2.667	0.0
120	0.0	4.0	0.0	2.0	1.3330000000000002	4.667	1.0
121	1.0	0.0	0.0	0.0	0.3330000000000002	2.667	0.0
122	0.0	2.0	0.0	0.0	1.0	2.0	0.0
123	0.0	0.0	0.0	0.0	0.0	0.0	0.0
124	2.0	1.0	0.0	0.0	2.0	4.0	0.0
125	0.0	0.0	0.0	0.0	0.0	0.0	0.0
126	1.0	0.0	0.0	0.0	1.0	2.0	0.0
127	0.0	0.0	0.0	0.0	0.0	0.0	0.0
128	1.0	2.0	0.0	1.0	1.3330000000000002	4.667	1.0
129	0.0	0.0	0.0	0.0	0.0	0.0	0.0
130	1.0	0.0	0.0	0.0	1.0	2.0	0.0
131	1.0	0.0	0.0	0.0	0.3330000000000002	2.667	0.0
132	1.0	2.0	0.0	0.0	1.0	2.0	0.0
133	1.0	0.0	0.0	0.0	1.0	2.0	0.0
134	0.0	0.0	0.0	0.0	0.0	0.0	0.0
135	0.0	0.0	0.0	0.0	0.0	0.0	0.0
136	1.0	0.0	0.0	0.0	0.3330000000000002	2.667	0.0
137	1.0	0.0	0.0	0.0	1.4	1.6	0.0
138	2.0	0.0	0.0	0.0	2.0	4.0	0.0
139	1.0	0.0	0.0	0.0	0.6680000000000001	2.332	0.0
140	2.0	1.0	0.0	0.0	1.4	4.6	0.0
141	1.0	0.0	0.0	0.0	1.0	2.0	0.0
142	1.0	0.0	0.0	0.0	1.0	2.0	0.0
143	1.0	1.0	0.0	0.0	1.0	2.0	0.0
144	2.0	1.0	0.0	0.0	2.0	4.0	0.0
145	1.0	0.0	0.0	0.0	1.0	2.0	0.0
146	1.0	0.0	0.0	0.0	1.0	2.0	0.0
147	0.0	2.0	0.0	0.0	0.6680000000000001	5.332	0.0
148	0.0	1.0	0.0	0.0	1.0	2.0	0.0
149	1.0	1.0	0.0	0.0	1.0	2.0	0.0
150	1.0	0.0	0.0	0.0	1.4	1.6	0.0
151	1.0	1.0	0.0	0.0	1.0	2.0	0.0
152	0.0	1.0	0.0	0.0	1.0	2.0	0.0
153	1.0	1.0	0.0	1.0	2.0	4.0	1.0
154	0.0	2.0	0.0	0.0	0.3330000000000002	2.667	0.0
155	1.0	0.0	0.0	0.0	1.0	2.0	0.0
156	1.0	2.0	0.0	0.0	1.3330000000000002	4.667	0.0
157	1.0	3.0	0.0	2.0	1.3330000000000002	4.667	1.0
158	1.0	2.0	0.0	0.0	1.0	2.0	0.0
159	0.0	2.0	0.0	0.0	2.0	4.0	0.0
160	0.0	0.0	0.0	0.0	0.0	0.0	0.0
161	0.0	0.0	0.0	0.0	0.0	0.0	0.0
162	0.0	0.0	0.0	0.0	0.0	0.0	0.0
163	0.0	0.0	0.0	0.0	0.0	0.0	0.0
164	0.0	0.0	0.0	0.0	0.0	0.0	0.0
165	0.0	0.0	0.0	0.0	0.0	0.0	0.0
166	0.0	0.0	0.0	0.0	0.0	0.0	0.0
167	0.0	0.0	0.0	0.0	0.0	0.0	0.0
168	0.0	2.0	0.0	0.0	2.0	4.0	0.0
169	1.0	0.0	0.0	0.0	1.0	2.0	0.0
170	1.0	1.0	0.0	1.0	0.6660000000000004	5.334	1.0
171	1.0	0.0	0.0	0.0	0.3330000000000002	2.667	0.0
172	1.0	1.0	1.0	0.0	2.0	4.0	1.0
173	2.0	2.0	0.0	1.0	2.0040000000000004	6.9959999999999996	1.0
174	1.0	2.0	0.0	1.0	1.3330000000000002	4.667	1.0
175	1.0	0.0	1.0	0.0	1.0	2.0	1.0
176	1.0	2.0	1.0	0.0	0.3330000000000002	5.667	1.0
177	1.0	1.0	1.0	0.0	0.6660000000000004	5.334	1.0
178	1.0	2.0	0.0	0.0	1.6680000000000001	4.332	0.0
179	0.0	2.0	0.0	1.0	1.0010000000000003	4.999	1.0
180	2.0	1.0	0.0	0.0	0.3330000000000002	2.667	0.0
181	1.0	0.0	0.0	0.0	1.0	2.0	0.0
182	0.0	0.0	0.0	0.0	0.0	0.0	0.0
183	1.0	3.0	0.0	0.0	1.3330000000000002	4.667	0.0
184	2.0	1.0	0.0	0.0	1.6680000000000001	4.332	0.0
185	0.0	1.0	0.0	0.0	1.0	2.0	0.0
186	2.0	1.0	0.0	0.0	1.0	2.0	0.0
187	2.0	0.0	0.0	0.0	0.6680000000000001	2.332	0.0
188	1.0	2.0	0.0	0.0	2.0	4.0	0.0
189	1.0	0.0	0.0	0.0	0.6680000000000001	2.332	0.0
190	0.0	0.0	0.0	0.0	0.0	0.0	0.0
191	1.0	2.0	1.0	0.0	0.9990000000000006	8.001	1.0
192	1.0	1.0	0.0	0.0	1.0	2.0	0.0
193	1.0	0.0	0.0	0.0	0.3330000000000002	2.667	0.0
194	1.0	0.0	0.0	0.0	1.0	2.0	0.0
195	1.0	1.0	0.0	0.0	2.0	4.0	0.0
196	1.0	1.0	0.0	0.0	1.0	2.0	0.0
197	1.0	2.0	0.0	0.0	0.3330000000000002	2.667	0.0
198	1.0	1.0	0.0	0.0	1.0	2.0	0.0
199	1.0	2.0	0.0	0.0	2.0	4.0	0.0
200	2.0	2.0	0.0	0.0	1.0010000000000003	4.999	0.0
201	0.0	1.0	0.0	0.0	0.3330000000000002	2.667	0.0
202	0.0	1.0	0.0	0.0	1.0	2.0	0.0
203	1.0	0.0	0.0	0.0	1.0	2.0	0.0
204	0.0	1.0	0.0	0.0	1.0	2.0	0.0
205	1.0	2.0	0.0	0.0	1.3330000000000002	4.667	0.0
206	1.0	1.0	0.0	0.0	1.0	2.0	0.0
207	1.0	1.0	0.0	0.0	0.6660000000000004	5.334	0.0
208	1.0	2.0	0.0	0.0	1.3330000000000002	4.667	0.0
209	0.0	1.0	0.0	0.0	0.3330000000000002	2.667	0.0
210	1.0	2.0	0.0	1.0	1.3330000000000002	4.667	1.0
211	0.0	0.0	0.0	0.0	0.0	0.0	0.0
212	1.0	0.0	0.0	0.0	1.0	2.0	0.0
213	1.0	0.0	0.0	0.0	1.0	2.0	0.0
214	1.0	2.0	0.0	0.0	1.6680000000000001	4.332	0.0
215	1.0	1.0	1.0	0.0	2.0	4.0	1.0
216	0.0	1.0	0.0	0.0	0.3330000000000002	2.667	0.0
217	0.0	0.0	0.0	0.0	0.0	0.0	0.0
218	1.0	0.0	0.0	0.0	0.3330000000000002	2.667	0.0
219	0.0	2.0	0.0	0.0	1.0	2.0	0.0
220	0.0	2.0	0.0	0.0	0.3330000000000002	2.667	0.0
221	1.0	2.0	0.0	0.0	2.0	4.0	0.0
222	2.0	0.0	0.0	0.0	2.0	4.0	0.0
223	0.0	0.0	0.0	0.0	0.0	0.0	0.0
224	1.0	0.0	0.0	0.0	1.0	2.0	0.0
225	0.0	0.0	0.0	0.0	0.0	0.0	0.0
226	0.0	1.0	0.0	0.0	0.3330000000000002	2.667	0.0
227	0.0	1.0	0.0	0.0	0.3330000000000002	2.667	0.0
228	0.0	0.0	0.0	0.0	0.0	0.0	0.0
229	1.0	2.0	0.0	1.0	0.6660000000000004	5.334	1.0
230	2.0	0.0	0.0	0.0	0.6680000000000001	2.332	0.0
231	1.0	0.0	0.0	0.0	1.0	2.0	0.0
232	1.0	1.0	0.0	0.0	0.3330000000000002	2.667	0.0
233	0.0	2.0	0.0	0.0	1.0	2.0	0.0
234	1.0	2.0	1.0	1.0	1.6680000000000001	7.332	2.0
235	1.0	1.0	0.0	0.0	2.0	4.0	0.0
236	0.0	4.0	0.0	2.0	1.3330000000000002	7.667	1.0
237	1.0	1.0	1.0	1.0	0.6660000000000004	5.334	2.0
238	1.0	2.0	0.0	2.0	0.6660000000000004	5.334	1.0
239	1.0	0.0	1.0	0.0	1.0	2.0	1.0
240	2.0	3.0	1.0	3.0	1.6660000000000004	7.334	2.0
241	0.0	0.0	0.0	0.0	0.0	0.0	0.0
242	2.0	4.0	1.0	1.0	3.6690000000000005	11.331	1.0
243	1.0	4.0	0.0	3.0	2.3320000000000007	12.668	3.0
244	2.0	4.0	2.0	3.0	2.6660000000000004	9.334	3.0
245	3.0	2.0	0.0	2.0	5.4	9.6	2.0
246	1.0	3.0	1.0	3.0	2.0	4.0	2.0
247	2.0	2.0	1.0	2.0	1.3330000000000002	4.667	1.0
248	1.0	2.0	0.0	1.0	1.3330000000000002	4.667	1.0
249	1.0	2.0	0.0	2.0	1.6680000000000001	4.332	1.0
250	2.0	1.0	0.0	1.0	0.9990000000000006	8.001	1.0
251	2.0	0.0	1.0	0.0	2.0	4.0	1.0
252	2.0	2.0	0.0	0.0	0.6660000000000004	5.334	0.0
253	2.0	2.0	0.0	1.0	2.733	6.2669999999999995	1.0
254	0.0	1.0	0.0	1.0	0.3330000000000002	2.667	1.0
255	2.0	0.0	0.0	0.0	0.6660000000000004	5.334	0.0
256	2.0	3.0	1.0	2.0	4.0	8.0	2.0
257	1.0	2.0	0.0	1.0	2.0010000000000003	6.999	1.0
258	2.0	5.0	0.0	2.0	4.333	10.667	2.0
259	2.0	1.0	2.0	1.0	3.0	6.0	3.0
260	1.0	2.0	0.0	1.0	0.9990000000000006	8.001	1.0
261	2.0	0.0	1.0	0.0	0.6660000000000004	5.334	1.0
262	3.0	0.0	1.0	0.0	2.668	6.332	1.0
263	2.0	0.0	1.0	0.0	2.0	4.0	1.0
264	1.0	1.0	1.0	1.0	0.6660000000000004	5.334	2.0
265	2.0	0.0	1.0	0.0	2.0	4.0	1.0
266	1.0	0.0	1.0	0.0	0.3330000000000002	2.667	1.0
267	2.0	2.0	1.0	0.0	3.0	6.0	1.0
268	2.0	0.0	1.0	0.0	2.0	4.0	1.0
269	2.0	0.0	1.0	0.0	2.4	3.6	1.0
270	0.0	0.0	0.0	0.0	0.0	0.0	0.0
271	2.0	0.0	0.0	0.0	2.0	4.0	0.0
272	2.0	0.0	1.0	0.0	2.0	4.0	1.0
273	1.0	0.0	0.0	0.0	1.0	2.0	0.0
274	2.0	0.0	1.0	0.0	0.6660000000000004	5.334	1.0
275	1.0	0.0	1.0	0.0	1.0	2.0	1.0
276	1.0	0.0	1.0	0.0	0.3330000000000002	2.667	1.0
277	1.0	0.0	0.0	0.0	0.3330000000000002	2.667	0.0
278	3.0	0.0	1.0	0.0	3.0	6.0	1.0
279	2.0	0.0	1.0	0.0	0.6660000000000004	5.334	1.0
280	2.0	0.0	2.0	0.0	2.0	4.0	2.0
281	1.0	0.0	0.0	0.0	0.3330000000000002	2.667	0.0
282	4.0	1.0	3.0	1.0	2.333	6.667	2.0
283	1.0	0.0	0.0	0.0	0.3330000000000002	2.667	0.0
284	0.0	0.0	0.0	0.0	0.0	0.0	0.0
285	1.0	0.0	1.0	0.0	1.0	2.0	1.0
286	0.0	2.0	0.0	1.0	0.6660000000000004	5.334	1.0
287	2.0	1.0	1.0	1.0	1.6660000000000004	7.334	2.0
288	2.0	0.0	1.0	0.0	2.4	3.6	1.0
289	1.0	0.0	0.0	0.0	1.0	2.0	0.0
290	2.0	0.0	0.0	0.0	2.0	4.0	0.0
291	2.0	4.0	1.0	0.0	2.7340000000000004	9.266	1.0
292	2.0	0.0	0.0	0.0	0.6660000000000004	5.334	0.0
293	1.0	0.0	1.0	0.0	0.3330000000000002	2.667	1.0
294	0.0	1.0	0.0	0.0	0.6680000000000001	2.332	0.0
295	1.0	0.0	0.0	0.0	0.3330000000000002	2.667	0.0
296	1.0	0.0	0.0	0.0	0.3330000000000002	2.667	0.0
297	1.0	0.0	0.0	0.0	0.3330000000000002	2.667	0.0
298	0.0	3.0	0.0	1.0	1.6660000000000004	7.334	1.0
299	2.0	2.0	1.0	0.0	1.6660000000000004	7.334	1.0
300	1.0	0.0	1.0	0.0	0.3330000000000002	2.667	1.0
301	0.0	0.0	0.0	0.0	0.0	0.0	0.0
302	1.0	0.0	0.0	0.0	1.0	2.0	0.0
303	1.0	1.0	0.0	0.0	1.0010000000000003	4.999	0.0
304	2.0	0.0	1.0	0.0	2.0	4.0	1.0
305	1.0	0.0	0.0	0.0	1.0	2.0	0.0
306	2.0	1.0	1.0	1.0	3.0	6.0	2.0
307	2.0	0.0	0.0	0.0	0.6660000000000004	5.334	0.0
308	1.0	0.0	1.0	0.0	0.6680000000000001	2.332	1.0
309	2.0	0.0	1.0	0.0	2.0	4.0	1.0
310	1.0	0.0	1.0	0.0	1.0	2.0	1.0
311	0.0	2.0	0.0	2.0	0.3330000000000002	2.667	1.0
312	0.0	0.0	0.0	0.0	0.0	0.0	0.0
313	3.0	0.0	1.0	0.0	3.0	6.0	1.0
314	0.0	0.0	0.0	0.0	0.0	0.0	0.0
315	4.0	0.0	3.0	0.0	3.068	5.932	2.0
316	1.0	0.0	1.0	0.0	0.6680000000000001	2.332	1.0
317	1.0	0.0	0.0	0.0	0.3330000000000002	2.667	0.0
318	3.0	0.0	1.0	0.0	3.0	6.0	1.0
319	0.0	1.0	0.0	0.0	0.6680000000000001	2.332	0.0
320	2.0	1.0	1.0	1.0	1.3340000000000005	7.6659999999999995	2.0
321	2.0	1.0	1.0	0.0	2.0	4.0	1.0
322	2.0	0.0	2.0	0.0	2.0	4.0	2.0
323	2.0	0.0	2.0	0.0	2.0	4.0	2.0
324	1.0	0.0	0.0	0.0	1.0	2.0	0.0
325	1.0	0.0	0.0	0.0	0.3330000000000002	2.667	0.0
326	1.0	0.0	0.0	0.0	0.6680000000000001	2.332	0.0
327	4.0	0.0	1.0	0.0	4.136	7.863999999999999	1.0
328	2.0	0.0	0.0	0.0	0.6660000000000004	5.334	0.0
329	4.0	0.0	2.0	0.0	3.3360000000000003	8.664	2.0
330	3.0	0.0	1.0	0.0	3.0	6.0	1.0
331	0.0	1.0	0.0	0.0	0.0	3.0	0.0
332	2.0	0.0	1.0	0.0	2.0	4.0	1.0
333	2.0	0.0	1.0	0.0	2.0	4.0	1.0
334	3.0	0.0	1.0	0.0	0.9990000000000006	8.001	1.0
335	2.0	3.0	1.0	2.0	5.0	10.0	3.0
336	3.0	2.0	2.0	2.0	3.0	9.0	3.0
337	0.0	1.0	0.0	1.0	1.0	2.0	1.0
338	3.0	0.0	2.0	0.0	3.0	6.0	2.0
339	2.0	0.0	1.0	0.0	0.6660000000000004	5.334	1.0
340	4.0	0.0	2.0	0.0	3.3360000000000003	8.664	2.0
341	0.0	0.0	0.0	0.0	0.0	0.0	0.0
342	0.0	1.0	0.0	1.0	0.3330000000000002	2.667	1.0
343	2.0	0.0	1.0	0.0	0.6660000000000004	5.334	1.0
344	0.0	0.0	0.0	0.0	0.0	0.0	0.0
345	1.0	0.0	1.0	0.0	0.3330000000000002	2.667	1.0
346	2.0	0.0	0.0	0.0	2.0	4.0	0.0
347	4.0	0.0	3.0	0.0	4.0	8.0	3.0
348	2.0	0.0	2.0	0.0	2.0	4.0	2.0
349	3.0	0.0	2.0	0.0	3.068	5.932	2.0
350	2.0	0.0	2.0	0.0	1.3360000000000003	4.664	2.0
351	2.0	0.0	2.0	0.0	2.0	4.0	2.0
352	3.0	0.0	1.0	0.0	3.0	6.0	1.0
353	3.0	0.0	2.0	0.0	3.468	5.532	2.0
354	2.0	0.0	1.0	0.0	2.0	4.0	1.0
355	2.0	0.0	1.0	0.0	2.0	4.0	1.0
356	1.0	0.0	1.0	0.0	1.0	2.0	1.0
357	3.0	0.0	2.0	0.0	3.0	6.0	2.0
358	1.0	0.0	0.0	0.0	1.0	2.0	0.0
359	2.0	0.0	1.0	0.0	2.0	4.0	1.0
360	2.0	0.0	1.0	0.0	2.0	4.0	1.0
361	0.0	0.0	0.0	0.0	0.0	0.0	0.0
362	0.0	0.0	0.0	0.0	0.0	0.0	0.0
363	1.0	0.0	1.0	0.0	0.3330000000000002	2.667	1.0
364	4.0	0.0	2.0	0.0	3.068	5.932	1.0
365	4.0	0.0	3.0	0.0	4.068	7.9319999999999995	3.0
366	3.0	0.0	2.0	0.0	3.0	6.0	2.0
367	3.0	0.0	0.0	0.0	3.0	6.0	0.0
368	2.0	0.0	1.0	0.0	2.0	4.0	1.0
369	2.0	0.0	1.0	0.0	2.0	4.0	1.0
370	1.0	0.0	0.0	0.0	0.6680000000000001	2.332	0.0
371	3.0	0.0	3.0	0.0	3.4	5.6	3.0
372	1.0	0.0	1.0	0.0	1.0	2.0	1.0
373	2.0	0.0	0.0	0.0	0.6660000000000004	5.334	0.0
374	2.0	0.0	1.0	0.0	2.0	4.0	1.0
375	1.0	0.0	1.0	0.0	0.3330000000000002	2.667	1.0
376	3.0	0.0	2.0	0.0	0.9990000000000006	8.001	2.0
377	1.0	0.0	0.0	0.0	1.0	2.0	0.0
378	0.0	0.0	0.0	0.0	0.0	0.0	0.0
379	2.0	2.0	1.0	2.0	1.6680000000000001	4.332	1.0
380	3.0	1.0	2.0	1.0	3.0	6.0	2.0
381	3.0	1.0	1.0	1.0	3.333	8.667	2.0
382	0.0	1.0	0.0	1.0	0.6680000000000001	2.332	1.0
383	1.0	4.0	1.0	4.0	2.333	6.667	3.0
384	0.0	0.0	0.0	0.0	0.0	0.0	0.0
385	1.0	0.0	0.0	0.0	0.3330000000000002	2.667	0.0
386	3.0	0.0	1.0	0.0	3.0	6.0	1.0
387	2.0	0.0	1.0	0.0	0.6660000000000004	5.334	1.0
388	2.0	0.0	1.0	0.0	2.068	3.932	1.0
389	0.0	1.0	0.0	1.0	0.6680000000000001	2.332	1.0
390	1.0	0.0	1.0	0.0	1.0	2.0	1.0
391	2.0	0.0	1.0	0.0	2.0	4.0	1.0
392	3.0	0.0	2.0	0.0	2.668	6.332	2.0
393	1.0	0.0	0.0	0.0	0.6680000000000001	2.332	0.0
394	4.0	0.0	2.0	0.0	4.068	7.9319999999999995	2.0
395	5.0	0.0	3.0	0.0	5.468	9.532	3.0
396	2.0	0.0	2.0	0.0	2.0	4.0	2.0
397	2.0	0.0	1.0	0.0	2.0	4.0	1.0
398	1.0	0.0	0.0	0.0	0.3330000000000002	2.667	0.0
399	2.0	3.0	2.0	2.0	2.6660000000000004	9.334	3.0
400	2.0	0.0	1.0	0.0	0.6660000000000004	5.334	1.0
401	1.0	1.0	1.0	1.0	2.0	4.0	2.0
402	2.0	0.0	2.0	0.0	2.0	4.0	2.0
403	0.0	4.0	0.0	2.0	0.9990000000000006	8.001	1.0
404	2.0	0.0	2.0	0.0	0.6660000000000004	5.334	2.0
405	1.0	0.0	1.0	0.0	0.3330000000000002	2.667	1.0
406	1.0	1.0	1.0	1.0	0.6660000000000004	5.334	2.0
407	3.0	0.0	2.0	0.0	3.068	5.932	2.0
408	2.0	0.0	1.0	0.0	1.6680000000000001	4.332	1.0
409	3.0	0.0	3.0	0.0	3.8	5.2	3.0
410	3.0	0.0	1.0	0.0	3.0	6.0	1.0
411	2.0	0.0	2.0	0.0	2.0	4.0	2.0
412	2.0	0.0	2.0	0.0	0.6660000000000004	5.334	2.0
413	0.0	0.0	0.0	0.0	0.0	0.0	0.0
414	3.0	1.0	2.0	1.0	3.0	6.0	2.0
415	2.0	0.0	1.0	0.0	2.0	4.0	1.0
416	2.0	0.0	0.0	0.0	2.4	3.6	0.0
417	2.0	0.0	0.0	0.0	1.6680000000000001	4.332	0.0
418	2.0	0.0	2.0	0.0	0.6660000000000004	5.334	2.0
419	1.0	0.0	1.0	0.0	0.3330000000000002	2.667	1.0
420	3.0	0.0	2.0	0.0	2.0040000000000004	6.9959999999999996	2.0
421	1.0	0.0	1.0	0.0	0.3330000000000002	2.667	1.0
422	0.0	0.0	0.0	0.0	0.0	0.0	0.0
423	3.0	0.0	2.0	0.0	3.0	6.0	2.0
424	2.0	0.0	2.0	0.0	0.6660000000000004	5.334	2.0
425	2.0	0.0	1.0	0.0	2.0	4.0	1.0
426	0.0	1.0	0.0	1.0	0.3330000000000002	2.667	1.0
427	3.0	3.0	2.0	2.0	3.9990000000000006	14.001	4.0
428	3.0	0.0	2.0	0.0	3.0	6.0	2.0
429	2.0	1.0	1.0	1.0	3.0	6.0	2.0
430	3.0	0.0	2.0	0.0	3.0	6.0	2.0
431	1.0	0.0	0.0	0.0	0.3330000000000002	2.667	0.0
432	3.0	1.0	2.0	1.0	4.0	8.0	3.0
433	1.0	0.0	1.0	0.0	0.3330000000000002	2.667	1.0
434	0.0	0.0	0.0	0.0	0.0	0.0	0.0
435	1.0	1.0	1.0	1.0	1.3330000000000002	4.667	2.0
436	3.0	0.0	0.0	0.0	3.0	6.0	0.0
437	0.0	1.0	0.0	1.0	0.3330000000000002	2.667	1.0
438	2.0	1.0	2.0	1.0	1.6680000000000001	4.332	2.0
439	4.0	1.0	2.0	1.0	3.6690000000000005	11.331	3.0
440	0.0	1.0	0.0	0.0	0.6680000000000001	2.332	0.0
441	3.0	1.0	2.0	1.0	3.4040000000000004	8.596	3.0
442	3.0	2.0	2.0	1.0	3.0690000000000004	8.931000000000001	2.0
443	2.0	0.0	2.0	0.0	0.6660000000000004	5.334	2.0
444	3.0	2.0	2.0	1.0	4.4	7.6	2.0
445	1.0	5.0	1.0	3.0	2.9990000000000006	12.001	3.0
446	0.0	3.0	0.0	3.0	0.9990000000000006	8.001	3.0
447	2.0	5.0	2.0	2.0	4.3340000000000005	13.666	3.0
448	0.0	0.0	0.0	0.0	0.0	0.0	0.0
449	1.0	3.0	1.0	1.0	1.3320000000000007	10.668	2.0
450	1.0	2.0	1.0	1.0	2.668	6.332	2.0
451	3.0	2.0	1.0	2.0	4.0	8.0	2.0
452	3.0	1.0	3.0	0.0	4.0	8.0	3.0
453	2.0	0.0	1.0	0.0	0.6660000000000004	5.334	1.0
454	1.0	0.0	1.0	0.0	0.3330000000000002	2.667	1.0
455	0.0	4.0	0.0	3.0	1.9990000000000006	10.001	3.0
456	1.0	0.0	1.0	0.0	0.3330000000000002	2.667	1.0
457	2.0	0.0	0.0	0.0	2.0	4.0	0.0
458	1.0	0.0	1.0	0.0	0.3330000000000002	2.667	1.0
459	4.0	2.0	2.0	2.0	2.3340000000000005	9.666	3.0
460	1.0	1.0	1.0	1.0	1.0	2.0	1.0
461	1.0	3.0	1.0	1.0	2.3360000000000003	9.664	2.0
462	1.0	2.0	1.0	2.0	2.0	4.0	2.0
463	4.0	2.0	2.0	2.0	3.6720000000000006	11.328	3.0
464	2.0	0.0	1.0	0.0	0.6660000000000004	5.334	1.0
465	2.0	0.0	1.0	0.0	2.0	4.0	1.0
466	2.0	3.0	1.0	1.0	4.0	8.0	2.0
467	3.0	0.0	1.0	0.0	0.9990000000000006	8.001	1.0
468	3.0	0.0	2.0	0.0	3.4	5.6	2.0
469	2.0	1.0	1.0	1.0	1.3330000000000002	4.667	1.0
470	0.0	1.0	0.0	1.0	0.3330000000000002	2.667	1.0
471	1.0	0.0	1.0	0.0	0.3330000000000002	2.667	1.0
472	2.0	0.0	1.0	0.0	0.6660000000000004	5.334	1.0
473	3.0	0.0	2.0	0.0	3.0	6.0	2.0
474	2.0	2.0	1.0	2.0	2.333	6.667	2.0
475	0.0	4.0	0.0	3.0	1.3320000000000007	10.668	3.0
476	1.0	4.0	1.0	2.0	1.3320000000000007	10.668	3.0
477	1.0	1.0	1.0	1.0	0.6660000000000004	5.334	2.0
478	2.0	1.0	0.0	1.0	0.9990000000000006	8.001	1.0
479	2.0	1.0	1.0	1.0	2.668	6.332	2.0
480	0.0	5.0	0.0	3.0	2.6690000000000005	9.331	2.0
481	1.0	2.0	1.0	0.0	2.0	4.0	1.0
482	2.0	0.0	1.0	0.0	0.6660000000000004	5.334	1.0
483	3.0	3.0	2.0	2.0	4.0	11.0	3.0
484	1.0	2.0	1.0	2.0	1.3330000000000002	4.667	2.0
485	3.0	0.0	1.0	0.0	3.068	5.932	1.0
486	1.0	0.0	1.0	0.0	0.3330000000000002	2.667	1.0
487	1.0	4.0	1.0	1.0	1.3320000000000007	10.668	2.0
488	1.0	1.0	1.0	0.0	0.6660000000000004	5.334	1.0
489	3.0	0.0	0.0	0.0	3.4	5.6	0.0
490	0.0	1.0	0.0	0.0	0.3330000000000002	2.667	0.0
491	2.0	2.0	1.0	1.0	2.6660000000000004	9.334	2.0
492	0.0	0.0	0.0	0.0	0.0	0.0	0.0
493	0.0	0.0	0.0	0.0	0.0	0.0	0.0
494	1.0	2.0	0.0	1.0	1.3340000000000005	7.6659999999999995	1.0
495	0.0	3.0	0.0	2.0	1.6660000000000004	7.334	2.0
496	1.0	0.0	1.0	0.0	0.3330000000000002	2.667	1.0
497	3.0	0.0	2.0	0.0	3.0	6.0	2.0
498	0.0	0.0	0.0	0.0	0.0	0.0	0.0
499	1.0	2.0	1.0	2.0	0.9990000000000006	8.001	3.0
500	1.0	0.0	1.0	0.0	0.3330000000000002	2.667	1.0
501	1.0	1.0	1.0	1.0	0.3330000000000002	2.667	1.0
502	3.0	2.0	2.0	1.0	4.0	8.0	3.0
503	0.0	0.0	0.0	0.0	0.0	0.0	0.0
504	0.0	2.0	0.0	2.0	0.3330000000000002	2.667	1.0
505	1.0	3.0	1.0	1.0	4.0	8.0	2.0
506	2.0	0.0	1.0	0.0	0.6660000000000004	5.334	1.0
507	0.0	2.0	0.0	2.0	1.3330000000000002	4.667	2.0
508	2.0	3.0	1.0	2.0	1.665000000000001	13.334999999999999	3.0
509	3.0	2.0	1.0	0.0	4.0	8.0	1.0
510	2.0	3.0	2.0	3.0	1.3330000000000002	4.667	2.0
511	0.0	0.0	0.0	0.0	0.0	0.0	0.0
512	2.0	0.0	1.0	0.0	0.6660000000000004	5.334	1.0
513	3.0	0.0	2.0	0.0	3.8	5.2	2.0
514	3.0	0.0	2.0	0.0	3.0	6.0	2.0
515	1.0	0.0	1.0	0.0	0.3330000000000002	2.667	1.0
516	1.0	1.0	1.0	1.0	0.6660000000000004	5.334	2.0
517	1.0	0.0	0.0	0.0	0.3330000000000002	2.667	0.0
518	0.0	0.0	0.0	0.0	0.0	0.0	0.0
519	2.0	1.0	2.0	1.0	1.6680000000000001	4.332	2.0
520	2.0	0.0	2.0	0.0	2.0	4.0	2.0
521	2.0	0.0	2.0	0.0	0.6660000000000004	5.334	2.0
522	1.0	0.0	1.0	0.0	1.0	2.0	1.0
523	1.0	1.0	0.0	1.0	2.0	4.0	1.0
524	2.0	0.0	1.0	0.0	2.0	4.0	1.0
525	2.0	2.0	1.0	2.0	3.0	6.0	2.0
526	3.0	0.0	2.0	0.0	3.0	6.0	2.0
527	2.0	0.0	2.0	0.0	1.0	2.0	1.0
528	1.0	0.0	1.0	0.0	0.3330000000000002	2.667	1.0
529	2.0	2.0	1.0	1.0	0.6660000000000004	5.334	1.0
530	2.0	0.0	0.0	0.0	0.6660000000000004	5.334	0.0
531	2.0	1.0	2.0	1.0	1.3330000000000002	4.667	2.0
532	3.0	0.0	2.0	0.0	3.4	5.6	2.0
533	3.0	0.0	1.0	0.0	3.0	6.0	1.0
534	2.0	1.0	2.0	1.0	1.3330000000000002	4.667	2.0
535	0.0	1.0	0.0	1.0	0.6680000000000001	2.332	1.0
536	3.0	0.0	3.0	0.0	1.3360000000000003	4.664	2.0
537	4.0	0.0	1.0	0.0	3.736	8.264	1.0
538	1.0	1.0	1.0	0.0	1.3360000000000003	4.664	1.0
539	2.0	1.0	2.0	1.0	3.0	6.0	3.0
540	1.0	0.0	0.0	0.0	0.3330000000000002	2.667	0.0
541	1.0	0.0	1.0	0.0	0.3330000000000002	2.667	1.0
542	2.0	0.0	1.0	0.0	2.0	4.0	1.0
543	2.0	0.0	1.0	0.0	0.6660000000000004	5.334	1.0
544	1.0	3.0	0.0	1.0	3.668	8.332	1.0
545	2.0	2.0	1.0	2.0	4.0	8.0	3.0
546	1.0	0.0	1.0	0.0	0.6680000000000001	2.332	1.0
547	1.0	2.0	0.0	0.0	2.0010000000000003	6.999	0.0
548	3.0	1.0	1.0	1.0	2.333	6.667	1.0
549	3.0	1.0	1.0	1.0	4.0	8.0	2.0
550	4.0	3.0	2.0	2.0	5.0	10.0	3.0
551	0.0	3.0	0.0	2.0	0.6660000000000004	5.334	1.0
552	4.0	0.0	3.0	0.0	3.668	8.332	3.0
553	1.0	2.0	1.0	1.0	2.0	4.0	1.0
554	0.0	0.0	0.0	0.0	0.0	0.0	0.0
555	2.0	0.0	1.0	0.0	0.6660000000000004	5.334	1.0
556	2.0	3.0	2.0	2.0	1.9990000000000006	10.001	3.0
557	2.0	0.0	2.0	0.0	0.6660000000000004	5.334	2.0
558	3.0	1.0	2.0	1.0	3.068	8.932	3.0
559	1.0	0.0	0.0	0.0	0.3330000000000002	2.667	0.0
560	2.0	4.0	1.0	3.0	2.0660000000000003	9.934	3.0
561	3.0	3.0	2.0	1.0	4.0	8.0	2.0
562	4.0	1.0	2.0	0.0	5.0	10.0	2.0
563	3.0	3.0	2.0	1.0	1.3330000000000002	4.667	1.0
564	3.0	4.0	2.0	2.0	4.333	10.667	3.0
565	3.0	3.0	1.0	1.0	3.0040000000000004	8.995999999999999	2.0
566	2.0	2.0	1.0	0.0	0.6660000000000004	5.334	1.0
567	3.0	1.0	1.0	0.0	4.0	8.0	1.0
568	1.0	0.0	1.0	0.0	1.0	2.0	1.0
569	0.0	0.0	0.0	0.0	0.0	0.0	0.0
570	0.0	1.0	0.0	1.0	0.3330000000000002	2.667	1.0
571	0.0	1.0	0.0	1.0	1.0	2.0	1.0
572	0.0	0.0	0.0	0.0	0.0	0.0	0.0
573	0.0	1.0	0.0	1.0	0.3330000000000002	2.667	1.0
574	1.0	0.0	1.0	0.0	1.0	2.0	1.0
575	1.0	0.0	1.0	0.0	1.0	2.0	1.0
576	1.0	1.0	0.0	1.0	2.0	4.0	1.0
577	2.0	1.0	2.0	1.0	3.0	6.0	3.0
578	2.0	0.0	1.0	0.0	2.0	4.0	1.0
579	0.0	3.0	0.0	3.0	0.6660000000000004	5.334	2.0
580	3.0	0.0	1.0	0.0	3.0	6.0	1.0
581	0.0	2.0	0.0	0.0	0.6660000000000004	5.334	0.0
582	2.0	3.0	1.0	3.0	2.333	6.667	2.0
583	1.0	0.0	0.0	0.0	0.3330000000000002	2.667	0.0
584	1.0	1.0	0.0	0.0	0.6680000000000001	2.332	0.0
585	2.0	0.0	1.0	0.0	2.0	4.0	1.0
586	2.0	0.0	0.0	0.0	1.3360000000000003	4.664	0.0
587	1.0	2.0	0.0	2.0	3.0	6.0	2.0
588	0.0	0.0	0.0	0.0	0.0	0.0	0.0
589	1.0	0.0	1.0	0.0	1.0	2.0	1.0
590	3.0	0.0	2.0	0.0	3.0	6.0	2.0
591	1.0	0.0	0.0	0.0	0.3330000000000002	2.667	0.0
592	3.0	0.0	3.0	0.0	3.0	6.0	3.0
593	2.0	0.0	1.0	0.0	0.6660000000000004	5.334	1.0
594	1.0	1.0	0.0	0.0	1.0	2.0	0.0
595	1.0	0.0	1.0	0.0	0.3330000000000002	2.667	1.0
596	1.0	1.0	1.0	1.0	0.3330000000000002	2.667	1.0
597	1.0	3.0	1.0	3.0	1.6680000000000001	4.332	2.0
598	0.0	0.0	0.0	0.0	0.0	0.0	0.0
599	2.0	0.0	1.0	0.0	0.6660000000000004	5.334	1.0
600	0.0	1.0	0.0	1.0	0.3330000000000002	2.667	1.0
601	0.0	1.0	0.0	1.0	0.3330000000000002	2.667	1.0
602	5.0	0.0	2.0	0.0	5.136	9.863999999999999	2.0
603	1.0	0.0	1.0	0.0	0.3330000000000002	2.667	1.0
604	2.0	2.0	1.0	1.0	2.6690000000000005	9.331	2.0
605	1.0	0.0	1.0	0.0	0.6680000000000001	2.332	1.0
606	1.0	0.0	1.0	0.0	1.4	1.6	1.0
607	3.0	1.0	3.0	0.0	4.468	7.532	3.0
608	1.0	0.0	0.0	0.0	0.3330000000000002	2.667	0.0
609	0.0	0.0	0.0	0.0	0.0	0.0	0.0
610	1.0	0.0	1.0	0.0	0.3330000000000002	2.667	1.0
611	1.0	1.0	1.0	1.0	0.3330000000000002	2.667	1.0
612	1.0	3.0	1.0	1.0	1.3340000000000005	7.6659999999999995	1.0
613	3.0	0.0	3.0	0.0	1.6680000000000001	4.332	2.0
614	1.0	0.0	1.0	0.0	1.0	2.0	1.0
615	0.0	0.0	0.0	0.0	0.0	0.0	0.0
616	2.0	0.0	2.0	0.0	2.0	4.0	2.0
617	3.0	0.0	2.0	0.0	3.0	6.0	2.0
618	0.0	1.0	0.0	1.0	1.0	2.0	1.0
619	1.0	2.0	1.0	2.0	1.3330000000000002	4.667	2.0
620	2.0	1.0	1.0	1.0	3.0	6.0	2.0
621	1.0	1.0	1.0	0.0	2.0	4.0	1.0
622	2.0	4.0	1.0	3.0	4.668	10.332	3.0
623	2.0	0.0	2.0	0.0	0.6660000000000004	5.334	2.0
624	2.0	0.0	1.0	0.0	2.0	4.0	1.0
625	2.0	0.0	1.0	0.0	1.3360000000000003	4.664	1.0
626	1.0	0.0	1.0	0.0	0.3330000000000002	2.667	1.0
627	2.0	0.0	1.0	0.0	2.0	4.0	1.0
628	0.0	0.0	0.0	0.0	0.0	0.0	0.0
629	2.0	2.0	2.0	2.0	1.3330000000000002	4.667	2.0
630	0.0	0.0	0.0	0.0	0.0	0.0	0.0
631	1.0	0.0	1.0	0.0	0.3330000000000002	2.667	1.0
632	1.0	1.0	1.0	1.0	0.3330000000000002	2.667	1.0
633	1.0	1.0	0.0	1.0	0.6660000000000004	5.334	1.0
634	2.0	2.0	1.0	2.0	2.333	6.667	2.0
635	2.0	2.0	1.0	2.0	4.0	8.0	3.0
636	2.0	1.0	1.0	1.0	2.0	4.0	1.0
637	3.0	1.0	2.0	1.0	4.0	8.0	3.0
638	2.0	0.0	1.0	0.0	2.0	4.0	1.0
639	3.0	2.0	1.0	1.0	3.0	6.0	2.0
640	0.0	0.0	0.0	0.0	0.0	0.0	0.0
641	1.0	0.0	1.0	0.0	1.0	2.0	1.0
642	1.0	0.0	0.0	0.0	0.6680000000000001	2.332	0.0
643	2.0	1.0	1.0	1.0	3.0	6.0	2.0
644	2.0	2.0	2.0	2.0	1.3330000000000002	4.667	2.0
645	0.0	1.0	0.0	1.0	0.6680000000000001	2.332	1.0
646	2.0	0.0	2.0	0.0	1.0	2.0	1.0
647	0.0	1.0	0.0	1.0	0.3330000000000002	2.667	1.0
648	0.0	3.0	0.0	3.0	1.6680000000000001	4.332	2.0
649	2.0	2.0	1.0	0.0	1.6660000000000004	7.334	1.0
650	3.0	3.0	2.0	2.0	3.6660000000000004	11.334	3.0
651	2.0	3.0	1.0	3.0	3.0010000000000003	8.998999999999999	3.0
652	3.0	4.0	2.0	3.0	4.333	10.667	3.0
653	1.0	3.0	0.0	3.0	3.333	8.667	3.0
654	0.0	4.0	0.0	3.0	1.3340000000000005	7.6659999999999995	2.0
655	1.0	2.0	1.0	2.0	1.3330000000000002	4.667	2.0
656	0.0	3.0	0.0	2.0	0.9990000000000006	8.001	2.0
657	3.0	3.0	2.0	2.0	3.0010000000000003	8.998999999999999	3.0
658	0.0	1.0	0.0	1.0	1.0	2.0	1.0
659	0.0	0.0	0.0	0.0	0.0	0.0	0.0
660	0.0	0.0	0.0	0.0	0.0	0.0	0.0
661	0.0	0.0	0.0	0.0	0.0	0.0	0.0
