all_syn	all_nonSyn	tip_syn	tip_nonSyn	S	N	comparisons
001	0.0	0.0	0.0	0.0	0.0	0.0	0.0
002	0.0	0.0	0.0	0.0	0.0	0.0	0.0
003	0.0	0.0	0.0	0.0	0.0	0.0	0.0
004	0.0	0.0	0.0	0.0	0.0	0.0	0.0
005	0.0	0.0	0.0	0.0	0.0	0.0	0.0
006	0.0	0.0	0.0	0.0	0.0	0.0	0.0
007	0.0	0.0	0.0	0.0	0.0	0.0	0.0
008	0.0	2.0	0.0	0.0	0.3330000000000002	5.667	0.0
009	0.0	2.0	0.0	0.0	1.0	2.0	0.0
010	0.0	0.0	0.0	0.0	0.0	0.0	0.0
011	1.0	1.0	1.0	0.0	2.0	4.0	1.0
012	1.0	1.0	1.0	0.0	2.0	4.0	1.0
013	0.0	0.0	0.0	0.0	0.0	0.0	0.0
014	0.0	0.0	0.0	0.0	0.0	0.0	0.0
015	1.0	0.0	0.0	0.0	0.3330000000000002	2.667	0.0
016	1.0	1.0	1.0	0.0	2.0	4.0	1.0
017	1.0	0.0	0.0	0.0	1.0	2.0	0.0
018	0.0	2.0	0.0	1.0	1.0010000000000003	4.999	1.0
019	0.0	1.0	0.0	1.0	1.0	2.0	1.0
020	0.0	0.0	0.0	0.0	0.0	0.0	0.0
021	1.0	1.0	1.0	0.0	1.6680000000000001	4.332	1.0
022	0.0	4.0	0.0	0.0	0.9990000000000006	8.001	0.0
023	2.0	1.0	1.0	1.0	1.3330000000000002	4.667	1.0
024	1.0	1.0	0.0	0.0	0.3330000000000002	2.667	0.0
025	1.0	2.0	0.0	0.0	1.3330000000000002	4.667	0.0
026	0.0	1.0	0.0	1.0	0.3330000000000002	2.667	1.0
027	0.0	0.0	0.0	0.0	0.0	0.0	0.0
028	0.0	0.0	0.0	0.0	0.0	0.0	0.0
029	2.0	1.0	0.0	1.0	2.333	6.667	1.0
030	2.0	1.0	2.0	1.0	0.9990000000000006	8.001	3.0
031	1.0	5.0	1.0	1.0	3.0010000000000003	8.998999999999999	1.0
032	2.0	2.0	0.0	0.0	1.6680000000000001	4.332	0.0
033	1.0	2.0	1.0	0.0	1.3330000000000002	4.667	1.0
034	1.0	1.0	0.0	0.0	1.0	2.0	0.0
035	1.0	3.0	0.0	1.0	3.0	6.0	1.0
036	1.0	1.0	1.0	1.0	1.3330000000000002	4.667	2.0
037	1.0	1.0	0.0	0.0	2.0	4.0	0.0
038	1.0	1.0	0.0	0.0	2.0	4.0	0.0
039	3.0	0.0	0.0	0.0	1.6680000000000001	4.332	0.0
040	3.0	1.0	0.0	0.0	1.0010000000000003	4.999	0.0
041	1.0	2.0	0.0	0.0	1.0	2.0	0.0
042	2.0	1.0	0.0	0.0	1.3330000000000002	4.667	0.0
043	1.0	2.0	0.0	0.0	1.3330000000000002	4.667	0.0
044	2.0	2.0	1.0	1.0	1.6660000000000004	7.334	2.0
045	2.0	1.0	0.0	0.0	1.3330000000000002	4.667	0.0
046	2.0	0.0	0.0	0.0	2.0	4.0	0.0
047	0.0	2.0	0.0	0.0	1.0	2.0	0.0
048	0.0	2.0	0.0	0.0	1.0	2.0	0.0
049	1.0	2.0	1.0	0.0	1.6690000000000005	7.3309999999999995	1.0
050	0.0	0.0	0.0	0.0	0.0	0.0	0.0
051	0.0	0.0	0.0	0.0	0.0	0.0	0.0
052	1.0	2.0	0.0	0.0	1.0	2.0	0.0
053	0.0	0.0	0.0	0.0	0.0	0.0	0.0
054	1.0	1.0	0.0	0.0	0.3330000000000002	2.667	0.0
055	2.0	1.0	1.0	0.0	3.0	6.0	1.0
056	0.0	2.0	0.0	0.0	0.3330000000000002	2.667	0.0
057	1.0	1.0	0.0	0.0	0.3330000000000002	2.667	0.0
058	1.0	2.0	0.0	0.0	0.3330000000000002	2.667	0.0
059	1.0	1.0	0.0	0.0	1.0	2.0	0.0
060	2.0	1.0	1.0	0.0	1.3330000000000002	4.667	1.0
061	3.0	2.0	1.0	0.0	2.0010000000000003	6.999	1.0
062	0.0	2.0	0.0	0.0	0.3330000000000002	2.667	0.0
063	0.0	1.0	0.0	0.0	0.3330000000000002	2.667	0.0
064	1.0	3.0	0.0	0.0	1.3330000000000002	4.667	0.0
065	0.0	4.0	0.0	1.0	1.6660000000000004	7.334	1.0
066	3.0	3.0	1.0	2.0	3.333	8.667	2.0
067	1.0	1.0	0.0	0.0	1.0	2.0	0.0
068	1.0	2.0	0.0	0.0	1.4	1.6	0.0
069	1.0	0.0	1.0	0.0	1.0	2.0	1.0
070	0.0	2.0	0.0	0.0	0.3330000000000002	2.667	0.0
071	2.0	1.0	2.0	0.0	3.0	6.0	2.0
072	1.0	0.0	0.0	0.0	1.0	2.0	0.0
073	2.0	2.0	1.0	0.0	2.333	6.667	1.0
074	0.0	2.0	0.0	1.0	0.6660000000000004	5.334	1.0
075	0.0	1.0	0.0	0.0	0.3330000000000002	2.667	0.0
076	0.0	1.0	0.0	0.0	0.3330000000000002	2.667	0.0
077	2.0	0.0	0.0	0.0	0.6660000000000004	5.334	0.0
078	1.0	1.0	1.0	1.0	0.6680000000000001	2.332	1.0
079	2.0	0.0	1.0	0.0	2.0	4.0	1.0
080	1.0	0.0	1.0	0.0	0.6680000000000001	2.332	1.0
081	1.0	1.0	0.0	0.0	1.0	2.0	0.0
082	3.0	0.0	0.0	0.0	3.0	6.0	0.0
083	0.0	0.0	0.0	0.0	0.0	0.0	0.0
084	1.0	1.0	1.0	0.0	0.6660000000000004	5.334	1.0
085	2.0	1.0	1.0	0.0	0.9990000000000006	8.001	1.0
086	2.0	2.0	0.0	0.0	1.3330000000000002	4.667	0.0
087	1.0	0.0	1.0	0.0	0.3330000000000002	2.667	1.0
088	2.0	0.0	0.0	0.0	2.0	4.0	0.0
089	1.0	0.0	0.0	0.0	0.3330000000000002	2.667	0.0
090	0.0	0.0	0.0	0.0	0.0	0.0	0.0
091	2.0	0.0	0.0	0.0	2.0	4.0	0.0
092	2.0	0.0	2.0	0.0	0.6660000000000004	5.334	2.0
093	0.0	0.0	0.0	0.0	0.0	0.0	0.0
094	0.0	0.0	0.0	0.0	0.0	0.0	0.0
095	1.0	0.0	0.0	0.0	1.0	2.0	0.0
096	1.0	3.0	0.0	0.0	0.9990000000000006	8.001	0.0
097	0.0	0.0	0.0	0.0	0.0	0.0	0.0
098	0.0	0.0	0.0	0.0	0.0	0.0	0.0
099	0.0	0.0	0.0	0.0	0.0	0.0	0.0
100	0.0	0.0	0.0	0.0	0.0	0.0	0.0
101	0.0	0.0	0.0	0.0	0.0	0.0	0.0
102	0.0	0.0	0.0	0.0	0.0	0.0	0.0
103	0.0	0.0	0.0	0.0	0.0	0.0	0.0
104	0.0	0.0	0.0	0.0	0.0	0.0	0.0
105	0.0	0.0	0.0	0.0	0.0	0.0	0.0
106	0.0	0.0	0.0	0.0	0.0	0.0	0.0
107	0.0	0.0	0.0	0.0	0.0	0.0	0.0
108	0.0	0.0	0.0	0.0	0.0	0.0	0.0
109	0.0	0.0	0.0	0.0	0.0	0.0	0.0
110	0.0	0.0	0.0	0.0	0.0	0.0	0.0
111	0.0	0.0	0.0	0.0	0.0	0.0	0.0
112	0.0	0.0	0.0	0.0	0.0	0.0	0.0
113	0.0	0.0	0.0	0.0	0.0	0.0	0.0
114	0.0	1.0	0.0	1.0	0.6680000000000001	2.332	1.0
115	1.0	1.0	1.0	0.0	1.0010000000000003	4.999	1.0
116	0.0	0.0	0.0	0.0	0.0	0.0	0.0
117	1.0	1.0	1.0	0.0	0.6660000000000004	5.334	1.0
118	1.0	0.0	0.0	0.0	1.0	2.0	0.0
119	2.0	0.0	1.0	0.0	1.3360000000000003	4.664	1.0
120	2.0	0.0	0.0	0.0	2.4	3.6	0.0
121	1.0	2.0	0.0	0.0	1.3330000000000002	4.667	0.0
122	3.0	0.0	2.0	0.0	2.3360000000000003	6.664	2.0
123	1.0	0.0	0.0	0.0	1.0	2.0	0.0
124	0.0	0.0	0.0	0.0	0.0	0.0	0.0
125	0.0	0.0	0.0	0.0	0.0	0.0	0.0
126	1.0	1.0	0.0	0.0	1.0	2.0	0.0
127	0.0	1.0	0.0	0.0	0.6680000000000001	2.332	0.0
128	1.0	0.0	0.0	0.0	0.6680000000000001	2.332	0.0
129	1.0	0.0	0.0	0.0	0.3330000000000002	2.667	0.0
130	0.0	0.0	0.0	0.0	0.0	0.0	0.0
131	0.0	0.0	0.0	0.0	0.0	0.0	0.0
132	0.0	0.0	0.0	0.0	0.0	0.0	0.0
133	1.0	0.0	1.0	0.0	1.0	2.0	1.0
134	1.0	0.0	1.0	0.0	1.0	2.0	1.0
135	2.0	0.0	2.0	0.0	2.0	4.0	2.0
136	3.0	0.0	3.0	0.0	3.068	5.932	3.0
137	2.0	0.0	1.0	0.0	2.0	4.0	1.0
138	2.0	0.0	1.0	0.0	2.0	4.0	1.0
139	2.0	0.0	1.0	0.0	0.6660000000000004	5.334	1.0
140	2.0	0.0	1.0	0.0	2.0	4.0	1.0
141	3.0	0.0	2.0	0.0	2.0040000000000004	6.9959999999999996	2.0
142	3.0	0.0	1.0	0.0	3.0	6.0	1.0
143	2.0	1.0	2.0	1.0	0.6660000000000004	5.334	2.0
144	3.0	0.0	3.0	0.0	2.0040000000000004	6.9959999999999996	3.0
145	2.0	1.0	1.0	1.0	2.0	4.0	1.0
146	3.0	1.0	1.0	1.0	3.333	8.667	2.0
147	0.0	1.0	0.0	1.0	0.3330000000000002	2.667	1.0
148	0.0	0.0	0.0	0.0	0.0	0.0	0.0
149	1.0	2.0	1.0	2.0	1.6660000000000004	7.334	3.0
150	2.0	2.0	1.0	1.0	3.0040000000000004	8.995999999999999	2.0
151	1.0	1.0	1.0	1.0	1.0	2.0	1.0
152	1.0	2.0	1.0	2.0	1.0	2.0	1.0
153	1.0	2.0	0.0	2.0	1.3330000000000002	4.667	1.0
154	2.0	0.0	1.0	0.0	0.6660000000000004	5.334	1.0
155	1.0	1.0	1.0	1.0	1.0	2.0	1.0
156	1.0	1.0	1.0	0.0	0.6660000000000004	5.334	1.0
157	2.0	1.0	1.0	1.0	1.6680000000000001	4.332	1.0
158	3.0	0.0	3.0	0.0	2.068	3.932	2.0
159	0.0	0.0	0.0	0.0	0.0	0.0	0.0
160	2.0	0.0	1.0	0.0	1.3360000000000003	4.664	1.0
161	2.0	1.0	1.0	1.0	2.333	6.667	2.0
162	0.0	0.0	0.0	0.0	0.0	0.0	0.0
163	1.0	1.0	0.0	1.0	0.6660000000000004	5.334	1.0
164	1.0	1.0	1.0	1.0	0.0	3.0	1.0
165	0.0	0.0	0.0	0.0	0.0	0.0	0.0
166	0.0	0.0	0.0	0.0	0.0	0.0	0.0
167	0.0	0.0	0.0	0.0	0.0	0.0	0.0
168	1.0	1.0	1.0	1.0	1.3330000000000002	4.667	2.0
169	1.0	0.0	1.0	0.0	0.3330000000000002	2.667	1.0
170	3.0	0.0	1.0	0.0	3.0	6.0	1.0
171	3.0	0.0	1.0	0.0	3.0	6.0	1.0
172	2.0	1.0	1.0	1.0	1.6680000000000001	4.332	1.0
173	2.0	1.0	2.0	1.0	3.0	6.0	3.0
174	0.0	0.0	0.0	0.0	0.0	0.0	0.0
175	3.0	1.0	1.0	0.0	3.0	6.0	1.0
176	3.0	0.0	2.0	0.0	3.0	6.0	2.0
177	2.0	0.0	2.0	0.0	0.6680000000000001	2.332	1.0
178	3.0	0.0	2.0	0.0	0.9990000000000006	8.001	2.0
179	2.0	0.0	1.0	0.0	0.6660000000000004	5.334	1.0
180	0.0	0.0	0.0	0.0	0.0	0.0	0.0
181	2.0	2.0	1.0	1.0	3.0010000000000003	8.998999999999999	2.0
182	1.0	0.0	0.0	0.0	1.0	2.0	0.0
183	3.0	0.0	1.0	0.0	3.0	6.0	1.0
184	2.0	0.0	2.0	0.0	2.0	4.0	2.0
185	2.0	1.0	1.0	1.0	1.6680000000000001	4.332	1.0
186	3.0	1.0	1.0	1.0	4.068	7.932	2.0
187	2.0	0.0	1.0	0.0	2.0	4.0	1.0
188	2.0	1.0	1.0	1.0	1.6690000000000005	7.3309999999999995	2.0
189	1.0	1.0	1.0	0.0	2.0	4.0	1.0
190	1.0	0.0	1.0	0.0	1.0	2.0	1.0
191	1.0	0.0	0.0	0.0	0.3330000000000002	2.667	0.0
192	2.0	1.0	1.0	1.0	2.3360000000000003	6.664	2.0
193	1.0	1.0	1.0	0.0	2.4	3.6	1.0
194	0.0	0.0	0.0	0.0	0.0	0.0	0.0
195	0.0	0.0	0.0	0.0	0.0	0.0	0.0
196	1.0	1.0	1.0	1.0	1.0	2.0	1.0
197	0.0	0.0	0.0	0.0	0.0	0.0	0.0
198	1.0	0.0	1.0	0.0	1.0	2.0	1.0
199	1.0	1.0	1.0	1.0	0.6680000000000001	2.332	1.0
200	2.0	0.0	2.0	0.0	2.0	4.0	2.0
201	1.0	0.0	1.0	0.0	0.3330000000000002	2.667	1.0
202	1.0	0.0	1.0	0.0	1.0	2.0	1.0
203	1.0	0.0	1.0	0.0	1.0	2.0	1.0
204	2.0	0.0	1.0	0.0	2.0	4.0	1.0
205	2.0	0.0	1.0	0.0	2.0	4.0	1.0
206	1.0	1.0	1.0	1.0	1.3330000000000002	4.667	2.0
207	0.0	2.0	0.0	2.0	0.3330000000000002	2.667	1.0
208	1.0	1.0	0.0	1.0	2.0	4.0	1.0
209	1.0	1.0	1.0	1.0	1.0	2.0	1.0
210	3.0	1.0	2.0	0.0	2.733	6.2669999999999995	2.0
211	1.0	2.0	1.0	2.0	0.3330000000000002	2.667	1.0
212	2.0	2.0	1.0	2.0	2.0010000000000003	6.999	2.0
213	1.0	0.0	0.0	0.0	0.3330000000000002	2.667	0.0
214	2.0	0.0	2.0	0.0	2.0	4.0	2.0
215	3.0	2.0	2.0	2.0	3.0660000000000003	8.934	3.0
216	1.0	3.0	1.0	2.0	2.3990000000000005	9.600999999999999	3.0
217	4.0	3.0	3.0	2.0	5.0	10.0	4.0
218	2.0	0.0	1.0	0.0	2.0	4.0	1.0
219	2.0	0.0	0.0	0.0	2.0	4.0	0.0
220	2.0	0.0	1.0	0.0	0.6660000000000004	5.334	1.0
221	2.0	0.0	1.0	0.0	2.0	4.0	1.0
222	0.0	0.0	0.0	0.0	0.0	0.0	0.0
223	2.0	1.0	1.0	1.0	3.0	6.0	2.0
224	2.0	0.0	2.0	0.0	2.0	4.0	2.0
225	2.0	0.0	1.0	0.0	1.3360000000000003	4.664	1.0
226	1.0	0.0	1.0	0.0	1.0	2.0	1.0
227	1.0	1.0	0.0	1.0	1.6680000000000001	4.332	1.0
228	2.0	0.0	1.0	0.0	2.0	4.0	1.0
229	1.0	2.0	1.0	1.0	3.0	6.0	2.0
230	3.0	0.0	2.0	0.0	3.0	6.0	2.0
231	2.0	0.0	1.0	0.0	1.3360000000000003	4.664	1.0
232	2.0	1.0	1.0	1.0	2.4	6.6	2.0
233	1.0	0.0	1.0	0.0	1.0	2.0	1.0
234	1.0	0.0	1.0	0.0	0.3330000000000002	2.667	1.0
235	1.0	0.0	1.0	0.0	0.6680000000000001	2.332	1.0
236	3.0	0.0	2.0	0.0	0.9990000000000006	8.001	2.0
237	1.0	0.0	1.0	0.0	1.0	2.0	1.0
238	1.0	2.0	1.0	1.0	0.9990000000000006	8.001	2.0
239	3.0	2.0	1.0	2.0	3.333	8.667	2.0
240	2.0	2.0	1.0	2.0	1.3320000000000007	10.668	3.0
241	2.0	1.0	1.0	0.0	3.0	6.0	1.0
242	0.0	0.0	0.0	0.0	0.0	0.0	0.0
243	1.0	0.0	1.0	0.0	1.0	2.0	1.0
244	2.0	0.0	2.0	0.0	0.6680000000000001	2.332	1.0
245	2.0	0.0	1.0	0.0	2.0	4.0	1.0
246	0.0	0.0	0.0	0.0	0.0	0.0	0.0
247	1.0	2.0	0.0	1.0	2.0	4.0	1.0
248	2.0	2.0	2.0	2.0	2.333	6.667	3.0
249	1.0	0.0	1.0	0.0	0.3330000000000002	2.667	1.0
250	0.0	0.0	0.0	0.0	0.0	0.0	0.0
251	1.0	1.0	1.0	1.0	2.0	4.0	2.0
252	2.0	0.0	1.0	0.0	2.0	4.0	1.0
253	1.0	0.0	1.0	0.0	1.0	2.0	1.0
254	2.0	4.0	1.0	3.0	3.333	8.667	2.0
255	0.0	1.0	0.0	1.0	0.3330000000000002	2.667	1.0
256	2.0	0.0	2.0	0.0	2.0	4.0	2.0
257	2.0	0.0	2.0	0.0	2.0	4.0	2.0
258	1.0	0.0	1.0	0.0	1.0	2.0	1.0
259	0.0	0.0	0.0	0.0	0.0	0.0	0.0
260	1.0	0.0	0.0	0.0	1.0	2.0	0.0
261	2.0	0.0	0.0	0.0	2.0	4.0	0.0
262	0.0	0.0	0.0	0.0	0.0	0.0	0.0
263	1.0	2.0	1.0	1.0	1.6680000000000001	4.332	1.0
264	1.0	0.0	0.0	0.0	1.0	2.0	0.0
265	1.0	0.0	1.0	0.0	1.0	2.0	1.0
266	1.0	1.0	1.0	1.0	0.3330000000000002	2.667	1.0
267	2.0	0.0	2.0	0.0	0.6660000000000004	5.334	2.0
268	1.0	0.0	1.0	0.0	1.0	2.0	1.0
269	2.0	1.0	2.0	1.0	2.0	4.0	2.0
270	2.0	1.0	2.0	1.0	3.0	6.0	3.0
271	1.0	0.0	1.0	0.0	0.6680000000000001	2.332	1.0
272	1.0	0.0	1.0	0.0	1.0	2.0	1.0
273	0.0	0.0	0.0	0.0	0.0	0.0	0.0
274	2.0	0.0	1.0	0.0	2.0	4.0	1.0
275	0.0	0.0	0.0	0.0	0.0	0.0	0.0
276	2.0	1.0	1.0	0.0	3.0	6.0	1.0
277	2.0	0.0	1.0	0.0	0.6660000000000004	5.334	1.0
278	0.0	0.0	0.0	0.0	0.0	0.0	0.0
279	1.0	1.0	1.0	1.0	1.6680000000000001	4.332	2.0
280	1.0	1.0	1.0	1.0	1.0	2.0	1.0
281	3.0	0.0	3.0	0.0	1.6680000000000001	4.332	2.0
282	1.0	0.0	1.0	0.0	0.6680000000000001	2.332	1.0
283	0.0	0.0	0.0	0.0	0.0	0.0	0.0
284	3.0	0.0	2.0	0.0	3.0	6.0	2.0
285	1.0	0.0	1.0	0.0	1.0	2.0	1.0
286	1.0	1.0	1.0	1.0	2.0	4.0	2.0
287	1.0	0.0	0.0	0.0	1.0	2.0	0.0
288	2.0	0.0	2.0	0.0	1.0	2.0	1.0
289	3.0	1.0	2.0	1.0	3.668	8.332	3.0
290	2.0	0.0	2.0	0.0	2.0	4.0	2.0
291	0.0	1.0	0.0	1.0	1.0	2.0	1.0
292	2.0	1.0	1.0	0.0	3.068	5.932	1.0
293	0.0	0.0	0.0	0.0	0.0	0.0	0.0
294	3.0	2.0	2.0	2.0	2.0010000000000003	6.999	2.0
295	1.0	0.0	1.0	0.0	1.4	1.6	1.0
296	1.0	0.0	1.0	0.0	1.0	2.0	1.0
297	2.0	0.0	2.0	0.0	0.6660000000000004	5.334	2.0
298	1.0	0.0	1.0	0.0	1.0	2.0	1.0
299	1.0	1.0	1.0	1.0	1.0	2.0	1.0
300	1.0	1.0	1.0	0.0	2.0	4.0	1.0
301	2.0	1.0	1.0	1.0	3.0	6.0	2.0
302	1.0	0.0	0.0	0.0	0.6680000000000001	2.332	0.0
303	3.0	0.0	2.0	0.0	3.8	5.2	2.0
304	2.0	0.0	2.0	0.0	2.4	3.6	2.0
305	0.0	2.0	0.0	0.0	2.0	4.0	0.0
306	1.0	0.0	1.0	0.0	1.0	2.0	1.0
307	1.0	0.0	1.0	0.0	1.0	2.0	1.0
308	1.0	0.0	1.0	0.0	1.0	2.0	1.0
309	2.0	3.0	1.0	1.0	3.333	8.667	2.0
310	3.0	2.0	3.0	2.0	2.0010000000000003	6.999	3.0
311	1.0	1.0	0.0	0.0	2.068	3.932	0.0
312	1.0	0.0	1.0	0.0	1.0	2.0	1.0
313	1.0	0.0	0.0	0.0	0.3330000000000002	2.667	0.0
314	2.0	2.0	1.0	2.0	2.4	3.6	1.0
315	2.0	2.0	2.0	2.0	0.9990000000000006	8.001	3.0
316	2.0	0.0	2.0	0.0	2.0	4.0	2.0
317	1.0	3.0	0.0	1.0	1.3330000000000002	4.667	1.0
318	2.0	1.0	1.0	1.0	2.0	4.0	1.0
319	0.0	2.0	0.0	2.0	1.0	2.0	1.0
320	1.0	1.0	1.0	1.0	1.0	2.0	1.0
321	0.0	3.0	0.0	2.0	1.6660000000000004	7.334	2.0
322	2.0	1.0	0.0	0.0	1.6680000000000001	4.332	0.0
323	2.0	2.0	1.0	2.0	3.0010000000000003	8.998999999999999	3.0
324	3.0	0.0	2.0	0.0	3.0	6.0	2.0
325	2.0	1.0	1.0	1.0	3.0	6.0	2.0
326	1.0	0.0	1.0	0.0	1.0	2.0	1.0
327	1.0	1.0	1.0	0.0	0.6660000000000004	5.334	1.0
328	1.0	3.0	1.0	2.0	2.333	6.667	2.0
329	1.0	0.0	0.0	0.0	0.3330000000000002	2.667	0.0
330	0.0	3.0	0.0	2.0	0.6660000000000004	5.334	1.0
331	1.0	0.0	1.0	0.0	1.0	2.0	1.0
332	0.0	0.0	0.0	0.0	0.0	0.0	0.0
333	1.0	2.0	1.0	2.0	1.6660000000000004	7.334	3.0
334	1.0	2.0	0.0	2.0	0.6660000000000004	5.334	1.0
335	1.0	0.0	1.0	0.0	0.3330000000000002	2.667	1.0
336	2.0	0.0	1.0	0.0	1.6680000000000001	4.332	1.0
337	0.0	1.0	0.0	1.0	1.0	2.0	1.0
338	2.0	0.0	2.0	0.0	2.0	4.0	2.0
339	2.0	0.0	2.0	0.0	2.0	4.0	2.0
340	2.0	0.0	1.0	0.0	2.0	4.0	1.0
341	1.0	0.0	1.0	0.0	1.4	1.6	1.0
342	2.0	0.0	1.0	0.0	2.0	4.0	1.0
343	4.0	0.0	2.0	0.0	3.668	8.332	2.0
344	2.0	0.0	1.0	0.0	2.0	4.0	1.0
345	1.0	1.0	1.0	0.0	2.4	3.6	1.0
346	2.0	0.0	2.0	0.0	2.0	4.0	2.0
347	0.0	0.0	0.0	0.0	0.0	0.0	0.0
348	0.0	3.0	0.0	2.0	2.3360000000000003	6.664	2.0
349	2.0	3.0	1.0	2.0	4.668	10.332	3.0
350	0.0	3.0	0.0	2.0	1.6660000000000004	7.334	2.0
351	2.0	0.0	2.0	0.0	0.6660000000000004	5.334	2.0
352	0.0	0.0	0.0	0.0	0.0	0.0	0.0
353	2.0	1.0	1.0	1.0	2.3360000000000003	6.664	2.0
354	1.0	0.0	1.0	0.0	1.0	2.0	1.0
355	0.0	3.0	0.0	3.0	2.0	4.0	2.0
356	1.0	0.0	1.0	0.0	0.3330000000000002	2.667	1.0
357	1.0	1.0	0.0	1.0	2.0	4.0	1.0
358	2.0	0.0	1.0	0.0	0.6660000000000004	5.334	1.0
359	1.0	0.0	0.0	0.0	1.0	2.0	0.0
360	1.0	0.0	1.0	0.0	0.3330000000000002	2.667	1.0
361	2.0	0.0	1.0	0.0	2.4	3.6	1.0
362	0.0	0.0	0.0	0.0	0.0	0.0	0.0
363	2.0	0.0	2.0	0.0	1.6680000000000001	4.332	2.0
364	0.0	1.0	0.0	1.0	0.6680000000000001	2.332	1.0
365	1.0	0.0	0.0	0.0	0.3330000000000002	2.667	0.0
366	2.0	2.0	2.0	1.0	3.0	6.0	2.0
367	1.0	0.0	0.0	0.0	0.6680000000000001	2.332	0.0
368	0.0	0.0	0.0	0.0	0.0	0.0	0.0
369	0.0	0.0	0.0	0.0	0.0	0.0	0.0
370	0.0	0.0	0.0	0.0	0.0	0.0	0.0
371	1.0	0.0	1.0	0.0	1.0	2.0	1.0
372	0.0	0.0	0.0	0.0	0.0	0.0	0.0
373	1.0	0.0	0.0	0.0	0.3330000000000002	2.667	0.0
374	2.0	0.0	1.0	0.0	2.0	4.0	1.0
375	1.0	0.0	0.0	0.0	0.3330000000000002	2.667	0.0
376	1.0	0.0	1.0	0.0	1.0	2.0	1.0
377	0.0	0.0	0.0	0.0	0.0	0.0	0.0
378	1.0	0.0	0.0	0.0	0.6680000000000001	2.332	0.0
379	0.0	0.0	0.0	0.0	0.0	0.0	0.0
380	0.0	3.0	0.0	2.0	0.9990000000000006	8.001	2.0
381	0.0	3.0	0.0	2.0	1.6660000000000004	7.334	2.0
382	2.0	0.0	1.0	0.0	2.4	3.6	1.0
383	0.0	0.0	0.0	0.0	0.0	0.0	0.0
384	2.0	0.0	2.0	0.0	2.0	4.0	2.0
385	3.0	0.0	1.0	0.0	3.068	5.932	1.0
386	1.0	2.0	0.0	2.0	2.0	4.0	1.0
387	1.0	0.0	0.0	0.0	1.0	2.0	0.0
388	1.0	0.0	1.0	0.0	1.0	2.0	1.0
389	2.0	2.0	1.0	2.0	3.0	6.0	2.0
390	2.0	1.0	1.0	1.0	3.0	6.0	2.0
391	2.0	0.0	2.0	0.0	2.0	4.0	2.0
392	3.0	0.0	0.0	0.0	3.8	5.2	0.0
393	1.0	2.0	1.0	2.0	2.4	3.6	2.0
394	1.0	1.0	0.0	1.0	0.6660000000000004	5.334	1.0
395	2.0	0.0	0.0	0.0	2.4	3.6	0.0
396	0.0	0.0	0.0	0.0	0.0	0.0	0.0
397	1.0	0.0	1.0	0.0	0.6680000000000001	2.332	1.0
398	1.0	0.0	0.0	0.0	1.0	2.0	0.0
399	0.0	0.0	0.0	0.0	0.0	0.0	0.0
400	1.0	0.0	1.0	0.0	1.0	2.0	1.0
401	1.0	1.0	0.0	1.0	2.0	4.0	1.0
402	2.0	1.0	0.0	0.0	2.4	3.6	0.0
403	1.0	1.0	1.0	0.0	2.0	4.0	1.0
404	1.0	3.0	1.0	2.0	1.3330000000000002	4.667	1.0
405	2.0	2.0	1.0	1.0	1.6680000000000001	4.332	1.0
406	1.0	0.0	0.0	0.0	1.0	2.0	0.0
407	1.0	3.0	0.0	2.0	2.6690000000000005	9.331	2.0
408	0.0	0.0	0.0	0.0	0.0	0.0	0.0
409	0.0	2.0	0.0	1.0	1.3330000000000002	4.667	1.0
410	0.0	2.0	0.0	1.0	2.0	4.0	1.0
411	0.0	2.0	0.0	2.0	0.3330000000000002	2.667	1.0
412	2.0	1.0	1.0	1.0	0.9990000000000006	8.001	2.0
413	2.0	2.0	2.0	1.0	3.333	8.667	3.0
414	1.0	4.0	1.0	2.0	4.4	7.6	2.0
415	0.0	3.0	0.0	2.0	2.0660000000000003	6.933999999999999	2.0
416	2.0	2.0	1.0	2.0	3.4	5.6	2.0
417	1.0	0.0	1.0	0.0	1.0	2.0	1.0
418	3.0	2.0	1.0	2.0	3.0	6.0	1.0
419	1.0	1.0	1.0	1.0	1.0	2.0	1.0
420	2.0	2.0	2.0	2.0	3.0	6.0	3.0
421	1.0	4.0	0.0	3.0	1.9990000000000006	10.001	3.0
422	0.0	1.0	0.0	0.0	0.3330000000000002	2.667	0.0
423	2.0	3.0	1.0	1.0	3.333	8.667	2.0
424	2.0	5.0	2.0	3.0	2.0010000000000003	6.999	2.0
425	1.0	2.0	1.0	2.0	1.0	2.0	1.0
426	2.0	2.0	2.0	2.0	2.4	3.6	2.0
427	2.0	1.0	1.0	0.0	2.0	4.0	1.0
428	1.0	1.0	1.0	1.0	0.3330000000000002	2.667	1.0
429	1.0	0.0	0.0	0.0	0.3330000000000002	2.667	0.0
430	1.0	0.0	1.0	0.0	0.3330000000000002	2.667	1.0
431	0.0	2.0	0.0	1.0	1.0010000000000003	4.999	1.0
432	1.0	0.0	0.0	0.0	1.0	2.0	0.0
433	1.0	0.0	1.0	0.0	1.0	2.0	1.0
434	2.0	0.0	1.0	0.0	2.4	3.6	1.0
435	2.0	0.0	1.0	0.0	2.0	4.0	1.0
436	1.0	0.0	0.0	0.0	1.0	2.0	0.0
437	0.0	0.0	0.0	0.0	0.0	0.0	0.0
438	1.0	0.0	0.0	0.0	0.3330000000000002	2.667	0.0
439	1.0	1.0	0.0	1.0	2.0	4.0	1.0
440	0.0	0.0	0.0	0.0	0.0	0.0	0.0
441	3.0	0.0	2.0	0.0	3.0	6.0	2.0
442	1.0	0.0	0.0	0.0	1.0	2.0	0.0
443	1.0	0.0	0.0	0.0	1.0	2.0	0.0
444	2.0	0.0	2.0	0.0	0.6660000000000004	5.334	2.0
445	1.0	1.0	1.0	1.0	1.3330000000000002	4.667	2.0
446	2.0	2.0	2.0	1.0	3.668	8.332	3.0
447	1.0	0.0	1.0	0.0	1.0	2.0	1.0
448	1.0	0.0	0.0	0.0	1.0	2.0	0.0
449	0.0	0.0	0.0	0.0	0.0	0.0	0.0
450	0.0	0.0	0.0	0.0	0.0	0.0	0.0
451	3.0	0.0	1.0	0.0	3.068	5.932	1.0
452	0.0	0.0	0.0	0.0	0.0	0.0	0.0
453	0.0	2.0	0.0	2.0	0.3330000000000002	2.667	1.0
454	1.0	1.0	0.0	1.0	2.0	4.0	1.0
455	3.0	1.0	2.0	0.0	4.0	8.0	2.0
456	2.0	1.0	0.0	0.0	1.3330000000000002	4.667	0.0
457	1.0	2.0	0.0	0.0	1.0	2.0	0.0
458	2.0	2.0	1.0	2.0	3.0	6.0	2.0
459	1.0	2.0	1.0	2.0	2.0	4.0	2.0
460	1.0	2.0	1.0	2.0	1.3330000000000002	4.667	2.0
461	0.0	1.0	0.0	1.0	0.3330000000000002	2.667	1.0
462	1.0	4.0	0.0	3.0	0.6680000000000001	8.332	2.0
463	1.0	1.0	1.0	1.0	2.0	4.0	2.0
464	2.0	0.0	2.0	0.0	2.0	4.0	2.0
465	0.0	0.0	0.0	0.0	0.0	0.0	0.0
466	1.0	0.0	0.0	0.0	1.0	2.0	0.0
467	2.0	0.0	1.0	0.0	2.0	4.0	1.0
468	1.0	0.0	0.0	0.0	1.0	2.0	0.0
469	0.0	3.0	0.0	2.0	2.0010000000000003	6.999	2.0
470	1.0	0.0	1.0	0.0	1.0	2.0	1.0
471	1.0	0.0	0.0	0.0	0.3330000000000002	2.667	0.0
472	0.0	0.0	0.0	0.0	0.0	0.0	0.0
473	2.0	1.0	2.0	1.0	3.0	6.0	3.0
474	3.0	0.0	2.0	0.0	3.0	6.0	2.0
475	0.0	0.0	0.0	0.0	0.0	0.0	0.0
476	0.0	0.0	0.0	0.0	0.0	0.0	0.0
477	0.0	0.0	0.0	0.0	0.0	0.0	0.0
478	0.0	0.0	0.0	0.0	0.0	0.0	0.0
479	0.0	0.0	0.0	0.0	0.0	0.0	0.0
480	0.0	1.0	0.0	1.0	0.0	3.0	1.0
481	1.0	0.0	0.0	0.0	1.0	2.0	0.0
482	1.0	0.0	0.0	0.0	1.4	1.6	0.0
483	3.0	0.0	2.0	0.0	3.068	5.932	2.0
484	2.0	0.0	2.0	0.0	0.6660000000000004	5.334	2.0
485	1.0	0.0	1.0	0.0	0.3330000000000002	2.667	1.0
486	2.0	0.0	1.0	0.0	2.4	3.6	1.0
487	1.0	0.0	1.0	0.0	1.0	2.0	1.0
488	1.0	0.0	0.0	0.0	0.3330000000000002	2.667	0.0
489	2.0	0.0	1.0	0.0	2.0	4.0	1.0
490	0.0	0.0	0.0	0.0	0.0	0.0	0.0
491	1.0	0.0	1.0	0.0	0.3330000000000002	2.667	1.0
492	1.0	2.0	1.0	2.0	1.6680000000000001	4.332	2.0
493	1.0	1.0	1.0	1.0	0.6660000000000004	5.334	2.0
494	1.0	0.0	0.0	0.0	1.0	2.0	0.0
495	2.0	0.0	0.0	0.0	2.0	4.0	0.0
496	1.0	2.0	1.0	0.0	1.3330000000000002	4.667	1.0
497	1.0	0.0	0.0	0.0	1.0	2.0	0.0
498	0.0	0.0	0.0	0.0	0.0	0.0	0.0
499	1.0	0.0	1.0	0.0	1.0	2.0	1.0
500	1.0	0.0	1.0	0.0	1.0	2.0	1.0
501	1.0	0.0	1.0	0.0	1.0	2.0	1.0
502	1.0	0.0	1.0	0.0	1.0	2.0	1.0
503	2.0	3.0	2.0	2.0	3.0	9.0	3.0
504	1.0	2.0	0.0	2.0	1.3330000000000002	4.667	1.0
505	0.0	0.0	0.0	0.0	0.0	0.0	0.0
506	2.0	0.0	1.0	0.0	2.0	4.0	1.0
507	1.0	1.0	0.0	1.0	1.0010000000000003	4.999	1.0
508	4.0	0.0	1.0	0.0	3.736	8.264	1.0
509	1.0	0.0	0.0	0.0	1.0	2.0	0.0
510	2.0	0.0	1.0	0.0	2.0	4.0	1.0
511	1.0	0.0	1.0	0.0	1.0	2.0	1.0
512	1.0	0.0	0.0	0.0	1.4	1.6	0.0
513	1.0	0.0	1.0	0.0	1.0	2.0	1.0
514	1.0	0.0	1.0	0.0	1.0	2.0	1.0
515	2.0	0.0	2.0	0.0	2.0	4.0	2.0
516	1.0	0.0	1.0	0.0	1.0	2.0	1.0
517	3.0	1.0	2.0	1.0	2.0	4.0	1.0
518	3.0	1.0	1.0	0.0	4.0	8.0	1.0
519	0.0	1.0	0.0	1.0	1.4	1.6	1.0
520	1.0	0.0	1.0	0.0	0.3330000000000002	2.667	1.0
521	2.0	2.0	1.0	1.0	1.6660000000000004	7.334	1.0
522	2.0	2.0	2.0	0.0	1.6680000000000001	4.332	1.0
523	2.0	0.0	2.0	0.0	1.6680000000000001	4.332	2.0
524	2.0	0.0	1.0	0.0	2.0	4.0	1.0
525	1.0	1.0	1.0	1.0	1.6680000000000001	4.332	2.0
526	2.0	0.0	2.0	0.0	2.0	4.0	2.0
527	2.0	0.0	0.0	0.0	2.0	4.0	0.0
528	0.0	0.0	0.0	0.0	0.0	0.0	0.0
529	2.0	0.0	1.0	0.0	0.6660000000000004	5.334	1.0
530	2.0	2.0	1.0	2.0	1.3330000000000002	4.667	1.0
531	1.0	0.0	0.0	0.0	1.4	1.6	0.0
532	2.0	0.0	1.0	0.0	2.0	4.0	1.0
533	0.0	0.0	0.0	0.0	0.0	0.0	0.0
534	2.0	0.0	1.0	0.0	2.0	4.0	1.0
535	2.0	1.0	2.0	1.0	1.6680000000000001	7.332	3.0
536	1.0	0.0	0.0	0.0	0.3330000000000002	2.667	0.0
537	0.0	0.0	0.0	0.0	0.0	0.0	0.0
538	1.0	1.0	1.0	1.0	2.4	3.6	2.0
539	0.0	0.0	0.0	0.0	0.0	0.0	0.0
540	0.0	4.0	0.0	3.0	1.3330000000000002	7.667	2.0
541	2.0	3.0	1.0	2.0	2.668	6.332	1.0
542	2.0	0.0	2.0	0.0	1.3360000000000003	4.664	2.0
543	1.0	0.0	1.0	0.0	1.0	2.0	1.0
544	1.0	0.0	0.0	0.0	0.3330000000000002	2.667	0.0
545	3.0	1.0	1.0	1.0	2.3360000000000003	6.664	1.0
546	1.0	0.0	1.0	0.0	0.3330000000000002	2.667	1.0
547	1.0	0.0	0.0	0.0	0.6680000000000001	2.332	0.0
548	0.0	0.0	0.0	0.0	0.0	0.0	0.0
549	1.0	0.0	0.0	0.0	0.3330000000000002	2.667	0.0
550	2.0	0.0	0.0	0.0	2.0	4.0	0.0
551	1.0	1.0	1.0	1.0	0.6660000000000004	5.334	2.0
552	1.0	2.0	1.0	2.0	1.3330000000000002	4.667	2.0
553	2.0	0.0	1.0	0.0	1.3360000000000003	4.664	1.0
554	2.0	0.0	2.0	0.0	1.6680000000000001	4.332	2.0
555	1.0	1.0	1.0	1.0	1.3330000000000002	4.667	2.0
556	2.0	1.0	1.0	1.0	3.0	6.0	2.0
557	0.0	0.0	0.0	0.0	0.0	0.0	0.0
558	2.0	1.0	0.0	1.0	2.0	4.0	1.0
559	2.0	0.0	1.0	0.0	0.6660000000000004	5.334	1.0
560	1.0	0.0	0.0	0.0	0.3330000000000002	2.667	0.0
561	2.0	2.0	1.0	2.0	1.6680000000000001	4.332	1.0
562	0.0	0.0	0.0	0.0	0.0	0.0	0.0
563	2.0	0.0	2.0	0.0	1.0	2.0	1.0
564	2.0	0.0	2.0	0.0	1.0	2.0	1.0
565	0.0	1.0	0.0	1.0	0.3330000000000002	2.667	1.0
566	2.0	1.0	2.0	1.0	0.3330000000000002	2.667	1.0
567	0.0	1.0	0.0	1.0	0.3330000000000002	2.667	1.0
568	1.0	2.0	0.0	1.0	0.6660000000000004	5.334	1.0
569	1.0	0.0	0.0	0.0	0.3330000000000002	2.667	0.0
570	0.0	2.0	0.0	1.0	2.4	3.6	1.0
571	0.0	0.0	0.0	0.0	0.0	0.0	0.0
572	3.0	0.0	1.0	0.0	2.0	4.0	1.0
573	0.0	1.0	0.0	1.0	0.3330000000000002	2.667	1.0
574	1.0	1.0	1.0	1.0	2.0	4.0	2.0
575	1.0	1.0	0.0	1.0	0.6660000000000004	5.334	1.0
576	0.0	1.0	0.0	1.0	1.0	2.0	1.0
577	2.0	2.0	2.0	1.0	3.333	8.667	3.0
578	1.0	1.0	0.0	0.0	1.0	2.0	0.0
579	0.0	3.0	0.0	2.0	2.0	4.0	1.0
580	0.0	0.0	0.0	0.0	0.0	0.0	0.0
581	0.0	2.0	0.0	2.0	0.6680000000000001	2.332	1.0
582	0.0	1.0	0.0	1.0	1.0	2.0	1.0
583	3.0	3.0	3.0	1.0	3.0010000000000003	8.998999999999999	3.0
584	0.0	4.0	0.0	2.0	1.3330000000000002	4.667	1.0
585	1.0	2.0	1.0	1.0	2.0	4.0	1.0
586	2.0	3.0	1.0	2.0	4.0	8.0	3.0
587	2.0	3.0	1.0	2.0	3.333	8.667	2.0
588	1.0	3.0	1.0	1.0	1.3330000000000002	4.667	1.0
589	1.0	0.0	0.0	0.0	0.3330000000000002	2.667	0.0
590	1.0	2.0	0.0	1.0	2.333	6.667	1.0
591	1.0	2.0	0.0	1.0	2.668	6.332	1.0
592	1.0	2.0	0.0	0.0	1.0	2.0	0.0
593	1.0	1.0	0.0	0.0	1.3330000000000002	4.667	0.0
594	2.0	0.0	1.0	0.0	2.0	4.0	1.0
595	2.0	1.0	1.0	0.0	0.9990000000000006	8.001	1.0
596	0.0	2.0	0.0	0.0	0.3330000000000002	2.667	0.0
597	0.0	0.0	0.0	0.0	0.0	0.0	0.0
598	1.0	2.0	0.0	0.0	1.0	2.0	0.0
599	0.0	1.0	0.0	0.0	0.3330000000000002	2.667	0.0
600	2.0	1.0	0.0	0.0	2.0	4.0	0.0
601	1.0	1.0	0.0	0.0	1.3330000000000002	4.667	0.0
602	0.0	0.0	0.0	0.0	0.0	0.0	0.0
603	0.0	0.0	0.0	0.0	0.0	0.0	0.0
604	0.0	0.0	0.0	0.0	0.0	0.0	0.0
605	0.0	0.0	0.0	0.0	0.0	0.0	0.0
606	0.0	0.0	0.0	0.0	0.0	0.0	0.0
607	0.0	0.0	0.0	0.0	0.0	0.0	0.0
608	0.0	0.0	0.0	0.0	0.0	0.0	0.0
