pos	Sd	Nd	Sd_tip	Nd_tip	S	N	comparisons
001	0.0	0.0	0.0	0.0	0.0	0.0	0.0
002	0.0	0.0	0.0	0.0	0.0	0.0	0.0
003	0.0	0.0	0.0	0.0	0.0	0.0	0.0
004	0.0	0.0	0.0	0.0	0.0	0.0	0.0
005	0.0	0.0	0.0	0.0	0.0	0.0	0.0
006	0.0	0.0	0.0	0.0	0.0	0.0	0.0
007	0.0	0.0	0.0	0.0	0.0	0.0	0.0
008	0.0	0.0	0.0	0.0	0.0	0.0	0.0
009	0.0	0.0	0.0	0.0	0.0	0.0	0.0
010	0.0	0.0	0.0	0.0	0.0	0.0	0.0
011	0.0	0.0	0.0	0.0	0.0	0.0	0.0
012	0.0	0.0	0.0	0.0	0.0	0.0	0.0
013	0.0	0.0	0.0	0.0	0.0	0.0	0.0
014	0.0	0.0	0.0	0.0	0.0	0.0	0.0
015	0.0	0.0	0.0	0.0	0.0	0.0	0.0
016	0.0	0.0	0.0	0.0	0.0	0.0	0.0
017	0.0	0.0	0.0	0.0	0.0	0.0	0.0
018	0.0	0.0	0.0	0.0	0.0	0.0	0.0
019	0.0	0.0	0.0	0.0	0.0	0.0	0.0
020	0.0	0.0	0.0	0.0	0.0	0.0	0.0
021	0.0	0.0	0.0	0.0	0.0	0.0	0.0
022	0.0	0.0	0.0	0.0	0.0	0.0	0.0
023	0.0	0.0	0.0	0.0	0.0	0.0	0.0
024	0.0	0.0	0.0	0.0	0.0	0.0	0.0
025	0.0	0.0	0.0	0.0	0.0	0.0	0.0
026	0.0	0.0	0.0	0.0	0.0	0.0	0.0
027	0.0	0.0	0.0	0.0	0.0	0.0	0.0
028	0.0	0.0	0.0	0.0	0.0	0.0	0.0
029	0.0	0.0	0.0	0.0	0.0	0.0	0.0
030	0.0	0.0	0.0	0.0	0.0	0.0	0.0
031	0.0	0.0	0.0	0.0	0.0	0.0	0.0
032	0.0	0.0	0.0	0.0	0.0	0.0	0.0
033	0.0	0.0	0.0	0.0	0.0	0.0	0.0
034	0.0	0.0	0.0	0.0	0.0	0.0	0.0
035	0.0	0.0	0.0	0.0	0.0	0.0	0.0
036	0.0	0.0	0.0	0.0	0.0	0.0	0.0
037	0.0	1.0	0.0	0.0	0.3330000000000002	2.667	0.0
038	0.0	0.0	0.0	0.0	0.0	0.0	0.0
039	1.0	1.0	0.0	0.0	1.6680000000000001	4.332	0.0
040	0.0	1.0	0.0	0.0	1.0	2.0	0.0
041	0.0	1.0	0.0	0.0	0.3330000000000002	2.667	0.0
042	0.0	1.0	0.0	0.0	0.3330000000000002	2.667	0.0
043	0.0	0.0	0.0	0.0	0.0	0.0	0.0
044	0.0	1.0	0.0	0.0	0.3330000000000002	2.667	0.0
045	1.0	0.0	0.0	0.0	1.0	2.0	0.0
046	0.0	0.0	0.0	0.0	0.0	0.0	0.0
047	1.0	1.0	0.0	0.0	1.0	2.0	0.0
048	0.0	0.0	0.0	0.0	0.0	0.0	0.0
049	2.0	0.0	1.0	0.0	2.0	4.0	1.0
050	0.0	0.0	0.0	0.0	0.0	0.0	0.0
051	2.0	0.0	1.0	0.0	2.4	3.6	1.0
052	2.0	2.0	1.0	1.0	3.0	6.0	2.0
053	1.0	0.0	1.0	0.0	1.0	2.0	1.0
054	1.0	0.0	1.0	0.0	0.3330000000000002	2.667	1.0
055	2.0	2.0	1.0	0.0	4.4	7.6	1.0
056	1.0	0.0	1.0	0.0	1.0	2.0	1.0
057	1.0	0.0	0.0	0.0	1.0	2.0	0.0
058	1.0	1.0	1.0	1.0	1.3330000000000002	4.667	2.0
059	2.0	0.0	0.0	0.0	1.6680000000000001	4.332	0.0
060	1.0	2.0	0.0	1.0	2.333	6.667	1.0
061	1.0	0.0	0.0	0.0	1.0	2.0	0.0
062	1.0	0.0	1.0	0.0	1.0	2.0	1.0
063	2.0	1.0	1.0	0.0	1.6680000000000001	4.332	1.0
064	3.0	0.0	2.0	0.0	0.9990000000000006	8.001	2.0
065	2.0	0.0	1.0	0.0	2.0	4.0	1.0
066	0.0	0.0	0.0	0.0	0.0	0.0	0.0
067	1.0	3.0	0.0	0.0	1.6660000000000004	7.334	0.0
068	1.0	0.0	1.0	0.0	1.4	1.6	1.0
069	1.0	1.0	1.0	0.0	1.6680000000000001	4.332	1.0
070	0.0	1.0	0.0	1.0	0.6680000000000001	2.332	1.0
071	3.0	0.0	1.0	0.0	3.0	6.0	1.0
072	0.0	1.0	0.0	0.0	1.0	2.0	0.0
073	2.0	1.0	1.0	1.0	1.6680000000000001	4.332	1.0
074	0.0	0.0	0.0	0.0	0.0	0.0	0.0
075	1.0	3.0	0.0	1.0	2.0660000000000003	6.933999999999999	1.0
076	1.0	0.0	1.0	0.0	1.0	2.0	1.0
077	0.0	0.0	0.0	0.0	0.0	0.0	0.0
078	0.0	0.0	0.0	0.0	0.0	0.0	0.0
079	0.0	0.0	0.0	0.0	0.0	0.0	0.0
080	3.0	1.0	2.0	0.0	2.333	6.667	2.0
081	1.0	0.0	1.0	0.0	0.3330000000000002	2.667	1.0
082	1.0	0.0	1.0	0.0	0.3330000000000002	2.667	1.0
083	2.0	0.0	0.0	0.0	2.0	4.0	0.0
084	1.0	0.0	1.0	0.0	1.4	1.6	1.0
085	2.0	1.0	0.0	0.0	2.333	6.667	0.0
086	1.0	2.0	1.0	1.0	1.3330000000000002	4.667	1.0
087	2.0	0.0	1.0	0.0	1.6680000000000001	4.332	1.0
088	4.0	0.0	2.0	0.0	4.0	8.0	2.0
089	2.0	0.0	1.0	0.0	2.0	4.0	1.0
090	3.0	0.0	2.0	0.0	3.0	6.0	2.0
091	2.0	0.0	1.0	0.0	2.0	4.0	1.0
092	2.0	0.0	0.0	0.0	2.0	4.0	0.0
093	1.0	4.0	0.0	0.0	1.3330000000000002	4.667	0.0
094	2.0	3.0	1.0	1.0	4.0	8.0	1.0
095	2.0	3.0	1.0	1.0	2.6660000000000004	9.334	2.0
096	3.0	2.0	1.0	0.0	1.6660000000000004	7.334	1.0
097	1.0	0.0	1.0	0.0	1.4	1.6	1.0
098	1.0	5.0	0.0	4.0	2.9990000000000006	12.001	3.0
099	2.0	0.0	1.0	0.0	2.0	4.0	1.0
100	1.0	0.0	0.0	0.0	1.0	2.0	0.0
101	2.0	1.0	2.0	0.0	2.0010000000000003	6.999	2.0
102	0.0	0.0	0.0	0.0	0.0	0.0	0.0
103	1.0	1.0	0.0	0.0	0.6660000000000004	5.334	0.0
104	1.0	0.0	0.0	0.0	1.0	2.0	0.0
105	0.0	0.0	0.0	0.0	0.0	0.0	0.0
106	2.0	1.0	1.0	1.0	2.333	6.667	2.0
107	2.0	0.0	0.0	0.0	2.0	4.0	0.0
108	2.0	0.0	1.0	0.0	2.0	4.0	1.0
109	0.0	1.0	0.0	1.0	0.3330000000000002	2.667	1.0
110	1.0	0.0	1.0	0.0	1.0	2.0	1.0
111	3.0	4.0	2.0	2.0	5.0	10.0	3.0
112	2.0	0.0	1.0	0.0	2.4	3.6	1.0
113	4.0	0.0	3.0	0.0	3.3360000000000003	8.664	3.0
114	5.0	0.0	3.0	0.0	4.468	7.532	2.0
115	0.0	2.0	0.0	0.0	0.3330000000000002	2.667	0.0
116	0.0	0.0	0.0	0.0	0.0	0.0	0.0
117	0.0	0.0	0.0	0.0	0.0	0.0	0.0
118	2.0	0.0	1.0	0.0	0.6660000000000004	5.334	1.0
119	0.0	0.0	0.0	0.0	0.0	0.0	0.0
120	1.0	0.0	1.0	0.0	0.3330000000000002	2.667	1.0
121	2.0	0.0	0.0	0.0	2.8	3.2	0.0
122	1.0	0.0	1.0	0.0	0.3330000000000002	2.667	1.0
123	0.0	0.0	0.0	0.0	0.0	0.0	0.0
124	1.0	1.0	0.0	1.0	1.6680000000000001	4.332	1.0
125	1.0	0.0	0.0	0.0	1.0	2.0	0.0
126	3.0	0.0	2.0	0.0	3.0	6.0	2.0
127	0.0	0.0	0.0	0.0	0.0	0.0	0.0
128	2.0	0.0	1.0	0.0	0.6660000000000004	5.334	1.0
129	2.0	1.0	1.0	0.0	3.0	6.0	1.0
130	0.0	0.0	0.0	0.0	0.0	0.0	0.0
131	1.0	0.0	1.0	0.0	1.0	2.0	1.0
132	2.0	0.0	1.0	0.0	2.0	4.0	1.0
133	0.0	0.0	0.0	0.0	0.0	0.0	0.0
134	2.0	0.0	1.0	0.0	0.6660000000000004	5.334	1.0
135	1.0	0.0	1.0	0.0	1.0	2.0	1.0
136	1.0	1.0	0.0	0.0	0.6680000000000001	2.332	0.0
137	0.0	0.0	0.0	0.0	0.0	0.0	0.0
138	5.0	0.0	3.0	0.0	2.3360000000000003	6.664	2.0
139	2.0	0.0	1.0	0.0	1.6680000000000001	4.332	1.0
140	0.0	0.0	0.0	0.0	0.0	0.0	0.0
141	2.0	2.0	1.0	1.0	1.6680000000000001	4.332	1.0
142	2.0	0.0	2.0	0.0	0.6660000000000004	5.334	2.0
143	3.0	0.0	2.0	0.0	3.0	6.0	2.0
144	1.0	1.0	0.0	1.0	1.3330000000000002	4.667	1.0
145	0.0	0.0	0.0	0.0	0.0	0.0	0.0
146	3.0	2.0	2.0	1.0	5.068	9.932	3.0
147	0.0	0.0	0.0	0.0	0.0	0.0	0.0
148	3.0	3.0	2.0	0.0	3.9990000000000006	14.001	2.0
149	1.0	0.0	0.0	0.0	1.0	2.0	0.0
150	1.0	0.0	0.0	0.0	1.0	2.0	0.0
151	1.0	6.0	0.0	3.0	3.333	11.667	2.0
152	0.0	2.0	0.0	1.0	0.6660000000000004	5.334	1.0
153	2.0	1.0	0.0	0.0	1.0	2.0	0.0
154	1.0	0.0	1.0	0.0	1.0	2.0	1.0
155	3.0	0.0	1.0	0.0	3.0	6.0	1.0
156	1.0	0.0	1.0	0.0	1.0	2.0	1.0
157	1.0	0.0	0.0	0.0	1.0	2.0	0.0
158	2.0	0.0	1.0	0.0	0.6660000000000004	5.334	1.0
159	1.0	0.0	1.0	0.0	0.3330000000000002	2.667	1.0
160	2.0	0.0	1.0	0.0	2.0	4.0	1.0
161	1.0	0.0	1.0	0.0	1.0	2.0	1.0
162	0.0	0.0	0.0	0.0	0.0	0.0	0.0
163	1.0	0.0	0.0	0.0	0.3330000000000002	2.667	0.0
164	1.0	0.0	1.0	0.0	1.0	2.0	1.0
165	2.0	0.0	2.0	0.0	0.6660000000000004	5.334	2.0
166	1.0	0.0	0.0	0.0	1.0	2.0	0.0
167	1.0	0.0	0.0	0.0	1.4	1.6	0.0
168	0.0	0.0	0.0	0.0	0.0	0.0	0.0
169	3.0	0.0	2.0	0.0	3.8	5.2	2.0
170	2.0	0.0	1.0	0.0	2.0	4.0	1.0
171	2.0	0.0	2.0	0.0	2.0	4.0	2.0
172	4.0	1.0	2.0	1.0	2.0010000000000003	6.999	2.0
173	1.0	0.0	0.0	0.0	0.3330000000000002	2.667	0.0
174	0.0	2.0	0.0	0.0	1.3330000000000002	4.667	0.0
175	1.0	2.0	0.0	0.0	1.0	2.0	0.0
176	2.0	0.0	1.0	0.0	1.3360000000000003	4.664	1.0
177	3.0	0.0	1.0	0.0	3.0	6.0	1.0
178	1.0	0.0	1.0	0.0	1.0	2.0	1.0
179	0.0	0.0	0.0	0.0	0.0	0.0	0.0
180	2.0	0.0	1.0	0.0	1.3360000000000003	4.664	1.0
181	2.0	0.0	1.0	0.0	2.0	4.0	1.0
182	0.0	0.0	0.0	0.0	0.0	0.0	0.0
183	2.0	0.0	1.0	0.0	2.0	4.0	1.0
184	1.0	2.0	1.0	2.0	1.3330000000000002	4.667	2.0
185	1.0	1.0	1.0	1.0	1.0	2.0	1.0
186	1.0	1.0	1.0	0.0	2.0	4.0	1.0
187	2.0	1.0	2.0	1.0	2.0	4.0	2.0
188	1.0	0.0	1.0	0.0	1.0	2.0	1.0
189	0.0	0.0	0.0	0.0	0.0	0.0	0.0
190	1.0	0.0	0.0	0.0	0.3330000000000002	2.667	0.0
191	0.0	1.0	0.0	1.0	1.0	2.0	1.0
192	0.0	0.0	0.0	0.0	0.0	0.0	0.0
193	2.0	1.0	1.0	0.0	3.0	6.0	1.0
194	1.0	0.0	1.0	0.0	1.0	2.0	1.0
195	2.0	1.0	2.0	1.0	0.3330000000000002	2.667	1.0
196	1.0	0.0	1.0	0.0	1.0	2.0	1.0
197	0.0	0.0	0.0	0.0	0.0	0.0	0.0
198	0.0	0.0	0.0	0.0	0.0	0.0	0.0
199	1.0	0.0	1.0	0.0	1.0	2.0	1.0
200	0.0	1.0	0.0	1.0	0.6680000000000001	2.332	1.0
201	2.0	0.0	2.0	0.0	2.0	4.0	2.0
202	1.0	2.0	1.0	2.0	1.3330000000000002	4.667	2.0
203	2.0	1.0	2.0	1.0	1.3330000000000002	4.667	2.0
204	0.0	0.0	0.0	0.0	0.0	0.0	0.0
205	1.0	0.0	0.0	0.0	1.0	2.0	0.0
206	0.0	2.0	0.0	2.0	1.0	2.0	1.0
207	1.0	0.0	1.0	0.0	1.0	2.0	1.0
208	2.0	4.0	1.0	2.0	0.6660000000000004	5.334	1.0
209	0.0	1.0	0.0	0.0	1.0	2.0	0.0
210	0.0	0.0	0.0	0.0	0.0	0.0	0.0
211	3.0	0.0	2.0	0.0	3.0	6.0	2.0
212	0.0	0.0	0.0	0.0	0.0	0.0	0.0
213	2.0	0.0	1.0	0.0	2.0	4.0	1.0
214	1.0	1.0	1.0	1.0	2.0	4.0	2.0
215	0.0	0.0	0.0	0.0	0.0	0.0	0.0
216	0.0	3.0	0.0	3.0	1.6660000000000004	7.334	3.0
217	1.0	2.0	1.0	2.0	0.3330000000000002	2.667	1.0
218	0.0	0.0	0.0	0.0	0.0	0.0	0.0
219	0.0	0.0	0.0	0.0	0.0	0.0	0.0
220	0.0	0.0	0.0	0.0	0.0	0.0	0.0
221	1.0	2.0	1.0	2.0	1.3330000000000002	4.667	2.0
222	3.0	0.0	3.0	0.0	3.0	6.0	3.0
223	0.0	0.0	0.0	0.0	0.0	0.0	0.0
224	1.0	0.0	1.0	0.0	1.0	2.0	1.0
225	0.0	0.0	0.0	0.0	0.0	0.0	0.0
226	0.0	0.0	0.0	0.0	0.0	0.0	0.0
227	1.0	0.0	1.0	0.0	1.0	2.0	1.0
228	1.0	0.0	1.0	0.0	1.0	2.0	1.0
229	2.0	0.0	1.0	0.0	2.0	4.0	1.0
230	0.0	0.0	0.0	0.0	0.0	0.0	0.0
231	1.0	0.0	1.0	0.0	0.3330000000000002	2.667	1.0
232	0.0	0.0	0.0	0.0	0.0	0.0	0.0
233	1.0	0.0	1.0	0.0	1.0	2.0	1.0
234	0.0	0.0	0.0	0.0	0.0	0.0	0.0
235	0.0	0.0	0.0	0.0	0.0	0.0	0.0
236	0.0	0.0	0.0	0.0	0.0	0.0	0.0
237	3.0	0.0	2.0	0.0	3.4	5.6	2.0
238	0.0	0.0	0.0	0.0	0.0	0.0	0.0
239	0.0	0.0	0.0	0.0	0.0	0.0	0.0
240	1.0	0.0	1.0	0.0	1.0	2.0	1.0
241	0.0	0.0	0.0	0.0	0.0	0.0	0.0
242	1.0	1.0	1.0	0.0	1.0	5.0	1.0
243	1.0	0.0	1.0	0.0	1.0	2.0	1.0
244	0.0	0.0	0.0	0.0	0.0	0.0	0.0
245	0.0	0.0	0.0	0.0	0.0	0.0	0.0
246	1.0	2.0	1.0	2.0	1.3330000000000002	4.667	2.0
247	0.0	0.0	0.0	0.0	0.0	0.0	0.0
248	0.0	1.0	0.0	1.0	0.3330000000000002	2.667	1.0
249	0.0	0.0	0.0	0.0	0.0	0.0	0.0
250	1.0	1.0	1.0	1.0	2.0	4.0	2.0
251	1.0	0.0	1.0	0.0	1.0	2.0	1.0
252	2.0	0.0	2.0	0.0	0.6660000000000004	5.334	2.0
253	1.0	0.0	1.0	0.0	1.4	1.6	1.0
254	0.0	3.0	0.0	2.0	2.068	6.932	2.0
255	0.0	1.0	0.0	1.0	1.0	2.0	1.0
256	2.0	0.0	2.0	0.0	2.0	4.0	2.0
257	3.0	0.0	1.0	0.0	3.0	6.0	1.0
258	1.0	0.0	0.0	0.0	0.3330000000000002	2.667	0.0
259	2.0	0.0	2.0	0.0	2.0	4.0	2.0
260	2.0	1.0	1.0	1.0	3.0	6.0	2.0
261	1.0	3.0	1.0	1.0	2.333	6.667	2.0
262	0.0	2.0	0.0	2.0	1.0	2.0	1.0
263	2.0	0.0	1.0	0.0	2.0	4.0	1.0
264	2.0	0.0	1.0	0.0	2.0	4.0	1.0
265	0.0	0.0	0.0	0.0	0.0	0.0	0.0
266	0.0	0.0	0.0	0.0	0.0	0.0	0.0
267	1.0	0.0	1.0	0.0	1.0	2.0	1.0
268	2.0	0.0	1.0	0.0	2.0	4.0	1.0
269	2.0	0.0	1.0	0.0	2.0	4.0	1.0
270	1.0	1.0	1.0	0.0	1.733	4.2669999999999995	1.0
271	2.0	2.0	1.0	2.0	2.333	6.667	2.0
272	2.0	4.0	1.0	4.0	3.0	6.0	2.0
273	2.0	2.0	2.0	1.0	4.0	8.0	3.0
274	1.0	4.0	1.0	1.0	3.333	8.667	2.0
275	1.0	0.0	0.0	0.0	1.0	2.0	0.0
276	2.0	4.0	1.0	2.0	1.3330000000000002	4.667	1.0
277	2.0	3.0	1.0	2.0	3.333	8.667	2.0
278	3.0	2.0	1.0	0.0	2.9990000000000006	12.001	1.0
279	1.0	7.0	0.0	5.0	6.001	14.998999999999999	4.0
280	1.0	0.0	1.0	0.0	0.3330000000000002	2.667	1.0
281	3.0	1.0	2.0	1.0	3.333	8.667	3.0
282	4.0	0.0	3.0	0.0	3.668	8.332	3.0
283	3.0	2.0	2.0	1.0	1.3320000000000007	10.668	2.0
284	0.0	0.0	0.0	0.0	0.0	0.0	0.0
285	0.0	1.0	0.0	1.0	1.0	2.0	1.0
286	0.0	1.0	0.0	1.0	1.0	2.0	1.0
287	0.0	0.0	0.0	0.0	0.0	0.0	0.0
288	4.0	0.0	3.0	0.0	4.0	8.0	3.0
289	0.0	0.0	0.0	0.0	0.0	0.0	0.0
290	3.0	0.0	2.0	0.0	3.0	6.0	2.0
291	1.0	0.0	1.0	0.0	1.0	2.0	1.0
292	1.0	0.0	0.0	0.0	1.0	2.0	0.0
293	3.0	0.0	2.0	0.0	3.0	6.0	2.0
294	0.0	0.0	0.0	0.0	0.0	0.0	0.0
295	0.0	0.0	0.0	0.0	0.0	0.0	0.0
296	3.0	0.0	3.0	0.0	3.0	6.0	3.0
297	0.0	0.0	0.0	0.0	0.0	0.0	0.0
298	2.0	0.0	1.0	0.0	2.0	4.0	1.0
299	1.0	0.0	1.0	0.0	1.0	2.0	1.0
300	2.0	0.0	2.0	0.0	2.8	3.2	2.0
301	2.0	0.0	2.0	0.0	0.6660000000000004	5.334	2.0
302	1.0	0.0	1.0	0.0	0.3330000000000002	2.667	1.0
303	0.0	0.0	0.0	0.0	0.0	0.0	0.0
304	1.0	0.0	1.0	0.0	1.0	2.0	1.0
305	4.0	0.0	3.0	0.0	4.0	8.0	3.0
306	1.0	0.0	1.0	0.0	1.0	2.0	1.0
307	0.0	0.0	0.0	0.0	0.0	0.0	0.0
308	4.0	0.0	3.0	0.0	2.668	6.332	2.0
309	2.0	0.0	2.0	0.0	2.0	4.0	2.0
310	0.0	1.0	0.0	1.0	0.3330000000000002	2.667	1.0
311	3.0	0.0	2.0	0.0	3.0	6.0	2.0
312	0.0	1.0	0.0	1.0	1.0	2.0	1.0
313	1.0	0.0	1.0	0.0	0.3330000000000002	2.667	1.0
314	1.0	0.0	1.0	0.0	1.0	2.0	1.0
315	0.0	0.0	0.0	0.0	0.0	0.0	0.0
316	1.0	1.0	1.0	1.0	0.3330000000000002	2.667	1.0
317	0.0	1.0	0.0	1.0	0.3330000000000002	2.667	1.0
318	0.0	0.0	0.0	0.0	0.0	0.0	0.0
319	1.0	0.0	1.0	0.0	1.0	2.0	1.0
320	2.0	0.0	1.0	0.0	0.6660000000000004	5.334	1.0
321	0.0	0.0	0.0	0.0	0.0	0.0	0.0
322	0.0	2.0	0.0	2.0	1.0	2.0	1.0
323	0.0	1.0	0.0	1.0	0.6680000000000001	2.332	1.0
324	1.0	0.0	1.0	0.0	1.0	2.0	1.0
325	3.0	0.0	2.0	0.0	3.0	6.0	2.0
326	0.0	2.0	0.0	2.0	1.0010000000000003	4.999	2.0
327	0.0	0.0	0.0	0.0	0.0	0.0	0.0
328	2.0	1.0	2.0	1.0	2.0	4.0	2.0
329	3.0	0.0	2.0	0.0	3.0	6.0	2.0
330	0.0	1.0	0.0	1.0	0.3330000000000002	2.667	1.0
331	4.0	0.0	4.0	0.0	2.0	4.0	2.0
332	3.0	0.0	2.0	0.0	3.0	6.0	2.0
333	0.0	0.0	0.0	0.0	0.0	0.0	0.0
334	1.0	3.0	1.0	3.0	2.0	4.0	2.0
335	2.0	0.0	1.0	0.0	2.0	4.0	1.0
336	0.0	1.0	0.0	1.0	0.6680000000000001	2.332	1.0
337	4.0	3.0	2.0	3.0	6.0	12.0	4.0
338	1.0	0.0	1.0	0.0	1.0	2.0	1.0
339	1.0	0.0	0.0	0.0	1.0	2.0	0.0
340	2.0	0.0	2.0	0.0	1.3360000000000003	4.664	2.0
341	1.0	0.0	0.0	0.0	1.0	2.0	0.0
342	1.0	0.0	1.0	0.0	0.3330000000000002	2.667	1.0
343	4.0	0.0	3.0	0.0	4.0	8.0	3.0
344	2.0	0.0	2.0	0.0	0.6680000000000001	2.332	1.0
345	3.0	0.0	3.0	0.0	3.0	6.0	3.0
346	2.0	0.0	2.0	0.0	2.0	4.0	2.0
347	1.0	0.0	0.0	0.0	1.0	2.0	0.0
348	4.0	0.0	3.0	0.0	4.0	8.0	3.0
349	4.0	0.0	2.0	0.0	4.0	8.0	2.0
350	3.0	3.0	2.0	3.0	2.333	6.667	2.0
351	1.0	2.0	1.0	1.0	2.0660000000000003	6.933999999999999	2.0
352	2.0	0.0	1.0	0.0	2.0	4.0	1.0
353	0.0	0.0	0.0	0.0	0.0	0.0	0.0
354	0.0	5.0	0.0	4.0	2.6660000000000004	9.334	3.0
355	1.0	0.0	1.0	0.0	1.0	2.0	1.0
356	0.0	1.0	0.0	1.0	0.0	3.0	1.0
357	1.0	0.0	1.0	0.0	0.3330000000000002	2.667	1.0
358	0.0	0.0	0.0	0.0	0.0	0.0	0.0
359	2.0	0.0	1.0	0.0	1.6680000000000001	4.332	1.0
360	2.0	1.0	1.0	1.0	1.0010000000000003	4.999	1.0
361	3.0	0.0	2.0	0.0	2.668	6.332	2.0
362	3.0	0.0	2.0	0.0	3.0	6.0	2.0
363	1.0	4.0	1.0	4.0	1.3330000000000002	4.667	2.0
364	0.0	7.0	0.0	6.0	3.6660000000000004	11.334	4.0
365	0.0	1.0	0.0	1.0	1.0	2.0	1.0
366	2.0	1.0	2.0	1.0	0.9990000000000006	8.001	3.0
367	1.0	4.0	1.0	4.0	2.0	4.0	2.0
368	1.0	0.0	1.0	0.0	1.0	2.0	1.0
369	3.0	2.0	2.0	1.0	3.333	8.667	3.0
370	0.0	0.0	0.0	0.0	0.0	0.0	0.0
371	0.0	2.0	0.0	2.0	0.6660000000000004	5.334	2.0
372	0.0	1.0	0.0	1.0	0.3330000000000002	2.667	1.0
373	0.0	0.0	0.0	0.0	0.0	0.0	0.0
374	0.0	3.0	0.0	3.0	1.3360000000000003	4.664	2.0
375	0.0	2.0	0.0	2.0	0.3330000000000002	2.667	1.0
376	0.0	0.0	0.0	0.0	0.0	0.0	0.0
377	0.0	3.0	0.0	1.0	2.4	3.6	1.0
378	0.0	1.0	0.0	1.0	0.6680000000000001	2.332	1.0
379	2.0	0.0	2.0	0.0	2.0	4.0	2.0
380	1.0	0.0	1.0	0.0	1.0	2.0	1.0
381	1.0	2.0	1.0	2.0	1.6680000000000001	4.332	2.0
382	0.0	0.0	0.0	0.0	0.0	0.0	0.0
383	2.0	0.0	1.0	0.0	2.0	4.0	1.0
384	0.0	0.0	0.0	0.0	0.0	0.0	0.0
385	0.0	0.0	0.0	0.0	0.0	0.0	0.0
386	3.0	0.0	3.0	0.0	3.0	6.0	3.0
387	2.0	0.0	2.0	0.0	2.0	4.0	2.0
388	0.0	3.0	0.0	2.0	2.668	6.332	2.0
389	0.0	0.0	0.0	0.0	0.0	0.0	0.0
390	2.0	0.0	2.0	0.0	2.0	4.0	2.0
391	1.0	0.0	1.0	0.0	0.3330000000000002	2.667	1.0
392	4.0	2.0	3.0	2.0	6.0	12.0	5.0
393	2.0	0.0	1.0	0.0	2.0	4.0	1.0
394	0.0	0.0	0.0	0.0	0.0	0.0	0.0
395	1.0	0.0	0.0	0.0	1.0	2.0	0.0
396	3.0	0.0	3.0	0.0	2.668	6.332	3.0
397	3.0	0.0	3.0	0.0	3.0	6.0	3.0
398	3.0	2.0	3.0	2.0	3.0	6.0	3.0
399	1.0	0.0	1.0	0.0	1.0	2.0	1.0
400	2.0	0.0	2.0	0.0	2.0	4.0	2.0
401	1.0	1.0	0.0	1.0	0.6660000000000004	5.334	1.0
402	1.0	0.0	1.0	0.0	0.3330000000000002	2.667	1.0
403	1.0	0.0	1.0	0.0	0.3330000000000002	2.667	1.0
404	1.0	0.0	0.0	0.0	0.3330000000000002	2.667	0.0
405	2.0	0.0	1.0	0.0	0.6660000000000004	5.334	1.0
406	0.0	0.0	0.0	0.0	0.0	0.0	0.0
407	1.0	2.0	1.0	0.0	0.6660000000000004	5.334	1.0
408	0.0	2.0	0.0	2.0	0.3330000000000002	2.667	1.0
409	3.0	1.0	3.0	1.0	3.0	6.0	3.0
410	1.0	1.0	0.0	1.0	1.3330000000000002	4.667	1.0
411	0.0	1.0	0.0	1.0	0.3330000000000002	2.667	1.0
412	1.0	0.0	1.0	0.0	0.3330000000000002	2.667	1.0
413	3.0	1.0	3.0	1.0	3.333	8.667	4.0
414	2.0	1.0	2.0	1.0	2.0	4.0	2.0
415	1.0	1.0	1.0	1.0	1.0	2.0	1.0
416	2.0	4.0	2.0	3.0	2.6660000000000004	9.334	3.0
417	3.0	1.0	2.0	1.0	4.0	8.0	3.0
418	0.0	0.0	0.0	0.0	0.0	0.0	0.0
419	1.0	1.0	1.0	1.0	1.3330000000000002	4.667	2.0
420	0.0	0.0	0.0	0.0	0.0	0.0	0.0
421	0.0	0.0	0.0	0.0	0.0	0.0	0.0
422	1.0	1.0	1.0	1.0	1.6680000000000001	4.332	2.0
423	0.0	0.0	0.0	0.0	0.0	0.0	0.0
424	4.0	1.0	4.0	1.0	3.8	8.2	4.0
425	3.0	0.0	2.0	0.0	3.0	6.0	2.0
426	2.0	1.0	1.0	1.0	1.3340000000000005	7.6659999999999995	2.0
427	3.0	2.0	2.0	2.0	1.6660000000000004	7.334	2.0
428	4.0	1.0	3.0	1.0	4.0	8.0	3.0
429	3.0	0.0	3.0	0.0	3.0	6.0	3.0
430	2.0	1.0	1.0	1.0	0.9990000000000006	8.001	2.0
431	3.0	2.0	2.0	2.0	3.668	11.332	4.0
432	3.0	0.0	2.0	0.0	3.0	6.0	2.0
433	1.0	2.0	1.0	2.0	2.0	4.0	2.0
434	0.0	2.0	0.0	1.0	0.6660000000000004	5.334	1.0
435	3.0	0.0	2.0	0.0	3.0	6.0	2.0
436	1.0	0.0	0.0	0.0	0.6680000000000001	2.332	0.0
437	1.0	3.0	0.0	2.0	2.3360000000000003	6.664	1.0
438	0.0	1.0	0.0	0.0	0.3330000000000002	2.667	0.0
439	1.0	4.0	0.0	2.0	3.0040000000000004	8.995999999999999	2.0
440	2.0	0.0	1.0	0.0	0.6660000000000004	5.334	1.0
441	2.0	0.0	1.0	0.0	2.0	4.0	1.0
442	1.0	1.0	1.0	1.0	2.0	4.0	2.0
443	0.0	1.0	0.0	0.0	0.6680000000000001	2.332	0.0
444	0.0	0.0	0.0	0.0	0.0	0.0	0.0
445	0.0	0.0	0.0	0.0	0.0	0.0	0.0
446	0.0	0.0	0.0	0.0	0.0	0.0	0.0
447	0.0	0.0	0.0	0.0	0.0	0.0	0.0
