pos	Sd	Nd	Sd_tip	Nd_tip	S	N	comparisons
001	0.0	0.0	0.0	0.0	0.0	0.0	0.0
002	0.0	0.0	0.0	0.0	0.0	0.0	0.0
003	0.0	0.0	0.0	0.0	0.0	0.0	0.0
004	1.0	1.0	0.0	0.0	1.0	2.0	0.0
005	1.0	2.0	0.0	0.0	1.3330000000000002	4.667	0.0
006	0.0	2.0	0.0	0.0	2.0	4.0	0.0
007	1.0	2.0	0.0	0.0	1.3330000000000002	4.667	0.0
008	0.0	2.0	0.0	0.0	1.0	2.0	0.0
009	1.0	1.0	0.0	0.0	2.0	4.0	0.0
010	0.0	1.0	0.0	0.0	1.0	2.0	0.0
011	0.0	2.0	0.0	0.0	0.3330000000000002	2.667	0.0
012	1.0	0.0	0.0	0.0	1.0	2.0	0.0
013	0.0	0.0	0.0	0.0	0.0	0.0	0.0
014	0.0	0.0	0.0	0.0	0.0	0.0	0.0
015	0.0	0.0	0.0	0.0	0.0	0.0	0.0
016	0.0	1.0	0.0	0.0	0.3330000000000002	2.667	0.0
017	1.0	2.0	0.0	0.0	1.3330000000000002	4.667	0.0
018	1.0	1.0	0.0	0.0	1.4	4.6	0.0
019	1.0	1.0	0.0	0.0	1.0	2.0	0.0
020	1.0	1.0	0.0	0.0	1.4	1.6	0.0
021	1.0	2.0	0.0	0.0	1.3330000000000002	4.667	0.0
022	1.0	2.0	0.0	0.0	0.3330000000000002	5.667	0.0
023	1.0	1.0	0.0	0.0	2.0	4.0	0.0
024	0.0	2.0	0.0	0.0	1.3330000000000002	4.667	0.0
025	0.0	0.0	0.0	0.0	0.0	0.0	0.0
026	0.0	0.0	0.0	0.0	0.0	0.0	0.0
027	1.0	1.0	0.0	0.0	0.0	3.0	0.0
028	0.0	0.0	0.0	0.0	0.0	0.0	0.0
029	1.0	2.0	0.0	0.0	1.3330000000000002	4.667	0.0
030	1.0	2.0	0.0	0.0	1.0	2.0	0.0
031	1.0	1.0	0.0	0.0	1.0	2.0	0.0
032	1.0	0.0	0.0	0.0	1.4	1.6	0.0
033	1.0	2.0	0.0	0.0	1.3330000000000002	4.667	0.0
034	1.0	0.0	0.0	0.0	1.0	2.0	0.0
035	0.0	0.0	0.0	0.0	0.0	0.0	0.0
036	0.0	0.0	0.0	0.0	0.0	0.0	0.0
037	0.0	0.0	0.0	0.0	0.0	0.0	0.0
038	1.0	0.0	0.0	0.0	1.0	2.0	0.0
039	1.0	2.0	0.0	0.0	2.0	4.0	0.0
040	1.0	0.0	0.0	0.0	1.0	2.0	0.0
041	1.0	2.0	0.0	0.0	1.0	2.0	0.0
042	0.0	2.0	0.0	0.0	1.0	2.0	0.0
043	1.0	2.0	0.0	0.0	1.6680000000000001	4.332	0.0
044	0.0	2.0	0.0	0.0	1.3330000000000002	4.667	0.0
045	0.0	1.0	0.0	0.0	0.3330000000000002	2.667	0.0
046	0.0	2.0	0.0	0.0	1.0	2.0	0.0
047	1.0	2.0	0.0	0.0	1.3330000000000002	4.667	0.0
048	1.0	0.0	0.0	0.0	1.0	2.0	0.0
049	0.0	2.0	0.0	0.0	1.0010000000000003	4.999	0.0
050	0.0	1.0	0.0	0.0	1.0	2.0	0.0
051	0.0	0.0	0.0	0.0	0.0	0.0	0.0
052	0.0	0.0	0.0	0.0	0.0	0.0	0.0
053	1.0	2.0	0.0	0.0	1.3330000000000002	4.667	0.0
054	1.0	1.0	0.0	0.0	1.0	2.0	0.0
055	1.0	1.0	0.0	0.0	2.0	4.0	0.0
056	1.0	2.0	0.0	0.0	2.0	4.0	0.0
057	0.0	2.0	0.0	0.0	1.3330000000000002	4.667	0.0
058	1.0	0.0	0.0	0.0	1.0	2.0	0.0
059	1.0	0.0	0.0	0.0	1.0	2.0	0.0
060	0.0	0.0	0.0	0.0	0.0	0.0	0.0
061	0.0	0.0	0.0	0.0	0.0	0.0	0.0
062	0.0	0.0	0.0	0.0	0.0	0.0	0.0
063	0.0	0.0	0.0	0.0	0.0	0.0	0.0
064	0.0	0.0	0.0	0.0	0.0	0.0	0.0
065	0.0	0.0	0.0	0.0	0.0	0.0	0.0
066	0.0	0.0	0.0	0.0	0.0	0.0	0.0
067	1.0	1.0	0.0	0.0	1.0	2.0	0.0
068	0.0	3.0	0.0	0.0	0.6660000000000004	5.334	0.0
069	1.0	1.0	0.0	0.0	2.0	4.0	0.0
070	0.0	1.0	0.0	0.0	1.0	2.0	0.0
071	0.0	0.0	0.0	0.0	0.0	0.0	0.0
072	1.0	1.0	0.0	0.0	2.0	4.0	0.0
073	1.0	1.0	0.0	0.0	1.0	2.0	0.0
074	1.0	1.0	0.0	0.0	1.0010000000000003	4.999	0.0
075	0.0	2.0	0.0	0.0	1.0	2.0	0.0
076	1.0	1.0	0.0	0.0	0.6680000000000001	2.332	0.0
077	0.0	0.0	0.0	0.0	0.0	0.0	0.0
078	0.0	0.0	0.0	0.0	0.0	0.0	0.0
079	1.0	1.0	0.0	0.0	0.6660000000000004	5.334	0.0
080	1.0	1.0	0.0	0.0	1.0	2.0	0.0
081	0.0	0.0	0.0	0.0	0.0	0.0	0.0
082	0.0	1.0	0.0	0.0	1.0	2.0	0.0
083	1.0	0.0	0.0	0.0	1.0	2.0	0.0
084	1.0	2.0	0.0	0.0	1.3330000000000002	4.667	0.0
085	1.0	1.0	0.0	0.0	2.0	4.0	0.0
086	1.0	1.0	0.0	0.0	1.0	2.0	0.0
087	0.0	1.0	0.0	0.0	1.0	2.0	0.0
088	0.0	1.0	0.0	0.0	1.0	2.0	0.0
089	1.0	1.0	0.0	0.0	0.6680000000000001	2.332	0.0
090	0.0	0.0	0.0	0.0	0.0	0.0	0.0
091	0.0	1.0	0.0	0.0	1.0	2.0	0.0
092	0.0	0.0	0.0	0.0	0.0	0.0	0.0
093	0.0	0.0	0.0	0.0	0.0	0.0	0.0
094	0.0	0.0	0.0	0.0	0.0	0.0	0.0
095	0.0	0.0	0.0	0.0	0.0	0.0	0.0
096	0.0	0.0	0.0	0.0	0.0	0.0	0.0
097	0.0	0.0	0.0	0.0	0.0	0.0	0.0
098	0.0	0.0	0.0	0.0	0.0	0.0	0.0
099	0.0	0.0	0.0	0.0	0.0	0.0	0.0
100	0.0	0.0	0.0	0.0	0.0	0.0	0.0
101	0.0	0.0	0.0	0.0	0.0	0.0	0.0
102	0.0	0.0	0.0	0.0	0.0	0.0	0.0
103	0.0	0.0	0.0	0.0	0.0	0.0	0.0
104	0.0	0.0	0.0	0.0	0.0	0.0	0.0
105	0.0	0.0	0.0	0.0	0.0	0.0	0.0
106	0.0	0.0	0.0	0.0	0.0	0.0	0.0
107	0.0	0.0	0.0	0.0	0.0	0.0	0.0
108	0.0	0.0	0.0	0.0	0.0	0.0	0.0
109	0.0	0.0	0.0	0.0	0.0	0.0	0.0
110	0.0	0.0	0.0	0.0	0.0	0.0	0.0
111	1.0	1.0	0.0	0.0	1.0010000000000003	4.999	0.0
112	0.0	2.0	0.0	0.0	0.3330000000000002	2.667	0.0
113	1.0	2.0	0.0	0.0	1.3330000000000002	4.667	0.0
114	0.0	1.0	0.0	0.0	0.3330000000000002	2.667	0.0
115	0.0	2.0	0.0	0.0	1.0010000000000003	4.999	0.0
116	0.0	1.0	0.0	0.0	1.0	2.0	0.0
117	1.0	0.0	0.0	0.0	1.0	2.0	0.0
118	1.0	1.0	0.0	0.0	1.3330000000000002	4.667	0.0
119	0.0	1.0	0.0	0.0	1.0	2.0	0.0
120	0.0	2.0	0.0	0.0	1.0010000000000003	4.999	0.0
121	2.0	0.0	0.0	0.0	2.068	3.932	0.0
122	0.0	0.0	0.0	0.0	0.0	0.0	0.0
123	1.0	2.0	0.0	0.0	2.0	4.0	0.0
124	0.0	3.0	0.0	0.0	1.0010000000000003	4.999	0.0
125	1.0	1.0	0.0	0.0	1.0	2.0	0.0
126	0.0	0.0	0.0	0.0	0.0	0.0	0.0
127	0.0	0.0	0.0	0.0	0.0	0.0	0.0
128	0.0	0.0	0.0	0.0	0.0	0.0	0.0
129	0.0	0.0	0.0	0.0	0.0	0.0	0.0
130	1.0	0.0	0.0	0.0	1.0	2.0	0.0
131	0.0	0.0	0.0	0.0	0.0	0.0	0.0
132	1.0	1.0	0.0	0.0	0.6660000000000004	5.334	0.0
133	0.0	0.0	0.0	0.0	0.0	0.0	0.0
134	0.0	1.0	0.0	0.0	1.0	2.0	0.0
135	0.0	2.0	0.0	0.0	1.3330000000000002	4.667	0.0
136	1.0	2.0	0.0	0.0	1.3330000000000002	4.667	0.0
137	1.0	2.0	0.0	0.0	2.0	4.0	0.0
138	1.0	2.0	0.0	0.0	1.0	2.0	0.0
139	0.0	1.0	0.0	0.0	1.0	2.0	0.0
140	0.0	2.0	0.0	0.0	1.0	2.0	0.0
141	0.0	0.0	0.0	0.0	0.0	0.0	0.0
142	0.0	0.0	0.0	0.0	0.0	0.0	0.0
143	0.0	0.0	0.0	0.0	0.0	0.0	0.0
144	0.0	0.0	0.0	0.0	0.0	0.0	0.0
145	0.0	0.0	0.0	0.0	0.0	0.0	0.0
146	0.0	0.0	0.0	0.0	0.0	0.0	0.0
147	1.0	0.0	0.0	0.0	1.0	2.0	0.0
148	0.0	2.0	0.0	0.0	0.3330000000000002	2.667	0.0
149	1.0	0.0	0.0	0.0	1.0	2.0	0.0
150	1.0	0.0	0.0	0.0	1.0	2.0	0.0
151	0.0	1.0	0.0	0.0	1.0	2.0	0.0
152	1.0	0.0	0.0	0.0	1.0	2.0	0.0
153	1.0	2.0	0.0	0.0	2.0	4.0	0.0
154	1.0	2.0	0.0	0.0	1.3330000000000002	4.667	0.0
155	0.0	2.0	0.0	0.0	1.3330000000000002	4.667	0.0
156	1.0	2.0	0.0	0.0	1.0	5.0	0.0
157	0.0	1.0	0.0	0.0	0.3330000000000002	2.667	0.0
158	0.0	1.0	0.0	0.0	1.0	2.0	0.0
159	0.0	0.0	0.0	0.0	0.0	0.0	0.0
160	0.0	0.0	0.0	0.0	0.0	0.0	0.0
161	0.0	0.0	0.0	0.0	0.0	0.0	0.0
162	0.0	0.0	0.0	0.0	0.0	0.0	0.0
163	0.0	0.0	0.0	0.0	0.0	0.0	0.0
164	1.0	2.0	0.0	0.0	1.3330000000000002	4.667	0.0
165	0.0	3.0	0.0	0.0	1.3330000000000002	4.667	0.0
166	0.0	2.0	0.0	0.0	1.6680000000000001	4.332	0.0
167	0.0	1.0	0.0	0.0	0.3330000000000002	2.667	0.0
168	0.0	2.0	0.0	0.0	1.0	2.0	0.0
169	1.0	2.0	0.0	0.0	1.0	2.0	0.0
170	0.0	0.0	0.0	0.0	0.0	0.0	0.0
171	0.0	0.0	0.0	0.0	0.0	0.0	0.0
172	0.0	0.0	0.0	0.0	0.0	0.0	0.0
173	0.0	0.0	0.0	0.0	0.0	0.0	0.0
174	0.0	0.0	0.0	0.0	0.0	0.0	0.0
175	0.0	0.0	0.0	0.0	0.0	0.0	0.0
176	1.0	1.0	0.0	0.0	1.3330000000000002	4.667	0.0
177	0.0	2.0	0.0	0.0	1.3330000000000002	4.667	0.0
178	0.0	1.0	0.0	0.0	0.3330000000000002	2.667	0.0
179	1.0	2.0	0.0	0.0	1.3330000000000002	4.667	0.0
180	0.0	2.0	0.0	0.0	1.3330000000000002	4.667	0.0
181	1.0	2.0	0.0	0.0	0.6660000000000004	5.334	0.0
182	2.0	0.0	0.0	0.0	1.0	2.0	0.0
183	0.0	3.0	0.0	0.0	1.3330000000000002	4.667	0.0
184	0.0	3.0	0.0	0.0	1.3330000000000002	4.667	0.0
185	2.0	1.0	0.0	0.0	1.6680000000000001	4.332	0.0
186	0.0	2.0	0.0	0.0	0.6660000000000004	5.334	0.0
187	1.0	2.0	0.0	0.0	1.0	2.0	0.0
188	0.0	2.0	0.0	0.0	0.0	3.0	0.0
189	0.0	2.0	0.0	0.0	0.6680000000000001	2.332	0.0
190	1.0	3.0	1.0	3.0	1.3330000000000002	4.667	2.0
191	0.0	4.0	0.0	4.0	1.3330000000000002	4.667	2.0
192	2.0	1.0	2.0	1.0	1.0	5.0	2.0
193	0.0	2.0	0.0	2.0	1.0	2.0	1.0
194	2.0	1.0	2.0	1.0	1.0	2.0	1.0
195	1.0	0.0	1.0	0.0	0.3330000000000002	2.667	1.0
196	0.0	1.0	0.0	1.0	1.0	2.0	1.0
197	0.0	0.0	0.0	0.0	0.0	0.0	0.0
198	2.0	0.0	2.0	0.0	2.0	4.0	2.0
199	0.0	0.0	0.0	0.0	0.0	0.0	0.0
200	2.0	1.0	2.0	1.0	3.4	5.6	3.0
201	2.0	1.0	1.0	1.0	1.6680000000000001	4.332	1.0
202	1.0	0.0	1.0	0.0	1.0	2.0	1.0
203	2.0	1.0	1.0	1.0	3.0	6.0	2.0
204	1.0	1.0	0.0	1.0	1.3330000000000002	4.667	1.0
205	0.0	1.0	0.0	1.0	0.3330000000000002	2.667	1.0
206	3.0	0.0	2.0	0.0	3.0	6.0	2.0
207	0.0	0.0	0.0	0.0	0.0	0.0	0.0
208	1.0	1.0	1.0	1.0	1.0	2.0	1.0
209	1.0	1.0	1.0	1.0	1.6680000000000001	4.332	2.0
210	2.0	0.0	0.0	0.0	0.6660000000000004	5.334	0.0
211	1.0	0.0	1.0	0.0	1.0	2.0	1.0
212	2.0	0.0	1.0	0.0	2.0	4.0	1.0
213	1.0	0.0	1.0	0.0	1.0	2.0	1.0
214	4.0	1.0	3.0	1.0	4.668	10.332	4.0
215	0.0	0.0	0.0	0.0	0.0	0.0	0.0
216	2.0	0.0	2.0	0.0	2.0	4.0	2.0
217	2.0	0.0	1.0	0.0	2.0	4.0	1.0
218	2.0	0.0	1.0	0.0	2.0	4.0	1.0
219	2.0	1.0	1.0	1.0	3.068	5.932	2.0
220	0.0	0.0	0.0	0.0	0.0	0.0	0.0
221	4.0	0.0	2.0	0.0	4.0	8.0	2.0
222	1.0	0.0	1.0	0.0	0.3330000000000002	2.667	1.0
223	4.0	2.0	3.0	2.0	1.3320000000000007	10.668	3.0
224	0.0	0.0	0.0	0.0	0.0	0.0	0.0
225	0.0	0.0	0.0	0.0	0.0	0.0	0.0
226	1.0	2.0	1.0	1.0	2.333	6.667	2.0
227	0.0	1.0	0.0	1.0	0.3330000000000002	2.667	1.0
228	1.0	1.0	0.0	1.0	0.6660000000000004	5.334	1.0
229	5.0	1.0	5.0	1.0	3.0010000000000003	8.998999999999999	4.0
230	3.0	4.0	2.0	3.0	1.9990000000000006	10.001	2.0
231	1.0	4.0	1.0	2.0	0.9990000000000006	8.001	1.0
232	1.0	0.0	1.0	0.0	0.3330000000000002	2.667	1.0
233	2.0	4.0	2.0	1.0	1.6660000000000004	10.334	2.0
234	1.0	3.0	1.0	2.0	1.9990000000000006	10.001	3.0
235	2.0	0.0	2.0	0.0	2.0	4.0	2.0
236	3.0	0.0	2.0	0.0	3.0	6.0	2.0
237	1.0	2.0	1.0	2.0	1.3330000000000002	4.667	2.0
238	2.0	2.0	1.0	2.0	0.9990000000000006	8.001	2.0
239	1.0	0.0	1.0	0.0	0.3330000000000002	2.667	1.0
240	1.0	0.0	1.0	0.0	0.3330000000000002	2.667	1.0
241	4.0	0.0	3.0	0.0	2.6720000000000006	9.328	3.0
242	3.0	2.0	2.0	1.0	4.333	10.667	3.0
243	3.0	1.0	1.0	1.0	4.4	7.6	2.0
244	2.0	0.0	1.0	0.0	2.4	3.6	1.0
245	2.0	2.0	2.0	2.0	1.733	4.2669999999999995	2.0
246	2.0	2.0	1.0	2.0	2.0	4.0	1.0
247	1.0	0.0	1.0	0.0	0.3330000000000002	2.667	1.0
248	4.0	1.0	2.0	1.0	3.333	8.667	2.0
249	1.0	3.0	1.0	3.0	1.3330000000000002	4.667	2.0
250	1.0	1.0	1.0	1.0	2.0	4.0	2.0
251	3.0	0.0	2.0	0.0	2.668	6.332	2.0
252	4.0	1.0	3.0	0.0	4.0	8.0	3.0
253	2.0	5.0	1.0	4.0	3.333	8.667	2.0
254	2.0	1.0	1.0	1.0	0.9990000000000006	8.001	2.0
255	3.0	0.0	2.0	0.0	3.0	6.0	2.0
256	3.0	2.0	2.0	2.0	4.0	8.0	3.0
257	3.0	1.0	2.0	1.0	1.9990000000000006	10.001	3.0
258	1.0	1.0	1.0	1.0	1.4	1.6	1.0
259	1.0	2.0	1.0	2.0	1.3330000000000002	4.667	2.0
260	1.0	2.0	1.0	2.0	1.0010000000000003	4.999	2.0
261	2.0	0.0	1.0	0.0	0.6660000000000004	5.334	1.0
262	2.0	1.0	1.0	1.0	2.4	3.6	1.0
263	2.0	2.0	2.0	2.0	2.0	4.0	2.0
264	2.0	4.0	2.0	3.0	3.333	8.667	3.0
265	2.0	1.0	2.0	1.0	3.133	5.866999999999999	3.0
266	1.0	0.0	0.0	0.0	0.3330000000000002	2.667	0.0
267	1.0	1.0	1.0	1.0	1.0	2.0	1.0
268	0.0	0.0	0.0	0.0	0.0	0.0	0.0
269	1.0	1.0	1.0	1.0	1.0	2.0	1.0
270	5.0	4.0	2.0	2.0	5.333	12.667	3.0
271	2.0	0.0	2.0	0.0	0.6660000000000004	5.334	2.0
272	2.0	1.0	1.0	1.0	1.6690000000000005	7.3309999999999995	2.0
273	1.0	2.0	1.0	1.0	1.6660000000000004	7.334	2.0
274	2.0	2.0	2.0	1.0	3.0	6.0	2.0
275	0.0	0.0	0.0	0.0	0.0	0.0	0.0
276	2.0	3.0	2.0	2.0	2.0010000000000003	6.999	2.0
277	3.0	1.0	2.0	1.0	3.0	6.0	2.0
278	0.0	1.0	0.0	1.0	0.3330000000000002	2.667	1.0
279	2.0	2.0	2.0	2.0	0.6660000000000004	5.334	2.0
280	1.0	2.0	0.0	0.0	1.3330000000000002	4.667	0.0
281	0.0	0.0	0.0	0.0	0.0	0.0	0.0
282	0.0	0.0	0.0	0.0	0.0	0.0	0.0
283	0.0	0.0	0.0	0.0	0.0	0.0	0.0
284	0.0	0.0	0.0	0.0	0.0	0.0	0.0
285	0.0	0.0	0.0	0.0	0.0	0.0	0.0
286	0.0	0.0	0.0	0.0	0.0	0.0	0.0
