pos	Sd	Nd	Sd_tip	Nd_tip	S	N	comparisons
001	0.0	0.0	0.0	0.0	0.0	0.0	0.0
002	0.0	0.0	0.0	0.0	0.0	0.0	0.0
003	0.0	0.0	0.0	0.0	0.0	0.0	0.0
004	0.0	0.0	0.0	0.0	0.0	0.0	0.0
005	0.0	0.0	0.0	0.0	0.0	0.0	0.0
006	0.0	0.0	0.0	0.0	0.0	0.0	0.0
007	0.0	0.0	0.0	0.0	0.0	0.0	0.0
008	0.0	0.0	0.0	0.0	0.0	0.0	0.0
009	0.0	0.0	0.0	0.0	0.0	0.0	0.0
010	0.0	0.0	0.0	0.0	0.0	0.0	0.0
011	0.0	0.0	0.0	0.0	0.0	0.0	0.0
012	0.0	0.0	0.0	0.0	0.0	0.0	0.0
013	0.0	0.0	0.0	0.0	0.0	0.0	0.0
014	0.0	0.0	0.0	0.0	0.0	0.0	0.0
015	0.0	0.0	0.0	0.0	0.0	0.0	0.0
016	0.0	0.0	0.0	0.0	0.0	0.0	0.0
017	0.0	0.0	0.0	0.0	0.0	0.0	0.0
018	0.0	0.0	0.0	0.0	0.0	0.0	0.0
019	0.0	0.0	0.0	0.0	0.0	0.0	0.0
020	0.0	0.0	0.0	0.0	0.0	0.0	0.0
021	0.0	0.0	0.0	0.0	0.0	0.0	0.0
022	0.0	0.0	0.0	0.0	0.0	0.0	0.0
023	0.0	0.0	0.0	0.0	0.0	0.0	0.0
024	0.0	0.0	0.0	0.0	0.0	0.0	0.0
025	0.0	0.0	0.0	0.0	0.0	0.0	0.0
026	0.0	0.0	0.0	0.0	0.0	0.0	0.0
027	0.0	0.0	0.0	0.0	0.0	0.0	0.0
028	0.0	0.0	0.0	0.0	0.0	0.0	0.0
029	0.0	0.0	0.0	0.0	0.0	0.0	0.0
030	0.0	0.0	0.0	0.0	0.0	0.0	0.0
031	0.0	0.0	0.0	0.0	0.0	0.0	0.0
032	0.0	0.0	0.0	0.0	0.0	0.0	0.0
033	0.0	0.0	0.0	0.0	0.0	0.0	0.0
034	0.0	0.0	0.0	0.0	0.0	0.0	0.0
035	0.0	0.0	0.0	0.0	0.0	0.0	0.0
036	0.0	0.0	0.0	0.0	0.0	0.0	0.0
037	0.0	0.0	0.0	0.0	0.0	0.0	0.0
038	0.0	0.0	0.0	0.0	0.0	0.0	0.0
039	0.0	0.0	0.0	0.0	0.0	0.0	0.0
040	0.0	0.0	0.0	0.0	0.0	0.0	0.0
041	0.0	0.0	0.0	0.0	0.0	0.0	0.0
042	0.0	0.0	0.0	0.0	0.0	0.0	0.0
043	0.0	1.0	0.0	1.0	0.3330000000000002	2.667	1.0
044	1.0	1.0	1.0	1.0	2.0	4.0	2.0
045	0.0	1.0	0.0	1.0	0.3330000000000002	2.667	1.0
046	1.0	1.0	1.0	1.0	2.0	4.0	2.0
047	0.0	0.0	0.0	0.0	0.0	0.0	0.0
048	2.0	2.0	2.0	2.0	1.3330000000000002	4.667	2.0
049	1.0	0.0	1.0	0.0	0.3330000000000002	2.667	1.0
050	0.0	0.0	0.0	0.0	0.0	0.0	0.0
051	1.0	0.0	1.0	0.0	1.0	2.0	1.0
052	1.0	0.0	1.0	0.0	1.0	2.0	1.0
053	0.0	0.0	0.0	0.0	0.0	0.0	0.0
054	1.0	1.0	1.0	0.0	2.0	4.0	1.0
055	1.0	0.0	0.0	0.0	1.0	2.0	0.0
056	0.0	0.0	0.0	0.0	0.0	0.0	0.0
057	0.0	0.0	0.0	0.0	0.0	0.0	0.0
058	0.0	1.0	0.0	1.0	1.0	2.0	1.0
059	1.0	0.0	1.0	0.0	1.0	2.0	1.0
060	1.0	0.0	1.0	0.0	1.0	2.0	1.0
061	1.0	0.0	1.0	0.0	1.0	2.0	1.0
062	2.0	0.0	1.0	0.0	2.0	4.0	1.0
063	0.0	0.0	0.0	0.0	0.0	0.0	0.0
064	2.0	0.0	0.0	0.0	2.0	4.0	0.0
065	1.0	0.0	1.0	0.0	1.0	2.0	1.0
066	1.0	0.0	1.0	0.0	1.0	2.0	1.0
067	1.0	0.0	1.0	0.0	1.0	2.0	1.0
068	0.0	0.0	0.0	0.0	0.0	0.0	0.0
069	1.0	0.0	1.0	0.0	1.0	2.0	1.0
070	0.0	3.0	0.0	1.0	1.6660000000000004	7.334	1.0
071	0.0	0.0	0.0	0.0	0.0	0.0	0.0
072	0.0	0.0	0.0	0.0	0.0	0.0	0.0
073	0.0	2.0	0.0	1.0	0.6660000000000004	5.334	1.0
074	0.0	1.0	0.0	1.0	1.0	2.0	1.0
075	3.0	0.0	2.0	0.0	3.0	6.0	2.0
076	0.0	0.0	0.0	0.0	0.0	0.0	0.0
077	1.0	0.0	1.0	0.0	1.0	2.0	1.0
078	0.0	0.0	0.0	0.0	0.0	0.0	0.0
079	1.0	0.0	1.0	0.0	0.6680000000000001	2.332	1.0
080	0.0	0.0	0.0	0.0	0.0	0.0	0.0
081	3.0	0.0	3.0	0.0	3.0	6.0	3.0
082	1.0	0.0	1.0	0.0	1.0	2.0	1.0
083	0.0	0.0	0.0	0.0	0.0	0.0	0.0
084	0.0	0.0	0.0	0.0	0.0	0.0	0.0
085	0.0	0.0	0.0	0.0	0.0	0.0	0.0
086	0.0	0.0	0.0	0.0	0.0	0.0	0.0
087	1.0	1.0	1.0	1.0	1.0	2.0	1.0
088	0.0	0.0	0.0	0.0	0.0	0.0	0.0
089	0.0	0.0	0.0	0.0	0.0	0.0	0.0
090	1.0	0.0	1.0	0.0	1.0	2.0	1.0
091	1.0	0.0	1.0	0.0	1.0	2.0	1.0
092	1.0	0.0	1.0	0.0	1.0	2.0	1.0
093	0.0	0.0	0.0	0.0	0.0	0.0	0.0
094	2.0	1.0	1.0	1.0	3.0	6.0	2.0
095	1.0	1.0	1.0	1.0	2.0	4.0	2.0
096	0.0	0.0	0.0	0.0	0.0	0.0	0.0
097	0.0	0.0	0.0	0.0	0.0	0.0	0.0
098	0.0	1.0	0.0	1.0	0.3330000000000002	2.667	1.0
099	2.0	0.0	1.0	0.0	2.0	4.0	1.0
100	0.0	0.0	0.0	0.0	0.0	0.0	0.0
101	1.0	1.0	1.0	1.0	1.0	2.0	1.0
102	1.0	0.0	1.0	0.0	1.0	2.0	1.0
103	1.0	1.0	1.0	1.0	1.0	2.0	1.0
104	1.0	2.0	1.0	1.0	3.0	6.0	2.0
105	1.0	0.0	1.0	0.0	1.0	2.0	1.0
106	1.0	0.0	1.0	0.0	1.0	2.0	1.0
107	0.0	0.0	0.0	0.0	0.0	0.0	0.0
108	1.0	0.0	1.0	0.0	0.3330000000000002	2.667	1.0
109	1.0	0.0	1.0	0.0	1.0	2.0	1.0
110	1.0	0.0	1.0	0.0	1.0	2.0	1.0
111	3.0	2.0	2.0	2.0	3.333	8.667	3.0
112	0.0	2.0	0.0	1.0	2.0	4.0	1.0
113	0.0	0.0	0.0	0.0	0.0	0.0	0.0
114	3.0	0.0	2.0	0.0	3.0	6.0	2.0
115	0.0	0.0	0.0	0.0	0.0	0.0	0.0
116	3.0	0.0	2.0	0.0	3.0	6.0	2.0
117	0.0	0.0	0.0	0.0	0.0	0.0	0.0
118	1.0	0.0	0.0	0.0	1.0	2.0	0.0
119	1.0	0.0	1.0	0.0	1.0	2.0	1.0
120	0.0	1.0	0.0	1.0	1.0	2.0	1.0
121	0.0	0.0	0.0	0.0	0.0	0.0	0.0
122	0.0	0.0	0.0	0.0	0.0	0.0	0.0
123	1.0	1.0	1.0	1.0	1.0	2.0	1.0
124	1.0	0.0	0.0	0.0	1.0	2.0	0.0
125	0.0	0.0	0.0	0.0	0.0	0.0	0.0
126	1.0	0.0	0.0	0.0	1.0	2.0	0.0
127	2.0	0.0	2.0	0.0	2.0	4.0	2.0
128	1.0	2.0	1.0	2.0	1.3330000000000002	4.667	2.0
129	0.0	0.0	0.0	0.0	0.0	0.0	0.0
130	0.0	2.0	0.0	0.0	0.0	3.0	0.0
131	1.0	2.0	1.0	2.0	1.0	2.0	1.0
132	2.0	3.0	2.0	3.0	2.0	4.0	2.0
133	1.0	3.0	1.0	3.0	1.3330000000000002	4.667	2.0
134	0.0	2.0	0.0	2.0	0.0	3.0	1.0
135	2.0	2.0	2.0	2.0	1.3330000000000002	4.667	2.0
136	0.0	2.0	0.0	2.0	1.0	2.0	1.0
137	2.0	0.0	2.0	0.0	2.0	4.0	2.0
138	1.0	4.0	1.0	3.0	3.333	8.667	3.0
139	1.0	2.0	1.0	0.0	0.9990000000000006	8.001	1.0
140	2.0	0.0	2.0	0.0	0.6660000000000004	5.334	2.0
141	2.0	4.0	1.0	3.0	3.6660000000000004	11.334	3.0
142	1.0	0.0	1.0	0.0	1.0	2.0	1.0
143	0.0	0.0	0.0	0.0	0.0	0.0	0.0
144	0.0	0.0	0.0	0.0	0.0	0.0	0.0
145	0.0	0.0	0.0	0.0	0.0	0.0	0.0
146	1.0	0.0	1.0	0.0	1.0	2.0	1.0
147	2.0	0.0	1.0	0.0	2.0	4.0	1.0
148	1.0	1.0	1.0	1.0	0.6680000000000001	2.332	1.0
149	1.0	0.0	1.0	0.0	0.3330000000000002	2.667	1.0
150	1.0	0.0	1.0	0.0	1.0	2.0	1.0
151	0.0	0.0	0.0	0.0	0.0	0.0	0.0
152	1.0	0.0	1.0	0.0	1.0	2.0	1.0
153	0.0	0.0	0.0	0.0	0.0	0.0	0.0
154	0.0	0.0	0.0	0.0	0.0	0.0	0.0
155	0.0	0.0	0.0	0.0	0.0	0.0	0.0
156	0.0	2.0	0.0	2.0	0.6660000000000004	5.334	2.0
157	2.0	0.0	2.0	0.0	2.0	4.0	2.0
158	0.0	3.0	0.0	2.0	3.0	6.0	2.0
159	0.0	0.0	0.0	0.0	0.0	0.0	0.0
160	2.0	0.0	2.0	0.0	2.0	4.0	2.0
161	1.0	0.0	1.0	0.0	1.0	2.0	1.0
162	1.0	1.0	1.0	1.0	2.0	4.0	2.0
163	1.0	1.0	1.0	1.0	1.0	2.0	1.0
164	3.0	0.0	2.0	0.0	3.0	6.0	2.0
165	0.0	0.0	0.0	0.0	0.0	0.0	0.0
166	1.0	0.0	0.0	0.0	1.0	2.0	0.0
167	1.0	0.0	1.0	0.0	1.0	2.0	1.0
168	0.0	0.0	0.0	0.0	0.0	0.0	0.0
169	2.0	2.0	2.0	2.0	4.0	8.0	4.0
170	2.0	0.0	1.0	0.0	2.0	4.0	1.0
171	2.0	0.0	1.0	0.0	1.3360000000000003	4.664	1.0
172	1.0	0.0	1.0	0.0	0.3330000000000002	2.667	1.0
173	1.0	0.0	1.0	0.0	0.3330000000000002	2.667	1.0
174	1.0	0.0	1.0	0.0	1.0	2.0	1.0
175	1.0	1.0	0.0	1.0	0.6660000000000004	5.334	1.0
176	1.0	1.0	1.0	1.0	0.6660000000000004	5.334	2.0
177	0.0	0.0	0.0	0.0	0.0	0.0	0.0
178	3.0	0.0	2.0	0.0	3.0	6.0	2.0
179	1.0	0.0	1.0	0.0	1.0	2.0	1.0
180	2.0	0.0	0.0	0.0	2.0	4.0	0.0
181	1.0	1.0	1.0	1.0	1.6680000000000001	4.332	2.0
182	2.0	1.0	1.0	1.0	3.0	6.0	2.0
183	0.0	0.0	0.0	0.0	0.0	0.0	0.0
184	0.0	0.0	0.0	0.0	0.0	0.0	0.0
185	3.0	1.0	1.0	1.0	4.0	8.0	2.0
186	3.0	0.0	2.0	0.0	3.0	6.0	2.0
187	1.0	2.0	1.0	2.0	0.6660000000000004	5.334	2.0
188	3.0	4.0	2.0	3.0	4.0	11.0	3.0
189	2.0	3.0	1.0	2.0	4.0	8.0	2.0
190	2.0	0.0	1.0	0.0	2.0	4.0	1.0
191	1.0	0.0	1.0	0.0	1.0	2.0	1.0
192	3.0	0.0	2.0	0.0	3.0	6.0	2.0
193	0.0	0.0	0.0	0.0	0.0	0.0	0.0
194	0.0	0.0	0.0	0.0	0.0	0.0	0.0
195	3.0	0.0	2.0	0.0	2.0040000000000004	6.9959999999999996	2.0
196	2.0	0.0	1.0	0.0	2.0	4.0	1.0
197	1.0	0.0	1.0	0.0	1.0	2.0	1.0
198	1.0	3.0	0.0	2.0	4.0	8.0	2.0
199	0.0	0.0	0.0	0.0	0.0	0.0	0.0
200	0.0	0.0	0.0	0.0	0.0	0.0	0.0
201	2.0	2.0	1.0	2.0	1.3320000000000007	10.668	3.0
202	1.0	2.0	1.0	2.0	1.0	2.0	1.0
203	1.0	4.0	0.0	3.0	4.336	10.664	3.0
204	2.0	0.0	2.0	0.0	2.0	4.0	2.0
205	2.0	0.0	1.0	0.0	2.0	4.0	1.0
206	0.0	0.0	0.0	0.0	0.0	0.0	0.0
207	3.0	0.0	2.0	0.0	3.0	6.0	2.0
208	1.0	0.0	1.0	0.0	1.0	2.0	1.0
209	1.0	0.0	1.0	0.0	0.3330000000000002	2.667	1.0
210	1.0	0.0	1.0	0.0	1.0	2.0	1.0
211	1.0	0.0	1.0	0.0	1.0	2.0	1.0
212	2.0	0.0	2.0	0.0	2.0	4.0	2.0
213	2.0	0.0	1.0	0.0	2.0	4.0	1.0
214	1.0	0.0	1.0	0.0	0.6680000000000001	2.332	1.0
215	2.0	0.0	2.0	0.0	2.0	4.0	2.0
216	1.0	0.0	1.0	0.0	0.3330000000000002	2.667	1.0
217	2.0	0.0	1.0	0.0	2.0	4.0	1.0
218	0.0	0.0	0.0	0.0	0.0	0.0	0.0
219	3.0	0.0	2.0	0.0	3.0	6.0	2.0
220	1.0	0.0	1.0	0.0	0.3330000000000002	2.667	1.0
221	1.0	0.0	1.0	0.0	1.0	2.0	1.0
222	2.0	0.0	2.0	0.0	2.0	4.0	2.0
223	2.0	0.0	2.0	0.0	2.0	4.0	2.0
224	2.0	0.0	2.0	0.0	2.0	4.0	2.0
225	2.0	0.0	1.0	0.0	2.0	4.0	1.0
226	2.0	0.0	0.0	0.0	2.0	4.0	0.0
227	2.0	0.0	2.0	0.0	2.0	4.0	2.0
228	0.0	1.0	0.0	1.0	0.6680000000000001	2.332	1.0
229	2.0	0.0	1.0	0.0	2.0	4.0	1.0
230	3.0	2.0	2.0	2.0	2.6660000000000004	9.334	3.0
231	2.0	2.0	2.0	2.0	1.3330000000000002	4.667	2.0
232	0.0	3.0	0.0	1.0	0.6660000000000004	5.334	1.0
233	1.0	2.0	1.0	2.0	1.3330000000000002	4.667	2.0
234	0.0	0.0	0.0	0.0	0.0	0.0	0.0
235	2.0	0.0	1.0	0.0	2.0	4.0	1.0
236	0.0	0.0	0.0	0.0	0.0	0.0	0.0
237	2.0	0.0	2.0	0.0	2.0	4.0	2.0
238	2.0	0.0	2.0	0.0	0.6660000000000004	5.334	2.0
239	1.0	0.0	1.0	0.0	1.0	2.0	1.0
240	1.0	0.0	1.0	0.0	1.0	2.0	1.0
241	1.0	0.0	1.0	0.0	0.3330000000000002	2.667	1.0
242	0.0	0.0	0.0	0.0	0.0	0.0	0.0
243	0.0	0.0	0.0	0.0	0.0	0.0	0.0
244	0.0	0.0	0.0	0.0	0.0	0.0	0.0
245	0.0	0.0	0.0	0.0	0.0	0.0	0.0
246	0.0	0.0	0.0	0.0	0.0	0.0	0.0
247	0.0	0.0	0.0	0.0	0.0	0.0	0.0
248	0.0	0.0	0.0	0.0	0.0	0.0	0.0
249	0.0	0.0	0.0	0.0	0.0	0.0	0.0
250	0.0	0.0	0.0	0.0	0.0	0.0	0.0
251	0.0	0.0	0.0	0.0	0.0	0.0	0.0
252	0.0	0.0	0.0	0.0	0.0	0.0	0.0
253	0.0	0.0	0.0	0.0	0.0	0.0	0.0
254	0.0	0.0	0.0	0.0	0.0	0.0	0.0
255	0.0	0.0	0.0	0.0	0.0	0.0	0.0
256	0.0	0.0	0.0	0.0	0.0	0.0	0.0
257	0.0	0.0	0.0	0.0	0.0	0.0	0.0
258	0.0	0.0	0.0	0.0	0.0	0.0	0.0
259	0.0	0.0	0.0	0.0	0.0	0.0	0.0
260	0.0	0.0	0.0	0.0	0.0	0.0	0.0
261	0.0	0.0	0.0	0.0	0.0	0.0	0.0
262	0.0	0.0	0.0	0.0	0.0	0.0	0.0
263	0.0	0.0	0.0	0.0	0.0	0.0	0.0
264	0.0	0.0	0.0	0.0	0.0	0.0	0.0
265	0.0	0.0	0.0	0.0	0.0	0.0	0.0
266	0.0	0.0	0.0	0.0	0.0	0.0	0.0
267	0.0	0.0	0.0	0.0	0.0	0.0	0.0
268	0.0	0.0	0.0	0.0	0.0	0.0	0.0
269	1.0	0.0	1.0	0.0	1.0	2.0	1.0
270	0.0	0.0	0.0	0.0	0.0	0.0	0.0
271	0.0	0.0	0.0	0.0	0.0	0.0	0.0
272	0.0	0.0	0.0	0.0	0.0	0.0	0.0
273	2.0	0.0	1.0	0.0	0.6660000000000004	5.334	1.0
274	1.0	0.0	1.0	0.0	1.0	2.0	1.0
275	2.0	2.0	1.0	2.0	4.0	8.0	3.0
276	2.0	0.0	2.0	0.0	2.0	4.0	2.0
277	0.0	0.0	0.0	0.0	0.0	0.0	0.0
278	1.0	0.0	1.0	0.0	0.3330000000000002	2.667	1.0
279	1.0	2.0	0.0	2.0	2.333	6.667	2.0
280	2.0	1.0	1.0	1.0	1.6660000000000004	7.334	2.0
281	1.0	1.0	1.0	1.0	2.0	4.0	2.0
282	3.0	0.0	3.0	0.0	3.0	6.0	3.0
283	0.0	1.0	0.0	1.0	0.3330000000000002	2.667	1.0
284	3.0	1.0	3.0	1.0	4.0	8.0	4.0
285	2.0	1.0	2.0	1.0	2.0	4.0	2.0
286	0.0	0.0	0.0	0.0	0.0	0.0	0.0
287	3.0	0.0	3.0	0.0	3.0	6.0	3.0
288	2.0	0.0	2.0	0.0	2.0	4.0	2.0
289	2.0	1.0	2.0	1.0	2.0	4.0	2.0
290	1.0	0.0	0.0	0.0	0.3330000000000002	2.667	0.0
291	2.0	0.0	2.0	0.0	1.3360000000000003	4.664	2.0
292	3.0	0.0	2.0	0.0	2.668	6.332	2.0
293	3.0	0.0	2.0	0.0	3.0	6.0	2.0
294	2.0	0.0	2.0	0.0	0.6660000000000004	5.334	2.0
295	2.0	0.0	1.0	0.0	2.0	4.0	1.0
296	1.0	1.0	0.0	1.0	2.0	4.0	1.0
297	2.0	0.0	2.0	0.0	2.0	4.0	2.0
298	3.0	0.0	3.0	0.0	3.0	6.0	3.0
299	1.0	0.0	0.0	0.0	0.3330000000000002	2.667	0.0
300	0.0	1.0	0.0	1.0	0.3330000000000002	2.667	1.0
301	2.0	0.0	0.0	0.0	0.6660000000000004	5.334	0.0
302	2.0	0.0	2.0	0.0	0.6660000000000004	5.334	2.0
303	1.0	2.0	0.0	1.0	1.0	5.0	1.0
304	2.0	3.0	1.0	1.0	3.0	6.0	1.0
305	2.0	0.0	1.0	0.0	2.0	4.0	1.0
306	1.0	1.0	1.0	0.0	2.0	4.0	1.0
307	0.0	1.0	0.0	1.0	1.0	2.0	1.0
308	1.0	0.0	0.0	0.0	1.0	2.0	0.0
309	1.0	0.0	0.0	0.0	1.0	2.0	0.0
310	0.0	0.0	0.0	0.0	0.0	0.0	0.0
311	1.0	0.0	0.0	0.0	0.3330000000000002	2.667	0.0
312	1.0	0.0	0.0	0.0	1.0	2.0	0.0
313	1.0	0.0	1.0	0.0	1.0	2.0	1.0
314	0.0	2.0	0.0	2.0	1.0	2.0	1.0
315	3.0	0.0	3.0	0.0	1.6680000000000001	4.332	2.0
316	3.0	2.0	2.0	2.0	2.6660000000000004	9.334	3.0
317	2.0	5.0	1.0	2.0	2.333	6.667	1.0
318	0.0	0.0	0.0	0.0	0.0	0.0	0.0
319	1.0	2.0	1.0	2.0	1.0	2.0	1.0
320	1.0	1.0	1.0	1.0	2.0	4.0	2.0
321	1.0	0.0	1.0	0.0	0.3330000000000002	2.667	1.0
322	1.0	0.0	1.0	0.0	1.0	2.0	1.0
323	1.0	0.0	1.0	0.0	1.0	2.0	1.0
324	2.0	0.0	1.0	0.0	2.0	4.0	1.0
325	1.0	0.0	1.0	0.0	1.0	2.0	1.0
326	1.0	0.0	1.0	0.0	1.0	2.0	1.0
327	1.0	0.0	1.0	0.0	1.0	2.0	1.0
328	0.0	0.0	0.0	0.0	0.0	0.0	0.0
329	0.0	0.0	0.0	0.0	0.0	0.0	0.0
330	0.0	0.0	0.0	0.0	0.0	0.0	0.0
331	0.0	1.0	0.0	1.0	0.3330000000000002	2.667	1.0
332	0.0	0.0	0.0	0.0	0.0	0.0	0.0
333	3.0	0.0	1.0	0.0	3.0	6.0	1.0
334	1.0	3.0	1.0	3.0	1.3330000000000002	4.667	2.0
335	0.0	2.0	0.0	1.0	0.6660000000000004	5.334	1.0
336	1.0	0.0	1.0	0.0	1.0	2.0	1.0
337	2.0	0.0	2.0	0.0	2.0	4.0	2.0
338	2.0	1.0	1.0	1.0	0.9990000000000006	8.001	2.0
339	2.0	0.0	1.0	0.0	0.6660000000000004	5.334	1.0
340	1.0	0.0	1.0	0.0	1.0	2.0	1.0
341	2.0	1.0	2.0	1.0	0.6660000000000004	5.334	2.0
342	0.0	2.0	0.0	2.0	0.3330000000000002	2.667	1.0
343	2.0	0.0	2.0	0.0	2.0	4.0	2.0
344	2.0	0.0	2.0	0.0	0.6660000000000004	5.334	2.0
345	2.0	0.0	2.0	0.0	2.0	4.0	2.0
346	3.0	0.0	2.0	0.0	3.0	6.0	2.0
347	0.0	2.0	0.0	2.0	1.0	2.0	1.0
348	2.0	2.0	2.0	2.0	0.6660000000000004	5.334	2.0
349	2.0	0.0	0.0	0.0	0.6660000000000004	5.334	0.0
350	2.0	1.0	2.0	1.0	1.3330000000000002	4.667	2.0
351	0.0	2.0	0.0	1.0	2.0	4.0	1.0
352	2.0	2.0	2.0	2.0	1.6660000000000004	7.334	3.0
353	1.0	0.0	0.0	0.0	1.0	2.0	0.0
354	0.0	4.0	0.0	3.0	2.6660000000000004	9.334	3.0
355	1.0	0.0	1.0	0.0	1.0	2.0	1.0
356	2.0	0.0	2.0	0.0	2.0	4.0	2.0
357	1.0	0.0	1.0	0.0	1.0	2.0	1.0
358	0.0	2.0	0.0	2.0	1.3330000000000002	4.667	2.0
359	0.0	0.0	0.0	0.0	0.0	0.0	0.0
360	2.0	0.0	2.0	0.0	2.0	4.0	2.0
361	1.0	0.0	1.0	0.0	1.0	2.0	1.0
362	0.0	1.0	0.0	1.0	1.0	2.0	1.0
363	1.0	0.0	0.0	0.0	0.3330000000000002	2.667	0.0
364	1.0	0.0	1.0	0.0	0.3330000000000002	2.667	1.0
365	3.0	0.0	2.0	0.0	3.0	6.0	2.0
366	1.0	1.0	1.0	1.0	1.0	2.0	1.0
367	2.0	2.0	2.0	2.0	1.3330000000000002	4.667	2.0
368	3.0	2.0	1.0	2.0	5.0	10.0	3.0
369	1.0	2.0	1.0	2.0	1.0	2.0	1.0
370	1.0	2.0	0.0	2.0	0.3330000000000002	5.667	1.0
371	2.0	2.0	2.0	2.0	2.0	4.0	2.0
372	1.0	0.0	1.0	0.0	0.3330000000000002	2.667	1.0
373	1.0	0.0	0.0	0.0	1.0	2.0	0.0
374	0.0	0.0	0.0	0.0	0.0	0.0	0.0
375	3.0	0.0	3.0	0.0	3.0	6.0	3.0
376	2.0	0.0	0.0	0.0	2.0	4.0	0.0
377	1.0	4.0	1.0	3.0	2.6660000000000004	9.334	3.0
378	1.0	1.0	1.0	1.0	2.0	4.0	2.0
379	2.0	1.0	2.0	1.0	3.0	6.0	3.0
380	2.0	0.0	2.0	0.0	2.0	4.0	2.0
381	0.0	0.0	0.0	0.0	0.0	0.0	0.0
382	2.0	0.0	1.0	0.0	2.0	4.0	1.0
383	3.0	0.0	1.0	0.0	3.0	6.0	1.0
384	0.0	0.0	0.0	0.0	0.0	0.0	0.0
385	2.0	2.0	2.0	2.0	2.0	4.0	2.0
386	0.0	0.0	0.0	0.0	0.0	0.0	0.0
387	0.0	0.0	0.0	0.0	0.0	0.0	0.0
388	0.0	0.0	0.0	0.0	0.0	0.0	0.0
389	0.0	0.0	0.0	0.0	0.0	0.0	0.0
390	0.0	2.0	0.0	2.0	0.6660000000000004	5.334	2.0
391	2.0	0.0	2.0	0.0	2.0	4.0	2.0
392	1.0	0.0	1.0	0.0	0.3330000000000002	2.667	1.0
393	3.0	0.0	3.0	0.0	3.0	6.0	3.0
394	3.0	0.0	3.0	0.0	3.0	6.0	3.0
395	1.0	0.0	1.0	0.0	1.0	2.0	1.0
396	1.0	0.0	1.0	0.0	1.0	2.0	1.0
397	1.0	0.0	0.0	0.0	0.3330000000000002	2.667	0.0
398	0.0	0.0	0.0	0.0	0.0	0.0	0.0
399	0.0	2.0	0.0	2.0	2.0	4.0	2.0
400	1.0	1.0	1.0	1.0	2.0	4.0	2.0
401	2.0	0.0	1.0	0.0	2.0	4.0	1.0
402	1.0	0.0	1.0	0.0	0.3330000000000002	2.667	1.0
403	0.0	0.0	0.0	0.0	0.0	0.0	0.0
404	0.0	0.0	0.0	0.0	0.0	0.0	0.0
405	1.0	3.0	1.0	3.0	0.6660000000000004	5.334	2.0
406	0.0	0.0	0.0	0.0	0.0	0.0	0.0
407	1.0	2.0	1.0	2.0	2.0	4.0	2.0
408	0.0	0.0	0.0	0.0	0.0	0.0	0.0
409	2.0	1.0	2.0	1.0	2.0	4.0	2.0
410	2.0	1.0	2.0	1.0	1.3330000000000002	4.667	2.0
411	1.0	1.0	0.0	1.0	1.3330000000000002	4.667	1.0
412	2.0	1.0	2.0	1.0	2.0	4.0	2.0
413	0.0	0.0	0.0	0.0	0.0	0.0	0.0
414	1.0	1.0	1.0	1.0	0.6660000000000004	5.334	2.0
415	2.0	1.0	1.0	1.0	0.9990000000000006	8.001	2.0
416	1.0	0.0	1.0	0.0	0.3330000000000002	2.667	1.0
417	0.0	0.0	0.0	0.0	0.0	0.0	0.0
418	2.0	1.0	1.0	1.0	3.0	6.0	2.0
419	2.0	0.0	2.0	0.0	2.0	4.0	2.0
420	1.0	2.0	1.0	2.0	1.3330000000000002	4.667	2.0
421	0.0	0.0	0.0	0.0	0.0	0.0	0.0
422	1.0	2.0	1.0	2.0	2.0	4.0	2.0
423	1.0	1.0	0.0	0.0	0.3330000000000002	2.667	0.0
424	0.0	2.0	0.0	1.0	1.3330000000000002	4.667	1.0
425	0.0	0.0	0.0	0.0	0.0	0.0	0.0
426	0.0	0.0	0.0	0.0	0.0	0.0	0.0
427	1.0	3.0	0.0	3.0	1.3340000000000005	7.6659999999999995	2.0
428	1.0	3.0	0.0	3.0	1.6660000000000004	7.334	2.0
429	0.0	1.0	0.0	1.0	1.0	2.0	1.0
430	1.0	1.0	1.0	0.0	2.0	4.0	1.0
431	1.0	2.0	1.0	2.0	2.333	6.667	3.0
432	1.0	2.0	1.0	2.0	2.0	4.0	2.0
433	1.0	4.0	1.0	3.0	2.333	6.667	2.0
434	0.0	3.0	0.0	2.0	1.3330000000000002	4.667	1.0
435	0.0	2.0	0.0	1.0	1.3330000000000002	4.667	1.0
436	1.0	3.0	0.0	2.0	1.6660000000000004	7.334	1.0
437	1.0	2.0	1.0	2.0	1.6680000000000001	4.332	2.0
438	1.0	2.0	1.0	2.0	0.3330000000000002	2.667	1.0
439	1.0	0.0	0.0	0.0	1.0	2.0	0.0
440	1.0	3.0	0.0	1.0	1.3330000000000002	4.667	1.0
441	0.0	4.0	0.0	1.0	1.3340000000000005	7.6659999999999995	1.0
442	2.0	2.0	1.0	2.0	3.0	6.0	2.0
443	2.0	3.0	1.0	3.0	3.333	8.667	3.0
444	2.0	2.0	1.0	1.0	3.0	6.0	1.0
445	2.0	1.0	2.0	1.0	1.733	4.2669999999999995	2.0
446	2.0	5.0	2.0	3.0	5.333	12.667	4.0
447	1.0	4.0	0.0	2.0	3.333	8.667	2.0
448	1.0	2.0	0.0	0.0	1.0	2.0	0.0
449	0.0	0.0	0.0	0.0	0.0	0.0	0.0
450	2.0	1.0	1.0	0.0	1.3330000000000002	4.667	1.0
451	1.0	4.0	0.0	1.0	2.6660000000000004	9.334	1.0
452	0.0	3.0	0.0	2.0	0.6660000000000004	5.334	1.0
453	0.0	0.0	0.0	0.0	0.0	0.0	0.0
454	1.0	2.0	1.0	0.0	2.333	6.667	1.0
455	0.0	0.0	0.0	0.0	0.0	0.0	0.0
456	1.0	2.0	1.0	2.0	1.3330000000000002	4.667	2.0
457	0.0	6.0	0.0	4.0	2.6660000000000004	9.334	3.0
458	2.0	2.0	1.0	0.0	1.3330000000000002	4.667	1.0
459	2.0	1.0	1.0	0.0	1.3330000000000002	4.667	1.0
460	2.0	4.0	1.0	2.0	3.3320000000000007	14.668	3.0
461	0.0	6.0	0.0	5.0	1.3340000000000005	13.666	4.0
462	1.0	1.0	1.0	0.0	0.6660000000000004	5.334	1.0
463	0.0	0.0	0.0	0.0	0.0	0.0	0.0
464	2.0	2.0	1.0	0.0	2.333	6.667	1.0
465	0.0	1.0	0.0	0.0	1.0	2.0	0.0
466	0.0	3.0	0.0	3.0	1.6660000000000004	7.334	3.0
467	0.0	0.0	0.0	0.0	0.0	0.0	0.0
468	0.0	0.0	0.0	0.0	0.0	0.0	0.0
469	0.0	0.0	0.0	0.0	0.0	0.0	0.0
470	0.0	0.0	0.0	0.0	0.0	0.0	0.0
471	0.0	0.0	0.0	0.0	0.0	0.0	0.0
472	0.0	0.0	0.0	0.0	0.0	0.0	0.0
473	1.0	2.0	1.0	2.0	1.0010000000000003	4.999	2.0
474	1.0	0.0	1.0	0.0	1.0	2.0	1.0
475	2.0	0.0	2.0	0.0	2.0	4.0	2.0
476	1.0	1.0	0.0	0.0	0.3330000000000002	2.667	0.0
477	3.0	3.0	3.0	1.0	5.0	10.0	3.0
478	2.0	1.0	2.0	1.0	1.3330000000000002	4.667	2.0
479	1.0	4.0	1.0	3.0	4.336	10.664	4.0
480	2.0	1.0	1.0	1.0	3.0	6.0	2.0
481	0.0	1.0	0.0	0.0	0.3330000000000002	2.667	0.0
482	2.0	4.0	2.0	3.0	2.3320000000000007	12.668	4.0
483	0.0	5.0	0.0	4.0	2.6660000000000004	9.334	3.0
484	1.0	3.0	1.0	0.0	3.0	6.0	1.0
485	2.0	4.0	1.0	2.0	2.6660000000000004	9.334	2.0
486	1.0	4.0	0.0	2.0	2.3340000000000005	9.666	2.0
487	0.0	1.0	0.0	1.0	0.3330000000000002	2.667	1.0
488	2.0	4.0	2.0	3.0	3.6660000000000004	11.334	4.0
489	2.0	2.0	2.0	2.0	1.3330000000000002	4.667	2.0
490	1.0	1.0	0.0	0.0	1.0010000000000003	4.999	0.0
491	1.0	1.0	1.0	1.0	2.0	4.0	2.0
492	2.0	1.0	2.0	1.0	3.4	5.6	3.0
493	1.0	0.0	1.0	0.0	1.0	2.0	1.0
494	2.0	5.0	2.0	4.0	2.3320000000000007	12.668	4.0
495	2.0	1.0	0.0	1.0	1.6660000000000004	7.334	1.0
496	0.0	0.0	0.0	0.0	0.0	0.0	0.0
497	0.0	0.0	0.0	0.0	0.0	0.0	0.0
498	0.0	0.0	0.0	0.0	0.0	0.0	0.0
499	0.0	0.0	0.0	0.0	0.0	0.0	0.0
500	0.0	0.0	0.0	0.0	0.0	0.0	0.0
501	1.0	5.0	1.0	3.0	2.9990000000000006	12.001	3.0
502	2.0	2.0	1.0	1.0	1.9990000000000006	10.001	2.0
503	0.0	2.0	0.0	2.0	1.3330000000000002	4.667	2.0
504	1.0	2.0	1.0	2.0	1.6660000000000004	7.334	3.0
505	1.0	3.0	0.0	3.0	1.6660000000000004	7.334	2.0
506	3.0	3.0	1.0	2.0	5.068	9.932	3.0
507	0.0	0.0	0.0	0.0	0.0	0.0	0.0
508	2.0	4.0	0.0	4.0	4.0	8.0	2.0
509	2.0	4.0	1.0	3.0	3.333	8.667	2.0
510	2.0	4.0	2.0	1.0	4.333	10.667	2.0
511	1.0	6.0	0.0	4.0	3.3320000000000007	14.668	3.0
512	3.0	2.0	3.0	0.0	2.3340000000000005	9.666	3.0
513	1.0	2.0	0.0	0.0	1.0	2.0	0.0
514	2.0	2.0	1.0	2.0	2.333	6.667	2.0
515	0.0	3.0	0.0	2.0	2.333	6.667	2.0
516	1.0	2.0	0.0	2.0	2.0	4.0	1.0
517	1.0	2.0	1.0	1.0	1.3330000000000002	4.667	1.0
518	0.0	4.0	0.0	2.0	0.9990000000000006	8.001	2.0
519	0.0	3.0	0.0	0.0	1.0	5.0	0.0
520	1.0	2.0	0.0	0.0	1.3330000000000002	4.667	0.0
521	1.0	4.0	0.0	2.0	1.6660000000000004	7.334	1.0
522	0.0	3.0	0.0	2.0	0.9990000000000006	8.001	2.0
523	2.0	4.0	1.0	2.0	2.3340000000000005	9.666	2.0
524	1.0	2.0	0.0	0.0	1.6680000000000001	4.332	0.0
525	1.0	4.0	1.0	2.0	1.665000000000001	13.334999999999999	3.0
526	2.0	2.0	2.0	2.0	3.4	5.6	3.0
527	2.0	2.0	1.0	1.0	1.6660000000000004	7.334	1.0
528	1.0	2.0	1.0	2.0	1.4	1.6	1.0
529	3.0	4.0	2.0	3.0	3.3320000000000007	14.668	4.0
530	4.0	3.0	3.0	3.0	3.668	8.332	3.0
531	0.0	2.0	0.0	1.0	0.6660000000000004	5.334	1.0
532	2.0	3.0	0.0	2.0	3.7340000000000004	11.266	2.0
533	2.0	1.0	0.0	1.0	2.333	6.667	1.0
534	0.0	3.0	0.0	3.0	0.6660000000000004	5.334	2.0
535	2.0	4.0	0.0	3.0	4.333	10.667	2.0
536	1.0	1.0	1.0	1.0	0.6660000000000004	5.334	2.0
537	1.0	3.0	1.0	3.0	1.6680000000000001	4.332	2.0
538	1.0	2.0	0.0	2.0	3.0	6.0	2.0
539	1.0	4.0	0.0	3.0	1.9990000000000006	10.001	2.0
540	2.0	2.0	1.0	0.0	3.333	8.667	1.0
541	2.0	4.0	1.0	2.0	4.333	10.667	3.0
542	1.0	4.0	0.0	2.0	4.066000000000001	10.934	2.0
543	2.0	2.0	1.0	1.0	2.668	6.332	1.0
544	2.0	4.0	2.0	4.0	3.668	8.332	4.0
545	2.0	1.0	2.0	0.0	3.0	6.0	2.0
546	2.0	3.0	1.0	3.0	1.6660000000000004	7.334	2.0
547	0.0	7.0	0.0	5.0	2.9990000000000006	12.001	3.0
548	3.0	3.0	2.0	2.0	3.068	5.932	2.0
549	1.0	5.0	0.0	2.0	1.9990000000000006	10.001	2.0
550	1.0	3.0	1.0	0.0	1.6660000000000004	7.334	1.0
551	1.0	2.0	1.0	2.0	2.4	3.6	2.0
552	1.0	3.0	1.0	1.0	4.4	7.6	2.0
553	1.0	2.0	1.0	0.0	2.0	4.0	1.0
554	2.0	1.0	1.0	1.0	2.333	6.667	2.0
555	2.0	1.0	0.0	0.0	1.6680000000000001	4.332	0.0
556	3.0	3.0	1.0	2.0	3.0010000000000003	8.998999999999999	2.0
557	0.0	2.0	0.0	0.0	2.0	4.0	0.0
558	0.0	5.0	0.0	0.0	1.9990000000000006	10.001	0.0
559	0.0	0.0	0.0	0.0	0.0	0.0	0.0
560	0.0	0.0	0.0	0.0	0.0	0.0	0.0
561	1.0	1.0	1.0	1.0	1.6680000000000001	4.332	2.0
562	1.0	0.0	0.0	0.0	1.0	2.0	0.0
563	2.0	0.0	1.0	0.0	2.0	4.0	1.0
564	1.0	1.0	1.0	1.0	0.3330000000000002	2.667	1.0
565	0.0	4.0	0.0	2.0	1.6660000000000004	7.334	1.0
566	2.0	1.0	1.0	1.0	2.333	6.667	2.0
567	1.0	5.0	1.0	4.0	1.9990000000000006	10.001	3.0
568	0.0	3.0	0.0	2.0	1.3330000000000002	4.667	1.0
569	2.0	2.0	2.0	2.0	1.3330000000000002	4.667	2.0
570	3.0	1.0	1.0	1.0	3.668	8.332	2.0
571	0.0	3.0	0.0	2.0	2.0040000000000004	6.9959999999999996	2.0
572	3.0	0.0	3.0	0.0	2.068	3.932	2.0
573	1.0	1.0	1.0	1.0	0.6680000000000001	2.332	1.0
574	1.0	3.0	1.0	2.0	0.9990000000000006	8.001	2.0
575	2.0	3.0	0.0	2.0	4.0	8.0	1.0
576	2.0	3.0	0.0	3.0	1.9990000000000006	10.001	2.0
577	2.0	1.0	1.0	1.0	0.9990000000000006	8.001	2.0
578	0.0	1.0	0.0	1.0	1.4	1.6	1.0
579	1.0	0.0	1.0	0.0	0.3330000000000002	2.667	1.0
580	3.0	0.0	1.0	0.0	3.0	6.0	1.0
581	0.0	0.0	0.0	0.0	0.0	0.0	0.0
582	1.0	0.0	1.0	0.0	1.0	2.0	1.0
583	0.0	0.0	0.0	0.0	0.0	0.0	0.0
584	0.0	2.0	0.0	0.0	1.3330000000000002	4.667	0.0
585	3.0	3.0	3.0	1.0	3.6660000000000004	11.334	3.0
586	1.0	4.0	0.0	3.0	4.0	8.0	3.0
587	1.0	0.0	1.0	0.0	0.3330000000000002	2.667	1.0
588	0.0	1.0	0.0	0.0	0.3330000000000002	2.667	0.0
589	2.0	0.0	2.0	0.0	0.6660000000000004	5.334	2.0
590	2.0	4.0	2.0	4.0	1.6660000000000004	7.334	3.0
591	1.0	3.0	1.0	3.0	1.3330000000000002	4.667	2.0
592	2.0	2.0	2.0	2.0	1.3330000000000002	4.667	2.0
593	3.0	2.0	3.0	2.0	3.668	8.332	4.0
594	1.0	0.0	1.0	0.0	1.0	2.0	1.0
595	0.0	4.0	0.0	4.0	1.0010000000000003	4.999	2.0
596	1.0	1.0	1.0	1.0	0.3330000000000002	2.667	1.0
597	1.0	3.0	1.0	3.0	0.3330000000000002	5.667	2.0
598	0.0	0.0	0.0	0.0	0.0	0.0	0.0
599	1.0	1.0	1.0	1.0	1.0	2.0	1.0
600	0.0	2.0	0.0	2.0	0.3330000000000002	2.667	1.0
601	2.0	2.0	1.0	2.0	3.0	6.0	2.0
602	0.0	0.0	0.0	0.0	0.0	0.0	0.0
603	0.0	0.0	0.0	0.0	0.0	0.0	0.0
604	3.0	2.0	2.0	2.0	2.333	6.667	2.0
605	2.0	2.0	2.0	2.0	1.3330000000000002	4.667	2.0
606	3.0	2.0	2.0	2.0	4.0	8.0	3.0
607	1.0	0.0	0.0	0.0	1.0	2.0	0.0
608	2.0	0.0	1.0	0.0	2.0	4.0	1.0
609	4.0	1.0	3.0	1.0	4.0	8.0	3.0
610	2.0	1.0	2.0	1.0	2.0	4.0	2.0
611	2.0	1.0	2.0	1.0	2.333	6.667	3.0
612	0.0	0.0	0.0	0.0	0.0	0.0	0.0
613	0.0	0.0	0.0	0.0	0.0	0.0	0.0
614	1.0	3.0	1.0	1.0	3.333	8.667	2.0
615	0.0	1.0	0.0	1.0	0.3330000000000002	2.667	1.0
616	0.0	0.0	0.0	0.0	0.0	0.0	0.0
617	3.0	1.0	3.0	1.0	2.333	6.667	3.0
618	2.0	0.0	1.0	0.0	2.0	4.0	1.0
619	2.0	0.0	1.0	0.0	0.6660000000000004	5.334	1.0
620	1.0	0.0	1.0	0.0	1.0	2.0	1.0
621	3.0	0.0	2.0	0.0	3.0	6.0	2.0
622	2.0	0.0	2.0	0.0	2.0	4.0	2.0
623	3.0	0.0	3.0	0.0	3.0	6.0	3.0
624	1.0	1.0	1.0	1.0	0.6660000000000004	5.334	2.0
625	0.0	0.0	0.0	0.0	0.0	0.0	0.0
626	3.0	2.0	3.0	2.0	1.6660000000000004	7.334	3.0
627	0.0	1.0	0.0	1.0	1.0	2.0	1.0
628	2.0	0.0	2.0	0.0	2.0	4.0	2.0
629	2.0	0.0	2.0	0.0	2.0	4.0	2.0
630	2.0	4.0	1.0	3.0	6.0	12.0	4.0
631	3.0	3.0	2.0	2.0	4.333	10.667	3.0
632	0.0	0.0	0.0	0.0	0.0	0.0	0.0
633	2.0	0.0	1.0	0.0	2.0	4.0	1.0
634	1.0	0.0	1.0	0.0	1.0	2.0	1.0
635	2.0	0.0	1.0	0.0	2.0	4.0	1.0
636	4.0	0.0	3.0	0.0	4.0	8.0	3.0
637	2.0	0.0	1.0	0.0	2.0	4.0	1.0
638	0.0	0.0	0.0	0.0	0.0	0.0	0.0
639	1.0	0.0	0.0	0.0	1.0	2.0	0.0
640	1.0	0.0	0.0	0.0	0.3330000000000002	2.667	0.0
641	4.0	0.0	2.0	0.0	3.668	8.332	2.0
642	3.0	0.0	2.0	0.0	3.0	6.0	2.0
643	2.0	1.0	0.0	1.0	3.0	6.0	1.0
644	2.0	0.0	1.0	0.0	2.0	4.0	1.0
645	0.0	0.0	0.0	0.0	0.0	0.0	0.0
646	3.0	0.0	3.0	0.0	3.0	6.0	3.0
647	2.0	0.0	1.0	0.0	2.0	4.0	1.0
648	1.0	0.0	0.0	0.0	0.3330000000000002	2.667	0.0
649	1.0	0.0	1.0	0.0	1.0	2.0	1.0
650	2.0	4.0	2.0	2.0	2.9990000000000006	12.001	3.0
651	2.0	2.0	2.0	2.0	1.6660000000000004	7.334	3.0
652	2.0	1.0	1.0	1.0	3.0	6.0	2.0
653	2.0	2.0	2.0	2.0	3.0	6.0	3.0
654	1.0	1.0	0.0	1.0	1.6680000000000001	4.332	1.0
655	2.0	0.0	1.0	0.0	2.0	4.0	1.0
656	3.0	0.0	3.0	0.0	3.0	6.0	3.0
657	3.0	0.0	2.0	0.0	3.0	6.0	2.0
658	3.0	1.0	2.0	1.0	3.0	6.0	2.0
659	1.0	0.0	1.0	0.0	1.0	2.0	1.0
660	0.0	0.0	0.0	0.0	0.0	0.0	0.0
661	3.0	2.0	2.0	2.0	3.333	8.667	3.0
662	1.0	2.0	0.0	2.0	0.6660000000000004	5.334	1.0
663	0.0	2.0	0.0	2.0	1.0	2.0	1.0
664	3.0	2.0	2.0	2.0	2.333	6.667	2.0
665	0.0	4.0	0.0	2.0	1.6660000000000004	7.334	1.0
666	4.0	2.0	2.0	2.0	4.333	10.667	3.0
667	2.0	2.0	2.0	2.0	1.3330000000000002	4.667	2.0
668	1.0	1.0	1.0	1.0	2.0	4.0	2.0
669	3.0	0.0	2.0	0.0	3.0	6.0	2.0
670	1.0	3.0	1.0	3.0	2.0	7.0	3.0
671	1.0	0.0	1.0	0.0	1.0	2.0	1.0
672	3.0	1.0	1.0	1.0	4.0	8.0	2.0
673	1.0	1.0	1.0	0.0	2.0	4.0	1.0
674	2.0	1.0	1.0	1.0	2.0	4.0	1.0
675	2.0	3.0	1.0	3.0	3.0	6.0	2.0
676	3.0	4.0	3.0	4.0	3.333	8.667	4.0
677	1.0	2.0	1.0	2.0	1.0	2.0	1.0
678	2.0	0.0	1.0	0.0	0.6660000000000004	5.334	1.0
679	2.0	2.0	2.0	2.0	2.0	4.0	2.0
680	1.0	0.0	0.0	0.0	1.0	2.0	0.0
681	1.0	0.0	1.0	0.0	1.0	2.0	1.0
682	1.0	0.0	1.0	0.0	0.3330000000000002	2.667	1.0
683	0.0	0.0	0.0	0.0	0.0	0.0	0.0
684	2.0	0.0	1.0	0.0	0.6660000000000004	5.334	1.0
685	2.0	0.0	1.0	0.0	2.0	4.0	1.0
686	1.0	0.0	1.0	0.0	1.0	2.0	1.0
687	3.0	1.0	3.0	1.0	2.3360000000000003	6.664	3.0
688	0.0	0.0	0.0	0.0	0.0	0.0	0.0
689	0.0	0.0	0.0	0.0	0.0	0.0	0.0
690	0.0	0.0	0.0	0.0	0.0	0.0	0.0
691	1.0	0.0	1.0	0.0	0.3330000000000002	2.667	1.0
692	1.0	0.0	1.0	0.0	1.0	2.0	1.0
693	4.0	2.0	3.0	2.0	3.333	8.667	3.0
694	1.0	0.0	1.0	0.0	1.0	2.0	1.0
695	0.0	0.0	0.0	0.0	0.0	0.0	0.0
696	2.0	1.0	1.0	1.0	2.0	4.0	1.0
697	2.0	0.0	1.0	0.0	2.0	4.0	1.0
698	2.0	0.0	2.0	0.0	0.6660000000000004	5.334	2.0
699	0.0	0.0	0.0	0.0	0.0	0.0	0.0
700	1.0	2.0	1.0	2.0	1.0	2.0	1.0
701	0.0	0.0	0.0	0.0	0.0	0.0	0.0
702	0.0	2.0	0.0	2.0	0.0	6.0	2.0
703	0.0	0.0	0.0	0.0	0.0	0.0	0.0
704	2.0	0.0	1.0	0.0	2.0	4.0	1.0
705	2.0	0.0	1.0	0.0	2.0	4.0	1.0
706	3.0	1.0	1.0	1.0	4.0	8.0	2.0
707	2.0	0.0	1.0	0.0	2.0	4.0	1.0
708	2.0	0.0	2.0	0.0	2.0	4.0	2.0
709	2.0	1.0	2.0	1.0	2.0	4.0	2.0
710	4.0	0.0	1.0	0.0	4.0	8.0	1.0
711	0.0	0.0	0.0	0.0	0.0	0.0	0.0
712	1.0	1.0	1.0	1.0	1.0	2.0	1.0
713	1.0	0.0	1.0	0.0	0.3330000000000002	2.667	1.0
714	2.0	0.0	1.0	0.0	0.6660000000000004	5.334	1.0
715	0.0	1.0	0.0	1.0	1.0	2.0	1.0
716	0.0	1.0	0.0	1.0	0.6680000000000001	2.332	1.0
717	1.0	0.0	1.0	0.0	1.0	2.0	1.0
718	0.0	0.0	0.0	0.0	0.0	0.0	0.0
719	2.0	0.0	2.0	0.0	2.0	4.0	2.0
720	2.0	1.0	2.0	1.0	1.6680000000000001	4.332	2.0
721	2.0	1.0	2.0	1.0	1.6680000000000001	4.332	2.0
722	2.0	2.0	0.0	2.0	4.0	8.0	2.0
723	2.0	1.0	2.0	1.0	3.0	6.0	3.0
724	1.0	0.0	1.0	0.0	1.0	2.0	1.0
725	2.0	0.0	2.0	0.0	2.0	4.0	2.0
726	3.0	1.0	2.0	1.0	4.0	8.0	3.0
727	2.0	0.0	2.0	0.0	2.0	4.0	2.0
728	3.0	1.0	2.0	1.0	3.0	6.0	2.0
729	2.0	0.0	1.0	0.0	2.0	4.0	1.0
730	0.0	0.0	0.0	0.0	0.0	0.0	0.0
731	3.0	2.0	1.0	2.0	3.333	8.667	2.0
732	1.0	1.0	1.0	1.0	2.0	4.0	2.0
733	2.0	0.0	0.0	0.0	2.0	4.0	0.0
734	3.0	0.0	1.0	0.0	3.0	6.0	1.0
735	1.0	1.0	1.0	1.0	1.0	2.0	1.0
736	2.0	1.0	0.0	1.0	1.6660000000000004	7.334	1.0
737	2.0	5.0	1.0	5.0	4.0	8.0	3.0
738	1.0	2.0	0.0	2.0	1.3330000000000002	4.667	1.0
739	0.0	0.0	0.0	0.0	0.0	0.0	0.0
740	1.0	2.0	1.0	0.0	2.0	4.0	1.0
741	1.0	4.0	0.0	2.0	1.6670000000000007	10.332999999999998	1.0
742	1.0	1.0	1.0	1.0	1.0	2.0	1.0
743	1.0	1.0	1.0	1.0	0.6660000000000004	5.334	2.0
744	2.0	2.0	1.0	2.0	2.333	6.667	2.0
745	4.0	1.0	1.0	1.0	5.0	10.0	2.0
746	2.0	0.0	1.0	0.0	2.0	4.0	1.0
747	1.0	0.0	1.0	0.0	0.3330000000000002	2.667	1.0
748	2.0	0.0	1.0	0.0	2.0	4.0	1.0
749	2.0	4.0	2.0	3.0	4.0	8.0	3.0
750	2.0	2.0	1.0	2.0	1.6660000000000004	7.334	2.0
751	1.0	0.0	1.0	0.0	0.3330000000000002	2.667	1.0
752	2.0	0.0	1.0	0.0	1.3360000000000003	4.664	1.0
753	0.0	0.0	0.0	0.0	0.0	0.0	0.0
754	1.0	1.0	1.0	1.0	0.6660000000000004	5.334	2.0
755	0.0	0.0	0.0	0.0	0.0	0.0	0.0
756	3.0	0.0	3.0	0.0	2.3360000000000003	6.664	3.0
757	3.0	0.0	3.0	0.0	1.6680000000000001	4.332	2.0
758	1.0	0.0	1.0	0.0	1.0	2.0	1.0
759	1.0	0.0	1.0	0.0	0.3330000000000002	2.667	1.0
760	1.0	1.0	1.0	1.0	1.6680000000000001	4.332	2.0
761	3.0	1.0	3.0	1.0	1.6660000000000004	7.334	3.0
762	1.0	1.0	1.0	1.0	1.733	4.2669999999999995	2.0
763	1.0	0.0	1.0	0.0	1.0	2.0	1.0
764	0.0	1.0	0.0	0.0	1.0	2.0	0.0
765	1.0	2.0	1.0	2.0	1.0	2.0	1.0
766	3.0	0.0	0.0	0.0	3.0	6.0	0.0
767	3.0	1.0	3.0	1.0	2.333	6.667	3.0
768	3.0	2.0	3.0	2.0	1.6660000000000004	7.334	3.0
769	3.0	2.0	2.0	2.0	1.3320000000000007	10.668	3.0
770	0.0	2.0	0.0	2.0	0.3330000000000002	2.667	1.0
771	4.0	0.0	2.0	0.0	4.0	8.0	2.0
772	1.0	0.0	1.0	0.0	0.3330000000000002	2.667	1.0
773	4.0	2.0	4.0	2.0	1.9990000000000006	10.001	4.0
774	1.0	1.0	1.0	1.0	1.0	2.0	1.0
775	3.0	2.0	0.0	2.0	3.333	8.667	1.0
776	1.0	4.0	1.0	4.0	1.6660000000000004	7.334	3.0
777	2.0	1.0	2.0	1.0	1.3330000000000002	4.667	2.0
778	1.0	2.0	1.0	2.0	1.0	2.0	1.0
779	0.0	0.0	0.0	0.0	0.0	0.0	0.0
780	0.0	0.0	0.0	0.0	0.0	0.0	0.0
781	1.0	0.0	0.0	0.0	1.0	2.0	0.0
782	2.0	2.0	1.0	1.0	2.333	6.667	1.0
783	1.0	1.0	0.0	1.0	0.6660000000000004	5.334	1.0
784	1.0	5.0	1.0	2.0	2.3320000000000007	12.668	2.0
785	0.0	0.0	0.0	0.0	0.0	0.0	0.0
786	1.0	2.0	1.0	2.0	1.0	2.0	1.0
787	0.0	0.0	0.0	0.0	0.0	0.0	0.0
788	2.0	2.0	1.0	2.0	4.0	8.0	3.0
789	3.0	1.0	2.0	1.0	3.0	6.0	2.0
790	2.0	0.0	1.0	0.0	0.6660000000000004	5.334	1.0
791	2.0	1.0	1.0	1.0	1.3330000000000002	4.667	1.0
792	1.0	1.0	1.0	1.0	1.0	2.0	1.0
793	1.0	1.0	1.0	1.0	2.0	4.0	2.0
794	0.0	1.0	0.0	0.0	0.3330000000000002	2.667	0.0
795	1.0	1.0	1.0	1.0	1.0	2.0	1.0
796	2.0	0.0	1.0	0.0	0.6660000000000004	5.334	1.0
797	1.0	0.0	1.0	0.0	1.0	2.0	1.0
798	0.0	0.0	0.0	0.0	0.0	0.0	0.0
799	0.0	0.0	0.0	0.0	0.0	0.0	0.0
800	0.0	0.0	0.0	0.0	0.0	0.0	0.0
801	0.0	0.0	0.0	0.0	0.0	0.0	0.0
802	1.0	0.0	0.0	0.0	0.3330000000000002	2.667	0.0
803	0.0	0.0	0.0	0.0	0.0	0.0	0.0
804	1.0	0.0	1.0	0.0	0.3330000000000002	2.667	1.0
805	1.0	1.0	1.0	1.0	0.3330000000000002	2.667	1.0
806	0.0	0.0	0.0	0.0	0.0	0.0	0.0
807	0.0	0.0	0.0	0.0	0.0	0.0	0.0
808	0.0	1.0	0.0	1.0	0.3330000000000002	2.667	1.0
809	1.0	0.0	1.0	0.0	1.0	2.0	1.0
810	1.0	1.0	1.0	1.0	1.3330000000000002	4.667	2.0
811	1.0	0.0	1.0	0.0	1.0	2.0	1.0
812	1.0	0.0	1.0	0.0	0.3330000000000002	2.667	1.0
813	1.0	1.0	1.0	1.0	1.0	2.0	1.0
814	0.0	0.0	0.0	0.0	0.0	0.0	0.0
815	1.0	0.0	1.0	0.0	1.0	2.0	1.0
816	1.0	0.0	1.0	0.0	0.3330000000000002	2.667	1.0
817	1.0	0.0	0.0	0.0	0.3330000000000002	2.667	0.0
818	0.0	2.0	0.0	1.0	1.3330000000000002	4.667	1.0
819	1.0	0.0	1.0	0.0	1.0	2.0	1.0
820	1.0	0.0	1.0	0.0	1.0	2.0	1.0
821	0.0	0.0	0.0	0.0	0.0	0.0	0.0
822	3.0	0.0	1.0	0.0	3.0	6.0	1.0
823	1.0	0.0	1.0	0.0	0.3330000000000002	2.667	1.0
824	2.0	0.0	2.0	0.0	0.6660000000000004	5.334	2.0
825	1.0	0.0	0.0	0.0	0.3330000000000002	2.667	0.0
826	1.0	1.0	0.0	0.0	2.0	4.0	0.0
827	3.0	0.0	3.0	0.0	3.0	6.0	3.0
828	1.0	0.0	1.0	0.0	0.3330000000000002	2.667	1.0
829	0.0	2.0	0.0	2.0	0.6680000000000001	2.332	1.0
830	1.0	0.0	1.0	0.0	0.3330000000000002	2.667	1.0
831	3.0	1.0	3.0	1.0	1.3330000000000002	4.667	2.0
832	0.0	1.0	0.0	1.0	0.3330000000000002	2.667	1.0
833	1.0	1.0	0.0	1.0	2.0	4.0	1.0
834	1.0	4.0	1.0	3.0	1.9990000000000006	10.001	3.0
835	1.0	0.0	1.0	0.0	0.3330000000000002	2.667	1.0
836	1.0	2.0	1.0	2.0	1.3330000000000002	4.667	2.0
837	2.0	3.0	2.0	3.0	2.0	4.0	2.0
838	0.0	0.0	0.0	0.0	0.0	0.0	0.0
839	3.0	1.0	2.0	0.0	2.333	6.667	2.0
840	1.0	2.0	1.0	2.0	1.0	2.0	1.0
841	1.0	0.0	0.0	0.0	1.0	2.0	0.0
842	0.0	3.0	0.0	1.0	0.9990000000000006	8.001	1.0
843	2.0	0.0	1.0	0.0	2.0	4.0	1.0
844	0.0	2.0	0.0	1.0	0.6660000000000004	5.334	1.0
845	2.0	0.0	2.0	0.0	2.0	4.0	2.0
846	3.0	2.0	1.0	2.0	2.333	6.667	1.0
847	2.0	1.0	0.0	0.0	1.3330000000000002	4.667	0.0
848	1.0	0.0	1.0	0.0	0.3330000000000002	2.667	1.0
849	1.0	1.0	0.0	0.0	1.0	2.0	0.0
850	1.0	2.0	0.0	0.0	0.6660000000000004	5.334	0.0
851	0.0	0.0	0.0	0.0	0.0	0.0	0.0
852	2.0	0.0	1.0	0.0	2.0	4.0	1.0
853	1.0	0.0	1.0	0.0	1.0	2.0	1.0
854	0.0	0.0	0.0	0.0	0.0	0.0	0.0
855	1.0	0.0	0.0	0.0	1.0	2.0	0.0
856	1.0	0.0	1.0	0.0	0.3330000000000002	2.667	1.0
857	2.0	0.0	1.0	0.0	2.0	4.0	1.0
858	0.0	0.0	0.0	0.0	0.0	0.0	0.0
859	2.0	1.0	1.0	1.0	2.333	6.667	2.0
860	2.0	0.0	1.0	0.0	0.6660000000000004	5.334	1.0
861	3.0	0.0	2.0	0.0	3.0	6.0	2.0
862	1.0	2.0	1.0	2.0	1.0	2.0	1.0
863	2.0	2.0	1.0	0.0	2.333	6.667	1.0
864	1.0	2.0	1.0	1.0	1.6660000000000004	7.334	2.0
865	2.0	0.0	0.0	0.0	2.0	4.0	0.0
866	2.0	2.0	1.0	1.0	2.333	6.667	1.0
867	0.0	1.0	0.0	1.0	0.3330000000000002	2.667	1.0
868	2.0	2.0	1.0	1.0	2.0	4.0	1.0
869	2.0	2.0	1.0	2.0	4.0	8.0	3.0
870	0.0	3.0	0.0	3.0	0.9990000000000006	8.001	3.0
871	1.0	3.0	1.0	2.0	1.6660000000000004	7.334	2.0
872	4.0	4.0	2.0	1.0	5.333	12.667	3.0
873	3.0	1.0	2.0	1.0	2.333	6.667	2.0
874	0.0	2.0	0.0	2.0	1.0	2.0	1.0
875	0.0	1.0	0.0	1.0	1.0	2.0	1.0
876	1.0	0.0	0.0	0.0	1.0	2.0	0.0
877	2.0	1.0	0.0	1.0	3.0	6.0	1.0
878	1.0	1.0	0.0	1.0	0.6660000000000004	5.334	1.0
879	2.0	0.0	0.0	0.0	2.0	4.0	0.0
880	1.0	1.0	0.0	0.0	2.0	4.0	0.0
881	1.0	0.0	0.0	0.0	1.0	2.0	0.0
882	0.0	2.0	0.0	0.0	0.6660000000000004	5.334	0.0
883	2.0	3.0	1.0	3.0	3.333	8.667	3.0
884	1.0	3.0	1.0	1.0	2.6660000000000004	9.334	2.0
885	1.0	5.0	1.0	3.0	2.9990000000000006	12.001	3.0
886	2.0	1.0	1.0	1.0	0.9990000000000006	8.001	2.0
887	2.0	2.0	2.0	2.0	1.9990000000000006	10.001	4.0
888	2.0	1.0	2.0	0.0	0.9990000000000006	8.001	2.0
889	1.0	2.0	1.0	2.0	1.3330000000000002	4.667	2.0
890	1.0	3.0	1.0	2.0	2.0	7.0	2.0
891	1.0	0.0	1.0	0.0	0.3330000000000002	2.667	1.0
892	2.0	0.0	2.0	0.0	2.0	4.0	2.0
893	1.0	1.0	1.0	1.0	1.0	2.0	1.0
894	2.0	1.0	2.0	1.0	1.6680000000000001	4.332	2.0
895	3.0	0.0	3.0	0.0	1.6680000000000001	4.332	2.0
896	2.0	0.0	1.0	0.0	0.6660000000000004	5.334	1.0
897	0.0	0.0	0.0	0.0	0.0	0.0	0.0
898	2.0	0.0	1.0	0.0	0.6660000000000004	5.334	1.0
899	2.0	0.0	1.0	0.0	0.6660000000000004	5.334	1.0
900	1.0	0.0	0.0	0.0	0.3330000000000002	2.667	0.0
901	2.0	0.0	1.0	0.0	0.6660000000000004	5.334	1.0
902	3.0	0.0	1.0	0.0	3.0	6.0	1.0
903	1.0	0.0	1.0	0.0	1.0	2.0	1.0
904	1.0	0.0	0.0	0.0	1.0	2.0	0.0
905	1.0	0.0	1.0	0.0	0.3330000000000002	2.667	1.0
906	0.0	0.0	0.0	0.0	0.0	0.0	0.0
907	3.0	2.0	1.0	1.0	3.0	6.0	1.0
908	3.0	2.0	1.0	2.0	2.333	6.667	1.0
909	1.0	2.0	1.0	2.0	1.3330000000000002	4.667	2.0
910	3.0	0.0	0.0	0.0	0.9990000000000006	8.001	0.0
911	0.0	0.0	0.0	0.0	0.0	0.0	0.0
912	1.0	3.0	1.0	3.0	0.9990000000000006	8.001	3.0
913	3.0	0.0	1.0	0.0	3.0	6.0	1.0
914	0.0	0.0	0.0	0.0	0.0	0.0	0.0
915	0.0	0.0	0.0	0.0	0.0	0.0	0.0
916	2.0	4.0	1.0	0.0	3.0	6.0	1.0
917	1.0	4.0	1.0	4.0	2.3360000000000003	6.664	3.0
918	1.0	1.0	1.0	1.0	0.6660000000000004	5.334	2.0
919	1.0	2.0	1.0	2.0	1.0	2.0	1.0
920	1.0	1.0	1.0	1.0	1.0	2.0	1.0
921	2.0	1.0	1.0	1.0	1.3330000000000002	4.667	1.0
922	0.0	3.0	0.0	3.0	1.3330000000000002	4.667	2.0
923	0.0	0.0	0.0	0.0	0.0	0.0	0.0
924	0.0	0.0	0.0	0.0	0.0	0.0	0.0
925	3.0	4.0	2.0	3.0	5.8	9.2	4.0
926	1.0	3.0	1.0	3.0	1.3320000000000007	10.668	4.0
927	3.0	1.0	3.0	1.0	1.6660000000000004	7.334	3.0
928	3.0	1.0	2.0	0.0	2.333	6.667	2.0
929	0.0	1.0	0.0	0.0	0.3330000000000002	2.667	0.0
930	0.0	0.0	0.0	0.0	0.0	0.0	0.0
931	2.0	2.0	0.0	0.0	2.333	6.667	0.0
932	1.0	2.0	1.0	1.0	2.0	4.0	1.0
933	1.0	2.0	0.0	2.0	1.3330000000000002	4.667	1.0
934	2.0	0.0	0.0	0.0	2.0	4.0	0.0
935	0.0	0.0	0.0	0.0	0.0	0.0	0.0
936	0.0	3.0	0.0	1.0	0.9990000000000006	8.001	1.0
937	2.0	1.0	2.0	0.0	1.6660000000000004	7.334	2.0
938	2.0	0.0	1.0	0.0	0.6660000000000004	5.334	1.0
939	2.0	1.0	2.0	1.0	0.3330000000000002	2.667	1.0
940	1.0	0.0	1.0	0.0	0.3330000000000002	2.667	1.0
941	2.0	0.0	2.0	0.0	2.0	4.0	2.0
942	2.0	0.0	1.0	0.0	2.0	4.0	1.0
943	0.0	1.0	0.0	1.0	0.3330000000000002	2.667	1.0
944	2.0	0.0	0.0	0.0	2.0	4.0	0.0
945	0.0	0.0	0.0	0.0	0.0	0.0	0.0
946	2.0	0.0	1.0	0.0	2.0	4.0	1.0
947	0.0	0.0	0.0	0.0	0.0	0.0	0.0
948	1.0	2.0	1.0	2.0	1.0	2.0	1.0
949	1.0	0.0	1.0	0.0	0.3330000000000002	2.667	1.0
950	0.0	0.0	0.0	0.0	0.0	0.0	0.0
951	1.0	1.0	1.0	1.0	1.6680000000000001	4.332	2.0
952	3.0	0.0	2.0	0.0	0.9990000000000006	8.001	2.0
953	0.0	0.0	0.0	0.0	0.0	0.0	0.0
954	0.0	0.0	0.0	0.0	0.0	0.0	0.0
955	0.0	0.0	0.0	0.0	0.0	0.0	0.0
956	2.0	0.0	2.0	0.0	0.6660000000000004	5.334	2.0
957	3.0	1.0	1.0	1.0	2.3370000000000006	9.663	2.0
958	1.0	0.0	1.0	0.0	0.3330000000000002	2.667	1.0
959	0.0	0.0	0.0	0.0	0.0	0.0	0.0
960	3.0	0.0	3.0	0.0	3.0	6.0	3.0
961	1.0	2.0	1.0	1.0	1.3330000000000002	4.667	1.0
962	2.0	2.0	2.0	1.0	3.0	6.0	2.0
963	2.0	1.0	2.0	1.0	1.3330000000000002	4.667	2.0
964	3.0	4.0	2.0	2.0	4.333	10.667	3.0
965	1.0	0.0	0.0	0.0	1.0	2.0	0.0
966	1.0	1.0	1.0	0.0	2.0	4.0	1.0
967	0.0	0.0	0.0	0.0	0.0	0.0	0.0
968	0.0	0.0	0.0	0.0	0.0	0.0	0.0
969	1.0	2.0	1.0	1.0	3.0	6.0	2.0
970	4.0	0.0	2.0	0.0	4.0	8.0	2.0
971	3.0	0.0	1.0	0.0	3.0	6.0	1.0
972	1.0	0.0	1.0	0.0	1.0	2.0	1.0
973	0.0	1.0	0.0	1.0	0.3330000000000002	2.667	1.0
974	3.0	2.0	3.0	2.0	1.6680000000000001	4.332	2.0
975	1.0	0.0	1.0	0.0	1.0	2.0	1.0
976	2.0	0.0	1.0	0.0	2.0	4.0	1.0
977	2.0	3.0	2.0	2.0	1.9990000000000006	10.001	3.0
978	2.0	1.0	2.0	0.0	1.6660000000000004	7.334	2.0
979	0.0	0.0	0.0	0.0	0.0	0.0	0.0
980	2.0	1.0	2.0	1.0	2.0	4.0	2.0
981	2.0	1.0	1.0	0.0	2.333	6.667	1.0
982	0.0	1.0	0.0	1.0	0.3330000000000002	2.667	1.0
983	0.0	0.0	0.0	0.0	0.0	0.0	0.0
984	1.0	1.0	1.0	1.0	1.6680000000000001	4.332	2.0
985	2.0	5.0	2.0	5.0	2.6660000000000004	9.334	4.0
986	2.0	6.0	0.0	5.0	3.665000000000001	17.335	4.0
987	0.0	2.0	0.0	2.0	1.3330000000000002	4.667	2.0
988	3.0	2.0	3.0	2.0	4.0	8.0	4.0
989	2.0	3.0	2.0	3.0	1.3330000000000002	4.667	2.0
990	0.0	2.0	0.0	2.0	0.6660000000000004	5.334	2.0
991	2.0	1.0	2.0	1.0	3.0	6.0	3.0
992	2.0	0.0	2.0	0.0	2.0	4.0	2.0
993	1.0	0.0	0.0	0.0	0.3330000000000002	2.667	0.0
994	3.0	0.0	2.0	0.0	3.0	6.0	2.0
995	1.0	2.0	1.0	2.0	3.0	6.0	3.0
996	1.0	0.0	1.0	0.0	0.3330000000000002	2.667	1.0
997	0.0	0.0	0.0	0.0	0.0	0.0	0.0
998	3.0	0.0	2.0	0.0	3.4	5.6	2.0
999	2.0	1.0	1.0	1.0	3.0	6.0	2.0
1000	2.0	2.0	2.0	2.0	1.3330000000000002	4.667	2.0
1001	1.0	0.0	1.0	0.0	1.4	1.6	1.0
1002	2.0	1.0	1.0	1.0	0.9990000000000006	8.001	2.0
1003	3.0	0.0	1.0	0.0	2.0040000000000004	6.9959999999999996	1.0
1004	2.0	2.0	2.0	2.0	2.333	6.667	3.0
1005	0.0	1.0	0.0	0.0	1.0	2.0	0.0
1006	1.0	2.0	1.0	2.0	0.6660000000000004	5.334	2.0
1007	3.0	1.0	3.0	1.0	4.0	8.0	4.0
1008	1.0	2.0	1.0	2.0	1.0	2.0	1.0
1009	2.0	2.0	0.0	2.0	2.333	6.667	1.0
1010	3.0	1.0	1.0	1.0	4.0	8.0	2.0
1011	2.0	1.0	1.0	1.0	3.0	6.0	2.0
1012	2.0	0.0	0.0	0.0	2.0	4.0	0.0
1013	3.0	1.0	1.0	1.0	4.0	8.0	2.0
1014	0.0	0.0	0.0	0.0	0.0	0.0	0.0
1015	1.0	1.0	0.0	1.0	2.0	4.0	1.0
1016	1.0	0.0	1.0	0.0	1.0	2.0	1.0
1017	1.0	0.0	1.0	0.0	1.0	2.0	1.0
1018	0.0	0.0	0.0	0.0	0.0	0.0	0.0
1019	1.0	1.0	1.0	1.0	1.0010000000000003	4.999	2.0
1020	2.0	0.0	1.0	0.0	2.0	4.0	1.0
1021	3.0	1.0	2.0	1.0	3.333	8.667	3.0
1022	2.0	1.0	1.0	1.0	3.0	6.0	2.0
1023	1.0	0.0	0.0	0.0	1.0	2.0	0.0
1024	0.0	1.0	0.0	1.0	0.3330000000000002	2.667	1.0
1025	1.0	2.0	1.0	2.0	1.3330000000000002	4.667	2.0
1026	1.0	0.0	0.0	0.0	1.0	2.0	0.0
1027	3.0	1.0	2.0	1.0	3.0	6.0	2.0
1028	1.0	3.0	1.0	1.0	4.0	8.0	2.0
1029	0.0	0.0	0.0	0.0	0.0	0.0	0.0
1030	3.0	0.0	1.0	0.0	3.0	6.0	1.0
1031	1.0	1.0	1.0	1.0	2.0	4.0	2.0
1032	3.0	1.0	3.0	1.0	3.0	6.0	3.0
1033	4.0	0.0	3.0	0.0	3.668	8.332	3.0
1034	0.0	0.0	0.0	0.0	0.0	0.0	0.0
1035	1.0	0.0	1.0	0.0	1.0	2.0	1.0
1036	2.0	0.0	1.0	0.0	2.0	4.0	1.0
1037	2.0	0.0	2.0	0.0	2.0	4.0	2.0
1038	0.0	1.0	0.0	1.0	0.6680000000000001	2.332	1.0
1039	0.0	0.0	0.0	0.0	0.0	0.0	0.0
1040	2.0	0.0	1.0	0.0	2.0	4.0	1.0
1041	0.0	0.0	0.0	0.0	0.0	0.0	0.0
1042	2.0	0.0	2.0	0.0	2.0	4.0	2.0
1043	2.0	0.0	1.0	0.0	2.0	4.0	1.0
1044	1.0	0.0	1.0	0.0	0.3330000000000002	2.667	1.0
1045	3.0	2.0	3.0	2.0	4.0	8.0	4.0
1046	2.0	0.0	1.0	0.0	2.0	4.0	1.0
1047	0.0	0.0	0.0	0.0	0.0	0.0	0.0
1048	0.0	0.0	0.0	0.0	0.0	0.0	0.0
1049	2.0	0.0	1.0	0.0	0.6660000000000004	5.334	1.0
1050	1.0	0.0	1.0	0.0	1.0	2.0	1.0
1051	1.0	0.0	1.0	0.0	1.0	2.0	1.0
1052	3.0	0.0	2.0	0.0	3.4	5.6	2.0
1053	0.0	0.0	0.0	0.0	0.0	0.0	0.0
1054	4.0	0.0	2.0	0.0	4.0	8.0	2.0
1055	4.0	0.0	1.0	0.0	3.468	5.532	1.0
1056	0.0	0.0	0.0	0.0	0.0	0.0	0.0
1057	3.0	0.0	2.0	0.0	3.0	6.0	2.0
1058	2.0	0.0	1.0	0.0	2.0	4.0	1.0
1059	1.0	0.0	1.0	0.0	1.0	2.0	1.0
1060	0.0	0.0	0.0	0.0	0.0	0.0	0.0
1061	2.0	0.0	1.0	0.0	1.3360000000000003	4.664	1.0
1062	4.0	3.0	2.0	1.0	4.666	13.334	3.0
1063	1.0	0.0	1.0	0.0	1.0	2.0	1.0
1064	0.0	2.0	0.0	1.0	1.0	5.0	1.0
1065	0.0	0.0	0.0	0.0	0.0	0.0	0.0
1066	1.0	0.0	1.0	0.0	0.3330000000000002	2.667	1.0
1067	1.0	1.0	1.0	1.0	0.6660000000000004	5.334	2.0
1068	4.0	3.0	4.0	2.0	4.668	10.332	4.0
1069	1.0	0.0	1.0	0.0	0.3330000000000002	2.667	1.0
1070	2.0	0.0	2.0	0.0	2.0	4.0	2.0
1071	2.0	2.0	1.0	1.0	4.0	8.0	2.0
1072	2.0	0.0	2.0	0.0	2.0	4.0	2.0
1073	2.0	0.0	1.0	0.0	1.3360000000000003	4.664	1.0
1074	0.0	2.0	0.0	2.0	0.3330000000000002	2.667	1.0
1075	1.0	0.0	1.0	0.0	1.0	2.0	1.0
1076	2.0	0.0	2.0	0.0	2.0	4.0	2.0
1077	2.0	0.0	2.0	0.0	0.6660000000000004	5.334	2.0
1078	3.0	0.0	2.0	0.0	3.0	6.0	2.0
1079	2.0	0.0	2.0	0.0	2.0	4.0	2.0
1080	2.0	0.0	1.0	0.0	1.6680000000000001	4.332	1.0
1081	1.0	0.0	1.0	0.0	0.3330000000000002	2.667	1.0
1082	2.0	0.0	1.0	0.0	2.0	4.0	1.0
1083	1.0	0.0	0.0	0.0	1.0	2.0	0.0
1084	3.0	0.0	2.0	0.0	3.0	6.0	2.0
1085	1.0	0.0	1.0	0.0	1.0	2.0	1.0
1086	0.0	0.0	0.0	0.0	0.0	0.0	0.0
1087	0.0	0.0	0.0	0.0	0.0	0.0	0.0
1088	0.0	0.0	0.0	0.0	0.0	0.0	0.0
1089	1.0	0.0	1.0	0.0	0.3330000000000002	2.667	1.0
1090	2.0	1.0	2.0	1.0	3.0	6.0	3.0
1091	0.0	0.0	0.0	0.0	0.0	0.0	0.0
1092	1.0	0.0	1.0	0.0	0.3330000000000002	2.667	1.0
1093	0.0	0.0	0.0	0.0	0.0	0.0	0.0
1094	1.0	0.0	1.0	0.0	0.3330000000000002	2.667	1.0
1095	2.0	0.0	2.0	0.0	2.0	4.0	2.0
1096	0.0	0.0	0.0	0.0	0.0	0.0	0.0
1097	0.0	0.0	0.0	0.0	0.0	0.0	0.0
1098	3.0	0.0	3.0	0.0	3.468	5.532	3.0
1099	2.0	0.0	2.0	0.0	2.0	4.0	2.0
1100	0.0	0.0	0.0	0.0	0.0	0.0	0.0
1101	1.0	0.0	1.0	0.0	0.3330000000000002	2.667	1.0
1102	1.0	0.0	1.0	0.0	0.3330000000000002	2.667	1.0
1103	0.0	0.0	0.0	0.0	0.0	0.0	0.0
1104	0.0	0.0	0.0	0.0	0.0	0.0	0.0
1105	2.0	0.0	2.0	0.0	0.6660000000000004	5.334	2.0
1106	3.0	0.0	3.0	0.0	3.0	6.0	3.0
1107	1.0	0.0	1.0	0.0	0.3330000000000002	2.667	1.0
1108	2.0	0.0	1.0	0.0	0.6660000000000004	5.334	1.0
1109	2.0	0.0	2.0	0.0	2.0	4.0	2.0
1110	2.0	0.0	1.0	0.0	2.0	4.0	1.0
1111	2.0	4.0	0.0	3.0	4.0	14.0	3.0
1112	1.0	0.0	1.0	0.0	0.3330000000000002	2.667	1.0
1113	1.0	0.0	1.0	0.0	0.3330000000000002	2.667	1.0
1114	0.0	0.0	0.0	0.0	0.0	0.0	0.0
1115	1.0	1.0	1.0	1.0	0.6660000000000004	5.334	2.0
1116	1.0	0.0	0.0	0.0	0.3330000000000002	2.667	0.0
1117	1.0	0.0	1.0	0.0	1.0	2.0	1.0
1118	0.0	0.0	0.0	0.0	0.0	0.0	0.0
1119	2.0	1.0	1.0	1.0	3.0	6.0	2.0
1120	3.0	0.0	3.0	0.0	2.3360000000000003	6.664	3.0
1121	0.0	0.0	0.0	0.0	0.0	0.0	0.0
1122	2.0	0.0	2.0	0.0	2.0	4.0	2.0
1123	1.0	1.0	1.0	1.0	0.6660000000000004	5.334	2.0
1124	2.0	1.0	2.0	1.0	0.6660000000000004	5.334	2.0
1125	1.0	0.0	1.0	0.0	0.3330000000000002	2.667	1.0
1126	2.0	1.0	1.0	1.0	2.333	6.667	2.0
1127	1.0	1.0	1.0	1.0	2.0	4.0	2.0
1128	2.0	0.0	1.0	0.0	2.0	4.0	1.0
1129	3.0	0.0	2.0	0.0	3.0	6.0	2.0
1130	1.0	0.0	0.0	0.0	1.0	2.0	0.0
1131	2.0	1.0	2.0	1.0	3.0	6.0	3.0
1132	2.0	1.0	1.0	1.0	1.3330000000000002	4.667	1.0
1133	2.0	0.0	0.0	0.0	2.0	4.0	0.0
1134	2.0	0.0	1.0	0.0	2.0	4.0	1.0
1135	4.0	1.0	2.0	1.0	5.0	10.0	3.0
1136	3.0	0.0	2.0	0.0	3.0	6.0	2.0
1137	1.0	0.0	0.0	0.0	1.0	2.0	0.0
1138	2.0	1.0	1.0	1.0	2.333	6.667	2.0
1139	2.0	0.0	2.0	0.0	2.0	4.0	2.0
1140	1.0	2.0	0.0	2.0	1.3330000000000002	4.667	1.0
1141	2.0	4.0	2.0	4.0	2.333	6.667	3.0
1142	1.0	0.0	0.0	0.0	1.0	2.0	0.0
1143	2.0	1.0	2.0	1.0	1.0010000000000003	4.999	2.0
1144	2.0	2.0	2.0	2.0	2.0	4.0	2.0
1145	1.0	0.0	1.0	0.0	1.0	2.0	1.0
1146	2.0	2.0	2.0	0.0	4.0	8.0	2.0
1147	1.0	3.0	1.0	3.0	1.3330000000000002	4.667	2.0
1148	3.0	1.0	1.0	1.0	4.0	8.0	2.0
1149	3.0	3.0	1.0	1.0	5.0	10.0	2.0
1150	1.0	3.0	1.0	0.0	3.333	8.667	1.0
1151	1.0	2.0	0.0	1.0	1.3330000000000002	4.667	1.0
1152	1.0	2.0	0.0	1.0	1.3330000000000002	4.667	1.0
1153	0.0	3.0	0.0	1.0	1.3330000000000002	4.667	1.0
1154	0.0	2.0	0.0	0.0	2.0	4.0	0.0
1155	0.0	1.0	0.0	0.0	0.6680000000000001	2.332	0.0
1156	2.0	0.0	1.0	0.0	2.0	4.0	1.0
1157	0.0	4.0	0.0	2.0	1.6660000000000004	7.334	2.0
1158	0.0	0.0	0.0	0.0	0.0	0.0	0.0
1159	2.0	3.0	1.0	1.0	4.336	10.664	2.0
1160	3.0	1.0	3.0	1.0	3.0	6.0	3.0
1161	2.0	0.0	0.0	0.0	2.0	4.0	0.0
1162	1.0	0.0	1.0	0.0	1.0	2.0	1.0
1163	0.0	0.0	0.0	0.0	0.0	0.0	0.0
1164	1.0	1.0	1.0	1.0	1.0	2.0	1.0
1165	1.0	1.0	1.0	1.0	1.0	2.0	1.0
1166	1.0	2.0	1.0	0.0	2.0	4.0	1.0
1167	1.0	3.0	1.0	1.0	2.333	6.667	2.0
1168	0.0	1.0	0.0	1.0	0.3330000000000002	2.667	1.0
1169	2.0	1.0	2.0	1.0	2.0	4.0	2.0
1170	3.0	0.0	2.0	0.0	1.6680000000000001	4.332	1.0
1171	1.0	0.0	0.0	0.0	1.0	2.0	0.0
1172	4.0	0.0	3.0	0.0	4.0	8.0	3.0
1173	3.0	0.0	3.0	0.0	3.0	6.0	3.0
1174	1.0	0.0	1.0	0.0	1.0	2.0	1.0
1175	2.0	2.0	2.0	2.0	1.3330000000000002	4.667	2.0
1176	1.0	1.0	0.0	1.0	0.6660000000000004	5.334	1.0
1177	4.0	0.0	2.0	0.0	4.0	8.0	2.0
1178	3.0	0.0	2.0	0.0	0.9990000000000006	8.001	2.0
1179	0.0	0.0	0.0	0.0	0.0	0.0	0.0
1180	0.0	0.0	0.0	0.0	0.0	0.0	0.0
1181	1.0	1.0	1.0	0.0	2.0	4.0	1.0
1182	2.0	0.0	1.0	0.0	0.6660000000000004	5.334	1.0
1183	3.0	0.0	2.0	0.0	3.0	6.0	2.0
1184	0.0	0.0	0.0	0.0	0.0	0.0	0.0
1185	1.0	1.0	1.0	1.0	1.0	2.0	1.0
1186	2.0	2.0	1.0	2.0	2.333	6.667	2.0
1187	3.0	4.0	1.0	2.0	6.333	14.667	3.0
1188	2.0	0.0	1.0	0.0	2.0	4.0	1.0
1189	3.0	1.0	1.0	1.0	4.0	8.0	2.0
1190	0.0	0.0	0.0	0.0	0.0	0.0	0.0
1191	0.0	0.0	0.0	0.0	0.0	0.0	0.0
1192	0.0	0.0	0.0	0.0	0.0	0.0	0.0
1193	0.0	0.0	0.0	0.0	0.0	0.0	0.0
1194	0.0	0.0	0.0	0.0	0.0	0.0	0.0
1195	1.0	0.0	1.0	0.0	1.0	2.0	1.0
1196	1.0	2.0	1.0	2.0	2.0	4.0	2.0
1197	1.0	2.0	0.0	1.0	1.6680000000000001	4.332	1.0
1198	1.0	0.0	0.0	0.0	1.0	2.0	0.0
1199	2.0	4.0	1.0	0.0	3.333	8.667	1.0
1200	0.0	2.0	0.0	2.0	0.3330000000000002	2.667	1.0
1201	1.0	0.0	1.0	0.0	1.0	2.0	1.0
1202	2.0	3.0	0.0	3.0	3.333	8.667	2.0
1203	0.0	2.0	0.0	2.0	1.0	2.0	1.0
1204	2.0	1.0	1.0	1.0	3.0	6.0	2.0
1205	2.0	3.0	1.0	3.0	2.333	6.667	2.0
1206	1.0	2.0	0.0	0.0	1.0	2.0	0.0
1207	0.0	0.0	0.0	0.0	0.0	0.0	0.0
1208	1.0	0.0	0.0	0.0	1.0	2.0	0.0
1209	1.0	2.0	1.0	0.0	2.0	7.0	1.0
1210	3.0	1.0	3.0	0.0	4.0	8.0	3.0
1211	1.0	4.0	1.0	2.0	2.333	6.667	1.0
1212	1.0	1.0	1.0	1.0	1.0	2.0	1.0
1213	0.0	1.0	0.0	1.0	0.6680000000000001	2.332	1.0
1214	2.0	2.0	1.0	1.0	3.0	6.0	2.0
1215	3.0	0.0	3.0	0.0	1.6680000000000001	4.332	2.0
1216	3.0	1.0	3.0	1.0	2.333	6.667	3.0
1217	2.0	1.0	2.0	1.0	2.0	4.0	2.0
1218	3.0	0.0	2.0	0.0	3.0	6.0	2.0
1219	2.0	0.0	2.0	0.0	2.0	4.0	2.0
1220	0.0	0.0	0.0	0.0	0.0	0.0	0.0
1221	0.0	0.0	0.0	0.0	0.0	0.0	0.0
1222	0.0	2.0	0.0	2.0	1.6680000000000001	4.332	2.0
1223	2.0	2.0	2.0	2.0	1.3330000000000002	4.667	2.0
1224	1.0	0.0	1.0	0.0	1.0	2.0	1.0
1225	0.0	2.0	0.0	2.0	1.0	2.0	1.0
1226	2.0	2.0	2.0	2.0	1.3330000000000002	4.667	2.0
1227	2.0	1.0	2.0	1.0	2.0	4.0	2.0
1228	2.0	0.0	2.0	0.0	1.0	2.0	1.0
1229	1.0	2.0	0.0	2.0	2.0	4.0	1.0
1230	1.0	1.0	1.0	1.0	1.0	2.0	1.0
1231	1.0	1.0	0.0	1.0	2.0	4.0	1.0
1232	4.0	3.0	3.0	3.0	5.333	12.667	5.0
1233	2.0	1.0	2.0	1.0	1.6680000000000001	4.332	2.0
1234	2.0	1.0	1.0	1.0	2.333	6.667	2.0
1235	2.0	2.0	1.0	2.0	1.3330000000000002	4.667	1.0
1236	2.0	1.0	2.0	1.0	1.6680000000000001	4.332	2.0
1237	2.0	0.0	2.0	0.0	2.0	4.0	2.0
1238	2.0	1.0	2.0	1.0	0.6660000000000004	5.334	2.0
1239	0.0	1.0	0.0	1.0	0.3330000000000002	2.667	1.0
1240	2.0	0.0	2.0	0.0	0.6680000000000001	2.332	1.0
1241	1.0	2.0	1.0	2.0	1.0	2.0	1.0
1242	1.0	0.0	1.0	0.0	0.3330000000000002	2.667	1.0
1243	0.0	2.0	0.0	1.0	0.6660000000000004	5.334	1.0
1244	1.0	2.0	1.0	2.0	0.3330000000000002	2.667	1.0
1245	2.0	3.0	2.0	3.0	3.0	6.0	3.0
1246	1.0	0.0	0.0	0.0	1.0	2.0	0.0
1247	0.0	0.0	0.0	0.0	0.0	0.0	0.0
1248	2.0	1.0	2.0	1.0	0.9990000000000006	8.001	3.0
1249	1.0	0.0	1.0	0.0	1.0	2.0	1.0
1250	0.0	0.0	0.0	0.0	0.0	0.0	0.0
1251	2.0	0.0	2.0	0.0	2.0	4.0	2.0
1252	1.0	0.0	0.0	0.0	1.0	2.0	0.0
1253	0.0	0.0	0.0	0.0	0.0	0.0	0.0
1254	3.0	0.0	3.0	0.0	3.0	6.0	3.0
1255	0.0	0.0	0.0	0.0	0.0	0.0	0.0
1256	1.0	0.0	0.0	0.0	1.0	2.0	0.0
1257	2.0	0.0	1.0	0.0	2.0	4.0	1.0
1258	2.0	0.0	0.0	0.0	2.0	4.0	0.0
1259	0.0	2.0	0.0	0.0	1.0	2.0	0.0
1260	3.0	0.0	2.0	0.0	3.0	6.0	2.0
1261	0.0	0.0	0.0	0.0	0.0	0.0	0.0
1262	0.0	4.0	0.0	1.0	1.3320000000000007	10.668	1.0
1263	1.0	1.0	1.0	1.0	2.4	3.6	2.0
1264	1.0	0.0	1.0	0.0	0.3330000000000002	2.667	1.0
1265	2.0	0.0	1.0	0.0	2.0	4.0	1.0
1266	0.0	0.0	0.0	0.0	0.0	0.0	0.0
1267	1.0	3.0	1.0	2.0	2.333	6.667	2.0
1268	3.0	2.0	3.0	2.0	3.0	6.0	3.0
1269	1.0	0.0	0.0	0.0	1.0	2.0	0.0
1270	2.0	2.0	2.0	2.0	2.0	4.0	2.0
1271	2.0	1.0	2.0	1.0	2.0	4.0	2.0
1272	2.0	0.0	2.0	0.0	2.0	4.0	2.0
1273	0.0	0.0	0.0	0.0	0.0	0.0	0.0
1274	0.0	0.0	0.0	0.0	0.0	0.0	0.0
1275	3.0	0.0	3.0	0.0	3.0	6.0	3.0
1276	2.0	1.0	2.0	1.0	1.3330000000000002	4.667	2.0
1277	0.0	2.0	0.0	2.0	1.0	2.0	1.0
1278	2.0	1.0	2.0	1.0	2.068	3.932	2.0
1279	1.0	0.0	1.0	0.0	1.0	2.0	1.0
1280	0.0	0.0	0.0	0.0	0.0	0.0	0.0
1281	2.0	6.0	1.0	4.0	4.666	13.334	4.0
1282	1.0	6.0	0.0	5.0	5.666	15.334	5.0
1283	1.0	1.0	1.0	1.0	1.0	2.0	1.0
1284	4.0	1.0	2.0	0.0	5.0	10.0	2.0
1285	4.0	1.0	2.0	1.0	4.0	8.0	2.0
1286	2.0	3.0	0.0	1.0	2.6660000000000004	9.334	1.0
1287	2.0	3.0	2.0	1.0	5.0	10.0	3.0
1288	1.0	2.0	1.0	1.0	3.0	6.0	2.0
1289	1.0	3.0	1.0	2.0	4.0	8.0	3.0
1290	3.0	3.0	2.0	3.0	3.333	8.667	3.0
1291	1.0	1.0	1.0	1.0	1.3330000000000002	4.667	2.0
1292	0.0	1.0	0.0	1.0	0.3330000000000002	2.667	1.0
1293	0.0	0.0	0.0	0.0	0.0	0.0	0.0
1294	2.0	0.0	1.0	0.0	0.6660000000000004	5.334	1.0
1295	1.0	0.0	1.0	0.0	1.0	2.0	1.0
1296	2.0	1.0	2.0	1.0	1.6660000000000004	7.334	3.0
1297	0.0	0.0	0.0	0.0	0.0	0.0	0.0
1298	1.0	0.0	1.0	0.0	1.0	2.0	1.0
1299	1.0	0.0	1.0	0.0	0.3330000000000002	2.667	1.0
1300	2.0	0.0	2.0	0.0	2.0	4.0	2.0
1301	0.0	0.0	0.0	0.0	0.0	0.0	0.0
1302	1.0	0.0	1.0	0.0	1.0	2.0	1.0
1303	1.0	0.0	1.0	0.0	0.3330000000000002	2.667	1.0
1304	1.0	0.0	1.0	0.0	1.0	2.0	1.0
1305	1.0	0.0	0.0	0.0	1.0	2.0	0.0
1306	0.0	0.0	0.0	0.0	0.0	0.0	0.0
1307	0.0	0.0	0.0	0.0	0.0	0.0	0.0
1308	0.0	0.0	0.0	0.0	0.0	0.0	0.0
1309	0.0	0.0	0.0	0.0	0.0	0.0	0.0
1310	3.0	0.0	2.0	0.0	3.0	6.0	2.0
1311	1.0	0.0	0.0	0.0	1.0	2.0	0.0
1312	1.0	0.0	1.0	0.0	0.3330000000000002	2.667	1.0
1313	1.0	0.0	1.0	0.0	0.3330000000000002	2.667	1.0
1314	0.0	0.0	0.0	0.0	0.0	0.0	0.0
1315	0.0	0.0	0.0	0.0	0.0	0.0	0.0
1316	0.0	0.0	0.0	0.0	0.0	0.0	0.0
1317	2.0	0.0	1.0	0.0	1.3360000000000003	4.664	1.0
1318	0.0	0.0	0.0	0.0	0.0	0.0	0.0
1319	0.0	0.0	0.0	0.0	0.0	0.0	0.0
1320	0.0	0.0	0.0	0.0	0.0	0.0	0.0
1321	1.0	0.0	0.0	0.0	0.6680000000000001	2.332	0.0
1322	2.0	0.0	2.0	0.0	2.4	3.6	2.0
1323	0.0	3.0	0.0	0.0	3.0	6.0	0.0
1324	2.0	0.0	2.0	0.0	1.3360000000000003	4.664	2.0
1325	2.0	1.0	1.0	1.0	3.0	6.0	2.0
1326	1.0	1.0	1.0	1.0	1.0	2.0	1.0
1327	1.0	0.0	1.0	0.0	0.3330000000000002	2.667	1.0
1328	0.0	0.0	0.0	0.0	0.0	0.0	0.0
1329	0.0	0.0	0.0	0.0	0.0	0.0	0.0
1330	0.0	2.0	0.0	2.0	1.0	2.0	1.0
1331	1.0	0.0	1.0	0.0	0.3330000000000002	2.667	1.0
1332	2.0	1.0	0.0	1.0	3.0	6.0	1.0
1333	2.0	0.0	2.0	0.0	0.6660000000000004	5.334	2.0
1334	3.0	0.0	1.0	0.0	3.0	6.0	1.0
1335	0.0	0.0	0.0	0.0	0.0	0.0	0.0
1336	3.0	0.0	2.0	0.0	3.0	6.0	2.0
1337	2.0	0.0	2.0	0.0	2.8	3.2	2.0
1338	0.0	0.0	0.0	0.0	0.0	0.0	0.0
1339	0.0	0.0	0.0	0.0	0.0	0.0	0.0
1340	2.0	0.0	1.0	0.0	2.0	4.0	1.0
1341	1.0	0.0	0.0	0.0	0.6680000000000001	2.332	0.0
1342	0.0	0.0	0.0	0.0	0.0	0.0	0.0
1343	1.0	0.0	0.0	0.0	1.0	2.0	0.0
1344	1.0	0.0	1.0	0.0	1.0	2.0	1.0
1345	3.0	0.0	3.0	0.0	0.9990000000000006	8.001	3.0
1346	1.0	0.0	1.0	0.0	0.3330000000000002	2.667	1.0
1347	0.0	0.0	0.0	0.0	0.0	0.0	0.0
1348	3.0	0.0	2.0	0.0	3.0	6.0	2.0
1349	2.0	0.0	1.0	0.0	2.0	4.0	1.0
1350	1.0	0.0	1.0	0.0	0.3330000000000002	2.667	1.0
1351	1.0	0.0	0.0	0.0	0.3330000000000002	2.667	0.0
1352	1.0	0.0	1.0	0.0	1.0	2.0	1.0
1353	1.0	0.0	1.0	0.0	0.3330000000000002	2.667	1.0
1354	0.0	0.0	0.0	0.0	0.0	0.0	0.0
1355	1.0	0.0	0.0	0.0	1.0	2.0	0.0
1356	1.0	0.0	1.0	0.0	1.0	2.0	1.0
1357	0.0	0.0	0.0	0.0	0.0	0.0	0.0
1358	2.0	0.0	0.0	0.0	0.6660000000000004	5.334	0.0
1359	0.0	0.0	0.0	0.0	0.0	0.0	0.0
1360	0.0	0.0	0.0	0.0	0.0	0.0	0.0
1361	0.0	0.0	0.0	0.0	0.0	0.0	0.0
1362	0.0	0.0	0.0	0.0	0.0	0.0	0.0
1363	0.0	0.0	0.0	0.0	0.0	0.0	0.0
1364	2.0	0.0	2.0	0.0	2.0	4.0	2.0
1365	0.0	0.0	0.0	0.0	0.0	0.0	0.0
1366	1.0	0.0	1.0	0.0	1.0	2.0	1.0
1367	0.0	0.0	0.0	0.0	0.0	0.0	0.0
1368	1.0	0.0	1.0	0.0	1.0	2.0	1.0
1369	0.0	0.0	0.0	0.0	0.0	0.0	0.0
1370	0.0	0.0	0.0	0.0	0.0	0.0	0.0
1371	1.0	2.0	1.0	2.0	2.333	6.667	3.0
1372	0.0	0.0	0.0	0.0	0.0	0.0	0.0
1373	2.0	0.0	1.0	0.0	1.3360000000000003	4.664	1.0
1374	1.0	0.0	0.0	0.0	1.0	2.0	0.0
1375	0.0	0.0	0.0	0.0	0.0	0.0	0.0
1376	0.0	0.0	0.0	0.0	0.0	0.0	0.0
1377	0.0	0.0	0.0	0.0	0.0	0.0	0.0
1378	0.0	1.0	0.0	1.0	1.0	2.0	1.0
1379	0.0	0.0	0.0	0.0	0.0	0.0	0.0
1380	0.0	0.0	0.0	0.0	0.0	0.0	0.0
1381	1.0	0.0	1.0	0.0	0.3330000000000002	2.667	1.0
1382	1.0	0.0	1.0	0.0	0.3330000000000002	2.667	1.0
1383	1.0	0.0	0.0	0.0	1.0	2.0	0.0
1384	3.0	1.0	2.0	1.0	2.333	6.667	2.0
1385	2.0	0.0	0.0	0.0	2.0	4.0	0.0
1386	3.0	0.0	2.0	0.0	3.0	6.0	2.0
1387	1.0	0.0	0.0	0.0	0.3330000000000002	2.667	0.0
1388	3.0	0.0	2.0	0.0	3.0	6.0	2.0
1389	3.0	0.0	3.0	0.0	3.0	6.0	3.0
1390	2.0	0.0	1.0	0.0	2.0	4.0	1.0
1391	3.0	0.0	2.0	0.0	2.668	6.332	2.0
1392	0.0	0.0	0.0	0.0	0.0	0.0	0.0
1393	0.0	0.0	0.0	0.0	0.0	0.0	0.0
1394	0.0	0.0	0.0	0.0	0.0	0.0	0.0
1395	0.0	0.0	0.0	0.0	0.0	0.0	0.0
1396	2.0	0.0	1.0	0.0	2.8	3.2	1.0
1397	0.0	0.0	0.0	0.0	0.0	0.0	0.0
1398	0.0	0.0	0.0	0.0	0.0	0.0	0.0
1399	4.0	0.0	2.0	0.0	3.668	8.332	2.0
1400	2.0	0.0	2.0	0.0	0.6660000000000004	5.334	2.0
1401	1.0	0.0	0.0	0.0	0.3330000000000002	2.667	0.0
1402	2.0	0.0	2.0	0.0	0.6660000000000004	5.334	2.0
1403	1.0	0.0	1.0	0.0	0.3330000000000002	2.667	1.0
1404	1.0	0.0	0.0	0.0	0.3330000000000002	2.667	0.0
1405	1.0	0.0	1.0	0.0	0.3330000000000002	2.667	1.0
1406	1.0	0.0	1.0	0.0	1.0	2.0	1.0
1407	2.0	0.0	1.0	0.0	2.0	4.0	1.0
1408	0.0	0.0	0.0	0.0	0.0	0.0	0.0
1409	0.0	0.0	0.0	0.0	0.0	0.0	0.0
1410	0.0	2.0	0.0	2.0	0.3330000000000002	2.667	1.0
1411	0.0	0.0	0.0	0.0	0.0	0.0	0.0
1412	2.0	1.0	2.0	1.0	1.3360000000000003	4.664	2.0
1413	2.0	0.0	1.0	0.0	2.0	4.0	1.0
1414	1.0	2.0	0.0	0.0	1.3330000000000002	4.667	0.0
1415	1.0	3.0	1.0	1.0	2.333	6.667	2.0
1416	3.0	2.0	1.0	0.0	4.0	8.0	1.0
1417	2.0	0.0	1.0	0.0	0.6660000000000004	5.334	1.0
1418	2.0	2.0	1.0	1.0	2.333	6.667	2.0
1419	2.0	2.0	1.0	1.0	2.6660000000000004	9.334	2.0
1420	1.0	3.0	1.0	1.0	0.9990000000000006	8.001	1.0
1421	2.0	2.0	0.0	1.0	1.3320000000000007	10.668	1.0
1422	1.0	1.0	0.0	0.0	1.0	2.0	0.0
1423	0.0	3.0	0.0	3.0	0.6660000000000004	5.334	2.0
1424	3.0	4.0	2.0	2.0	3.0	6.0	2.0
1425	3.0	4.0	2.0	1.0	3.3340000000000005	11.666	2.0
1426	1.0	2.0	0.0	1.0	3.0	6.0	1.0
1427	3.0	2.0	1.0	0.0	4.0	8.0	1.0
1428	1.0	0.0	1.0	0.0	0.3330000000000002	2.667	1.0
1429	1.0	0.0	1.0	0.0	1.0	2.0	1.0
1430	0.0	1.0	0.0	0.0	1.0	2.0	0.0
1431	0.0	0.0	0.0	0.0	0.0	0.0	0.0
1432	4.0	0.0	2.0	0.0	3.668	8.332	2.0
1433	3.0	0.0	1.0	0.0	3.0	6.0	1.0
1434	0.0	0.0	0.0	0.0	0.0	0.0	0.0
1435	3.0	0.0	2.0	0.0	0.9990000000000006	8.001	2.0
1436	1.0	0.0	1.0	0.0	0.3330000000000002	2.667	1.0
1437	1.0	0.0	1.0	0.0	0.3330000000000002	2.667	1.0
1438	3.0	0.0	2.0	0.0	2.0040000000000004	6.9959999999999996	2.0
1439	1.0	0.0	0.0	0.0	1.0	2.0	0.0
1440	2.0	0.0	2.0	0.0	2.0	4.0	2.0
1441	1.0	0.0	1.0	0.0	1.0	2.0	1.0
1442	0.0	0.0	0.0	0.0	0.0	0.0	0.0
1443	1.0	0.0	1.0	0.0	0.3330000000000002	2.667	1.0
1444	0.0	0.0	0.0	0.0	0.0	0.0	0.0
1445	3.0	0.0	2.0	0.0	3.0	6.0	2.0
1446	3.0	0.0	2.0	0.0	3.0	6.0	2.0
1447	3.0	0.0	1.0	0.0	3.4	5.6	1.0
1448	1.0	0.0	1.0	0.0	1.0	2.0	1.0
1449	3.0	0.0	2.0	0.0	3.8	5.2	2.0
1450	3.0	0.0	2.0	0.0	3.0	6.0	2.0
1451	1.0	0.0	1.0	0.0	0.3330000000000002	2.667	1.0
1452	0.0	0.0	0.0	0.0	0.0	0.0	0.0
1453	2.0	0.0	1.0	0.0	1.3360000000000003	4.664	1.0
1454	0.0	0.0	0.0	0.0	0.0	0.0	0.0
1455	1.0	0.0	1.0	0.0	0.3330000000000002	2.667	1.0
1456	2.0	0.0	2.0	0.0	2.4	3.6	2.0
1457	0.0	0.0	0.0	0.0	0.0	0.0	0.0
1458	2.0	0.0	0.0	0.0	0.6660000000000004	5.334	0.0
1459	3.0	0.0	3.0	0.0	3.4	5.6	3.0
1460	2.0	0.0	1.0	0.0	2.0	4.0	1.0
1461	0.0	0.0	0.0	0.0	0.0	0.0	0.0
1462	2.0	0.0	2.0	0.0	2.8	3.2	2.0
1463	2.0	0.0	0.0	0.0	2.0	4.0	0.0
1464	1.0	0.0	1.0	0.0	0.3330000000000002	2.667	1.0
1465	1.0	0.0	0.0	0.0	1.0	2.0	0.0
1466	1.0	0.0	0.0	0.0	0.6680000000000001	2.332	0.0
1467	0.0	0.0	0.0	0.0	0.0	0.0	0.0
1468	2.0	0.0	1.0	0.0	0.6660000000000004	5.334	1.0
1469	1.0	1.0	1.0	1.0	1.0	2.0	1.0
1470	2.0	0.0	2.0	0.0	0.6660000000000004	5.334	2.0
1471	3.0	0.0	1.0	0.0	3.0	6.0	1.0
1472	2.0	1.0	2.0	1.0	0.3330000000000002	2.667	1.0
1473	2.0	0.0	2.0	0.0	0.6660000000000004	5.334	2.0
1474	2.0	0.0	1.0	0.0	1.6680000000000001	4.332	1.0
1475	2.0	0.0	1.0	0.0	2.0	4.0	1.0
1476	1.0	0.0	1.0	0.0	0.3330000000000002	2.667	1.0
1477	0.0	0.0	0.0	0.0	0.0	0.0	0.0
1478	1.0	0.0	1.0	0.0	0.3330000000000002	2.667	1.0
1479	1.0	2.0	1.0	2.0	1.0	2.0	1.0
1480	3.0	3.0	2.0	1.0	4.668	10.332	2.0
1481	1.0	0.0	1.0	0.0	1.0	2.0	1.0
1482	1.0	1.0	0.0	1.0	0.6660000000000004	5.334	1.0
1483	1.0	0.0	1.0	0.0	0.3330000000000002	2.667	1.0
1484	1.0	0.0	1.0	0.0	1.0	2.0	1.0
1485	0.0	0.0	0.0	0.0	0.0	0.0	0.0
1486	2.0	0.0	2.0	0.0	1.3360000000000003	4.664	2.0
1487	0.0	0.0	0.0	0.0	0.0	0.0	0.0
1488	2.0	0.0	2.0	0.0	2.0	4.0	2.0
1489	3.0	0.0	2.0	0.0	3.468	5.532	2.0
1490	0.0	1.0	0.0	1.0	0.3330000000000002	2.667	1.0
1491	1.0	0.0	1.0	0.0	0.3330000000000002	2.667	1.0
1492	1.0	0.0	0.0	0.0	0.6680000000000001	2.332	0.0
1493	2.0	0.0	1.0	0.0	1.6680000000000001	4.332	1.0
1494	1.0	0.0	1.0	0.0	0.6680000000000001	2.332	1.0
1495	2.0	0.0	2.0	0.0	2.0	4.0	2.0
1496	1.0	0.0	0.0	0.0	0.6680000000000001	2.332	0.0
1497	1.0	0.0	1.0	0.0	1.0	2.0	1.0
1498	1.0	5.0	1.0	4.0	3.333	8.667	3.0
1499	0.0	0.0	0.0	0.0	0.0	0.0	0.0
1500	2.0	0.0	1.0	0.0	2.0	4.0	1.0
1501	1.0	0.0	0.0	0.0	0.3330000000000002	2.667	0.0
1502	3.0	0.0	1.0	0.0	3.0	6.0	1.0
1503	4.0	2.0	4.0	2.0	3.333	8.667	4.0
1504	1.0	3.0	1.0	3.0	1.6660000000000004	7.334	3.0
1505	0.0	0.0	0.0	0.0	0.0	0.0	0.0
1506	1.0	0.0	0.0	0.0	1.0	2.0	0.0
1507	0.0	1.0	0.0	1.0	0.6680000000000001	2.332	1.0
1508	1.0	5.0	0.0	2.0	2.9990000000000006	12.001	2.0
1509	1.0	1.0	1.0	1.0	1.733	4.2669999999999995	2.0
1510	0.0	0.0	0.0	0.0	0.0	0.0	0.0
1511	1.0	1.0	0.0	1.0	0.6660000000000004	5.334	1.0
1512	1.0	1.0	1.0	0.0	2.0	4.0	1.0
1513	0.0	0.0	0.0	0.0	0.0	0.0	0.0
1514	1.0	0.0	1.0	0.0	0.3330000000000002	2.667	1.0
1515	0.0	1.0	0.0	1.0	0.3330000000000002	2.667	1.0
1516	1.0	0.0	0.0	0.0	1.0	2.0	0.0
1517	2.0	0.0	2.0	0.0	1.3360000000000003	4.664	2.0
1518	0.0	0.0	0.0	0.0	0.0	0.0	0.0
1519	0.0	2.0	0.0	2.0	0.6660000000000004	5.334	2.0
1520	1.0	1.0	1.0	1.0	1.0	2.0	1.0
1521	1.0	2.0	1.0	0.0	2.0	7.0	1.0
1522	1.0	1.0	0.0	1.0	0.6660000000000004	5.334	1.0
1523	0.0	0.0	0.0	0.0	0.0	0.0	0.0
1524	1.0	0.0	1.0	0.0	1.0	2.0	1.0
1525	0.0	1.0	0.0	1.0	0.3330000000000002	2.667	1.0
1526	3.0	0.0	1.0	0.0	3.0	6.0	1.0
1527	1.0	1.0	1.0	1.0	2.0	4.0	2.0
1528	0.0	0.0	0.0	0.0	0.0	0.0	0.0
1529	2.0	0.0	2.0	0.0	1.0	2.0	1.0
1530	2.0	1.0	2.0	1.0	1.0	5.0	2.0
1531	0.0	0.0	0.0	0.0	0.0	0.0	0.0
1532	0.0	0.0	0.0	0.0	0.0	0.0	0.0
1533	0.0	0.0	0.0	0.0	0.0	0.0	0.0
1534	2.0	0.0	0.0	0.0	2.4	3.6	0.0
1535	0.0	1.0	0.0	0.0	0.6680000000000001	2.332	0.0
1536	1.0	0.0	0.0	0.0	0.3330000000000002	2.667	0.0
1537	2.0	0.0	0.0	0.0	2.0	4.0	0.0
1538	1.0	2.0	1.0	2.0	2.668	6.332	3.0
1539	0.0	0.0	0.0	0.0	0.0	0.0	0.0
1540	2.0	1.0	1.0	1.0	1.0	5.0	1.0
1541	2.0	0.0	2.0	0.0	2.0	4.0	2.0
1542	1.0	1.0	1.0	0.0	1.3330000000000002	4.667	1.0
1543	3.0	5.0	3.0	5.0	3.333	8.667	4.0
1544	2.0	0.0	2.0	0.0	2.0	4.0	2.0
1545	0.0	0.0	0.0	0.0	0.0	0.0	0.0
1546	3.0	1.0	2.0	0.0	4.0	8.0	2.0
1547	3.0	1.0	3.0	1.0	3.0	6.0	3.0
1548	0.0	2.0	0.0	2.0	0.3330000000000002	2.667	1.0
1549	2.0	0.0	0.0	0.0	0.6660000000000004	5.334	0.0
1550	2.0	2.0	2.0	2.0	1.3330000000000002	4.667	2.0
1551	0.0	0.0	0.0	0.0	0.0	0.0	0.0
1552	0.0	0.0	0.0	0.0	0.0	0.0	0.0
1553	3.0	0.0	2.0	0.0	3.0	6.0	2.0
1554	2.0	0.0	0.0	0.0	2.0	4.0	0.0
1555	0.0	0.0	0.0	0.0	0.0	0.0	0.0
1556	1.0	0.0	1.0	0.0	1.0	2.0	1.0
1557	3.0	0.0	1.0	0.0	3.0	6.0	1.0
1558	3.0	1.0	3.0	0.0	1.3320000000000007	10.668	3.0
1559	0.0	0.0	0.0	0.0	0.0	0.0	0.0
1560	1.0	2.0	1.0	2.0	1.6680000000000001	4.332	2.0
1561	1.0	0.0	1.0	0.0	1.0	2.0	1.0
1562	1.0	0.0	0.0	0.0	1.0	2.0	0.0
1563	0.0	0.0	0.0	0.0	0.0	0.0	0.0
1564	2.0	0.0	2.0	0.0	2.0	4.0	2.0
1565	1.0	0.0	1.0	0.0	0.3330000000000002	2.667	1.0
1566	2.0	0.0	0.0	0.0	2.0	4.0	0.0
1567	1.0	0.0	1.0	0.0	1.0	2.0	1.0
1568	1.0	0.0	0.0	0.0	1.0	2.0	0.0
1569	2.0	3.0	1.0	2.0	4.068	7.9319999999999995	2.0
1570	2.0	0.0	2.0	0.0	0.6660000000000004	5.334	2.0
1571	1.0	0.0	1.0	0.0	0.3330000000000002	2.667	1.0
1572	2.0	0.0	1.0	0.0	2.0	4.0	1.0
1573	0.0	0.0	0.0	0.0	0.0	0.0	0.0
1574	0.0	0.0	0.0	0.0	0.0	0.0	0.0
1575	0.0	0.0	0.0	0.0	0.0	0.0	0.0
1576	2.0	2.0	2.0	2.0	1.3330000000000002	4.667	2.0
1577	3.0	0.0	2.0	0.0	3.0	6.0	2.0
1578	0.0	1.0	0.0	0.0	1.0	2.0	0.0
1579	1.0	0.0	1.0	0.0	1.0	2.0	1.0
1580	0.0	0.0	0.0	0.0	0.0	0.0	0.0
1581	1.0	0.0	1.0	0.0	0.3330000000000002	2.667	1.0
1582	1.0	0.0	0.0	0.0	1.0	2.0	0.0
1583	1.0	0.0	1.0	0.0	1.0	2.0	1.0
1584	4.0	1.0	2.0	1.0	5.0	10.0	3.0
1585	2.0	0.0	2.0	0.0	2.0	4.0	2.0
1586	2.0	0.0	1.0	0.0	2.0	4.0	1.0
1587	1.0	0.0	1.0	0.0	1.0	2.0	1.0
1588	2.0	0.0	1.0	0.0	2.0	4.0	1.0
1589	0.0	0.0	0.0	0.0	0.0	0.0	0.0
1590	2.0	1.0	2.0	1.0	0.6660000000000004	5.334	2.0
1591	1.0	3.0	1.0	2.0	1.3330000000000002	7.667	2.0
1592	1.0	0.0	1.0	0.0	1.0	2.0	1.0
1593	3.0	0.0	3.0	0.0	3.0	6.0	3.0
1594	1.0	0.0	1.0	0.0	1.0	2.0	1.0
1595	2.0	0.0	2.0	0.0	0.6660000000000004	5.334	2.0
1596	1.0	1.0	0.0	1.0	2.0	4.0	1.0
1597	0.0	0.0	0.0	0.0	0.0	0.0	0.0
1598	0.0	3.0	0.0	3.0	0.6660000000000004	5.334	2.0
1599	2.0	0.0	1.0	0.0	0.6660000000000004	5.334	1.0
1600	1.0	2.0	1.0	2.0	0.3330000000000002	2.667	1.0
1601	1.0	0.0	0.0	0.0	1.0	2.0	0.0
1602	0.0	2.0	0.0	2.0	0.3330000000000002	2.667	1.0
1603	0.0	0.0	0.0	0.0	0.0	0.0	0.0
1604	1.0	1.0	1.0	1.0	1.0	2.0	1.0
1605	1.0	0.0	1.0	0.0	0.3330000000000002	2.667	1.0
1606	3.0	2.0	2.0	2.0	2.333	6.667	2.0
1607	2.0	3.0	1.0	0.0	2.6660000000000004	9.334	1.0
1608	0.0	0.0	0.0	0.0	0.0	0.0	0.0
1609	0.0	0.0	0.0	0.0	0.0	0.0	0.0
1610	0.0	0.0	0.0	0.0	0.0	0.0	0.0
1611	2.0	0.0	2.0	0.0	2.0	4.0	2.0
1612	0.0	0.0	0.0	0.0	0.0	0.0	0.0
1613	0.0	1.0	0.0	1.0	0.6680000000000001	2.332	1.0
1614	3.0	0.0	2.0	0.0	0.9990000000000006	8.001	2.0
1615	1.0	0.0	1.0	0.0	0.3330000000000002	2.667	1.0
1616	1.0	0.0	1.0	0.0	0.6680000000000001	2.332	1.0
1617	1.0	0.0	1.0	0.0	1.0	2.0	1.0
1618	1.0	0.0	1.0	0.0	1.0	2.0	1.0
1619	0.0	0.0	0.0	0.0	0.0	0.0	0.0
1620	0.0	0.0	0.0	0.0	0.0	0.0	0.0
1621	1.0	0.0	0.0	0.0	1.0	2.0	0.0
1622	3.0	1.0	1.0	1.0	4.0	8.0	2.0
1623	0.0	0.0	0.0	0.0	0.0	0.0	0.0
1624	2.0	2.0	2.0	2.0	1.9990000000000006	10.001	4.0
1625	4.0	0.0	3.0	0.0	3.0040000000000004	8.995999999999999	3.0
1626	3.0	1.0	2.0	1.0	4.0	8.0	3.0
1627	0.0	0.0	0.0	0.0	0.0	0.0	0.0
1628	2.0	0.0	2.0	0.0	0.6660000000000004	5.334	2.0
1629	1.0	0.0	0.0	0.0	1.0	2.0	0.0
1630	1.0	0.0	0.0	0.0	0.3330000000000002	2.667	0.0
1631	0.0	2.0	0.0	1.0	1.6680000000000001	4.332	1.0
1632	2.0	1.0	2.0	0.0	3.0	6.0	2.0
1633	1.0	0.0	1.0	0.0	1.4	1.6	1.0
1634	1.0	0.0	1.0	0.0	1.0	2.0	1.0
1635	1.0	0.0	0.0	0.0	1.0	2.0	0.0
1636	2.0	1.0	1.0	1.0	1.3330000000000002	4.667	1.0
1637	1.0	0.0	0.0	0.0	1.0	2.0	0.0
1638	0.0	0.0	0.0	0.0	0.0	0.0	0.0
1639	1.0	0.0	1.0	0.0	0.3330000000000002	2.667	1.0
1640	2.0	3.0	1.0	1.0	2.6660000000000004	9.334	1.0
1641	0.0	0.0	0.0	0.0	0.0	0.0	0.0
1642	2.0	0.0	0.0	0.0	2.0	4.0	0.0
1643	0.0	0.0	0.0	0.0	0.0	0.0	0.0
1644	0.0	0.0	0.0	0.0	0.0	0.0	0.0
1645	1.0	0.0	1.0	0.0	0.3330000000000002	2.667	1.0
1646	2.0	0.0	0.0	0.0	2.0	4.0	0.0
1647	2.0	0.0	2.0	0.0	2.0	4.0	2.0
1648	2.0	0.0	2.0	0.0	2.0	4.0	2.0
1649	2.0	0.0	1.0	0.0	2.0	4.0	1.0
1650	1.0	0.0	1.0	0.0	1.0	2.0	1.0
1651	1.0	0.0	1.0	0.0	1.0	2.0	1.0
1652	2.0	0.0	2.0	0.0	2.0	4.0	2.0
1653	0.0	0.0	0.0	0.0	0.0	0.0	0.0
1654	2.0	0.0	2.0	0.0	2.0	4.0	2.0
1655	2.0	0.0	2.0	0.0	2.4	3.6	2.0
1656	0.0	0.0	0.0	0.0	0.0	0.0	0.0
1657	1.0	0.0	0.0	0.0	1.0	2.0	0.0
1658	0.0	1.0	0.0	1.0	1.0	2.0	1.0
1659	2.0	0.0	1.0	0.0	2.0	4.0	1.0
1660	0.0	0.0	0.0	0.0	0.0	0.0	0.0
1661	2.0	0.0	1.0	0.0	0.6660000000000004	5.334	1.0
1662	2.0	0.0	1.0	0.0	2.0	4.0	1.0
1663	3.0	2.0	3.0	2.0	2.333	6.667	3.0
1664	1.0	0.0	1.0	0.0	1.0	2.0	1.0
1665	3.0	0.0	2.0	0.0	3.0	6.0	2.0
1666	2.0	0.0	2.0	0.0	2.0	4.0	2.0
1667	0.0	0.0	0.0	0.0	0.0	0.0	0.0
1668	1.0	0.0	1.0	0.0	1.0	2.0	1.0
1669	0.0	1.0	0.0	1.0	1.0	2.0	1.0
1670	2.0	0.0	1.0	0.0	2.0	4.0	1.0
1671	3.0	0.0	2.0	0.0	3.0	6.0	2.0
1672	1.0	0.0	1.0	0.0	1.0	2.0	1.0
1673	2.0	1.0	0.0	1.0	3.0	6.0	1.0
1674	2.0	1.0	2.0	1.0	2.333	6.667	3.0
1675	1.0	2.0	1.0	2.0	1.3330000000000002	4.667	2.0
1676	0.0	0.0	0.0	0.0	0.0	0.0	0.0
1677	2.0	1.0	2.0	1.0	1.3330000000000002	4.667	2.0
1678	0.0	0.0	0.0	0.0	0.0	0.0	0.0
1679	1.0	0.0	1.0	0.0	1.0	2.0	1.0
1680	1.0	0.0	1.0	0.0	0.3330000000000002	2.667	1.0
1681	1.0	2.0	1.0	1.0	0.9990000000000006	8.001	2.0
1682	2.0	0.0	1.0	0.0	2.0	4.0	1.0
1683	1.0	0.0	1.0	0.0	1.0	2.0	1.0
1684	0.0	0.0	0.0	0.0	0.0	0.0	0.0
1685	1.0	0.0	0.0	0.0	0.3330000000000002	2.667	0.0
1686	1.0	0.0	0.0	0.0	1.4	1.6	0.0
1687	1.0	0.0	1.0	0.0	0.3330000000000002	2.667	1.0
1688	0.0	1.0	0.0	1.0	0.3330000000000002	2.667	1.0
1689	0.0	1.0	0.0	1.0	0.3330000000000002	2.667	1.0
1690	1.0	0.0	1.0	0.0	0.3330000000000002	2.667	1.0
1691	2.0	0.0	1.0	0.0	2.0	4.0	1.0
1692	1.0	0.0	1.0	0.0	1.0	2.0	1.0
1693	1.0	0.0	1.0	0.0	1.0	2.0	1.0
1694	1.0	0.0	1.0	0.0	1.0	2.0	1.0
1695	1.0	0.0	0.0	0.0	1.0	2.0	0.0
1696	0.0	0.0	0.0	0.0	0.0	0.0	0.0
1697	1.0	0.0	1.0	0.0	1.0	2.0	1.0
1698	2.0	0.0	0.0	0.0	2.0	4.0	0.0
1699	4.0	0.0	1.0	0.0	4.0	8.0	1.0
1700	2.0	0.0	1.0	0.0	2.0	4.0	1.0
1701	1.0	0.0	1.0	0.0	1.0	2.0	1.0
1702	1.0	0.0	1.0	0.0	1.0	2.0	1.0
1703	1.0	0.0	1.0	0.0	1.0	2.0	1.0
1704	0.0	0.0	0.0	0.0	0.0	0.0	0.0
1705	0.0	0.0	0.0	0.0	0.0	0.0	0.0
1706	1.0	1.0	0.0	1.0	2.0	4.0	1.0
1707	1.0	0.0	1.0	0.0	1.0	2.0	1.0
1708	1.0	0.0	0.0	0.0	1.0	2.0	0.0
1709	0.0	0.0	0.0	0.0	0.0	0.0	0.0
1710	0.0	0.0	0.0	0.0	0.0	0.0	0.0
1711	1.0	1.0	0.0	0.0	1.0	2.0	0.0
1712	0.0	0.0	0.0	0.0	0.0	0.0	0.0
1713	0.0	0.0	0.0	0.0	0.0	0.0	0.0
1714	1.0	2.0	0.0	1.0	0.6660000000000004	5.334	1.0
1715	2.0	2.0	1.0	1.0	1.6660000000000004	7.334	1.0
1716	0.0	3.0	0.0	1.0	0.9990000000000006	8.001	1.0
1717	2.0	1.0	1.0	0.0	0.6660000000000004	5.334	1.0
1718	0.0	0.0	0.0	0.0	0.0	0.0	0.0
