all_syn	all_nonSyn	tip_syn	tip_nonSyn	S	N	comparisons
001	0.0	0.0	0.0	0.0	0.0	0.0	0.0
002	1.0	0.0	1.0	0.0	1.0	2.0	1.0
003	1.0	2.0	0.0	0.0	1.0	2.0	0.0
004	2.0	1.0	2.0	0.0	3.0	6.0	2.0
005	1.0	1.0	1.0	0.0	0.6660000000000004	5.334	1.0
006	1.0	0.0	1.0	0.0	0.3330000000000002	2.667	1.0
007	1.0	0.0	1.0	0.0	1.0	2.0	1.0
008	2.0	0.0	1.0	0.0	2.0	4.0	1.0
009	3.0	2.0	2.0	2.0	3.0	6.0	2.0
010	0.0	1.0	0.0	0.0	0.3330000000000002	2.667	0.0
011	0.0	1.0	0.0	1.0	1.0	2.0	1.0
012	0.0	4.0	0.0	2.0	1.9990000000000006	10.001	2.0
013	2.0	2.0	2.0	2.0	1.3330000000000002	4.667	2.0
014	2.0	1.0	1.0	1.0	1.3330000000000002	4.667	1.0
015	1.0	2.0	0.0	2.0	2.0	4.0	1.0
016	0.0	2.0	0.0	0.0	0.3330000000000002	2.667	0.0
017	2.0	0.0	1.0	0.0	0.6660000000000004	5.334	1.0
018	3.0	0.0	2.0	0.0	2.068	3.932	1.0
019	1.0	1.0	0.0	1.0	1.3330000000000002	4.667	1.0
020	0.0	3.0	0.0	2.0	0.9990000000000006	8.001	2.0
021	0.0	0.0	0.0	0.0	0.0	0.0	0.0
022	1.0	0.0	1.0	0.0	0.3330000000000002	2.667	1.0
023	0.0	0.0	0.0	0.0	0.0	0.0	0.0
024	0.0	4.0	0.0	2.0	0.9990000000000006	8.001	2.0
025	2.0	3.0	1.0	3.0	2.333	6.667	2.0
026	2.0	0.0	2.0	0.0	0.6660000000000004	5.334	2.0
027	2.0	0.0	2.0	0.0	2.0	4.0	2.0
028	1.0	0.0	1.0	0.0	0.3330000000000002	2.667	1.0
029	1.0	0.0	1.0	0.0	0.3330000000000002	2.667	1.0
030	0.0	0.0	0.0	0.0	0.0	0.0	0.0
031	1.0	0.0	1.0	0.0	0.3330000000000002	2.667	1.0
032	0.0	0.0	0.0	0.0	0.0	0.0	0.0
033	1.0	0.0	1.0	0.0	0.3330000000000002	2.667	1.0
034	1.0	2.0	1.0	1.0	1.6660000000000004	7.334	2.0
035	0.0	0.0	0.0	0.0	0.0	0.0	0.0
036	0.0	0.0	0.0	0.0	0.0	0.0	0.0
037	0.0	0.0	0.0	0.0	0.0	0.0	0.0
038	2.0	0.0	2.0	0.0	1.3360000000000003	4.664	2.0
039	0.0	0.0	0.0	0.0	0.0	0.0	0.0
040	0.0	0.0	0.0	0.0	0.0	0.0	0.0
041	1.0	3.0	1.0	2.0	0.6660000000000004	5.334	1.0
042	0.0	0.0	0.0	0.0	0.0	0.0	0.0
043	1.0	0.0	1.0	0.0	1.0	2.0	1.0
044	2.0	0.0	1.0	0.0	0.6660000000000004	5.334	1.0
045	1.0	2.0	0.0	2.0	1.3330000000000002	4.667	1.0
046	0.0	0.0	0.0	0.0	0.0	0.0	0.0
047	1.0	0.0	1.0	0.0	1.4	1.6	1.0
048	0.0	0.0	0.0	0.0	0.0	0.0	0.0
049	1.0	0.0	1.0	0.0	1.0	2.0	1.0
050	1.0	0.0	1.0	0.0	1.0	2.0	1.0
051	0.0	0.0	0.0	0.0	0.0	0.0	0.0
052	0.0	0.0	0.0	0.0	0.0	0.0	0.0
053	0.0	2.0	0.0	2.0	1.0	2.0	1.0
054	0.0	0.0	0.0	0.0	0.0	0.0	0.0
055	2.0	2.0	1.0	1.0	3.0	6.0	2.0
056	2.0	0.0	0.0	0.0	2.0	4.0	0.0
057	2.0	5.0	1.0	2.0	4.9990000000000006	16.000999999999998	3.0
058	1.0	3.0	1.0	2.0	3.333	8.667	3.0
059	1.0	2.0	1.0	2.0	1.0	2.0	1.0
060	2.0	3.0	2.0	3.0	2.0	4.0	2.0
061	1.0	1.0	0.0	0.0	0.3330000000000002	2.667	0.0
062	2.0	1.0	1.0	0.0	3.0	6.0	1.0
063	1.0	0.0	1.0	0.0	0.3330000000000002	2.667	1.0
064	1.0	0.0	1.0	0.0	0.3330000000000002	2.667	1.0
065	0.0	0.0	0.0	0.0	0.0	0.0	0.0
066	0.0	1.0	0.0	1.0	1.0	2.0	1.0
067	5.0	2.0	2.0	2.0	4.670000000000001	16.33	4.0
068	4.0	2.0	3.0	2.0	2.0010000000000003	6.999	2.0
069	1.0	3.0	0.0	1.0	2.333	6.667	1.0
070	0.0	3.0	0.0	1.0	0.9990000000000006	8.001	1.0
071	0.0	0.0	0.0	0.0	0.0	0.0	0.0
072	1.0	0.0	1.0	0.0	1.0	2.0	1.0
073	1.0	3.0	0.0	1.0	1.6660000000000004	7.334	1.0
074	0.0	0.0	0.0	0.0	0.0	0.0	0.0
075	1.0	0.0	0.0	0.0	0.3330000000000002	2.667	0.0
076	2.0	0.0	1.0	0.0	2.0	4.0	1.0
077	2.0	0.0	1.0	0.0	2.0	4.0	1.0
078	0.0	2.0	0.0	2.0	1.0	2.0	1.0
079	0.0	2.0	0.0	0.0	0.3330000000000002	2.667	0.0
080	0.0	1.0	0.0	1.0	0.3330000000000002	2.667	1.0
081	2.0	2.0	1.0	0.0	1.3330000000000002	4.667	1.0
082	2.0	2.0	2.0	0.0	3.0	6.0	2.0
083	0.0	4.0	0.0	3.0	2.6660000000000004	9.334	3.0
084	1.0	2.0	0.0	1.0	0.9990000000000006	8.001	1.0
085	1.0	1.0	1.0	0.0	0.6660000000000004	5.334	1.0
086	2.0	1.0	2.0	1.0	2.333	6.667	3.0
087	2.0	1.0	2.0	1.0	3.468	5.532	3.0
088	0.0	0.0	0.0	0.0	0.0	0.0	0.0
089	1.0	0.0	0.0	0.0	0.3330000000000002	2.667	0.0
090	0.0	2.0	0.0	1.0	1.3330000000000002	4.667	1.0
091	1.0	0.0	0.0	0.0	0.3330000000000002	2.667	0.0
092	1.0	0.0	1.0	0.0	1.0	2.0	1.0
093	3.0	1.0	1.0	1.0	2.333	6.667	2.0
094	0.0	3.0	0.0	3.0	1.6660000000000004	7.334	3.0
095	1.0	0.0	1.0	0.0	0.6680000000000001	2.332	1.0
096	0.0	0.0	0.0	0.0	0.0	0.0	0.0
097	2.0	0.0	2.0	0.0	2.0	4.0	2.0
098	2.0	3.0	2.0	2.0	3.4	5.6	2.0
099	2.0	3.0	1.0	2.0	3.333	8.667	2.0
100	1.0	1.0	0.0	0.0	1.3330000000000002	4.667	0.0
101	0.0	3.0	0.0	0.0	1.3330000000000002	4.667	0.0
102	1.0	3.0	0.0	1.0	1.3330000000000002	4.667	1.0
103	2.0	2.0	1.0	1.0	3.0	6.0	1.0
104	1.0	1.0	0.0	0.0	1.0	2.0	0.0
105	0.0	2.0	0.0	0.0	1.3330000000000002	4.667	0.0
106	0.0	2.0	0.0	0.0	1.3330000000000002	4.667	0.0
107	1.0	2.0	0.0	0.0	1.3330000000000002	4.667	0.0
108	0.0	0.0	0.0	0.0	0.0	0.0	0.0
109	0.0	0.0	0.0	0.0	0.0	0.0	0.0
110	0.0	4.0	0.0	1.0	2.333	6.667	1.0
111	0.0	1.0	0.0	0.0	1.0	2.0	0.0
112	0.0	2.0	0.0	0.0	1.0	2.0	0.0
113	2.0	2.0	1.0	2.0	1.3330000000000002	4.667	1.0
114	1.0	3.0	0.0	0.0	2.333	6.667	0.0
115	0.0	3.0	0.0	1.0	2.333	6.667	1.0
116	1.0	0.0	1.0	0.0	1.0	2.0	1.0
117	3.0	3.0	1.0	1.0	2.6660000000000004	9.334	2.0
118	1.0	5.0	1.0	3.0	2.3340000000000005	9.666	3.0
119	0.0	0.0	0.0	0.0	0.0	0.0	0.0
120	0.0	0.0	0.0	0.0	0.0	0.0	0.0
121	2.0	0.0	1.0	0.0	2.0	4.0	1.0
122	0.0	0.0	0.0	0.0	0.0	0.0	0.0
123	1.0	3.0	1.0	2.0	2.6660000000000004	9.334	3.0
124	0.0	2.0	0.0	2.0	1.3330000000000002	4.667	2.0
125	1.0	0.0	1.0	0.0	0.3330000000000002	2.667	1.0
126	0.0	0.0	0.0	0.0	0.0	0.0	0.0
127	1.0	2.0	1.0	2.0	0.3330000000000002	2.667	1.0
128	0.0	0.0	0.0	0.0	0.0	0.0	0.0
129	0.0	0.0	0.0	0.0	0.0	0.0	0.0
130	3.0	1.0	3.0	1.0	1.3330000000000002	4.667	2.0
131	1.0	2.0	1.0	0.0	1.6660000000000004	7.334	1.0
132	0.0	0.0	0.0	0.0	0.0	0.0	0.0
133	1.0	0.0	1.0	0.0	0.3330000000000002	2.667	1.0
134	2.0	2.0	2.0	1.0	3.3360000000000003	8.664	3.0
135	1.0	0.0	1.0	0.0	1.0	2.0	1.0
136	1.0	0.0	0.0	0.0	1.0	2.0	0.0
137	3.0	0.0	2.0	0.0	3.068	5.932	2.0
138	2.0	3.0	0.0	3.0	1.3320000000000007	10.668	2.0
139	1.0	2.0	0.0	0.0	0.3330000000000002	2.667	0.0
140	0.0	1.0	0.0	1.0	1.0	2.0	1.0
141	0.0	0.0	0.0	0.0	0.0	0.0	0.0
142	0.0	5.0	0.0	4.0	1.9990000000000006	10.001	3.0
143	2.0	2.0	2.0	1.0	3.333	8.667	3.0
144	0.0	0.0	0.0	0.0	0.0	0.0	0.0
145	0.0	2.0	0.0	2.0	0.3330000000000002	2.667	1.0
146	1.0	5.0	1.0	3.0	2.9990000000000006	12.001	4.0
147	2.0	1.0	2.0	0.0	0.9990000000000006	8.001	2.0
148	3.0	3.0	3.0	2.0	2.668	6.332	2.0
149	1.0	4.0	0.0	2.0	1.9990000000000006	10.001	2.0
150	0.0	0.0	0.0	0.0	0.0	0.0	0.0
151	2.0	2.0	1.0	2.0	1.6680000000000001	7.332	2.0
152	2.0	1.0	2.0	1.0	0.3330000000000002	2.667	1.0
153	1.0	5.0	1.0	1.0	2.6670000000000007	12.332999999999998	2.0
154	2.0	1.0	1.0	1.0	3.0	6.0	2.0
155	2.0	1.0	2.0	1.0	1.0	2.0	1.0
156	4.0	2.0	1.0	2.0	4.4	7.6	2.0
157	1.0	1.0	0.0	0.0	2.0	4.0	0.0
158	1.0	0.0	1.0	0.0	1.0	2.0	1.0
159	1.0	0.0	0.0	0.0	1.0	2.0	0.0
160	2.0	4.0	1.0	3.0	2.733	6.2669999999999995	2.0
161	0.0	0.0	0.0	0.0	0.0	0.0	0.0
162	0.0	0.0	0.0	0.0	0.0	0.0	0.0
163	0.0	0.0	0.0	0.0	0.0	0.0	0.0
164	0.0	0.0	0.0	0.0	0.0	0.0	0.0
165	1.0	0.0	1.0	0.0	1.0	2.0	1.0
166	1.0	0.0	1.0	0.0	1.0	2.0	1.0
167	1.0	0.0	1.0	0.0	0.3330000000000002	2.667	1.0
168	1.0	0.0	1.0	0.0	1.0	2.0	1.0
169	0.0	0.0	0.0	0.0	0.0	0.0	0.0
170	0.0	0.0	0.0	0.0	0.0	0.0	0.0
171	1.0	1.0	0.0	1.0	1.6680000000000001	4.332	1.0
172	2.0	2.0	2.0	2.0	1.3330000000000002	4.667	2.0
173	0.0	0.0	0.0	0.0	0.0	0.0	0.0
174	2.0	0.0	0.0	0.0	2.4	3.6	0.0
175	2.0	2.0	2.0	1.0	3.0	6.0	2.0
176	0.0	0.0	0.0	0.0	0.0	0.0	0.0
177	0.0	0.0	0.0	0.0	0.0	0.0	0.0
178	1.0	3.0	0.0	1.0	3.668	8.332	1.0
179	0.0	1.0	0.0	1.0	1.0	2.0	1.0
180	0.0	4.0	0.0	2.0	2.0010000000000003	9.998999999999999	2.0
181	2.0	4.0	1.0	3.0	2.0010000000000003	6.999	2.0
182	1.0	0.0	1.0	0.0	1.4	1.6	1.0
183	1.0	0.0	1.0	0.0	1.0	2.0	1.0
184	2.0	0.0	1.0	0.0	0.6660000000000004	5.334	1.0
185	0.0	0.0	0.0	0.0	0.0	0.0	0.0
186	0.0	3.0	0.0	2.0	3.0	6.0	2.0
187	0.0	0.0	0.0	0.0	0.0	0.0	0.0
188	1.0	0.0	1.0	0.0	0.3330000000000002	2.667	1.0
189	0.0	2.0	0.0	2.0	1.0	2.0	1.0
190	1.0	0.0	1.0	0.0	1.0	2.0	1.0
191	1.0	0.0	1.0	0.0	0.3330000000000002	2.667	1.0
192	0.0	0.0	0.0	0.0	0.0	0.0	0.0
193	2.0	4.0	0.0	3.0	3.6660000000000004	11.334	2.0
194	2.0	0.0	1.0	0.0	2.0	4.0	1.0
195	1.0	2.0	1.0	0.0	1.3330000000000002	4.667	1.0
196	2.0	1.0	2.0	0.0	3.0	6.0	2.0
197	1.0	2.0	1.0	0.0	2.0	4.0	1.0
198	0.0	0.0	0.0	0.0	0.0	0.0	0.0
199	1.0	0.0	0.0	0.0	1.0	2.0	0.0
200	1.0	0.0	1.0	0.0	1.0	2.0	1.0
201	1.0	0.0	0.0	0.0	1.0	2.0	0.0
202	1.0	0.0	1.0	0.0	0.3330000000000002	2.667	1.0
203	0.0	0.0	0.0	0.0	0.0	0.0	0.0
204	0.0	0.0	0.0	0.0	0.0	0.0	0.0
205	0.0	0.0	0.0	0.0	0.0	0.0	0.0
206	1.0	0.0	1.0	0.0	1.0	2.0	1.0
207	0.0	0.0	0.0	0.0	0.0	0.0	0.0
208	1.0	1.0	1.0	1.0	1.0	2.0	1.0
209	0.0	0.0	0.0	0.0	0.0	0.0	0.0
210	0.0	0.0	0.0	0.0	0.0	0.0	0.0
211	2.0	0.0	2.0	0.0	2.0	4.0	2.0
212	1.0	2.0	1.0	1.0	3.0	6.0	2.0
213	1.0	0.0	1.0	0.0	1.0	2.0	1.0
214	1.0	0.0	1.0	0.0	1.0	2.0	1.0
215	1.0	3.0	1.0	3.0	2.4	3.6	2.0
216	2.0	0.0	2.0	0.0	1.6680000000000001	4.332	2.0
217	1.0	0.0	1.0	0.0	0.3330000000000002	2.667	1.0
218	0.0	2.0	0.0	0.0	0.0	3.0	0.0
219	0.0	0.0	0.0	0.0	0.0	0.0	0.0
220	1.0	0.0	1.0	0.0	0.3330000000000002	2.667	1.0
221	1.0	0.0	1.0	0.0	0.3330000000000002	2.667	1.0
222	1.0	0.0	1.0	0.0	0.3330000000000002	2.667	1.0
223	2.0	0.0	2.0	0.0	2.8	3.2	2.0
224	0.0	3.0	0.0	0.0	2.068	6.9319999999999995	0.0
225	1.0	0.0	1.0	0.0	1.4	1.6	1.0
226	0.0	0.0	0.0	0.0	0.0	0.0	0.0
227	0.0	0.0	0.0	0.0	0.0	0.0	0.0
228	0.0	0.0	0.0	0.0	0.0	0.0	0.0
229	1.0	0.0	1.0	0.0	1.0	2.0	1.0
230	0.0	0.0	0.0	0.0	0.0	0.0	0.0
231	2.0	0.0	1.0	0.0	0.6660000000000004	5.334	1.0
232	1.0	0.0	1.0	0.0	1.0	2.0	1.0
233	0.0	0.0	0.0	0.0	0.0	0.0	0.0
234	0.0	3.0	0.0	1.0	0.6660000000000004	8.334	1.0
235	0.0	2.0	0.0	2.0	1.3360000000000003	4.664	2.0
236	1.0	0.0	1.0	0.0	1.0	2.0	1.0
237	3.0	1.0	2.0	1.0	1.3330000000000002	4.667	1.0
238	1.0	0.0	0.0	0.0	1.0	2.0	0.0
239	1.0	0.0	0.0	0.0	0.3330000000000002	2.667	0.0
240	1.0	3.0	1.0	2.0	1.6660000000000004	7.334	2.0
241	1.0	0.0	1.0	0.0	1.0	2.0	1.0
242	1.0	0.0	1.0	0.0	1.0	2.0	1.0
243	0.0	0.0	0.0	0.0	0.0	0.0	0.0
244	0.0	0.0	0.0	0.0	0.0	0.0	0.0
245	1.0	2.0	1.0	2.0	2.0010000000000003	6.999	3.0
246	0.0	0.0	0.0	0.0	0.0	0.0	0.0
247	0.0	0.0	0.0	0.0	0.0	0.0	0.0
248	1.0	0.0	1.0	0.0	0.3330000000000002	2.667	1.0
249	1.0	0.0	1.0	0.0	1.0	2.0	1.0
250	1.0	3.0	1.0	2.0	2.0	4.0	1.0
251	1.0	0.0	1.0	0.0	0.3330000000000002	2.667	1.0
252	2.0	3.0	1.0	1.0	4.333	10.667	2.0
253	0.0	0.0	0.0	0.0	0.0	0.0	0.0
254	0.0	0.0	0.0	0.0	0.0	0.0	0.0
255	0.0	2.0	0.0	1.0	2.0	4.0	1.0
256	2.0	1.0	2.0	1.0	1.0	2.0	1.0
257	1.0	0.0	1.0	0.0	0.6680000000000001	2.332	1.0
258	0.0	0.0	0.0	0.0	0.0	0.0	0.0
259	0.0	4.0	0.0	4.0	0.6660000000000004	5.334	2.0
260	1.0	2.0	1.0	1.0	3.0	6.0	2.0
261	3.0	0.0	2.0	0.0	3.0	6.0	2.0
262	2.0	1.0	0.0	1.0	3.068	5.932	1.0
263	3.0	5.0	3.0	4.0	6.0	12.0	5.0
264	1.0	1.0	1.0	0.0	1.733	4.2669999999999995	1.0
265	3.0	0.0	2.0	0.0	3.0	6.0	2.0
266	2.0	1.0	2.0	0.0	3.0	6.0	2.0
267	1.0	0.0	1.0	0.0	1.0	2.0	1.0
268	1.0	0.0	0.0	0.0	0.3330000000000002	2.667	0.0
269	1.0	0.0	1.0	0.0	1.0	2.0	1.0
270	3.0	1.0	2.0	1.0	2.736	6.263999999999999	2.0
271	1.0	0.0	1.0	0.0	1.0	2.0	1.0
272	1.0	0.0	1.0	0.0	0.3330000000000002	2.667	1.0
273	1.0	0.0	1.0	0.0	0.6680000000000001	2.332	1.0
274	2.0	0.0	2.0	0.0	2.0	4.0	2.0
275	1.0	0.0	1.0	0.0	1.0	2.0	1.0
276	3.0	0.0	3.0	0.0	3.0	6.0	3.0
277	1.0	0.0	1.0	0.0	0.3330000000000002	2.667	1.0
278	0.0	2.0	0.0	2.0	1.0	2.0	1.0
279	2.0	2.0	2.0	2.0	0.6660000000000004	5.334	2.0
280	0.0	1.0	0.0	1.0	1.0	2.0	1.0
281	0.0	0.0	0.0	0.0	0.0	0.0	0.0
282	3.0	2.0	2.0	2.0	2.333	6.667	2.0
283	2.0	1.0	1.0	1.0	3.0	6.0	2.0
284	2.0	4.0	2.0	2.0	1.6660000000000004	7.334	2.0
285	0.0	0.0	0.0	0.0	0.0	0.0	0.0
286	0.0	2.0	0.0	2.0	1.3330000000000002	4.667	2.0
287	0.0	2.0	0.0	2.0	1.0	2.0	1.0
288	1.0	2.0	1.0	1.0	1.3330000000000002	4.667	1.0
289	1.0	0.0	1.0	0.0	1.0	2.0	1.0
290	4.0	0.0	3.0	0.0	4.0	8.0	3.0
291	2.0	4.0	1.0	4.0	2.3320000000000007	12.668	4.0
292	2.0	1.0	2.0	1.0	2.4	3.6	2.0
293	1.0	0.0	0.0	0.0	1.0	2.0	0.0
294	0.0	0.0	0.0	0.0	0.0	0.0	0.0
295	2.0	0.0	2.0	0.0	2.0	4.0	2.0
296	2.0	2.0	1.0	2.0	1.3330000000000002	4.667	1.0
297	2.0	0.0	2.0	0.0	0.6660000000000004	5.334	2.0
298	0.0	2.0	0.0	2.0	0.3330000000000002	2.667	1.0
299	1.0	0.0	1.0	0.0	1.0	2.0	1.0
300	2.0	0.0	0.0	0.0	2.0	4.0	0.0
301	1.0	1.0	1.0	1.0	2.0	4.0	2.0
302	2.0	0.0	2.0	0.0	2.0	4.0	2.0
303	1.0	1.0	1.0	1.0	1.3330000000000002	4.667	2.0
304	0.0	2.0	0.0	2.0	1.6680000000000001	4.332	2.0
305	1.0	4.0	1.0	1.0	3.6660000000000004	11.334	2.0
306	0.0	0.0	0.0	0.0	0.0	0.0	0.0
307	0.0	0.0	0.0	0.0	0.0	0.0	0.0
308	0.0	0.0	0.0	0.0	0.0	0.0	0.0
309	1.0	1.0	0.0	0.0	2.0	4.0	0.0
310	2.0	1.0	1.0	0.0	2.4	3.6	1.0
311	2.0	0.0	1.0	0.0	2.0	4.0	1.0
312	3.0	0.0	2.0	0.0	3.0	6.0	2.0
313	1.0	4.0	0.0	3.0	4.001	10.999	3.0
314	1.0	0.0	1.0	0.0	1.0	2.0	1.0
315	1.0	0.0	1.0	0.0	1.0	2.0	1.0
316	0.0	1.0	0.0	1.0	1.0	2.0	1.0
317	2.0	1.0	0.0	0.0	2.0	4.0	0.0
318	2.0	0.0	1.0	0.0	2.0	4.0	1.0
319	2.0	0.0	0.0	0.0	2.4	3.6	0.0
320	2.0	2.0	0.0	2.0	3.0	6.0	1.0
321	2.0	2.0	2.0	1.0	1.733	4.2669999999999995	1.0
322	0.0	0.0	0.0	0.0	0.0	0.0	0.0
323	1.0	0.0	1.0	0.0	0.3330000000000002	2.667	1.0
324	2.0	3.0	1.0	1.0	4.736000000000001	10.264	2.0
325	0.0	0.0	0.0	0.0	0.0	0.0	0.0
326	2.0	1.0	1.0	0.0	3.0	6.0	1.0
327	2.0	2.0	1.0	1.0	4.4	7.6	2.0
328	1.0	1.0	0.0	1.0	0.6680000000000001	5.332	1.0
329	0.0	0.0	0.0	0.0	0.0	0.0	0.0
330	1.0	2.0	1.0	2.0	0.6680000000000001	5.332	2.0
331	1.0	0.0	0.0	0.0	1.0	2.0	0.0
332	0.0	3.0	0.0	2.0	1.6660000000000004	7.334	2.0
333	1.0	0.0	1.0	0.0	1.0	2.0	1.0
334	3.0	0.0	1.0	0.0	3.0	6.0	1.0
335	0.0	6.0	0.0	4.0	3.0020000000000007	11.998	3.0
336	0.0	0.0	0.0	0.0	0.0	0.0	0.0
337	0.0	0.0	0.0	0.0	0.0	0.0	0.0
338	1.0	0.0	1.0	0.0	0.3330000000000002	2.667	1.0
339	1.0	0.0	1.0	0.0	0.3330000000000002	2.667	1.0
340	1.0	1.0	1.0	1.0	2.0	4.0	2.0
341	1.0	0.0	0.0	0.0	0.3330000000000002	2.667	0.0
342	0.0	0.0	0.0	0.0	0.0	0.0	0.0
343	1.0	0.0	0.0	0.0	1.0	2.0	0.0
344	1.0	3.0	1.0	3.0	1.3330000000000002	4.667	2.0
345	0.0	0.0	0.0	0.0	0.0	0.0	0.0
346	0.0	0.0	0.0	0.0	0.0	0.0	0.0
347	2.0	0.0	1.0	0.0	2.4	3.6	1.0
348	0.0	0.0	0.0	0.0	0.0	0.0	0.0
349	1.0	1.0	0.0	1.0	0.6660000000000004	5.334	1.0
350	0.0	0.0	0.0	0.0	0.0	0.0	0.0
351	1.0	0.0	1.0	0.0	0.6680000000000001	2.332	1.0
352	0.0	0.0	0.0	0.0	0.0	0.0	0.0
353	1.0	0.0	1.0	0.0	1.0	2.0	1.0
354	1.0	0.0	1.0	0.0	1.4	1.6	1.0
355	0.0	0.0	0.0	0.0	0.0	0.0	0.0
356	0.0	0.0	0.0	0.0	0.0	0.0	0.0
357	1.0	0.0	0.0	0.0	1.0	2.0	0.0
358	0.0	0.0	0.0	0.0	0.0	0.0	0.0
359	2.0	0.0	1.0	0.0	2.0	4.0	1.0
360	3.0	0.0	1.0	0.0	3.0	6.0	1.0
361	2.0	0.0	2.0	0.0	2.0	4.0	2.0
362	1.0	6.0	1.0	4.0	3.3320000000000007	14.668	4.0
363	2.0	0.0	2.0	0.0	2.0	4.0	2.0
364	1.0	0.0	1.0	0.0	0.6680000000000001	2.332	1.0
365	0.0	0.0	0.0	0.0	0.0	0.0	0.0
366	0.0	0.0	0.0	0.0	0.0	0.0	0.0
367	0.0	0.0	0.0	0.0	0.0	0.0	0.0
368	0.0	0.0	0.0	0.0	0.0	0.0	0.0
369	2.0	0.0	2.0	0.0	0.6660000000000004	5.334	2.0
370	1.0	0.0	0.0	0.0	1.0	2.0	0.0
371	0.0	0.0	0.0	0.0	0.0	0.0	0.0
372	0.0	0.0	0.0	0.0	0.0	0.0	0.0
373	0.0	0.0	0.0	0.0	0.0	0.0	0.0
374	0.0	0.0	0.0	0.0	0.0	0.0	0.0
375	1.0	0.0	1.0	0.0	0.3330000000000002	2.667	1.0
376	2.0	0.0	2.0	0.0	2.0	4.0	2.0
377	4.0	0.0	3.0	0.0	4.0	8.0	3.0
378	2.0	0.0	2.0	0.0	2.0	4.0	2.0
379	1.0	0.0	1.0	0.0	1.4	1.6	1.0
380	2.0	2.0	1.0	1.0	3.3360000000000003	8.664	2.0
381	0.0	1.0	0.0	1.0	1.0	2.0	1.0
382	1.0	2.0	0.0	2.0	2.0	4.0	1.0
383	1.0	0.0	0.0	0.0	0.3330000000000002	2.667	0.0
384	3.0	0.0	3.0	0.0	3.0	6.0	3.0
385	3.0	3.0	2.0	1.0	6.4	11.6	3.0
386	1.0	0.0	1.0	0.0	1.0	2.0	1.0
387	0.0	0.0	0.0	0.0	0.0	0.0	0.0
388	1.0	2.0	1.0	2.0	2.3360000000000003	6.664	3.0
389	1.0	1.0	1.0	1.0	2.0	4.0	2.0
390	1.0	2.0	1.0	2.0	1.0	2.0	1.0
391	3.0	0.0	1.0	0.0	3.0	6.0	1.0
392	0.0	0.0	0.0	0.0	0.0	0.0	0.0
393	0.0	0.0	0.0	0.0	0.0	0.0	0.0
394	2.0	2.0	0.0	1.0	2.0010000000000003	6.999	1.0
395	1.0	0.0	1.0	0.0	0.6680000000000001	2.332	1.0
396	1.0	3.0	1.0	2.0	1.6660000000000004	7.334	2.0
397	1.0	0.0	1.0	0.0	1.0	2.0	1.0
398	2.0	0.0	2.0	0.0	2.0	4.0	2.0
399	1.0	1.0	1.0	1.0	0.0	3.0	1.0
400	1.0	0.0	1.0	0.0	0.3330000000000002	2.667	1.0
401	1.0	2.0	0.0	2.0	1.3330000000000002	4.667	1.0
402	1.0	0.0	1.0	0.0	1.4	1.6	1.0
403	1.0	0.0	1.0	0.0	0.3330000000000002	2.667	1.0
404	0.0	1.0	0.0	1.0	0.3330000000000002	2.667	1.0
405	0.0	1.0	0.0	1.0	0.3330000000000002	2.667	1.0
406	0.0	0.0	0.0	0.0	0.0	0.0	0.0
407	1.0	0.0	0.0	0.0	1.0	2.0	0.0
408	1.0	0.0	0.0	0.0	0.3330000000000002	2.667	0.0
409	0.0	0.0	0.0	0.0	0.0	0.0	0.0
410	1.0	0.0	1.0	0.0	1.0	2.0	1.0
411	0.0	0.0	0.0	0.0	0.0	0.0	0.0
412	2.0	1.0	0.0	0.0	2.668	6.332	0.0
413	0.0	0.0	0.0	0.0	0.0	0.0	0.0
414	1.0	0.0	0.0	0.0	1.0	2.0	0.0
415	1.0	0.0	0.0	0.0	0.3330000000000002	2.667	0.0
416	0.0	0.0	0.0	0.0	0.0	0.0	0.0
417	1.0	0.0	0.0	0.0	1.0	2.0	0.0
418	1.0	1.0	0.0	0.0	1.6680000000000001	4.332	0.0
419	0.0	0.0	0.0	0.0	0.0	0.0	0.0
420	1.0	1.0	0.0	0.0	1.0010000000000003	4.999	0.0
421	0.0	0.0	0.0	0.0	0.0	0.0	0.0
422	0.0	1.0	0.0	0.0	0.3330000000000002	2.667	0.0
423	1.0	0.0	1.0	0.0	1.0	2.0	1.0
424	1.0	0.0	0.0	0.0	1.0	2.0	0.0
425	0.0	0.0	0.0	0.0	0.0	0.0	0.0
426	0.0	0.0	0.0	0.0	0.0	0.0	0.0
427	3.0	1.0	1.0	0.0	2.668	6.332	1.0
428	0.0	0.0	0.0	0.0	0.0	0.0	0.0
429	1.0	0.0	0.0	0.0	1.0	2.0	0.0
430	0.0	0.0	0.0	0.0	0.0	0.0	0.0
431	1.0	0.0	1.0	0.0	1.0	2.0	1.0
432	2.0	0.0	1.0	0.0	2.0	4.0	1.0
433	0.0	6.0	0.0	4.0	2.9990000000000006	12.001	3.0
434	1.0	1.0	1.0	0.0	1.6680000000000001	4.332	1.0
435	0.0	0.0	0.0	0.0	0.0	0.0	0.0
436	0.0	2.0	0.0	2.0	1.6680000000000001	4.332	2.0
437	2.0	2.0	1.0	2.0	0.6660000000000004	8.334	2.0
438	0.0	0.0	0.0	0.0	0.0	0.0	0.0
439	0.0	0.0	0.0	0.0	0.0	0.0	0.0
440	0.0	0.0	0.0	0.0	0.0	0.0	0.0
441	2.0	0.0	2.0	0.0	2.0	4.0	2.0
442	2.0	0.0	1.0	0.0	0.6660000000000004	5.334	1.0
443	0.0	0.0	0.0	0.0	0.0	0.0	0.0
444	4.0	0.0	3.0	0.0	4.0	8.0	3.0
445	2.0	0.0	1.0	0.0	2.0	4.0	1.0
446	1.0	1.0	1.0	1.0	1.0	2.0	1.0
447	1.0	0.0	1.0	0.0	0.3330000000000002	2.667	1.0
448	2.0	4.0	0.0	2.0	2.0010000000000003	6.999	1.0
449	1.0	0.0	1.0	0.0	1.0	2.0	1.0
450	0.0	5.0	0.0	4.0	3.6690000000000005	11.331	4.0
451	1.0	1.0	1.0	1.0	0.6660000000000004	5.334	2.0
452	1.0	2.0	0.0	2.0	0.3330000000000002	5.667	1.0
453	0.0	0.0	0.0	0.0	0.0	0.0	0.0
454	0.0	1.0	0.0	1.0	1.0	2.0	1.0
455	1.0	0.0	1.0	0.0	0.3330000000000002	2.667	1.0
456	0.0	0.0	0.0	0.0	0.0	0.0	0.0
457	1.0	0.0	1.0	0.0	0.3330000000000002	2.667	1.0
458	0.0	0.0	0.0	0.0	0.0	0.0	0.0
459	1.0	0.0	1.0	0.0	0.3330000000000002	2.667	1.0
460	0.0	0.0	0.0	0.0	0.0	0.0	0.0
461	0.0	0.0	0.0	0.0	0.0	0.0	0.0
462	0.0	0.0	0.0	0.0	0.0	0.0	0.0
463	2.0	0.0	1.0	0.0	2.0	4.0	1.0
464	1.0	2.0	1.0	2.0	1.0	2.0	1.0
465	3.0	2.0	2.0	2.0	3.0020000000000007	11.998000000000001	4.0
466	1.0	0.0	1.0	0.0	1.0	2.0	1.0
467	2.0	0.0	2.0	0.0	2.0	4.0	2.0
468	0.0	4.0	0.0	3.0	1.9990000000000006	10.001	3.0
469	2.0	0.0	2.0	0.0	2.4	3.6	2.0
470	3.0	0.0	2.0	0.0	3.0	6.0	2.0
471	3.0	0.0	1.0	0.0	3.0	6.0	1.0
472	0.0	2.0	0.0	1.0	0.6660000000000004	5.334	1.0
473	0.0	2.0	0.0	2.0	2.0	4.0	2.0
474	2.0	0.0	2.0	0.0	2.0	4.0	2.0
475	1.0	2.0	0.0	0.0	1.0	2.0	0.0
476	2.0	1.0	1.0	1.0	2.0	4.0	1.0
477	1.0	3.0	1.0	3.0	1.3330000000000002	4.667	2.0
478	1.0	0.0	1.0	0.0	0.6680000000000001	2.332	1.0
479	0.0	1.0	0.0	0.0	0.3330000000000002	2.667	0.0
480	2.0	0.0	2.0	0.0	2.0	4.0	2.0
481	1.0	0.0	1.0	0.0	1.0	2.0	1.0
482	1.0	1.0	1.0	1.0	1.6680000000000001	4.332	2.0
483	1.0	0.0	1.0	0.0	0.3330000000000002	2.667	1.0
484	2.0	0.0	2.0	0.0	2.0	4.0	2.0
485	1.0	0.0	1.0	0.0	1.0	2.0	1.0
486	0.0	0.0	0.0	0.0	0.0	0.0	0.0
487	1.0	0.0	1.0	0.0	1.0	2.0	1.0
488	0.0	0.0	0.0	0.0	0.0	0.0	0.0
489	1.0	0.0	1.0	0.0	1.0	2.0	1.0
490	2.0	0.0	1.0	0.0	2.0	4.0	1.0
491	1.0	0.0	1.0	0.0	0.3330000000000002	2.667	1.0
492	3.0	0.0	2.0	0.0	2.668	6.332	2.0
493	0.0	0.0	0.0	0.0	0.0	0.0	0.0
494	0.0	0.0	0.0	0.0	0.0	0.0	0.0
495	1.0	1.0	1.0	1.0	0.6660000000000004	5.334	2.0
496	2.0	0.0	1.0	0.0	0.6660000000000004	5.334	1.0
497	0.0	3.0	0.0	3.0	2.0010000000000003	6.999	3.0
498	1.0	0.0	1.0	0.0	0.3330000000000002	2.667	1.0
499	1.0	1.0	1.0	1.0	1.0	2.0	1.0
500	0.0	3.0	0.0	3.0	2.0	7.0	3.0
501	0.0	0.0	0.0	0.0	0.0	0.0	0.0
502	2.0	1.0	1.0	1.0	2.668	6.332	2.0
503	3.0	0.0	2.0	0.0	3.0	6.0	2.0
504	2.0	1.0	1.0	1.0	2.0	4.0	1.0
505	3.0	0.0	1.0	0.0	3.0	6.0	1.0
506	1.0	0.0	1.0	0.0	0.6680000000000001	2.332	1.0
507	0.0	0.0	0.0	0.0	0.0	0.0	0.0
508	2.0	0.0	1.0	0.0	2.0	4.0	1.0
509	1.0	0.0	0.0	0.0	1.0	2.0	0.0
510	3.0	0.0	1.0	0.0	3.0	6.0	1.0
511	0.0	0.0	0.0	0.0	0.0	0.0	0.0
512	2.0	0.0	1.0	0.0	2.0	4.0	1.0
513	1.0	0.0	1.0	0.0	1.0	2.0	1.0
514	1.0	0.0	1.0	0.0	0.6680000000000001	2.332	1.0
515	2.0	0.0	1.0	0.0	2.0	4.0	1.0
516	1.0	0.0	0.0	0.0	1.0	2.0	0.0
517	1.0	0.0	1.0	0.0	0.3330000000000002	2.667	1.0
518	4.0	0.0	3.0	0.0	3.068	5.932	2.0
519	2.0	0.0	2.0	0.0	0.6660000000000004	5.334	2.0
520	3.0	0.0	3.0	0.0	3.0	6.0	3.0
521	1.0	3.0	0.0	2.0	1.6660000000000004	7.334	2.0
522	0.0	0.0	0.0	0.0	0.0	0.0	0.0
523	0.0	0.0	0.0	0.0	0.0	0.0	0.0
524	1.0	4.0	1.0	4.0	1.3330000000000002	7.667	3.0
525	1.0	2.0	1.0	2.0	1.0	2.0	1.0
526	1.0	0.0	1.0	0.0	0.3330000000000002	2.667	1.0
527	1.0	0.0	1.0	0.0	1.0	2.0	1.0
528	3.0	0.0	2.0	0.0	3.0	6.0	2.0
529	3.0	0.0	2.0	0.0	3.0	6.0	2.0
530	1.0	1.0	1.0	1.0	1.0	2.0	1.0
531	1.0	1.0	1.0	1.0	0.6660000000000004	5.334	2.0
532	2.0	5.0	2.0	3.0	2.9990000000000006	12.001	3.0
533	1.0	4.0	1.0	3.0	2.9990000000000006	12.001	4.0
534	1.0	4.0	1.0	3.0	3.333	8.667	3.0
535	1.0	6.0	1.0	6.0	3.333	8.667	4.0
536	0.0	1.0	0.0	0.0	0.3330000000000002	2.667	0.0
537	2.0	2.0	1.0	0.0	2.6660000000000004	9.334	1.0
538	1.0	2.0	0.0	1.0	1.3330000000000002	4.667	1.0
539	0.0	2.0	0.0	1.0	1.3330000000000002	4.667	1.0
540	2.0	0.0	1.0	0.0	0.6660000000000004	5.334	1.0
541	0.0	2.0	0.0	1.0	0.6660000000000004	5.334	1.0
542	2.0	0.0	2.0	0.0	2.0	4.0	2.0
543	0.0	0.0	0.0	0.0	0.0	0.0	0.0
544	0.0	0.0	0.0	0.0	0.0	0.0	0.0
545	1.0	0.0	0.0	0.0	1.0	2.0	0.0
546	0.0	2.0	0.0	2.0	0.6660000000000004	5.334	2.0
547	1.0	1.0	1.0	1.0	1.0	2.0	1.0
548	2.0	0.0	2.0	0.0	2.0	4.0	2.0
549	2.0	1.0	1.0	1.0	3.0	6.0	2.0
550	2.0	1.0	1.0	1.0	2.0	4.0	1.0
551	2.0	4.0	1.0	3.0	5.333	12.667	4.0
552	2.0	2.0	1.0	0.0	2.0	4.0	1.0
553	1.0	3.0	0.0	1.0	2.0	4.0	1.0
554	1.0	3.0	1.0	1.0	1.3320000000000007	10.668	2.0
555	3.0	4.0	2.0	2.0	4.666	13.334	3.0
556	2.0	5.0	0.0	2.0	1.6660000000000004	7.334	1.0
557	2.0	9.0	1.0	5.0	5.665000000000001	21.335	5.0
558	0.0	0.0	0.0	0.0	0.0	0.0	0.0
559	0.0	0.0	0.0	0.0	0.0	0.0	0.0
560	0.0	0.0	0.0	0.0	0.0	0.0	0.0
561	0.0	0.0	0.0	0.0	0.0	0.0	0.0
562	0.0	0.0	0.0	0.0	0.0	0.0	0.0
563	0.0	0.0	0.0	0.0	0.0	0.0	0.0
564	0.0	0.0	0.0	0.0	0.0	0.0	0.0
565	2.0	3.0	1.0	2.0	2.333	6.667	1.0
566	0.0	3.0	0.0	0.0	0.6660000000000004	5.334	0.0
567	0.0	2.0	0.0	0.0	1.0	2.0	0.0
568	0.0	0.0	0.0	0.0	0.0	0.0	0.0
569	0.0	2.0	0.0	0.0	1.4	1.6	0.0
570	0.0	2.0	0.0	0.0	1.3330000000000002	4.667	0.0
571	1.0	0.0	0.0	0.0	1.0	2.0	0.0
572	0.0	0.0	0.0	0.0	0.0	0.0	0.0
573	0.0	0.0	0.0	0.0	0.0	0.0	0.0
574	0.0	0.0	0.0	0.0	0.0	0.0	0.0
575	0.0	0.0	0.0	0.0	0.0	0.0	0.0
576	0.0	0.0	0.0	0.0	0.0	0.0	0.0
577	0.0	0.0	0.0	0.0	0.0	0.0	0.0
578	0.0	0.0	0.0	0.0	0.0	0.0	0.0
579	0.0	1.0	0.0	0.0	0.3330000000000002	2.667	0.0
580	1.0	1.0	0.0	0.0	1.0	2.0	0.0
581	0.0	3.0	0.0	1.0	1.3330000000000002	4.667	1.0
582	1.0	2.0	0.0	1.0	0.9990000000000006	8.001	1.0
583	0.0	3.0	0.0	0.0	1.3330000000000002	4.667	0.0
584	2.0	3.0	1.0	1.0	2.6660000000000004	9.334	1.0
585	2.0	2.0	1.0	1.0	4.0	8.0	2.0
586	1.0	2.0	0.0	1.0	1.3330000000000002	4.667	1.0
587	1.0	6.0	0.0	3.0	4.002000000000001	13.998	3.0
588	0.0	0.0	0.0	0.0	0.0	0.0	0.0
589	0.0	0.0	0.0	0.0	0.0	0.0	0.0
590	0.0	0.0	0.0	0.0	0.0	0.0	0.0
591	0.0	0.0	0.0	0.0	0.0	0.0	0.0
592	0.0	0.0	0.0	0.0	0.0	0.0	0.0
593	0.0	0.0	0.0	0.0	0.0	0.0	0.0
594	0.0	0.0	0.0	0.0	0.0	0.0	0.0
595	0.0	0.0	0.0	0.0	0.0	0.0	0.0
596	2.0	3.0	1.0	1.0	2.333	6.667	1.0
597	1.0	3.0	1.0	2.0	2.333	6.667	2.0
598	2.0	3.0	1.0	1.0	2.333	6.667	1.0
599	1.0	2.0	1.0	0.0	0.9990000000000006	8.001	1.0
600	3.0	1.0	0.0	0.0	3.333	8.667	0.0
601	2.0	3.0	0.0	1.0	2.333	6.667	1.0
602	2.0	1.0	1.0	0.0	3.0	6.0	1.0
603	1.0	2.0	1.0	0.0	1.3330000000000002	4.667	1.0
604	2.0	2.0	0.0	1.0	3.0	6.0	1.0
605	0.0	0.0	0.0	0.0	0.0	0.0	0.0
606	1.0	2.0	0.0	1.0	2.0	4.0	1.0
607	1.0	1.0	1.0	0.0	1.0010000000000003	4.999	1.0
608	1.0	1.0	0.0	0.0	0.3330000000000002	2.667	0.0
609	1.0	1.0	0.0	0.0	2.0	4.0	0.0
610	1.0	2.0	0.0	0.0	0.6660000000000004	5.334	0.0
611	3.0	1.0	1.0	0.0	1.3330000000000002	4.667	1.0
612	2.0	3.0	1.0	2.0	4.4	7.6	3.0
613	1.0	0.0	0.0	0.0	1.0	2.0	0.0
614	0.0	3.0	0.0	0.0	0.9990000000000006	8.001	0.0
615	3.0	1.0	1.0	0.0	4.0	8.0	1.0
616	3.0	2.0	1.0	0.0	4.0	8.0	1.0
617	2.0	1.0	1.0	0.0	0.9990000000000006	8.001	1.0
618	1.0	1.0	0.0	1.0	2.0	4.0	1.0
619	0.0	3.0	0.0	1.0	1.6660000000000004	7.334	1.0
620	1.0	4.0	1.0	2.0	4.333	10.667	3.0
621	1.0	0.0	0.0	0.0	0.3330000000000002	2.667	0.0
622	1.0	0.0	0.0	0.0	1.0	2.0	0.0
623	1.0	3.0	0.0	1.0	2.333	6.667	1.0
624	0.0	0.0	0.0	0.0	0.0	0.0	0.0
625	0.0	0.0	0.0	0.0	0.0	0.0	0.0
626	0.0	0.0	0.0	0.0	0.0	0.0	0.0
627	1.0	0.0	1.0	0.0	1.0	2.0	1.0
628	1.0	0.0	0.0	0.0	1.0	2.0	0.0
629	1.0	0.0	0.0	0.0	0.3330000000000002	2.667	0.0
630	1.0	0.0	0.0	0.0	0.3330000000000002	2.667	0.0
631	0.0	0.0	0.0	0.0	0.0	0.0	0.0
632	0.0	0.0	0.0	0.0	0.0	0.0	0.0
633	1.0	1.0	0.0	0.0	1.0	5.0	0.0
634	1.0	0.0	1.0	0.0	1.0	2.0	1.0
635	1.0	0.0	1.0	0.0	1.0	2.0	1.0
636	0.0	0.0	0.0	0.0	0.0	0.0	0.0
637	4.0	0.0	1.0	0.0	2.668	6.332	1.0
638	0.0	0.0	0.0	0.0	0.0	0.0	0.0
639	0.0	0.0	0.0	0.0	0.0	0.0	0.0
640	1.0	0.0	1.0	0.0	1.4	1.6	1.0
641	2.0	1.0	0.0	0.0	1.0	2.0	0.0
642	0.0	0.0	0.0	0.0	0.0	0.0	0.0
643	1.0	1.0	0.0	0.0	1.0	2.0	0.0
644	1.0	1.0	1.0	0.0	2.0	4.0	1.0
645	1.0	0.0	0.0	0.0	0.3330000000000002	2.667	0.0
646	1.0	0.0	0.0	0.0	1.0	2.0	0.0
647	0.0	0.0	0.0	0.0	0.0	0.0	0.0
648	0.0	0.0	0.0	0.0	0.0	0.0	0.0
649	1.0	2.0	0.0	0.0	0.3330000000000002	2.667	0.0
650	2.0	0.0	0.0	0.0	2.0	4.0	0.0
651	0.0	3.0	0.0	1.0	1.3330000000000002	4.667	1.0
652	0.0	0.0	0.0	0.0	0.0	0.0	0.0
653	0.0	0.0	0.0	0.0	0.0	0.0	0.0
654	0.0	0.0	0.0	0.0	0.0	0.0	0.0
655	0.0	2.0	0.0	1.0	0.6660000000000004	5.334	1.0
656	0.0	0.0	0.0	0.0	0.0	0.0	0.0
657	0.0	0.0	0.0	0.0	0.0	0.0	0.0
658	1.0	0.0	0.0	0.0	1.0	2.0	0.0
659	0.0	5.0	0.0	4.0	1.6660000000000004	7.334	2.0
660	0.0	1.0	0.0	0.0	0.3330000000000002	2.667	0.0
661	0.0	0.0	0.0	0.0	0.0	0.0	0.0
662	1.0	1.0	1.0	0.0	1.3330000000000002	4.667	1.0
663	1.0	2.0	1.0	2.0	2.0	4.0	2.0
664	0.0	5.0	0.0	2.0	2.6660000000000004	9.334	2.0
665	0.0	1.0	0.0	0.0	1.0	2.0	0.0
666	0.0	0.0	0.0	0.0	0.0	0.0	0.0
667	0.0	0.0	0.0	0.0	0.0	0.0	0.0
668	0.0	0.0	0.0	0.0	0.0	0.0	0.0
669	2.0	1.0	1.0	1.0	1.6680000000000001	4.332	1.0
670	0.0	0.0	0.0	0.0	0.0	0.0	0.0
671	0.0	0.0	0.0	0.0	0.0	0.0	0.0
672	2.0	3.0	0.0	1.0	3.333	8.667	1.0
673	0.0	0.0	0.0	0.0	0.0	0.0	0.0
674	0.0	0.0	0.0	0.0	0.0	0.0	0.0
675	0.0	0.0	0.0	0.0	0.0	0.0	0.0
676	2.0	0.0	1.0	0.0	2.0	4.0	1.0
677	1.0	2.0	0.0	0.0	1.0	2.0	0.0
678	1.0	0.0	0.0	0.0	0.3330000000000002	2.667	0.0
679	0.0	0.0	0.0	0.0	0.0	0.0	0.0
680	2.0	1.0	0.0	0.0	0.3330000000000002	2.667	0.0
681	1.0	0.0	1.0	0.0	0.3330000000000002	2.667	1.0
682	1.0	1.0	0.0	1.0	1.6680000000000001	4.332	1.0
683	0.0	0.0	0.0	0.0	0.0	0.0	0.0
684	2.0	0.0	0.0	0.0	2.0	4.0	0.0
685	0.0	0.0	0.0	0.0	0.0	0.0	0.0
686	0.0	0.0	0.0	0.0	0.0	0.0	0.0
687	0.0	0.0	0.0	0.0	0.0	0.0	0.0
688	0.0	0.0	0.0	0.0	0.0	0.0	0.0
689	0.0	0.0	0.0	0.0	0.0	0.0	0.0
690	1.0	0.0	0.0	0.0	1.0	2.0	0.0
691	0.0	0.0	0.0	0.0	0.0	0.0	0.0
692	1.0	0.0	0.0	0.0	0.3330000000000002	2.667	0.0
693	1.0	1.0	1.0	1.0	1.4	1.6	1.0
694	1.0	0.0	1.0	0.0	0.3330000000000002	2.667	1.0
695	0.0	0.0	0.0	0.0	0.0	0.0	0.0
696	0.0	0.0	0.0	0.0	0.0	0.0	0.0
697	0.0	2.0	0.0	2.0	0.6660000000000004	5.334	2.0
698	0.0	1.0	0.0	0.0	0.3330000000000002	2.667	0.0
699	0.0	0.0	0.0	0.0	0.0	0.0	0.0
700	2.0	0.0	0.0	0.0	2.0	4.0	0.0
701	1.0	1.0	0.0	0.0	1.3330000000000002	4.667	0.0
702	1.0	3.0	0.0	1.0	1.6660000000000004	7.334	1.0
703	2.0	0.0	0.0	0.0	2.0	4.0	0.0
704	0.0	0.0	0.0	0.0	0.0	0.0	0.0
705	1.0	0.0	0.0	0.0	1.0	2.0	0.0
706	1.0	0.0	0.0	0.0	1.0	2.0	0.0
707	0.0	0.0	0.0	0.0	0.0	0.0	0.0
708	3.0	0.0	1.0	0.0	3.068	5.932	1.0
709	0.0	0.0	0.0	0.0	0.0	0.0	0.0
710	2.0	0.0	0.0	0.0	2.0	4.0	0.0
711	1.0	0.0	0.0	0.0	1.0	2.0	0.0
712	0.0	0.0	0.0	0.0	0.0	0.0	0.0
713	0.0	0.0	0.0	0.0	0.0	0.0	0.0
714	1.0	0.0	0.0	0.0	1.0	2.0	0.0
715	1.0	0.0	1.0	0.0	1.0	2.0	1.0
716	2.0	0.0	1.0	0.0	2.0	4.0	1.0
717	1.0	0.0	1.0	0.0	0.3330000000000002	2.667	1.0
718	2.0	0.0	1.0	0.0	0.6660000000000004	5.334	1.0
719	0.0	1.0	0.0	0.0	0.3330000000000002	2.667	0.0
720	0.0	3.0	0.0	2.0	1.6660000000000004	7.334	2.0
721	0.0	0.0	0.0	0.0	0.0	0.0	0.0
722	1.0	0.0	0.0	0.0	1.4	1.6	0.0
723	0.0	0.0	0.0	0.0	0.0	0.0	0.0
724	3.0	0.0	0.0	0.0	2.3360000000000003	6.664	0.0
725	0.0	0.0	0.0	0.0	0.0	0.0	0.0
726	0.0	0.0	0.0	0.0	0.0	0.0	0.0
727	0.0	1.0	0.0	0.0	0.3330000000000002	2.667	0.0
728	0.0	1.0	0.0	0.0	0.3330000000000002	2.667	0.0
729	0.0	0.0	0.0	0.0	0.0	0.0	0.0
730	2.0	1.0	1.0	0.0	2.0010000000000003	6.999	1.0
731	3.0	3.0	2.0	1.0	3.0010000000000003	8.998999999999999	2.0
732	0.0	0.0	0.0	0.0	0.0	0.0	0.0
733	2.0	0.0	0.0	0.0	1.6680000000000001	4.332	0.0
734	1.0	2.0	1.0	0.0	2.0	4.0	1.0
735	0.0	0.0	0.0	0.0	0.0	0.0	0.0
736	0.0	0.0	0.0	0.0	0.0	0.0	0.0
737	2.0	0.0	0.0	0.0	1.6680000000000001	4.332	0.0
738	1.0	4.0	1.0	3.0	2.0010000000000003	6.999	2.0
739	0.0	3.0	0.0	1.0	0.9990000000000006	8.001	1.0
740	1.0	4.0	1.0	2.0	2.0	7.0	1.0
741	1.0	3.0	1.0	0.0	1.6660000000000004	7.334	1.0
742	4.0	2.0	2.0	1.0	5.0	10.0	2.0
743	0.0	3.0	0.0	1.0	2.333	6.667	1.0
744	1.0	3.0	0.0	1.0	2.333	6.667	1.0
745	1.0	5.0	0.0	2.0	3.0010000000000003	8.998999999999999	1.0
746	2.0	2.0	1.0	1.0	1.6660000000000004	7.334	2.0
747	2.0	2.0	1.0	1.0	1.6660000000000004	7.334	1.0
748	0.0	0.0	0.0	0.0	0.0	0.0	0.0
749	1.0	0.0	0.0	0.0	1.0	2.0	0.0
750	1.0	0.0	1.0	0.0	1.0	2.0	1.0
751	0.0	0.0	0.0	0.0	0.0	0.0	0.0
752	2.0	0.0	1.0	0.0	2.0	4.0	1.0
753	0.0	1.0	0.0	1.0	1.0	2.0	1.0
754	0.0	0.0	0.0	0.0	0.0	0.0	0.0
755	0.0	1.0	0.0	0.0	0.3330000000000002	2.667	0.0
756	0.0	1.0	0.0	0.0	1.0	2.0	0.0
757	0.0	3.0	0.0	1.0	1.6660000000000004	7.334	1.0
758	1.0	1.0	1.0	1.0	0.3330000000000002	2.667	1.0
759	0.0	1.0	0.0	0.0	0.3330000000000002	2.667	0.0
760	0.0	2.0	0.0	0.0	0.3330000000000002	2.667	0.0
761	0.0	2.0	0.0	1.0	0.6660000000000004	5.334	1.0
762	0.0	3.0	0.0	1.0	2.0010000000000003	6.999	1.0
763	2.0	3.0	0.0	1.0	2.333	6.667	1.0
764	0.0	4.0	0.0	2.0	0.6660000000000004	5.334	1.0
765	1.0	4.0	1.0	4.0	1.6660000000000004	7.334	3.0
766	1.0	0.0	1.0	0.0	1.0	2.0	1.0
767	0.0	3.0	0.0	1.0	1.3330000000000002	4.667	1.0
768	1.0	1.0	0.0	1.0	2.0	4.0	1.0
769	1.0	1.0	0.0	1.0	1.3330000000000002	4.667	1.0
770	2.0	2.0	2.0	0.0	3.0	6.0	2.0
771	0.0	0.0	0.0	0.0	0.0	0.0	0.0
772	0.0	0.0	0.0	0.0	0.0	0.0	0.0
773	0.0	0.0	0.0	0.0	0.0	0.0	0.0
774	0.0	0.0	0.0	0.0	0.0	0.0	0.0
775	0.0	0.0	0.0	0.0	0.0	0.0	0.0
776	0.0	0.0	0.0	0.0	0.0	0.0	0.0
777	0.0	0.0	0.0	0.0	0.0	0.0	0.0
778	0.0	0.0	0.0	0.0	0.0	0.0	0.0
779	0.0	0.0	0.0	0.0	0.0	0.0	0.0
780	0.0	0.0	0.0	0.0	0.0	0.0	0.0
781	0.0	0.0	0.0	0.0	0.0	0.0	0.0
782	1.0	3.0	1.0	1.0	2.3340000000000005	9.666	2.0
783	1.0	1.0	1.0	1.0	0.6660000000000004	5.334	2.0
784	0.0	1.0	0.0	0.0	1.0	2.0	0.0
785	0.0	1.0	0.0	1.0	1.0	2.0	1.0
786	1.0	0.0	1.0	0.0	1.0	2.0	1.0
787	1.0	0.0	0.0	0.0	1.0	2.0	0.0
788	0.0	0.0	0.0	0.0	0.0	0.0	0.0
789	0.0	0.0	0.0	0.0	0.0	0.0	0.0
790	1.0	2.0	1.0	1.0	2.0	4.0	1.0
791	1.0	0.0	1.0	0.0	1.0	2.0	1.0
792	1.0	1.0	0.0	1.0	2.0	4.0	1.0
793	2.0	1.0	1.0	0.0	3.0	6.0	1.0
794	1.0	3.0	1.0	2.0	2.6660000000000004	9.334	3.0
795	0.0	2.0	0.0	1.0	1.0010000000000003	4.999	1.0
796	1.0	3.0	1.0	2.0	1.6660000000000004	7.334	2.0
797	1.0	1.0	0.0	0.0	1.0	2.0	0.0
798	1.0	2.0	0.0	1.0	2.0	4.0	1.0
799	0.0	2.0	0.0	0.0	1.0	2.0	0.0
800	1.0	2.0	1.0	0.0	1.3330000000000002	4.667	1.0
801	1.0	0.0	0.0	0.0	1.0	2.0	0.0
802	0.0	0.0	0.0	0.0	0.0	0.0	0.0
803	1.0	1.0	1.0	0.0	2.0	4.0	1.0
804	1.0	3.0	1.0	2.0	1.6660000000000004	7.334	2.0
805	0.0	4.0	0.0	3.0	2.333	6.667	2.0
806	3.0	3.0	1.0	1.0	6.0	12.0	2.0
807	3.0	4.0	1.0	2.0	4.668	10.332	2.0
808	2.0	6.0	0.0	2.0	5.666	15.334	2.0
809	3.0	6.0	1.0	4.0	3.000000000000001	15.0	3.0
810	3.0	4.0	2.0	4.0	3.6660000000000004	11.334	4.0
811	1.0	4.0	0.0	1.0	3.668	8.332	1.0
812	1.0	2.0	0.0	0.0	3.0	6.0	0.0
813	0.0	4.0	0.0	1.0	1.3340000000000005	7.6659999999999995	1.0
814	3.0	4.0	1.0	2.0	6.0	12.0	3.0
815	1.0	3.0	0.0	1.0	1.9990000000000006	10.001	1.0
816	2.0	3.0	2.0	1.0	2.333	6.667	2.0
817	1.0	2.0	0.0	0.0	0.6660000000000004	5.334	0.0
818	1.0	1.0	0.0	0.0	0.6660000000000004	5.334	0.0
819	0.0	0.0	0.0	0.0	0.0	0.0	0.0
820	0.0	1.0	0.0	1.0	0.3330000000000002	2.667	1.0
821	0.0	0.0	0.0	0.0	0.0	0.0	0.0
822	1.0	0.0	1.0	0.0	0.3330000000000002	2.667	1.0
823	0.0	2.0	0.0	1.0	1.0	5.0	1.0
824	0.0	0.0	0.0	0.0	0.0	0.0	0.0
825	2.0	0.0	1.0	0.0	2.0	4.0	1.0
826	2.0	0.0	1.0	0.0	2.0	4.0	1.0
827	1.0	0.0	0.0	0.0	1.0	2.0	0.0
828	2.0	0.0	1.0	0.0	0.6660000000000004	5.334	1.0
829	0.0	0.0	0.0	0.0	0.0	0.0	0.0
830	2.0	0.0	1.0	0.0	0.6660000000000004	5.334	1.0
831	3.0	0.0	1.0	0.0	3.0	6.0	1.0
832	1.0	0.0	0.0	0.0	1.0	2.0	0.0
833	1.0	0.0	0.0	0.0	1.0	2.0	0.0
834	1.0	0.0	0.0	0.0	1.0	2.0	0.0
835	1.0	0.0	0.0	0.0	1.0	2.0	0.0
836	1.0	0.0	0.0	0.0	1.0	2.0	0.0
837	0.0	0.0	0.0	0.0	0.0	0.0	0.0
838	1.0	0.0	0.0	0.0	0.6680000000000001	2.332	0.0
839	0.0	0.0	0.0	0.0	0.0	0.0	0.0
840	0.0	0.0	0.0	0.0	0.0	0.0	0.0
841	0.0	0.0	0.0	0.0	0.0	0.0	0.0
842	0.0	0.0	0.0	0.0	0.0	0.0	0.0
843	0.0	0.0	0.0	0.0	0.0	0.0	0.0
844	2.0	1.0	1.0	0.0	1.3330000000000002	4.667	1.0
845	1.0	1.0	0.0	0.0	0.6660000000000004	5.334	0.0
846	0.0	0.0	0.0	0.0	0.0	0.0	0.0
847	0.0	0.0	0.0	0.0	0.0	0.0	0.0
848	1.0	2.0	0.0	0.0	1.0	2.0	0.0
849	2.0	0.0	1.0	0.0	1.6680000000000001	4.332	1.0
850	3.0	0.0	1.0	0.0	3.0	6.0	1.0
851	0.0	0.0	0.0	0.0	0.0	0.0	0.0
852	1.0	1.0	0.0	1.0	0.6660000000000004	5.334	1.0
853	0.0	0.0	0.0	0.0	0.0	0.0	0.0
854	1.0	0.0	0.0	0.0	1.0	2.0	0.0
855	0.0	0.0	0.0	0.0	0.0	0.0	0.0
856	0.0	0.0	0.0	0.0	0.0	0.0	0.0
857	1.0	0.0	1.0	0.0	0.6680000000000001	2.332	1.0
858	1.0	0.0	1.0	0.0	0.3330000000000002	2.667	1.0
859	0.0	0.0	0.0	0.0	0.0	0.0	0.0
860	0.0	0.0	0.0	0.0	0.0	0.0	0.0
861	1.0	0.0	0.0	0.0	0.3330000000000002	2.667	0.0
862	0.0	0.0	0.0	0.0	0.0	0.0	0.0
863	3.0	1.0	2.0	1.0	1.6690000000000005	7.3309999999999995	2.0
864	0.0	0.0	0.0	0.0	0.0	0.0	0.0
865	2.0	0.0	1.0	0.0	2.0	4.0	1.0
866	0.0	0.0	0.0	0.0	0.0	0.0	0.0
867	2.0	0.0	0.0	0.0	2.0	4.0	0.0
868	1.0	0.0	0.0	0.0	0.6680000000000001	2.332	0.0
