pos	Sd	Nd	Sd_tip	Nd_tip	S	N	comparisons
001	0.0	0.0	0.0	0.0	0.0	0.0	0.0
002	1.0	0.0	1.0	0.0	1.0	2.0	1.0
003	1.0	3.0	1.0	3.0	1.0	5.0	2.0
004	1.0	0.0	1.0	0.0	1.0	2.0	1.0
005	1.0	0.0	1.0	0.0	1.0	2.0	1.0
006	3.0	1.0	2.0	1.0	3.0	6.0	2.0
007	2.0	0.0	0.0	0.0	2.4	3.6	0.0
008	0.0	0.0	0.0	0.0	0.0	0.0	0.0
009	1.0	0.0	1.0	0.0	1.0	2.0	1.0
010	2.0	0.0	2.0	0.0	2.0	4.0	2.0
011	0.0	1.0	0.0	1.0	0.3330000000000002	2.667	1.0
012	0.0	0.0	0.0	0.0	0.0	0.0	0.0
013	1.0	0.0	1.0	0.0	1.0	2.0	1.0
014	2.0	0.0	1.0	0.0	2.0	4.0	1.0
015	1.0	0.0	1.0	0.0	1.4	1.6	1.0
016	2.0	0.0	2.0	0.0	2.0	4.0	2.0
017	0.0	0.0	0.0	0.0	0.0	0.0	0.0
018	0.0	0.0	0.0	0.0	0.0	0.0	0.0
019	1.0	0.0	1.0	0.0	1.0	2.0	1.0
020	0.0	0.0	0.0	0.0	0.0	0.0	0.0
021	1.0	2.0	0.0	1.0	3.0	6.0	1.0
022	3.0	0.0	3.0	0.0	0.9990000000000006	8.001	3.0
023	0.0	0.0	0.0	0.0	0.0	0.0	0.0
024	1.0	0.0	0.0	0.0	0.3330000000000002	2.667	0.0
025	1.0	0.0	1.0	0.0	1.0	2.0	1.0
026	2.0	0.0	2.0	0.0	2.0	4.0	2.0
027	0.0	1.0	0.0	1.0	0.3330000000000002	2.667	1.0
028	0.0	0.0	0.0	0.0	0.0	0.0	0.0
029	0.0	1.0	0.0	1.0	1.0	2.0	1.0
030	2.0	0.0	2.0	0.0	2.0	4.0	2.0
031	1.0	0.0	1.0	0.0	1.0	2.0	1.0
032	2.0	0.0	1.0	0.0	2.0	4.0	1.0
033	0.0	1.0	0.0	1.0	0.3330000000000002	2.667	1.0
034	0.0	0.0	0.0	0.0	0.0	0.0	0.0
035	2.0	0.0	1.0	0.0	2.0	4.0	1.0
036	1.0	0.0	0.0	0.0	0.3330000000000002	2.667	0.0
037	0.0	0.0	0.0	0.0	0.0	0.0	0.0
038	2.0	0.0	1.0	0.0	2.0	4.0	1.0
039	0.0	0.0	0.0	0.0	0.0	0.0	0.0
040	1.0	0.0	1.0	0.0	1.0	2.0	1.0
041	0.0	0.0	0.0	0.0	0.0	0.0	0.0
042	0.0	0.0	0.0	0.0	0.0	0.0	0.0
043	3.0	0.0	2.0	0.0	3.468	5.532	2.0
044	1.0	0.0	1.0	0.0	0.3330000000000002	2.667	1.0
045	0.0	0.0	0.0	0.0	0.0	0.0	0.0
046	0.0	0.0	0.0	0.0	0.0	0.0	0.0
047	2.0	0.0	1.0	0.0	2.0	4.0	1.0
048	3.0	0.0	2.0	0.0	3.0	6.0	2.0
049	2.0	0.0	1.0	0.0	2.4	3.6	1.0
050	2.0	0.0	2.0	0.0	2.0	4.0	2.0
051	2.0	0.0	2.0	0.0	2.0	4.0	2.0
052	3.0	0.0	3.0	0.0	0.9990000000000006	8.001	3.0
053	0.0	0.0	0.0	0.0	0.0	0.0	0.0
054	0.0	0.0	0.0	0.0	0.0	0.0	0.0
055	0.0	0.0	0.0	0.0	0.0	0.0	0.0
056	1.0	1.0	1.0	1.0	0.3330000000000002	2.667	1.0
057	2.0	0.0	1.0	0.0	2.0	4.0	1.0
058	1.0	0.0	1.0	0.0	0.3330000000000002	2.667	1.0
059	0.0	0.0	0.0	0.0	0.0	0.0	0.0
060	0.0	0.0	0.0	0.0	0.0	0.0	0.0
061	1.0	0.0	1.0	0.0	0.3330000000000002	2.667	1.0
062	2.0	0.0	0.0	0.0	0.6660000000000004	5.334	0.0
063	3.0	4.0	2.0	3.0	4.333	10.667	4.0
064	1.0	0.0	0.0	0.0	0.3330000000000002	2.667	0.0
065	0.0	1.0	0.0	0.0	0.3330000000000002	2.667	0.0
066	2.0	0.0	2.0	0.0	0.6660000000000004	5.334	2.0
067	1.0	0.0	0.0	0.0	0.3330000000000002	2.667	0.0
068	1.0	1.0	1.0	1.0	1.3330000000000002	4.667	2.0
069	3.0	1.0	2.0	1.0	3.0	6.0	2.0
070	0.0	3.0	0.0	0.0	2.333	6.667	0.0
071	1.0	4.0	1.0	2.0	2.3320000000000007	12.668	3.0
072	3.0	2.0	2.0	2.0	2.3320000000000007	12.668	4.0
073	1.0	1.0	0.0	1.0	0.6660000000000004	5.334	1.0
074	1.0	0.0	1.0	0.0	0.3330000000000002	2.667	1.0
075	1.0	0.0	1.0	0.0	0.3330000000000002	2.667	1.0
076	0.0	0.0	0.0	0.0	0.0	0.0	0.0
077	1.0	2.0	1.0	2.0	2.0	4.0	2.0
078	0.0	0.0	0.0	0.0	0.0	0.0	0.0
079	1.0	0.0	1.0	0.0	1.0	2.0	1.0
080	1.0	0.0	1.0	0.0	0.3330000000000002	2.667	1.0
081	1.0	0.0	1.0	0.0	0.3330000000000002	2.667	1.0
082	1.0	0.0	0.0	0.0	1.0	2.0	0.0
083	1.0	0.0	0.0	0.0	1.0	2.0	0.0
084	1.0	1.0	1.0	1.0	2.0	4.0	2.0
085	0.0	0.0	0.0	0.0	0.0	0.0	0.0
086	0.0	0.0	0.0	0.0	0.0	0.0	0.0
087	0.0	0.0	0.0	0.0	0.0	0.0	0.0
088	3.0	0.0	2.0	0.0	3.0	6.0	2.0
089	1.0	0.0	1.0	0.0	1.0	2.0	1.0
090	0.0	0.0	0.0	0.0	0.0	0.0	0.0
091	0.0	0.0	0.0	0.0	0.0	0.0	0.0
092	0.0	0.0	0.0	0.0	0.0	0.0	0.0
093	0.0	0.0	0.0	0.0	0.0	0.0	0.0
094	1.0	0.0	1.0	0.0	0.3330000000000002	2.667	1.0
095	0.0	0.0	0.0	0.0	0.0	0.0	0.0
096	0.0	0.0	0.0	0.0	0.0	0.0	0.0
097	0.0	0.0	0.0	0.0	0.0	0.0	0.0
098	1.0	0.0	0.0	0.0	0.3330000000000002	2.667	0.0
099	1.0	0.0	1.0	0.0	1.0	2.0	1.0
100	2.0	0.0	2.0	0.0	2.0	4.0	2.0
101	1.0	0.0	1.0	0.0	1.0	2.0	1.0
102	0.0	0.0	0.0	0.0	0.0	0.0	0.0
103	0.0	0.0	0.0	0.0	0.0	0.0	0.0
104	0.0	0.0	0.0	0.0	0.0	0.0	0.0
105	2.0	1.0	2.0	1.0	1.0	2.0	1.0
106	0.0	1.0	0.0	1.0	1.0	2.0	1.0
107	0.0	0.0	0.0	0.0	0.0	0.0	0.0
108	1.0	0.0	1.0	0.0	0.3330000000000002	2.667	1.0
109	0.0	0.0	0.0	0.0	0.0	0.0	0.0
110	2.0	0.0	1.0	0.0	1.3360000000000003	4.664	1.0
111	0.0	0.0	0.0	0.0	0.0	0.0	0.0
112	2.0	0.0	2.0	0.0	2.4	3.6	2.0
113	0.0	0.0	0.0	0.0	0.0	0.0	0.0
114	0.0	0.0	0.0	0.0	0.0	0.0	0.0
115	0.0	0.0	0.0	0.0	0.0	0.0	0.0
116	1.0	0.0	1.0	0.0	1.0	2.0	1.0
117	1.0	0.0	0.0	0.0	0.3330000000000002	2.667	0.0
118	1.0	0.0	1.0	0.0	0.3330000000000002	2.667	1.0
119	0.0	0.0	0.0	0.0	0.0	0.0	0.0
120	1.0	1.0	1.0	1.0	1.0	2.0	1.0
121	0.0	0.0	0.0	0.0	0.0	0.0	0.0
122	0.0	0.0	0.0	0.0	0.0	0.0	0.0
123	0.0	0.0	0.0	0.0	0.0	0.0	0.0
124	2.0	0.0	1.0	0.0	2.0	4.0	1.0
125	1.0	0.0	0.0	0.0	1.0	2.0	0.0
126	0.0	0.0	0.0	0.0	0.0	0.0	0.0
127	0.0	0.0	0.0	0.0	0.0	0.0	0.0
128	0.0	1.0	0.0	1.0	0.3330000000000002	2.667	1.0
129	1.0	0.0	1.0	0.0	1.0	2.0	1.0
130	2.0	0.0	2.0	0.0	2.0	4.0	2.0
131	2.0	1.0	2.0	1.0	2.0	4.0	2.0
132	0.0	0.0	0.0	0.0	0.0	0.0	0.0
133	0.0	0.0	0.0	0.0	0.0	0.0	0.0
134	0.0	0.0	0.0	0.0	0.0	0.0	0.0
135	0.0	0.0	0.0	0.0	0.0	0.0	0.0
136	1.0	0.0	0.0	0.0	1.0	2.0	0.0
137	0.0	0.0	0.0	0.0	0.0	0.0	0.0
138	0.0	0.0	0.0	0.0	0.0	0.0	0.0
139	0.0	2.0	0.0	0.0	1.0	2.0	0.0
140	2.0	0.0	2.0	0.0	1.3360000000000003	4.664	2.0
141	2.0	0.0	2.0	0.0	2.0	4.0	2.0
142	1.0	0.0	0.0	0.0	1.0	2.0	0.0
143	1.0	0.0	0.0	0.0	0.3330000000000002	2.667	0.0
144	2.0	0.0	1.0	0.0	2.0	4.0	1.0
145	0.0	0.0	0.0	0.0	0.0	0.0	0.0
146	1.0	0.0	1.0	0.0	1.0	2.0	1.0
147	2.0	0.0	2.0	0.0	2.0	4.0	2.0
148	1.0	0.0	1.0	0.0	1.0	2.0	1.0
149	0.0	0.0	0.0	0.0	0.0	0.0	0.0
150	0.0	0.0	0.0	0.0	0.0	0.0	0.0
151	1.0	0.0	0.0	0.0	1.0	2.0	0.0
152	1.0	0.0	0.0	0.0	1.0	2.0	0.0
153	1.0	0.0	1.0	0.0	0.6680000000000001	2.332	1.0
154	0.0	0.0	0.0	0.0	0.0	0.0	0.0
155	0.0	0.0	0.0	0.0	0.0	0.0	0.0
156	0.0	1.0	0.0	1.0	0.3330000000000002	2.667	1.0
157	1.0	0.0	1.0	0.0	0.6680000000000001	2.332	1.0
158	0.0	0.0	0.0	0.0	0.0	0.0	0.0
159	1.0	2.0	0.0	2.0	0.6660000000000004	5.334	1.0
160	2.0	0.0	1.0	0.0	2.0	4.0	1.0
161	3.0	0.0	1.0	0.0	3.8	5.2	1.0
162	1.0	0.0	1.0	0.0	0.3330000000000002	2.667	1.0
163	0.0	0.0	0.0	0.0	0.0	0.0	0.0
164	0.0	0.0	0.0	0.0	0.0	0.0	0.0
165	0.0	0.0	0.0	0.0	0.0	0.0	0.0
166	0.0	3.0	0.0	3.0	1.3330000000000002	4.667	2.0
167	0.0	0.0	0.0	0.0	0.0	0.0	0.0
168	0.0	0.0	0.0	0.0	0.0	0.0	0.0
169	1.0	1.0	1.0	1.0	1.6680000000000001	4.332	2.0
170	0.0	0.0	0.0	0.0	0.0	0.0	0.0
171	0.0	0.0	0.0	0.0	0.0	0.0	0.0
172	2.0	0.0	1.0	0.0	2.0	4.0	1.0
173	1.0	0.0	1.0	0.0	1.0	2.0	1.0
174	2.0	0.0	1.0	0.0	2.4	3.6	1.0
175	1.0	0.0	1.0	0.0	1.0	2.0	1.0
176	2.0	0.0	1.0	0.0	2.0	4.0	1.0
177	0.0	0.0	0.0	0.0	0.0	0.0	0.0
178	0.0	0.0	0.0	0.0	0.0	0.0	0.0
179	0.0	0.0	0.0	0.0	0.0	0.0	0.0
180	3.0	1.0	2.0	1.0	4.0	8.0	3.0
181	0.0	0.0	0.0	0.0	0.0	0.0	0.0
182	0.0	0.0	0.0	0.0	0.0	0.0	0.0
183	0.0	0.0	0.0	0.0	0.0	0.0	0.0
184	0.0	0.0	0.0	0.0	0.0	0.0	0.0
185	0.0	1.0	0.0	1.0	1.0	2.0	1.0
186	0.0	0.0	0.0	0.0	0.0	0.0	0.0
187	0.0	0.0	0.0	0.0	0.0	0.0	0.0
188	1.0	0.0	1.0	0.0	1.0	2.0	1.0
189	0.0	0.0	0.0	0.0	0.0	0.0	0.0
190	0.0	1.0	0.0	1.0	1.0	2.0	1.0
191	1.0	0.0	1.0	0.0	1.0	2.0	1.0
192	0.0	0.0	0.0	0.0	0.0	0.0	0.0
193	1.0	1.0	1.0	1.0	0.3330000000000002	2.667	1.0
194	0.0	1.0	0.0	1.0	0.3330000000000002	2.667	1.0
195	1.0	0.0	1.0	0.0	1.0	2.0	1.0
196	1.0	1.0	1.0	1.0	1.6680000000000001	4.332	2.0
197	1.0	0.0	0.0	0.0	0.3330000000000002	2.667	0.0
198	0.0	0.0	0.0	0.0	0.0	0.0	0.0
199	1.0	0.0	0.0	0.0	0.6680000000000001	2.332	0.0
200	1.0	0.0	1.0	0.0	1.4	1.6	1.0
201	2.0	2.0	2.0	2.0	1.3330000000000002	4.667	2.0
202	0.0	0.0	0.0	0.0	0.0	0.0	0.0
203	1.0	0.0	1.0	0.0	1.0	2.0	1.0
204	2.0	0.0	1.0	0.0	2.4	3.6	1.0
205	2.0	1.0	0.0	1.0	0.9990000000000006	8.001	1.0
206	0.0	1.0	0.0	1.0	0.3330000000000002	2.667	1.0
207	2.0	0.0	1.0	0.0	2.4	3.6	1.0
208	1.0	0.0	0.0	0.0	1.0	2.0	0.0
209	1.0	0.0	1.0	0.0	1.0	2.0	1.0
210	1.0	0.0	1.0	0.0	0.3330000000000002	2.667	1.0
211	1.0	0.0	0.0	0.0	1.0	2.0	0.0
212	2.0	0.0	1.0	0.0	2.0	4.0	1.0
213	0.0	0.0	0.0	0.0	0.0	0.0	0.0
214	1.0	0.0	0.0	0.0	0.3330000000000002	2.667	0.0
215	0.0	2.0	0.0	2.0	2.0	4.0	2.0
216	1.0	0.0	1.0	0.0	0.3330000000000002	2.667	1.0
217	1.0	0.0	1.0	0.0	0.3330000000000002	2.667	1.0
218	0.0	1.0	0.0	1.0	1.0	2.0	1.0
219	0.0	0.0	0.0	0.0	0.0	0.0	0.0
220	0.0	0.0	0.0	0.0	0.0	0.0	0.0
221	0.0	0.0	0.0	0.0	0.0	0.0	0.0
222	2.0	0.0	2.0	0.0	2.0	4.0	2.0
223	1.0	0.0	1.0	0.0	0.3330000000000002	2.667	1.0
224	0.0	0.0	0.0	0.0	0.0	0.0	0.0
225	0.0	0.0	0.0	0.0	0.0	0.0	0.0
226	0.0	0.0	0.0	0.0	0.0	0.0	0.0
227	2.0	4.0	1.0	2.0	1.3330000000000002	4.667	1.0
228	0.0	0.0	0.0	0.0	0.0	0.0	0.0
229	0.0	0.0	0.0	0.0	0.0	0.0	0.0
230	1.0	0.0	1.0	0.0	0.3330000000000002	2.667	1.0
231	2.0	0.0	1.0	0.0	2.0	4.0	1.0
232	3.0	0.0	2.0	0.0	3.0	6.0	2.0
233	1.0	0.0	1.0	0.0	1.0	2.0	1.0
234	0.0	0.0	0.0	0.0	0.0	0.0	0.0
235	2.0	0.0	2.0	0.0	2.8	3.2	2.0
236	0.0	0.0	0.0	0.0	0.0	0.0	0.0
237	2.0	1.0	2.0	0.0	3.0	6.0	2.0
238	1.0	0.0	1.0	0.0	1.0	2.0	1.0
239	1.0	1.0	1.0	1.0	1.6680000000000001	4.332	2.0
240	1.0	0.0	1.0	0.0	0.3330000000000002	2.667	1.0
241	1.0	0.0	1.0	0.0	1.0	2.0	1.0
242	2.0	0.0	2.0	0.0	0.6660000000000004	5.334	2.0
243	1.0	1.0	0.0	1.0	0.6660000000000004	5.334	1.0
244	2.0	2.0	1.0	2.0	3.0	6.0	2.0
245	1.0	0.0	1.0	0.0	1.0	2.0	1.0
246	2.0	3.0	1.0	2.0	2.9990000000000006	12.001	3.0
247	2.0	2.0	1.0	1.0	1.3320000000000007	10.668	2.0
248	1.0	2.0	0.0	0.0	1.0	2.0	0.0
249	2.0	2.0	2.0	1.0	3.333	8.667	3.0
250	1.0	2.0	1.0	2.0	1.3330000000000002	4.667	2.0
251	3.0	2.0	2.0	0.0	3.333	8.667	2.0
252	4.0	2.0	3.0	2.0	4.333	10.667	4.0
253	3.0	3.0	2.0	1.0	3.9990000000000006	14.001	3.0
254	3.0	3.0	2.0	2.0	5.0	10.0	3.0
255	2.0	1.0	1.0	0.0	2.0	4.0	1.0
256	2.0	1.0	1.0	1.0	2.0	4.0	1.0
257	2.0	3.0	1.0	2.0	3.6660000000000004	11.334	3.0
258	1.0	3.0	0.0	2.0	4.0	8.0	2.0
259	1.0	5.0	1.0	2.0	3.333	11.667	2.0
260	0.0	1.0	0.0	1.0	1.0	2.0	1.0
261	0.0	0.0	0.0	0.0	0.0	0.0	0.0
262	0.0	0.0	0.0	0.0	0.0	0.0	0.0
263	0.0	0.0	0.0	0.0	0.0	0.0	0.0
