all_syn	all_nonSyn	tip_syn	tip_nonSyn	S	N	comparisons
001	0.0	0.0	0.0	0.0	0.0	0.0	0.0
002	0.0	0.0	0.0	0.0	0.0	0.0	0.0
003	0.0	0.0	0.0	0.0	0.0	0.0	0.0
004	0.0	0.0	0.0	0.0	0.0	0.0	0.0
005	0.0	0.0	0.0	0.0	0.0	0.0	0.0
006	1.0	2.0	0.0	0.0	1.0	2.0	0.0
007	2.0	4.0	1.0	1.0	2.6660000000000004	12.334	2.0
008	0.0	1.0	0.0	0.0	1.0	2.0	0.0
009	2.0	3.0	0.0	0.0	3.0010000000000003	8.998999999999999	0.0
010	2.0	2.0	1.0	1.0	4.0	8.0	2.0
011	0.0	2.0	0.0	2.0	1.0	2.0	1.0
012	1.0	1.0	0.0	1.0	2.0	4.0	1.0
013	2.0	0.0	0.0	0.0	0.6680000000000001	2.332	0.0
014	1.0	3.0	0.0	1.0	1.6680000000000001	4.332	1.0
015	1.0	2.0	0.0	0.0	0.3330000000000002	2.667	0.0
016	2.0	0.0	1.0	0.0	2.068	3.932	1.0
017	0.0	0.0	0.0	0.0	0.0	0.0	0.0
018	0.0	0.0	0.0	0.0	0.0	0.0	0.0
019	1.0	1.0	0.0	0.0	1.0	2.0	0.0
020	1.0	0.0	0.0	0.0	1.0	2.0	0.0
021	1.0	1.0	0.0	0.0	2.0	4.0	0.0
022	0.0	2.0	0.0	0.0	0.3330000000000002	2.667	0.0
023	1.0	2.0	0.0	0.0	1.0	2.0	0.0
024	2.0	1.0	1.0	0.0	3.0	6.0	1.0
025	2.0	1.0	2.0	0.0	3.0	6.0	2.0
026	1.0	2.0	0.0	0.0	1.3330000000000002	4.667	0.0
027	3.0	4.0	2.0	2.0	5.668	12.332	4.0
028	1.0	2.0	0.0	0.0	1.3330000000000002	4.667	0.0
029	0.0	3.0	0.0	1.0	2.333	6.667	1.0
030	0.0	3.0	0.0	1.0	3.068	5.932	1.0
031	3.0	1.0	0.0	0.0	2.3360000000000003	6.664	0.0
032	2.0	2.0	1.0	0.0	2.0	4.0	1.0
033	1.0	2.0	0.0	0.0	0.6680000000000001	2.332	0.0
034	2.0	1.0	1.0	0.0	2.3360000000000003	6.664	1.0
035	1.0	1.0	0.0	1.0	1.3330000000000002	4.667	1.0
036	2.0	0.0	1.0	0.0	1.3360000000000003	4.664	1.0
037	1.0	1.0	0.0	0.0	1.6680000000000001	4.332	0.0
038	1.0	2.0	1.0	0.0	2.0	4.0	1.0
039	1.0	1.0	1.0	0.0	0.6660000000000004	5.334	1.0
040	2.0	0.0	0.0	0.0	0.6660000000000004	5.334	0.0
041	1.0	0.0	0.0	0.0	0.3330000000000002	2.667	0.0
042	1.0	0.0	1.0	0.0	1.0	2.0	1.0
043	2.0	2.0	2.0	0.0	3.466	8.533999999999999	2.0
044	1.0	1.0	0.0	0.0	0.6660000000000004	5.334	0.0
045	0.0	4.0	0.0	2.0	3.0010000000000003	8.998999999999999	2.0
046	1.0	2.0	0.0	0.0	1.3330000000000002	4.667	0.0
047	1.0	2.0	0.0	0.0	1.0	2.0	0.0
048	2.0	1.0	1.0	1.0	3.0	6.0	2.0
049	1.0	4.0	0.0	0.0	3.0	6.0	0.0
050	2.0	2.0	1.0	1.0	3.0	6.0	1.0
051	1.0	0.0	1.0	0.0	0.3330000000000002	2.667	1.0
052	1.0	3.0	1.0	1.0	3.0	6.0	2.0
053	1.0	1.0	0.0	0.0	1.0	2.0	0.0
054	3.0	0.0	2.0	0.0	3.0	6.0	2.0
055	2.0	1.0	0.0	0.0	3.8	5.2	0.0
056	2.0	1.0	1.0	0.0	1.733	4.2669999999999995	1.0
057	4.0	1.0	2.0	0.0	4.336	10.664000000000001	2.0
058	0.0	3.0	0.0	0.0	1.6660000000000004	7.334	0.0
059	2.0	3.0	1.0	1.0	1.9990000000000006	10.001	1.0
060	3.0	4.0	2.0	2.0	3.6690000000000005	14.331	3.0
061	2.0	3.0	1.0	1.0	3.333	11.667	2.0
062	3.0	3.0	2.0	2.0	3.333	8.667	2.0
063	2.0	2.0	2.0	1.0	1.6660000000000004	7.334	2.0
064	2.0	5.0	1.0	4.0	3.3320000000000007	14.668	4.0
065	1.0	2.0	1.0	2.0	1.0	2.0	1.0
066	2.0	0.0	1.0	0.0	2.0	4.0	1.0
067	1.0	4.0	0.0	4.0	1.6670000000000007	10.332999999999998	3.0
068	4.0	2.0	2.0	2.0	3.333	8.667	2.0
069	3.0	2.0	2.0	2.0	4.0	8.0	3.0
070	2.0	0.0	2.0	0.0	0.6660000000000004	5.334	2.0
071	2.0	6.0	2.0	2.0	3.7320000000000007	14.267999999999999	2.0
072	1.0	2.0	1.0	1.0	0.6660000000000004	5.334	1.0
073	2.0	1.0	0.0	1.0	3.4	5.6	1.0
074	2.0	1.0	1.0	1.0	1.3330000000000002	4.667	1.0
075	0.0	0.0	0.0	0.0	0.0	0.0	0.0
076	1.0	5.0	1.0	4.0	3.3990000000000005	11.600999999999999	4.0
077	3.0	0.0	1.0	0.0	3.068	5.932	1.0
078	0.0	0.0	0.0	0.0	0.0	0.0	0.0
079	0.0	2.0	0.0	1.0	2.0	4.0	1.0
080	3.0	3.0	2.0	3.0	5.0	10.0	4.0
081	1.0	1.0	1.0	1.0	1.0	2.0	1.0
082	1.0	2.0	0.0	0.0	2.0	4.0	0.0
083	0.0	1.0	0.0	0.0	0.3330000000000002	2.667	0.0
084	2.0	3.0	1.0	2.0	2.333	6.667	2.0
085	2.0	4.0	1.0	4.0	1.3340000000000005	7.6659999999999995	2.0
086	1.0	5.0	1.0	5.0	2.6660000000000004	9.334	4.0
087	1.0	2.0	1.0	2.0	1.3330000000000002	4.667	2.0
088	3.0	4.0	1.0	3.0	1.9990000000000006	10.001	2.0
089	1.0	2.0	1.0	1.0	1.6690000000000005	7.3309999999999995	2.0
090	1.0	2.0	1.0	0.0	3.068	5.932	1.0
091	2.0	2.0	2.0	2.0	2.733	6.2669999999999995	3.0
092	3.0	2.0	2.0	1.0	4.0	8.0	3.0
093	1.0	3.0	1.0	3.0	1.6680000000000001	7.332	3.0
094	3.0	0.0	1.0	0.0	3.4	5.6	1.0
095	0.0	0.0	0.0	0.0	0.0	0.0	0.0
096	0.0	0.0	0.0	0.0	0.0	0.0	0.0
097	0.0	0.0	0.0	0.0	0.0	0.0	0.0
098	2.0	2.0	2.0	2.0	2.333	6.667	3.0
099	3.0	0.0	2.0	0.0	0.9990000000000006	8.001	2.0
100	2.0	1.0	1.0	1.0	1.3330000000000002	4.667	1.0
101	1.0	3.0	0.0	3.0	1.3340000000000005	7.6659999999999995	2.0
102	1.0	5.0	1.0	3.0	2.9990000000000006	12.001	3.0
103	1.0	2.0	0.0	1.0	0.6660000000000004	5.334	1.0
104	2.0	4.0	1.0	1.0	3.6690000000000005	11.331	2.0
105	1.0	2.0	0.0	0.0	0.3330000000000002	2.667	0.0
106	3.0	3.0	2.0	2.0	3.6690000000000005	11.331	3.0
107	2.0	1.0	1.0	1.0	3.0	6.0	2.0
108	2.0	2.0	1.0	2.0	2.333	6.667	2.0
109	1.0	1.0	0.0	1.0	1.0010000000000003	4.999	1.0
110	0.0	0.0	0.0	0.0	0.0	0.0	0.0
111	2.0	1.0	1.0	0.0	2.0	4.0	1.0
112	2.0	0.0	1.0	0.0	2.0	4.0	1.0
113	2.0	2.0	0.0	0.0	2.333	6.667	0.0
114	0.0	4.0	0.0	2.0	2.6660000000000004	9.334	2.0
115	0.0	0.0	0.0	0.0	0.0	0.0	0.0
116	1.0	3.0	0.0	1.0	1.3320000000000007	10.668	1.0
117	1.0	2.0	0.0	1.0	2.333	6.667	1.0
118	0.0	4.0	0.0	1.0	0.9990000000000006	8.001	1.0
119	1.0	4.0	0.0	1.0	2.6660000000000004	9.334	1.0
120	2.0	2.0	0.0	0.0	1.3330000000000002	4.667	0.0
121	3.0	4.0	1.0	0.0	4.001	10.998999999999999	1.0
122	2.0	1.0	0.0	0.0	3.0	6.0	0.0
123	1.0	2.0	0.0	1.0	1.6680000000000001	7.332	1.0
124	0.0	2.0	0.0	0.0	1.3330000000000002	4.667	0.0
125	2.0	2.0	1.0	0.0	3.068	5.932	1.0
126	1.0	5.0	1.0	2.0	2.668000000000001	15.331999999999999	3.0
127	2.0	1.0	2.0	0.0	1.6660000000000004	7.334	2.0
128	1.0	4.0	0.0	1.0	1.6660000000000004	7.334	1.0
129	2.0	1.0	1.0	0.0	3.4	5.6	1.0
130	1.0	3.0	1.0	0.0	2.333	6.667	1.0
131	1.0	2.0	0.0	0.0	1.3330000000000002	4.667	0.0
132	1.0	2.0	0.0	0.0	1.3330000000000002	4.667	0.0
133	1.0	5.0	0.0	3.0	1.9990000000000006	10.001	2.0
134	0.0	3.0	0.0	2.0	2.333	6.667	2.0
135	1.0	0.0	1.0	0.0	1.0	2.0	1.0
136	3.0	1.0	2.0	0.0	3.333	8.667	2.0
137	3.0	4.0	2.0	4.0	5.001	12.999	5.0
138	2.0	2.0	1.0	0.0	2.733	6.2669999999999995	1.0
139	3.0	1.0	2.0	1.0	4.0	8.0	3.0
140	2.0	2.0	0.0	2.0	4.0	8.0	2.0
141	4.0	1.0	2.0	1.0	3.4010000000000002	8.599	2.0
142	1.0	0.0	1.0	0.0	0.3330000000000002	2.667	1.0
143	2.0	2.0	1.0	1.0	1.3330000000000002	7.667	1.0
144	1.0	2.0	0.0	2.0	0.9990000000000006	8.001	2.0
145	2.0	2.0	2.0	1.0	2.333	6.667	2.0
146	2.0	0.0	1.0	0.0	2.0	4.0	1.0
147	4.0	0.0	3.0	0.0	4.0	8.0	3.0
148	1.0	4.0	1.0	3.0	3.4010000000000002	8.599	3.0
149	1.0	0.0	1.0	0.0	1.0	2.0	1.0
150	2.0	2.0	1.0	2.0	0.9990000000000006	8.001	2.0
151	0.0	1.0	0.0	1.0	1.0	2.0	1.0
152	3.0	2.0	2.0	2.0	4.0	8.0	3.0
153	2.0	3.0	2.0	1.0	1.9990000000000006	10.001	3.0
154	1.0	2.0	0.0	2.0	0.6660000000000004	5.334	1.0
155	1.0	0.0	0.0	0.0	0.3330000000000002	2.667	0.0
156	4.0	2.0	3.0	0.0	3.3320000000000007	14.668	3.0
157	2.0	3.0	1.0	2.0	3.333	8.667	2.0
158	1.0	4.0	0.0	3.0	1.9990000000000006	10.001	2.0
159	3.0	3.0	1.0	3.0	2.6670000000000007	12.332999999999998	3.0
160	0.0	2.0	0.0	2.0	0.3330000000000002	2.667	1.0
161	2.0	1.0	2.0	1.0	0.9990000000000006	8.001	3.0
162	1.0	0.0	0.0	0.0	1.0	2.0	0.0
163	0.0	4.0	0.0	3.0	2.0	10.0	3.0
164	4.0	2.0	3.0	1.0	3.0010000000000003	8.998999999999999	2.0
165	1.0	3.0	0.0	2.0	1.3320000000000007	10.668	2.0
166	1.0	2.0	1.0	0.0	2.0	4.0	1.0
167	1.0	4.0	1.0	0.0	1.9990000000000006	10.001	1.0
168	1.0	3.0	1.0	0.0	1.6690000000000005	7.3309999999999995	1.0
169	1.0	2.0	0.0	1.0	1.6660000000000004	7.334	1.0
170	1.0	4.0	0.0	2.0	1.665000000000001	13.334999999999999	2.0
171	1.0	3.0	1.0	2.0	1.3330000000000002	4.667	1.0
172	0.0	2.0	0.0	0.0	1.0	2.0	0.0
173	2.0	0.0	1.0	0.0	2.0	4.0	1.0
174	1.0	1.0	1.0	0.0	0.6660000000000004	5.334	1.0
175	2.0	0.0	1.0	0.0	2.0	4.0	1.0
176	0.0	0.0	0.0	0.0	0.0	0.0	0.0
177	3.0	3.0	3.0	0.0	2.6690000000000005	9.331	3.0
178	1.0	1.0	1.0	0.0	0.6660000000000004	5.334	1.0
179	3.0	1.0	1.0	0.0	1.6660000000000004	7.334	1.0
180	0.0	2.0	0.0	0.0	0.0	3.0	0.0
181	3.0	1.0	1.0	0.0	2.333	6.667	1.0
182	2.0	0.0	1.0	0.0	0.6660000000000004	5.334	1.0
183	0.0	2.0	0.0	0.0	1.3330000000000002	4.667	0.0
184	1.0	0.0	0.0	0.0	1.0	2.0	0.0
185	2.0	2.0	0.0	1.0	2.0	7.0	1.0
186	3.0	0.0	0.0	0.0	2.668	6.332	0.0
187	0.0	1.0	0.0	0.0	0.3330000000000002	2.667	0.0
188	1.0	0.0	0.0	0.0	1.0	2.0	0.0
189	2.0	2.0	2.0	0.0	4.0	8.0	2.0
190	1.0	2.0	0.0	0.0	1.6660000000000004	7.334	0.0
191	2.0	1.0	0.0	0.0	2.0	4.0	0.0
192	1.0	2.0	1.0	0.0	1.3340000000000005	7.6659999999999995	1.0
193	2.0	0.0	0.0	0.0	1.6680000000000001	4.332	0.0
194	1.0	0.0	0.0	0.0	0.3330000000000002	2.667	0.0
195	3.0	1.0	1.0	0.0	3.0	6.0	1.0
196	2.0	0.0	1.0	0.0	0.6660000000000004	5.334	1.0
197	1.0	1.0	1.0	0.0	2.0	4.0	1.0
198	1.0	3.0	0.0	1.0	2.0010000000000003	6.999	1.0
199	1.0	2.0	0.0	1.0	1.6680000000000001	4.332	1.0
200	2.0	2.0	2.0	0.0	1.6660000000000004	7.334	2.0
201	4.0	3.0	2.0	3.0	3.9990000000000006	14.001	4.0
202	2.0	2.0	1.0	2.0	3.0	6.0	2.0
203	2.0	3.0	1.0	1.0	2.6660000000000004	9.334	2.0
204	1.0	2.0	0.0	2.0	2.0	4.0	1.0
205	2.0	2.0	0.0	2.0	3.0	6.0	1.0
206	0.0	2.0	0.0	1.0	0.6660000000000004	5.334	1.0
207	2.0	2.0	0.0	0.0	1.3330000000000002	4.667	0.0
208	2.0	2.0	1.0	1.0	3.668	8.332	2.0
209	2.0	1.0	2.0	0.0	3.0	6.0	2.0
210	2.0	0.0	1.0	0.0	2.0	4.0	1.0
211	2.0	0.0	1.0	0.0	2.8	3.2	1.0
212	2.0	2.0	1.0	2.0	1.3330000000000002	4.667	1.0
213	1.0	2.0	1.0	2.0	1.0	2.0	1.0
214	3.0	0.0	2.0	0.0	3.0	6.0	2.0
215	1.0	1.0	1.0	0.0	2.0	4.0	1.0
216	2.0	2.0	1.0	1.0	3.333	8.667	2.0
217	1.0	0.0	0.0	0.0	0.3330000000000002	2.667	0.0
218	3.0	2.0	1.0	1.0	2.3320000000000007	12.668	2.0
219	1.0	0.0	0.0	0.0	0.3330000000000002	2.667	0.0
220	2.0	2.0	1.0	2.0	1.3330000000000002	4.667	1.0
221	0.0	0.0	0.0	0.0	0.0	0.0	0.0
222	0.0	0.0	0.0	0.0	0.0	0.0	0.0
223	0.0	2.0	0.0	2.0	1.0	2.0	1.0
224	2.0	0.0	0.0	0.0	2.0	4.0	0.0
225	1.0	2.0	1.0	2.0	1.0	2.0	1.0
226	1.0	2.0	1.0	2.0	0.3330000000000002	2.667	1.0
227	1.0	1.0	1.0	1.0	0.6660000000000004	5.334	2.0
228	1.0	0.0	1.0	0.0	0.3330000000000002	2.667	1.0
229	1.0	0.0	0.0	0.0	0.3330000000000002	2.667	0.0
230	2.0	2.0	1.0	2.0	2.333	6.667	2.0
231	1.0	1.0	0.0	0.0	0.6660000000000004	5.334	0.0
232	2.0	0.0	1.0	0.0	1.3360000000000003	4.664	1.0
233	0.0	0.0	0.0	0.0	0.0	0.0	0.0
234	1.0	1.0	0.0	0.0	1.6680000000000001	4.332	0.0
235	2.0	2.0	0.0	2.0	0.6660000000000004	8.334	1.0
236	3.0	0.0	1.0	0.0	3.0	6.0	1.0
237	2.0	1.0	1.0	1.0	2.0	4.0	1.0
238	2.0	3.0	2.0	2.0	2.3320000000000007	12.668	4.0
239	4.0	1.0	2.0	1.0	5.468	9.532	3.0
240	3.0	0.0	3.0	0.0	3.0	6.0	3.0
241	4.0	2.0	3.0	2.0	4.668	10.332	4.0
242	2.0	2.0	1.0	0.0	1.3330000000000002	4.667	1.0
243	2.0	1.0	1.0	1.0	1.6680000000000001	4.332	1.0
244	0.0	0.0	0.0	0.0	0.0	0.0	0.0
245	0.0	0.0	0.0	0.0	0.0	0.0	0.0
246	0.0	0.0	0.0	0.0	0.0	0.0	0.0
247	0.0	0.0	0.0	0.0	0.0	0.0	0.0
248	2.0	4.0	2.0	2.0	2.6670000000000007	12.333	3.0
249	2.0	3.0	2.0	2.0	4.668	10.332	4.0
250	2.0	2.0	0.0	2.0	0.9990000000000006	8.001	1.0
251	2.0	6.0	1.0	4.0	3.3320000000000007	14.668	3.0
252	1.0	3.0	0.0	2.0	3.668	8.332	2.0
253	5.0	0.0	3.0	0.0	3.668	8.332	2.0
254	3.0	1.0	3.0	1.0	2.333	6.667	3.0
255	3.0	0.0	2.0	0.0	3.0	6.0	2.0
256	1.0	0.0	1.0	0.0	1.0	2.0	1.0
257	0.0	1.0	0.0	1.0	0.6680000000000001	2.332	1.0
258	1.0	3.0	0.0	2.0	3.333	8.667	2.0
259	0.0	2.0	0.0	2.0	0.3330000000000002	2.667	1.0
260	2.0	1.0	2.0	1.0	1.3360000000000003	7.664	3.0
261	2.0	1.0	2.0	1.0	0.6660000000000004	5.334	2.0
262	2.0	0.0	1.0	0.0	2.0	4.0	1.0
263	3.0	0.0	3.0	0.0	3.0	6.0	3.0
264	3.0	1.0	2.0	1.0	4.0	8.0	3.0
265	2.0	2.0	0.0	1.0	3.0660000000000003	8.934	1.0
266	2.0	2.0	1.0	2.0	3.0	6.0	2.0
267	2.0	3.0	1.0	1.0	2.333	6.667	1.0
268	2.0	0.0	1.0	0.0	2.0	4.0	1.0
269	2.0	2.0	1.0	2.0	2.333	6.667	2.0
270	2.0	0.0	1.0	0.0	2.0	4.0	1.0
271	1.0	2.0	0.0	2.0	0.6660000000000004	5.334	1.0
272	1.0	1.0	0.0	1.0	0.6660000000000004	5.334	1.0
273	4.0	2.0	2.0	2.0	5.0	10.0	3.0
274	3.0	2.0	2.0	2.0	2.4010000000000002	6.599	2.0
275	1.0	1.0	1.0	1.0	1.3330000000000002	4.667	2.0
276	1.0	0.0	0.0	0.0	0.3330000000000002	2.667	0.0
277	4.0	2.0	1.0	2.0	4.0	8.0	1.0
278	3.0	2.0	2.0	2.0	4.0	8.0	3.0
279	2.0	0.0	2.0	0.0	0.6660000000000004	5.334	2.0
280	1.0	4.0	1.0	3.0	3.736	8.264	3.0
281	2.0	0.0	2.0	0.0	2.0	4.0	2.0
282	2.0	0.0	1.0	0.0	2.0	4.0	1.0
283	3.0	0.0	1.0	0.0	2.668	6.332	1.0
284	2.0	0.0	1.0	0.0	2.0	4.0	1.0
285	3.0	0.0	3.0	0.0	0.9990000000000006	8.001	3.0
286	2.0	1.0	1.0	1.0	2.668	6.332	2.0
287	4.0	0.0	3.0	0.0	4.0	8.0	3.0
288	3.0	2.0	2.0	2.0	5.0	10.0	4.0
289	1.0	0.0	1.0	0.0	1.0	2.0	1.0
290	3.0	1.0	2.0	1.0	4.0	8.0	3.0
291	0.0	0.0	0.0	0.0	0.0	0.0	0.0
292	0.0	0.0	0.0	0.0	0.0	0.0	0.0
293	1.0	0.0	0.0	0.0	0.3330000000000002	2.667	0.0
294	3.0	0.0	3.0	0.0	1.6680000000000001	4.332	2.0
295	2.0	0.0	1.0	0.0	2.4	3.6	1.0
296	1.0	0.0	0.0	0.0	1.0	2.0	0.0
297	3.0	1.0	1.0	1.0	3.333	8.667	2.0
298	2.0	3.0	1.0	2.0	3.068	8.932	2.0
299	2.0	0.0	2.0	0.0	2.0	4.0	2.0
300	2.0	4.0	0.0	3.0	1.3320000000000007	13.668	2.0
301	3.0	1.0	1.0	1.0	2.736	6.263999999999999	1.0
302	2.0	0.0	1.0	0.0	2.0	4.0	1.0
303	4.0	1.0	1.0	1.0	2.6690000000000005	9.331	2.0
304	1.0	1.0	1.0	1.0	0.6660000000000004	5.334	2.0
305	0.0	0.0	0.0	0.0	0.0	0.0	0.0
306	2.0	3.0	1.0	3.0	1.6660000000000004	7.334	2.0
307	1.0	2.0	1.0	1.0	1.0010000000000003	4.999	1.0
308	2.0	2.0	2.0	2.0	1.3330000000000002	4.667	2.0
309	3.0	1.0	3.0	1.0	1.3320000000000007	10.668	4.0
310	1.0	0.0	1.0	0.0	1.0	2.0	1.0
311	1.0	0.0	1.0	0.0	0.3330000000000002	2.667	1.0
312	3.0	1.0	2.0	1.0	1.3340000000000005	7.6659999999999995	2.0
313	2.0	1.0	1.0	1.0	3.0	6.0	2.0
314	3.0	1.0	2.0	1.0	4.468	7.532	3.0
315	2.0	1.0	1.0	1.0	3.0	6.0	2.0
316	2.0	0.0	0.0	0.0	0.6660000000000004	5.334	0.0
317	1.0	0.0	1.0	0.0	0.3330000000000002	2.667	1.0
318	3.0	0.0	1.0	0.0	2.0040000000000004	6.9959999999999996	1.0
319	2.0	3.0	1.0	2.0	2.733	6.2669999999999995	2.0
320	2.0	0.0	1.0	0.0	2.0	4.0	1.0
321	2.0	0.0	0.0	0.0	2.068	3.932	0.0
322	1.0	2.0	0.0	2.0	0.6660000000000004	5.334	1.0
323	0.0	0.0	0.0	0.0	0.0	0.0	0.0
324	2.0	0.0	1.0	0.0	2.0	4.0	1.0
325	2.0	3.0	1.0	2.0	3.0	6.0	1.0
326	1.0	1.0	0.0	1.0	0.6660000000000004	5.334	1.0
327	1.0	2.0	0.0	2.0	0.9990000000000006	8.001	2.0
328	2.0	0.0	1.0	0.0	1.3360000000000003	4.664	1.0
329	3.0	2.0	1.0	2.0	2.668	6.332	1.0
330	1.0	1.0	0.0	1.0	1.3330000000000002	4.667	1.0
331	3.0	0.0	2.0	0.0	0.9990000000000006	8.001	2.0
332	3.0	0.0	3.0	0.0	3.0	6.0	3.0
333	3.0	0.0	3.0	0.0	3.0	6.0	3.0
334	1.0	0.0	1.0	0.0	0.3330000000000002	2.667	1.0
335	2.0	0.0	1.0	0.0	2.0	4.0	1.0
336	3.0	5.0	1.0	4.0	3.665000000000001	17.335	4.0
337	3.0	2.0	2.0	1.0	3.3370000000000006	11.663	3.0
338	1.0	1.0	1.0	1.0	1.0	2.0	1.0
339	1.0	0.0	1.0	0.0	1.0	2.0	1.0
340	1.0	1.0	1.0	1.0	1.6680000000000001	4.332	2.0
341	2.0	2.0	2.0	2.0	2.333	6.667	3.0
342	2.0	0.0	2.0	0.0	2.0	4.0	2.0
343	0.0	1.0	0.0	1.0	0.3330000000000002	2.667	1.0
344	3.0	0.0	3.0	0.0	3.0	6.0	3.0
345	2.0	0.0	2.0	0.0	2.0	4.0	2.0
346	2.0	0.0	1.0	0.0	2.0	4.0	1.0
347	2.0	2.0	2.0	2.0	3.0	6.0	3.0
348	3.0	2.0	1.0	2.0	2.0	7.0	1.0
349	1.0	1.0	1.0	1.0	2.0	4.0	2.0
350	2.0	1.0	1.0	1.0	1.6680000000000001	4.332	1.0
351	3.0	0.0	2.0	0.0	3.0	6.0	2.0
352	1.0	2.0	0.0	2.0	1.3330000000000002	4.667	1.0
353	2.0	1.0	2.0	0.0	1.6680000000000001	7.332	2.0
354	1.0	1.0	1.0	1.0	1.0	2.0	1.0
355	3.0	1.0	2.0	1.0	4.0	8.0	3.0
356	3.0	0.0	2.0	0.0	3.0	6.0	2.0
357	3.0	0.0	1.0	0.0	3.0	6.0	1.0
358	1.0	1.0	1.0	1.0	0.6660000000000004	5.334	2.0
359	2.0	0.0	1.0	0.0	2.0	4.0	1.0
360	5.0	4.0	2.0	1.0	5.001	12.999	2.0
361	1.0	0.0	0.0	0.0	1.0	2.0	0.0
362	0.0	2.0	0.0	2.0	1.4	1.6	1.0
363	2.0	1.0	0.0	1.0	0.9990000000000006	8.001	1.0
364	3.0	0.0	3.0	0.0	3.0	6.0	3.0
365	2.0	1.0	2.0	0.0	3.0	6.0	2.0
366	4.0	0.0	3.0	0.0	4.0	8.0	3.0
367	3.0	1.0	2.0	1.0	3.0040000000000004	8.995999999999999	3.0
368	4.0	1.0	4.0	1.0	2.668	6.332	3.0
369	1.0	2.0	1.0	2.0	0.3330000000000002	2.667	1.0
370	2.0	2.0	1.0	2.0	1.3330000000000002	4.667	1.0
371	2.0	3.0	1.0	3.0	1.3320000000000007	10.668	3.0
372	2.0	2.0	1.0	2.0	2.4	3.6	1.0
373	2.0	2.0	2.0	2.0	1.3330000000000002	4.667	2.0
374	4.0	0.0	2.0	0.0	4.0	8.0	2.0
375	1.0	4.0	1.0	3.0	3.736	8.264	3.0
376	2.0	2.0	1.0	2.0	3.0	6.0	2.0
377	2.0	1.0	2.0	1.0	0.9990000000000006	8.001	3.0
378	2.0	2.0	1.0	2.0	2.333	6.667	2.0
379	3.0	2.0	2.0	2.0	3.333	8.667	3.0
380	3.0	2.0	2.0	0.0	3.333	8.667	2.0
381	1.0	2.0	1.0	2.0	1.3330000000000002	4.667	2.0
382	2.0	1.0	1.0	0.0	3.0	6.0	1.0
383	1.0	1.0	1.0	1.0	0.6680000000000001	2.332	1.0
384	2.0	1.0	1.0	1.0	0.9990000000000006	8.001	2.0
385	1.0	3.0	1.0	3.0	1.6660000000000004	7.334	3.0
386	4.0	2.0	3.0	1.0	5.0	10.0	3.0
387	3.0	1.0	3.0	1.0	2.3360000000000003	6.664	3.0
388	2.0	2.0	0.0	1.0	1.3320000000000007	10.668	1.0
389	2.0	3.0	2.0	1.0	2.3320000000000007	12.668	3.0
390	2.0	4.0	1.0	3.0	2.6660000000000004	9.334	2.0
391	1.0	4.0	1.0	3.0	2.733	6.2669999999999995	2.0
392	1.0	3.0	0.0	3.0	1.3320000000000007	10.668	3.0
393	4.0	3.0	2.0	2.0	5.336	12.664	3.0
394	2.0	2.0	1.0	2.0	2.333	6.667	2.0
395	2.0	2.0	1.0	2.0	3.0	6.0	2.0
396	1.0	3.0	1.0	2.0	0.9990000000000006	8.001	2.0
397	2.0	2.0	0.0	1.0	4.0	8.0	1.0
398	3.0	1.0	2.0	1.0	2.3360000000000003	6.664	2.0
399	5.0	0.0	3.0	0.0	4.068	7.9319999999999995	2.0
400	2.0	5.0	1.0	4.0	4.666	13.334	4.0
401	2.0	2.0	1.0	2.0	3.0	6.0	2.0
402	3.0	2.0	3.0	2.0	3.0	6.0	3.0
403	1.0	1.0	1.0	1.0	0.6660000000000004	5.334	2.0
404	1.0	0.0	1.0	0.0	0.3330000000000002	2.667	1.0
405	1.0	3.0	1.0	3.0	3.0010000000000003	8.998999999999999	4.0
406	0.0	2.0	0.0	1.0	1.3330000000000002	4.667	1.0
407	2.0	3.0	1.0	2.0	4.333	10.667	3.0
408	3.0	2.0	2.0	1.0	2.6660000000000004	9.334	2.0
409	2.0	2.0	2.0	2.0	1.3330000000000002	4.667	2.0
410	3.0	3.0	2.0	1.0	2.3320000000000007	12.668	3.0
411	2.0	0.0	2.0	0.0	2.0	4.0	2.0
412	1.0	3.0	0.0	2.0	1.9990000000000006	10.001	2.0
413	1.0	0.0	0.0	0.0	0.3330000000000002	2.667	0.0
414	2.0	0.0	1.0	0.0	2.0	4.0	1.0
415	4.0	1.0	3.0	1.0	4.333	10.667	4.0
416	2.0	3.0	2.0	2.0	2.6660000000000004	9.334	3.0
417	3.0	0.0	1.0	0.0	3.0	6.0	1.0
418	3.0	0.0	2.0	0.0	3.0	6.0	2.0
419	0.0	1.0	0.0	0.0	1.0	2.0	0.0
420	2.0	2.0	0.0	1.0	2.6660000000000004	9.334	1.0
421	2.0	3.0	1.0	1.0	1.3320000000000007	10.668	2.0
422	3.0	0.0	1.0	0.0	3.4	5.6	1.0
423	1.0	5.0	1.0	3.0	3.9990000000000006	14.001	4.0
424	1.0	6.0	1.0	4.0	3.6660000000000004	11.334	3.0
425	0.0	0.0	0.0	0.0	0.0	0.0	0.0
426	0.0	0.0	0.0	0.0	0.0	0.0	0.0
427	0.0	0.0	0.0	0.0	0.0	0.0	0.0
428	3.0	2.0	3.0	2.0	4.0	8.0	4.0
429	2.0	0.0	1.0	0.0	2.0	4.0	1.0
430	2.0	2.0	2.0	2.0	1.3330000000000002	4.667	2.0
431	3.0	3.0	1.0	2.0	2.3320000000000007	12.668	2.0
432	3.0	2.0	2.0	1.0	4.4	7.6	2.0
433	3.0	0.0	1.0	0.0	3.0	6.0	1.0
434	3.0	3.0	2.0	1.0	3.0020000000000007	11.998	3.0
435	3.0	0.0	1.0	0.0	0.9990000000000006	8.001	1.0
436	2.0	0.0	1.0	0.0	2.0	4.0	1.0
437	3.0	3.0	0.0	1.0	3.668	8.332	1.0
438	1.0	2.0	0.0	2.0	1.0010000000000003	4.999	1.0
439	2.0	1.0	1.0	1.0	3.068	5.932	2.0
440	2.0	2.0	1.0	2.0	2.0	4.0	1.0
441	3.0	2.0	2.0	1.0	4.0	8.0	3.0
442	2.0	3.0	1.0	2.0	1.3330000000000002	4.667	1.0
443	1.0	2.0	1.0	2.0	0.3330000000000002	2.667	1.0
444	3.0	0.0	2.0	0.0	3.068	5.932	2.0
445	3.0	4.0	2.0	4.0	1.6660000000000004	7.334	2.0
446	3.0	0.0	1.0	0.0	3.068	5.932	1.0
447	1.0	4.0	1.0	3.0	1.9990000000000006	10.001	3.0
448	4.0	0.0	3.0	0.0	4.0	8.0	3.0
449	2.0	3.0	0.0	2.0	2.6660000000000004	9.334	1.0
450	1.0	4.0	1.0	3.0	2.333	6.667	2.0
451	0.0	0.0	0.0	0.0	0.0	0.0	0.0
452	0.0	0.0	0.0	0.0	0.0	0.0	0.0
453	0.0	0.0	0.0	0.0	0.0	0.0	0.0
454	0.0	0.0	0.0	0.0	0.0	0.0	0.0
455	2.0	3.0	1.0	2.0	3.4040000000000004	8.596	2.0
456	2.0	1.0	1.0	0.0	0.9990000000000006	8.001	1.0
457	2.0	1.0	2.0	1.0	2.668	6.332	3.0
458	3.0	1.0	2.0	1.0	1.6660000000000004	7.334	2.0
459	3.0	2.0	2.0	1.0	3.668	8.332	2.0
460	1.0	3.0	1.0	2.0	2.4	9.6	3.0
461	1.0	2.0	1.0	1.0	2.0	4.0	1.0
462	1.0	0.0	1.0	0.0	1.0	2.0	1.0
463	1.0	3.0	1.0	2.0	3.3360000000000003	8.664	3.0
464	4.0	2.0	2.0	1.0	4.0	11.0	3.0
465	1.0	3.0	1.0	2.0	3.0	6.0	2.0
466	0.0	2.0	0.0	1.0	0.6660000000000004	5.334	1.0
467	2.0	1.0	1.0	1.0	0.9990000000000006	8.001	2.0
468	2.0	1.0	2.0	1.0	2.0	4.0	2.0
469	3.0	2.0	2.0	2.0	2.668	6.332	2.0
470	2.0	3.0	2.0	2.0	2.668	6.332	2.0
471	2.0	0.0	1.0	0.0	0.6660000000000004	5.334	1.0
472	4.0	1.0	2.0	1.0	2.736	6.263999999999999	2.0
473	1.0	4.0	1.0	3.0	4.0	8.0	3.0
474	2.0	1.0	2.0	1.0	1.733	4.2669999999999995	2.0
475	2.0	1.0	2.0	1.0	3.4	5.6	3.0
476	3.0	2.0	2.0	0.0	2.6660000000000004	9.334	2.0
477	2.0	1.0	1.0	1.0	1.3340000000000005	7.6659999999999995	2.0
478	0.0	0.0	0.0	0.0	0.0	0.0	0.0
479	2.0	2.0	1.0	2.0	2.668	9.332	3.0
480	3.0	1.0	1.0	1.0	3.0	6.0	1.0
481	2.0	2.0	1.0	2.0	3.0	6.0	2.0
482	1.0	5.0	1.0	3.0	4.668	10.332	3.0
483	1.0	1.0	1.0	0.0	0.6660000000000004	5.334	1.0
484	1.0	5.0	1.0	3.0	1.3320000000000007	10.668	3.0
485	4.0	1.0	2.0	1.0	5.0	10.0	3.0
486	2.0	5.0	2.0	3.0	4.7330000000000005	10.267	3.0
487	0.0	0.0	0.0	0.0	0.0	0.0	0.0
488	3.0	2.0	3.0	2.0	3.0	6.0	3.0
489	3.0	2.0	3.0	0.0	4.0	8.0	3.0
490	5.0	1.0	3.0	1.0	4.0	8.0	2.0
491	1.0	1.0	1.0	1.0	1.733	4.2669999999999995	2.0
492	0.0	0.0	0.0	0.0	0.0	0.0	0.0
493	0.0	0.0	0.0	0.0	0.0	0.0	0.0
494	0.0	0.0	0.0	0.0	0.0	0.0	0.0
495	0.0	0.0	0.0	0.0	0.0	0.0	0.0
496	0.0	0.0	0.0	0.0	0.0	0.0	0.0
497	2.0	2.0	1.0	2.0	2.668	6.332	2.0
498	1.0	0.0	1.0	0.0	1.0	2.0	1.0
499	4.0	2.0	2.0	2.0	5.0	10.0	3.0
500	2.0	3.0	1.0	2.0	2.668	6.332	2.0
501	3.0	2.0	3.0	2.0	2.333	6.667	3.0
502	3.0	1.0	2.0	1.0	4.0	8.0	3.0
503	3.0	5.0	1.0	2.0	3.9990000000000006	14.001	2.0
504	2.0	6.0	1.0	4.0	3.6660000000000004	11.334	3.0
505	2.0	1.0	1.0	0.0	2.068	3.932	1.0
506	2.0	1.0	0.0	0.0	1.6660000000000004	7.334	0.0
507	1.0	2.0	0.0	0.0	3.0	6.0	0.0
508	2.0	2.0	0.0	0.0	1.3330000000000002	4.667	0.0
509	0.0	4.0	0.0	2.0	3.736	8.264	2.0
510	0.0	0.0	0.0	0.0	0.0	0.0	0.0
511	0.0	0.0	0.0	0.0	0.0	0.0	0.0
512	0.0	0.0	0.0	0.0	0.0	0.0	0.0
513	0.0	0.0	0.0	0.0	0.0	0.0	0.0
514	1.0	5.0	0.0	4.0	1.6660000000000004	7.334	2.0
515	1.0	2.0	0.0	0.0	0.3330000000000002	2.667	0.0
516	1.0	1.0	1.0	1.0	1.0	2.0	1.0
517	1.0	2.0	0.0	0.0	1.3330000000000002	4.667	0.0
518	2.0	2.0	1.0	0.0	1.3330000000000002	4.667	1.0
519	0.0	3.0	0.0	3.0	1.6660000000000004	7.334	3.0
520	2.0	2.0	1.0	0.0	3.0	6.0	1.0
521	1.0	3.0	0.0	1.0	3.0010000000000003	8.998999999999999	1.0
522	2.0	2.0	1.0	0.0	2.0	4.0	1.0
523	1.0	3.0	0.0	1.0	2.0	4.0	1.0
524	1.0	1.0	0.0	1.0	0.6660000000000004	5.334	1.0
525	2.0	2.0	0.0	0.0	1.3330000000000002	4.667	0.0
526	2.0	2.0	1.0	1.0	2.668	6.332	1.0
527	2.0	2.0	1.0	0.0	2.0	4.0	1.0
528	1.0	1.0	0.0	0.0	1.0	2.0	0.0
529	2.0	3.0	1.0	2.0	2.9990000000000006	12.001	3.0
530	2.0	1.0	0.0	0.0	3.468	5.532	0.0
531	2.0	2.0	0.0	0.0	2.4	3.6	0.0
532	3.0	0.0	1.0	0.0	3.0	6.0	1.0
533	1.0	2.0	1.0	0.0	1.3330000000000002	4.667	1.0
534	0.0	2.0	0.0	0.0	0.3330000000000002	2.667	0.0
535	0.0	2.0	0.0	0.0	0.0	3.0	0.0
536	1.0	0.0	1.0	0.0	0.3330000000000002	2.667	1.0
537	3.0	1.0	0.0	0.0	2.0	4.0	0.0
538	1.0	0.0	1.0	0.0	0.3330000000000002	2.667	1.0
539	2.0	2.0	0.0	0.0	2.4	3.6	0.0
540	0.0	0.0	0.0	0.0	0.0	0.0	0.0
541	1.0	1.0	0.0	0.0	1.0	2.0	0.0
542	1.0	0.0	1.0	0.0	1.0	2.0	1.0
543	2.0	0.0	0.0	0.0	2.0	4.0	0.0
544	3.0	1.0	0.0	0.0	4.0	8.0	0.0
545	0.0	2.0	0.0	1.0	0.6660000000000004	5.334	1.0
546	2.0	0.0	1.0	0.0	2.0	4.0	1.0
547	2.0	0.0	1.0	0.0	2.0	4.0	1.0
548	4.0	2.0	2.0	0.0	5.136	9.863999999999999	2.0
549	2.0	3.0	0.0	1.0	1.3320000000000007	10.668	1.0
550	0.0	1.0	0.0	0.0	0.3330000000000002	2.667	0.0
551	1.0	0.0	1.0	0.0	1.0	2.0	1.0
552	1.0	1.0	0.0	1.0	2.0	4.0	1.0
553	2.0	3.0	2.0	1.0	3.4020000000000006	11.597999999999999	3.0
554	2.0	1.0	1.0	1.0	2.0	4.0	1.0
555	2.0	1.0	1.0	1.0	3.0	6.0	2.0
556	0.0	1.0	0.0	1.0	0.3330000000000002	2.667	1.0
557	1.0	2.0	1.0	2.0	2.0	4.0	2.0
558	0.0	0.0	0.0	0.0	0.0	0.0	0.0
559	0.0	2.0	0.0	2.0	1.0	2.0	1.0
560	1.0	1.0	1.0	1.0	0.3330000000000002	2.667	1.0
561	1.0	2.0	1.0	2.0	0.6660000000000004	5.334	2.0
562	2.0	2.0	0.0	0.0	1.6660000000000004	7.334	0.0
563	0.0	2.0	0.0	1.0	0.6660000000000004	5.334	1.0
564	2.0	0.0	2.0	0.0	1.6680000000000001	4.332	2.0
565	1.0	0.0	1.0	0.0	1.0	2.0	1.0
566	1.0	0.0	1.0	0.0	0.3330000000000002	2.667	1.0
567	2.0	2.0	1.0	2.0	0.6660000000000004	5.334	1.0
568	1.0	1.0	1.0	1.0	2.0	4.0	2.0
569	2.0	1.0	0.0	1.0	3.0	6.0	1.0
570	2.0	2.0	2.0	2.0	1.6660000000000004	7.334	3.0
571	0.0	2.0	0.0	2.0	0.3330000000000002	2.667	1.0
572	2.0	0.0	1.0	0.0	2.0	4.0	1.0
573	3.0	2.0	2.0	2.0	3.6690000000000005	11.331	4.0
574	2.0	3.0	1.0	3.0	4.068	7.9319999999999995	3.0
575	2.0	0.0	1.0	0.0	0.6660000000000004	5.334	1.0
576	1.0	4.0	1.0	3.0	2.0010000000000003	6.999	2.0
577	2.0	0.0	1.0	0.0	0.6660000000000004	5.334	1.0
578	1.0	4.0	1.0	2.0	0.9990000000000006	8.001	1.0
579	2.0	0.0	1.0	0.0	2.0	4.0	1.0
580	1.0	1.0	0.0	1.0	2.0	4.0	1.0
581	1.0	3.0	1.0	3.0	1.3330000000000002	4.667	2.0
582	3.0	1.0	2.0	0.0	4.0	8.0	2.0
583	0.0	3.0	0.0	3.0	1.3330000000000002	4.667	2.0
584	3.0	3.0	2.0	2.0	3.9990000000000006	14.001	4.0
585	3.0	2.0	3.0	2.0	1.3320000000000007	10.668	4.0
586	3.0	0.0	2.0	0.0	3.0	6.0	2.0
587	3.0	5.0	1.0	3.0	4.333	10.667	3.0
588	3.0	0.0	1.0	0.0	3.0	6.0	1.0
589	0.0	2.0	0.0	1.0	0.6660000000000004	5.334	1.0
590	3.0	0.0	2.0	0.0	3.0	6.0	2.0
591	2.0	3.0	1.0	3.0	0.9990000000000006	8.001	2.0
592	0.0	2.0	0.0	2.0	0.3330000000000002	2.667	1.0
593	2.0	3.0	1.0	1.0	4.0	8.0	2.0
594	0.0	2.0	0.0	2.0	2.0	4.0	2.0
595	0.0	2.0	0.0	1.0	0.6660000000000004	5.334	1.0
596	0.0	1.0	0.0	0.0	0.3330000000000002	2.667	0.0
597	2.0	1.0	1.0	0.0	1.733	4.2669999999999995	1.0
598	2.0	0.0	1.0	0.0	2.0	4.0	1.0
599	0.0	0.0	0.0	0.0	0.0	0.0	0.0
600	1.0	0.0	0.0	0.0	0.3330000000000002	2.667	0.0
601	1.0	2.0	0.0	0.0	2.0	4.0	0.0
602	1.0	0.0	0.0	0.0	1.0	2.0	0.0
603	0.0	3.0	0.0	1.0	1.3330000000000002	4.667	1.0
604	0.0	1.0	0.0	0.0	0.3330000000000002	2.667	0.0
605	0.0	1.0	0.0	1.0	1.0	2.0	1.0
606	1.0	2.0	0.0	0.0	2.0	4.0	0.0
607	2.0	2.0	2.0	1.0	2.668	9.332	3.0
608	2.0	0.0	2.0	0.0	0.6660000000000004	5.334	2.0
609	0.0	0.0	0.0	0.0	0.0	0.0	0.0
610	2.0	0.0	2.0	0.0	0.6660000000000004	5.334	2.0
611	2.0	3.0	0.0	1.0	2.6690000000000005	9.331	1.0
612	0.0	3.0	0.0	1.0	1.6680000000000001	4.332	1.0
613	3.0	0.0	2.0	0.0	3.0	6.0	2.0
614	1.0	2.0	0.0	0.0	1.3330000000000002	4.667	0.0
615	3.0	1.0	2.0	0.0	3.0	6.0	2.0
616	2.0	2.0	1.0	0.0	2.733	6.2669999999999995	1.0
617	2.0	2.0	1.0	2.0	3.0	6.0	2.0
618	1.0	3.0	0.0	2.0	2.4010000000000002	6.599	1.0
619	1.0	0.0	1.0	0.0	1.0	2.0	1.0
620	3.0	0.0	2.0	0.0	0.9990000000000006	8.001	2.0
621	2.0	1.0	1.0	1.0	1.3330000000000002	4.667	1.0
622	1.0	3.0	1.0	2.0	1.9990000000000006	10.001	3.0
623	2.0	0.0	2.0	0.0	0.6660000000000004	5.334	2.0
624	1.0	1.0	0.0	1.0	1.733	4.2669999999999995	1.0
625	2.0	2.0	1.0	2.0	2.333	6.667	2.0
626	0.0	2.0	0.0	2.0	0.3330000000000002	2.667	1.0
627	1.0	5.0	1.0	4.0	1.9990000000000006	10.001	3.0
628	2.0	1.0	2.0	1.0	1.3330000000000002	4.667	2.0
629	2.0	2.0	1.0	2.0	1.6660000000000004	7.334	2.0
630	4.0	2.0	2.0	1.0	5.668	12.332	3.0
631	3.0	2.0	3.0	2.0	3.8	5.2	3.0
632	3.0	0.0	1.0	0.0	0.9990000000000006	8.001	1.0
633	3.0	3.0	1.0	3.0	3.333	8.667	2.0
634	1.0	3.0	1.0	3.0	1.0010000000000003	7.999	3.0
635	2.0	1.0	2.0	1.0	3.0	6.0	3.0
636	4.0	0.0	2.0	0.0	4.0	8.0	2.0
637	2.0	0.0	0.0	0.0	0.6660000000000004	5.334	0.0
638	2.0	1.0	2.0	1.0	2.0	4.0	2.0
639	1.0	0.0	1.0	0.0	0.6680000000000001	2.332	1.0
640	2.0	1.0	2.0	1.0	1.3330000000000002	4.667	2.0
641	2.0	2.0	1.0	2.0	1.3330000000000002	4.667	1.0
642	1.0	2.0	0.0	1.0	0.9990000000000006	8.001	1.0
643	1.0	0.0	1.0	0.0	1.0	2.0	1.0
644	2.0	0.0	2.0	0.0	0.6660000000000004	5.334	2.0
645	2.0	0.0	2.0	0.0	2.0	4.0	2.0
646	1.0	3.0	0.0	1.0	2.6660000000000004	9.334	1.0
647	0.0	3.0	0.0	3.0	1.0010000000000003	7.999	3.0
648	2.0	5.0	2.0	4.0	3.333	8.667	3.0
649	2.0	0.0	2.0	0.0	0.6660000000000004	5.334	2.0
650	1.0	0.0	1.0	0.0	1.0	2.0	1.0
651	3.0	5.0	1.0	3.0	4.332000000000001	16.668	3.0
652	2.0	0.0	1.0	0.0	2.0	4.0	1.0
653	3.0	0.0	2.0	0.0	2.0040000000000004	6.9959999999999996	2.0
654	2.0	0.0	2.0	0.0	2.0	4.0	2.0
655	3.0	1.0	3.0	1.0	0.9990000000000006	8.001	3.0
656	0.0	4.0	0.0	3.0	1.9990000000000006	10.001	3.0
657	1.0	4.0	1.0	3.0	2.333	6.667	2.0
658	3.0	0.0	2.0	0.0	3.0	6.0	2.0
659	1.0	0.0	0.0	0.0	1.4	1.6	0.0
660	2.0	5.0	1.0	3.0	3.335000000000001	14.665	3.0
661	1.0	1.0	1.0	1.0	1.3330000000000002	4.667	2.0
662	2.0	3.0	1.0	1.0	3.0660000000000003	8.934	2.0
663	0.0	1.0	0.0	1.0	0.3330000000000002	2.667	1.0
664	2.0	1.0	2.0	1.0	0.6660000000000004	5.334	2.0
665	2.0	2.0	1.0	2.0	2.333	6.667	2.0
666	2.0	2.0	2.0	2.0	3.0	6.0	3.0
667	3.0	3.0	1.0	3.0	3.733	8.267	2.0
668	0.0	0.0	0.0	0.0	0.0	0.0	0.0
669	0.0	2.0	0.0	2.0	0.6660000000000004	5.334	2.0
670	0.0	2.0	0.0	2.0	0.3330000000000002	2.667	1.0
671	4.0	3.0	2.0	1.0	6.0	12.0	3.0
672	3.0	3.0	2.0	2.0	4.333	13.667	4.0
673	2.0	3.0	1.0	2.0	2.6690000000000005	9.331	2.0
674	2.0	1.0	2.0	1.0	1.3330000000000002	4.667	2.0
675	1.0	3.0	0.0	0.0	0.9990000000000006	8.001	0.0
676	0.0	0.0	0.0	0.0	0.0	0.0	0.0
677	0.0	2.0	0.0	1.0	0.6660000000000004	5.334	1.0
678	0.0	1.0	0.0	0.0	0.6680000000000001	2.332	0.0
679	2.0	0.0	1.0	0.0	1.3360000000000003	4.664	1.0
680	4.0	4.0	2.0	1.0	5.002000000000001	15.998	3.0
681	1.0	2.0	0.0	2.0	1.6680000000000001	4.332	1.0
682	1.0	3.0	1.0	2.0	1.6660000000000004	7.334	2.0
683	0.0	0.0	0.0	0.0	0.0	0.0	0.0
684	2.0	2.0	0.0	2.0	2.0	7.0	1.0
685	0.0	0.0	0.0	0.0	0.0	0.0	0.0
686	0.0	0.0	0.0	0.0	0.0	0.0	0.0
687	2.0	1.0	2.0	1.0	2.333	6.667	3.0
688	0.0	1.0	0.0	1.0	0.3330000000000002	2.667	1.0
689	2.0	6.0	0.0	3.0	5.332000000000001	18.668	3.0
690	1.0	5.0	0.0	5.0	1.3320000000000007	10.668	3.0
691	0.0	3.0	0.0	3.0	0.3330000000000002	2.667	1.0
692	0.0	0.0	0.0	0.0	0.0	0.0	0.0
693	1.0	5.0	1.0	3.0	4.6690000000000005	13.331	4.0
694	3.0	6.0	3.0	4.0	4.665000000000001	19.335	6.0
695	2.0	0.0	2.0	0.0	0.6660000000000004	5.334	2.0
696	1.0	2.0	1.0	1.0	1.6680000000000001	4.332	1.0
697	1.0	1.0	0.0	1.0	0.6660000000000004	5.334	1.0
698	1.0	6.0	0.0	4.0	4.337000000000001	13.663	3.0
699	0.0	1.0	0.0	1.0	0.3330000000000002	2.667	1.0
700	0.0	1.0	0.0	1.0	0.3330000000000002	2.667	1.0
701	0.0	0.0	0.0	0.0	0.0	0.0	0.0
702	2.0	2.0	2.0	2.0	1.3330000000000002	4.667	2.0
703	0.0	5.0	0.0	3.0	2.0010000000000003	12.998999999999999	3.0
704	2.0	0.0	2.0	0.0	2.068	3.932	2.0
705	1.0	5.0	1.0	4.0	2.333	6.667	2.0
706	1.0	2.0	0.0	2.0	1.733	7.2669999999999995	2.0
707	2.0	0.0	1.0	0.0	2.0	4.0	1.0
708	5.0	0.0	3.0	0.0	5.868	9.132	3.0
709	1.0	1.0	1.0	1.0	1.3330000000000002	4.667	2.0
710	2.0	2.0	1.0	1.0	0.6660000000000004	5.334	1.0
711	0.0	2.0	0.0	2.0	0.0	3.0	1.0
712	1.0	4.0	1.0	3.0	2.6690000000000005	9.331	3.0
713	1.0	2.0	0.0	0.0	0.6660000000000004	5.334	0.0
714	0.0	0.0	0.0	0.0	0.0	0.0	0.0
715	0.0	0.0	0.0	0.0	0.0	0.0	0.0
716	0.0	0.0	0.0	0.0	0.0	0.0	0.0
717	0.0	0.0	0.0	0.0	0.0	0.0	0.0
718	0.0	0.0	0.0	0.0	0.0	0.0	0.0
719	0.0	0.0	0.0	0.0	0.0	0.0	0.0
