pos	Sd	Nd	Sd_tip	Nd_tip	S	N	comparisons
001	0.0	0.0	0.0	0.0	0.0	0.0	0.0
002	1.0	1.0	1.0	1.0	0.0	3.0	1.0
003	1.0	2.0	0.0	1.0	2.0	4.0	1.0
004	0.0	4.0	0.0	3.0	2.333	6.667	2.0
005	1.0	1.0	1.0	1.0	0.6660000000000004	5.334	2.0
006	2.0	4.0	1.0	3.0	1.3330000000000002	7.667	2.0
007	0.0	1.0	0.0	1.0	1.0	2.0	1.0
008	2.0	3.0	2.0	2.0	1.9990000000000006	10.001	3.0
009	0.0	0.0	0.0	0.0	0.0	0.0	0.0
010	0.0	0.0	0.0	0.0	0.0	0.0	0.0
011	2.0	0.0	1.0	0.0	2.0	4.0	1.0
012	3.0	0.0	3.0	0.0	3.0	6.0	3.0
013	2.0	0.0	1.0	0.0	2.0	4.0	1.0
014	3.0	1.0	3.0	1.0	1.6680000000000001	4.332	2.0
015	3.0	1.0	2.0	1.0	4.0	8.0	3.0
016	3.0	1.0	2.0	1.0	4.0	8.0	3.0
017	1.0	2.0	1.0	2.0	0.3330000000000002	5.667	2.0
018	1.0	0.0	1.0	0.0	0.3330000000000002	2.667	1.0
019	0.0	1.0	0.0	1.0	0.3330000000000002	2.667	1.0
020	3.0	1.0	2.0	1.0	3.333	8.667	3.0
021	2.0	1.0	2.0	1.0	1.3330000000000002	4.667	2.0
022	1.0	0.0	1.0	0.0	0.3330000000000002	2.667	1.0
023	2.0	0.0	1.0	0.0	0.6660000000000004	5.334	1.0
024	2.0	2.0	2.0	2.0	3.0	6.0	3.0
025	2.0	1.0	2.0	1.0	1.3330000000000002	4.667	2.0
026	4.0	0.0	2.0	0.0	4.468	7.532	2.0
027	3.0	2.0	3.0	2.0	1.6660000000000004	7.334	3.0
028	1.0	0.0	1.0	0.0	1.0	2.0	1.0
029	3.0	0.0	2.0	0.0	3.0	6.0	2.0
030	2.0	1.0	1.0	1.0	2.0	4.0	1.0
031	2.0	0.0	1.0	0.0	2.0	4.0	1.0
032	2.0	0.0	1.0	0.0	1.3360000000000003	4.664	1.0
033	1.0	2.0	1.0	2.0	0.3330000000000002	5.667	2.0
034	0.0	1.0	0.0	1.0	0.6680000000000001	2.332	1.0
035	0.0	0.0	0.0	0.0	0.0	0.0	0.0
036	2.0	1.0	2.0	1.0	0.3330000000000002	2.667	1.0
037	1.0	0.0	1.0	0.0	0.3330000000000002	2.667	1.0
038	2.0	2.0	1.0	2.0	4.0	8.0	3.0
039	3.0	0.0	3.0	0.0	1.6680000000000001	4.332	2.0
040	1.0	0.0	0.0	0.0	0.6680000000000001	2.332	0.0
041	2.0	1.0	1.0	1.0	1.3330000000000002	4.667	1.0
042	3.0	0.0	2.0	0.0	3.4	5.6	2.0
043	2.0	0.0	2.0	0.0	2.0	4.0	2.0
044	1.0	0.0	0.0	0.0	1.0	2.0	0.0
045	2.0	1.0	1.0	1.0	1.6660000000000004	7.334	2.0
046	1.0	1.0	1.0	1.0	1.6680000000000001	4.332	2.0
047	1.0	1.0	0.0	1.0	0.6660000000000004	5.334	1.0
048	1.0	1.0	1.0	1.0	0.6660000000000004	5.334	2.0
049	3.0	2.0	2.0	2.0	4.0	8.0	3.0
050	4.0	1.0	2.0	1.0	3.333	8.667	2.0
051	3.0	0.0	0.0	0.0	1.6680000000000001	4.332	0.0
052	1.0	0.0	0.0	0.0	0.3330000000000002	2.667	0.0
053	2.0	5.0	1.0	3.0	3.0040000000000004	14.996000000000002	3.0
054	2.0	1.0	1.0	1.0	2.668	6.332	2.0
055	2.0	2.0	2.0	2.0	2.333	6.667	3.0
056	3.0	0.0	2.0	0.0	2.0040000000000004	6.9959999999999996	2.0
057	2.0	5.0	1.0	4.0	4.333	10.667	4.0
058	1.0	4.0	1.0	3.0	2.333	6.667	2.0
059	1.0	4.0	1.0	2.0	1.6660000000000004	7.334	1.0
060	2.0	4.0	2.0	2.0	2.9990000000000006	12.001	4.0
061	1.0	3.0	0.0	3.0	1.6660000000000004	7.334	2.0
062	1.0	0.0	0.0	0.0	1.0	2.0	0.0
063	1.0	3.0	0.0	1.0	3.0	6.0	1.0
064	0.0	2.0	0.0	0.0	0.3330000000000002	2.667	0.0
065	0.0	3.0	0.0	0.0	1.3330000000000002	4.667	0.0
066	0.0	0.0	0.0	0.0	0.0	0.0	0.0
067	0.0	0.0	0.0	0.0	0.0	0.0	0.0
068	0.0	0.0	0.0	0.0	0.0	0.0	0.0
069	1.0	1.0	1.0	0.0	2.0	4.0	1.0
070	1.0	1.0	0.0	0.0	1.0	2.0	0.0
071	2.0	1.0	1.0	0.0	2.333	6.667	1.0
072	1.0	2.0	0.0	1.0	2.333	6.667	1.0
073	1.0	4.0	1.0	2.0	3.333	8.667	2.0
074	2.0	5.0	2.0	2.0	5.333	12.667	3.0
075	3.0	3.0	2.0	2.0	3.3360000000000003	8.664	3.0
076	3.0	5.0	2.0	2.0	5.333	12.667	3.0
077	3.0	0.0	2.0	0.0	3.0	6.0	2.0
078	2.0	1.0	1.0	0.0	0.9990000000000006	8.001	1.0
079	2.0	0.0	1.0	0.0	2.0	4.0	1.0
080	2.0	1.0	1.0	1.0	3.0	6.0	2.0
081	4.0	0.0	4.0	0.0	3.068	5.932	3.0
082	1.0	1.0	1.0	1.0	1.0	2.0	1.0
083	3.0	2.0	2.0	2.0	3.333	8.667	3.0
084	3.0	0.0	3.0	0.0	3.068	5.932	3.0
085	4.0	1.0	3.0	1.0	3.0	6.0	2.0
086	0.0	0.0	0.0	0.0	0.0	0.0	0.0
087	2.0	0.0	2.0	0.0	0.6660000000000004	5.334	2.0
088	0.0	3.0	0.0	2.0	1.3340000000000005	7.6659999999999995	2.0
089	1.0	1.0	1.0	1.0	1.0	2.0	1.0
090	2.0	2.0	1.0	2.0	1.3330000000000002	4.667	1.0
091	3.0	0.0	3.0	0.0	3.0	6.0	3.0
092	1.0	0.0	1.0	0.0	0.3330000000000002	2.667	1.0
093	1.0	1.0	1.0	1.0	1.6680000000000001	4.332	2.0
094	1.0	2.0	1.0	2.0	1.3330000000000002	4.667	2.0
095	0.0	0.0	0.0	0.0	0.0	0.0	0.0
096	1.0	1.0	1.0	1.0	1.0	2.0	1.0
097	3.0	2.0	2.0	1.0	2.6660000000000004	9.334	3.0
098	1.0	1.0	1.0	1.0	0.6660000000000004	5.334	2.0
099	1.0	0.0	0.0	0.0	1.0	2.0	0.0
100	1.0	0.0	1.0	0.0	0.3330000000000002	2.667	1.0
101	2.0	0.0	2.0	0.0	2.0	4.0	2.0
102	2.0	1.0	2.0	1.0	1.3330000000000002	4.667	2.0
103	1.0	0.0	1.0	0.0	1.0	2.0	1.0
104	0.0	2.0	0.0	2.0	1.0	2.0	1.0
105	2.0	0.0	1.0	0.0	2.0	4.0	1.0
106	1.0	1.0	1.0	1.0	1.4	1.6	1.0
107	1.0	2.0	1.0	2.0	0.9990000000000006	8.001	3.0
108	2.0	0.0	1.0	0.0	2.4	3.6	1.0
109	0.0	0.0	0.0	0.0	0.0	0.0	0.0
110	2.0	0.0	1.0	0.0	0.6660000000000004	5.334	1.0
111	2.0	1.0	2.0	1.0	0.9990000000000006	8.001	3.0
112	1.0	2.0	0.0	0.0	3.4	5.6	0.0
113	3.0	1.0	2.0	1.0	4.0	8.0	3.0
114	2.0	0.0	2.0	0.0	1.3360000000000003	4.664	2.0
115	1.0	2.0	0.0	1.0	0.3330000000000002	5.667	1.0
116	0.0	1.0	0.0	1.0	0.6680000000000001	2.332	1.0
117	3.0	4.0	3.0	3.0	3.3320000000000007	14.668	5.0
118	1.0	1.0	1.0	1.0	0.6660000000000004	5.334	2.0
119	0.0	2.0	0.0	2.0	0.6660000000000004	5.334	2.0
120	2.0	3.0	2.0	2.0	4.0	8.0	3.0
121	0.0	0.0	0.0	0.0	0.0	0.0	0.0
122	2.0	3.0	2.0	3.0	3.0	6.0	3.0
123	1.0	1.0	1.0	1.0	1.6680000000000001	4.332	2.0
124	3.0	0.0	2.0	0.0	3.0	6.0	2.0
125	1.0	1.0	1.0	1.0	1.0	2.0	1.0
126	1.0	0.0	1.0	0.0	1.0	2.0	1.0
127	2.0	2.0	1.0	1.0	0.9990000000000006	8.001	1.0
128	4.0	5.0	1.0	2.0	5.333	12.667	2.0
129	3.0	1.0	2.0	1.0	3.668	8.332	3.0
130	3.0	4.0	1.0	1.0	4.333	10.667	2.0
131	1.0	3.0	1.0	3.0	2.3360000000000003	6.664	3.0
132	3.0	2.0	3.0	2.0	2.733	6.2669999999999995	3.0
133	2.0	0.0	1.0	0.0	2.0	4.0	1.0
134	3.0	2.0	2.0	2.0	4.4	10.6	4.0
135	3.0	3.0	2.0	3.0	3.0010000000000003	8.998999999999999	3.0
136	2.0	1.0	1.0	1.0	2.0	4.0	1.0
137	3.0	3.0	3.0	2.0	4.0	8.0	3.0
138	1.0	3.0	1.0	2.0	1.6660000000000004	7.334	2.0
139	3.0	4.0	3.0	2.0	4.336	10.664000000000001	4.0
140	2.0	1.0	2.0	1.0	0.9990000000000006	8.001	3.0
141	1.0	4.0	1.0	1.0	2.6690000000000005	9.331	2.0
142	1.0	2.0	1.0	0.0	2.333	6.667	1.0
143	0.0	3.0	0.0	2.0	0.9990000000000006	8.001	2.0
144	1.0	2.0	0.0	2.0	1.0010000000000003	4.999	1.0
145	1.0	3.0	0.0	1.0	0.9990000000000006	8.001	1.0
146	1.0	2.0	1.0	1.0	2.0	4.0	1.0
147	1.0	1.0	1.0	0.0	2.068	3.932	1.0
148	2.0	3.0	2.0	3.0	1.6660000000000004	7.334	3.0
149	3.0	2.0	1.0	2.0	4.0	8.0	2.0
150	4.0	3.0	3.0	2.0	3.9990000000000006	14.001	4.0
151	0.0	1.0	0.0	1.0	0.6680000000000001	2.332	1.0
152	1.0	5.0	1.0	3.0	2.0020000000000007	9.998	3.0
153	3.0	2.0	3.0	2.0	2.333	6.667	3.0
154	3.0	3.0	2.0	2.0	5.0	10.0	3.0
155	2.0	2.0	1.0	1.0	2.668	6.332	2.0
156	3.0	1.0	1.0	1.0	2.668	9.332	2.0
157	2.0	1.0	1.0	1.0	1.6660000000000004	7.334	2.0
158	1.0	2.0	0.0	2.0	1.3330000000000002	4.667	1.0
159	2.0	0.0	1.0	0.0	2.068	3.932	1.0
160	4.0	4.0	2.0	2.0	5.667000000000001	18.333	4.0
161	0.0	0.0	0.0	0.0	0.0	0.0	0.0
162	0.0	0.0	0.0	0.0	0.0	0.0	0.0
163	0.0	0.0	0.0	0.0	0.0	0.0	0.0
164	0.0	0.0	0.0	0.0	0.0	0.0	0.0
165	0.0	0.0	0.0	0.0	0.0	0.0	0.0
166	0.0	0.0	0.0	0.0	0.0	0.0	0.0
167	0.0	0.0	0.0	0.0	0.0	0.0	0.0
168	0.0	0.0	0.0	0.0	0.0	0.0	0.0
169	2.0	0.0	2.0	0.0	2.0	4.0	2.0
170	1.0	0.0	1.0	0.0	1.0	2.0	1.0
171	3.0	1.0	3.0	1.0	1.6660000000000004	7.334	3.0
172	1.0	2.0	1.0	1.0	0.9990000000000006	8.001	2.0
173	2.0	0.0	2.0	0.0	2.0	4.0	2.0
174	2.0	0.0	1.0	0.0	0.6660000000000004	5.334	1.0
175	2.0	0.0	2.0	0.0	2.0	4.0	2.0
176	1.0	0.0	1.0	0.0	1.0	2.0	1.0
177	0.0	0.0	0.0	0.0	0.0	0.0	0.0
178	1.0	2.0	0.0	1.0	1.3330000000000002	4.667	1.0
179	2.0	0.0	2.0	0.0	0.6660000000000004	5.334	2.0
180	0.0	2.0	0.0	1.0	0.6660000000000004	5.334	1.0
181	2.0	0.0	1.0	0.0	0.6660000000000004	5.334	1.0
182	2.0	2.0	2.0	2.0	2.0	4.0	2.0
183	3.0	3.0	1.0	3.0	4.668	10.332	3.0
184	4.0	2.0	2.0	2.0	5.0	10.0	3.0
185	1.0	2.0	1.0	2.0	2.0	4.0	2.0
186	3.0	3.0	2.0	3.0	2.333	6.667	2.0
187	2.0	0.0	1.0	0.0	0.6660000000000004	5.334	1.0
188	1.0	1.0	1.0	1.0	0.6660000000000004	5.334	2.0
189	3.0	4.0	2.0	3.0	5.0040000000000004	15.995999999999999	5.0
190	1.0	1.0	1.0	1.0	0.3330000000000002	2.667	1.0
191	4.0	3.0	3.0	3.0	3.3370000000000006	11.663	4.0
192	3.0	1.0	2.0	0.0	2.668	6.332	2.0
193	1.0	4.0	0.0	2.0	4.133	7.866999999999999	2.0
194	2.0	3.0	1.0	2.0	3.333	8.667	2.0
195	0.0	0.0	0.0	0.0	0.0	0.0	0.0
196	0.0	1.0	0.0	1.0	0.3330000000000002	2.667	1.0
197	2.0	1.0	1.0	1.0	2.0	4.0	1.0
198	3.0	2.0	1.0	2.0	1.9990000000000006	10.001	2.0
199	3.0	1.0	1.0	1.0	3.333	8.667	2.0
200	0.0	0.0	0.0	0.0	0.0	0.0	0.0
201	0.0	0.0	0.0	0.0	0.0	0.0	0.0
202	1.0	1.0	1.0	1.0	1.6680000000000001	4.332	2.0
203	0.0	0.0	0.0	0.0	0.0	0.0	0.0
204	0.0	6.0	0.0	4.0	1.9990000000000006	10.001	3.0
205	1.0	2.0	1.0	1.0	0.9990000000000006	8.001	2.0
206	1.0	2.0	1.0	2.0	2.0	4.0	2.0
207	5.0	4.0	4.0	3.0	6.333	14.667	5.0
208	2.0	2.0	1.0	2.0	1.3330000000000002	4.667	1.0
209	1.0	0.0	1.0	0.0	1.0	2.0	1.0
210	2.0	3.0	1.0	2.0	4.668	10.332	3.0
211	1.0	2.0	0.0	2.0	3.0	6.0	2.0
212	1.0	4.0	0.0	3.0	3.3340000000000005	11.666	3.0
213	3.0	0.0	1.0	0.0	2.0040000000000004	6.9959999999999996	1.0
214	2.0	5.0	2.0	4.0	4.6690000000000005	13.331	5.0
215	0.0	5.0	0.0	3.0	2.000000000000001	13.0	3.0
216	2.0	3.0	1.0	2.0	2.6660000000000004	9.334	2.0
217	2.0	1.0	1.0	1.0	0.9990000000000006	8.001	2.0
218	0.0	1.0	0.0	1.0	0.3330000000000002	2.667	1.0
219	1.0	1.0	1.0	1.0	1.3330000000000002	4.667	2.0
220	2.0	2.0	0.0	0.0	1.3330000000000002	4.667	0.0
221	1.0	3.0	1.0	2.0	1.9990000000000006	10.001	3.0
222	3.0	2.0	2.0	2.0	3.333	8.667	3.0
223	4.0	1.0	1.0	1.0	4.0	11.0	2.0
224	2.0	2.0	1.0	0.0	2.333	6.667	1.0
225	0.0	0.0	0.0	0.0	0.0	0.0	0.0
226	0.0	0.0	0.0	0.0	0.0	0.0	0.0
227	0.0	0.0	0.0	0.0	0.0	0.0	0.0
228	1.0	3.0	0.0	3.0	1.6660000000000004	7.334	2.0
229	2.0	3.0	1.0	2.0	1.3330000000000002	4.667	1.0
230	1.0	4.0	1.0	4.0	1.3330000000000002	4.667	2.0
231	2.0	3.0	1.0	2.0	2.333	9.667	3.0
232	2.0	2.0	1.0	1.0	1.9990000000000006	10.001	2.0
233	3.0	2.0	2.0	2.0	4.0	8.0	3.0
234	3.0	2.0	2.0	2.0	3.333	8.667	3.0
235	1.0	2.0	0.0	1.0	1.3330000000000002	4.667	1.0
236	0.0	0.0	0.0	0.0	0.0	0.0	0.0
237	1.0	3.0	1.0	2.0	2.6660000000000004	9.334	3.0
238	2.0	0.0	2.0	0.0	2.0	4.0	2.0
239	4.0	3.0	3.0	2.0	3.668	8.332	2.0
240	1.0	3.0	1.0	1.0	1.6660000000000004	7.334	2.0
241	2.0	0.0	2.0	0.0	1.3360000000000003	4.664	2.0
242	3.0	0.0	2.0	0.0	3.0	6.0	2.0
243	3.0	0.0	3.0	0.0	3.0	6.0	3.0
244	3.0	0.0	3.0	0.0	3.4	5.6	3.0
245	3.0	3.0	2.0	2.0	2.6660000000000004	9.334	3.0
246	2.0	1.0	1.0	1.0	3.0	6.0	2.0
247	3.0	0.0	1.0	0.0	0.9990000000000006	8.001	1.0
248	1.0	4.0	1.0	4.0	1.3330000000000002	4.667	2.0
249	1.0	2.0	0.0	2.0	0.9990000000000006	8.001	2.0
250	2.0	1.0	1.0	1.0	1.3340000000000005	7.6659999999999995	2.0
251	3.0	0.0	2.0	0.0	3.0	6.0	2.0
252	0.0	4.0	0.0	2.0	1.0010000000000003	4.999	1.0
253	1.0	3.0	1.0	1.0	2.0010000000000003	6.999	1.0
254	1.0	0.0	0.0	0.0	0.3330000000000002	2.667	0.0
255	2.0	1.0	1.0	1.0	3.133	5.867	2.0
256	2.0	1.0	2.0	1.0	2.333	6.667	3.0
257	1.0	0.0	1.0	0.0	1.0	2.0	1.0
258	0.0	0.0	0.0	0.0	0.0	0.0	0.0
259	0.0	0.0	0.0	0.0	0.0	0.0	0.0
260	1.0	3.0	1.0	1.0	3.0	6.0	2.0
261	0.0	4.0	0.0	4.0	1.6660000000000004	7.334	3.0
262	0.0	1.0	0.0	1.0	0.6680000000000001	2.332	1.0
263	0.0	2.0	0.0	1.0	1.0010000000000003	4.999	1.0
264	1.0	2.0	1.0	2.0	0.6660000000000004	5.334	2.0
265	0.0	4.0	0.0	2.0	2.0010000000000003	6.999	2.0
266	0.0	1.0	0.0	1.0	1.0	2.0	1.0
267	1.0	2.0	0.0	1.0	0.9990000000000006	8.001	1.0
268	1.0	2.0	1.0	1.0	1.3330000000000002	4.667	1.0
269	2.0	1.0	2.0	1.0	1.0	2.0	1.0
270	4.0	0.0	2.0	0.0	4.0	8.0	2.0
271	0.0	0.0	0.0	0.0	0.0	0.0	0.0
272	1.0	0.0	1.0	0.0	1.0	2.0	1.0
273	0.0	2.0	0.0	1.0	1.6680000000000001	4.332	1.0
274	0.0	1.0	0.0	1.0	1.0	2.0	1.0
275	1.0	0.0	1.0	0.0	0.6680000000000001	2.332	1.0
276	1.0	0.0	1.0	0.0	0.3330000000000002	2.667	1.0
277	1.0	0.0	1.0	0.0	1.0	2.0	1.0
278	3.0	0.0	3.0	0.0	3.0	6.0	3.0
279	3.0	1.0	2.0	1.0	2.333	6.667	2.0
280	1.0	0.0	1.0	0.0	1.0	2.0	1.0
281	1.0	0.0	1.0	0.0	1.0	2.0	1.0
282	1.0	0.0	1.0	0.0	1.0	2.0	1.0
283	0.0	0.0	0.0	0.0	0.0	0.0	0.0
284	1.0	2.0	1.0	2.0	0.3330000000000002	2.667	1.0
285	2.0	2.0	1.0	2.0	1.3320000000000007	10.668	3.0
286	1.0	3.0	0.0	2.0	2.736	9.264	2.0
287	1.0	0.0	0.0	0.0	1.0	2.0	0.0
288	0.0	4.0	0.0	1.0	0.9990000000000006	8.001	1.0
289	4.0	2.0	2.0	2.0	4.0	8.0	2.0
290	3.0	1.0	0.0	1.0	3.0040000000000004	8.995999999999999	1.0
291	1.0	0.0	1.0	0.0	1.0	2.0	1.0
292	2.0	1.0	1.0	1.0	2.333	6.667	2.0
293	1.0	0.0	0.0	0.0	1.0	2.0	0.0
294	2.0	2.0	1.0	2.0	2.333	6.667	2.0
295	0.0	0.0	0.0	0.0	0.0	0.0	0.0
296	2.0	0.0	2.0	0.0	2.0	4.0	2.0
297	3.0	1.0	2.0	1.0	2.3360000000000003	6.664	2.0
298	1.0	0.0	1.0	0.0	1.0	2.0	1.0
299	1.0	0.0	1.0	0.0	0.3330000000000002	2.667	1.0
300	5.0	1.0	3.0	1.0	3.6690000000000005	11.331	3.0
301	3.0	1.0	2.0	1.0	2.3360000000000003	6.664	2.0
302	2.0	1.0	1.0	1.0	0.9990000000000006	8.001	2.0
303	0.0	3.0	0.0	2.0	1.6660000000000004	7.334	2.0
304	0.0	2.0	0.0	2.0	1.0	2.0	1.0
305	0.0	0.0	0.0	0.0	0.0	0.0	0.0
306	3.0	0.0	2.0	0.0	0.9990000000000006	8.001	2.0
307	2.0	0.0	0.0	0.0	2.0	4.0	0.0
308	2.0	2.0	2.0	2.0	2.333	6.667	3.0
309	2.0	1.0	2.0	1.0	3.0	6.0	3.0
310	2.0	0.0	2.0	0.0	2.0	4.0	2.0
311	1.0	0.0	1.0	0.0	0.3330000000000002	2.667	1.0
312	1.0	0.0	1.0	0.0	0.3330000000000002	2.667	1.0
313	2.0	2.0	2.0	2.0	3.3360000000000003	8.664	4.0
314	1.0	0.0	0.0	0.0	0.3330000000000002	2.667	0.0
315	0.0	0.0	0.0	0.0	0.0	0.0	0.0
316	1.0	0.0	0.0	0.0	0.3330000000000002	2.667	0.0
317	2.0	0.0	2.0	0.0	2.0	4.0	2.0
318	1.0	1.0	1.0	1.0	0.3330000000000002	2.667	1.0
319	2.0	2.0	2.0	1.0	4.0	8.0	3.0
320	2.0	2.0	1.0	0.0	2.0660000000000003	6.933999999999999	1.0
321	1.0	2.0	1.0	1.0	2.333	6.667	2.0
322	1.0	0.0	0.0	0.0	1.0	2.0	0.0
323	0.0	1.0	0.0	0.0	0.3330000000000002	2.667	0.0
324	1.0	0.0	1.0	0.0	0.6680000000000001	2.332	1.0
325	3.0	1.0	1.0	1.0	3.0040000000000004	8.995999999999999	2.0
326	2.0	0.0	2.0	0.0	2.4	3.6	2.0
327	1.0	0.0	1.0	0.0	0.6680000000000001	2.332	1.0
328	2.0	0.0	2.0	0.0	0.6660000000000004	5.334	2.0
329	3.0	1.0	3.0	1.0	2.333	6.667	3.0
330	2.0	0.0	1.0	0.0	1.6680000000000001	4.332	1.0
331	0.0	1.0	0.0	1.0	0.3330000000000002	2.667	1.0
332	3.0	2.0	2.0	2.0	4.0	8.0	3.0
333	2.0	0.0	2.0	0.0	1.0	2.0	1.0
334	1.0	0.0	0.0	0.0	0.6680000000000001	2.332	0.0
335	2.0	0.0	0.0	0.0	2.0	4.0	0.0
336	3.0	0.0	2.0	0.0	0.9990000000000006	8.001	2.0
337	0.0	0.0	0.0	0.0	0.0	0.0	0.0
338	2.0	0.0	2.0	0.0	1.0	2.0	1.0
339	2.0	0.0	0.0	0.0	2.0	4.0	0.0
340	0.0	0.0	0.0	0.0	0.0	0.0	0.0
341	2.0	0.0	0.0	0.0	2.0	4.0	0.0
342	1.0	2.0	0.0	1.0	2.333	6.667	1.0
343	0.0	1.0	0.0	1.0	1.0	2.0	1.0
344	0.0	0.0	0.0	0.0	0.0	0.0	0.0
345	1.0	1.0	1.0	1.0	1.6680000000000001	4.332	2.0
346	1.0	3.0	1.0	2.0	0.9990000000000006	8.001	2.0
347	0.0	4.0	0.0	2.0	2.3340000000000005	9.666	2.0
348	3.0	0.0	1.0	0.0	3.8	5.2	1.0
349	3.0	0.0	2.0	0.0	3.0	6.0	2.0
350	1.0	0.0	1.0	0.0	0.3330000000000002	2.667	1.0
351	0.0	0.0	0.0	0.0	0.0	0.0	0.0
352	1.0	0.0	1.0	0.0	1.4	1.6	1.0
353	1.0	0.0	0.0	0.0	0.3330000000000002	2.667	0.0
354	1.0	1.0	1.0	1.0	0.3330000000000002	2.667	1.0
355	1.0	0.0	1.0	0.0	1.0	2.0	1.0
356	0.0	0.0	0.0	0.0	0.0	0.0	0.0
357	1.0	0.0	1.0	0.0	0.3330000000000002	2.667	1.0
358	2.0	1.0	1.0	0.0	0.9990000000000006	8.001	1.0
359	2.0	0.0	2.0	0.0	2.0	4.0	2.0
360	2.0	4.0	2.0	4.0	2.668	6.332	3.0
361	1.0	5.0	1.0	4.0	3.000000000000001	15.0	5.0
362	0.0	2.0	0.0	2.0	0.3330000000000002	2.667	1.0
363	1.0	2.0	1.0	2.0	2.333	6.667	3.0
364	2.0	2.0	1.0	1.0	2.333	6.667	2.0
365	3.0	0.0	2.0	0.0	3.468	5.532	2.0
366	1.0	0.0	1.0	0.0	1.0	2.0	1.0
367	0.0	0.0	0.0	0.0	0.0	0.0	0.0
368	2.0	0.0	1.0	0.0	2.0	4.0	1.0
369	2.0	1.0	1.0	1.0	3.0	6.0	2.0
370	1.0	0.0	0.0	0.0	1.0	2.0	0.0
371	2.0	1.0	1.0	1.0	1.6680000000000001	4.332	1.0
372	3.0	0.0	2.0	0.0	3.0	6.0	2.0
373	3.0	2.0	2.0	2.0	3.333	8.667	3.0
374	1.0	0.0	0.0	0.0	0.3330000000000002	2.667	0.0
375	2.0	2.0	2.0	2.0	1.0010000000000003	4.999	2.0
376	0.0	0.0	0.0	0.0	0.0	0.0	0.0
377	0.0	0.0	0.0	0.0	0.0	0.0	0.0
378	0.0	1.0	0.0	1.0	1.4	1.6	1.0
379	2.0	1.0	1.0	1.0	3.0	6.0	2.0
380	0.0	0.0	0.0	0.0	0.0	0.0	0.0
381	2.0	1.0	1.0	1.0	2.0	7.0	2.0
382	2.0	0.0	2.0	0.0	2.0	4.0	2.0
383	3.0	1.0	1.0	1.0	3.0	6.0	1.0
384	1.0	0.0	0.0	0.0	0.3330000000000002	2.667	0.0
385	3.0	0.0	3.0	0.0	3.0	6.0	3.0
386	2.0	0.0	1.0	0.0	0.6660000000000004	5.334	1.0
387	3.0	1.0	1.0	1.0	1.6660000000000004	7.334	1.0
388	2.0	4.0	1.0	2.0	4.0	8.0	2.0
389	2.0	0.0	2.0	0.0	2.0	4.0	2.0
390	2.0	0.0	1.0	0.0	1.6680000000000001	4.332	1.0
391	2.0	0.0	1.0	0.0	0.6660000000000004	5.334	1.0
392	1.0	4.0	1.0	3.0	2.3340000000000005	9.666	3.0
393	3.0	2.0	2.0	1.0	3.733	8.267	3.0
394	3.0	1.0	1.0	1.0	0.9990000000000006	8.001	1.0
395	2.0	0.0	2.0	0.0	1.3360000000000003	4.664	2.0
396	3.0	2.0	2.0	2.0	5.0	10.0	4.0
397	2.0	0.0	2.0	0.0	2.0	4.0	2.0
398	4.0	1.0	3.0	1.0	4.0	8.0	3.0
399	2.0	0.0	1.0	0.0	1.3360000000000003	4.664	1.0
400	1.0	0.0	0.0	0.0	1.0	2.0	0.0
401	1.0	0.0	1.0	0.0	0.3330000000000002	2.667	1.0
402	3.0	2.0	3.0	2.0	3.0	6.0	3.0
403	2.0	2.0	2.0	2.0	1.3330000000000002	4.667	2.0
404	3.0	1.0	2.0	1.0	2.333	6.667	2.0
405	4.0	0.0	3.0	0.0	2.668	6.332	2.0
406	4.0	2.0	2.0	2.0	4.801	10.199	3.0
407	0.0	1.0	0.0	1.0	0.3330000000000002	2.667	1.0
408	1.0	1.0	1.0	1.0	1.6680000000000001	4.332	2.0
409	0.0	0.0	0.0	0.0	0.0	0.0	0.0
410	1.0	3.0	1.0	3.0	0.9990000000000006	8.001	3.0
411	2.0	2.0	2.0	1.0	3.0	6.0	2.0
412	2.0	1.0	2.0	0.0	2.733	6.2669999999999995	2.0
413	1.0	2.0	1.0	2.0	1.3330000000000002	4.667	2.0
414	3.0	3.0	2.0	2.0	3.6690000000000005	11.331	3.0
415	3.0	1.0	2.0	1.0	4.0	8.0	3.0
416	1.0	3.0	1.0	2.0	3.3360000000000003	8.664	3.0
417	1.0	2.0	1.0	2.0	1.3330000000000002	4.667	2.0
418	2.0	2.0	1.0	2.0	2.333	6.667	2.0
419	1.0	2.0	1.0	2.0	1.6660000000000004	7.334	3.0
420	2.0	3.0	2.0	3.0	2.6690000000000005	9.331	4.0
421	1.0	1.0	1.0	1.0	1.0	2.0	1.0
422	2.0	2.0	1.0	2.0	1.6660000000000004	7.334	2.0
423	2.0	6.0	1.0	3.0	6.6690000000000005	17.331	4.0
424	0.0	2.0	0.0	2.0	2.4	3.6	2.0
425	1.0	1.0	0.0	1.0	2.0	4.0	1.0
426	1.0	5.0	0.0	3.0	3.6660000000000004	11.334	2.0
427	2.0	4.0	1.0	3.0	2.6690000000000005	9.331	3.0
428	4.0	1.0	1.0	1.0	4.736	10.264	2.0
429	2.0	2.0	2.0	2.0	3.0	6.0	3.0
430	2.0	1.0	2.0	1.0	0.9990000000000006	8.001	3.0
431	2.0	1.0	2.0	1.0	0.9990000000000006	8.001	3.0
432	3.0	0.0	3.0	0.0	3.0	6.0	3.0
433	0.0	0.0	0.0	0.0	0.0	0.0	0.0
434	3.0	0.0	0.0	0.0	3.0	6.0	0.0
435	0.0	1.0	0.0	1.0	0.3330000000000002	2.667	1.0
436	2.0	1.0	2.0	1.0	1.6660000000000004	7.334	3.0
437	1.0	2.0	0.0	1.0	2.0	4.0	1.0
438	1.0	3.0	1.0	1.0	1.3330000000000002	4.667	1.0
439	3.0	0.0	1.0	0.0	0.9990000000000006	8.001	1.0
440	2.0	0.0	1.0	0.0	2.0	4.0	1.0
441	1.0	2.0	1.0	2.0	2.0	4.0	2.0
442	1.0	3.0	0.0	2.0	3.668	8.332	2.0
443	0.0	0.0	0.0	0.0	0.0	0.0	0.0
444	1.0	2.0	1.0	2.0	1.6680000000000001	7.332	3.0
445	0.0	3.0	0.0	3.0	1.3330000000000002	4.667	2.0
446	1.0	3.0	1.0	3.0	2.0	4.0	2.0
447	3.0	2.0	1.0	1.0	3.0	6.0	1.0
448	0.0	2.0	0.0	2.0	1.0010000000000003	4.999	2.0
449	1.0	5.0	1.0	4.0	1.6670000000000007	13.332999999999998	4.0
450	2.0	3.0	1.0	2.0	2.668	6.332	1.0
451	4.0	3.0	2.0	3.0	6.0	12.0	4.0
452	2.0	3.0	2.0	2.0	2.3340000000000005	9.666	3.0
453	0.0	4.0	0.0	3.0	1.9990000000000006	10.001	3.0
454	3.0	0.0	1.0	0.0	3.0	6.0	1.0
455	2.0	1.0	0.0	1.0	3.068	5.932	1.0
456	0.0	2.0	0.0	2.0	1.0	2.0	1.0
457	4.0	1.0	2.0	1.0	4.333	10.667	3.0
458	0.0	0.0	0.0	0.0	0.0	0.0	0.0
459	2.0	2.0	2.0	2.0	1.6660000000000004	7.334	3.0
460	1.0	4.0	1.0	3.0	2.6660000000000004	9.334	3.0
461	3.0	1.0	3.0	1.0	3.333	8.667	4.0
462	1.0	3.0	1.0	2.0	1.6660000000000004	7.334	2.0
463	1.0	5.0	1.0	3.0	3.6660000000000004	11.334	3.0
464	2.0	3.0	0.0	1.0	3.333	8.667	1.0
465	0.0	1.0	0.0	0.0	0.3330000000000002	2.667	0.0
466	3.0	4.0	2.0	2.0	3.733	8.267	2.0
467	1.0	4.0	1.0	2.0	3.668	8.332	2.0
468	3.0	2.0	1.0	2.0	3.0	6.0	1.0
469	3.0	2.0	3.0	2.0	2.0	4.0	2.0
470	3.0	1.0	3.0	1.0	3.0	6.0	3.0
471	1.0	3.0	1.0	3.0	1.3330000000000002	4.667	2.0
472	0.0	1.0	0.0	0.0	0.3330000000000002	2.667	0.0
473	0.0	2.0	0.0	0.0	0.3330000000000002	2.667	0.0
474	1.0	1.0	1.0	0.0	2.0	4.0	1.0
475	0.0	0.0	0.0	0.0	0.0	0.0	0.0
476	0.0	0.0	0.0	0.0	0.0	0.0	0.0
477	0.0	0.0	0.0	0.0	0.0	0.0	0.0
478	2.0	2.0	2.0	2.0	3.4	5.6	3.0
479	0.0	4.0	0.0	4.0	3.0	6.0	3.0
480	2.0	2.0	2.0	1.0	3.0	6.0	2.0
481	1.0	1.0	1.0	0.0	2.0	4.0	1.0
482	1.0	3.0	0.0	2.0	1.3320000000000007	10.668	2.0
483	1.0	1.0	0.0	1.0	1.0	5.0	1.0
484	1.0	3.0	0.0	2.0	0.9990000000000006	8.001	1.0
485	1.0	2.0	0.0	0.0	2.0	4.0	0.0
486	2.0	1.0	0.0	1.0	2.333	6.667	1.0
487	1.0	2.0	1.0	2.0	0.3330000000000002	2.667	1.0
488	3.0	1.0	2.0	1.0	2.333	6.667	2.0
489	2.0	3.0	2.0	2.0	2.333	6.667	2.0
490	4.0	1.0	2.0	1.0	3.0	6.0	1.0
491	4.0	1.0	2.0	1.0	3.0010000000000003	8.998999999999999	3.0
492	2.0	3.0	2.0	2.0	4.333	10.667	4.0
493	2.0	1.0	1.0	1.0	2.0	4.0	1.0
494	2.0	2.0	1.0	2.0	1.3330000000000002	4.667	1.0
495	1.0	2.0	1.0	2.0	1.0	2.0	1.0
496	0.0	2.0	0.0	2.0	1.0	2.0	1.0
497	0.0	0.0	0.0	0.0	0.0	0.0	0.0
498	2.0	3.0	1.0	2.0	1.0010000000000003	4.999	1.0
499	2.0	2.0	2.0	2.0	1.3330000000000002	4.667	2.0
500	2.0	0.0	2.0	0.0	2.8	3.2	2.0
501	3.0	2.0	1.0	2.0	1.9990000000000006	10.001	2.0
502	3.0	2.0	3.0	2.0	3.0	6.0	3.0
503	4.0	1.0	2.0	1.0	5.0	10.0	3.0
504	1.0	2.0	1.0	2.0	2.0	4.0	2.0
505	1.0	3.0	1.0	2.0	1.6680000000000001	4.332	1.0
506	1.0	2.0	1.0	1.0	1.6660000000000004	7.334	2.0
507	1.0	1.0	1.0	1.0	1.0	2.0	1.0
508	3.0	3.0	2.0	2.0	1.3320000000000007	10.668	2.0
509	1.0	2.0	1.0	2.0	1.0	2.0	1.0
510	2.0	3.0	1.0	2.0	2.0010000000000003	6.999	2.0
511	2.0	0.0	2.0	0.0	2.0	4.0	2.0
512	1.0	0.0	1.0	0.0	1.0	2.0	1.0
513	2.0	1.0	2.0	1.0	1.3330000000000002	4.667	2.0
514	1.0	2.0	0.0	2.0	1.6660000000000004	7.334	2.0
515	0.0	3.0	0.0	3.0	1.3330000000000002	4.667	2.0
516	1.0	2.0	1.0	2.0	0.3330000000000002	2.667	1.0
517	1.0	2.0	0.0	2.0	0.6660000000000004	5.334	1.0
518	0.0	3.0	0.0	2.0	0.6660000000000004	5.334	1.0
519	1.0	0.0	1.0	0.0	1.0	2.0	1.0
520	2.0	0.0	1.0	0.0	1.6680000000000001	4.332	1.0
521	2.0	1.0	0.0	0.0	0.3330000000000002	2.667	0.0
522	0.0	2.0	0.0	0.0	1.0	2.0	0.0
523	0.0	0.0	0.0	0.0	0.0	0.0	0.0
524	1.0	1.0	1.0	1.0	1.0	2.0	1.0
525	2.0	1.0	2.0	0.0	3.0	6.0	2.0
526	0.0	0.0	0.0	0.0	0.0	0.0	0.0
527	1.0	1.0	1.0	0.0	2.0	4.0	1.0
528	2.0	0.0	2.0	0.0	2.0	4.0	2.0
529	2.0	0.0	2.0	0.0	2.0	4.0	2.0
530	1.0	1.0	1.0	0.0	1.3330000000000002	4.667	1.0
531	0.0	2.0	0.0	2.0	0.3330000000000002	2.667	1.0
532	1.0	0.0	1.0	0.0	1.0	2.0	1.0
533	3.0	4.0	1.0	1.0	4.0	8.0	1.0
534	3.0	0.0	1.0	0.0	3.0	6.0	1.0
535	2.0	1.0	1.0	0.0	2.668	6.332	1.0
536	1.0	2.0	0.0	0.0	1.0	2.0	0.0
537	1.0	0.0	1.0	0.0	1.4	1.6	1.0
538	0.0	0.0	0.0	0.0	0.0	0.0	0.0
539	1.0	1.0	0.0	0.0	1.6680000000000001	4.332	0.0
540	3.0	1.0	2.0	0.0	2.333	6.667	2.0
541	2.0	0.0	1.0	0.0	2.0	4.0	1.0
542	1.0	0.0	1.0	0.0	1.0	2.0	1.0
543	0.0	0.0	0.0	0.0	0.0	0.0	0.0
544	2.0	0.0	1.0	0.0	2.0	4.0	1.0
545	3.0	1.0	1.0	1.0	2.0	7.0	1.0
546	1.0	0.0	1.0	0.0	1.4	1.6	1.0
547	1.0	0.0	1.0	0.0	1.4	1.6	1.0
548	0.0	0.0	0.0	0.0	0.0	0.0	0.0
549	1.0	0.0	1.0	0.0	1.0	2.0	1.0
550	3.0	0.0	1.0	0.0	3.0	6.0	1.0
551	2.0	0.0	1.0	0.0	2.0	4.0	1.0
552	1.0	0.0	1.0	0.0	1.0	2.0	1.0
553	0.0	0.0	0.0	0.0	0.0	0.0	0.0
554	2.0	0.0	0.0	0.0	2.0	4.0	0.0
555	1.0	0.0	1.0	0.0	0.3330000000000002	2.667	1.0
556	2.0	0.0	1.0	0.0	2.0	4.0	1.0
557	1.0	1.0	1.0	0.0	1.0	5.0	1.0
558	2.0	0.0	2.0	0.0	2.0	4.0	2.0
559	2.0	0.0	0.0	0.0	2.0	4.0	0.0
560	0.0	0.0	0.0	0.0	0.0	0.0	0.0
561	0.0	0.0	0.0	0.0	0.0	0.0	0.0
562	0.0	1.0	0.0	0.0	1.4	1.6	0.0
563	1.0	0.0	0.0	0.0	1.0	2.0	0.0
564	0.0	0.0	0.0	0.0	0.0	0.0	0.0
565	0.0	0.0	0.0	0.0	0.0	0.0	0.0
566	1.0	0.0	0.0	0.0	1.0	2.0	0.0
567	1.0	2.0	1.0	0.0	1.3330000000000002	4.667	1.0
568	1.0	0.0	0.0	0.0	0.3330000000000002	2.667	0.0
569	1.0	0.0	1.0	0.0	0.3330000000000002	2.667	1.0
570	1.0	0.0	0.0	0.0	0.3330000000000002	2.667	0.0
571	0.0	0.0	0.0	0.0	0.0	0.0	0.0
572	0.0	0.0	0.0	0.0	0.0	0.0	0.0
573	0.0	0.0	0.0	0.0	0.0	0.0	0.0
574	1.0	0.0	0.0	0.0	0.3330000000000002	2.667	0.0
575	0.0	0.0	0.0	0.0	0.0	0.0	0.0
576	3.0	0.0	2.0	0.0	3.0	6.0	2.0
577	0.0	0.0	0.0	0.0	0.0	0.0	0.0
578	1.0	0.0	0.0	0.0	1.4	1.6	0.0
579	0.0	0.0	0.0	0.0	0.0	0.0	0.0
580	1.0	0.0	1.0	0.0	0.3330000000000002	2.667	1.0
581	0.0	0.0	0.0	0.0	0.0	0.0	0.0
582	0.0	0.0	0.0	0.0	0.0	0.0	0.0
583	1.0	0.0	0.0	0.0	1.0	2.0	0.0
584	0.0	0.0	0.0	0.0	0.0	0.0	0.0
585	0.0	0.0	0.0	0.0	0.0	0.0	0.0
586	1.0	0.0	1.0	0.0	1.0	2.0	1.0
587	0.0	0.0	0.0	0.0	0.0	0.0	0.0
588	3.0	0.0	1.0	0.0	3.0	6.0	1.0
589	2.0	0.0	1.0	0.0	2.0	4.0	1.0
590	0.0	0.0	0.0	0.0	0.0	0.0	0.0
591	2.0	0.0	2.0	0.0	2.0	4.0	2.0
592	1.0	1.0	0.0	0.0	0.6660000000000004	5.334	0.0
593	2.0	0.0	1.0	0.0	2.0	4.0	1.0
594	1.0	0.0	1.0	0.0	0.3330000000000002	2.667	1.0
595	0.0	1.0	0.0	0.0	0.3330000000000002	2.667	0.0
596	1.0	0.0	0.0	0.0	1.0	2.0	0.0
597	1.0	0.0	0.0	0.0	1.0	2.0	0.0
598	0.0	0.0	0.0	0.0	0.0	0.0	0.0
599	2.0	1.0	0.0	0.0	1.3330000000000002	4.667	0.0
600	1.0	0.0	1.0	0.0	1.0	2.0	1.0
601	1.0	2.0	0.0	0.0	1.0	2.0	0.0
602	1.0	0.0	1.0	0.0	1.0	2.0	1.0
603	1.0	0.0	1.0	0.0	0.3330000000000002	2.667	1.0
604	1.0	0.0	1.0	0.0	0.6680000000000001	2.332	1.0
605	0.0	0.0	0.0	0.0	0.0	0.0	0.0
606	1.0	0.0	0.0	0.0	0.3330000000000002	2.667	0.0
607	1.0	0.0	1.0	0.0	0.3330000000000002	2.667	1.0
608	0.0	0.0	0.0	0.0	0.0	0.0	0.0
609	0.0	0.0	0.0	0.0	0.0	0.0	0.0
610	1.0	0.0	0.0	0.0	0.6680000000000001	2.332	0.0
611	0.0	0.0	0.0	0.0	0.0	0.0	0.0
612	1.0	0.0	0.0	0.0	1.0	2.0	0.0
613	0.0	0.0	0.0	0.0	0.0	0.0	0.0
614	0.0	0.0	0.0	0.0	0.0	0.0	0.0
615	1.0	0.0	1.0	0.0	1.0	2.0	1.0
616	2.0	0.0	1.0	0.0	0.6660000000000004	5.334	1.0
617	1.0	0.0	1.0	0.0	1.0	2.0	1.0
618	3.0	1.0	2.0	1.0	3.0	6.0	2.0
619	1.0	0.0	1.0	0.0	1.0	2.0	1.0
620	3.0	3.0	0.0	1.0	2.6660000000000004	9.334	1.0
621	0.0	3.0	0.0	2.0	1.3330000000000002	4.667	1.0
622	0.0	0.0	0.0	0.0	0.0	0.0	0.0
623	1.0	0.0	0.0	0.0	1.0	2.0	0.0
624	0.0	0.0	0.0	0.0	0.0	0.0	0.0
625	1.0	0.0	1.0	0.0	1.0	2.0	1.0
626	1.0	0.0	1.0	0.0	1.0	2.0	1.0
627	1.0	0.0	1.0	0.0	1.0	2.0	1.0
628	2.0	1.0	1.0	1.0	2.0	4.0	1.0
629	2.0	1.0	0.0	0.0	3.0	6.0	0.0
630	1.0	1.0	0.0	1.0	2.0	4.0	1.0
631	2.0	1.0	0.0	1.0	3.0	6.0	1.0
632	2.0	1.0	0.0	0.0	1.0	2.0	0.0
633	1.0	2.0	0.0	0.0	1.0	2.0	0.0
634	0.0	0.0	0.0	0.0	0.0	0.0	0.0
635	1.0	0.0	0.0	0.0	1.0	2.0	0.0
636	0.0	3.0	0.0	1.0	2.333	6.667	1.0
637	0.0	0.0	0.0	0.0	0.0	0.0	0.0
638	0.0	0.0	0.0	0.0	0.0	0.0	0.0
639	0.0	0.0	0.0	0.0	0.0	0.0	0.0
640	2.0	0.0	1.0	0.0	2.4	3.6	1.0
641	0.0	0.0	0.0	0.0	0.0	0.0	0.0
642	2.0	0.0	2.0	0.0	2.0	4.0	2.0
643	2.0	0.0	2.0	0.0	1.6680000000000001	4.332	2.0
644	1.0	0.0	0.0	0.0	1.4	1.6	0.0
645	1.0	0.0	1.0	0.0	1.0	2.0	1.0
646	0.0	0.0	0.0	0.0	0.0	0.0	0.0
647	0.0	0.0	0.0	0.0	0.0	0.0	0.0
648	0.0	0.0	0.0	0.0	0.0	0.0	0.0
649	1.0	0.0	1.0	0.0	1.0	2.0	1.0
650	0.0	0.0	0.0	0.0	0.0	0.0	0.0
651	0.0	0.0	0.0	0.0	0.0	0.0	0.0
652	0.0	1.0	0.0	0.0	1.0	2.0	0.0
653	2.0	0.0	2.0	0.0	2.0	4.0	2.0
654	2.0	1.0	1.0	0.0	3.0	6.0	1.0
655	1.0	0.0	0.0	0.0	1.0	2.0	0.0
656	0.0	0.0	0.0	0.0	0.0	0.0	0.0
657	1.0	0.0	0.0	0.0	1.0	2.0	0.0
658	1.0	0.0	0.0	0.0	0.6680000000000001	2.332	0.0
659	1.0	0.0	0.0	0.0	1.4	1.6	0.0
660	0.0	0.0	0.0	0.0	0.0	0.0	0.0
661	2.0	0.0	1.0	0.0	2.0	4.0	1.0
662	1.0	0.0	1.0	0.0	1.0	2.0	1.0
663	0.0	0.0	0.0	0.0	0.0	0.0	0.0
664	2.0	0.0	0.0	0.0	2.0	4.0	0.0
665	2.0	0.0	0.0	0.0	2.0	4.0	0.0
666	0.0	0.0	0.0	0.0	0.0	0.0	0.0
667	2.0	0.0	2.0	0.0	2.0	4.0	2.0
668	0.0	1.0	0.0	0.0	0.6680000000000001	2.332	0.0
669	1.0	0.0	0.0	0.0	0.3330000000000002	2.667	0.0
670	2.0	0.0	1.0	0.0	2.0	4.0	1.0
671	2.0	0.0	2.0	0.0	2.0	4.0	2.0
672	2.0	0.0	1.0	0.0	2.8	3.2	1.0
673	2.0	0.0	1.0	0.0	2.4	3.6	1.0
674	2.0	0.0	0.0	0.0	2.0	4.0	0.0
675	2.0	0.0	0.0	0.0	2.0	4.0	0.0
676	2.0	0.0	2.0	0.0	2.0	4.0	2.0
677	2.0	0.0	1.0	0.0	2.0	4.0	1.0
678	1.0	0.0	0.0	0.0	0.3330000000000002	2.667	0.0
679	0.0	0.0	0.0	0.0	0.0	0.0	0.0
680	3.0	2.0	1.0	0.0	3.0	6.0	1.0
681	1.0	1.0	1.0	0.0	1.6680000000000001	4.332	1.0
682	2.0	0.0	0.0	0.0	2.0	4.0	0.0
683	0.0	0.0	0.0	0.0	0.0	0.0	0.0
684	3.0	0.0	2.0	0.0	3.0	6.0	2.0
685	3.0	0.0	2.0	0.0	3.0	6.0	2.0
686	1.0	2.0	1.0	0.0	1.0	5.0	1.0
687	2.0	0.0	2.0	0.0	2.0	4.0	2.0
688	0.0	2.0	0.0	0.0	1.0	2.0	0.0
689	1.0	1.0	0.0	0.0	0.3330000000000002	2.667	0.0
690	1.0	1.0	1.0	1.0	2.0	4.0	2.0
691	2.0	1.0	0.0	1.0	3.0	6.0	1.0
692	2.0	0.0	1.0	0.0	2.0	4.0	1.0
693	0.0	0.0	0.0	0.0	0.0	0.0	0.0
694	2.0	0.0	0.0	0.0	2.0	4.0	0.0
695	2.0	1.0	1.0	0.0	2.668	6.332	1.0
696	1.0	1.0	0.0	0.0	1.4	1.6	0.0
697	1.0	3.0	0.0	1.0	1.6660000000000004	7.334	1.0
698	1.0	2.0	1.0	0.0	2.4	3.6	1.0
699	0.0	0.0	0.0	0.0	0.0	0.0	0.0
700	2.0	1.0	1.0	0.0	2.4	6.6	1.0
701	3.0	1.0	3.0	0.0	4.0	8.0	3.0
702	0.0	0.0	0.0	0.0	0.0	0.0	0.0
703	2.0	1.0	1.0	0.0	3.4	5.6	1.0
704	0.0	1.0	0.0	0.0	1.0	2.0	0.0
705	2.0	3.0	0.0	0.0	3.4	5.6	0.0
706	1.0	1.0	0.0	0.0	1.3330000000000002	4.667	0.0
707	1.0	3.0	0.0	3.0	2.333	6.667	2.0
708	1.0	1.0	0.0	0.0	1.3330000000000002	4.667	0.0
709	1.0	3.0	1.0	1.0	2.668	9.332	2.0
710	0.0	0.0	0.0	0.0	0.0	0.0	0.0
711	2.0	2.0	2.0	0.0	3.4010000000000002	8.599	2.0
712	2.0	1.0	1.0	0.0	3.0	6.0	1.0
713	1.0	0.0	1.0	0.0	0.3330000000000002	2.667	1.0
714	1.0	0.0	0.0	0.0	1.4	1.6	0.0
715	1.0	1.0	1.0	0.0	2.0	4.0	1.0
716	2.0	0.0	1.0	0.0	1.6680000000000001	4.332	1.0
717	2.0	1.0	1.0	0.0	2.668	6.332	1.0
718	1.0	3.0	1.0	2.0	2.333	6.667	2.0
719	1.0	1.0	0.0	0.0	0.6660000000000004	5.334	0.0
720	0.0	0.0	0.0	0.0	0.0	0.0	0.0
721	0.0	0.0	0.0	0.0	0.0	0.0	0.0
722	2.0	2.0	1.0	0.0	2.333	6.667	1.0
723	1.0	0.0	1.0	0.0	1.0	2.0	1.0
724	1.0	0.0	1.0	0.0	1.0	2.0	1.0
725	1.0	0.0	0.0	0.0	0.3330000000000002	2.667	0.0
726	1.0	1.0	0.0	0.0	0.6680000000000001	5.332	0.0
727	0.0	0.0	0.0	0.0	0.0	0.0	0.0
728	1.0	0.0	1.0	0.0	0.3330000000000002	2.667	1.0
729	1.0	0.0	0.0	0.0	0.6680000000000001	2.332	0.0
730	0.0	2.0	0.0	0.0	0.3330000000000002	2.667	0.0
731	0.0	1.0	0.0	1.0	1.0	2.0	1.0
732	1.0	2.0	0.0	1.0	1.0	5.0	1.0
733	1.0	0.0	1.0	0.0	1.0	2.0	1.0
734	1.0	1.0	0.0	0.0	1.0	2.0	0.0
735	0.0	0.0	0.0	0.0	0.0	0.0	0.0
736	1.0	1.0	1.0	0.0	2.0	4.0	1.0
737	2.0	0.0	1.0	0.0	2.0	4.0	1.0
738	2.0	1.0	0.0	0.0	2.4	3.6	0.0
739	1.0	3.0	0.0	2.0	1.3320000000000007	10.668	2.0
740	0.0	2.0	0.0	1.0	1.0010000000000003	4.999	1.0
741	1.0	3.0	0.0	0.0	2.333	6.667	0.0
742	2.0	0.0	1.0	0.0	1.6680000000000001	4.332	1.0
743	0.0	1.0	0.0	0.0	0.3330000000000002	2.667	0.0
744	1.0	2.0	0.0	0.0	1.6680000000000001	4.332	0.0
745	2.0	3.0	0.0	2.0	3.3360000000000003	8.664	2.0
746	2.0	5.0	0.0	2.0	4.333	10.667	2.0
747	2.0	2.0	1.0	0.0	4.0	8.0	1.0
748	2.0	3.0	1.0	1.0	2.6660000000000004	9.334	2.0
749	1.0	2.0	1.0	0.0	1.3330000000000002	4.667	1.0
750	0.0	0.0	0.0	0.0	0.0	0.0	0.0
751	0.0	0.0	0.0	0.0	0.0	0.0	0.0
752	0.0	0.0	0.0	0.0	0.0	0.0	0.0
753	0.0	0.0	0.0	0.0	0.0	0.0	0.0
754	2.0	0.0	1.0	0.0	2.0	4.0	1.0
755	0.0	0.0	0.0	0.0	0.0	0.0	0.0
756	0.0	0.0	0.0	0.0	0.0	0.0	0.0
757	0.0	0.0	0.0	0.0	0.0	0.0	0.0
758	0.0	0.0	0.0	0.0	0.0	0.0	0.0
759	0.0	0.0	0.0	0.0	0.0	0.0	0.0
760	0.0	0.0	0.0	0.0	0.0	0.0	0.0
761	0.0	0.0	0.0	0.0	0.0	0.0	0.0
762	0.0	1.0	0.0	0.0	1.0	2.0	0.0
763	1.0	2.0	0.0	1.0	1.6660000000000004	7.334	1.0
764	2.0	3.0	0.0	1.0	3.333	8.667	1.0
765	0.0	3.0	0.0	2.0	0.9990000000000006	8.001	2.0
766	0.0	2.0	0.0	0.0	0.6660000000000004	5.334	0.0
767	1.0	3.0	0.0	0.0	1.3330000000000002	4.667	0.0
768	1.0	3.0	1.0	0.0	3.4	8.6	1.0
769	2.0	1.0	1.0	0.0	1.6680000000000001	4.332	1.0
770	2.0	2.0	0.0	0.0	1.3330000000000002	4.667	0.0
771	0.0	2.0	0.0	0.0	0.3330000000000002	2.667	0.0
772	2.0	3.0	1.0	1.0	1.6670000000000007	10.332999999999998	2.0
773	1.0	0.0	0.0	0.0	0.3330000000000002	2.667	0.0
774	2.0	1.0	2.0	1.0	1.6680000000000001	4.332	2.0
775	3.0	1.0	1.0	0.0	3.0	6.0	1.0
776	0.0	4.0	0.0	2.0	1.9990000000000006	10.001	2.0
777	1.0	0.0	0.0	0.0	1.0	2.0	0.0
778	0.0	1.0	0.0	0.0	0.0	3.0	0.0
779	0.0	3.0	0.0	2.0	1.3340000000000005	7.6659999999999995	2.0
780	2.0	2.0	1.0	1.0	3.668	8.332	2.0
781	1.0	2.0	1.0	1.0	1.0	5.0	1.0
782	1.0	1.0	1.0	1.0	1.0	2.0	1.0
783	0.0	0.0	0.0	0.0	0.0	0.0	0.0
784	1.0	0.0	1.0	0.0	1.0	2.0	1.0
785	1.0	1.0	0.0	0.0	1.6680000000000001	4.332	0.0
786	2.0	0.0	1.0	0.0	2.0	4.0	1.0
787	1.0	3.0	1.0	0.0	2.333	6.667	1.0
788	1.0	2.0	0.0	0.0	1.3330000000000002	4.667	0.0
789	0.0	0.0	0.0	0.0	0.0	0.0	0.0
790	2.0	1.0	1.0	1.0	2.4	6.6	2.0
791	3.0	1.0	0.0	0.0	1.6660000000000004	7.334	0.0
792	0.0	0.0	0.0	0.0	0.0	0.0	0.0
793	2.0	0.0	1.0	0.0	0.6660000000000004	5.334	1.0
794	0.0	1.0	0.0	1.0	0.3330000000000002	2.667	1.0
795	1.0	1.0	0.0	1.0	1.0010000000000003	4.999	1.0
796	0.0	0.0	0.0	0.0	0.0	0.0	0.0
797	3.0	1.0	2.0	0.0	4.0	8.0	2.0
798	1.0	3.0	1.0	2.0	2.0	4.0	1.0
799	1.0	1.0	0.0	0.0	0.6680000000000001	2.332	0.0
800	2.0	0.0	0.0	0.0	0.6660000000000004	5.334	0.0
801	1.0	4.0	0.0	1.0	2.333	6.667	1.0
802	1.0	1.0	1.0	0.0	1.0010000000000003	4.999	1.0
803	0.0	2.0	0.0	1.0	0.6660000000000004	5.334	1.0
804	2.0	1.0	0.0	0.0	0.6660000000000004	5.334	0.0
805	0.0	1.0	0.0	0.0	0.3330000000000002	2.667	0.0
806	0.0	0.0	0.0	0.0	0.0	0.0	0.0
807	1.0	0.0	1.0	0.0	0.3330000000000002	2.667	1.0
808	0.0	0.0	0.0	0.0	0.0	0.0	0.0
