pos	Sd	Nd	Sd_tip	Nd_tip	S	N	comparisons
001	0.0	0.0	0.0	0.0	0.0	0.0	0.0
002	0.0	0.0	0.0	0.0	0.0	0.0	0.0
003	0.0	0.0	0.0	0.0	0.0	0.0	0.0
004	0.0	0.0	0.0	0.0	0.0	0.0	0.0
005	0.0	0.0	0.0	0.0	0.0	0.0	0.0
006	0.0	0.0	0.0	0.0	0.0	0.0	0.0
007	0.0	0.0	0.0	0.0	0.0	0.0	0.0
008	0.0	0.0	0.0	0.0	0.0	0.0	0.0
009	0.0	0.0	0.0	0.0	0.0	0.0	0.0
010	0.0	0.0	0.0	0.0	0.0	0.0	0.0
011	1.0	1.0	0.0	0.0	0.6660000000000004	5.334	0.0
012	1.0	2.0	0.0	0.0	1.3330000000000002	4.667	0.0
013	1.0	2.0	0.0	0.0	1.0010000000000003	4.999	0.0
014	1.0	1.0	0.0	0.0	1.0	2.0	0.0
015	1.0	2.0	0.0	0.0	1.6680000000000001	4.332	0.0
016	1.0	2.0	0.0	0.0	0.3330000000000002	5.667	0.0
017	1.0	5.0	0.0	0.0	3.3360000000000003	11.664	0.0
018	0.0	2.0	0.0	0.0	1.4	1.6	0.0
019	1.0	4.0	0.0	0.0	3.6660000000000004	11.334	0.0
020	2.0	2.0	0.0	0.0	1.3330000000000002	4.667	0.0
021	0.0	4.0	0.0	0.0	3.333	8.667	0.0
022	2.0	4.0	0.0	0.0	1.3330000000000002	7.667	0.0
023	2.0	4.0	0.0	0.0	2.333	6.667	0.0
024	0.0	3.0	0.0	0.0	1.3330000000000002	4.667	0.0
025	1.0	1.0	0.0	0.0	1.0	2.0	0.0
026	1.0	3.0	0.0	0.0	3.668	8.332	0.0
027	2.0	6.0	0.0	0.0	3.3340000000000005	14.666	0.0
028	0.0	3.0	0.0	0.0	2.0	4.0	0.0
029	0.0	5.0	0.0	0.0	1.3340000000000005	7.6659999999999995	0.0
030	1.0	0.0	0.0	0.0	1.0	2.0	0.0
031	1.0	3.0	0.0	0.0	5.199999999999999	6.800000000000001	0.0
032	0.0	1.0	0.0	0.0	0.3330000000000002	2.667	0.0
033	0.0	4.0	0.0	0.0	1.6680000000000001	7.332	0.0
034	1.0	2.0	0.0	0.0	1.3330000000000002	4.667	0.0
035	3.0	5.0	0.0	0.0	5.734000000000001	15.265999999999998	0.0
036	4.0	8.0	0.0	0.0	3.6660000000000004	14.334	0.0
037	5.0	11.0	1.0	1.0	5.9990000000000006	21.000999999999998	1.0
038	2.0	2.0	0.0	0.0	1.3330000000000002	7.667	0.0
039	1.0	3.0	0.0	0.0	3.0	6.0	0.0
040	0.0	0.0	0.0	0.0	0.0	0.0	0.0
041	0.0	0.0	0.0	0.0	0.0	0.0	0.0
042	0.0	0.0	0.0	0.0	0.0	0.0	0.0
043	0.0	0.0	0.0	0.0	0.0	0.0	0.0
044	0.0	0.0	0.0	0.0	0.0	0.0	0.0
045	0.0	0.0	0.0	0.0	0.0	0.0	0.0
046	0.0	0.0	0.0	0.0	0.0	0.0	0.0
047	0.0	0.0	0.0	0.0	0.0	0.0	0.0
048	0.0	0.0	0.0	0.0	0.0	0.0	0.0
049	1.0	1.0	0.0	0.0	0.0	3.0	0.0
050	1.0	2.0	0.0	0.0	2.0	4.0	0.0
051	4.0	8.0	1.0	3.0	4.9990000000000006	16.000999999999998	2.0
052	1.0	9.0	0.0	2.0	3.998000000000001	20.002	2.0
053	3.0	10.0	1.0	1.0	6.332000000000001	20.668	1.0
054	4.0	6.0	1.0	2.0	6.069000000000001	14.931	1.0
055	3.0	8.0	1.0	2.0	5.002000000000001	15.998	1.0
056	4.0	1.0	2.0	0.0	4.0	8.0	2.0
057	3.0	4.0	0.0	2.0	5.0	10.0	2.0
058	3.0	4.0	1.0	2.0	2.333	6.667	1.0
059	4.0	2.0	0.0	2.0	4.333	10.667	1.0
060	2.0	4.0	1.0	2.0	2.0	4.0	1.0
061	2.0	4.0	1.0	2.0	1.3340000000000005	7.6659999999999995	1.0
062	0.0	5.0	0.0	2.0	2.668	6.332	1.0
063	0.0	1.0	0.0	0.0	0.6680000000000001	2.332	0.0
064	1.0	5.0	0.0	0.0	1.9990000000000006	10.001	0.0
065	1.0	9.0	0.0	2.0	6.333000000000001	23.666999999999998	2.0
066	4.0	8.0	0.0	3.0	4.331000000000001	22.668999999999997	2.0
067	2.0	7.0	1.0	2.0	4.6690000000000005	13.331	2.0
068	1.0	7.0	0.0	4.0	2.000000000000001	13.0	2.0
069	1.0	5.0	1.0	2.0	4.7330000000000005	10.267	2.0
070	3.0	2.0	1.0	0.0	0.9990000000000006	11.001	1.0
071	0.0	13.0	0.0	4.0	6.9990000000000006	20.000999999999998	3.0
072	2.0	7.0	1.0	1.0	3.000000000000001	15.0	1.0
073	5.0	8.0	2.0	3.0	7.404000000000002	25.595999999999997	4.0
074	0.0	5.0	0.0	1.0	3.333	8.667	1.0
075	4.0	10.0	2.0	4.0	5.333000000000001	24.666999999999998	3.0
076	2.0	11.0	1.0	3.0	9.07	23.93	3.0
077	4.0	8.0	0.0	3.0	5.667000000000002	27.333	3.0
078	1.0	4.0	0.0	1.0	3.7340000000000004	11.266	1.0
079	4.0	11.0	2.0	1.0	8.003	24.997	2.0
080	5.0	8.0	1.0	1.0	7.533000000000001	22.467	2.0
081	2.0	10.0	2.0	2.0	4.997000000000002	28.003	3.0
082	3.0	7.0	0.0	2.0	9.069	20.930999999999997	2.0
083	0.0	0.0	0.0	0.0	0.0	0.0	0.0
084	8.0	18.0	1.0	3.0	17.665	45.334999999999994	3.0
085	9.0	4.0	2.0	1.0	6.397000000000002	29.602999999999998	3.0
086	5.0	0.0	2.0	0.0	1.665000000000001	13.334999999999999	2.0
087	11.0	3.0	2.0	1.0	11.666	27.334	3.0
088	4.0	1.0	0.0	0.0	1.665000000000001	13.334999999999999	0.0
089	4.0	11.0	4.0	1.0	4.662000000000003	37.337999999999994	4.0
090	2.0	9.0	0.0	2.0	3.665000000000002	26.335	1.0
091	8.0	8.0	2.0	2.0	12.404	26.596	2.0
092	7.0	15.0	3.0	4.0	6.330000000000003	41.67	5.0
093	5.0	11.0	2.0	4.0	8.732000000000003	33.268	5.0
094	10.0	1.0	1.0	1.0	11.0	22.0	2.0
095	9.0	5.0	2.0	3.0	7.473000000000001	19.527	3.0
096	8.0	17.0	1.0	4.0	11.063000000000002	45.937	4.0
097	5.0	11.0	2.0	6.0	9.333000000000002	29.666999999999998	5.0
098	0.0	0.0	0.0	0.0	0.0	0.0	0.0
099	0.0	0.0	0.0	0.0	0.0	0.0	0.0
100	0.0	0.0	0.0	0.0	0.0	0.0	0.0
101	0.0	0.0	0.0	0.0	0.0	0.0	0.0
102	0.0	0.0	0.0	0.0	0.0	0.0	0.0
103	13.0	8.0	3.0	3.0	14.012	36.988	4.0
104	9.0	22.0	2.0	6.0	14.999000000000002	45.001	4.0
105	6.0	15.0	1.0	3.0	8.329000000000002	42.671	3.0
106	8.0	1.0	2.0	1.0	8.333	18.667	3.0
107	10.0	21.0	0.0	6.0	10.065000000000001	43.935	4.0
108	0.0	0.0	0.0	0.0	0.0	0.0	0.0
109	0.0	0.0	0.0	0.0	0.0	0.0	0.0
110	0.0	0.0	0.0	0.0	0.0	0.0	0.0
111	0.0	0.0	0.0	0.0	0.0	0.0	0.0
112	0.0	0.0	0.0	0.0	0.0	0.0	0.0
113	0.0	0.0	0.0	0.0	0.0	0.0	0.0
114	0.0	0.0	0.0	0.0	0.0	0.0	0.0
115	0.0	0.0	0.0	0.0	0.0	0.0	0.0
116	0.0	0.0	0.0	0.0	0.0	0.0	0.0
117	0.0	0.0	0.0	0.0	0.0	0.0	0.0
118	0.0	0.0	0.0	0.0	0.0	0.0	0.0
119	9.0	27.0	3.0	6.0	17.999000000000002	51.001	5.0
120	15.0	15.0	2.0	3.0	18.813000000000002	47.187	4.0
121	18.0	13.0	5.0	3.0	15.0	48.0	4.0
122	8.0	22.0	1.0	2.0	10.999000000000002	55.001	3.0
123	6.0	5.0	0.0	3.0	9.001000000000001	20.999000000000002	2.0
124	11.0	13.0	1.0	3.0	21.0	42.0	4.0
125	11.0	26.0	2.0	4.0	19.805000000000003	61.195	6.0
126	11.0	17.0	1.0	3.0	11.997000000000003	51.003	3.0
127	2.0	17.0	1.0	3.0	2.665000000000001	30.334999999999997	3.0
128	14.0	2.0	3.0	2.0	13.333	28.667	3.0
129	0.0	0.0	0.0	0.0	0.0	0.0	0.0
130	0.0	0.0	0.0	0.0	0.0	0.0	0.0
131	0.0	0.0	0.0	0.0	0.0	0.0	0.0
132	0.0	0.0	0.0	0.0	0.0	0.0	0.0
133	0.0	0.0	0.0	0.0	0.0	0.0	0.0
134	0.0	0.0	0.0	0.0	0.0	0.0	0.0
135	0.0	0.0	0.0	0.0	0.0	0.0	0.0
136	0.0	0.0	0.0	0.0	0.0	0.0	0.0
137	0.0	0.0	0.0	0.0	0.0	0.0	0.0
138	0.0	0.0	0.0	0.0	0.0	0.0	0.0
139	0.0	0.0	0.0	0.0	0.0	0.0	0.0
140	0.0	0.0	0.0	0.0	0.0	0.0	0.0
141	0.0	0.0	0.0	0.0	0.0	0.0	0.0
142	0.0	0.0	0.0	0.0	0.0	0.0	0.0
143	0.0	0.0	0.0	0.0	0.0	0.0	0.0
144	0.0	0.0	0.0	0.0	0.0	0.0	0.0
145	0.0	0.0	0.0	0.0	0.0	0.0	0.0
146	0.0	0.0	0.0	0.0	0.0	0.0	0.0
147	0.0	0.0	0.0	0.0	0.0	0.0	0.0
148	0.0	0.0	0.0	0.0	0.0	0.0	0.0
149	0.0	0.0	0.0	0.0	0.0	0.0	0.0
150	0.0	0.0	0.0	0.0	0.0	0.0	0.0
151	0.0	0.0	0.0	0.0	0.0	0.0	0.0
152	0.0	0.0	0.0	0.0	0.0	0.0	0.0
153	0.0	0.0	0.0	0.0	0.0	0.0	0.0
154	0.0	0.0	0.0	0.0	0.0	0.0	0.0
155	12.0	8.0	2.0	3.0	15.009	38.991	5.0
156	7.0	4.0	2.0	4.0	8.0	19.0	4.0
157	17.0	11.0	3.0	2.0	13.669000000000002	49.330999999999996	3.0
158	7.0	12.0	1.0	5.0	16.0	32.0	4.0
159	14.0	3.0	1.0	2.0	17.0	34.0	3.0
160	11.0	7.0	2.0	4.0	10.737	25.262999999999998	4.0
161	8.0	19.0	2.0	6.0	11.329000000000002	48.67100000000001	5.0
162	9.0	18.0	3.0	4.0	11.997000000000003	51.003	4.0
163	19.0	1.0	5.0	0.0	17.736	36.264	4.0
164	14.0	12.0	1.0	3.0	15.541	44.459	2.0
165	0.0	0.0	0.0	0.0	0.0	0.0	0.0
166	5.0	19.0	3.0	3.0	9.995000000000003	50.004999999999995	4.0
167	12.0	2.0	2.0	2.0	11.666	27.334	3.0
168	7.0	15.0	1.0	6.0	10.667000000000002	37.333	5.0
169	8.0	2.0	2.0	2.0	3.3310000000000013	20.668999999999997	2.0
170	12.0	12.0	3.0	1.0	21.333	44.667	4.0
171	8.0	3.0	2.0	2.0	6.010000000000002	26.99	4.0
172	6.0	23.0	1.0	5.0	13.330000000000002	46.669999999999995	4.0
173	11.0	19.0	3.0	6.0	16.677	43.323	5.0
174	10.0	4.0	4.0	4.0	10.333	22.667	5.0
175	0.0	0.0	0.0	0.0	0.0	0.0	0.0
176	3.0	7.0	2.0	4.0	1.665000000000001	16.335	3.0
177	11.0	18.0	4.0	4.0	21.334	47.666	5.0
178	8.0	12.0	3.0	5.0	8.399000000000003	39.601000000000006	5.0
179	16.0	8.0	5.0	2.0	16.0	41.0	5.0
180	2.0	3.0	2.0	3.0	1.6680000000000001	4.332	2.0
181	11.0	3.0	2.0	1.0	9.671000000000001	29.329	3.0
182	15.0	1.0	2.0	1.0	13.469	28.531	3.0
183	9.0	3.0	1.0	2.0	10.333	22.667	3.0
184	8.0	13.0	2.0	0.0	11.002	27.998	2.0
185	4.0	17.0	1.0	4.0	7.665000000000002	37.335	3.0
186	2.0	3.0	1.0	1.0	2.333	6.667	2.0
187	1.0	2.0	0.0	0.0	1.3330000000000002	4.667	0.0
188	6.0	17.0	1.0	8.0	8.664000000000001	33.336	5.0
189	6.0	9.0	0.0	2.0	6.064000000000002	26.936	1.0
190	12.0	2.0	4.0	0.0	11.208	24.792	4.0
191	5.0	4.0	1.0	0.0	4.666	13.334	1.0
192	4.0	15.0	0.0	0.0	5.997000000000002	30.003	0.0
193	0.0	2.0	0.0	0.0	0.3330000000000002	2.667	0.0
194	7.0	7.0	1.0	1.0	9.006	26.994	2.0
195	6.0	12.0	2.0	1.0	8.664000000000001	33.336	3.0
196	11.0	5.0	2.0	0.0	7.677000000000001	25.323	2.0
197	3.0	2.0	2.0	0.0	1.3320000000000007	10.668	2.0
198	1.0	13.0	0.0	1.0	5.998000000000001	24.002	1.0
199	4.0	4.0	1.0	0.0	5.9990000000000006	18.000999999999998	1.0
200	6.0	0.0	1.0	0.0	6.8	11.2	1.0
201	10.0	0.0	3.0	0.0	10.0	20.0	3.0
202	3.0	9.0	1.0	0.0	9.466000000000001	20.534	1.0
203	10.0	5.0	1.0	0.0	13.333	28.667	1.0
204	1.0	3.0	0.0	0.0	2.333	6.667	0.0
205	11.0	2.0	2.0	0.0	11.333	24.667	2.0
206	3.0	4.0	2.0	2.0	2.3320000000000007	12.668	3.0
207	9.0	5.0	1.0	2.0	6.064000000000002	26.936	2.0
208	5.0	2.0	1.0	0.0	1.665000000000001	13.334999999999999	1.0
209	12.0	8.0	4.0	1.0	14.469000000000001	30.531	4.0
210	3.0	12.0	0.0	0.0	7.008000000000002	28.992	0.0
211	8.0	11.0	0.0	1.0	12.399000000000001	38.601	1.0
212	9.0	4.0	1.0	1.0	7.865	22.134999999999998	1.0
213	6.0	2.0	1.0	0.0	6.668	14.332	1.0
214	5.0	8.0	0.0	2.0	3.998000000000002	29.002	2.0
215	16.0	3.0	1.0	0.0	11.338000000000001	30.662	1.0
216	4.0	7.0	1.0	0.0	5.736000000000001	15.264	1.0
217	12.0	2.0	1.0	1.0	14.0	25.0	2.0
218	4.0	15.0	0.0	3.0	5.665000000000002	30.334999999999997	3.0
219	11.0	9.0	2.0	1.0	13.332	34.668	3.0
220	3.0	7.0	0.0	3.0	6.005000000000001	17.995	3.0
221	8.0	4.0	3.0	0.0	9.334	23.666	3.0
222	7.0	5.0	1.0	2.0	4.998000000000001	22.002	1.0
223	4.0	7.0	0.0	2.0	5.332000000000001	18.668	2.0
224	0.0	1.0	0.0	0.0	0.3330000000000002	2.667	0.0
225	4.0	6.0	0.0	1.0	4.6640000000000015	25.336	1.0
226	5.0	1.0	1.0	1.0	6.0	12.0	2.0
227	6.0	5.0	1.0	0.0	9.940000000000001	20.060000000000002	1.0
228	7.0	0.0	0.0	0.0	7.0	14.0	0.0
229	5.0	4.0	0.0	1.0	4.669000000000001	22.330999999999996	1.0
230	7.0	13.0	0.0	3.0	13.003	34.997	2.0
231	0.0	0.0	0.0	0.0	0.0	0.0	0.0
232	12.0	13.0	4.0	4.0	19.340000000000003	49.660000000000004	6.0
233	4.0	21.0	1.0	1.0	8.664000000000001	42.336	2.0
234	5.0	5.0	2.0	2.0	5.668	12.332	2.0
235	10.0	0.0	1.0	0.0	3.330000000000002	26.669999999999998	1.0
236	7.0	14.0	0.0	3.0	13.870999999999999	40.129000000000005	3.0
237	14.0	10.0	4.0	4.0	11.003000000000002	39.997	5.0
238	7.0	4.0	0.0	4.0	6.673000000000001	20.326999999999998	2.0
239	4.0	1.0	0.0	1.0	1.665000000000001	13.334999999999999	1.0
240	3.0	0.0	0.0	0.0	3.0	6.0	0.0
241	7.0	0.0	1.0	0.0	7.0	14.0	1.0
242	6.0	2.0	2.0	0.0	6.008000000000001	17.991999999999997	2.0
243	0.0	7.0	0.0	1.0	3.3370000000000006	14.663	1.0
244	3.0	2.0	1.0	0.0	4.0	8.0	1.0
245	1.0	2.0	1.0	0.0	0.9990000000000006	8.001	1.0
246	2.0	0.0	0.0	0.0	2.0	4.0	0.0
247	6.0	5.0	2.0	1.0	4.998000000000001	22.002	2.0
248	11.0	2.0	2.0	0.0	8.338000000000001	24.662	2.0
249	7.0	8.0	0.0	3.0	12.333	26.667	2.0
250	6.0	1.0	2.0	0.0	4.008000000000001	16.991999999999997	2.0
251	7.0	0.0	1.0	0.0	2.3310000000000013	18.668999999999997	1.0
252	10.0	4.0	1.0	1.0	12.666	29.334	2.0
253	8.0	1.0	2.0	1.0	5.341000000000001	18.659	2.0
254	9.0	1.0	2.0	1.0	8.0	19.0	2.0
255	8.0	10.0	4.0	2.0	11.670000000000002	33.33	5.0
256	1.0	5.0	0.0	4.0	1.6670000000000007	10.332999999999998	2.0
257	9.0	5.0	3.0	1.0	9.669	23.331	3.0
258	5.0	5.0	2.0	3.0	5.3340000000000005	15.666	3.0
259	5.0	4.0	3.0	2.0	4.666	13.334	3.0
260	2.0	9.0	1.0	3.0	8.333	18.667	2.0
261	3.0	10.0	2.0	5.0	3.9970000000000017	26.003	4.0
262	11.0	7.0	4.0	4.0	13.676000000000002	34.324	6.0
263	4.0	1.0	3.0	1.0	2.3370000000000006	9.663	3.0
264	1.0	6.0	0.0	5.0	1.665000000000001	13.334999999999999	4.0
265	2.0	11.0	1.0	4.0	5.997000000000002	30.003	4.0
266	0.0	4.0	0.0	2.0	0.6660000000000004	5.334	1.0
267	3.0	0.0	1.0	0.0	0.9990000000000006	8.001	1.0
268	5.0	12.0	2.0	5.0	7.064000000000003	37.93599999999999	6.0
269	8.0	10.0	1.0	0.0	9.398000000000001	29.601999999999997	1.0
270	7.0	1.0	2.0	1.0	9.6	14.4	3.0
271	1.0	2.0	1.0	0.0	2.0	4.0	1.0
272	7.0	6.0	2.0	4.0	7.665000000000001	25.335	5.0
273	5.0	5.0	3.0	1.0	6.408	23.592	4.0
274	4.0	1.0	0.0	1.0	5.4	9.6	1.0
275	4.0	10.0	1.0	2.0	9.666	23.334	3.0
276	4.0	5.0	2.0	1.0	6.0040000000000004	14.995999999999999	2.0
277	1.0	19.0	0.0	4.0	9.803	44.197	4.0
278	6.0	11.0	2.0	4.0	9.665000000000001	29.335	4.0
279	10.0	2.0	3.0	2.0	8.680000000000001	27.32	5.0
280	4.0	7.0	3.0	4.0	3.6660000000000013	20.333999999999996	5.0
281	0.0	1.0	0.0	1.0	1.0	2.0	1.0
282	5.0	4.0	1.0	1.0	9.0	18.0	2.0
283	9.0	0.0	2.0	0.0	2.9970000000000017	24.003	2.0
284	7.0	1.0	5.0	0.0	7.0	14.0	4.0
285	8.0	4.0	3.0	2.0	2.6640000000000015	27.336	4.0
286	4.0	2.0	2.0	2.0	1.665000000000001	13.334999999999999	3.0
287	1.0	2.0	1.0	2.0	1.0	2.0	1.0
288	2.0	3.0	0.0	3.0	1.9990000000000006	10.001	2.0
289	1.0	2.0	0.0	1.0	0.9990000000000006	8.001	1.0
290	5.0	1.0	4.0	1.0	5.333	12.667	5.0
291	3.0	0.0	1.0	0.0	3.0	6.0	1.0
292	4.0	0.0	1.0	0.0	2.6720000000000006	9.328	1.0
293	11.0	3.0	6.0	1.0	9.468	20.531999999999996	5.0
294	5.0	0.0	5.0	0.0	1.665000000000001	13.334999999999999	5.0
295	5.0	0.0	3.0	0.0	5.0	10.0	3.0
296	6.0	10.0	3.0	3.0	5.669000000000002	36.330999999999996	5.0
297	2.0	0.0	1.0	0.0	2.0	4.0	1.0
298	7.0	11.0	3.0	4.0	11.999	30.000999999999998	5.0
299	1.0	0.0	1.0	0.0	0.3330000000000002	2.667	1.0
300	1.0	0.0	1.0	0.0	1.0	2.0	1.0
301	13.0	1.0	5.0	1.0	16.668	22.332	5.0
302	6.0	1.0	1.0	1.0	5.668	12.332	1.0
303	14.0	0.0	11.0	0.0	16.668	22.332	10.0
304	10.0	1.0	2.0	1.0	11.0	22.0	3.0
305	3.0	7.0	1.0	2.0	4.336	13.664000000000001	1.0
306	5.0	11.0	2.0	6.0	12.333	29.667	6.0
307	4.0	2.0	1.0	1.0	2.665000000000001	15.334999999999999	2.0
308	13.0	3.0	6.0	0.0	15.0	33.0	6.0
309	5.0	9.0	4.0	4.0	6.667000000000001	20.333	4.0
310	2.0	6.0	1.0	1.0	3.9990000000000006	14.001	2.0
311	11.0	6.0	5.0	4.0	11.672	27.328000000000003	7.0
312	10.0	1.0	5.0	0.0	10.333	22.667	5.0
313	5.0	2.0	2.0	2.0	2.333000000000001	15.666999999999998	3.0
314	7.0	4.0	3.0	3.0	4.334000000000001	22.665999999999997	4.0
315	0.0	2.0	0.0	2.0	0.6660000000000004	5.334	2.0
316	2.0	0.0	0.0	0.0	2.0	4.0	0.0
317	5.0	0.0	4.0	0.0	5.0	10.0	4.0
318	10.0	2.0	2.0	0.0	10.0	20.0	2.0
319	10.0	2.0	3.0	2.0	8.338000000000001	24.661999999999995	5.0
320	4.0	3.0	2.0	2.0	7.0	14.0	4.0
321	0.0	2.0	0.0	2.0	1.6680000000000001	4.332	2.0
322	8.0	4.0	2.0	4.0	9.336	20.664	4.0
323	13.0	1.0	5.0	1.0	14.0	28.0	6.0
324	10.0	12.0	2.0	6.0	15.485000000000003	44.515	7.0
325	13.0	0.0	5.0	0.0	8.684000000000001	30.316	5.0
326	7.0	4.0	3.0	2.0	3.9970000000000017	26.003	5.0
327	6.0	1.0	1.0	1.0	2.3310000000000013	18.668999999999997	2.0
328	6.0	3.0	2.0	0.0	7.008000000000001	19.991999999999997	2.0
329	8.0	1.0	3.0	0.0	9.0	18.0	3.0
330	10.0	2.0	4.0	1.0	12.0	24.0	5.0
331	8.0	24.0	2.0	8.0	17.871000000000002	54.129000000000005	8.0
332	8.0	1.0	2.0	1.0	8.333	18.667	3.0
333	9.0	21.0	3.0	7.0	13.406000000000002	52.593999999999994	6.0
334	11.0	17.0	3.0	4.0	19.672	43.328	5.0
335	15.0	3.0	4.0	1.0	19.204	31.796	5.0
336	6.0	23.0	1.0	6.0	15.395000000000003	59.605	6.0
337	9.0	0.0	2.0	0.0	9.0	18.0	2.0
338	8.0	1.0	1.0	0.0	8.468	15.532	1.0
339	9.0	9.0	5.0	5.0	13.673000000000002	34.327	8.0
340	6.0	3.0	3.0	2.0	3.673000000000001	17.326999999999998	3.0
341	5.0	2.0	1.0	2.0	2.000000000000001	13.0	1.0
342	0.0	0.0	0.0	0.0	0.0	0.0	0.0
343	5.0	0.0	1.0	0.0	5.0	10.0	1.0
344	4.0	5.0	1.0	3.0	3.336000000000001	20.664	4.0
345	0.0	6.0	0.0	2.0	6.0	12.0	2.0
346	2.0	1.0	2.0	1.0	2.4	3.6	2.0
347	1.0	0.0	1.0	0.0	0.3330000000000002	2.667	1.0
348	2.0	4.0	0.0	2.0	2.6660000000000004	9.334	2.0
349	4.0	0.0	2.0	0.0	1.3320000000000007	10.668	2.0
350	0.0	0.0	0.0	0.0	0.0	0.0	0.0
351	5.0	0.0	1.0	0.0	1.665000000000001	13.334999999999999	1.0
352	6.0	1.0	1.0	1.0	7.0	14.0	2.0
353	19.0	3.0	6.0	2.0	18.808	35.19199999999999	6.0
354	0.0	0.0	0.0	0.0	0.0	0.0	0.0
355	6.0	1.0	2.0	0.0	2.3310000000000013	18.668999999999997	2.0
356	10.0	0.0	2.0	0.0	10.8	19.2	2.0
357	5.0	15.0	1.0	4.0	10.998000000000001	34.001999999999995	4.0
358	11.0	7.0	5.0	2.0	14.068000000000001	27.932000000000002	6.0
359	6.0	4.0	4.0	0.0	4.401000000000002	19.598999999999997	4.0
360	2.0	18.0	0.0	11.0	8.997000000000002	36.003	8.0
361	10.0	6.0	5.0	3.0	9.999	26.000999999999998	6.0
362	1.0	3.0	1.0	3.0	1.0010000000000003	4.999	2.0
363	9.0	10.0	4.0	4.0	7.462000000000002	40.538	6.0
364	11.0	2.0	4.0	2.0	5.330000000000002	30.669999999999998	5.0
365	7.0	1.0	1.0	1.0	7.668	16.332	2.0
366	5.0	3.0	2.0	1.0	4.666	13.334	2.0
367	6.0	1.0	2.0	0.0	7.0	14.0	2.0
368	5.0	2.0	1.0	0.0	2.3310000000000013	18.668999999999997	1.0
369	3.0	0.0	2.0	0.0	0.9990000000000006	8.001	2.0
370	7.0	0.0	3.0	0.0	7.0	14.0	3.0
371	0.0	0.0	0.0	0.0	0.0	0.0	0.0
372	11.0	1.0	3.0	1.0	11.333	24.667	4.0
373	10.0	4.0	4.0	2.0	11.333	24.667	5.0
374	11.0	2.0	4.0	1.0	4.329000000000002	34.67099999999999	5.0
375	11.0	22.0	4.0	8.0	14.998000000000001	51.002	9.0
376	3.0	1.0	2.0	0.0	3.333	8.667	2.0
377	3.0	0.0	0.0	0.0	3.0	6.0	0.0
378	4.0	7.0	2.0	4.0	10.068000000000001	19.932000000000002	5.0
379	7.0	12.0	3.0	7.0	5.998000000000002	33.001999999999995	6.0
380	0.0	3.0	0.0	3.0	1.3330000000000002	4.667	2.0
381	14.0	3.0	9.0	2.0	12.008	23.992	7.0
382	6.0	13.0	3.0	3.0	10.131000000000002	40.869	6.0
383	1.0	7.0	1.0	2.0	4.335000000000001	16.665	2.0
384	5.0	5.0	3.0	4.0	8.0	16.0	5.0
385	8.0	3.0	3.0	3.0	4.331000000000001	22.669000000000004	4.0
386	2.0	13.0	1.0	7.0	9.068999999999999	23.930999999999997	5.0
387	9.0	3.0	5.0	2.0	11.0	22.0	6.0
388	3.0	9.0	2.0	4.0	4.734	16.266	3.0
389	0.0	0.0	0.0	0.0	0.0	0.0	0.0
390	0.0	2.0	0.0	0.0	0.6680000000000001	2.332	0.0
391	0.0	0.0	0.0	0.0	0.0	0.0	0.0
392	0.0	0.0	0.0	0.0	0.0	0.0	0.0
393	0.0	0.0	0.0	0.0	0.0	0.0	0.0
394	0.0	0.0	0.0	0.0	0.0	0.0	0.0
395	0.0	0.0	0.0	0.0	0.0	0.0	0.0
396	0.0	0.0	0.0	0.0	0.0	0.0	0.0
397	0.0	0.0	0.0	0.0	0.0	0.0	0.0
398	0.0	0.0	0.0	0.0	0.0	0.0	0.0
399	0.0	0.0	0.0	0.0	0.0	0.0	0.0
400	0.0	0.0	0.0	0.0	0.0	0.0	0.0
401	0.0	0.0	0.0	0.0	0.0	0.0	0.0
402	0.0	0.0	0.0	0.0	0.0	0.0	0.0
403	0.0	0.0	0.0	0.0	0.0	0.0	0.0
404	0.0	0.0	0.0	0.0	0.0	0.0	0.0
405	0.0	0.0	0.0	0.0	0.0	0.0	0.0
406	0.0	0.0	0.0	0.0	0.0	0.0	0.0
407	0.0	0.0	0.0	0.0	0.0	0.0	0.0
408	0.0	0.0	0.0	0.0	0.0	0.0	0.0
409	0.0	0.0	0.0	0.0	0.0	0.0	0.0
410	0.0	0.0	0.0	0.0	0.0	0.0	0.0
411	0.0	0.0	0.0	0.0	0.0	0.0	0.0
412	0.0	0.0	0.0	0.0	0.0	0.0	0.0
413	0.0	0.0	0.0	0.0	0.0	0.0	0.0
414	0.0	0.0	0.0	0.0	0.0	0.0	0.0
415	0.0	0.0	0.0	0.0	0.0	0.0	0.0
416	0.0	0.0	0.0	0.0	0.0	0.0	0.0
417	0.0	0.0	0.0	0.0	0.0	0.0	0.0
418	0.0	0.0	0.0	0.0	0.0	0.0	0.0
419	0.0	0.0	0.0	0.0	0.0	0.0	0.0
420	0.0	0.0	0.0	0.0	0.0	0.0	0.0
421	0.0	0.0	0.0	0.0	0.0	0.0	0.0
422	0.0	0.0	0.0	0.0	0.0	0.0	0.0
423	0.0	0.0	0.0	0.0	0.0	0.0	0.0
424	0.0	0.0	0.0	0.0	0.0	0.0	0.0
425	0.0	0.0	0.0	0.0	0.0	0.0	0.0
426	0.0	0.0	0.0	0.0	0.0	0.0	0.0
427	0.0	0.0	0.0	0.0	0.0	0.0	0.0
428	0.0	0.0	0.0	0.0	0.0	0.0	0.0
429	0.0	0.0	0.0	0.0	0.0	0.0	0.0
430	0.0	0.0	0.0	0.0	0.0	0.0	0.0
431	0.0	0.0	0.0	0.0	0.0	0.0	0.0
432	4.0	1.0	3.0	0.0	5.0	10.0	3.0
433	8.0	23.0	3.0	8.0	16.338	52.662000000000006	8.0
434	8.0	1.0	4.0	1.0	8.0	16.0	4.0
435	4.0	24.0	1.0	7.0	12.998000000000003	56.001999999999995	6.0
436	6.0	12.0	1.0	3.0	5.332000000000001	18.668	2.0
437	4.0	6.0	1.0	2.0	2.6660000000000004	9.334	1.0
438	1.0	4.0	0.0	0.0	1.3330000000000002	4.667	0.0
439	1.0	2.0	0.0	0.0	1.0	2.0	0.0
440	0.0	0.0	0.0	0.0	0.0	0.0	0.0
441	1.0	2.0	0.0	0.0	1.0	2.0	0.0
442	0.0	3.0	0.0	0.0	1.6660000000000004	7.334	0.0
443	0.0	0.0	0.0	0.0	0.0	0.0	0.0
444	0.0	2.0	0.0	0.0	0.6660000000000004	5.334	0.0
445	0.0	0.0	0.0	0.0	0.0	0.0	0.0
446	4.0	16.0	1.0	2.0	6.997000000000002	32.003	1.0
447	9.0	16.0	2.0	4.0	15.999000000000002	47.001	5.0
448	7.0	19.0	1.0	7.0	11.063000000000002	42.937	6.0
449	2.0	7.0	1.0	2.0	3.3320000000000007	14.668	1.0
450	10.0	4.0	2.0	2.0	13.0	26.0	4.0
451	1.0	0.0	1.0	0.0	0.6680000000000001	2.332	1.0
452	9.0	1.0	3.0	1.0	12.468	17.532	4.0
453	18.0	0.0	6.0	0.0	15.34	29.659999999999997	5.0
454	9.0	11.0	2.0	4.0	15.08	38.92	5.0
455	15.0	8.0	6.0	1.0	17.604	33.396	6.0
456	3.0	4.0	1.0	0.0	1.9990000000000006	10.001	1.0
457	9.0	7.0	2.0	1.0	11.401	24.599	2.0
458	2.0	4.0	1.0	0.0	2.6660000000000004	9.334	1.0
459	7.0	5.0	0.0	0.0	7.666	19.334	0.0
460	5.0	4.0	1.0	0.0	3.7320000000000007	14.267999999999999	1.0
461	10.0	4.0	4.0	1.0	5.397000000000002	27.602999999999998	5.0
462	4.0	6.0	1.0	2.0	4.667000000000001	16.333	2.0
463	8.0	4.0	1.0	2.0	8.666	21.334	1.0
464	9.0	3.0	3.0	2.0	8.001000000000001	18.999000000000002	3.0
465	6.0	9.0	2.0	3.0	4.664000000000002	34.336	5.0
466	0.0	0.0	0.0	0.0	0.0	0.0	0.0
467	0.0	0.0	0.0	0.0	0.0	0.0	0.0
468	0.0	0.0	0.0	0.0	0.0	0.0	0.0
469	0.0	0.0	0.0	0.0	0.0	0.0	0.0
470	0.0	0.0	0.0	0.0	0.0	0.0	0.0
471	0.0	0.0	0.0	0.0	0.0	0.0	0.0
472	0.0	0.0	0.0	0.0	0.0	0.0	0.0
473	9.0	2.0	2.0	0.0	3.6640000000000015	23.336	2.0
474	2.0	3.0	0.0	1.0	5.6	6.4	1.0
475	1.0	6.0	1.0	3.0	3.0660000000000003	8.934	2.0
476	13.0	15.0	5.0	0.0	16.405	55.595000000000006	5.0
477	6.0	3.0	1.0	3.0	2.998000000000001	18.002	2.0
478	4.0	7.0	1.0	2.0	3.000000000000001	18.0	2.0
479	7.0	11.0	3.0	4.0	10.342000000000002	31.657999999999994	5.0
480	7.0	6.0	1.0	3.0	4.996000000000002	34.004	4.0
481	3.0	5.0	2.0	2.0	2.6660000000000013	18.333999999999996	3.0
482	7.0	9.0	4.0	3.0	9.680000000000001	29.32	4.0
483	7.0	9.0	4.0	2.0	4.996000000000002	34.004	5.0
484	14.0	1.0	4.0	0.0	14.804	27.195999999999998	3.0
485	20.0	3.0	9.0	2.0	16.013	37.987	8.0
486	7.0	3.0	2.0	1.0	2.9970000000000017	24.003	3.0
487	19.0	0.0	7.0	0.0	17.812	36.188	6.0
488	11.0	0.0	5.0	0.0	11.0	22.0	5.0
489	6.0	4.0	3.0	2.0	10.8	19.2	5.0
490	10.0	2.0	4.0	2.0	3.663000000000002	29.336999999999996	5.0
491	6.0	6.0	1.0	1.0	9.001000000000001	20.999	2.0
492	7.0	0.0	0.0	0.0	7.0	14.0	0.0
493	6.0	8.0	2.0	1.0	6.998000000000001	26.002	3.0
494	3.0	2.0	3.0	2.0	4.336	10.664	5.0
495	7.0	1.0	3.0	0.0	6.668	14.332	2.0
496	2.0	0.0	0.0	0.0	0.6660000000000004	5.334	0.0
497	4.0	0.0	0.0	0.0	4.0	8.0	0.0
498	10.0	1.0	4.0	0.0	14.2	18.8	4.0
499	7.0	2.0	2.0	2.0	2.9970000000000017	24.003	4.0
500	8.0	9.0	4.0	2.0	8.066	27.933999999999997	5.0
501	6.0	5.0	2.0	2.0	9.0	18.0	3.0
502	3.0	0.0	0.0	0.0	3.0	6.0	0.0
503	12.0	0.0	3.0	0.0	3.996000000000002	32.004	3.0
504	5.0	10.0	3.0	4.0	10.001000000000001	22.999	5.0
505	8.0	1.0	1.0	0.0	9.4	17.6	1.0
506	20.0	4.0	5.0	1.0	22.208000000000002	46.792	6.0
507	4.0	1.0	2.0	1.0	1.665000000000001	13.334999999999999	3.0
508	5.0	16.0	2.0	7.0	10.667000000000002	28.333	6.0
509	3.0	0.0	2.0	0.0	3.0	6.0	2.0
510	2.0	3.0	1.0	0.0	1.665000000000001	13.334999999999999	1.0
511	8.0	6.0	3.0	0.0	8.339000000000002	27.660999999999998	3.0
512	2.0	3.0	0.0	1.0	2.000000000000001	13.0	1.0
513	3.0	10.0	2.0	4.0	5.332000000000002	27.668	6.0
514	6.0	4.0	2.0	0.0	8.8	15.2	2.0
515	3.0	5.0	1.0	2.0	3.3340000000000005	11.665999999999999	2.0
516	0.0	0.0	0.0	0.0	0.0	0.0	0.0
517	5.0	7.0	3.0	3.0	4.332000000000002	25.668	5.0
518	13.0	3.0	4.0	2.0	14.136000000000001	30.864	5.0
519	5.0	17.0	0.0	6.0	7.329000000000002	40.67099999999999	4.0
520	7.0	10.0	2.0	1.0	7.1320000000000014	28.868	3.0
521	1.0	2.0	0.0	0.0	0.3330000000000002	2.667	0.0
522	1.0	3.0	0.0	2.0	2.333	6.667	1.0
523	8.0	7.0	3.0	2.0	4.997000000000002	28.003	4.0
524	8.0	4.0	2.0	2.0	5.330000000000002	30.67	4.0
525	5.0	3.0	1.0	0.0	7.0	14.0	1.0
526	6.0	0.0	2.0	0.0	6.0	12.0	2.0
527	8.0	11.0	1.0	3.0	15.008000000000001	35.992000000000004	4.0
528	7.0	12.0	1.0	6.0	13.676000000000002	34.324	5.0
529	5.0	2.0	3.0	2.0	5.666	15.334	5.0
530	7.0	2.0	2.0	0.0	3.3320000000000016	23.668	2.0
531	4.0	5.0	3.0	2.0	7.005000000000001	19.994999999999997	5.0
532	7.0	13.0	3.0	6.0	5.666000000000001	24.334	5.0
533	9.0	0.0	2.0	0.0	2.9970000000000017	24.003	2.0
534	11.0	10.0	3.0	4.0	16.277	37.723	6.0
535	3.0	18.0	1.0	5.0	14.0	37.0	5.0
536	9.0	4.0	4.0	4.0	4.663000000000002	31.336999999999996	7.0
537	1.0	0.0	0.0	0.0	0.3330000000000002	2.667	0.0
538	3.0	22.0	1.0	3.0	8.669000000000004	48.330999999999996	4.0
539	3.0	9.0	1.0	3.0	5.734000000000002	24.266	4.0
540	10.0	0.0	1.0	0.0	10.0	20.0	1.0
541	14.0	8.0	3.0	1.0	14.005	33.995	3.0
542	11.0	18.0	2.0	5.0	17.068	36.932	3.0
543	5.0	5.0	0.0	1.0	6.3340000000000005	17.666	1.0
544	11.0	6.0	2.0	2.0	13.668	28.332	3.0
545	9.0	11.0	2.0	4.0	15.409	38.591	6.0
546	12.0	3.0	6.0	2.0	13.001000000000001	28.999000000000002	7.0
547	1.0	24.0	0.0	7.0	11.672	42.327999999999996	4.0
548	0.0	11.0	0.0	6.0	2.6640000000000015	21.336	4.0
549	0.0	0.0	0.0	0.0	0.0	0.0	0.0
550	7.0	2.0	2.0	0.0	3.6660000000000013	20.334	2.0
551	12.0	1.0	7.0	0.0	9.016000000000002	29.983999999999998	7.0
552	11.0	13.0	4.0	3.0	11.074000000000003	48.926	6.0
553	2.0	3.0	1.0	1.0	2.333	6.667	1.0
554	9.0	3.0	4.0	2.0	9.666	23.334	5.0
555	1.0	1.0	1.0	1.0	1.0	2.0	1.0
556	8.0	4.0	3.0	2.0	5.002000000000002	24.997999999999998	3.0
557	6.0	22.0	2.0	7.0	8.664000000000001	42.336	6.0
558	5.0	6.0	2.0	3.0	10.0	20.0	4.0
559	13.0	0.0	1.0	0.0	13.0	26.0	1.0
560	9.0	1.0	2.0	0.0	10.671999999999999	19.328000000000003	2.0
561	0.0	0.0	0.0	0.0	0.0	0.0	0.0
562	4.0	0.0	0.0	0.0	4.0	8.0	0.0
563	8.0	4.0	1.0	0.0	9.669	23.331	1.0
564	3.0	16.0	1.0	3.0	12.001000000000001	35.998999999999995	4.0
565	4.0	17.0	2.0	4.0	13.808	34.19199999999999	4.0
566	12.0	11.0	3.0	1.0	15.0	39.0	4.0
567	0.0	0.0	0.0	0.0	0.0	0.0	0.0
568	0.0	0.0	0.0	0.0	0.0	0.0	0.0
569	0.0	0.0	0.0	0.0	0.0	0.0	0.0
570	0.0	0.0	0.0	0.0	0.0	0.0	0.0
571	0.0	0.0	0.0	0.0	0.0	0.0	0.0
572	0.0	0.0	0.0	0.0	0.0	0.0	0.0
573	0.0	0.0	0.0	0.0	0.0	0.0	0.0
574	0.0	0.0	0.0	0.0	0.0	0.0	0.0
575	0.0	1.0	0.0	1.0	0.6680000000000001	2.332	1.0
576	14.0	10.0	1.0	2.0	10.335000000000003	49.66499999999999	3.0
577	10.0	0.0	3.0	0.0	10.0	20.0	3.0
578	12.0	2.0	5.0	0.0	15.867999999999999	23.132	5.0
579	4.0	6.0	1.0	1.0	5.337000000000001	18.663	2.0
580	1.0	5.0	0.0	1.0	1.665000000000001	13.334999999999999	1.0
581	13.0	12.0	5.0	4.0	15.333	32.667	6.0
582	18.0	4.0	6.0	0.0	17.009	39.991	6.0
583	15.0	9.0	7.0	3.0	18.805	41.195	8.0
584	11.0	7.0	4.0	2.0	17.269	33.731	6.0
585	5.0	8.0	1.0	2.0	7.667000000000001	22.333	3.0
586	9.0	14.0	1.0	4.0	14.998000000000001	42.002	4.0
587	4.0	17.0	2.0	5.0	12.406	32.594	5.0
588	7.0	13.0	1.0	4.0	15.999	38.001	4.0
589	4.0	21.0	1.0	4.0	13.666	40.334	3.0
590	5.0	12.0	0.0	4.0	10.667000000000002	28.333	4.0
591	3.0	9.0	0.0	2.0	9.066	20.933999999999997	2.0
592	3.0	6.0	0.0	2.0	5.9990000000000006	18.000999999999998	2.0
593	8.0	6.0	1.0	0.0	8.999	24.000999999999998	1.0
594	8.0	13.0	1.0	1.0	13.001999999999999	31.998	2.0
595	7.0	17.0	3.0	6.0	12.334000000000001	38.666	7.0
596	9.0	11.0	3.0	3.0	12.0	33.0	4.0
597	6.0	7.0	1.0	2.0	11.0	22.0	2.0
598	2.0	11.0	1.0	6.0	6.399000000000001	17.601	4.0
599	2.0	5.0	1.0	3.0	2.333	6.667	2.0
600	5.0	9.0	2.0	4.0	9.668	20.332	5.0
601	1.0	8.0	0.0	2.0	4.668000000000001	19.332	2.0
602	2.0	6.0	1.0	1.0	5.6690000000000005	15.331	2.0
603	2.0	9.0	0.0	3.0	3.6670000000000007	17.333	2.0
604	5.0	6.0	1.0	0.0	5.667000000000001	18.333	1.0
605	5.0	8.0	1.0	3.0	7.333	16.667	2.0
606	6.0	12.0	1.0	3.0	10.334000000000001	34.666	3.0
607	8.0	14.0	2.0	3.0	15.066	32.934	3.0
608	3.0	15.0	0.0	4.0	12.004000000000001	35.995999999999995	4.0
609	5.0	7.0	0.0	0.0	3.665000000000001	17.335	0.0
610	4.0	7.0	1.0	0.0	8.666	21.334	1.0
611	3.0	11.0	0.0	0.0	7.337000000000001	22.663	0.0
612	4.0	12.0	0.0	2.0	7.998000000000001	28.001999999999995	2.0
613	2.0	13.0	1.0	0.0	5.665000000000002	30.335000000000004	1.0
614	6.0	13.0	2.0	1.0	11.403	30.597	3.0
615	9.0	17.0	3.0	3.0	12.338000000000001	41.662	4.0
616	4.0	17.0	1.0	6.0	11.331000000000001	36.669	5.0
617	6.0	11.0	0.0	3.0	10.335	28.665	3.0
618	6.0	14.0	3.0	7.0	6.9970000000000026	41.003	7.0
619	4.0	16.0	1.0	3.0	8.329000000000002	42.671	4.0
620	1.0	1.0	1.0	1.0	0.6680000000000001	2.332	1.0
621	5.0	12.0	1.0	5.0	11.068000000000001	30.932000000000002	5.0
622	5.0	9.0	2.0	4.0	6.066000000000001	17.933999999999997	3.0
623	9.0	8.0	1.0	4.0	13.002	31.997999999999998	5.0
624	8.0	15.0	3.0	5.0	17.069000000000003	36.931	6.0
625	6.0	2.0	2.0	1.0	5.4	9.6	1.0
626	7.0	10.0	2.0	3.0	8.005	24.995	2.0
627	10.0	6.0	4.0	2.0	13.333	28.667	5.0
628	5.0	13.0	2.0	6.0	12.468	23.532	5.0
629	2.0	3.0	1.0	1.0	2.0	4.0	1.0
630	4.0	1.0	0.0	0.0	5.0	10.0	0.0
631	10.0	0.0	3.0	0.0	10.0	20.0	3.0
632	9.0	0.0	3.0	0.0	9.0	18.0	3.0
633	7.0	14.0	3.0	3.0	11.675	36.325	5.0
634	10.0	4.0	3.0	0.0	7.333000000000001	25.666999999999998	3.0
635	8.0	14.0	4.0	4.0	14.672	36.328	6.0
636	5.0	15.0	3.0	4.0	11.333000000000002	42.667	6.0
637	5.0	3.0	2.0	0.0	2.6640000000000015	21.336	2.0
638	15.0	0.0	8.0	0.0	18.2	26.799999999999997	8.0
639	8.0	13.0	3.0	1.0	8.665000000000003	36.334999999999994	3.0
640	10.0	13.0	3.0	3.0	11.330000000000002	42.67	4.0
641	7.0	0.0	1.0	0.0	2.3310000000000013	18.668999999999997	1.0
642	14.0	5.0	3.0	0.0	15.739000000000003	35.260999999999996	3.0
643	1.0	14.0	0.0	4.0	4.996000000000002	34.004	3.0
644	7.0	4.0	3.0	2.0	9.603000000000002	23.397	5.0
645	3.0	5.0	1.0	2.0	4.004000000000001	19.995999999999995	3.0
646	6.0	11.0	2.0	2.0	7.331000000000001	28.668999999999997	3.0
647	1.0	7.0	0.0	3.0	3.3310000000000013	20.668999999999997	3.0
648	12.0	4.0	8.0	2.0	13.403	28.597	8.0
649	8.0	14.0	2.0	4.0	10.330000000000002	49.67	6.0
650	2.0	10.0	0.0	2.0	5.331000000000001	24.668999999999997	1.0
651	1.0	3.0	0.0	0.0	2.0660000000000003	6.933999999999999	0.0
652	2.0	8.0	0.0	2.0	6.3340000000000005	17.665999999999997	2.0
653	4.0	19.0	1.0	3.0	10.133000000000003	46.867	2.0
654	9.0	13.0	3.0	4.0	6.329000000000002	41.671	6.0
655	6.0	16.0	1.0	4.0	15.008000000000001	44.992000000000004	5.0
656	7.0	25.0	4.0	9.0	16.328000000000003	64.672	12.0
657	8.0	0.0	3.0	0.0	8.0	16.0	3.0
658	8.0	10.0	4.0	2.0	7.737000000000002	28.263	4.0
659	9.0	0.0	2.0	0.0	8.668	18.332	2.0
660	10.0	4.0	3.0	0.0	10.798000000000002	31.201999999999998	3.0
661	14.0	1.0	4.0	1.0	15.937000000000001	26.063	5.0
662	9.0	5.0	3.0	2.0	6.665000000000002	32.335	4.0
663	10.0	8.0	3.0	3.0	11.341000000000001	33.659	4.0
664	3.0	2.0	2.0	2.0	1.6660000000000004	7.334	2.0
665	10.0	2.0	3.0	0.0	10.001000000000001	22.999000000000002	3.0
666	6.0	5.0	1.0	1.0	3.663000000000002	29.336999999999996	2.0
667	6.0	2.0	2.0	0.0	2.3310000000000013	21.669000000000004	2.0
668	7.0	1.0	1.0	0.0	7.333	16.667	1.0
669	4.0	6.0	2.0	2.0	1.998000000000001	19.002	2.0
670	4.0	13.0	1.0	5.0	6.996000000000002	38.004	5.0
671	5.0	8.0	3.0	1.0	3.663000000000002	29.336999999999996	4.0
672	1.0	4.0	0.0	1.0	1.665000000000001	13.334999999999999	1.0
673	12.0	6.0	6.0	3.0	15.333	32.667	8.0
674	4.0	8.0	1.0	0.0	6.998000000000001	26.001999999999995	1.0
675	7.0	14.0	1.0	7.0	5.3320000000000025	36.66799999999999	5.0
676	15.0	1.0	6.0	0.0	16.872	28.127999999999997	5.0
677	11.0	6.0	2.0	3.0	15.0	30.0	5.0
678	6.0	12.0	1.0	3.0	13.335	34.665	3.0
679	6.0	7.0	2.0	2.0	11.6	18.4	4.0
680	3.0	4.0	1.0	0.0	2.000000000000001	12.999999999999998	1.0
681	8.0	13.0	2.0	6.0	7.996000000000003	49.004	8.0
682	7.0	7.0	3.0	2.0	4.663000000000002	31.336999999999996	5.0
683	9.0	9.0	2.0	0.0	11.406	30.594	2.0
684	5.0	15.0	1.0	4.0	6.997000000000002	32.003	4.0
685	10.0	14.0	4.0	6.0	13.332	34.668	8.0
686	14.0	2.0	4.0	0.0	12.673	26.326999999999998	4.0
687	2.0	3.0	1.0	1.0	1.665000000000001	13.334999999999999	2.0
688	5.0	6.0	2.0	3.0	6.666	17.334	3.0
689	6.0	6.0	4.0	1.0	3.996000000000002	32.004	5.0
690	16.0	8.0	8.0	3.0	18.876000000000005	41.124	9.0
691	6.0	12.0	1.0	2.0	8.663000000000002	39.336999999999996	3.0
692	7.0	8.0	1.0	2.0	6.330000000000002	32.669999999999995	3.0
693	7.0	15.0	1.0	3.0	9.063000000000002	38.937	3.0
694	0.0	0.0	0.0	0.0	0.0	0.0	0.0
695	10.0	10.0	2.0	2.0	14.334	33.666	3.0
696	12.0	13.0	2.0	2.0	15.001000000000001	41.998999999999995	3.0
697	8.0	4.0	3.0	1.0	8.334	21.666	4.0
698	6.0	2.0	2.0	1.0	3.333000000000001	17.666999999999998	2.0
699	10.0	2.0	3.0	0.0	7.342000000000001	25.657999999999998	3.0
700	2.0	3.0	1.0	1.0	3.005000000000001	11.995	2.0
701	6.0	13.0	2.0	4.0	13.001000000000001	28.999	4.0
702	4.0	3.0	2.0	3.0	4.333	10.667	3.0
703	9.0	12.0	1.0	3.0	9.999000000000002	35.001	3.0
704	10.0	22.0	4.0	5.0	20.738	48.262	5.0
705	9.0	15.0	4.0	4.0	7.663000000000002	37.337	5.0
706	9.0	1.0	5.0	1.0	9.0	18.0	5.0
707	7.0	2.0	3.0	2.0	2.9990000000000014	21.000999999999998	4.0
708	9.0	8.0	2.0	3.0	14.002	33.998	5.0
709	7.0	4.0	1.0	1.0	5.667000000000001	18.333	1.0
710	8.0	0.0	1.0	0.0	2.6640000000000015	21.336	1.0
711	5.0	2.0	3.0	1.0	7.0	14.0	4.0
712	7.0	11.0	1.0	4.0	8.665000000000003	36.335	3.0
713	8.0	2.0	1.0	1.0	6.344000000000001	23.655999999999995	2.0
714	7.0	17.0	0.0	0.0	8.664000000000001	45.336	0.0
715	7.0	8.0	2.0	0.0	5.996000000000002	36.004	2.0
716	8.0	3.0	0.0	0.0	6.676000000000001	20.323999999999998	0.0
717	8.0	12.0	0.0	4.0	7.332000000000002	37.668	4.0
718	6.0	8.0	1.0	3.0	6.668000000000002	32.332	3.0
719	10.0	5.0	2.0	2.0	13.0	26.0	3.0
720	8.0	3.0	1.0	1.0	5.799000000000001	24.200999999999997	2.0
721	6.0	18.0	3.0	5.0	15.015	50.985	6.0
722	7.0	12.0	2.0	3.0	10.332000000000003	37.668000000000006	4.0
723	6.0	7.0	2.0	2.0	8.667000000000002	24.333	3.0
724	10.0	11.0	5.0	4.0	13.669000000000002	40.330999999999996	7.0
725	2.0	15.0	1.0	7.0	5.998000000000002	33.001999999999995	4.0
726	8.0	16.0	2.0	5.0	15.334000000000001	44.666	5.0
727	5.0	11.0	1.0	3.0	5.667000000000002	30.333	3.0
728	2.0	19.0	1.0	5.0	7.334000000000001	34.666	4.0
729	11.0	20.0	5.0	6.0	11.673000000000002	48.327	6.0
730	7.0	11.0	3.0	3.0	16.468	31.532	4.0
731	2.0	8.0	2.0	1.0	6.9990000000000006	20.000999999999998	3.0
732	1.0	3.0	1.0	3.0	1.6660000000000004	7.334	3.0
733	3.0	5.0	2.0	2.0	4.401	10.599	2.0
734	3.0	7.0	1.0	3.0	5.668000000000001	21.331999999999997	3.0
735	5.0	13.0	1.0	4.0	12.998000000000001	38.001999999999995	4.0
736	6.0	4.0	3.0	2.0	6.7330000000000005	14.267	3.0
737	2.0	9.0	1.0	5.0	5.332000000000002	27.668	6.0
738	4.0	25.0	0.0	11.0	6.664000000000002	41.336	6.0
739	5.0	7.0	2.0	3.0	6.9990000000000006	20.000999999999998	4.0
740	1.0	4.0	1.0	2.0	2.3340000000000005	9.666	2.0
741	9.0	4.0	2.0	0.0	6.330000000000002	32.67	2.0
742	9.0	6.0	2.0	0.0	12.666	29.334	2.0
743	2.0	3.0	1.0	0.0	2.6660000000000004	9.334	1.0
744	4.0	7.0	0.0	0.0	2.6640000000000015	21.336	0.0
745	4.0	0.0	1.0	0.0	1.3320000000000007	10.668	1.0
746	7.0	2.0	2.0	1.0	6.008000000000001	17.992	2.0
747	8.0	8.0	3.0	2.0	10.004000000000001	28.996000000000002	4.0
748	8.0	4.0	2.0	3.0	8.666	24.334	4.0
749	5.0	7.0	1.0	1.0	6.3340000000000005	17.665999999999997	2.0
750	4.0	12.0	1.0	4.0	7.665000000000001	25.335	3.0
751	9.0	11.0	3.0	2.0	11.008000000000003	39.992000000000004	3.0
752	12.0	17.0	2.0	3.0	16.669000000000004	46.331	4.0
753	10.0	16.0	5.0	7.0	11.069	33.931	6.0
754	3.0	10.0	2.0	3.0	5.667000000000002	27.333	3.0
755	2.0	7.0	0.0	3.0	2.335000000000001	15.665	2.0
756	2.0	4.0	0.0	1.0	2.6660000000000004	9.334	1.0
757	1.0	3.0	0.0	0.0	3.333	8.667	0.0
758	0.0	3.0	0.0	0.0	0.9990000000000006	8.001	0.0
759	1.0	2.0	0.0	0.0	1.0010000000000003	4.999	0.0
760	1.0	3.0	0.0	0.0	2.668	6.332	0.0
761	2.0	2.0	0.0	0.0	3.0	6.0	0.0
762	1.0	2.0	0.0	0.0	1.6680000000000001	4.332	0.0
763	2.0	4.0	0.0	2.0	1.9990000000000006	10.001	2.0
764	1.0	2.0	0.0	0.0	3.0	6.0	0.0
765	1.0	3.0	0.0	1.0	3.0010000000000003	8.998999999999999	1.0
766	0.0	2.0	0.0	0.0	1.3330000000000002	4.667	0.0
767	0.0	0.0	0.0	0.0	0.0	0.0	0.0
768	0.0	0.0	0.0	0.0	0.0	0.0	0.0
769	1.0	2.0	0.0	0.0	2.333	6.667	0.0
770	0.0	2.0	0.0	1.0	2.0	4.0	1.0
771	2.0	3.0	1.0	1.0	3.0	6.0	1.0
772	0.0	2.0	0.0	1.0	0.6660000000000004	5.334	1.0
773	1.0	0.0	0.0	0.0	1.0	2.0	0.0
774	1.0	1.0	0.0	0.0	0.3330000000000002	2.667	0.0
775	0.0	1.0	0.0	0.0	0.3330000000000002	2.667	0.0
776	2.0	0.0	0.0	0.0	2.0	4.0	0.0
777	2.0	3.0	1.0	0.0	3.668	8.332	1.0
778	2.0	2.0	1.0	0.0	1.3330000000000002	4.667	1.0
779	0.0	3.0	0.0	0.0	0.9990000000000006	8.001	0.0
780	1.0	4.0	0.0	1.0	1.3340000000000005	7.6659999999999995	1.0
781	1.0	2.0	0.0	0.0	2.0	4.0	0.0
782	1.0	2.0	0.0	0.0	2.3360000000000003	6.664	0.0
783	1.0	3.0	0.0	0.0	1.3330000000000002	4.667	0.0
784	0.0	3.0	0.0	0.0	0.6680000000000001	5.332	0.0
785	2.0	1.0	0.0	0.0	0.3330000000000002	2.667	0.0
786	0.0	2.0	0.0	0.0	1.0	2.0	0.0
787	1.0	0.0	0.0	0.0	1.0	2.0	0.0
788	0.0	0.0	0.0	0.0	0.0	0.0	0.0
789	1.0	2.0	0.0	0.0	0.3330000000000002	2.667	0.0
790	0.0	1.0	0.0	0.0	0.6680000000000001	2.332	0.0
791	1.0	2.0	0.0	0.0	0.0	3.0	0.0
792	0.0	0.0	0.0	0.0	0.0	0.0	0.0
793	0.0	0.0	0.0	0.0	0.0	0.0	0.0
794	0.0	0.0	0.0	0.0	0.0	0.0	0.0
795	0.0	0.0	0.0	0.0	0.0	0.0	0.0
796	0.0	0.0	0.0	0.0	0.0	0.0	0.0
797	0.0	0.0	0.0	0.0	0.0	0.0	0.0
798	0.0	0.0	0.0	0.0	0.0	0.0	0.0
799	0.0	0.0	0.0	0.0	0.0	0.0	0.0
800	1.0	1.0	0.0	0.0	1.0	2.0	0.0
801	1.0	0.0	0.0	0.0	1.0	2.0	0.0
802	1.0	2.0	0.0	0.0	0.3330000000000002	2.667	0.0
803	1.0	1.0	0.0	0.0	2.0	4.0	0.0
804	1.0	0.0	0.0	0.0	0.6680000000000001	2.332	0.0
805	1.0	0.0	0.0	0.0	0.6680000000000001	2.332	0.0
806	1.0	1.0	0.0	0.0	2.0	4.0	0.0
807	1.0	2.0	0.0	0.0	1.3330000000000002	4.667	0.0
808	1.0	1.0	0.0	0.0	0.6660000000000004	5.334	0.0
809	1.0	1.0	0.0	0.0	0.0	3.0	0.0
810	0.0	2.0	0.0	0.0	0.3330000000000002	2.667	0.0
811	1.0	1.0	0.0	0.0	0.3330000000000002	2.667	0.0
812	1.0	0.0	0.0	0.0	1.0	2.0	0.0
813	0.0	2.0	0.0	0.0	2.0	4.0	0.0
814	1.0	2.0	0.0	0.0	1.3330000000000002	4.667	0.0
815	0.0	1.0	0.0	0.0	0.3330000000000002	2.667	0.0
816	1.0	1.0	0.0	0.0	1.0	2.0	0.0
817	0.0	2.0	0.0	0.0	0.0	3.0	0.0
818	0.0	0.0	0.0	0.0	0.0	0.0	0.0
819	0.0	0.0	0.0	0.0	0.0	0.0	0.0
820	0.0	0.0	0.0	0.0	0.0	0.0	0.0
821	0.0	0.0	0.0	0.0	0.0	0.0	0.0
822	0.0	0.0	0.0	0.0	0.0	0.0	0.0
823	0.0	0.0	0.0	0.0	0.0	0.0	0.0
824	0.0	0.0	0.0	0.0	0.0	0.0	0.0
825	0.0	0.0	0.0	0.0	0.0	0.0	0.0
826	0.0	0.0	0.0	0.0	0.0	0.0	0.0
827	0.0	0.0	0.0	0.0	0.0	0.0	0.0
828	0.0	0.0	0.0	0.0	0.0	0.0	0.0
829	0.0	0.0	0.0	0.0	0.0	0.0	0.0
830	1.0	1.0	0.0	0.0	1.0010000000000003	4.999	0.0
831	1.0	1.0	0.0	0.0	1.0010000000000003	4.999	0.0
832	1.0	2.0	0.0	0.0	1.0	2.0	0.0
833	0.0	1.0	0.0	0.0	1.0	2.0	0.0
834	0.0	2.0	0.0	0.0	0.0	3.0	0.0
835	1.0	0.0	0.0	0.0	1.0	2.0	0.0
836	1.0	1.0	0.0	0.0	0.6680000000000001	2.332	0.0
837	0.0	2.0	0.0	0.0	1.0	2.0	0.0
838	1.0	0.0	0.0	0.0	1.0	2.0	0.0
839	1.0	2.0	0.0	0.0	2.0	4.0	0.0
840	1.0	1.0	0.0	0.0	1.0	2.0	0.0
841	0.0	0.0	0.0	0.0	0.0	0.0	0.0
842	0.0	0.0	0.0	0.0	0.0	0.0	0.0
843	0.0	2.0	0.0	0.0	0.3330000000000002	5.667	0.0
844	1.0	2.0	0.0	0.0	0.3330000000000002	2.667	0.0
845	1.0	2.0	0.0	0.0	0.3330000000000002	2.667	0.0
846	2.0	0.0	0.0	0.0	1.0	2.0	0.0
847	0.0	2.0	0.0	0.0	0.3330000000000002	2.667	0.0
848	0.0	2.0	0.0	0.0	0.3330000000000002	2.667	0.0
849	0.0	2.0	0.0	0.0	1.3330000000000002	4.667	0.0
850	1.0	0.0	0.0	0.0	0.3330000000000002	2.667	0.0
851	0.0	2.0	0.0	0.0	0.3330000000000002	2.667	0.0
852	0.0	1.0	0.0	0.0	0.3330000000000002	2.667	0.0
853	1.0	2.0	0.0	0.0	2.0	4.0	0.0
854	0.0	1.0	0.0	0.0	0.3330000000000002	2.667	0.0
855	1.0	0.0	0.0	0.0	0.3330000000000002	2.667	0.0
856	0.0	0.0	0.0	0.0	0.0	0.0	0.0
857	1.0	2.0	0.0	0.0	1.0	2.0	0.0
858	1.0	1.0	0.0	0.0	1.0	5.0	0.0
859	0.0	2.0	0.0	0.0	0.3330000000000002	2.667	0.0
860	1.0	0.0	0.0	0.0	0.3330000000000002	2.667	0.0
861	0.0	0.0	0.0	0.0	0.0	0.0	0.0
862	1.0	1.0	0.0	0.0	1.0	2.0	0.0
863	1.0	2.0	0.0	0.0	1.0	2.0	0.0
864	1.0	1.0	0.0	0.0	1.0	2.0	0.0
865	0.0	1.0	0.0	0.0	0.3330000000000002	2.667	0.0
866	1.0	1.0	0.0	0.0	0.3330000000000002	2.667	0.0
867	0.0	1.0	0.0	0.0	0.3330000000000002	2.667	0.0
868	1.0	2.0	0.0	0.0	1.3330000000000002	4.667	0.0
869	0.0	1.0	0.0	0.0	0.3330000000000002	2.667	0.0
870	1.0	2.0	0.0	0.0	1.6680000000000001	4.332	0.0
871	1.0	2.0	0.0	0.0	0.3330000000000002	2.667	0.0
872	1.0	1.0	0.0	0.0	1.6680000000000001	4.332	0.0
873	1.0	2.0	0.0	0.0	1.3330000000000002	4.667	0.0
874	1.0	0.0	0.0	0.0	1.0	2.0	0.0
875	0.0	1.0	0.0	0.0	0.3330000000000002	2.667	0.0
876	0.0	2.0	0.0	0.0	2.0	4.0	0.0
877	0.0	0.0	0.0	0.0	0.0	0.0	0.0
878	0.0	0.0	0.0	0.0	0.0	0.0	0.0
879	0.0	0.0	0.0	0.0	0.0	0.0	0.0
880	0.0	0.0	0.0	0.0	0.0	0.0	0.0
881	0.0	0.0	0.0	0.0	0.0	0.0	0.0
882	0.0	0.0	0.0	0.0	0.0	0.0	0.0
883	0.0	0.0	0.0	0.0	0.0	0.0	0.0
884	0.0	0.0	0.0	0.0	0.0	0.0	0.0
885	0.0	0.0	0.0	0.0	0.0	0.0	0.0
886	0.0	0.0	0.0	0.0	0.0	0.0	0.0
887	0.0	0.0	0.0	0.0	0.0	0.0	0.0
888	0.0	0.0	0.0	0.0	0.0	0.0	0.0
889	0.0	0.0	0.0	0.0	0.0	0.0	0.0
890	0.0	0.0	0.0	0.0	0.0	0.0	0.0
891	0.0	0.0	0.0	0.0	0.0	0.0	0.0
892	0.0	0.0	0.0	0.0	0.0	0.0	0.0
893	0.0	0.0	0.0	0.0	0.0	0.0	0.0
894	0.0	0.0	0.0	0.0	0.0	0.0	0.0
895	0.0	0.0	0.0	0.0	0.0	0.0	0.0
896	0.0	0.0	0.0	0.0	0.0	0.0	0.0
897	1.0	1.0	0.0	0.0	0.3330000000000002	2.667	0.0
898	1.0	1.0	0.0	0.0	1.733	4.2669999999999995	0.0
899	0.0	0.0	0.0	0.0	0.0	0.0	0.0
900	0.0	0.0	0.0	0.0	0.0	0.0	0.0
901	0.0	0.0	0.0	0.0	0.0	0.0	0.0
902	0.0	0.0	0.0	0.0	0.0	0.0	0.0
903	0.0	0.0	0.0	0.0	0.0	0.0	0.0
904	0.0	0.0	0.0	0.0	0.0	0.0	0.0
905	0.0	0.0	0.0	0.0	0.0	0.0	0.0
906	2.0	1.0	0.0	0.0	0.3330000000000002	2.667	0.0
907	1.0	0.0	0.0	0.0	1.0	2.0	0.0
908	1.0	2.0	0.0	0.0	1.6680000000000001	4.332	0.0
909	1.0	0.0	0.0	0.0	0.3330000000000002	2.667	0.0
910	1.0	2.0	0.0	0.0	1.3330000000000002	4.667	0.0
911	0.0	0.0	0.0	0.0	0.0	0.0	0.0
912	0.0	0.0	0.0	0.0	0.0	0.0	0.0
913	0.0	0.0	0.0	0.0	0.0	0.0	0.0
914	0.0	0.0	0.0	0.0	0.0	0.0	0.0
915	0.0	0.0	0.0	0.0	0.0	0.0	0.0
916	0.0	0.0	0.0	0.0	0.0	0.0	0.0
917	0.0	0.0	0.0	0.0	0.0	0.0	0.0
918	0.0	0.0	0.0	0.0	0.0	0.0	0.0
919	0.0	0.0	0.0	0.0	0.0	0.0	0.0
920	0.0	0.0	0.0	0.0	0.0	0.0	0.0
921	0.0	0.0	0.0	0.0	0.0	0.0	0.0
922	0.0	0.0	0.0	0.0	0.0	0.0	0.0
923	0.0	0.0	0.0	0.0	0.0	0.0	0.0
924	0.0	0.0	0.0	0.0	0.0	0.0	0.0
925	0.0	0.0	0.0	0.0	0.0	0.0	0.0
926	0.0	0.0	0.0	0.0	0.0	0.0	0.0
927	0.0	0.0	0.0	0.0	0.0	0.0	0.0
928	0.0	0.0	0.0	0.0	0.0	0.0	0.0
929	0.0	0.0	0.0	0.0	0.0	0.0	0.0
930	1.0	2.0	0.0	0.0	1.3330000000000002	4.667	0.0
931	1.0	2.0	0.0	0.0	1.3330000000000002	4.667	0.0
932	0.0	2.0	0.0	0.0	1.0010000000000003	4.999	0.0
933	0.0	1.0	0.0	0.0	0.3330000000000002	2.667	0.0
934	2.0	1.0	0.0	0.0	2.0	4.0	0.0
935	1.0	2.0	0.0	0.0	1.0	2.0	0.0
936	1.0	2.0	0.0	0.0	2.4	3.6	0.0
937	1.0	0.0	0.0	0.0	0.3330000000000002	2.667	0.0
938	0.0	2.0	0.0	0.0	0.6660000000000004	5.334	0.0
939	1.0	1.0	0.0	0.0	1.0	2.0	0.0
940	0.0	2.0	0.0	0.0	1.0	2.0	0.0
941	1.0	1.0	0.0	0.0	1.0	2.0	0.0
942	0.0	1.0	0.0	0.0	0.3330000000000002	2.667	0.0
943	1.0	0.0	0.0	0.0	1.0	2.0	0.0
944	1.0	1.0	0.0	0.0	1.3330000000000002	4.667	0.0
945	1.0	1.0	0.0	0.0	2.0	4.0	0.0
946	1.0	0.0	0.0	0.0	1.0	2.0	0.0
947	0.0	0.0	0.0	0.0	0.0	0.0	0.0
948	0.0	2.0	0.0	0.0	0.3330000000000002	2.667	0.0
949	0.0	2.0	0.0	0.0	1.3330000000000002	4.667	0.0
950	1.0	1.0	0.0	0.0	0.6660000000000004	5.334	0.0
951	0.0	0.0	0.0	0.0	0.0	0.0	0.0
952	0.0	3.0	0.0	0.0	0.6660000000000004	5.334	0.0
953	0.0	2.0	0.0	0.0	1.3330000000000002	4.667	0.0
954	1.0	0.0	0.0	0.0	0.3330000000000002	2.667	0.0
955	0.0	2.0	0.0	0.0	1.3330000000000002	4.667	0.0
956	0.0	1.0	0.0	0.0	0.0	3.0	0.0
957	2.0	1.0	0.0	0.0	1.0010000000000003	4.999	0.0
958	0.0	0.0	0.0	0.0	0.0	0.0	0.0
959	0.0	0.0	0.0	0.0	0.0	0.0	0.0
960	0.0	0.0	0.0	0.0	0.0	0.0	0.0
961	0.0	0.0	0.0	0.0	0.0	0.0	0.0
962	0.0	0.0	0.0	0.0	0.0	0.0	0.0
963	0.0	0.0	0.0	0.0	0.0	0.0	0.0
964	0.0	0.0	0.0	0.0	0.0	0.0	0.0
965	0.0	0.0	0.0	0.0	0.0	0.0	0.0
966	0.0	0.0	0.0	0.0	0.0	0.0	0.0
967	0.0	0.0	0.0	0.0	0.0	0.0	0.0
968	0.0	0.0	0.0	0.0	0.0	0.0	0.0
969	0.0	0.0	0.0	0.0	0.0	0.0	0.0
970	0.0	0.0	0.0	0.0	0.0	0.0	0.0
971	0.0	0.0	0.0	0.0	0.0	0.0	0.0
972	0.0	0.0	0.0	0.0	0.0	0.0	0.0
973	0.0	0.0	0.0	0.0	0.0	0.0	0.0
974	0.0	0.0	0.0	0.0	0.0	0.0	0.0
975	0.0	0.0	0.0	0.0	0.0	0.0	0.0
976	0.0	0.0	0.0	0.0	0.0	0.0	0.0
977	0.0	0.0	0.0	0.0	0.0	0.0	0.0
978	0.0	0.0	0.0	0.0	0.0	0.0	0.0
979	0.0	0.0	0.0	0.0	0.0	0.0	0.0
980	0.0	0.0	0.0	0.0	0.0	0.0	0.0
981	0.0	0.0	0.0	0.0	0.0	0.0	0.0
982	0.0	0.0	0.0	0.0	0.0	0.0	0.0
983	0.0	0.0	0.0	0.0	0.0	0.0	0.0
984	0.0	0.0	0.0	0.0	0.0	0.0	0.0
985	0.0	0.0	0.0	0.0	0.0	0.0	0.0
986	0.0	0.0	0.0	0.0	0.0	0.0	0.0
987	0.0	0.0	0.0	0.0	0.0	0.0	0.0
988	0.0	0.0	0.0	0.0	0.0	0.0	0.0
989	0.0	0.0	0.0	0.0	0.0	0.0	0.0
990	0.0	0.0	0.0	0.0	0.0	0.0	0.0
991	0.0	0.0	0.0	0.0	0.0	0.0	0.0
992	0.0	0.0	0.0	0.0	0.0	0.0	0.0
993	0.0	0.0	0.0	0.0	0.0	0.0	0.0
994	0.0	0.0	0.0	0.0	0.0	0.0	0.0
995	0.0	0.0	0.0	0.0	0.0	0.0	0.0
996	0.0	0.0	0.0	0.0	0.0	0.0	0.0
997	0.0	0.0	0.0	0.0	0.0	0.0	0.0
998	0.0	0.0	0.0	0.0	0.0	0.0	0.0
999	0.0	0.0	0.0	0.0	0.0	0.0	0.0
1000	0.0	0.0	0.0	0.0	0.0	0.0	0.0
1001	0.0	0.0	0.0	0.0	0.0	0.0	0.0
1002	0.0	0.0	0.0	0.0	0.0	0.0	0.0
1003	0.0	0.0	0.0	0.0	0.0	0.0	0.0
1004	0.0	0.0	0.0	0.0	0.0	0.0	0.0
1005	0.0	0.0	0.0	0.0	0.0	0.0	0.0
1006	0.0	0.0	0.0	0.0	0.0	0.0	0.0
1007	0.0	0.0	0.0	0.0	0.0	0.0	0.0
1008	0.0	0.0	0.0	0.0	0.0	0.0	0.0
1009	0.0	0.0	0.0	0.0	0.0	0.0	0.0
1010	0.0	0.0	0.0	0.0	0.0	0.0	0.0
1011	0.0	0.0	0.0	0.0	0.0	0.0	0.0
1012	0.0	0.0	0.0	0.0	0.0	0.0	0.0
1013	0.0	0.0	0.0	0.0	0.0	0.0	0.0
1014	0.0	0.0	0.0	0.0	0.0	0.0	0.0
1015	0.0	0.0	0.0	0.0	0.0	0.0	0.0
1016	0.0	0.0	0.0	0.0	0.0	0.0	0.0
1017	0.0	0.0	0.0	0.0	0.0	0.0	0.0
1018	0.0	0.0	0.0	0.0	0.0	0.0	0.0
1019	0.0	0.0	0.0	0.0	0.0	0.0	0.0
1020	0.0	0.0	0.0	0.0	0.0	0.0	0.0
1021	0.0	0.0	0.0	0.0	0.0	0.0	0.0
1022	0.0	0.0	0.0	0.0	0.0	0.0	0.0
1023	0.0	0.0	0.0	0.0	0.0	0.0	0.0
1024	0.0	0.0	0.0	0.0	0.0	0.0	0.0
1025	0.0	0.0	0.0	0.0	0.0	0.0	0.0
1026	0.0	0.0	0.0	0.0	0.0	0.0	0.0
1027	0.0	0.0	0.0	0.0	0.0	0.0	0.0
1028	0.0	0.0	0.0	0.0	0.0	0.0	0.0
1029	0.0	0.0	0.0	0.0	0.0	0.0	0.0
1030	0.0	0.0	0.0	0.0	0.0	0.0	0.0
1031	0.0	0.0	0.0	0.0	0.0	0.0	0.0
1032	0.0	0.0	0.0	0.0	0.0	0.0	0.0
1033	0.0	0.0	0.0	0.0	0.0	0.0	0.0
1034	0.0	0.0	0.0	0.0	0.0	0.0	0.0
1035	0.0	0.0	0.0	0.0	0.0	0.0	0.0
1036	0.0	0.0	0.0	0.0	0.0	0.0	0.0
1037	0.0	0.0	0.0	0.0	0.0	0.0	0.0
1038	0.0	0.0	0.0	0.0	0.0	0.0	0.0
1039	0.0	0.0	0.0	0.0	0.0	0.0	0.0
1040	0.0	0.0	0.0	0.0	0.0	0.0	0.0
1041	0.0	0.0	0.0	0.0	0.0	0.0	0.0
1042	0.0	0.0	0.0	0.0	0.0	0.0	0.0
1043	0.0	0.0	0.0	0.0	0.0	0.0	0.0
1044	0.0	0.0	0.0	0.0	0.0	0.0	0.0
1045	0.0	0.0	0.0	0.0	0.0	0.0	0.0
1046	0.0	0.0	0.0	0.0	0.0	0.0	0.0
1047	0.0	0.0	0.0	0.0	0.0	0.0	0.0
1048	0.0	0.0	0.0	0.0	0.0	0.0	0.0
1049	0.0	0.0	0.0	0.0	0.0	0.0	0.0
1050	0.0	0.0	0.0	0.0	0.0	0.0	0.0
1051	0.0	0.0	0.0	0.0	0.0	0.0	0.0
1052	0.0	0.0	0.0	0.0	0.0	0.0	0.0
1053	0.0	0.0	0.0	0.0	0.0	0.0	0.0
1054	0.0	0.0	0.0	0.0	0.0	0.0	0.0
1055	0.0	0.0	0.0	0.0	0.0	0.0	0.0
1056	0.0	0.0	0.0	0.0	0.0	0.0	0.0
1057	0.0	0.0	0.0	0.0	0.0	0.0	0.0
1058	0.0	0.0	0.0	0.0	0.0	0.0	0.0
1059	0.0	0.0	0.0	0.0	0.0	0.0	0.0
1060	0.0	0.0	0.0	0.0	0.0	0.0	0.0
1061	0.0	0.0	0.0	0.0	0.0	0.0	0.0
1062	0.0	0.0	0.0	0.0	0.0	0.0	0.0
1063	0.0	0.0	0.0	0.0	0.0	0.0	0.0
1064	0.0	0.0	0.0	0.0	0.0	0.0	0.0
1065	0.0	0.0	0.0	0.0	0.0	0.0	0.0
1066	0.0	0.0	0.0	0.0	0.0	0.0	0.0
1067	0.0	0.0	0.0	0.0	0.0	0.0	0.0
1068	0.0	0.0	0.0	0.0	0.0	0.0	0.0
1069	0.0	0.0	0.0	0.0	0.0	0.0	0.0
1070	0.0	0.0	0.0	0.0	0.0	0.0	0.0
1071	0.0	0.0	0.0	0.0	0.0	0.0	0.0
1072	0.0	0.0	0.0	0.0	0.0	0.0	0.0
1073	0.0	0.0	0.0	0.0	0.0	0.0	0.0
1074	0.0	0.0	0.0	0.0	0.0	0.0	0.0
1075	0.0	0.0	0.0	0.0	0.0	0.0	0.0
1076	0.0	0.0	0.0	0.0	0.0	0.0	0.0
1077	0.0	0.0	0.0	0.0	0.0	0.0	0.0
1078	1.0	0.0	0.0	0.0	1.0	2.0	0.0
1079	2.0	1.0	0.0	0.0	1.6680000000000001	4.332	0.0
1080	1.0	1.0	0.0	0.0	1.4	1.6	0.0
1081	1.0	0.0	0.0	0.0	0.6680000000000001	2.332	0.0
1082	0.0	2.0	0.0	0.0	2.068	3.932	0.0
1083	0.0	0.0	0.0	0.0	0.0	0.0	0.0
1084	0.0	0.0	0.0	0.0	0.0	0.0	0.0
1085	0.0	0.0	0.0	0.0	0.0	0.0	0.0
1086	0.0	0.0	0.0	0.0	0.0	0.0	0.0
1087	0.0	0.0	0.0	0.0	0.0	0.0	0.0
1088	0.0	0.0	0.0	0.0	0.0	0.0	0.0
1089	0.0	0.0	0.0	0.0	0.0	0.0	0.0
1090	0.0	0.0	0.0	0.0	0.0	0.0	0.0
1091	0.0	0.0	0.0	0.0	0.0	0.0	0.0
1092	0.0	0.0	0.0	0.0	0.0	0.0	0.0
1093	0.0	0.0	0.0	0.0	0.0	0.0	0.0
1094	0.0	0.0	0.0	0.0	0.0	0.0	0.0
1095	0.0	0.0	0.0	0.0	0.0	0.0	0.0
1096	0.0	0.0	0.0	0.0	0.0	0.0	0.0
1097	0.0	0.0	0.0	0.0	0.0	0.0	0.0
1098	0.0	0.0	0.0	0.0	0.0	0.0	0.0
1099	0.0	0.0	0.0	0.0	0.0	0.0	0.0
1100	0.0	0.0	0.0	0.0	0.0	0.0	0.0
1101	0.0	0.0	0.0	0.0	0.0	0.0	0.0
1102	0.0	0.0	0.0	0.0	0.0	0.0	0.0
1103	0.0	0.0	0.0	0.0	0.0	0.0	0.0
1104	0.0	0.0	0.0	0.0	0.0	0.0	0.0
1105	0.0	0.0	0.0	0.0	0.0	0.0	0.0
1106	0.0	0.0	0.0	0.0	0.0	0.0	0.0
1107	0.0	0.0	0.0	0.0	0.0	0.0	0.0
1108	0.0	0.0	0.0	0.0	0.0	0.0	0.0
1109	0.0	0.0	0.0	0.0	0.0	0.0	0.0
1110	0.0	0.0	0.0	0.0	0.0	0.0	0.0
1111	0.0	0.0	0.0	0.0	0.0	0.0	0.0
1112	0.0	0.0	0.0	0.0	0.0	0.0	0.0
1113	0.0	0.0	0.0	0.0	0.0	0.0	0.0
1114	0.0	0.0	0.0	0.0	0.0	0.0	0.0
1115	0.0	0.0	0.0	0.0	0.0	0.0	0.0
1116	0.0	0.0	0.0	0.0	0.0	0.0	0.0
1117	0.0	0.0	0.0	0.0	0.0	0.0	0.0
1118	0.0	0.0	0.0	0.0	0.0	0.0	0.0
1119	0.0	0.0	0.0	0.0	0.0	0.0	0.0
1120	0.0	0.0	0.0	0.0	0.0	0.0	0.0
