pos	Sd	Nd	Sd_tip	Nd_tip	S	N	comparisons
001	0.0	0.0	0.0	0.0	0.0	0.0	0.0
002	0.0	0.0	0.0	0.0	0.0	0.0	0.0
003	0.0	0.0	0.0	0.0	0.0	0.0	0.0
004	2.0	2.0	2.0	2.0	2.333	6.667	3.0
005	1.0	0.0	1.0	0.0	0.6680000000000001	2.332	1.0
006	1.0	1.0	1.0	1.0	1.0	2.0	1.0
007	0.0	1.0	0.0	1.0	0.3330000000000002	2.667	1.0
008	0.0	1.0	0.0	1.0	0.6680000000000001	2.332	1.0
009	0.0	0.0	0.0	0.0	0.0	0.0	0.0
010	0.0	0.0	0.0	0.0	0.0	0.0	0.0
011	0.0	0.0	0.0	0.0	0.0	0.0	0.0
012	0.0	0.0	0.0	0.0	0.0	0.0	0.0
013	0.0	0.0	0.0	0.0	0.0	0.0	0.0
014	0.0	0.0	0.0	0.0	0.0	0.0	0.0
015	0.0	0.0	0.0	0.0	0.0	0.0	0.0
016	1.0	0.0	1.0	0.0	1.0	2.0	1.0
017	1.0	0.0	0.0	0.0	0.3330000000000002	2.667	0.0
018	1.0	2.0	1.0	2.0	0.6660000000000004	5.334	2.0
019	1.0	0.0	1.0	0.0	1.0	2.0	1.0
020	1.0	0.0	1.0	0.0	1.0	2.0	1.0
021	1.0	1.0	1.0	0.0	2.0	4.0	1.0
022	0.0	1.0	0.0	1.0	1.0	2.0	1.0
023	0.0	0.0	0.0	0.0	0.0	0.0	0.0
024	1.0	0.0	0.0	0.0	0.3330000000000002	2.667	0.0
025	1.0	1.0	1.0	1.0	1.0	2.0	1.0
026	1.0	0.0	1.0	0.0	0.3330000000000002	2.667	1.0
027	1.0	0.0	1.0	0.0	0.3330000000000002	2.667	1.0
028	1.0	0.0	1.0	0.0	0.3330000000000002	2.667	1.0
029	1.0	1.0	1.0	1.0	1.6680000000000001	4.332	2.0
030	2.0	0.0	2.0	0.0	2.0	4.0	2.0
031	0.0	0.0	0.0	0.0	0.0	0.0	0.0
032	1.0	1.0	1.0	1.0	2.068	3.932	2.0
033	0.0	0.0	0.0	0.0	0.0	0.0	0.0
034	1.0	0.0	1.0	0.0	1.0	2.0	1.0
035	0.0	0.0	0.0	0.0	0.0	0.0	0.0
036	1.0	2.0	1.0	2.0	1.0	2.0	1.0
037	2.0	0.0	2.0	0.0	2.0	4.0	2.0
038	1.0	1.0	1.0	1.0	1.0	2.0	1.0
039	2.0	2.0	2.0	2.0	3.0	6.0	3.0
040	1.0	3.0	1.0	2.0	2.668	6.332	2.0
041	1.0	0.0	1.0	0.0	1.0	2.0	1.0
042	0.0	0.0	0.0	0.0	0.0	0.0	0.0
043	1.0	1.0	1.0	1.0	1.3330000000000002	4.667	2.0
044	1.0	0.0	0.0	0.0	0.3330000000000002	2.667	0.0
045	1.0	0.0	1.0	0.0	1.0	2.0	1.0
046	0.0	0.0	0.0	0.0	0.0	0.0	0.0
047	0.0	0.0	0.0	0.0	0.0	0.0	0.0
048	2.0	0.0	1.0	0.0	2.0	4.0	1.0
049	2.0	0.0	2.0	0.0	2.0	4.0	2.0
050	1.0	2.0	1.0	2.0	1.0010000000000003	4.999	2.0
051	0.0	1.0	0.0	0.0	1.0	2.0	0.0
052	0.0	0.0	0.0	0.0	0.0	0.0	0.0
053	1.0	0.0	1.0	0.0	0.6680000000000001	2.332	1.0
054	0.0	1.0	0.0	1.0	1.4	1.6	1.0
055	1.0	1.0	1.0	1.0	1.0	2.0	1.0
056	2.0	0.0	1.0	0.0	2.8	3.2	1.0
057	1.0	0.0	1.0	0.0	1.0	2.0	1.0
058	1.0	0.0	1.0	0.0	1.0	2.0	1.0
059	0.0	0.0	0.0	0.0	0.0	0.0	0.0
060	1.0	0.0	1.0	0.0	1.0	2.0	1.0
061	0.0	0.0	0.0	0.0	0.0	0.0	0.0
062	1.0	0.0	1.0	0.0	1.0	2.0	1.0
063	1.0	0.0	1.0	0.0	1.0	2.0	1.0
064	0.0	0.0	0.0	0.0	0.0	0.0	0.0
065	0.0	0.0	0.0	0.0	0.0	0.0	0.0
066	0.0	0.0	0.0	0.0	0.0	0.0	0.0
067	2.0	0.0	2.0	0.0	2.0	4.0	2.0
068	0.0	0.0	0.0	0.0	0.0	0.0	0.0
069	1.0	0.0	1.0	0.0	1.0	2.0	1.0
070	0.0	0.0	0.0	0.0	0.0	0.0	0.0
071	0.0	0.0	0.0	0.0	0.0	0.0	0.0
072	0.0	0.0	0.0	0.0	0.0	0.0	0.0
073	0.0	0.0	0.0	0.0	0.0	0.0	0.0
074	0.0	0.0	0.0	0.0	0.0	0.0	0.0
075	0.0	0.0	0.0	0.0	0.0	0.0	0.0
076	0.0	0.0	0.0	0.0	0.0	0.0	0.0
077	1.0	0.0	1.0	0.0	1.0	2.0	1.0
078	0.0	0.0	0.0	0.0	0.0	0.0	0.0
079	0.0	0.0	0.0	0.0	0.0	0.0	0.0
