pos	Sd	Nd	Sd_tip	Nd_tip	S	N	comparisons
001	0.0	0.0	0.0	0.0	0.0	0.0	0.0
002	1.0	0.0	1.0	0.0	1.0	2.0	1.0
003	0.0	0.0	0.0	0.0	0.0	0.0	0.0
004	2.0	0.0	0.0	0.0	0.6660000000000004	5.334	0.0
005	1.0	0.0	1.0	0.0	0.6680000000000001	2.332	1.0
006	0.0	0.0	0.0	0.0	0.0	0.0	0.0
007	0.0	0.0	0.0	0.0	0.0	0.0	0.0
008	2.0	0.0	1.0	0.0	2.0	4.0	1.0
009	2.0	0.0	0.0	0.0	2.0	4.0	0.0
010	1.0	0.0	1.0	0.0	0.3330000000000002	2.667	1.0
011	0.0	1.0	0.0	0.0	1.0	2.0	0.0
012	0.0	2.0	0.0	0.0	1.0	2.0	0.0
013	1.0	0.0	1.0	0.0	0.6680000000000001	2.332	1.0
014	0.0	0.0	0.0	0.0	0.0	0.0	0.0
015	0.0	0.0	0.0	0.0	0.0	0.0	0.0
016	0.0	2.0	0.0	2.0	1.0	2.0	1.0
017	1.0	0.0	1.0	0.0	1.0	2.0	1.0
018	1.0	0.0	1.0	0.0	0.3330000000000002	2.667	1.0
019	1.0	0.0	1.0	0.0	0.3330000000000002	2.667	1.0
020	0.0	0.0	0.0	0.0	0.0	0.0	0.0
021	1.0	0.0	1.0	0.0	0.3330000000000002	2.667	1.0
022	2.0	0.0	1.0	0.0	0.6660000000000004	5.334	1.0
023	1.0	0.0	1.0	0.0	1.0	2.0	1.0
024	0.0	0.0	0.0	0.0	0.0	0.0	0.0
025	0.0	0.0	0.0	0.0	0.0	0.0	0.0
026	1.0	0.0	1.0	0.0	1.0	2.0	1.0
027	0.0	0.0	0.0	0.0	0.0	0.0	0.0
028	0.0	0.0	0.0	0.0	0.0	0.0	0.0
029	0.0	0.0	0.0	0.0	0.0	0.0	0.0
030	2.0	0.0	1.0	0.0	2.0	4.0	1.0
031	0.0	0.0	0.0	0.0	0.0	0.0	0.0
032	0.0	0.0	0.0	0.0	0.0	0.0	0.0
033	0.0	0.0	0.0	0.0	0.0	0.0	0.0
034	0.0	0.0	0.0	0.0	0.0	0.0	0.0
035	0.0	0.0	0.0	0.0	0.0	0.0	0.0
036	2.0	0.0	2.0	0.0	1.6680000000000001	4.332	2.0
037	1.0	0.0	1.0	0.0	1.0	2.0	1.0
038	1.0	0.0	1.0	0.0	0.6680000000000001	2.332	1.0
039	2.0	2.0	2.0	0.0	4.0	8.0	2.0
040	0.0	0.0	0.0	0.0	0.0	0.0	0.0
041	0.0	0.0	0.0	0.0	0.0	0.0	0.0
042	2.0	0.0	1.0	0.0	2.0	4.0	1.0
043	0.0	0.0	0.0	0.0	0.0	0.0	0.0
044	2.0	0.0	1.0	0.0	2.0	4.0	1.0
045	1.0	0.0	0.0	0.0	1.0	2.0	0.0
046	2.0	0.0	1.0	0.0	2.4	3.6	1.0
047	3.0	0.0	2.0	0.0	3.0	6.0	2.0
048	0.0	0.0	0.0	0.0	0.0	0.0	0.0
049	1.0	0.0	1.0	0.0	0.3330000000000002	2.667	1.0
050	1.0	0.0	1.0	0.0	1.0	2.0	1.0
051	0.0	0.0	0.0	0.0	0.0	0.0	0.0
052	0.0	0.0	0.0	0.0	0.0	0.0	0.0
053	0.0	0.0	0.0	0.0	0.0	0.0	0.0
054	2.0	0.0	1.0	0.0	1.3360000000000003	4.664	1.0
055	0.0	0.0	0.0	0.0	0.0	0.0	0.0
056	0.0	0.0	0.0	0.0	0.0	0.0	0.0
057	0.0	0.0	0.0	0.0	0.0	0.0	0.0
058	1.0	0.0	1.0	0.0	0.3330000000000002	2.667	1.0
059	3.0	0.0	2.0	0.0	3.0	6.0	2.0
060	0.0	0.0	0.0	0.0	0.0	0.0	0.0
061	0.0	0.0	0.0	0.0	0.0	0.0	0.0
062	0.0	0.0	0.0	0.0	0.0	0.0	0.0
063	0.0	0.0	0.0	0.0	0.0	0.0	0.0
064	2.0	0.0	1.0	0.0	2.4	3.6	1.0
065	1.0	0.0	1.0	0.0	1.0	2.0	1.0
066	2.0	0.0	0.0	0.0	2.0	4.0	0.0
067	0.0	0.0	0.0	0.0	0.0	0.0	0.0
068	0.0	0.0	0.0	0.0	0.0	0.0	0.0
069	1.0	0.0	0.0	0.0	1.0	2.0	0.0
070	2.0	0.0	2.0	0.0	2.0	4.0	2.0
071	0.0	0.0	0.0	0.0	0.0	0.0	0.0
072	1.0	0.0	1.0	0.0	1.0	2.0	1.0
073	2.0	0.0	2.0	0.0	1.0	2.0	1.0
074	0.0	0.0	0.0	0.0	0.0	0.0	0.0
075	0.0	0.0	0.0	0.0	0.0	0.0	0.0
076	0.0	0.0	0.0	0.0	0.0	0.0	0.0
077	0.0	0.0	0.0	0.0	0.0	0.0	0.0
078	1.0	0.0	0.0	0.0	1.0	2.0	0.0
079	0.0	0.0	0.0	0.0	0.0	0.0	0.0
080	1.0	0.0	0.0	0.0	1.0	2.0	0.0
081	1.0	0.0	0.0	0.0	1.0	2.0	0.0
082	1.0	0.0	1.0	0.0	1.0	2.0	1.0
083	0.0	0.0	0.0	0.0	0.0	0.0	0.0
084	1.0	0.0	1.0	0.0	1.4	1.6	1.0
085	2.0	0.0	1.0	0.0	2.4	3.6	1.0
086	1.0	0.0	1.0	0.0	1.0	2.0	1.0
087	0.0	0.0	0.0	0.0	0.0	0.0	0.0
088	0.0	0.0	0.0	0.0	0.0	0.0	0.0
089	1.0	0.0	1.0	0.0	0.3330000000000002	2.667	1.0
090	1.0	0.0	0.0	0.0	0.3330000000000002	2.667	0.0
091	1.0	0.0	1.0	0.0	0.3330000000000002	2.667	1.0
092	1.0	0.0	1.0	0.0	0.3330000000000002	2.667	1.0
093	1.0	0.0	1.0	0.0	0.3330000000000002	2.667	1.0
094	3.0	2.0	1.0	0.0	5.0	10.0	1.0
095	0.0	0.0	0.0	0.0	0.0	0.0	0.0
096	0.0	0.0	0.0	0.0	0.0	0.0	0.0
097	3.0	0.0	3.0	0.0	3.0	6.0	3.0
098	2.0	0.0	0.0	0.0	0.6660000000000004	5.334	0.0
099	1.0	0.0	1.0	0.0	1.0	2.0	1.0
100	1.0	0.0	1.0	0.0	1.0	2.0	1.0
101	1.0	0.0	1.0	0.0	0.3330000000000002	2.667	1.0
102	1.0	1.0	1.0	1.0	0.6680000000000001	5.332	2.0
103	3.0	0.0	2.0	0.0	3.0	6.0	2.0
104	0.0	0.0	0.0	0.0	0.0	0.0	0.0
105	1.0	1.0	1.0	1.0	0.6680000000000001	2.332	1.0
106	2.0	0.0	2.0	0.0	2.4	3.6	2.0
107	3.0	0.0	2.0	0.0	3.0	6.0	2.0
108	2.0	0.0	0.0	0.0	2.0	4.0	0.0
109	0.0	0.0	0.0	0.0	0.0	0.0	0.0
110	3.0	0.0	1.0	0.0	3.8	5.2	1.0
111	1.0	0.0	1.0	0.0	0.6680000000000001	2.332	1.0
112	3.0	1.0	2.0	0.0	3.0	6.0	2.0
113	0.0	0.0	0.0	0.0	0.0	0.0	0.0
114	2.0	0.0	1.0	0.0	2.0	4.0	1.0
115	0.0	0.0	0.0	0.0	0.0	0.0	0.0
116	0.0	0.0	0.0	0.0	0.0	0.0	0.0
117	1.0	0.0	1.0	0.0	1.0	2.0	1.0
118	1.0	0.0	1.0	0.0	1.0	2.0	1.0
119	1.0	0.0	0.0	0.0	1.0	2.0	0.0
120	0.0	0.0	0.0	0.0	0.0	0.0	0.0
121	1.0	0.0	1.0	0.0	1.0	2.0	1.0
122	3.0	0.0	2.0	0.0	3.8	5.2	2.0
123	0.0	0.0	0.0	0.0	0.0	0.0	0.0
124	0.0	0.0	0.0	0.0	0.0	0.0	0.0
125	1.0	1.0	1.0	1.0	2.0	4.0	2.0
126	1.0	0.0	1.0	0.0	0.3330000000000002	2.667	1.0
127	0.0	0.0	0.0	0.0	0.0	0.0	0.0
128	3.0	0.0	2.0	0.0	3.0	6.0	2.0
129	2.0	0.0	0.0	0.0	2.0	4.0	0.0
130	2.0	0.0	2.0	0.0	2.0	4.0	2.0
131	0.0	0.0	0.0	0.0	0.0	0.0	0.0
132	0.0	0.0	0.0	0.0	0.0	0.0	0.0
133	3.0	1.0	2.0	1.0	2.333	6.667	2.0
134	2.0	0.0	2.0	0.0	2.0	4.0	2.0
135	1.0	0.0	1.0	0.0	0.3330000000000002	2.667	1.0
136	1.0	0.0	1.0	0.0	0.3330000000000002	2.667	1.0
137	1.0	2.0	1.0	2.0	0.3330000000000002	5.667	2.0
138	1.0	0.0	1.0	0.0	1.0	2.0	1.0
139	0.0	0.0	0.0	0.0	0.0	0.0	0.0
140	0.0	1.0	0.0	1.0	0.3330000000000002	2.667	1.0
141	2.0	1.0	1.0	1.0	3.0	6.0	2.0
142	2.0	0.0	1.0	0.0	2.4	3.6	1.0
143	0.0	1.0	0.0	0.0	0.3330000000000002	2.667	0.0
144	0.0	0.0	0.0	0.0	0.0	0.0	0.0
145	2.0	0.0	0.0	0.0	2.4	3.6	0.0
146	1.0	0.0	1.0	0.0	1.0	2.0	1.0
147	1.0	0.0	1.0	0.0	1.0	2.0	1.0
148	0.0	0.0	0.0	0.0	0.0	0.0	0.0
149	0.0	1.0	0.0	1.0	0.6680000000000001	2.332	1.0
150	2.0	0.0	0.0	0.0	2.0	4.0	0.0
151	1.0	0.0	1.0	0.0	0.3330000000000002	2.667	1.0
152	1.0	2.0	1.0	1.0	0.9990000000000006	8.001	2.0
153	1.0	0.0	0.0	0.0	0.6680000000000001	2.332	0.0
154	3.0	0.0	2.0	0.0	3.0	6.0	2.0
155	1.0	2.0	1.0	2.0	0.3330000000000002	2.667	1.0
156	2.0	0.0	1.0	0.0	0.6660000000000004	5.334	1.0
157	2.0	1.0	2.0	1.0	0.9990000000000006	8.001	3.0
158	0.0	0.0	0.0	0.0	0.0	0.0	0.0
159	3.0	0.0	2.0	0.0	1.6680000000000001	4.332	1.0
160	0.0	2.0	0.0	2.0	1.0	2.0	1.0
161	0.0	0.0	0.0	0.0	0.0	0.0	0.0
162	2.0	0.0	1.0	0.0	2.0	4.0	1.0
163	0.0	0.0	0.0	0.0	0.0	0.0	0.0
164	0.0	0.0	0.0	0.0	0.0	0.0	0.0
165	3.0	0.0	2.0	0.0	3.0	6.0	2.0
166	3.0	0.0	3.0	0.0	3.0	6.0	3.0
167	1.0	1.0	1.0	1.0	0.6680000000000001	2.332	1.0
168	0.0	0.0	0.0	0.0	0.0	0.0	0.0
169	0.0	0.0	0.0	0.0	0.0	0.0	0.0
170	1.0	0.0	1.0	0.0	0.3330000000000002	2.667	1.0
171	1.0	0.0	1.0	0.0	0.3330000000000002	2.667	1.0
172	0.0	0.0	0.0	0.0	0.0	0.0	0.0
173	0.0	0.0	0.0	0.0	0.0	0.0	0.0
174	0.0	2.0	0.0	2.0	0.3330000000000002	2.667	1.0
175	0.0	0.0	0.0	0.0	0.0	0.0	0.0
176	2.0	0.0	0.0	0.0	0.6660000000000004	5.334	0.0
177	0.0	0.0	0.0	0.0	0.0	0.0	0.0
178	2.0	0.0	2.0	0.0	2.0	4.0	2.0
179	1.0	2.0	1.0	2.0	2.0	4.0	2.0
180	1.0	1.0	1.0	1.0	0.6660000000000004	5.334	2.0
181	2.0	0.0	1.0	0.0	2.0	4.0	1.0
182	0.0	2.0	0.0	2.0	1.0	2.0	1.0
183	0.0	0.0	0.0	0.0	0.0	0.0	0.0
184	0.0	0.0	0.0	0.0	0.0	0.0	0.0
185	1.0	0.0	1.0	0.0	1.0	2.0	1.0
186	1.0	0.0	1.0	0.0	1.0	2.0	1.0
187	1.0	1.0	0.0	1.0	2.0	4.0	1.0
188	2.0	1.0	1.0	1.0	2.0	4.0	1.0
189	1.0	0.0	0.0	0.0	1.0	2.0	0.0
190	3.0	0.0	2.0	0.0	3.068	5.932	2.0
191	0.0	0.0	0.0	0.0	0.0	0.0	0.0
192	0.0	0.0	0.0	0.0	0.0	0.0	0.0
193	0.0	0.0	0.0	0.0	0.0	0.0	0.0
194	1.0	0.0	1.0	0.0	1.0	2.0	1.0
195	2.0	4.0	2.0	3.0	5.668	12.332	5.0
196	2.0	0.0	0.0	0.0	2.0	4.0	0.0
197	0.0	0.0	0.0	0.0	0.0	0.0	0.0
198	0.0	0.0	0.0	0.0	0.0	0.0	0.0
199	0.0	0.0	0.0	0.0	0.0	0.0	0.0
200	1.0	0.0	1.0	0.0	0.3330000000000002	2.667	1.0
201	0.0	0.0	0.0	0.0	0.0	0.0	0.0
202	0.0	0.0	0.0	0.0	0.0	0.0	0.0
203	2.0	0.0	2.0	0.0	1.0	2.0	1.0
204	4.0	0.0	3.0	0.0	4.0	8.0	3.0
205	3.0	0.0	1.0	0.0	3.0	6.0	1.0
206	0.0	0.0	0.0	0.0	0.0	0.0	0.0
207	0.0	0.0	0.0	0.0	0.0	0.0	0.0
208	0.0	0.0	0.0	0.0	0.0	0.0	0.0
209	2.0	0.0	0.0	0.0	2.0	4.0	0.0
210	1.0	0.0	0.0	0.0	1.0	2.0	0.0
211	1.0	2.0	1.0	0.0	1.3330000000000002	4.667	1.0
212	2.0	0.0	1.0	0.0	1.6680000000000001	4.332	1.0
213	1.0	0.0	1.0	0.0	0.3330000000000002	2.667	1.0
214	2.0	0.0	1.0	0.0	0.6660000000000004	5.334	1.0
215	1.0	0.0	0.0	0.0	0.3330000000000002	2.667	0.0
216	2.0	0.0	1.0	0.0	2.0	4.0	1.0
217	2.0	0.0	1.0	0.0	2.0	4.0	1.0
218	1.0	0.0	0.0	0.0	1.0	2.0	0.0
219	0.0	0.0	0.0	0.0	0.0	0.0	0.0
220	2.0	0.0	1.0	0.0	2.0	4.0	1.0
221	0.0	0.0	0.0	0.0	0.0	0.0	0.0
222	1.0	0.0	1.0	0.0	1.0	2.0	1.0
223	2.0	0.0	2.0	0.0	0.6660000000000004	5.334	2.0
224	0.0	0.0	0.0	0.0	0.0	0.0	0.0
225	0.0	0.0	0.0	0.0	0.0	0.0	0.0
226	2.0	1.0	1.0	1.0	0.9990000000000006	8.001	2.0
227	2.0	0.0	2.0	0.0	2.0	4.0	2.0
228	1.0	0.0	1.0	0.0	0.3330000000000002	2.667	1.0
229	2.0	0.0	0.0	0.0	2.0	4.0	0.0
230	1.0	1.0	1.0	1.0	1.0	2.0	1.0
231	1.0	2.0	1.0	2.0	2.668	6.332	3.0
232	0.0	0.0	0.0	0.0	0.0	0.0	0.0
233	0.0	0.0	0.0	0.0	0.0	0.0	0.0
234	2.0	1.0	1.0	1.0	3.0	6.0	2.0
235	0.0	1.0	0.0	1.0	0.3330000000000002	2.667	1.0
236	2.0	2.0	0.0	1.0	0.6660000000000004	5.334	1.0
237	1.0	0.0	1.0	0.0	1.0	2.0	1.0
238	0.0	0.0	0.0	0.0	0.0	0.0	0.0
239	2.0	0.0	1.0	0.0	2.0	4.0	1.0
240	2.0	0.0	0.0	0.0	2.0	4.0	0.0
241	1.0	0.0	1.0	0.0	1.0	2.0	1.0
242	0.0	0.0	0.0	0.0	0.0	0.0	0.0
243	2.0	0.0	2.0	0.0	2.0	4.0	2.0
244	0.0	0.0	0.0	0.0	0.0	0.0	0.0
245	3.0	0.0	2.0	0.0	3.0	6.0	2.0
246	0.0	0.0	0.0	0.0	0.0	0.0	0.0
247	0.0	0.0	0.0	0.0	0.0	0.0	0.0
248	1.0	2.0	0.0	2.0	2.0010000000000003	6.999	2.0
249	0.0	1.0	0.0	1.0	1.0	2.0	1.0
250	1.0	2.0	1.0	2.0	1.0	2.0	1.0
251	1.0	0.0	1.0	0.0	1.0	2.0	1.0
252	0.0	0.0	0.0	0.0	0.0	0.0	0.0
253	0.0	0.0	0.0	0.0	0.0	0.0	0.0
254	0.0	0.0	0.0	0.0	0.0	0.0	0.0
255	2.0	0.0	1.0	0.0	2.0	4.0	1.0
256	1.0	0.0	1.0	0.0	1.0	2.0	1.0
257	3.0	0.0	1.0	0.0	3.0	6.0	1.0
258	1.0	0.0	1.0	0.0	1.0	2.0	1.0
259	2.0	0.0	2.0	0.0	2.0	4.0	2.0
260	0.0	0.0	0.0	0.0	0.0	0.0	0.0
261	0.0	0.0	0.0	0.0	0.0	0.0	0.0
262	0.0	0.0	0.0	0.0	0.0	0.0	0.0
263	0.0	0.0	0.0	0.0	0.0	0.0	0.0
264	0.0	0.0	0.0	0.0	0.0	0.0	0.0
265	0.0	0.0	0.0	0.0	0.0	0.0	0.0
266	0.0	0.0	0.0	0.0	0.0	0.0	0.0
267	1.0	0.0	1.0	0.0	0.3330000000000002	2.667	1.0
268	0.0	0.0	0.0	0.0	0.0	0.0	0.0
269	2.0	0.0	2.0	0.0	2.0	4.0	2.0
270	0.0	0.0	0.0	0.0	0.0	0.0	0.0
271	0.0	0.0	0.0	0.0	0.0	0.0	0.0
272	1.0	0.0	1.0	0.0	0.3330000000000002	2.667	1.0
273	0.0	0.0	0.0	0.0	0.0	0.0	0.0
274	2.0	3.0	1.0	2.0	2.333	6.667	2.0
275	0.0	1.0	0.0	0.0	0.3330000000000002	2.667	0.0
276	2.0	0.0	2.0	0.0	2.0	4.0	2.0
277	1.0	0.0	0.0	0.0	0.3330000000000002	2.667	0.0
278	0.0	0.0	0.0	0.0	0.0	0.0	0.0
279	0.0	1.0	0.0	1.0	1.0	2.0	1.0
280	0.0	0.0	0.0	0.0	0.0	0.0	0.0
281	0.0	0.0	0.0	0.0	0.0	0.0	0.0
282	1.0	0.0	1.0	0.0	0.3330000000000002	2.667	1.0
283	0.0	0.0	0.0	0.0	0.0	0.0	0.0
284	0.0	1.0	0.0	0.0	0.3330000000000002	2.667	0.0
285	3.0	0.0	2.0	0.0	0.9990000000000006	8.001	2.0
286	1.0	0.0	1.0	0.0	1.0	2.0	1.0
287	1.0	0.0	0.0	0.0	1.0	2.0	0.0
288	2.0	1.0	2.0	1.0	2.068	3.932	2.0
289	4.0	0.0	3.0	0.0	2.668	6.332	2.0
290	3.0	0.0	2.0	0.0	3.0	6.0	2.0
291	2.0	0.0	1.0	0.0	2.0	4.0	1.0
292	1.0	2.0	1.0	1.0	2.668	6.332	2.0
293	2.0	0.0	1.0	0.0	2.0	4.0	1.0
294	1.0	0.0	1.0	0.0	1.0	2.0	1.0
295	1.0	0.0	1.0	0.0	1.0	2.0	1.0
296	2.0	0.0	1.0	0.0	2.0	4.0	1.0
297	2.0	0.0	1.0	0.0	2.0	4.0	1.0
298	0.0	0.0	0.0	0.0	0.0	0.0	0.0
299	1.0	1.0	1.0	0.0	0.6660000000000004	5.334	1.0
300	0.0	0.0	0.0	0.0	0.0	0.0	0.0
301	1.0	0.0	0.0	0.0	1.0	2.0	0.0
302	1.0	3.0	0.0	2.0	0.3330000000000002	5.667	1.0
303	2.0	0.0	2.0	0.0	0.6660000000000004	5.334	2.0
304	0.0	0.0	0.0	0.0	0.0	0.0	0.0
305	1.0	0.0	1.0	0.0	1.0	2.0	1.0
306	0.0	0.0	0.0	0.0	0.0	0.0	0.0
307	2.0	1.0	2.0	1.0	1.0010000000000003	4.999	2.0
308	0.0	1.0	0.0	0.0	0.3330000000000002	2.667	0.0
309	2.0	0.0	2.0	0.0	2.0	4.0	2.0
310	1.0	0.0	1.0	0.0	0.6680000000000001	2.332	1.0
311	1.0	0.0	0.0	0.0	1.0	2.0	0.0
312	1.0	2.0	1.0	0.0	2.333	6.667	1.0
313	0.0	0.0	0.0	0.0	0.0	0.0	0.0
314	0.0	0.0	0.0	0.0	0.0	0.0	0.0
315	0.0	0.0	0.0	0.0	0.0	0.0	0.0
316	1.0	0.0	1.0	0.0	1.0	2.0	1.0
317	0.0	0.0	0.0	0.0	0.0	0.0	0.0
318	0.0	0.0	0.0	0.0	0.0	0.0	0.0
319	2.0	0.0	0.0	0.0	0.6660000000000004	5.334	0.0
320	1.0	0.0	1.0	0.0	0.3330000000000002	2.667	1.0
321	1.0	0.0	1.0	0.0	1.0	2.0	1.0
322	1.0	0.0	1.0	0.0	1.0	2.0	1.0
323	1.0	0.0	1.0	0.0	0.6680000000000001	2.332	1.0
324	1.0	0.0	1.0	0.0	0.6680000000000001	2.332	1.0
325	0.0	0.0	0.0	0.0	0.0	0.0	0.0
326	2.0	0.0	2.0	0.0	1.0	2.0	1.0
327	2.0	0.0	2.0	0.0	2.0	4.0	2.0
328	2.0	0.0	1.0	0.0	2.0	4.0	1.0
329	3.0	0.0	1.0	0.0	3.0	6.0	1.0
330	3.0	0.0	1.0	0.0	3.0	6.0	1.0
331	1.0	0.0	0.0	0.0	1.0	2.0	0.0
332	2.0	0.0	2.0	0.0	2.0	4.0	2.0
333	2.0	0.0	2.0	0.0	2.8	3.2	2.0
334	1.0	0.0	1.0	0.0	1.0	2.0	1.0
335	3.0	0.0	3.0	0.0	3.0	6.0	3.0
336	5.0	0.0	4.0	0.0	5.536	9.464	4.0
337	1.0	0.0	0.0	0.0	1.0	2.0	0.0
338	3.0	0.0	1.0	0.0	3.0	6.0	1.0
339	1.0	0.0	1.0	0.0	1.0	2.0	1.0
340	0.0	0.0	0.0	0.0	0.0	0.0	0.0
341	2.0	0.0	1.0	0.0	2.0	4.0	1.0
342	1.0	0.0	0.0	0.0	0.3330000000000002	2.667	0.0
343	0.0	0.0	0.0	0.0	0.0	0.0	0.0
344	0.0	0.0	0.0	0.0	0.0	0.0	0.0
345	2.0	0.0	1.0	0.0	2.0	4.0	1.0
346	1.0	0.0	1.0	0.0	1.0	2.0	1.0
347	1.0	0.0	1.0	0.0	0.6680000000000001	2.332	1.0
348	1.0	0.0	1.0	0.0	0.3330000000000002	2.667	1.0
349	2.0	1.0	1.0	1.0	2.668	6.332	2.0
350	1.0	0.0	1.0	0.0	1.0	2.0	1.0
351	0.0	0.0	0.0	0.0	0.0	0.0	0.0
352	2.0	0.0	1.0	0.0	2.0	4.0	1.0
353	2.0	0.0	2.0	0.0	2.4	3.6	2.0
354	0.0	0.0	0.0	0.0	0.0	0.0	0.0
355	3.0	0.0	2.0	0.0	2.0040000000000004	6.9959999999999996	2.0
356	1.0	0.0	1.0	0.0	1.0	2.0	1.0
357	3.0	0.0	2.0	0.0	3.0	6.0	2.0
358	2.0	0.0	1.0	0.0	0.6660000000000004	5.334	1.0
359	3.0	0.0	0.0	0.0	3.0	6.0	0.0
360	3.0	0.0	2.0	0.0	3.0	6.0	2.0
361	0.0	0.0	0.0	0.0	0.0	0.0	0.0
362	2.0	0.0	1.0	0.0	2.0	4.0	1.0
363	0.0	0.0	0.0	0.0	0.0	0.0	0.0
364	2.0	0.0	2.0	0.0	1.0	2.0	1.0
365	1.0	0.0	1.0	0.0	0.3330000000000002	2.667	1.0
366	0.0	0.0	0.0	0.0	0.0	0.0	0.0
367	0.0	1.0	0.0	1.0	0.3330000000000002	2.667	1.0
368	0.0	1.0	0.0	1.0	0.3330000000000002	2.667	1.0
369	0.0	1.0	0.0	0.0	1.0	2.0	0.0
370	1.0	0.0	1.0	0.0	1.0	2.0	1.0
371	2.0	0.0	1.0	0.0	1.3360000000000003	4.664	1.0
372	0.0	0.0	0.0	0.0	0.0	0.0	0.0
373	3.0	0.0	2.0	0.0	3.0	6.0	2.0
374	3.0	0.0	2.0	0.0	3.0	6.0	2.0
375	2.0	2.0	1.0	1.0	1.6680000000000001	4.332	1.0
376	2.0	0.0	2.0	0.0	2.0	4.0	2.0
377	0.0	0.0	0.0	0.0	0.0	0.0	0.0
378	0.0	0.0	0.0	0.0	0.0	0.0	0.0
379	1.0	0.0	1.0	0.0	1.0	2.0	1.0
380	2.0	0.0	2.0	0.0	2.0	4.0	2.0
381	2.0	0.0	2.0	0.0	2.0	4.0	2.0
382	1.0	0.0	1.0	0.0	0.3330000000000002	2.667	1.0
383	0.0	0.0	0.0	0.0	0.0	0.0	0.0
384	0.0	0.0	0.0	0.0	0.0	0.0	0.0
385	3.0	0.0	1.0	0.0	3.4	5.6	1.0
386	2.0	1.0	0.0	1.0	0.9990000000000006	8.001	1.0
387	2.0	0.0	1.0	0.0	0.6660000000000004	5.334	1.0
388	0.0	1.0	0.0	0.0	0.6680000000000001	2.332	0.0
389	0.0	0.0	0.0	0.0	0.0	0.0	0.0
390	3.0	0.0	2.0	0.0	3.0	6.0	2.0
391	1.0	0.0	1.0	0.0	1.0	2.0	1.0
392	1.0	0.0	0.0	0.0	1.0	2.0	0.0
393	2.0	0.0	2.0	0.0	0.6660000000000004	5.334	2.0
394	0.0	0.0	0.0	0.0	0.0	0.0	0.0
395	1.0	0.0	1.0	0.0	1.0	2.0	1.0
396	2.0	0.0	1.0	0.0	2.0	4.0	1.0
397	1.0	0.0	1.0	0.0	0.3330000000000002	2.667	1.0
398	2.0	0.0	0.0	0.0	2.0	4.0	0.0
399	0.0	0.0	0.0	0.0	0.0	0.0	0.0
400	0.0	0.0	0.0	0.0	0.0	0.0	0.0
401	1.0	0.0	1.0	0.0	1.0	2.0	1.0
402	1.0	0.0	1.0	0.0	0.6680000000000001	2.332	1.0
403	2.0	0.0	2.0	0.0	2.0	4.0	2.0
404	0.0	1.0	0.0	1.0	0.3330000000000002	2.667	1.0
405	1.0	0.0	1.0	0.0	0.3330000000000002	2.667	1.0
406	2.0	0.0	1.0	0.0	2.0	4.0	1.0
407	2.0	0.0	2.0	0.0	0.6680000000000001	2.332	1.0
408	2.0	0.0	2.0	0.0	2.4	3.6	2.0
409	0.0	0.0	0.0	0.0	0.0	0.0	0.0
410	3.0	0.0	2.0	0.0	3.0	6.0	2.0
411	2.0	0.0	2.0	0.0	2.0	4.0	2.0
412	2.0	0.0	1.0	0.0	2.0	4.0	1.0
413	0.0	0.0	0.0	0.0	0.0	0.0	0.0
414	1.0	0.0	1.0	0.0	1.0	2.0	1.0
415	1.0	0.0	1.0	0.0	1.0	2.0	1.0
416	0.0	0.0	0.0	0.0	0.0	0.0	0.0
417	1.0	1.0	1.0	1.0	1.0	2.0	1.0
418	0.0	0.0	0.0	0.0	0.0	0.0	0.0
419	1.0	0.0	1.0	0.0	1.0	2.0	1.0
420	1.0	0.0	0.0	0.0	1.0	2.0	0.0
421	0.0	0.0	0.0	0.0	0.0	0.0	0.0
422	2.0	0.0	1.0	0.0	1.6680000000000001	4.332	1.0
423	0.0	0.0	0.0	0.0	0.0	0.0	0.0
424	0.0	1.0	0.0	1.0	1.0	2.0	1.0
425	2.0	0.0	1.0	0.0	2.0	4.0	1.0
426	1.0	0.0	1.0	0.0	1.0	2.0	1.0
427	1.0	0.0	1.0	0.0	1.0	2.0	1.0
428	2.0	0.0	2.0	0.0	0.6660000000000004	5.334	2.0
429	0.0	0.0	0.0	0.0	0.0	0.0	0.0
430	3.0	0.0	2.0	0.0	3.0	6.0	2.0
431	3.0	0.0	3.0	0.0	3.0	6.0	3.0
432	1.0	0.0	1.0	0.0	1.0	2.0	1.0
433	1.0	0.0	1.0	0.0	1.0	2.0	1.0
434	3.0	1.0	3.0	1.0	3.0	6.0	3.0
435	1.0	0.0	0.0	0.0	0.3330000000000002	2.667	0.0
436	0.0	0.0	0.0	0.0	0.0	0.0	0.0
437	1.0	1.0	0.0	1.0	2.0	4.0	1.0
438	2.0	0.0	2.0	0.0	1.3360000000000003	4.664	2.0
439	6.0	1.0	4.0	1.0	5.001	12.998999999999999	4.0
440	0.0	0.0	0.0	0.0	0.0	0.0	0.0
441	1.0	1.0	1.0	1.0	0.3330000000000002	2.667	1.0
442	1.0	0.0	1.0	0.0	1.0	2.0	1.0
443	0.0	0.0	0.0	0.0	0.0	0.0	0.0
444	2.0	0.0	2.0	0.0	2.0	4.0	2.0
445	2.0	0.0	1.0	0.0	0.6660000000000004	5.334	1.0
446	0.0	0.0	0.0	0.0	0.0	0.0	0.0
447	1.0	0.0	0.0	0.0	1.0	2.0	0.0
448	2.0	1.0	1.0	0.0	2.0	4.0	1.0
449	1.0	0.0	1.0	0.0	1.0	2.0	1.0
450	2.0	0.0	0.0	0.0	1.3360000000000003	4.664	0.0
451	2.0	0.0	2.0	0.0	2.0	4.0	2.0
452	3.0	1.0	2.0	1.0	3.0040000000000004	8.995999999999999	3.0
453	2.0	0.0	2.0	0.0	2.0	4.0	2.0
454	0.0	0.0	0.0	0.0	0.0	0.0	0.0
455	2.0	0.0	1.0	0.0	0.6660000000000004	5.334	1.0
456	3.0	0.0	1.0	0.0	3.0	6.0	1.0
457	1.0	0.0	1.0	0.0	1.0	2.0	1.0
458	2.0	0.0	1.0	0.0	2.0	4.0	1.0
459	1.0	0.0	1.0	0.0	0.3330000000000002	2.667	1.0
460	1.0	0.0	1.0	0.0	1.0	2.0	1.0
461	3.0	0.0	2.0	0.0	3.0	6.0	2.0
462	0.0	0.0	0.0	0.0	0.0	0.0	0.0
463	1.0	0.0	1.0	0.0	1.0	2.0	1.0
464	2.0	0.0	1.0	0.0	2.4	3.6	1.0
465	0.0	0.0	0.0	0.0	0.0	0.0	0.0
466	2.0	0.0	2.0	0.0	1.3360000000000003	4.664	2.0
467	1.0	0.0	1.0	0.0	1.0	2.0	1.0
468	0.0	0.0	0.0	0.0	0.0	0.0	0.0
469	0.0	0.0	0.0	0.0	0.0	0.0	0.0
470	3.0	0.0	2.0	0.0	3.0	6.0	2.0
471	1.0	0.0	1.0	0.0	0.3330000000000002	2.667	1.0
472	0.0	0.0	0.0	0.0	0.0	0.0	0.0
473	0.0	0.0	0.0	0.0	0.0	0.0	0.0
474	0.0	0.0	0.0	0.0	0.0	0.0	0.0
475	2.0	0.0	1.0	0.0	0.6660000000000004	5.334	1.0
476	0.0	0.0	0.0	0.0	0.0	0.0	0.0
477	0.0	0.0	0.0	0.0	0.0	0.0	0.0
478	2.0	0.0	2.0	0.0	2.0	4.0	2.0
479	3.0	1.0	3.0	1.0	2.668	6.332	3.0
480	2.0	0.0	2.0	0.0	2.0	4.0	2.0
481	4.0	0.0	2.0	0.0	4.0	8.0	2.0
482	1.0	0.0	1.0	0.0	0.3330000000000002	2.667	1.0
483	0.0	0.0	0.0	0.0	0.0	0.0	0.0
484	0.0	0.0	0.0	0.0	0.0	0.0	0.0
485	0.0	0.0	0.0	0.0	0.0	0.0	0.0
486	3.0	1.0	2.0	1.0	1.3320000000000007	10.668	3.0
487	1.0	0.0	0.0	0.0	0.3330000000000002	2.667	0.0
488	1.0	0.0	1.0	0.0	1.0	2.0	1.0
489	2.0	2.0	1.0	0.0	2.333	6.667	1.0
490	1.0	0.0	0.0	0.0	1.0	2.0	0.0
491	1.0	0.0	1.0	0.0	1.0	2.0	1.0
492	1.0	0.0	1.0	0.0	1.0	2.0	1.0
493	1.0	0.0	1.0	0.0	0.3330000000000002	2.667	1.0
494	2.0	0.0	0.0	0.0	2.0	4.0	0.0
495	2.0	0.0	1.0	0.0	2.0	4.0	1.0
496	1.0	2.0	0.0	2.0	0.9990000000000006	8.001	2.0
497	0.0	1.0	0.0	1.0	0.3330000000000002	2.667	1.0
498	4.0	0.0	3.0	0.0	4.0	8.0	3.0
499	2.0	0.0	1.0	0.0	1.3360000000000003	4.664	1.0
500	2.0	0.0	2.0	0.0	1.6680000000000001	4.332	2.0
501	2.0	0.0	1.0	0.0	0.6660000000000004	5.334	1.0
502	2.0	0.0	1.0	0.0	1.6680000000000001	4.332	1.0
503	1.0	0.0	1.0	0.0	1.0	2.0	1.0
504	2.0	1.0	1.0	1.0	3.0	6.0	2.0
505	0.0	2.0	0.0	2.0	2.0	4.0	2.0
506	0.0	0.0	0.0	0.0	0.0	0.0	0.0
507	2.0	1.0	1.0	1.0	3.0	6.0	2.0
508	0.0	0.0	0.0	0.0	0.0	0.0	0.0
509	2.0	0.0	1.0	0.0	2.0	4.0	1.0
510	0.0	0.0	0.0	0.0	0.0	0.0	0.0
511	0.0	0.0	0.0	0.0	0.0	0.0	0.0
512	1.0	0.0	0.0	0.0	1.4	1.6	0.0
513	2.0	0.0	2.0	0.0	2.0	4.0	2.0
514	2.0	0.0	1.0	0.0	2.0	4.0	1.0
515	0.0	0.0	0.0	0.0	0.0	0.0	0.0
516	3.0	0.0	3.0	0.0	3.0	6.0	3.0
517	3.0	0.0	0.0	0.0	3.0	6.0	0.0
518	1.0	0.0	1.0	0.0	1.0	2.0	1.0
519	2.0	0.0	1.0	0.0	2.0	4.0	1.0
520	4.0	0.0	3.0	0.0	4.0	8.0	3.0
521	1.0	0.0	1.0	0.0	1.0	2.0	1.0
522	2.0	0.0	0.0	0.0	2.0	4.0	0.0
523	1.0	0.0	1.0	0.0	1.0	2.0	1.0
524	1.0	0.0	0.0	0.0	0.3330000000000002	2.667	0.0
525	0.0	0.0	0.0	0.0	0.0	0.0	0.0
526	1.0	0.0	1.0	0.0	0.6680000000000001	2.332	1.0
527	3.0	0.0	0.0	0.0	2.0040000000000004	6.9959999999999996	0.0
528	0.0	0.0	0.0	0.0	0.0	0.0	0.0
529	0.0	0.0	0.0	0.0	0.0	0.0	0.0
530	1.0	0.0	1.0	0.0	1.0	2.0	1.0
531	0.0	1.0	0.0	0.0	0.3330000000000002	2.667	0.0
532	4.0	0.0	2.0	0.0	4.0	8.0	2.0
533	3.0	0.0	3.0	0.0	3.0	6.0	3.0
534	1.0	0.0	1.0	0.0	1.0	2.0	1.0
535	1.0	0.0	1.0	0.0	1.0	2.0	1.0
536	0.0	0.0	0.0	0.0	0.0	0.0	0.0
537	0.0	0.0	0.0	0.0	0.0	0.0	0.0
538	2.0	0.0	0.0	0.0	2.0	4.0	0.0
539	3.0	1.0	2.0	1.0	3.0	6.0	2.0
540	1.0	0.0	1.0	0.0	1.0	2.0	1.0
541	1.0	0.0	1.0	0.0	0.3330000000000002	2.667	1.0
542	1.0	0.0	1.0	0.0	1.0	2.0	1.0
543	0.0	0.0	0.0	0.0	0.0	0.0	0.0
544	0.0	0.0	0.0	0.0	0.0	0.0	0.0
545	3.0	0.0	2.0	0.0	0.9990000000000006	8.001	2.0
546	0.0	0.0	0.0	0.0	0.0	0.0	0.0
547	0.0	0.0	0.0	0.0	0.0	0.0	0.0
548	0.0	0.0	0.0	0.0	0.0	0.0	0.0
