all_syn	all_nonSyn	tip_syn	tip_nonSyn	S	N	comparisons
001	0.0	0.0	0.0	0.0	0.0	0.0	0.0
002	0.0	0.0	0.0	0.0	0.0	0.0	0.0
003	0.0	0.0	0.0	0.0	0.0	0.0	0.0
004	1.0	0.0	0.0	0.0	1.0	2.0	0.0
005	1.0	1.0	0.0	0.0	1.0	2.0	0.0
006	1.0	2.0	1.0	1.0	3.0	6.0	2.0
007	1.0	2.0	1.0	0.0	2.0	4.0	1.0
008	1.0	0.0	1.0	0.0	1.0	2.0	1.0
009	1.0	1.0	1.0	1.0	1.0	2.0	1.0
010	4.0	1.0	4.0	0.0	5.0	10.0	4.0
011	0.0	2.0	0.0	1.0	1.3330000000000002	4.667	1.0
012	0.0	2.0	0.0	2.0	0.3330000000000002	2.667	1.0
013	0.0	0.0	0.0	0.0	0.0	0.0	0.0
014	2.0	0.0	0.0	0.0	2.0	4.0	0.0
015	1.0	4.0	1.0	4.0	2.0	4.0	2.0
016	0.0	4.0	0.0	0.0	1.6660000000000004	7.334	0.0
017	1.0	4.0	1.0	1.0	3.333	8.667	2.0
018	0.0	2.0	0.0	0.0	0.6660000000000004	5.334	0.0
019	0.0	2.0	0.0	1.0	2.0	4.0	1.0
020	4.0	1.0	3.0	0.0	4.468	7.532	2.0
021	0.0	2.0	0.0	0.0	0.3330000000000002	2.667	0.0
022	2.0	0.0	2.0	0.0	2.0	4.0	2.0
023	0.0	0.0	0.0	0.0	0.0	0.0	0.0
024	2.0	3.0	1.0	2.0	2.6660000000000004	9.334	3.0
025	0.0	0.0	0.0	0.0	0.0	0.0	0.0
026	1.0	0.0	1.0	0.0	1.0	2.0	1.0
027	2.0	0.0	1.0	0.0	0.6660000000000004	5.334	1.0
028	3.0	0.0	3.0	0.0	3.0	6.0	3.0
029	2.0	1.0	0.0	1.0	3.4	5.6	1.0
030	3.0	0.0	3.0	0.0	3.0	6.0	3.0
031	0.0	0.0	0.0	0.0	0.0	0.0	0.0
032	2.0	0.0	2.0	0.0	0.6660000000000004	5.334	2.0
033	2.0	1.0	1.0	1.0	3.0	6.0	2.0
034	0.0	0.0	0.0	0.0	0.0	0.0	0.0
035	1.0	0.0	0.0	0.0	1.0	2.0	0.0
036	2.0	0.0	2.0	0.0	0.6660000000000004	5.334	2.0
037	1.0	0.0	0.0	0.0	1.4	1.6	0.0
038	1.0	0.0	1.0	0.0	1.0	2.0	1.0
039	1.0	0.0	1.0	0.0	0.6680000000000001	2.332	1.0
040	0.0	0.0	0.0	0.0	0.0	0.0	0.0
041	0.0	0.0	0.0	0.0	0.0	0.0	0.0
042	0.0	0.0	0.0	0.0	0.0	0.0	0.0
043	2.0	0.0	1.0	0.0	2.0	4.0	1.0
044	3.0	1.0	1.0	1.0	3.068	5.932	1.0
045	4.0	0.0	4.0	0.0	4.0	8.0	4.0
046	3.0	0.0	3.0	0.0	3.0	6.0	3.0
047	2.0	0.0	0.0	0.0	0.6660000000000004	5.334	0.0
048	2.0	1.0	1.0	1.0	2.3360000000000003	6.664	2.0
049	2.0	0.0	0.0	0.0	2.068	3.932	0.0
050	2.0	0.0	0.0	0.0	2.0	4.0	0.0
051	1.0	2.0	1.0	1.0	1.6660000000000004	7.334	2.0
052	2.0	0.0	2.0	0.0	2.8	3.2	2.0
053	1.0	1.0	1.0	1.0	0.6660000000000004	5.334	2.0
054	0.0	2.0	0.0	2.0	0.6660000000000004	5.334	2.0
055	3.0	0.0	3.0	0.0	2.0040000000000004	6.9959999999999996	3.0
056	3.0	0.0	1.0	0.0	2.668	6.332	1.0
057	1.0	1.0	0.0	0.0	1.3330000000000002	4.667	0.0
058	0.0	0.0	0.0	0.0	0.0	0.0	0.0
059	2.0	0.0	1.0	0.0	2.0	4.0	1.0
060	1.0	1.0	0.0	1.0	0.6660000000000004	5.334	1.0
061	1.0	0.0	1.0	0.0	1.0	2.0	1.0
062	3.0	0.0	2.0	0.0	3.0	6.0	2.0
063	2.0	0.0	1.0	0.0	0.6660000000000004	5.334	1.0
064	1.0	1.0	1.0	1.0	0.6660000000000004	5.334	2.0
065	2.0	0.0	2.0	0.0	1.3360000000000003	4.664	2.0
066	2.0	0.0	2.0	0.0	2.0	4.0	2.0
067	0.0	0.0	0.0	0.0	0.0	0.0	0.0
068	0.0	0.0	0.0	0.0	0.0	0.0	0.0
069	3.0	0.0	0.0	0.0	3.468	5.532	0.0
070	0.0	0.0	0.0	0.0	0.0	0.0	0.0
071	0.0	0.0	0.0	0.0	0.0	0.0	0.0
072	0.0	0.0	0.0	0.0	0.0	0.0	0.0
073	3.0	0.0	3.0	0.0	1.6680000000000001	4.332	2.0
074	4.0	1.0	3.0	1.0	3.668	8.332	3.0
075	2.0	1.0	2.0	0.0	3.0	6.0	2.0
076	1.0	2.0	1.0	1.0	2.668	6.332	2.0
077	3.0	1.0	1.0	1.0	1.3320000000000007	10.668	2.0
078	3.0	0.0	2.0	0.0	3.0	6.0	2.0
079	0.0	0.0	0.0	0.0	0.0	0.0	0.0
080	2.0	0.0	2.0	0.0	0.6660000000000004	5.334	2.0
081	0.0	0.0	0.0	0.0	0.0	0.0	0.0
082	2.0	0.0	2.0	0.0	0.6660000000000004	5.334	2.0
083	3.0	0.0	2.0	0.0	1.6680000000000001	4.332	1.0
084	0.0	1.0	0.0	1.0	0.3330000000000002	2.667	1.0
085	2.0	0.0	1.0	0.0	2.0	4.0	1.0
086	1.0	1.0	0.0	1.0	1.6680000000000001	4.332	1.0
087	2.0	0.0	2.0	0.0	2.0	4.0	2.0
088	1.0	0.0	1.0	0.0	0.3330000000000002	2.667	1.0
089	2.0	0.0	1.0	0.0	2.0	4.0	1.0
090	1.0	0.0	1.0	0.0	1.0	2.0	1.0
091	0.0	0.0	0.0	0.0	0.0	0.0	0.0
092	1.0	0.0	1.0	0.0	1.0	2.0	1.0
093	1.0	0.0	1.0	0.0	1.0	2.0	1.0
094	0.0	0.0	0.0	0.0	0.0	0.0	0.0
095	2.0	0.0	1.0	0.0	2.0	4.0	1.0
096	2.0	0.0	2.0	0.0	1.3360000000000003	4.664	2.0
097	3.0	1.0	1.0	0.0	4.8	7.199999999999999	1.0
098	1.0	0.0	1.0	0.0	0.3330000000000002	2.667	1.0
099	2.0	1.0	1.0	0.0	2.0	4.0	1.0
100	0.0	0.0	0.0	0.0	0.0	0.0	0.0
101	0.0	0.0	0.0	0.0	0.0	0.0	0.0
102	0.0	0.0	0.0	0.0	0.0	0.0	0.0
103	2.0	1.0	2.0	1.0	1.4	4.6	2.0
104	2.0	1.0	1.0	1.0	1.3330000000000002	4.667	1.0
105	0.0	2.0	0.0	0.0	0.3330000000000002	2.667	0.0
106	2.0	3.0	2.0	1.0	3.333	8.667	3.0
107	1.0	2.0	1.0	1.0	1.3330000000000002	4.667	1.0
108	0.0	2.0	0.0	1.0	0.6660000000000004	5.334	1.0
109	0.0	4.0	0.0	2.0	2.6660000000000004	9.334	2.0
110	1.0	1.0	0.0	0.0	1.0	2.0	0.0
111	1.0	0.0	1.0	0.0	1.0	2.0	1.0
112	1.0	0.0	0.0	0.0	0.3330000000000002	2.667	0.0
113	2.0	3.0	1.0	2.0	1.9990000000000006	10.001	2.0
114	1.0	4.0	1.0	2.0	1.9990000000000006	10.001	2.0
115	1.0	2.0	0.0	1.0	0.6660000000000004	5.334	1.0
116	1.0	0.0	1.0	0.0	0.3330000000000002	2.667	1.0
117	1.0	5.0	1.0	2.0	4.001	10.998999999999999	3.0
118	3.0	3.0	3.0	2.0	2.9990000000000006	12.001	4.0
119	3.0	1.0	1.0	0.0	3.0	6.0	1.0
120	2.0	1.0	1.0	1.0	3.0	6.0	2.0
121	3.0	2.0	2.0	1.0	3.333	8.667	3.0
122	4.0	2.0	3.0	1.0	4.668	10.332	4.0
123	2.0	0.0	1.0	0.0	0.6660000000000004	5.334	1.0
124	1.0	0.0	1.0	0.0	1.0	2.0	1.0
125	0.0	3.0	0.0	1.0	0.6660000000000004	5.334	1.0
126	2.0	0.0	1.0	0.0	2.8	3.2	1.0
127	1.0	1.0	1.0	0.0	2.4	3.6	1.0
128	0.0	0.0	0.0	0.0	0.0	0.0	0.0
129	0.0	0.0	0.0	0.0	0.0	0.0	0.0
130	4.0	0.0	4.0	0.0	2.668	6.332	3.0
131	0.0	2.0	0.0	1.0	1.3330000000000002	4.667	1.0
132	2.0	0.0	2.0	0.0	1.3360000000000003	4.664	2.0
133	4.0	0.0	3.0	0.0	3.736	8.264	3.0
134	3.0	0.0	2.0	0.0	0.9990000000000006	8.001	2.0
135	1.0	0.0	1.0	0.0	0.3330000000000002	2.667	1.0
136	2.0	0.0	2.0	0.0	2.0	4.0	2.0
137	3.0	0.0	3.0	0.0	2.3360000000000003	6.664	3.0
138	2.0	2.0	2.0	1.0	1.6660000000000004	7.334	2.0
139	3.0	0.0	2.0	0.0	3.0	6.0	2.0
140	1.0	2.0	1.0	2.0	0.3330000000000002	2.667	1.0
141	3.0	2.0	2.0	1.0	4.333	10.667	3.0
142	1.0	0.0	1.0	0.0	1.0	2.0	1.0
143	3.0	0.0	0.0	0.0	3.0	6.0	0.0
144	1.0	0.0	1.0	0.0	1.0	2.0	1.0
145	0.0	0.0	0.0	0.0	0.0	0.0	0.0
146	3.0	1.0	3.0	1.0	2.668	6.332	3.0
147	1.0	0.0	1.0	0.0	0.3330000000000002	2.667	1.0
148	2.0	1.0	1.0	0.0	3.0	6.0	1.0
149	3.0	0.0	3.0	0.0	3.0	6.0	3.0
150	1.0	0.0	1.0	0.0	1.4	1.6	1.0
151	2.0	0.0	1.0	0.0	0.6660000000000004	5.334	1.0
152	0.0	2.0	0.0	0.0	0.3330000000000002	2.667	0.0
153	1.0	1.0	0.0	0.0	2.0	4.0	0.0
154	3.0	0.0	2.0	0.0	0.9990000000000006	8.001	2.0
155	1.0	0.0	1.0	0.0	1.0	2.0	1.0
156	2.0	1.0	0.0	0.0	3.0	6.0	0.0
157	1.0	0.0	0.0	0.0	0.3330000000000002	2.667	0.0
158	2.0	2.0	2.0	1.0	1.9990000000000006	10.001	3.0
159	0.0	0.0	0.0	0.0	0.0	0.0	0.0
160	1.0	2.0	1.0	1.0	2.333	6.667	2.0
161	1.0	1.0	0.0	1.0	0.6660000000000004	5.334	1.0
162	4.0	0.0	3.0	0.0	4.0	8.0	3.0
163	1.0	0.0	1.0	0.0	0.3330000000000002	2.667	1.0
164	1.0	2.0	1.0	0.0	1.0	5.0	1.0
165	1.0	0.0	1.0	0.0	1.0	2.0	1.0
166	3.0	0.0	2.0	0.0	3.0	6.0	2.0
167	5.0	0.0	4.0	0.0	5.0	10.0	4.0
168	0.0	1.0	0.0	0.0	1.0	2.0	0.0
169	1.0	0.0	1.0	0.0	0.6680000000000001	2.332	1.0
170	0.0	1.0	0.0	1.0	1.0	2.0	1.0
171	2.0	1.0	1.0	0.0	2.0	4.0	1.0
172	0.0	2.0	0.0	1.0	1.6680000000000001	4.332	1.0
173	4.0	0.0	3.0	0.0	4.0	8.0	3.0
174	1.0	0.0	1.0	0.0	1.0	2.0	1.0
175	4.0	1.0	2.0	0.0	2.668	6.332	1.0
176	3.0	1.0	1.0	1.0	4.0	8.0	2.0
177	2.0	1.0	2.0	1.0	2.0	4.0	2.0
178	1.0	3.0	0.0	3.0	1.3320000000000007	10.668	3.0
179	0.0	0.0	0.0	0.0	0.0	0.0	0.0
180	2.0	0.0	1.0	0.0	2.0	4.0	1.0
181	1.0	0.0	1.0	0.0	1.0	2.0	1.0
182	2.0	0.0	1.0	0.0	2.0	4.0	1.0
183	3.0	0.0	2.0	0.0	3.4	5.6	2.0
184	1.0	0.0	1.0	0.0	1.0	2.0	1.0
185	2.0	0.0	1.0	0.0	2.0	4.0	1.0
186	1.0	0.0	1.0	0.0	1.0	2.0	1.0
187	0.0	1.0	0.0	0.0	0.3330000000000002	2.667	0.0
188	2.0	0.0	1.0	0.0	2.0	4.0	1.0
189	0.0	0.0	0.0	0.0	0.0	0.0	0.0
190	0.0	1.0	0.0	0.0	0.3330000000000002	2.667	0.0
191	1.0	2.0	1.0	0.0	1.3330000000000002	4.667	1.0
192	0.0	0.0	0.0	0.0	0.0	0.0	0.0
193	0.0	0.0	0.0	0.0	0.0	0.0	0.0
194	2.0	0.0	0.0	0.0	2.0	4.0	0.0
195	0.0	1.0	0.0	0.0	1.0	2.0	0.0
196	3.0	0.0	2.0	0.0	0.9990000000000006	8.001	2.0
197	3.0	3.0	2.0	2.0	4.333	10.667	4.0
198	2.0	4.0	2.0	2.0	2.3320000000000007	12.668	4.0
199	1.0	2.0	1.0	1.0	1.3330000000000002	4.667	1.0
200	2.0	2.0	2.0	2.0	0.9990000000000006	8.001	3.0
201	3.0	1.0	3.0	0.0	4.0	8.0	3.0
202	2.0	1.0	1.0	1.0	1.3330000000000002	4.667	1.0
203	0.0	0.0	0.0	0.0	0.0	0.0	0.0
204	3.0	1.0	2.0	1.0	0.9990000000000006	8.001	2.0
205	2.0	0.0	1.0	0.0	2.0	4.0	1.0
206	1.0	0.0	0.0	0.0	1.0	2.0	0.0
207	2.0	0.0	1.0	0.0	0.6660000000000004	5.334	1.0
208	3.0	0.0	3.0	0.0	3.0	6.0	3.0
209	0.0	0.0	0.0	0.0	0.0	0.0	0.0
210	3.0	0.0	2.0	0.0	3.0	6.0	2.0
211	1.0	1.0	1.0	0.0	2.0	4.0	1.0
212	0.0	1.0	0.0	0.0	0.3330000000000002	2.667	0.0
213	2.0	4.0	1.0	2.0	2.333	6.667	2.0
214	1.0	2.0	0.0	1.0	0.9990000000000006	8.001	1.0
215	0.0	1.0	0.0	1.0	0.3330000000000002	2.667	1.0
216	2.0	3.0	1.0	3.0	2.668	6.332	2.0
217	2.0	0.0	1.0	0.0	2.0	4.0	1.0
218	2.0	0.0	0.0	0.0	2.0	4.0	0.0
219	0.0	1.0	0.0	1.0	1.0	2.0	1.0
220	0.0	0.0	0.0	0.0	0.0	0.0	0.0
221	2.0	0.0	1.0	0.0	2.0	4.0	1.0
222	0.0	1.0	0.0	0.0	1.0	2.0	0.0
223	1.0	3.0	0.0	2.0	4.068	7.932	2.0
224	2.0	2.0	2.0	1.0	3.0	6.0	2.0
225	1.0	2.0	1.0	1.0	0.9990000000000006	8.001	2.0
226	1.0	0.0	1.0	0.0	1.0	2.0	1.0
227	3.0	0.0	2.0	0.0	3.8	5.2	2.0
228	1.0	0.0	0.0	0.0	1.4	1.6	0.0
229	1.0	0.0	0.0	0.0	0.3330000000000002	2.667	0.0
230	1.0	0.0	0.0	0.0	1.0	2.0	0.0
231	0.0	0.0	0.0	0.0	0.0	0.0	0.0
232	1.0	0.0	0.0	0.0	0.6680000000000001	2.332	0.0
233	0.0	1.0	0.0	0.0	1.0	2.0	0.0
234	1.0	2.0	1.0	1.0	1.6660000000000004	7.334	2.0
235	2.0	0.0	0.0	0.0	1.3360000000000003	4.664	0.0
236	1.0	0.0	1.0	0.0	0.6680000000000001	2.332	1.0
237	0.0	0.0	0.0	0.0	0.0	0.0	0.0
238	1.0	0.0	1.0	0.0	1.0	2.0	1.0
239	1.0	0.0	0.0	0.0	0.3330000000000002	2.667	0.0
240	0.0	0.0	0.0	0.0	0.0	0.0	0.0
241	0.0	0.0	0.0	0.0	0.0	0.0	0.0
242	1.0	1.0	1.0	0.0	0.6660000000000004	5.334	1.0
243	4.0	1.0	3.0	1.0	4.333	10.667	4.0
244	1.0	2.0	1.0	1.0	1.3330000000000002	4.667	1.0
245	1.0	1.0	1.0	0.0	0.6680000000000001	5.332	1.0
246	2.0	0.0	2.0	0.0	0.6660000000000004	5.334	2.0
247	0.0	0.0	0.0	0.0	0.0	0.0	0.0
248	3.0	0.0	2.0	0.0	3.0	6.0	2.0
249	2.0	0.0	1.0	0.0	2.0	4.0	1.0
250	0.0	2.0	0.0	1.0	1.6680000000000001	4.332	1.0
251	2.0	0.0	1.0	0.0	2.4	3.6	1.0
252	3.0	0.0	1.0	0.0	3.068	5.932	1.0
253	2.0	0.0	1.0	0.0	0.6660000000000004	5.334	1.0
254	1.0	2.0	1.0	0.0	0.9990000000000006	8.001	1.0
255	0.0	0.0	0.0	0.0	0.0	0.0	0.0
256	0.0	0.0	0.0	0.0	0.0	0.0	0.0
257	3.0	0.0	0.0	0.0	3.0	6.0	0.0
258	0.0	0.0	0.0	0.0	0.0	0.0	0.0
259	1.0	2.0	0.0	1.0	2.668	6.332	1.0
260	1.0	1.0	0.0	0.0	1.0	2.0	0.0
261	2.0	0.0	1.0	0.0	2.0	4.0	1.0
262	1.0	2.0	1.0	2.0	1.6680000000000001	4.332	2.0
263	3.0	0.0	2.0	0.0	2.668	6.332	2.0
264	1.0	0.0	0.0	0.0	0.3330000000000002	2.667	0.0
265	0.0	0.0	0.0	0.0	0.0	0.0	0.0
266	0.0	2.0	0.0	0.0	1.0	5.0	0.0
267	1.0	1.0	1.0	1.0	1.4	4.6	2.0
268	2.0	3.0	1.0	1.0	3.333	8.667	2.0
269	1.0	0.0	1.0	0.0	1.0	2.0	1.0
270	3.0	0.0	2.0	0.0	0.9990000000000006	8.001	2.0
271	2.0	0.0	0.0	0.0	0.6660000000000004	5.334	0.0
272	0.0	0.0	0.0	0.0	0.0	0.0	0.0
273	0.0	2.0	0.0	2.0	1.0	2.0	1.0
274	0.0	3.0	0.0	2.0	2.333	6.667	2.0
275	0.0	1.0	0.0	0.0	0.3330000000000002	2.667	0.0
276	2.0	2.0	0.0	0.0	2.6660000000000004	9.334	0.0
277	2.0	0.0	2.0	0.0	2.8	3.2	2.0
278	2.0	2.0	1.0	0.0	3.0	6.0	1.0
279	3.0	0.0	3.0	0.0	1.6680000000000001	4.332	2.0
280	2.0	0.0	2.0	0.0	0.6660000000000004	5.334	2.0
281	2.0	0.0	1.0	0.0	2.0	4.0	1.0
282	1.0	0.0	0.0	0.0	1.4	1.6	0.0
283	1.0	2.0	0.0	1.0	1.6680000000000001	4.332	1.0
284	3.0	0.0	1.0	0.0	3.0	6.0	1.0
285	1.0	0.0	0.0	0.0	0.3330000000000002	2.667	0.0
286	2.0	2.0	2.0	1.0	3.736	8.264	3.0
287	3.0	1.0	0.0	1.0	4.0	8.0	1.0
288	4.0	1.0	2.0	0.0	4.0	8.0	2.0
289	1.0	1.0	1.0	1.0	1.0	2.0	1.0
290	2.0	0.0	1.0	0.0	2.0	4.0	1.0
291	0.0	1.0	0.0	1.0	0.6680000000000001	2.332	1.0
292	1.0	0.0	0.0	0.0	0.3330000000000002	2.667	0.0
293	4.0	0.0	2.0	0.0	4.4	7.6	2.0
294	1.0	0.0	0.0	0.0	1.0	2.0	0.0
295	5.0	0.0	1.0	0.0	3.4040000000000004	8.596	1.0
296	3.0	1.0	2.0	0.0	2.333	6.667	2.0
297	1.0	1.0	1.0	1.0	2.0	4.0	2.0
298	2.0	1.0	1.0	1.0	2.668	6.332	2.0
299	0.0	1.0	0.0	0.0	0.3330000000000002	2.667	0.0
300	3.0	2.0	2.0	1.0	3.333	8.667	2.0
301	3.0	0.0	2.0	0.0	3.4	5.6	2.0
302	2.0	0.0	1.0	0.0	2.0	4.0	1.0
303	1.0	1.0	1.0	0.0	2.0	4.0	1.0
304	1.0	3.0	1.0	1.0	1.3320000000000007	10.668	2.0
305	0.0	2.0	0.0	0.0	0.6660000000000004	5.334	0.0
306	0.0	1.0	0.0	1.0	1.0	2.0	1.0
307	0.0	0.0	0.0	0.0	0.0	0.0	0.0
308	0.0	3.0	0.0	2.0	0.9990000000000006	8.001	2.0
309	4.0	3.0	2.0	3.0	3.9990000000000006	14.001	4.0
310	2.0	2.0	2.0	1.0	4.0	8.0	3.0
311	0.0	2.0	0.0	1.0	2.068	3.932	1.0
312	1.0	3.0	1.0	1.0	3.0	6.0	2.0
313	0.0	3.0	0.0	2.0	1.6660000000000004	7.334	2.0
314	1.0	1.0	0.0	1.0	0.6660000000000004	5.334	1.0
315	2.0	0.0	1.0	0.0	2.0	4.0	1.0
316	3.0	0.0	1.0	0.0	3.068	5.932	1.0
317	0.0	1.0	0.0	0.0	1.0	2.0	0.0
318	0.0	2.0	0.0	2.0	1.0	2.0	1.0
319	1.0	0.0	0.0	0.0	0.3330000000000002	2.667	0.0
320	1.0	3.0	0.0	2.0	3.4	5.6	2.0
321	1.0	1.0	0.0	0.0	0.6660000000000004	5.334	0.0
322	2.0	2.0	2.0	1.0	2.333	6.667	2.0
323	0.0	0.0	0.0	0.0	0.0	0.0	0.0
324	2.0	2.0	1.0	1.0	3.333	8.667	2.0
325	1.0	4.0	0.0	3.0	2.6660000000000004	9.334	2.0
326	1.0	0.0	1.0	0.0	1.0	2.0	1.0
327	2.0	5.0	0.0	4.0	2.665000000000001	15.334999999999999	3.0
328	1.0	3.0	1.0	2.0	2.333	6.667	2.0
329	0.0	1.0	0.0	1.0	1.0	2.0	1.0
330	0.0	0.0	0.0	0.0	0.0	0.0	0.0
331	3.0	0.0	1.0	0.0	3.4	5.6	1.0
332	0.0	0.0	0.0	0.0	0.0	0.0	0.0
333	3.0	0.0	3.0	0.0	3.0	6.0	3.0
334	2.0	0.0	1.0	0.0	2.0	4.0	1.0
335	1.0	0.0	1.0	0.0	1.0	2.0	1.0
336	1.0	0.0	0.0	0.0	1.0	2.0	0.0
337	0.0	0.0	0.0	0.0	0.0	0.0	0.0
338	0.0	0.0	0.0	0.0	0.0	0.0	0.0
339	2.0	0.0	1.0	0.0	1.6680000000000001	4.332	1.0
340	2.0	1.0	1.0	0.0	3.0	6.0	1.0
341	2.0	0.0	2.0	0.0	2.0	4.0	2.0
342	1.0	0.0	0.0	0.0	0.3330000000000002	2.667	0.0
343	0.0	0.0	0.0	0.0	0.0	0.0	0.0
344	1.0	0.0	0.0	0.0	1.4	1.6	0.0
345	0.0	0.0	0.0	0.0	0.0	0.0	0.0
346	0.0	0.0	0.0	0.0	0.0	0.0	0.0
347	3.0	1.0	3.0	1.0	3.0	6.0	3.0
348	1.0	0.0	0.0	0.0	0.3330000000000002	2.667	0.0
349	0.0	0.0	0.0	0.0	0.0	0.0	0.0
350	2.0	0.0	0.0	0.0	0.6660000000000004	5.334	0.0
351	0.0	1.0	0.0	1.0	0.3330000000000002	2.667	1.0
352	1.0	1.0	1.0	1.0	2.0	4.0	2.0
353	1.0	1.0	1.0	0.0	0.6660000000000004	5.334	1.0
354	2.0	1.0	1.0	0.0	0.9990000000000006	8.001	1.0
355	1.0	1.0	0.0	1.0	0.6660000000000004	5.334	1.0
356	0.0	0.0	0.0	0.0	0.0	0.0	0.0
357	1.0	1.0	1.0	1.0	1.6680000000000001	4.332	2.0
358	0.0	0.0	0.0	0.0	0.0	0.0	0.0
359	0.0	0.0	0.0	0.0	0.0	0.0	0.0
360	3.0	0.0	2.0	0.0	3.0	6.0	2.0
361	0.0	1.0	0.0	1.0	0.6680000000000001	2.332	1.0
362	1.0	1.0	1.0	0.0	1.733	4.2669999999999995	1.0
363	1.0	0.0	0.0	0.0	1.0	2.0	0.0
364	2.0	0.0	2.0	0.0	0.6660000000000004	5.334	2.0
365	0.0	0.0	0.0	0.0	0.0	0.0	0.0
366	0.0	4.0	0.0	3.0	2.3340000000000005	9.666	3.0
367	1.0	0.0	1.0	0.0	0.3330000000000002	2.667	1.0
368	3.0	0.0	1.0	0.0	3.8	5.2	1.0
369	2.0	0.0	1.0	0.0	2.068	3.932	1.0
370	0.0	1.0	0.0	1.0	0.3330000000000002	2.667	1.0
371	0.0	3.0	0.0	1.0	2.333	6.667	1.0
372	0.0	0.0	0.0	0.0	0.0	0.0	0.0
373	1.0	1.0	1.0	1.0	2.0	4.0	2.0
374	0.0	1.0	0.0	1.0	0.3330000000000002	2.667	1.0
375	2.0	3.0	1.0	3.0	1.665000000000001	13.334999999999999	4.0
376	1.0	2.0	1.0	2.0	0.9990000000000006	8.001	3.0
377	2.0	0.0	1.0	0.0	2.0	4.0	1.0
378	2.0	0.0	0.0	0.0	0.6660000000000004	5.334	0.0
379	1.0	4.0	0.0	1.0	3.0	6.0	1.0
380	1.0	2.0	0.0	1.0	1.3330000000000002	4.667	1.0
381	0.0	0.0	0.0	0.0	0.0	0.0	0.0
382	1.0	2.0	1.0	2.0	0.3330000000000002	2.667	1.0
383	1.0	1.0	0.0	1.0	1.3330000000000002	4.667	1.0
384	1.0	0.0	1.0	0.0	0.3330000000000002	2.667	1.0
385	3.0	1.0	1.0	0.0	4.0	8.0	1.0
386	2.0	0.0	1.0	0.0	2.0	4.0	1.0
387	2.0	0.0	2.0	0.0	2.0	4.0	2.0
388	1.0	1.0	1.0	0.0	2.0	4.0	1.0
389	2.0	0.0	1.0	0.0	0.6660000000000004	5.334	1.0
390	3.0	0.0	1.0	0.0	3.0	6.0	1.0
391	1.0	0.0	0.0	0.0	1.4	1.6	0.0
392	1.0	2.0	1.0	2.0	1.6680000000000001	4.332	2.0
393	2.0	0.0	2.0	0.0	2.0	4.0	2.0
394	0.0	1.0	0.0	1.0	0.6680000000000001	2.332	1.0
395	3.0	0.0	2.0	0.0	3.0	6.0	2.0
396	2.0	1.0	1.0	1.0	2.733	6.2669999999999995	2.0
397	0.0	4.0	0.0	4.0	0.6660000000000004	5.334	2.0
398	4.0	0.0	4.0	0.0	3.736	8.264	4.0
399	1.0	1.0	1.0	0.0	0.6660000000000004	5.334	1.0
400	0.0	0.0	0.0	0.0	0.0	0.0	0.0
401	1.0	2.0	1.0	2.0	1.3330000000000002	4.667	2.0
402	1.0	0.0	1.0	0.0	0.3330000000000002	2.667	1.0
403	2.0	0.0	2.0	0.0	2.0	4.0	2.0
404	3.0	2.0	2.0	1.0	3.4040000000000004	8.596	2.0
405	2.0	2.0	1.0	2.0	2.0	4.0	1.0
406	2.0	3.0	1.0	3.0	2.333	6.667	2.0
407	3.0	4.0	2.0	3.0	4.333	10.667	3.0
408	2.0	1.0	2.0	0.0	1.6660000000000004	7.334	2.0
409	0.0	0.0	0.0	0.0	0.0	0.0	0.0
410	2.0	2.0	1.0	2.0	3.0	6.0	2.0
411	1.0	2.0	1.0	2.0	1.3330000000000002	4.667	2.0
412	1.0	2.0	1.0	1.0	2.333	6.667	2.0
413	0.0	1.0	0.0	0.0	0.3330000000000002	2.667	0.0
414	1.0	0.0	0.0	0.0	0.3330000000000002	2.667	0.0
415	0.0	0.0	0.0	0.0	0.0	0.0	0.0
416	3.0	0.0	2.0	0.0	3.0	6.0	2.0
417	0.0	0.0	0.0	0.0	0.0	0.0	0.0
418	1.0	0.0	1.0	0.0	0.3330000000000002	2.667	1.0
419	3.0	0.0	2.0	0.0	0.9990000000000006	8.001	2.0
420	1.0	0.0	1.0	0.0	1.4	1.6	1.0
421	4.0	0.0	4.0	0.0	3.3360000000000003	8.664	4.0
422	3.0	0.0	2.0	0.0	3.0	6.0	2.0
423	2.0	1.0	1.0	0.0	2.4	3.6	1.0
424	3.0	1.0	2.0	0.0	3.668	8.332	2.0
425	2.0	1.0	2.0	0.0	3.0	6.0	2.0
426	2.0	1.0	1.0	0.0	3.0	6.0	1.0
427	1.0	0.0	1.0	0.0	0.3330000000000002	2.667	1.0
428	1.0	0.0	1.0	0.0	0.3330000000000002	2.667	1.0
429	3.0	0.0	2.0	0.0	3.0	6.0	2.0
430	1.0	0.0	0.0	0.0	1.0	2.0	0.0
431	4.0	0.0	2.0	0.0	3.4	5.6	2.0
432	2.0	3.0	1.0	3.0	2.333	6.667	2.0
433	3.0	2.0	2.0	2.0	3.0	6.0	2.0
434	2.0	0.0	1.0	0.0	2.0	4.0	1.0
435	0.0	0.0	0.0	0.0	0.0	0.0	0.0
436	3.0	0.0	2.0	0.0	3.0	6.0	2.0
437	3.0	0.0	3.0	0.0	3.0	6.0	3.0
438	3.0	1.0	1.0	0.0	3.0	6.0	1.0
439	3.0	1.0	2.0	0.0	3.333	8.667	2.0
440	1.0	0.0	1.0	0.0	1.4	1.6	1.0
441	2.0	0.0	1.0	0.0	2.0	4.0	1.0
442	3.0	0.0	1.0	0.0	3.0	6.0	1.0
443	1.0	0.0	1.0	0.0	1.4	1.6	1.0
444	2.0	0.0	1.0	0.0	2.0	4.0	1.0
445	2.0	0.0	1.0	0.0	2.4	3.6	1.0
446	1.0	0.0	1.0	0.0	0.3330000000000002	2.667	1.0
447	0.0	1.0	0.0	1.0	1.0	2.0	1.0
448	1.0	0.0	0.0	0.0	0.3330000000000002	2.667	0.0
449	4.0	0.0	2.0	0.0	4.0	8.0	2.0
450	1.0	0.0	1.0	0.0	0.3330000000000002	2.667	1.0
451	0.0	0.0	0.0	0.0	0.0	0.0	0.0
452	1.0	2.0	1.0	1.0	0.9990000000000006	8.001	2.0
453	1.0	1.0	1.0	1.0	1.0	2.0	1.0
454	2.0	0.0	2.0	0.0	2.0	4.0	2.0
455	2.0	0.0	1.0	0.0	2.4	3.6	1.0
456	0.0	0.0	0.0	0.0	0.0	0.0	0.0
457	3.0	0.0	3.0	0.0	2.0040000000000004	6.9959999999999996	3.0
458	2.0	0.0	1.0	0.0	2.068	3.932	1.0
459	0.0	0.0	0.0	0.0	0.0	0.0	0.0
460	1.0	0.0	0.0	0.0	0.3330000000000002	2.667	0.0
461	0.0	0.0	0.0	0.0	0.0	0.0	0.0
462	2.0	0.0	2.0	0.0	2.0	4.0	2.0
463	1.0	0.0	1.0	0.0	0.3330000000000002	2.667	1.0
464	0.0	0.0	0.0	0.0	0.0	0.0	0.0
465	0.0	0.0	0.0	0.0	0.0	0.0	0.0
466	2.0	0.0	2.0	0.0	1.3360000000000003	4.664	2.0
467	0.0	0.0	0.0	0.0	0.0	0.0	0.0
468	1.0	0.0	1.0	0.0	1.0	2.0	1.0
469	1.0	0.0	1.0	0.0	1.0	2.0	1.0
470	1.0	0.0	0.0	0.0	1.4	1.6	0.0
471	0.0	0.0	0.0	0.0	0.0	0.0	0.0
472	3.0	0.0	2.0	0.0	3.0	6.0	2.0
473	3.0	0.0	2.0	0.0	3.0	6.0	2.0
474	1.0	0.0	1.0	0.0	1.0	2.0	1.0
475	1.0	0.0	1.0	0.0	1.0	2.0	1.0
476	2.0	1.0	1.0	0.0	3.0	6.0	1.0
477	0.0	0.0	0.0	0.0	0.0	0.0	0.0
478	3.0	0.0	1.0	0.0	2.068	3.932	1.0
479	4.0	0.0	4.0	0.0	3.0040000000000004	8.995999999999999	4.0
480	2.0	0.0	2.0	0.0	0.6660000000000004	5.334	2.0
481	1.0	0.0	0.0	0.0	0.3330000000000002	2.667	0.0
482	1.0	4.0	1.0	3.0	4.404	10.596	4.0
483	2.0	1.0	1.0	0.0	1.3360000000000003	4.664	1.0
484	1.0	1.0	0.0	0.0	1.6680000000000001	4.332	0.0
485	2.0	0.0	2.0	0.0	2.0	4.0	2.0
486	2.0	2.0	1.0	1.0	1.9990000000000006	10.001	2.0
487	2.0	0.0	2.0	0.0	0.6660000000000004	5.334	2.0
488	3.0	2.0	1.0	2.0	2.333	6.667	2.0
489	2.0	1.0	2.0	1.0	1.0010000000000003	4.999	2.0
490	2.0	2.0	2.0	2.0	2.0	4.0	2.0
491	1.0	1.0	1.0	1.0	1.0	2.0	1.0
492	1.0	0.0	1.0	0.0	0.3330000000000002	2.667	1.0
493	3.0	4.0	3.0	2.0	4.337000000000001	13.663	4.0
494	2.0	0.0	1.0	0.0	0.6660000000000004	5.334	1.0
495	1.0	1.0	0.0	1.0	2.0	4.0	1.0
496	3.0	3.0	1.0	3.0	5.0	10.0	3.0
497	3.0	2.0	2.0	0.0	5.0	10.0	2.0
498	0.0	1.0	0.0	1.0	0.3330000000000002	2.667	1.0
499	3.0	0.0	3.0	0.0	3.0	6.0	3.0
500	3.0	1.0	3.0	0.0	3.4040000000000004	8.596	3.0
501	2.0	3.0	1.0	2.0	1.665000000000001	13.334999999999999	3.0
502	2.0	2.0	2.0	0.0	4.0	8.0	2.0
503	3.0	0.0	3.0	0.0	3.4	5.6	3.0
504	0.0	0.0	0.0	0.0	0.0	0.0	0.0
505	0.0	0.0	0.0	0.0	0.0	0.0	0.0
506	1.0	2.0	0.0	1.0	3.4	5.6	1.0
507	1.0	0.0	0.0	0.0	1.4	1.6	0.0
508	2.0	0.0	0.0	0.0	0.6660000000000004	5.334	0.0
509	0.0	0.0	0.0	0.0	0.0	0.0	0.0
510	0.0	1.0	0.0	0.0	0.3330000000000002	2.667	0.0
511	1.0	1.0	1.0	0.0	1.4	4.6	1.0
512	4.0	0.0	1.0	0.0	4.0	8.0	1.0
513	2.0	2.0	1.0	0.0	0.6660000000000004	5.334	1.0
514	1.0	0.0	0.0	0.0	1.4	1.6	0.0
515	0.0	0.0	0.0	0.0	0.0	0.0	0.0
516	1.0	1.0	0.0	1.0	0.6660000000000004	5.334	1.0
517	1.0	0.0	1.0	0.0	0.3330000000000002	2.667	1.0
518	0.0	0.0	0.0	0.0	0.0	0.0	0.0
519	3.0	2.0	0.0	1.0	4.0	8.0	1.0
520	1.0	3.0	0.0	0.0	2.0	4.0	0.0
521	2.0	1.0	0.0	1.0	3.0	6.0	1.0
522	2.0	1.0	1.0	0.0	2.4	3.6	1.0
523	0.0	0.0	0.0	0.0	0.0	0.0	0.0
524	2.0	1.0	0.0	1.0	0.9990000000000006	8.001	1.0
525	2.0	1.0	2.0	1.0	0.9990000000000006	8.001	3.0
526	0.0	0.0	0.0	0.0	0.0	0.0	0.0
527	1.0	2.0	1.0	2.0	1.6680000000000001	4.332	2.0
528	2.0	0.0	2.0	0.0	0.6660000000000004	5.334	2.0
529	0.0	0.0	0.0	0.0	0.0	0.0	0.0
530	1.0	2.0	1.0	1.0	0.9990000000000006	8.001	2.0
531	0.0	0.0	0.0	0.0	0.0	0.0	0.0
532	1.0	1.0	0.0	0.0	0.3330000000000002	2.667	0.0
533	1.0	0.0	1.0	0.0	0.3330000000000002	2.667	1.0
534	2.0	0.0	1.0	0.0	2.4	3.6	1.0
535	2.0	0.0	2.0	0.0	0.6660000000000004	5.334	2.0
536	2.0	1.0	1.0	0.0	3.0	6.0	1.0
537	0.0	0.0	0.0	0.0	0.0	0.0	0.0
538	0.0	0.0	0.0	0.0	0.0	0.0	0.0
539	1.0	0.0	1.0	0.0	0.3330000000000002	2.667	1.0
540	1.0	2.0	1.0	1.0	1.6680000000000001	4.332	1.0
541	1.0	0.0	1.0	0.0	0.3330000000000002	2.667	1.0
542	2.0	1.0	2.0	1.0	1.3330000000000002	4.667	2.0
543	3.0	0.0	1.0	0.0	2.4	3.6	1.0
544	1.0	0.0	1.0	0.0	0.3330000000000002	2.667	1.0
545	2.0	3.0	2.0	2.0	3.333	8.667	3.0
546	1.0	0.0	1.0	0.0	1.0	2.0	1.0
547	4.0	2.0	4.0	1.0	4.333	10.667	4.0
548	2.0	3.0	2.0	0.0	1.3320000000000007	10.668	2.0
549	0.0	0.0	0.0	0.0	0.0	0.0	0.0
550	1.0	1.0	0.0	1.0	0.6660000000000004	5.334	1.0
551	3.0	0.0	3.0	0.0	0.9990000000000006	8.001	3.0
552	3.0	0.0	0.0	0.0	3.468	5.532	0.0
553	3.0	1.0	3.0	1.0	2.668	6.332	3.0
554	2.0	0.0	1.0	0.0	2.0	4.0	1.0
555	2.0	0.0	1.0	0.0	2.0	4.0	1.0
556	0.0	1.0	0.0	1.0	1.0	2.0	1.0
557	0.0	0.0	0.0	0.0	0.0	0.0	0.0
558	3.0	3.0	2.0	1.0	5.0	10.0	3.0
559	2.0	1.0	1.0	1.0	3.0	6.0	2.0
560	2.0	0.0	2.0	0.0	2.0	4.0	2.0
561	2.0	1.0	1.0	0.0	2.0	4.0	1.0
562	0.0	0.0	0.0	0.0	0.0	0.0	0.0
563	2.0	0.0	2.0	0.0	0.6660000000000004	5.334	2.0
564	1.0	0.0	1.0	0.0	1.0	2.0	1.0
565	1.0	0.0	1.0	0.0	0.3330000000000002	2.667	1.0
566	3.0	0.0	2.0	0.0	3.0	6.0	2.0
567	0.0	0.0	0.0	0.0	0.0	0.0	0.0
568	1.0	0.0	0.0	0.0	1.0	2.0	0.0
569	1.0	0.0	1.0	0.0	1.4	1.6	1.0
570	1.0	1.0	0.0	0.0	1.733	4.2669999999999995	0.0
571	2.0	1.0	2.0	1.0	0.9990000000000006	8.001	3.0
572	2.0	1.0	1.0	0.0	2.0	4.0	1.0
573	1.0	0.0	0.0	0.0	1.0	2.0	0.0
574	1.0	1.0	1.0	0.0	0.6660000000000004	5.334	1.0
575	1.0	2.0	1.0	2.0	2.333	6.667	3.0
576	3.0	0.0	2.0	0.0	3.468	5.532	2.0
577	1.0	2.0	1.0	0.0	2.733	6.2669999999999995	1.0
578	1.0	3.0	1.0	2.0	2.333	6.667	2.0
579	2.0	0.0	2.0	0.0	2.0	4.0	2.0
580	2.0	2.0	1.0	1.0	2.0	4.0	1.0
581	0.0	3.0	0.0	2.0	0.9990000000000006	8.001	2.0
582	2.0	0.0	1.0	0.0	0.6660000000000004	5.334	1.0
583	1.0	2.0	1.0	1.0	1.3330000000000002	4.667	1.0
584	0.0	0.0	0.0	0.0	0.0	0.0	0.0
585	1.0	2.0	0.0	2.0	2.3360000000000003	6.664	2.0
586	2.0	0.0	1.0	0.0	0.6660000000000004	5.334	1.0
587	2.0	0.0	1.0	0.0	0.6660000000000004	5.334	1.0
588	0.0	0.0	0.0	0.0	0.0	0.0	0.0
589	3.0	0.0	2.0	0.0	3.0	6.0	2.0
590	1.0	1.0	1.0	0.0	1.733	4.2669999999999995	1.0
591	2.0	0.0	1.0	0.0	2.0	4.0	1.0
592	2.0	4.0	1.0	3.0	4.333	10.667	3.0
593	2.0	0.0	0.0	0.0	0.6660000000000004	5.334	0.0
594	3.0	1.0	2.0	0.0	4.0	8.0	2.0
595	3.0	5.0	2.0	4.0	4.333	10.667	3.0
596	1.0	3.0	1.0	0.0	2.6660000000000004	9.334	1.0
597	2.0	0.0	2.0	0.0	0.6660000000000004	5.334	2.0
598	2.0	0.0	1.0	0.0	2.4	3.6	1.0
599	1.0	2.0	0.0	1.0	0.9990000000000006	8.001	1.0
600	2.0	1.0	1.0	0.0	2.0040000000000004	6.9959999999999996	1.0
601	3.0	0.0	1.0	0.0	2.068	3.932	1.0
602	2.0	2.0	2.0	2.0	1.0010000000000003	4.999	2.0
603	1.0	1.0	1.0	1.0	1.0	2.0	1.0
604	4.0	2.0	3.0	0.0	4.333	10.667	3.0
605	1.0	0.0	1.0	0.0	1.4	1.6	1.0
606	0.0	1.0	0.0	1.0	0.3330000000000002	2.667	1.0
607	3.0	1.0	2.0	1.0	1.6660000000000004	7.334	2.0
608	3.0	0.0	3.0	0.0	3.068	5.932	3.0
609	2.0	1.0	2.0	0.0	3.0	6.0	2.0
610	3.0	0.0	2.0	0.0	2.3360000000000003	6.664	2.0
611	0.0	2.0	0.0	1.0	1.3330000000000002	4.667	1.0
612	0.0	0.0	0.0	0.0	0.0	0.0	0.0
