all_syn	all_nonSyn	tip_syn	tip_nonSyn	S	N	comparisons
001	0.0	0.0	0.0	0.0	0.0	0.0	0.0
002	2.0	1.0	1.0	1.0	2.0	4.0	1.0
003	0.0	3.0	0.0	2.0	2.0010000000000003	6.999	2.0
004	0.0	3.0	0.0	1.0	0.6660000000000004	5.334	1.0
005	1.0	2.0	1.0	0.0	1.3330000000000002	4.667	1.0
006	0.0	1.0	0.0	1.0	0.3330000000000002	2.667	1.0
007	1.0	3.0	1.0	1.0	2.0010000000000003	6.999	2.0
008	1.0	2.0	1.0	2.0	1.3330000000000002	4.667	2.0
009	1.0	2.0	1.0	1.0	2.333	6.667	2.0
010	0.0	0.0	0.0	0.0	0.0	0.0	0.0
011	0.0	0.0	0.0	0.0	0.0	0.0	0.0
012	0.0	0.0	0.0	0.0	0.0	0.0	0.0
013	1.0	2.0	1.0	0.0	1.0010000000000003	4.999	1.0
014	1.0	3.0	1.0	3.0	1.6660000000000004	7.334	3.0
015	0.0	0.0	0.0	0.0	0.0	0.0	0.0
016	1.0	2.0	1.0	2.0	1.0	2.0	1.0
017	0.0	2.0	0.0	2.0	1.3330000000000002	4.667	2.0
018	0.0	1.0	0.0	1.0	1.0	2.0	1.0
019	0.0	2.0	0.0	2.0	0.6660000000000004	5.334	2.0
020	1.0	2.0	1.0	2.0	0.9990000000000006	8.001	3.0
021	1.0	2.0	1.0	2.0	1.6680000000000001	4.332	2.0
022	0.0	2.0	0.0	2.0	0.6660000000000004	5.334	2.0
023	1.0	2.0	1.0	2.0	1.3330000000000002	4.667	2.0
024	2.0	4.0	1.0	4.0	2.6660000000000004	9.334	3.0
025	2.0	2.0	2.0	2.0	1.3330000000000002	4.667	2.0
026	1.0	1.0	1.0	1.0	1.0	2.0	1.0
027	1.0	3.0	1.0	2.0	1.9990000000000006	10.001	3.0
028	0.0	2.0	0.0	2.0	0.6660000000000004	5.334	2.0
029	1.0	1.0	1.0	1.0	1.3330000000000002	4.667	2.0
030	1.0	2.0	1.0	2.0	2.0	4.0	2.0
031	2.0	0.0	2.0	0.0	2.0	4.0	2.0
032	1.0	2.0	1.0	1.0	2.0	4.0	1.0
033	2.0	2.0	1.0	0.0	0.6660000000000004	5.334	1.0
034	2.0	2.0	2.0	2.0	1.3330000000000002	4.667	2.0
035	2.0	2.0	2.0	2.0	2.333	6.667	3.0
036	1.0	2.0	1.0	2.0	1.3330000000000002	4.667	2.0
037	1.0	3.0	1.0	3.0	1.3330000000000002	4.667	2.0
038	1.0	1.0	1.0	1.0	1.0	2.0	1.0
039	0.0	0.0	0.0	0.0	0.0	0.0	0.0
040	0.0	2.0	0.0	2.0	1.0	2.0	1.0
041	0.0	0.0	0.0	0.0	0.0	0.0	0.0
042	0.0	0.0	0.0	0.0	0.0	0.0	0.0
043	0.0	1.0	0.0	1.0	0.3330000000000002	2.667	1.0
044	1.0	4.0	1.0	4.0	1.6660000000000004	7.334	3.0
045	1.0	3.0	1.0	2.0	2.333	6.667	2.0
046	3.0	1.0	3.0	1.0	2.0	4.0	2.0
047	1.0	4.0	1.0	2.0	1.3340000000000005	7.6659999999999995	2.0
048	1.0	2.0	1.0	2.0	1.6680000000000001	4.332	2.0
049	1.0	3.0	1.0	3.0	2.333	6.667	3.0
050	0.0	0.0	0.0	0.0	0.0	0.0	0.0
051	0.0	1.0	0.0	0.0	0.3330000000000002	2.667	0.0
052	2.0	0.0	2.0	0.0	0.6680000000000001	2.332	1.0
053	1.0	2.0	1.0	2.0	1.3330000000000002	4.667	2.0
054	1.0	1.0	1.0	1.0	2.4	3.6	2.0
055	1.0	2.0	1.0	2.0	1.0	2.0	1.0
056	1.0	0.0	1.0	0.0	1.0	2.0	1.0
057	1.0	0.0	1.0	0.0	1.0	2.0	1.0
058	0.0	0.0	0.0	0.0	0.0	0.0	0.0
059	2.0	0.0	1.0	0.0	2.0	4.0	1.0
060	1.0	0.0	1.0	0.0	0.3330000000000002	2.667	1.0
061	0.0	2.0	0.0	2.0	0.3330000000000002	2.667	1.0
062	2.0	0.0	1.0	0.0	1.3360000000000003	4.664	1.0
063	1.0	0.0	1.0	0.0	1.0	2.0	1.0
064	1.0	1.0	1.0	1.0	2.068	3.932	2.0
065	1.0	0.0	1.0	0.0	1.0	2.0	1.0
066	1.0	0.0	1.0	0.0	1.0	2.0	1.0
067	1.0	2.0	1.0	2.0	1.3330000000000002	4.667	2.0
068	1.0	0.0	1.0	0.0	0.6680000000000001	2.332	1.0
069	1.0	0.0	0.0	0.0	1.0	2.0	0.0
070	1.0	0.0	1.0	0.0	1.0	2.0	1.0
071	1.0	0.0	1.0	0.0	1.0	2.0	1.0
072	1.0	0.0	1.0	0.0	1.0	2.0	1.0
073	1.0	0.0	1.0	0.0	0.3330000000000002	2.667	1.0
074	1.0	0.0	1.0	0.0	1.0	2.0	1.0
075	2.0	1.0	2.0	1.0	1.3330000000000002	4.667	2.0
076	2.0	0.0	1.0	0.0	2.0	4.0	1.0
077	1.0	0.0	1.0	0.0	1.0	2.0	1.0
078	2.0	2.0	2.0	2.0	1.3330000000000002	4.667	2.0
079	1.0	2.0	1.0	2.0	2.0	4.0	2.0
080	3.0	0.0	3.0	0.0	1.6680000000000001	4.332	2.0
081	2.0	2.0	1.0	2.0	2.333	6.667	2.0
082	1.0	4.0	0.0	3.0	3.0	9.0	3.0
083	1.0	0.0	1.0	0.0	1.0	2.0	1.0
084	1.0	0.0	1.0	0.0	1.0	2.0	1.0
085	1.0	0.0	1.0	0.0	1.0	2.0	1.0
086	1.0	2.0	1.0	2.0	1.0	2.0	1.0
087	0.0	0.0	0.0	0.0	0.0	0.0	0.0
088	2.0	0.0	2.0	0.0	2.4	3.6	2.0
089	0.0	2.0	0.0	2.0	1.6680000000000001	4.332	2.0
090	2.0	2.0	2.0	2.0	2.0	4.0	2.0
091	1.0	2.0	1.0	2.0	0.3330000000000002	2.667	1.0
092	1.0	0.0	1.0	0.0	0.3330000000000002	2.667	1.0
093	2.0	2.0	2.0	2.0	2.0	4.0	2.0
094	1.0	3.0	1.0	3.0	2.0	4.0	2.0
095	1.0	2.0	1.0	2.0	1.6680000000000001	7.332	3.0
096	2.0	1.0	2.0	0.0	3.0	6.0	2.0
097	1.0	2.0	1.0	2.0	1.6680000000000001	4.332	2.0
098	1.0	0.0	1.0	0.0	1.0	2.0	1.0
099	2.0	2.0	2.0	2.0	3.068	5.932	3.0
100	1.0	0.0	1.0	0.0	0.3330000000000002	2.667	1.0
101	2.0	2.0	2.0	2.0	1.0	5.0	2.0
102	1.0	0.0	1.0	0.0	1.0	2.0	1.0
103	2.0	2.0	1.0	1.0	3.0	6.0	2.0
104	1.0	0.0	1.0	0.0	1.0	2.0	1.0
105	2.0	0.0	1.0	0.0	2.0	4.0	1.0
106	1.0	2.0	1.0	2.0	1.0	2.0	1.0
107	1.0	2.0	1.0	1.0	1.0	5.0	1.0
108	1.0	0.0	1.0	0.0	0.3330000000000002	2.667	1.0
109	0.0	2.0	0.0	1.0	1.6680000000000001	4.332	1.0
110	1.0	2.0	1.0	2.0	2.0	4.0	2.0
111	1.0	1.0	0.0	1.0	1.3330000000000002	4.667	1.0
112	1.0	0.0	0.0	0.0	0.3330000000000002	2.667	0.0
113	2.0	0.0	2.0	0.0	2.8	3.2	2.0
114	0.0	0.0	0.0	0.0	0.0	0.0	0.0
115	1.0	1.0	1.0	1.0	2.0	4.0	2.0
116	2.0	1.0	1.0	1.0	2.0	4.0	1.0
117	1.0	0.0	0.0	0.0	1.0	2.0	0.0
118	0.0	2.0	0.0	2.0	1.3330000000000002	4.667	2.0
119	2.0	1.0	2.0	1.0	3.0	6.0	3.0
120	0.0	1.0	0.0	1.0	1.0	2.0	1.0
121	1.0	3.0	0.0	2.0	1.3330000000000002	4.667	1.0
122	0.0	0.0	0.0	0.0	0.0	0.0	0.0
123	1.0	0.0	1.0	0.0	0.3330000000000002	2.667	1.0
124	1.0	1.0	1.0	1.0	0.3330000000000002	2.667	1.0
125	1.0	1.0	1.0	1.0	0.3330000000000002	2.667	1.0
126	3.0	0.0	3.0	0.0	1.6680000000000001	4.332	2.0
127	1.0	1.0	0.0	1.0	0.6660000000000004	5.334	1.0
128	1.0	1.0	0.0	1.0	2.0	4.0	1.0
129	2.0	0.0	1.0	0.0	2.0	4.0	1.0
130	2.0	1.0	1.0	1.0	2.0010000000000003	6.999	2.0
131	1.0	2.0	1.0	2.0	1.0	2.0	1.0
132	2.0	0.0	2.0	0.0	1.6680000000000001	4.332	2.0
133	2.0	0.0	2.0	0.0	2.0	4.0	2.0
134	1.0	0.0	1.0	0.0	0.3330000000000002	2.667	1.0
135	2.0	2.0	2.0	2.0	2.0	7.0	3.0
136	1.0	1.0	1.0	1.0	1.0	5.0	2.0
137	1.0	0.0	1.0	0.0	1.0	2.0	1.0
138	0.0	0.0	0.0	0.0	0.0	0.0	0.0
139	1.0	3.0	1.0	3.0	2.668	6.332	3.0
140	1.0	0.0	0.0	0.0	0.3330000000000002	2.667	0.0
141	0.0	2.0	0.0	1.0	0.3330000000000002	5.667	1.0
142	0.0	0.0	0.0	0.0	0.0	0.0	0.0
143	1.0	2.0	1.0	1.0	2.668	6.332	2.0
144	0.0	0.0	0.0	0.0	0.0	0.0	0.0
145	1.0	1.0	1.0	1.0	2.0	4.0	2.0
146	0.0	0.0	0.0	0.0	0.0	0.0	0.0
147	0.0	2.0	0.0	1.0	1.0010000000000003	4.999	1.0
148	1.0	1.0	1.0	1.0	2.0	4.0	2.0
149	2.0	1.0	2.0	1.0	3.0	6.0	3.0
150	1.0	3.0	0.0	2.0	1.6660000000000004	7.334	2.0
151	0.0	0.0	0.0	0.0	0.0	0.0	0.0
152	1.0	1.0	1.0	1.0	1.0	2.0	1.0
153	1.0	1.0	0.0	0.0	1.0	2.0	0.0
154	1.0	1.0	1.0	1.0	1.0	2.0	1.0
155	1.0	3.0	1.0	3.0	2.0	4.0	2.0
156	1.0	1.0	0.0	1.0	2.0	4.0	1.0
157	1.0	1.0	1.0	1.0	0.6680000000000001	2.332	1.0
158	0.0	1.0	0.0	1.0	1.0	2.0	1.0
159	1.0	0.0	1.0	0.0	0.6680000000000001	2.332	1.0
160	1.0	2.0	1.0	2.0	0.6660000000000004	5.334	2.0
161	0.0	0.0	0.0	0.0	0.0	0.0	0.0
162	0.0	0.0	0.0	0.0	0.0	0.0	0.0
163	1.0	2.0	1.0	2.0	1.0	2.0	1.0
164	2.0	2.0	1.0	2.0	1.3330000000000002	4.667	1.0
165	1.0	2.0	1.0	2.0	1.0	2.0	1.0
166	2.0	0.0	1.0	0.0	2.0	4.0	1.0
167	1.0	3.0	1.0	3.0	1.6660000000000004	7.334	3.0
168	1.0	1.0	1.0	1.0	1.3330000000000002	4.667	2.0
169	2.0	0.0	2.0	0.0	2.0	4.0	2.0
170	2.0	0.0	1.0	0.0	2.0	4.0	1.0
171	0.0	0.0	0.0	0.0	0.0	0.0	0.0
172	1.0	1.0	1.0	1.0	1.6680000000000001	4.332	2.0
173	1.0	2.0	1.0	2.0	2.0	4.0	2.0
174	1.0	1.0	1.0	1.0	1.6680000000000001	4.332	2.0
175	1.0	2.0	0.0	2.0	1.6680000000000001	7.332	2.0
176	1.0	4.0	1.0	4.0	2.668	6.332	3.0
177	1.0	3.0	1.0	3.0	2.4	3.6	2.0
178	2.0	1.0	2.0	1.0	3.4	5.6	3.0
179	2.0	1.0	2.0	1.0	1.6680000000000001	4.332	2.0
180	1.0	1.0	1.0	0.0	2.0	4.0	1.0
181	1.0	2.0	1.0	1.0	3.0	6.0	2.0
182	1.0	2.0	1.0	2.0	1.733	4.2669999999999995	2.0
183	0.0	0.0	0.0	0.0	0.0	0.0	0.0
184	2.0	2.0	2.0	1.0	2.0660000000000003	6.933999999999999	2.0
185	1.0	2.0	1.0	2.0	1.0	2.0	1.0
186	1.0	0.0	0.0	0.0	1.0	2.0	0.0
187	2.0	0.0	1.0	0.0	2.0	4.0	1.0
188	2.0	4.0	2.0	3.0	2.6660000000000004	9.334	3.0
189	1.0	1.0	1.0	1.0	1.3330000000000002	4.667	2.0
190	0.0	0.0	0.0	0.0	0.0	0.0	0.0
191	2.0	1.0	1.0	1.0	3.0	6.0	2.0
192	1.0	0.0	1.0	0.0	0.3330000000000002	2.667	1.0
193	0.0	0.0	0.0	0.0	0.0	0.0	0.0
194	1.0	0.0	1.0	0.0	0.3330000000000002	2.667	1.0
195	1.0	0.0	0.0	0.0	0.3330000000000002	2.667	0.0
196	0.0	0.0	0.0	0.0	0.0	0.0	0.0
197	1.0	0.0	1.0	0.0	0.3330000000000002	2.667	1.0
198	1.0	0.0	1.0	0.0	1.0	2.0	1.0
199	1.0	2.0	1.0	1.0	1.3330000000000002	4.667	1.0
200	2.0	2.0	2.0	0.0	3.068	5.932	2.0
201	0.0	0.0	0.0	0.0	0.0	0.0	0.0
202	0.0	1.0	0.0	1.0	0.6680000000000001	2.332	1.0
203	0.0	0.0	0.0	0.0	0.0	0.0	0.0
204	2.0	4.0	2.0	3.0	3.0	6.0	2.0
205	1.0	1.0	1.0	1.0	1.0010000000000003	4.999	2.0
206	2.0	2.0	2.0	2.0	2.4	3.6	2.0
207	1.0	0.0	0.0	0.0	1.0	2.0	0.0
208	2.0	0.0	2.0	0.0	2.0	4.0	2.0
209	2.0	0.0	2.0	0.0	1.6680000000000001	4.332	2.0
210	1.0	1.0	1.0	1.0	1.6680000000000001	4.332	2.0
211	3.0	1.0	2.0	0.0	3.068	5.932	2.0
212	2.0	1.0	2.0	0.0	3.0	6.0	2.0
213	1.0	1.0	1.0	1.0	0.3330000000000002	2.667	1.0
214	2.0	1.0	2.0	1.0	2.668	6.332	3.0
215	2.0	0.0	2.0	0.0	2.8	3.2	2.0
216	1.0	1.0	1.0	1.0	0.6680000000000001	2.332	1.0
217	0.0	3.0	0.0	3.0	1.0	5.0	2.0
218	2.0	0.0	2.0	0.0	2.0	4.0	2.0
219	2.0	0.0	2.0	0.0	2.0	4.0	2.0
220	1.0	0.0	1.0	0.0	1.0	2.0	1.0
221	1.0	0.0	1.0	0.0	1.0	2.0	1.0
222	1.0	2.0	1.0	1.0	1.3330000000000002	4.667	1.0
223	1.0	3.0	1.0	3.0	1.6660000000000004	7.334	3.0
224	0.0	2.0	0.0	2.0	0.3330000000000002	2.667	1.0
225	2.0	1.0	1.0	0.0	2.0	4.0	1.0
226	1.0	0.0	0.0	0.0	1.4	1.6	0.0
227	1.0	2.0	1.0	1.0	2.333	6.667	2.0
228	1.0	0.0	1.0	0.0	0.3330000000000002	2.667	1.0
229	0.0	4.0	0.0	4.0	1.6660000000000004	7.334	3.0
230	0.0	1.0	0.0	1.0	0.3330000000000002	2.667	1.0
231	0.0	0.0	0.0	0.0	0.0	0.0	0.0
232	2.0	3.0	2.0	3.0	2.333	6.667	3.0
233	0.0	3.0	0.0	2.0	0.9990000000000006	8.001	2.0
234	1.0	0.0	1.0	0.0	1.0	2.0	1.0
235	2.0	0.0	2.0	0.0	2.0	4.0	2.0
236	2.0	1.0	2.0	1.0	2.0	4.0	2.0
237	2.0	1.0	2.0	1.0	1.6680000000000001	4.332	2.0
238	1.0	1.0	1.0	1.0	0.6660000000000004	5.334	2.0
239	1.0	2.0	1.0	2.0	1.3330000000000002	4.667	2.0
240	0.0	3.0	0.0	3.0	0.0	3.0	1.0
241	1.0	1.0	1.0	1.0	1.6680000000000001	4.332	2.0
242	1.0	1.0	1.0	1.0	1.6680000000000001	4.332	2.0
243	1.0	3.0	1.0	3.0	1.3330000000000002	4.667	2.0
244	2.0	0.0	2.0	0.0	2.0	4.0	2.0
245	0.0	3.0	0.0	3.0	2.333	6.667	3.0
246	1.0	2.0	1.0	2.0	2.0	4.0	2.0
247	1.0	0.0	1.0	0.0	1.0	2.0	1.0
248	2.0	1.0	2.0	1.0	1.0010000000000003	4.999	2.0
249	1.0	1.0	1.0	0.0	0.6660000000000004	5.334	1.0
250	2.0	4.0	1.0	3.0	3.333	8.667	3.0
251	1.0	0.0	1.0	0.0	1.0	2.0	1.0
252	1.0	2.0	1.0	2.0	1.0	2.0	1.0
253	0.0	3.0	0.0	3.0	2.3360000000000003	6.664	3.0
254	1.0	3.0	1.0	3.0	1.6660000000000004	7.334	3.0
255	0.0	4.0	0.0	2.0	2.668	6.332	2.0
256	1.0	4.0	0.0	2.0	0.3330000000000002	5.667	1.0
257	1.0	3.0	1.0	2.0	3.0	6.0	2.0
258	1.0	2.0	1.0	2.0	0.3330000000000002	2.667	1.0
259	0.0	2.0	0.0	2.0	0.3330000000000002	2.667	1.0
260	1.0	1.0	1.0	1.0	2.0	4.0	2.0
261	1.0	2.0	1.0	2.0	1.733	4.2669999999999995	2.0
262	1.0	2.0	1.0	2.0	3.0	6.0	3.0
263	0.0	0.0	0.0	0.0	0.0	0.0	0.0
264	0.0	4.0	0.0	4.0	1.3330000000000002	4.667	2.0
265	0.0	0.0	0.0	0.0	0.0	0.0	0.0
266	1.0	3.0	1.0	3.0	1.3330000000000002	4.667	2.0
267	1.0	0.0	1.0	0.0	1.0	2.0	1.0
268	1.0	0.0	1.0	0.0	0.3330000000000002	2.667	1.0
269	1.0	2.0	1.0	1.0	1.0	5.0	1.0
270	1.0	1.0	1.0	1.0	0.6680000000000001	5.332	2.0
271	1.0	1.0	1.0	1.0	0.6680000000000001	2.332	1.0
272	1.0	1.0	0.0	1.0	1.6680000000000001	4.332	1.0
273	2.0	0.0	2.0	0.0	2.0	4.0	2.0
274	0.0	1.0	0.0	1.0	1.0	2.0	1.0
275	1.0	0.0	1.0	0.0	1.0	2.0	1.0
276	1.0	0.0	1.0	0.0	0.3330000000000002	2.667	1.0
277	1.0	1.0	1.0	1.0	1.0	2.0	1.0
278	1.0	1.0	1.0	0.0	0.6660000000000004	5.334	1.0
279	2.0	3.0	1.0	3.0	2.6660000000000004	9.334	3.0
280	1.0	0.0	1.0	0.0	1.0	2.0	1.0
281	3.0	0.0	2.0	0.0	2.668	6.332	2.0
282	0.0	4.0	0.0	3.0	1.6660000000000004	7.334	2.0
283	1.0	0.0	1.0	0.0	0.3330000000000002	2.667	1.0
284	1.0	1.0	1.0	0.0	2.4	3.6	1.0
285	1.0	0.0	0.0	0.0	1.0	2.0	0.0
286	0.0	2.0	0.0	2.0	0.6680000000000001	2.332	1.0
287	2.0	2.0	1.0	2.0	2.668	6.332	2.0
288	0.0	2.0	0.0	2.0	1.3330000000000002	4.667	2.0
289	2.0	2.0	2.0	2.0	1.6680000000000001	4.332	2.0
290	0.0	3.0	0.0	3.0	2.0010000000000003	6.999	3.0
291	0.0	1.0	0.0	0.0	0.3330000000000002	2.667	0.0
292	0.0	0.0	0.0	0.0	0.0	0.0	0.0
293	0.0	2.0	0.0	2.0	0.0	3.0	1.0
294	2.0	0.0	1.0	0.0	2.0	4.0	1.0
295	1.0	0.0	1.0	0.0	1.0	2.0	1.0
296	1.0	1.0	1.0	1.0	1.0	2.0	1.0
297	1.0	3.0	1.0	3.0	2.668	6.332	3.0
298	1.0	0.0	1.0	0.0	0.3330000000000002	2.667	1.0
299	0.0	0.0	0.0	0.0	0.0	0.0	0.0
300	1.0	1.0	1.0	1.0	1.6680000000000001	4.332	2.0
301	1.0	3.0	1.0	2.0	3.4	5.6	2.0
302	1.0	0.0	1.0	0.0	1.0	2.0	1.0
303	1.0	2.0	1.0	2.0	3.0	6.0	3.0
304	1.0	2.0	1.0	1.0	3.068	5.932	2.0
305	2.0	0.0	2.0	0.0	2.0	4.0	2.0
306	1.0	0.0	1.0	0.0	0.6680000000000001	2.332	1.0
307	1.0	2.0	0.0	2.0	2.0	4.0	1.0
308	1.0	2.0	1.0	1.0	3.0	6.0	2.0
309	1.0	1.0	1.0	0.0	1.3360000000000003	4.664	1.0
310	0.0	2.0	0.0	0.0	0.3330000000000002	2.667	0.0
311	1.0	2.0	1.0	2.0	1.3330000000000002	4.667	2.0
312	1.0	2.0	1.0	2.0	0.3330000000000002	2.667	1.0
313	1.0	2.0	1.0	1.0	0.9990000000000006	8.001	2.0
314	0.0	3.0	0.0	1.0	2.0	4.0	1.0
315	1.0	3.0	1.0	3.0	1.3330000000000002	4.667	2.0
316	1.0	4.0	1.0	2.0	3.333	8.667	3.0
317	2.0	0.0	1.0	0.0	2.4	3.6	1.0
318	1.0	2.0	0.0	2.0	1.6680000000000001	4.332	1.0
319	1.0	2.0	1.0	2.0	0.3330000000000002	2.667	1.0
320	2.0	1.0	2.0	0.0	3.0	6.0	2.0
321	2.0	1.0	1.0	1.0	3.0	6.0	2.0
322	1.0	2.0	1.0	2.0	2.0	4.0	2.0
323	1.0	2.0	1.0	2.0	1.3330000000000002	4.667	2.0
324	1.0	0.0	1.0	0.0	1.0	2.0	1.0
325	2.0	1.0	2.0	1.0	1.3330000000000002	4.667	2.0
326	1.0	1.0	1.0	1.0	2.0	4.0	2.0
327	2.0	0.0	2.0	0.0	2.0	4.0	2.0
328	0.0	0.0	0.0	0.0	0.0	0.0	0.0
329	0.0	0.0	0.0	0.0	0.0	0.0	0.0
330	1.0	1.0	1.0	0.0	2.0	4.0	1.0
331	1.0	1.0	1.0	1.0	1.0	2.0	1.0
332	1.0	1.0	1.0	1.0	2.0	4.0	2.0
333	0.0	2.0	0.0	0.0	0.6680000000000001	2.332	0.0
334	2.0	1.0	2.0	1.0	1.3330000000000002	4.667	2.0
335	1.0	1.0	1.0	0.0	0.6660000000000004	5.334	1.0
336	2.0	0.0	2.0	0.0	2.0	4.0	2.0
337	1.0	1.0	1.0	1.0	1.3330000000000002	4.667	2.0
338	1.0	0.0	1.0	0.0	0.6680000000000001	2.332	1.0
339	0.0	2.0	0.0	2.0	1.0010000000000003	4.999	2.0
340	1.0	0.0	1.0	0.0	1.0	2.0	1.0
341	2.0	0.0	2.0	0.0	2.0	4.0	2.0
342	1.0	2.0	0.0	2.0	1.3330000000000002	4.667	1.0
343	0.0	2.0	0.0	2.0	0.3330000000000002	2.667	1.0
344	1.0	0.0	0.0	0.0	1.0	2.0	0.0
345	1.0	1.0	1.0	1.0	1.0	2.0	1.0
346	1.0	0.0	1.0	0.0	0.3330000000000002	2.667	1.0
347	1.0	0.0	1.0	0.0	1.0	2.0	1.0
348	1.0	3.0	1.0	2.0	2.0	7.0	2.0
349	0.0	0.0	0.0	0.0	0.0	0.0	0.0
350	2.0	1.0	1.0	1.0	2.4	3.6	1.0
351	2.0	2.0	2.0	1.0	3.0	6.0	2.0
352	1.0	3.0	1.0	3.0	2.333	6.667	3.0
353	2.0	0.0	2.0	0.0	2.0	4.0	2.0
354	0.0	0.0	0.0	0.0	0.0	0.0	0.0
355	2.0	0.0	2.0	0.0	2.0	4.0	2.0
356	2.0	0.0	1.0	0.0	2.0	4.0	1.0
357	2.0	0.0	2.0	0.0	2.0	4.0	2.0
358	0.0	0.0	0.0	0.0	0.0	0.0	0.0
359	2.0	0.0	1.0	0.0	2.0	4.0	1.0
360	1.0	1.0	1.0	1.0	0.6660000000000004	5.334	2.0
361	1.0	0.0	1.0	0.0	1.4	1.6	1.0
362	0.0	0.0	0.0	0.0	0.0	0.0	0.0
363	1.0	1.0	1.0	1.0	1.0	5.0	2.0
364	2.0	0.0	2.0	0.0	2.0	4.0	2.0
365	1.0	0.0	1.0	0.0	0.3330000000000002	2.667	1.0
366	2.0	0.0	2.0	0.0	1.6680000000000001	4.332	2.0
367	1.0	1.0	1.0	0.0	2.0	4.0	1.0
368	3.0	0.0	3.0	0.0	2.668	6.332	3.0
369	0.0	0.0	0.0	0.0	0.0	0.0	0.0
370	2.0	0.0	1.0	0.0	2.0	4.0	1.0
371	2.0	1.0	2.0	1.0	2.4	6.6	3.0
372	2.0	0.0	2.0	0.0	2.0	4.0	2.0
373	1.0	5.0	1.0	4.0	1.9990000000000006	10.001	3.0
374	1.0	1.0	0.0	1.0	1.3330000000000002	4.667	1.0
375	1.0	0.0	1.0	0.0	1.0	2.0	1.0
376	0.0	1.0	0.0	1.0	0.3330000000000002	2.667	1.0
377	1.0	0.0	0.0	0.0	1.0	2.0	0.0
378	0.0	0.0	0.0	0.0	0.0	0.0	0.0
379	1.0	2.0	1.0	2.0	0.3330000000000002	2.667	1.0
380	0.0	0.0	0.0	0.0	0.0	0.0	0.0
381	0.0	0.0	0.0	0.0	0.0	0.0	0.0
382	2.0	2.0	2.0	2.0	2.668	6.332	3.0
383	2.0	0.0	1.0	0.0	2.0	4.0	1.0
384	1.0	0.0	1.0	0.0	0.3330000000000002	2.667	1.0
385	2.0	1.0	2.0	1.0	2.333	6.667	3.0
386	0.0	2.0	0.0	2.0	0.3330000000000002	2.667	1.0
387	0.0	3.0	0.0	3.0	1.6660000000000004	7.334	3.0
388	1.0	0.0	1.0	0.0	1.0	2.0	1.0
389	1.0	2.0	1.0	2.0	2.668	6.332	3.0
390	2.0	0.0	2.0	0.0	2.0	4.0	2.0
391	1.0	2.0	0.0	2.0	1.0010000000000003	4.999	1.0
392	1.0	0.0	1.0	0.0	0.3330000000000002	2.667	1.0
393	1.0	0.0	0.0	0.0	1.0	2.0	0.0
394	0.0	2.0	0.0	0.0	1.0	2.0	0.0
395	1.0	2.0	1.0	2.0	1.0	2.0	1.0
396	1.0	2.0	1.0	2.0	1.3330000000000002	4.667	2.0
397	1.0	2.0	1.0	2.0	1.0	2.0	1.0
398	2.0	2.0	2.0	2.0	2.333	6.667	3.0
399	1.0	2.0	1.0	2.0	1.733	4.2669999999999995	2.0
400	1.0	0.0	1.0	0.0	0.3330000000000002	2.667	1.0
401	1.0	2.0	1.0	1.0	2.0	4.0	1.0
402	3.0	0.0	3.0	0.0	2.668	6.332	3.0
403	2.0	0.0	1.0	0.0	2.068	3.932	1.0
404	0.0	0.0	0.0	0.0	0.0	0.0	0.0
405	0.0	1.0	0.0	1.0	0.3330000000000002	2.667	1.0
406	1.0	1.0	1.0	1.0	1.0	5.0	2.0
407	1.0	1.0	1.0	1.0	0.6660000000000004	5.334	2.0
408	1.0	1.0	1.0	1.0	1.6680000000000001	4.332	2.0
409	1.0	2.0	1.0	2.0	1.3330000000000002	4.667	2.0
410	1.0	2.0	1.0	1.0	2.668	6.332	2.0
411	0.0	0.0	0.0	0.0	0.0	0.0	0.0
412	0.0	0.0	0.0	0.0	0.0	0.0	0.0
413	1.0	2.0	1.0	2.0	0.3330000000000002	2.667	1.0
414	2.0	0.0	2.0	0.0	2.0	4.0	2.0
415	0.0	1.0	0.0	1.0	1.0	2.0	1.0
416	1.0	2.0	1.0	1.0	2.333	6.667	2.0
417	1.0	0.0	1.0	0.0	1.0	2.0	1.0
418	0.0	0.0	0.0	0.0	0.0	0.0	0.0
419	0.0	0.0	0.0	0.0	0.0	0.0	0.0
420	0.0	0.0	0.0	0.0	0.0	0.0	0.0
421	1.0	1.0	1.0	1.0	1.3330000000000002	4.667	2.0
422	1.0	2.0	1.0	2.0	2.4	3.6	2.0
423	0.0	1.0	0.0	1.0	0.3330000000000002	2.667	1.0
424	2.0	0.0	2.0	0.0	2.0	4.0	2.0
425	2.0	2.0	2.0	2.0	2.668	6.332	3.0
426	0.0	1.0	0.0	1.0	0.3330000000000002	2.667	1.0
427	1.0	0.0	1.0	0.0	1.0	2.0	1.0
428	1.0	1.0	0.0	1.0	2.0	4.0	1.0
429	2.0	1.0	2.0	1.0	2.0	4.0	2.0
430	1.0	1.0	1.0	1.0	0.6660000000000004	5.334	2.0
431	1.0	3.0	1.0	3.0	2.0010000000000003	6.999	3.0
432	1.0	2.0	1.0	1.0	2.333	6.667	2.0
433	0.0	0.0	0.0	0.0	0.0	0.0	0.0
434	1.0	1.0	1.0	1.0	1.0	2.0	1.0
435	0.0	1.0	0.0	1.0	0.3330000000000002	2.667	1.0
436	0.0	0.0	0.0	0.0	0.0	0.0	0.0
437	2.0	1.0	1.0	1.0	2.333	6.667	2.0
438	0.0	2.0	0.0	1.0	1.6680000000000001	4.332	1.0
439	2.0	0.0	2.0	0.0	1.3360000000000003	4.664	2.0
440	1.0	1.0	1.0	1.0	0.3330000000000002	2.667	1.0
441	1.0	1.0	1.0	0.0	2.4	3.6	1.0
442	1.0	0.0	1.0	0.0	1.0	2.0	1.0
443	0.0	0.0	0.0	0.0	0.0	0.0	0.0
444	1.0	0.0	1.0	0.0	1.0	2.0	1.0
445	0.0	1.0	0.0	1.0	0.3330000000000002	2.667	1.0
446	1.0	0.0	1.0	0.0	1.0	2.0	1.0
447	1.0	2.0	1.0	1.0	1.6660000000000004	7.334	2.0
448	1.0	2.0	0.0	2.0	0.9990000000000006	8.001	2.0
449	1.0	4.0	0.0	4.0	3.0010000000000003	8.998999999999999	3.0
450	1.0	0.0	1.0	0.0	0.3330000000000002	2.667	1.0
451	2.0	2.0	2.0	2.0	1.3330000000000002	4.667	2.0
452	1.0	1.0	1.0	1.0	1.0	2.0	1.0
453	1.0	3.0	1.0	3.0	2.333	6.667	3.0
454	0.0	1.0	0.0	0.0	0.3330000000000002	2.667	0.0
455	0.0	0.0	0.0	0.0	0.0	0.0	0.0
456	0.0	0.0	0.0	0.0	0.0	0.0	0.0
457	1.0	3.0	1.0	2.0	2.0	7.0	2.0
458	2.0	1.0	2.0	1.0	3.0	6.0	3.0
459	1.0	3.0	1.0	3.0	1.6660000000000004	7.334	3.0
460	2.0	1.0	2.0	1.0	2.333	6.667	3.0
461	1.0	0.0	1.0	0.0	1.0	2.0	1.0
462	1.0	1.0	1.0	1.0	1.0	2.0	1.0
463	1.0	2.0	1.0	2.0	1.733	4.2669999999999995	2.0
464	0.0	0.0	0.0	0.0	0.0	0.0	0.0
465	2.0	0.0	1.0	0.0	2.0	4.0	1.0
466	1.0	2.0	1.0	2.0	1.0	2.0	1.0
467	2.0	2.0	2.0	2.0	2.0	4.0	2.0
468	1.0	1.0	1.0	1.0	2.0	4.0	2.0
469	0.0	2.0	0.0	2.0	0.3330000000000002	2.667	1.0
470	1.0	1.0	1.0	1.0	1.0	2.0	1.0
471	1.0	2.0	1.0	1.0	2.333	6.667	2.0
472	1.0	3.0	1.0	2.0	1.6680000000000001	7.332	2.0
473	0.0	3.0	0.0	3.0	1.3330000000000002	4.667	2.0
474	2.0	2.0	2.0	2.0	2.333	6.667	3.0
475	1.0	0.0	1.0	0.0	0.3330000000000002	2.667	1.0
476	1.0	2.0	1.0	1.0	2.333	6.667	2.0
477	1.0	1.0	1.0	1.0	0.3330000000000002	2.667	1.0
478	1.0	0.0	1.0	0.0	1.0	2.0	1.0
479	1.0	2.0	1.0	2.0	1.733	4.2669999999999995	2.0
480	2.0	0.0	1.0	0.0	1.6680000000000001	4.332	1.0
481	1.0	2.0	1.0	2.0	1.0	2.0	1.0
482	1.0	0.0	1.0	0.0	0.3330000000000002	2.667	1.0
483	2.0	0.0	2.0	0.0	2.0	4.0	2.0
484	0.0	1.0	0.0	1.0	0.3330000000000002	2.667	1.0
485	1.0	1.0	1.0	0.0	2.0	4.0	1.0
486	2.0	0.0	2.0	0.0	2.0	4.0	2.0
487	0.0	0.0	0.0	0.0	0.0	0.0	0.0
488	1.0	2.0	0.0	1.0	0.6660000000000004	5.334	1.0
489	2.0	1.0	1.0	0.0	2.0	4.0	1.0
490	1.0	2.0	1.0	2.0	1.0	2.0	1.0
491	1.0	3.0	1.0	3.0	1.0010000000000003	4.999	2.0
492	0.0	2.0	0.0	2.0	0.3330000000000002	2.667	1.0
493	0.0	3.0	0.0	2.0	1.3330000000000002	4.667	1.0
494	1.0	2.0	1.0	1.0	3.0	6.0	2.0
495	1.0	4.0	1.0	3.0	3.333	8.667	3.0
496	1.0	3.0	1.0	2.0	1.6660000000000004	7.334	2.0
497	1.0	0.0	0.0	0.0	0.3330000000000002	2.667	0.0
498	3.0	1.0	2.0	1.0	2.3360000000000003	6.664	2.0
499	1.0	1.0	1.0	1.0	2.0	4.0	2.0
500	2.0	1.0	2.0	0.0	3.0	6.0	2.0
501	1.0	0.0	1.0	0.0	0.3330000000000002	2.667	1.0
502	1.0	1.0	0.0	0.0	0.6680000000000001	2.332	0.0
503	2.0	0.0	2.0	0.0	2.0	4.0	2.0
504	1.0	1.0	0.0	1.0	1.6680000000000001	4.332	1.0
505	1.0	1.0	1.0	1.0	2.4	3.6	2.0
506	1.0	1.0	1.0	0.0	2.0	4.0	1.0
507	1.0	0.0	1.0	0.0	0.3330000000000002	2.667	1.0
508	1.0	2.0	1.0	1.0	1.6680000000000001	4.332	1.0
509	0.0	2.0	0.0	2.0	0.3330000000000002	2.667	1.0
510	1.0	1.0	1.0	0.0	1.6680000000000001	4.332	1.0
511	1.0	0.0	1.0	0.0	0.3330000000000002	2.667	1.0
512	1.0	2.0	1.0	2.0	2.0010000000000003	6.999	3.0
513	1.0	1.0	1.0	1.0	1.0	2.0	1.0
514	0.0	0.0	0.0	0.0	0.0	0.0	0.0
515	2.0	1.0	2.0	1.0	1.0	2.0	1.0
516	1.0	1.0	1.0	1.0	1.0	2.0	1.0
517	2.0	2.0	1.0	2.0	3.4	5.6	2.0
518	1.0	2.0	1.0	2.0	1.3330000000000002	4.667	2.0
519	1.0	0.0	0.0	0.0	1.0	2.0	0.0
520	2.0	1.0	2.0	1.0	1.3330000000000002	4.667	2.0
521	0.0	5.0	0.0	4.0	2.3340000000000005	9.666	3.0
522	1.0	0.0	1.0	0.0	0.3330000000000002	2.667	1.0
523	1.0	2.0	1.0	2.0	2.333	6.667	3.0
524	2.0	1.0	1.0	0.0	1.4	4.6	1.0
525	2.0	2.0	2.0	2.0	2.4	3.6	2.0
526	2.0	3.0	2.0	2.0	2.4010000000000002	6.599	2.0
527	1.0	3.0	1.0	3.0	2.333	6.667	3.0
528	0.0	1.0	0.0	1.0	1.0	2.0	1.0
529	1.0	2.0	1.0	1.0	1.6660000000000004	7.334	2.0
530	0.0	3.0	0.0	3.0	1.3330000000000002	4.667	2.0
531	1.0	0.0	1.0	0.0	1.0	2.0	1.0
532	1.0	0.0	1.0	0.0	0.3330000000000002	2.667	1.0
533	2.0	0.0	1.0	0.0	2.4	3.6	1.0
534	1.0	5.0	1.0	4.0	2.6660000000000004	9.334	3.0
535	1.0	2.0	1.0	2.0	1.3330000000000002	4.667	2.0
536	1.0	1.0	1.0	1.0	1.3330000000000002	4.667	2.0
537	3.0	1.0	3.0	1.0	1.3360000000000003	4.664	2.0
538	1.0	3.0	1.0	2.0	2.668	6.332	2.0
539	1.0	0.0	1.0	0.0	0.3330000000000002	2.667	1.0
540	0.0	3.0	0.0	3.0	2.3360000000000003	6.664	3.0
541	0.0	2.0	0.0	1.0	1.0010000000000003	4.999	1.0
542	2.0	0.0	2.0	0.0	2.0	4.0	2.0
543	1.0	0.0	1.0	0.0	0.3330000000000002	2.667	1.0
544	2.0	2.0	2.0	1.0	2.333	6.667	2.0
545	0.0	2.0	0.0	1.0	0.6660000000000004	5.334	1.0
546	1.0	5.0	1.0	4.0	2.333	9.667	3.0
547	0.0	3.0	0.0	2.0	1.3330000000000002	4.667	1.0
548	1.0	0.0	0.0	0.0	1.0	2.0	0.0
549	1.0	2.0	0.0	2.0	1.3330000000000002	4.667	1.0
550	1.0	2.0	0.0	1.0	1.3330000000000002	4.667	1.0
551	0.0	1.0	0.0	1.0	0.3330000000000002	2.667	1.0
552	0.0	2.0	0.0	2.0	0.3330000000000002	2.667	1.0
553	0.0	1.0	0.0	1.0	0.0	3.0	1.0
554	0.0	2.0	0.0	1.0	0.3330000000000002	5.667	1.0
555	1.0	4.0	1.0	4.0	1.6660000000000004	7.334	3.0
556	0.0	1.0	0.0	1.0	0.3330000000000002	2.667	1.0
557	0.0	2.0	0.0	2.0	0.3330000000000002	5.667	2.0
558	0.0	1.0	0.0	1.0	0.3330000000000002	2.667	1.0
559	0.0	4.0	0.0	4.0	1.6660000000000004	7.334	3.0
560	3.0	3.0	3.0	3.0	2.333	6.667	3.0
561	2.0	4.0	2.0	4.0	1.6660000000000004	7.334	3.0
562	1.0	1.0	1.0	1.0	1.3330000000000002	4.667	2.0
563	0.0	3.0	0.0	3.0	1.3330000000000002	4.667	2.0
564	1.0	2.0	1.0	2.0	1.0	2.0	1.0
565	0.0	1.0	0.0	1.0	1.0	2.0	1.0
566	1.0	0.0	1.0	0.0	1.0	2.0	1.0
567	0.0	2.0	0.0	2.0	1.6680000000000001	4.332	2.0
568	0.0	3.0	0.0	3.0	1.3330000000000002	4.667	2.0
569	0.0	0.0	0.0	0.0	0.0	0.0	0.0
570	0.0	0.0	0.0	0.0	0.0	0.0	0.0
571	0.0	0.0	0.0	0.0	0.0	0.0	0.0
572	0.0	0.0	0.0	0.0	0.0	0.0	0.0
573	0.0	0.0	0.0	0.0	0.0	0.0	0.0
574	0.0	0.0	0.0	0.0	0.0	0.0	0.0
575	0.0	0.0	0.0	0.0	0.0	0.0	0.0
576	0.0	0.0	0.0	0.0	0.0	0.0	0.0
577	0.0	0.0	0.0	0.0	0.0	0.0	0.0
578	0.0	0.0	0.0	0.0	0.0	0.0	0.0
579	0.0	0.0	0.0	0.0	0.0	0.0	0.0
580	0.0	0.0	0.0	0.0	0.0	0.0	0.0
