all_syn	all_nonSyn	tip_syn	tip_nonSyn	S	N	comparisons
001	0.0	0.0	0.0	0.0	0.0	0.0	0.0
002	0.0	0.0	0.0	0.0	0.0	0.0	0.0
003	0.0	1.0	0.0	1.0	1.0	2.0	1.0
004	0.0	2.0	0.0	2.0	1.6680000000000001	4.332	2.0
005	1.0	0.0	1.0	0.0	1.0	2.0	1.0
006	0.0	0.0	0.0	0.0	0.0	0.0	0.0
007	0.0	1.0	0.0	1.0	1.0	2.0	1.0
008	0.0	0.0	0.0	0.0	0.0	0.0	0.0
009	1.0	0.0	1.0	0.0	1.0	2.0	1.0
010	1.0	0.0	1.0	0.0	0.6680000000000001	2.332	1.0
011	0.0	0.0	0.0	0.0	0.0	0.0	0.0
012	0.0	0.0	0.0	0.0	0.0	0.0	0.0
013	0.0	1.0	0.0	1.0	0.3330000000000002	2.667	1.0
014	1.0	2.0	1.0	2.0	1.0	2.0	1.0
015	0.0	3.0	0.0	3.0	1.3330000000000002	4.667	2.0
016	1.0	0.0	1.0	0.0	1.4	1.6	1.0
017	1.0	1.0	1.0	1.0	1.3330000000000002	4.667	2.0
018	1.0	1.0	1.0	1.0	1.4	1.6	1.0
019	1.0	1.0	1.0	1.0	1.3330000000000002	4.667	2.0
020	1.0	1.0	1.0	1.0	1.0	2.0	1.0
021	0.0	1.0	0.0	1.0	1.0	2.0	1.0
022	0.0	1.0	0.0	1.0	0.3330000000000002	2.667	1.0
023	0.0	0.0	0.0	0.0	0.0	0.0	0.0
024	1.0	0.0	1.0	0.0	1.0	2.0	1.0
025	2.0	1.0	2.0	1.0	1.3330000000000002	4.667	2.0
026	1.0	0.0	1.0	0.0	0.3330000000000002	2.667	1.0
027	0.0	1.0	0.0	1.0	1.0	2.0	1.0
028	1.0	0.0	1.0	0.0	1.0	2.0	1.0
029	1.0	2.0	1.0	2.0	1.6680000000000001	4.332	2.0
030	1.0	0.0	1.0	0.0	1.0	2.0	1.0
031	1.0	0.0	1.0	0.0	0.3330000000000002	2.667	1.0
032	1.0	0.0	1.0	0.0	1.0	2.0	1.0
033	0.0	0.0	0.0	0.0	0.0	0.0	0.0
034	1.0	0.0	1.0	0.0	1.0	2.0	1.0
035	1.0	0.0	1.0	0.0	1.0	2.0	1.0
036	0.0	1.0	0.0	1.0	0.3330000000000002	2.667	1.0
037	0.0	0.0	0.0	0.0	0.0	0.0	0.0
038	0.0	1.0	0.0	1.0	0.6680000000000001	2.332	1.0
039	1.0	1.0	1.0	1.0	1.6680000000000001	4.332	2.0
040	0.0	0.0	0.0	0.0	0.0	0.0	0.0
041	1.0	0.0	1.0	0.0	1.0	2.0	1.0
042	0.0	3.0	0.0	3.0	0.6660000000000004	5.334	2.0
043	0.0	1.0	0.0	1.0	1.0	2.0	1.0
044	1.0	0.0	1.0	0.0	0.3330000000000002	2.667	1.0
045	0.0	0.0	0.0	0.0	0.0	0.0	0.0
046	1.0	1.0	1.0	1.0	0.6660000000000004	5.334	2.0
047	1.0	0.0	1.0	0.0	1.0	2.0	1.0
048	1.0	0.0	1.0	0.0	1.4	1.6	1.0
049	0.0	1.0	0.0	1.0	0.3330000000000002	2.667	1.0
050	0.0	3.0	0.0	3.0	0.3330000000000002	5.667	2.0
051	1.0	2.0	1.0	2.0	2.0	4.0	2.0
052	1.0	1.0	1.0	1.0	1.0	2.0	1.0
053	0.0	1.0	0.0	1.0	1.0	2.0	1.0
054	0.0	0.0	0.0	0.0	0.0	0.0	0.0
055	0.0	1.0	0.0	1.0	0.6680000000000001	2.332	1.0
056	1.0	1.0	1.0	1.0	1.3330000000000002	4.667	2.0
057	1.0	1.0	1.0	1.0	2.0	4.0	2.0
058	0.0	1.0	0.0	1.0	1.4	1.6	1.0
059	0.0	2.0	0.0	2.0	1.3330000000000002	4.667	2.0
060	1.0	2.0	1.0	2.0	0.3330000000000002	2.667	1.0
061	0.0	0.0	0.0	0.0	0.0	0.0	0.0
062	1.0	0.0	1.0	0.0	1.4	1.6	1.0
063	1.0	0.0	1.0	0.0	1.0	2.0	1.0
064	0.0	2.0	0.0	2.0	0.6660000000000004	5.334	2.0
065	0.0	3.0	0.0	3.0	1.3330000000000002	4.667	2.0
066	0.0	2.0	0.0	2.0	0.6660000000000004	5.334	2.0
067	1.0	2.0	1.0	2.0	2.0	4.0	2.0
068	1.0	1.0	1.0	1.0	1.0	2.0	1.0
069	1.0	2.0	1.0	2.0	1.4	1.6	1.0
070	0.0	1.0	0.0	1.0	1.0	2.0	1.0
071	0.0	0.0	0.0	0.0	0.0	0.0	0.0
072	1.0	0.0	1.0	0.0	1.4	1.6	1.0
073	0.0	0.0	0.0	0.0	0.0	0.0	0.0
074	0.0	2.0	0.0	2.0	0.6660000000000004	5.334	2.0
075	1.0	2.0	1.0	2.0	1.3330000000000002	4.667	2.0
076	1.0	0.0	1.0	0.0	0.3330000000000002	2.667	1.0
077	2.0	1.0	2.0	1.0	1.6680000000000001	4.332	2.0
078	1.0	1.0	1.0	1.0	2.0	4.0	2.0
079	0.0	1.0	0.0	1.0	1.0	2.0	1.0
080	0.0	0.0	0.0	0.0	0.0	0.0	0.0
081	1.0	1.0	1.0	1.0	1.0	2.0	1.0
082	0.0	1.0	0.0	1.0	1.4	1.6	1.0
083	1.0	1.0	1.0	1.0	1.3330000000000002	4.667	2.0
084	0.0	1.0	0.0	1.0	0.6680000000000001	2.332	1.0
085	1.0	0.0	1.0	0.0	0.3330000000000002	2.667	1.0
086	0.0	2.0	0.0	2.0	0.6660000000000004	5.334	2.0
087	0.0	2.0	0.0	2.0	1.0	2.0	1.0
088	0.0	1.0	0.0	1.0	0.6680000000000001	2.332	1.0
089	1.0	0.0	1.0	0.0	0.3330000000000002	2.667	1.0
090	0.0	0.0	0.0	0.0	0.0	0.0	0.0
091	2.0	0.0	2.0	0.0	0.6680000000000001	2.332	1.0
092	1.0	2.0	1.0	2.0	1.0	2.0	1.0
093	1.0	2.0	1.0	2.0	2.0	4.0	2.0
094	1.0	1.0	1.0	1.0	1.0	2.0	1.0
095	0.0	0.0	0.0	0.0	0.0	0.0	0.0
096	0.0	0.0	0.0	0.0	0.0	0.0	0.0
097	1.0	2.0	1.0	2.0	2.0	4.0	2.0
098	1.0	1.0	1.0	1.0	1.0	2.0	1.0
099	0.0	3.0	0.0	3.0	1.0010000000000003	4.999	2.0
100	1.0	2.0	1.0	2.0	0.3330000000000002	2.667	1.0
101	0.0	2.0	0.0	2.0	1.0	2.0	1.0
102	0.0	0.0	0.0	0.0	0.0	0.0	0.0
103	0.0	1.0	0.0	1.0	0.6680000000000001	2.332	1.0
104	1.0	2.0	1.0	2.0	1.0	2.0	1.0
105	1.0	1.0	1.0	1.0	1.0	2.0	1.0
106	1.0	2.0	1.0	2.0	1.3330000000000002	4.667	2.0
107	0.0	1.0	0.0	1.0	1.0	2.0	1.0
108	1.0	1.0	1.0	1.0	2.0	4.0	2.0
109	1.0	1.0	1.0	1.0	1.0	2.0	1.0
110	1.0	0.0	1.0	0.0	0.3330000000000002	2.667	1.0
111	1.0	0.0	1.0	0.0	1.0	2.0	1.0
112	1.0	0.0	1.0	0.0	1.4	1.6	1.0
113	1.0	1.0	1.0	1.0	1.0	2.0	1.0
114	0.0	0.0	0.0	0.0	0.0	0.0	0.0
115	1.0	0.0	1.0	0.0	1.0	2.0	1.0
116	0.0	1.0	0.0	1.0	1.0	2.0	1.0
117	0.0	0.0	0.0	0.0	0.0	0.0	0.0
118	0.0	0.0	0.0	0.0	0.0	0.0	0.0
119	0.0	0.0	0.0	0.0	0.0	0.0	0.0
120	0.0	2.0	0.0	2.0	1.3330000000000002	4.667	2.0
121	0.0	0.0	0.0	0.0	0.0	0.0	0.0
122	1.0	0.0	1.0	0.0	1.0	2.0	1.0
123	0.0	1.0	0.0	1.0	1.0	2.0	1.0
124	0.0	1.0	0.0	1.0	0.3330000000000002	2.667	1.0
125	1.0	0.0	1.0	0.0	1.4	1.6	1.0
126	0.0	0.0	0.0	0.0	0.0	0.0	0.0
127	1.0	1.0	1.0	1.0	0.3330000000000002	2.667	1.0
128	0.0	0.0	0.0	0.0	0.0	0.0	0.0
129	0.0	1.0	0.0	1.0	1.0	2.0	1.0
130	1.0	1.0	1.0	1.0	1.3330000000000002	4.667	2.0
131	0.0	1.0	0.0	1.0	0.0	3.0	1.0
132	1.0	0.0	1.0	0.0	1.0	2.0	1.0
133	0.0	2.0	0.0	2.0	0.6660000000000004	5.334	2.0
134	1.0	2.0	1.0	2.0	1.3330000000000002	4.667	2.0
135	1.0	0.0	1.0	0.0	0.3330000000000002	2.667	1.0
136	2.0	0.0	2.0	0.0	2.068	3.932	2.0
137	0.0	0.0	0.0	0.0	0.0	0.0	0.0
138	0.0	1.0	0.0	1.0	0.6680000000000001	2.332	1.0
139	0.0	0.0	0.0	0.0	0.0	0.0	0.0
140	0.0	0.0	0.0	0.0	0.0	0.0	0.0
141	0.0	2.0	0.0	2.0	0.3330000000000002	2.667	1.0
142	0.0	0.0	0.0	0.0	0.0	0.0	0.0
143	0.0	0.0	0.0	0.0	0.0	0.0	0.0
144	0.0	0.0	0.0	0.0	0.0	0.0	0.0
145	1.0	2.0	1.0	2.0	2.0	4.0	2.0
146	0.0	0.0	0.0	0.0	0.0	0.0	0.0
147	2.0	0.0	2.0	0.0	1.6680000000000001	4.332	2.0
148	1.0	0.0	1.0	0.0	1.0	2.0	1.0
149	1.0	1.0	1.0	1.0	0.3330000000000002	2.667	1.0
150	0.0	1.0	0.0	1.0	0.0	3.0	1.0
151	1.0	1.0	1.0	1.0	0.6660000000000004	5.334	2.0
152	1.0	0.0	1.0	0.0	0.3330000000000002	2.667	1.0
153	0.0	1.0	0.0	1.0	0.3330000000000002	2.667	1.0
154	1.0	0.0	1.0	0.0	1.0	2.0	1.0
155	1.0	1.0	1.0	1.0	1.6680000000000001	4.332	2.0
156	1.0	2.0	1.0	2.0	1.6680000000000001	4.332	2.0
157	1.0	1.0	1.0	1.0	1.0	2.0	1.0
158	1.0	0.0	1.0	0.0	1.4	1.6	1.0
159	1.0	2.0	1.0	2.0	1.3330000000000002	4.667	2.0
160	0.0	1.0	0.0	1.0	0.6680000000000001	2.332	1.0
161	0.0	1.0	0.0	1.0	1.0	2.0	1.0
162	0.0	0.0	0.0	0.0	0.0	0.0	0.0
163	0.0	2.0	0.0	2.0	1.0	5.0	2.0
164	1.0	1.0	1.0	1.0	1.0	2.0	1.0
165	0.0	1.0	0.0	1.0	0.0	3.0	1.0
166	0.0	2.0	0.0	2.0	1.0010000000000003	4.999	2.0
167	0.0	0.0	0.0	0.0	0.0	0.0	0.0
168	0.0	0.0	0.0	0.0	0.0	0.0	0.0
169	0.0	0.0	0.0	0.0	0.0	0.0	0.0
170	0.0	0.0	0.0	0.0	0.0	0.0	0.0
171	0.0	1.0	0.0	1.0	0.3330000000000002	2.667	1.0
172	1.0	0.0	1.0	0.0	1.0	2.0	1.0
173	0.0	1.0	0.0	1.0	0.3330000000000002	2.667	1.0
174	0.0	1.0	0.0	1.0	0.3330000000000002	2.667	1.0
175	0.0	1.0	0.0	1.0	0.3330000000000002	2.667	1.0
176	0.0	0.0	0.0	0.0	0.0	0.0	0.0
177	0.0	0.0	0.0	0.0	0.0	0.0	0.0
178	1.0	2.0	1.0	2.0	1.0	2.0	1.0
179	1.0	1.0	1.0	1.0	1.4	4.6	2.0
180	0.0	2.0	0.0	2.0	0.6680000000000001	2.332	1.0
181	1.0	0.0	1.0	0.0	1.0	2.0	1.0
182	1.0	1.0	1.0	1.0	1.6680000000000001	4.332	2.0
183	0.0	1.0	0.0	1.0	1.0	2.0	1.0
184	0.0	2.0	0.0	2.0	1.6680000000000001	4.332	2.0
185	1.0	0.0	1.0	0.0	1.0	2.0	1.0
186	1.0	1.0	1.0	1.0	0.6660000000000004	5.334	2.0
187	0.0	2.0	0.0	2.0	1.3330000000000002	4.667	2.0
188	1.0	1.0	1.0	1.0	1.0	2.0	1.0
189	0.0	2.0	0.0	2.0	0.3330000000000002	2.667	1.0
190	1.0	1.0	1.0	1.0	1.0	2.0	1.0
191	1.0	2.0	1.0	2.0	2.0	4.0	2.0
192	1.0	2.0	1.0	2.0	2.0	4.0	2.0
193	0.0	2.0	0.0	2.0	1.0010000000000003	4.999	2.0
194	0.0	2.0	0.0	2.0	0.3330000000000002	2.667	1.0
195	1.0	2.0	1.0	2.0	0.6680000000000001	2.332	1.0
196	1.0	0.0	1.0	0.0	1.0	2.0	1.0
197	1.0	0.0	1.0	0.0	1.0	2.0	1.0
198	1.0	2.0	1.0	2.0	1.3330000000000002	4.667	2.0
199	1.0	1.0	1.0	1.0	0.3330000000000002	2.667	1.0
200	1.0	0.0	1.0	0.0	1.0	2.0	1.0
201	0.0	0.0	0.0	0.0	0.0	0.0	0.0
202	0.0	0.0	0.0	0.0	0.0	0.0	0.0
203	0.0	0.0	0.0	0.0	0.0	0.0	0.0
204	0.0	3.0	0.0	3.0	1.3330000000000002	4.667	2.0
205	0.0	1.0	0.0	1.0	0.3330000000000002	2.667	1.0
206	0.0	3.0	0.0	3.0	1.3330000000000002	4.667	2.0
207	0.0	2.0	0.0	2.0	1.3330000000000002	4.667	2.0
208	0.0	0.0	0.0	0.0	0.0	0.0	0.0
209	1.0	2.0	1.0	2.0	0.6660000000000004	5.334	2.0
210	1.0	0.0	1.0	0.0	0.6680000000000001	2.332	1.0
211	1.0	2.0	1.0	2.0	0.3330000000000002	2.667	1.0
212	1.0	1.0	1.0	1.0	0.6660000000000004	5.334	2.0
213	0.0	2.0	0.0	2.0	0.6680000000000001	2.332	1.0
214	0.0	0.0	0.0	0.0	0.0	0.0	0.0
215	0.0	0.0	0.0	0.0	0.0	0.0	0.0
216	1.0	2.0	1.0	2.0	1.3330000000000002	4.667	2.0
217	1.0	2.0	1.0	2.0	1.3330000000000002	4.667	2.0
218	1.0	1.0	1.0	1.0	1.3330000000000002	4.667	2.0
219	1.0	2.0	1.0	2.0	1.3330000000000002	4.667	2.0
220	1.0	1.0	1.0	1.0	0.6660000000000004	5.334	2.0
221	0.0	2.0	0.0	2.0	0.6680000000000001	2.332	1.0
222	0.0	1.0	0.0	1.0	0.3330000000000002	2.667	1.0
223	1.0	0.0	1.0	0.0	1.0	2.0	1.0
224	1.0	0.0	1.0	0.0	1.0	2.0	1.0
225	1.0	0.0	1.0	0.0	0.3330000000000002	2.667	1.0
226	0.0	2.0	0.0	2.0	0.3330000000000002	5.667	2.0
227	1.0	0.0	1.0	0.0	0.6680000000000001	2.332	1.0
228	0.0	0.0	0.0	0.0	0.0	0.0	0.0
229	0.0	1.0	0.0	1.0	0.3330000000000002	2.667	1.0
230	0.0	0.0	0.0	0.0	0.0	0.0	0.0
231	0.0	0.0	0.0	0.0	0.0	0.0	0.0
232	0.0	2.0	0.0	2.0	0.6680000000000001	5.332	2.0
233	0.0	2.0	0.0	2.0	1.0010000000000003	4.999	2.0
234	0.0	1.0	0.0	1.0	1.0	2.0	1.0
235	1.0	1.0	1.0	1.0	2.0	4.0	2.0
236	1.0	1.0	1.0	1.0	0.6680000000000001	2.332	1.0
237	0.0	2.0	0.0	2.0	0.3330000000000002	2.667	1.0
238	0.0	2.0	0.0	2.0	1.0	2.0	1.0
239	1.0	1.0	1.0	1.0	1.4	1.6	1.0
240	1.0	1.0	1.0	1.0	1.0	2.0	1.0
241	1.0	0.0	1.0	0.0	1.0	2.0	1.0
242	1.0	1.0	1.0	1.0	0.3330000000000002	2.667	1.0
243	0.0	1.0	0.0	1.0	0.3330000000000002	2.667	1.0
244	1.0	0.0	1.0	0.0	1.0	2.0	1.0
245	0.0	1.0	0.0	1.0	0.3330000000000002	2.667	1.0
246	0.0	1.0	0.0	1.0	0.3330000000000002	2.667	1.0
247	0.0	1.0	0.0	1.0	0.3330000000000002	2.667	1.0
248	0.0	2.0	0.0	2.0	1.6680000000000001	4.332	2.0
249	1.0	1.0	1.0	1.0	1.0	2.0	1.0
250	1.0	2.0	1.0	2.0	1.3330000000000002	4.667	2.0
251	0.0	2.0	0.0	2.0	2.0	4.0	2.0
252	0.0	1.0	0.0	1.0	0.3330000000000002	2.667	1.0
253	0.0	2.0	0.0	2.0	1.6680000000000001	4.332	2.0
254	1.0	2.0	1.0	2.0	0.3330000000000002	5.667	2.0
255	1.0	1.0	1.0	1.0	1.0	2.0	1.0
256	0.0	2.0	0.0	2.0	0.3330000000000002	2.667	1.0
257	1.0	1.0	1.0	1.0	0.3330000000000002	2.667	1.0
258	1.0	0.0	1.0	0.0	0.3330000000000002	2.667	1.0
259	1.0	2.0	1.0	2.0	2.0	4.0	2.0
260	1.0	0.0	1.0	0.0	1.0	2.0	1.0
261	0.0	1.0	0.0	1.0	1.0	2.0	1.0
262	0.0	0.0	0.0	0.0	0.0	0.0	0.0
263	0.0	2.0	0.0	2.0	2.4	3.6	2.0
264	0.0	1.0	0.0	1.0	1.0	2.0	1.0
265	0.0	1.0	0.0	1.0	0.6680000000000001	2.332	1.0
266	0.0	0.0	0.0	0.0	0.0	0.0	0.0
267	1.0	0.0	1.0	0.0	1.0	2.0	1.0
268	1.0	0.0	1.0	0.0	0.3330000000000002	2.667	1.0
269	2.0	1.0	2.0	1.0	0.0	3.0	1.0
270	0.0	2.0	0.0	2.0	0.6680000000000001	2.332	1.0
271	1.0	0.0	1.0	0.0	1.0	2.0	1.0
272	1.0	2.0	1.0	2.0	0.0	3.0	1.0
273	0.0	0.0	0.0	0.0	0.0	0.0	0.0
274	1.0	2.0	1.0	2.0	1.0	2.0	1.0
275	1.0	2.0	1.0	2.0	1.0010000000000003	4.999	2.0
276	1.0	1.0	1.0	1.0	2.0	4.0	2.0
277	1.0	2.0	1.0	2.0	2.4	3.6	2.0
278	0.0	1.0	0.0	1.0	0.6680000000000001	2.332	1.0
279	1.0	0.0	1.0	0.0	0.3330000000000002	2.667	1.0
280	0.0	1.0	0.0	1.0	1.4	1.6	1.0
281	0.0	0.0	0.0	0.0	0.0	0.0	0.0
282	0.0	0.0	0.0	0.0	0.0	0.0	0.0
283	0.0	1.0	0.0	1.0	0.3330000000000002	2.667	1.0
284	1.0	1.0	1.0	1.0	0.6680000000000001	2.332	1.0
285	2.0	0.0	2.0	0.0	2.068	3.932	2.0
286	1.0	0.0	1.0	0.0	1.0	2.0	1.0
287	1.0	2.0	1.0	2.0	0.6660000000000004	5.334	2.0
288	0.0	1.0	0.0	1.0	0.3330000000000002	2.667	1.0
289	0.0	0.0	0.0	0.0	0.0	0.0	0.0
290	1.0	0.0	1.0	0.0	1.4	1.6	1.0
291	1.0	0.0	1.0	0.0	1.0	2.0	1.0
292	1.0	1.0	1.0	1.0	0.3330000000000002	2.667	1.0
293	0.0	0.0	0.0	0.0	0.0	0.0	0.0
294	1.0	1.0	1.0	1.0	2.4	3.6	2.0
295	0.0	0.0	0.0	0.0	0.0	0.0	0.0
296	1.0	0.0	1.0	0.0	1.0	2.0	1.0
297	0.0	1.0	0.0	1.0	0.3330000000000002	2.667	1.0
298	1.0	0.0	1.0	0.0	0.6680000000000001	2.332	1.0
299	1.0	0.0	1.0	0.0	1.4	1.6	1.0
300	0.0	0.0	0.0	0.0	0.0	0.0	0.0
301	0.0	0.0	0.0	0.0	0.0	0.0	0.0
302	0.0	2.0	0.0	2.0	1.3330000000000002	4.667	2.0
303	0.0	0.0	0.0	0.0	0.0	0.0	0.0
304	0.0	1.0	0.0	1.0	0.6680000000000001	2.332	1.0
305	1.0	2.0	1.0	2.0	0.3330000000000002	2.667	1.0
306	0.0	3.0	0.0	3.0	1.3330000000000002	4.667	2.0
307	1.0	0.0	1.0	0.0	1.0	2.0	1.0
308	1.0	0.0	1.0	0.0	1.0	2.0	1.0
309	1.0	0.0	1.0	0.0	1.4	1.6	1.0
310	0.0	3.0	0.0	3.0	1.6680000000000001	4.332	2.0
311	1.0	1.0	1.0	1.0	2.0	4.0	2.0
312	1.0	2.0	1.0	2.0	2.0	4.0	2.0
313	0.0	2.0	0.0	2.0	0.6680000000000001	2.332	1.0
314	1.0	0.0	1.0	0.0	1.0	2.0	1.0
315	0.0	1.0	0.0	1.0	1.0	2.0	1.0
316	0.0	1.0	0.0	1.0	0.6680000000000001	2.332	1.0
317	1.0	0.0	1.0	0.0	0.3330000000000002	2.667	1.0
318	0.0	1.0	0.0	1.0	1.0	2.0	1.0
319	1.0	0.0	1.0	0.0	1.0	2.0	1.0
320	1.0	1.0	1.0	1.0	2.0	4.0	2.0
321	0.0	0.0	0.0	0.0	0.0	0.0	0.0
322	0.0	3.0	0.0	3.0	1.3330000000000002	4.667	2.0
323	1.0	1.0	1.0	1.0	1.0	2.0	1.0
324	1.0	0.0	1.0	0.0	1.0	2.0	1.0
325	0.0	0.0	0.0	0.0	0.0	0.0	0.0
326	0.0	0.0	0.0	0.0	0.0	0.0	0.0
327	0.0	0.0	0.0	0.0	0.0	0.0	0.0
328	1.0	0.0	1.0	0.0	1.0	2.0	1.0
329	1.0	0.0	1.0	0.0	0.3330000000000002	2.667	1.0
330	1.0	0.0	1.0	0.0	1.0	2.0	1.0
331	0.0	2.0	0.0	2.0	1.3330000000000002	4.667	2.0
332	0.0	3.0	0.0	3.0	0.3330000000000002	5.667	2.0
333	1.0	1.0	1.0	1.0	0.6660000000000004	5.334	2.0
334	1.0	1.0	1.0	1.0	1.0	2.0	1.0
335	1.0	2.0	1.0	2.0	0.3330000000000002	2.667	1.0
336	0.0	2.0	0.0	2.0	0.3330000000000002	2.667	1.0
337	0.0	2.0	0.0	2.0	1.0	2.0	1.0
338	0.0	2.0	0.0	2.0	0.3330000000000002	2.667	1.0
339	1.0	2.0	1.0	2.0	1.3330000000000002	4.667	2.0
340	1.0	2.0	1.0	2.0	0.3330000000000002	2.667	1.0
341	2.0	1.0	2.0	1.0	2.4	3.6	2.0
342	1.0	1.0	1.0	1.0	0.3330000000000002	2.667	1.0
343	1.0	1.0	1.0	1.0	1.0	2.0	1.0
344	0.0	0.0	0.0	0.0	0.0	0.0	0.0
345	1.0	1.0	1.0	1.0	1.3330000000000002	4.667	2.0
346	1.0	1.0	1.0	1.0	1.3330000000000002	4.667	2.0
347	0.0	2.0	0.0	2.0	1.0	2.0	1.0
348	0.0	1.0	0.0	1.0	0.6680000000000001	2.332	1.0
349	0.0	2.0	0.0	2.0	0.3330000000000002	2.667	1.0
350	1.0	1.0	1.0	1.0	1.0	2.0	1.0
351	1.0	1.0	1.0	1.0	1.0	2.0	1.0
352	0.0	0.0	0.0	0.0	0.0	0.0	0.0
353	0.0	0.0	0.0	0.0	0.0	0.0	0.0
354	0.0	0.0	0.0	0.0	0.0	0.0	0.0
355	0.0	0.0	0.0	0.0	0.0	0.0	0.0
356	0.0	0.0	0.0	0.0	0.0	0.0	0.0
357	0.0	0.0	0.0	0.0	0.0	0.0	0.0
358	0.0	0.0	0.0	0.0	0.0	0.0	0.0
359	0.0	0.0	0.0	0.0	0.0	0.0	0.0
360	0.0	0.0	0.0	0.0	0.0	0.0	0.0
361	0.0	0.0	0.0	0.0	0.0	0.0	0.0
362	0.0	0.0	0.0	0.0	0.0	0.0	0.0
363	0.0	0.0	0.0	0.0	0.0	0.0	0.0
364	0.0	0.0	0.0	0.0	0.0	0.0	0.0
365	0.0	0.0	0.0	0.0	0.0	0.0	0.0
366	0.0	0.0	0.0	0.0	0.0	0.0	0.0
367	0.0	0.0	0.0	0.0	0.0	0.0	0.0
368	0.0	0.0	0.0	0.0	0.0	0.0	0.0
369	0.0	0.0	0.0	0.0	0.0	0.0	0.0
370	0.0	0.0	0.0	0.0	0.0	0.0	0.0
371	0.0	0.0	0.0	0.0	0.0	0.0	0.0
372	0.0	1.0	0.0	1.0	0.3330000000000002	2.667	1.0
373	1.0	2.0	1.0	2.0	1.0	2.0	1.0
374	0.0	1.0	0.0	1.0	0.3330000000000002	2.667	1.0
375	1.0	1.0	1.0	1.0	1.0	2.0	1.0
376	1.0	2.0	1.0	2.0	2.0	4.0	2.0
377	1.0	2.0	1.0	2.0	1.3330000000000002	4.667	2.0
378	0.0	1.0	0.0	1.0	1.0	2.0	1.0
379	0.0	0.0	0.0	0.0	0.0	0.0	0.0
380	0.0	2.0	0.0	2.0	0.6660000000000004	5.334	2.0
381	1.0	2.0	1.0	2.0	2.0	4.0	2.0
382	0.0	2.0	0.0	2.0	1.6680000000000001	4.332	2.0
383	0.0	0.0	0.0	0.0	0.0	0.0	0.0
384	0.0	0.0	0.0	0.0	0.0	0.0	0.0
385	1.0	0.0	1.0	0.0	0.3330000000000002	2.667	1.0
386	0.0	0.0	0.0	0.0	0.0	0.0	0.0
387	0.0	1.0	0.0	1.0	1.4	1.6	1.0
388	1.0	0.0	1.0	0.0	0.3330000000000002	2.667	1.0
389	0.0	0.0	0.0	0.0	0.0	0.0	0.0
390	0.0	0.0	0.0	0.0	0.0	0.0	0.0
391	1.0	0.0	1.0	0.0	0.3330000000000002	2.667	1.0
392	1.0	0.0	1.0	0.0	0.3330000000000002	2.667	1.0
393	1.0	2.0	1.0	2.0	1.6680000000000001	4.332	2.0
394	0.0	1.0	0.0	1.0	1.0	2.0	1.0
395	0.0	0.0	0.0	0.0	0.0	0.0	0.0
396	1.0	2.0	1.0	2.0	1.3330000000000002	4.667	2.0
397	1.0	0.0	1.0	0.0	0.3330000000000002	2.667	1.0
398	0.0	2.0	0.0	2.0	1.6680000000000001	4.332	2.0
399	0.0	1.0	0.0	1.0	0.6680000000000001	2.332	1.0
400	0.0	1.0	0.0	1.0	0.3330000000000002	2.667	1.0
401	0.0	0.0	0.0	0.0	0.0	0.0	0.0
402	0.0	0.0	0.0	0.0	0.0	0.0	0.0
403	0.0	0.0	0.0	0.0	0.0	0.0	0.0
404	0.0	0.0	0.0	0.0	0.0	0.0	0.0
405	0.0	0.0	0.0	0.0	0.0	0.0	0.0
406	1.0	2.0	1.0	2.0	1.3330000000000002	4.667	2.0
407	0.0	3.0	0.0	3.0	1.3330000000000002	4.667	2.0
408	1.0	2.0	1.0	2.0	1.3330000000000002	4.667	2.0
409	2.0	0.0	2.0	0.0	1.4	1.6	1.0
410	1.0	0.0	1.0	0.0	1.0	2.0	1.0
411	1.0	0.0	1.0	0.0	1.0	2.0	1.0
412	1.0	1.0	1.0	1.0	2.0	4.0	2.0
413	2.0	1.0	2.0	1.0	1.0	5.0	2.0
414	1.0	1.0	1.0	1.0	1.0	2.0	1.0
415	1.0	0.0	1.0	0.0	1.0	2.0	1.0
416	0.0	1.0	0.0	1.0	0.3330000000000002	2.667	1.0
417	0.0	0.0	0.0	0.0	0.0	0.0	0.0
418	0.0	0.0	0.0	0.0	0.0	0.0	0.0
419	1.0	0.0	1.0	0.0	1.0	2.0	1.0
420	1.0	0.0	1.0	0.0	0.3330000000000002	2.667	1.0
421	1.0	2.0	1.0	2.0	1.3330000000000002	4.667	2.0
422	0.0	2.0	0.0	2.0	0.3330000000000002	2.667	1.0
423	1.0	0.0	1.0	0.0	1.0	2.0	1.0
424	0.0	3.0	0.0	3.0	1.3330000000000002	4.667	2.0
425	1.0	1.0	1.0	1.0	2.0	4.0	2.0
426	1.0	0.0	1.0	0.0	1.0	2.0	1.0
427	0.0	0.0	0.0	0.0	0.0	0.0	0.0
428	0.0	1.0	0.0	1.0	0.0	3.0	1.0
429	1.0	0.0	1.0	0.0	1.0	2.0	1.0
430	1.0	1.0	1.0	1.0	1.3330000000000002	4.667	2.0
431	0.0	0.0	0.0	0.0	0.0	0.0	0.0
432	0.0	2.0	0.0	2.0	1.6680000000000001	4.332	2.0
433	0.0	0.0	0.0	0.0	0.0	0.0	0.0
434	0.0	1.0	0.0	1.0	0.6680000000000001	2.332	1.0
435	1.0	1.0	1.0	1.0	1.0	2.0	1.0
436	1.0	0.0	1.0	0.0	1.0	2.0	1.0
437	1.0	2.0	1.0	2.0	0.6660000000000004	5.334	2.0
438	0.0	1.0	0.0	1.0	1.0	2.0	1.0
439	1.0	1.0	1.0	1.0	1.0	2.0	1.0
440	1.0	1.0	1.0	1.0	1.0	2.0	1.0
441	1.0	1.0	1.0	1.0	1.0	5.0	2.0
442	0.0	1.0	0.0	1.0	1.0	2.0	1.0
443	0.0	0.0	0.0	0.0	0.0	0.0	0.0
444	0.0	0.0	0.0	0.0	0.0	0.0	0.0
445	1.0	1.0	1.0	1.0	1.0	2.0	1.0
446	0.0	2.0	0.0	2.0	0.6660000000000004	5.334	2.0
447	0.0	1.0	0.0	1.0	1.0	2.0	1.0
448	0.0	2.0	0.0	2.0	0.0	3.0	1.0
449	1.0	2.0	1.0	2.0	1.3330000000000002	4.667	2.0
450	0.0	0.0	0.0	0.0	0.0	0.0	0.0
451	0.0	0.0	0.0	0.0	0.0	0.0	0.0
452	0.0	0.0	0.0	0.0	0.0	0.0	0.0
453	1.0	2.0	1.0	2.0	1.0	5.0	2.0
454	0.0	0.0	0.0	0.0	0.0	0.0	0.0
455	0.0	2.0	0.0	2.0	1.3330000000000002	4.667	2.0
456	1.0	2.0	1.0	2.0	1.3330000000000002	4.667	2.0
457	0.0	2.0	0.0	2.0	1.3330000000000002	4.667	2.0
458	0.0	1.0	0.0	1.0	0.3330000000000002	2.667	1.0
459	1.0	0.0	1.0	0.0	1.0	2.0	1.0
460	0.0	0.0	0.0	0.0	0.0	0.0	0.0
461	1.0	0.0	1.0	0.0	0.3330000000000002	2.667	1.0
462	1.0	1.0	1.0	1.0	1.3330000000000002	4.667	2.0
463	1.0	1.0	1.0	1.0	2.0	4.0	2.0
464	1.0	0.0	1.0	0.0	1.0	2.0	1.0
465	1.0	0.0	1.0	0.0	0.6680000000000001	2.332	1.0
466	1.0	2.0	1.0	2.0	1.0010000000000003	4.999	2.0
467	0.0	0.0	0.0	0.0	0.0	0.0	0.0
468	1.0	2.0	1.0	2.0	0.3330000000000002	2.667	1.0
469	0.0	0.0	0.0	0.0	0.0	0.0	0.0
470	1.0	1.0	1.0	1.0	0.3330000000000002	2.667	1.0
471	1.0	1.0	1.0	1.0	1.0	2.0	1.0
472	1.0	0.0	1.0	0.0	0.3330000000000002	2.667	1.0
473	0.0	0.0	0.0	0.0	0.0	0.0	0.0
474	1.0	1.0	1.0	1.0	1.0	2.0	1.0
475	1.0	1.0	1.0	1.0	2.0	4.0	2.0
476	0.0	0.0	0.0	0.0	0.0	0.0	0.0
477	1.0	2.0	1.0	2.0	2.0	4.0	2.0
478	0.0	3.0	0.0	3.0	1.3330000000000002	4.667	2.0
479	1.0	1.0	1.0	1.0	2.0	4.0	2.0
480	0.0	0.0	0.0	0.0	0.0	0.0	0.0
481	1.0	0.0	1.0	0.0	0.3330000000000002	2.667	1.0
482	1.0	0.0	1.0	0.0	1.4	1.6	1.0
483	1.0	0.0	1.0	0.0	1.4	1.6	1.0
484	1.0	2.0	1.0	2.0	1.733	4.2669999999999995	2.0
485	0.0	1.0	0.0	1.0	0.3330000000000002	2.667	1.0
486	1.0	0.0	1.0	0.0	1.0	2.0	1.0
487	0.0	0.0	0.0	0.0	0.0	0.0	0.0
488	0.0	2.0	0.0	2.0	1.0	5.0	2.0
489	1.0	1.0	1.0	1.0	1.0	2.0	1.0
490	0.0	2.0	0.0	2.0	0.6680000000000001	2.332	1.0
491	0.0	2.0	0.0	2.0	0.3330000000000002	2.667	1.0
492	1.0	2.0	1.0	2.0	1.0	5.0	2.0
493	0.0	0.0	0.0	0.0	0.0	0.0	0.0
494	0.0	2.0	0.0	2.0	1.0	5.0	2.0
495	0.0	2.0	0.0	2.0	0.3330000000000002	2.667	1.0
496	1.0	0.0	1.0	0.0	1.0	2.0	1.0
497	1.0	0.0	1.0	0.0	0.3330000000000002	2.667	1.0
498	1.0	0.0	1.0	0.0	1.0	2.0	1.0
499	0.0	0.0	0.0	0.0	0.0	0.0	0.0
500	1.0	1.0	1.0	1.0	0.3330000000000002	2.667	1.0
501	0.0	1.0	0.0	1.0	0.6680000000000001	2.332	1.0
502	1.0	0.0	1.0	0.0	1.0	2.0	1.0
503	0.0	0.0	0.0	0.0	0.0	0.0	0.0
504	1.0	1.0	1.0	1.0	1.3360000000000003	4.664	2.0
505	0.0	0.0	0.0	0.0	0.0	0.0	0.0
506	1.0	0.0	1.0	0.0	1.0	2.0	1.0
507	0.0	0.0	0.0	0.0	0.0	0.0	0.0
508	0.0	1.0	0.0	1.0	0.3330000000000002	2.667	1.0
509	0.0	2.0	0.0	2.0	1.0	2.0	1.0
510	0.0	0.0	0.0	0.0	0.0	0.0	0.0
511	0.0	2.0	0.0	2.0	0.6660000000000004	5.334	2.0
512	0.0	0.0	0.0	0.0	0.0	0.0	0.0
513	0.0	0.0	0.0	0.0	0.0	0.0	0.0
514	0.0	0.0	0.0	0.0	0.0	0.0	0.0
515	0.0	0.0	0.0	0.0	0.0	0.0	0.0
516	1.0	1.0	1.0	1.0	1.3330000000000002	4.667	2.0
517	1.0	2.0	1.0	2.0	0.3330000000000002	2.667	1.0
518	0.0	3.0	0.0	3.0	1.0010000000000003	4.999	2.0
519	0.0	2.0	0.0	2.0	1.3330000000000002	4.667	2.0
520	1.0	0.0	1.0	0.0	1.0	2.0	1.0
521	1.0	1.0	1.0	1.0	2.068	3.932	2.0
522	0.0	1.0	0.0	1.0	0.3330000000000002	2.667	1.0
523	0.0	0.0	0.0	0.0	0.0	0.0	0.0
524	0.0	0.0	0.0	0.0	0.0	0.0	0.0
525	1.0	2.0	1.0	2.0	2.0	4.0	2.0
526	1.0	2.0	1.0	2.0	1.3330000000000002	4.667	2.0
527	0.0	2.0	0.0	2.0	1.0	2.0	1.0
528	1.0	2.0	1.0	2.0	1.0010000000000003	4.999	2.0
529	0.0	0.0	0.0	0.0	0.0	0.0	0.0
530	1.0	0.0	1.0	0.0	0.6680000000000001	2.332	1.0
531	1.0	0.0	1.0	0.0	0.3330000000000002	2.667	1.0
532	1.0	0.0	1.0	0.0	1.0	2.0	1.0
533	1.0	1.0	1.0	1.0	1.6680000000000001	4.332	2.0
534	1.0	1.0	1.0	1.0	1.0	2.0	1.0
535	1.0	2.0	1.0	2.0	0.6680000000000001	2.332	1.0
536	2.0	0.0	2.0	0.0	1.6680000000000001	4.332	2.0
537	1.0	1.0	1.0	1.0	1.6680000000000001	4.332	2.0
538	0.0	1.0	0.0	1.0	0.3330000000000002	2.667	1.0
539	1.0	2.0	1.0	2.0	1.3330000000000002	4.667	2.0
540	1.0	0.0	1.0	0.0	1.0	2.0	1.0
541	0.0	0.0	0.0	0.0	0.0	0.0	0.0
542	0.0	2.0	0.0	2.0	0.6660000000000004	5.334	2.0
543	0.0	2.0	0.0	2.0	1.0	2.0	1.0
544	0.0	0.0	0.0	0.0	0.0	0.0	0.0
545	0.0	1.0	0.0	1.0	1.0	2.0	1.0
546	0.0	1.0	0.0	1.0	0.3330000000000002	2.667	1.0
547	1.0	1.0	1.0	1.0	0.3330000000000002	2.667	1.0
548	1.0	1.0	1.0	1.0	1.0	2.0	1.0
549	1.0	1.0	1.0	1.0	1.0	2.0	1.0
550	1.0	2.0	1.0	2.0	1.0	5.0	2.0
551	1.0	1.0	1.0	1.0	0.6660000000000004	5.334	2.0
552	0.0	2.0	0.0	2.0	1.0	5.0	2.0
553	1.0	1.0	1.0	1.0	1.4	1.6	1.0
554	1.0	0.0	1.0	0.0	1.0	2.0	1.0
555	0.0	1.0	0.0	1.0	1.0	2.0	1.0
556	0.0	2.0	0.0	2.0	0.3330000000000002	2.667	1.0
557	1.0	2.0	1.0	2.0	1.3330000000000002	4.667	2.0
558	0.0	0.0	0.0	0.0	0.0	0.0	0.0
559	0.0	1.0	0.0	1.0	1.0	2.0	1.0
560	0.0	0.0	0.0	0.0	0.0	0.0	0.0
561	1.0	1.0	1.0	1.0	1.0	5.0	2.0
562	0.0	0.0	0.0	0.0	0.0	0.0	0.0
563	1.0	2.0	1.0	2.0	1.0	2.0	1.0
564	0.0	1.0	0.0	1.0	0.0	3.0	1.0
565	0.0	0.0	0.0	0.0	0.0	0.0	0.0
566	1.0	1.0	1.0	1.0	0.3330000000000002	2.667	1.0
567	0.0	2.0	0.0	2.0	2.0	4.0	2.0
568	0.0	0.0	0.0	0.0	0.0	0.0	0.0
569	0.0	0.0	0.0	0.0	0.0	0.0	0.0
570	1.0	1.0	1.0	1.0	0.3330000000000002	2.667	1.0
571	2.0	0.0	2.0	0.0	0.6680000000000001	2.332	1.0
572	0.0	0.0	0.0	0.0	0.0	0.0	0.0
573	1.0	1.0	1.0	1.0	1.3330000000000002	4.667	2.0
574	0.0	1.0	0.0	1.0	0.3330000000000002	2.667	1.0
575	1.0	0.0	1.0	0.0	1.0	2.0	1.0
576	0.0	0.0	0.0	0.0	0.0	0.0	0.0
577	0.0	1.0	0.0	1.0	0.3330000000000002	2.667	1.0
578	0.0	0.0	0.0	0.0	0.0	0.0	0.0
579	1.0	2.0	1.0	2.0	1.3330000000000002	4.667	2.0
580	1.0	0.0	1.0	0.0	1.4	1.6	1.0
581	0.0	2.0	0.0	2.0	0.3330000000000002	2.667	1.0
582	1.0	2.0	1.0	2.0	0.3330000000000002	2.667	1.0
583	1.0	2.0	1.0	2.0	1.0	2.0	1.0
584	1.0	2.0	1.0	2.0	0.6660000000000004	5.334	2.0
585	1.0	0.0	1.0	0.0	1.0	2.0	1.0
586	1.0	1.0	1.0	1.0	1.3330000000000002	4.667	2.0
587	1.0	2.0	1.0	2.0	1.3330000000000002	4.667	2.0
588	1.0	0.0	1.0	0.0	1.0	2.0	1.0
589	0.0	0.0	0.0	0.0	0.0	0.0	0.0
590	1.0	2.0	1.0	2.0	1.3330000000000002	4.667	2.0
591	0.0	2.0	0.0	2.0	0.6660000000000004	5.334	2.0
592	0.0	1.0	0.0	1.0	1.4	1.6	1.0
593	1.0	1.0	1.0	1.0	0.0	3.0	1.0
594	1.0	1.0	1.0	1.0	1.0	2.0	1.0
595	1.0	2.0	1.0	2.0	2.0	4.0	2.0
596	0.0	1.0	0.0	1.0	0.3330000000000002	2.667	1.0
597	0.0	0.0	0.0	0.0	0.0	0.0	0.0
598	1.0	2.0	1.0	2.0	0.6660000000000004	5.334	2.0
599	1.0	0.0	1.0	0.0	1.0	2.0	1.0
600	1.0	2.0	1.0	2.0	1.3330000000000002	4.667	2.0
601	0.0	3.0	0.0	3.0	1.3330000000000002	4.667	2.0
602	0.0	2.0	0.0	2.0	1.3330000000000002	4.667	2.0
603	0.0	1.0	0.0	1.0	1.0	2.0	1.0
604	0.0	3.0	0.0	3.0	1.3330000000000002	4.667	2.0
605	0.0	1.0	0.0	1.0	0.3330000000000002	2.667	1.0
606	1.0	2.0	1.0	2.0	1.0	2.0	1.0
607	0.0	0.0	0.0	0.0	0.0	0.0	0.0
608	1.0	1.0	1.0	1.0	1.0	2.0	1.0
609	0.0	1.0	0.0	1.0	0.3330000000000002	2.667	1.0
610	1.0	1.0	1.0	1.0	1.0	2.0	1.0
611	1.0	0.0	1.0	0.0	1.0	2.0	1.0
612	0.0	0.0	0.0	0.0	0.0	0.0	0.0
613	1.0	0.0	1.0	0.0	0.3330000000000002	2.667	1.0
614	1.0	0.0	1.0	0.0	1.0	2.0	1.0
615	1.0	0.0	1.0	0.0	1.0	2.0	1.0
616	1.0	0.0	1.0	0.0	1.0	2.0	1.0
617	1.0	0.0	1.0	0.0	1.0	2.0	1.0
618	1.0	0.0	1.0	0.0	0.3330000000000002	2.667	1.0
619	0.0	0.0	0.0	0.0	0.0	0.0	0.0
620	1.0	0.0	1.0	0.0	1.0	2.0	1.0
621	1.0	0.0	1.0	0.0	0.3330000000000002	2.667	1.0
622	1.0	0.0	1.0	0.0	0.3330000000000002	2.667	1.0
623	1.0	0.0	1.0	0.0	1.0	2.0	1.0
624	1.0	1.0	1.0	1.0	2.0	4.0	2.0
625	0.0	0.0	0.0	0.0	0.0	0.0	0.0
626	1.0	0.0	1.0	0.0	1.0	2.0	1.0
627	1.0	0.0	1.0	0.0	0.3330000000000002	2.667	1.0
628	1.0	0.0	1.0	0.0	0.3330000000000002	2.667	1.0
629	0.0	2.0	0.0	2.0	1.6680000000000001	4.332	2.0
630	1.0	0.0	1.0	0.0	0.3330000000000002	2.667	1.0
631	0.0	2.0	0.0	2.0	0.3330000000000002	2.667	1.0
632	1.0	1.0	1.0	1.0	2.0	4.0	2.0
633	0.0	2.0	0.0	2.0	1.733	4.2669999999999995	2.0
634	0.0	1.0	0.0	1.0	0.3330000000000002	2.667	1.0
635	0.0	0.0	0.0	0.0	0.0	0.0	0.0
636	0.0	0.0	0.0	0.0	0.0	0.0	0.0
637	0.0	0.0	0.0	0.0	0.0	0.0	0.0
638	0.0	0.0	0.0	0.0	0.0	0.0	0.0
639	0.0	0.0	0.0	0.0	0.0	0.0	0.0
640	1.0	2.0	1.0	2.0	1.3330000000000002	4.667	2.0
641	1.0	1.0	1.0	1.0	0.6660000000000004	5.334	2.0
642	0.0	2.0	0.0	2.0	0.6680000000000001	2.332	1.0
643	0.0	2.0	0.0	2.0	1.0010000000000003	4.999	2.0
644	1.0	2.0	1.0	2.0	1.3330000000000002	4.667	2.0
645	0.0	0.0	0.0	0.0	0.0	0.0	0.0
646	0.0	2.0	0.0	2.0	0.0	3.0	1.0
647	1.0	2.0	1.0	2.0	1.0	2.0	1.0
648	0.0	2.0	0.0	2.0	0.0	3.0	1.0
649	0.0	1.0	0.0	1.0	0.6680000000000001	2.332	1.0
650	0.0	2.0	0.0	2.0	1.0	2.0	1.0
651	1.0	1.0	1.0	1.0	0.3330000000000002	2.667	1.0
652	1.0	1.0	1.0	1.0	0.6680000000000001	2.332	1.0
653	0.0	1.0	0.0	1.0	0.3330000000000002	2.667	1.0
654	1.0	1.0	1.0	1.0	2.0	4.0	2.0
655	1.0	1.0	1.0	1.0	2.0	4.0	2.0
656	1.0	0.0	1.0	0.0	0.3330000000000002	2.667	1.0
657	1.0	0.0	1.0	0.0	0.6680000000000001	2.332	1.0
658	1.0	0.0	1.0	0.0	1.0	2.0	1.0
659	2.0	0.0	2.0	0.0	0.6680000000000001	2.332	1.0
660	1.0	1.0	1.0	1.0	1.0	2.0	1.0
661	2.0	1.0	2.0	1.0	1.0010000000000003	4.999	2.0
662	0.0	0.0	0.0	0.0	0.0	0.0	0.0
663	0.0	0.0	0.0	0.0	0.0	0.0	0.0
664	0.0	0.0	0.0	0.0	0.0	0.0	0.0
665	0.0	1.0	0.0	1.0	0.0	3.0	1.0
666	1.0	2.0	1.0	2.0	2.0	4.0	2.0
667	1.0	1.0	1.0	1.0	1.0	2.0	1.0
668	0.0	0.0	0.0	0.0	0.0	0.0	0.0
669	1.0	1.0	1.0	1.0	0.6660000000000004	5.334	2.0
670	1.0	0.0	1.0	0.0	0.3330000000000002	2.667	1.0
671	1.0	0.0	1.0	0.0	0.6680000000000001	2.332	1.0
672	0.0	3.0	0.0	3.0	0.6660000000000004	5.334	2.0
673	1.0	2.0	1.0	2.0	1.3330000000000002	4.667	2.0
674	1.0	0.0	1.0	0.0	1.0	2.0	1.0
675	2.0	0.0	2.0	0.0	0.6680000000000001	2.332	1.0
676	1.0	2.0	1.0	2.0	0.3330000000000002	2.667	1.0
677	1.0	1.0	1.0	1.0	2.0	4.0	2.0
678	1.0	2.0	1.0	2.0	1.3330000000000002	4.667	2.0
679	1.0	2.0	1.0	2.0	1.3330000000000002	4.667	2.0
680	0.0	2.0	0.0	2.0	0.3330000000000002	2.667	1.0
681	1.0	2.0	1.0	2.0	1.0	2.0	1.0
682	0.0	0.0	0.0	0.0	0.0	0.0	0.0
683	1.0	1.0	1.0	1.0	1.0	2.0	1.0
684	1.0	1.0	1.0	1.0	1.3330000000000002	4.667	2.0
685	0.0	1.0	0.0	1.0	0.3330000000000002	2.667	1.0
686	1.0	1.0	1.0	1.0	1.3330000000000002	4.667	2.0
687	1.0	2.0	1.0	2.0	1.3330000000000002	4.667	2.0
688	0.0	2.0	0.0	2.0	1.3330000000000002	4.667	2.0
689	1.0	0.0	1.0	0.0	1.0	2.0	1.0
690	0.0	1.0	0.0	1.0	0.6680000000000001	2.332	1.0
691	1.0	1.0	1.0	1.0	1.3330000000000002	4.667	2.0
692	1.0	2.0	1.0	2.0	0.3330000000000002	5.667	2.0
693	0.0	2.0	0.0	2.0	1.3330000000000002	4.667	2.0
694	1.0	0.0	1.0	0.0	0.3330000000000002	2.667	1.0
695	1.0	2.0	1.0	2.0	0.3330000000000002	2.667	1.0
696	0.0	3.0	0.0	3.0	1.3330000000000002	4.667	2.0
697	0.0	2.0	0.0	2.0	1.6680000000000001	4.332	2.0
698	0.0	2.0	0.0	2.0	1.3330000000000002	4.667	2.0
699	0.0	1.0	0.0	1.0	0.3330000000000002	2.667	1.0
700	0.0	1.0	0.0	1.0	0.3330000000000002	2.667	1.0
701	0.0	1.0	0.0	1.0	0.0	3.0	1.0
702	0.0	0.0	0.0	0.0	0.0	0.0	0.0
703	1.0	0.0	1.0	0.0	0.3330000000000002	2.667	1.0
704	0.0	1.0	0.0	1.0	1.0	2.0	1.0
705	0.0	0.0	0.0	0.0	0.0	0.0	0.0
706	0.0	2.0	0.0	2.0	1.0	2.0	1.0
707	1.0	1.0	1.0	1.0	0.3330000000000002	2.667	1.0
708	1.0	2.0	1.0	2.0	0.6660000000000004	5.334	2.0
709	0.0	0.0	0.0	0.0	0.0	0.0	0.0
710	1.0	2.0	1.0	2.0	1.0010000000000003	4.999	2.0
711	1.0	1.0	1.0	1.0	1.6680000000000001	4.332	2.0
712	1.0	0.0	1.0	0.0	0.3330000000000002	2.667	1.0
713	0.0	2.0	0.0	2.0	1.0	5.0	2.0
714	0.0	1.0	0.0	1.0	0.3330000000000002	2.667	1.0
715	0.0	2.0	0.0	2.0	1.3330000000000002	4.667	2.0
716	1.0	1.0	1.0	1.0	1.0	2.0	1.0
717	0.0	1.0	0.0	1.0	0.3330000000000002	2.667	1.0
718	0.0	0.0	0.0	0.0	0.0	0.0	0.0
719	1.0	1.0	1.0	1.0	1.0	2.0	1.0
720	0.0	2.0	0.0	2.0	1.3330000000000002	4.667	2.0
721	0.0	2.0	0.0	2.0	0.3330000000000002	2.667	1.0
722	1.0	0.0	1.0	0.0	0.3330000000000002	2.667	1.0
723	0.0	1.0	0.0	1.0	0.3330000000000002	2.667	1.0
724	0.0	1.0	0.0	1.0	1.0	2.0	1.0
725	1.0	1.0	1.0	1.0	1.0	2.0	1.0
726	1.0	1.0	1.0	1.0	1.0	2.0	1.0
727	1.0	1.0	1.0	1.0	1.0	2.0	1.0
728	1.0	2.0	1.0	2.0	1.3330000000000002	4.667	2.0
729	1.0	2.0	1.0	2.0	1.3330000000000002	4.667	2.0
730	1.0	1.0	1.0	1.0	1.0	2.0	1.0
731	0.0	2.0	0.0	2.0	1.0010000000000003	4.999	2.0
732	0.0	0.0	0.0	0.0	0.0	0.0	0.0
733	0.0	0.0	0.0	0.0	0.0	0.0	0.0
734	0.0	0.0	0.0	0.0	0.0	0.0	0.0
735	1.0	1.0	1.0	1.0	2.0	4.0	2.0
736	1.0	2.0	1.0	2.0	0.0	3.0	1.0
737	1.0	1.0	1.0	1.0	0.6660000000000004	5.334	2.0
738	1.0	1.0	1.0	1.0	1.0	2.0	1.0
739	1.0	0.0	1.0	0.0	0.3330000000000002	2.667	1.0
740	1.0	2.0	1.0	2.0	2.0	4.0	2.0
741	2.0	0.0	2.0	0.0	1.6680000000000001	4.332	2.0
742	1.0	2.0	1.0	2.0	2.0	4.0	2.0
743	1.0	0.0	1.0	0.0	1.0	2.0	1.0
744	0.0	1.0	0.0	1.0	1.0	2.0	1.0
745	0.0	3.0	0.0	3.0	1.3330000000000002	4.667	2.0
746	0.0	3.0	0.0	3.0	1.3330000000000002	4.667	2.0
747	0.0	2.0	0.0	2.0	1.3330000000000002	4.667	2.0
748	1.0	1.0	1.0	1.0	1.0	2.0	1.0
749	0.0	1.0	0.0	1.0	1.0	2.0	1.0
750	0.0	0.0	0.0	0.0	0.0	0.0	0.0
751	0.0	2.0	0.0	2.0	1.0	2.0	1.0
752	0.0	2.0	0.0	2.0	0.6660000000000004	5.334	2.0
753	1.0	1.0	1.0	1.0	1.0	2.0	1.0
754	0.0	0.0	0.0	0.0	0.0	0.0	0.0
755	0.0	0.0	0.0	0.0	0.0	0.0	0.0
756	0.0	0.0	0.0	0.0	0.0	0.0	0.0
757	0.0	0.0	0.0	0.0	0.0	0.0	0.0
758	0.0	0.0	0.0	0.0	0.0	0.0	0.0
759	0.0	2.0	0.0	2.0	0.3330000000000002	2.667	1.0
760	0.0	0.0	0.0	0.0	0.0	0.0	0.0
761	0.0	0.0	0.0	0.0	0.0	0.0	0.0
762	0.0	0.0	0.0	0.0	0.0	0.0	0.0
763	0.0	0.0	0.0	0.0	0.0	0.0	0.0
764	0.0	0.0	0.0	0.0	0.0	0.0	0.0
765	0.0	0.0	0.0	0.0	0.0	0.0	0.0
766	0.0	0.0	0.0	0.0	0.0	0.0	0.0
767	0.0	1.0	0.0	1.0	0.6680000000000001	2.332	1.0
768	1.0	2.0	1.0	2.0	1.3330000000000002	4.667	2.0
769	1.0	1.0	1.0	1.0	0.3330000000000002	2.667	1.0
770	0.0	1.0	0.0	1.0	0.3330000000000002	2.667	1.0
771	0.0	1.0	0.0	1.0	1.0	2.0	1.0
772	1.0	1.0	1.0	1.0	0.6660000000000004	5.334	2.0
773	1.0	1.0	1.0	1.0	1.0	2.0	1.0
774	1.0	0.0	1.0	0.0	1.0	2.0	1.0
775	0.0	1.0	0.0	1.0	1.0	2.0	1.0
776	0.0	3.0	0.0	3.0	1.3330000000000002	4.667	2.0
777	1.0	2.0	1.0	2.0	0.0	3.0	1.0
778	1.0	0.0	1.0	0.0	0.3330000000000002	2.667	1.0
779	1.0	2.0	1.0	2.0	1.3330000000000002	4.667	2.0
780	1.0	0.0	1.0	0.0	1.0	2.0	1.0
781	1.0	2.0	1.0	2.0	0.3330000000000002	2.667	1.0
782	0.0	2.0	0.0	2.0	1.3330000000000002	4.667	2.0
783	1.0	1.0	1.0	1.0	2.4	3.6	2.0
784	1.0	1.0	1.0	1.0	1.0	2.0	1.0
785	0.0	2.0	0.0	2.0	1.3330000000000002	4.667	2.0
786	1.0	2.0	1.0	2.0	1.3330000000000002	4.667	2.0
787	1.0	2.0	1.0	2.0	1.3330000000000002	4.667	2.0
788	1.0	2.0	1.0	2.0	1.3330000000000002	4.667	2.0
789	0.0	0.0	0.0	0.0	0.0	0.0	0.0
790	0.0	3.0	0.0	3.0	1.3330000000000002	4.667	2.0
791	1.0	0.0	1.0	0.0	0.3330000000000002	2.667	1.0
792	0.0	0.0	0.0	0.0	0.0	0.0	0.0
793	0.0	0.0	0.0	0.0	0.0	0.0	0.0
794	1.0	2.0	1.0	2.0	1.6680000000000001	4.332	2.0
795	2.0	1.0	2.0	1.0	2.0	4.0	2.0
796	1.0	0.0	1.0	0.0	0.3330000000000002	2.667	1.0
797	1.0	2.0	1.0	2.0	1.3330000000000002	4.667	2.0
798	1.0	1.0	1.0	1.0	1.0	2.0	1.0
799	1.0	0.0	1.0	0.0	0.3330000000000002	2.667	1.0
800	1.0	0.0	1.0	0.0	1.0	2.0	1.0
801	1.0	2.0	1.0	2.0	2.0	4.0	2.0
802	1.0	0.0	1.0	0.0	0.3330000000000002	2.667	1.0
803	0.0	0.0	0.0	0.0	0.0	0.0	0.0
804	1.0	1.0	1.0	1.0	1.3330000000000002	4.667	2.0
805	0.0	0.0	0.0	0.0	0.0	0.0	0.0
806	1.0	0.0	1.0	0.0	1.0	2.0	1.0
807	0.0	0.0	0.0	0.0	0.0	0.0	0.0
808	1.0	2.0	1.0	2.0	1.3330000000000002	4.667	2.0
809	0.0	0.0	0.0	0.0	0.0	0.0	0.0
810	1.0	0.0	1.0	0.0	0.3330000000000002	2.667	1.0
811	0.0	1.0	0.0	1.0	1.0	2.0	1.0
812	1.0	0.0	1.0	0.0	0.3330000000000002	2.667	1.0
813	0.0	1.0	0.0	1.0	0.6680000000000001	2.332	1.0
814	0.0	1.0	0.0	1.0	1.0	2.0	1.0
815	1.0	0.0	1.0	0.0	1.0	2.0	1.0
816	1.0	2.0	1.0	2.0	1.733	4.2669999999999995	2.0
817	0.0	0.0	0.0	0.0	0.0	0.0	0.0
818	1.0	0.0	1.0	0.0	1.0	2.0	1.0
819	0.0	1.0	0.0	1.0	1.0	2.0	1.0
820	2.0	0.0	2.0	0.0	1.6680000000000001	4.332	2.0
821	1.0	0.0	1.0	0.0	0.3330000000000002	2.667	1.0
822	1.0	0.0	1.0	0.0	1.0	2.0	1.0
823	0.0	0.0	0.0	0.0	0.0	0.0	0.0
824	0.0	0.0	0.0	0.0	0.0	0.0	0.0
825	0.0	2.0	0.0	2.0	0.0	3.0	1.0
826	1.0	0.0	1.0	0.0	1.0	2.0	1.0
827	0.0	0.0	0.0	0.0	0.0	0.0	0.0
828	1.0	0.0	1.0	0.0	1.0	2.0	1.0
829	2.0	0.0	2.0	0.0	1.6680000000000001	4.332	2.0
830	0.0	0.0	0.0	0.0	0.0	0.0	0.0
831	2.0	0.0	2.0	0.0	0.6680000000000001	2.332	1.0
832	0.0	0.0	0.0	0.0	0.0	0.0	0.0
833	0.0	0.0	0.0	0.0	0.0	0.0	0.0
834	1.0	0.0	1.0	0.0	1.0	2.0	1.0
835	1.0	0.0	1.0	0.0	1.0	2.0	1.0
836	1.0	0.0	1.0	0.0	0.3330000000000002	2.667	1.0
837	1.0	0.0	1.0	0.0	0.3330000000000002	2.667	1.0
838	1.0	0.0	1.0	0.0	1.0	2.0	1.0
839	1.0	0.0	1.0	0.0	1.0	2.0	1.0
840	0.0	0.0	0.0	0.0	0.0	0.0	0.0
841	1.0	0.0	1.0	0.0	1.0	2.0	1.0
842	0.0	1.0	0.0	1.0	1.0	2.0	1.0
843	0.0	0.0	0.0	0.0	0.0	0.0	0.0
844	0.0	0.0	0.0	0.0	0.0	0.0	0.0
845	0.0	0.0	0.0	0.0	0.0	0.0	0.0
846	1.0	0.0	1.0	0.0	0.3330000000000002	2.667	1.0
847	0.0	0.0	0.0	0.0	0.0	0.0	0.0
848	0.0	0.0	0.0	0.0	0.0	0.0	0.0
849	0.0	0.0	0.0	0.0	0.0	0.0	0.0
850	0.0	2.0	0.0	2.0	0.6680000000000001	2.332	1.0
851	0.0	0.0	0.0	0.0	0.0	0.0	0.0
852	1.0	0.0	1.0	0.0	0.3330000000000002	2.667	1.0
853	1.0	0.0	1.0	0.0	0.3330000000000002	2.667	1.0
854	0.0	0.0	0.0	0.0	0.0	0.0	0.0
855	1.0	0.0	1.0	0.0	0.3330000000000002	2.667	1.0
856	1.0	0.0	1.0	0.0	0.3330000000000002	2.667	1.0
857	0.0	0.0	0.0	0.0	0.0	0.0	0.0
858	0.0	0.0	0.0	0.0	0.0	0.0	0.0
859	0.0	0.0	0.0	0.0	0.0	0.0	0.0
860	0.0	0.0	0.0	0.0	0.0	0.0	0.0
861	1.0	0.0	1.0	0.0	0.3330000000000002	2.667	1.0
862	1.0	0.0	1.0	0.0	0.3330000000000002	2.667	1.0
863	1.0	0.0	1.0	0.0	1.0	2.0	1.0
864	0.0	1.0	0.0	1.0	0.0	3.0	1.0
865	0.0	2.0	0.0	2.0	1.0	2.0	1.0
866	1.0	1.0	1.0	1.0	1.3330000000000002	4.667	2.0
867	1.0	0.0	1.0	0.0	1.0	2.0	1.0
868	1.0	2.0	1.0	2.0	1.4	1.6	1.0
869	1.0	1.0	1.0	1.0	1.3330000000000002	4.667	2.0
870	0.0	0.0	0.0	0.0	0.0	0.0	0.0
871	0.0	0.0	0.0	0.0	0.0	0.0	0.0
872	0.0	0.0	0.0	0.0	0.0	0.0	0.0
873	0.0	0.0	0.0	0.0	0.0	0.0	0.0
874	0.0	0.0	0.0	0.0	0.0	0.0	0.0
875	0.0	0.0	0.0	0.0	0.0	0.0	0.0
876	0.0	0.0	0.0	0.0	0.0	0.0	0.0
877	1.0	1.0	1.0	1.0	0.3330000000000002	2.667	1.0
878	1.0	2.0	1.0	2.0	0.3330000000000002	2.667	1.0
879	1.0	0.0	1.0	0.0	0.3330000000000002	2.667	1.0
880	1.0	2.0	1.0	2.0	1.3330000000000002	4.667	2.0
881	0.0	0.0	0.0	0.0	0.0	0.0	0.0
882	0.0	0.0	0.0	0.0	0.0	0.0	0.0
883	1.0	2.0	1.0	2.0	1.0	2.0	1.0
884	0.0	1.0	0.0	1.0	0.3330000000000002	2.667	1.0
885	1.0	2.0	1.0	2.0	1.3330000000000002	4.667	2.0
886	0.0	0.0	0.0	0.0	0.0	0.0	0.0
887	1.0	0.0	1.0	0.0	1.0	2.0	1.0
888	1.0	0.0	1.0	0.0	0.6680000000000001	2.332	1.0
889	1.0	0.0	1.0	0.0	0.3330000000000002	2.667	1.0
890	0.0	1.0	0.0	1.0	0.3330000000000002	2.667	1.0
891	0.0	1.0	0.0	1.0	0.3330000000000002	2.667	1.0
892	0.0	2.0	0.0	2.0	1.3330000000000002	4.667	2.0
893	0.0	0.0	0.0	0.0	0.0	0.0	0.0
894	0.0	0.0	0.0	0.0	0.0	0.0	0.0
895	0.0	0.0	0.0	0.0	0.0	0.0	0.0
896	1.0	0.0	1.0	0.0	1.0	2.0	1.0
897	0.0	0.0	0.0	0.0	0.0	0.0	0.0
898	1.0	0.0	1.0	0.0	1.0	2.0	1.0
899	1.0	0.0	1.0	0.0	0.3330000000000002	2.667	1.0
900	1.0	0.0	1.0	0.0	0.6680000000000001	2.332	1.0
901	1.0	1.0	1.0	1.0	1.733	4.2669999999999995	2.0
902	0.0	2.0	0.0	2.0	0.6660000000000004	5.334	2.0
903	1.0	2.0	1.0	2.0	1.6680000000000001	4.332	2.0
904	0.0	1.0	0.0	1.0	1.0	2.0	1.0
905	1.0	2.0	1.0	2.0	1.3330000000000002	4.667	2.0
906	0.0	2.0	0.0	2.0	0.3330000000000002	2.667	1.0
907	0.0	0.0	0.0	0.0	0.0	0.0	0.0
908	1.0	0.0	1.0	0.0	0.3330000000000002	2.667	1.0
909	1.0	0.0	1.0	0.0	0.3330000000000002	2.667	1.0
910	0.0	1.0	0.0	1.0	0.3330000000000002	2.667	1.0
911	0.0	1.0	0.0	1.0	1.4	1.6	1.0
912	1.0	1.0	1.0	1.0	1.0	2.0	1.0
913	0.0	1.0	0.0	1.0	1.0	2.0	1.0
914	1.0	0.0	1.0	0.0	0.3330000000000002	2.667	1.0
915	0.0	0.0	0.0	0.0	0.0	0.0	0.0
916	1.0	1.0	1.0	1.0	0.3330000000000002	2.667	1.0
917	0.0	1.0	0.0	1.0	0.3330000000000002	2.667	1.0
918	1.0	0.0	1.0	0.0	1.0	2.0	1.0
919	0.0	3.0	0.0	3.0	0.6660000000000004	5.334	2.0
920	0.0	0.0	0.0	0.0	0.0	0.0	0.0
921	1.0	1.0	1.0	1.0	1.0	2.0	1.0
922	1.0	0.0	1.0	0.0	0.3330000000000002	2.667	1.0
923	0.0	1.0	0.0	1.0	0.0	3.0	1.0
924	1.0	1.0	1.0	1.0	1.6680000000000001	4.332	2.0
925	1.0	2.0	1.0	2.0	1.3330000000000002	4.667	2.0
926	0.0	3.0	0.0	3.0	1.0010000000000003	4.999	2.0
927	1.0	1.0	1.0	1.0	0.3330000000000002	2.667	1.0
