pos	Sd	Nd	Sd_tip	Nd_tip	S	N	comparisons
001	0.0	0.0	0.0	0.0	0.0	0.0	0.0
002	0.0	0.0	0.0	0.0	0.0	0.0	0.0
003	0.0	0.0	0.0	0.0	0.0	0.0	0.0
004	0.0	0.0	0.0	0.0	0.0	0.0	0.0
005	0.0	0.0	0.0	0.0	0.0	0.0	0.0
006	0.0	0.0	0.0	0.0	0.0	0.0	0.0
007	0.0	0.0	0.0	0.0	0.0	0.0	0.0
008	0.0	0.0	0.0	0.0	0.0	0.0	0.0
009	0.0	0.0	0.0	0.0	0.0	0.0	0.0
010	0.0	0.0	0.0	0.0	0.0	0.0	0.0
011	0.0	0.0	0.0	0.0	0.0	0.0	0.0
012	0.0	0.0	0.0	0.0	0.0	0.0	0.0
013	0.0	0.0	0.0	0.0	0.0	0.0	0.0
014	0.0	0.0	0.0	0.0	0.0	0.0	0.0
015	0.0	0.0	0.0	0.0	0.0	0.0	0.0
016	0.0	0.0	0.0	0.0	0.0	0.0	0.0
017	0.0	0.0	0.0	0.0	0.0	0.0	0.0
018	0.0	0.0	0.0	0.0	0.0	0.0	0.0
019	0.0	0.0	0.0	0.0	0.0	0.0	0.0
020	0.0	0.0	0.0	0.0	0.0	0.0	0.0
021	0.0	0.0	0.0	0.0	0.0	0.0	0.0
022	0.0	0.0	0.0	0.0	0.0	0.0	0.0
023	0.0	0.0	0.0	0.0	0.0	0.0	0.0
024	0.0	0.0	0.0	0.0	0.0	0.0	0.0
025	0.0	0.0	0.0	0.0	0.0	0.0	0.0
026	0.0	0.0	0.0	0.0	0.0	0.0	0.0
027	0.0	0.0	0.0	0.0	0.0	0.0	0.0
028	0.0	0.0	0.0	0.0	0.0	0.0	0.0
029	0.0	0.0	0.0	0.0	0.0	0.0	0.0
030	0.0	0.0	0.0	0.0	0.0	0.0	0.0
031	0.0	0.0	0.0	0.0	0.0	0.0	0.0
032	0.0	0.0	0.0	0.0	0.0	0.0	0.0
033	0.0	0.0	0.0	0.0	0.0	0.0	0.0
034	0.0	0.0	0.0	0.0	0.0	0.0	0.0
035	0.0	3.0	0.0	3.0	0.3330000000000002	2.667	1.0
036	2.0	2.0	1.0	2.0	1.3330000000000002	4.667	1.0
037	1.0	2.0	1.0	2.0	1.0	2.0	1.0
038	0.0	3.0	0.0	1.0	0.9990000000000006	8.001	1.0
039	3.0	1.0	3.0	1.0	3.668	8.332	4.0
040	3.0	0.0	3.0	0.0	2.0040000000000004	6.9959999999999996	3.0
041	1.0	0.0	1.0	0.0	0.3330000000000002	2.667	1.0
042	2.0	0.0	2.0	0.0	2.0	4.0	2.0
043	2.0	0.0	1.0	0.0	0.6660000000000004	5.334	1.0
044	0.0	0.0	0.0	0.0	0.0	0.0	0.0
045	1.0	0.0	1.0	0.0	1.0	2.0	1.0
046	2.0	2.0	1.0	1.0	4.0	8.0	2.0
047	1.0	0.0	0.0	0.0	1.0	2.0	0.0
048	2.0	2.0	0.0	2.0	2.6660000000000004	9.334	2.0
049	4.0	0.0	1.0	0.0	2.3360000000000003	6.664	1.0
050	2.0	2.0	1.0	2.0	2.668	6.332	2.0
051	3.0	0.0	2.0	0.0	3.0	6.0	2.0
052	2.0	0.0	2.0	0.0	2.4	3.6	2.0
053	0.0	0.0	0.0	0.0	0.0	0.0	0.0
054	1.0	1.0	0.0	1.0	1.0010000000000003	4.999	1.0
055	3.0	0.0	2.0	0.0	3.068	5.932	2.0
056	3.0	0.0	2.0	0.0	3.0	6.0	2.0
057	3.0	0.0	2.0	0.0	3.0	6.0	2.0
058	0.0	0.0	0.0	0.0	0.0	0.0	0.0
059	0.0	4.0	0.0	2.0	0.9990000000000006	8.001	1.0
060	2.0	0.0	1.0	0.0	2.4	3.6	1.0
061	1.0	0.0	0.0	0.0	0.3330000000000002	2.667	0.0
062	1.0	3.0	1.0	2.0	1.9990000000000006	10.001	3.0
063	3.0	2.0	3.0	2.0	5.0	10.0	5.0
064	1.0	1.0	1.0	1.0	1.3330000000000002	4.667	2.0
065	1.0	0.0	1.0	0.0	1.0	2.0	1.0
066	3.0	0.0	1.0	0.0	3.0	6.0	1.0
067	2.0	0.0	2.0	0.0	1.6680000000000001	4.332	2.0
068	2.0	0.0	1.0	0.0	2.0	4.0	1.0
069	2.0	2.0	0.0	0.0	3.068	5.932	0.0
070	1.0	0.0	0.0	0.0	1.0	2.0	0.0
071	2.0	2.0	2.0	2.0	2.668	6.332	3.0
072	1.0	0.0	1.0	0.0	0.3330000000000002	2.667	1.0
073	1.0	0.0	0.0	0.0	0.6680000000000001	2.332	0.0
074	2.0	1.0	2.0	1.0	3.0	6.0	3.0
075	1.0	0.0	1.0	0.0	0.6680000000000001	2.332	1.0
076	0.0	0.0	0.0	0.0	0.0	0.0	0.0
077	3.0	0.0	2.0	0.0	0.9990000000000006	8.001	2.0
078	0.0	0.0	0.0	0.0	0.0	0.0	0.0
079	1.0	0.0	1.0	0.0	0.3330000000000002	2.667	1.0
080	3.0	0.0	1.0	0.0	3.0	6.0	1.0
081	1.0	0.0	0.0	0.0	0.3330000000000002	2.667	0.0
082	4.0	2.0	2.0	2.0	3.0	9.0	2.0
083	2.0	1.0	1.0	1.0	3.0	6.0	2.0
084	2.0	3.0	2.0	3.0	1.3330000000000002	4.667	2.0
085	3.0	0.0	1.0	0.0	3.0	6.0	1.0
086	2.0	0.0	1.0	0.0	2.0	4.0	1.0
087	4.0	0.0	3.0	0.0	4.0	8.0	3.0
088	2.0	0.0	1.0	0.0	0.6660000000000004	5.334	1.0
089	1.0	0.0	1.0	0.0	1.0	2.0	1.0
090	3.0	0.0	2.0	0.0	3.0	6.0	2.0
091	2.0	0.0	1.0	0.0	1.3360000000000003	4.664	1.0
092	3.0	0.0	2.0	0.0	1.6680000000000001	4.332	1.0
093	2.0	0.0	2.0	0.0	2.0	4.0	2.0
094	3.0	0.0	3.0	0.0	4.199999999999999	4.800000000000001	3.0
095	1.0	0.0	0.0	0.0	0.3330000000000002	2.667	0.0
096	2.0	0.0	1.0	0.0	0.6660000000000004	5.334	1.0
097	3.0	0.0	2.0	0.0	3.0	6.0	2.0
098	2.0	0.0	2.0	0.0	2.8	3.2	2.0
099	3.0	1.0	2.0	1.0	3.0	6.0	2.0
100	2.0	0.0	2.0	0.0	1.6680000000000001	4.332	2.0
101	1.0	0.0	1.0	0.0	1.0	2.0	1.0
102	3.0	3.0	2.0	2.0	5.068	9.931999999999999	4.0
103	2.0	2.0	2.0	0.0	3.333	8.667	2.0
104	0.0	0.0	0.0	0.0	0.0	0.0	0.0
105	2.0	2.0	1.0	1.0	2.0	4.0	1.0
106	1.0	1.0	1.0	1.0	1.0	2.0	1.0
107	1.0	2.0	1.0	1.0	0.9990000000000006	8.001	2.0
108	4.0	0.0	4.0	0.0	4.0	8.0	4.0
109	4.0	1.0	3.0	1.0	3.0040000000000004	8.995999999999999	3.0
110	2.0	0.0	1.0	0.0	0.6660000000000004	5.334	1.0
111	3.0	0.0	2.0	0.0	3.0	6.0	2.0
112	3.0	0.0	2.0	0.0	0.9990000000000006	8.001	2.0
113	1.0	0.0	0.0	0.0	0.3330000000000002	2.667	0.0
114	3.0	0.0	3.0	0.0	3.0	6.0	3.0
115	3.0	0.0	1.0	0.0	3.0	6.0	1.0
116	2.0	1.0	2.0	1.0	0.6660000000000004	5.334	2.0
117	1.0	0.0	0.0	0.0	0.3330000000000002	2.667	0.0
118	1.0	0.0	0.0	0.0	1.0	2.0	0.0
119	1.0	3.0	1.0	3.0	1.6680000000000001	4.332	2.0
120	0.0	0.0	0.0	0.0	0.0	0.0	0.0
121	1.0	0.0	1.0	0.0	0.3330000000000002	2.667	1.0
122	2.0	0.0	2.0	0.0	0.6680000000000001	2.332	1.0
123	1.0	0.0	1.0	0.0	0.3330000000000002	2.667	1.0
124	0.0	1.0	0.0	1.0	0.6680000000000001	2.332	1.0
125	2.0	0.0	1.0	0.0	2.0	4.0	1.0
126	2.0	0.0	2.0	0.0	2.0	4.0	2.0
127	1.0	0.0	0.0	0.0	1.0	2.0	0.0
128	2.0	1.0	2.0	1.0	1.3330000000000002	4.667	2.0
129	2.0	0.0	1.0	0.0	2.0	4.0	1.0
130	0.0	1.0	0.0	1.0	1.0	2.0	1.0
131	3.0	0.0	3.0	0.0	3.0	6.0	3.0
132	2.0	2.0	1.0	2.0	3.3360000000000003	8.664	3.0
133	2.0	1.0	1.0	1.0	3.0	6.0	2.0
134	3.0	1.0	2.0	1.0	3.0	6.0	2.0
135	2.0	0.0	2.0	0.0	2.0	4.0	2.0
136	0.0	0.0	0.0	0.0	0.0	0.0	0.0
137	1.0	1.0	0.0	1.0	2.0	4.0	1.0
138	2.0	0.0	1.0	0.0	0.6660000000000004	5.334	1.0
139	3.0	0.0	2.0	0.0	1.6680000000000001	4.332	1.0
140	3.0	2.0	2.0	0.0	5.4	9.6	2.0
141	2.0	1.0	2.0	1.0	2.3360000000000003	6.664	3.0
142	4.0	0.0	2.0	0.0	4.0	8.0	2.0
143	3.0	0.0	1.0	0.0	3.068	5.932	1.0
144	2.0	0.0	1.0	0.0	0.6660000000000004	5.334	1.0
145	3.0	0.0	1.0	0.0	3.0	6.0	1.0
146	2.0	0.0	1.0	0.0	0.6660000000000004	5.334	1.0
147	2.0	0.0	1.0	0.0	2.0	4.0	1.0
148	3.0	3.0	1.0	2.0	4.0040000000000004	10.995999999999999	3.0
149	2.0	0.0	1.0	0.0	0.6660000000000004	5.334	1.0
150	2.0	2.0	0.0	2.0	0.9990000000000006	8.001	1.0
151	2.0	0.0	2.0	0.0	2.0	4.0	2.0
152	3.0	0.0	2.0	0.0	3.0	6.0	2.0
153	1.0	0.0	0.0	0.0	1.0	2.0	0.0
154	2.0	0.0	0.0	0.0	0.6660000000000004	5.334	0.0
155	3.0	0.0	2.0	0.0	3.0	6.0	2.0
156	2.0	0.0	1.0	0.0	0.6660000000000004	5.334	1.0
157	3.0	0.0	2.0	0.0	3.0	6.0	2.0
158	1.0	0.0	1.0	0.0	0.3330000000000002	2.667	1.0
159	1.0	0.0	1.0	0.0	0.3330000000000002	2.667	1.0
160	0.0	0.0	0.0	0.0	0.0	0.0	0.0
161	4.0	0.0	4.0	0.0	4.4	7.6	4.0
162	6.0	0.0	3.0	0.0	4.072000000000001	10.928	2.0
163	1.0	0.0	0.0	0.0	0.3330000000000002	2.667	0.0
164	1.0	0.0	0.0	0.0	0.3330000000000002	2.667	0.0
165	3.0	4.0	2.0	2.0	2.998000000000001	18.002	4.0
166	1.0	0.0	0.0	0.0	1.0	2.0	0.0
167	0.0	3.0	0.0	2.0	1.3360000000000003	7.664	2.0
168	2.0	0.0	2.0	0.0	2.0	4.0	2.0
169	2.0	0.0	1.0	0.0	0.6660000000000004	5.334	1.0
170	2.0	0.0	1.0	0.0	2.0	4.0	1.0
171	3.0	0.0	3.0	0.0	3.0	6.0	3.0
172	2.0	0.0	1.0	0.0	2.8	3.2	1.0
173	0.0	0.0	0.0	0.0	0.0	0.0	0.0
174	1.0	0.0	1.0	0.0	0.3330000000000002	2.667	1.0
175	1.0	0.0	0.0	0.0	0.3330000000000002	2.667	0.0
176	1.0	0.0	0.0	0.0	1.0	2.0	0.0
177	0.0	0.0	0.0	0.0	0.0	0.0	0.0
178	1.0	0.0	1.0	0.0	1.0	2.0	1.0
179	1.0	0.0	1.0	0.0	0.6680000000000001	2.332	1.0
180	0.0	0.0	0.0	0.0	0.0	0.0	0.0
181	1.0	0.0	1.0	0.0	0.3330000000000002	2.667	1.0
182	1.0	0.0	1.0	0.0	1.0	2.0	1.0
183	2.0	0.0	2.0	0.0	0.6660000000000004	5.334	2.0
184	3.0	1.0	3.0	1.0	3.333	8.667	4.0
185	3.0	0.0	2.0	0.0	2.3360000000000003	6.664	2.0
186	1.0	0.0	0.0	0.0	1.0	2.0	0.0
187	3.0	1.0	1.0	1.0	4.133	7.867	2.0
188	2.0	0.0	1.0	0.0	2.0	4.0	1.0
189	1.0	0.0	1.0	0.0	0.3330000000000002	2.667	1.0
190	0.0	0.0	0.0	0.0	0.0	0.0	0.0
191	3.0	1.0	2.0	0.0	4.0	8.0	2.0
192	1.0	1.0	1.0	1.0	2.0	4.0	2.0
193	2.0	0.0	2.0	0.0	0.6660000000000004	5.334	2.0
194	1.0	0.0	1.0	0.0	1.0	2.0	1.0
195	2.0	5.0	2.0	4.0	3.668	8.332	3.0
196	4.0	0.0	2.0	0.0	4.0	8.0	2.0
197	2.0	0.0	1.0	0.0	2.0	4.0	1.0
198	2.0	4.0	2.0	4.0	4.0	8.0	4.0
199	2.0	0.0	2.0	0.0	0.6660000000000004	5.334	2.0
200	1.0	1.0	0.0	1.0	2.0	4.0	1.0
201	1.0	0.0	1.0	0.0	1.0	2.0	1.0
202	4.0	0.0	2.0	0.0	4.0	8.0	2.0
203	2.0	0.0	2.0	0.0	0.6660000000000004	5.334	2.0
204	1.0	0.0	1.0	0.0	1.0	2.0	1.0
205	2.0	2.0	2.0	1.0	1.9990000000000006	10.001	3.0
206	4.0	1.0	3.0	1.0	2.668	6.332	2.0
207	2.0	0.0	2.0	0.0	0.6660000000000004	5.334	2.0
208	1.0	0.0	1.0	0.0	0.3330000000000002	2.667	1.0
209	1.0	2.0	1.0	2.0	2.0	4.0	2.0
210	2.0	2.0	1.0	1.0	1.3320000000000007	10.668	2.0
211	1.0	2.0	0.0	2.0	2.333	6.667	2.0
212	3.0	1.0	3.0	1.0	3.4010000000000002	8.599	4.0
213	3.0	4.0	2.0	3.0	6.5329999999999995	11.466999999999999	4.0
214	4.0	2.0	3.0	2.0	3.4	5.6	2.0
215	3.0	3.0	0.0	3.0	4.668	10.332	2.0
216	2.0	1.0	1.0	1.0	3.0	6.0	2.0
217	1.0	1.0	1.0	1.0	1.0	2.0	1.0
218	2.0	0.0	2.0	0.0	2.0	4.0	2.0
219	3.0	0.0	2.0	0.0	2.668	6.332	2.0
220	1.0	0.0	1.0	0.0	0.3330000000000002	2.667	1.0
221	2.0	0.0	1.0	0.0	2.0	4.0	1.0
222	1.0	3.0	1.0	2.0	1.3320000000000007	10.668	3.0
223	1.0	0.0	1.0	0.0	1.0	2.0	1.0
224	0.0	0.0	0.0	0.0	0.0	0.0	0.0
225	2.0	0.0	2.0	0.0	2.0	4.0	2.0
226	3.0	0.0	3.0	0.0	1.3360000000000003	4.664	2.0
227	2.0	0.0	1.0	0.0	2.0	4.0	1.0
228	2.0	0.0	1.0	0.0	2.0	4.0	1.0
229	3.0	0.0	2.0	0.0	3.468	5.532	2.0
230	0.0	0.0	0.0	0.0	0.0	0.0	0.0
231	0.0	0.0	0.0	0.0	0.0	0.0	0.0
232	3.0	0.0	0.0	0.0	3.0	6.0	0.0
233	2.0	0.0	1.0	0.0	2.0	4.0	1.0
234	1.0	0.0	1.0	0.0	0.3330000000000002	2.667	1.0
235	0.0	0.0	0.0	0.0	0.0	0.0	0.0
236	2.0	2.0	1.0	2.0	3.3360000000000003	8.664	3.0
237	2.0	0.0	2.0	0.0	2.0	4.0	2.0
238	2.0	0.0	1.0	0.0	0.6660000000000004	5.334	1.0
239	3.0	0.0	2.0	0.0	3.0	6.0	2.0
240	3.0	0.0	2.0	0.0	3.0	6.0	2.0
241	3.0	0.0	3.0	0.0	3.0	6.0	3.0
242	1.0	0.0	1.0	0.0	1.0	2.0	1.0
243	2.0	0.0	2.0	0.0	0.6660000000000004	5.334	2.0
244	4.0	0.0	1.0	0.0	4.0	8.0	1.0
245	3.0	1.0	3.0	1.0	3.668	8.332	4.0
246	1.0	0.0	1.0	0.0	0.3330000000000002	2.667	1.0
247	1.0	0.0	1.0	0.0	1.4	1.6	1.0
248	2.0	0.0	0.0	0.0	2.0	4.0	0.0
249	1.0	0.0	1.0	0.0	0.3330000000000002	2.667	1.0
250	1.0	0.0	1.0	0.0	0.3330000000000002	2.667	1.0
251	2.0	1.0	2.0	1.0	3.0	6.0	3.0
252	3.0	0.0	1.0	0.0	3.0	6.0	1.0
253	4.0	2.0	2.0	2.0	2.6670000000000007	12.332999999999998	3.0
254	2.0	0.0	1.0	0.0	2.0	4.0	1.0
255	3.0	0.0	3.0	0.0	3.0	6.0	3.0
256	3.0	0.0	3.0	0.0	0.9990000000000006	8.001	3.0
257	3.0	0.0	1.0	0.0	3.0	6.0	1.0
258	2.0	1.0	2.0	1.0	1.3330000000000002	4.667	2.0
259	2.0	4.0	1.0	2.0	4.333	10.667	2.0
260	4.0	0.0	0.0	0.0	3.736	8.264	0.0
261	1.0	0.0	1.0	0.0	0.3330000000000002	2.667	1.0
262	3.0	1.0	2.0	1.0	3.333	8.667	3.0
263	3.0	0.0	1.0	0.0	3.4	5.6	1.0
264	2.0	0.0	1.0	0.0	0.6660000000000004	5.334	1.0
265	3.0	5.0	2.0	4.0	3.7340000000000004	11.266	3.0
266	2.0	3.0	1.0	2.0	2.6660000000000004	9.334	3.0
267	1.0	1.0	1.0	1.0	0.6660000000000004	5.334	2.0
268	1.0	4.0	0.0	3.0	1.9990000000000006	10.001	2.0
269	4.0	4.0	3.0	4.0	5.668	12.332	5.0
270	3.0	3.0	2.0	3.0	1.6660000000000004	7.334	2.0
271	1.0	4.0	1.0	4.0	2.0010000000000003	9.998999999999999	4.0
272	1.0	4.0	1.0	3.0	1.3320000000000007	10.668	3.0
273	0.0	2.0	0.0	1.0	0.6660000000000004	5.334	1.0
274	0.0	0.0	0.0	0.0	0.0	0.0	0.0
275	2.0	0.0	1.0	0.0	1.3360000000000003	4.664	1.0
276	3.0	4.0	2.0	3.0	5.668	12.332	4.0
277	1.0	5.0	1.0	5.0	1.6660000000000004	7.334	3.0
278	4.0	0.0	4.0	0.0	2.3360000000000003	6.664	3.0
279	5.0	2.0	1.0	1.0	4.6690000000000005	13.331	2.0
280	2.0	2.0	0.0	2.0	1.3320000000000007	10.668	2.0
281	2.0	1.0	2.0	1.0	0.9990000000000006	8.001	3.0
282	4.0	0.0	3.0	0.0	3.068	5.932	2.0
283	4.0	1.0	2.0	1.0	3.668	8.332	2.0
284	3.0	0.0	1.0	0.0	3.0	6.0	1.0
285	1.0	0.0	1.0	0.0	0.3330000000000002	2.667	1.0
286	1.0	1.0	1.0	1.0	0.6660000000000004	5.334	2.0
287	3.0	2.0	3.0	2.0	1.3320000000000007	10.668	4.0
288	3.0	2.0	2.0	2.0	3.333	8.667	3.0
289	0.0	0.0	0.0	0.0	0.0	0.0	0.0
290	2.0	0.0	2.0	0.0	0.6660000000000004	5.334	2.0
291	4.0	0.0	1.0	0.0	2.668	6.332	1.0
292	2.0	4.0	1.0	2.0	2.0	4.0	1.0
293	3.0	1.0	1.0	0.0	1.6660000000000004	7.334	1.0
294	1.0	0.0	1.0	0.0	0.3330000000000002	2.667	1.0
295	2.0	0.0	2.0	0.0	0.6660000000000004	5.334	2.0
296	1.0	0.0	1.0	0.0	1.0	2.0	1.0
297	2.0	1.0	2.0	1.0	1.6680000000000001	4.332	2.0
298	1.0	2.0	1.0	1.0	3.0	6.0	2.0
299	2.0	0.0	1.0	0.0	1.3360000000000003	4.664	1.0
300	2.0	0.0	1.0	0.0	2.0	4.0	1.0
301	0.0	0.0	0.0	0.0	0.0	0.0	0.0
302	1.0	2.0	0.0	2.0	0.6660000000000004	5.334	1.0
303	1.0	0.0	0.0	0.0	0.3330000000000002	2.667	0.0
304	2.0	0.0	1.0	0.0	2.0	4.0	1.0
305	2.0	2.0	1.0	2.0	0.9990000000000006	8.001	2.0
306	2.0	3.0	2.0	3.0	2.0	4.0	2.0
307	1.0	2.0	0.0	2.0	0.9990000000000006	8.001	2.0
308	2.0	0.0	2.0	0.0	2.0	4.0	2.0
309	3.0	0.0	3.0	0.0	3.068	5.932	3.0
310	4.0	0.0	2.0	0.0	3.668	8.332	2.0
311	1.0	2.0	1.0	2.0	0.3330000000000002	2.667	1.0
312	0.0	0.0	0.0	0.0	0.0	0.0	0.0
313	1.0	0.0	1.0	0.0	1.0	2.0	1.0
314	1.0	0.0	1.0	0.0	0.3330000000000002	2.667	1.0
315	2.0	0.0	0.0	0.0	2.0	4.0	0.0
316	3.0	1.0	1.0	1.0	4.0	8.0	2.0
317	3.0	0.0	1.0	0.0	3.0	6.0	1.0
318	2.0	0.0	1.0	0.0	2.0	4.0	1.0
319	1.0	5.0	1.0	5.0	1.6660000000000004	7.334	3.0
320	3.0	2.0	2.0	2.0	2.333	6.667	2.0
321	2.0	3.0	1.0	1.0	3.0010000000000003	8.998999999999999	2.0
322	2.0	2.0	0.0	2.0	4.0	8.0	2.0
323	3.0	1.0	2.0	1.0	3.668	8.332	3.0
324	2.0	5.0	2.0	4.0	1.9990000000000006	10.001	3.0
325	1.0	2.0	1.0	2.0	0.9990000000000006	8.001	3.0
326	2.0	0.0	2.0	0.0	1.6680000000000001	4.332	2.0
327	2.0	5.0	1.0	4.0	2.000000000000001	12.999999999999998	3.0
328	1.0	3.0	0.0	2.0	3.333	8.667	2.0
329	2.0	6.0	1.0	3.0	3.668000000000001	17.331999999999997	4.0
330	1.0	5.0	1.0	4.0	5.668	12.332	5.0
331	1.0	4.0	1.0	3.0	2.000000000000001	13.0	4.0
332	0.0	0.0	0.0	0.0	0.0	0.0	0.0
333	1.0	4.0	0.0	3.0	2.9990000000000006	12.001	3.0
334	1.0	5.0	0.0	4.0	3.3340000000000005	11.666	4.0
335	3.0	2.0	2.0	2.0	3.333	8.667	3.0
336	1.0	4.0	1.0	3.0	3.0	9.0	3.0
337	2.0	0.0	2.0	0.0	0.6660000000000004	5.334	2.0
338	1.0	1.0	0.0	1.0	1.6680000000000001	4.332	1.0
339	2.0	2.0	2.0	2.0	1.3330000000000002	4.667	2.0
340	2.0	0.0	1.0	0.0	2.0	4.0	1.0
341	2.0	0.0	2.0	0.0	2.4	3.6	2.0
342	3.0	0.0	2.0	0.0	2.668	6.332	2.0
343	2.0	4.0	1.0	3.0	2.9990000000000006	12.001	3.0
344	1.0	0.0	1.0	0.0	0.3330000000000002	2.667	1.0
345	2.0	2.0	2.0	2.0	3.0	6.0	3.0
346	1.0	2.0	1.0	1.0	0.9990000000000006	8.001	2.0
347	1.0	0.0	1.0	0.0	0.3330000000000002	2.667	1.0
348	3.0	2.0	1.0	2.0	4.0	8.0	2.0
349	3.0	0.0	3.0	0.0	0.9990000000000006	8.001	3.0
350	0.0	1.0	0.0	1.0	0.3330000000000002	2.667	1.0
351	0.0	0.0	0.0	0.0	0.0	0.0	0.0
352	3.0	2.0	2.0	1.0	4.0	8.0	2.0
353	2.0	0.0	1.0	0.0	0.6660000000000004	5.334	1.0
354	3.0	2.0	2.0	2.0	2.0010000000000003	6.999	2.0
355	2.0	6.0	1.0	3.0	5.001	12.999	3.0
356	1.0	0.0	0.0	0.0	1.0	2.0	0.0
357	1.0	0.0	1.0	0.0	1.0	2.0	1.0
358	3.0	3.0	1.0	3.0	5.4	9.6	3.0
359	1.0	0.0	0.0	0.0	0.3330000000000002	2.667	0.0
360	2.0	0.0	0.0	0.0	2.4	3.6	0.0
361	3.0	2.0	1.0	2.0	3.0010000000000003	8.998999999999999	2.0
362	3.0	1.0	0.0	1.0	3.0010000000000003	8.998999999999999	1.0
363	3.0	0.0	1.0	0.0	3.0	6.0	1.0
364	4.0	0.0	4.0	0.0	3.736	8.264	4.0
365	2.0	0.0	2.0	0.0	2.0	4.0	2.0
366	3.0	2.0	1.0	2.0	3.6660000000000004	11.334	3.0
367	2.0	3.0	2.0	1.0	1.9990000000000006	10.001	2.0
368	1.0	0.0	1.0	0.0	1.4	1.6	1.0
369	4.0	0.0	3.0	0.0	4.468	7.532	3.0
370	4.0	2.0	1.0	1.0	4.0	8.0	1.0
371	0.0	3.0	0.0	1.0	0.6660000000000004	5.334	1.0
372	2.0	0.0	1.0	0.0	0.6660000000000004	5.334	1.0
373	4.0	0.0	1.0	0.0	3.736	8.264	1.0
374	2.0	1.0	1.0	1.0	2.733	6.2669999999999995	2.0
375	3.0	2.0	1.0	1.0	2.333	6.667	1.0
376	3.0	1.0	1.0	1.0	4.068	7.9319999999999995	2.0
377	1.0	1.0	1.0	1.0	0.6660000000000004	5.334	2.0
378	0.0	0.0	0.0	0.0	0.0	0.0	0.0
379	0.0	0.0	0.0	0.0	0.0	0.0	0.0
380	1.0	3.0	0.0	2.0	2.4	6.6	1.0
381	3.0	1.0	2.0	0.0	4.0	8.0	2.0
382	1.0	5.0	0.0	3.0	2.3320000000000007	12.668	3.0
383	2.0	7.0	1.0	3.0	3.3340000000000005	11.666	3.0
384	1.0	6.0	0.0	4.0	4.9990000000000006	16.000999999999998	4.0
385	1.0	5.0	1.0	2.0	2.333000000000001	15.666999999999998	3.0
386	0.0	2.0	0.0	2.0	1.0	2.0	1.0
387	1.0	4.0	0.0	3.0	1.3320000000000007	10.668	2.0
388	2.0	2.0	2.0	2.0	2.333	6.667	3.0
389	1.0	4.0	1.0	2.0	4.068	7.932	2.0
390	2.0	1.0	0.0	1.0	0.9990000000000006	8.001	1.0
391	1.0	6.0	1.0	4.0	3.3320000000000007	14.668	4.0
392	1.0	2.0	1.0	2.0	1.6680000000000001	4.332	2.0
393	1.0	2.0	0.0	2.0	2.333	6.667	2.0
394	2.0	1.0	1.0	0.0	1.3330000000000002	4.667	1.0
395	0.0	6.0	0.0	3.0	2.3320000000000007	12.668	3.0
396	2.0	1.0	1.0	1.0	0.9990000000000006	8.001	2.0
397	1.0	3.0	1.0	2.0	3.0	9.0	3.0
398	3.0	3.0	1.0	1.0	2.6660000000000004	9.334	1.0
399	3.0	0.0	2.0	0.0	3.068	5.932	2.0
400	3.0	1.0	2.0	1.0	3.668	8.332	3.0
401	1.0	2.0	1.0	1.0	0.6660000000000004	5.334	1.0
402	2.0	0.0	2.0	0.0	2.0	4.0	2.0
403	2.0	1.0	1.0	1.0	2.3360000000000003	6.664	2.0
404	2.0	1.0	2.0	0.0	3.0	6.0	2.0
405	2.0	1.0	1.0	1.0	2.0	4.0	1.0
406	2.0	0.0	2.0	0.0	1.0	2.0	1.0
407	4.0	0.0	2.0	0.0	2.668	6.332	2.0
408	1.0	3.0	1.0	3.0	1.3340000000000005	7.6659999999999995	3.0
409	2.0	0.0	2.0	0.0	0.6660000000000004	5.334	2.0
410	2.0	2.0	2.0	2.0	0.9990000000000006	8.001	3.0
411	1.0	0.0	1.0	0.0	0.3330000000000002	2.667	1.0
412	4.0	0.0	3.0	0.0	4.0	8.0	3.0
413	1.0	0.0	0.0	0.0	0.3330000000000002	2.667	0.0
414	2.0	0.0	2.0	0.0	2.0	4.0	2.0
415	2.0	1.0	1.0	1.0	1.3360000000000003	7.664	2.0
416	3.0	1.0	1.0	1.0	4.0	8.0	2.0
417	1.0	0.0	1.0	0.0	0.3330000000000002	2.667	1.0
418	2.0	0.0	1.0	0.0	2.4	3.6	1.0
419	5.0	0.0	4.0	0.0	4.336	10.664	4.0
420	1.0	0.0	0.0	0.0	1.0	2.0	0.0
421	3.0	2.0	3.0	1.0	4.0	8.0	3.0
422	2.0	1.0	1.0	1.0	0.9990000000000006	8.001	2.0
423	3.0	1.0	3.0	0.0	3.3360000000000003	8.664	3.0
424	1.0	0.0	1.0	0.0	1.0	2.0	1.0
425	3.0	0.0	1.0	0.0	3.0	6.0	1.0
426	0.0	2.0	0.0	0.0	0.6660000000000004	5.334	0.0
427	2.0	0.0	1.0	0.0	1.3360000000000003	4.664	1.0
428	2.0	0.0	2.0	0.0	2.0	4.0	2.0
429	3.0	4.0	1.0	4.0	4.333	10.667	3.0
430	2.0	0.0	2.0	0.0	1.6680000000000001	4.332	2.0
431	2.0	0.0	0.0	0.0	0.6660000000000004	5.334	0.0
432	3.0	2.0	1.0	2.0	3.068	11.932	3.0
433	1.0	0.0	1.0	0.0	1.0	2.0	1.0
434	1.0	3.0	1.0	2.0	0.9990000000000006	8.001	2.0
435	1.0	0.0	0.0	0.0	0.3330000000000002	2.667	0.0
436	2.0	5.0	2.0	3.0	5.068	12.931999999999999	4.0
437	1.0	2.0	1.0	1.0	0.9990000000000006	8.001	2.0
438	0.0	0.0	0.0	0.0	0.0	0.0	0.0
439	3.0	1.0	1.0	1.0	1.9990000000000006	10.001	2.0
440	3.0	3.0	3.0	2.0	5.0	10.0	4.0
441	3.0	3.0	2.0	3.0	3.0	9.0	3.0
442	2.0	3.0	1.0	3.0	3.333	8.667	3.0
443	1.0	4.0	1.0	3.0	1.9990000000000006	10.001	3.0
444	2.0	2.0	1.0	1.0	2.333	6.667	1.0
445	3.0	0.0	2.0	0.0	2.668	6.332	2.0
446	0.0	2.0	0.0	2.0	0.6660000000000004	5.334	2.0
447	3.0	0.0	2.0	0.0	3.0	6.0	2.0
448	2.0	0.0	1.0	0.0	2.4	3.6	1.0
449	1.0	0.0	0.0	0.0	1.0	2.0	0.0
450	4.0	0.0	3.0	0.0	4.4	7.6	3.0
451	1.0	0.0	1.0	0.0	0.3330000000000002	2.667	1.0
452	2.0	1.0	2.0	1.0	0.9990000000000006	8.001	3.0
453	3.0	0.0	1.0	0.0	0.9990000000000006	8.001	1.0
454	2.0	0.0	1.0	0.0	0.6660000000000004	5.334	1.0
455	1.0	3.0	1.0	2.0	1.6660000000000004	7.334	2.0
456	2.0	1.0	2.0	1.0	1.3330000000000002	4.667	2.0
457	0.0	4.0	0.0	4.0	1.6660000000000004	7.334	3.0
458	3.0	3.0	2.0	2.0	3.668	8.332	2.0
459	3.0	4.0	2.0	3.0	5.0	10.0	4.0
460	2.0	3.0	1.0	3.0	4.068	7.932	3.0
461	2.0	3.0	2.0	2.0	1.9990000000000006	10.001	3.0
462	2.0	2.0	1.0	2.0	3.333	8.667	3.0
463	1.0	3.0	0.0	3.0	1.9990000000000006	10.001	3.0
464	1.0	5.0	1.0	3.0	4.3340000000000005	13.666	4.0
465	0.0	2.0	0.0	1.0	0.6660000000000004	5.334	1.0
466	1.0	3.0	0.0	2.0	4.0	8.0	2.0
467	3.0	4.0	2.0	2.0	4.0	8.0	2.0
468	0.0	0.0	0.0	0.0	0.0	0.0	0.0
469	1.0	8.0	0.0	4.0	3.665000000000001	17.335	3.0
470	0.0	3.0	0.0	1.0	1.6660000000000004	7.334	1.0
471	2.0	4.0	1.0	4.0	2.3340000000000005	9.666	3.0
472	2.0	3.0	2.0	2.0	5.0	10.0	4.0
473	2.0	3.0	1.0	2.0	2.3340000000000005	9.666	2.0
474	3.0	1.0	2.0	1.0	4.0	8.0	3.0
475	1.0	2.0	1.0	1.0	0.9990000000000006	8.001	2.0
476	0.0	5.0	0.0	4.0	1.9990000000000006	10.001	3.0
477	2.0	2.0	2.0	2.0	2.0010000000000003	6.999	3.0
478	1.0	2.0	1.0	1.0	0.6660000000000004	5.334	1.0
479	2.0	0.0	0.0	0.0	0.6660000000000004	5.334	0.0
480	2.0	0.0	2.0	0.0	2.0	4.0	2.0
481	2.0	1.0	1.0	1.0	1.3330000000000002	4.667	1.0
482	2.0	5.0	2.0	4.0	5.0040000000000004	12.995999999999999	5.0
483	3.0	3.0	1.0	3.0	6.0	12.0	4.0
484	1.0	2.0	0.0	2.0	0.9990000000000006	8.001	2.0
485	2.0	2.0	1.0	1.0	1.6680000000000001	4.332	1.0
486	2.0	2.0	1.0	1.0	3.3360000000000003	8.664	2.0
487	0.0	0.0	0.0	0.0	0.0	0.0	0.0
488	2.0	0.0	2.0	0.0	2.4	3.6	2.0
489	3.0	0.0	1.0	0.0	3.0	6.0	1.0
490	2.0	0.0	1.0	0.0	0.6660000000000004	5.334	1.0
491	2.0	3.0	1.0	3.0	3.333	8.667	3.0
492	2.0	0.0	1.0	0.0	2.4	3.6	1.0
493	0.0	2.0	0.0	2.0	1.6680000000000001	4.332	2.0
494	1.0	0.0	1.0	0.0	0.3330000000000002	2.667	1.0
495	3.0	2.0	3.0	0.0	3.736	8.264	2.0
496	2.0	2.0	0.0	2.0	2.6660000000000004	9.334	2.0
497	3.0	2.0	2.0	1.0	4.668	10.332	3.0
498	2.0	0.0	1.0	0.0	2.0	4.0	1.0
499	2.0	1.0	0.0	1.0	3.068	5.932	1.0
500	1.0	3.0	0.0	3.0	1.3330000000000002	7.667	2.0
501	4.0	1.0	1.0	1.0	4.668	10.332	2.0
502	0.0	0.0	0.0	0.0	0.0	0.0	0.0
503	2.0	0.0	0.0	0.0	0.6660000000000004	5.334	0.0
504	0.0	0.0	0.0	0.0	0.0	0.0	0.0
505	1.0	0.0	1.0	0.0	0.3330000000000002	2.667	1.0
506	0.0	0.0	0.0	0.0	0.0	0.0	0.0
507	0.0	2.0	0.0	1.0	1.3330000000000002	4.667	1.0
508	1.0	0.0	1.0	0.0	0.3330000000000002	2.667	1.0
509	3.0	0.0	2.0	0.0	3.0	6.0	2.0
510	2.0	1.0	2.0	0.0	3.0	6.0	2.0
511	2.0	0.0	1.0	0.0	0.6660000000000004	5.334	1.0
512	0.0	6.0	0.0	2.0	2.9990000000000006	12.001	2.0
513	2.0	4.0	1.0	1.0	3.7340000000000004	14.266	2.0
514	2.0	6.0	1.0	4.0	7.0	14.0	4.0
515	4.0	2.0	3.0	2.0	4.0	8.0	3.0
516	2.0	2.0	1.0	2.0	3.0	6.0	2.0
517	2.0	3.0	0.0	1.0	3.0	6.0	1.0
518	0.0	4.0	0.0	1.0	2.6660000000000004	9.334	1.0
519	1.0	3.0	1.0	2.0	1.6660000000000004	7.334	2.0
520	1.0	3.0	1.0	0.0	3.4	5.6	1.0
521	1.0	4.0	0.0	4.0	3.333	8.667	3.0
522	2.0	1.0	1.0	1.0	1.0010000000000003	4.999	1.0
523	2.0	4.0	0.0	2.0	3.333	8.667	1.0
524	3.0	3.0	3.0	3.0	2.0010000000000003	6.999	3.0
525	1.0	1.0	1.0	1.0	1.0010000000000003	4.999	2.0
526	1.0	3.0	1.0	2.0	2.668	6.332	2.0
527	0.0	2.0	0.0	2.0	1.0	2.0	1.0
528	0.0	0.0	0.0	0.0	0.0	0.0	0.0
529	0.0	0.0	0.0	0.0	0.0	0.0	0.0
530	0.0	0.0	0.0	0.0	0.0	0.0	0.0
531	0.0	0.0	0.0	0.0	0.0	0.0	0.0
532	0.0	0.0	0.0	0.0	0.0	0.0	0.0
533	0.0	0.0	0.0	0.0	0.0	0.0	0.0
534	0.0	0.0	0.0	0.0	0.0	0.0	0.0
535	0.0	0.0	0.0	0.0	0.0	0.0	0.0
536	0.0	0.0	0.0	0.0	0.0	0.0	0.0
537	0.0	0.0	0.0	0.0	0.0	0.0	0.0
538	0.0	0.0	0.0	0.0	0.0	0.0	0.0
539	1.0	3.0	1.0	2.0	1.6660000000000004	7.334	2.0
540	0.0	2.0	0.0	2.0	0.3330000000000002	5.667	2.0
541	2.0	2.0	1.0	1.0	3.0010000000000003	8.998999999999999	2.0
542	1.0	5.0	1.0	3.0	5.333	12.667	4.0
543	3.0	4.0	1.0	2.0	4.333	10.667	2.0
544	1.0	4.0	0.0	2.0	2.670000000000001	12.329999999999998	2.0
545	2.0	6.0	1.0	3.0	4.9990000000000006	16.000999999999998	4.0
546	2.0	3.0	1.0	1.0	4.0	8.0	1.0
547	1.0	5.0	1.0	3.0	3.733	8.267	2.0
548	1.0	3.0	1.0	0.0	1.3320000000000007	10.668	1.0
549	0.0	4.0	0.0	3.0	1.9990000000000006	10.001	3.0
550	3.0	3.0	1.0	2.0	5.0	10.0	3.0
551	1.0	3.0	0.0	3.0	1.6660000000000004	7.334	2.0
552	3.0	2.0	2.0	2.0	4.0	8.0	3.0
553	1.0	0.0	0.0	0.0	1.0	2.0	0.0
554	0.0	0.0	0.0	0.0	0.0	0.0	0.0
555	2.0	2.0	2.0	1.0	0.9990000000000006	8.001	2.0
556	0.0	0.0	0.0	0.0	0.0	0.0	0.0
557	1.0	3.0	1.0	3.0	1.3360000000000003	7.664	3.0
558	2.0	2.0	1.0	2.0	2.0660000000000003	6.933999999999999	2.0
559	3.0	5.0	1.0	3.0	6.0040000000000004	14.995999999999999	3.0
560	3.0	0.0	3.0	0.0	3.0	6.0	3.0
561	1.0	3.0	0.0	3.0	2.3340000000000005	9.666	3.0
562	2.0	5.0	2.0	4.0	4.333	10.667	4.0
563	3.0	4.0	2.0	4.0	4.333	10.667	4.0
564	3.0	3.0	1.0	2.0	5.0	10.0	3.0
565	2.0	2.0	2.0	2.0	2.0	4.0	2.0
566	3.0	6.0	3.0	4.0	4.3340000000000005	16.666	5.0
567	2.0	4.0	1.0	3.0	5.0	10.0	3.0
568	2.0	4.0	0.0	2.0	3.6660000000000004	11.334	2.0
569	1.0	5.0	1.0	4.0	2.333	9.667	3.0
570	1.0	5.0	0.0	4.0	3.6660000000000004	11.334	3.0
571	1.0	4.0	0.0	2.0	1.9990000000000006	10.001	2.0
572	2.0	5.0	2.0	2.0	3.9990000000000006	14.001	4.0
573	3.0	4.0	2.0	2.0	3.6660000000000004	11.334	3.0
574	2.0	5.0	0.0	3.0	2.6670000000000007	12.332999999999998	2.0
575	3.0	7.0	1.0	4.0	5.732000000000001	18.268	4.0
576	4.0	5.0	3.0	2.0	4.9990000000000006	16.000999999999998	5.0
577	3.0	3.0	1.0	2.0	3.9990000000000006	14.001	3.0
578	2.0	5.0	1.0	3.0	4.3340000000000005	13.666	4.0
579	1.0	5.0	1.0	3.0	2.6660000000000004	9.334	3.0
580	3.0	5.0	0.0	2.0	2.9990000000000006	12.001	2.0
581	2.0	2.0	2.0	1.0	1.3340000000000005	7.6659999999999995	2.0
582	3.0	6.0	2.0	3.0	2.9990000000000006	12.001	2.0
583	2.0	5.0	0.0	2.0	3.670000000000001	14.329999999999998	2.0
584	2.0	5.0	1.0	4.0	5.666	15.334	5.0
585	3.0	2.0	2.0	2.0	3.333	8.667	3.0
586	2.0	3.0	1.0	2.0	4.133	7.867	2.0
587	1.0	6.0	1.0	4.0	4.666	13.334	4.0
588	2.0	5.0	2.0	4.0	2.9990000000000006	12.001	4.0
589	4.0	4.0	1.0	4.0	6.333	14.667	4.0
590	2.0	5.0	1.0	2.0	4.401	10.598999999999998	2.0
591	3.0	3.0	3.0	3.0	3.668	8.332	4.0
592	0.0	2.0	0.0	0.0	2.0	4.0	0.0
593	2.0	4.0	1.0	3.0	2.6660000000000004	9.334	2.0
594	2.0	3.0	0.0	1.0	3.0	6.0	1.0
595	2.0	3.0	1.0	2.0	2.3340000000000005	9.666	3.0
596	0.0	1.0	0.0	0.0	0.3330000000000002	2.667	0.0
597	0.0	0.0	0.0	0.0	0.0	0.0	0.0
598	2.0	1.0	0.0	0.0	1.3330000000000002	4.667	0.0
599	1.0	1.0	0.0	0.0	0.6680000000000001	2.332	0.0
600	1.0	2.0	0.0	0.0	1.0	2.0	0.0
601	0.0	0.0	0.0	0.0	0.0	0.0	0.0
602	2.0	4.0	2.0	2.0	6.133	11.867	4.0
603	3.0	2.0	1.0	2.0	3.668	8.332	2.0
604	0.0	9.0	0.0	5.0	4.7330000000000005	19.266999999999996	4.0
605	1.0	5.0	0.0	3.0	2.6660000000000004	9.334	2.0
606	2.0	5.0	2.0	4.0	4.666	13.334	5.0
607	1.0	2.0	1.0	1.0	3.0	6.0	2.0
608	0.0	2.0	0.0	1.0	1.3330000000000002	4.667	1.0
609	0.0	2.0	0.0	1.0	1.3330000000000002	4.667	1.0
610	1.0	5.0	0.0	3.0	4.0	8.0	2.0
611	2.0	3.0	0.0	1.0	3.0010000000000003	8.998999999999999	1.0
612	1.0	4.0	0.0	2.0	4.333	10.667	2.0
613	2.0	4.0	1.0	1.0	4.001	10.999	2.0
614	3.0	1.0	2.0	0.0	4.0	8.0	2.0
615	1.0	1.0	1.0	0.0	1.3330000000000002	4.667	1.0
616	2.0	3.0	0.0	0.0	4.8	7.2	0.0
617	0.0	0.0	0.0	0.0	0.0	0.0	0.0
618	1.0	2.0	0.0	0.0	2.333	6.667	0.0
619	3.0	2.0	2.0	1.0	2.333	6.667	2.0
620	3.0	1.0	2.0	0.0	3.3360000000000003	8.664	2.0
621	2.0	2.0	2.0	1.0	2.068	3.932	1.0
622	1.0	2.0	0.0	0.0	1.3330000000000002	4.667	0.0
623	1.0	1.0	1.0	1.0	2.0	4.0	2.0
624	2.0	2.0	0.0	1.0	3.4	5.6	1.0
625	0.0	2.0	0.0	0.0	1.0	2.0	0.0
626	0.0	1.0	0.0	1.0	1.4	1.6	1.0
627	0.0	0.0	0.0	0.0	0.0	0.0	0.0
628	0.0	0.0	0.0	0.0	0.0	0.0	0.0
629	0.0	0.0	0.0	0.0	0.0	0.0	0.0
630	0.0	0.0	0.0	0.0	0.0	0.0	0.0
631	0.0	2.0	0.0	0.0	1.3330000000000002	4.667	0.0
632	2.0	0.0	2.0	0.0	2.0	4.0	2.0
633	2.0	2.0	1.0	1.0	2.3360000000000003	6.664	1.0
634	1.0	1.0	0.0	0.0	2.0	4.0	0.0
635	1.0	2.0	1.0	0.0	1.3330000000000002	4.667	1.0
636	0.0	1.0	0.0	0.0	1.0	2.0	0.0
637	1.0	0.0	1.0	0.0	0.3330000000000002	2.667	1.0
638	1.0	0.0	1.0	0.0	1.0	2.0	1.0
639	1.0	0.0	0.0	0.0	1.0	2.0	0.0
640	0.0	1.0	0.0	0.0	1.0	2.0	0.0
641	0.0	1.0	0.0	0.0	1.0	2.0	0.0
642	1.0	3.0	1.0	1.0	2.333	6.667	2.0
643	0.0	1.0	0.0	0.0	0.3330000000000002	2.667	0.0
644	2.0	2.0	0.0	0.0	2.333	6.667	0.0
645	2.0	1.0	0.0	1.0	3.0	6.0	1.0
646	0.0	2.0	0.0	0.0	1.3330000000000002	4.667	0.0
647	0.0	2.0	0.0	0.0	1.733	4.2669999999999995	0.0
648	1.0	6.0	1.0	2.0	4.402000000000001	13.597999999999999	2.0
649	1.0	3.0	0.0	2.0	1.6660000000000004	7.334	1.0
650	2.0	1.0	1.0	1.0	3.0	6.0	2.0
651	0.0	0.0	0.0	0.0	0.0	0.0	0.0
652	1.0	0.0	0.0	0.0	1.0	2.0	0.0
653	0.0	4.0	0.0	3.0	1.9990000000000006	10.001	3.0
654	0.0	3.0	0.0	1.0	2.333	6.667	1.0
655	0.0	0.0	0.0	0.0	0.0	0.0	0.0
656	0.0	0.0	0.0	0.0	0.0	0.0	0.0
657	2.0	0.0	1.0	0.0	0.6660000000000004	5.334	1.0
658	0.0	2.0	0.0	2.0	1.3330000000000002	4.667	2.0
659	0.0	1.0	0.0	0.0	1.0	2.0	0.0
660	0.0	0.0	0.0	0.0	0.0	0.0	0.0
661	2.0	0.0	1.0	0.0	1.3360000000000003	4.664	1.0
662	2.0	1.0	0.0	0.0	1.3360000000000003	4.664	0.0
663	1.0	0.0	1.0	0.0	1.0	2.0	1.0
664	1.0	0.0	1.0	0.0	0.3330000000000002	2.667	1.0
665	1.0	1.0	1.0	0.0	2.0	4.0	1.0
666	1.0	2.0	0.0	0.0	0.6660000000000004	5.334	0.0
667	0.0	3.0	0.0	1.0	0.6660000000000004	5.334	1.0
668	1.0	3.0	1.0	2.0	2.333	6.667	2.0
669	1.0	3.0	1.0	1.0	3.0	6.0	1.0
670	0.0	1.0	0.0	1.0	0.3330000000000002	2.667	1.0
671	0.0	1.0	0.0	0.0	1.0	2.0	0.0
672	1.0	2.0	1.0	1.0	2.3360000000000003	6.664	2.0
673	0.0	4.0	0.0	2.0	3.668	8.332	2.0
674	1.0	2.0	0.0	0.0	2.068	3.932	0.0
675	1.0	3.0	1.0	1.0	2.333	6.667	1.0
676	0.0	2.0	0.0	0.0	1.3330000000000002	4.667	0.0
677	1.0	2.0	1.0	2.0	0.3330000000000002	2.667	1.0
678	0.0	0.0	0.0	0.0	0.0	0.0	0.0
679	0.0	4.0	0.0	0.0	2.3360000000000003	9.664	0.0
680	3.0	2.0	1.0	0.0	4.0	8.0	1.0
681	0.0	3.0	0.0	2.0	3.0	6.0	2.0
682	2.0	2.0	1.0	0.0	2.333	6.667	1.0
683	0.0	4.0	0.0	1.0	3.0	6.0	1.0
684	0.0	2.0	0.0	0.0	1.6680000000000001	4.332	0.0
685	2.0	2.0	0.0	2.0	4.0	8.0	2.0
686	0.0	2.0	0.0	2.0	2.0	4.0	2.0
687	0.0	2.0	0.0	0.0	1.3330000000000002	4.667	0.0
688	1.0	3.0	1.0	1.0	3.4	5.6	1.0
689	1.0	3.0	0.0	1.0	2.0	4.0	1.0
690	1.0	2.0	0.0	0.0	2.4	6.6	0.0
691	1.0	4.0	1.0	2.0	2.3320000000000007	12.668	3.0
692	3.0	3.0	1.0	1.0	4.0	11.0	1.0
693	2.0	5.0	0.0	0.0	3.733	8.267	0.0
694	4.0	3.0	2.0	0.0	3.733	8.267	2.0
695	3.0	2.0	2.0	1.0	4.0	8.0	2.0
696	2.0	3.0	2.0	1.0	1.6660000000000004	7.334	2.0
697	1.0	1.0	0.0	1.0	1.3330000000000002	4.667	1.0
698	1.0	2.0	0.0	1.0	1.6680000000000001	4.332	1.0
699	1.0	1.0	0.0	1.0	1.6680000000000001	4.332	1.0
700	1.0	0.0	1.0	0.0	0.3330000000000002	2.667	1.0
701	3.0	0.0	2.0	0.0	2.736	6.263999999999999	2.0
702	2.0	0.0	2.0	0.0	2.0	4.0	2.0
703	1.0	1.0	1.0	1.0	1.3330000000000002	4.667	2.0
704	1.0	2.0	0.0	2.0	3.0	6.0	2.0
705	1.0	0.0	0.0	0.0	0.3330000000000002	2.667	0.0
706	1.0	2.0	0.0	1.0	0.6660000000000004	5.334	1.0
707	3.0	2.0	1.0	2.0	4.333	10.667	3.0
708	1.0	5.0	1.0	1.0	3.6660000000000004	11.334	2.0
709	1.0	2.0	0.0	1.0	2.0	7.0	1.0
710	2.0	3.0	0.0	2.0	2.0010000000000003	6.999	1.0
711	2.0	2.0	2.0	2.0	1.3330000000000002	4.667	2.0
712	1.0	2.0	0.0	0.0	2.0	4.0	0.0
713	1.0	5.0	1.0	1.0	3.333	8.667	2.0
714	1.0	3.0	0.0	2.0	1.6660000000000004	7.334	1.0
715	2.0	4.0	0.0	1.0	5.0	10.0	1.0
716	2.0	4.0	0.0	4.0	3.333	8.667	2.0
717	2.0	5.0	1.0	3.0	1.665000000000001	13.334999999999999	2.0
718	3.0	5.0	0.0	1.0	5.668	12.332	1.0
719	1.0	5.0	0.0	2.0	2.9990000000000006	12.001	2.0
720	1.0	5.0	0.0	3.0	5.333	12.667	3.0
721	3.0	2.0	1.0	1.0	5.0	10.0	2.0
722	0.0	3.0	0.0	1.0	2.333	6.667	1.0
723	1.0	4.0	0.0	2.0	2.333	6.667	1.0
724	1.0	0.0	0.0	0.0	0.3330000000000002	2.667	0.0
725	1.0	2.0	0.0	0.0	2.333	6.667	0.0
726	1.0	3.0	0.0	0.0	3.0	6.0	0.0
727	1.0	1.0	0.0	0.0	2.0	4.0	0.0
728	0.0	0.0	0.0	0.0	0.0	0.0	0.0
729	0.0	0.0	0.0	0.0	0.0	0.0	0.0
730	0.0	0.0	0.0	0.0	0.0	0.0	0.0
731	0.0	0.0	0.0	0.0	0.0	0.0	0.0
732	0.0	0.0	0.0	0.0	0.0	0.0	0.0
733	2.0	4.0	1.0	2.0	4.668	10.332	2.0
734	1.0	3.0	0.0	0.0	2.333	6.667	0.0
735	1.0	4.0	0.0	1.0	2.6660000000000004	9.334	1.0
736	0.0	2.0	0.0	2.0	0.6660000000000004	5.334	2.0
737	0.0	2.0	0.0	0.0	0.6660000000000004	5.334	0.0
738	1.0	3.0	0.0	0.0	2.0	4.0	0.0
739	3.0	4.0	2.0	1.0	3.3360000000000003	8.664	2.0
740	0.0	3.0	0.0	1.0	0.6660000000000004	8.334	1.0
741	3.0	3.0	2.0	1.0	5.0	10.0	2.0
742	3.0	3.0	1.0	1.0	3.335000000000001	14.665	2.0
743	3.0	5.0	1.0	2.0	5.7330000000000005	12.267	3.0
744	2.0	3.0	1.0	1.0	4.0	11.0	2.0
745	1.0	4.0	0.0	4.0	2.0020000000000007	9.998	3.0
746	1.0	2.0	0.0	1.0	2.333	6.667	1.0
747	1.0	3.0	1.0	1.0	3.668	8.332	2.0
748	2.0	0.0	0.0	0.0	2.0	4.0	0.0
749	2.0	0.0	1.0	0.0	2.0	4.0	1.0
750	1.0	5.0	1.0	1.0	4.3340000000000005	13.666	2.0
751	2.0	0.0	1.0	0.0	2.0	4.0	1.0
752	2.0	4.0	1.0	1.0	4.333	10.667	2.0
753	1.0	5.0	0.0	3.0	2.9990000000000006	12.001	2.0
754	2.0	2.0	0.0	1.0	2.668	6.332	1.0
755	1.0	3.0	0.0	0.0	3.0	6.0	0.0
756	2.0	3.0	1.0	2.0	5.4	9.6	3.0
757	1.0	5.0	0.0	3.0	1.998000000000001	16.002	3.0
758	1.0	4.0	0.0	1.0	1.9990000000000006	10.001	1.0
759	2.0	2.0	1.0	0.0	2.333	6.667	1.0
760	1.0	4.0	0.0	2.0	3.3990000000000005	11.600999999999999	2.0
761	1.0	2.0	1.0	1.0	3.0	6.0	2.0
762	1.0	3.0	1.0	0.0	0.9990000000000006	11.001	1.0
763	0.0	1.0	0.0	0.0	0.3330000000000002	2.667	0.0
764	0.0	2.0	0.0	0.0	1.3330000000000002	4.667	0.0
765	2.0	1.0	1.0	0.0	1.3330000000000002	4.667	1.0
766	2.0	3.0	1.0	0.0	3.333	8.667	1.0
767	0.0	1.0	0.0	1.0	0.6680000000000001	2.332	1.0
768	2.0	2.0	0.0	0.0	1.6660000000000004	7.334	0.0
769	2.0	3.0	1.0	1.0	4.0	8.0	1.0
770	2.0	1.0	1.0	0.0	0.9990000000000006	8.001	1.0
771	0.0	2.0	0.0	0.0	1.3360000000000003	4.664	0.0
772	2.0	1.0	1.0	1.0	1.3330000000000002	4.667	1.0
773	1.0	5.0	0.0	4.0	2.333	6.667	2.0
774	2.0	4.0	2.0	1.0	4.001	10.999	2.0
775	2.0	4.0	2.0	2.0	3.0010000000000003	8.998999999999999	2.0
776	1.0	4.0	0.0	3.0	1.3320000000000007	10.668	2.0
777	1.0	5.0	1.0	3.0	3.0660000000000003	8.934	2.0
778	1.0	3.0	0.0	0.0	2.733	6.2669999999999995	0.0
779	2.0	4.0	0.0	0.0	2.668	9.332	0.0
780	2.0	4.0	1.0	2.0	5.001	12.998999999999999	3.0
781	1.0	5.0	0.0	2.0	2.3320000000000007	12.668	2.0
782	2.0	5.0	0.0	3.0	3.6670000000000007	14.333	2.0
783	2.0	1.0	1.0	1.0	1.6660000000000004	7.334	2.0
784	3.0	3.0	1.0	0.0	5.133	9.866999999999999	1.0
785	3.0	2.0	1.0	1.0	4.333	10.667	2.0
786	0.0	3.0	0.0	3.0	0.6660000000000004	5.334	2.0
787	2.0	2.0	0.0	2.0	3.0	6.0	1.0
788	0.0	5.0	0.0	2.0	1.6670000000000007	10.332999999999998	2.0
789	3.0	4.0	0.0	3.0	4.333	10.667	2.0
790	1.0	3.0	0.0	1.0	2.0	7.0	1.0
791	1.0	2.0	1.0	2.0	1.3330000000000002	4.667	2.0
792	1.0	5.0	0.0	2.0	4.002000000000001	13.998	2.0
793	2.0	3.0	0.0	0.0	1.6660000000000004	7.334	0.0
794	3.0	1.0	2.0	1.0	3.333	8.667	3.0
795	2.0	4.0	0.0	0.0	3.333	8.667	0.0
796	1.0	3.0	0.0	0.0	2.4010000000000002	6.598999999999999	0.0
797	3.0	4.0	2.0	3.0	2.333	9.667	2.0
798	0.0	0.0	0.0	0.0	0.0	0.0	0.0
799	0.0	0.0	0.0	0.0	0.0	0.0	0.0
800	1.0	2.0	0.0	0.0	1.3330000000000002	4.667	0.0
801	0.0	1.0	0.0	0.0	0.3330000000000002	2.667	0.0
802	0.0	0.0	0.0	0.0	0.0	0.0	0.0
803	3.0	4.0	1.0	1.0	2.665000000000001	15.334999999999999	2.0
804	1.0	1.0	1.0	0.0	1.6680000000000001	4.332	1.0
805	1.0	3.0	0.0	0.0	1.3330000000000002	4.667	0.0
806	3.0	1.0	1.0	0.0	4.0	8.0	1.0
807	1.0	4.0	0.0	0.0	1.6660000000000004	7.334	0.0
808	1.0	5.0	0.0	3.0	2.9990000000000006	12.001	2.0
809	3.0	3.0	2.0	2.0	4.668	10.332	4.0
810	2.0	3.0	1.0	3.0	3.668	8.332	3.0
811	1.0	4.0	0.0	2.0	3.0010000000000003	8.998999999999999	2.0
812	1.0	3.0	0.0	3.0	2.668	6.332	2.0
813	1.0	2.0	0.0	2.0	1.3330000000000002	4.667	1.0
814	0.0	0.0	0.0	0.0	0.0	0.0	0.0
815	0.0	2.0	0.0	0.0	0.3330000000000002	2.667	0.0
816	1.0	2.0	0.0	0.0	1.0	2.0	0.0
817	2.0	5.0	0.0	2.0	4.333	10.667	1.0
818	2.0	3.0	1.0	0.0	2.6660000000000004	9.334	1.0
819	2.0	0.0	0.0	0.0	2.0	4.0	0.0
820	3.0	3.0	1.0	1.0	1.9990000000000006	10.001	2.0
821	2.0	5.0	1.0	1.0	2.6660000000000004	9.334	1.0
822	0.0	6.0	0.0	3.0	3.000000000000001	14.999999999999998	3.0
823	1.0	5.0	0.0	2.0	3.3340000000000005	11.666	2.0
824	1.0	3.0	1.0	3.0	1.3330000000000002	4.667	2.0
825	0.0	1.0	0.0	0.0	1.0	2.0	0.0
826	2.0	2.0	1.0	1.0	4.068	7.932	2.0
827	0.0	2.0	0.0	2.0	1.3330000000000002	4.667	2.0
828	1.0	2.0	1.0	0.0	2.668	6.332	1.0
829	1.0	5.0	0.0	0.0	3.333	8.667	0.0
830	3.0	1.0	2.0	1.0	2.333	6.667	2.0
831	2.0	5.0	0.0	2.0	2.6690000000000005	9.331	1.0
832	2.0	1.0	2.0	0.0	3.0	6.0	2.0
833	2.0	3.0	1.0	2.0	2.000000000000001	13.0	3.0
834	2.0	4.0	1.0	2.0	3.668	8.332	2.0
835	1.0	3.0	0.0	1.0	2.733	6.2669999999999995	1.0
836	1.0	1.0	0.0	0.0	1.0	2.0	0.0
837	3.0	2.0	1.0	1.0	4.668	10.332	2.0
838	0.0	0.0	0.0	0.0	0.0	0.0	0.0
839	0.0	5.0	0.0	4.0	3.0010000000000003	8.998999999999999	3.0
840	0.0	2.0	0.0	1.0	0.6660000000000004	5.334	1.0
841	1.0	3.0	0.0	1.0	1.6660000000000004	7.334	1.0
842	1.0	3.0	0.0	1.0	1.6680000000000001	4.332	1.0
843	1.0	3.0	1.0	0.0	0.9990000000000006	8.001	1.0
844	1.0	4.0	1.0	2.0	2.0010000000000003	6.999	1.0
845	2.0	3.0	1.0	2.0	0.9990000000000006	8.001	2.0
846	2.0	3.0	1.0	1.0	4.333	10.667	2.0
847	1.0	3.0	0.0	2.0	3.4	5.6	2.0
848	2.0	4.0	1.0	1.0	4.668	10.332	1.0
849	2.0	4.0	1.0	3.0	3.333	8.667	3.0
850	0.0	4.0	0.0	0.0	2.0010000000000003	9.998999999999999	0.0
851	2.0	3.0	1.0	2.0	2.333	6.667	2.0
852	2.0	4.0	1.0	1.0	3.333	8.667	2.0
853	2.0	4.0	1.0	2.0	3.0010000000000003	8.998999999999999	2.0
854	3.0	3.0	1.0	2.0	4.001	10.999	2.0
855	1.0	4.0	1.0	2.0	4.001	10.998999999999999	3.0
856	2.0	4.0	0.0	1.0	2.6660000000000004	9.334	1.0
857	1.0	2.0	1.0	1.0	2.333	6.667	2.0
858	2.0	4.0	0.0	1.0	2.3340000000000005	9.666	1.0
859	2.0	1.0	1.0	0.0	1.6690000000000005	7.3309999999999995	1.0
860	0.0	3.0	0.0	1.0	1.0010000000000003	7.999	1.0
861	2.0	4.0	1.0	2.0	2.668	9.332	2.0
862	1.0	2.0	0.0	1.0	2.0	7.0	1.0
863	2.0	1.0	1.0	1.0	3.0	6.0	2.0
864	1.0	0.0	1.0	0.0	1.0	2.0	1.0
865	0.0	3.0	0.0	0.0	2.0010000000000003	6.999	0.0
866	2.0	0.0	2.0	0.0	0.6660000000000004	5.334	2.0
867	2.0	1.0	1.0	0.0	3.0	6.0	1.0
868	1.0	3.0	1.0	1.0	3.333	8.667	2.0
869	2.0	0.0	0.0	0.0	2.0	4.0	0.0
870	1.0	0.0	0.0	0.0	0.3330000000000002	2.667	0.0
871	1.0	0.0	0.0	0.0	0.3330000000000002	2.667	0.0
872	1.0	1.0	1.0	1.0	1.0010000000000003	4.999	2.0
873	2.0	2.0	0.0	1.0	2.668	6.332	1.0
874	2.0	1.0	2.0	1.0	2.668	6.332	3.0
875	0.0	4.0	0.0	1.0	1.9990000000000006	10.001	1.0
876	0.0	2.0	0.0	1.0	0.6680000000000001	5.332	1.0
877	1.0	3.0	0.0	1.0	0.6660000000000004	5.334	1.0
878	0.0	2.0	0.0	0.0	0.6660000000000004	5.334	0.0
879	2.0	2.0	1.0	1.0	1.3320000000000007	10.668	2.0
880	0.0	3.0	0.0	1.0	0.9990000000000006	8.001	1.0
881	3.0	4.0	1.0	1.0	2.9990000000000006	12.001	2.0
882	1.0	7.0	1.0	2.0	3.3320000000000007	14.668	2.0
883	1.0	6.0	0.0	1.0	3.6660000000000004	11.334	1.0
884	3.0	2.0	1.0	1.0	1.6680000000000001	4.332	1.0
885	0.0	4.0	0.0	3.0	2.0010000000000003	6.999	2.0
886	0.0	3.0	0.0	0.0	1.3330000000000002	4.667	0.0
887	3.0	5.0	2.0	2.0	3.6690000000000005	11.331	2.0
888	1.0	3.0	0.0	1.0	1.3330000000000002	7.667	1.0
889	0.0	0.0	0.0	0.0	0.0	0.0	0.0
890	0.0	0.0	0.0	0.0	0.0	0.0	0.0
891	0.0	0.0	0.0	0.0	0.0	0.0	0.0
892	0.0	0.0	0.0	0.0	0.0	0.0	0.0
893	0.0	0.0	0.0	0.0	0.0	0.0	0.0
894	0.0	0.0	0.0	0.0	0.0	0.0	0.0
895	0.0	0.0	0.0	0.0	0.0	0.0	0.0
896	0.0	0.0	0.0	0.0	0.0	0.0	0.0
897	3.0	2.0	1.0	0.0	5.0	10.0	1.0
898	2.0	2.0	1.0	0.0	4.0	8.0	1.0
899	1.0	4.0	1.0	2.0	2.6660000000000004	9.334	2.0
900	3.0	2.0	2.0	0.0	4.333	10.667	2.0
901	1.0	5.0	0.0	2.0	3.6690000000000005	14.331	2.0
902	2.0	3.0	0.0	0.0	1.3330000000000002	7.667	0.0
903	0.0	5.0	0.0	2.0	2.9990000000000006	12.001	2.0
904	2.0	4.0	1.0	1.0	3.0	9.0	1.0
905	2.0	2.0	0.0	0.0	3.668	8.332	0.0
906	0.0	2.0	0.0	2.0	1.0010000000000003	4.999	2.0
907	0.0	2.0	0.0	0.0	1.0010000000000003	4.999	0.0
908	1.0	4.0	1.0	2.0	2.6660000000000004	9.334	2.0
909	1.0	2.0	1.0	2.0	0.3330000000000002	2.667	1.0
910	1.0	3.0	1.0	1.0	1.9990000000000006	10.001	2.0
911	2.0	1.0	1.0	1.0	2.668	6.332	2.0
912	1.0	2.0	0.0	1.0	3.0	6.0	1.0
913	1.0	1.0	0.0	0.0	1.0	2.0	0.0
914	1.0	0.0	0.0	0.0	0.6680000000000001	2.332	0.0
915	2.0	0.0	0.0	0.0	0.6660000000000004	5.334	0.0
916	3.0	0.0	1.0	0.0	1.6680000000000001	4.332	1.0
917	3.0	0.0	2.0	0.0	3.0	6.0	2.0
918	3.0	2.0	1.0	1.0	5.0	10.0	2.0
919	1.0	1.0	0.0	0.0	0.6660000000000004	5.334	0.0
920	1.0	0.0	0.0	0.0	0.3330000000000002	2.667	0.0
921	1.0	5.0	1.0	2.0	2.3320000000000007	12.668	2.0
922	1.0	2.0	0.0	2.0	1.6680000000000001	4.332	1.0
923	0.0	0.0	0.0	0.0	0.0	0.0	0.0
