all_syn	all_nonSyn	tip_syn	tip_nonSyn	S	N	comparisons
001	0.0	0.0	0.0	0.0	0.0	0.0	0.0
002	2.0	0.0	1.0	0.0	2.0	4.0	1.0
003	3.0	3.0	0.0	0.0	1.3330000000000002	7.667	0.0
004	3.0	1.0	1.0	0.0	4.0	8.0	1.0
005	2.0	1.0	1.0	0.0	2.3360000000000003	6.664	1.0
006	2.0	1.0	0.0	1.0	2.333	6.667	1.0
007	1.0	0.0	0.0	0.0	0.3330000000000002	2.667	0.0
008	1.0	0.0	0.0	0.0	0.3330000000000002	2.667	0.0
009	1.0	2.0	0.0	0.0	1.0	2.0	0.0
010	0.0	4.0	0.0	2.0	1.9990000000000006	10.001	2.0
011	2.0	6.0	1.0	3.0	3.0010000000000003	11.998999999999999	2.0
012	2.0	3.0	1.0	1.0	2.733	6.2669999999999995	1.0
013	3.0	4.0	1.0	2.0	5.333	12.667	2.0
014	3.0	2.0	2.0	0.0	4.0	8.0	2.0
015	1.0	4.0	1.0	2.0	4.0	8.0	2.0
016	3.0	1.0	0.0	0.0	4.0	8.0	0.0
017	0.0	1.0	0.0	1.0	1.0	2.0	1.0
018	2.0	4.0	0.0	3.0	2.6660000000000004	9.334	2.0
019	1.0	1.0	0.0	1.0	1.3330000000000002	4.667	1.0
020	1.0	1.0	1.0	0.0	0.6660000000000004	5.334	1.0
021	1.0	1.0	0.0	0.0	0.3330000000000002	2.667	0.0
022	1.0	2.0	1.0	2.0	1.6660000000000004	7.334	3.0
023	2.0	2.0	1.0	2.0	3.068	5.932	2.0
024	2.0	0.0	1.0	0.0	2.0	4.0	1.0
025	2.0	1.0	1.0	0.0	1.0010000000000003	4.999	1.0
026	1.0	3.0	0.0	1.0	4.0	8.0	1.0
027	1.0	0.0	0.0	0.0	1.0	2.0	0.0
028	2.0	2.0	1.0	0.0	1.3340000000000005	7.6659999999999995	1.0
029	1.0	2.0	1.0	0.0	0.9990000000000006	8.001	1.0
030	2.0	0.0	1.0	0.0	2.0	4.0	1.0
031	1.0	4.0	0.0	0.0	2.3340000000000005	9.666	0.0
032	1.0	3.0	0.0	0.0	4.0	8.0	0.0
033	2.0	2.0	2.0	0.0	2.668	6.332	2.0
034	1.0	4.0	1.0	2.0	2.3320000000000007	12.668	3.0
035	1.0	2.0	0.0	0.0	0.6660000000000004	5.334	0.0
036	1.0	1.0	1.0	0.0	2.0	4.0	1.0
037	1.0	2.0	0.0	0.0	1.0	2.0	0.0
038	0.0	1.0	0.0	0.0	1.0	2.0	0.0
039	2.0	0.0	1.0	0.0	2.0	4.0	1.0
040	0.0	2.0	0.0	0.0	0.3330000000000002	2.667	0.0
041	3.0	0.0	1.0	0.0	3.0	6.0	1.0
042	1.0	2.0	1.0	0.0	1.3330000000000002	4.667	1.0
043	2.0	0.0	1.0	0.0	2.0	4.0	1.0
044	1.0	2.0	0.0	0.0	0.3330000000000002	2.667	0.0
045	3.0	3.0	2.0	1.0	3.333	8.667	2.0
046	3.0	2.0	0.0	0.0	4.0	8.0	0.0
047	1.0	2.0	0.0	0.0	0.6660000000000004	5.334	0.0
048	1.0	2.0	0.0	2.0	3.0	6.0	2.0
049	2.0	3.0	0.0	0.0	0.3330000000000002	5.667	0.0
050	1.0	0.0	0.0	0.0	0.3330000000000002	2.667	0.0
051	2.0	0.0	1.0	0.0	2.0	4.0	1.0
052	2.0	0.0	1.0	0.0	1.6680000000000001	4.332	1.0
053	1.0	0.0	0.0	0.0	0.3330000000000002	2.667	0.0
054	0.0	0.0	0.0	0.0	0.0	0.0	0.0
055	2.0	0.0	1.0	0.0	2.0	4.0	1.0
056	2.0	2.0	2.0	1.0	4.0	8.0	3.0
057	1.0	0.0	0.0	0.0	0.3330000000000002	2.667	0.0
058	0.0	0.0	0.0	0.0	0.0	0.0	0.0
059	2.0	2.0	1.0	0.0	1.3330000000000002	4.667	1.0
060	2.0	4.0	2.0	2.0	1.9990000000000006	10.001	3.0
061	2.0	3.0	0.0	0.0	3.668	8.332	0.0
062	0.0	0.0	0.0	0.0	0.0	0.0	0.0
063	3.0	0.0	1.0	0.0	3.8	5.2	1.0
064	1.0	2.0	0.0	0.0	1.0	2.0	0.0
065	1.0	1.0	0.0	0.0	1.6680000000000001	4.332	0.0
066	2.0	1.0	1.0	0.0	2.333	6.667	1.0
067	1.0	1.0	0.0	0.0	1.0	2.0	0.0
068	2.0	0.0	2.0	0.0	2.0	4.0	2.0
069	2.0	0.0	0.0	0.0	0.6680000000000001	2.332	0.0
070	2.0	0.0	0.0	0.0	0.6660000000000004	5.334	0.0
071	0.0	0.0	0.0	0.0	0.0	0.0	0.0
072	0.0	0.0	0.0	0.0	0.0	0.0	0.0
073	0.0	0.0	0.0	0.0	0.0	0.0	0.0
074	1.0	0.0	1.0	0.0	1.0	2.0	1.0
075	1.0	0.0	1.0	0.0	0.3330000000000002	2.667	1.0
076	1.0	2.0	0.0	0.0	1.0	2.0	0.0
077	3.0	2.0	2.0	0.0	3.333	8.667	2.0
078	3.0	0.0	2.0	0.0	3.0	6.0	2.0
079	4.0	2.0	1.0	0.0	5.0	10.0	1.0
080	3.0	2.0	1.0	0.0	4.4	7.6	1.0
081	2.0	2.0	1.0	0.0	2.0	4.0	1.0
082	1.0	1.0	0.0	0.0	1.0	2.0	0.0
083	2.0	1.0	0.0	0.0	2.0	4.0	0.0
084	1.0	3.0	0.0	0.0	0.6660000000000004	5.334	0.0
085	0.0	2.0	0.0	0.0	0.3330000000000002	2.667	0.0
086	2.0	1.0	1.0	0.0	1.6660000000000004	7.334	1.0
087	2.0	1.0	0.0	0.0	1.3330000000000002	4.667	0.0
088	1.0	2.0	0.0	0.0	1.0	2.0	0.0
089	0.0	3.0	0.0	2.0	1.3330000000000002	4.667	1.0
090	2.0	1.0	1.0	0.0	0.9990000000000006	8.001	1.0
091	0.0	2.0	0.0	0.0	0.0	3.0	0.0
092	1.0	3.0	0.0	0.0	1.3330000000000002	4.667	0.0
093	1.0	2.0	0.0	0.0	0.3330000000000002	2.667	0.0
094	2.0	2.0	1.0	1.0	2.333	6.667	2.0
095	1.0	1.0	0.0	0.0	1.6680000000000001	4.332	0.0
096	2.0	2.0	0.0	0.0	0.6660000000000004	5.334	0.0
097	1.0	4.0	0.0	2.0	1.3330000000000002	10.667	2.0
098	3.0	0.0	3.0	0.0	3.0	6.0	3.0
099	0.0	0.0	0.0	0.0	0.0	0.0	0.0
100	0.0	2.0	0.0	0.0	0.3330000000000002	2.667	0.0
101	1.0	0.0	0.0	0.0	1.0	2.0	0.0
102	1.0	2.0	0.0	0.0	0.3330000000000002	2.667	0.0
103	0.0	2.0	0.0	0.0	0.3330000000000002	2.667	0.0
104	1.0	0.0	1.0	0.0	0.6680000000000001	2.332	1.0
105	3.0	2.0	0.0	0.0	2.333	6.667	0.0
106	1.0	1.0	1.0	0.0	2.0	4.0	1.0
107	1.0	0.0	0.0	0.0	1.4	1.6	0.0
108	3.0	2.0	1.0	0.0	2.0	7.0	1.0
109	2.0	1.0	0.0	0.0	1.0	5.0	0.0
110	1.0	0.0	0.0	0.0	1.0	2.0	0.0
111	3.0	2.0	0.0	1.0	4.404	10.596	1.0
112	3.0	0.0	1.0	0.0	3.0	6.0	1.0
113	2.0	2.0	2.0	0.0	3.0	6.0	2.0
114	2.0	0.0	0.0	0.0	2.068	3.932	0.0
115	1.0	1.0	1.0	0.0	2.4	3.6	1.0
116	0.0	0.0	0.0	0.0	0.0	0.0	0.0
117	2.0	2.0	0.0	0.0	2.0	4.0	0.0
118	3.0	1.0	1.0	0.0	3.0	6.0	1.0
119	3.0	5.0	1.0	4.0	5.8	12.2	3.0
120	1.0	1.0	0.0	0.0	1.0	2.0	0.0
121	0.0	2.0	0.0	0.0	1.0	2.0	0.0
122	0.0	0.0	0.0	0.0	0.0	0.0	0.0
123	0.0	0.0	0.0	0.0	0.0	0.0	0.0
124	0.0	0.0	0.0	0.0	0.0	0.0	0.0
125	3.0	0.0	1.0	0.0	1.6680000000000001	4.332	1.0
126	2.0	3.0	2.0	1.0	4.0	8.0	2.0
127	2.0	2.0	0.0	0.0	3.0	6.0	0.0
128	1.0	3.0	0.0	1.0	2.668	6.332	1.0
129	1.0	3.0	1.0	1.0	2.3340000000000005	9.666	2.0
130	1.0	2.0	0.0	1.0	1.6690000000000005	7.3309999999999995	1.0
131	2.0	3.0	1.0	0.0	3.0	9.0	1.0
132	2.0	3.0	0.0	1.0	3.333	8.667	1.0
133	0.0	3.0	0.0	1.0	2.333	6.667	1.0
134	3.0	2.0	1.0	0.0	3.3360000000000003	8.664	1.0
135	3.0	4.0	1.0	3.0	3.6690000000000005	11.331	3.0
136	1.0	3.0	0.0	1.0	3.668	8.332	1.0
137	1.0	3.0	0.0	3.0	1.6660000000000004	7.334	2.0
138	2.0	3.0	2.0	0.0	3.333	8.667	2.0
139	0.0	0.0	0.0	0.0	0.0	0.0	0.0
140	2.0	4.0	1.0	1.0	4.333	10.667	2.0
141	2.0	2.0	1.0	2.0	3.0	6.0	2.0
142	2.0	3.0	0.0	3.0	2.6690000000000005	9.331	2.0
143	1.0	0.0	0.0	0.0	1.0	2.0	0.0
144	2.0	3.0	0.0	2.0	3.333	8.667	1.0
145	1.0	2.0	0.0	1.0	2.333	6.667	1.0
146	3.0	2.0	0.0	0.0	2.0010000000000003	6.999	0.0
147	1.0	2.0	0.0	1.0	3.0	6.0	1.0
148	2.0	2.0	1.0	1.0	4.0	8.0	2.0
149	2.0	4.0	1.0	0.0	2.333	6.667	1.0
150	2.0	3.0	0.0	1.0	1.6660000000000004	7.334	1.0
151	1.0	2.0	0.0	0.0	2.0	4.0	0.0
152	3.0	2.0	1.0	0.0	3.0	6.0	1.0
153	1.0	3.0	1.0	0.0	1.6660000000000004	7.334	1.0
154	0.0	5.0	0.0	2.0	1.3330000000000002	7.667	1.0
155	2.0	0.0	1.0	0.0	2.0	4.0	1.0
156	1.0	2.0	0.0	0.0	2.0	7.0	0.0
157	1.0	0.0	0.0	0.0	1.0	2.0	0.0
158	1.0	2.0	0.0	0.0	3.4	5.6	0.0
159	1.0	1.0	0.0	0.0	0.3330000000000002	2.667	0.0
160	0.0	3.0	0.0	1.0	1.6660000000000004	7.334	1.0
161	1.0	1.0	0.0	1.0	2.0	4.0	1.0
162	3.0	2.0	0.0	0.0	3.733	8.267	0.0
163	0.0	3.0	0.0	1.0	1.3330000000000002	4.667	1.0
164	3.0	2.0	0.0	0.0	3.668	8.332	0.0
165	3.0	2.0	2.0	0.0	2.9990000000000006	12.001	2.0
166	1.0	1.0	0.0	0.0	1.0	2.0	0.0
167	3.0	1.0	1.0	0.0	3.0	6.0	1.0
168	3.0	2.0	2.0	0.0	3.333	8.667	2.0
169	3.0	0.0	2.0	0.0	3.0	6.0	2.0
170	1.0	1.0	1.0	0.0	1.6680000000000001	4.332	1.0
171	2.0	2.0	1.0	0.0	3.0	6.0	1.0
172	2.0	1.0	0.0	0.0	3.068	5.932	0.0
173	2.0	0.0	1.0	0.0	2.0	4.0	1.0
174	0.0	1.0	0.0	0.0	0.3330000000000002	2.667	0.0
175	0.0	0.0	0.0	0.0	0.0	0.0	0.0
176	0.0	2.0	0.0	0.0	0.6680000000000001	2.332	0.0
177	0.0	0.0	0.0	0.0	0.0	0.0	0.0
178	0.0	0.0	0.0	0.0	0.0	0.0	0.0
179	0.0	0.0	0.0	0.0	0.0	0.0	0.0
180	1.0	0.0	1.0	0.0	0.3330000000000002	2.667	1.0
181	0.0	2.0	0.0	0.0	0.3330000000000002	2.667	0.0
182	0.0	0.0	0.0	0.0	0.0	0.0	0.0
183	1.0	0.0	0.0	0.0	0.3330000000000002	2.667	0.0
184	1.0	0.0	0.0	0.0	1.0	2.0	0.0
185	2.0	1.0	1.0	0.0	2.0	4.0	1.0
186	2.0	1.0	0.0	0.0	1.3330000000000002	4.667	0.0
187	1.0	0.0	1.0	0.0	0.3330000000000002	2.667	1.0
188	1.0	1.0	0.0	0.0	1.6680000000000001	4.332	0.0
189	2.0	0.0	0.0	0.0	2.0	4.0	0.0
190	3.0	1.0	1.0	0.0	2.0040000000000004	6.9959999999999996	1.0
191	0.0	0.0	0.0	0.0	0.0	0.0	0.0
192	3.0	1.0	1.0	0.0	3.0	6.0	1.0
193	2.0	0.0	1.0	0.0	1.6680000000000001	4.332	1.0
194	1.0	2.0	0.0	0.0	1.0	2.0	0.0
195	0.0	2.0	0.0	0.0	0.3330000000000002	2.667	0.0
196	2.0	2.0	0.0	0.0	1.0010000000000003	4.999	0.0
197	3.0	2.0	0.0	0.0	4.468	7.532	0.0
198	2.0	2.0	0.0	0.0	2.0	4.0	0.0
199	2.0	1.0	0.0	0.0	3.4	5.6	0.0
200	1.0	2.0	0.0	0.0	1.3330000000000002	4.667	0.0
201	2.0	3.0	1.0	0.0	3.0	9.0	1.0
202	3.0	0.0	1.0	0.0	3.0	6.0	1.0
203	2.0	0.0	1.0	0.0	2.0	4.0	1.0
204	3.0	0.0	1.0	0.0	3.068	5.932	1.0
205	2.0	2.0	0.0	0.0	3.3360000000000003	8.664	0.0
206	1.0	0.0	0.0	0.0	1.0	2.0	0.0
207	3.0	2.0	1.0	0.0	2.333	6.667	1.0
208	2.0	0.0	0.0	0.0	0.6660000000000004	5.334	0.0
209	2.0	1.0	1.0	0.0	3.0	6.0	1.0
210	1.0	2.0	0.0	0.0	1.3330000000000002	4.667	0.0
211	3.0	2.0	0.0	0.0	4.068	7.932	0.0
212	1.0	3.0	1.0	0.0	3.668	8.332	1.0
213	0.0	2.0	0.0	0.0	1.0	2.0	0.0
214	1.0	0.0	0.0	0.0	0.3330000000000002	2.667	0.0
215	1.0	3.0	1.0	0.0	0.9990000000000006	8.001	1.0
216	0.0	2.0	0.0	2.0	0.0	3.0	1.0
217	1.0	4.0	1.0	2.0	1.3330000000000002	4.667	1.0
218	2.0	4.0	1.0	2.0	0.9990000000000006	8.001	1.0
219	0.0	0.0	0.0	0.0	0.0	0.0	0.0
220	0.0	0.0	0.0	0.0	0.0	0.0	0.0
221	0.0	0.0	0.0	0.0	0.0	0.0	0.0
222	2.0	3.0	1.0	3.0	2.668	6.332	2.0
223	2.0	2.0	1.0	2.0	1.3330000000000002	4.667	1.0
224	0.0	1.0	0.0	1.0	1.0	2.0	1.0
225	1.0	2.0	1.0	2.0	1.6680000000000001	4.332	2.0
226	3.0	2.0	1.0	1.0	3.4	5.6	1.0
227	1.0	1.0	1.0	1.0	0.3330000000000002	2.667	1.0
228	2.0	0.0	2.0	0.0	2.0	4.0	2.0
229	2.0	2.0	1.0	2.0	3.0	6.0	2.0
230	1.0	2.0	0.0	2.0	1.0010000000000003	4.999	1.0
231	1.0	1.0	1.0	1.0	1.0	5.0	2.0
232	3.0	2.0	3.0	2.0	2.668	6.332	3.0
233	3.0	1.0	2.0	1.0	3.0	6.0	2.0
234	2.0	2.0	2.0	2.0	1.0010000000000003	4.999	2.0
235	1.0	3.0	1.0	2.0	2.0	7.0	2.0
236	2.0	3.0	2.0	3.0	3.0	9.0	4.0
237	1.0	1.0	1.0	1.0	1.4	1.6	1.0
238	1.0	0.0	1.0	0.0	1.0	2.0	1.0
239	1.0	2.0	1.0	2.0	1.3330000000000002	4.667	2.0
240	2.0	0.0	2.0	0.0	0.6660000000000004	5.334	2.0
241	1.0	0.0	1.0	0.0	1.0	2.0	1.0
242	2.0	1.0	2.0	1.0	1.0	5.0	2.0
243	2.0	0.0	1.0	0.0	0.6660000000000004	5.334	1.0
244	1.0	2.0	1.0	2.0	0.3330000000000002	2.667	1.0
245	4.0	0.0	3.0	0.0	3.668	8.332	3.0
246	1.0	1.0	0.0	1.0	0.6660000000000004	5.334	1.0
247	1.0	2.0	1.0	2.0	0.6680000000000001	2.332	1.0
248	1.0	2.0	1.0	2.0	0.3330000000000002	2.667	1.0
249	3.0	2.0	3.0	2.0	3.0	6.0	3.0
250	1.0	0.0	1.0	0.0	1.0	2.0	1.0
251	2.0	4.0	2.0	2.0	2.0020000000000007	9.998	2.0
252	2.0	3.0	2.0	3.0	1.3330000000000002	7.667	3.0
253	3.0	7.0	3.0	6.0	3.3320000000000007	14.668	5.0
254	3.0	1.0	1.0	1.0	3.0	6.0	1.0
255	2.0	3.0	1.0	2.0	5.4	9.6	3.0
256	3.0	3.0	1.0	1.0	4.668	10.332	2.0
257	1.0	1.0	0.0	0.0	2.0	4.0	0.0
258	0.0	2.0	0.0	0.0	1.0	2.0	0.0
259	1.0	1.0	0.0	0.0	2.0	4.0	0.0
260	4.0	3.0	2.0	1.0	6.0	12.0	2.0
261	2.0	2.0	0.0	1.0	4.0	8.0	1.0
262	2.0	4.0	2.0	4.0	3.0	6.0	3.0
263	4.0	1.0	2.0	1.0	4.333	10.667	3.0
264	2.0	5.0	1.0	4.0	4.3340000000000005	13.666	4.0
265	1.0	4.0	1.0	4.0	1.3330000000000002	7.667	3.0
266	4.0	3.0	2.0	3.0	2.9990000000000006	12.001	3.0
267	2.0	2.0	2.0	2.0	1.0010000000000003	4.999	2.0
268	1.0	2.0	0.0	2.0	1.3330000000000002	7.667	2.0
269	3.0	3.0	1.0	3.0	5.0	10.0	3.0
270	2.0	4.0	1.0	1.0	2.3340000000000005	9.666	1.0
271	2.0	2.0	0.0	1.0	3.333	8.667	1.0
272	3.0	3.0	1.0	1.0	4.0	8.0	1.0
273	1.0	0.0	1.0	0.0	1.0	2.0	1.0
274	1.0	1.0	0.0	1.0	2.0	4.0	1.0
275	1.0	5.0	1.0	4.0	2.0	7.0	2.0
276	2.0	4.0	2.0	3.0	3.0	6.0	2.0
277	3.0	3.0	1.0	3.0	3.333	8.667	2.0
278	0.0	2.0	0.0	0.0	0.6660000000000004	5.334	0.0
279	3.0	2.0	2.0	1.0	4.0	8.0	2.0
280	2.0	2.0	1.0	1.0	3.4	5.6	1.0
281	1.0	3.0	1.0	1.0	2.6660000000000004	9.334	2.0
282	2.0	2.0	1.0	1.0	2.668	6.332	2.0
283	3.0	3.0	2.0	2.0	4.333	10.667	3.0
284	2.0	1.0	2.0	1.0	2.068	3.932	2.0
285	2.0	0.0	1.0	0.0	2.0	4.0	1.0
286	2.0	1.0	2.0	1.0	1.0	2.0	1.0
287	0.0	3.0	0.0	2.0	1.0010000000000003	4.999	1.0
288	4.0	1.0	2.0	1.0	3.3360000000000003	8.664	2.0
289	3.0	2.0	2.0	1.0	4.0	8.0	3.0
290	3.0	0.0	2.0	0.0	0.9990000000000006	8.001	2.0
291	1.0	5.0	1.0	3.0	4.736	13.264	4.0
292	0.0	2.0	0.0	2.0	0.3330000000000002	2.667	1.0
293	3.0	3.0	3.0	1.0	3.0010000000000003	11.998999999999999	3.0
294	1.0	2.0	1.0	2.0	2.0	4.0	2.0
295	2.0	2.0	1.0	2.0	2.333	6.667	2.0
296	0.0	3.0	0.0	3.0	1.733	4.2669999999999995	2.0
297	2.0	2.0	1.0	2.0	1.3330000000000002	4.667	1.0
298	1.0	2.0	1.0	2.0	2.0	4.0	2.0
299	1.0	4.0	1.0	2.0	1.6660000000000004	7.334	2.0
300	2.0	2.0	0.0	2.0	0.9990000000000006	8.001	1.0
301	1.0	2.0	1.0	2.0	0.6660000000000004	5.334	2.0
302	2.0	0.0	1.0	0.0	2.0	4.0	1.0
303	0.0	0.0	0.0	0.0	0.0	0.0	0.0
304	2.0	3.0	1.0	3.0	4.0	8.0	3.0
305	0.0	2.0	0.0	2.0	0.3330000000000002	2.667	1.0
306	3.0	3.0	3.0	2.0	3.6660000000000004	11.334	4.0
307	2.0	0.0	2.0	0.0	2.0	4.0	2.0
308	1.0	2.0	1.0	2.0	1.3330000000000002	4.667	2.0
309	2.0	3.0	2.0	2.0	2.333	6.667	2.0
310	2.0	1.0	2.0	1.0	1.3330000000000002	4.667	2.0
311	2.0	1.0	0.0	1.0	0.9990000000000006	8.001	1.0
312	3.0	2.0	1.0	2.0	3.668	8.332	2.0
313	0.0	2.0	0.0	2.0	0.6680000000000001	2.332	1.0
314	3.0	2.0	2.0	2.0	2.668	6.332	2.0
315	0.0	1.0	0.0	1.0	0.6680000000000001	2.332	1.0
316	0.0	2.0	0.0	2.0	1.6680000000000001	4.332	2.0
317	1.0	3.0	1.0	3.0	0.9990000000000006	8.001	3.0
318	1.0	0.0	1.0	0.0	1.0	2.0	1.0
319	2.0	0.0	0.0	0.0	2.0	4.0	0.0
320	4.0	0.0	4.0	0.0	4.0	8.0	4.0
321	1.0	2.0	1.0	2.0	1.3330000000000002	4.667	2.0
322	1.0	2.0	0.0	2.0	2.668	6.332	2.0
323	2.0	2.0	2.0	1.0	3.0	6.0	2.0
324	2.0	2.0	1.0	2.0	2.0	4.0	1.0
325	3.0	1.0	1.0	1.0	4.0	8.0	2.0
326	4.0	1.0	3.0	1.0	4.0	8.0	3.0
327	1.0	0.0	0.0	0.0	0.3330000000000002	2.667	0.0
328	2.0	2.0	1.0	2.0	1.733	4.2669999999999995	1.0
329	1.0	1.0	0.0	1.0	1.3330000000000002	4.667	1.0
330	3.0	2.0	2.0	2.0	3.333	8.667	3.0
331	0.0	2.0	0.0	2.0	0.3330000000000002	2.667	1.0
332	3.0	2.0	2.0	2.0	1.6660000000000004	7.334	2.0
333	0.0	0.0	0.0	0.0	0.0	0.0	0.0
334	0.0	0.0	0.0	0.0	0.0	0.0	0.0
335	3.0	1.0	2.0	1.0	3.0	6.0	2.0
336	1.0	2.0	1.0	2.0	2.068	3.932	2.0
337	1.0	2.0	0.0	2.0	2.0	4.0	1.0
338	0.0	1.0	0.0	1.0	0.6680000000000001	2.332	1.0
339	1.0	1.0	1.0	1.0	1.0010000000000003	4.999	2.0
340	2.0	1.0	0.0	1.0	2.668	6.332	1.0
341	0.0	0.0	0.0	0.0	0.0	0.0	0.0
342	0.0	0.0	0.0	0.0	0.0	0.0	0.0
343	0.0	0.0	0.0	0.0	0.0	0.0	0.0
344	0.0	0.0	0.0	0.0	0.0	0.0	0.0
345	0.0	0.0	0.0	0.0	0.0	0.0	0.0
346	0.0	0.0	0.0	0.0	0.0	0.0	0.0
347	1.0	2.0	1.0	2.0	1.0	2.0	1.0
348	2.0	1.0	0.0	1.0	2.3360000000000003	6.664	1.0
349	4.0	0.0	2.0	0.0	4.0	8.0	2.0
350	3.0	2.0	2.0	2.0	3.0	6.0	2.0
351	2.0	1.0	2.0	1.0	2.333	6.667	3.0
352	2.0	1.0	1.0	1.0	0.6660000000000004	5.334	1.0
353	4.0	4.0	1.0	1.0	4.336	10.664	1.0
354	1.0	3.0	1.0	2.0	1.9990000000000006	10.001	3.0
355	0.0	0.0	0.0	0.0	0.0	0.0	0.0
356	1.0	2.0	1.0	2.0	2.0	4.0	2.0
357	1.0	2.0	1.0	2.0	0.3330000000000002	2.667	1.0
358	2.0	2.0	2.0	2.0	1.3330000000000002	4.667	2.0
359	3.0	3.0	2.0	3.0	2.6660000000000004	9.334	3.0
360	0.0	2.0	0.0	2.0	1.0	2.0	1.0
361	2.0	1.0	1.0	1.0	2.333	6.667	2.0
362	0.0	0.0	0.0	0.0	0.0	0.0	0.0
363	0.0	3.0	0.0	3.0	1.3330000000000002	4.667	2.0
364	1.0	1.0	1.0	1.0	1.0	2.0	1.0
365	3.0	2.0	3.0	2.0	1.0010000000000003	4.999	2.0
366	2.0	2.0	1.0	2.0	2.0010000000000003	6.999	2.0
367	1.0	1.0	1.0	1.0	0.6660000000000004	5.334	2.0
368	0.0	1.0	0.0	1.0	0.3330000000000002	2.667	1.0
369	4.0	2.0	3.0	2.0	4.0	8.0	3.0
370	3.0	1.0	2.0	1.0	5.199999999999999	6.800000000000001	3.0
371	2.0	0.0	0.0	0.0	1.3360000000000003	4.664	0.0
372	3.0	0.0	2.0	0.0	3.0	6.0	2.0
373	4.0	0.0	2.0	0.0	4.0	8.0	2.0
374	4.0	2.0	2.0	2.0	4.0	8.0	2.0
375	3.0	1.0	2.0	1.0	4.468	7.532	3.0
376	3.0	2.0	2.0	1.0	3.0010000000000003	8.998999999999999	2.0
377	3.0	2.0	2.0	2.0	3.0	6.0	2.0
378	2.0	0.0	2.0	0.0	0.6660000000000004	5.334	2.0
379	2.0	1.0	2.0	1.0	1.6680000000000001	4.332	2.0
380	1.0	0.0	1.0	0.0	0.3330000000000002	2.667	1.0
381	1.0	0.0	0.0	0.0	0.3330000000000002	2.667	0.0
382	2.0	2.0	1.0	2.0	3.0	6.0	2.0
383	1.0	2.0	0.0	2.0	1.3330000000000002	4.667	1.0
384	0.0	2.0	0.0	2.0	0.3330000000000002	2.667	1.0
385	4.0	1.0	2.0	1.0	3.4040000000000004	8.596	3.0
386	0.0	1.0	0.0	1.0	0.3330000000000002	2.667	1.0
387	2.0	0.0	1.0	0.0	0.6660000000000004	5.334	1.0
388	0.0	0.0	0.0	0.0	0.0	0.0	0.0
389	1.0	1.0	1.0	1.0	2.068	3.932	2.0
390	2.0	1.0	1.0	1.0	2.0	4.0	1.0
391	1.0	4.0	1.0	3.0	1.6690000000000005	7.3309999999999995	2.0
392	1.0	5.0	1.0	4.0	2.6690000000000005	9.331	3.0
393	1.0	2.0	0.0	2.0	1.3330000000000002	4.667	1.0
394	2.0	1.0	2.0	1.0	2.0	4.0	2.0
395	3.0	2.0	3.0	2.0	2.0	4.0	2.0
396	2.0	2.0	2.0	2.0	1.3330000000000002	4.667	2.0
397	1.0	1.0	0.0	1.0	0.6660000000000004	5.334	1.0
398	1.0	5.0	0.0	4.0	2.3320000000000007	12.668	3.0
399	2.0	0.0	1.0	0.0	2.0	4.0	1.0
400	2.0	3.0	0.0	3.0	4.336	10.664000000000001	3.0
401	0.0	3.0	0.0	3.0	0.3330000000000002	2.667	1.0
402	1.0	2.0	0.0	2.0	1.3330000000000002	4.667	1.0
403	1.0	2.0	1.0	2.0	2.0	4.0	2.0
404	1.0	0.0	1.0	0.0	0.3330000000000002	2.667	1.0
405	1.0	2.0	1.0	2.0	1.0	2.0	1.0
406	2.0	0.0	2.0	0.0	2.0	4.0	2.0
407	2.0	0.0	1.0	0.0	2.4	3.6	1.0
408	0.0	2.0	0.0	2.0	0.3330000000000002	2.667	1.0
409	5.0	1.0	4.0	1.0	4.468	10.532	4.0
410	2.0	3.0	2.0	2.0	2.668	6.332	2.0
411	2.0	0.0	1.0	0.0	0.6660000000000004	5.334	1.0
412	3.0	1.0	1.0	1.0	4.4	7.6	2.0
413	2.0	0.0	1.0	0.0	2.0	4.0	1.0
414	3.0	0.0	3.0	0.0	3.0	6.0	3.0
415	2.0	3.0	2.0	2.0	4.736000000000001	10.264	4.0
416	4.0	1.0	2.0	1.0	3.736	8.264	2.0
417	0.0	1.0	0.0	1.0	0.0	3.0	1.0
418	1.0	4.0	1.0	2.0	3.668	8.332	2.0
419	3.0	3.0	1.0	1.0	3.3360000000000003	8.664	1.0
420	3.0	0.0	3.0	0.0	3.0	6.0	3.0
421	3.0	0.0	2.0	0.0	3.0	6.0	2.0
422	3.0	3.0	2.0	1.0	4.336	10.664000000000001	3.0
423	1.0	2.0	1.0	2.0	2.4	3.6	2.0
424	2.0	1.0	2.0	1.0	1.0	2.0	1.0
425	1.0	0.0	0.0	0.0	1.0	2.0	0.0
426	2.0	2.0	2.0	2.0	1.3330000000000002	4.667	2.0
427	3.0	2.0	3.0	2.0	1.6660000000000004	7.334	3.0
428	1.0	1.0	0.0	1.0	1.6680000000000001	4.332	1.0
429	0.0	0.0	0.0	0.0	0.0	0.0	0.0
430	1.0	3.0	1.0	2.0	1.3330000000000002	4.667	1.0
431	3.0	4.0	3.0	4.0	3.333	8.667	4.0
432	3.0	2.0	2.0	2.0	2.0660000000000003	6.933999999999999	2.0
433	1.0	2.0	1.0	2.0	1.0	2.0	1.0
434	1.0	2.0	1.0	2.0	1.0	2.0	1.0
435	1.0	2.0	1.0	2.0	1.0	2.0	1.0
436	3.0	1.0	2.0	1.0	4.0	8.0	3.0
437	3.0	1.0	2.0	1.0	4.0	8.0	3.0
438	2.0	2.0	2.0	2.0	1.0010000000000003	4.999	2.0
439	3.0	1.0	2.0	1.0	2.0	7.0	2.0
440	4.0	1.0	3.0	1.0	4.0	8.0	3.0
441	0.0	3.0	0.0	2.0	1.0010000000000003	7.999	2.0
442	2.0	1.0	1.0	1.0	3.0	6.0	2.0
443	4.0	1.0	4.0	1.0	3.0	6.0	3.0
444	0.0	2.0	0.0	2.0	0.3330000000000002	2.667	1.0
445	3.0	1.0	2.0	1.0	3.333	8.667	3.0
446	1.0	2.0	0.0	2.0	1.3330000000000002	4.667	1.0
447	2.0	0.0	1.0	0.0	2.0	4.0	1.0
448	1.0	0.0	1.0	0.0	0.6680000000000001	2.332	1.0
449	0.0	2.0	0.0	2.0	0.0	3.0	1.0
450	1.0	1.0	1.0	1.0	1.0	2.0	1.0
451	0.0	2.0	0.0	2.0	1.0	2.0	1.0
452	1.0	2.0	1.0	2.0	1.0	2.0	1.0
453	3.0	2.0	1.0	2.0	4.0	8.0	2.0
454	4.0	1.0	2.0	1.0	5.0	10.0	3.0
455	1.0	1.0	0.0	1.0	1.6680000000000001	4.332	1.0
456	2.0	1.0	0.0	1.0	1.6660000000000004	7.334	1.0
457	3.0	1.0	2.0	1.0	4.0	8.0	3.0
458	0.0	1.0	0.0	1.0	0.3330000000000002	2.667	1.0
459	2.0	2.0	2.0	2.0	2.668	6.332	3.0
460	1.0	1.0	1.0	1.0	0.6680000000000001	2.332	1.0
461	2.0	0.0	1.0	0.0	0.6660000000000004	5.334	1.0
462	2.0	1.0	2.0	1.0	2.0	4.0	2.0
463	1.0	0.0	1.0	0.0	0.3330000000000002	2.667	1.0
464	4.0	0.0	3.0	0.0	4.0	8.0	3.0
465	2.0	2.0	0.0	2.0	3.4	5.6	1.0
466	1.0	2.0	1.0	2.0	1.0	2.0	1.0
467	1.0	2.0	1.0	2.0	1.0	2.0	1.0
468	1.0	2.0	1.0	2.0	1.0	2.0	1.0
469	2.0	1.0	1.0	1.0	1.3330000000000002	4.667	1.0
470	1.0	0.0	1.0	0.0	1.0	2.0	1.0
471	1.0	3.0	1.0	3.0	2.0	4.0	2.0
472	0.0	2.0	0.0	2.0	1.0	2.0	1.0
473	1.0	2.0	1.0	2.0	0.3330000000000002	5.667	2.0
474	2.0	1.0	1.0	1.0	1.3330000000000002	4.667	1.0
475	1.0	2.0	0.0	2.0	1.3330000000000002	4.667	1.0
476	3.0	1.0	3.0	1.0	2.333	6.667	3.0
477	2.0	2.0	2.0	2.0	2.0	4.0	2.0
478	2.0	1.0	1.0	1.0	3.4	5.6	2.0
479	0.0	2.0	0.0	2.0	1.0	2.0	1.0
480	2.0	3.0	1.0	2.0	2.3340000000000005	9.666	2.0
481	1.0	1.0	1.0	1.0	1.0	2.0	1.0
482	1.0	1.0	1.0	1.0	1.0	2.0	1.0
483	1.0	0.0	0.0	0.0	0.3330000000000002	2.667	0.0
484	0.0	3.0	0.0	2.0	1.6690000000000005	7.3309999999999995	2.0
485	2.0	1.0	1.0	1.0	1.3330000000000002	4.667	1.0
486	1.0	2.0	0.0	2.0	2.0	4.0	1.0
487	1.0	1.0	0.0	1.0	0.6660000000000004	5.334	1.0
488	2.0	0.0	1.0	0.0	0.6660000000000004	5.334	1.0
489	1.0	2.0	1.0	2.0	0.3330000000000002	2.667	1.0
490	2.0	2.0	0.0	2.0	2.333	6.667	1.0
491	3.0	0.0	2.0	0.0	3.0	6.0	2.0
492	0.0	0.0	0.0	0.0	0.0	0.0	0.0
493	2.0	1.0	1.0	1.0	2.0	4.0	1.0
494	2.0	4.0	1.0	2.0	3.333	8.667	2.0
495	1.0	5.0	0.0	3.0	2.9990000000000006	12.001	3.0
496	1.0	1.0	1.0	1.0	2.0	4.0	2.0
497	4.0	0.0	2.0	0.0	4.0	8.0	2.0
498	0.0	1.0	0.0	1.0	0.3330000000000002	2.667	1.0
499	3.0	5.0	3.0	3.0	5.333	12.667	4.0
500	1.0	1.0	1.0	1.0	1.0	2.0	1.0
501	1.0	1.0	1.0	1.0	0.3330000000000002	2.667	1.0
502	2.0	0.0	2.0	0.0	0.6660000000000004	5.334	2.0
503	2.0	1.0	1.0	1.0	2.0	4.0	1.0
504	4.0	2.0	3.0	2.0	4.0	8.0	3.0
505	2.0	1.0	2.0	1.0	0.9990000000000006	8.001	3.0
506	1.0	1.0	1.0	1.0	1.0	2.0	1.0
507	3.0	2.0	2.0	2.0	2.3360000000000003	6.664	2.0
508	2.0	2.0	2.0	2.0	2.668	6.332	3.0
509	3.0	2.0	1.0	2.0	3.0	6.0	1.0
510	1.0	3.0	1.0	1.0	3.668	8.332	2.0
511	2.0	2.0	2.0	2.0	1.3330000000000002	4.667	2.0
512	0.0	0.0	0.0	0.0	0.0	0.0	0.0
513	1.0	1.0	1.0	1.0	1.0	2.0	1.0
514	3.0	1.0	1.0	1.0	2.3360000000000003	6.664	1.0
515	3.0	2.0	2.0	2.0	3.668	8.332	3.0
516	1.0	2.0	0.0	2.0	1.6680000000000001	4.332	1.0
517	3.0	1.0	1.0	1.0	2.3360000000000003	6.664	1.0
518	2.0	2.0	1.0	1.0	3.0	6.0	1.0
519	2.0	5.0	0.0	4.0	6.468	11.532	3.0
520	3.0	1.0	3.0	1.0	3.068	5.932	3.0
521	2.0	0.0	1.0	0.0	0.6660000000000004	5.334	1.0
522	2.0	5.0	1.0	4.0	3.733	14.267	4.0
523	1.0	3.0	1.0	1.0	1.6670000000000007	10.332999999999998	2.0
524	2.0	3.0	1.0	2.0	3.668	8.332	2.0
525	2.0	2.0	1.0	2.0	2.333	6.667	2.0
526	3.0	4.0	2.0	3.0	4.666	13.334	4.0
527	2.0	3.0	2.0	2.0	1.733	7.2669999999999995	2.0
528	2.0	2.0	2.0	1.0	2.668	6.332	2.0
529	3.0	4.0	2.0	2.0	2.333	6.667	2.0
530	0.0	4.0	0.0	3.0	1.3320000000000007	10.668	3.0
531	2.0	4.0	0.0	3.0	3.333	8.667	2.0
532	3.0	2.0	1.0	2.0	4.0	8.0	2.0
533	1.0	4.0	0.0	3.0	1.9990000000000006	10.001	2.0
534	4.0	2.0	3.0	2.0	4.668	10.332	4.0
535	0.0	1.0	0.0	0.0	0.3330000000000002	2.667	0.0
536	0.0	2.0	0.0	2.0	0.3330000000000002	2.667	1.0
537	2.0	2.0	2.0	2.0	1.6680000000000001	4.332	2.0
538	1.0	0.0	0.0	0.0	0.3330000000000002	2.667	0.0
539	3.0	0.0	1.0	0.0	3.0	6.0	1.0
540	0.0	0.0	0.0	0.0	0.0	0.0	0.0
541	2.0	0.0	1.0	0.0	0.6660000000000004	5.334	1.0
542	2.0	0.0	2.0	0.0	0.6660000000000004	5.334	2.0
543	0.0	0.0	0.0	0.0	0.0	0.0	0.0
544	1.0	1.0	1.0	1.0	1.3330000000000002	4.667	2.0
545	1.0	1.0	0.0	1.0	1.6680000000000001	4.332	1.0
546	1.0	1.0	1.0	0.0	1.0	5.0	1.0
547	3.0	0.0	2.0	0.0	1.6680000000000001	4.332	1.0
548	0.0	0.0	0.0	0.0	0.0	0.0	0.0
549	2.0	2.0	2.0	2.0	2.0	4.0	2.0
550	0.0	0.0	0.0	0.0	0.0	0.0	0.0
