pos	Sd	Nd	Sd_tip	Nd_tip	S	N	comparisons
001	0.0	0.0	0.0	0.0	0.0	0.0	0.0
002	3.0	2.0	1.0	2.0	0.6660000000000004	8.334	1.0
003	0.0	4.0	0.0	2.0	3.0010000000000003	8.998999999999999	2.0
004	1.0	1.0	1.0	1.0	1.0	2.0	1.0
005	2.0	3.0	0.0	2.0	5.0	10.0	2.0
006	3.0	1.0	2.0	1.0	3.0	6.0	2.0
007	1.0	1.0	1.0	1.0	0.6660000000000004	5.334	2.0
008	2.0	2.0	1.0	2.0	3.333	8.667	3.0
009	2.0	3.0	1.0	2.0	2.333	6.667	2.0
010	1.0	4.0	1.0	2.0	4.0	8.0	2.0
011	1.0	0.0	1.0	0.0	1.0	2.0	1.0
012	1.0	2.0	0.0	2.0	2.333	6.667	2.0
013	2.0	4.0	2.0	2.0	1.3330000000000002	7.667	2.0
014	2.0	2.0	2.0	2.0	1.6660000000000004	7.334	3.0
015	1.0	1.0	1.0	1.0	1.3330000000000002	4.667	2.0
016	2.0	0.0	2.0	0.0	0.6660000000000004	5.334	2.0
017	1.0	2.0	1.0	1.0	1.6660000000000004	7.334	2.0
018	1.0	4.0	1.0	3.0	2.333	6.667	2.0
019	1.0	0.0	0.0	0.0	0.3330000000000002	2.667	0.0
020	0.0	0.0	0.0	0.0	0.0	0.0	0.0
021	1.0	2.0	1.0	2.0	0.9990000000000006	8.001	3.0
022	1.0	2.0	1.0	1.0	2.0	4.0	1.0
023	0.0	4.0	0.0	3.0	2.6690000000000005	9.331	3.0
024	0.0	7.0	0.0	4.0	4.799	13.200999999999999	3.0
025	3.0	2.0	1.0	2.0	4.4	7.6	2.0
026	2.0	2.0	1.0	1.0	3.0	6.0	2.0
027	1.0	4.0	1.0	3.0	1.3340000000000005	7.6659999999999995	2.0
028	1.0	2.0	1.0	1.0	1.3330000000000002	4.667	1.0
029	2.0	2.0	2.0	2.0	1.6660000000000004	7.334	3.0
030	0.0	1.0	0.0	0.0	0.3330000000000002	2.667	0.0
031	1.0	0.0	1.0	0.0	0.3330000000000002	2.667	1.0
032	1.0	1.0	0.0	1.0	0.6660000000000004	5.334	1.0
033	1.0	4.0	1.0	2.0	2.3340000000000005	9.666	2.0
034	4.0	2.0	3.0	2.0	3.0010000000000003	8.998999999999999	3.0
035	1.0	4.0	1.0	2.0	1.9990000000000006	10.001	2.0
036	1.0	4.0	0.0	2.0	0.9990000000000006	8.001	1.0
037	1.0	4.0	1.0	3.0	1.9990000000000006	10.001	3.0
038	1.0	0.0	1.0	0.0	0.3330000000000002	2.667	1.0
039	0.0	3.0	0.0	2.0	1.6680000000000001	7.332	2.0
040	2.0	3.0	1.0	3.0	1.6660000000000004	7.334	2.0
041	0.0	2.0	0.0	1.0	0.6660000000000004	5.334	1.0
042	1.0	2.0	1.0	2.0	2.0	4.0	2.0
043	0.0	3.0	0.0	2.0	0.9990000000000006	8.001	2.0
044	2.0	4.0	1.0	3.0	2.3320000000000007	12.668	3.0
045	1.0	2.0	0.0	0.0	1.3330000000000002	4.667	0.0
046	3.0	2.0	0.0	1.0	2.333	6.667	1.0
047	1.0	3.0	0.0	2.0	1.3340000000000005	10.666	2.0
048	1.0	2.0	1.0	2.0	0.3330000000000002	2.667	1.0
049	4.0	0.0	2.0	0.0	4.136	7.863999999999999	2.0
050	2.0	1.0	1.0	0.0	2.0	4.0	1.0
051	0.0	3.0	0.0	2.0	1.3330000000000002	4.667	1.0
052	1.0	2.0	0.0	1.0	2.8	6.199999999999999	1.0
053	0.0	5.0	0.0	5.0	1.6660000000000004	7.334	3.0
054	4.0	2.0	2.0	1.0	1.6680000000000001	7.332	2.0
055	0.0	3.0	0.0	1.0	0.9990000000000006	8.001	1.0
056	0.0	0.0	0.0	0.0	0.0	0.0	0.0
057	1.0	3.0	0.0	2.0	1.6680000000000001	4.332	1.0
058	2.0	3.0	2.0	2.0	1.6660000000000004	7.334	2.0
059	4.0	2.0	3.0	2.0	4.068	7.932	3.0
060	2.0	0.0	2.0	0.0	0.6660000000000004	5.334	2.0
061	2.0	4.0	1.0	3.0	2.335000000000001	12.665	3.0
062	1.0	2.0	0.0	2.0	1.3330000000000002	4.667	1.0
063	1.0	3.0	1.0	1.0	1.0	5.0	1.0
064	3.0	2.0	2.0	2.0	3.4010000000000002	8.599	3.0
065	1.0	3.0	1.0	3.0	0.6660000000000004	5.334	2.0
066	2.0	1.0	2.0	1.0	2.668	6.332	3.0
067	2.0	1.0	1.0	0.0	0.9990000000000006	8.001	1.0
068	3.0	2.0	1.0	1.0	2.333	6.667	1.0
069	2.0	0.0	2.0	0.0	2.0	4.0	2.0
070	1.0	2.0	0.0	2.0	1.0010000000000003	4.999	1.0
071	2.0	5.0	1.0	3.0	3.9990000000000006	14.001	3.0
072	1.0	3.0	0.0	3.0	1.3340000000000005	7.6659999999999995	2.0
073	0.0	2.0	0.0	2.0	0.3330000000000002	2.667	1.0
074	0.0	4.0	0.0	3.0	1.3320000000000007	10.668	3.0
075	1.0	6.0	0.0	3.0	3.3320000000000007	14.668	3.0
076	1.0	2.0	0.0	1.0	3.0	6.0	1.0
077	2.0	1.0	2.0	1.0	1.0	5.0	2.0
078	1.0	0.0	0.0	0.0	0.3330000000000002	2.667	0.0
079	1.0	3.0	1.0	2.0	1.6660000000000004	7.334	2.0
080	3.0	2.0	3.0	1.0	2.668	6.332	2.0
081	2.0	2.0	1.0	2.0	3.0	6.0	2.0
082	2.0	5.0	0.0	4.0	3.0020000000000007	14.998	3.0
083	1.0	4.0	1.0	2.0	1.6660000000000004	7.334	2.0
084	1.0	0.0	1.0	0.0	0.3330000000000002	2.667	1.0
085	1.0	4.0	1.0	3.0	1.3320000000000007	10.668	3.0
086	2.0	2.0	1.0	2.0	1.3330000000000002	4.667	1.0
087	1.0	3.0	0.0	2.0	1.6660000000000004	7.334	1.0
088	1.0	3.0	1.0	1.0	1.6660000000000004	7.334	1.0
089	2.0	3.0	1.0	3.0	1.6670000000000007	10.332999999999998	3.0
090	1.0	4.0	1.0	4.0	2.333	6.667	3.0
091	2.0	1.0	1.0	1.0	2.4	3.6	1.0
092	3.0	4.0	3.0	2.0	4.734000000000001	13.265999999999998	4.0
093	2.0	5.0	1.0	4.0	3.333	11.667	4.0
094	1.0	2.0	0.0	1.0	0.9990000000000006	8.001	1.0
095	4.0	0.0	3.0	0.0	2.668	6.332	2.0
096	1.0	3.0	0.0	3.0	2.0010000000000003	6.999	2.0
097	0.0	5.0	0.0	2.0	3.333	8.667	2.0
098	2.0	4.0	2.0	1.0	3.000000000000001	15.0	3.0
099	2.0	3.0	0.0	2.0	3.333	8.667	1.0
100	1.0	5.0	0.0	3.0	1.9990000000000006	10.001	2.0
101	1.0	4.0	1.0	2.0	1.6660000000000004	7.334	2.0
102	0.0	1.0	0.0	0.0	0.0	3.0	0.0
103	1.0	6.0	1.0	3.0	2.6660000000000004	9.334	2.0
104	2.0	0.0	1.0	0.0	2.0	4.0	1.0
105	0.0	2.0	0.0	2.0	0.3330000000000002	2.667	1.0
106	2.0	0.0	1.0	0.0	0.6660000000000004	5.334	1.0
107	2.0	3.0	2.0	3.0	3.333	8.667	4.0
108	2.0	4.0	2.0	2.0	3.333	8.667	2.0
109	2.0	3.0	1.0	1.0	1.9990000000000006	10.001	2.0
110	0.0	1.0	0.0	1.0	1.0	2.0	1.0
111	1.0	3.0	1.0	2.0	2.333	6.667	2.0
112	1.0	4.0	0.0	3.0	3.3360000000000003	8.664	2.0
113	1.0	3.0	1.0	2.0	1.3330000000000002	4.667	1.0
114	2.0	2.0	2.0	1.0	1.3320000000000007	10.668	3.0
115	2.0	4.0	1.0	2.0	3.333	8.667	2.0
116	0.0	3.0	0.0	1.0	0.9990000000000006	8.001	1.0
117	2.0	5.0	2.0	2.0	2.9990000000000006	12.001	2.0
118	3.0	1.0	2.0	1.0	3.0	6.0	2.0
119	0.0	4.0	0.0	3.0	2.0010000000000003	6.999	2.0
120	2.0	2.0	2.0	2.0	1.0010000000000003	4.999	2.0
121	1.0	1.0	1.0	1.0	0.3330000000000002	2.667	1.0
122	1.0	3.0	1.0	3.0	2.333	6.667	3.0
123	1.0	1.0	1.0	1.0	2.0	4.0	2.0
124	1.0	1.0	1.0	1.0	1.3330000000000002	4.667	2.0
125	3.0	1.0	2.0	1.0	3.0	6.0	2.0
126	3.0	0.0	2.0	0.0	3.0	6.0	2.0
127	3.0	0.0	1.0	0.0	3.0	6.0	1.0
128	1.0	0.0	1.0	0.0	1.0	2.0	1.0
129	2.0	3.0	1.0	0.0	1.6660000000000004	7.334	1.0
130	3.0	2.0	0.0	0.0	3.0	6.0	0.0
131	2.0	3.0	1.0	0.0	3.333	8.667	1.0
132	1.0	2.0	1.0	0.0	3.0	6.0	1.0
133	0.0	4.0	0.0	3.0	1.6660000000000004	7.334	2.0
134	2.0	4.0	2.0	2.0	2.6690000000000005	9.331	2.0
135	0.0	0.0	0.0	0.0	0.0	0.0	0.0
136	0.0	1.0	0.0	1.0	1.0	2.0	1.0
137	1.0	2.0	0.0	1.0	2.0	4.0	1.0
138	0.0	2.0	0.0	0.0	1.0	2.0	0.0
139	0.0	2.0	0.0	1.0	1.6680000000000001	4.332	1.0
140	1.0	0.0	0.0	0.0	1.0	2.0	0.0
141	0.0	1.0	0.0	0.0	0.3330000000000002	2.667	0.0
142	2.0	5.0	1.0	2.0	5.0	10.0	2.0
143	1.0	3.0	1.0	1.0	2.333	6.667	2.0
144	1.0	2.0	1.0	0.0	0.6660000000000004	5.334	1.0
145	1.0	3.0	0.0	1.0	3.668	8.332	1.0
146	1.0	4.0	1.0	2.0	3.668	11.332	3.0
147	1.0	0.0	1.0	0.0	0.3330000000000002	2.667	1.0
148	3.0	0.0	1.0	0.0	3.0	6.0	1.0
149	1.0	4.0	1.0	4.0	3.068	5.932	3.0
150	1.0	4.0	1.0	2.0	1.3330000000000002	4.667	1.0
151	0.0	4.0	0.0	3.0	2.333	6.667	2.0
152	0.0	0.0	0.0	0.0	0.0	0.0	0.0
153	0.0	0.0	0.0	0.0	0.0	0.0	0.0
154	0.0	0.0	0.0	0.0	0.0	0.0	0.0
155	0.0	0.0	0.0	0.0	0.0	0.0	0.0
156	0.0	0.0	0.0	0.0	0.0	0.0	0.0
157	0.0	0.0	0.0	0.0	0.0	0.0	0.0
158	0.0	0.0	0.0	0.0	0.0	0.0	0.0
159	0.0	0.0	0.0	0.0	0.0	0.0	0.0
160	0.0	0.0	0.0	0.0	0.0	0.0	0.0
161	0.0	0.0	0.0	0.0	0.0	0.0	0.0
162	0.0	3.0	0.0	0.0	1.3330000000000002	4.667	0.0
163	0.0	2.0	0.0	1.0	2.4	3.6	1.0
164	1.0	0.0	1.0	0.0	1.0	2.0	1.0
165	1.0	1.0	1.0	1.0	0.6660000000000004	5.334	2.0
166	0.0	0.0	0.0	0.0	0.0	0.0	0.0
167	3.0	4.0	2.0	2.0	5.4	9.6	3.0
168	1.0	2.0	1.0	2.0	2.0	4.0	2.0
169	0.0	2.0	0.0	2.0	0.3330000000000002	2.667	1.0
170	1.0	3.0	1.0	2.0	3.0	6.0	2.0
171	2.0	1.0	1.0	1.0	3.0	6.0	2.0
172	1.0	4.0	0.0	2.0	4.001	10.998999999999999	2.0
173	3.0	3.0	2.0	2.0	4.068	7.9319999999999995	2.0
174	1.0	0.0	1.0	0.0	0.3330000000000002	2.667	1.0
175	1.0	0.0	1.0	0.0	1.0	2.0	1.0
176	1.0	1.0	1.0	1.0	1.0	2.0	1.0
177	1.0	4.0	0.0	3.0	2.6660000000000004	9.334	3.0
178	0.0	0.0	0.0	0.0	0.0	0.0	0.0
179	0.0	0.0	0.0	0.0	0.0	0.0	0.0
180	0.0	0.0	0.0	0.0	0.0	0.0	0.0
181	0.0	0.0	0.0	0.0	0.0	0.0	0.0
182	0.0	0.0	0.0	0.0	0.0	0.0	0.0
183	2.0	4.0	2.0	3.0	5.0	10.0	4.0
184	1.0	3.0	1.0	1.0	1.3330000000000002	4.667	1.0
185	1.0	3.0	0.0	3.0	3.333	8.667	3.0
186	2.0	6.0	2.0	3.0	4.332000000000001	16.668	4.0
187	1.0	4.0	1.0	2.0	1.6660000000000004	7.334	2.0
188	2.0	3.0	1.0	0.0	3.733	8.267	1.0
189	3.0	4.0	2.0	2.0	4.333	10.667	3.0
190	0.0	0.0	0.0	0.0	0.0	0.0	0.0
191	0.0	0.0	0.0	0.0	0.0	0.0	0.0
192	3.0	3.0	2.0	2.0	4.736	10.264	3.0
193	3.0	3.0	2.0	3.0	4.333	10.667	4.0
194	3.0	4.0	2.0	3.0	2.333	9.667	3.0
195	3.0	3.0	1.0	2.0	2.333	6.667	1.0
196	1.0	5.0	1.0	3.0	4.336	10.664	3.0
197	1.0	1.0	1.0	0.0	2.0	4.0	1.0
198	0.0	7.0	0.0	3.0	3.000000000000001	15.0	3.0
199	3.0	5.0	2.0	2.0	6.333	14.667	4.0
200	0.0	5.0	0.0	4.0	1.9990000000000006	10.001	3.0
201	2.0	3.0	2.0	1.0	1.9990000000000006	10.001	3.0
202	2.0	3.0	2.0	2.0	3.733	8.267	3.0
203	2.0	2.0	2.0	1.0	3.0	6.0	2.0
204	2.0	2.0	1.0	1.0	2.0	4.0	1.0
205	4.0	2.0	2.0	2.0	4.0	8.0	2.0
206	2.0	3.0	2.0	2.0	2.333	12.667	4.0
207	2.0	1.0	2.0	1.0	2.3360000000000003	6.664	3.0
208	0.0	3.0	0.0	2.0	0.3330000000000002	5.667	1.0
209	2.0	0.0	2.0	0.0	0.6660000000000004	5.334	2.0
210	2.0	2.0	1.0	2.0	3.0	6.0	2.0
211	3.0	3.0	2.0	2.0	2.333	6.667	2.0
212	2.0	2.0	1.0	2.0	2.333	6.667	2.0
213	1.0	3.0	0.0	2.0	0.9990000000000006	8.001	2.0
214	4.0	4.0	1.0	2.0	3.9990000000000006	14.001	3.0
215	1.0	3.0	1.0	2.0	3.668	8.332	3.0
216	2.0	1.0	1.0	1.0	3.0	6.0	2.0
217	3.0	1.0	2.0	1.0	3.0	6.0	2.0
218	2.0	0.0	1.0	0.0	2.0	4.0	1.0
219	0.0	5.0	0.0	4.0	1.6670000000000007	10.332999999999998	3.0
220	3.0	1.0	0.0	1.0	3.333	8.667	1.0
221	1.0	2.0	1.0	1.0	1.3360000000000003	7.664	2.0
222	4.0	3.0	2.0	2.0	6.0	12.0	3.0
223	2.0	3.0	1.0	1.0	2.0	4.0	1.0
224	1.0	3.0	0.0	1.0	0.6660000000000004	5.334	1.0
225	1.0	4.0	1.0	2.0	2.333	6.667	2.0
226	2.0	4.0	1.0	0.0	3.0010000000000003	8.998999999999999	1.0
227	1.0	4.0	0.0	1.0	3.0	6.0	1.0
228	2.0	2.0	2.0	2.0	3.0	6.0	3.0
229	2.0	3.0	1.0	1.0	4.0	8.0	2.0
230	3.0	2.0	1.0	1.0	3.0660000000000003	8.934	2.0
231	2.0	0.0	1.0	0.0	2.4	3.6	1.0
232	2.0	5.0	1.0	4.0	2.6670000000000007	12.332999999999998	4.0
233	2.0	2.0	1.0	2.0	1.3330000000000002	4.667	1.0
234	2.0	2.0	1.0	2.0	2.4	3.6	1.0
235	3.0	4.0	3.0	4.0	2.6660000000000004	9.334	4.0
236	1.0	4.0	0.0	2.0	4.0	8.0	2.0
237	1.0	0.0	0.0	0.0	0.3330000000000002	2.667	0.0
238	3.0	0.0	2.0	0.0	3.0	6.0	2.0
239	2.0	2.0	1.0	2.0	3.0	6.0	2.0
240	2.0	0.0	2.0	0.0	2.0	4.0	2.0
241	0.0	3.0	0.0	2.0	0.6660000000000004	5.334	1.0
242	1.0	2.0	0.0	2.0	2.4	3.6	1.0
243	2.0	0.0	2.0	0.0	2.0	4.0	2.0
244	1.0	2.0	0.0	0.0	2.0	4.0	0.0
245	1.0	0.0	1.0	0.0	1.0	2.0	1.0
246	0.0	3.0	0.0	3.0	1.6680000000000001	4.332	2.0
247	2.0	6.0	0.0	3.0	5.001	15.999	3.0
248	2.0	0.0	1.0	0.0	0.6660000000000004	5.334	1.0
249	1.0	4.0	1.0	2.0	1.6660000000000004	7.334	1.0
250	2.0	5.0	1.0	4.0	3.3990000000000005	11.600999999999999	3.0
251	2.0	4.0	1.0	4.0	1.665000000000001	13.334999999999999	4.0
252	1.0	2.0	0.0	2.0	0.6660000000000004	5.334	1.0
253	3.0	2.0	1.0	2.0	4.401	10.599	3.0
254	0.0	3.0	0.0	3.0	1.3340000000000005	7.6659999999999995	3.0
255	2.0	5.0	1.0	3.0	3.9990000000000006	14.001	3.0
256	1.0	1.0	0.0	0.0	1.6680000000000001	4.332	0.0
257	2.0	3.0	1.0	1.0	0.9990000000000006	8.001	2.0
258	1.0	2.0	0.0	1.0	0.9990000000000006	8.001	1.0
259	0.0	0.0	0.0	0.0	0.0	0.0	0.0
260	0.0	0.0	0.0	0.0	0.0	0.0	0.0
261	0.0	0.0	0.0	0.0	0.0	0.0	0.0
262	0.0	0.0	0.0	0.0	0.0	0.0	0.0
263	0.0	0.0	0.0	0.0	0.0	0.0	0.0
264	0.0	0.0	0.0	0.0	0.0	0.0	0.0
265	0.0	0.0	0.0	0.0	0.0	0.0	0.0
266	0.0	0.0	0.0	0.0	0.0	0.0	0.0
267	0.0	0.0	0.0	0.0	0.0	0.0	0.0
268	0.0	0.0	0.0	0.0	0.0	0.0	0.0
269	0.0	0.0	0.0	0.0	0.0	0.0	0.0
270	2.0	4.0	0.0	2.0	1.9990000000000006	10.001	2.0
271	0.0	3.0	0.0	2.0	1.3330000000000002	4.667	1.0
272	0.0	3.0	0.0	3.0	1.6660000000000004	7.334	3.0
273	3.0	3.0	3.0	1.0	3.3340000000000005	11.665999999999999	3.0
274	0.0	0.0	0.0	0.0	0.0	0.0	0.0
275	0.0	3.0	0.0	2.0	2.668	6.332	2.0
276	1.0	1.0	1.0	0.0	2.0	4.0	1.0
277	1.0	1.0	1.0	0.0	2.0	4.0	1.0
278	1.0	1.0	0.0	0.0	0.0	3.0	0.0
279	0.0	3.0	0.0	2.0	2.068	6.932	2.0
280	0.0	0.0	0.0	0.0	0.0	0.0	0.0
281	2.0	0.0	1.0	0.0	2.0	4.0	1.0
282	2.0	0.0	1.0	0.0	2.0	4.0	1.0
283	2.0	0.0	1.0	0.0	2.0	4.0	1.0
284	0.0	3.0	0.0	1.0	0.9990000000000006	8.001	1.0
285	1.0	2.0	0.0	2.0	1.3330000000000002	4.667	1.0
286	3.0	2.0	2.0	1.0	4.7330000000000005	10.267	3.0
287	0.0	4.0	0.0	4.0	1.6660000000000004	7.334	3.0
288	1.0	4.0	0.0	2.0	2.6660000000000004	9.334	2.0
289	2.0	3.0	2.0	3.0	3.333	8.667	4.0
290	2.0	2.0	1.0	1.0	1.6670000000000007	10.332999999999998	2.0
291	2.0	1.0	1.0	0.0	2.0	4.0	1.0
292	0.0	0.0	0.0	0.0	0.0	0.0	0.0
293	3.0	4.0	2.0	2.0	3.6660000000000004	11.334	2.0
294	1.0	5.0	1.0	3.0	2.6660000000000004	9.334	3.0
295	1.0	0.0	1.0	0.0	0.3330000000000002	2.667	1.0
296	0.0	6.0	0.0	5.0	2.6660000000000004	9.334	3.0
297	2.0	3.0	1.0	3.0	2.000000000000001	13.0	4.0
298	2.0	4.0	1.0	4.0	2.733	6.2669999999999995	2.0
299	1.0	5.0	1.0	4.0	3.733	8.267	3.0
300	2.0	0.0	0.0	0.0	2.0	4.0	0.0
301	0.0	1.0	0.0	0.0	1.0	2.0	0.0
302	1.0	0.0	1.0	0.0	0.3330000000000002	2.667	1.0
303	3.0	3.0	2.0	2.0	3.333	8.667	2.0
304	2.0	5.0	1.0	3.0	2.6670000000000007	12.332999999999998	3.0
305	1.0	0.0	1.0	0.0	0.3330000000000002	2.667	1.0
306	1.0	2.0	1.0	2.0	2.668	6.332	3.0
307	2.0	2.0	1.0	1.0	2.3360000000000003	6.664	2.0
308	2.0	3.0	1.0	3.0	3.733	8.267	3.0
309	2.0	3.0	2.0	1.0	1.9990000000000006	10.001	2.0
310	1.0	3.0	1.0	1.0	2.0	7.0	1.0
311	1.0	1.0	0.0	1.0	2.0	4.0	1.0
312	2.0	3.0	2.0	2.0	2.333	6.667	2.0
313	1.0	4.0	0.0	4.0	2.3340000000000005	9.666	3.0
314	2.0	4.0	1.0	2.0	5.0	10.0	3.0
315	3.0	4.0	2.0	3.0	5.333	12.667	4.0
316	1.0	0.0	0.0	0.0	0.3330000000000002	2.667	0.0
317	3.0	2.0	1.0	1.0	4.0	8.0	2.0
318	1.0	0.0	1.0	0.0	0.3330000000000002	2.667	1.0
319	2.0	1.0	2.0	1.0	1.3330000000000002	4.667	2.0
320	2.0	4.0	0.0	2.0	1.6660000000000004	7.334	1.0
321	0.0	0.0	0.0	0.0	0.0	0.0	0.0
322	1.0	4.0	1.0	3.0	2.733	6.2669999999999995	2.0
323	2.0	1.0	1.0	1.0	1.6690000000000005	7.3309999999999995	2.0
324	2.0	4.0	1.0	1.0	2.6660000000000004	9.334	1.0
325	1.0	4.0	0.0	2.0	1.3330000000000002	4.667	1.0
326	2.0	2.0	2.0	2.0	0.6660000000000004	5.334	2.0
327	3.0	4.0	1.0	2.0	2.6660000000000004	9.334	1.0
328	2.0	6.0	2.0	5.0	2.3320000000000007	15.668	5.0
329	2.0	3.0	1.0	3.0	3.333	8.667	3.0
330	1.0	2.0	1.0	2.0	1.3330000000000002	4.667	2.0
331	3.0	2.0	3.0	2.0	3.333	8.667	4.0
332	2.0	4.0	1.0	3.0	4.333	10.667	3.0
333	0.0	3.0	0.0	2.0	2.333	6.667	2.0
334	1.0	3.0	0.0	2.0	1.6660000000000004	7.334	2.0
335	3.0	4.0	1.0	3.0	3.6660000000000004	11.334	2.0
336	3.0	3.0	1.0	3.0	4.333	10.667	3.0
337	2.0	2.0	1.0	1.0	3.333	8.667	2.0
338	2.0	6.0	1.0	5.0	3.333	8.667	3.0
339	2.0	3.0	1.0	1.0	3.333	8.667	1.0
340	1.0	4.0	1.0	3.0	1.9990000000000006	10.001	3.0
341	1.0	4.0	1.0	1.0	2.6660000000000004	9.334	2.0
342	0.0	5.0	0.0	2.0	1.9990000000000006	10.001	2.0
343	2.0	4.0	1.0	4.0	2.333	6.667	2.0
344	3.0	4.0	2.0	3.0	4.333	10.667	3.0
345	2.0	3.0	1.0	2.0	3.0010000000000003	8.998999999999999	2.0
346	1.0	1.0	1.0	0.0	2.0	4.0	1.0
347	3.0	1.0	2.0	1.0	3.0	6.0	2.0
348	1.0	4.0	1.0	1.0	2.6660000000000004	9.334	1.0
349	0.0	0.0	0.0	0.0	0.0	0.0	0.0
350	0.0	0.0	0.0	0.0	0.0	0.0	0.0
351	0.0	0.0	0.0	0.0	0.0	0.0	0.0
352	1.0	0.0	0.0	0.0	0.3330000000000002	2.667	0.0
353	0.0	3.0	0.0	2.0	0.6660000000000004	5.334	1.0
354	0.0	0.0	0.0	0.0	0.0	0.0	0.0
355	0.0	0.0	0.0	0.0	0.0	0.0	0.0
356	0.0	0.0	0.0	0.0	0.0	0.0	0.0
357	0.0	0.0	0.0	0.0	0.0	0.0	0.0
358	0.0	0.0	0.0	0.0	0.0	0.0	0.0
359	0.0	0.0	0.0	0.0	0.0	0.0	0.0
360	0.0	0.0	0.0	0.0	0.0	0.0	0.0
361	0.0	0.0	0.0	0.0	0.0	0.0	0.0
362	1.0	2.0	0.0	2.0	3.0	6.0	2.0
363	0.0	3.0	0.0	1.0	1.6660000000000004	7.334	1.0
364	1.0	2.0	0.0	0.0	0.6660000000000004	5.334	0.0
365	0.0	0.0	0.0	0.0	0.0	0.0	0.0
366	0.0	3.0	0.0	0.0	0.6660000000000004	5.334	0.0
367	2.0	2.0	1.0	2.0	2.733	6.2669999999999995	2.0
368	4.0	6.0	3.0	3.0	5.333	12.667	3.0
369	1.0	3.0	0.0	1.0	1.3330000000000002	4.667	1.0
370	1.0	1.0	0.0	0.0	0.6660000000000004	5.334	0.0
371	1.0	4.0	0.0	2.0	2.333	6.667	1.0
372	3.0	4.0	3.0	2.0	1.3320000000000007	10.668	3.0
373	1.0	6.0	1.0	3.0	3.3340000000000005	11.665999999999999	3.0
374	2.0	1.0	1.0	1.0	0.6660000000000004	5.334	1.0
375	0.0	1.0	0.0	1.0	0.3330000000000002	2.667	1.0
376	3.0	1.0	2.0	1.0	3.333	8.667	3.0
377	3.0	2.0	2.0	2.0	5.0	10.0	4.0
378	2.0	1.0	1.0	1.0	2.0	4.0	1.0
379	1.0	0.0	1.0	0.0	1.0	2.0	1.0
380	2.0	4.0	0.0	3.0	3.0010000000000003	11.998999999999999	2.0
381	3.0	1.0	1.0	1.0	4.0	8.0	2.0
382	1.0	0.0	0.0	0.0	1.4	1.6	0.0
383	0.0	0.0	0.0	0.0	0.0	0.0	0.0
384	1.0	2.0	1.0	2.0	0.6660000000000004	5.334	2.0
385	1.0	0.0	1.0	0.0	1.0	2.0	1.0
386	2.0	0.0	2.0	0.0	2.0	4.0	2.0
387	1.0	5.0	0.0	4.0	2.6660000000000004	9.334	3.0
388	0.0	0.0	0.0	0.0	0.0	0.0	0.0
389	0.0	0.0	0.0	0.0	0.0	0.0	0.0
390	0.0	0.0	0.0	0.0	0.0	0.0	0.0
391	0.0	0.0	0.0	0.0	0.0	0.0	0.0
392	0.0	0.0	0.0	0.0	0.0	0.0	0.0
393	0.0	0.0	0.0	0.0	0.0	0.0	0.0
394	0.0	0.0	0.0	0.0	0.0	0.0	0.0
395	0.0	0.0	0.0	0.0	0.0	0.0	0.0
396	0.0	0.0	0.0	0.0	0.0	0.0	0.0
397	0.0	0.0	0.0	0.0	0.0	0.0	0.0
398	0.0	0.0	0.0	0.0	0.0	0.0	0.0
399	0.0	0.0	0.0	0.0	0.0	0.0	0.0
400	0.0	0.0	0.0	0.0	0.0	0.0	0.0
401	0.0	0.0	0.0	0.0	0.0	0.0	0.0
402	0.0	0.0	0.0	0.0	0.0	0.0	0.0
403	0.0	0.0	0.0	0.0	0.0	0.0	0.0
404	0.0	0.0	0.0	0.0	0.0	0.0	0.0
405	3.0	2.0	2.0	2.0	3.333	8.667	3.0
406	2.0	2.0	1.0	1.0	3.668	8.332	2.0
407	2.0	0.0	2.0	0.0	0.6660000000000004	5.334	2.0
408	0.0	0.0	0.0	0.0	0.0	0.0	0.0
409	1.0	0.0	0.0	0.0	0.3330000000000002	2.667	0.0
410	1.0	3.0	1.0	0.0	2.333	6.667	1.0
411	2.0	3.0	2.0	2.0	4.0	8.0	3.0
412	0.0	2.0	0.0	2.0	0.6660000000000004	5.334	2.0
413	2.0	2.0	1.0	2.0	1.3330000000000002	4.667	1.0
414	3.0	1.0	3.0	1.0	3.0	6.0	3.0
415	3.0	1.0	1.0	1.0	3.0	6.0	1.0
416	2.0	3.0	2.0	2.0	3.668	8.332	3.0
417	3.0	2.0	1.0	1.0	3.333	8.667	2.0
418	1.0	1.0	0.0	1.0	0.6660000000000004	5.334	1.0
419	2.0	1.0	1.0	0.0	0.9990000000000006	8.001	1.0
420	0.0	2.0	0.0	1.0	1.0	5.0	1.0
421	3.0	1.0	1.0	0.0	3.0	6.0	1.0
422	1.0	0.0	0.0	0.0	0.3330000000000002	2.667	0.0
423	1.0	0.0	1.0	0.0	0.3330000000000002	2.667	1.0
424	1.0	0.0	1.0	0.0	0.3330000000000002	2.667	1.0
425	3.0	3.0	3.0	3.0	2.0010000000000003	9.998999999999999	4.0
426	3.0	2.0	1.0	2.0	3.333	8.667	2.0
427	3.0	0.0	2.0	0.0	3.0	6.0	2.0
428	0.0	0.0	0.0	0.0	0.0	0.0	0.0
429	2.0	0.0	2.0	0.0	2.0	4.0	2.0
430	2.0	4.0	1.0	2.0	3.0	6.0	2.0
431	2.0	3.0	1.0	3.0	2.333	6.667	2.0
432	2.0	2.0	2.0	0.0	1.9990000000000006	10.001	2.0
433	0.0	0.0	0.0	0.0	0.0	0.0	0.0
434	3.0	5.0	1.0	3.0	5.001	12.999	4.0
435	2.0	1.0	2.0	1.0	3.133	5.866999999999999	3.0
436	1.0	3.0	1.0	2.0	1.6660000000000004	7.334	2.0
437	0.0	0.0	0.0	0.0	0.0	0.0	0.0
438	1.0	0.0	1.0	0.0	0.3330000000000002	2.667	1.0
439	2.0	0.0	1.0	0.0	2.0	4.0	1.0
440	2.0	3.0	2.0	2.0	1.6660000000000004	7.334	2.0
441	2.0	0.0	1.0	0.0	2.0	4.0	1.0
442	1.0	1.0	1.0	1.0	0.3330000000000002	2.667	1.0
443	3.0	0.0	1.0	0.0	3.0	6.0	1.0
444	1.0	0.0	1.0	0.0	0.3330000000000002	2.667	1.0
445	2.0	0.0	1.0	0.0	2.0	4.0	1.0
446	2.0	2.0	2.0	2.0	1.6660000000000004	7.334	3.0
447	1.0	0.0	0.0	0.0	0.3330000000000002	2.667	0.0
448	0.0	0.0	0.0	0.0	0.0	0.0	0.0
449	0.0	1.0	0.0	1.0	0.3330000000000002	2.667	1.0
450	2.0	0.0	1.0	0.0	2.0	4.0	1.0
451	4.0	0.0	3.0	0.0	4.0	8.0	3.0
452	2.0	0.0	1.0	0.0	2.0	4.0	1.0
453	2.0	2.0	1.0	1.0	3.668	8.332	2.0
454	0.0	2.0	0.0	2.0	1.3330000000000002	4.667	2.0
455	2.0	2.0	2.0	1.0	2.0020000000000007	9.998	3.0
456	2.0	1.0	1.0	0.0	2.3360000000000003	6.664	1.0
457	0.0	0.0	0.0	0.0	0.0	0.0	0.0
458	2.0	2.0	2.0	1.0	3.333	8.667	3.0
459	1.0	2.0	1.0	2.0	1.6660000000000004	7.334	3.0
460	2.0	0.0	2.0	0.0	0.6660000000000004	5.334	2.0
461	4.0	0.0	4.0	0.0	4.0	8.0	4.0
462	0.0	0.0	0.0	0.0	0.0	0.0	0.0
463	0.0	0.0	0.0	0.0	0.0	0.0	0.0
464	1.0	1.0	1.0	1.0	0.6660000000000004	5.334	2.0
465	2.0	2.0	2.0	1.0	2.6660000000000004	9.334	3.0
466	3.0	5.0	1.0	3.0	4.666	13.334	3.0
467	0.0	0.0	0.0	0.0	0.0	0.0	0.0
468	2.0	2.0	1.0	2.0	1.3330000000000002	4.667	1.0
469	1.0	2.0	1.0	2.0	1.0	2.0	1.0
470	3.0	2.0	2.0	2.0	1.6690000000000005	7.3309999999999995	2.0
471	0.0	0.0	0.0	0.0	0.0	0.0	0.0
472	0.0	0.0	0.0	0.0	0.0	0.0	0.0
473	2.0	3.0	2.0	2.0	3.333	8.667	3.0
474	3.0	1.0	2.0	1.0	4.0	8.0	3.0
475	2.0	4.0	2.0	2.0	4.4	7.6	3.0
476	1.0	0.0	0.0	0.0	0.6680000000000001	2.332	0.0
477	2.0	1.0	1.0	0.0	0.9990000000000006	8.001	1.0
478	2.0	2.0	1.0	2.0	4.0	8.0	3.0
479	2.0	2.0	1.0	2.0	2.333	6.667	2.0
480	2.0	0.0	2.0	0.0	1.6680000000000001	4.332	2.0
481	0.0	1.0	0.0	0.0	0.3330000000000002	2.667	0.0
482	2.0	2.0	1.0	2.0	2.333	6.667	2.0
483	0.0	0.0	0.0	0.0	0.0	0.0	0.0
484	3.0	1.0	2.0	1.0	2.333	6.667	2.0
485	2.0	1.0	2.0	0.0	2.333	6.667	2.0
486	1.0	0.0	1.0	0.0	0.3330000000000002	2.667	1.0
487	2.0	5.0	0.0	3.0	2.7340000000000004	9.266	2.0
488	0.0	3.0	0.0	1.0	0.6660000000000004	5.334	1.0
489	2.0	3.0	2.0	3.0	2.333	6.667	3.0
490	1.0	0.0	1.0	0.0	1.0	2.0	1.0
491	0.0	4.0	0.0	3.0	2.6690000000000005	9.331	3.0
492	2.0	2.0	0.0	0.0	2.0	4.0	0.0
493	0.0	3.0	0.0	2.0	1.6660000000000004	7.334	2.0
494	2.0	2.0	1.0	2.0	3.0	6.0	2.0
495	0.0	2.0	0.0	2.0	0.3330000000000002	2.667	1.0
496	1.0	3.0	1.0	1.0	2.6660000000000004	9.334	2.0
497	0.0	1.0	0.0	1.0	1.0	2.0	1.0
498	0.0	5.0	0.0	3.0	1.3330000000000002	7.667	2.0
499	2.0	0.0	1.0	0.0	0.6660000000000004	5.334	1.0
500	2.0	0.0	1.0	0.0	0.6660000000000004	5.334	1.0
501	0.0	0.0	0.0	0.0	0.0	0.0	0.0
502	2.0	2.0	1.0	1.0	2.668	6.332	1.0
503	2.0	0.0	1.0	0.0	2.0	4.0	1.0
504	4.0	0.0	2.0	0.0	3.668	8.332	2.0
505	2.0	0.0	1.0	0.0	0.6660000000000004	5.334	1.0
506	2.0	0.0	1.0	0.0	2.0	4.0	1.0
507	1.0	0.0	0.0	0.0	0.3330000000000002	2.667	0.0
508	4.0	0.0	2.0	0.0	3.668	8.332	2.0
509	1.0	0.0	0.0	0.0	1.0	2.0	0.0
510	1.0	1.0	1.0	1.0	1.0	2.0	1.0
511	2.0	0.0	2.0	0.0	2.0	4.0	2.0
512	2.0	0.0	2.0	0.0	1.3360000000000003	4.664	2.0
513	2.0	1.0	2.0	1.0	1.6680000000000001	7.332	3.0
514	0.0	5.0	0.0	4.0	1.9990000000000006	10.001	3.0
515	1.0	0.0	0.0	0.0	0.3330000000000002	2.667	0.0
516	1.0	0.0	1.0	0.0	0.6680000000000001	2.332	1.0
517	2.0	3.0	0.0	1.0	2.0020000000000007	9.998	1.0
518	0.0	2.0	0.0	2.0	0.3330000000000002	2.667	1.0
519	1.0	1.0	1.0	1.0	1.0	2.0	1.0
520	0.0	3.0	0.0	3.0	0.6660000000000004	5.334	2.0
521	1.0	1.0	0.0	0.0	1.0010000000000003	4.999	0.0
522	0.0	1.0	0.0	0.0	0.3330000000000002	2.667	0.0
523	2.0	0.0	1.0	0.0	2.0	4.0	1.0
524	1.0	0.0	1.0	0.0	0.3330000000000002	2.667	1.0
525	2.0	0.0	1.0	0.0	0.6660000000000004	5.334	1.0
526	2.0	0.0	1.0	0.0	2.4	3.6	1.0
527	0.0	1.0	0.0	0.0	0.6680000000000001	2.332	0.0
528	3.0	4.0	1.0	3.0	4.333	10.667	2.0
529	1.0	0.0	1.0	0.0	0.3330000000000002	2.667	1.0
530	0.0	0.0	0.0	0.0	0.0	0.0	0.0
531	1.0	0.0	0.0	0.0	0.3330000000000002	2.667	0.0
532	0.0	2.0	0.0	1.0	1.6680000000000001	4.332	1.0
533	1.0	3.0	1.0	2.0	2.333	6.667	2.0
534	1.0	3.0	1.0	3.0	2.333	6.667	3.0
535	4.0	2.0	2.0	1.0	1.3330000000000002	4.667	1.0
536	1.0	0.0	1.0	0.0	1.0	2.0	1.0
537	2.0	1.0	1.0	1.0	3.0	6.0	2.0
538	2.0	4.0	0.0	2.0	3.6660000000000004	11.334	2.0
539	0.0	0.0	0.0	0.0	0.0	0.0	0.0
540	2.0	0.0	1.0	0.0	0.6660000000000004	5.334	1.0
541	3.0	0.0	1.0	0.0	3.0	6.0	1.0
542	1.0	2.0	0.0	1.0	2.4	3.6	1.0
543	2.0	0.0	1.0	0.0	0.6660000000000004	5.334	1.0
544	3.0	0.0	2.0	0.0	3.0	6.0	2.0
545	3.0	0.0	2.0	0.0	3.068	5.932	2.0
546	1.0	0.0	1.0	0.0	1.0	2.0	1.0
547	2.0	0.0	2.0	0.0	0.6660000000000004	5.334	2.0
548	2.0	0.0	1.0	0.0	2.0	4.0	1.0
549	1.0	1.0	0.0	1.0	1.0010000000000003	4.999	1.0
550	2.0	6.0	1.0	4.0	2.9990000000000006	15.001	3.0
551	2.0	4.0	2.0	2.0	3.6660000000000004	11.334	3.0
552	4.0	0.0	3.0	0.0	2.3360000000000003	6.664	2.0
553	0.0	1.0	0.0	1.0	1.0	2.0	1.0
554	2.0	4.0	1.0	3.0	3.3340000000000005	11.665999999999999	3.0
555	1.0	1.0	1.0	1.0	1.3330000000000002	4.667	2.0
556	2.0	4.0	1.0	2.0	4.0	8.0	2.0
557	1.0	1.0	0.0	1.0	2.0	4.0	1.0
558	2.0	1.0	1.0	1.0	1.0	5.0	1.0
559	0.0	0.0	0.0	0.0	0.0	0.0	0.0
560	0.0	1.0	0.0	1.0	1.0	2.0	1.0
561	2.0	1.0	0.0	1.0	3.0	6.0	1.0
562	2.0	0.0	2.0	0.0	2.0	4.0	2.0
563	2.0	0.0	1.0	0.0	2.068	3.932	1.0
564	2.0	0.0	1.0	0.0	0.6660000000000004	5.334	1.0
565	0.0	0.0	0.0	0.0	0.0	0.0	0.0
566	4.0	1.0	3.0	1.0	3.0040000000000004	8.995999999999999	3.0
567	2.0	0.0	1.0	0.0	2.0	4.0	1.0
568	0.0	2.0	0.0	1.0	0.6660000000000004	5.334	1.0
569	2.0	0.0	1.0	0.0	2.0	4.0	1.0
570	2.0	0.0	1.0	0.0	2.8	3.2	1.0
571	1.0	1.0	0.0	0.0	0.6660000000000004	5.334	0.0
572	1.0	0.0	1.0	0.0	0.3330000000000002	2.667	1.0
573	2.0	2.0	0.0	2.0	3.3360000000000003	8.664	2.0
574	2.0	1.0	1.0	1.0	2.3360000000000003	6.664	2.0
575	3.0	6.0	2.0	3.0	5.666	15.334	4.0
576	1.0	2.0	1.0	1.0	1.6660000000000004	7.334	2.0
577	0.0	5.0	0.0	4.0	1.3320000000000007	10.668	3.0
578	0.0	0.0	0.0	0.0	0.0	0.0	0.0
579	0.0	0.0	0.0	0.0	0.0	0.0	0.0
580	0.0	0.0	0.0	0.0	0.0	0.0	0.0
581	0.0	0.0	0.0	0.0	0.0	0.0	0.0
582	0.0	0.0	0.0	0.0	0.0	0.0	0.0
583	0.0	0.0	0.0	0.0	0.0	0.0	0.0
584	1.0	1.0	0.0	1.0	1.3330000000000002	4.667	1.0
585	2.0	3.0	1.0	3.0	4.0	8.0	3.0
586	1.0	4.0	1.0	2.0	1.665000000000001	13.334999999999999	3.0
587	0.0	0.0	0.0	0.0	0.0	0.0	0.0
588	0.0	2.0	0.0	2.0	0.6660000000000004	5.334	2.0
589	3.0	0.0	2.0	0.0	3.068	5.932	2.0
590	0.0	2.0	0.0	1.0	1.3330000000000002	4.667	1.0
591	1.0	2.0	1.0	2.0	1.0	2.0	1.0
592	3.0	1.0	2.0	1.0	3.333	8.667	3.0
593	2.0	1.0	1.0	1.0	1.6680000000000001	4.332	1.0
594	0.0	0.0	0.0	0.0	0.0	0.0	0.0
595	1.0	1.0	1.0	1.0	0.3330000000000002	2.667	1.0
596	2.0	0.0	1.0	0.0	0.6660000000000004	5.334	1.0
597	1.0	0.0	1.0	0.0	0.3330000000000002	2.667	1.0
598	1.0	0.0	1.0	0.0	0.3330000000000002	2.667	1.0
599	2.0	0.0	2.0	0.0	0.6660000000000004	5.334	2.0
600	1.0	3.0	0.0	1.0	1.3330000000000002	4.667	1.0
601	1.0	0.0	1.0	0.0	0.3330000000000002	2.667	1.0
602	1.0	4.0	1.0	2.0	2.733	6.2669999999999995	2.0
603	1.0	2.0	0.0	1.0	0.6660000000000004	5.334	1.0
604	1.0	2.0	1.0	1.0	1.6660000000000004	7.334	2.0
605	3.0	0.0	2.0	0.0	1.6680000000000001	4.332	1.0
606	2.0	0.0	1.0	0.0	2.0	4.0	1.0
607	1.0	4.0	1.0	2.0	3.3990000000000005	11.600999999999999	3.0
608	2.0	0.0	1.0	0.0	2.0	4.0	1.0
609	0.0	0.0	0.0	0.0	0.0	0.0	0.0
610	1.0	0.0	1.0	0.0	1.0	2.0	1.0
611	2.0	0.0	2.0	0.0	0.6660000000000004	5.334	2.0
612	0.0	1.0	0.0	1.0	0.6680000000000001	2.332	1.0
613	1.0	0.0	1.0	0.0	0.3330000000000002	2.667	1.0
614	0.0	0.0	0.0	0.0	0.0	0.0	0.0
615	1.0	0.0	0.0	0.0	1.0	2.0	0.0
616	2.0	3.0	0.0	2.0	3.6690000000000005	11.331	2.0
617	3.0	0.0	1.0	0.0	3.0	6.0	1.0
618	1.0	0.0	1.0	0.0	1.0	2.0	1.0
619	1.0	0.0	0.0	0.0	1.0	2.0	0.0
620	0.0	0.0	0.0	0.0	0.0	0.0	0.0
621	1.0	0.0	1.0	0.0	0.3330000000000002	2.667	1.0
622	0.0	0.0	0.0	0.0	0.0	0.0	0.0
623	1.0	1.0	1.0	1.0	2.0	4.0	2.0
624	3.0	2.0	3.0	2.0	4.0	8.0	4.0
625	3.0	2.0	2.0	2.0	2.0010000000000003	6.999	2.0
626	0.0	3.0	0.0	1.0	0.9990000000000006	8.001	1.0
627	4.0	2.0	3.0	2.0	3.668	8.332	3.0
628	1.0	2.0	0.0	2.0	1.3330000000000002	4.667	1.0
629	2.0	3.0	1.0	2.0	2.3320000000000007	12.668	3.0
630	2.0	3.0	0.0	3.0	3.668	8.332	2.0
631	4.0	6.0	2.0	3.0	6.3340000000000005	17.666	4.0
632	0.0	3.0	0.0	3.0	1.0010000000000003	4.999	2.0
633	3.0	3.0	1.0	1.0	3.0	6.0	1.0
634	2.0	0.0	1.0	0.0	2.0	4.0	1.0
635	2.0	0.0	1.0	0.0	2.0	4.0	1.0
636	1.0	2.0	0.0	1.0	1.3340000000000005	7.6659999999999995	1.0
637	2.0	3.0	0.0	0.0	2.0	7.0	0.0
638	0.0	0.0	0.0	0.0	0.0	0.0	0.0
639	2.0	0.0	0.0	0.0	0.6660000000000004	5.334	0.0
640	3.0	0.0	2.0	0.0	1.6680000000000001	4.332	1.0
641	2.0	0.0	1.0	0.0	0.6660000000000004	5.334	1.0
642	2.0	3.0	2.0	2.0	3.0	9.0	3.0
643	1.0	1.0	0.0	1.0	1.0010000000000003	4.999	1.0
644	1.0	1.0	1.0	1.0	1.0	2.0	1.0
645	1.0	4.0	1.0	2.0	1.6660000000000004	7.334	1.0
646	1.0	2.0	1.0	2.0	1.3330000000000002	4.667	2.0
647	1.0	3.0	1.0	2.0	1.9990000000000006	10.001	3.0
648	2.0	2.0	1.0	2.0	1.3330000000000002	4.667	1.0
649	2.0	1.0	2.0	1.0	2.0	4.0	2.0
650	1.0	2.0	1.0	2.0	1.0	2.0	1.0
651	2.0	2.0	1.0	1.0	3.0	6.0	2.0
652	2.0	2.0	2.0	2.0	2.0	4.0	2.0
653	2.0	1.0	2.0	1.0	0.6680000000000001	2.332	1.0
654	1.0	2.0	1.0	2.0	1.0	2.0	1.0
655	3.0	2.0	1.0	2.0	3.333	8.667	2.0
656	3.0	0.0	1.0	0.0	3.0	6.0	1.0
657	2.0	0.0	1.0	0.0	2.4	3.6	1.0
658	2.0	0.0	1.0	0.0	2.0	4.0	1.0
659	2.0	2.0	1.0	2.0	1.3330000000000002	4.667	1.0
660	2.0	3.0	2.0	2.0	3.0	9.0	3.0
661	3.0	0.0	1.0	0.0	3.0	6.0	1.0
662	2.0	3.0	1.0	2.0	2.0010000000000003	6.999	2.0
663	3.0	3.0	2.0	2.0	2.6660000000000004	9.334	2.0
664	1.0	5.0	0.0	4.0	2.3320000000000007	12.668	3.0
665	2.0	5.0	1.0	3.0	4.001	10.998999999999999	3.0
666	2.0	2.0	0.0	0.0	2.0	4.0	0.0
667	0.0	0.0	0.0	0.0	0.0	0.0	0.0
668	0.0	0.0	0.0	0.0	0.0	0.0	0.0
669	0.0	0.0	0.0	0.0	0.0	0.0	0.0
670	0.0	0.0	0.0	0.0	0.0	0.0	0.0
671	0.0	0.0	0.0	0.0	0.0	0.0	0.0
672	2.0	2.0	0.0	1.0	3.0	6.0	1.0
673	0.0	0.0	0.0	0.0	0.0	0.0	0.0
674	1.0	1.0	0.0	0.0	2.0	4.0	0.0
675	1.0	0.0	0.0	0.0	0.3330000000000002	2.667	0.0
676	0.0	3.0	0.0	1.0	1.6680000000000001	7.332	1.0
677	1.0	2.0	0.0	0.0	1.0	2.0	0.0
678	1.0	1.0	0.0	0.0	1.0	2.0	0.0
679	1.0	0.0	0.0	0.0	0.3330000000000002	2.667	0.0
680	1.0	0.0	0.0	0.0	0.3330000000000002	2.667	0.0
681	1.0	0.0	0.0	0.0	0.3330000000000002	2.667	0.0
682	1.0	1.0	0.0	0.0	1.0	2.0	0.0
683	1.0	1.0	1.0	1.0	0.3330000000000002	2.667	1.0
684	0.0	1.0	0.0	1.0	1.0	2.0	1.0
685	0.0	2.0	0.0	1.0	0.6660000000000004	5.334	1.0
686	2.0	1.0	0.0	0.0	2.0	4.0	0.0
687	1.0	3.0	0.0	2.0	3.333	8.667	2.0
688	0.0	1.0	0.0	0.0	1.0	2.0	0.0
689	1.0	3.0	0.0	2.0	1.6680000000000001	7.332	1.0
690	2.0	0.0	0.0	0.0	2.068	3.932	0.0
691	1.0	1.0	0.0	0.0	0.3330000000000002	2.667	0.0
692	1.0	6.0	1.0	4.0	2.9990000000000006	12.001	4.0
693	2.0	2.0	0.0	2.0	1.9990000000000006	10.001	2.0
694	2.0	4.0	1.0	2.0	5.0	10.0	2.0
695	3.0	4.0	2.0	2.0	4.734	13.266	3.0
696	2.0	4.0	2.0	1.0	4.001	10.998999999999999	2.0
697	3.0	3.0	1.0	3.0	4.7330000000000005	10.267	3.0
698	1.0	3.0	0.0	1.0	0.9990000000000006	8.001	1.0
699	1.0	3.0	1.0	2.0	2.333	6.667	2.0
700	2.0	1.0	1.0	1.0	0.9990000000000006	8.001	2.0
701	1.0	2.0	0.0	1.0	2.0	4.0	1.0
702	0.0	3.0	0.0	2.0	1.6660000000000004	7.334	2.0
703	2.0	0.0	1.0	0.0	1.6680000000000001	4.332	1.0
704	1.0	0.0	1.0	0.0	0.3330000000000002	2.667	1.0
705	1.0	0.0	1.0	0.0	1.0	2.0	1.0
706	1.0	1.0	1.0	1.0	2.0	4.0	2.0
707	0.0	1.0	0.0	1.0	1.0	2.0	1.0
708	1.0	0.0	0.0	0.0	1.0	2.0	0.0
709	1.0	1.0	1.0	1.0	2.0	4.0	2.0
710	1.0	3.0	1.0	3.0	0.9990000000000006	8.001	3.0
711	1.0	4.0	1.0	1.0	2.733	9.267	2.0
712	2.0	3.0	1.0	3.0	3.0010000000000003	8.998999999999999	3.0
713	1.0	2.0	1.0	2.0	2.0	4.0	2.0
714	2.0	1.0	2.0	1.0	2.0	4.0	2.0
715	1.0	3.0	0.0	2.0	1.6660000000000004	7.334	1.0
716	1.0	2.0	1.0	2.0	1.0010000000000003	4.999	2.0
717	2.0	3.0	1.0	2.0	1.6660000000000004	7.334	2.0
718	2.0	4.0	1.0	3.0	3.0690000000000004	8.931	3.0
719	2.0	4.0	1.0	3.0	2.6660000000000004	9.334	3.0
720	0.0	5.0	0.0	3.0	1.9990000000000006	10.001	2.0
721	0.0	0.0	0.0	0.0	0.0	0.0	0.0
722	0.0	0.0	0.0	0.0	0.0	0.0	0.0
723	0.0	0.0	0.0	0.0	0.0	0.0	0.0
724	0.0	0.0	0.0	0.0	0.0	0.0	0.0
725	0.0	0.0	0.0	0.0	0.0	0.0	0.0
726	0.0	0.0	0.0	0.0	0.0	0.0	0.0
727	0.0	0.0	0.0	0.0	0.0	0.0	0.0
728	0.0	0.0	0.0	0.0	0.0	0.0	0.0
729	0.0	0.0	0.0	0.0	0.0	0.0	0.0
730	0.0	0.0	0.0	0.0	0.0	0.0	0.0
731	0.0	0.0	0.0	0.0	0.0	0.0	0.0
732	0.0	0.0	0.0	0.0	0.0	0.0	0.0
733	0.0	0.0	0.0	0.0	0.0	0.0	0.0
734	0.0	0.0	0.0	0.0	0.0	0.0	0.0
735	0.0	0.0	0.0	0.0	0.0	0.0	0.0
736	3.0	4.0	2.0	2.0	4.666	13.334	3.0
737	2.0	3.0	1.0	1.0	2.0010000000000003	6.999	1.0
738	2.0	4.0	1.0	2.0	5.001	12.998999999999999	3.0
739	1.0	6.0	1.0	5.0	3.9990000000000006	14.001	5.0
740	3.0	3.0	1.0	2.0	2.6660000000000004	9.334	2.0
741	1.0	3.0	1.0	2.0	1.6660000000000004	7.334	2.0
742	2.0	3.0	1.0	3.0	3.333	8.667	3.0
743	2.0	2.0	1.0	2.0	1.3330000000000002	4.667	1.0
744	2.0	0.0	1.0	0.0	0.6660000000000004	5.334	1.0
745	1.0	3.0	1.0	2.0	1.3330000000000002	4.667	1.0
746	1.0	0.0	1.0	0.0	0.3330000000000002	2.667	1.0
747	5.0	0.0	5.0	0.0	4.068	7.932	4.0
748	3.0	3.0	1.0	2.0	3.333	8.667	2.0
749	1.0	0.0	1.0	0.0	0.3330000000000002	2.667	1.0
750	0.0	3.0	0.0	2.0	0.9990000000000006	8.001	2.0
751	1.0	0.0	1.0	0.0	1.0	2.0	1.0
752	0.0	2.0	0.0	1.0	0.6660000000000004	5.334	1.0
753	1.0	0.0	0.0	0.0	1.0	2.0	0.0
754	2.0	0.0	1.0	0.0	0.6660000000000004	5.334	1.0
755	2.0	4.0	1.0	2.0	3.0	6.0	2.0
756	0.0	0.0	0.0	0.0	0.0	0.0	0.0
757	1.0	1.0	1.0	1.0	0.6660000000000004	5.334	2.0
758	0.0	1.0	0.0	1.0	0.3330000000000002	2.667	1.0
759	1.0	0.0	0.0	0.0	0.3330000000000002	2.667	0.0
760	1.0	3.0	1.0	2.0	2.3340000000000005	9.666	3.0
761	2.0	0.0	1.0	0.0	0.6660000000000004	5.334	1.0
762	2.0	4.0	2.0	3.0	2.0010000000000003	6.999	2.0
763	1.0	1.0	1.0	1.0	1.0	2.0	1.0
764	1.0	1.0	1.0	1.0	1.3330000000000002	4.667	2.0
765	1.0	4.0	1.0	2.0	1.9990000000000006	10.001	2.0
766	0.0	1.0	0.0	1.0	0.3330000000000002	2.667	1.0
767	2.0	0.0	1.0	0.0	0.6660000000000004	5.334	1.0
768	0.0	2.0	0.0	2.0	0.3330000000000002	2.667	1.0
769	1.0	2.0	0.0	2.0	1.3330000000000002	4.667	1.0
770	4.0	0.0	3.0	0.0	3.736	8.264	3.0
771	0.0	2.0	0.0	2.0	0.6660000000000004	5.334	2.0
772	1.0	2.0	1.0	2.0	2.0	4.0	2.0
773	0.0	1.0	0.0	1.0	1.0	2.0	1.0
774	2.0	0.0	1.0	0.0	0.6660000000000004	5.334	1.0
775	2.0	1.0	1.0	1.0	3.0	6.0	2.0
776	3.0	0.0	2.0	0.0	2.668	6.332	2.0
777	3.0	1.0	2.0	1.0	2.3360000000000003	6.664	2.0
778	1.0	0.0	1.0	0.0	0.3330000000000002	2.667	1.0
779	2.0	2.0	1.0	2.0	2.333	6.667	2.0
780	2.0	3.0	1.0	2.0	3.0	6.0	2.0
781	1.0	2.0	1.0	1.0	2.333	6.667	2.0
782	2.0	0.0	1.0	0.0	2.0	4.0	1.0
783	1.0	3.0	1.0	2.0	4.0	8.0	3.0
784	2.0	0.0	1.0	0.0	2.0	4.0	1.0
785	1.0	0.0	0.0	0.0	1.0	2.0	0.0
786	0.0	0.0	0.0	0.0	0.0	0.0	0.0
787	2.0	0.0	1.0	0.0	0.6660000000000004	5.334	1.0
788	0.0	0.0	0.0	0.0	0.0	0.0	0.0
789	2.0	0.0	1.0	0.0	0.6660000000000004	5.334	1.0
790	0.0	0.0	0.0	0.0	0.0	0.0	0.0
791	2.0	1.0	1.0	1.0	1.6680000000000001	4.332	1.0
792	2.0	4.0	0.0	3.0	5.333	12.667	3.0
793	1.0	2.0	1.0	2.0	1.0010000000000003	4.999	2.0
794	0.0	1.0	0.0	1.0	0.3330000000000002	2.667	1.0
795	1.0	1.0	1.0	1.0	1.3330000000000002	4.667	2.0
796	0.0	0.0	0.0	0.0	0.0	0.0	0.0
797	0.0	0.0	0.0	0.0	0.0	0.0	0.0
798	1.0	1.0	1.0	1.0	0.6660000000000004	5.334	2.0
799	1.0	4.0	1.0	3.0	2.6660000000000004	9.334	3.0
800	1.0	2.0	0.0	1.0	3.0	6.0	1.0
801	1.0	0.0	0.0	0.0	0.3330000000000002	2.667	0.0
802	1.0	0.0	0.0	0.0	0.3330000000000002	2.667	0.0
803	1.0	0.0	0.0	0.0	0.3330000000000002	2.667	0.0
804	1.0	0.0	0.0	0.0	0.3330000000000002	2.667	0.0
805	3.0	0.0	2.0	0.0	3.0	6.0	2.0
806	4.0	0.0	2.0	0.0	3.068	5.932	1.0
807	3.0	1.0	2.0	1.0	3.0	6.0	2.0
808	1.0	1.0	0.0	1.0	0.6660000000000004	5.334	1.0
809	2.0	1.0	1.0	1.0	2.333	6.667	2.0
810	2.0	2.0	2.0	2.0	1.3320000000000007	10.668	4.0
811	3.0	2.0	1.0	1.0	3.0	6.0	1.0
812	2.0	3.0	2.0	1.0	2.333	6.667	2.0
813	2.0	2.0	0.0	1.0	3.0	6.0	1.0
814	0.0	0.0	0.0	0.0	0.0	0.0	0.0
815	2.0	0.0	1.0	0.0	2.0	4.0	1.0
816	1.0	2.0	0.0	2.0	1.3360000000000003	4.664	1.0
817	1.0	0.0	0.0	0.0	0.3330000000000002	2.667	0.0
818	3.0	1.0	1.0	1.0	4.0	8.0	2.0
819	1.0	2.0	0.0	2.0	0.9990000000000006	8.001	2.0
820	2.0	0.0	1.0	0.0	2.0	4.0	1.0
821	1.0	2.0	1.0	2.0	2.668	6.332	3.0
822	0.0	0.0	0.0	0.0	0.0	0.0	0.0
823	2.0	0.0	2.0	0.0	0.6660000000000004	5.334	2.0
824	2.0	0.0	1.0	0.0	0.6660000000000004	5.334	1.0
825	2.0	2.0	0.0	1.0	2.6690000000000005	9.331	1.0
826	1.0	2.0	1.0	2.0	1.3330000000000002	4.667	2.0
827	2.0	1.0	1.0	1.0	3.4	5.6	2.0
828	1.0	3.0	0.0	1.0	1.9990000000000006	10.001	1.0
829	1.0	3.0	0.0	2.0	1.9990000000000006	10.001	2.0
830	2.0	3.0	1.0	2.0	2.668	9.332	2.0
831	3.0	3.0	2.0	2.0	3.0660000000000003	8.934	3.0
832	0.0	3.0	0.0	3.0	1.6660000000000004	7.334	3.0
833	1.0	2.0	1.0	1.0	2.3360000000000003	6.664	2.0
834	4.0	3.0	1.0	2.0	1.6660000000000004	10.334	2.0
835	0.0	0.0	0.0	0.0	0.0	0.0	0.0
836	3.0	0.0	1.0	0.0	3.0	6.0	1.0
837	1.0	1.0	1.0	0.0	2.0	4.0	1.0
838	3.0	2.0	1.0	0.0	1.9990000000000006	10.001	1.0
839	2.0	0.0	1.0	0.0	2.0	4.0	1.0
840	1.0	4.0	1.0	4.0	3.0	6.0	3.0
841	2.0	0.0	1.0	0.0	0.6660000000000004	5.334	1.0
842	2.0	0.0	2.0	0.0	2.0	4.0	2.0
843	2.0	3.0	2.0	2.0	3.068	5.932	2.0
844	3.0	1.0	1.0	1.0	2.668	6.332	1.0
845	1.0	2.0	1.0	0.0	2.0	4.0	1.0
846	1.0	0.0	0.0	0.0	0.3330000000000002	2.667	0.0
847	2.0	2.0	2.0	1.0	2.0010000000000003	6.999	2.0
848	1.0	5.0	1.0	2.0	2.9990000000000006	12.001	2.0
849	0.0	2.0	0.0	2.0	0.3330000000000002	2.667	1.0
850	1.0	2.0	1.0	2.0	0.3330000000000002	2.667	1.0
851	2.0	1.0	2.0	1.0	1.3330000000000002	4.667	2.0
852	1.0	4.0	0.0	3.0	2.6690000000000005	9.331	2.0
853	1.0	3.0	1.0	3.0	1.3330000000000002	4.667	2.0
854	0.0	0.0	0.0	0.0	0.0	0.0	0.0
855	2.0	5.0	1.0	3.0	2.3320000000000007	12.668	3.0
856	0.0	3.0	0.0	3.0	1.3330000000000002	4.667	2.0
857	0.0	0.0	0.0	0.0	0.0	0.0	0.0
858	2.0	3.0	2.0	2.0	1.9990000000000006	10.001	3.0
859	3.0	3.0	0.0	3.0	4.333	10.667	2.0
860	3.0	0.0	2.0	0.0	3.0	6.0	2.0
861	1.0	0.0	0.0	0.0	1.0	2.0	0.0
862	2.0	1.0	1.0	0.0	0.6660000000000004	5.334	1.0
863	3.0	2.0	3.0	2.0	2.0	7.0	3.0
864	3.0	1.0	1.0	1.0	4.068	7.932	2.0
865	1.0	1.0	0.0	0.0	2.0	4.0	0.0
866	0.0	1.0	0.0	1.0	0.3330000000000002	2.667	1.0
867	2.0	0.0	2.0	0.0	0.6660000000000004	5.334	2.0
868	1.0	2.0	1.0	2.0	1.0	2.0	1.0
869	2.0	0.0	1.0	0.0	2.0	4.0	1.0
870	2.0	1.0	1.0	1.0	0.6660000000000004	5.334	1.0
871	2.0	0.0	1.0	0.0	2.0	4.0	1.0
872	0.0	0.0	0.0	0.0	0.0	0.0	0.0
873	1.0	1.0	1.0	1.0	1.0	2.0	1.0
874	1.0	1.0	1.0	1.0	0.3330000000000002	2.667	1.0
875	2.0	0.0	1.0	0.0	2.0	4.0	1.0
876	1.0	0.0	1.0	0.0	0.3330000000000002	2.667	1.0
877	3.0	0.0	2.0	0.0	3.068	5.932	2.0
878	2.0	1.0	2.0	1.0	3.0	6.0	3.0
879	1.0	0.0	0.0	0.0	0.3330000000000002	2.667	0.0
880	1.0	0.0	1.0	0.0	0.3330000000000002	2.667	1.0
881	2.0	3.0	2.0	2.0	2.333	6.667	2.0
882	1.0	0.0	1.0	0.0	0.3330000000000002	2.667	1.0
883	0.0	3.0	0.0	2.0	0.6680000000000001	8.332	2.0
884	4.0	1.0	3.0	1.0	3.333	8.667	3.0
885	2.0	0.0	1.0	0.0	1.3360000000000003	4.664	1.0
886	1.0	4.0	1.0	3.0	1.9990000000000006	10.001	3.0
887	3.0	2.0	1.0	2.0	3.801	8.199	2.0
888	3.0	2.0	1.0	1.0	3.0010000000000003	8.998999999999999	2.0
889	0.0	0.0	0.0	0.0	0.0	0.0	0.0
890	1.0	5.0	0.0	3.0	3.668	11.332	3.0
891	2.0	3.0	1.0	2.0	1.6660000000000004	7.334	1.0
892	1.0	3.0	1.0	2.0	2.333	6.667	2.0
893	1.0	3.0	1.0	3.0	1.3330000000000002	4.667	2.0
894	2.0	4.0	1.0	3.0	3.3340000000000005	11.665999999999999	3.0
895	0.0	0.0	0.0	0.0	0.0	0.0	0.0
896	1.0	0.0	1.0	0.0	0.3330000000000002	2.667	1.0
897	0.0	3.0	0.0	0.0	0.6660000000000004	5.334	0.0
898	2.0	1.0	2.0	1.0	3.0	6.0	3.0
899	0.0	0.0	0.0	0.0	0.0	0.0	0.0
900	0.0	1.0	0.0	1.0	0.3330000000000002	2.667	1.0
901	1.0	2.0	1.0	2.0	1.0	2.0	1.0
902	0.0	2.0	0.0	2.0	1.0	2.0	1.0
903	1.0	1.0	1.0	1.0	0.6660000000000004	5.334	2.0
904	1.0	0.0	0.0	0.0	1.0	2.0	0.0
905	1.0	2.0	1.0	2.0	0.3330000000000002	2.667	1.0
906	0.0	2.0	0.0	2.0	0.3330000000000002	2.667	1.0
907	2.0	0.0	1.0	0.0	2.0	4.0	1.0
908	2.0	2.0	2.0	2.0	1.3330000000000002	4.667	2.0
909	2.0	1.0	1.0	1.0	3.0	6.0	2.0
910	1.0	1.0	1.0	1.0	1.0	2.0	1.0
911	2.0	2.0	1.0	1.0	3.333	8.667	2.0
912	0.0	2.0	0.0	2.0	1.3330000000000002	4.667	2.0
913	1.0	1.0	1.0	1.0	2.0	4.0	2.0
914	0.0	2.0	0.0	2.0	0.6680000000000001	2.332	1.0
915	0.0	2.0	0.0	2.0	0.6680000000000001	2.332	1.0
916	1.0	1.0	0.0	0.0	0.6660000000000004	5.334	0.0
917	0.0	2.0	0.0	0.0	0.3330000000000002	2.667	0.0
918	0.0	0.0	0.0	0.0	0.0	0.0	0.0
919	0.0	0.0	0.0	0.0	0.0	0.0	0.0
