pos	Sd	Nd	Sd_tip	Nd_tip	S	N	comparisons
001	0.0	0.0	0.0	0.0	0.0	0.0	0.0
002	0.0	0.0	0.0	0.0	0.0	0.0	0.0
003	0.0	0.0	0.0	0.0	0.0	0.0	0.0
004	0.0	0.0	0.0	0.0	0.0	0.0	0.0
005	0.0	0.0	0.0	0.0	0.0	0.0	0.0
006	0.0	0.0	0.0	0.0	0.0	0.0	0.0
007	0.0	0.0	0.0	0.0	0.0	0.0	0.0
008	0.0	0.0	0.0	0.0	0.0	0.0	0.0
009	0.0	0.0	0.0	0.0	0.0	0.0	0.0
010	0.0	0.0	0.0	0.0	0.0	0.0	0.0
011	0.0	0.0	0.0	0.0	0.0	0.0	0.0
012	0.0	0.0	0.0	0.0	0.0	0.0	0.0
013	0.0	0.0	0.0	0.0	0.0	0.0	0.0
014	0.0	0.0	0.0	0.0	0.0	0.0	0.0
015	0.0	0.0	0.0	0.0	0.0	0.0	0.0
016	0.0	0.0	0.0	0.0	0.0	0.0	0.0
017	0.0	0.0	0.0	0.0	0.0	0.0	0.0
018	0.0	0.0	0.0	0.0	0.0	0.0	0.0
019	0.0	0.0	0.0	0.0	0.0	0.0	0.0
020	0.0	0.0	0.0	0.0	0.0	0.0	0.0
021	0.0	0.0	0.0	0.0	0.0	0.0	0.0
022	0.0	0.0	0.0	0.0	0.0	0.0	0.0
023	0.0	0.0	0.0	0.0	0.0	0.0	0.0
024	0.0	0.0	0.0	0.0	0.0	0.0	0.0
025	0.0	0.0	0.0	0.0	0.0	0.0	0.0
026	0.0	0.0	0.0	0.0	0.0	0.0	0.0
027	0.0	0.0	0.0	0.0	0.0	0.0	0.0
028	0.0	0.0	0.0	0.0	0.0	0.0	0.0
029	0.0	0.0	0.0	0.0	0.0	0.0	0.0
030	0.0	0.0	0.0	0.0	0.0	0.0	0.0
031	0.0	0.0	0.0	0.0	0.0	0.0	0.0
032	0.0	0.0	0.0	0.0	0.0	0.0	0.0
033	0.0	0.0	0.0	0.0	0.0	0.0	0.0
034	0.0	1.0	0.0	1.0	1.0	2.0	1.0
035	0.0	0.0	0.0	0.0	0.0	0.0	0.0
036	1.0	2.0	0.0	2.0	1.6690000000000005	7.3309999999999995	2.0
037	0.0	2.0	0.0	1.0	1.3330000000000002	4.667	1.0
038	1.0	2.0	1.0	2.0	2.0	4.0	2.0
039	1.0	2.0	1.0	2.0	1.6660000000000004	7.334	3.0
040	1.0	3.0	1.0	2.0	0.6660000000000004	5.334	1.0
041	2.0	2.0	1.0	1.0	3.333	8.667	2.0
042	3.0	2.0	2.0	1.0	3.0	6.0	2.0
043	2.0	3.0	2.0	2.0	2.0010000000000003	6.999	2.0
044	0.0	3.0	0.0	3.0	0.6660000000000004	8.334	3.0
045	2.0	2.0	1.0	2.0	2.0	4.0	1.0
046	2.0	2.0	1.0	1.0	1.9990000000000006	10.001	2.0
047	0.0	2.0	0.0	1.0	0.6660000000000004	5.334	1.0
048	1.0	4.0	0.0	4.0	3.333	8.667	3.0
049	0.0	4.0	0.0	2.0	2.0010000000000003	9.998999999999999	2.0
050	0.0	2.0	0.0	1.0	2.0	4.0	1.0
051	1.0	4.0	1.0	2.0	2.335000000000001	12.665	3.0
052	4.0	0.0	3.0	0.0	4.068	7.932	3.0
053	3.0	3.0	3.0	2.0	2.668	9.332	3.0
054	1.0	3.0	1.0	3.0	1.6660000000000004	7.334	3.0
055	1.0	1.0	1.0	1.0	2.0	4.0	2.0
056	1.0	0.0	1.0	0.0	0.6680000000000001	2.332	1.0
057	2.0	3.0	2.0	0.0	3.668	8.332	2.0
058	1.0	3.0	1.0	2.0	1.6660000000000004	7.334	2.0
059	1.0	1.0	1.0	1.0	0.6660000000000004	5.334	2.0
060	2.0	1.0	1.0	1.0	1.3330000000000002	4.667	1.0
061	1.0	1.0	0.0	1.0	1.6680000000000001	4.332	1.0
062	2.0	1.0	1.0	1.0	3.0	6.0	2.0
063	1.0	0.0	0.0	0.0	0.3330000000000002	2.667	0.0
064	0.0	0.0	0.0	0.0	0.0	0.0	0.0
065	1.0	2.0	1.0	0.0	2.3360000000000003	6.664	1.0
066	0.0	2.0	0.0	2.0	0.3330000000000002	2.667	1.0
067	2.0	0.0	1.0	0.0	2.0	4.0	1.0
068	2.0	0.0	1.0	0.0	2.0	4.0	1.0
069	2.0	1.0	1.0	1.0	1.733	4.2669999999999995	1.0
070	1.0	2.0	1.0	1.0	2.333	6.667	2.0
071	1.0	1.0	0.0	1.0	1.3330000000000002	4.667	1.0
072	1.0	0.0	1.0	0.0	1.0	2.0	1.0
073	3.0	0.0	1.0	0.0	3.068	5.932	1.0
074	3.0	0.0	1.0	0.0	3.0	6.0	1.0
075	0.0	3.0	0.0	1.0	0.9990000000000006	8.001	1.0
076	2.0	0.0	1.0	0.0	0.6660000000000004	5.334	1.0
077	1.0	0.0	1.0	0.0	1.0	2.0	1.0
078	1.0	0.0	1.0	0.0	1.0	2.0	1.0
079	2.0	0.0	2.0	0.0	2.0	4.0	2.0
080	2.0	0.0	2.0	0.0	0.6680000000000001	2.332	1.0
081	1.0	1.0	1.0	1.0	0.6680000000000001	5.332	2.0
082	1.0	0.0	0.0	0.0	1.0	2.0	0.0
083	0.0	0.0	0.0	0.0	0.0	0.0	0.0
084	0.0	2.0	0.0	1.0	2.0	4.0	1.0
085	2.0	0.0	1.0	0.0	2.0	4.0	1.0
086	0.0	0.0	0.0	0.0	0.0	0.0	0.0
087	2.0	0.0	2.0	0.0	2.4	3.6	2.0
088	0.0	0.0	0.0	0.0	0.0	0.0	0.0
089	1.0	0.0	1.0	0.0	0.3330000000000002	2.667	1.0
090	1.0	0.0	1.0	0.0	1.0	2.0	1.0
091	2.0	0.0	1.0	0.0	0.6660000000000004	5.334	1.0
092	1.0	0.0	0.0	0.0	0.3330000000000002	2.667	0.0
093	0.0	0.0	0.0	0.0	0.0	0.0	0.0
094	2.0	0.0	2.0	0.0	1.6680000000000001	4.332	2.0
095	3.0	1.0	2.0	1.0	3.668	8.332	3.0
096	1.0	0.0	0.0	0.0	0.3330000000000002	2.667	0.0
097	1.0	0.0	0.0	0.0	0.3330000000000002	2.667	0.0
098	0.0	0.0	0.0	0.0	0.0	0.0	0.0
099	0.0	0.0	0.0	0.0	0.0	0.0	0.0
100	2.0	1.0	1.0	1.0	2.668	6.332	2.0
101	0.0	0.0	0.0	0.0	0.0	0.0	0.0
102	1.0	0.0	1.0	0.0	0.3330000000000002	2.667	1.0
103	2.0	0.0	1.0	0.0	2.068	3.932	1.0
104	1.0	3.0	1.0	1.0	2.333	6.667	1.0
105	1.0	1.0	1.0	1.0	1.0	2.0	1.0
106	3.0	0.0	2.0	0.0	3.4	5.6	2.0
107	1.0	0.0	1.0	0.0	0.3330000000000002	2.667	1.0
108	2.0	2.0	1.0	2.0	1.9990000000000006	10.001	3.0
109	1.0	3.0	1.0	2.0	1.3320000000000007	10.668	3.0
110	1.0	0.0	1.0	0.0	0.3330000000000002	2.667	1.0
111	2.0	0.0	2.0	0.0	2.0	4.0	2.0
112	2.0	0.0	2.0	0.0	2.0	4.0	2.0
113	2.0	0.0	1.0	0.0	2.0	4.0	1.0
114	2.0	0.0	2.0	0.0	2.0	4.0	2.0
115	3.0	0.0	2.0	0.0	1.6680000000000001	4.332	1.0
116	2.0	0.0	1.0	0.0	1.3360000000000003	4.664	1.0
117	3.0	0.0	2.0	0.0	3.0	6.0	2.0
118	1.0	0.0	1.0	0.0	1.0	2.0	1.0
119	1.0	0.0	1.0	0.0	0.3330000000000002	2.667	1.0
120	1.0	0.0	1.0	0.0	0.3330000000000002	2.667	1.0
121	4.0	0.0	2.0	0.0	4.068	7.932	2.0
122	1.0	0.0	1.0	0.0	0.3330000000000002	2.667	1.0
123	1.0	0.0	0.0	0.0	0.3330000000000002	2.667	0.0
124	0.0	1.0	0.0	1.0	0.6680000000000001	2.332	1.0
125	1.0	0.0	1.0	0.0	0.3330000000000002	2.667	1.0
126	1.0	0.0	1.0	0.0	0.3330000000000002	2.667	1.0
127	0.0	2.0	0.0	1.0	0.6660000000000004	5.334	1.0
128	2.0	0.0	1.0	0.0	0.6660000000000004	5.334	1.0
129	0.0	1.0	0.0	1.0	0.3330000000000002	2.667	1.0
130	2.0	0.0	1.0	0.0	2.068	3.932	1.0
131	0.0	0.0	0.0	0.0	0.0	0.0	0.0
132	1.0	0.0	0.0	0.0	0.3330000000000002	2.667	0.0
133	0.0	0.0	0.0	0.0	0.0	0.0	0.0
134	1.0	1.0	1.0	1.0	1.0010000000000003	4.999	2.0
135	0.0	0.0	0.0	0.0	0.0	0.0	0.0
136	2.0	1.0	1.0	1.0	3.0	6.0	2.0
137	1.0	0.0	0.0	0.0	0.3330000000000002	2.667	0.0
138	4.0	0.0	3.0	0.0	4.068	7.932	3.0
139	3.0	4.0	3.0	3.0	2.4010000000000002	6.598999999999999	2.0
140	1.0	0.0	1.0	0.0	0.3330000000000002	2.667	1.0
141	1.0	0.0	1.0	0.0	0.3330000000000002	2.667	1.0
142	1.0	1.0	1.0	1.0	0.6660000000000004	5.334	2.0
143	0.0	0.0	0.0	0.0	0.0	0.0	0.0
144	1.0	0.0	1.0	0.0	0.3330000000000002	2.667	1.0
145	1.0	0.0	0.0	0.0	0.3330000000000002	2.667	0.0
146	2.0	0.0	1.0	0.0	2.0	4.0	1.0
147	1.0	1.0	1.0	1.0	2.068	3.932	2.0
148	1.0	0.0	1.0	0.0	1.4	1.6	1.0
149	1.0	2.0	1.0	2.0	1.0	2.0	1.0
150	1.0	1.0	0.0	1.0	0.6660000000000004	5.334	1.0
151	3.0	0.0	3.0	0.0	3.4	5.6	3.0
152	2.0	0.0	1.0	0.0	2.4	3.6	1.0
153	2.0	0.0	1.0	0.0	2.0	4.0	1.0
154	1.0	0.0	0.0	0.0	1.0	2.0	0.0
155	2.0	1.0	1.0	1.0	2.733	6.2669999999999995	2.0
156	2.0	1.0	2.0	1.0	2.0	4.0	2.0
157	1.0	0.0	1.0	0.0	0.3330000000000002	2.667	1.0
158	2.0	1.0	1.0	1.0	3.0	6.0	2.0
159	1.0	2.0	1.0	1.0	2.333	6.667	2.0
160	2.0	2.0	2.0	2.0	0.9990000000000006	8.001	3.0
161	1.0	0.0	1.0	0.0	0.3330000000000002	2.667	1.0
162	2.0	2.0	1.0	2.0	1.0	5.0	1.0
163	0.0	1.0	0.0	1.0	0.3330000000000002	2.667	1.0
164	1.0	0.0	1.0	0.0	0.6680000000000001	2.332	1.0
165	1.0	0.0	1.0	0.0	1.0	2.0	1.0
166	2.0	0.0	1.0	0.0	2.0	4.0	1.0
167	0.0	4.0	0.0	2.0	3.0	6.0	1.0
168	0.0	0.0	0.0	0.0	0.0	0.0	0.0
169	2.0	0.0	1.0	0.0	2.0	4.0	1.0
170	2.0	0.0	2.0	0.0	2.0	4.0	2.0
171	0.0	3.0	0.0	2.0	1.3360000000000003	7.664	2.0
172	1.0	0.0	1.0	0.0	0.3330000000000002	2.667	1.0
173	2.0	0.0	2.0	0.0	2.0	4.0	2.0
174	1.0	1.0	1.0	1.0	0.3330000000000002	2.667	1.0
175	2.0	0.0	1.0	0.0	0.6660000000000004	5.334	1.0
176	2.0	0.0	1.0	0.0	2.0	4.0	1.0
177	2.0	1.0	1.0	1.0	2.733	6.2669999999999995	2.0
178	1.0	0.0	1.0	0.0	1.0	2.0	1.0
179	1.0	1.0	1.0	1.0	0.6660000000000004	5.334	2.0
180	1.0	1.0	1.0	1.0	0.6660000000000004	5.334	2.0
181	1.0	3.0	0.0	2.0	3.0	6.0	2.0
182	2.0	2.0	1.0	2.0	1.3330000000000002	4.667	1.0
183	1.0	0.0	0.0	0.0	1.0	2.0	0.0
184	0.0	1.0	0.0	1.0	0.0	3.0	1.0
185	0.0	0.0	0.0	0.0	0.0	0.0	0.0
186	2.0	1.0	1.0	1.0	0.9990000000000006	8.001	2.0
187	0.0	0.0	0.0	0.0	0.0	0.0	0.0
188	2.0	1.0	1.0	1.0	3.068	5.932	2.0
189	1.0	0.0	0.0	0.0	0.3330000000000002	2.667	0.0
190	1.0	2.0	1.0	2.0	0.3330000000000002	2.667	1.0
191	2.0	0.0	2.0	0.0	2.0	4.0	2.0
192	1.0	1.0	1.0	1.0	0.6660000000000004	5.334	2.0
193	2.0	0.0	1.0	0.0	2.0	4.0	1.0
194	1.0	0.0	1.0	0.0	1.0	2.0	1.0
195	1.0	0.0	1.0	0.0	1.0	2.0	1.0
196	3.0	1.0	2.0	1.0	2.0	4.0	1.0
197	1.0	0.0	1.0	0.0	0.3330000000000002	2.667	1.0
198	2.0	1.0	1.0	1.0	3.0	6.0	2.0
199	2.0	1.0	2.0	1.0	2.0	4.0	2.0
200	1.0	3.0	1.0	2.0	2.333	6.667	2.0
201	0.0	2.0	0.0	1.0	1.0010000000000003	4.999	1.0
202	1.0	2.0	0.0	0.0	1.3330000000000002	7.667	0.0
203	1.0	2.0	1.0	2.0	0.9990000000000006	8.001	3.0
204	1.0	2.0	1.0	1.0	3.0	6.0	2.0
205	0.0	0.0	0.0	0.0	0.0	0.0	0.0
206	1.0	0.0	1.0	0.0	0.3330000000000002	2.667	1.0
207	1.0	2.0	1.0	1.0	2.068	6.932	2.0
208	1.0	0.0	1.0	0.0	1.0	2.0	1.0
209	0.0	0.0	0.0	0.0	0.0	0.0	0.0
210	1.0	1.0	0.0	1.0	0.6660000000000004	5.334	1.0
211	2.0	0.0	1.0	0.0	2.4	3.6	1.0
212	0.0	0.0	0.0	0.0	0.0	0.0	0.0
213	1.0	0.0	1.0	0.0	1.0	2.0	1.0
214	2.0	1.0	2.0	0.0	0.9990000000000006	8.001	2.0
215	2.0	0.0	1.0	0.0	2.0	4.0	1.0
216	0.0	0.0	0.0	0.0	0.0	0.0	0.0
217	1.0	0.0	1.0	0.0	0.3330000000000002	2.667	1.0
218	1.0	0.0	1.0	0.0	1.0	2.0	1.0
219	0.0	0.0	0.0	0.0	0.0	0.0	0.0
220	1.0	1.0	1.0	1.0	1.6680000000000001	4.332	2.0
221	1.0	1.0	1.0	1.0	1.0	2.0	1.0
222	0.0	0.0	0.0	0.0	0.0	0.0	0.0
223	2.0	1.0	1.0	1.0	3.4	5.6	2.0
224	2.0	2.0	2.0	2.0	3.0	6.0	3.0
225	0.0	0.0	0.0	0.0	0.0	0.0	0.0
226	0.0	1.0	0.0	1.0	0.3330000000000002	2.667	1.0
227	0.0	1.0	0.0	1.0	0.3330000000000002	2.667	1.0
228	2.0	1.0	1.0	1.0	0.6660000000000004	5.334	1.0
229	2.0	0.0	1.0	0.0	2.0	4.0	1.0
230	1.0	2.0	0.0	2.0	0.6660000000000004	8.334	2.0
231	2.0	1.0	1.0	1.0	1.6680000000000001	7.332	2.0
232	0.0	2.0	0.0	1.0	0.6660000000000004	5.334	1.0
233	1.0	3.0	1.0	3.0	1.3330000000000002	4.667	2.0
234	1.0	2.0	1.0	1.0	0.9990000000000006	8.001	2.0
235	1.0	0.0	0.0	0.0	0.3330000000000002	2.667	0.0
236	2.0	1.0	2.0	1.0	1.6680000000000001	7.332	3.0
237	1.0	3.0	0.0	2.0	2.3340000000000005	9.666	2.0
238	2.0	1.0	1.0	1.0	2.0	4.0	1.0
239	2.0	1.0	1.0	1.0	2.668	6.332	2.0
240	1.0	0.0	0.0	0.0	0.3330000000000002	2.667	0.0
241	1.0	0.0	1.0	0.0	0.3330000000000002	2.667	1.0
242	1.0	1.0	1.0	1.0	2.0	4.0	2.0
243	1.0	0.0	1.0	0.0	1.0	2.0	1.0
244	2.0	0.0	2.0	0.0	2.0	4.0	2.0
245	2.0	0.0	1.0	0.0	2.0	4.0	1.0
246	1.0	0.0	1.0	0.0	0.3330000000000002	2.667	1.0
247	1.0	0.0	1.0	0.0	0.3330000000000002	2.667	1.0
248	1.0	0.0	1.0	0.0	1.0	2.0	1.0
249	2.0	0.0	1.0	0.0	1.3360000000000003	4.664	1.0
250	1.0	0.0	1.0	0.0	0.3330000000000002	2.667	1.0
251	1.0	0.0	1.0	0.0	1.0	2.0	1.0
252	1.0	0.0	1.0	0.0	1.0	2.0	1.0
253	1.0	0.0	1.0	0.0	1.0	2.0	1.0
254	1.0	1.0	0.0	1.0	1.6680000000000001	4.332	1.0
255	1.0	2.0	1.0	0.0	3.4	5.6	1.0
256	2.0	0.0	2.0	0.0	1.6680000000000001	4.332	2.0
257	2.0	0.0	1.0	0.0	0.6660000000000004	5.334	1.0
258	0.0	1.0	0.0	1.0	0.6680000000000001	2.332	1.0
259	1.0	0.0	1.0	0.0	1.0	2.0	1.0
260	1.0	0.0	1.0	0.0	1.0	2.0	1.0
261	2.0	2.0	1.0	1.0	4.068	7.9319999999999995	2.0
262	2.0	0.0	1.0	0.0	0.6660000000000004	5.334	1.0
263	1.0	3.0	1.0	1.0	3.0	9.0	2.0
264	0.0	2.0	0.0	2.0	1.0	2.0	1.0
265	1.0	1.0	1.0	1.0	1.3330000000000002	4.667	2.0
266	1.0	1.0	1.0	1.0	0.6660000000000004	5.334	2.0
267	0.0	7.0	0.0	3.0	3.3340000000000005	14.666	3.0
268	1.0	0.0	0.0	0.0	0.3330000000000002	2.667	0.0
269	0.0	0.0	0.0	0.0	0.0	0.0	0.0
270	1.0	2.0	1.0	1.0	2.0	4.0	1.0
271	3.0	1.0	2.0	1.0	3.736	8.264	3.0
272	1.0	0.0	1.0	0.0	1.0	2.0	1.0
273	1.0	3.0	1.0	2.0	3.0	6.0	2.0
274	1.0	2.0	1.0	2.0	1.0	2.0	1.0
275	0.0	0.0	0.0	0.0	0.0	0.0	0.0
276	1.0	0.0	1.0	0.0	1.0	2.0	1.0
277	1.0	0.0	1.0	0.0	1.0	2.0	1.0
278	1.0	0.0	1.0	0.0	1.0	2.0	1.0
279	0.0	0.0	0.0	0.0	0.0	0.0	0.0
280	2.0	1.0	1.0	1.0	2.4	3.6	1.0
281	1.0	0.0	1.0	0.0	0.3330000000000002	2.667	1.0
282	2.0	5.0	2.0	4.0	2.9990000000000006	12.001	4.0
283	2.0	1.0	2.0	0.0	3.068	5.932	2.0
284	1.0	1.0	1.0	1.0	1.0	2.0	1.0
285	0.0	5.0	0.0	3.0	2.6660000000000004	9.334	2.0
286	2.0	0.0	2.0	0.0	2.0	4.0	2.0
287	1.0	0.0	1.0	0.0	0.3330000000000002	2.667	1.0
288	3.0	3.0	1.0	2.0	5.068	9.932	3.0
289	2.0	1.0	2.0	1.0	1.3330000000000002	4.667	2.0
290	2.0	0.0	2.0	0.0	2.0	4.0	2.0
291	1.0	0.0	1.0	0.0	0.6680000000000001	2.332	1.0
292	1.0	3.0	1.0	2.0	2.0010000000000003	6.999	2.0
293	2.0	0.0	1.0	0.0	0.6660000000000004	5.334	1.0
294	2.0	0.0	1.0	0.0	2.0	4.0	1.0
295	0.0	0.0	0.0	0.0	0.0	0.0	0.0
296	0.0	0.0	0.0	0.0	0.0	0.0	0.0
297	1.0	3.0	1.0	2.0	0.9990000000000006	8.001	2.0
298	2.0	0.0	1.0	0.0	0.6660000000000004	5.334	1.0
299	1.0	0.0	0.0	0.0	0.3330000000000002	2.667	0.0
300	1.0	0.0	1.0	0.0	0.3330000000000002	2.667	1.0
301	0.0	0.0	0.0	0.0	0.0	0.0	0.0
302	0.0	0.0	0.0	0.0	0.0	0.0	0.0
303	0.0	0.0	0.0	0.0	0.0	0.0	0.0
304	2.0	3.0	1.0	2.0	4.4	7.6	3.0
305	2.0	0.0	2.0	0.0	1.0	2.0	1.0
306	1.0	1.0	1.0	1.0	1.0	2.0	1.0
307	2.0	0.0	1.0	0.0	2.0	4.0	1.0
308	0.0	1.0	0.0	1.0	0.0	3.0	1.0
309	1.0	0.0	1.0	0.0	0.3330000000000002	2.667	1.0
310	1.0	2.0	0.0	1.0	0.9990000000000006	8.001	1.0
311	1.0	0.0	0.0	0.0	0.3330000000000002	2.667	0.0
312	1.0	1.0	0.0	1.0	1.6680000000000001	4.332	1.0
313	1.0	0.0	1.0	0.0	1.0	2.0	1.0
314	0.0	1.0	0.0	1.0	0.3330000000000002	2.667	1.0
315	0.0	0.0	0.0	0.0	0.0	0.0	0.0
316	0.0	0.0	0.0	0.0	0.0	0.0	0.0
317	1.0	4.0	1.0	3.0	1.9990000000000006	10.001	3.0
318	1.0	1.0	1.0	1.0	2.0	4.0	2.0
319	3.0	1.0	2.0	1.0	3.668	8.332	3.0
320	1.0	1.0	0.0	1.0	0.6660000000000004	5.334	1.0
321	0.0	0.0	0.0	0.0	0.0	0.0	0.0
322	1.0	0.0	1.0	0.0	1.0	2.0	1.0
323	2.0	0.0	2.0	0.0	2.0	4.0	2.0
324	2.0	0.0	1.0	0.0	0.6660000000000004	5.334	1.0
325	1.0	0.0	1.0	0.0	1.0	2.0	1.0
326	0.0	0.0	0.0	0.0	0.0	0.0	0.0
327	2.0	0.0	1.0	0.0	0.6660000000000004	5.334	1.0
328	1.0	0.0	0.0	0.0	0.6680000000000001	2.332	0.0
329	2.0	0.0	1.0	0.0	2.0	4.0	1.0
330	2.0	0.0	2.0	0.0	0.6660000000000004	5.334	2.0
331	2.0	0.0	1.0	0.0	0.6660000000000004	5.334	1.0
332	2.0	0.0	1.0	0.0	2.0	4.0	1.0
333	1.0	0.0	1.0	0.0	1.0	2.0	1.0
334	3.0	0.0	1.0	0.0	3.068	5.932	1.0
335	2.0	0.0	1.0	0.0	0.6660000000000004	5.334	1.0
336	1.0	0.0	1.0	0.0	0.3330000000000002	2.667	1.0
337	2.0	0.0	1.0	0.0	2.8	3.2	1.0
338	1.0	0.0	1.0	0.0	1.0	2.0	1.0
339	2.0	0.0	1.0	0.0	0.6660000000000004	5.334	1.0
340	1.0	3.0	0.0	2.0	2.3360000000000003	9.664	2.0
341	1.0	2.0	0.0	2.0	2.668	6.332	2.0
342	2.0	0.0	1.0	0.0	0.6660000000000004	5.334	1.0
343	1.0	1.0	1.0	1.0	0.6660000000000004	5.334	2.0
344	2.0	0.0	1.0	0.0	2.4	3.6	1.0
345	1.0	1.0	1.0	1.0	1.6680000000000001	4.332	2.0
346	1.0	3.0	1.0	2.0	1.3340000000000005	7.6659999999999995	2.0
347	2.0	1.0	1.0	0.0	0.9990000000000006	8.001	1.0
348	2.0	0.0	2.0	0.0	2.0	4.0	2.0
349	0.0	0.0	0.0	0.0	0.0	0.0	0.0
350	2.0	0.0	1.0	0.0	0.6660000000000004	5.334	1.0
351	3.0	1.0	2.0	1.0	3.0	6.0	2.0
352	1.0	0.0	0.0	0.0	0.3330000000000002	2.667	0.0
353	1.0	3.0	1.0	3.0	1.3330000000000002	4.667	2.0
354	2.0	1.0	1.0	1.0	2.3360000000000003	6.664	2.0
355	2.0	0.0	1.0	0.0	2.0	4.0	1.0
356	1.0	0.0	1.0	0.0	1.0	2.0	1.0
357	2.0	0.0	1.0	0.0	0.6660000000000004	5.334	1.0
358	3.0	0.0	3.0	0.0	2.068	3.932	2.0
359	0.0	0.0	0.0	0.0	0.0	0.0	0.0
360	3.0	0.0	3.0	0.0	3.0	6.0	3.0
361	2.0	0.0	1.0	0.0	2.4	3.6	1.0
362	2.0	0.0	1.0	0.0	0.6660000000000004	5.334	1.0
363	1.0	1.0	0.0	1.0	1.6680000000000001	4.332	1.0
364	0.0	0.0	0.0	0.0	0.0	0.0	0.0
365	0.0	3.0	0.0	1.0	2.668	6.332	1.0
366	2.0	2.0	2.0	2.0	1.3330000000000002	4.667	2.0
367	1.0	2.0	1.0	2.0	1.6680000000000001	4.332	2.0
368	0.0	1.0	0.0	1.0	1.0	2.0	1.0
369	4.0	1.0	2.0	1.0	3.333	8.667	3.0
370	3.0	2.0	2.0	2.0	2.333	6.667	2.0
371	1.0	1.0	1.0	1.0	1.0	2.0	1.0
372	0.0	1.0	0.0	1.0	1.0	2.0	1.0
373	0.0	0.0	0.0	0.0	0.0	0.0	0.0
374	2.0	1.0	2.0	1.0	1.3330000000000002	4.667	2.0
375	2.0	2.0	1.0	2.0	2.333	6.667	2.0
376	4.0	2.0	3.0	1.0	2.6690000000000005	9.331	2.0
377	0.0	3.0	0.0	2.0	2.0	7.0	2.0
378	1.0	3.0	1.0	2.0	2.333	6.667	2.0
379	1.0	4.0	1.0	2.0	1.6660000000000004	7.334	2.0
380	4.0	1.0	3.0	1.0	4.468	7.532	3.0
381	0.0	2.0	0.0	1.0	0.6660000000000004	5.334	1.0
382	2.0	1.0	1.0	1.0	1.3330000000000002	4.667	1.0
383	3.0	0.0	2.0	0.0	2.068	3.932	1.0
384	1.0	0.0	0.0	0.0	0.3330000000000002	2.667	0.0
385	2.0	1.0	0.0	0.0	3.0	6.0	0.0
386	2.0	0.0	0.0	0.0	2.0	4.0	0.0
387	1.0	0.0	0.0	0.0	0.3330000000000002	2.667	0.0
388	0.0	0.0	0.0	0.0	0.0	0.0	0.0
389	2.0	0.0	2.0	0.0	0.6660000000000004	5.334	2.0
390	2.0	1.0	0.0	1.0	2.333	6.667	1.0
391	2.0	0.0	1.0	0.0	2.0	4.0	1.0
392	3.0	2.0	2.0	2.0	2.6690000000000005	9.331	3.0
393	1.0	1.0	1.0	1.0	1.0	2.0	1.0
394	2.0	2.0	1.0	2.0	1.3330000000000002	4.667	1.0
395	2.0	0.0	1.0	0.0	2.0	4.0	1.0
396	2.0	1.0	1.0	1.0	3.0	6.0	2.0
397	1.0	3.0	1.0	1.0	1.6660000000000004	7.334	2.0
398	0.0	2.0	0.0	2.0	0.3330000000000002	2.667	1.0
399	0.0	4.0	0.0	3.0	1.6660000000000004	7.334	2.0
400	2.0	1.0	0.0	1.0	2.0010000000000003	6.999	1.0
401	0.0	0.0	0.0	0.0	0.0	0.0	0.0
402	1.0	1.0	1.0	1.0	2.0	4.0	2.0
403	0.0	3.0	0.0	2.0	2.0010000000000003	6.999	2.0
404	0.0	0.0	0.0	0.0	0.0	0.0	0.0
405	0.0	1.0	0.0	0.0	0.6680000000000001	2.332	0.0
406	1.0	3.0	1.0	1.0	0.6660000000000004	5.334	1.0
407	1.0	3.0	1.0	3.0	1.6660000000000004	7.334	3.0
408	3.0	1.0	2.0	1.0	1.6680000000000001	4.332	1.0
409	2.0	2.0	2.0	2.0	2.0	4.0	2.0
410	1.0	4.0	1.0	3.0	1.9990000000000006	10.001	3.0
411	1.0	0.0	0.0	0.0	0.3330000000000002	2.667	0.0
412	1.0	2.0	1.0	0.0	0.9990000000000006	8.001	1.0
413	2.0	0.0	0.0	0.0	2.0	4.0	0.0
414	0.0	1.0	0.0	0.0	1.0	2.0	0.0
415	1.0	1.0	0.0	1.0	0.6680000000000001	5.332	1.0
416	2.0	0.0	1.0	0.0	1.3360000000000003	4.664	1.0
417	1.0	0.0	0.0	0.0	1.0	2.0	0.0
418	1.0	1.0	0.0	0.0	2.0	4.0	0.0
419	0.0	0.0	0.0	0.0	0.0	0.0	0.0
420	1.0	0.0	1.0	0.0	1.0	2.0	1.0
421	0.0	0.0	0.0	0.0	0.0	0.0	0.0
422	0.0	2.0	0.0	0.0	1.0	5.0	0.0
423	1.0	0.0	1.0	0.0	0.3330000000000002	2.667	1.0
424	1.0	0.0	0.0	0.0	0.3330000000000002	2.667	0.0
425	1.0	0.0	0.0	0.0	1.0	2.0	0.0
426	1.0	0.0	1.0	0.0	1.4	1.6	1.0
427	2.0	2.0	1.0	1.0	1.6660000000000004	7.334	2.0
428	2.0	0.0	0.0	0.0	1.4	1.6	0.0
429	3.0	0.0	0.0	0.0	1.6680000000000001	4.332	0.0
430	0.0	0.0	0.0	0.0	0.0	0.0	0.0
431	1.0	0.0	0.0	0.0	0.3330000000000002	2.667	0.0
432	1.0	0.0	1.0	0.0	0.3330000000000002	2.667	1.0
433	1.0	0.0	1.0	0.0	1.0	2.0	1.0
434	1.0	5.0	0.0	3.0	4.801	10.199	2.0
435	3.0	0.0	1.0	0.0	2.668	6.332	1.0
436	0.0	0.0	0.0	0.0	0.0	0.0	0.0
437	1.0	0.0	1.0	0.0	1.0	2.0	1.0
438	0.0	0.0	0.0	0.0	0.0	0.0	0.0
439	1.0	0.0	0.0	0.0	1.0	2.0	0.0
440	1.0	1.0	0.0	0.0	0.6660000000000004	5.334	0.0
441	1.0	3.0	1.0	1.0	2.333	6.667	1.0
442	0.0	0.0	0.0	0.0	0.0	0.0	0.0
443	1.0	1.0	0.0	0.0	0.6680000000000001	2.332	0.0
444	2.0	0.0	0.0	0.0	2.0	4.0	0.0
445	1.0	0.0	0.0	0.0	0.3330000000000002	2.667	0.0
446	3.0	0.0	2.0	0.0	2.668	6.332	2.0
447	0.0	0.0	0.0	0.0	0.0	0.0	0.0
448	1.0	0.0	0.0	0.0	1.0	2.0	0.0
449	0.0	0.0	0.0	0.0	0.0	0.0	0.0
450	1.0	0.0	1.0	0.0	0.3330000000000002	2.667	1.0
451	1.0	1.0	1.0	0.0	1.3330000000000002	4.667	1.0
452	1.0	2.0	0.0	0.0	1.3330000000000002	4.667	0.0
453	0.0	0.0	0.0	0.0	0.0	0.0	0.0
454	1.0	0.0	0.0	0.0	1.0	2.0	0.0
455	1.0	0.0	0.0	0.0	0.3330000000000002	2.667	0.0
456	0.0	0.0	0.0	0.0	0.0	0.0	0.0
457	0.0	2.0	0.0	1.0	2.0	4.0	1.0
458	2.0	1.0	2.0	0.0	1.3330000000000002	4.667	1.0
459	1.0	0.0	0.0	0.0	0.3330000000000002	2.667	0.0
460	1.0	0.0	0.0	0.0	0.3330000000000002	2.667	0.0
461	2.0	2.0	1.0	0.0	2.333	6.667	1.0
462	1.0	0.0	0.0	0.0	1.0	2.0	0.0
463	1.0	0.0	0.0	0.0	1.0	2.0	0.0
464	0.0	0.0	0.0	0.0	0.0	0.0	0.0
465	1.0	0.0	1.0	0.0	1.0	2.0	1.0
466	3.0	0.0	1.0	0.0	3.0	6.0	1.0
467	1.0	0.0	1.0	0.0	1.0	2.0	1.0
468	1.0	0.0	1.0	0.0	1.0	2.0	1.0
469	4.0	2.0	3.0	2.0	3.6690000000000005	11.331	4.0
470	1.0	0.0	0.0	0.0	1.0	2.0	0.0
471	2.0	0.0	0.0	0.0	0.6660000000000004	5.334	0.0
472	2.0	3.0	1.0	2.0	3.4010000000000002	8.599	2.0
473	2.0	0.0	2.0	0.0	2.0	4.0	2.0
474	1.0	0.0	0.0	0.0	0.3330000000000002	2.667	0.0
475	1.0	1.0	1.0	1.0	0.3330000000000002	2.667	1.0
476	2.0	2.0	2.0	2.0	1.0010000000000003	4.999	2.0
477	1.0	2.0	1.0	2.0	1.0	2.0	1.0
478	1.0	1.0	1.0	1.0	0.6660000000000004	5.334	2.0
479	1.0	3.0	1.0	3.0	1.3330000000000002	4.667	2.0
480	2.0	1.0	2.0	1.0	1.3330000000000002	4.667	2.0
481	1.0	0.0	0.0	0.0	1.0	2.0	0.0
482	2.0	2.0	1.0	2.0	3.0	6.0	2.0
483	1.0	0.0	0.0	0.0	0.3330000000000002	2.667	0.0
484	1.0	0.0	0.0	0.0	1.0	2.0	0.0
485	1.0	1.0	0.0	0.0	0.6680000000000001	2.332	0.0
486	2.0	0.0	1.0	0.0	2.0	4.0	1.0
487	1.0	3.0	1.0	1.0	1.6660000000000004	7.334	2.0
488	1.0	3.0	0.0	0.0	2.668	6.332	0.0
489	2.0	0.0	0.0	0.0	2.0	4.0	0.0
490	0.0	0.0	0.0	0.0	0.0	0.0	0.0
491	0.0	0.0	0.0	0.0	0.0	0.0	0.0
492	0.0	1.0	0.0	0.0	0.3330000000000002	2.667	0.0
493	1.0	0.0	1.0	0.0	0.3330000000000002	2.667	1.0
494	1.0	0.0	0.0	0.0	0.6680000000000001	2.332	0.0
495	2.0	1.0	0.0	1.0	3.0	6.0	1.0
496	3.0	0.0	0.0	0.0	1.6680000000000001	4.332	0.0
497	0.0	2.0	0.0	0.0	0.3330000000000002	2.667	0.0
498	0.0	3.0	0.0	2.0	0.9990000000000006	8.001	2.0
499	1.0	0.0	0.0	0.0	0.3330000000000002	2.667	0.0
500	0.0	0.0	0.0	0.0	0.0	0.0	0.0
501	1.0	1.0	1.0	0.0	2.0	4.0	1.0
502	1.0	0.0	0.0	0.0	0.3330000000000002	2.667	0.0
503	1.0	3.0	1.0	0.0	1.6690000000000005	7.3309999999999995	1.0
504	2.0	2.0	1.0	0.0	3.0	6.0	1.0
505	1.0	0.0	0.0	0.0	0.3330000000000002	2.667	0.0
506	1.0	0.0	0.0	0.0	1.0	2.0	0.0
507	0.0	0.0	0.0	0.0	0.0	0.0	0.0
508	1.0	2.0	1.0	1.0	1.3360000000000003	4.664	1.0
509	0.0	0.0	0.0	0.0	0.0	0.0	0.0
510	2.0	0.0	1.0	0.0	2.068	3.932	1.0
511	1.0	2.0	1.0	1.0	0.6660000000000004	5.334	1.0
512	1.0	0.0	0.0	0.0	1.0	2.0	0.0
513	1.0	0.0	0.0	0.0	0.3330000000000002	2.667	0.0
514	1.0	0.0	0.0	0.0	1.0	2.0	0.0
515	0.0	0.0	0.0	0.0	0.0	0.0	0.0
516	1.0	1.0	0.0	0.0	0.6680000000000001	2.332	0.0
517	0.0	0.0	0.0	0.0	0.0	0.0	0.0
518	0.0	0.0	0.0	0.0	0.0	0.0	0.0
519	0.0	0.0	0.0	0.0	0.0	0.0	0.0
520	1.0	0.0	0.0	0.0	1.0	2.0	0.0
521	0.0	0.0	0.0	0.0	0.0	0.0	0.0
522	0.0	0.0	0.0	0.0	0.0	0.0	0.0
523	1.0	1.0	0.0	0.0	1.0010000000000003	4.999	0.0
524	1.0	0.0	0.0	0.0	1.0	2.0	0.0
525	2.0	1.0	1.0	0.0	1.3330000000000002	4.667	1.0
526	1.0	0.0	1.0	0.0	1.4	1.6	1.0
527	1.0	1.0	0.0	1.0	1.3330000000000002	4.667	1.0
528	1.0	0.0	1.0	0.0	1.0	2.0	1.0
529	2.0	0.0	1.0	0.0	2.0	4.0	1.0
530	1.0	0.0	0.0	0.0	0.3330000000000002	2.667	0.0
531	0.0	1.0	0.0	1.0	0.3330000000000002	2.667	1.0
532	0.0	2.0	0.0	0.0	1.0	2.0	0.0
533	1.0	1.0	0.0	0.0	1.0	2.0	0.0
534	1.0	2.0	0.0	0.0	1.3330000000000002	4.667	0.0
535	1.0	2.0	0.0	0.0	1.0	2.0	0.0
536	0.0	0.0	0.0	0.0	0.0	0.0	0.0
537	0.0	0.0	0.0	0.0	0.0	0.0	0.0
538	0.0	0.0	0.0	0.0	0.0	0.0	0.0
539	0.0	0.0	0.0	0.0	0.0	0.0	0.0
540	0.0	0.0	0.0	0.0	0.0	0.0	0.0
541	0.0	0.0	0.0	0.0	0.0	0.0	0.0
542	0.0	0.0	0.0	0.0	0.0	0.0	0.0
543	0.0	0.0	0.0	0.0	0.0	0.0	0.0
544	0.0	0.0	0.0	0.0	0.0	0.0	0.0
545	0.0	0.0	0.0	0.0	0.0	0.0	0.0
546	0.0	0.0	0.0	0.0	0.0	0.0	0.0
547	0.0	0.0	0.0	0.0	0.0	0.0	0.0
548	0.0	0.0	0.0	0.0	0.0	0.0	0.0
549	0.0	0.0	0.0	0.0	0.0	0.0	0.0
550	0.0	0.0	0.0	0.0	0.0	0.0	0.0
551	0.0	0.0	0.0	0.0	0.0	0.0	0.0
552	0.0	0.0	0.0	0.0	0.0	0.0	0.0
553	0.0	0.0	0.0	0.0	0.0	0.0	0.0
554	0.0	0.0	0.0	0.0	0.0	0.0	0.0
555	0.0	0.0	0.0	0.0	0.0	0.0	0.0
556	0.0	0.0	0.0	0.0	0.0	0.0	0.0
557	0.0	0.0	0.0	0.0	0.0	0.0	0.0
558	0.0	0.0	0.0	0.0	0.0	0.0	0.0
559	0.0	0.0	0.0	0.0	0.0	0.0	0.0
560	0.0	0.0	0.0	0.0	0.0	0.0	0.0
561	0.0	0.0	0.0	0.0	0.0	0.0	0.0
562	0.0	0.0	0.0	0.0	0.0	0.0	0.0
563	0.0	0.0	0.0	0.0	0.0	0.0	0.0
564	0.0	0.0	0.0	0.0	0.0	0.0	0.0
565	0.0	0.0	0.0	0.0	0.0	0.0	0.0
566	0.0	0.0	0.0	0.0	0.0	0.0	0.0
567	0.0	0.0	0.0	0.0	0.0	0.0	0.0
568	0.0	0.0	0.0	0.0	0.0	0.0	0.0
569	0.0	0.0	0.0	0.0	0.0	0.0	0.0
570	0.0	0.0	0.0	0.0	0.0	0.0	0.0
571	0.0	0.0	0.0	0.0	0.0	0.0	0.0
572	0.0	0.0	0.0	0.0	0.0	0.0	0.0
573	0.0	0.0	0.0	0.0	0.0	0.0	0.0
574	0.0	0.0	0.0	0.0	0.0	0.0	0.0
575	0.0	0.0	0.0	0.0	0.0	0.0	0.0
576	0.0	0.0	0.0	0.0	0.0	0.0	0.0
577	0.0	0.0	0.0	0.0	0.0	0.0	0.0
578	0.0	0.0	0.0	0.0	0.0	0.0	0.0
579	0.0	0.0	0.0	0.0	0.0	0.0	0.0
580	0.0	0.0	0.0	0.0	0.0	0.0	0.0
581	0.0	0.0	0.0	0.0	0.0	0.0	0.0
582	0.0	0.0	0.0	0.0	0.0	0.0	0.0
583	0.0	0.0	0.0	0.0	0.0	0.0	0.0
584	0.0	0.0	0.0	0.0	0.0	0.0	0.0
585	0.0	0.0	0.0	0.0	0.0	0.0	0.0
586	0.0	0.0	0.0	0.0	0.0	0.0	0.0
587	0.0	0.0	0.0	0.0	0.0	0.0	0.0
588	0.0	0.0	0.0	0.0	0.0	0.0	0.0
589	0.0	0.0	0.0	0.0	0.0	0.0	0.0
590	0.0	0.0	0.0	0.0	0.0	0.0	0.0
591	0.0	0.0	0.0	0.0	0.0	0.0	0.0
592	0.0	0.0	0.0	0.0	0.0	0.0	0.0
593	0.0	0.0	0.0	0.0	0.0	0.0	0.0
594	0.0	0.0	0.0	0.0	0.0	0.0	0.0
595	0.0	0.0	0.0	0.0	0.0	0.0	0.0
596	0.0	0.0	0.0	0.0	0.0	0.0	0.0
597	0.0	0.0	0.0	0.0	0.0	0.0	0.0
598	0.0	0.0	0.0	0.0	0.0	0.0	0.0
599	0.0	0.0	0.0	0.0	0.0	0.0	0.0
600	0.0	0.0	0.0	0.0	0.0	0.0	0.0
601	0.0	0.0	0.0	0.0	0.0	0.0	0.0
602	0.0	0.0	0.0	0.0	0.0	0.0	0.0
603	0.0	0.0	0.0	0.0	0.0	0.0	0.0
604	0.0	0.0	0.0	0.0	0.0	0.0	0.0
605	0.0	0.0	0.0	0.0	0.0	0.0	0.0
606	0.0	0.0	0.0	0.0	0.0	0.0	0.0
607	0.0	0.0	0.0	0.0	0.0	0.0	0.0
608	0.0	0.0	0.0	0.0	0.0	0.0	0.0
609	0.0	0.0	0.0	0.0	0.0	0.0	0.0
610	0.0	0.0	0.0	0.0	0.0	0.0	0.0
611	0.0	0.0	0.0	0.0	0.0	0.0	0.0
612	0.0	0.0	0.0	0.0	0.0	0.0	0.0
613	0.0	0.0	0.0	0.0	0.0	0.0	0.0
614	0.0	0.0	0.0	0.0	0.0	0.0	0.0
615	0.0	0.0	0.0	0.0	0.0	0.0	0.0
616	0.0	0.0	0.0	0.0	0.0	0.0	0.0
617	0.0	0.0	0.0	0.0	0.0	0.0	0.0
618	0.0	0.0	0.0	0.0	0.0	0.0	0.0
619	0.0	0.0	0.0	0.0	0.0	0.0	0.0
620	0.0	0.0	0.0	0.0	0.0	0.0	0.0
621	0.0	0.0	0.0	0.0	0.0	0.0	0.0
622	0.0	0.0	0.0	0.0	0.0	0.0	0.0
623	0.0	0.0	0.0	0.0	0.0	0.0	0.0
624	0.0	0.0	0.0	0.0	0.0	0.0	0.0
625	0.0	0.0	0.0	0.0	0.0	0.0	0.0
626	0.0	0.0	0.0	0.0	0.0	0.0	0.0
627	0.0	0.0	0.0	0.0	0.0	0.0	0.0
628	0.0	0.0	0.0	0.0	0.0	0.0	0.0
629	0.0	0.0	0.0	0.0	0.0	0.0	0.0
630	0.0	0.0	0.0	0.0	0.0	0.0	0.0
