all_syn	all_nonSyn	tip_syn	tip_nonSyn	S	N	comparisons
001	0.0	0.0	0.0	0.0	0.0	0.0	0.0
002	0.0	0.0	0.0	0.0	0.0	0.0	0.0
003	0.0	0.0	0.0	0.0	0.0	0.0	0.0
004	0.0	0.0	0.0	0.0	0.0	0.0	0.0
005	0.0	0.0	0.0	0.0	0.0	0.0	0.0
006	0.0	0.0	0.0	0.0	0.0	0.0	0.0
007	0.0	0.0	0.0	0.0	0.0	0.0	0.0
008	0.0	0.0	0.0	0.0	0.0	0.0	0.0
009	0.0	0.0	0.0	0.0	0.0	0.0	0.0
010	0.0	0.0	0.0	0.0	0.0	0.0	0.0
011	0.0	0.0	0.0	0.0	0.0	0.0	0.0
012	0.0	0.0	0.0	0.0	0.0	0.0	0.0
013	0.0	0.0	0.0	0.0	0.0	0.0	0.0
014	0.0	0.0	0.0	0.0	0.0	0.0	0.0
015	0.0	0.0	0.0	0.0	0.0	0.0	0.0
016	1.0	2.0	0.0	0.0	0.0	3.0	0.0
017	1.0	2.0	1.0	0.0	2.0	4.0	1.0
018	1.0	1.0	0.0	0.0	1.0	2.0	0.0
019	1.0	2.0	0.0	1.0	0.9990000000000006	8.001	1.0
020	1.0	0.0	1.0	0.0	1.0	2.0	1.0
021	0.0	0.0	0.0	0.0	0.0	0.0	0.0
022	1.0	0.0	1.0	0.0	1.0	2.0	1.0
023	1.0	0.0	0.0	0.0	1.0	2.0	0.0
024	1.0	0.0	0.0	0.0	0.3330000000000002	2.667	0.0
025	2.0	0.0	1.0	0.0	2.0	4.0	1.0
026	2.0	0.0	2.0	0.0	2.0	4.0	2.0
027	4.0	0.0	3.0	0.0	4.068	7.932	3.0
028	1.0	0.0	1.0	0.0	1.0	2.0	1.0
029	2.0	0.0	1.0	0.0	2.0	4.0	1.0
030	0.0	0.0	0.0	0.0	0.0	0.0	0.0
031	1.0	3.0	1.0	2.0	2.333	6.667	2.0
032	0.0	2.0	0.0	2.0	1.0	2.0	1.0
033	1.0	1.0	1.0	1.0	1.0	2.0	1.0
034	1.0	0.0	0.0	0.0	0.3330000000000002	2.667	0.0
035	1.0	2.0	1.0	2.0	1.3330000000000002	4.667	2.0
036	1.0	0.0	1.0	0.0	1.0	2.0	1.0
037	1.0	1.0	0.0	1.0	0.6660000000000004	5.334	1.0
038	2.0	4.0	2.0	2.0	1.9990000000000006	10.001	3.0
039	2.0	0.0	1.0	0.0	0.6660000000000004	5.334	1.0
040	2.0	2.0	0.0	1.0	4.0	8.0	1.0
041	2.0	1.0	2.0	1.0	1.3330000000000002	4.667	2.0
042	0.0	2.0	0.0	1.0	0.6660000000000004	5.334	1.0
043	2.0	0.0	0.0	0.0	0.6660000000000004	5.334	0.0
044	1.0	1.0	0.0	1.0	1.3330000000000002	4.667	1.0
045	3.0	1.0	3.0	1.0	1.6660000000000004	7.334	3.0
046	2.0	2.0	1.0	2.0	0.9990000000000006	8.001	2.0
047	2.0	2.0	0.0	2.0	2.333	6.667	1.0
048	3.0	2.0	1.0	2.0	3.0	6.0	1.0
049	2.0	2.0	1.0	2.0	1.733	4.2669999999999995	1.0
050	3.0	0.0	3.0	0.0	3.0	6.0	3.0
051	1.0	0.0	1.0	0.0	1.0	2.0	1.0
052	2.0	1.0	1.0	1.0	2.0	4.0	1.0
053	0.0	0.0	0.0	0.0	0.0	0.0	0.0
054	2.0	0.0	2.0	0.0	0.6680000000000001	2.332	1.0
055	0.0	0.0	0.0	0.0	0.0	0.0	0.0
056	1.0	1.0	1.0	1.0	0.6680000000000001	2.332	1.0
057	2.0	1.0	1.0	1.0	2.4	3.6	1.0
058	1.0	0.0	1.0	0.0	1.0	2.0	1.0
059	3.0	1.0	3.0	1.0	3.333	8.667	4.0
060	2.0	2.0	2.0	2.0	4.0	8.0	4.0
061	3.0	0.0	2.0	0.0	3.0	6.0	2.0
062	2.0	1.0	2.0	1.0	2.0	4.0	2.0
063	2.0	0.0	2.0	0.0	2.0	4.0	2.0
064	2.0	0.0	1.0	0.0	2.0	4.0	1.0
065	2.0	1.0	1.0	1.0	2.0	4.0	1.0
066	2.0	0.0	1.0	0.0	2.0	4.0	1.0
067	2.0	3.0	1.0	2.0	3.0	6.0	2.0
068	3.0	3.0	3.0	3.0	4.0	8.0	4.0
069	2.0	2.0	2.0	0.0	2.6660000000000004	9.334	2.0
070	0.0	3.0	0.0	1.0	1.6660000000000004	7.334	1.0
071	1.0	1.0	1.0	1.0	0.3330000000000002	2.667	1.0
072	0.0	0.0	0.0	0.0	0.0	0.0	0.0
073	0.0	0.0	0.0	0.0	0.0	0.0	0.0
074	0.0	0.0	0.0	0.0	0.0	0.0	0.0
075	0.0	0.0	0.0	0.0	0.0	0.0	0.0
076	0.0	0.0	0.0	0.0	0.0	0.0	0.0
077	0.0	0.0	0.0	0.0	0.0	0.0	0.0
078	0.0	0.0	0.0	0.0	0.0	0.0	0.0
079	0.0	0.0	0.0	0.0	0.0	0.0	0.0
080	0.0	0.0	0.0	0.0	0.0	0.0	0.0
081	0.0	0.0	0.0	0.0	0.0	0.0	0.0
082	0.0	0.0	0.0	0.0	0.0	0.0	0.0
083	0.0	0.0	0.0	0.0	0.0	0.0	0.0
084	0.0	0.0	0.0	0.0	0.0	0.0	0.0
085	0.0	0.0	0.0	0.0	0.0	0.0	0.0
086	0.0	0.0	0.0	0.0	0.0	0.0	0.0
087	0.0	0.0	0.0	0.0	0.0	0.0	0.0
088	0.0	0.0	0.0	0.0	0.0	0.0	0.0
089	0.0	0.0	0.0	0.0	0.0	0.0	0.0
090	0.0	0.0	0.0	0.0	0.0	0.0	0.0
091	2.0	2.0	1.0	0.0	3.0	6.0	1.0
092	3.0	0.0	2.0	0.0	0.9990000000000006	8.001	2.0
093	2.0	0.0	2.0	0.0	2.0	4.0	2.0
094	1.0	0.0	1.0	0.0	0.3330000000000002	2.667	1.0
095	1.0	2.0	1.0	2.0	1.0	2.0	1.0
096	1.0	3.0	1.0	2.0	1.3320000000000007	10.668	3.0
097	4.0	3.0	2.0	2.0	5.0	10.0	3.0
098	2.0	1.0	2.0	0.0	1.6660000000000004	7.334	2.0
099	0.0	2.0	0.0	2.0	2.0	4.0	2.0
100	2.0	0.0	1.0	0.0	0.6660000000000004	5.334	1.0
101	3.0	2.0	2.0	1.0	3.0	6.0	2.0
102	1.0	1.0	1.0	1.0	0.6660000000000004	5.334	2.0
103	3.0	0.0	2.0	0.0	3.0	6.0	2.0
104	3.0	1.0	1.0	1.0	1.6680000000000001	4.332	1.0
105	0.0	5.0	0.0	4.0	2.3990000000000005	9.600999999999999	3.0
106	1.0	1.0	1.0	1.0	0.3330000000000002	2.667	1.0
107	0.0	2.0	0.0	2.0	2.4	3.6	2.0
108	2.0	0.0	1.0	0.0	2.0	4.0	1.0
109	1.0	0.0	1.0	0.0	0.3330000000000002	2.667	1.0
110	1.0	0.0	1.0	0.0	1.0	2.0	1.0
111	3.0	0.0	2.0	0.0	3.0	6.0	2.0
112	2.0	2.0	2.0	2.0	2.333	6.667	3.0
113	2.0	0.0	0.0	0.0	0.6660000000000004	5.334	0.0
114	3.0	0.0	3.0	0.0	3.0	6.0	3.0
115	3.0	2.0	2.0	2.0	3.333	8.667	3.0
116	2.0	0.0	1.0	0.0	2.0	4.0	1.0
117	0.0	1.0	0.0	1.0	0.3330000000000002	2.667	1.0
118	2.0	0.0	1.0	0.0	1.3360000000000003	4.664	1.0
119	0.0	0.0	0.0	0.0	0.0	0.0	0.0
120	1.0	0.0	0.0	0.0	0.3330000000000002	2.667	0.0
121	2.0	0.0	1.0	0.0	2.0	4.0	1.0
122	2.0	0.0	2.0	0.0	2.0	4.0	2.0
123	2.0	2.0	2.0	2.0	1.6680000000000001	4.332	2.0
124	2.0	0.0	2.0	0.0	0.6660000000000004	5.334	2.0
125	2.0	0.0	2.0	0.0	2.0	4.0	2.0
126	3.0	1.0	2.0	0.0	3.0010000000000003	8.998999999999999	2.0
127	1.0	1.0	1.0	1.0	1.733	4.2669999999999995	2.0
128	2.0	0.0	1.0	0.0	0.6660000000000004	5.334	1.0
129	0.0	0.0	0.0	0.0	0.0	0.0	0.0
130	1.0	0.0	1.0	0.0	0.3330000000000002	2.667	1.0
131	1.0	0.0	1.0	0.0	0.3330000000000002	2.667	1.0
132	1.0	0.0	1.0	0.0	0.3330000000000002	2.667	1.0
133	2.0	0.0	1.0	0.0	0.6660000000000004	5.334	1.0
134	1.0	0.0	0.0	0.0	0.3330000000000002	2.667	0.0
135	1.0	0.0	1.0	0.0	0.3330000000000002	2.667	1.0
136	0.0	1.0	0.0	1.0	0.6680000000000001	2.332	1.0
137	2.0	0.0	1.0	0.0	2.0	4.0	1.0
138	4.0	4.0	1.0	3.0	4.666	13.334	3.0
139	1.0	0.0	0.0	0.0	0.3330000000000002	2.667	0.0
140	3.0	0.0	1.0	0.0	3.0	6.0	1.0
141	0.0	0.0	0.0	0.0	0.0	0.0	0.0
142	1.0	2.0	1.0	1.0	0.9990000000000006	8.001	2.0
143	1.0	0.0	1.0	0.0	1.0	2.0	1.0
144	1.0	0.0	1.0	0.0	0.3330000000000002	2.667	1.0
145	0.0	3.0	0.0	2.0	3.0	6.0	2.0
146	1.0	2.0	1.0	2.0	1.3330000000000002	4.667	2.0
147	1.0	0.0	0.0	0.0	1.0	2.0	0.0
148	1.0	0.0	1.0	0.0	0.3330000000000002	2.667	1.0
149	2.0	2.0	1.0	1.0	1.3330000000000002	4.667	1.0
150	1.0	0.0	1.0	0.0	1.0	2.0	1.0
151	1.0	0.0	1.0	0.0	0.3330000000000002	2.667	1.0
152	0.0	0.0	0.0	0.0	0.0	0.0	0.0
153	2.0	0.0	1.0	0.0	0.6660000000000004	5.334	1.0
154	0.0	2.0	0.0	2.0	0.3330000000000002	2.667	1.0
155	2.0	0.0	2.0	0.0	1.0	2.0	1.0
156	3.0	0.0	3.0	0.0	3.0	6.0	3.0
157	0.0	1.0	0.0	0.0	0.3330000000000002	2.667	0.0
158	3.0	0.0	1.0	0.0	0.9990000000000006	8.001	1.0
159	2.0	0.0	1.0	0.0	1.3360000000000003	4.664	1.0
160	0.0	0.0	0.0	0.0	0.0	0.0	0.0
161	1.0	2.0	1.0	1.0	0.6660000000000004	5.334	1.0
162	2.0	1.0	1.0	1.0	1.6660000000000004	7.334	2.0
163	2.0	0.0	0.0	0.0	0.6660000000000004	5.334	0.0
164	3.0	0.0	2.0	0.0	2.0040000000000004	6.9959999999999996	2.0
165	1.0	0.0	1.0	0.0	0.3330000000000002	2.667	1.0
166	2.0	0.0	1.0	0.0	0.6660000000000004	5.334	1.0
167	2.0	0.0	2.0	0.0	2.0	4.0	2.0
168	1.0	0.0	1.0	0.0	0.3330000000000002	2.667	1.0
169	1.0	0.0	1.0	0.0	0.3330000000000002	2.667	1.0
170	1.0	0.0	0.0	0.0	0.3330000000000002	2.667	0.0
171	1.0	0.0	1.0	0.0	0.3330000000000002	2.667	1.0
172	3.0	0.0	2.0	0.0	3.0	6.0	2.0
173	1.0	0.0	1.0	0.0	0.3330000000000002	2.667	1.0
174	1.0	0.0	1.0	0.0	0.3330000000000002	2.667	1.0
175	0.0	0.0	0.0	0.0	0.0	0.0	0.0
176	1.0	1.0	1.0	0.0	0.6660000000000004	5.334	1.0
177	2.0	0.0	2.0	0.0	2.0	4.0	2.0
178	0.0	0.0	0.0	0.0	0.0	0.0	0.0
179	1.0	0.0	1.0	0.0	0.3330000000000002	2.667	1.0
180	4.0	0.0	2.0	0.0	3.3360000000000003	8.664	2.0
181	0.0	0.0	0.0	0.0	0.0	0.0	0.0
182	0.0	0.0	0.0	0.0	0.0	0.0	0.0
183	0.0	0.0	0.0	0.0	0.0	0.0	0.0
184	2.0	1.0	1.0	0.0	3.0	6.0	1.0
185	3.0	0.0	1.0	0.0	0.9990000000000006	8.001	1.0
186	2.0	0.0	2.0	0.0	2.0	4.0	2.0
187	1.0	0.0	0.0	0.0	0.3330000000000002	2.667	0.0
188	2.0	0.0	2.0	0.0	2.0	4.0	2.0
189	1.0	0.0	1.0	0.0	0.3330000000000002	2.667	1.0
190	2.0	0.0	1.0	0.0	2.0	4.0	1.0
191	2.0	3.0	0.0	2.0	3.6690000000000005	11.331	2.0
192	2.0	0.0	1.0	0.0	0.6660000000000004	5.334	1.0
193	2.0	0.0	2.0	0.0	2.0	4.0	2.0
194	2.0	0.0	0.0	0.0	0.6660000000000004	5.334	0.0
195	0.0	0.0	0.0	0.0	0.0	0.0	0.0
196	4.0	0.0	2.0	0.0	2.668	6.332	1.0
197	1.0	4.0	1.0	2.0	2.333	6.667	2.0
198	2.0	0.0	2.0	0.0	0.6660000000000004	5.334	2.0
199	2.0	0.0	1.0	0.0	2.0	4.0	1.0
200	2.0	0.0	2.0	0.0	1.0	2.0	1.0
201	0.0	0.0	0.0	0.0	0.0	0.0	0.0
202	1.0	0.0	1.0	0.0	0.3330000000000002	2.667	1.0
203	2.0	0.0	2.0	0.0	2.0	4.0	2.0
204	1.0	0.0	1.0	0.0	0.3330000000000002	2.667	1.0
205	0.0	0.0	0.0	0.0	0.0	0.0	0.0
206	0.0	0.0	0.0	0.0	0.0	0.0	0.0
207	2.0	0.0	1.0	0.0	0.6660000000000004	5.334	1.0
208	3.0	0.0	2.0	0.0	3.068	5.932	2.0
209	2.0	0.0	2.0	0.0	2.0	4.0	2.0
210	0.0	0.0	0.0	0.0	0.0	0.0	0.0
211	2.0	0.0	2.0	0.0	0.6660000000000004	5.334	2.0
212	2.0	0.0	2.0	0.0	0.6660000000000004	5.334	2.0
213	2.0	0.0	1.0	0.0	1.6680000000000001	4.332	1.0
214	2.0	1.0	2.0	1.0	3.0	6.0	3.0
215	1.0	0.0	1.0	0.0	0.3330000000000002	2.667	1.0
216	3.0	0.0	2.0	0.0	3.0	6.0	2.0
217	2.0	0.0	1.0	0.0	1.3360000000000003	4.664	1.0
218	1.0	0.0	0.0	0.0	1.0	2.0	0.0
219	1.0	0.0	0.0	0.0	0.3330000000000002	2.667	0.0
220	3.0	0.0	1.0	0.0	3.0	6.0	1.0
221	3.0	0.0	0.0	0.0	2.736	6.263999999999999	0.0
222	2.0	0.0	1.0	0.0	2.0	4.0	1.0
223	0.0	0.0	0.0	0.0	0.0	0.0	0.0
224	0.0	0.0	0.0	0.0	0.0	0.0	0.0
225	0.0	0.0	0.0	0.0	0.0	0.0	0.0
226	3.0	0.0	2.0	0.0	3.0	6.0	2.0
227	2.0	0.0	2.0	0.0	2.0	4.0	2.0
228	2.0	0.0	0.0	0.0	2.0	4.0	0.0
229	0.0	0.0	0.0	0.0	0.0	0.0	0.0
230	0.0	0.0	0.0	0.0	0.0	0.0	0.0
231	3.0	0.0	2.0	0.0	3.0	6.0	2.0
232	1.0	0.0	1.0	0.0	0.3330000000000002	2.667	1.0
233	4.0	0.0	2.0	0.0	4.0	8.0	2.0
234	1.0	0.0	1.0	0.0	1.0	2.0	1.0
235	2.0	0.0	1.0	0.0	2.0	4.0	1.0
236	2.0	0.0	2.0	0.0	2.0	4.0	2.0
237	3.0	0.0	2.0	0.0	3.0	6.0	2.0
238	1.0	0.0	1.0	0.0	0.3330000000000002	2.667	1.0
239	2.0	0.0	2.0	0.0	2.0	4.0	2.0
240	3.0	0.0	2.0	0.0	3.0	6.0	2.0
241	0.0	0.0	0.0	0.0	0.0	0.0	0.0
242	1.0	0.0	1.0	0.0	0.3330000000000002	2.667	1.0
243	3.0	0.0	2.0	0.0	3.0	6.0	2.0
244	0.0	0.0	0.0	0.0	0.0	0.0	0.0
245	0.0	0.0	0.0	0.0	0.0	0.0	0.0
246	3.0	1.0	3.0	0.0	4.0	8.0	3.0
247	2.0	0.0	1.0	0.0	2.0	4.0	1.0
248	1.0	0.0	0.0	0.0	1.0	2.0	0.0
249	2.0	1.0	2.0	1.0	3.0	6.0	3.0
250	0.0	1.0	0.0	1.0	0.3330000000000002	2.667	1.0
251	0.0	0.0	0.0	0.0	0.0	0.0	0.0
252	0.0	1.0	0.0	0.0	0.3330000000000002	2.667	0.0
253	2.0	0.0	2.0	0.0	0.6660000000000004	5.334	2.0
254	1.0	0.0	0.0	0.0	1.0	2.0	0.0
255	0.0	0.0	0.0	0.0	0.0	0.0	0.0
256	1.0	0.0	1.0	0.0	0.6680000000000001	2.332	1.0
257	1.0	0.0	0.0	0.0	0.6680000000000001	2.332	0.0
258	0.0	2.0	0.0	1.0	1.6680000000000001	4.332	1.0
259	0.0	0.0	0.0	0.0	0.0	0.0	0.0
260	2.0	0.0	1.0	0.0	2.0	4.0	1.0
261	3.0	0.0	3.0	0.0	3.0	6.0	3.0
262	1.0	0.0	1.0	0.0	0.3330000000000002	2.667	1.0
263	1.0	0.0	1.0	0.0	1.0	2.0	1.0
264	2.0	0.0	1.0	0.0	0.6660000000000004	5.334	1.0
265	1.0	0.0	0.0	0.0	1.0	2.0	0.0
266	3.0	0.0	3.0	0.0	3.0	6.0	3.0
267	2.0	0.0	1.0	0.0	2.0	4.0	1.0
268	2.0	1.0	2.0	1.0	0.9990000000000006	8.001	3.0
269	3.0	0.0	2.0	0.0	0.9990000000000006	8.001	2.0
270	3.0	0.0	2.0	0.0	0.9990000000000006	8.001	2.0
271	1.0	1.0	1.0	1.0	1.0	2.0	1.0
272	1.0	1.0	1.0	1.0	0.6680000000000001	5.332	2.0
273	1.0	1.0	1.0	0.0	0.6660000000000004	5.334	1.0
274	1.0	0.0	0.0	0.0	0.3330000000000002	2.667	0.0
275	2.0	0.0	0.0	0.0	2.0	4.0	0.0
276	3.0	1.0	2.0	1.0	3.333	8.667	3.0
277	1.0	0.0	0.0	0.0	0.3330000000000002	2.667	0.0
278	2.0	0.0	1.0	0.0	0.6660000000000004	5.334	1.0
279	3.0	1.0	2.0	1.0	1.9990000000000006	10.001	3.0
280	0.0	1.0	0.0	1.0	0.3330000000000002	2.667	1.0
281	1.0	0.0	1.0	0.0	1.0	2.0	1.0
282	2.0	1.0	1.0	1.0	2.0	4.0	1.0
283	3.0	1.0	2.0	1.0	4.0	8.0	3.0
284	1.0	0.0	1.0	0.0	0.3330000000000002	2.667	1.0
285	2.0	1.0	2.0	1.0	2.333	6.667	3.0
286	2.0	1.0	2.0	1.0	1.6660000000000004	7.334	3.0
287	1.0	0.0	0.0	0.0	1.0	2.0	0.0
288	2.0	1.0	1.0	1.0	2.0	4.0	1.0
289	1.0	1.0	1.0	1.0	1.4	4.6	2.0
290	1.0	0.0	1.0	0.0	1.0	2.0	1.0
291	3.0	0.0	1.0	0.0	0.9990000000000006	8.001	1.0
292	1.0	1.0	0.0	0.0	0.6660000000000004	5.334	0.0
293	3.0	2.0	2.0	1.0	2.333	6.667	2.0
294	1.0	0.0	1.0	0.0	1.0	2.0	1.0
295	1.0	0.0	0.0	0.0	0.3330000000000002	2.667	0.0
296	3.0	0.0	2.0	0.0	3.0	6.0	2.0
297	1.0	5.0	0.0	3.0	3.3340000000000005	11.666	3.0
298	1.0	3.0	1.0	1.0	1.6670000000000007	10.332999999999998	2.0
299	1.0	0.0	1.0	0.0	0.3330000000000002	2.667	1.0
300	2.0	0.0	1.0	0.0	2.4	3.6	1.0
301	1.0	3.0	1.0	1.0	1.3320000000000007	10.668	2.0
302	0.0	2.0	0.0	1.0	0.6680000000000001	5.332	1.0
303	2.0	0.0	1.0	0.0	2.0	4.0	1.0
304	2.0	0.0	1.0	0.0	2.4	3.6	1.0
305	2.0	1.0	1.0	1.0	0.9990000000000006	8.001	2.0
306	2.0	2.0	2.0	1.0	1.3340000000000005	7.6659999999999995	2.0
307	2.0	0.0	1.0	0.0	2.4	3.6	1.0
308	0.0	0.0	0.0	0.0	0.0	0.0	0.0
309	1.0	2.0	1.0	2.0	1.6680000000000001	4.332	2.0
310	2.0	0.0	1.0	0.0	2.4	3.6	1.0
311	1.0	0.0	0.0	0.0	0.3330000000000002	2.667	0.0
312	3.0	0.0	3.0	0.0	1.6680000000000001	4.332	2.0
313	2.0	4.0	1.0	4.0	1.6660000000000004	7.334	2.0
314	1.0	0.0	1.0	0.0	0.3330000000000002	2.667	1.0
315	1.0	0.0	1.0	0.0	1.0	2.0	1.0
316	2.0	1.0	2.0	1.0	1.3340000000000005	7.6659999999999995	3.0
317	0.0	0.0	0.0	0.0	0.0	0.0	0.0
318	3.0	0.0	2.0	0.0	3.0	6.0	2.0
319	2.0	2.0	1.0	2.0	0.6660000000000004	5.334	1.0
320	0.0	3.0	0.0	1.0	0.9990000000000006	8.001	1.0
321	2.0	0.0	1.0	0.0	0.6660000000000004	5.334	1.0
322	2.0	2.0	1.0	1.0	4.0	8.0	2.0
323	2.0	2.0	1.0	1.0	3.333	8.667	2.0
324	0.0	2.0	0.0	2.0	0.6660000000000004	5.334	2.0
325	2.0	0.0	2.0	0.0	2.4	3.6	2.0
326	2.0	3.0	2.0	2.0	3.333	8.667	3.0
327	1.0	0.0	0.0	0.0	0.3330000000000002	2.667	0.0
328	2.0	0.0	1.0	0.0	0.6660000000000004	5.334	1.0
329	1.0	1.0	0.0	1.0	1.6680000000000001	4.332	1.0
330	1.0	0.0	1.0	0.0	0.3330000000000002	2.667	1.0
331	1.0	3.0	1.0	3.0	1.3330000000000002	4.667	2.0
332	2.0	1.0	2.0	1.0	1.0	2.0	1.0
333	1.0	0.0	1.0	0.0	0.3330000000000002	2.667	1.0
334	1.0	3.0	1.0	3.0	1.3340000000000005	7.6659999999999995	3.0
335	3.0	2.0	3.0	2.0	1.9990000000000006	10.001	4.0
336	0.0	0.0	0.0	0.0	0.0	0.0	0.0
337	1.0	0.0	1.0	0.0	0.3330000000000002	2.667	1.0
338	1.0	2.0	0.0	1.0	0.9990000000000006	8.001	1.0
339	2.0	1.0	1.0	0.0	1.3330000000000002	4.667	1.0
340	0.0	0.0	0.0	0.0	0.0	0.0	0.0
341	3.0	1.0	2.0	1.0	3.0010000000000003	8.998999999999999	3.0
342	1.0	0.0	0.0	0.0	0.3330000000000002	2.667	0.0
343	1.0	0.0	1.0	0.0	0.3330000000000002	2.667	1.0
344	2.0	0.0	2.0	0.0	0.6660000000000004	5.334	2.0
345	3.0	0.0	3.0	0.0	3.0	6.0	3.0
346	3.0	0.0	2.0	0.0	3.068	5.932	2.0
347	1.0	2.0	0.0	1.0	2.0660000000000003	6.933999999999999	1.0
348	1.0	0.0	1.0	0.0	1.0	2.0	1.0
349	2.0	0.0	1.0	0.0	0.6660000000000004	5.334	1.0
350	1.0	0.0	0.0	0.0	1.0	2.0	0.0
351	3.0	1.0	2.0	0.0	3.668	8.332	2.0
352	0.0	3.0	0.0	2.0	1.3330000000000002	4.667	1.0
353	0.0	0.0	0.0	0.0	0.0	0.0	0.0
354	1.0	0.0	1.0	0.0	0.3330000000000002	2.667	1.0
355	2.0	1.0	2.0	1.0	3.0	6.0	3.0
356	0.0	0.0	0.0	0.0	0.0	0.0	0.0
357	0.0	0.0	0.0	0.0	0.0	0.0	0.0
358	1.0	0.0	0.0	0.0	0.3330000000000002	2.667	0.0
359	1.0	2.0	0.0	2.0	0.9990000000000006	8.001	2.0
360	2.0	0.0	1.0	0.0	1.6680000000000001	4.332	1.0
361	5.0	1.0	4.0	1.0	3.0010000000000003	8.998999999999999	3.0
362	1.0	4.0	1.0	2.0	2.0	7.0	2.0
363	4.0	0.0	2.0	0.0	4.0	8.0	2.0
364	2.0	0.0	2.0	0.0	2.0	4.0	2.0
365	3.0	0.0	3.0	0.0	3.8	5.2	3.0
366	4.0	0.0	1.0	0.0	4.0	8.0	1.0
367	3.0	0.0	1.0	0.0	3.0	6.0	1.0
368	3.0	0.0	1.0	0.0	3.0	6.0	1.0
369	1.0	0.0	1.0	0.0	1.0	2.0	1.0
370	3.0	0.0	2.0	0.0	0.9990000000000006	8.001	2.0
371	3.0	0.0	1.0	0.0	3.0	6.0	1.0
372	3.0	1.0	2.0	1.0	1.9990000000000006	10.001	3.0
373	4.0	1.0	3.0	1.0	4.8	7.199999999999999	3.0
374	3.0	1.0	2.0	1.0	4.0	8.0	3.0
375	2.0	0.0	2.0	0.0	2.0	4.0	2.0
376	3.0	1.0	1.0	1.0	2.668	6.332	1.0
377	2.0	2.0	1.0	2.0	3.668	8.332	3.0
378	2.0	0.0	1.0	0.0	0.6660000000000004	5.334	1.0
379	0.0	0.0	0.0	0.0	0.0	0.0	0.0
380	2.0	0.0	1.0	0.0	0.6660000000000004	5.334	1.0
381	2.0	0.0	2.0	0.0	0.6660000000000004	5.334	2.0
382	2.0	4.0	1.0	2.0	2.0	4.0	1.0
383	3.0	2.0	1.0	2.0	1.6660000000000004	7.334	1.0
384	3.0	4.0	3.0	3.0	4.333	10.667	4.0
385	2.0	7.0	1.0	5.0	4.732000000000001	16.268	5.0
386	3.0	0.0	2.0	0.0	3.0	6.0	2.0
387	2.0	1.0	1.0	1.0	2.333	6.667	2.0
388	3.0	3.0	2.0	1.0	3.333	8.667	3.0
389	0.0	3.0	0.0	1.0	1.3330000000000002	4.667	1.0
390	1.0	2.0	1.0	1.0	1.3330000000000002	4.667	1.0
391	2.0	4.0	2.0	3.0	1.9990000000000006	10.001	3.0
392	2.0	3.0	0.0	3.0	4.333	10.667	3.0
393	1.0	4.0	0.0	3.0	2.3320000000000007	12.668	3.0
394	1.0	2.0	1.0	1.0	3.0	6.0	2.0
395	3.0	3.0	1.0	2.0	4.333	10.667	2.0
396	1.0	3.0	0.0	1.0	1.3320000000000007	10.668	1.0
397	0.0	0.0	0.0	0.0	0.0	0.0	0.0
398	2.0	1.0	1.0	1.0	1.3330000000000002	4.667	1.0
399	0.0	1.0	0.0	1.0	0.3330000000000002	2.667	1.0
400	3.0	4.0	1.0	2.0	3.9990000000000006	14.001	3.0
401	3.0	5.0	1.0	3.0	3.6660000000000004	11.334	3.0
402	3.0	5.0	2.0	2.0	3.6660000000000004	14.334	3.0
403	1.0	5.0	0.0	4.0	2.3320000000000007	12.668	3.0
404	1.0	3.0	1.0	3.0	1.6660000000000004	7.334	3.0
405	2.0	2.0	2.0	2.0	2.333	6.667	3.0
406	3.0	1.0	1.0	1.0	3.4	5.6	1.0
407	2.0	1.0	1.0	1.0	2.333	6.667	2.0
408	1.0	2.0	1.0	2.0	1.3330000000000002	4.667	2.0
409	3.0	0.0	2.0	0.0	3.0	6.0	2.0
410	2.0	3.0	0.0	1.0	2.333	6.667	1.0
411	1.0	4.0	0.0	2.0	0.9990000000000006	8.001	2.0
412	2.0	2.0	0.0	0.0	2.333	6.667	0.0
413	2.0	4.0	2.0	2.0	2.6660000000000004	9.334	3.0
414	4.0	2.0	3.0	1.0	3.9990000000000006	14.001	4.0
415	2.0	3.0	2.0	3.0	2.3360000000000003	6.664	3.0
416	1.0	2.0	0.0	1.0	3.0	6.0	1.0
417	2.0	3.0	0.0	1.0	2.333	6.667	1.0
418	1.0	2.0	1.0	2.0	1.3330000000000002	4.667	2.0
419	2.0	3.0	1.0	3.0	2.0010000000000003	6.999	2.0
420	0.0	0.0	0.0	0.0	0.0	0.0	0.0
