all_syn	all_nonSyn	tip_syn	tip_nonSyn	S	N	comparisons
001	0.0	0.0	0.0	0.0	0.0	0.0	0.0
002	0.0	0.0	0.0	0.0	0.0	0.0	0.0
003	0.0	0.0	0.0	0.0	0.0	0.0	0.0
004	0.0	0.0	0.0	0.0	0.0	0.0	0.0
005	0.0	0.0	0.0	0.0	0.0	0.0	0.0
006	0.0	0.0	0.0	0.0	0.0	0.0	0.0
007	0.0	0.0	0.0	0.0	0.0	0.0	0.0
008	0.0	0.0	0.0	0.0	0.0	0.0	0.0
009	0.0	0.0	0.0	0.0	0.0	0.0	0.0
010	0.0	0.0	0.0	0.0	0.0	0.0	0.0
011	0.0	0.0	0.0	0.0	0.0	0.0	0.0
012	0.0	0.0	0.0	0.0	0.0	0.0	0.0
013	0.0	0.0	0.0	0.0	0.0	0.0	0.0
014	0.0	0.0	0.0	0.0	0.0	0.0	0.0
015	0.0	0.0	0.0	0.0	0.0	0.0	0.0
016	0.0	0.0	0.0	0.0	0.0	0.0	0.0
017	0.0	0.0	0.0	0.0	0.0	0.0	0.0
018	0.0	0.0	0.0	0.0	0.0	0.0	0.0
019	0.0	0.0	0.0	0.0	0.0	0.0	0.0
020	0.0	0.0	0.0	0.0	0.0	0.0	0.0
021	0.0	0.0	0.0	0.0	0.0	0.0	0.0
022	0.0	0.0	0.0	0.0	0.0	0.0	0.0
023	0.0	0.0	0.0	0.0	0.0	0.0	0.0
024	0.0	0.0	0.0	0.0	0.0	0.0	0.0
025	0.0	0.0	0.0	0.0	0.0	0.0	0.0
026	0.0	0.0	0.0	0.0	0.0	0.0	0.0
027	0.0	0.0	0.0	0.0	0.0	0.0	0.0
028	0.0	0.0	0.0	0.0	0.0	0.0	0.0
029	0.0	0.0	0.0	0.0	0.0	0.0	0.0
030	0.0	0.0	0.0	0.0	0.0	0.0	0.0
031	0.0	0.0	0.0	0.0	0.0	0.0	0.0
032	0.0	0.0	0.0	0.0	0.0	0.0	0.0
033	0.0	0.0	0.0	0.0	0.0	0.0	0.0
034	0.0	0.0	0.0	0.0	0.0	0.0	0.0
035	1.0	0.0	1.0	0.0	1.0	2.0	1.0
036	1.0	1.0	1.0	1.0	1.0	2.0	1.0
037	0.0	4.0	0.0	3.0	2.6660000000000004	9.334	3.0
038	2.0	0.0	1.0	0.0	2.0	4.0	1.0
039	0.0	0.0	0.0	0.0	0.0	0.0	0.0
040	1.0	0.0	1.0	0.0	1.0	2.0	1.0
041	1.0	1.0	1.0	1.0	2.0	4.0	2.0
042	0.0	1.0	0.0	1.0	1.0	2.0	1.0
043	2.0	0.0	1.0	0.0	0.6660000000000004	5.334	1.0
044	1.0	0.0	1.0	0.0	1.0	2.0	1.0
045	0.0	2.0	0.0	1.0	2.0	4.0	1.0
046	2.0	0.0	2.0	0.0	0.6660000000000004	5.334	2.0
047	0.0	0.0	0.0	0.0	0.0	0.0	0.0
048	1.0	1.0	1.0	1.0	2.0	4.0	2.0
049	2.0	4.0	1.0	3.0	4.333	10.667	3.0
050	0.0	6.0	0.0	4.0	3.0010000000000003	8.998999999999999	2.0
051	1.0	2.0	1.0	2.0	3.0	6.0	3.0
052	1.0	0.0	0.0	0.0	1.0	2.0	0.0
053	1.0	2.0	1.0	2.0	1.0	2.0	1.0
054	1.0	0.0	1.0	0.0	0.3330000000000002	2.667	1.0
055	1.0	0.0	0.0	0.0	0.3330000000000002	2.667	0.0
056	2.0	0.0	2.0	0.0	2.0	4.0	2.0
057	0.0	0.0	0.0	0.0	0.0	0.0	0.0
058	2.0	0.0	2.0	0.0	2.0	4.0	2.0
059	1.0	0.0	1.0	0.0	0.3330000000000002	2.667	1.0
060	1.0	0.0	1.0	0.0	0.6680000000000001	2.332	1.0
061	2.0	0.0	2.0	0.0	2.0	4.0	2.0
062	2.0	1.0	1.0	1.0	3.0	6.0	2.0
063	2.0	0.0	2.0	0.0	2.0	4.0	2.0
064	1.0	0.0	1.0	0.0	0.6680000000000001	2.332	1.0
065	0.0	0.0	0.0	0.0	0.0	0.0	0.0
066	3.0	0.0	2.0	0.0	3.0	6.0	2.0
067	3.0	0.0	1.0	0.0	3.0	6.0	1.0
068	2.0	0.0	1.0	0.0	2.0	4.0	1.0
069	0.0	1.0	0.0	1.0	0.3330000000000002	2.667	1.0
070	3.0	0.0	2.0	0.0	3.0	6.0	2.0
071	1.0	0.0	1.0	0.0	0.3330000000000002	2.667	1.0
072	3.0	0.0	2.0	0.0	3.0	6.0	2.0
073	0.0	1.0	0.0	1.0	0.3330000000000002	2.667	1.0
074	1.0	0.0	1.0	0.0	0.3330000000000002	2.667	1.0
075	1.0	0.0	1.0	0.0	0.3330000000000002	2.667	1.0
076	1.0	0.0	0.0	0.0	1.0	2.0	0.0
077	1.0	0.0	1.0	0.0	1.0	2.0	1.0
078	2.0	0.0	1.0	0.0	0.6660000000000004	5.334	1.0
079	1.0	0.0	1.0	0.0	0.6680000000000001	2.332	1.0
080	1.0	0.0	0.0	0.0	0.3330000000000002	2.667	0.0
081	1.0	0.0	1.0	0.0	1.4	1.6	1.0
082	1.0	2.0	1.0	2.0	0.3330000000000002	2.667	1.0
083	2.0	1.0	2.0	1.0	1.3330000000000002	4.667	2.0
084	2.0	0.0	1.0	0.0	2.4	3.6	1.0
085	2.0	0.0	1.0	0.0	0.6660000000000004	5.334	1.0
086	0.0	0.0	0.0	0.0	0.0	0.0	0.0
087	3.0	0.0	1.0	0.0	0.9990000000000006	8.001	1.0
088	3.0	0.0	0.0	0.0	3.0	6.0	0.0
089	1.0	0.0	1.0	0.0	1.0	2.0	1.0
090	2.0	0.0	1.0	0.0	0.6660000000000004	5.334	1.0
091	2.0	1.0	0.0	1.0	3.0	6.0	1.0
092	2.0	0.0	0.0	0.0	0.6660000000000004	5.334	0.0
093	2.0	0.0	2.0	0.0	2.0	4.0	2.0
094	2.0	0.0	1.0	0.0	2.4	3.6	1.0
095	1.0	1.0	1.0	1.0	1.4	1.6	1.0
096	3.0	0.0	3.0	0.0	0.9990000000000006	8.001	3.0
097	1.0	0.0	0.0	0.0	0.3330000000000002	2.667	0.0
098	1.0	0.0	0.0	0.0	0.3330000000000002	2.667	0.0
099	3.0	0.0	2.0	0.0	3.0	6.0	2.0
100	1.0	0.0	1.0	0.0	1.0	2.0	1.0
101	2.0	0.0	0.0	0.0	2.0	4.0	0.0
102	1.0	0.0	1.0	0.0	1.0	2.0	1.0
103	3.0	0.0	3.0	0.0	3.0	6.0	3.0
104	0.0	0.0	0.0	0.0	0.0	0.0	0.0
105	0.0	0.0	0.0	0.0	0.0	0.0	0.0
106	0.0	0.0	0.0	0.0	0.0	0.0	0.0
107	2.0	0.0	1.0	0.0	2.0	4.0	1.0
108	2.0	0.0	1.0	0.0	2.0	4.0	1.0
109	2.0	2.0	2.0	1.0	4.0	8.0	3.0
110	3.0	0.0	0.0	0.0	1.6680000000000001	4.332	0.0
111	0.0	0.0	0.0	0.0	0.0	0.0	0.0
112	0.0	0.0	0.0	0.0	0.0	0.0	0.0
113	1.0	0.0	1.0	0.0	1.0	2.0	1.0
114	0.0	0.0	0.0	0.0	0.0	0.0	0.0
115	2.0	0.0	1.0	0.0	0.6660000000000004	5.334	1.0
116	1.0	0.0	1.0	0.0	0.3330000000000002	2.667	1.0
117	0.0	1.0	0.0	1.0	0.3330000000000002	2.667	1.0
118	2.0	0.0	2.0	0.0	1.3360000000000003	4.664	2.0
119	1.0	0.0	1.0	0.0	0.3330000000000002	2.667	1.0
120	0.0	0.0	0.0	0.0	0.0	0.0	0.0
121	2.0	0.0	2.0	0.0	2.0	4.0	2.0
122	0.0	0.0	0.0	0.0	0.0	0.0	0.0
123	1.0	0.0	1.0	0.0	0.3330000000000002	2.667	1.0
124	0.0	0.0	0.0	0.0	0.0	0.0	0.0
125	1.0	0.0	0.0	0.0	0.6680000000000001	2.332	0.0
126	4.0	0.0	1.0	0.0	4.0	8.0	1.0
127	2.0	0.0	0.0	0.0	2.0	4.0	0.0
128	1.0	0.0	1.0	0.0	1.0	2.0	1.0
129	2.0	0.0	1.0	0.0	2.0	4.0	1.0
130	0.0	0.0	0.0	0.0	0.0	0.0	0.0
131	0.0	1.0	0.0	1.0	1.0	2.0	1.0
132	0.0	0.0	0.0	0.0	0.0	0.0	0.0
133	0.0	0.0	0.0	0.0	0.0	0.0	0.0
134	0.0	0.0	0.0	0.0	0.0	0.0	0.0
135	1.0	0.0	1.0	0.0	0.3330000000000002	2.667	1.0
136	3.0	3.0	1.0	3.0	2.6660000000000004	9.334	2.0
137	1.0	0.0	1.0	0.0	1.0	2.0	1.0
138	3.0	1.0	3.0	1.0	2.0010000000000003	6.999	3.0
139	1.0	0.0	1.0	0.0	0.3330000000000002	2.667	1.0
140	1.0	0.0	1.0	0.0	0.3330000000000002	2.667	1.0
141	2.0	0.0	1.0	0.0	2.4	3.6	1.0
142	0.0	0.0	0.0	0.0	0.0	0.0	0.0
143	0.0	1.0	0.0	1.0	1.4	1.6	1.0
144	2.0	0.0	2.0	0.0	1.3360000000000003	4.664	2.0
145	2.0	2.0	2.0	2.0	2.0	4.0	2.0
146	1.0	0.0	1.0	0.0	0.3330000000000002	2.667	1.0
147	3.0	0.0	2.0	0.0	3.4	5.6	2.0
148	0.0	0.0	0.0	0.0	0.0	0.0	0.0
149	0.0	0.0	0.0	0.0	0.0	0.0	0.0
150	0.0	0.0	0.0	0.0	0.0	0.0	0.0
151	2.0	0.0	1.0	0.0	0.6660000000000004	5.334	1.0
152	3.0	0.0	3.0	0.0	3.468	5.532	3.0
153	0.0	0.0	0.0	0.0	0.0	0.0	0.0
154	0.0	0.0	0.0	0.0	0.0	0.0	0.0
155	3.0	2.0	2.0	2.0	1.9990000000000006	10.001	3.0
156	0.0	0.0	0.0	0.0	0.0	0.0	0.0
157	2.0	0.0	2.0	0.0	0.6660000000000004	5.334	2.0
158	2.0	0.0	1.0	0.0	2.0	4.0	1.0
159	1.0	0.0	0.0	0.0	1.0	2.0	0.0
160	3.0	0.0	1.0	0.0	1.6680000000000001	4.332	1.0
161	1.0	1.0	1.0	0.0	1.6680000000000001	4.332	1.0
162	2.0	0.0	1.0	0.0	2.0	4.0	1.0
163	0.0	0.0	0.0	0.0	0.0	0.0	0.0
164	1.0	0.0	1.0	0.0	0.3330000000000002	2.667	1.0
165	0.0	0.0	0.0	0.0	0.0	0.0	0.0
166	1.0	1.0	0.0	1.0	1.3330000000000002	4.667	1.0
167	2.0	1.0	1.0	1.0	3.068	5.932	2.0
168	3.0	0.0	1.0	0.0	3.0	6.0	1.0
169	0.0	2.0	0.0	2.0	0.3330000000000002	2.667	1.0
170	2.0	0.0	1.0	0.0	0.6660000000000004	5.334	1.0
171	1.0	0.0	1.0	0.0	1.0	2.0	1.0
172	1.0	0.0	1.0	0.0	0.3330000000000002	2.667	1.0
173	0.0	0.0	0.0	0.0	0.0	0.0	0.0
174	1.0	0.0	1.0	0.0	0.3330000000000002	2.667	1.0
175	2.0	0.0	2.0	0.0	0.6660000000000004	5.334	2.0
176	1.0	2.0	1.0	2.0	0.6660000000000004	5.334	2.0
177	1.0	0.0	1.0	0.0	0.3330000000000002	2.667	1.0
178	2.0	0.0	2.0	0.0	2.0	4.0	2.0
179	2.0	0.0	2.0	0.0	0.6660000000000004	5.334	2.0
180	1.0	1.0	1.0	1.0	1.733	4.2669999999999995	2.0
181	2.0	0.0	1.0	0.0	2.0	4.0	1.0
182	2.0	0.0	1.0	0.0	2.0	4.0	1.0
183	2.0	1.0	1.0	1.0	2.0	4.0	1.0
184	3.0	0.0	1.0	0.0	3.0	6.0	1.0
185	2.0	0.0	1.0	0.0	2.068	3.932	1.0
186	2.0	0.0	0.0	0.0	0.6660000000000004	5.334	0.0
187	1.0	1.0	1.0	1.0	0.3330000000000002	2.667	1.0
188	2.0	0.0	1.0	0.0	2.0	4.0	1.0
189	1.0	0.0	1.0	0.0	1.0	2.0	1.0
190	1.0	0.0	1.0	0.0	1.0	2.0	1.0
191	0.0	0.0	0.0	0.0	0.0	0.0	0.0
192	0.0	0.0	0.0	0.0	0.0	0.0	0.0
193	3.0	1.0	1.0	1.0	3.333	8.667	2.0
194	3.0	0.0	3.0	0.0	3.0	6.0	3.0
195	0.0	1.0	0.0	1.0	0.3330000000000002	2.667	1.0
196	3.0	0.0	2.0	0.0	3.0	6.0	2.0
197	2.0	0.0	2.0	0.0	2.0	4.0	2.0
198	2.0	0.0	2.0	0.0	2.0	4.0	2.0
199	1.0	0.0	0.0	0.0	0.3330000000000002	2.667	0.0
200	4.0	0.0	4.0	0.0	4.068	7.932	4.0
201	2.0	0.0	2.0	0.0	2.0	4.0	2.0
202	2.0	0.0	1.0	0.0	2.0	4.0	1.0
203	3.0	0.0	2.0	0.0	3.0	6.0	2.0
204	2.0	0.0	2.0	0.0	2.0	4.0	2.0
205	3.0	0.0	2.0	0.0	3.0	6.0	2.0
206	1.0	0.0	0.0	0.0	0.3330000000000002	2.667	0.0
207	2.0	0.0	0.0	0.0	2.4	3.6	0.0
208	3.0	0.0	2.0	0.0	3.4	5.6	2.0
209	4.0	1.0	4.0	1.0	2.333	6.667	3.0
210	3.0	0.0	2.0	0.0	3.0	6.0	2.0
211	2.0	0.0	0.0	0.0	2.0	4.0	0.0
212	1.0	0.0	1.0	0.0	1.4	1.6	1.0
213	1.0	0.0	1.0	0.0	0.3330000000000002	2.667	1.0
214	3.0	1.0	1.0	1.0	3.668	8.332	2.0
215	2.0	0.0	2.0	0.0	2.0	4.0	2.0
216	0.0	0.0	0.0	0.0	0.0	0.0	0.0
217	3.0	1.0	1.0	1.0	4.0	8.0	2.0
218	3.0	2.0	1.0	2.0	4.0	8.0	2.0
219	3.0	0.0	2.0	0.0	3.0	6.0	2.0
220	2.0	2.0	0.0	2.0	2.6660000000000004	9.334	2.0
221	2.0	0.0	0.0	0.0	2.0	4.0	0.0
222	2.0	1.0	1.0	1.0	0.9990000000000006	8.001	2.0
223	2.0	1.0	1.0	1.0	3.4	5.6	2.0
224	1.0	0.0	1.0	0.0	0.3330000000000002	2.667	1.0
225	1.0	4.0	1.0	3.0	3.6660000000000004	11.334	4.0
226	1.0	0.0	0.0	0.0	0.3330000000000002	2.667	0.0
227	0.0	1.0	0.0	1.0	0.6680000000000001	2.332	1.0
228	3.0	0.0	1.0	0.0	3.0	6.0	1.0
229	1.0	0.0	1.0	0.0	0.3330000000000002	2.667	1.0
230	3.0	0.0	3.0	0.0	3.4	5.6	3.0
231	4.0	0.0	3.0	0.0	3.736	8.264	3.0
232	1.0	0.0	1.0	0.0	1.0	2.0	1.0
233	1.0	1.0	1.0	1.0	2.0	4.0	2.0
234	2.0	0.0	1.0	0.0	2.0	4.0	1.0
235	2.0	0.0	1.0	0.0	2.4	3.6	1.0
236	2.0	0.0	1.0	0.0	0.6660000000000004	5.334	1.0
237	2.0	0.0	2.0	0.0	2.0	4.0	2.0
238	1.0	0.0	1.0	0.0	0.3330000000000002	2.667	1.0
239	2.0	0.0	2.0	0.0	0.6660000000000004	5.334	2.0
240	1.0	0.0	1.0	0.0	0.3330000000000002	2.667	1.0
241	2.0	0.0	2.0	0.0	2.0	4.0	2.0
242	1.0	1.0	1.0	1.0	1.6680000000000001	4.332	2.0
243	3.0	0.0	3.0	0.0	3.0	6.0	3.0
244	3.0	0.0	3.0	0.0	3.0	6.0	3.0
245	5.0	0.0	2.0	0.0	5.0	10.0	2.0
246	2.0	2.0	1.0	0.0	0.9990000000000006	8.001	1.0
247	0.0	0.0	0.0	0.0	0.0	0.0	0.0
248	0.0	0.0	0.0	0.0	0.0	0.0	0.0
249	1.0	0.0	0.0	0.0	0.3330000000000002	2.667	0.0
250	0.0	0.0	0.0	0.0	0.0	0.0	0.0
251	1.0	0.0	1.0	0.0	0.6680000000000001	2.332	1.0
252	3.0	0.0	1.0	0.0	3.0	6.0	1.0
253	3.0	1.0	1.0	1.0	2.0	7.0	1.0
254	0.0	0.0	0.0	0.0	0.0	0.0	0.0
255	2.0	0.0	1.0	0.0	2.0	4.0	1.0
256	2.0	0.0	2.0	0.0	0.6660000000000004	5.334	2.0
257	2.0	0.0	1.0	0.0	2.0	4.0	1.0
258	2.0	0.0	2.0	0.0	1.0	2.0	1.0
259	2.0	1.0	1.0	1.0	3.0	6.0	2.0
260	0.0	1.0	0.0	1.0	1.0	2.0	1.0
261	0.0	0.0	0.0	0.0	0.0	0.0	0.0
262	3.0	0.0	0.0	0.0	3.0	6.0	0.0
263	2.0	0.0	2.0	0.0	2.0	4.0	2.0
264	1.0	0.0	1.0	0.0	1.0	2.0	1.0
265	3.0	0.0	2.0	0.0	0.9990000000000006	8.001	2.0
266	2.0	1.0	1.0	1.0	0.9990000000000006	8.001	2.0
267	2.0	0.0	0.0	0.0	2.0	4.0	0.0
268	0.0	0.0	0.0	0.0	0.0	0.0	0.0
269	3.0	0.0	3.0	0.0	3.0	6.0	3.0
270	5.0	0.0	3.0	0.0	4.736000000000001	10.264	3.0
271	2.0	0.0	1.0	0.0	2.0	4.0	1.0
272	0.0	0.0	0.0	0.0	0.0	0.0	0.0
273	1.0	0.0	0.0	0.0	0.3330000000000002	2.667	0.0
274	1.0	0.0	0.0	0.0	0.3330000000000002	2.667	0.0
275	1.0	1.0	0.0	1.0	0.6660000000000004	5.334	1.0
276	4.0	0.0	2.0	0.0	4.0	8.0	2.0
277	3.0	0.0	2.0	0.0	3.8	5.2	2.0
278	2.0	2.0	2.0	2.0	1.3330000000000002	4.667	2.0
279	0.0	0.0	0.0	0.0	0.0	0.0	0.0
280	0.0	0.0	0.0	0.0	0.0	0.0	0.0
281	2.0	0.0	1.0	0.0	2.0	4.0	1.0
282	1.0	0.0	1.0	0.0	0.3330000000000002	2.667	1.0
283	2.0	1.0	2.0	1.0	1.6660000000000004	7.334	3.0
284	1.0	0.0	1.0	0.0	1.0	2.0	1.0
285	2.0	0.0	1.0	0.0	0.6660000000000004	5.334	1.0
286	2.0	0.0	2.0	0.0	2.0	4.0	2.0
287	1.0	0.0	1.0	0.0	0.3330000000000002	2.667	1.0
288	2.0	0.0	2.0	0.0	2.0	4.0	2.0
289	2.0	0.0	2.0	0.0	1.3360000000000003	4.664	2.0
290	1.0	0.0	0.0	0.0	0.6680000000000001	2.332	0.0
291	0.0	0.0	0.0	0.0	0.0	0.0	0.0
292	1.0	0.0	0.0	0.0	0.6680000000000001	2.332	0.0
293	2.0	0.0	1.0	0.0	2.0	4.0	1.0
294	0.0	2.0	0.0	2.0	1.0	2.0	1.0
295	1.0	0.0	1.0	0.0	0.3330000000000002	2.667	1.0
296	0.0	0.0	0.0	0.0	0.0	0.0	0.0
297	0.0	0.0	0.0	0.0	0.0	0.0	0.0
298	0.0	0.0	0.0	0.0	0.0	0.0	0.0
299	4.0	0.0	3.0	0.0	3.668	8.332	3.0
300	0.0	0.0	0.0	0.0	0.0	0.0	0.0
301	1.0	0.0	1.0	0.0	0.3330000000000002	2.667	1.0
302	0.0	0.0	0.0	0.0	0.0	0.0	0.0
303	1.0	0.0	1.0	0.0	0.3330000000000002	2.667	1.0
304	1.0	0.0	0.0	0.0	0.3330000000000002	2.667	0.0
305	2.0	0.0	1.0	0.0	2.0	4.0	1.0
306	2.0	1.0	2.0	1.0	1.0010000000000003	4.999	2.0
307	3.0	3.0	1.0	3.0	4.466	10.533999999999999	3.0
308	2.0	0.0	2.0	0.0	2.0	4.0	2.0
309	0.0	0.0	0.0	0.0	0.0	0.0	0.0
310	1.0	0.0	1.0	0.0	0.3330000000000002	2.667	1.0
311	4.0	0.0	3.0	0.0	2.668	6.332	2.0
312	2.0	1.0	1.0	1.0	1.3330000000000002	4.667	1.0
313	0.0	0.0	0.0	0.0	0.0	0.0	0.0
314	0.0	0.0	0.0	0.0	0.0	0.0	0.0
315	2.0	0.0	0.0	0.0	1.3360000000000003	4.664	0.0
316	0.0	0.0	0.0	0.0	0.0	0.0	0.0
317	2.0	0.0	1.0	0.0	2.0	4.0	1.0
318	2.0	1.0	2.0	1.0	0.9990000000000006	8.001	3.0
319	0.0	0.0	0.0	0.0	0.0	0.0	0.0
320	0.0	0.0	0.0	0.0	0.0	0.0	0.0
321	2.0	0.0	1.0	0.0	2.0	4.0	1.0
322	1.0	1.0	0.0	1.0	2.0	4.0	1.0
323	0.0	0.0	0.0	0.0	0.0	0.0	0.0
324	1.0	1.0	0.0	1.0	1.6680000000000001	4.332	1.0
325	3.0	0.0	2.0	0.0	3.4	5.6	2.0
326	1.0	1.0	1.0	1.0	2.4	3.6	2.0
327	1.0	0.0	1.0	0.0	1.0	2.0	1.0
328	2.0	0.0	2.0	0.0	2.0	4.0	2.0
329	1.0	0.0	1.0	0.0	0.3330000000000002	2.667	1.0
330	1.0	0.0	1.0	0.0	0.3330000000000002	2.667	1.0
331	1.0	0.0	0.0	0.0	1.0	2.0	0.0
332	2.0	0.0	1.0	0.0	0.6660000000000004	5.334	1.0
333	2.0	0.0	2.0	0.0	2.0	4.0	2.0
334	1.0	0.0	1.0	0.0	0.3330000000000002	2.667	1.0
335	1.0	0.0	1.0	0.0	1.0	2.0	1.0
336	2.0	0.0	2.0	0.0	0.6660000000000004	5.334	2.0
337	1.0	4.0	0.0	3.0	4.0040000000000004	10.995999999999999	3.0
338	3.0	0.0	3.0	0.0	3.0	6.0	3.0
339	2.0	0.0	2.0	0.0	2.0	4.0	2.0
340	0.0	0.0	0.0	0.0	0.0	0.0	0.0
341	2.0	0.0	2.0	0.0	0.6660000000000004	5.334	2.0
342	0.0	0.0	0.0	0.0	0.0	0.0	0.0
343	0.0	2.0	0.0	1.0	0.6660000000000004	5.334	1.0
344	1.0	0.0	1.0	0.0	0.3330000000000002	2.667	1.0
345	2.0	1.0	2.0	1.0	2.068	3.932	2.0
346	3.0	0.0	1.0	0.0	3.0	6.0	1.0
347	3.0	0.0	2.0	0.0	1.6680000000000001	4.332	1.0
348	1.0	0.0	0.0	0.0	0.3330000000000002	2.667	0.0
349	0.0	0.0	0.0	0.0	0.0	0.0	0.0
350	1.0	0.0	0.0	0.0	0.3330000000000002	2.667	0.0
351	2.0	0.0	1.0	0.0	2.0	4.0	1.0
352	0.0	0.0	0.0	0.0	0.0	0.0	0.0
353	2.0	0.0	2.0	0.0	2.0	4.0	2.0
354	2.0	0.0	0.0	0.0	0.6660000000000004	5.334	0.0
355	2.0	0.0	1.0	0.0	0.6660000000000004	5.334	1.0
356	3.0	0.0	2.0	0.0	3.0	6.0	2.0
357	1.0	0.0	0.0	0.0	0.3330000000000002	2.667	0.0
358	1.0	0.0	1.0	0.0	0.3330000000000002	2.667	1.0
359	2.0	0.0	1.0	0.0	2.0	4.0	1.0
360	1.0	0.0	0.0	0.0	0.3330000000000002	2.667	0.0
361	1.0	0.0	0.0	0.0	0.3330000000000002	2.667	0.0
362	0.0	0.0	0.0	0.0	0.0	0.0	0.0
363	0.0	0.0	0.0	0.0	0.0	0.0	0.0
364	1.0	0.0	1.0	0.0	0.3330000000000002	2.667	1.0
365	0.0	0.0	0.0	0.0	0.0	0.0	0.0
366	0.0	0.0	0.0	0.0	0.0	0.0	0.0
367	3.0	0.0	2.0	0.0	3.0	6.0	2.0
368	3.0	0.0	3.0	0.0	3.4	5.6	3.0
369	2.0	0.0	2.0	0.0	2.0	4.0	2.0
370	0.0	0.0	0.0	0.0	0.0	0.0	0.0
371	2.0	1.0	2.0	1.0	3.0	6.0	3.0
372	2.0	0.0	1.0	0.0	2.0	4.0	1.0
373	1.0	0.0	0.0	0.0	0.3330000000000002	2.667	0.0
374	2.0	0.0	2.0	0.0	2.0	4.0	2.0
375	3.0	3.0	3.0	2.0	3.6660000000000004	11.334	4.0
376	0.0	0.0	0.0	0.0	0.0	0.0	0.0
377	0.0	0.0	0.0	0.0	0.0	0.0	0.0
378	3.0	0.0	2.0	0.0	3.068	5.932	2.0
379	2.0	0.0	1.0	0.0	2.0	4.0	1.0
380	0.0	0.0	0.0	0.0	0.0	0.0	0.0
381	1.0	1.0	1.0	1.0	1.0010000000000003	4.999	2.0
382	0.0	0.0	0.0	0.0	0.0	0.0	0.0
383	2.0	0.0	1.0	0.0	2.0	4.0	1.0
384	1.0	3.0	1.0	1.0	2.333	6.667	1.0
385	3.0	0.0	1.0	0.0	3.0	6.0	1.0
386	2.0	0.0	2.0	0.0	2.0	4.0	2.0
387	0.0	0.0	0.0	0.0	0.0	0.0	0.0
388	3.0	2.0	1.0	2.0	4.0	8.0	2.0
389	1.0	0.0	1.0	0.0	1.0	2.0	1.0
390	2.0	0.0	0.0	0.0	2.0	4.0	0.0
391	0.0	0.0	0.0	0.0	0.0	0.0	0.0
392	0.0	0.0	0.0	0.0	0.0	0.0	0.0
393	1.0	0.0	0.0	0.0	1.0	2.0	0.0
394	2.0	0.0	0.0	0.0	1.3360000000000003	4.664	0.0
395	2.0	0.0	0.0	0.0	0.6660000000000004	5.334	0.0
396	1.0	0.0	1.0	0.0	0.3330000000000002	2.667	1.0
397	2.0	0.0	2.0	0.0	2.0	4.0	2.0
398	1.0	0.0	1.0	0.0	0.3330000000000002	2.667	1.0
399	1.0	0.0	1.0	0.0	1.0	2.0	1.0
400	2.0	0.0	1.0	0.0	0.6660000000000004	5.334	1.0
401	2.0	0.0	2.0	0.0	2.0	4.0	2.0
402	1.0	0.0	1.0	0.0	0.6680000000000001	2.332	1.0
403	1.0	0.0	1.0	0.0	1.0	2.0	1.0
404	2.0	0.0	2.0	0.0	0.6660000000000004	5.334	2.0
405	2.0	0.0	1.0	0.0	0.6660000000000004	5.334	1.0
406	1.0	0.0	0.0	0.0	1.0	2.0	0.0
407	0.0	0.0	0.0	0.0	0.0	0.0	0.0
408	2.0	0.0	1.0	0.0	0.6660000000000004	5.334	1.0
409	1.0	0.0	1.0	0.0	1.4	1.6	1.0
410	2.0	0.0	2.0	0.0	2.068	3.932	2.0
411	2.0	0.0	1.0	0.0	2.0	4.0	1.0
412	2.0	0.0	1.0	0.0	1.6680000000000001	4.332	1.0
413	1.0	0.0	0.0	0.0	0.3330000000000002	2.667	0.0
414	3.0	0.0	2.0	0.0	0.9990000000000006	8.001	2.0
415	1.0	0.0	1.0	0.0	0.3330000000000002	2.667	1.0
416	1.0	1.0	1.0	1.0	0.6660000000000004	5.334	2.0
417	2.0	3.0	2.0	3.0	2.333	6.667	3.0
418	0.0	1.0	0.0	1.0	0.3330000000000002	2.667	1.0
419	0.0	1.0	0.0	1.0	0.3330000000000002	2.667	1.0
420	3.0	0.0	1.0	0.0	3.0	6.0	1.0
421	0.0	3.0	0.0	3.0	0.6660000000000004	5.334	2.0
422	4.0	1.0	3.0	1.0	2.333	6.667	2.0
423	3.0	0.0	1.0	0.0	3.0	6.0	1.0
424	1.0	3.0	1.0	3.0	2.333	6.667	3.0
425	2.0	0.0	1.0	0.0	0.6660000000000004	5.334	1.0
426	0.0	1.0	0.0	1.0	0.3330000000000002	2.667	1.0
427	2.0	0.0	2.0	0.0	0.6660000000000004	5.334	2.0
428	0.0	0.0	0.0	0.0	0.0	0.0	0.0
429	3.0	0.0	2.0	0.0	2.3360000000000003	6.664	2.0
430	1.0	0.0	1.0	0.0	1.0	2.0	1.0
431	3.0	0.0	2.0	0.0	0.9990000000000006	8.001	2.0
432	1.0	1.0	0.0	1.0	0.6660000000000004	5.334	1.0
433	3.0	0.0	2.0	0.0	3.0	6.0	2.0
434	2.0	0.0	2.0	0.0	0.6680000000000001	2.332	1.0
435	3.0	0.0	3.0	0.0	3.0	6.0	3.0
436	2.0	0.0	2.0	0.0	2.0	4.0	2.0
437	3.0	1.0	2.0	0.0	4.0	8.0	2.0
438	0.0	1.0	0.0	1.0	0.3330000000000002	2.667	1.0
439	2.0	0.0	2.0	0.0	2.0	4.0	2.0
440	3.0	0.0	2.0	0.0	3.0	6.0	2.0
441	1.0	0.0	0.0	0.0	0.3330000000000002	2.667	0.0
442	3.0	0.0	2.0	0.0	2.736	6.263999999999999	2.0
443	3.0	0.0	3.0	0.0	3.0	6.0	3.0
444	1.0	0.0	0.0	0.0	1.0	2.0	0.0
445	0.0	0.0	0.0	0.0	0.0	0.0	0.0
446	1.0	0.0	1.0	0.0	0.3330000000000002	2.667	1.0
447	2.0	0.0	2.0	0.0	2.0	4.0	2.0
448	2.0	0.0	2.0	0.0	2.0	4.0	2.0
449	2.0	0.0	0.0	0.0	2.0	4.0	0.0
450	1.0	0.0	1.0	0.0	0.3330000000000002	2.667	1.0
451	3.0	0.0	2.0	0.0	3.068	5.932	2.0
452	2.0	1.0	1.0	1.0	3.0	6.0	2.0
453	2.0	0.0	1.0	0.0	2.0	4.0	1.0
454	4.0	1.0	4.0	1.0	1.6680000000000001	7.332	3.0
455	3.0	0.0	1.0	0.0	1.6680000000000001	4.332	1.0
456	0.0	0.0	0.0	0.0	0.0	0.0	0.0
457	1.0	0.0	0.0	0.0	0.3330000000000002	2.667	0.0
458	4.0	0.0	1.0	0.0	3.668	8.332	1.0
459	1.0	1.0	1.0	1.0	1.0	2.0	1.0
460	2.0	0.0	1.0	0.0	0.6660000000000004	5.334	1.0
461	3.0	0.0	2.0	0.0	3.0	6.0	2.0
462	0.0	0.0	0.0	0.0	0.0	0.0	0.0
463	3.0	0.0	2.0	0.0	2.0040000000000004	6.9959999999999996	2.0
464	4.0	1.0	3.0	1.0	4.0	8.0	3.0
465	2.0	0.0	2.0	0.0	2.068	3.932	2.0
466	3.0	0.0	2.0	0.0	0.9990000000000006	8.001	2.0
467	2.0	0.0	0.0	0.0	0.6660000000000004	5.334	0.0
468	1.0	1.0	1.0	0.0	0.6680000000000001	5.332	1.0
469	2.0	1.0	0.0	1.0	2.3360000000000003	6.664	1.0
470	1.0	0.0	0.0	0.0	0.3330000000000002	2.667	0.0
471	1.0	1.0	0.0	1.0	1.733	4.2669999999999995	1.0
472	0.0	0.0	0.0	0.0	0.0	0.0	0.0
473	0.0	0.0	0.0	0.0	0.0	0.0	0.0
474	1.0	2.0	1.0	2.0	0.6660000000000004	5.334	2.0
475	0.0	0.0	0.0	0.0	0.0	0.0	0.0
476	1.0	0.0	0.0	0.0	0.3330000000000002	2.667	0.0
477	0.0	0.0	0.0	0.0	0.0	0.0	0.0
478	0.0	1.0	0.0	1.0	1.4	1.6	1.0
479	3.0	1.0	1.0	1.0	3.0040000000000004	8.995999999999999	2.0
480	4.0	0.0	2.0	0.0	4.068	7.932	2.0
481	2.0	0.0	1.0	0.0	2.0	4.0	1.0
482	1.0	0.0	0.0	0.0	1.0	2.0	0.0
483	1.0	0.0	1.0	0.0	1.0	2.0	1.0
484	3.0	0.0	2.0	0.0	2.3360000000000003	6.664	2.0
485	1.0	0.0	1.0	0.0	0.3330000000000002	2.667	1.0
486	3.0	0.0	2.0	0.0	3.0	6.0	2.0
487	2.0	0.0	1.0	0.0	0.6660000000000004	5.334	1.0
488	2.0	0.0	1.0	0.0	0.6660000000000004	5.334	1.0
489	2.0	0.0	2.0	0.0	2.0	4.0	2.0
490	2.0	0.0	1.0	0.0	0.6660000000000004	5.334	1.0
491	2.0	0.0	1.0	0.0	2.0	4.0	1.0
492	1.0	0.0	0.0	0.0	0.3330000000000002	2.667	0.0
493	2.0	1.0	0.0	0.0	0.6660000000000004	5.334	0.0
494	0.0	1.0	0.0	0.0	0.3330000000000002	2.667	0.0
495	1.0	4.0	1.0	3.0	4.068	7.932	3.0
496	2.0	0.0	1.0	0.0	0.6660000000000004	5.334	1.0
497	1.0	1.0	1.0	1.0	2.0	4.0	2.0
498	0.0	0.0	0.0	0.0	0.0	0.0	0.0
499	3.0	0.0	3.0	0.0	0.9990000000000006	8.001	3.0
500	0.0	0.0	0.0	0.0	0.0	0.0	0.0
501	1.0	0.0	1.0	0.0	0.3330000000000002	2.667	1.0
502	3.0	1.0	2.0	1.0	3.0	6.0	2.0
503	3.0	0.0	3.0	0.0	3.0	6.0	3.0
504	0.0	0.0	0.0	0.0	0.0	0.0	0.0
505	0.0	1.0	0.0	1.0	1.0	2.0	1.0
506	0.0	0.0	0.0	0.0	0.0	0.0	0.0
507	0.0	0.0	0.0	0.0	0.0	0.0	0.0
508	3.0	0.0	3.0	0.0	3.0	6.0	3.0
509	1.0	0.0	1.0	0.0	0.6680000000000001	2.332	1.0
510	3.0	2.0	2.0	0.0	4.0	8.0	2.0
511	2.0	0.0	1.0	0.0	2.0	4.0	1.0
512	2.0	0.0	1.0	0.0	2.0	4.0	1.0
513	1.0	0.0	1.0	0.0	0.3330000000000002	2.667	1.0
514	2.0	2.0	0.0	2.0	2.6660000000000004	9.334	2.0
515	4.0	0.0	1.0	0.0	4.0	8.0	1.0
516	0.0	0.0	0.0	0.0	0.0	0.0	0.0
517	1.0	0.0	1.0	0.0	1.0	2.0	1.0
518	2.0	1.0	2.0	1.0	2.0	4.0	2.0
519	0.0	0.0	0.0	0.0	0.0	0.0	0.0
520	1.0	2.0	1.0	1.0	1.6660000000000004	7.334	2.0
521	3.0	0.0	2.0	0.0	0.9990000000000006	8.001	2.0
522	1.0	3.0	1.0	1.0	2.333	6.667	2.0
523	1.0	0.0	1.0	0.0	0.3330000000000002	2.667	1.0
524	0.0	0.0	0.0	0.0	0.0	0.0	0.0
525	2.0	3.0	2.0	1.0	1.9990000000000006	10.001	3.0
526	2.0	2.0	2.0	1.0	2.0	10.0	3.0
527	2.0	3.0	2.0	3.0	1.0010000000000003	4.999	2.0
528	2.0	0.0	1.0	0.0	2.0	4.0	1.0
529	1.0	0.0	1.0	0.0	0.3330000000000002	2.667	1.0
530	2.0	0.0	1.0	0.0	2.0	4.0	1.0
531	3.0	0.0	3.0	0.0	3.0	6.0	3.0
532	2.0	0.0	1.0	0.0	2.0	4.0	1.0
533	2.0	0.0	1.0	0.0	2.0	4.0	1.0
534	1.0	0.0	0.0	0.0	1.4	1.6	0.0
535	1.0	0.0	1.0	0.0	0.3330000000000002	2.667	1.0
536	2.0	0.0	1.0	0.0	2.068	3.932	1.0
537	2.0	0.0	2.0	0.0	2.0	4.0	2.0
538	2.0	0.0	1.0	0.0	2.0	4.0	1.0
539	5.0	0.0	3.0	0.0	4.0040000000000004	10.995999999999999	3.0
540	2.0	0.0	2.0	0.0	0.6660000000000004	5.334	2.0
541	1.0	0.0	0.0	0.0	0.3330000000000002	2.667	0.0
542	2.0	4.0	2.0	1.0	3.3340000000000005	11.666	3.0
543	0.0	1.0	0.0	1.0	0.3330000000000002	2.667	1.0
544	1.0	6.0	0.0	5.0	0.9990000000000006	11.001	3.0
545	1.0	0.0	1.0	0.0	1.0	2.0	1.0
546	0.0	2.0	0.0	1.0	0.6660000000000004	5.334	1.0
547	1.0	1.0	0.0	0.0	1.3360000000000003	4.664	0.0
548	3.0	0.0	2.0	0.0	3.0	6.0	2.0
549	1.0	1.0	1.0	1.0	1.733	4.2669999999999995	2.0
550	2.0	0.0	0.0	0.0	0.6660000000000004	5.334	0.0
551	2.0	0.0	1.0	0.0	0.6660000000000004	5.334	1.0
552	1.0	0.0	1.0	0.0	1.4	1.6	1.0
553	2.0	0.0	0.0	0.0	2.0	4.0	0.0
554	1.0	0.0	0.0	0.0	0.3330000000000002	2.667	0.0
555	1.0	0.0	1.0	0.0	1.0	2.0	1.0
556	1.0	0.0	0.0	0.0	0.3330000000000002	2.667	0.0
557	2.0	0.0	2.0	0.0	0.6660000000000004	5.334	2.0
558	2.0	0.0	2.0	0.0	2.0	4.0	2.0
559	2.0	0.0	2.0	0.0	0.6660000000000004	5.334	2.0
560	2.0	1.0	0.0	1.0	2.0	7.0	1.0
561	0.0	3.0	0.0	2.0	0.9990000000000006	8.001	2.0
562	1.0	1.0	1.0	1.0	1.0	2.0	1.0
563	1.0	2.0	1.0	1.0	2.3360000000000003	6.664	2.0
564	3.0	2.0	2.0	2.0	3.333	8.667	3.0
565	0.0	2.0	0.0	2.0	1.3330000000000002	4.667	2.0
566	2.0	2.0	1.0	1.0	1.9990000000000006	10.001	2.0
567	3.0	1.0	1.0	0.0	1.3320000000000007	10.668	1.0
568	2.0	4.0	2.0	3.0	2.3320000000000007	12.668	4.0
569	1.0	0.0	0.0	0.0	1.0	2.0	0.0
570	3.0	3.0	2.0	3.0	4.333	10.667	4.0
571	1.0	3.0	1.0	2.0	1.6660000000000004	7.334	2.0
572	0.0	4.0	0.0	3.0	1.6690000000000005	7.3309999999999995	2.0
573	3.0	2.0	0.0	0.0	2.333	6.667	0.0
574	3.0	0.0	3.0	0.0	0.9990000000000006	8.001	3.0
575	1.0	0.0	1.0	0.0	0.3330000000000002	2.667	1.0
576	2.0	2.0	2.0	1.0	4.0	8.0	3.0
577	2.0	0.0	2.0	0.0	0.6660000000000004	5.334	2.0
578	1.0	1.0	0.0	1.0	1.3330000000000002	4.667	1.0
579	3.0	1.0	2.0	1.0	1.3330000000000002	4.667	1.0
580	3.0	3.0	1.0	3.0	4.333	10.667	3.0
581	0.0	0.0	0.0	0.0	0.0	0.0	0.0
582	1.0	0.0	0.0	0.0	1.4	1.6	0.0
583	0.0	0.0	0.0	0.0	0.0	0.0	0.0
584	0.0	1.0	0.0	1.0	0.6680000000000001	2.332	1.0
585	0.0	0.0	0.0	0.0	0.0	0.0	0.0
586	4.0	0.0	4.0	0.0	3.0040000000000004	8.995999999999999	4.0
587	1.0	0.0	0.0	0.0	1.0	2.0	0.0
588	3.0	0.0	0.0	0.0	3.0	6.0	0.0
589	1.0	0.0	1.0	0.0	0.3330000000000002	2.667	1.0
590	3.0	0.0	1.0	0.0	3.4	5.6	1.0
591	0.0	0.0	0.0	0.0	0.0	0.0	0.0
592	2.0	0.0	0.0	0.0	0.6660000000000004	5.334	0.0
593	1.0	0.0	1.0	0.0	0.3330000000000002	2.667	1.0
594	2.0	0.0	1.0	0.0	1.3360000000000003	4.664	1.0
595	2.0	0.0	1.0	0.0	2.0	4.0	1.0
596	2.0	0.0	0.0	0.0	0.6660000000000004	5.334	0.0
597	1.0	0.0	0.0	0.0	0.3330000000000002	2.667	0.0
598	0.0	0.0	0.0	0.0	0.0	0.0	0.0
599	2.0	0.0	2.0	0.0	2.0	4.0	2.0
600	2.0	0.0	0.0	0.0	0.6660000000000004	5.334	0.0
601	0.0	1.0	0.0	1.0	1.0	2.0	1.0
602	2.0	0.0	1.0	0.0	0.6660000000000004	5.334	1.0
603	1.0	2.0	1.0	1.0	0.9990000000000006	8.001	2.0
604	1.0	1.0	1.0	1.0	0.6660000000000004	5.334	2.0
605	1.0	0.0	0.0	0.0	0.3330000000000002	2.667	0.0
606	2.0	1.0	2.0	1.0	2.0660000000000003	6.933999999999999	3.0
607	1.0	0.0	1.0	0.0	1.0	2.0	1.0
608	1.0	0.0	0.0	0.0	0.3330000000000002	2.667	0.0
609	2.0	0.0	1.0	0.0	0.6660000000000004	5.334	1.0
610	0.0	1.0	0.0	1.0	1.4	1.6	1.0
611	1.0	0.0	1.0	0.0	0.3330000000000002	2.667	1.0
612	0.0	0.0	0.0	0.0	0.0	0.0	0.0
613	3.0	0.0	3.0	0.0	3.0	6.0	3.0
614	3.0	0.0	3.0	0.0	3.0	6.0	3.0
615	1.0	0.0	0.0	0.0	0.6680000000000001	2.332	0.0
616	2.0	1.0	1.0	1.0	2.333	6.667	2.0
617	3.0	0.0	0.0	0.0	3.0	6.0	0.0
618	2.0	0.0	2.0	0.0	0.6660000000000004	5.334	2.0
619	0.0	0.0	0.0	0.0	0.0	0.0	0.0
620	1.0	0.0	1.0	0.0	0.3330000000000002	2.667	1.0
621	2.0	1.0	1.0	1.0	2.3360000000000003	6.664	2.0
622	1.0	0.0	1.0	0.0	1.0	2.0	1.0
623	2.0	0.0	1.0	0.0	0.6660000000000004	5.334	1.0
624	0.0	0.0	0.0	0.0	0.0	0.0	0.0
625	2.0	0.0	1.0	0.0	0.6660000000000004	5.334	1.0
626	2.0	3.0	1.0	1.0	2.9990000000000006	12.001	2.0
627	2.0	1.0	2.0	1.0	0.9990000000000006	8.001	3.0
628	2.0	3.0	1.0	3.0	3.3360000000000003	8.664	3.0
629	0.0	0.0	0.0	0.0	0.0	0.0	0.0
630	2.0	2.0	1.0	2.0	2.0	4.0	1.0
631	2.0	0.0	1.0	0.0	0.6660000000000004	5.334	1.0
632	3.0	0.0	3.0	0.0	3.0	6.0	3.0
633	3.0	0.0	2.0	0.0	3.068	5.932	2.0
634	2.0	0.0	1.0	0.0	2.0	4.0	1.0
635	3.0	0.0	3.0	0.0	3.0	6.0	3.0
636	2.0	0.0	1.0	0.0	2.0	4.0	1.0
637	0.0	0.0	0.0	0.0	0.0	0.0	0.0
638	0.0	0.0	0.0	0.0	0.0	0.0	0.0
639	0.0	0.0	0.0	0.0	0.0	0.0	0.0
640	0.0	0.0	0.0	0.0	0.0	0.0	0.0
641	2.0	0.0	1.0	0.0	2.8	3.2	1.0
642	1.0	0.0	1.0	0.0	1.0	2.0	1.0
643	3.0	0.0	2.0	0.0	3.0	6.0	2.0
644	0.0	0.0	0.0	0.0	0.0	0.0	0.0
645	2.0	0.0	1.0	0.0	0.6660000000000004	5.334	1.0
646	0.0	0.0	0.0	0.0	0.0	0.0	0.0
647	2.0	0.0	1.0	0.0	2.0	4.0	1.0
648	4.0	1.0	2.0	0.0	2.6660000000000004	9.334	2.0
649	2.0	0.0	1.0	0.0	2.0	4.0	1.0
650	2.0	1.0	1.0	1.0	2.068	6.932	2.0
651	2.0	2.0	2.0	0.0	2.733	6.2669999999999995	2.0
652	1.0	0.0	1.0	0.0	0.3330000000000002	2.667	1.0
653	1.0	3.0	0.0	2.0	1.6670000000000007	10.332999999999998	2.0
654	2.0	2.0	1.0	1.0	4.0	8.0	2.0
655	2.0	3.0	1.0	3.0	3.0010000000000003	8.998999999999999	3.0
656	0.0	1.0	0.0	1.0	0.3330000000000002	2.667	1.0
657	2.0	0.0	0.0	0.0	2.0	4.0	0.0
658	1.0	0.0	1.0	0.0	0.3330000000000002	2.667	1.0
659	2.0	1.0	0.0	1.0	0.9990000000000006	8.001	1.0
660	3.0	1.0	1.0	1.0	3.333	8.667	2.0
661	4.0	0.0	3.0	0.0	3.736	8.264	3.0
662	2.0	0.0	0.0	0.0	0.6680000000000001	2.332	0.0
663	1.0	0.0	0.0	0.0	0.3330000000000002	2.667	0.0
664	3.0	0.0	2.0	0.0	3.0	6.0	2.0
665	2.0	0.0	1.0	0.0	0.6660000000000004	5.334	1.0
666	2.0	0.0	0.0	0.0	0.6660000000000004	5.334	0.0
667	1.0	0.0	1.0	0.0	0.3330000000000002	2.667	1.0
668	0.0	0.0	0.0	0.0	0.0	0.0	0.0
669	1.0	0.0	1.0	0.0	1.0	2.0	1.0
670	1.0	0.0	0.0	0.0	0.3330000000000002	2.667	0.0
671	1.0	0.0	1.0	0.0	1.0	2.0	1.0
672	2.0	0.0	1.0	0.0	2.0	4.0	1.0
673	3.0	2.0	3.0	2.0	3.0	6.0	3.0
674	3.0	0.0	2.0	0.0	2.668	6.332	2.0
675	2.0	0.0	0.0	0.0	2.4	3.6	0.0
676	3.0	0.0	2.0	0.0	3.0	6.0	2.0
677	1.0	0.0	1.0	0.0	0.3330000000000002	2.667	1.0
678	1.0	0.0	1.0	0.0	0.6680000000000001	2.332	1.0
679	1.0	0.0	0.0	0.0	0.3330000000000002	2.667	0.0
680	2.0	0.0	0.0	0.0	2.0	4.0	0.0
681	3.0	0.0	0.0	0.0	2.668	6.332	0.0
682	1.0	0.0	1.0	0.0	0.3330000000000002	2.667	1.0
683	1.0	3.0	0.0	3.0	0.9990000000000006	8.001	2.0
684	2.0	0.0	2.0	0.0	2.0	4.0	2.0
685	1.0	1.0	1.0	1.0	0.6660000000000004	5.334	2.0
686	1.0	0.0	1.0	0.0	0.3330000000000002	2.667	1.0
687	1.0	0.0	1.0	0.0	0.3330000000000002	2.667	1.0
688	3.0	0.0	2.0	0.0	3.0	6.0	2.0
689	2.0	0.0	0.0	0.0	2.0	4.0	0.0
690	0.0	2.0	0.0	0.0	0.6660000000000004	5.334	0.0
691	2.0	1.0	0.0	1.0	3.0	6.0	1.0
692	2.0	0.0	1.0	0.0	2.0	4.0	1.0
693	3.0	1.0	1.0	0.0	4.0	8.0	1.0
694	0.0	0.0	0.0	0.0	0.0	0.0	0.0
695	2.0	0.0	2.0	0.0	1.6680000000000001	4.332	2.0
696	0.0	0.0	0.0	0.0	0.0	0.0	0.0
697	1.0	1.0	1.0	1.0	0.6660000000000004	5.334	2.0
698	1.0	0.0	0.0	0.0	0.3330000000000002	2.667	0.0
699	0.0	0.0	0.0	0.0	0.0	0.0	0.0
700	1.0	1.0	0.0	1.0	2.0	4.0	1.0
701	3.0	1.0	3.0	1.0	1.3340000000000005	7.6659999999999995	3.0
702	3.0	0.0	1.0	0.0	0.9990000000000006	8.001	1.0
703	1.0	0.0	1.0	0.0	1.4	1.6	1.0
704	1.0	0.0	1.0	0.0	0.3330000000000002	2.667	1.0
705	2.0	0.0	1.0	0.0	2.0	4.0	1.0
706	3.0	0.0	1.0	0.0	3.0	6.0	1.0
707	2.0	0.0	1.0	0.0	2.0	4.0	1.0
708	2.0	0.0	1.0	0.0	2.4	3.6	1.0
709	1.0	0.0	1.0	0.0	0.3330000000000002	2.667	1.0
710	2.0	0.0	2.0	0.0	2.0	4.0	2.0
711	0.0	0.0	0.0	0.0	0.0	0.0	0.0
712	0.0	0.0	0.0	0.0	0.0	0.0	0.0
713	0.0	1.0	0.0	1.0	1.4	1.6	1.0
714	3.0	0.0	2.0	0.0	3.0	6.0	2.0
715	2.0	0.0	2.0	0.0	0.6660000000000004	5.334	2.0
716	3.0	0.0	2.0	0.0	3.0	6.0	2.0
717	2.0	1.0	2.0	1.0	1.3330000000000002	4.667	2.0
718	3.0	0.0	1.0	0.0	3.0	6.0	1.0
719	2.0	0.0	2.0	0.0	2.0	4.0	2.0
720	0.0	0.0	0.0	0.0	0.0	0.0	0.0
721	2.0	0.0	2.0	0.0	1.6680000000000001	4.332	2.0
722	3.0	1.0	2.0	1.0	4.0	8.0	3.0
723	3.0	4.0	0.0	3.0	2.665000000000001	15.334999999999999	3.0
724	1.0	0.0	1.0	0.0	0.3330000000000002	2.667	1.0
725	1.0	0.0	1.0	0.0	0.6680000000000001	2.332	1.0
726	0.0	2.0	0.0	2.0	1.0	2.0	1.0
727	1.0	0.0	1.0	0.0	0.3330000000000002	2.667	1.0
728	2.0	0.0	2.0	0.0	0.6660000000000004	5.334	2.0
729	0.0	1.0	0.0	1.0	0.3330000000000002	2.667	1.0
730	0.0	0.0	0.0	0.0	0.0	0.0	0.0
731	2.0	0.0	1.0	0.0	0.6660000000000004	5.334	1.0
732	2.0	0.0	2.0	0.0	2.0	4.0	2.0
733	1.0	0.0	1.0	0.0	0.3330000000000002	2.667	1.0
734	1.0	0.0	0.0	0.0	0.3330000000000002	2.667	0.0
735	1.0	0.0	1.0	0.0	0.3330000000000002	2.667	1.0
736	0.0	0.0	0.0	0.0	0.0	0.0	0.0
737	2.0	0.0	2.0	0.0	2.0	4.0	2.0
738	1.0	0.0	1.0	0.0	1.0	2.0	1.0
739	1.0	1.0	1.0	1.0	1.0	2.0	1.0
740	1.0	1.0	0.0	1.0	0.6660000000000004	5.334	1.0
741	1.0	1.0	1.0	1.0	0.6660000000000004	5.334	2.0
742	1.0	0.0	1.0	0.0	0.3330000000000002	2.667	1.0
743	0.0	0.0	0.0	0.0	0.0	0.0	0.0
744	2.0	0.0	1.0	0.0	0.6660000000000004	5.334	1.0
745	1.0	0.0	1.0	0.0	0.3330000000000002	2.667	1.0
746	3.0	0.0	3.0	0.0	3.0	6.0	3.0
747	2.0	0.0	2.0	0.0	0.6660000000000004	5.334	2.0
748	2.0	0.0	2.0	0.0	2.0	4.0	2.0
749	2.0	0.0	2.0	0.0	0.6680000000000001	2.332	1.0
750	1.0	0.0	0.0	0.0	1.0	2.0	0.0
751	1.0	0.0	1.0	0.0	1.0	2.0	1.0
752	1.0	2.0	1.0	2.0	1.0	2.0	1.0
753	1.0	0.0	1.0	0.0	1.0	2.0	1.0
754	2.0	0.0	1.0	0.0	0.6660000000000004	5.334	1.0
755	1.0	0.0	1.0	0.0	1.0	2.0	1.0
756	1.0	1.0	0.0	1.0	0.6660000000000004	5.334	1.0
757	1.0	0.0	1.0	0.0	0.6680000000000001	2.332	1.0
758	2.0	3.0	1.0	2.0	3.7370000000000005	11.262999999999998	3.0
759	2.0	2.0	2.0	2.0	1.3330000000000002	4.667	2.0
760	3.0	0.0	3.0	0.0	3.0	6.0	3.0
761	2.0	0.0	2.0	0.0	2.0	4.0	2.0
762	1.0	0.0	0.0	0.0	0.3330000000000002	2.667	0.0
763	0.0	0.0	0.0	0.0	0.0	0.0	0.0
764	2.0	0.0	2.0	0.0	1.6680000000000001	4.332	2.0
765	0.0	0.0	0.0	0.0	0.0	0.0	0.0
766	2.0	0.0	1.0	0.0	0.6660000000000004	5.334	1.0
767	2.0	4.0	0.0	2.0	3.6660000000000004	11.334	2.0
768	0.0	0.0	0.0	0.0	0.0	0.0	0.0
769	2.0	1.0	1.0	0.0	1.6660000000000004	7.334	1.0
770	0.0	0.0	0.0	0.0	0.0	0.0	0.0
771	1.0	1.0	1.0	1.0	0.6680000000000001	2.332	1.0
772	1.0	1.0	1.0	1.0	2.0	4.0	2.0
773	2.0	0.0	1.0	0.0	0.6660000000000004	5.334	1.0
774	3.0	0.0	1.0	0.0	2.3360000000000003	6.664	1.0
775	1.0	0.0	1.0	0.0	0.3330000000000002	2.667	1.0
776	3.0	2.0	2.0	2.0	3.333	8.667	3.0
777	2.0	1.0	2.0	1.0	2.0	7.0	3.0
778	1.0	0.0	1.0	0.0	0.3330000000000002	2.667	1.0
779	1.0	1.0	0.0	1.0	1.3330000000000002	4.667	1.0
780	0.0	0.0	0.0	0.0	0.0	0.0	0.0
781	2.0	0.0	1.0	0.0	2.0	4.0	1.0
782	2.0	0.0	1.0	0.0	2.0	4.0	1.0
783	1.0	0.0	1.0	0.0	0.3330000000000002	2.667	1.0
784	2.0	0.0	2.0	0.0	0.6660000000000004	5.334	2.0
785	2.0	0.0	0.0	0.0	0.6660000000000004	5.334	0.0
786	3.0	0.0	2.0	0.0	0.9990000000000006	8.001	2.0
787	0.0	0.0	0.0	0.0	0.0	0.0	0.0
788	2.0	0.0	2.0	0.0	2.0	4.0	2.0
789	1.0	0.0	0.0	0.0	1.0	2.0	0.0
790	3.0	0.0	2.0	0.0	3.0	6.0	2.0
791	3.0	0.0	2.0	0.0	2.736	6.263999999999999	2.0
792	2.0	0.0	1.0	0.0	0.6660000000000004	5.334	1.0
793	1.0	0.0	1.0	0.0	1.0	2.0	1.0
794	1.0	3.0	1.0	3.0	1.6680000000000001	4.332	2.0
795	0.0	0.0	0.0	0.0	0.0	0.0	0.0
796	1.0	0.0	0.0	0.0	1.0	2.0	0.0
797	0.0	0.0	0.0	0.0	0.0	0.0	0.0
798	3.0	0.0	3.0	0.0	3.0	6.0	3.0
799	3.0	0.0	3.0	0.0	3.0	6.0	3.0
800	1.0	0.0	1.0	0.0	0.3330000000000002	2.667	1.0
801	2.0	0.0	1.0	0.0	2.0	4.0	1.0
802	3.0	0.0	2.0	0.0	2.0040000000000004	6.9959999999999996	2.0
803	0.0	0.0	0.0	0.0	0.0	0.0	0.0
804	1.0	0.0	1.0	0.0	0.6680000000000001	2.332	1.0
805	2.0	0.0	1.0	0.0	2.0	4.0	1.0
806	1.0	1.0	1.0	1.0	1.4	4.6	2.0
807	1.0	0.0	0.0	0.0	1.0	2.0	0.0
808	2.0	0.0	1.0	0.0	0.6660000000000004	5.334	1.0
809	0.0	0.0	0.0	0.0	0.0	0.0	0.0
810	0.0	1.0	0.0	1.0	0.6680000000000001	2.332	1.0
811	1.0	0.0	1.0	0.0	0.3330000000000002	2.667	1.0
812	1.0	0.0	0.0	0.0	0.3330000000000002	2.667	0.0
813	0.0	0.0	0.0	0.0	0.0	0.0	0.0
814	1.0	0.0	1.0	0.0	0.3330000000000002	2.667	1.0
815	2.0	0.0	2.0	0.0	2.0	4.0	2.0
816	4.0	0.0	2.0	0.0	4.0	8.0	2.0
817	3.0	0.0	2.0	0.0	3.8	5.2	2.0
818	1.0	1.0	1.0	1.0	1.3330000000000002	4.667	2.0
819	2.0	0.0	2.0	0.0	1.3360000000000003	4.664	2.0
820	2.0	0.0	1.0	0.0	0.6660000000000004	5.334	1.0
821	0.0	0.0	0.0	0.0	0.0	0.0	0.0
822	0.0	0.0	0.0	0.0	0.0	0.0	0.0
823	1.0	0.0	0.0	0.0	0.6680000000000001	2.332	0.0
824	3.0	1.0	0.0	1.0	2.0010000000000003	6.999	1.0
825	0.0	0.0	0.0	0.0	0.0	0.0	0.0
826	4.0	0.0	2.0	0.0	4.0	8.0	2.0
827	1.0	1.0	1.0	1.0	1.6680000000000001	4.332	2.0
828	1.0	2.0	1.0	2.0	1.3360000000000003	4.664	2.0
829	2.0	1.0	1.0	1.0	0.9990000000000006	8.001	2.0
830	3.0	1.0	1.0	1.0	4.0	8.0	2.0
831	2.0	0.0	1.0	0.0	0.6660000000000004	5.334	1.0
832	3.0	0.0	1.0	0.0	3.0	6.0	1.0
833	2.0	2.0	1.0	1.0	0.9990000000000006	8.001	1.0
834	0.0	0.0	0.0	0.0	0.0	0.0	0.0
835	2.0	0.0	2.0	0.0	0.6660000000000004	5.334	2.0
836	5.0	0.0	3.0	0.0	4.136	7.864	2.0
837	2.0	0.0	1.0	0.0	2.0	4.0	1.0
838	1.0	0.0	1.0	0.0	0.3330000000000002	2.667	1.0
839	1.0	0.0	0.0	0.0	0.6680000000000001	2.332	0.0
840	0.0	0.0	0.0	0.0	0.0	0.0	0.0
841	2.0	0.0	2.0	0.0	2.0	4.0	2.0
842	0.0	0.0	0.0	0.0	0.0	0.0	0.0
843	0.0	0.0	0.0	0.0	0.0	0.0	0.0
844	2.0	0.0	2.0	0.0	1.6680000000000001	4.332	2.0
845	2.0	0.0	1.0	0.0	0.6660000000000004	5.334	1.0
846	2.0	2.0	1.0	0.0	0.9990000000000006	11.001	1.0
847	0.0	2.0	0.0	1.0	1.3330000000000002	4.667	1.0
848	1.0	0.0	1.0	0.0	0.3330000000000002	2.667	1.0
849	2.0	0.0	2.0	0.0	2.0	4.0	2.0
850	1.0	1.0	1.0	1.0	1.6680000000000001	4.332	2.0
851	0.0	0.0	0.0	0.0	0.0	0.0	0.0
852	1.0	0.0	1.0	0.0	0.3330000000000002	2.667	1.0
853	1.0	0.0	1.0	0.0	0.3330000000000002	2.667	1.0
854	1.0	0.0	1.0	0.0	0.3330000000000002	2.667	1.0
855	3.0	3.0	2.0	1.0	5.668	12.332	3.0
856	1.0	0.0	0.0	0.0	1.0	2.0	0.0
857	2.0	0.0	2.0	0.0	1.6680000000000001	4.332	2.0
858	2.0	0.0	1.0	0.0	2.0	4.0	1.0
859	2.0	0.0	2.0	0.0	0.6660000000000004	5.334	2.0
860	0.0	1.0	0.0	1.0	0.3330000000000002	2.667	1.0
861	0.0	0.0	0.0	0.0	0.0	0.0	0.0
862	0.0	0.0	0.0	0.0	0.0	0.0	0.0
863	1.0	3.0	0.0	3.0	2.333	6.667	2.0
864	4.0	1.0	3.0	0.0	2.9990000000000006	12.001	3.0
865	2.0	0.0	2.0	0.0	0.6660000000000004	5.334	2.0
866	3.0	0.0	2.0	0.0	3.0	6.0	2.0
867	0.0	0.0	0.0	0.0	0.0	0.0	0.0
868	2.0	0.0	2.0	0.0	1.3360000000000003	4.664	2.0
869	2.0	0.0	1.0	0.0	2.4	3.6	1.0
870	1.0	2.0	1.0	2.0	1.3330000000000002	4.667	2.0
871	2.0	2.0	1.0	2.0	1.3330000000000002	4.667	1.0
872	3.0	0.0	2.0	0.0	2.736	6.263999999999999	2.0
873	3.0	0.0	2.0	0.0	3.0	6.0	2.0
874	0.0	0.0	0.0	0.0	0.0	0.0	0.0
875	2.0	0.0	1.0	0.0	2.0	4.0	1.0
876	0.0	0.0	0.0	0.0	0.0	0.0	0.0
877	1.0	0.0	1.0	0.0	1.4	1.6	1.0
878	2.0	1.0	2.0	1.0	1.3330000000000002	4.667	2.0
879	0.0	1.0	0.0	1.0	0.6680000000000001	2.332	1.0
880	2.0	2.0	1.0	2.0	2.0	4.0	1.0
881	2.0	1.0	1.0	1.0	3.0	6.0	2.0
882	4.0	2.0	2.0	2.0	5.0	10.0	3.0
883	2.0	0.0	0.0	0.0	0.6660000000000004	5.334	0.0
884	1.0	4.0	1.0	0.0	2.6660000000000004	9.334	1.0
885	2.0	2.0	2.0	0.0	3.733	8.267	2.0
886	3.0	2.0	3.0	2.0	3.133	5.866999999999999	3.0
887	2.0	2.0	1.0	2.0	1.6660000000000004	7.334	2.0
888	2.0	1.0	2.0	1.0	2.0	4.0	2.0
889	0.0	0.0	0.0	0.0	0.0	0.0	0.0
890	2.0	1.0	1.0	0.0	1.6660000000000004	7.334	1.0
891	0.0	3.0	0.0	1.0	0.6660000000000004	5.334	1.0
892	1.0	1.0	1.0	0.0	2.0	4.0	1.0
893	1.0	0.0	1.0	0.0	1.4	1.6	1.0
894	0.0	1.0	0.0	0.0	0.3330000000000002	2.667	0.0
895	2.0	1.0	2.0	1.0	0.9990000000000006	8.001	3.0
896	2.0	0.0	1.0	0.0	2.0	4.0	1.0
897	2.0	1.0	0.0	0.0	0.6660000000000004	5.334	0.0
898	1.0	0.0	1.0	0.0	0.3330000000000002	2.667	1.0
899	2.0	0.0	0.0	0.0	2.0	4.0	0.0
900	1.0	0.0	1.0	0.0	1.0	2.0	1.0
901	1.0	0.0	1.0	0.0	0.3330000000000002	2.667	1.0
902	1.0	0.0	1.0	0.0	1.0	2.0	1.0
903	2.0	0.0	1.0	0.0	2.0	4.0	1.0
904	2.0	0.0	1.0	0.0	2.0	4.0	1.0
905	1.0	2.0	0.0	1.0	0.9990000000000006	8.001	1.0
906	1.0	0.0	1.0	0.0	0.3330000000000002	2.667	1.0
907	1.0	0.0	1.0	0.0	1.0	2.0	1.0
908	1.0	0.0	0.0	0.0	0.3330000000000002	2.667	0.0
909	0.0	0.0	0.0	0.0	0.0	0.0	0.0
910	1.0	0.0	1.0	0.0	0.3330000000000002	2.667	1.0
911	0.0	0.0	0.0	0.0	0.0	0.0	0.0
912	0.0	0.0	0.0	0.0	0.0	0.0	0.0
913	3.0	0.0	2.0	0.0	3.0	6.0	2.0
914	3.0	0.0	2.0	0.0	3.0	6.0	2.0
915	1.0	0.0	1.0	0.0	0.3330000000000002	2.667	1.0
916	2.0	0.0	1.0	0.0	2.0	4.0	1.0
917	0.0	1.0	0.0	1.0	1.0	2.0	1.0
918	1.0	0.0	0.0	0.0	0.6680000000000001	2.332	0.0
919	1.0	0.0	1.0	0.0	0.3330000000000002	2.667	1.0
920	0.0	0.0	0.0	0.0	0.0	0.0	0.0
921	2.0	0.0	1.0	0.0	2.0	4.0	1.0
922	1.0	0.0	1.0	0.0	1.0	2.0	1.0
923	2.0	1.0	1.0	1.0	2.0	7.0	2.0
924	3.0	0.0	1.0	0.0	3.0	6.0	1.0
925	2.0	0.0	1.0	0.0	0.6660000000000004	5.334	1.0
926	1.0	1.0	1.0	0.0	2.0	4.0	1.0
927	0.0	0.0	0.0	0.0	0.0	0.0	0.0
928	2.0	1.0	1.0	1.0	0.6660000000000004	5.334	1.0
929	1.0	0.0	1.0	0.0	0.3330000000000002	2.667	1.0
930	1.0	0.0	1.0	0.0	0.3330000000000002	2.667	1.0
931	0.0	0.0	0.0	0.0	0.0	0.0	0.0
932	1.0	0.0	0.0	0.0	1.0	2.0	0.0
933	1.0	0.0	1.0	0.0	1.0	2.0	1.0
934	1.0	2.0	1.0	1.0	1.6680000000000001	4.332	1.0
935	1.0	0.0	1.0	0.0	1.0	2.0	1.0
936	0.0	0.0	0.0	0.0	0.0	0.0	0.0
937	3.0	0.0	3.0	0.0	3.4	5.6	3.0
938	1.0	0.0	0.0	0.0	0.3330000000000002	2.667	0.0
939	0.0	1.0	0.0	0.0	0.3330000000000002	2.667	0.0
940	3.0	0.0	1.0	0.0	3.0	6.0	1.0
941	2.0	0.0	2.0	0.0	2.0	4.0	2.0
942	0.0	1.0	0.0	0.0	1.0	2.0	0.0
943	2.0	0.0	2.0	0.0	2.0	4.0	2.0
944	1.0	0.0	0.0	0.0	1.0	2.0	0.0
945	1.0	0.0	0.0	0.0	0.3330000000000002	2.667	0.0
946	2.0	1.0	1.0	1.0	3.0	6.0	2.0
947	2.0	0.0	2.0	0.0	2.0	4.0	2.0
948	2.0	0.0	1.0	0.0	1.3360000000000003	4.664	1.0
949	2.0	0.0	1.0	0.0	2.0	4.0	1.0
950	2.0	0.0	1.0	0.0	2.0	4.0	1.0
951	2.0	0.0	1.0	0.0	1.6680000000000001	4.332	1.0
952	1.0	0.0	0.0	0.0	0.3330000000000002	2.667	0.0
953	1.0	0.0	1.0	0.0	0.3330000000000002	2.667	1.0
954	0.0	0.0	0.0	0.0	0.0	0.0	0.0
955	2.0	0.0	2.0	0.0	2.0	4.0	2.0
956	0.0	2.0	0.0	1.0	0.6660000000000004	5.334	1.0
957	2.0	0.0	1.0	0.0	0.6660000000000004	5.334	1.0
958	3.0	0.0	2.0	0.0	3.0	6.0	2.0
959	0.0	0.0	0.0	0.0	0.0	0.0	0.0
960	3.0	0.0	2.0	0.0	3.0	6.0	2.0
961	1.0	0.0	1.0	0.0	1.0	2.0	1.0
962	0.0	0.0	0.0	0.0	0.0	0.0	0.0
963	0.0	0.0	0.0	0.0	0.0	0.0	0.0
964	0.0	0.0	0.0	0.0	0.0	0.0	0.0
965	1.0	0.0	0.0	0.0	0.3330000000000002	2.667	0.0
966	2.0	0.0	1.0	0.0	0.6660000000000004	5.334	1.0
967	2.0	0.0	1.0	0.0	2.0	4.0	1.0
968	1.0	0.0	1.0	0.0	0.3330000000000002	2.667	1.0
969	1.0	0.0	1.0	0.0	0.3330000000000002	2.667	1.0
970	1.0	2.0	1.0	2.0	1.0	2.0	1.0
971	1.0	2.0	1.0	2.0	1.3330000000000002	4.667	2.0
972	0.0	2.0	0.0	2.0	0.3330000000000002	2.667	1.0
973	0.0	2.0	0.0	2.0	1.0	2.0	1.0
974	2.0	1.0	2.0	1.0	1.3330000000000002	4.667	2.0
975	1.0	1.0	1.0	1.0	0.3330000000000002	2.667	1.0
976	0.0	2.0	0.0	2.0	1.0	2.0	1.0
977	2.0	0.0	0.0	0.0	2.0	4.0	0.0
978	0.0	2.0	0.0	2.0	1.0	2.0	1.0
979	0.0	0.0	0.0	0.0	0.0	0.0	0.0
980	2.0	0.0	1.0	0.0	0.6660000000000004	5.334	1.0
981	2.0	0.0	1.0	0.0	0.6660000000000004	5.334	1.0
982	2.0	0.0	0.0	0.0	2.0	4.0	0.0
983	2.0	0.0	1.0	0.0	0.6660000000000004	5.334	1.0
984	1.0	0.0	1.0	0.0	0.6680000000000001	2.332	1.0
985	2.0	0.0	1.0	0.0	2.0	4.0	1.0
986	1.0	1.0	0.0	1.0	0.6680000000000001	5.332	1.0
987	2.0	1.0	2.0	1.0	2.0	4.0	2.0
988	1.0	0.0	1.0	0.0	0.3330000000000002	2.667	1.0
989	1.0	0.0	1.0	0.0	0.3330000000000002	2.667	1.0
990	2.0	1.0	2.0	1.0	1.3330000000000002	4.667	2.0
991	1.0	0.0	1.0	0.0	0.3330000000000002	2.667	1.0
992	1.0	0.0	1.0	0.0	0.3330000000000002	2.667	1.0
993	0.0	0.0	0.0	0.0	0.0	0.0	0.0
994	1.0	0.0	1.0	0.0	0.3330000000000002	2.667	1.0
995	0.0	1.0	0.0	1.0	0.6680000000000001	2.332	1.0
996	1.0	0.0	0.0	0.0	0.3330000000000002	2.667	0.0
997	0.0	0.0	0.0	0.0	0.0	0.0	0.0
998	0.0	0.0	0.0	0.0	0.0	0.0	0.0
999	1.0	0.0	0.0	0.0	0.3330000000000002	2.667	0.0
1000	3.0	0.0	1.0	0.0	4.199999999999999	4.800000000000001	1.0
1001	2.0	0.0	2.0	0.0	0.6660000000000004	5.334	2.0
1002	4.0	0.0	3.0	0.0	4.0	8.0	3.0
1003	3.0	0.0	3.0	0.0	3.0	6.0	3.0
1004	2.0	0.0	1.0	0.0	2.8	3.2	1.0
1005	3.0	0.0	2.0	0.0	0.9990000000000006	8.001	2.0
1006	1.0	0.0	1.0	0.0	0.3330000000000002	2.667	1.0
1007	1.0	0.0	1.0	0.0	1.0	2.0	1.0
1008	2.0	0.0	2.0	0.0	0.6660000000000004	5.334	2.0
1009	1.0	3.0	0.0	3.0	2.668	6.332	2.0
1010	0.0	0.0	0.0	0.0	0.0	0.0	0.0
1011	3.0	1.0	1.0	1.0	3.0	9.0	2.0
1012	1.0	0.0	0.0	0.0	1.0	2.0	0.0
1013	2.0	1.0	2.0	0.0	2.3360000000000003	6.664	2.0
1014	1.0	0.0	1.0	0.0	1.0	2.0	1.0
1015	1.0	0.0	0.0	0.0	0.3330000000000002	2.667	0.0
1016	0.0	0.0	0.0	0.0	0.0	0.0	0.0
1017	0.0	1.0	0.0	1.0	1.0	2.0	1.0
1018	3.0	0.0	2.0	0.0	3.0	6.0	2.0
1019	1.0	2.0	1.0	2.0	1.3330000000000002	4.667	2.0
1020	1.0	2.0	1.0	2.0	1.3330000000000002	4.667	2.0
1021	3.0	0.0	1.0	0.0	3.0	6.0	1.0
1022	1.0	0.0	0.0	0.0	1.0	2.0	0.0
1023	0.0	1.0	0.0	1.0	1.0	2.0	1.0
1024	0.0	2.0	0.0	2.0	0.6680000000000001	2.332	1.0
1025	1.0	0.0	1.0	0.0	0.3330000000000002	2.667	1.0
1026	4.0	0.0	2.0	0.0	4.0	8.0	2.0
1027	2.0	1.0	2.0	1.0	1.6660000000000004	7.334	3.0
1028	0.0	2.0	0.0	2.0	0.6660000000000004	5.334	2.0
1029	2.0	0.0	2.0	0.0	0.6660000000000004	5.334	2.0
1030	0.0	1.0	0.0	1.0	0.3330000000000002	2.667	1.0
1031	0.0	2.0	0.0	2.0	0.6680000000000001	2.332	1.0
1032	0.0	1.0	0.0	1.0	1.0	2.0	1.0
1033	4.0	2.0	4.0	2.0	3.6660000000000004	11.334	5.0
1034	0.0	4.0	0.0	3.0	2.3360000000000003	6.664	2.0
1035	2.0	0.0	2.0	0.0	0.6660000000000004	5.334	2.0
1036	4.0	0.0	2.0	0.0	1.3360000000000003	4.664	1.0
1037	1.0	0.0	1.0	0.0	0.3330000000000002	2.667	1.0
1038	0.0	4.0	0.0	2.0	2.6660000000000004	9.334	2.0
1039	2.0	0.0	1.0	0.0	1.3360000000000003	4.664	1.0
1040	2.0	0.0	2.0	0.0	2.0	4.0	2.0
1041	3.0	0.0	1.0	0.0	3.0	6.0	1.0
1042	1.0	1.0	1.0	1.0	1.3330000000000002	4.667	2.0
1043	1.0	0.0	0.0	0.0	0.3330000000000002	2.667	0.0
1044	3.0	0.0	2.0	0.0	2.3360000000000003	6.664	2.0
1045	0.0	0.0	0.0	0.0	0.0	0.0	0.0
1046	0.0	1.0	0.0	1.0	0.0	3.0	1.0
1047	3.0	0.0	3.0	0.0	3.0	6.0	3.0
1048	0.0	0.0	0.0	0.0	0.0	0.0	0.0
1049	4.0	0.0	3.0	0.0	3.668	8.332	3.0
1050	2.0	0.0	0.0	0.0	2.0	4.0	0.0
1051	3.0	0.0	2.0	0.0	3.0	6.0	2.0
1052	1.0	1.0	0.0	1.0	0.6660000000000004	5.334	1.0
1053	2.0	0.0	2.0	0.0	0.6660000000000004	5.334	2.0
1054	0.0	3.0	0.0	2.0	0.9990000000000006	8.001	2.0
1055	1.0	1.0	1.0	1.0	1.0010000000000003	4.999	2.0
1056	3.0	1.0	2.0	1.0	3.333	8.667	3.0
1057	4.0	0.0	2.0	0.0	3.668	8.332	2.0
1058	2.0	2.0	2.0	2.0	1.3330000000000002	4.667	2.0
1059	1.0	1.0	1.0	1.0	1.3330000000000002	4.667	2.0
1060	2.0	0.0	1.0	0.0	2.0	4.0	1.0
1061	0.0	0.0	0.0	0.0	0.0	0.0	0.0
1062	0.0	0.0	0.0	0.0	0.0	0.0	0.0
1063	1.0	0.0	1.0	0.0	1.0	2.0	1.0
1064	2.0	0.0	1.0	0.0	2.0	4.0	1.0
1065	0.0	0.0	0.0	0.0	0.0	0.0	0.0
1066	2.0	2.0	1.0	0.0	0.6660000000000004	5.334	1.0
1067	1.0	0.0	1.0	0.0	0.3330000000000002	2.667	1.0
1068	1.0	0.0	0.0	0.0	1.0	2.0	0.0
1069	1.0	0.0	0.0	0.0	1.0	2.0	0.0
1070	0.0	1.0	0.0	0.0	0.3330000000000002	2.667	0.0
1071	0.0	1.0	0.0	1.0	0.6680000000000001	2.332	1.0
1072	1.0	0.0	1.0	0.0	1.0	2.0	1.0
1073	1.0	0.0	1.0	0.0	0.3330000000000002	2.667	1.0
1074	3.0	0.0	1.0	0.0	3.0	6.0	1.0
1075	0.0	0.0	0.0	0.0	0.0	0.0	0.0
1076	2.0	1.0	2.0	1.0	1.0	2.0	1.0
1077	0.0	0.0	0.0	0.0	0.0	0.0	0.0
1078	1.0	4.0	1.0	3.0	4.0	8.0	3.0
1079	3.0	1.0	1.0	1.0	3.0	6.0	1.0
1080	3.0	2.0	3.0	1.0	4.0	8.0	3.0
1081	0.0	0.0	0.0	0.0	0.0	0.0	0.0
1082	2.0	0.0	1.0	0.0	1.6680000000000001	4.332	1.0
1083	0.0	0.0	0.0	0.0	0.0	0.0	0.0
1084	1.0	1.0	1.0	1.0	1.0	2.0	1.0
1085	3.0	1.0	2.0	1.0	1.6660000000000004	7.334	2.0
1086	1.0	0.0	0.0	0.0	1.0	2.0	0.0
1087	1.0	0.0	1.0	0.0	0.3330000000000002	2.667	1.0
1088	2.0	2.0	2.0	1.0	0.9990000000000006	8.001	2.0
1089	4.0	1.0	4.0	1.0	2.333	6.667	3.0
1090	2.0	1.0	2.0	1.0	2.0	4.0	2.0
1091	0.0	0.0	0.0	0.0	0.0	0.0	0.0
1092	1.0	2.0	0.0	1.0	1.3340000000000005	7.6659999999999995	1.0
1093	5.0	0.0	3.0	0.0	5.0	10.0	3.0
1094	2.0	1.0	2.0	1.0	2.0	4.0	2.0
1095	0.0	0.0	0.0	0.0	0.0	0.0	0.0
1096	0.0	0.0	0.0	0.0	0.0	0.0	0.0
1097	0.0	0.0	0.0	0.0	0.0	0.0	0.0
1098	0.0	1.0	0.0	1.0	0.6680000000000001	2.332	1.0
1099	3.0	1.0	2.0	1.0	4.0	8.0	3.0
1100	2.0	3.0	0.0	3.0	2.3320000000000007	12.668	3.0
1101	1.0	2.0	0.0	2.0	1.3330000000000002	4.667	1.0
1102	0.0	0.0	0.0	0.0	0.0	0.0	0.0
1103	0.0	0.0	0.0	0.0	0.0	0.0	0.0
1104	0.0	0.0	0.0	0.0	0.0	0.0	0.0
1105	2.0	0.0	2.0	0.0	0.6660000000000004	5.334	2.0
1106	3.0	2.0	3.0	1.0	3.333	8.667	3.0
1107	1.0	2.0	1.0	2.0	0.9990000000000006	8.001	3.0
1108	1.0	1.0	0.0	0.0	0.6660000000000004	5.334	0.0
1109	1.0	0.0	0.0	0.0	1.0	2.0	0.0
1110	4.0	2.0	1.0	1.0	5.333	12.667	2.0
1111	1.0	0.0	1.0	0.0	0.3330000000000002	2.667	1.0
1112	1.0	0.0	0.0	0.0	0.3330000000000002	2.667	0.0
1113	2.0	0.0	2.0	0.0	2.0	4.0	2.0
1114	3.0	0.0	1.0	0.0	3.0	6.0	1.0
1115	0.0	1.0	0.0	1.0	0.3330000000000002	2.667	1.0
1116	1.0	2.0	1.0	2.0	1.3330000000000002	4.667	2.0
1117	0.0	0.0	0.0	0.0	0.0	0.0	0.0
1118	0.0	0.0	0.0	0.0	0.0	0.0	0.0
1119	3.0	0.0	3.0	0.0	1.6680000000000001	4.332	2.0
1120	2.0	0.0	1.0	0.0	2.0	4.0	1.0
1121	1.0	0.0	0.0	0.0	1.0	2.0	0.0
1122	3.0	1.0	2.0	1.0	3.0	6.0	2.0
1123	0.0	0.0	0.0	0.0	0.0	0.0	0.0
1124	0.0	0.0	0.0	0.0	0.0	0.0	0.0
1125	1.0	1.0	0.0	1.0	0.6660000000000004	5.334	1.0
1126	3.0	4.0	2.0	4.0	5.0	10.0	4.0
1127	2.0	4.0	1.0	3.0	4.333	10.667	3.0
1128	0.0	6.0	0.0	4.0	3.6660000000000004	11.334	3.0
1129	0.0	2.0	0.0	2.0	1.0	2.0	1.0
1130	0.0	3.0	0.0	2.0	2.333	6.667	2.0
1131	0.0	0.0	0.0	0.0	0.0	0.0	0.0
1132	0.0	1.0	0.0	1.0	0.3330000000000002	2.667	1.0
1133	0.0	0.0	0.0	0.0	0.0	0.0	0.0
1134	3.0	0.0	1.0	0.0	3.0	6.0	1.0
1135	1.0	0.0	1.0	0.0	1.0	2.0	1.0
1136	1.0	0.0	1.0	0.0	0.3330000000000002	2.667	1.0
1137	2.0	0.0	2.0	0.0	1.3360000000000003	4.664	2.0
1138	2.0	1.0	2.0	0.0	2.668	6.332	2.0
1139	1.0	0.0	1.0	0.0	1.0	2.0	1.0
1140	1.0	0.0	1.0	0.0	0.3330000000000002	2.667	1.0
1141	0.0	0.0	0.0	0.0	0.0	0.0	0.0
1142	0.0	2.0	0.0	2.0	0.3330000000000002	2.667	1.0
1143	0.0	5.0	0.0	0.0	1.6660000000000004	7.334	0.0
1144	0.0	1.0	0.0	1.0	1.0	2.0	1.0
1145	0.0	0.0	0.0	0.0	0.0	0.0	0.0
1146	0.0	0.0	0.0	0.0	0.0	0.0	0.0
1147	0.0	4.0	0.0	3.0	2.333	6.667	2.0
1148	0.0	0.0	0.0	0.0	0.0	0.0	0.0
1149	0.0	0.0	0.0	0.0	0.0	0.0	0.0
1150	0.0	0.0	0.0	0.0	0.0	0.0	0.0
1151	0.0	0.0	0.0	0.0	0.0	0.0	0.0
1152	0.0	0.0	0.0	0.0	0.0	0.0	0.0
1153	0.0	0.0	0.0	0.0	0.0	0.0	0.0
1154	0.0	0.0	0.0	0.0	0.0	0.0	0.0
1155	1.0	1.0	1.0	1.0	0.6660000000000004	5.334	2.0
1156	1.0	0.0	1.0	0.0	0.3330000000000002	2.667	1.0
1157	2.0	1.0	2.0	1.0	1.6660000000000004	7.334	3.0
1158	3.0	2.0	3.0	2.0	4.0	8.0	4.0
1159	2.0	0.0	1.0	0.0	2.4	3.6	1.0
1160	0.0	1.0	0.0	0.0	0.3330000000000002	2.667	0.0
1161	2.0	0.0	1.0	0.0	2.0	4.0	1.0
1162	1.0	0.0	1.0	0.0	1.0	2.0	1.0
1163	1.0	0.0	1.0	0.0	0.3330000000000002	2.667	1.0
1164	2.0	0.0	1.0	0.0	1.6680000000000001	4.332	1.0
1165	4.0	0.0	1.0	0.0	4.0	8.0	1.0
1166	2.0	2.0	1.0	2.0	2.668	9.332	3.0
1167	1.0	1.0	1.0	1.0	1.0	2.0	1.0
1168	1.0	2.0	1.0	2.0	1.6680000000000001	4.332	2.0
1169	2.0	1.0	1.0	1.0	3.0	6.0	2.0
1170	1.0	1.0	1.0	1.0	1.0	2.0	1.0
1171	0.0	2.0	0.0	2.0	1.0	2.0	1.0
1172	2.0	1.0	2.0	1.0	2.0	4.0	2.0
1173	5.0	2.0	5.0	2.0	3.668	8.332	4.0
1174	3.0	0.0	2.0	0.0	3.0	6.0	2.0
1175	1.0	5.0	1.0	4.0	2.6660000000000004	9.334	3.0
1176	2.0	3.0	1.0	3.0	2.0010000000000003	6.999	2.0
1177	1.0	1.0	1.0	1.0	1.3330000000000002	4.667	2.0
1178	0.0	3.0	0.0	2.0	1.3330000000000002	4.667	1.0
1179	0.0	2.0	0.0	2.0	0.3330000000000002	2.667	1.0
1180	3.0	5.0	1.0	3.0	4.9990000000000006	16.000999999999998	3.0
1181	3.0	0.0	2.0	0.0	3.0	6.0	2.0
1182	2.0	0.0	1.0	0.0	0.6660000000000004	5.334	1.0
1183	0.0	0.0	0.0	0.0	0.0	0.0	0.0
1184	0.0	0.0	0.0	0.0	0.0	0.0	0.0
1185	0.0	3.0	0.0	2.0	2.333	6.667	2.0
1186	1.0	1.0	1.0	1.0	0.6660000000000004	5.334	2.0
1187	0.0	2.0	0.0	2.0	0.6660000000000004	5.334	2.0
1188	2.0	1.0	1.0	0.0	1.3330000000000002	4.667	1.0
1189	0.0	0.0	0.0	0.0	0.0	0.0	0.0
1190	2.0	2.0	2.0	2.0	1.3320000000000007	10.668	4.0
1191	2.0	0.0	1.0	0.0	2.0	4.0	1.0
1192	0.0	1.0	0.0	1.0	0.3330000000000002	2.667	1.0
1193	0.0	4.0	0.0	3.0	2.6660000000000004	9.334	3.0
1194	2.0	6.0	1.0	2.0	5.000000000000001	19.0	3.0
1195	3.0	2.0	1.0	0.0	2.3360000000000003	6.664	1.0
1196	2.0	4.0	1.0	1.0	3.3320000000000007	14.668	2.0
1197	1.0	2.0	0.0	2.0	1.6660000000000004	7.334	2.0
1198	0.0	0.0	0.0	0.0	0.0	0.0	0.0
1199	0.0	0.0	0.0	0.0	0.0	0.0	0.0
1200	1.0	0.0	0.0	0.0	0.3330000000000002	2.667	0.0
1201	0.0	2.0	0.0	1.0	0.6660000000000004	5.334	1.0
1202	1.0	2.0	1.0	2.0	0.9990000000000006	8.001	3.0
1203	1.0	1.0	0.0	0.0	0.6660000000000004	5.334	0.0
1204	1.0	0.0	0.0	0.0	0.3330000000000002	2.667	0.0
1205	0.0	2.0	0.0	1.0	0.6660000000000004	5.334	1.0
1206	1.0	0.0	1.0	0.0	0.3330000000000002	2.667	1.0
1207	2.0	2.0	1.0	1.0	3.0	6.0	2.0
1208	2.0	1.0	2.0	1.0	1.3330000000000002	4.667	2.0
1209	1.0	0.0	0.0	0.0	1.0	2.0	0.0
1210	3.0	2.0	2.0	0.0	2.9990000000000006	12.001	2.0
1211	2.0	0.0	2.0	0.0	1.6680000000000001	4.332	2.0
1212	1.0	0.0	1.0	0.0	1.0	2.0	1.0
1213	0.0	0.0	0.0	0.0	0.0	0.0	0.0
1214	1.0	0.0	0.0	0.0	0.3330000000000002	2.667	0.0
1215	1.0	2.0	1.0	2.0	1.0	2.0	1.0
1216	1.0	2.0	1.0	2.0	0.3330000000000002	2.667	1.0
1217	3.0	0.0	2.0	0.0	3.0	6.0	2.0
1218	2.0	1.0	2.0	1.0	3.0	6.0	3.0
1219	3.0	0.0	2.0	0.0	2.0040000000000004	6.9959999999999996	2.0
1220	4.0	0.0	4.0	0.0	2.3360000000000003	6.664	3.0
1221	1.0	0.0	1.0	0.0	1.0	2.0	1.0
1222	4.0	0.0	2.0	0.0	2.3360000000000003	6.664	1.0
1223	1.0	0.0	1.0	0.0	1.0	2.0	1.0
1224	1.0	1.0	1.0	1.0	1.0	2.0	1.0
1225	2.0	1.0	1.0	1.0	0.9990000000000006	8.001	2.0
1226	2.0	0.0	1.0	0.0	0.6660000000000004	5.334	1.0
1227	0.0	0.0	0.0	0.0	0.0	0.0	0.0
1228	0.0	0.0	0.0	0.0	0.0	0.0	0.0
1229	1.0	0.0	0.0	0.0	0.3330000000000002	2.667	0.0
1230	0.0	1.0	0.0	0.0	0.3330000000000002	2.667	0.0
1231	1.0	2.0	0.0	1.0	0.9990000000000006	8.001	1.0
1232	1.0	2.0	0.0	1.0	0.9990000000000006	8.001	1.0
1233	1.0	0.0	1.0	0.0	0.3330000000000002	2.667	1.0
1234	2.0	1.0	1.0	1.0	1.3330000000000002	4.667	1.0
1235	3.0	3.0	2.0	2.0	4.333	10.667	3.0
1236	3.0	2.0	3.0	2.0	2.333	6.667	3.0
1237	0.0	2.0	0.0	1.0	1.3330000000000002	4.667	1.0
1238	0.0	0.0	0.0	0.0	0.0	0.0	0.0
1239	1.0	0.0	1.0	0.0	0.3330000000000002	2.667	1.0
1240	2.0	0.0	2.0	0.0	2.0	4.0	2.0
1241	3.0	0.0	2.0	0.0	3.0	6.0	2.0
1242	2.0	2.0	1.0	2.0	2.333	6.667	2.0
1243	2.0	1.0	1.0	1.0	3.0	6.0	2.0
1244	0.0	2.0	0.0	2.0	1.3330000000000002	4.667	2.0
1245	2.0	3.0	2.0	1.0	3.333	8.667	2.0
1246	1.0	1.0	1.0	0.0	1.3330000000000002	4.667	1.0
1247	1.0	2.0	1.0	2.0	1.0	2.0	1.0
1248	0.0	1.0	0.0	1.0	1.0	2.0	1.0
1249	0.0	0.0	0.0	0.0	0.0	0.0	0.0
1250	1.0	1.0	0.0	0.0	0.3330000000000002	2.667	0.0
1251	0.0	0.0	0.0	0.0	0.0	0.0	0.0
1252	3.0	4.0	3.0	2.0	2.665000000000001	15.334999999999999	4.0
1253	2.0	0.0	1.0	0.0	2.0	4.0	1.0
1254	2.0	2.0	1.0	2.0	3.0	6.0	2.0
1255	3.0	1.0	3.0	1.0	3.0	6.0	3.0
1256	1.0	2.0	1.0	2.0	0.3330000000000002	2.667	1.0
1257	1.0	0.0	1.0	0.0	1.0	2.0	1.0
1258	1.0	0.0	1.0	0.0	0.3330000000000002	2.667	1.0
1259	0.0	2.0	0.0	2.0	1.0	2.0	1.0
1260	2.0	0.0	0.0	0.0	0.6660000000000004	5.334	0.0
1261	0.0	0.0	0.0	0.0	0.0	0.0	0.0
1262	2.0	0.0	2.0	0.0	2.0	4.0	2.0
1263	2.0	1.0	2.0	1.0	1.6660000000000004	7.334	3.0
1264	1.0	3.0	0.0	2.0	2.333	6.667	1.0
1265	1.0	1.0	1.0	1.0	1.3330000000000002	4.667	2.0
1266	1.0	2.0	0.0	2.0	1.6660000000000004	7.334	2.0
1267	1.0	2.0	0.0	2.0	1.6660000000000004	7.334	2.0
1268	1.0	0.0	1.0	0.0	0.3330000000000002	2.667	1.0
1269	1.0	1.0	1.0	1.0	0.6660000000000004	5.334	2.0
1270	0.0	2.0	0.0	1.0	0.6660000000000004	5.334	1.0
1271	2.0	2.0	1.0	2.0	0.9990000000000006	8.001	2.0
1272	0.0	0.0	0.0	0.0	0.0	0.0	0.0
1273	0.0	0.0	0.0	0.0	0.0	0.0	0.0
