all_syn	all_nonSyn	tip_syn	tip_nonSyn	S	N	comparisons
001	0.0	0.0	0.0	0.0	0.0	0.0	0.0
002	0.0	0.0	0.0	0.0	0.0	0.0	0.0
003	2.0	0.0	1.0	0.0	2.8	3.2	1.0
004	0.0	0.0	0.0	0.0	0.0	0.0	0.0
005	1.0	1.0	1.0	1.0	0.3330000000000002	2.667	1.0
006	1.0	0.0	1.0	0.0	1.0	2.0	1.0
007	1.0	2.0	1.0	2.0	0.3330000000000002	2.667	1.0
008	2.0	0.0	1.0	0.0	2.0	4.0	1.0
009	2.0	2.0	2.0	2.0	1.3330000000000002	4.667	2.0
010	1.0	1.0	1.0	0.0	0.6660000000000004	5.334	1.0
011	1.0	0.0	1.0	0.0	1.0	2.0	1.0
012	2.0	2.0	1.0	2.0	1.3330000000000002	4.667	1.0
013	1.0	1.0	1.0	1.0	0.3330000000000002	2.667	1.0
014	0.0	0.0	0.0	0.0	0.0	0.0	0.0
015	1.0	2.0	1.0	2.0	0.6680000000000001	2.332	1.0
016	1.0	1.0	0.0	0.0	1.0	2.0	0.0
017	2.0	4.0	1.0	2.0	3.0	6.0	2.0
018	2.0	0.0	2.0	0.0	2.0	4.0	2.0
019	1.0	2.0	0.0	2.0	1.3330000000000002	4.667	1.0
020	2.0	2.0	1.0	2.0	3.0	6.0	2.0
021	1.0	2.0	0.0	1.0	2.4	3.6	1.0
022	1.0	2.0	1.0	0.0	2.0	4.0	1.0
023	1.0	0.0	1.0	0.0	0.3330000000000002	2.667	1.0
024	0.0	0.0	0.0	0.0	0.0	0.0	0.0
025	1.0	0.0	1.0	0.0	0.6680000000000001	2.332	1.0
026	2.0	0.0	1.0	0.0	2.4	3.6	1.0
027	2.0	0.0	1.0	0.0	2.0	4.0	1.0
028	1.0	0.0	1.0	0.0	0.3330000000000002	2.667	1.0
029	1.0	0.0	0.0	0.0	1.0	2.0	0.0
030	0.0	0.0	0.0	0.0	0.0	0.0	0.0
031	1.0	2.0	1.0	2.0	1.0	2.0	1.0
032	1.0	2.0	0.0	1.0	2.333	6.667	1.0
033	2.0	1.0	1.0	0.0	2.0	4.0	1.0
034	0.0	0.0	0.0	0.0	0.0	0.0	0.0
035	2.0	1.0	2.0	1.0	1.6680000000000001	4.332	2.0
036	2.0	1.0	1.0	1.0	2.0	4.0	1.0
037	0.0	0.0	0.0	0.0	0.0	0.0	0.0
038	0.0	2.0	0.0	1.0	0.6660000000000004	5.334	1.0
039	0.0	1.0	0.0	1.0	0.3330000000000002	2.667	1.0
040	0.0	2.0	0.0	2.0	0.3330000000000002	2.667	1.0
041	2.0	1.0	0.0	0.0	1.3330000000000002	4.667	0.0
042	1.0	0.0	0.0	0.0	0.3330000000000002	2.667	0.0
043	2.0	1.0	0.0	1.0	2.733	6.2669999999999995	1.0
044	1.0	3.0	1.0	1.0	1.6660000000000004	7.334	2.0
045	0.0	4.0	0.0	2.0	1.3330000000000002	4.667	1.0
046	1.0	0.0	0.0	0.0	1.0	2.0	0.0
047	1.0	2.0	1.0	2.0	1.6680000000000001	4.332	2.0
048	1.0	1.0	1.0	1.0	0.3330000000000002	2.667	1.0
049	0.0	0.0	0.0	0.0	0.0	0.0	0.0
050	1.0	2.0	0.0	0.0	2.0	4.0	0.0
051	1.0	0.0	0.0	0.0	1.0	2.0	0.0
052	1.0	0.0	0.0	0.0	0.3330000000000002	2.667	0.0
053	1.0	3.0	0.0	1.0	3.0	6.0	1.0
054	1.0	0.0	0.0	0.0	0.3330000000000002	2.667	0.0
055	0.0	0.0	0.0	0.0	0.0	0.0	0.0
056	2.0	3.0	1.0	2.0	0.3330000000000002	5.667	1.0
057	0.0	0.0	0.0	0.0	0.0	0.0	0.0
058	1.0	1.0	0.0	0.0	1.0	2.0	0.0
059	1.0	0.0	0.0	0.0	0.3330000000000002	2.667	0.0
060	0.0	0.0	0.0	0.0	0.0	0.0	0.0
061	0.0	1.0	0.0	1.0	1.0	2.0	1.0
062	0.0	0.0	0.0	0.0	0.0	0.0	0.0
063	2.0	1.0	0.0	0.0	1.0	2.0	0.0
064	2.0	2.0	1.0	2.0	2.333	6.667	2.0
065	1.0	3.0	0.0	2.0	2.333	6.667	2.0
066	1.0	0.0	1.0	0.0	1.0	2.0	1.0
067	1.0	1.0	1.0	1.0	2.068	3.932	2.0
068	1.0	1.0	1.0	0.0	0.6660000000000004	5.334	1.0
069	0.0	0.0	0.0	0.0	0.0	0.0	0.0
070	2.0	1.0	1.0	1.0	2.0	4.0	1.0
071	0.0	0.0	0.0	0.0	0.0	0.0	0.0
072	2.0	0.0	1.0	0.0	2.0	4.0	1.0
073	0.0	0.0	0.0	0.0	0.0	0.0	0.0
074	0.0	0.0	0.0	0.0	0.0	0.0	0.0
075	0.0	0.0	0.0	0.0	0.0	0.0	0.0
076	0.0	0.0	0.0	0.0	0.0	0.0	0.0
077	0.0	0.0	0.0	0.0	0.0	0.0	0.0
078	0.0	0.0	0.0	0.0	0.0	0.0	0.0
079	1.0	0.0	0.0	0.0	0.3330000000000002	2.667	0.0
080	0.0	2.0	0.0	2.0	1.0	2.0	1.0
081	1.0	2.0	1.0	2.0	1.0	2.0	1.0
082	1.0	0.0	0.0	0.0	0.3330000000000002	2.667	0.0
083	2.0	0.0	1.0	0.0	2.0	4.0	1.0
084	1.0	0.0	0.0	0.0	0.3330000000000002	2.667	0.0
085	2.0	0.0	1.0	0.0	2.4	3.6	1.0
086	2.0	1.0	1.0	1.0	2.0	4.0	1.0
087	0.0	0.0	0.0	0.0	0.0	0.0	0.0
088	2.0	3.0	1.0	2.0	2.333	6.667	2.0
089	0.0	0.0	0.0	0.0	0.0	0.0	0.0
090	0.0	0.0	0.0	0.0	0.0	0.0	0.0
091	0.0	0.0	0.0	0.0	0.0	0.0	0.0
092	0.0	0.0	0.0	0.0	0.0	0.0	0.0
093	0.0	2.0	0.0	0.0	0.3330000000000002	2.667	0.0
094	1.0	2.0	1.0	2.0	0.3330000000000002	2.667	1.0
095	0.0	0.0	0.0	0.0	0.0	0.0	0.0
096	1.0	0.0	0.0	0.0	0.3330000000000002	2.667	0.0
097	1.0	4.0	1.0	2.0	1.9990000000000006	10.001	2.0
098	0.0	3.0	0.0	3.0	1.733	4.2669999999999995	2.0
099	1.0	1.0	1.0	1.0	2.0	4.0	2.0
100	0.0	5.0	0.0	3.0	2.333	6.667	2.0
101	1.0	1.0	0.0	1.0	1.6680000000000001	4.332	1.0
102	0.0	0.0	0.0	0.0	0.0	0.0	0.0
103	1.0	1.0	1.0	1.0	0.3330000000000002	2.667	1.0
104	3.0	1.0	2.0	0.0	4.0	8.0	2.0
105	2.0	1.0	1.0	0.0	0.9990000000000006	8.001	1.0
106	2.0	0.0	0.0	0.0	2.4	3.6	0.0
107	2.0	1.0	0.0	1.0	3.0	6.0	1.0
108	1.0	0.0	1.0	0.0	0.3330000000000002	2.667	1.0
109	0.0	4.0	0.0	2.0	1.6660000000000004	10.334	2.0
110	1.0	1.0	0.0	0.0	2.0	4.0	0.0
111	2.0	3.0	1.0	2.0	2.0	4.0	1.0
112	1.0	2.0	1.0	2.0	2.0	4.0	2.0
113	1.0	4.0	0.0	1.0	2.333	6.667	1.0
114	0.0	2.0	0.0	0.0	1.6680000000000001	4.332	0.0
115	1.0	3.0	0.0	0.0	1.0010000000000003	4.999	0.0
116	1.0	3.0	0.0	1.0	1.6660000000000004	7.334	1.0
117	1.0	5.0	1.0	2.0	3.333	8.667	2.0
118	1.0	3.0	0.0	2.0	2.333	6.667	2.0
119	0.0	4.0	0.0	4.0	1.3330000000000002	4.667	2.0
120	0.0	3.0	0.0	2.0	1.0010000000000003	7.999	2.0
121	0.0	0.0	0.0	0.0	0.0	0.0	0.0
122	1.0	2.0	1.0	2.0	0.3330000000000002	2.667	1.0
123	0.0	0.0	0.0	0.0	0.0	0.0	0.0
124	1.0	3.0	0.0	1.0	1.6660000000000004	7.334	1.0
125	1.0	3.0	0.0	1.0	1.3340000000000005	7.6659999999999995	1.0
126	2.0	1.0	0.0	0.0	0.3330000000000002	2.667	0.0
127	2.0	4.0	1.0	3.0	4.7330000000000005	10.267	3.0
128	2.0	1.0	1.0	0.0	2.0	4.0	1.0
129	1.0	1.0	1.0	1.0	1.0	2.0	1.0
130	2.0	4.0	1.0	2.0	4.001	10.998999999999999	2.0
131	0.0	4.0	0.0	3.0	1.6660000000000004	7.334	2.0
132	1.0	2.0	1.0	2.0	1.3330000000000002	4.667	2.0
133	1.0	2.0	0.0	1.0	2.0	4.0	1.0
134	2.0	3.0	1.0	1.0	2.6660000000000004	9.334	1.0
135	1.0	0.0	1.0	0.0	0.3330000000000002	2.667	1.0
136	1.0	0.0	0.0	0.0	1.0	2.0	0.0
137	0.0	0.0	0.0	0.0	0.0	0.0	0.0
138	1.0	0.0	0.0	0.0	0.3330000000000002	2.667	0.0
139	2.0	5.0	1.0	2.0	5.333	12.667	2.0
140	1.0	0.0	1.0	0.0	1.0	2.0	1.0
141	2.0	0.0	1.0	0.0	2.0	4.0	1.0
142	0.0	0.0	0.0	0.0	0.0	0.0	0.0
143	2.0	0.0	1.0	0.0	2.0	4.0	1.0
144	1.0	0.0	0.0	0.0	1.0	2.0	0.0
145	1.0	0.0	0.0	0.0	0.3330000000000002	2.667	0.0
146	1.0	0.0	1.0	0.0	0.3330000000000002	2.667	1.0
147	1.0	0.0	0.0	0.0	1.0	2.0	0.0
148	1.0	2.0	0.0	1.0	1.6680000000000001	4.332	1.0
149	1.0	0.0	0.0	0.0	1.0	2.0	0.0
150	1.0	1.0	0.0	1.0	2.0	4.0	1.0
151	1.0	4.0	1.0	1.0	2.6660000000000004	9.334	2.0
152	2.0	5.0	2.0	3.0	3.3340000000000005	11.665999999999999	3.0
153	1.0	1.0	1.0	1.0	1.6680000000000001	4.332	2.0
154	0.0	4.0	0.0	4.0	2.333	6.667	3.0
155	0.0	0.0	0.0	0.0	0.0	0.0	0.0
156	1.0	0.0	1.0	0.0	0.3330000000000002	2.667	1.0
157	1.0	0.0	0.0	0.0	0.3330000000000002	2.667	0.0
158	0.0	4.0	0.0	3.0	1.6660000000000004	7.334	2.0
159	2.0	2.0	1.0	2.0	1.3330000000000002	4.667	1.0
160	0.0	0.0	0.0	0.0	0.0	0.0	0.0
161	0.0	1.0	0.0	0.0	0.3330000000000002	2.667	0.0
162	2.0	3.0	1.0	2.0	1.3330000000000002	4.667	1.0
163	1.0	3.0	1.0	2.0	2.0010000000000003	6.999	2.0
164	2.0	0.0	1.0	0.0	2.0	4.0	1.0
165	1.0	2.0	1.0	1.0	2.333	6.667	2.0
166	1.0	0.0	0.0	0.0	0.3330000000000002	2.667	0.0
167	2.0	3.0	2.0	1.0	3.0	6.0	2.0
168	1.0	3.0	1.0	1.0	1.6660000000000004	7.334	2.0
169	0.0	0.0	0.0	0.0	0.0	0.0	0.0
170	0.0	0.0	0.0	0.0	0.0	0.0	0.0
171	0.0	0.0	0.0	0.0	0.0	0.0	0.0
172	0.0	0.0	0.0	0.0	0.0	0.0	0.0
173	0.0	0.0	0.0	0.0	0.0	0.0	0.0
174	2.0	1.0	1.0	1.0	1.3330000000000002	4.667	1.0
175	2.0	2.0	1.0	1.0	1.733	4.2669999999999995	1.0
176	1.0	3.0	1.0	1.0	2.0	4.0	1.0
177	1.0	4.0	0.0	2.0	2.0010000000000003	6.999	2.0
178	2.0	1.0	1.0	1.0	2.4	6.6	2.0
179	2.0	1.0	1.0	0.0	2.0	4.0	1.0
180	0.0	3.0	0.0	2.0	2.668	6.332	2.0
181	1.0	2.0	1.0	0.0	1.3360000000000003	4.664	1.0
182	3.0	1.0	2.0	1.0	2.0	4.0	1.0
183	0.0	0.0	0.0	0.0	0.0	0.0	0.0
184	0.0	2.0	0.0	2.0	0.3330000000000002	2.667	1.0
185	1.0	2.0	1.0	2.0	1.3330000000000002	4.667	2.0
186	1.0	5.0	0.0	3.0	1.6660000000000004	7.334	2.0
187	0.0	4.0	0.0	3.0	1.6660000000000004	7.334	2.0
188	2.0	0.0	1.0	0.0	2.0	4.0	1.0
189	2.0	0.0	1.0	0.0	2.4	3.6	1.0
190	1.0	2.0	0.0	2.0	0.9990000000000006	8.001	2.0
191	1.0	1.0	1.0	1.0	0.6660000000000004	5.334	2.0
192	2.0	3.0	1.0	2.0	3.333	8.667	2.0
193	1.0	3.0	0.0	1.0	1.3330000000000002	4.667	1.0
194	2.0	2.0	1.0	0.0	3.8	5.2	1.0
195	0.0	3.0	0.0	3.0	2.3360000000000003	6.664	3.0
196	1.0	3.0	1.0	3.0	1.3330000000000002	4.667	2.0
197	1.0	1.0	1.0	0.0	0.6660000000000004	5.334	1.0
198	0.0	1.0	0.0	1.0	0.6680000000000001	2.332	1.0
199	1.0	1.0	0.0	1.0	2.0	4.0	1.0
200	1.0	1.0	1.0	1.0	1.0	2.0	1.0
201	1.0	0.0	1.0	0.0	1.0	2.0	1.0
202	1.0	3.0	0.0	2.0	1.3330000000000002	4.667	1.0
203	2.0	0.0	2.0	0.0	1.6680000000000001	4.332	2.0
204	0.0	0.0	0.0	0.0	0.0	0.0	0.0
205	2.0	0.0	1.0	0.0	2.0	4.0	1.0
206	0.0	0.0	0.0	0.0	0.0	0.0	0.0
207	1.0	0.0	1.0	0.0	1.0	2.0	1.0
208	1.0	1.0	0.0	1.0	2.0	4.0	1.0
209	0.0	5.0	0.0	4.0	2.6660000000000004	9.334	3.0
210	3.0	0.0	1.0	0.0	2.0	4.0	1.0
211	0.0	1.0	0.0	1.0	1.0	2.0	1.0
212	1.0	0.0	0.0	0.0	1.0	2.0	0.0
213	2.0	1.0	1.0	1.0	1.3330000000000002	4.667	1.0
214	3.0	0.0	3.0	0.0	1.6680000000000001	4.332	2.0
215	1.0	2.0	0.0	2.0	1.3330000000000002	4.667	1.0
216	1.0	0.0	1.0	0.0	0.3330000000000002	2.667	1.0
217	1.0	0.0	0.0	0.0	0.3330000000000002	2.667	0.0
218	1.0	1.0	1.0	1.0	0.0	3.0	1.0
219	2.0	0.0	1.0	0.0	2.0	4.0	1.0
220	0.0	0.0	0.0	0.0	0.0	0.0	0.0
221	1.0	1.0	0.0	1.0	0.6660000000000004	5.334	1.0
222	2.0	0.0	0.0	0.0	0.6680000000000001	2.332	0.0
223	1.0	1.0	1.0	1.0	1.0	2.0	1.0
224	2.0	0.0	1.0	0.0	2.0	4.0	1.0
225	0.0	0.0	0.0	0.0	0.0	0.0	0.0
226	1.0	0.0	0.0	0.0	0.3330000000000002	2.667	0.0
227	1.0	2.0	0.0	2.0	1.3330000000000002	4.667	1.0
228	1.0	0.0	1.0	0.0	1.0	2.0	1.0
229	0.0	0.0	0.0	0.0	0.0	0.0	0.0
230	2.0	1.0	1.0	1.0	1.4	4.6	1.0
231	2.0	0.0	1.0	0.0	2.0	4.0	1.0
232	1.0	0.0	1.0	0.0	0.6680000000000001	2.332	1.0
233	1.0	1.0	1.0	1.0	1.4	1.6	1.0
234	0.0	0.0	0.0	0.0	0.0	0.0	0.0
235	1.0	0.0	0.0	0.0	1.0	2.0	0.0
236	1.0	0.0	0.0	0.0	0.3330000000000002	2.667	0.0
237	2.0	0.0	1.0	0.0	2.0	4.0	1.0
238	2.0	2.0	2.0	1.0	4.0	8.0	3.0
239	2.0	1.0	2.0	1.0	1.0	2.0	1.0
240	2.0	0.0	1.0	0.0	2.0	4.0	1.0
241	2.0	0.0	1.0	0.0	0.6660000000000004	5.334	1.0
242	2.0	4.0	1.0	2.0	4.068	10.931999999999999	3.0
243	2.0	0.0	1.0	0.0	2.0	4.0	1.0
244	1.0	0.0	1.0	0.0	1.4	1.6	1.0
245	1.0	0.0	1.0	0.0	0.3330000000000002	2.667	1.0
246	1.0	0.0	1.0	0.0	0.3330000000000002	2.667	1.0
247	2.0	1.0	1.0	1.0	2.333	6.667	2.0
248	1.0	0.0	1.0	0.0	0.6680000000000001	2.332	1.0
249	2.0	0.0	1.0	0.0	2.8	3.2	1.0
250	1.0	2.0	0.0	2.0	1.6660000000000004	7.334	2.0
251	0.0	0.0	0.0	0.0	0.0	0.0	0.0
252	1.0	2.0	0.0	0.0	0.3330000000000002	2.667	0.0
253	0.0	0.0	0.0	0.0	0.0	0.0	0.0
254	0.0	0.0	0.0	0.0	0.0	0.0	0.0
255	1.0	1.0	1.0	1.0	0.0	3.0	1.0
256	2.0	0.0	1.0	0.0	2.0	4.0	1.0
257	2.0	1.0	1.0	0.0	2.0	4.0	1.0
258	1.0	1.0	0.0	1.0	1.3330000000000002	4.667	1.0
259	2.0	2.0	1.0	2.0	1.3330000000000002	4.667	1.0
260	0.0	0.0	0.0	0.0	0.0	0.0	0.0
261	1.0	2.0	0.0	2.0	1.3330000000000002	4.667	1.0
262	0.0	1.0	0.0	1.0	1.0	2.0	1.0
263	2.0	2.0	1.0	0.0	2.0	4.0	1.0
264	0.0	1.0	0.0	0.0	0.3330000000000002	2.667	0.0
265	0.0	2.0	0.0	1.0	0.6660000000000004	5.334	1.0
266	1.0	2.0	1.0	2.0	1.3330000000000002	4.667	2.0
267	2.0	3.0	1.0	1.0	2.3360000000000003	6.664	2.0
268	1.0	0.0	0.0	0.0	0.3330000000000002	2.667	0.0
269	1.0	2.0	1.0	1.0	2.0	4.0	1.0
270	0.0	2.0	0.0	2.0	0.6660000000000004	5.334	2.0
271	1.0	2.0	0.0	0.0	2.0	4.0	0.0
272	1.0	0.0	1.0	0.0	1.0	2.0	1.0
273	2.0	0.0	1.0	0.0	2.0	4.0	1.0
274	1.0	0.0	1.0	0.0	1.4	1.6	1.0
275	1.0	0.0	1.0	0.0	1.0	2.0	1.0
276	1.0	1.0	1.0	1.0	1.3330000000000002	4.667	2.0
277	1.0	2.0	1.0	2.0	1.3330000000000002	4.667	2.0
278	2.0	0.0	1.0	0.0	2.0	4.0	1.0
279	1.0	2.0	1.0	2.0	0.3330000000000002	2.667	1.0
280	1.0	1.0	1.0	0.0	0.6660000000000004	5.334	1.0
281	1.0	0.0	0.0	0.0	0.3330000000000002	2.667	0.0
282	1.0	1.0	0.0	0.0	2.0	4.0	0.0
283	0.0	2.0	0.0	2.0	0.3330000000000002	2.667	1.0
284	1.0	2.0	0.0	2.0	1.3330000000000002	7.667	2.0
285	1.0	3.0	0.0	2.0	2.3340000000000005	9.666	2.0
286	0.0	2.0	0.0	1.0	1.3330000000000002	4.667	1.0
287	2.0	3.0	1.0	1.0	4.0	8.0	2.0
288	1.0	3.0	1.0	2.0	1.6660000000000004	7.334	2.0
289	2.0	2.0	1.0	1.0	2.668	6.332	1.0
290	1.0	2.0	1.0	0.0	2.0	4.0	1.0
291	1.0	2.0	1.0	1.0	3.0	6.0	2.0
292	4.0	2.0	2.0	1.0	3.333	8.667	2.0
293	2.0	3.0	1.0	2.0	1.3330000000000002	4.667	1.0
294	2.0	3.0	1.0	1.0	3.0	6.0	2.0
295	0.0	0.0	0.0	0.0	0.0	0.0	0.0
296	0.0	0.0	0.0	0.0	0.0	0.0	0.0
297	0.0	0.0	0.0	0.0	0.0	0.0	0.0
298	0.0	0.0	0.0	0.0	0.0	0.0	0.0
299	0.0	0.0	0.0	0.0	0.0	0.0	0.0
300	1.0	3.0	1.0	2.0	1.3330000000000002	4.667	1.0
301	1.0	2.0	0.0	2.0	0.6660000000000004	5.334	1.0
302	0.0	5.0	0.0	1.0	0.6660000000000004	11.334	1.0
303	0.0	3.0	0.0	1.0	0.6660000000000004	5.334	1.0
304	0.0	4.0	0.0	2.0	1.3330000000000002	4.667	1.0
305	0.0	1.0	0.0	1.0	0.3330000000000002	2.667	1.0
306	2.0	3.0	1.0	2.0	2.333	6.667	2.0
307	1.0	3.0	1.0	1.0	3.0	6.0	2.0
308	0.0	2.0	0.0	2.0	1.0	2.0	1.0
309	2.0	2.0	1.0	2.0	3.0	6.0	2.0
310	1.0	2.0	1.0	2.0	1.3330000000000002	4.667	2.0
311	0.0	2.0	0.0	2.0	0.3330000000000002	2.667	1.0
312	1.0	2.0	1.0	2.0	1.0	2.0	1.0
313	0.0	2.0	0.0	2.0	1.0	2.0	1.0
314	1.0	1.0	1.0	1.0	1.0	2.0	1.0
315	3.0	1.0	1.0	1.0	3.068	8.931999999999999	2.0
316	2.0	3.0	2.0	2.0	3.333	8.667	3.0
317	1.0	2.0	1.0	2.0	2.0	4.0	2.0
318	2.0	3.0	1.0	1.0	3.0	6.0	1.0
319	2.0	2.0	1.0	0.0	2.4	3.6	1.0
320	1.0	3.0	1.0	2.0	2.668	6.332	2.0
321	0.0	3.0	0.0	0.0	1.3330000000000002	4.667	0.0
322	1.0	0.0	0.0	0.0	1.0	2.0	0.0
323	0.0	0.0	0.0	0.0	0.0	0.0	0.0
324	1.0	1.0	0.0	0.0	1.3330000000000002	4.667	0.0
325	0.0	2.0	0.0	0.0	0.3330000000000002	2.667	0.0
326	1.0	2.0	0.0	0.0	1.3330000000000002	4.667	0.0
327	0.0	0.0	0.0	0.0	0.0	0.0	0.0
328	0.0	2.0	0.0	0.0	1.3330000000000002	4.667	0.0
329	1.0	2.0	0.0	0.0	1.6680000000000001	4.332	0.0
330	0.0	2.0	0.0	0.0	0.3330000000000002	2.667	0.0
331	0.0	0.0	0.0	0.0	0.0	0.0	0.0
332	0.0	0.0	0.0	0.0	0.0	0.0	0.0
333	0.0	0.0	0.0	0.0	0.0	0.0	0.0
334	0.0	0.0	0.0	0.0	0.0	0.0	0.0
335	0.0	0.0	0.0	0.0	0.0	0.0	0.0
336	0.0	0.0	0.0	0.0	0.0	0.0	0.0
337	0.0	0.0	0.0	0.0	0.0	0.0	0.0
338	0.0	0.0	0.0	0.0	0.0	0.0	0.0
339	0.0	0.0	0.0	0.0	0.0	0.0	0.0
340	0.0	0.0	0.0	0.0	0.0	0.0	0.0
341	0.0	0.0	0.0	0.0	0.0	0.0	0.0
342	0.0	0.0	0.0	0.0	0.0	0.0	0.0
343	0.0	0.0	0.0	0.0	0.0	0.0	0.0
344	0.0	0.0	0.0	0.0	0.0	0.0	0.0
345	0.0	0.0	0.0	0.0	0.0	0.0	0.0
346	0.0	0.0	0.0	0.0	0.0	0.0	0.0
347	0.0	0.0	0.0	0.0	0.0	0.0	0.0
348	0.0	0.0	0.0	0.0	0.0	0.0	0.0
349	1.0	2.0	0.0	0.0	1.0010000000000003	4.999	0.0
350	1.0	1.0	0.0	0.0	1.0	2.0	0.0
351	0.0	1.0	0.0	0.0	0.6680000000000001	2.332	0.0
352	1.0	2.0	0.0	0.0	1.3330000000000002	4.667	0.0
353	1.0	0.0	0.0	0.0	1.0	2.0	0.0
354	0.0	1.0	0.0	0.0	0.3330000000000002	2.667	0.0
355	1.0	2.0	0.0	0.0	1.3330000000000002	4.667	0.0
356	2.0	0.0	0.0	0.0	1.0	2.0	0.0
357	1.0	1.0	0.0	0.0	2.0	4.0	0.0
358	1.0	2.0	0.0	0.0	1.6680000000000001	4.332	0.0
359	0.0	0.0	0.0	0.0	0.0	0.0	0.0
360	0.0	0.0	0.0	0.0	0.0	0.0	0.0
361	0.0	0.0	0.0	0.0	0.0	0.0	0.0
362	1.0	1.0	0.0	0.0	1.4	1.6	0.0
363	0.0	1.0	0.0	0.0	0.0	3.0	0.0
364	0.0	2.0	0.0	0.0	0.3330000000000002	2.667	0.0
365	1.0	0.0	0.0	0.0	1.0	2.0	0.0
366	0.0	2.0	0.0	0.0	0.3330000000000002	2.667	0.0
367	1.0	2.0	0.0	2.0	0.6660000000000004	5.334	1.0
368	0.0	2.0	0.0	1.0	0.6660000000000004	5.334	1.0
369	1.0	3.0	1.0	1.0	0.9990000000000006	11.001	2.0
370	0.0	2.0	0.0	2.0	1.3330000000000002	4.667	2.0
371	0.0	1.0	0.0	1.0	1.0	2.0	1.0
372	0.0	2.0	0.0	2.0	1.0	2.0	1.0
373	0.0	3.0	0.0	3.0	1.3330000000000002	4.667	2.0
374	1.0	2.0	1.0	2.0	1.3330000000000002	4.667	2.0
375	2.0	1.0	2.0	1.0	1.6680000000000001	4.332	2.0
376	1.0	1.0	1.0	1.0	1.0	2.0	1.0
377	0.0	2.0	0.0	2.0	1.3330000000000002	4.667	2.0
378	0.0	3.0	0.0	3.0	1.0010000000000003	4.999	2.0
379	0.0	0.0	0.0	0.0	0.0	0.0	0.0
380	0.0	0.0	0.0	0.0	0.0	0.0	0.0
381	0.0	0.0	0.0	0.0	0.0	0.0	0.0
382	0.0	0.0	0.0	0.0	0.0	0.0	0.0
383	0.0	1.0	0.0	1.0	0.6680000000000001	2.332	1.0
384	1.0	4.0	0.0	3.0	2.0010000000000003	6.999	2.0
385	2.0	2.0	0.0	1.0	1.3340000000000005	7.6659999999999995	1.0
386	1.0	4.0	0.0	2.0	1.9990000000000006	10.001	2.0
387	1.0	2.0	1.0	2.0	1.3330000000000002	4.667	2.0
388	2.0	4.0	1.0	2.0	1.0010000000000003	4.999	1.0
389	1.0	1.0	1.0	0.0	1.6680000000000001	4.332	1.0
390	1.0	2.0	0.0	1.0	0.6660000000000004	5.334	1.0
391	1.0	2.0	1.0	1.0	1.6680000000000001	4.332	1.0
392	1.0	3.0	1.0	1.0	1.3330000000000002	7.667	2.0
393	0.0	0.0	0.0	0.0	0.0	0.0	0.0
394	2.0	2.0	1.0	1.0	2.0	4.0	1.0
395	0.0	1.0	0.0	1.0	0.3330000000000002	2.667	1.0
396	0.0	2.0	0.0	1.0	1.3330000000000002	4.667	1.0
397	1.0	1.0	1.0	1.0	0.6680000000000001	2.332	1.0
398	1.0	2.0	0.0	2.0	1.3330000000000002	4.667	1.0
399	0.0	2.0	0.0	1.0	0.6660000000000004	5.334	1.0
400	1.0	3.0	0.0	2.0	2.0010000000000003	6.999	1.0
401	0.0	1.0	0.0	1.0	0.3330000000000002	2.667	1.0
402	0.0	0.0	0.0	0.0	0.0	0.0	0.0
403	3.0	0.0	2.0	0.0	2.668	6.332	2.0
404	1.0	1.0	0.0	0.0	1.3330000000000002	4.667	0.0
405	1.0	0.0	0.0	0.0	1.0	2.0	0.0
406	0.0	0.0	0.0	0.0	0.0	0.0	0.0
407	1.0	1.0	0.0	0.0	0.0	3.0	0.0
408	0.0	1.0	0.0	0.0	1.0	2.0	0.0
409	0.0	0.0	0.0	0.0	0.0	0.0	0.0
410	0.0	2.0	0.0	0.0	0.3330000000000002	2.667	0.0
411	1.0	3.0	1.0	2.0	1.3330000000000002	7.667	2.0
412	1.0	1.0	1.0	1.0	1.0	2.0	1.0
413	2.0	1.0	2.0	1.0	1.3330000000000002	4.667	2.0
414	0.0	1.0	0.0	1.0	1.0	2.0	1.0
415	0.0	1.0	0.0	1.0	1.0	2.0	1.0
416	0.0	1.0	0.0	1.0	0.3330000000000002	2.667	1.0
417	1.0	2.0	1.0	0.0	2.0	4.0	1.0
418	1.0	4.0	0.0	2.0	2.333	6.667	2.0
419	1.0	2.0	0.0	2.0	1.6680000000000001	4.332	1.0
420	0.0	0.0	0.0	0.0	0.0	0.0	0.0
421	0.0	0.0	0.0	0.0	0.0	0.0	0.0
422	0.0	0.0	0.0	0.0	0.0	0.0	0.0
423	1.0	3.0	1.0	2.0	1.3330000000000002	4.667	1.0
424	0.0	1.0	0.0	1.0	0.3330000000000002	2.667	1.0
425	0.0	2.0	0.0	1.0	1.0010000000000003	4.999	1.0
426	2.0	2.0	2.0	1.0	1.3330000000000002	4.667	1.0
427	1.0	2.0	1.0	2.0	1.3330000000000002	4.667	2.0
428	1.0	3.0	0.0	1.0	1.3330000000000002	4.667	1.0
429	0.0	2.0	0.0	1.0	0.6660000000000004	5.334	1.0
430	1.0	0.0	0.0	0.0	0.6680000000000001	2.332	0.0
431	1.0	1.0	1.0	1.0	2.0	4.0	2.0
432	1.0	1.0	1.0	1.0	1.3330000000000002	4.667	2.0
433	1.0	1.0	0.0	1.0	0.6660000000000004	5.334	1.0
434	2.0	1.0	1.0	1.0	3.4	5.6	2.0
435	0.0	2.0	0.0	2.0	0.3330000000000002	2.667	1.0
436	0.0	3.0	0.0	2.0	2.333	6.667	2.0
437	2.0	3.0	1.0	1.0	3.333	8.667	2.0
438	0.0	3.0	0.0	2.0	1.0	5.0	1.0
439	1.0	2.0	0.0	0.0	1.3330000000000002	4.667	0.0
440	2.0	2.0	1.0	2.0	3.0	6.0	2.0
441	2.0	0.0	1.0	0.0	2.0	4.0	1.0
442	2.0	1.0	1.0	1.0	3.4	5.6	2.0
443	1.0	4.0	0.0	3.0	2.0010000000000003	9.998999999999999	2.0
444	2.0	4.0	1.0	2.0	2.6660000000000004	9.334	2.0
445	0.0	3.0	0.0	3.0	1.3330000000000002	4.667	2.0
446	1.0	2.0	0.0	0.0	1.6680000000000001	4.332	0.0
447	0.0	4.0	0.0	2.0	1.6660000000000004	7.334	2.0
448	0.0	5.0	0.0	3.0	1.6670000000000007	10.332999999999998	2.0
449	1.0	4.0	1.0	2.0	1.3330000000000002	4.667	1.0
450	0.0	2.0	0.0	2.0	1.6680000000000001	4.332	2.0
451	1.0	3.0	0.0	1.0	1.0010000000000003	4.999	1.0
452	1.0	2.0	1.0	1.0	2.333	6.667	2.0
453	0.0	1.0	0.0	0.0	0.3330000000000002	2.667	0.0
454	1.0	2.0	0.0	0.0	1.3330000000000002	4.667	0.0
455	1.0	2.0	0.0	0.0	0.3330000000000002	2.667	0.0
456	0.0	1.0	0.0	0.0	1.0	2.0	0.0
457	1.0	2.0	0.0	0.0	1.3330000000000002	4.667	0.0
458	1.0	0.0	0.0	0.0	1.0	2.0	0.0
459	1.0	1.0	0.0	0.0	2.0	4.0	0.0
460	0.0	0.0	0.0	0.0	0.0	0.0	0.0
461	0.0	1.0	0.0	0.0	0.3330000000000002	2.667	0.0
462	0.0	1.0	0.0	0.0	0.3330000000000002	2.667	0.0
463	1.0	1.0	0.0	0.0	2.0	4.0	0.0
464	1.0	1.0	0.0	0.0	2.4	3.6	0.0
465	1.0	1.0	0.0	0.0	0.3330000000000002	2.667	0.0
466	0.0	2.0	0.0	0.0	1.3330000000000002	4.667	0.0
467	0.0	2.0	0.0	1.0	2.0	4.0	1.0
468	0.0	4.0	0.0	2.0	2.333	6.667	1.0
469	1.0	1.0	1.0	1.0	1.0	2.0	1.0
470	0.0	5.0	0.0	2.0	0.6660000000000004	8.334	1.0
471	1.0	0.0	1.0	0.0	1.0	2.0	1.0
472	1.0	3.0	0.0	2.0	2.333	6.667	2.0
473	0.0	3.0	0.0	2.0	0.9990000000000006	8.001	2.0
474	2.0	2.0	1.0	1.0	2.733	6.2669999999999995	2.0
475	0.0	0.0	0.0	0.0	0.0	0.0	0.0
476	0.0	3.0	0.0	2.0	0.6660000000000004	5.334	1.0
477	2.0	2.0	1.0	1.0	2.333	6.667	1.0
478	1.0	3.0	1.0	2.0	2.0	4.0	1.0
479	1.0	3.0	0.0	2.0	3.0	6.0	2.0
480	0.0	4.0	0.0	3.0	1.6660000000000004	7.334	2.0
481	1.0	2.0	1.0	2.0	1.3330000000000002	4.667	2.0
482	1.0	1.0	1.0	0.0	0.6660000000000004	5.334	1.0
483	2.0	3.0	1.0	2.0	2.333	6.667	2.0
484	2.0	2.0	1.0	2.0	1.6680000000000001	4.332	1.0
485	1.0	3.0	1.0	1.0	1.3330000000000002	4.667	1.0
486	1.0	1.0	0.0	1.0	2.0	4.0	1.0
487	2.0	3.0	1.0	2.0	3.333	8.667	2.0
488	0.0	3.0	0.0	2.0	1.3330000000000002	4.667	1.0
489	1.0	2.0	1.0	2.0	1.4	1.6	1.0
490	0.0	0.0	0.0	0.0	0.0	0.0	0.0
491	2.0	2.0	1.0	2.0	1.3330000000000002	4.667	1.0
492	1.0	2.0	0.0	1.0	2.333	6.667	1.0
493	2.0	2.0	1.0	1.0	1.0	5.0	1.0
494	0.0	1.0	0.0	0.0	1.0	2.0	0.0
495	1.0	3.0	0.0	2.0	2.333	6.667	2.0
496	1.0	2.0	0.0	2.0	1.0010000000000003	4.999	1.0
497	1.0	3.0	1.0	1.0	1.6660000000000004	7.334	1.0
498	1.0	3.0	1.0	2.0	2.0010000000000003	6.999	2.0
499	1.0	3.0	1.0	2.0	2.333	6.667	2.0
500	2.0	3.0	1.0	2.0	1.3330000000000002	4.667	1.0
501	1.0	1.0	0.0	0.0	1.3330000000000002	4.667	0.0
502	1.0	0.0	1.0	0.0	1.0	2.0	1.0
503	1.0	3.0	1.0	1.0	1.6660000000000004	7.334	1.0
504	0.0	3.0	0.0	2.0	1.3330000000000002	7.667	2.0
505	1.0	1.0	1.0	1.0	1.6680000000000001	4.332	2.0
506	1.0	2.0	1.0	2.0	1.0	2.0	1.0
507	1.0	4.0	1.0	2.0	0.6660000000000004	5.334	1.0
508	1.0	5.0	0.0	2.0	3.333	8.667	2.0
509	0.0	2.0	0.0	2.0	1.0	2.0	1.0
510	0.0	0.0	0.0	0.0	0.0	0.0	0.0
511	0.0	0.0	0.0	0.0	0.0	0.0	0.0
512	0.0	0.0	0.0	0.0	0.0	0.0	0.0
513	0.0	0.0	0.0	0.0	0.0	0.0	0.0
514	2.0	1.0	1.0	1.0	1.3330000000000002	4.667	1.0
515	1.0	2.0	0.0	1.0	0.6660000000000004	5.334	1.0
516	2.0	1.0	1.0	1.0	2.0	4.0	1.0
517	1.0	4.0	1.0	2.0	3.0010000000000003	8.998999999999999	2.0
518	1.0	3.0	0.0	1.0	2.0010000000000003	6.999	1.0
519	0.0	3.0	0.0	1.0	1.6680000000000001	4.332	1.0
520	0.0	1.0	0.0	1.0	0.3330000000000002	2.667	1.0
521	2.0	3.0	1.0	1.0	3.0	6.0	1.0
522	0.0	2.0	0.0	1.0	1.0	5.0	1.0
523	1.0	5.0	0.0	3.0	2.333	6.667	2.0
524	0.0	4.0	0.0	2.0	1.3330000000000002	7.667	1.0
525	1.0	4.0	0.0	2.0	1.3330000000000002	4.667	1.0
526	0.0	3.0	0.0	2.0	1.3340000000000005	7.6659999999999995	2.0
527	2.0	2.0	1.0	2.0	2.668	6.332	2.0
528	1.0	3.0	1.0	2.0	2.333	6.667	2.0
529	0.0	3.0	0.0	2.0	0.6660000000000004	5.334	1.0
530	1.0	2.0	1.0	0.0	2.0	4.0	1.0
531	1.0	2.0	1.0	2.0	1.3330000000000002	4.667	2.0
532	2.0	2.0	1.0	2.0	2.333	6.667	2.0
533	1.0	2.0	1.0	2.0	1.3330000000000002	4.667	2.0
534	1.0	0.0	1.0	0.0	1.0	2.0	1.0
535	2.0	1.0	1.0	1.0	2.068	3.932	1.0
536	2.0	2.0	1.0	2.0	1.3330000000000002	4.667	1.0
537	1.0	5.0	0.0	3.0	2.6660000000000004	9.334	2.0
538	0.0	2.0	0.0	2.0	2.0	4.0	2.0
539	0.0	3.0	0.0	2.0	2.3360000000000003	6.664	2.0
540	2.0	3.0	1.0	2.0	4.4	7.6	2.0
541	0.0	2.0	0.0	2.0	1.3330000000000002	4.667	2.0
542	1.0	1.0	1.0	1.0	0.3330000000000002	2.667	1.0
543	1.0	0.0	1.0	0.0	0.3330000000000002	2.667	1.0
544	1.0	0.0	1.0	0.0	1.0	2.0	1.0
545	0.0	0.0	0.0	0.0	0.0	0.0	0.0
546	0.0	0.0	0.0	0.0	0.0	0.0	0.0
547	0.0	0.0	0.0	0.0	0.0	0.0	0.0
548	0.0	0.0	0.0	0.0	0.0	0.0	0.0
549	0.0	0.0	0.0	0.0	0.0	0.0	0.0
550	1.0	2.0	1.0	2.0	2.0	4.0	2.0
551	0.0	3.0	0.0	3.0	1.3330000000000002	4.667	2.0
552	0.0	2.0	0.0	2.0	1.3330000000000002	4.667	2.0
553	1.0	2.0	1.0	2.0	1.3330000000000002	4.667	2.0
554	2.0	2.0	1.0	2.0	3.4	5.6	2.0
555	1.0	3.0	1.0	2.0	1.6660000000000004	7.334	2.0
556	2.0	2.0	1.0	0.0	2.333	6.667	1.0
557	1.0	2.0	1.0	1.0	1.6660000000000004	7.334	2.0
558	2.0	2.0	1.0	2.0	2.333	6.667	2.0
559	1.0	1.0	1.0	0.0	0.6660000000000004	5.334	1.0
560	2.0	1.0	1.0	0.0	2.0	4.0	1.0
561	0.0	2.0	0.0	2.0	0.3330000000000002	2.667	1.0
562	1.0	2.0	0.0	2.0	1.3330000000000002	4.667	1.0
563	0.0	0.0	0.0	0.0	0.0	0.0	0.0
564	1.0	1.0	0.0	0.0	0.6680000000000001	2.332	0.0
565	0.0	0.0	0.0	0.0	0.0	0.0	0.0
566	1.0	0.0	0.0	0.0	1.0	2.0	0.0
567	2.0	1.0	0.0	0.0	1.3330000000000002	4.667	0.0
568	0.0	2.0	0.0	0.0	1.3330000000000002	4.667	0.0
569	0.0	1.0	0.0	0.0	0.3330000000000002	2.667	0.0
570	2.0	1.0	0.0	0.0	2.0	4.0	0.0
571	1.0	2.0	0.0	0.0	2.0	4.0	0.0
572	2.0	1.0	1.0	1.0	2.4	6.6	2.0
573	0.0	3.0	0.0	3.0	1.0	5.0	2.0
574	1.0	3.0	0.0	2.0	1.6660000000000004	7.334	2.0
575	1.0	3.0	0.0	2.0	2.333	6.667	2.0
576	0.0	2.0	0.0	2.0	1.0	2.0	1.0
577	1.0	3.0	1.0	1.0	1.6680000000000001	4.332	1.0
578	0.0	3.0	0.0	3.0	0.6680000000000001	5.332	2.0
579	1.0	1.0	1.0	1.0	0.3330000000000002	2.667	1.0
580	1.0	0.0	1.0	0.0	1.0	2.0	1.0
581	0.0	2.0	0.0	2.0	1.0	2.0	1.0
582	1.0	2.0	1.0	2.0	0.6660000000000004	5.334	2.0
583	1.0	1.0	0.0	0.0	0.3330000000000002	2.667	0.0
584	1.0	3.0	0.0	0.0	0.9990000000000006	8.001	0.0
585	1.0	1.0	0.0	0.0	1.0	2.0	0.0
586	1.0	2.0	0.0	0.0	1.0	5.0	0.0
587	0.0	1.0	0.0	0.0	0.3330000000000002	2.667	0.0
588	0.0	0.0	0.0	0.0	0.0	0.0	0.0
589	1.0	1.0	0.0	0.0	2.0	4.0	0.0
590	1.0	2.0	0.0	0.0	1.0010000000000003	4.999	0.0
591	1.0	1.0	0.0	0.0	0.3330000000000002	2.667	0.0
592	0.0	2.0	0.0	0.0	2.068	3.932	0.0
593	1.0	1.0	0.0	0.0	0.6680000000000001	2.332	0.0
594	1.0	1.0	0.0	0.0	1.3330000000000002	4.667	0.0
595	1.0	0.0	0.0	0.0	1.0	2.0	0.0
596	1.0	2.0	1.0	2.0	0.3330000000000002	2.667	1.0
597	2.0	4.0	1.0	2.0	2.333	6.667	2.0
598	2.0	1.0	2.0	1.0	1.0	2.0	1.0
599	0.0	4.0	0.0	2.0	2.333	6.667	2.0
600	0.0	0.0	0.0	0.0	0.0	0.0	0.0
601	0.0	3.0	0.0	1.0	0.9990000000000006	8.001	1.0
602	1.0	3.0	0.0	2.0	3.333	8.667	2.0
603	0.0	4.0	0.0	3.0	0.9990000000000006	8.001	2.0
604	0.0	3.0	0.0	1.0	1.3330000000000002	4.667	1.0
605	0.0	4.0	0.0	1.0	1.6660000000000004	7.334	1.0
606	1.0	2.0	0.0	0.0	1.3330000000000002	4.667	0.0
607	1.0	2.0	0.0	0.0	2.0	4.0	0.0
608	0.0	1.0	0.0	0.0	1.0	2.0	0.0
609	0.0	3.0	0.0	0.0	0.6660000000000004	5.334	0.0
610	1.0	1.0	0.0	0.0	1.3330000000000002	4.667	0.0
611	1.0	1.0	0.0	0.0	1.6680000000000001	4.332	0.0
612	1.0	2.0	0.0	2.0	2.0	4.0	1.0
613	1.0	0.0	1.0	0.0	0.3330000000000002	2.667	1.0
614	1.0	1.0	1.0	1.0	1.0	2.0	1.0
615	1.0	2.0	0.0	2.0	2.333	6.667	2.0
616	2.0	2.0	1.0	1.0	4.0	8.0	2.0
617	1.0	0.0	1.0	0.0	1.0	2.0	1.0
618	1.0	5.0	0.0	3.0	2.6660000000000004	9.334	2.0
619	1.0	1.0	0.0	1.0	1.3330000000000002	4.667	1.0
620	2.0	2.0	1.0	1.0	3.668	8.332	2.0
621	0.0	3.0	0.0	2.0	1.3330000000000002	4.667	1.0
622	1.0	2.0	0.0	1.0	1.3330000000000002	4.667	1.0
623	0.0	0.0	0.0	0.0	0.0	0.0	0.0
624	1.0	1.0	0.0	0.0	0.6680000000000001	2.332	0.0
625	1.0	1.0	0.0	0.0	1.0	2.0	0.0
626	1.0	1.0	0.0	0.0	0.6660000000000004	5.334	0.0
627	1.0	1.0	0.0	0.0	1.0	2.0	0.0
628	0.0	2.0	0.0	0.0	1.0	2.0	0.0
629	1.0	2.0	0.0	0.0	1.0	2.0	0.0
630	1.0	0.0	0.0	0.0	1.0	2.0	0.0
631	1.0	0.0	0.0	0.0	0.3330000000000002	2.667	0.0
632	1.0	2.0	0.0	0.0	1.3330000000000002	4.667	0.0
633	0.0	2.0	0.0	0.0	1.3330000000000002	4.667	0.0
634	0.0	2.0	0.0	0.0	2.0	4.0	0.0
635	0.0	0.0	0.0	0.0	0.0	0.0	0.0
636	0.0	0.0	0.0	0.0	0.0	0.0	0.0
637	0.0	0.0	0.0	0.0	0.0	0.0	0.0
638	0.0	0.0	0.0	0.0	0.0	0.0	0.0
639	0.0	0.0	0.0	0.0	0.0	0.0	0.0
640	0.0	0.0	0.0	0.0	0.0	0.0	0.0
641	0.0	0.0	0.0	0.0	0.0	0.0	0.0
642	0.0	0.0	0.0	0.0	0.0	0.0	0.0
643	0.0	0.0	0.0	0.0	0.0	0.0	0.0
644	0.0	0.0	0.0	0.0	0.0	0.0	0.0
645	0.0	0.0	0.0	0.0	0.0	0.0	0.0
646	0.0	0.0	0.0	0.0	0.0	0.0	0.0
647	0.0	0.0	0.0	0.0	0.0	0.0	0.0
648	0.0	0.0	0.0	0.0	0.0	0.0	0.0
649	0.0	0.0	0.0	0.0	0.0	0.0	0.0
650	0.0	0.0	0.0	0.0	0.0	0.0	0.0
651	0.0	3.0	0.0	0.0	1.0010000000000003	4.999	0.0
652	0.0	1.0	0.0	0.0	0.3330000000000002	2.667	0.0
653	0.0	2.0	0.0	0.0	0.3330000000000002	2.667	0.0
654	1.0	1.0	0.0	0.0	0.6660000000000004	5.334	0.0
655	0.0	1.0	0.0	0.0	0.3330000000000002	2.667	0.0
656	1.0	0.0	0.0	0.0	1.0	2.0	0.0
657	0.0	2.0	0.0	0.0	1.6680000000000001	4.332	0.0
658	0.0	1.0	0.0	0.0	0.3330000000000002	2.667	0.0
659	1.0	0.0	0.0	0.0	1.0	2.0	0.0
660	1.0	1.0	0.0	0.0	1.0	2.0	0.0
661	1.0	2.0	0.0	0.0	2.0	4.0	0.0
662	0.0	2.0	0.0	0.0	0.3330000000000002	2.667	0.0
663	0.0	0.0	0.0	0.0	0.0	0.0	0.0
664	1.0	1.0	0.0	0.0	0.3330000000000002	2.667	0.0
665	0.0	1.0	0.0	0.0	1.0	2.0	0.0
666	1.0	2.0	0.0	0.0	1.3330000000000002	4.667	0.0
667	1.0	1.0	0.0	1.0	1.6680000000000001	4.332	1.0
668	0.0	3.0	0.0	2.0	2.0	4.0	1.0
669	2.0	2.0	1.0	0.0	3.0	6.0	1.0
670	0.0	4.0	0.0	2.0	1.3340000000000005	7.6659999999999995	1.0
671	2.0	4.0	1.0	2.0	3.0	6.0	1.0
672	1.0	3.0	0.0	2.0	1.6660000000000004	7.334	1.0
673	2.0	2.0	1.0	2.0	0.3330000000000002	5.667	1.0
674	0.0	3.0	0.0	1.0	0.6660000000000004	5.334	1.0
675	0.0	3.0	0.0	1.0	1.3330000000000002	4.667	1.0
676	0.0	0.0	0.0	0.0	0.0	0.0	0.0
677	0.0	0.0	0.0	0.0	0.0	0.0	0.0
678	0.0	0.0	0.0	0.0	0.0	0.0	0.0
679	0.0	0.0	0.0	0.0	0.0	0.0	0.0
680	0.0	0.0	0.0	0.0	0.0	0.0	0.0
681	1.0	2.0	0.0	0.0	1.3330000000000002	4.667	0.0
682	2.0	1.0	0.0	0.0	1.6680000000000001	4.332	0.0
683	0.0	1.0	0.0	0.0	0.6680000000000001	2.332	0.0
684	1.0	2.0	0.0	0.0	1.3330000000000002	4.667	0.0
685	0.0	1.0	0.0	0.0	1.0	2.0	0.0
686	0.0	2.0	0.0	0.0	1.0	2.0	0.0
687	1.0	2.0	0.0	0.0	1.3330000000000002	4.667	0.0
688	1.0	0.0	0.0	0.0	1.0	2.0	0.0
689	1.0	2.0	0.0	0.0	0.3330000000000002	2.667	0.0
690	2.0	1.0	0.0	0.0	1.3330000000000002	4.667	0.0
691	1.0	2.0	0.0	0.0	1.3330000000000002	4.667	0.0
692	1.0	2.0	0.0	0.0	1.4	1.6	0.0
693	0.0	2.0	0.0	0.0	0.3330000000000002	2.667	0.0
694	1.0	0.0	0.0	0.0	1.0	2.0	0.0
695	0.0	0.0	0.0	0.0	0.0	0.0	0.0
696	0.0	0.0	0.0	0.0	0.0	0.0	0.0
697	0.0	0.0	0.0	0.0	0.0	0.0	0.0
698	0.0	0.0	0.0	0.0	0.0	0.0	0.0
699	0.0	0.0	0.0	0.0	0.0	0.0	0.0
700	0.0	0.0	0.0	0.0	0.0	0.0	0.0
701	0.0	0.0	0.0	0.0	0.0	0.0	0.0
702	0.0	0.0	0.0	0.0	0.0	0.0	0.0
703	0.0	0.0	0.0	0.0	0.0	0.0	0.0
704	0.0	0.0	0.0	0.0	0.0	0.0	0.0
705	0.0	0.0	0.0	0.0	0.0	0.0	0.0
706	0.0	0.0	0.0	0.0	0.0	0.0	0.0
707	0.0	0.0	0.0	0.0	0.0	0.0	0.0
708	0.0	0.0	0.0	0.0	0.0	0.0	0.0
