all_syn	all_nonSyn	tip_syn	tip_nonSyn	S	N	comparisons
001	0.0	0.0	0.0	0.0	0.0	0.0	0.0
002	0.0	0.0	0.0	0.0	0.0	0.0	0.0
003	0.0	0.0	0.0	0.0	0.0	0.0	0.0
004	0.0	0.0	0.0	0.0	0.0	0.0	0.0
005	0.0	0.0	0.0	0.0	0.0	0.0	0.0
006	0.0	0.0	0.0	0.0	0.0	0.0	0.0
007	0.0	0.0	0.0	0.0	0.0	0.0	0.0
008	0.0	0.0	0.0	0.0	0.0	0.0	0.0
009	0.0	0.0	0.0	0.0	0.0	0.0	0.0
010	0.0	0.0	0.0	0.0	0.0	0.0	0.0
011	0.0	0.0	0.0	0.0	0.0	0.0	0.0
012	0.0	0.0	0.0	0.0	0.0	0.0	0.0
013	0.0	0.0	0.0	0.0	0.0	0.0	0.0
014	0.0	0.0	0.0	0.0	0.0	0.0	0.0
015	0.0	0.0	0.0	0.0	0.0	0.0	0.0
016	0.0	0.0	0.0	0.0	0.0	0.0	0.0
017	0.0	0.0	0.0	0.0	0.0	0.0	0.0
018	0.0	0.0	0.0	0.0	0.0	0.0	0.0
019	0.0	0.0	0.0	0.0	0.0	0.0	0.0
020	0.0	0.0	0.0	0.0	0.0	0.0	0.0
021	0.0	0.0	0.0	0.0	0.0	0.0	0.0
022	0.0	0.0	0.0	0.0	0.0	0.0	0.0
023	2.0	0.0	0.0	0.0	0.6680000000000001	2.332	0.0
024	1.0	1.0	0.0	0.0	1.3330000000000002	4.667	0.0
025	0.0	2.0	0.0	0.0	1.6680000000000001	4.332	0.0
026	1.0	1.0	0.0	0.0	0.3330000000000002	2.667	0.0
027	1.0	1.0	0.0	0.0	1.3330000000000002	4.667	0.0
028	0.0	1.0	0.0	0.0	0.3330000000000002	2.667	0.0
029	1.0	2.0	0.0	0.0	0.3330000000000002	2.667	0.0
030	1.0	2.0	0.0	0.0	2.0	4.0	0.0
031	1.0	2.0	0.0	0.0	2.0	4.0	0.0
032	1.0	2.0	0.0	0.0	1.6680000000000001	4.332	0.0
033	0.0	2.0	0.0	0.0	0.3330000000000002	2.667	0.0
034	0.0	3.0	0.0	0.0	1.3330000000000002	4.667	0.0
035	1.0	2.0	0.0	0.0	1.3330000000000002	4.667	0.0
036	1.0	1.0	0.0	0.0	1.3330000000000002	4.667	0.0
037	0.0	1.0	0.0	0.0	1.0	2.0	0.0
038	0.0	2.0	0.0	0.0	1.3330000000000002	4.667	0.0
039	0.0	2.0	0.0	0.0	1.3360000000000003	4.664	0.0
040	1.0	2.0	0.0	0.0	1.3330000000000002	4.667	0.0
041	0.0	2.0	0.0	0.0	1.0	2.0	0.0
042	0.0	0.0	0.0	0.0	0.0	0.0	0.0
043	1.0	2.0	0.0	0.0	1.3330000000000002	4.667	0.0
044	1.0	1.0	0.0	0.0	2.0	4.0	0.0
045	1.0	1.0	0.0	0.0	2.0	4.0	0.0
046	0.0	2.0	0.0	0.0	1.0010000000000003	4.999	0.0
047	1.0	1.0	0.0	0.0	0.6680000000000001	2.332	0.0
048	1.0	1.0	0.0	0.0	1.0	2.0	0.0
049	1.0	0.0	0.0	0.0	1.0	2.0	0.0
050	1.0	2.0	0.0	0.0	0.3330000000000002	2.667	0.0
051	0.0	1.0	0.0	0.0	1.0	2.0	0.0
052	1.0	2.0	0.0	0.0	0.3330000000000002	2.667	0.0
053	1.0	0.0	0.0	0.0	0.3330000000000002	2.667	0.0
054	0.0	2.0	0.0	0.0	0.3330000000000002	2.667	0.0
055	0.0	1.0	0.0	0.0	1.0	2.0	0.0
056	1.0	2.0	0.0	0.0	1.0	2.0	0.0
057	0.0	0.0	0.0	0.0	0.0	0.0	0.0
058	0.0	1.0	0.0	0.0	1.0	2.0	0.0
059	1.0	2.0	0.0	0.0	1.0	2.0	0.0
060	1.0	1.0	0.0	0.0	1.3330000000000002	4.667	0.0
061	0.0	1.0	0.0	0.0	0.3330000000000002	2.667	0.0
062	1.0	2.0	0.0	0.0	1.0	2.0	0.0
063	1.0	2.0	0.0	0.0	0.3330000000000002	2.667	0.0
064	1.0	1.0	0.0	0.0	1.0	2.0	0.0
065	0.0	2.0	0.0	0.0	0.3330000000000002	2.667	0.0
066	0.0	2.0	0.0	0.0	2.0	4.0	0.0
067	0.0	0.0	0.0	0.0	0.0	0.0	0.0
068	0.0	1.0	0.0	0.0	1.0	2.0	0.0
069	0.0	0.0	0.0	0.0	0.0	0.0	0.0
070	0.0	0.0	0.0	0.0	0.0	0.0	0.0
071	0.0	0.0	0.0	0.0	0.0	0.0	0.0
072	0.0	1.0	0.0	0.0	0.6680000000000001	2.332	0.0
073	0.0	0.0	0.0	0.0	0.0	0.0	0.0
074	1.0	0.0	1.0	0.0	1.0	2.0	1.0
075	0.0	0.0	0.0	0.0	0.0	0.0	0.0
076	0.0	0.0	0.0	0.0	0.0	0.0	0.0
077	1.0	0.0	1.0	0.0	0.3330000000000002	2.667	1.0
078	0.0	0.0	0.0	0.0	0.0	0.0	0.0
079	2.0	0.0	0.0	0.0	2.0	4.0	0.0
080	0.0	2.0	0.0	1.0	1.6680000000000001	4.332	1.0
081	1.0	0.0	1.0	0.0	1.0	2.0	1.0
082	1.0	3.0	1.0	3.0	1.3330000000000002	4.667	2.0
083	0.0	2.0	0.0	2.0	1.0	2.0	1.0
084	1.0	1.0	1.0	0.0	0.6660000000000004	5.334	1.0
085	0.0	0.0	0.0	0.0	0.0	0.0	0.0
086	2.0	0.0	1.0	0.0	2.0	4.0	1.0
087	1.0	0.0	1.0	0.0	0.3330000000000002	2.667	1.0
088	2.0	0.0	1.0	0.0	0.6660000000000004	5.334	1.0
089	0.0	2.0	0.0	2.0	1.3330000000000002	4.667	2.0
090	1.0	0.0	1.0	0.0	0.3330000000000002	2.667	1.0
091	2.0	0.0	1.0	0.0	0.6660000000000004	5.334	1.0
092	2.0	0.0	1.0	0.0	2.0	4.0	1.0
093	3.0	0.0	2.0	0.0	3.0	6.0	2.0
094	2.0	0.0	1.0	0.0	1.3360000000000003	4.664	1.0
095	3.0	0.0	2.0	0.0	0.9990000000000006	8.001	2.0
096	2.0	0.0	1.0	0.0	2.0	4.0	1.0
097	0.0	0.0	0.0	0.0	0.0	0.0	0.0
098	1.0	0.0	1.0	0.0	0.3330000000000002	2.667	1.0
099	2.0	0.0	1.0	0.0	2.0	4.0	1.0
100	0.0	0.0	0.0	0.0	0.0	0.0	0.0
101	2.0	0.0	0.0	0.0	1.3360000000000003	4.664	0.0
102	2.0	0.0	1.0	0.0	0.6660000000000004	5.334	1.0
103	2.0	0.0	1.0	0.0	0.6660000000000004	5.334	1.0
104	0.0	0.0	0.0	0.0	0.0	0.0	0.0
105	0.0	0.0	0.0	0.0	0.0	0.0	0.0
106	2.0	1.0	1.0	1.0	2.0	4.0	1.0
107	0.0	0.0	0.0	0.0	0.0	0.0	0.0
108	1.0	1.0	0.0	1.0	0.6660000000000004	5.334	1.0
109	2.0	1.0	1.0	0.0	3.4	5.6	1.0
110	2.0	1.0	1.0	1.0	0.9990000000000006	8.001	2.0
111	1.0	2.0	0.0	2.0	0.6660000000000004	5.334	1.0
112	1.0	0.0	1.0	0.0	1.0	2.0	1.0
113	2.0	0.0	1.0	0.0	2.0	4.0	1.0
114	3.0	0.0	1.0	0.0	0.9990000000000006	8.001	1.0
115	2.0	1.0	1.0	1.0	1.3330000000000002	4.667	1.0
116	3.0	0.0	2.0	0.0	1.6680000000000001	4.332	1.0
117	0.0	0.0	0.0	0.0	0.0	0.0	0.0
118	0.0	2.0	0.0	2.0	0.3330000000000002	2.667	1.0
119	2.0	1.0	2.0	1.0	0.9990000000000006	8.001	3.0
120	3.0	0.0	1.0	0.0	2.0040000000000004	6.9959999999999996	1.0
121	1.0	0.0	0.0	0.0	0.6680000000000001	2.332	0.0
122	3.0	3.0	2.0	1.0	3.333	8.667	2.0
123	1.0	0.0	0.0	0.0	1.0	2.0	0.0
124	0.0	0.0	0.0	0.0	0.0	0.0	0.0
125	1.0	0.0	1.0	0.0	1.0	2.0	1.0
126	1.0	3.0	0.0	1.0	2.0	4.0	1.0
127	2.0	1.0	1.0	0.0	3.0	6.0	1.0
128	0.0	0.0	0.0	0.0	0.0	0.0	0.0
129	0.0	0.0	0.0	0.0	0.0	0.0	0.0
130	0.0	1.0	0.0	0.0	1.0	2.0	0.0
131	4.0	0.0	2.0	0.0	4.0	8.0	2.0
132	2.0	0.0	1.0	0.0	2.0	4.0	1.0
133	0.0	0.0	0.0	0.0	0.0	0.0	0.0
134	0.0	0.0	0.0	0.0	0.0	0.0	0.0
135	0.0	0.0	0.0	0.0	0.0	0.0	0.0
136	2.0	1.0	1.0	0.0	3.0	6.0	1.0
137	1.0	1.0	1.0	1.0	1.6680000000000001	4.332	2.0
138	0.0	0.0	0.0	0.0	0.0	0.0	0.0
139	4.0	0.0	3.0	0.0	4.0	8.0	3.0
140	1.0	0.0	1.0	0.0	1.0	2.0	1.0
141	0.0	0.0	0.0	0.0	0.0	0.0	0.0
142	1.0	2.0	0.0	1.0	1.3330000000000002	4.667	1.0
143	1.0	3.0	1.0	1.0	4.0	8.0	2.0
144	0.0	4.0	0.0	2.0	1.6660000000000004	7.334	1.0
145	1.0	3.0	1.0	0.0	3.0	6.0	1.0
146	3.0	1.0	0.0	0.0	1.3330000000000002	4.667	0.0
147	2.0	3.0	2.0	2.0	2.333	6.667	2.0
148	1.0	1.0	1.0	1.0	0.6680000000000001	2.332	1.0
149	0.0	0.0	0.0	0.0	0.0	0.0	0.0
150	0.0	0.0	0.0	0.0	0.0	0.0	0.0
151	1.0	3.0	0.0	2.0	3.0	6.0	2.0
152	2.0	1.0	1.0	1.0	1.3330000000000002	4.667	1.0
153	0.0	0.0	0.0	0.0	0.0	0.0	0.0
154	1.0	0.0	1.0	0.0	1.0	2.0	1.0
155	1.0	0.0	1.0	0.0	1.4	1.6	1.0
156	2.0	1.0	0.0	0.0	1.0	2.0	0.0
157	3.0	1.0	1.0	0.0	3.0	6.0	1.0
158	0.0	2.0	0.0	1.0	0.6660000000000004	5.334	1.0
159	1.0	0.0	0.0	0.0	0.3330000000000002	2.667	0.0
160	2.0	0.0	0.0	0.0	1.3360000000000003	4.664	0.0
161	2.0	0.0	1.0	0.0	1.3360000000000003	4.664	1.0
162	0.0	0.0	0.0	0.0	0.0	0.0	0.0
163	1.0	2.0	0.0	0.0	0.3330000000000002	2.667	0.0
164	0.0	0.0	0.0	0.0	0.0	0.0	0.0
165	0.0	0.0	0.0	0.0	0.0	0.0	0.0
166	1.0	1.0	0.0	0.0	2.0	4.0	0.0
167	4.0	0.0	2.0	0.0	4.0	8.0	2.0
168	1.0	0.0	1.0	0.0	1.0	2.0	1.0
169	0.0	0.0	0.0	0.0	0.0	0.0	0.0
170	4.0	1.0	2.0	0.0	4.0	8.0	2.0
171	1.0	2.0	0.0	0.0	0.3330000000000002	2.667	0.0
172	2.0	2.0	0.0	0.0	2.4	3.6	0.0
173	2.0	0.0	0.0	0.0	2.0	4.0	0.0
174	0.0	0.0	0.0	0.0	0.0	0.0	0.0
175	1.0	1.0	0.0	0.0	1.0	2.0	0.0
176	0.0	1.0	0.0	0.0	1.0	2.0	0.0
177	1.0	1.0	0.0	0.0	0.3330000000000002	2.667	0.0
178	0.0	2.0	0.0	0.0	1.0	2.0	0.0
179	0.0	0.0	0.0	0.0	0.0	0.0	0.0
180	1.0	2.0	1.0	0.0	1.3330000000000002	4.667	1.0
181	0.0	4.0	0.0	0.0	2.333	6.667	0.0
182	0.0	1.0	0.0	1.0	0.0	3.0	1.0
183	2.0	0.0	0.0	0.0	2.0	4.0	0.0
184	1.0	3.0	0.0	0.0	1.3330000000000002	4.667	0.0
185	2.0	2.0	0.0	0.0	1.3320000000000007	10.668	0.0
186	0.0	0.0	0.0	0.0	0.0	0.0	0.0
187	2.0	0.0	1.0	0.0	2.0	4.0	1.0
188	1.0	0.0	1.0	0.0	1.0	2.0	1.0
189	1.0	1.0	0.0	0.0	2.0	4.0	0.0
190	3.0	2.0	1.0	0.0	3.0	6.0	1.0
191	0.0	0.0	0.0	0.0	0.0	0.0	0.0
192	2.0	0.0	1.0	0.0	2.0	4.0	1.0
193	1.0	2.0	0.0	0.0	1.0	2.0	0.0
194	0.0	0.0	0.0	0.0	0.0	0.0	0.0
195	1.0	1.0	0.0	0.0	0.3330000000000002	2.667	0.0
196	0.0	0.0	0.0	0.0	0.0	0.0	0.0
197	0.0	0.0	0.0	0.0	0.0	0.0	0.0
198	1.0	0.0	0.0	0.0	1.0	2.0	0.0
199	1.0	0.0	0.0	0.0	1.0	2.0	0.0
200	0.0	2.0	0.0	0.0	1.0	2.0	0.0
201	1.0	2.0	0.0	0.0	1.0	2.0	0.0
202	0.0	0.0	0.0	0.0	0.0	0.0	0.0
203	0.0	0.0	0.0	0.0	0.0	0.0	0.0
204	1.0	2.0	0.0	0.0	2.0	4.0	0.0
205	1.0	1.0	1.0	0.0	1.3330000000000002	4.667	1.0
206	1.0	0.0	0.0	0.0	1.0	2.0	0.0
207	0.0	0.0	0.0	0.0	0.0	0.0	0.0
208	2.0	1.0	0.0	0.0	2.333	6.667	0.0
209	1.0	0.0	1.0	0.0	1.0	2.0	1.0
210	0.0	0.0	0.0	0.0	0.0	0.0	0.0
211	2.0	0.0	1.0	0.0	0.6660000000000004	5.334	1.0
212	3.0	0.0	2.0	0.0	3.0	6.0	2.0
213	2.0	1.0	0.0	0.0	0.6660000000000004	5.334	0.0
214	1.0	3.0	0.0	0.0	1.6660000000000004	7.334	0.0
215	2.0	3.0	0.0	1.0	1.6660000000000004	7.334	1.0
216	2.0	0.0	1.0	0.0	2.0	4.0	1.0
217	0.0	3.0	0.0	0.0	2.0	4.0	0.0
218	2.0	0.0	1.0	0.0	1.3360000000000003	4.664	1.0
219	2.0	3.0	1.0	0.0	3.333	8.667	1.0
220	2.0	4.0	1.0	0.0	4.0	8.0	1.0
221	1.0	1.0	0.0	1.0	1.3330000000000002	4.667	1.0
222	1.0	3.0	0.0	0.0	1.3330000000000002	4.667	0.0
223	2.0	0.0	1.0	0.0	2.0	4.0	1.0
224	2.0	0.0	0.0	0.0	2.0	4.0	0.0
225	0.0	0.0	0.0	0.0	0.0	0.0	0.0
226	2.0	0.0	0.0	0.0	0.6660000000000004	5.334	0.0
227	0.0	1.0	0.0	0.0	1.0	2.0	0.0
228	0.0	0.0	0.0	0.0	0.0	0.0	0.0
229	2.0	2.0	1.0	0.0	3.0	6.0	1.0
230	2.0	0.0	1.0	0.0	2.0	4.0	1.0
231	2.0	5.0	0.0	3.0	7.0	14.0	3.0
232	3.0	1.0	2.0	0.0	4.0	8.0	2.0
233	1.0	0.0	1.0	0.0	1.0	2.0	1.0
234	0.0	3.0	0.0	0.0	1.3330000000000002	4.667	0.0
235	2.0	5.0	1.0	2.0	3.6660000000000004	11.334	2.0
236	2.0	3.0	0.0	0.0	1.3330000000000002	4.667	0.0
237	1.0	1.0	0.0	0.0	1.0	2.0	0.0
238	1.0	0.0	1.0	0.0	1.0	2.0	1.0
239	1.0	1.0	1.0	0.0	2.0	4.0	1.0
240	0.0	0.0	0.0	0.0	0.0	0.0	0.0
241	1.0	0.0	0.0	0.0	1.0	2.0	0.0
242	1.0	0.0	1.0	0.0	0.3330000000000002	2.667	1.0
243	0.0	3.0	0.0	0.0	2.0	4.0	0.0
244	1.0	5.0	1.0	1.0	3.333	8.667	2.0
245	2.0	4.0	0.0	0.0	0.6660000000000004	5.334	0.0
246	1.0	5.0	0.0	2.0	2.6660000000000004	9.334	1.0
247	1.0	3.0	0.0	0.0	2.0	4.0	0.0
248	3.0	2.0	1.0	0.0	1.6660000000000004	7.334	1.0
249	0.0	0.0	0.0	0.0	0.0	0.0	0.0
250	0.0	0.0	0.0	0.0	0.0	0.0	0.0
251	0.0	0.0	0.0	0.0	0.0	0.0	0.0
252	1.0	3.0	1.0	1.0	3.3360000000000003	8.664	2.0
253	1.0	1.0	0.0	1.0	2.0	4.0	1.0
254	0.0	1.0	0.0	0.0	1.0	2.0	0.0
255	2.0	3.0	1.0	1.0	3.0010000000000003	8.998999999999999	2.0
256	2.0	1.0	0.0	0.0	1.3330000000000002	4.667	0.0
257	2.0	2.0	1.0	0.0	1.6680000000000001	7.332	1.0
258	2.0	1.0	1.0	0.0	3.0	6.0	1.0
259	1.0	0.0	0.0	0.0	0.3330000000000002	2.667	0.0
260	1.0	0.0	1.0	0.0	1.0	2.0	1.0
261	2.0	0.0	1.0	0.0	2.0	4.0	1.0
262	0.0	4.0	0.0	1.0	1.6660000000000004	7.334	1.0
263	1.0	0.0	1.0	0.0	1.0	2.0	1.0
264	2.0	0.0	1.0	0.0	2.8	3.2	1.0
265	2.0	1.0	0.0	0.0	1.0	2.0	0.0
266	0.0	2.0	0.0	0.0	0.3330000000000002	2.667	0.0
267	0.0	2.0	0.0	0.0	1.0	2.0	0.0
268	2.0	0.0	0.0	0.0	2.0	4.0	0.0
269	0.0	2.0	0.0	0.0	1.6680000000000001	4.332	0.0
270	1.0	0.0	1.0	0.0	1.0	2.0	1.0
271	1.0	0.0	1.0	0.0	1.0	2.0	1.0
272	3.0	2.0	1.0	1.0	5.0	10.0	2.0
273	1.0	0.0	1.0	0.0	1.0	2.0	1.0
274	0.0	0.0	0.0	0.0	0.0	0.0	0.0
275	0.0	0.0	0.0	0.0	0.0	0.0	0.0
276	1.0	0.0	0.0	0.0	0.3330000000000002	2.667	0.0
277	0.0	0.0	0.0	0.0	0.0	0.0	0.0
278	0.0	1.0	0.0	0.0	1.0	2.0	0.0
279	2.0	0.0	1.0	0.0	2.0	4.0	1.0
280	2.0	0.0	0.0	0.0	2.0	4.0	0.0
281	2.0	0.0	1.0	0.0	2.0	4.0	1.0
282	1.0	1.0	1.0	0.0	2.068	3.932	1.0
283	1.0	0.0	0.0	0.0	0.3330000000000002	2.667	0.0
284	2.0	0.0	0.0	0.0	2.0	4.0	0.0
285	1.0	0.0	0.0	0.0	1.0	2.0	0.0
286	2.0	0.0	1.0	0.0	2.0	4.0	1.0
287	2.0	0.0	1.0	0.0	2.0	4.0	1.0
288	0.0	0.0	0.0	0.0	0.0	0.0	0.0
289	1.0	0.0	0.0	0.0	1.0	2.0	0.0
290	0.0	0.0	0.0	0.0	0.0	0.0	0.0
291	1.0	0.0	0.0	0.0	0.3330000000000002	2.667	0.0
292	1.0	0.0	0.0	0.0	1.0	2.0	0.0
293	2.0	0.0	0.0	0.0	2.0	4.0	0.0
294	2.0	0.0	1.0	0.0	0.6660000000000004	5.334	1.0
295	0.0	1.0	0.0	0.0	1.0	2.0	0.0
296	0.0	0.0	0.0	0.0	0.0	0.0	0.0
297	0.0	0.0	0.0	0.0	0.0	0.0	0.0
298	0.0	0.0	0.0	0.0	0.0	0.0	0.0
299	0.0	3.0	0.0	2.0	1.6660000000000004	7.334	2.0
300	2.0	4.0	2.0	0.0	5.0040000000000004	12.995999999999999	2.0
301	1.0	0.0	1.0	0.0	1.0	2.0	1.0
302	2.0	0.0	2.0	0.0	0.6660000000000004	5.334	2.0
303	2.0	2.0	1.0	0.0	1.6660000000000004	7.334	1.0
304	0.0	0.0	0.0	0.0	0.0	0.0	0.0
305	2.0	3.0	1.0	0.0	2.333	6.667	1.0
306	0.0	1.0	0.0	0.0	1.0	2.0	0.0
307	0.0	0.0	0.0	0.0	0.0	0.0	0.0
308	1.0	0.0	0.0	0.0	1.0	2.0	0.0
309	2.0	0.0	0.0	0.0	2.0	4.0	0.0
310	3.0	1.0	2.0	0.0	3.333	8.667	2.0
311	3.0	0.0	1.0	0.0	3.0	6.0	1.0
312	1.0	0.0	0.0	0.0	0.3330000000000002	2.667	0.0
313	1.0	4.0	1.0	2.0	1.3320000000000007	10.668	2.0
314	3.0	3.0	1.0	1.0	4.333	10.667	2.0
315	2.0	0.0	1.0	0.0	2.0	4.0	1.0
316	3.0	0.0	0.0	0.0	3.4	5.6	0.0
317	3.0	1.0	2.0	1.0	3.0	6.0	2.0
318	1.0	3.0	0.0	0.0	1.3330000000000002	4.667	0.0
319	0.0	0.0	0.0	0.0	0.0	0.0	0.0
320	0.0	0.0	0.0	0.0	0.0	0.0	0.0
321	2.0	2.0	1.0	0.0	3.333	8.667	1.0
322	1.0	3.0	1.0	0.0	3.0	6.0	1.0
323	2.0	1.0	2.0	1.0	1.0	2.0	1.0
324	2.0	3.0	1.0	2.0	3.4	5.6	2.0
325	1.0	5.0	0.0	1.0	3.6660000000000004	11.334	1.0
326	3.0	5.0	1.0	1.0	6.333	14.667	2.0
327	2.0	2.0	0.0	2.0	1.6660000000000004	7.334	1.0
328	2.0	1.0	1.0	1.0	2.0	4.0	1.0
329	2.0	3.0	0.0	2.0	3.3360000000000003	8.664	2.0
330	0.0	0.0	0.0	0.0	0.0	0.0	0.0
331	1.0	0.0	0.0	0.0	1.0	2.0	0.0
332	0.0	0.0	0.0	0.0	0.0	0.0	0.0
333	2.0	0.0	1.0	0.0	2.0	4.0	1.0
334	1.0	0.0	1.0	0.0	1.0	2.0	1.0
335	2.0	0.0	1.0	0.0	0.6660000000000004	5.334	1.0
336	1.0	0.0	1.0	0.0	1.0	2.0	1.0
337	1.0	1.0	0.0	0.0	0.6660000000000004	5.334	0.0
338	2.0	0.0	1.0	0.0	2.0	4.0	1.0
339	1.0	0.0	1.0	0.0	1.0	2.0	1.0
340	1.0	1.0	0.0	1.0	0.6660000000000004	5.334	1.0
341	1.0	2.0	0.0	2.0	2.0	4.0	1.0
342	0.0	0.0	0.0	0.0	0.0	0.0	0.0
343	3.0	0.0	1.0	0.0	3.0	6.0	1.0
344	1.0	2.0	0.0	0.0	0.6660000000000004	5.334	0.0
345	3.0	0.0	2.0	0.0	2.668	6.332	2.0
346	0.0	0.0	0.0	0.0	0.0	0.0	0.0
347	0.0	0.0	0.0	0.0	0.0	0.0	0.0
348	0.0	0.0	0.0	0.0	0.0	0.0	0.0
349	3.0	0.0	2.0	0.0	0.9990000000000006	8.001	2.0
350	2.0	0.0	0.0	0.0	0.6660000000000004	5.334	0.0
351	0.0	0.0	0.0	0.0	0.0	0.0	0.0
352	1.0	0.0	1.0	0.0	1.0	2.0	1.0
353	3.0	0.0	2.0	0.0	3.0	6.0	2.0
354	0.0	0.0	0.0	0.0	0.0	0.0	0.0
355	1.0	0.0	0.0	0.0	0.3330000000000002	2.667	0.0
356	1.0	0.0	0.0	0.0	1.0	2.0	0.0
357	0.0	0.0	0.0	0.0	0.0	0.0	0.0
358	0.0	0.0	0.0	0.0	0.0	0.0	0.0
359	1.0	2.0	0.0	1.0	2.0	4.0	1.0
360	2.0	1.0	1.0	0.0	1.3330000000000002	4.667	1.0
361	0.0	1.0	0.0	0.0	1.0	2.0	0.0
362	0.0	3.0	0.0	2.0	0.9990000000000006	8.001	2.0
363	3.0	2.0	1.0	1.0	1.9990000000000006	10.001	2.0
364	1.0	2.0	0.0	1.0	1.3330000000000002	4.667	1.0
365	1.0	0.0	0.0	0.0	0.3330000000000002	2.667	0.0
366	0.0	1.0	0.0	0.0	1.0	2.0	0.0
367	2.0	1.0	2.0	0.0	0.9990000000000006	8.001	2.0
368	2.0	2.0	1.0	0.0	2.0	4.0	1.0
369	0.0	0.0	0.0	0.0	0.0	0.0	0.0
370	0.0	0.0	0.0	0.0	0.0	0.0	0.0
371	0.0	0.0	0.0	0.0	0.0	0.0	0.0
372	2.0	1.0	0.0	0.0	3.0	6.0	0.0
373	3.0	3.0	1.0	1.0	3.3340000000000005	11.666	2.0
374	0.0	0.0	0.0	0.0	0.0	0.0	0.0
375	2.0	1.0	1.0	0.0	3.0	6.0	1.0
376	1.0	1.0	0.0	0.0	1.0	2.0	0.0
377	0.0	2.0	0.0	1.0	0.6660000000000004	5.334	1.0
378	0.0	0.0	0.0	0.0	0.0	0.0	0.0
379	0.0	0.0	0.0	0.0	0.0	0.0	0.0
380	2.0	0.0	1.0	0.0	2.0	4.0	1.0
381	1.0	2.0	1.0	0.0	2.333	6.667	1.0
382	2.0	4.0	1.0	2.0	2.0	4.0	1.0
383	0.0	0.0	0.0	0.0	0.0	0.0	0.0
384	4.0	0.0	2.0	0.0	2.0	4.0	1.0
385	1.0	0.0	1.0	0.0	0.3330000000000002	2.667	1.0
386	4.0	0.0	1.0	0.0	2.668	6.332	1.0
387	0.0	0.0	0.0	0.0	0.0	0.0	0.0
388	2.0	0.0	1.0	0.0	0.6660000000000004	5.334	1.0
389	2.0	0.0	0.0	0.0	2.0	4.0	0.0
390	0.0	0.0	0.0	0.0	0.0	0.0	0.0
391	1.0	1.0	1.0	0.0	1.0010000000000003	4.999	1.0
392	2.0	1.0	1.0	0.0	1.3330000000000002	4.667	1.0
393	1.0	1.0	0.0	0.0	0.3330000000000002	2.667	0.0
394	1.0	0.0	1.0	0.0	0.3330000000000002	2.667	1.0
395	1.0	1.0	0.0	0.0	1.0	2.0	0.0
396	0.0	2.0	0.0	0.0	1.4	1.6	0.0
397	1.0	2.0	0.0	0.0	1.3330000000000002	4.667	0.0
398	0.0	0.0	0.0	0.0	0.0	0.0	0.0
399	1.0	0.0	1.0	0.0	0.3330000000000002	2.667	1.0
400	0.0	1.0	0.0	0.0	0.3330000000000002	2.667	0.0
401	2.0	2.0	1.0	0.0	3.8	5.2	1.0
402	1.0	2.0	1.0	0.0	1.3330000000000002	4.667	1.0
403	0.0	1.0	0.0	0.0	0.6680000000000001	2.332	0.0
404	1.0	0.0	0.0	0.0	0.3330000000000002	2.667	0.0
405	1.0	2.0	0.0	0.0	1.0	2.0	0.0
406	4.0	2.0	2.0	1.0	2.0	4.0	1.0
407	3.0	1.0	2.0	0.0	3.333	8.667	2.0
408	2.0	1.0	2.0	0.0	2.333	6.667	2.0
409	0.0	0.0	0.0	0.0	0.0	0.0	0.0
410	0.0	2.0	0.0	1.0	1.3330000000000002	4.667	1.0
411	1.0	1.0	0.0	0.0	0.3330000000000002	2.667	0.0
412	1.0	2.0	0.0	1.0	1.3330000000000002	4.667	1.0
413	2.0	0.0	0.0	0.0	1.3360000000000003	4.664	0.0
414	1.0	2.0	1.0	1.0	1.3340000000000005	7.6659999999999995	2.0
415	1.0	1.0	1.0	0.0	0.6660000000000004	5.334	1.0
416	2.0	0.0	1.0	0.0	1.3360000000000003	4.664	1.0
417	3.0	0.0	2.0	0.0	3.0	6.0	2.0
418	3.0	2.0	2.0	1.0	5.0	10.0	3.0
419	0.0	0.0	0.0	0.0	0.0	0.0	0.0
420	1.0	1.0	0.0	1.0	1.6680000000000001	4.332	1.0
421	1.0	0.0	1.0	0.0	1.0	2.0	1.0
422	0.0	0.0	0.0	0.0	0.0	0.0	0.0
423	2.0	0.0	1.0	0.0	2.0	4.0	1.0
424	0.0	2.0	0.0	2.0	0.6660000000000004	5.334	2.0
425	4.0	0.0	2.0	0.0	4.0	8.0	2.0
426	3.0	3.0	1.0	2.0	4.333	10.667	3.0
427	0.0	2.0	0.0	0.0	1.0	2.0	0.0
428	0.0	4.0	0.0	2.0	0.9990000000000006	8.001	2.0
429	2.0	0.0	1.0	0.0	2.0	4.0	1.0
430	3.0	0.0	1.0	0.0	3.0	6.0	1.0
431	3.0	2.0	2.0	1.0	4.333	10.667	3.0
432	3.0	2.0	1.0	0.0	3.3360000000000003	8.664	1.0
433	1.0	2.0	0.0	0.0	1.3330000000000002	4.667	0.0
434	2.0	2.0	2.0	1.0	1.6660000000000004	7.334	2.0
435	1.0	1.0	0.0	0.0	1.0	2.0	0.0
436	2.0	2.0	1.0	1.0	3.333	8.667	2.0
437	1.0	1.0	0.0	0.0	2.0	4.0	0.0
438	0.0	1.0	0.0	0.0	0.3330000000000002	2.667	0.0
439	1.0	2.0	0.0	0.0	1.0	2.0	0.0
440	2.0	0.0	0.0	0.0	0.6660000000000004	5.334	0.0
441	2.0	0.0	1.0	0.0	0.6660000000000004	5.334	1.0
442	2.0	0.0	1.0	0.0	2.0	4.0	1.0
443	2.0	2.0	1.0	0.0	1.3330000000000002	4.667	1.0
444	2.0	0.0	0.0	0.0	0.6660000000000004	5.334	0.0
445	1.0	1.0	1.0	0.0	0.6660000000000004	5.334	1.0
446	1.0	4.0	0.0	3.0	1.9990000000000006	10.001	2.0
447	0.0	3.0	0.0	2.0	0.9990000000000006	8.001	2.0
448	0.0	3.0	0.0	2.0	0.9990000000000006	8.001	2.0
449	2.0	3.0	2.0	2.0	4.336	10.664	4.0
450	0.0	2.0	0.0	1.0	1.3330000000000002	4.667	1.0
451	0.0	1.0	0.0	0.0	1.0	2.0	0.0
452	0.0	1.0	0.0	1.0	0.3330000000000002	2.667	1.0
453	0.0	2.0	0.0	1.0	2.0	4.0	1.0
454	3.0	4.0	1.0	1.0	6.0	12.0	2.0
455	1.0	0.0	1.0	0.0	0.6680000000000001	2.332	1.0
456	3.0	0.0	2.0	0.0	2.0	4.0	1.0
457	2.0	0.0	2.0	0.0	1.3360000000000003	4.664	2.0
458	5.0	1.0	4.0	0.0	3.6690000000000005	11.331	3.0
459	0.0	1.0	0.0	0.0	0.3330000000000002	2.667	0.0
460	3.0	0.0	3.0	0.0	1.6680000000000001	4.332	2.0
461	0.0	0.0	0.0	0.0	0.0	0.0	0.0
462	0.0	0.0	0.0	0.0	0.0	0.0	0.0
463	0.0	6.0	0.0	3.0	1.3320000000000007	10.668	2.0
464	0.0	0.0	0.0	0.0	0.0	0.0	0.0
465	1.0	0.0	1.0	0.0	1.0	2.0	1.0
466	3.0	0.0	2.0	0.0	3.0	6.0	2.0
467	0.0	0.0	0.0	0.0	0.0	0.0	0.0
468	1.0	2.0	0.0	0.0	1.0	2.0	0.0
469	1.0	0.0	1.0	0.0	0.3330000000000002	2.667	1.0
470	4.0	0.0	2.0	0.0	4.8	7.2	2.0
471	0.0	0.0	0.0	0.0	0.0	0.0	0.0
472	3.0	0.0	2.0	0.0	3.4	5.6	2.0
473	2.0	0.0	1.0	0.0	2.0	4.0	1.0
474	4.0	0.0	2.0	0.0	4.136	7.864	2.0
475	1.0	0.0	0.0	0.0	1.0	2.0	0.0
476	1.0	0.0	0.0	0.0	0.3330000000000002	2.667	0.0
477	1.0	0.0	1.0	0.0	0.3330000000000002	2.667	1.0
478	2.0	0.0	1.0	0.0	2.8	3.2	1.0
479	0.0	0.0	0.0	0.0	0.0	0.0	0.0
480	2.0	0.0	0.0	0.0	0.6660000000000004	5.334	0.0
481	0.0	0.0	0.0	0.0	0.0	0.0	0.0
482	2.0	0.0	1.0	0.0	2.4	3.6	1.0
483	3.0	0.0	2.0	0.0	2.3360000000000003	6.664	2.0
484	1.0	3.0	1.0	1.0	1.6680000000000001	4.332	1.0
485	3.0	0.0	2.0	0.0	2.4	3.6	1.0
486	3.0	2.0	1.0	2.0	3.0020000000000007	11.998	3.0
487	3.0	0.0	2.0	0.0	3.0	6.0	2.0
488	1.0	0.0	1.0	0.0	0.3330000000000002	2.667	1.0
489	2.0	0.0	1.0	0.0	2.0	4.0	1.0
490	2.0	0.0	2.0	0.0	0.6660000000000004	5.334	2.0
491	1.0	0.0	1.0	0.0	0.6680000000000001	2.332	1.0
492	2.0	0.0	2.0	0.0	2.4	3.6	2.0
493	0.0	0.0	0.0	0.0	0.0	0.0	0.0
494	3.0	0.0	2.0	0.0	0.9990000000000006	8.001	2.0
495	3.0	0.0	1.0	0.0	2.3360000000000003	6.664	1.0
496	0.0	0.0	0.0	0.0	0.0	0.0	0.0
497	4.0	0.0	2.0	0.0	3.668	8.332	2.0
498	3.0	0.0	2.0	0.0	0.9990000000000006	8.001	2.0
499	1.0	2.0	0.0	2.0	0.6680000000000001	8.332	2.0
500	3.0	1.0	2.0	1.0	4.068	7.932	3.0
501	1.0	1.0	0.0	1.0	2.4	3.6	1.0
502	1.0	0.0	0.0	0.0	1.0	2.0	0.0
503	2.0	0.0	2.0	0.0	2.0	4.0	2.0
504	3.0	2.0	3.0	1.0	3.0020000000000007	11.998	4.0
505	4.0	0.0	3.0	0.0	4.0	8.0	3.0
506	2.0	0.0	2.0	0.0	0.6660000000000004	5.334	2.0
507	2.0	3.0	2.0	0.0	3.333	8.667	2.0
508	2.0	0.0	0.0	0.0	2.0	4.0	0.0
509	2.0	0.0	1.0	0.0	1.3360000000000003	4.664	1.0
510	2.0	1.0	0.0	0.0	0.6680000000000001	2.332	0.0
511	1.0	1.0	1.0	1.0	1.0	2.0	1.0
512	3.0	1.0	2.0	0.0	3.0	6.0	2.0
513	0.0	0.0	0.0	0.0	0.0	0.0	0.0
514	0.0	2.0	0.0	0.0	0.3330000000000002	2.667	0.0
515	0.0	0.0	0.0	0.0	0.0	0.0	0.0
516	1.0	2.0	1.0	0.0	1.3330000000000002	4.667	1.0
517	1.0	1.0	0.0	0.0	1.0	2.0	0.0
518	0.0	1.0	0.0	0.0	0.3330000000000002	2.667	0.0
519	2.0	4.0	1.0	1.0	4.0	8.0	2.0
520	2.0	0.0	1.0	0.0	0.6660000000000004	5.334	1.0
521	1.0	3.0	1.0	0.0	2.333	6.667	1.0
522	4.0	1.0	2.0	0.0	4.0	8.0	2.0
523	1.0	0.0	1.0	0.0	0.3330000000000002	2.667	1.0
524	0.0	0.0	0.0	0.0	0.0	0.0	0.0
525	0.0	0.0	0.0	0.0	0.0	0.0	0.0
526	3.0	2.0	2.0	2.0	2.333	6.667	2.0
527	0.0	0.0	0.0	0.0	0.0	0.0	0.0
528	0.0	0.0	0.0	0.0	0.0	0.0	0.0
529	1.0	0.0	0.0	0.0	0.3330000000000002	2.667	0.0
530	1.0	0.0	1.0	0.0	0.3330000000000002	2.667	1.0
531	2.0	2.0	1.0	1.0	1.6690000000000005	7.3309999999999995	1.0
532	1.0	1.0	0.0	0.0	0.6680000000000001	2.332	0.0
533	1.0	0.0	0.0	0.0	0.3330000000000002	2.667	0.0
