all_syn	all_nonSyn	tip_syn	tip_nonSyn	S	N	comparisons
001	0.0	0.0	0.0	0.0	0.0	0.0	0.0
002	0.0	0.0	0.0	0.0	0.0	0.0	0.0
003	0.0	0.0	0.0	0.0	0.0	0.0	0.0
004	0.0	0.0	0.0	0.0	0.0	0.0	0.0
005	0.0	0.0	0.0	0.0	0.0	0.0	0.0
006	0.0	0.0	0.0	0.0	0.0	0.0	0.0
007	0.0	0.0	0.0	0.0	0.0	0.0	0.0
008	0.0	0.0	0.0	0.0	0.0	0.0	0.0
009	0.0	0.0	0.0	0.0	0.0	0.0	0.0
010	0.0	1.0	0.0	0.0	1.0	2.0	0.0
011	0.0	0.0	0.0	0.0	0.0	0.0	0.0
012	0.0	0.0	0.0	0.0	0.0	0.0	0.0
013	0.0	0.0	0.0	0.0	0.0	0.0	0.0
014	0.0	0.0	0.0	0.0	0.0	0.0	0.0
015	0.0	0.0	0.0	0.0	0.0	0.0	0.0
016	0.0	0.0	0.0	0.0	0.0	0.0	0.0
017	0.0	0.0	0.0	0.0	0.0	0.0	0.0
018	0.0	0.0	0.0	0.0	0.0	0.0	0.0
019	0.0	0.0	0.0	0.0	0.0	0.0	0.0
020	0.0	0.0	0.0	0.0	0.0	0.0	0.0
021	0.0	0.0	0.0	0.0	0.0	0.0	0.0
022	0.0	0.0	0.0	0.0	0.0	0.0	0.0
023	0.0	0.0	0.0	0.0	0.0	0.0	0.0
024	0.0	0.0	0.0	0.0	0.0	0.0	0.0
025	0.0	0.0	0.0	0.0	0.0	0.0	0.0
026	0.0	0.0	0.0	0.0	0.0	0.0	0.0
027	0.0	0.0	0.0	0.0	0.0	0.0	0.0
028	0.0	0.0	0.0	0.0	0.0	0.0	0.0
029	0.0	0.0	0.0	0.0	0.0	0.0	0.0
030	0.0	0.0	0.0	0.0	0.0	0.0	0.0
031	0.0	0.0	0.0	0.0	0.0	0.0	0.0
032	0.0	0.0	0.0	0.0	0.0	0.0	0.0
033	0.0	0.0	0.0	0.0	0.0	0.0	0.0
034	0.0	0.0	0.0	0.0	0.0	0.0	0.0
035	0.0	0.0	0.0	0.0	0.0	0.0	0.0
036	0.0	0.0	0.0	0.0	0.0	0.0	0.0
037	0.0	0.0	0.0	0.0	0.0	0.0	0.0
038	0.0	0.0	0.0	0.0	0.0	0.0	0.0
039	0.0	0.0	0.0	0.0	0.0	0.0	0.0
040	0.0	0.0	0.0	0.0	0.0	0.0	0.0
041	0.0	0.0	0.0	0.0	0.0	0.0	0.0
042	0.0	0.0	0.0	0.0	0.0	0.0	0.0
043	0.0	0.0	0.0	0.0	0.0	0.0	0.0
044	0.0	0.0	0.0	0.0	0.0	0.0	0.0
045	0.0	0.0	0.0	0.0	0.0	0.0	0.0
046	0.0	0.0	0.0	0.0	0.0	0.0	0.0
047	0.0	0.0	0.0	0.0	0.0	0.0	0.0
048	0.0	0.0	0.0	0.0	0.0	0.0	0.0
049	0.0	0.0	0.0	0.0	0.0	0.0	0.0
050	0.0	0.0	0.0	0.0	0.0	0.0	0.0
051	0.0	0.0	0.0	0.0	0.0	0.0	0.0
052	0.0	0.0	0.0	0.0	0.0	0.0	0.0
053	0.0	0.0	0.0	0.0	0.0	0.0	0.0
054	0.0	0.0	0.0	0.0	0.0	0.0	0.0
055	0.0	0.0	0.0	0.0	0.0	0.0	0.0
056	0.0	0.0	0.0	0.0	0.0	0.0	0.0
057	0.0	0.0	0.0	0.0	0.0	0.0	0.0
058	0.0	0.0	0.0	0.0	0.0	0.0	0.0
059	0.0	0.0	0.0	0.0	0.0	0.0	0.0
060	0.0	0.0	0.0	0.0	0.0	0.0	0.0
061	0.0	0.0	0.0	0.0	0.0	0.0	0.0
062	0.0	0.0	0.0	0.0	0.0	0.0	0.0
063	0.0	0.0	0.0	0.0	0.0	0.0	0.0
064	0.0	0.0	0.0	0.0	0.0	0.0	0.0
065	0.0	0.0	0.0	0.0	0.0	0.0	0.0
066	0.0	0.0	0.0	0.0	0.0	0.0	0.0
067	0.0	0.0	0.0	0.0	0.0	0.0	0.0
068	0.0	0.0	0.0	0.0	0.0	0.0	0.0
069	0.0	0.0	0.0	0.0	0.0	0.0	0.0
070	0.0	0.0	0.0	0.0	0.0	0.0	0.0
071	0.0	0.0	0.0	0.0	0.0	0.0	0.0
072	0.0	0.0	0.0	0.0	0.0	0.0	0.0
073	0.0	0.0	0.0	0.0	0.0	0.0	0.0
074	0.0	0.0	0.0	0.0	0.0	0.0	0.0
075	0.0	0.0	0.0	0.0	0.0	0.0	0.0
076	0.0	0.0	0.0	0.0	0.0	0.0	0.0
077	0.0	0.0	0.0	0.0	0.0	0.0	0.0
078	0.0	0.0	0.0	0.0	0.0	0.0	0.0
079	0.0	0.0	0.0	0.0	0.0	0.0	0.0
080	0.0	0.0	0.0	0.0	0.0	0.0	0.0
081	0.0	0.0	0.0	0.0	0.0	0.0	0.0
082	0.0	0.0	0.0	0.0	0.0	0.0	0.0
083	0.0	0.0	0.0	0.0	0.0	0.0	0.0
084	0.0	0.0	0.0	0.0	0.0	0.0	0.0
085	0.0	0.0	0.0	0.0	0.0	0.0	0.0
086	0.0	0.0	0.0	0.0	0.0	0.0	0.0
087	0.0	0.0	0.0	0.0	0.0	0.0	0.0
088	0.0	0.0	0.0	0.0	0.0	0.0	0.0
089	0.0	0.0	0.0	0.0	0.0	0.0	0.0
090	0.0	0.0	0.0	0.0	0.0	0.0	0.0
091	0.0	0.0	0.0	0.0	0.0	0.0	0.0
092	0.0	0.0	0.0	0.0	0.0	0.0	0.0
093	0.0	0.0	0.0	0.0	0.0	0.0	0.0
094	0.0	0.0	0.0	0.0	0.0	0.0	0.0
095	0.0	0.0	0.0	0.0	0.0	0.0	0.0
096	0.0	0.0	0.0	0.0	0.0	0.0	0.0
097	0.0	0.0	0.0	0.0	0.0	0.0	0.0
098	0.0	0.0	0.0	0.0	0.0	0.0	0.0
099	0.0	0.0	0.0	0.0	0.0	0.0	0.0
100	0.0	0.0	0.0	0.0	0.0	0.0	0.0
101	0.0	0.0	0.0	0.0	0.0	0.0	0.0
102	0.0	0.0	0.0	0.0	0.0	0.0	0.0
103	0.0	0.0	0.0	0.0	0.0	0.0	0.0
104	0.0	0.0	0.0	0.0	0.0	0.0	0.0
105	0.0	0.0	0.0	0.0	0.0	0.0	0.0
106	0.0	0.0	0.0	0.0	0.0	0.0	0.0
107	0.0	0.0	0.0	0.0	0.0	0.0	0.0
108	0.0	0.0	0.0	0.0	0.0	0.0	0.0
109	0.0	0.0	0.0	0.0	0.0	0.0	0.0
110	0.0	0.0	0.0	0.0	0.0	0.0	0.0
111	0.0	1.0	0.0	0.0	1.0	2.0	0.0
112	0.0	0.0	0.0	0.0	0.0	0.0	0.0
113	0.0	0.0	0.0	0.0	0.0	0.0	0.0
114	0.0	0.0	0.0	0.0	0.0	0.0	0.0
115	0.0	0.0	0.0	0.0	0.0	0.0	0.0
116	0.0	0.0	0.0	0.0	0.0	0.0	0.0
117	0.0	0.0	0.0	0.0	0.0	0.0	0.0
118	0.0	0.0	0.0	0.0	0.0	0.0	0.0
119	0.0	0.0	0.0	0.0	0.0	0.0	0.0
120	0.0	0.0	0.0	0.0	0.0	0.0	0.0
121	0.0	0.0	0.0	0.0	0.0	0.0	0.0
122	0.0	0.0	0.0	0.0	0.0	0.0	0.0
123	0.0	0.0	0.0	0.0	0.0	0.0	0.0
124	0.0	0.0	0.0	0.0	0.0	0.0	0.0
125	0.0	0.0	0.0	0.0	0.0	0.0	0.0
126	0.0	0.0	0.0	0.0	0.0	0.0	0.0
127	0.0	0.0	0.0	0.0	0.0	0.0	0.0
128	0.0	0.0	0.0	0.0	0.0	0.0	0.0
129	0.0	0.0	0.0	0.0	0.0	0.0	0.0
130	0.0	0.0	0.0	0.0	0.0	0.0	0.0
131	0.0	0.0	0.0	0.0	0.0	0.0	0.0
132	0.0	0.0	0.0	0.0	0.0	0.0	0.0
133	0.0	0.0	0.0	0.0	0.0	0.0	0.0
134	0.0	0.0	0.0	0.0	0.0	0.0	0.0
135	0.0	0.0	0.0	0.0	0.0	0.0	0.0
136	0.0	0.0	0.0	0.0	0.0	0.0	0.0
137	0.0	0.0	0.0	0.0	0.0	0.0	0.0
138	0.0	0.0	0.0	0.0	0.0	0.0	0.0
139	0.0	0.0	0.0	0.0	0.0	0.0	0.0
140	0.0	0.0	0.0	0.0	0.0	0.0	0.0
141	0.0	0.0	0.0	0.0	0.0	0.0	0.0
142	0.0	0.0	0.0	0.0	0.0	0.0	0.0
143	0.0	0.0	0.0	0.0	0.0	0.0	0.0
144	0.0	0.0	0.0	0.0	0.0	0.0	0.0
145	0.0	0.0	0.0	0.0	0.0	0.0	0.0
146	0.0	0.0	0.0	0.0	0.0	0.0	0.0
147	0.0	0.0	0.0	0.0	0.0	0.0	0.0
148	0.0	0.0	0.0	0.0	0.0	0.0	0.0
149	0.0	0.0	0.0	0.0	0.0	0.0	0.0
150	0.0	0.0	0.0	0.0	0.0	0.0	0.0
151	0.0	0.0	0.0	0.0	0.0	0.0	0.0
152	0.0	0.0	0.0	0.0	0.0	0.0	0.0
153	0.0	0.0	0.0	0.0	0.0	0.0	0.0
154	0.0	0.0	0.0	0.0	0.0	0.0	0.0
155	0.0	0.0	0.0	0.0	0.0	0.0	0.0
156	0.0	0.0	0.0	0.0	0.0	0.0	0.0
157	0.0	0.0	0.0	0.0	0.0	0.0	0.0
158	0.0	0.0	0.0	0.0	0.0	0.0	0.0
159	1.0	0.0	1.0	0.0	1.0	2.0	1.0
160	1.0	2.0	1.0	0.0	3.0	6.0	1.0
161	0.0	2.0	0.0	1.0	1.3330000000000002	4.667	1.0
162	3.0	4.0	2.0	4.0	1.3330000000000002	10.667	3.0
163	2.0	1.0	2.0	1.0	1.3330000000000002	4.667	2.0
164	1.0	2.0	1.0	1.0	3.0	6.0	2.0
165	3.0	4.0	2.0	2.0	3.333	8.667	2.0
166	1.0	4.0	0.0	2.0	1.6660000000000004	7.334	2.0
167	3.0	4.0	2.0	2.0	3.0	6.0	2.0
168	2.0	3.0	2.0	2.0	4.0	8.0	3.0
169	3.0	4.0	3.0	3.0	4.333	10.667	4.0
170	2.0	1.0	1.0	1.0	3.0	6.0	2.0
171	3.0	4.0	2.0	4.0	4.333	10.667	4.0
172	3.0	3.0	2.0	2.0	2.333	6.667	2.0
173	3.0	4.0	2.0	3.0	4.0	8.0	3.0
174	1.0	1.0	1.0	1.0	1.0	2.0	1.0
175	3.0	4.0	3.0	3.0	4.736	10.264	4.0
176	2.0	1.0	2.0	1.0	3.4	5.6	3.0
177	3.0	0.0	3.0	0.0	3.0	6.0	3.0
178	1.0	2.0	0.0	2.0	1.6680000000000001	7.332	2.0
179	0.0	0.0	0.0	0.0	0.0	0.0	0.0
180	1.0	2.0	1.0	1.0	1.6660000000000004	7.334	2.0
181	2.0	2.0	2.0	2.0	0.6660000000000004	5.334	2.0
182	0.0	0.0	0.0	0.0	0.0	0.0	0.0
183	2.0	1.0	1.0	1.0	2.668	6.332	2.0
184	1.0	0.0	1.0	0.0	1.0	2.0	1.0
185	1.0	0.0	1.0	0.0	0.3330000000000002	2.667	1.0
186	1.0	0.0	1.0	0.0	1.0	2.0	1.0
187	2.0	1.0	1.0	1.0	3.0	6.0	2.0
188	1.0	4.0	1.0	4.0	1.9990000000000006	10.001	4.0
189	1.0	5.0	1.0	2.0	2.665000000000001	15.334999999999999	3.0
190	1.0	0.0	1.0	0.0	1.0	2.0	1.0
191	3.0	1.0	2.0	1.0	2.0	7.0	2.0
192	2.0	0.0	1.0	0.0	2.0	4.0	1.0
193	2.0	1.0	0.0	1.0	0.9990000000000006	8.001	1.0
194	2.0	0.0	2.0	0.0	0.6660000000000004	5.334	2.0
195	0.0	1.0	0.0	1.0	0.6680000000000001	2.332	1.0
196	2.0	2.0	2.0	2.0	3.4	5.6	3.0
197	0.0	0.0	0.0	0.0	0.0	0.0	0.0
198	2.0	5.0	2.0	5.0	1.6660000000000004	7.334	3.0
199	1.0	3.0	1.0	2.0	2.333	6.667	2.0
200	0.0	0.0	0.0	0.0	0.0	0.0	0.0
201	3.0	1.0	2.0	1.0	3.333	8.667	3.0
202	4.0	0.0	2.0	0.0	4.0	8.0	2.0
203	3.0	1.0	1.0	1.0	1.6670000000000007	10.332999999999998	2.0
204	3.0	1.0	2.0	1.0	2.668	6.332	2.0
205	2.0	3.0	2.0	1.0	2.0010000000000003	6.999	2.0
206	3.0	2.0	1.0	2.0	1.9990000000000006	10.001	2.0
207	1.0	0.0	1.0	0.0	0.3330000000000002	2.667	1.0
208	3.0	0.0	3.0	0.0	3.8	5.2	3.0
209	1.0	0.0	1.0	0.0	0.3330000000000002	2.667	1.0
210	1.0	0.0	1.0	0.0	0.3330000000000002	2.667	1.0
211	0.0	0.0	0.0	0.0	0.0	0.0	0.0
212	1.0	0.0	1.0	0.0	1.0	2.0	1.0
213	1.0	3.0	1.0	3.0	2.0	4.0	2.0
214	4.0	0.0	3.0	0.0	4.0	8.0	3.0
215	1.0	0.0	1.0	0.0	0.3330000000000002	2.667	1.0
216	1.0	1.0	1.0	1.0	0.6660000000000004	5.334	2.0
217	4.0	0.0	3.0	0.0	4.0	8.0	3.0
218	3.0	1.0	2.0	1.0	3.0	6.0	2.0
219	2.0	0.0	2.0	0.0	0.6660000000000004	5.334	2.0
220	3.0	1.0	2.0	1.0	2.3360000000000003	6.664	2.0
221	3.0	0.0	3.0	0.0	0.9990000000000006	8.001	3.0
222	2.0	0.0	1.0	0.0	2.0	4.0	1.0
223	3.0	0.0	3.0	0.0	0.9990000000000006	8.001	3.0
224	2.0	0.0	2.0	0.0	0.6660000000000004	5.334	2.0
225	3.0	0.0	3.0	0.0	3.0	6.0	3.0
226	1.0	0.0	1.0	0.0	1.4	1.6	1.0
227	2.0	0.0	2.0	0.0	0.6660000000000004	5.334	2.0
228	2.0	1.0	1.0	1.0	3.0	6.0	2.0
229	3.0	0.0	2.0	0.0	0.9990000000000006	8.001	2.0
230	1.0	1.0	1.0	1.0	2.068	3.932	2.0
231	1.0	3.0	0.0	2.0	2.0660000000000003	6.933999999999999	1.0
232	3.0	2.0	2.0	1.0	1.665000000000001	13.334999999999999	3.0
233	1.0	1.0	1.0	1.0	1.6680000000000001	4.332	2.0
234	1.0	1.0	1.0	1.0	1.3330000000000002	4.667	2.0
235	2.0	1.0	1.0	1.0	3.0	6.0	2.0
236	1.0	5.0	1.0	3.0	1.9990000000000006	13.001	3.0
237	1.0	0.0	1.0	0.0	1.4	1.6	1.0
238	2.0	0.0	1.0	0.0	2.0	4.0	1.0
239	3.0	4.0	2.0	4.0	3.333	8.667	3.0
240	2.0	3.0	2.0	2.0	3.333	8.667	3.0
241	0.0	0.0	0.0	0.0	0.0	0.0	0.0
242	2.0	1.0	1.0	0.0	2.0	4.0	1.0
243	0.0	3.0	0.0	3.0	0.9990000000000006	8.001	3.0
244	2.0	2.0	1.0	2.0	3.3360000000000003	8.664	3.0
245	4.0	0.0	3.0	0.0	4.0	8.0	3.0
246	2.0	4.0	2.0	3.0	3.668	8.332	3.0
247	3.0	0.0	2.0	0.0	3.0	6.0	2.0
248	4.0	0.0	3.0	0.0	4.0	8.0	3.0
249	0.0	0.0	0.0	0.0	0.0	0.0	0.0
250	0.0	0.0	0.0	0.0	0.0	0.0	0.0
251	4.0	0.0	2.0	0.0	4.0	8.0	2.0
252	1.0	2.0	1.0	2.0	0.6660000000000004	5.334	2.0
253	2.0	0.0	2.0	0.0	2.0	4.0	2.0
254	3.0	5.0	2.0	4.0	5.0	10.0	4.0
255	1.0	0.0	1.0	0.0	1.0	2.0	1.0
256	1.0	0.0	1.0	0.0	0.3330000000000002	2.667	1.0
257	1.0	1.0	1.0	1.0	1.0	2.0	1.0
258	3.0	0.0	2.0	0.0	3.0	6.0	2.0
259	4.0	0.0	3.0	0.0	4.0	8.0	3.0
260	2.0	0.0	0.0	0.0	2.0	4.0	0.0
261	3.0	0.0	2.0	0.0	0.9990000000000006	8.001	2.0
262	3.0	1.0	2.0	1.0	1.3320000000000007	10.668	3.0
263	2.0	1.0	2.0	1.0	1.3330000000000002	4.667	2.0
264	2.0	1.0	1.0	1.0	2.668	6.332	2.0
265	1.0	1.0	1.0	1.0	1.3330000000000002	4.667	2.0
266	3.0	1.0	3.0	1.0	2.0	4.0	2.0
267	0.0	0.0	0.0	0.0	0.0	0.0	0.0
268	3.0	3.0	3.0	3.0	2.000000000000001	12.999999999999998	5.0
269	1.0	0.0	0.0	0.0	0.3330000000000002	2.667	0.0
270	1.0	0.0	1.0	0.0	0.3330000000000002	2.667	1.0
271	3.0	2.0	2.0	2.0	3.0	6.0	2.0
272	2.0	3.0	2.0	3.0	0.9990000000000006	8.001	3.0
273	1.0	2.0	0.0	2.0	0.9990000000000006	8.001	2.0
274	2.0	1.0	2.0	1.0	1.3330000000000002	4.667	2.0
275	4.0	2.0	3.0	2.0	4.801	10.199	4.0
276	0.0	0.0	0.0	0.0	0.0	0.0	0.0
277	3.0	0.0	3.0	0.0	2.3360000000000003	6.664	3.0
278	3.0	0.0	2.0	0.0	0.9990000000000006	8.001	2.0
279	1.0	3.0	1.0	1.0	0.9990000000000006	8.001	1.0
280	2.0	0.0	1.0	0.0	2.0	4.0	1.0
281	4.0	0.0	3.0	0.0	4.0	8.0	3.0
282	1.0	3.0	1.0	3.0	1.6660000000000004	7.334	3.0
283	3.0	1.0	3.0	1.0	1.3330000000000002	4.667	2.0
284	4.0	0.0	3.0	0.0	4.0	8.0	3.0
285	3.0	0.0	2.0	0.0	3.0	6.0	2.0
286	2.0	1.0	2.0	1.0	1.6690000000000005	7.3309999999999995	3.0
287	1.0	0.0	1.0	0.0	1.0	2.0	1.0
288	0.0	0.0	0.0	0.0	0.0	0.0	0.0
289	3.0	0.0	2.0	0.0	0.9990000000000006	8.001	2.0
290	3.0	0.0	2.0	0.0	3.0	6.0	2.0
291	2.0	1.0	1.0	1.0	3.0	6.0	2.0
292	2.0	0.0	2.0	0.0	2.4	3.6	2.0
293	1.0	3.0	1.0	3.0	1.3330000000000002	4.667	2.0
294	0.0	0.0	0.0	0.0	0.0	0.0	0.0
295	2.0	2.0	1.0	2.0	2.3360000000000003	6.664	2.0
296	2.0	0.0	2.0	0.0	2.0	4.0	2.0
297	3.0	0.0	3.0	0.0	3.0	6.0	3.0
298	3.0	3.0	2.0	2.0	4.0	8.0	3.0
299	3.0	0.0	3.0	0.0	3.0	6.0	3.0
300	1.0	6.0	1.0	3.0	2.3320000000000007	12.668	3.0
301	3.0	0.0	2.0	0.0	0.9990000000000006	8.001	2.0
302	3.0	2.0	1.0	1.0	3.0	6.0	1.0
303	0.0	1.0	0.0	1.0	0.3330000000000002	2.667	1.0
304	2.0	0.0	1.0	0.0	0.6660000000000004	5.334	1.0
305	2.0	4.0	1.0	4.0	3.733	8.267	3.0
306	1.0	0.0	1.0	0.0	1.0	2.0	1.0
307	0.0	2.0	0.0	2.0	2.0	4.0	2.0
308	1.0	3.0	1.0	2.0	2.333	6.667	2.0
309	2.0	0.0	1.0	0.0	1.3360000000000003	4.664	1.0
310	2.0	1.0	2.0	1.0	2.0	4.0	2.0
311	2.0	1.0	2.0	1.0	2.668	6.332	3.0
312	4.0	0.0	3.0	0.0	4.0	8.0	3.0
313	0.0	0.0	0.0	0.0	0.0	0.0	0.0
314	0.0	0.0	0.0	0.0	0.0	0.0	0.0
315	4.0	0.0	3.0	0.0	4.0	8.0	3.0
316	2.0	0.0	1.0	0.0	0.6660000000000004	5.334	1.0
317	2.0	0.0	1.0	0.0	0.6660000000000004	5.334	1.0
318	2.0	0.0	2.0	0.0	0.6660000000000004	5.334	2.0
319	1.0	0.0	1.0	0.0	0.3330000000000002	2.667	1.0
320	2.0	4.0	2.0	3.0	2.3340000000000005	9.666	3.0
321	1.0	0.0	1.0	0.0	1.0	2.0	1.0
322	1.0	0.0	1.0	0.0	1.0	2.0	1.0
323	0.0	2.0	0.0	2.0	0.3330000000000002	2.667	1.0
324	1.0	0.0	1.0	0.0	1.0	2.0	1.0
325	2.0	0.0	0.0	0.0	2.0	4.0	0.0
326	1.0	0.0	1.0	0.0	0.3330000000000002	2.667	1.0
327	2.0	1.0	1.0	1.0	0.6660000000000004	5.334	1.0
328	0.0	0.0	0.0	0.0	0.0	0.0	0.0
329	1.0	0.0	1.0	0.0	1.0	2.0	1.0
330	2.0	1.0	2.0	1.0	1.3340000000000005	7.6659999999999995	3.0
331	6.0	0.0	5.0	0.0	4.736	10.264	4.0
332	2.0	3.0	1.0	2.0	3.0040000000000004	8.995999999999999	2.0
333	1.0	1.0	1.0	1.0	2.068	3.932	2.0
334	3.0	4.0	3.0	2.0	2.3340000000000005	9.666	2.0
335	1.0	1.0	1.0	1.0	1.6680000000000001	4.332	2.0
336	2.0	3.0	1.0	1.0	4.0	8.0	1.0
337	3.0	6.0	3.0	4.0	5.333	12.667	4.0
338	0.0	3.0	0.0	2.0	0.9990000000000006	8.001	2.0
339	0.0	0.0	0.0	0.0	0.0	0.0	0.0
340	0.0	3.0	0.0	3.0	2.0	4.0	2.0
341	1.0	1.0	0.0	1.0	0.6660000000000004	5.334	1.0
342	1.0	3.0	0.0	1.0	2.333	6.667	1.0
343	2.0	2.0	1.0	2.0	3.0	6.0	2.0
344	4.0	2.0	2.0	2.0	1.9990000000000006	10.001	2.0
345	4.0	2.0	3.0	2.0	4.0	8.0	3.0
346	1.0	2.0	1.0	2.0	0.6660000000000004	5.334	2.0
347	3.0	0.0	2.0	0.0	3.0	6.0	2.0
348	4.0	0.0	3.0	0.0	4.0	8.0	3.0
349	3.0	1.0	2.0	1.0	3.0	6.0	2.0
350	4.0	1.0	2.0	0.0	4.0	8.0	2.0
351	3.0	1.0	2.0	1.0	3.4	5.6	2.0
352	4.0	1.0	4.0	1.0	3.0040000000000004	8.995999999999999	4.0
353	1.0	0.0	0.0	0.0	1.0	2.0	0.0
354	4.0	1.0	1.0	1.0	5.0	10.0	2.0
355	0.0	0.0	0.0	0.0	0.0	0.0	0.0
356	3.0	0.0	2.0	0.0	0.9990000000000006	8.001	2.0
357	0.0	0.0	0.0	0.0	0.0	0.0	0.0
358	0.0	0.0	0.0	0.0	0.0	0.0	0.0
359	3.0	0.0	2.0	0.0	0.9990000000000006	8.001	2.0
360	2.0	1.0	2.0	1.0	1.3330000000000002	4.667	2.0
361	1.0	0.0	0.0	0.0	1.0	2.0	0.0
362	2.0	3.0	2.0	3.0	1.6660000000000004	7.334	3.0
363	2.0	0.0	1.0	0.0	0.6660000000000004	5.334	1.0
364	1.0	0.0	1.0	0.0	0.3330000000000002	2.667	1.0
365	2.0	0.0	2.0	0.0	2.0	4.0	2.0
366	0.0	0.0	0.0	0.0	0.0	0.0	0.0
367	1.0	0.0	1.0	0.0	0.3330000000000002	2.667	1.0
368	2.0	1.0	1.0	1.0	1.3330000000000002	4.667	1.0
369	0.0	0.0	0.0	0.0	0.0	0.0	0.0
370	2.0	0.0	2.0	0.0	2.0	4.0	2.0
371	1.0	1.0	1.0	1.0	2.0	4.0	2.0
372	2.0	2.0	2.0	2.0	2.333	6.667	3.0
373	0.0	2.0	0.0	1.0	1.3330000000000002	4.667	1.0
374	2.0	0.0	1.0	0.0	2.0	4.0	1.0
375	1.0	0.0	1.0	0.0	1.0	2.0	1.0
376	0.0	0.0	0.0	0.0	0.0	0.0	0.0
377	2.0	1.0	2.0	1.0	3.0	6.0	3.0
378	2.0	0.0	1.0	0.0	0.6660000000000004	5.334	1.0
379	2.0	1.0	1.0	1.0	3.0	6.0	2.0
380	3.0	2.0	2.0	2.0	2.333	6.667	2.0
381	3.0	3.0	2.0	2.0	4.0	8.0	3.0
382	1.0	3.0	1.0	2.0	2.4010000000000002	6.599	2.0
383	3.0	1.0	1.0	1.0	3.668	8.332	2.0
384	4.0	0.0	3.0	0.0	4.0	8.0	3.0
385	2.0	2.0	1.0	1.0	1.3330000000000002	4.667	1.0
386	1.0	0.0	0.0	0.0	0.3330000000000002	2.667	0.0
387	1.0	0.0	0.0	0.0	0.3330000000000002	2.667	0.0
388	4.0	0.0	3.0	0.0	3.3360000000000003	8.664	3.0
389	2.0	0.0	1.0	0.0	0.6660000000000004	5.334	1.0
390	2.0	0.0	2.0	0.0	2.0	4.0	2.0
391	1.0	0.0	1.0	0.0	0.3330000000000002	2.667	1.0
392	1.0	1.0	0.0	1.0	0.6660000000000004	5.334	1.0
393	4.0	1.0	2.0	0.0	5.468	9.532	2.0
394	3.0	0.0	3.0	0.0	3.0	6.0	3.0
395	2.0	0.0	1.0	0.0	0.6660000000000004	5.334	1.0
396	3.0	0.0	3.0	0.0	3.0	6.0	3.0
397	3.0	0.0	3.0	0.0	3.0	6.0	3.0
398	1.0	0.0	1.0	0.0	0.3330000000000002	2.667	1.0
399	0.0	2.0	0.0	2.0	0.6660000000000004	5.334	2.0
400	0.0	0.0	0.0	0.0	0.0	0.0	0.0
401	0.0	0.0	0.0	0.0	0.0	0.0	0.0
402	3.0	3.0	1.0	3.0	1.665000000000001	13.334999999999999	3.0
403	2.0	1.0	2.0	1.0	0.6660000000000004	5.334	2.0
404	0.0	4.0	0.0	3.0	1.9990000000000006	10.001	3.0
405	2.0	1.0	2.0	1.0	2.0	4.0	2.0
406	3.0	7.0	2.0	7.0	5.001	12.998999999999999	5.0
407	2.0	0.0	2.0	0.0	1.3360000000000003	4.664	2.0
408	0.0	0.0	0.0	0.0	0.0	0.0	0.0
409	1.0	0.0	1.0	0.0	0.3330000000000002	2.667	1.0
410	1.0	0.0	1.0	0.0	0.3330000000000002	2.667	1.0
411	2.0	1.0	2.0	1.0	1.3360000000000003	4.664	2.0
412	2.0	0.0	1.0	0.0	0.6660000000000004	5.334	1.0
413	1.0	0.0	1.0	0.0	1.0	2.0	1.0
414	1.0	1.0	1.0	1.0	0.3330000000000002	2.667	1.0
415	2.0	2.0	1.0	2.0	1.6660000000000004	7.334	2.0
416	1.0	0.0	1.0	0.0	1.0	2.0	1.0
417	1.0	2.0	1.0	2.0	1.3330000000000002	4.667	2.0
418	2.0	2.0	1.0	2.0	1.3330000000000002	4.667	1.0
419	1.0	1.0	1.0	0.0	2.0	4.0	1.0
420	2.0	5.0	2.0	3.0	4.333	10.667	3.0
421	2.0	2.0	2.0	1.0	3.0	6.0	2.0
422	2.0	3.0	2.0	2.0	1.6660000000000004	7.334	2.0
423	2.0	1.0	1.0	1.0	3.0	6.0	2.0
424	1.0	0.0	1.0	0.0	0.3330000000000002	2.667	1.0
425	3.0	0.0	2.0	0.0	3.0	6.0	2.0
426	1.0	0.0	1.0	0.0	1.0	2.0	1.0
427	5.0	0.0	4.0	0.0	4.868	7.132	3.0
428	1.0	1.0	0.0	1.0	2.0	4.0	1.0
429	1.0	0.0	1.0	0.0	0.3330000000000002	2.667	1.0
430	3.0	1.0	2.0	1.0	1.3330000000000002	4.667	1.0
431	2.0	0.0	1.0	0.0	0.6660000000000004	5.334	1.0
432	2.0	0.0	2.0	0.0	0.6660000000000004	5.334	2.0
433	2.0	0.0	2.0	0.0	0.6660000000000004	5.334	2.0
434	2.0	3.0	2.0	3.0	3.333	8.667	4.0
435	2.0	1.0	2.0	1.0	2.668	6.332	3.0
436	1.0	3.0	1.0	2.0	1.3320000000000007	10.668	3.0
437	4.0	0.0	3.0	0.0	2.3360000000000003	6.664	2.0
438	2.0	0.0	2.0	0.0	2.0	4.0	2.0
439	1.0	0.0	1.0	0.0	0.3330000000000002	2.667	1.0
440	2.0	0.0	2.0	0.0	0.6660000000000004	5.334	2.0
441	3.0	0.0	3.0	0.0	1.6680000000000001	4.332	2.0
442	3.0	0.0	2.0	0.0	3.0	6.0	2.0
443	3.0	0.0	2.0	0.0	3.0	6.0	2.0
444	1.0	0.0	1.0	0.0	1.0	2.0	1.0
445	2.0	0.0	2.0	0.0	2.0	4.0	2.0
446	1.0	0.0	1.0	0.0	0.3330000000000002	2.667	1.0
447	2.0	2.0	1.0	2.0	2.3360000000000003	6.664	2.0
448	4.0	1.0	3.0	1.0	2.3320000000000007	12.668	4.0
449	2.0	2.0	2.0	2.0	1.3330000000000002	4.667	2.0
450	2.0	1.0	2.0	1.0	2.0	4.0	2.0
451	2.0	1.0	2.0	1.0	2.0	4.0	2.0
452	2.0	2.0	2.0	2.0	2.4	3.6	2.0
453	1.0	1.0	1.0	1.0	0.3330000000000002	2.667	1.0
454	2.0	4.0	2.0	3.0	4.0	8.0	3.0
455	3.0	4.0	2.0	4.0	3.333	8.667	3.0
456	2.0	8.0	1.0	5.0	2.335000000000001	12.665	3.0
457	3.0	4.0	2.0	4.0	3.333	11.667	4.0
458	1.0	4.0	1.0	2.0	0.6660000000000004	5.334	1.0
459	0.0	1.0	0.0	1.0	1.0	2.0	1.0
460	0.0	0.0	0.0	0.0	0.0	0.0	0.0
