all_syn	all_nonSyn	tip_syn	tip_nonSyn	S	N	comparisons
001	0.0	0.0	0.0	0.0	0.0	0.0	0.0
002	0.0	1.0	0.0	0.0	1.0	2.0	0.0
003	1.0	1.0	1.0	1.0	0.0	3.0	1.0
004	0.0	1.0	0.0	1.0	0.3330000000000002	2.667	1.0
005	1.0	1.0	0.0	0.0	0.6660000000000004	5.334	0.0
006	0.0	2.0	0.0	2.0	0.3330000000000002	2.667	1.0
007	0.0	2.0	0.0	1.0	0.6660000000000004	5.334	1.0
008	0.0	3.0	0.0	1.0	1.3330000000000002	4.667	1.0
009	0.0	0.0	0.0	0.0	0.0	0.0	0.0
010	0.0	1.0	0.0	0.0	0.3330000000000002	2.667	0.0
011	1.0	3.0	1.0	1.0	1.6660000000000004	7.334	1.0
012	1.0	0.0	0.0	0.0	1.0	2.0	0.0
013	1.0	2.0	0.0	1.0	2.0	4.0	1.0
014	1.0	1.0	1.0	1.0	1.0	2.0	1.0
015	1.0	1.0	1.0	0.0	1.3330000000000002	4.667	1.0
016	1.0	0.0	0.0	0.0	1.0	2.0	0.0
017	1.0	0.0	0.0	0.0	1.0	2.0	0.0
018	0.0	2.0	0.0	1.0	0.6660000000000004	5.334	1.0
019	1.0	0.0	0.0	0.0	1.0	2.0	0.0
020	0.0	4.0	0.0	1.0	1.3340000000000005	7.6659999999999995	1.0
021	0.0	2.0	0.0	0.0	0.6680000000000001	2.332	0.0
022	1.0	1.0	0.0	1.0	2.0	4.0	1.0
023	0.0	2.0	0.0	1.0	0.6660000000000004	5.334	1.0
024	1.0	2.0	0.0	1.0	1.3330000000000002	4.667	1.0
025	1.0	2.0	1.0	1.0	2.0	4.0	1.0
026	1.0	2.0	0.0	2.0	1.3330000000000002	4.667	1.0
027	1.0	1.0	0.0	0.0	1.3330000000000002	4.667	0.0
028	1.0	2.0	1.0	0.0	1.3330000000000002	4.667	1.0
029	0.0	0.0	0.0	0.0	0.0	0.0	0.0
030	0.0	0.0	0.0	0.0	0.0	0.0	0.0
031	0.0	0.0	0.0	0.0	0.0	0.0	0.0
032	0.0	0.0	0.0	0.0	0.0	0.0	0.0
033	0.0	0.0	0.0	0.0	0.0	0.0	0.0
034	0.0	0.0	0.0	0.0	0.0	0.0	0.0
035	0.0	0.0	0.0	0.0	0.0	0.0	0.0
036	0.0	0.0	0.0	0.0	0.0	0.0	0.0
037	1.0	0.0	1.0	0.0	1.0	2.0	1.0
038	1.0	2.0	0.0	1.0	1.3330000000000002	4.667	1.0
039	1.0	2.0	0.0	2.0	1.3330000000000002	4.667	1.0
040	1.0	0.0	0.0	0.0	1.0	2.0	0.0
041	1.0	1.0	0.0	1.0	2.0	4.0	1.0
042	0.0	1.0	0.0	0.0	1.0	2.0	0.0
043	1.0	1.0	0.0	1.0	1.3330000000000002	4.667	1.0
044	1.0	2.0	0.0	1.0	1.6680000000000001	4.332	1.0
045	0.0	1.0	0.0	1.0	0.3330000000000002	2.667	1.0
046	1.0	0.0	0.0	0.0	1.0	2.0	0.0
047	2.0	1.0	0.0	1.0	3.0	6.0	1.0
048	0.0	1.0	0.0	0.0	1.0	2.0	0.0
049	0.0	0.0	0.0	0.0	0.0	0.0	0.0
050	1.0	1.0	0.0	0.0	2.0	4.0	0.0
051	0.0	0.0	0.0	0.0	0.0	0.0	0.0
052	0.0	2.0	0.0	0.0	1.0	2.0	0.0
053	0.0	0.0	0.0	0.0	0.0	0.0	0.0
054	0.0	2.0	0.0	1.0	0.6660000000000004	5.334	1.0
055	1.0	0.0	0.0	0.0	1.0	2.0	0.0
056	0.0	1.0	0.0	0.0	0.3330000000000002	2.667	0.0
057	1.0	0.0	0.0	0.0	1.0	2.0	0.0
058	1.0	2.0	1.0	0.0	2.0	4.0	1.0
059	1.0	2.0	0.0	2.0	1.3330000000000002	4.667	1.0
060	1.0	2.0	0.0	1.0	2.0	4.0	1.0
061	0.0	0.0	0.0	0.0	0.0	0.0	0.0
062	1.0	2.0	1.0	2.0	1.0	2.0	1.0
063	0.0	1.0	0.0	0.0	1.0	2.0	0.0
064	0.0	1.0	0.0	0.0	0.6680000000000001	2.332	0.0
065	1.0	2.0	0.0	1.0	2.333	6.667	1.0
066	0.0	0.0	0.0	0.0	0.0	0.0	0.0
067	1.0	0.0	0.0	0.0	1.0	2.0	0.0
068	1.0	0.0	0.0	0.0	1.0	2.0	0.0
069	1.0	1.0	0.0	0.0	1.3330000000000002	4.667	0.0
070	0.0	0.0	0.0	0.0	0.0	0.0	0.0
071	1.0	0.0	1.0	0.0	1.0	2.0	1.0
072	0.0	0.0	0.0	0.0	0.0	0.0	0.0
073	0.0	0.0	0.0	0.0	0.0	0.0	0.0
074	1.0	0.0	0.0	0.0	1.0	2.0	0.0
075	0.0	0.0	0.0	0.0	0.0	0.0	0.0
076	1.0	0.0	1.0	0.0	1.0	2.0	1.0
077	1.0	0.0	1.0	0.0	1.0	2.0	1.0
078	1.0	2.0	0.0	1.0	1.3330000000000002	4.667	1.0
079	1.0	1.0	0.0	0.0	1.6680000000000001	4.332	0.0
080	0.0	2.0	0.0	1.0	1.6680000000000001	4.332	1.0
081	0.0	0.0	0.0	0.0	0.0	0.0	0.0
082	1.0	1.0	0.0	0.0	1.0	2.0	0.0
083	0.0	0.0	0.0	0.0	0.0	0.0	0.0
084	1.0	0.0	0.0	0.0	0.6680000000000001	2.332	0.0
085	1.0	1.0	0.0	0.0	1.0	2.0	0.0
086	0.0	1.0	0.0	1.0	0.3330000000000002	2.667	1.0
087	0.0	0.0	0.0	0.0	0.0	0.0	0.0
088	2.0	1.0	1.0	1.0	2.4	3.6	1.0
089	1.0	0.0	1.0	0.0	1.0	2.0	1.0
090	1.0	1.0	0.0	0.0	1.0	2.0	0.0
091	0.0	1.0	0.0	1.0	1.0	2.0	1.0
092	0.0	1.0	0.0	0.0	0.3330000000000002	2.667	0.0
093	0.0	2.0	0.0	1.0	0.6660000000000004	5.334	1.0
094	0.0	2.0	0.0	1.0	2.0	4.0	1.0
095	0.0	1.0	0.0	0.0	0.3330000000000002	2.667	0.0
096	1.0	2.0	1.0	1.0	1.3330000000000002	4.667	1.0
097	1.0	2.0	1.0	0.0	2.0	4.0	1.0
098	1.0	1.0	1.0	1.0	1.0	2.0	1.0
099	0.0	0.0	0.0	0.0	0.0	0.0	0.0
100	0.0	1.0	0.0	0.0	1.0	2.0	0.0
101	0.0	0.0	0.0	0.0	0.0	0.0	0.0
102	0.0	0.0	0.0	0.0	0.0	0.0	0.0
103	1.0	0.0	1.0	0.0	0.3330000000000002	2.667	1.0
104	1.0	1.0	1.0	0.0	2.0	4.0	1.0
105	0.0	3.0	0.0	1.0	2.333	6.667	1.0
106	0.0	2.0	0.0	1.0	1.6680000000000001	4.332	1.0
107	0.0	2.0	0.0	0.0	2.0	4.0	0.0
108	1.0	2.0	0.0	0.0	1.3330000000000002	4.667	0.0
109	0.0	1.0	0.0	0.0	1.0	2.0	0.0
110	0.0	0.0	0.0	0.0	0.0	0.0	0.0
111	0.0	0.0	0.0	0.0	0.0	0.0	0.0
112	0.0	0.0	0.0	0.0	0.0	0.0	0.0
113	0.0	3.0	0.0	1.0	1.6680000000000001	4.332	1.0
114	0.0	0.0	0.0	0.0	0.0	0.0	0.0
115	0.0	1.0	0.0	0.0	1.0	2.0	0.0
116	0.0	0.0	0.0	0.0	0.0	0.0	0.0
117	1.0	1.0	1.0	0.0	1.3330000000000002	4.667	1.0
118	1.0	2.0	1.0	1.0	1.3330000000000002	4.667	1.0
119	0.0	2.0	0.0	0.0	0.3330000000000002	2.667	0.0
120	2.0	0.0	1.0	0.0	1.6680000000000001	4.332	1.0
121	0.0	0.0	0.0	0.0	0.0	0.0	0.0
122	1.0	0.0	0.0	0.0	1.0	2.0	0.0
123	0.0	0.0	0.0	0.0	0.0	0.0	0.0
124	0.0	1.0	0.0	0.0	1.0	2.0	0.0
125	1.0	2.0	1.0	2.0	1.0	2.0	1.0
126	0.0	0.0	0.0	0.0	0.0	0.0	0.0
127	1.0	1.0	1.0	0.0	1.3330000000000002	4.667	1.0
128	0.0	2.0	0.0	0.0	0.0	3.0	0.0
129	1.0	1.0	0.0	0.0	2.0	4.0	0.0
130	1.0	2.0	1.0	1.0	1.3330000000000002	4.667	1.0
131	1.0	1.0	0.0	1.0	1.3330000000000002	4.667	1.0
132	0.0	2.0	0.0	1.0	1.3330000000000002	4.667	1.0
133	0.0	3.0	0.0	2.0	2.0	4.0	1.0
134	0.0	1.0	0.0	0.0	1.0	2.0	0.0
135	0.0	2.0	0.0	1.0	1.3330000000000002	4.667	1.0
136	1.0	0.0	0.0	0.0	1.0	2.0	0.0
137	1.0	2.0	0.0	0.0	2.0	4.0	0.0
138	1.0	1.0	0.0	0.0	1.0	2.0	0.0
139	0.0	0.0	0.0	0.0	0.0	0.0	0.0
140	1.0	0.0	0.0	0.0	0.6680000000000001	2.332	0.0
141	0.0	1.0	0.0	0.0	1.0	2.0	0.0
142	0.0	1.0	0.0	0.0	0.3330000000000002	2.667	0.0
143	0.0	0.0	0.0	0.0	0.0	0.0	0.0
144	0.0	0.0	0.0	0.0	0.0	0.0	0.0
145	0.0	0.0	0.0	0.0	0.0	0.0	0.0
146	0.0	0.0	0.0	0.0	0.0	0.0	0.0
147	0.0	0.0	0.0	0.0	0.0	0.0	0.0
148	0.0	0.0	0.0	0.0	0.0	0.0	0.0
149	0.0	0.0	0.0	0.0	0.0	0.0	0.0
150	0.0	0.0	0.0	0.0	0.0	0.0	0.0
151	1.0	0.0	0.0	0.0	1.0	2.0	0.0
152	0.0	0.0	0.0	0.0	0.0	0.0	0.0
153	0.0	0.0	0.0	0.0	0.0	0.0	0.0
154	0.0	0.0	0.0	0.0	0.0	0.0	0.0
155	0.0	0.0	0.0	0.0	0.0	0.0	0.0
156	0.0	0.0	0.0	0.0	0.0	0.0	0.0
157	1.0	0.0	0.0	0.0	0.3330000000000002	2.667	0.0
158	0.0	0.0	0.0	0.0	0.0	0.0	0.0
159	0.0	0.0	0.0	0.0	0.0	0.0	0.0
160	0.0	0.0	0.0	0.0	0.0	0.0	0.0
161	0.0	0.0	0.0	0.0	0.0	0.0	0.0
162	0.0	0.0	0.0	0.0	0.0	0.0	0.0
163	1.0	2.0	0.0	1.0	2.0	4.0	1.0
164	0.0	0.0	0.0	0.0	0.0	0.0	0.0
165	1.0	0.0	0.0	0.0	1.0	2.0	0.0
166	0.0	0.0	0.0	0.0	0.0	0.0	0.0
167	1.0	0.0	0.0	0.0	1.0	2.0	0.0
168	0.0	1.0	0.0	0.0	0.3330000000000002	2.667	0.0
169	0.0	0.0	0.0	0.0	0.0	0.0	0.0
170	0.0	0.0	0.0	0.0	0.0	0.0	0.0
171	0.0	0.0	0.0	0.0	0.0	0.0	0.0
172	0.0	0.0	0.0	0.0	0.0	0.0	0.0
173	0.0	0.0	0.0	0.0	0.0	0.0	0.0
174	0.0	0.0	0.0	0.0	0.0	0.0	0.0
175	0.0	0.0	0.0	0.0	0.0	0.0	0.0
176	0.0	0.0	0.0	0.0	0.0	0.0	0.0
177	1.0	0.0	1.0	0.0	0.3330000000000002	2.667	1.0
178	1.0	2.0	0.0	0.0	1.0	2.0	0.0
179	1.0	3.0	0.0	1.0	2.333	6.667	1.0
180	1.0	0.0	0.0	0.0	0.3330000000000002	2.667	0.0
181	0.0	2.0	0.0	2.0	0.3330000000000002	2.667	1.0
182	1.0	0.0	1.0	0.0	1.0	2.0	1.0
183	0.0	2.0	0.0	0.0	0.3330000000000002	2.667	0.0
184	1.0	2.0	0.0	0.0	1.3330000000000002	4.667	0.0
185	0.0	0.0	0.0	0.0	0.0	0.0	0.0
186	0.0	0.0	0.0	0.0	0.0	0.0	0.0
187	0.0	0.0	0.0	0.0	0.0	0.0	0.0
188	1.0	1.0	0.0	0.0	0.3330000000000002	2.667	0.0
189	0.0	3.0	0.0	0.0	1.3330000000000002	4.667	0.0
190	0.0	2.0	0.0	1.0	2.0	4.0	1.0
191	1.0	0.0	0.0	0.0	0.3330000000000002	2.667	0.0
192	0.0	2.0	0.0	1.0	1.3330000000000002	4.667	1.0
193	0.0	0.0	0.0	0.0	0.0	0.0	0.0
194	1.0	2.0	0.0	2.0	0.6660000000000004	5.334	1.0
195	1.0	2.0	1.0	2.0	0.3330000000000002	2.667	1.0
196	0.0	0.0	0.0	0.0	0.0	0.0	0.0
197	0.0	0.0	0.0	0.0	0.0	0.0	0.0
198	0.0	0.0	0.0	0.0	0.0	0.0	0.0
199	1.0	0.0	0.0	0.0	0.3330000000000002	2.667	0.0
200	0.0	0.0	0.0	0.0	0.0	0.0	0.0
201	0.0	0.0	0.0	0.0	0.0	0.0	0.0
202	0.0	0.0	0.0	0.0	0.0	0.0	0.0
203	1.0	2.0	0.0	0.0	1.0	2.0	0.0
204	0.0	0.0	0.0	0.0	0.0	0.0	0.0
205	0.0	0.0	0.0	0.0	0.0	0.0	0.0
206	0.0	0.0	0.0	0.0	0.0	0.0	0.0
207	0.0	0.0	0.0	0.0	0.0	0.0	0.0
208	0.0	1.0	0.0	0.0	0.3330000000000002	2.667	0.0
209	0.0	1.0	0.0	0.0	1.0	2.0	0.0
210	0.0	0.0	0.0	0.0	0.0	0.0	0.0
211	0.0	0.0	0.0	0.0	0.0	0.0	0.0
212	0.0	1.0	0.0	0.0	1.0	2.0	0.0
213	0.0	1.0	0.0	0.0	1.0	2.0	0.0
214	0.0	0.0	0.0	0.0	0.0	0.0	0.0
215	0.0	0.0	0.0	0.0	0.0	0.0	0.0
216	0.0	0.0	0.0	0.0	0.0	0.0	0.0
217	0.0	0.0	0.0	0.0	0.0	0.0	0.0
218	0.0	1.0	0.0	0.0	0.6680000000000001	2.332	0.0
219	0.0	0.0	0.0	0.0	0.0	0.0	0.0
220	0.0	1.0	0.0	0.0	1.0	2.0	0.0
221	0.0	0.0	0.0	0.0	0.0	0.0	0.0
222	0.0	0.0	0.0	0.0	0.0	0.0	0.0
223	0.0	0.0	0.0	0.0	0.0	0.0	0.0
224	0.0	2.0	0.0	0.0	1.3330000000000002	4.667	0.0
225	0.0	0.0	0.0	0.0	0.0	0.0	0.0
226	0.0	0.0	0.0	0.0	0.0	0.0	0.0
227	0.0	0.0	0.0	0.0	0.0	0.0	0.0
228	0.0	1.0	0.0	0.0	1.0	2.0	0.0
229	0.0	2.0	0.0	0.0	1.3330000000000002	4.667	0.0
230	0.0	0.0	0.0	0.0	0.0	0.0	0.0
231	0.0	0.0	0.0	0.0	0.0	0.0	0.0
232	0.0	0.0	0.0	0.0	0.0	0.0	0.0
233	1.0	0.0	0.0	0.0	1.0	2.0	0.0
234	0.0	0.0	0.0	0.0	0.0	0.0	0.0
235	0.0	0.0	0.0	0.0	0.0	0.0	0.0
236	0.0	1.0	0.0	0.0	1.0	2.0	0.0
237	0.0	0.0	0.0	0.0	0.0	0.0	0.0
238	1.0	0.0	0.0	0.0	1.0	2.0	0.0
239	0.0	0.0	0.0	0.0	0.0	0.0	0.0
240	0.0	0.0	0.0	0.0	0.0	0.0	0.0
241	0.0	0.0	0.0	0.0	0.0	0.0	0.0
242	0.0	1.0	0.0	0.0	1.0	2.0	0.0
243	0.0	0.0	0.0	0.0	0.0	0.0	0.0
244	0.0	0.0	0.0	0.0	0.0	0.0	0.0
245	0.0	1.0	0.0	0.0	0.3330000000000002	2.667	0.0
246	0.0	0.0	0.0	0.0	0.0	0.0	0.0
247	0.0	1.0	0.0	0.0	1.0	2.0	0.0
248	0.0	0.0	0.0	0.0	0.0	0.0	0.0
249	0.0	0.0	0.0	0.0	0.0	0.0	0.0
250	0.0	0.0	0.0	0.0	0.0	0.0	0.0
251	0.0	0.0	0.0	0.0	0.0	0.0	0.0
252	1.0	0.0	0.0	0.0	0.6680000000000001	2.332	0.0
253	0.0	0.0	0.0	0.0	0.0	0.0	0.0
254	1.0	2.0	0.0	0.0	1.0	2.0	0.0
255	0.0	0.0	0.0	0.0	0.0	0.0	0.0
256	1.0	1.0	0.0	0.0	1.0010000000000003	4.999	0.0
257	1.0	1.0	0.0	0.0	0.6660000000000004	5.334	0.0
258	1.0	2.0	0.0	1.0	2.0010000000000003	6.999	1.0
259	2.0	0.0	0.0	0.0	1.0	2.0	0.0
260	0.0	0.0	0.0	0.0	0.0	0.0	0.0
261	1.0	1.0	1.0	0.0	1.3330000000000002	4.667	1.0
262	1.0	1.0	1.0	1.0	1.0	2.0	1.0
263	0.0	2.0	0.0	0.0	0.3330000000000002	2.667	0.0
264	0.0	2.0	0.0	0.0	1.3330000000000002	4.667	0.0
265	0.0	1.0	0.0	0.0	0.3330000000000002	2.667	0.0
266	1.0	2.0	1.0	1.0	1.6680000000000001	4.332	1.0
267	0.0	1.0	0.0	0.0	1.0	2.0	0.0
268	1.0	2.0	1.0	1.0	1.6680000000000001	4.332	1.0
269	0.0	1.0	0.0	1.0	1.0	2.0	1.0
270	1.0	2.0	1.0	2.0	1.0	2.0	1.0
271	1.0	2.0	0.0	1.0	1.3330000000000002	4.667	1.0
272	0.0	2.0	0.0	0.0	1.0	2.0	0.0
273	1.0	0.0	1.0	0.0	0.6680000000000001	2.332	1.0
274	1.0	0.0	0.0	0.0	0.3330000000000002	2.667	0.0
275	1.0	2.0	0.0	0.0	0.3330000000000002	2.667	0.0
276	1.0	1.0	1.0	1.0	0.6680000000000001	2.332	1.0
277	1.0	0.0	0.0	0.0	0.3330000000000002	2.667	0.0
278	1.0	1.0	1.0	0.0	2.0	4.0	1.0
279	1.0	1.0	1.0	0.0	2.0	4.0	1.0
280	1.0	0.0	0.0	0.0	1.0	2.0	0.0
281	1.0	1.0	0.0	1.0	2.0	4.0	1.0
282	0.0	0.0	0.0	0.0	0.0	0.0	0.0
283	0.0	0.0	0.0	0.0	0.0	0.0	0.0
284	0.0	0.0	0.0	0.0	0.0	0.0	0.0
285	0.0	0.0	0.0	0.0	0.0	0.0	0.0
286	0.0	0.0	0.0	0.0	0.0	0.0	0.0
287	0.0	0.0	0.0	0.0	0.0	0.0	0.0
288	0.0	0.0	0.0	0.0	0.0	0.0	0.0
289	0.0	0.0	0.0	0.0	0.0	0.0	0.0
290	0.0	0.0	0.0	0.0	0.0	0.0	0.0
291	0.0	0.0	0.0	0.0	0.0	0.0	0.0
292	0.0	0.0	0.0	0.0	0.0	0.0	0.0
293	0.0	0.0	0.0	0.0	0.0	0.0	0.0
294	0.0	0.0	0.0	0.0	0.0	0.0	0.0
295	1.0	0.0	0.0	0.0	1.0	2.0	0.0
296	0.0	1.0	0.0	0.0	1.0	2.0	0.0
297	0.0	0.0	0.0	0.0	0.0	0.0	0.0
298	0.0	0.0	0.0	0.0	0.0	0.0	0.0
299	0.0	0.0	0.0	0.0	0.0	0.0	0.0
300	0.0	1.0	0.0	0.0	0.3330000000000002	2.667	0.0
301	0.0	0.0	0.0	0.0	0.0	0.0	0.0
302	0.0	1.0	0.0	0.0	1.0	2.0	0.0
303	0.0	1.0	0.0	0.0	1.0	2.0	0.0
304	0.0	1.0	0.0	0.0	1.0	2.0	0.0
305	1.0	0.0	0.0	0.0	0.3330000000000002	2.667	0.0
306	0.0	0.0	0.0	0.0	0.0	0.0	0.0
307	0.0	0.0	0.0	0.0	0.0	0.0	0.0
308	0.0	0.0	0.0	0.0	0.0	0.0	0.0
309	0.0	0.0	0.0	0.0	0.0	0.0	0.0
310	0.0	0.0	0.0	0.0	0.0	0.0	0.0
311	0.0	0.0	0.0	0.0	0.0	0.0	0.0
312	0.0	0.0	0.0	0.0	0.0	0.0	0.0
313	0.0	1.0	0.0	0.0	1.0	2.0	0.0
314	0.0	0.0	0.0	0.0	0.0	0.0	0.0
315	0.0	0.0	0.0	0.0	0.0	0.0	0.0
316	0.0	0.0	0.0	0.0	0.0	0.0	0.0
317	0.0	0.0	0.0	0.0	0.0	0.0	0.0
318	0.0	1.0	0.0	0.0	1.0	2.0	0.0
319	0.0	0.0	0.0	0.0	0.0	0.0	0.0
320	0.0	1.0	0.0	0.0	1.0	2.0	0.0
321	0.0	1.0	0.0	0.0	1.0	2.0	0.0
322	0.0	2.0	0.0	0.0	1.3330000000000002	4.667	0.0
323	1.0	0.0	0.0	0.0	0.3330000000000002	2.667	0.0
324	0.0	0.0	0.0	0.0	0.0	0.0	0.0
325	0.0	1.0	0.0	0.0	0.3330000000000002	2.667	0.0
326	0.0	0.0	0.0	0.0	0.0	0.0	0.0
327	0.0	0.0	0.0	0.0	0.0	0.0	0.0
328	0.0	1.0	0.0	0.0	1.0	2.0	0.0
329	0.0	1.0	0.0	0.0	1.0	2.0	0.0
330	0.0	0.0	0.0	0.0	0.0	0.0	0.0
331	0.0	0.0	0.0	0.0	0.0	0.0	0.0
332	0.0	0.0	0.0	0.0	0.0	0.0	0.0
333	0.0	0.0	0.0	0.0	0.0	0.0	0.0
334	1.0	0.0	0.0	0.0	1.0	2.0	0.0
335	0.0	0.0	0.0	0.0	0.0	0.0	0.0
336	0.0	0.0	0.0	0.0	0.0	0.0	0.0
337	1.0	0.0	0.0	0.0	1.0	2.0	0.0
338	1.0	0.0	0.0	0.0	1.0	2.0	0.0
339	1.0	0.0	0.0	0.0	0.3330000000000002	2.667	0.0
340	0.0	0.0	0.0	0.0	0.0	0.0	0.0
341	0.0	0.0	0.0	0.0	0.0	0.0	0.0
342	1.0	1.0	0.0	0.0	1.0	2.0	0.0
343	0.0	0.0	0.0	0.0	0.0	0.0	0.0
344	0.0	0.0	0.0	0.0	0.0	0.0	0.0
345	0.0	0.0	0.0	0.0	0.0	0.0	0.0
346	0.0	0.0	0.0	0.0	0.0	0.0	0.0
347	0.0	0.0	0.0	0.0	0.0	0.0	0.0
348	0.0	0.0	0.0	0.0	0.0	0.0	0.0
349	0.0	0.0	0.0	0.0	0.0	0.0	0.0
350	0.0	1.0	0.0	0.0	0.6680000000000001	2.332	0.0
351	0.0	0.0	0.0	0.0	0.0	0.0	0.0
352	0.0	0.0	0.0	0.0	0.0	0.0	0.0
353	0.0	1.0	0.0	0.0	0.3330000000000002	2.667	0.0
354	0.0	0.0	0.0	0.0	0.0	0.0	0.0
355	0.0	1.0	0.0	0.0	1.0	2.0	0.0
356	0.0	0.0	0.0	0.0	0.0	0.0	0.0
357	0.0	0.0	0.0	0.0	0.0	0.0	0.0
358	1.0	0.0	0.0	0.0	1.0	2.0	0.0
359	0.0	0.0	0.0	0.0	0.0	0.0	0.0
360	0.0	0.0	0.0	0.0	0.0	0.0	0.0
361	1.0	1.0	0.0	0.0	0.6680000000000001	2.332	0.0
362	0.0	1.0	0.0	0.0	0.3330000000000002	2.667	0.0
363	0.0	1.0	0.0	0.0	0.3330000000000002	2.667	0.0
364	1.0	0.0	0.0	0.0	1.0	2.0	0.0
365	0.0	2.0	0.0	0.0	1.3330000000000002	4.667	0.0
366	0.0	1.0	0.0	0.0	1.0	2.0	0.0
367	0.0	0.0	0.0	0.0	0.0	0.0	0.0
368	0.0	0.0	0.0	0.0	0.0	0.0	0.0
369	0.0	0.0	0.0	0.0	0.0	0.0	0.0
370	0.0	0.0	0.0	0.0	0.0	0.0	0.0
371	0.0	0.0	0.0	0.0	0.0	0.0	0.0
372	0.0	1.0	0.0	0.0	1.0	2.0	0.0
373	0.0	1.0	0.0	0.0	1.0	2.0	0.0
374	0.0	0.0	0.0	0.0	0.0	0.0	0.0
375	0.0	0.0	0.0	0.0	0.0	0.0	0.0
376	0.0	0.0	0.0	0.0	0.0	0.0	0.0
377	0.0	0.0	0.0	0.0	0.0	0.0	0.0
378	0.0	0.0	0.0	0.0	0.0	0.0	0.0
379	0.0	0.0	0.0	0.0	0.0	0.0	0.0
380	0.0	0.0	0.0	0.0	0.0	0.0	0.0
381	0.0	1.0	0.0	0.0	1.0	2.0	0.0
382	0.0	1.0	0.0	0.0	0.3330000000000002	2.667	0.0
383	0.0	0.0	0.0	0.0	0.0	0.0	0.0
384	0.0	0.0	0.0	0.0	0.0	0.0	0.0
385	1.0	0.0	0.0	0.0	1.0	2.0	0.0
386	0.0	1.0	0.0	0.0	1.0	2.0	0.0
387	0.0	0.0	0.0	0.0	0.0	0.0	0.0
388	0.0	1.0	0.0	0.0	0.6680000000000001	2.332	0.0
389	0.0	0.0	0.0	0.0	0.0	0.0	0.0
390	0.0	0.0	0.0	0.0	0.0	0.0	0.0
391	0.0	0.0	0.0	0.0	0.0	0.0	0.0
392	0.0	0.0	0.0	0.0	0.0	0.0	0.0
393	0.0	0.0	0.0	0.0	0.0	0.0	0.0
394	0.0	0.0	0.0	0.0	0.0	0.0	0.0
395	0.0	0.0	0.0	0.0	0.0	0.0	0.0
396	0.0	0.0	0.0	0.0	0.0	0.0	0.0
397	0.0	0.0	0.0	0.0	0.0	0.0	0.0
398	0.0	0.0	0.0	0.0	0.0	0.0	0.0
399	0.0	0.0	0.0	0.0	0.0	0.0	0.0
400	1.0	0.0	0.0	0.0	1.0	2.0	0.0
401	0.0	0.0	0.0	0.0	0.0	0.0	0.0
402	0.0	0.0	0.0	0.0	0.0	0.0	0.0
403	0.0	0.0	0.0	0.0	0.0	0.0	0.0
404	0.0	0.0	0.0	0.0	0.0	0.0	0.0
405	0.0	1.0	0.0	0.0	1.0	2.0	0.0
406	0.0	0.0	0.0	0.0	0.0	0.0	0.0
407	0.0	0.0	0.0	0.0	0.0	0.0	0.0
408	0.0	0.0	0.0	0.0	0.0	0.0	0.0
409	1.0	1.0	1.0	1.0	1.0	2.0	1.0
410	1.0	3.0	0.0	0.0	2.0	4.0	0.0
411	1.0	2.0	1.0	1.0	1.3330000000000002	4.667	1.0
412	0.0	1.0	0.0	1.0	0.3330000000000002	2.667	1.0
413	1.0	0.0	1.0	0.0	1.0	2.0	1.0
414	1.0	0.0	0.0	0.0	1.0	2.0	0.0
415	0.0	0.0	0.0	0.0	0.0	0.0	0.0
416	0.0	0.0	0.0	0.0	0.0	0.0	0.0
417	1.0	0.0	1.0	0.0	1.0	2.0	1.0
418	0.0	0.0	0.0	0.0	0.0	0.0	0.0
419	1.0	0.0	1.0	0.0	1.0	2.0	1.0
420	0.0	1.0	0.0	1.0	0.3330000000000002	2.667	1.0
421	0.0	1.0	0.0	0.0	0.3330000000000002	2.667	0.0
422	1.0	0.0	0.0	0.0	1.0	2.0	0.0
423	0.0	0.0	0.0	0.0	0.0	0.0	0.0
424	0.0	2.0	0.0	1.0	1.4	4.6	1.0
425	1.0	0.0	1.0	0.0	0.3330000000000002	2.667	1.0
426	1.0	0.0	1.0	0.0	0.6680000000000001	2.332	1.0
427	0.0	2.0	0.0	0.0	2.0	4.0	0.0
428	1.0	1.0	1.0	0.0	2.0	4.0	1.0
429	1.0	1.0	0.0	0.0	1.0	2.0	0.0
430	0.0	1.0	0.0	0.0	0.3330000000000002	2.667	0.0
431	1.0	0.0	0.0	0.0	1.0	2.0	0.0
432	0.0	1.0	0.0	0.0	1.0	2.0	0.0
433	1.0	1.0	1.0	0.0	0.6660000000000004	5.334	1.0
434	1.0	2.0	0.0	1.0	1.3330000000000002	4.667	1.0
435	0.0	3.0	0.0	1.0	0.6660000000000004	5.334	1.0
436	0.0	0.0	0.0	0.0	0.0	0.0	0.0
437	0.0	0.0	0.0	0.0	0.0	0.0	0.0
438	0.0	0.0	0.0	0.0	0.0	0.0	0.0
439	0.0	0.0	0.0	0.0	0.0	0.0	0.0
440	0.0	0.0	0.0	0.0	0.0	0.0	0.0
441	2.0	1.0	1.0	0.0	2.4	3.6	1.0
442	1.0	3.0	0.0	2.0	2.333	6.667	1.0
443	1.0	2.0	0.0	2.0	1.3330000000000002	4.667	1.0
444	1.0	0.0	1.0	0.0	0.3330000000000002	2.667	1.0
445	1.0	3.0	0.0	1.0	0.9990000000000006	8.001	1.0
446	1.0	0.0	1.0	0.0	1.0	2.0	1.0
447	1.0	0.0	0.0	0.0	1.0	2.0	0.0
448	1.0	2.0	1.0	1.0	1.3330000000000002	4.667	1.0
449	1.0	1.0	0.0	1.0	2.0	4.0	1.0
450	0.0	1.0	0.0	1.0	0.3330000000000002	2.667	1.0
451	0.0	0.0	0.0	0.0	0.0	0.0	0.0
452	0.0	0.0	0.0	0.0	0.0	0.0	0.0
453	0.0	0.0	0.0	0.0	0.0	0.0	0.0
454	0.0	0.0	0.0	0.0	0.0	0.0	0.0
455	0.0	0.0	0.0	0.0	0.0	0.0	0.0
456	0.0	0.0	0.0	0.0	0.0	0.0	0.0
457	1.0	2.0	0.0	0.0	0.0	3.0	0.0
458	0.0	2.0	0.0	1.0	2.0	4.0	1.0
459	1.0	2.0	0.0	1.0	3.0	6.0	1.0
460	0.0	5.0	0.0	3.0	2.0660000000000003	6.933999999999999	2.0
461	1.0	3.0	0.0	2.0	2.0010000000000003	6.999	2.0
462	1.0	2.0	0.0	1.0	1.3330000000000002	4.667	1.0
463	1.0	3.0	0.0	1.0	2.0	7.0	1.0
464	2.0	2.0	2.0	1.0	2.668	6.332	2.0
465	1.0	2.0	0.0	2.0	2.333	6.667	2.0
466	3.0	3.0	0.0	3.0	5.0	10.0	2.0
467	0.0	3.0	0.0	3.0	1.3330000000000002	4.667	2.0
468	0.0	4.0	0.0	3.0	0.9990000000000006	8.001	2.0
469	1.0	3.0	1.0	2.0	3.0	6.0	2.0
470	2.0	3.0	2.0	1.0	3.333	8.667	2.0
471	1.0	2.0	1.0	0.0	2.333	6.667	1.0
472	0.0	1.0	0.0	0.0	1.0	2.0	0.0
473	2.0	2.0	1.0	0.0	3.0	6.0	1.0
474	0.0	0.0	0.0	0.0	0.0	0.0	0.0
475	1.0	2.0	1.0	1.0	2.333	6.667	2.0
476	0.0	2.0	0.0	1.0	1.0	5.0	1.0
477	1.0	1.0	1.0	1.0	1.0	2.0	1.0
478	0.0	0.0	0.0	0.0	0.0	0.0	0.0
479	1.0	2.0	0.0	2.0	2.0	4.0	1.0
480	1.0	3.0	0.0	2.0	3.0010000000000003	8.998999999999999	2.0
481	1.0	2.0	1.0	2.0	0.6660000000000004	5.334	2.0
482	0.0	2.0	0.0	1.0	1.6680000000000001	4.332	1.0
483	0.0	0.0	0.0	0.0	0.0	0.0	0.0
484	2.0	1.0	0.0	1.0	2.0	7.0	1.0
485	2.0	3.0	2.0	2.0	2.333	6.667	2.0
486	2.0	3.0	1.0	1.0	3.668	8.332	2.0
487	2.0	4.0	1.0	4.0	2.0010000000000003	6.999	2.0
488	2.0	0.0	2.0	0.0	2.0	4.0	2.0
489	2.0	4.0	1.0	3.0	3.6660000000000004	11.334	3.0
490	3.0	2.0	2.0	2.0	3.668	8.332	3.0
491	2.0	4.0	1.0	4.0	2.6660000000000004	9.334	3.0
492	3.0	3.0	3.0	2.0	2.6660000000000004	9.334	3.0
493	2.0	2.0	1.0	2.0	2.333	6.667	2.0
494	2.0	4.0	2.0	2.0	2.333	6.667	2.0
495	1.0	2.0	0.0	0.0	0.9990000000000006	8.001	0.0
496	1.0	2.0	1.0	2.0	0.6660000000000004	5.334	2.0
497	1.0	2.0	1.0	1.0	2.068	3.932	1.0
498	3.0	4.0	2.0	3.0	3.333	8.667	2.0
499	2.0	1.0	1.0	0.0	2.0	4.0	1.0
500	1.0	1.0	0.0	0.0	0.6660000000000004	5.334	0.0
501	1.0	1.0	1.0	1.0	1.6680000000000001	4.332	2.0
502	1.0	0.0	0.0	0.0	0.3330000000000002	2.667	0.0
503	3.0	0.0	1.0	0.0	3.0	6.0	1.0
504	1.0	0.0	0.0	0.0	1.0	2.0	0.0
505	1.0	0.0	0.0	0.0	0.3330000000000002	2.667	0.0
506	1.0	1.0	1.0	1.0	0.6660000000000004	5.334	2.0
507	1.0	1.0	1.0	0.0	0.6660000000000004	5.334	1.0
508	3.0	2.0	2.0	0.0	4.0	8.0	2.0
509	2.0	0.0	2.0	0.0	2.0	4.0	2.0
510	1.0	0.0	1.0	0.0	0.3330000000000002	2.667	1.0
511	1.0	1.0	1.0	1.0	1.0	2.0	1.0
512	0.0	2.0	0.0	1.0	1.3330000000000002	4.667	1.0
513	2.0	2.0	1.0	1.0	3.0	6.0	2.0
514	1.0	0.0	1.0	0.0	1.0	2.0	1.0
515	1.0	0.0	1.0	0.0	0.3330000000000002	2.667	1.0
516	1.0	2.0	1.0	2.0	1.733	4.2669999999999995	2.0
517	1.0	4.0	0.0	3.0	2.000000000000001	12.999999999999998	3.0
518	1.0	2.0	1.0	2.0	0.6660000000000004	5.334	2.0
519	0.0	1.0	0.0	1.0	0.3330000000000002	2.667	1.0
520	1.0	2.0	0.0	2.0	0.9990000000000006	8.001	2.0
521	1.0	4.0	1.0	3.0	3.3360000000000003	8.664	3.0
522	0.0	4.0	0.0	3.0	4.0	8.0	3.0
523	2.0	4.0	1.0	3.0	3.0010000000000003	8.998999999999999	2.0
524	1.0	0.0	1.0	0.0	0.3330000000000002	2.667	1.0
525	4.0	3.0	3.0	3.0	3.333	8.667	3.0
526	1.0	2.0	1.0	2.0	1.6680000000000001	4.332	2.0
527	2.0	1.0	2.0	1.0	1.3330000000000002	4.667	2.0
528	2.0	0.0	2.0	0.0	2.4	3.6	2.0
529	1.0	0.0	1.0	0.0	0.3330000000000002	2.667	1.0
530	1.0	2.0	1.0	0.0	2.0	4.0	1.0
531	1.0	4.0	0.0	3.0	3.0010000000000003	8.998999999999999	3.0
532	1.0	2.0	1.0	2.0	1.0	2.0	1.0
533	1.0	2.0	1.0	2.0	0.3330000000000002	2.667	1.0
534	3.0	3.0	2.0	2.0	4.333	10.667	4.0
535	1.0	3.0	1.0	1.0	3.668	8.332	2.0
536	1.0	4.0	0.0	3.0	1.3320000000000007	10.668	2.0
537	1.0	3.0	0.0	2.0	1.6660000000000004	7.334	2.0
538	1.0	2.0	0.0	1.0	1.3330000000000002	4.667	1.0
539	0.0	3.0	0.0	3.0	1.3330000000000002	4.667	2.0
540	2.0	3.0	1.0	1.0	5.0	10.0	2.0
541	0.0	3.0	0.0	1.0	3.0	6.0	1.0
542	2.0	2.0	1.0	0.0	0.9990000000000006	8.001	1.0
543	0.0	0.0	0.0	0.0	0.0	0.0	0.0
544	1.0	2.0	0.0	0.0	0.6660000000000004	5.334	0.0
545	2.0	5.0	1.0	3.0	3.9990000000000006	14.001	4.0
546	1.0	4.0	0.0	4.0	3.333	8.667	3.0
547	2.0	2.0	1.0	1.0	3.0	6.0	2.0
548	1.0	3.0	0.0	1.0	4.0	8.0	1.0
549	0.0	4.0	0.0	2.0	1.3320000000000007	10.668	2.0
550	1.0	3.0	1.0	2.0	3.668	8.332	3.0
551	2.0	4.0	1.0	2.0	2.9990000000000006	12.001	2.0
552	1.0	4.0	0.0	2.0	3.333	8.667	2.0
553	2.0	3.0	1.0	2.0	4.0	8.0	2.0
554	0.0	5.0	0.0	2.0	1.665000000000001	13.334999999999999	2.0
555	2.0	4.0	2.0	4.0	3.0010000000000003	8.998999999999999	4.0
556	0.0	2.0	0.0	1.0	0.6660000000000004	5.334	1.0
557	1.0	2.0	1.0	2.0	2.333	6.667	3.0
558	2.0	2.0	1.0	2.0	3.0	6.0	2.0
559	0.0	0.0	0.0	0.0	0.0	0.0	0.0
560	3.0	2.0	2.0	1.0	3.668	8.332	3.0
561	1.0	0.0	1.0	0.0	0.3330000000000002	2.667	1.0
562	2.0	0.0	2.0	0.0	0.6660000000000004	5.334	2.0
563	3.0	2.0	2.0	2.0	2.333	6.667	2.0
564	2.0	1.0	2.0	1.0	2.0	4.0	2.0
565	1.0	0.0	1.0	0.0	0.6680000000000001	2.332	1.0
566	1.0	3.0	1.0	1.0	4.0	8.0	2.0
567	2.0	2.0	0.0	2.0	3.0	6.0	1.0
568	1.0	2.0	1.0	2.0	1.3330000000000002	4.667	2.0
569	0.0	0.0	0.0	0.0	0.0	0.0	0.0
570	1.0	1.0	1.0	1.0	0.6660000000000004	5.334	2.0
571	2.0	1.0	2.0	1.0	1.3330000000000002	4.667	2.0
572	1.0	4.0	0.0	2.0	3.0010000000000003	8.998999999999999	1.0
573	1.0	2.0	1.0	2.0	1.6680000000000001	4.332	2.0
574	0.0	0.0	0.0	0.0	0.0	0.0	0.0
575	2.0	4.0	1.0	2.0	4.066000000000001	10.934	2.0
576	2.0	0.0	1.0	0.0	2.4	3.6	1.0
577	1.0	3.0	1.0	2.0	2.333	6.667	2.0
578	1.0	2.0	0.0	1.0	2.333	6.667	1.0
579	1.0	1.0	1.0	1.0	2.0	4.0	2.0
580	3.0	1.0	3.0	0.0	2.668	6.332	2.0
581	2.0	2.0	2.0	2.0	1.6680000000000001	4.332	2.0
582	1.0	4.0	0.0	1.0	0.9990000000000006	8.001	1.0
583	1.0	3.0	1.0	2.0	1.6680000000000001	4.332	1.0
584	2.0	3.0	2.0	3.0	1.6660000000000004	7.334	3.0
585	3.0	2.0	2.0	2.0	1.3330000000000002	7.667	2.0
586	2.0	2.0	1.0	2.0	1.6660000000000004	7.334	2.0
587	2.0	1.0	1.0	0.0	2.3360000000000003	6.664	1.0
588	2.0	3.0	1.0	1.0	1.9990000000000006	10.001	2.0
589	1.0	2.0	0.0	2.0	0.6660000000000004	5.334	1.0
590	2.0	2.0	1.0	2.0	2.333	6.667	2.0
591	3.0	4.0	1.0	3.0	6.133	14.866999999999999	4.0
592	2.0	2.0	1.0	1.0	3.668	8.332	2.0
593	1.0	4.0	1.0	3.0	2.0010000000000003	6.999	2.0
594	0.0	5.0	0.0	2.0	2.333	6.667	1.0
595	4.0	3.0	4.0	3.0	2.668	6.332	3.0
596	1.0	2.0	1.0	2.0	1.3330000000000002	4.667	2.0
597	1.0	3.0	1.0	2.0	2.6660000000000004	9.334	3.0
598	2.0	2.0	1.0	2.0	2.0	4.0	1.0
599	0.0	2.0	0.0	2.0	0.3330000000000002	2.667	1.0
600	3.0	3.0	3.0	2.0	4.333	10.667	4.0
601	0.0	0.0	0.0	0.0	0.0	0.0	0.0
602	0.0	0.0	0.0	0.0	0.0	0.0	0.0
603	0.0	0.0	0.0	0.0	0.0	0.0	0.0
604	0.0	0.0	0.0	0.0	0.0	0.0	0.0
605	2.0	4.0	1.0	2.0	4.666	13.334	3.0
606	2.0	0.0	1.0	0.0	2.0	4.0	1.0
607	2.0	4.0	2.0	3.0	5.0	10.0	4.0
608	2.0	1.0	2.0	0.0	0.9990000000000006	8.001	2.0
609	1.0	5.0	0.0	3.0	1.665000000000001	13.334999999999999	3.0
610	0.0	4.0	0.0	2.0	0.9990000000000006	8.001	1.0
611	2.0	5.0	1.0	3.0	3.333	8.667	2.0
612	3.0	4.0	1.0	2.0	4.666	13.334	2.0
613	2.0	2.0	2.0	2.0	1.3330000000000002	4.667	2.0
614	2.0	3.0	1.0	2.0	4.7330000000000005	10.267	3.0
615	4.0	2.0	3.0	2.0	2.6660000000000004	9.334	3.0
616	2.0	1.0	0.0	0.0	2.668	6.332	0.0
617	1.0	3.0	1.0	3.0	0.6660000000000004	5.334	2.0
618	2.0	4.0	1.0	4.0	2.6660000000000004	9.334	3.0
619	2.0	2.0	2.0	1.0	3.4	8.6	3.0
620	2.0	3.0	1.0	2.0	4.001	10.998999999999999	3.0
621	2.0	2.0	2.0	2.0	3.0	6.0	3.0
622	2.0	4.0	1.0	3.0	1.9990000000000006	10.001	2.0
623	1.0	2.0	0.0	0.0	2.668	6.332	0.0
624	0.0	6.0	0.0	3.0	2.6660000000000004	12.334	2.0
625	3.0	5.0	1.0	4.0	4.001	10.999	3.0
626	1.0	2.0	1.0	2.0	1.6680000000000001	4.332	2.0
627	2.0	2.0	1.0	2.0	1.3330000000000002	4.667	1.0
628	1.0	2.0	1.0	1.0	1.6660000000000004	7.334	2.0
629	2.0	2.0	0.0	1.0	4.0	8.0	1.0
630	1.0	2.0	1.0	1.0	2.0	4.0	1.0
631	2.0	5.0	2.0	2.0	2.6690000000000005	9.331	2.0
632	2.0	3.0	0.0	2.0	4.0	8.0	2.0
633	3.0	1.0	2.0	1.0	2.736	6.263999999999999	2.0
634	0.0	0.0	0.0	0.0	0.0	0.0	0.0
635	1.0	5.0	0.0	3.0	2.6660000000000004	9.334	2.0
636	3.0	2.0	2.0	0.0	3.668	8.332	2.0
637	1.0	0.0	0.0	0.0	0.3330000000000002	2.667	0.0
638	2.0	0.0	0.0	0.0	2.0	4.0	0.0
639	1.0	5.0	1.0	1.0	1.6670000000000007	10.332999999999998	1.0
640	3.0	3.0	2.0	3.0	4.333	10.667	4.0
641	1.0	2.0	1.0	2.0	0.3330000000000002	5.667	2.0
642	3.0	0.0	1.0	0.0	3.068	5.932	1.0
643	2.0	2.0	1.0	0.0	2.333	6.667	1.0
644	2.0	2.0	1.0	2.0	1.6670000000000007	10.332999999999998	3.0
645	1.0	3.0	1.0	3.0	1.6680000000000001	7.332	3.0
646	1.0	0.0	1.0	0.0	0.3330000000000002	2.667	1.0
647	0.0	3.0	0.0	2.0	0.9990000000000006	8.001	2.0
648	3.0	4.0	2.0	3.0	4.333	10.667	3.0
649	2.0	3.0	2.0	2.0	1.9990000000000006	10.001	3.0
650	2.0	3.0	1.0	2.0	1.3340000000000005	7.6659999999999995	2.0
651	2.0	6.0	1.0	3.0	3.333	8.667	2.0
652	3.0	0.0	2.0	0.0	3.0	6.0	2.0
653	1.0	1.0	0.0	0.0	1.3330000000000002	4.667	0.0
654	2.0	2.0	2.0	1.0	3.0	6.0	2.0
655	2.0	3.0	2.0	2.0	2.668	6.332	2.0
656	1.0	1.0	1.0	1.0	1.0	2.0	1.0
657	2.0	4.0	1.0	4.0	1.6660000000000004	7.334	2.0
658	1.0	0.0	1.0	0.0	0.3330000000000002	2.667	1.0
659	3.0	4.0	2.0	2.0	3.9990000000000006	14.001	4.0
660	3.0	4.0	2.0	2.0	4.0	11.0	3.0
661	1.0	6.0	1.0	3.0	2.3320000000000007	12.668	3.0
662	3.0	2.0	3.0	2.0	2.668	6.332	3.0
663	0.0	0.0	0.0	0.0	0.0	0.0	0.0
664	1.0	1.0	1.0	1.0	1.3330000000000002	4.667	2.0
665	2.0	0.0	2.0	0.0	0.6660000000000004	5.334	2.0
666	3.0	2.0	0.0	1.0	1.3320000000000007	10.668	1.0
667	4.0	2.0	2.0	1.0	5.4	9.6	3.0
668	4.0	2.0	2.0	2.0	5.0	10.0	3.0
669	2.0	0.0	2.0	0.0	1.3360000000000003	4.664	2.0
670	3.0	5.0	0.0	3.0	5.333	12.667	3.0
671	2.0	3.0	1.0	2.0	2.333	6.667	1.0
672	3.0	1.0	1.0	1.0	4.0	8.0	2.0
673	2.0	2.0	1.0	2.0	1.6670000000000007	10.332999999999998	3.0
674	4.0	5.0	2.0	3.0	4.3980000000000015	19.601999999999997	4.0
675	2.0	1.0	1.0	1.0	1.733	4.2669999999999995	1.0
676	3.0	1.0	0.0	0.0	2.0	4.0	0.0
677	1.0	2.0	0.0	2.0	0.9990000000000006	8.001	2.0
678	1.0	4.0	1.0	2.0	1.3320000000000007	10.668	3.0
679	0.0	2.0	0.0	1.0	0.3330000000000002	5.667	1.0
680	2.0	0.0	0.0	0.0	2.0	4.0	0.0
681	1.0	4.0	1.0	3.0	1.6660000000000004	7.334	2.0
682	2.0	1.0	2.0	0.0	0.9990000000000006	8.001	2.0
683	1.0	2.0	0.0	2.0	1.3330000000000002	4.667	1.0
684	2.0	2.0	1.0	1.0	4.0	8.0	2.0
685	4.0	4.0	3.0	4.0	5.333	12.667	5.0
686	3.0	3.0	2.0	2.0	4.668	10.332	3.0
687	2.0	0.0	2.0	0.0	0.6680000000000001	2.332	1.0
688	3.0	5.0	3.0	4.0	4.001	10.998999999999999	4.0
689	2.0	4.0	2.0	3.0	2.333	6.667	2.0
690	4.0	2.0	4.0	1.0	4.0	11.0	4.0
691	3.0	2.0	3.0	2.0	3.333	8.667	4.0
692	3.0	0.0	0.0	0.0	3.0	6.0	0.0
693	3.0	5.0	3.0	2.0	6.333	14.667	4.0
694	1.0	4.0	1.0	2.0	2.9990000000000006	12.001	3.0
695	4.0	0.0	2.0	0.0	4.0	8.0	2.0
696	2.0	1.0	1.0	1.0	1.6680000000000001	4.332	1.0
697	1.0	2.0	1.0	1.0	2.4	6.6	2.0
698	1.0	2.0	0.0	2.0	1.6690000000000005	7.3309999999999995	2.0
699	3.0	2.0	1.0	2.0	4.0	8.0	2.0
700	3.0	2.0	2.0	1.0	1.6680000000000001	4.332	1.0
701	3.0	2.0	1.0	2.0	3.6660000000000004	11.334	3.0
702	3.0	3.0	1.0	2.0	5.0	10.0	3.0
703	0.0	2.0	0.0	2.0	1.0	2.0	1.0
704	4.0	0.0	3.0	0.0	3.736	8.264	3.0
705	2.0	4.0	1.0	4.0	2.3340000000000005	9.666	3.0
706	2.0	2.0	1.0	2.0	1.0	5.0	1.0
707	3.0	2.0	1.0	1.0	3.668	8.332	1.0
708	3.0	3.0	1.0	2.0	4.0	8.0	2.0
709	2.0	4.0	2.0	4.0	1.9990000000000006	10.001	4.0
710	2.0	5.0	2.0	4.0	3.6660000000000004	11.334	4.0
711	4.0	2.0	2.0	1.0	2.0010000000000003	6.999	2.0
712	3.0	1.0	1.0	1.0	3.0	6.0	1.0
713	0.0	1.0	0.0	0.0	0.0	3.0	0.0
714	2.0	1.0	2.0	1.0	2.0	4.0	2.0
715	3.0	4.0	1.0	2.0	2.3320000000000007	12.668	3.0
716	2.0	1.0	2.0	1.0	3.468	5.532	3.0
717	4.0	1.0	2.0	1.0	4.4	7.6	2.0
718	0.0	2.0	0.0	2.0	0.6660000000000004	5.334	2.0
719	2.0	5.0	2.0	1.0	3.6670000000000007	14.332999999999998	3.0
720	1.0	2.0	1.0	2.0	0.3330000000000002	2.667	1.0
721	2.0	0.0	1.0	0.0	2.0	4.0	1.0
722	2.0	2.0	1.0	2.0	2.7340000000000004	9.266	3.0
723	1.0	1.0	1.0	1.0	1.3330000000000002	4.667	2.0
724	0.0	0.0	0.0	0.0	0.0	0.0	0.0
725	2.0	0.0	1.0	0.0	0.6660000000000004	5.334	1.0
726	2.0	1.0	0.0	0.0	2.0	4.0	0.0
727	0.0	2.0	0.0	1.0	0.6680000000000001	5.332	1.0
728	0.0	2.0	0.0	2.0	0.3330000000000002	2.667	1.0
729	1.0	0.0	0.0	0.0	0.3330000000000002	2.667	0.0
730	3.0	1.0	2.0	1.0	2.0660000000000003	6.933999999999999	2.0
731	3.0	0.0	3.0	0.0	2.668	6.332	3.0
732	4.0	2.0	4.0	2.0	5.0	10.0	5.0
733	2.0	2.0	2.0	2.0	2.0	4.0	2.0
734	2.0	2.0	1.0	2.0	1.6660000000000004	7.334	2.0
735	2.0	3.0	2.0	3.0	2.0010000000000003	6.999	3.0
736	3.0	2.0	3.0	2.0	1.6660000000000004	7.334	3.0
737	2.0	2.0	1.0	2.0	1.3330000000000002	4.667	1.0
738	3.0	3.0	2.0	3.0	4.001	10.999	4.0
739	3.0	3.0	2.0	2.0	2.3320000000000007	12.668	3.0
740	3.0	4.0	2.0	3.0	6.0	12.0	4.0
741	3.0	2.0	2.0	1.0	4.0	8.0	3.0
742	2.0	0.0	2.0	0.0	0.6660000000000004	5.334	2.0
743	1.0	1.0	1.0	1.0	0.6660000000000004	5.334	2.0
744	1.0	5.0	1.0	3.0	6.0	12.0	4.0
745	2.0	3.0	0.0	2.0	3.4	8.6	2.0
746	3.0	2.0	2.0	1.0	4.333	10.667	3.0
747	1.0	2.0	1.0	0.0	1.6690000000000005	7.3309999999999995	1.0
748	2.0	5.0	2.0	5.0	3.3360000000000003	8.664	4.0
749	1.0	5.0	1.0	2.0	4.333	10.667	3.0
750	1.0	4.0	0.0	4.0	3.6660000000000004	11.334	4.0
751	1.0	5.0	1.0	2.0	1.665000000000001	13.334999999999999	3.0
752	0.0	3.0	0.0	1.0	1.0010000000000003	7.999	1.0
753	2.0	0.0	2.0	0.0	2.0	4.0	2.0
754	2.0	2.0	1.0	2.0	2.6660000000000004	9.334	3.0
755	2.0	5.0	2.0	3.0	2.665000000000001	15.334999999999999	4.0
756	1.0	1.0	1.0	1.0	1.3330000000000002	4.667	2.0
757	4.0	0.0	3.0	0.0	4.0	8.0	3.0
758	1.0	1.0	1.0	0.0	0.6660000000000004	5.334	1.0
759	3.0	3.0	2.0	3.0	5.0	10.0	4.0
760	0.0	6.0	0.0	4.0	2.6670000000000007	12.332999999999998	3.0
761	1.0	4.0	0.0	0.0	2.333	6.667	0.0
762	3.0	2.0	3.0	2.0	1.6660000000000004	7.334	3.0
763	2.0	4.0	0.0	2.0	1.9990000000000006	10.001	2.0
764	1.0	4.0	1.0	2.0	3.333	8.667	2.0
765	3.0	2.0	2.0	1.0	5.0	10.0	3.0
766	2.0	3.0	0.0	3.0	3.0	9.0	2.0
767	2.0	7.0	2.0	4.0	5.666	15.334	4.0
768	2.0	2.0	0.0	2.0	1.6660000000000004	7.334	1.0
769	3.0	2.0	3.0	0.0	4.333	10.667	3.0
770	2.0	4.0	1.0	1.0	3.0010000000000003	8.998999999999999	1.0
771	1.0	5.0	1.0	3.0	2.6660000000000004	9.334	2.0
772	3.0	6.0	2.0	5.0	6.333	14.667	5.0
773	1.0	2.0	1.0	1.0	3.0	6.0	2.0
774	2.0	5.0	0.0	3.0	4.0040000000000004	13.995999999999999	3.0
775	0.0	3.0	0.0	2.0	1.3330000000000002	4.667	1.0
776	2.0	4.0	1.0	3.0	2.9990000000000006	12.001	3.0
777	2.0	3.0	2.0	1.0	5.0	10.0	3.0
778	3.0	3.0	2.0	2.0	3.333	8.667	3.0
779	2.0	0.0	2.0	0.0	0.6660000000000004	5.334	2.0
780	3.0	4.0	1.0	2.0	1.9990000000000006	10.001	2.0
781	2.0	5.0	2.0	2.0	5.333	12.667	3.0
782	2.0	1.0	2.0	0.0	3.0	6.0	2.0
783	2.0	4.0	1.0	1.0	4.333	10.667	2.0
784	2.0	5.0	1.0	2.0	5.001	12.999	3.0
785	3.0	3.0	2.0	3.0	3.6660000000000004	11.334	4.0
786	3.0	3.0	2.0	0.0	2.9990000000000006	12.001	2.0
787	1.0	2.0	0.0	2.0	3.0	6.0	2.0
788	2.0	6.0	1.0	5.0	3.6660000000000004	11.334	3.0
789	2.0	3.0	1.0	0.0	2.333	6.667	1.0
790	4.0	3.0	4.0	2.0	6.1370000000000005	14.863000000000001	6.0
791	3.0	2.0	2.0	0.0	5.0	10.0	2.0
792	3.0	1.0	2.0	1.0	4.0	8.0	3.0
793	1.0	2.0	1.0	2.0	2.0	4.0	2.0
794	2.0	3.0	1.0	1.0	3.6690000000000005	11.331	2.0
795	2.0	6.0	2.0	2.0	4.666	13.334	3.0
796	4.0	1.0	2.0	1.0	5.0	10.0	3.0
797	1.0	1.0	1.0	1.0	0.6660000000000004	5.334	2.0
798	4.0	3.0	4.0	2.0	6.0	12.0	5.0
799	0.0	4.0	0.0	2.0	0.6660000000000004	8.334	1.0
800	4.0	3.0	3.0	2.0	4.0	8.0	2.0
801	1.0	3.0	0.0	2.0	0.6660000000000004	8.334	1.0
802	3.0	3.0	3.0	1.0	4.668	10.332	3.0
803	2.0	3.0	1.0	2.0	4.0	8.0	2.0
804	1.0	3.0	1.0	2.0	1.3330000000000002	4.667	1.0
805	2.0	2.0	2.0	2.0	0.9990000000000006	8.001	3.0
806	2.0	2.0	2.0	1.0	3.4	5.6	2.0
807	2.0	0.0	2.0	0.0	2.0	4.0	2.0
808	2.0	3.0	1.0	3.0	0.9990000000000006	8.001	2.0
809	2.0	2.0	1.0	1.0	3.0040000000000004	8.995999999999999	2.0
810	3.0	3.0	3.0	2.0	2.6660000000000004	9.334	3.0
811	4.0	1.0	4.0	1.0	4.0	8.0	4.0
812	2.0	3.0	1.0	3.0	2.3340000000000005	9.666	3.0
813	3.0	3.0	2.0	2.0	4.001	10.999	3.0
814	2.0	6.0	2.0	3.0	5.666	15.334	4.0
815	3.0	4.0	2.0	2.0	6.333	14.667	4.0
816	0.0	0.0	0.0	0.0	0.0	0.0	0.0
817	0.0	0.0	0.0	0.0	0.0	0.0	0.0
818	0.0	0.0	0.0	0.0	0.0	0.0	0.0
819	0.0	0.0	0.0	0.0	0.0	0.0	0.0
820	0.0	0.0	0.0	0.0	0.0	0.0	0.0
821	0.0	0.0	0.0	0.0	0.0	0.0	0.0
822	3.0	6.0	2.0	3.0	8.001000000000001	18.999000000000002	5.0
823	0.0	2.0	0.0	1.0	0.6660000000000004	5.334	1.0
824	2.0	5.0	1.0	2.0	1.665000000000001	16.335	2.0
825	2.0	3.0	2.0	2.0	1.9990000000000006	10.001	3.0
826	1.0	5.0	1.0	2.0	4.668	10.332	3.0
827	1.0	3.0	1.0	2.0	4.0	8.0	3.0
828	1.0	7.0	0.0	5.0	6.001	14.999	4.0
829	2.0	2.0	1.0	1.0	2.333	6.667	2.0
830	1.0	5.0	1.0	4.0	2.333	9.667	3.0
831	3.0	6.0	1.0	5.0	7.666	19.334	6.0
832	3.0	2.0	2.0	1.0	4.0	8.0	3.0
833	2.0	3.0	1.0	3.0	2.6660000000000004	9.334	3.0
834	1.0	0.0	0.0	0.0	0.3330000000000002	2.667	0.0
835	1.0	3.0	0.0	3.0	4.068	7.9319999999999995	3.0
836	2.0	3.0	0.0	1.0	3.0	6.0	1.0
837	2.0	3.0	2.0	3.0	1.6660000000000004	7.334	3.0
838	1.0	5.0	0.0	0.0	2.3340000000000005	9.666	0.0
839	3.0	4.0	2.0	2.0	5.7330000000000005	12.267	3.0
840	1.0	6.0	1.0	4.0	2.6670000000000007	12.332999999999998	3.0
841	3.0	4.0	1.0	2.0	3.0010000000000003	8.998999999999999	2.0
842	3.0	7.0	3.0	3.0	5.402000000000001	15.597999999999999	4.0
843	3.0	4.0	2.0	3.0	4.333	10.667	3.0
844	0.0	1.0	0.0	0.0	0.6680000000000001	2.332	0.0
845	1.0	7.0	1.0	4.0	4.666	13.334	4.0
846	0.0	1.0	0.0	1.0	0.3330000000000002	2.667	1.0
847	0.0	4.0	0.0	2.0	2.0010000000000003	6.999	2.0
848	1.0	2.0	1.0	2.0	1.3330000000000002	4.667	2.0
849	1.0	3.0	1.0	2.0	1.3320000000000007	10.668	3.0
850	2.0	5.0	2.0	2.0	4.666	13.334	3.0
851	3.0	4.0	2.0	3.0	5.333	12.667	4.0
852	2.0	1.0	1.0	0.0	3.0	6.0	1.0
853	3.0	2.0	2.0	0.0	4.0	8.0	2.0
854	2.0	2.0	0.0	1.0	3.668	8.332	1.0
855	0.0	0.0	0.0	0.0	0.0	0.0	0.0
856	2.0	0.0	2.0	0.0	0.6660000000000004	5.334	2.0
857	4.0	0.0	4.0	0.0	4.0	8.0	4.0
858	4.0	0.0	4.0	0.0	2.668	6.332	3.0
859	1.0	0.0	1.0	0.0	0.3330000000000002	2.667	1.0
860	1.0	1.0	0.0	1.0	1.0010000000000003	4.999	1.0
861	0.0	1.0	0.0	0.0	1.0	2.0	0.0
862	2.0	0.0	1.0	0.0	1.6680000000000001	4.332	1.0
863	3.0	4.0	2.0	3.0	4.333	10.667	3.0
864	2.0	2.0	2.0	1.0	3.068	5.932	2.0
865	0.0	2.0	0.0	2.0	0.3330000000000002	2.667	1.0
866	3.0	2.0	2.0	2.0	1.3340000000000005	7.6659999999999995	2.0
867	2.0	2.0	1.0	2.0	2.6660000000000004	9.334	3.0
868	1.0	3.0	1.0	3.0	1.6660000000000004	7.334	3.0
869	2.0	1.0	0.0	1.0	0.9990000000000006	8.001	1.0
870	2.0	2.0	1.0	2.0	2.333	6.667	2.0
871	1.0	3.0	0.0	3.0	2.333	6.667	2.0
872	2.0	2.0	0.0	1.0	3.0	6.0	1.0
873	2.0	5.0	2.0	1.0	4.336	10.664	3.0
874	0.0	0.0	0.0	0.0	0.0	0.0	0.0
875	1.0	3.0	0.0	3.0	2.333	6.667	2.0
876	1.0	1.0	1.0	1.0	1.6680000000000001	4.332	2.0
877	1.0	3.0	1.0	1.0	3.0010000000000003	8.998999999999999	2.0
878	1.0	3.0	1.0	2.0	3.0	6.0	2.0
879	1.0	0.0	1.0	0.0	1.0	2.0	1.0
880	1.0	2.0	1.0	2.0	3.0	6.0	3.0
881	2.0	3.0	1.0	2.0	5.0	10.0	3.0
882	1.0	0.0	0.0	0.0	0.3330000000000002	2.667	0.0
883	2.0	1.0	0.0	1.0	3.0	6.0	1.0
884	2.0	3.0	1.0	2.0	3.0	6.0	2.0
885	0.0	1.0	0.0	1.0	0.3330000000000002	2.667	1.0
886	0.0	1.0	0.0	1.0	0.6680000000000001	2.332	1.0
887	0.0	2.0	0.0	2.0	1.6680000000000001	4.332	2.0
888	1.0	3.0	1.0	2.0	1.9990000000000006	10.001	3.0
889	1.0	2.0	1.0	1.0	1.0010000000000003	4.999	1.0
890	1.0	1.0	0.0	0.0	2.4	3.6	0.0
891	1.0	0.0	1.0	0.0	0.3330000000000002	2.667	1.0
892	1.0	0.0	1.0	0.0	1.0	2.0	1.0
893	1.0	0.0	0.0	0.0	1.0	2.0	0.0
894	0.0	1.0	0.0	1.0	1.0	2.0	1.0
895	0.0	0.0	0.0	0.0	0.0	0.0	0.0
896	0.0	0.0	0.0	0.0	0.0	0.0	0.0
897	1.0	2.0	1.0	2.0	1.0	2.0	1.0
898	0.0	2.0	0.0	0.0	0.0	3.0	0.0
899	1.0	1.0	1.0	1.0	1.0010000000000003	4.999	2.0
900	0.0	0.0	0.0	0.0	0.0	0.0	0.0
901	3.0	2.0	2.0	2.0	3.333	8.667	3.0
902	1.0	2.0	0.0	1.0	1.6660000000000004	7.334	1.0
903	0.0	2.0	0.0	1.0	2.0	4.0	1.0
904	4.0	1.0	3.0	1.0	4.0	8.0	3.0
905	1.0	4.0	1.0	3.0	2.6660000000000004	9.334	3.0
906	1.0	4.0	1.0	3.0	4.333	10.667	4.0
907	4.0	2.0	2.0	1.0	4.333	10.667	2.0
908	2.0	3.0	1.0	2.0	2.6660000000000004	9.334	3.0
909	0.0	5.0	0.0	3.0	1.6670000000000007	10.332999999999998	3.0
910	2.0	1.0	2.0	1.0	1.3340000000000005	7.6659999999999995	3.0
911	1.0	2.0	1.0	1.0	2.4	3.6	1.0
912	4.0	0.0	4.0	0.0	3.668	8.332	4.0
913	2.0	3.0	1.0	2.0	2.6660000000000004	9.334	3.0
914	0.0	0.0	0.0	0.0	0.0	0.0	0.0
915	3.0	3.0	2.0	2.0	3.333	8.667	2.0
916	3.0	3.0	2.0	2.0	4.333	10.667	3.0
917	2.0	2.0	2.0	2.0	1.0010000000000003	4.999	2.0
918	3.0	1.0	1.0	0.0	4.0	8.0	1.0
919	1.0	0.0	0.0	0.0	0.3330000000000002	2.667	0.0
920	2.0	0.0	2.0	0.0	2.0	4.0	2.0
921	1.0	2.0	1.0	2.0	0.3330000000000002	2.667	1.0
922	1.0	1.0	1.0	1.0	1.0	2.0	1.0
923	1.0	2.0	0.0	1.0	1.6660000000000004	7.334	1.0
924	2.0	2.0	1.0	2.0	1.6660000000000004	7.334	2.0
925	2.0	1.0	1.0	1.0	2.333	6.667	2.0
926	0.0	2.0	0.0	2.0	1.6680000000000001	4.332	2.0
927	1.0	1.0	1.0	1.0	2.0	4.0	2.0
928	1.0	4.0	1.0	4.0	2.333	6.667	3.0
929	1.0	4.0	1.0	2.0	2.668	6.332	2.0
930	1.0	3.0	1.0	2.0	2.333	6.667	2.0
931	1.0	6.0	1.0	6.0	3.333	8.667	4.0
932	3.0	2.0	2.0	2.0	3.6660000000000004	11.334	4.0
933	1.0	2.0	1.0	1.0	1.6660000000000004	7.334	2.0
934	2.0	3.0	1.0	2.0	3.333	8.667	3.0
935	3.0	3.0	1.0	2.0	3.0010000000000003	8.998999999999999	2.0
936	1.0	3.0	0.0	2.0	3.333	8.667	2.0
937	1.0	1.0	0.0	1.0	1.3330000000000002	4.667	1.0
938	2.0	3.0	0.0	3.0	3.6660000000000004	11.334	3.0
939	0.0	1.0	0.0	1.0	0.3330000000000002	2.667	1.0
940	2.0	3.0	2.0	1.0	5.0	10.0	3.0
941	0.0	2.0	0.0	2.0	0.3330000000000002	2.667	1.0
942	1.0	2.0	1.0	2.0	1.0	2.0	1.0
943	2.0	5.0	1.0	4.0	3.6660000000000004	11.334	3.0
944	2.0	4.0	1.0	4.0	1.6660000000000004	7.334	2.0
945	1.0	1.0	0.0	1.0	1.3330000000000002	4.667	1.0
946	3.0	3.0	1.0	2.0	2.665000000000001	15.334999999999999	3.0
947	2.0	2.0	1.0	2.0	2.333	6.667	2.0
948	1.0	2.0	1.0	2.0	1.6660000000000004	7.334	3.0
949	4.0	2.0	2.0	2.0	4.666	13.334	4.0
950	0.0	0.0	0.0	0.0	0.0	0.0	0.0
951	2.0	6.0	2.0	4.0	3.3340000000000005	11.666	3.0
952	2.0	6.0	1.0	5.0	4.666	13.334	4.0
953	1.0	3.0	1.0	1.0	1.3330000000000002	4.667	1.0
954	4.0	3.0	3.0	3.0	4.333	10.667	4.0
955	3.0	2.0	2.0	1.0	2.3360000000000003	6.664	2.0
956	1.0	4.0	1.0	3.0	1.3320000000000007	10.668	3.0
957	1.0	6.0	1.0	4.0	2.668000000000001	15.332	4.0
958	2.0	2.0	0.0	2.0	2.333	6.667	1.0
959	2.0	0.0	1.0	0.0	1.6680000000000001	4.332	1.0
960	3.0	3.0	1.0	2.0	4.0	8.0	2.0
961	3.0	1.0	2.0	1.0	3.0	6.0	2.0
962	1.0	7.0	1.0	4.0	4.9990000000000006	16.000999999999998	4.0
963	2.0	2.0	1.0	1.0	1.3330000000000002	4.667	1.0
964	3.0	1.0	3.0	1.0	4.133	7.866999999999999	4.0
965	3.0	2.0	2.0	2.0	1.6660000000000004	7.334	2.0
966	2.0	5.0	0.0	4.0	3.3320000000000007	14.668	4.0
967	2.0	4.0	2.0	3.0	3.333	8.667	3.0
968	3.0	3.0	1.0	2.0	4.136	7.864	2.0
969	0.0	6.0	0.0	6.0	2.3360000000000003	6.664	3.0
970	0.0	4.0	0.0	3.0	2.333	6.667	2.0
971	0.0	2.0	0.0	1.0	1.3330000000000002	4.667	1.0
972	2.0	3.0	0.0	2.0	0.9990000000000006	11.001	2.0
973	2.0	4.0	2.0	1.0	2.3340000000000005	9.666	2.0
974	1.0	4.0	0.0	3.0	2.000000000000001	12.999999999999998	3.0
975	2.0	1.0	1.0	1.0	2.0	4.0	1.0
976	3.0	1.0	2.0	0.0	3.0660000000000003	8.934	2.0
977	2.0	4.0	2.0	4.0	3.333	8.667	4.0
978	2.0	3.0	1.0	2.0	2.9990000000000006	12.001	3.0
979	1.0	4.0	1.0	0.0	1.9990000000000006	10.001	1.0
980	3.0	5.0	2.0	4.0	2.3320000000000007	12.668	4.0
981	2.0	4.0	1.0	2.0	2.000000000000001	13.0	3.0
982	3.0	2.0	2.0	2.0	4.0	8.0	3.0
983	2.0	4.0	1.0	3.0	3.6660000000000004	11.334	3.0
984	2.0	5.0	1.0	3.0	3.3340000000000005	11.666	3.0
985	2.0	3.0	0.0	1.0	4.0	8.0	1.0
986	3.0	2.0	3.0	1.0	3.333	8.667	3.0
987	3.0	2.0	3.0	2.0	4.0	8.0	4.0
988	3.0	5.0	2.0	1.0	4.667000000000001	16.333	3.0
989	2.0	1.0	0.0	0.0	2.0	4.0	0.0
990	2.0	3.0	2.0	2.0	2.333	6.667	2.0
991	2.0	2.0	1.0	2.0	1.3330000000000002	4.667	1.0
992	4.0	2.0	3.0	2.0	4.333	10.667	4.0
993	3.0	3.0	2.0	2.0	4.333	10.667	3.0
994	2.0	2.0	1.0	2.0	2.333	6.667	2.0
995	4.0	0.0	3.0	0.0	4.068	7.9319999999999995	3.0
996	2.0	2.0	2.0	1.0	3.0	6.0	2.0
997	4.0	0.0	2.0	0.0	4.0	8.0	2.0
998	1.0	0.0	0.0	0.0	1.4	1.6	0.0
999	0.0	4.0	0.0	2.0	1.6670000000000007	10.332999999999998	2.0
1000	3.0	0.0	3.0	0.0	2.0040000000000004	6.9959999999999996	3.0
1001	3.0	2.0	2.0	2.0	2.333	6.667	2.0
1002	1.0	0.0	0.0	0.0	0.3330000000000002	2.667	0.0
1003	2.0	2.0	1.0	1.0	1.3320000000000007	10.668	2.0
1004	2.0	1.0	2.0	1.0	1.3340000000000005	7.6659999999999995	3.0
1005	0.0	1.0	0.0	1.0	0.3330000000000002	2.667	1.0
1006	1.0	4.0	1.0	4.0	2.333	6.667	3.0
1007	0.0	3.0	0.0	1.0	1.6660000000000004	7.334	1.0
1008	6.0	0.0	1.0	0.0	3.668	8.332	1.0
1009	2.0	2.0	1.0	0.0	1.3320000000000007	10.668	1.0
1010	3.0	1.0	2.0	1.0	1.3320000000000007	10.668	3.0
1011	4.0	1.0	2.0	1.0	5.4	9.6	3.0
1012	3.0	3.0	2.0	0.0	5.0	10.0	2.0
1013	2.0	2.0	1.0	1.0	4.0	8.0	2.0
1014	2.0	4.0	0.0	2.0	4.333	10.667	2.0
1015	3.0	3.0	2.0	1.0	4.068	10.931999999999999	3.0
1016	0.0	0.0	0.0	0.0	0.0	0.0	0.0
1017	3.0	3.0	2.0	2.0	4.736000000000001	10.264	3.0
1018	3.0	4.0	3.0	3.0	2.3340000000000005	9.666	3.0
1019	2.0	5.0	2.0	4.0	3.6660000000000004	11.334	4.0
1020	3.0	1.0	3.0	1.0	1.3320000000000007	10.668	4.0
1021	1.0	1.0	1.0	0.0	2.0	4.0	1.0
1022	1.0	1.0	1.0	1.0	1.3330000000000002	4.667	2.0
1023	1.0	1.0	0.0	1.0	0.6660000000000004	5.334	1.0
1024	3.0	0.0	1.0	0.0	3.0	6.0	1.0
1025	2.0	1.0	1.0	1.0	2.333	6.667	2.0
1026	2.0	1.0	1.0	1.0	2.333	6.667	2.0
1027	2.0	0.0	1.0	0.0	1.6680000000000001	4.332	1.0
1028	2.0	1.0	2.0	0.0	1.6660000000000004	7.334	2.0
1029	1.0	0.0	0.0	0.0	0.3330000000000002	2.667	0.0
1030	1.0	1.0	1.0	1.0	1.3330000000000002	4.667	2.0
1031	0.0	3.0	0.0	1.0	1.6660000000000004	7.334	1.0
1032	2.0	0.0	1.0	0.0	1.6680000000000001	4.332	1.0
1033	1.0	1.0	0.0	1.0	0.6660000000000004	5.334	1.0
1034	2.0	2.0	2.0	2.0	1.3330000000000002	4.667	2.0
1035	3.0	3.0	2.0	3.0	2.0010000000000003	6.999	2.0
1036	2.0	1.0	1.0	1.0	1.6660000000000004	7.334	2.0
1037	4.0	2.0	4.0	2.0	3.333	8.667	4.0
1038	3.0	1.0	2.0	1.0	1.6660000000000004	7.334	2.0
1039	3.0	2.0	1.0	0.0	3.6660000000000004	11.334	1.0
1040	2.0	1.0	1.0	1.0	1.3330000000000002	4.667	1.0
1041	3.0	1.0	3.0	0.0	1.6670000000000007	10.332999999999998	3.0
1042	3.0	2.0	2.0	2.0	3.736	8.264	3.0
1043	1.0	1.0	0.0	1.0	1.3330000000000002	4.667	1.0
1044	2.0	1.0	2.0	1.0	1.0	2.0	1.0
1045	3.0	1.0	2.0	0.0	3.0	6.0	2.0
1046	1.0	1.0	1.0	1.0	1.3330000000000002	4.667	2.0
1047	1.0	0.0	1.0	0.0	1.0	2.0	1.0
1048	1.0	0.0	1.0	0.0	1.0	2.0	1.0
1049	0.0	0.0	0.0	0.0	0.0	0.0	0.0
1050	1.0	2.0	1.0	1.0	3.0	6.0	2.0
1051	1.0	0.0	0.0	0.0	1.0	2.0	0.0
1052	3.0	2.0	1.0	2.0	3.333	8.667	2.0
1053	3.0	2.0	3.0	1.0	2.3340000000000005	9.666	3.0
1054	3.0	0.0	3.0	0.0	1.6680000000000001	4.332	2.0
1055	2.0	2.0	2.0	1.0	3.468	8.532	3.0
1056	2.0	3.0	2.0	2.0	3.3360000000000003	8.664	3.0
1057	3.0	3.0	1.0	2.0	3.333	8.667	2.0
1058	4.0	3.0	2.0	3.0	4.333	10.667	3.0
1059	4.0	1.0	1.0	1.0	4.468	7.532	2.0
1060	1.0	3.0	0.0	2.0	4.4	7.6	2.0
1061	0.0	0.0	0.0	0.0	0.0	0.0	0.0
1062	0.0	0.0	0.0	0.0	0.0	0.0	0.0
1063	0.0	0.0	0.0	0.0	0.0	0.0	0.0
1064	0.0	0.0	0.0	0.0	0.0	0.0	0.0
1065	0.0	0.0	0.0	0.0	0.0	0.0	0.0
1066	1.0	5.0	1.0	3.0	4.333	10.667	3.0
1067	1.0	6.0	0.0	2.0	2.333000000000001	15.666999999999998	2.0
1068	0.0	1.0	0.0	1.0	1.0	2.0	1.0
1069	2.0	4.0	1.0	3.0	3.333	8.667	3.0
1070	2.0	4.0	2.0	1.0	4.333	10.667	3.0
1071	1.0	4.0	1.0	4.0	0.9990000000000006	8.001	3.0
1072	2.0	0.0	1.0	0.0	2.0	4.0	1.0
1073	1.0	5.0	0.0	2.0	2.6660000000000004	9.334	2.0
1074	2.0	2.0	1.0	1.0	3.333	8.667	2.0
1075	2.0	4.0	0.0	3.0	3.6690000000000005	11.331	3.0
1076	1.0	3.0	1.0	2.0	2.736	6.263999999999999	2.0
1077	1.0	4.0	1.0	3.0	1.6660000000000004	7.334	2.0
1078	3.0	1.0	1.0	1.0	4.0	8.0	2.0
1079	0.0	4.0	0.0	2.0	1.9990000000000006	10.001	2.0
1080	2.0	3.0	1.0	2.0	4.333	10.667	3.0
1081	4.0	5.0	2.0	3.0	4.9990000000000006	16.000999999999998	4.0
1082	1.0	3.0	1.0	2.0	1.6660000000000004	7.334	2.0
1083	3.0	3.0	2.0	3.0	3.333	8.667	3.0
1084	2.0	1.0	2.0	1.0	2.4	3.6	2.0
1085	3.0	0.0	1.0	0.0	3.0	6.0	1.0
1086	2.0	7.0	1.0	6.0	5.001	12.999	4.0
1087	2.0	0.0	2.0	0.0	2.0	4.0	2.0
1088	2.0	2.0	0.0	2.0	2.333	6.667	1.0
1089	2.0	0.0	2.0	0.0	0.6660000000000004	5.334	2.0
1090	2.0	2.0	1.0	1.0	1.3330000000000002	4.667	1.0
1091	3.0	3.0	1.0	1.0	4.336	10.664	2.0
1092	2.0	2.0	1.0	1.0	1.3320000000000007	10.668	2.0
1093	0.0	0.0	0.0	0.0	0.0	0.0	0.0
1094	3.0	2.0	3.0	2.0	2.6690000000000005	9.331	4.0
1095	1.0	3.0	1.0	1.0	1.6660000000000004	7.334	1.0
1096	2.0	1.0	2.0	1.0	1.6660000000000004	7.334	3.0
1097	0.0	0.0	0.0	0.0	0.0	0.0	0.0
1098	1.0	0.0	1.0	0.0	0.3330000000000002	2.667	1.0
1099	1.0	3.0	1.0	2.0	4.0	8.0	3.0
1100	2.0	1.0	1.0	1.0	1.0010000000000003	4.999	1.0
1101	2.0	0.0	1.0	0.0	2.0	4.0	1.0
1102	1.0	2.0	1.0	2.0	2.3360000000000003	6.664	3.0
1103	4.0	0.0	3.0	0.0	4.0	8.0	3.0
1104	1.0	4.0	1.0	3.0	2.6660000000000004	9.334	3.0
1105	4.0	0.0	3.0	0.0	4.0	8.0	3.0
1106	2.0	0.0	1.0	0.0	0.6660000000000004	5.334	1.0
1107	0.0	0.0	0.0	0.0	0.0	0.0	0.0
1108	1.0	0.0	1.0	0.0	1.0	2.0	1.0
1109	2.0	0.0	1.0	0.0	0.6660000000000004	5.334	1.0
1110	2.0	0.0	2.0	0.0	0.6660000000000004	5.334	2.0
1111	1.0	0.0	1.0	0.0	0.3330000000000002	2.667	1.0
1112	2.0	0.0	2.0	0.0	1.3360000000000003	4.664	2.0
1113	2.0	0.0	2.0	0.0	2.0	4.0	2.0
1114	1.0	0.0	1.0	0.0	0.3330000000000002	2.667	1.0
1115	2.0	0.0	0.0	0.0	2.0	4.0	0.0
1116	2.0	1.0	1.0	1.0	3.0	6.0	2.0
1117	3.0	0.0	2.0	0.0	3.068	5.932	2.0
1118	2.0	1.0	1.0	0.0	3.133	5.866999999999999	1.0
1119	0.0	0.0	0.0	0.0	0.0	0.0	0.0
1120	3.0	0.0	2.0	0.0	3.4	5.6	2.0
1121	2.0	0.0	0.0	0.0	0.6660000000000004	5.334	0.0
1122	3.0	0.0	1.0	0.0	3.0	6.0	1.0
1123	3.0	1.0	2.0	1.0	0.9990000000000006	8.001	2.0
1124	0.0	3.0	0.0	3.0	2.0040000000000004	6.9959999999999996	3.0
1125	2.0	0.0	1.0	0.0	0.6660000000000004	5.334	1.0
1126	2.0	4.0	1.0	1.0	4.333	10.667	1.0
1127	3.0	0.0	3.0	0.0	3.0	6.0	3.0
1128	2.0	0.0	0.0	0.0	2.0	4.0	0.0
1129	2.0	0.0	0.0	0.0	2.0	4.0	0.0
1130	2.0	1.0	2.0	1.0	3.0	6.0	3.0
1131	3.0	3.0	2.0	2.0	4.333	10.667	3.0
1132	1.0	1.0	0.0	0.0	0.6660000000000004	5.334	0.0
1133	2.0	3.0	1.0	2.0	4.668	10.332	3.0
1134	4.0	3.0	3.0	2.0	2.9990000000000006	12.001	3.0
1135	2.0	0.0	1.0	0.0	2.0	4.0	1.0
1136	1.0	2.0	0.0	2.0	3.0	6.0	2.0
1137	0.0	2.0	0.0	2.0	0.6660000000000004	5.334	2.0
1138	1.0	0.0	0.0	0.0	1.0	2.0	0.0
1139	2.0	2.0	2.0	2.0	1.3330000000000002	4.667	2.0
1140	2.0	0.0	1.0	0.0	0.6660000000000004	5.334	1.0
1141	3.0	0.0	2.0	0.0	3.4	5.6	2.0
1142	1.0	2.0	1.0	1.0	3.0	6.0	2.0
1143	0.0	1.0	0.0	1.0	1.4	1.6	1.0
1144	3.0	4.0	2.0	1.0	3.333	8.667	2.0
1145	3.0	0.0	3.0	0.0	3.0	6.0	3.0
1146	1.0	0.0	1.0	0.0	0.3330000000000002	2.667	1.0
1147	0.0	1.0	0.0	1.0	0.6680000000000001	2.332	1.0
1148	1.0	3.0	1.0	2.0	0.6660000000000004	8.334	2.0
1149	1.0	0.0	0.0	0.0	0.3330000000000002	2.667	0.0
1150	1.0	0.0	1.0	0.0	0.6680000000000001	2.332	1.0
1151	3.0	1.0	1.0	1.0	4.136	7.863999999999999	2.0
1152	0.0	3.0	0.0	3.0	1.6660000000000004	7.334	3.0
1153	2.0	1.0	1.0	0.0	0.9990000000000006	8.001	1.0
1154	1.0	3.0	1.0	2.0	1.3330000000000002	4.667	1.0
1155	2.0	0.0	2.0	0.0	2.0	4.0	2.0
1156	2.0	2.0	2.0	2.0	2.0	4.0	2.0
1157	1.0	2.0	0.0	2.0	1.3330000000000002	4.667	1.0
1158	1.0	1.0	0.0	1.0	0.6660000000000004	5.334	1.0
1159	4.0	0.0	2.0	0.0	4.0	8.0	2.0
1160	2.0	1.0	1.0	1.0	1.3330000000000002	4.667	1.0
1161	2.0	0.0	2.0	0.0	0.6680000000000001	2.332	1.0
1162	1.0	1.0	0.0	1.0	2.0	4.0	1.0
1163	2.0	0.0	0.0	0.0	2.4	3.6	0.0
1164	1.0	2.0	1.0	1.0	2.668	6.332	2.0
1165	2.0	0.0	1.0	0.0	2.0	4.0	1.0
1166	1.0	2.0	1.0	1.0	0.9990000000000006	8.001	2.0
1167	4.0	0.0	3.0	0.0	4.0	8.0	3.0
1168	2.0	0.0	1.0	0.0	2.0	4.0	1.0
1169	2.0	1.0	2.0	1.0	3.0	6.0	3.0
1170	1.0	2.0	0.0	1.0	1.3340000000000005	7.6659999999999995	1.0
1171	4.0	1.0	3.0	1.0	4.333	10.667	4.0
1172	2.0	1.0	2.0	1.0	1.3330000000000002	4.667	2.0
1173	2.0	0.0	0.0	0.0	0.6660000000000004	5.334	0.0
1174	2.0	2.0	2.0	2.0	3.8	5.2	3.0
1175	1.0	3.0	1.0	2.0	1.3320000000000007	10.668	3.0
1176	3.0	0.0	1.0	0.0	3.4	5.6	1.0
1177	1.0	1.0	1.0	1.0	0.6660000000000004	5.334	2.0
1178	1.0	0.0	1.0	0.0	1.0	2.0	1.0
1179	3.0	1.0	2.0	1.0	3.0040000000000004	8.995999999999999	3.0
1180	1.0	0.0	1.0	0.0	1.4	1.6	1.0
1181	1.0	1.0	1.0	1.0	1.4	1.6	1.0
1182	1.0	0.0	1.0	0.0	1.0	2.0	1.0
1183	2.0	1.0	2.0	1.0	1.6680000000000001	4.332	2.0
1184	0.0	0.0	0.0	0.0	0.0	0.0	0.0
1185	1.0	4.0	1.0	4.0	1.3340000000000005	7.6659999999999995	3.0
1186	0.0	3.0	0.0	1.0	1.6660000000000004	7.334	1.0
1187	2.0	2.0	0.0	2.0	1.6660000000000004	7.334	1.0
1188	2.0	0.0	2.0	0.0	0.6660000000000004	5.334	2.0
1189	0.0	0.0	0.0	0.0	0.0	0.0	0.0
1190	3.0	0.0	2.0	0.0	3.0	6.0	2.0
1191	6.0	0.0	5.0	0.0	4.468	7.532	3.0
1192	3.0	1.0	3.0	1.0	4.068	7.932	4.0
1193	1.0	0.0	1.0	0.0	1.0	2.0	1.0
1194	2.0	0.0	1.0	0.0	2.0	4.0	1.0
1195	3.0	0.0	3.0	0.0	3.0	6.0	3.0
1196	4.0	0.0	1.0	0.0	4.0	8.0	1.0
1197	1.0	1.0	0.0	1.0	0.6660000000000004	5.334	1.0
1198	1.0	1.0	1.0	1.0	0.3330000000000002	5.667	2.0
1199	2.0	0.0	2.0	0.0	2.0	4.0	2.0
1200	3.0	0.0	3.0	0.0	3.0	6.0	3.0
1201	4.0	1.0	2.0	1.0	4.668	10.332	3.0
1202	2.0	1.0	2.0	1.0	2.0	4.0	2.0
1203	1.0	0.0	1.0	0.0	0.3330000000000002	2.667	1.0
1204	0.0	0.0	0.0	0.0	0.0	0.0	0.0
1205	1.0	0.0	1.0	0.0	0.3330000000000002	2.667	1.0
1206	3.0	0.0	2.0	0.0	3.0	6.0	2.0
1207	0.0	3.0	0.0	2.0	1.6690000000000005	7.3309999999999995	2.0
1208	0.0	2.0	0.0	2.0	0.6660000000000004	5.334	2.0
1209	2.0	4.0	2.0	3.0	3.333	8.667	3.0
1210	3.0	3.0	2.0	3.0	3.0010000000000003	8.998999999999999	3.0
1211	3.0	0.0	2.0	0.0	3.0	6.0	2.0
1212	2.0	1.0	0.0	0.0	2.0	4.0	0.0
1213	3.0	4.0	3.0	4.0	5.0	10.0	5.0
1214	2.0	4.0	1.0	3.0	4.333	10.667	3.0
1215	1.0	2.0	1.0	2.0	0.6660000000000004	5.334	2.0
1216	0.0	2.0	0.0	2.0	1.0	2.0	1.0
1217	1.0	2.0	1.0	1.0	0.9990000000000006	8.001	2.0
1218	2.0	2.0	2.0	2.0	2.4	3.6	2.0
1219	2.0	1.0	2.0	1.0	2.0	4.0	2.0
1220	2.0	1.0	2.0	1.0	2.4010000000000002	6.599	3.0
1221	3.0	3.0	2.0	1.0	5.0	10.0	3.0
1222	0.0	0.0	0.0	0.0	0.0	0.0	0.0
1223	3.0	2.0	1.0	2.0	3.3360000000000003	8.664	2.0
1224	2.0	2.0	2.0	1.0	1.3320000000000007	10.668	3.0
1225	4.0	0.0	3.0	0.0	4.0	8.0	3.0
1226	2.0	1.0	1.0	0.0	0.6660000000000004	5.334	1.0
1227	3.0	0.0	0.0	0.0	1.6680000000000001	4.332	0.0
1228	1.0	1.0	0.0	1.0	1.3330000000000002	4.667	1.0
1229	0.0	5.0	0.0	3.0	1.3320000000000007	10.668	3.0
1230	1.0	2.0	1.0	2.0	0.9990000000000006	8.001	3.0
1231	0.0	2.0	0.0	1.0	0.6660000000000004	5.334	1.0
1232	2.0	4.0	2.0	4.0	2.0020000000000007	9.998	4.0
1233	3.0	2.0	1.0	2.0	3.333	8.667	2.0
1234	1.0	4.0	1.0	1.0	2.6660000000000004	9.334	1.0
1235	1.0	0.0	1.0	0.0	0.3330000000000002	2.667	1.0
1236	0.0	0.0	0.0	0.0	0.0	0.0	0.0
1237	2.0	0.0	1.0	0.0	1.6680000000000001	4.332	1.0
1238	1.0	5.0	0.0	3.0	4.0	8.0	2.0
1239	2.0	0.0	0.0	0.0	2.0	4.0	0.0
1240	4.0	2.0	3.0	1.0	1.6660000000000004	7.334	2.0
1241	0.0	0.0	0.0	0.0	0.0	0.0	0.0
1242	1.0	0.0	0.0	0.0	0.3330000000000002	2.667	0.0
1243	3.0	0.0	2.0	0.0	3.0	6.0	2.0
1244	2.0	0.0	1.0	0.0	2.0	4.0	1.0
1245	1.0	3.0	1.0	2.0	2.733	6.2669999999999995	2.0
1246	1.0	0.0	1.0	0.0	0.3330000000000002	2.667	1.0
1247	2.0	4.0	1.0	3.0	2.0010000000000003	9.998999999999999	2.0
1248	3.0	0.0	2.0	0.0	0.9990000000000006	8.001	2.0
1249	4.0	0.0	2.0	0.0	4.0	8.0	2.0
1250	1.0	0.0	0.0	0.0	0.3330000000000002	2.667	0.0
1251	1.0	0.0	0.0	0.0	0.3330000000000002	2.667	0.0
1252	1.0	0.0	1.0	0.0	0.3330000000000002	2.667	1.0
1253	2.0	0.0	0.0	0.0	2.0	4.0	0.0
1254	3.0	0.0	2.0	0.0	3.0	6.0	2.0
1255	1.0	2.0	1.0	2.0	0.6660000000000004	5.334	2.0
1256	2.0	0.0	2.0	0.0	2.0	4.0	2.0
1257	0.0	0.0	0.0	0.0	0.0	0.0	0.0
1258	3.0	0.0	1.0	0.0	3.0	6.0	1.0
1259	2.0	0.0	1.0	0.0	0.6660000000000004	5.334	1.0
1260	1.0	1.0	0.0	1.0	2.0	4.0	1.0
1261	1.0	2.0	0.0	1.0	1.3360000000000003	7.664	1.0
1262	2.0	0.0	1.0	0.0	0.6660000000000004	5.334	1.0
1263	3.0	2.0	1.0	2.0	3.736	8.264	2.0
1264	3.0	0.0	1.0	0.0	3.0	6.0	1.0
1265	4.0	0.0	4.0	0.0	3.068	5.932	3.0
1266	3.0	0.0	2.0	0.0	3.0	6.0	2.0
1267	3.0	1.0	3.0	1.0	3.068	5.932	3.0
1268	3.0	0.0	1.0	0.0	0.9990000000000006	8.001	1.0
1269	2.0	0.0	2.0	0.0	2.0	4.0	2.0
1270	2.0	1.0	0.0	1.0	2.3360000000000003	6.664	1.0
1271	1.0	0.0	1.0	0.0	0.3330000000000002	2.667	1.0
1272	4.0	2.0	3.0	1.0	4.0	8.0	3.0
1273	3.0	0.0	2.0	0.0	0.9990000000000006	8.001	2.0
1274	3.0	4.0	1.0	3.0	5.333	12.667	3.0
1275	3.0	3.0	0.0	1.0	2.333	6.667	1.0
1276	1.0	3.0	0.0	2.0	1.3320000000000007	10.668	2.0
1277	2.0	2.0	0.0	1.0	1.3320000000000007	10.668	1.0
1278	2.0	1.0	1.0	1.0	2.8	6.2	2.0
1279	2.0	0.0	1.0	0.0	2.0	4.0	1.0
1280	2.0	0.0	0.0	0.0	2.4	3.6	0.0
1281	0.0	0.0	0.0	0.0	0.0	0.0	0.0
1282	2.0	0.0	1.0	0.0	2.0	4.0	1.0
1283	3.0	1.0	1.0	1.0	4.0	8.0	2.0
1284	2.0	0.0	0.0	0.0	1.6680000000000001	4.332	0.0
1285	4.0	2.0	3.0	2.0	4.404	10.595999999999998	4.0
1286	3.0	0.0	3.0	0.0	3.0	6.0	3.0
1287	3.0	1.0	2.0	0.0	4.0	8.0	2.0
1288	0.0	0.0	0.0	0.0	0.0	0.0	0.0
1289	2.0	0.0	0.0	0.0	2.8	3.2	0.0
1290	2.0	0.0	2.0	0.0	1.6680000000000001	4.332	2.0
1291	3.0	0.0	2.0	0.0	0.9990000000000006	8.001	2.0
1292	2.0	5.0	2.0	3.0	4.335000000000001	16.665	5.0
1293	2.0	0.0	1.0	0.0	2.0	4.0	1.0
1294	1.0	0.0	0.0	0.0	0.3330000000000002	2.667	0.0
1295	1.0	4.0	0.0	2.0	1.3320000000000007	10.668	2.0
1296	2.0	2.0	2.0	2.0	1.3330000000000002	4.667	2.0
1297	3.0	1.0	2.0	0.0	1.3320000000000007	10.668	2.0
1298	2.0	0.0	1.0	0.0	0.6660000000000004	5.334	1.0
1299	1.0	1.0	1.0	1.0	0.3330000000000002	2.667	1.0
1300	2.0	0.0	1.0	0.0	2.4	3.6	1.0
1301	2.0	2.0	0.0	2.0	2.333	6.667	1.0
1302	1.0	1.0	1.0	1.0	1.3330000000000002	4.667	2.0
1303	3.0	1.0	2.0	0.0	3.8	5.2	2.0
1304	0.0	0.0	0.0	0.0	0.0	0.0	0.0
